800 ,0, 89, '17 22 18 14 17 26 15 14 20 16 12 11 ' ,'0 0 0 0 0 0 0 0 0 0 0 0 ' ,32 ,6 ,8, 8
332 ,122, 302, '193 200 176 163 188 266 216 180 139 132 191 214 ' ,'0 0 0 0 0 0 0 0 0 0 0 0 ' ,131 ,1 ,20, 2
201 ,321, 172, '90 94 74 86 83 80 154 96 49 53 58 34 ' ,'0 0 0 0 0 0 0 0 0 0 0 0 ' ,125 ,1 ,4, 2
216 ,192, 184, '116 122 97 137 131 120 158 109 43 68 43 30 ' ,'0 0 0 0 0 0 0 0 0 0 0 0 ' ,132 ,1 ,13, 2
154 ,206, 133, '104 95 91 93 90 92 102 115 50 55 51 63 ' ,'0 0 0 0 0 0 0 0 0 0 0 0 ' ,65 ,1 ,6, 1
155 ,148, 138, '96 86 85 111 86 124 90 94 48 43 53 54 ' ,'0 0 0 0 0 0 0 0 0 0 0 0 ' ,82 ,1 ,3, 3
259 ,154, 144, '98 101 99 107 104 127 103 103 40 61 65 51 ' ,'0 0 0 0 0 0 0 0 0 0 0 0 ' ,89 ,2 ,4, 1
191 ,250, 171, '140 115 73 109 107 91 124 84 63 67 42 50 ' ,'0 0 0 0 0 0 0 0 0 0 0 0 ' ,101 ,2 ,13, 4
233 ,182, 203, '94 90 124 109 103 97 107 90 44 49 54 65 ' ,'0 0 0 0 0 0 0 0 0 0 0 0 ' ,82 ,1 ,71, 0
277 ,280, 253, '106 88 79 114 98 128 63 98 52 42 46 47 ' ,'0 0 0 0 0 0 0 0 0 0 0 0 ' ,80 ,1 ,117, 0
169 ,261, 146, '103 127 84 92 89 122 77 107 48 98 58 52 ' ,'0 0 0 0 0 0 0 0 0 0 0 0 ' ,84 ,2 ,6, 0
167 ,258, 143, '91 88 99 75 82 78 78 129 55 49 46 52 ' ,'0 0 0 0 0 0 0 0 0 0 0 0 ' ,84 ,1 ,6, 0
146 ,158, 125, '70 107 80 94 96 81 98 86 56 47 47 30 ' ,'0 0 0 0 0 0 0 0 0 0 0 0 ' ,76 ,1 ,8, 1
162 ,140, 141, '79 125 83 91 76 84 95 74 53 47 39 29 ' ,'0 0 0 0 0 0 0 0 0 0 0 0 ' ,93 ,2 ,8, 1
171 ,257, 149, '124 103 91 134 97 124 114 126 80 48 75 75 ' ,'0 0 0 0 0 0 0 0 0 0 0 0 ' ,83 ,2 ,1, 1
198 ,202, 175, '154 78 91 87 108 97 143 96 56 51 49 85 ' ,'0 0 0 0 0 0 0 0 0 0 0 0 ' ,111 ,1 ,1, 0
181 ,190, 163, '117 119 100 90 74 111 131 76 61 43 66 62 ' ,'0 0 0 0 0 0 0 0 0 0 0 0 ' ,107 ,18 ,5, 1
135 ,173, 118, '86 84 80 94 90 93 83 99 47 52 42 56 ' ,'0 0 0 0 0 0 0 0 0 0 0 0 ' ,60 ,2 ,10, 1
144 ,128, 125, '89 76 91 84 81 89 110 92 43 45 61 55 ' ,'0 0 0 0 0 0 0 0 0 0 0 0 ' ,70 ,1 ,7, 1
169 ,132, 144, '122 123 117 109 126 82 123 110 50 71 52 55 ' ,'0 0 0 0 0 0 0 0 0 0 0 0 ' ,83 ,1 ,6, 0
184 ,161, 155, '122 104 121 127 136 102 109 88 59 61 33 43 ' ,'0 0 0 0 0 0 0 0 0 0 0 0 ' ,108 ,2 ,4, 1
188 ,169, 165, '98 112 89 91 79 94 77 103 39 50 47 44 ' ,'0 0 0 0 0 0 0 0 0 0 0 0 ' ,89 ,16 ,31, 0
144 ,209, 117, '84 72 92 102 97 90 91 92 44 49 51 46 ' ,'0 0 0 0 0 0 0 0 0 0 0 0 ' ,62 ,1 ,5, 1
177 ,132, 148, '87 102 71 77 110 89 83 85 58 32 49 57 ' ,'0 0 0 0 0 0 0 0 0 0 0 0 ' ,82 ,2 ,24, 1
148 ,199, 129, '66 96 108 117 71 90 75 112 50 58 35 45 ' ,'0 0 0 0 0 0 0 0 0 0 0 0 ' ,84 ,1 ,3, 1
191 ,142, 168, '91 102 100 152 95 78 116 96 64 32 39 54 ' ,'0 0 0 0 0 0 0 0 0 0 0 0 ' ,122 ,1 ,2, 1
200 ,184, 169, '155 120 154 97 89 118 100 119 38 57 54 64 ' ,'0 0 0 0 0 0 0 0 0 0 0 0 ' ,120 ,1 ,3, 1
146 ,190, 120, '98 93 85 100 105 58 72 99 35 47 47 38 ' ,'0 0 0 0 0 0 0 0 0 0 0 0 ' ,75 ,1 ,2, 1
174 ,158, 147, '91 102 99 94 88 85 112 134 51 49 46 48 ' ,'0 0 0 0 0 0 0 0 0 0 0 0 ' ,86 ,2 ,3, 0
149 ,165, 128, '94 118 92 100 104 73 110 84 55 45 57 60 ' ,'0 0 0 0 0 0 0 0 0 0 0 0 ' ,66 ,2 ,3, 1
150 ,143, 123, '73 89 109 91 71 90 111 82 40 43 56 55 ' ,'0 0 0 0 0 0 0 0 0 0 0 0 ' ,75 ,1 ,4, 0
124 ,138, 103, '72 84 75 76 68 64 84 70 40 48 39 32 ' ,'0 0 0 0 0 0 0 0 0 0 0 0 ' ,57 ,1 ,8, 1
130 ,111, 105, '85 85 78 87 77 97 89 80 38 36 59 39 ' ,'0 0 0 0 0 0 0 0 0 0 0 0 ' ,60 ,1 ,2, 0
179 ,120, 154, '93 115 109 101 93 124 91 103 51 25 73 48 ' ,'0 0 0 0 0 0 0 0 0 0 0 0 ' ,90 ,1 ,20, 1
160 ,205, 132, '108 108 104 119 99 93 108 95 58 58 58 46 ' ,'0 0 0 0 0 0 0 0 0 0 0 0 ' ,73 ,1 ,7, 1
154 ,152, 128, '105 100 110 101 106 105 82 99 60 43 47 44 ' ,'0 0 0 0 0 0 0 0 0 0 0 0 ' ,66 ,1 ,6, 1
160 ,140, 135, '118 76 86 87 101 105 92 93 78 60 62 31 ' ,'0 0 0 0 0 0 0 0 0 0 0 0 ' ,89 ,2 ,6, 0
169 ,147, 144, '88 125 100 102 126 100 118 97 52 48 56 54 ' ,'0 0 0 0 0 0 0 0 0 0 0 0 ' ,79 ,2 ,7, 1
147 ,154, 120, '81 81 96 84 109 93 100 84 45 38 51 44 ' ,'0 0 0 0 0 0 0 0 0 0 0 0 ' ,72 ,1 ,1, 1
127 ,133, 103, '63 67 75 78 79 86 90 72 35 34 27 36 ' ,'0 0 0 0 0 0 0 0 0 0 0 0 ' ,61 ,1 ,10, 1
153 ,187, 114, '80 82 77 75 79 79 89 94 41 39 44 37 ' ,'0 0 0 0 0 0 0 0 0 0 0 0 ' ,63 ,1 ,8, 1
139 ,128, 113, '81 103 103 74 95 86 94 88 50 54 47 44 ' ,'0 0 0 0 0 0 0 0 0 0 0 0 ' ,58 ,1 ,1, 1
142 ,130, 120, '81 74 80 91 88 95 107 74 47 42 40 46 ' ,'0 0 0 0 0 0 0 0 0 0 0 0 ' ,68 ,1 ,6, 0
162 ,133, 138, '95 111 88 97 91 117 112 73 35 50 48 56 ' ,'0 0 0 0 0 0 0 0 0 0 0 0 ' ,81 ,1 ,11, 1
151 ,148, 130, '99 96 90 79 82 117 86 119 62 65 48 43 ' ,'0 0 0 0 0 0 0 0 0 0 0 0 ' ,76 ,2 ,4, 0
166 ,199, 147, '110 71 118 95 125 137 114 105 41 65 44 37 ' ,'0 0 0 0 0 0 0 0 0 0 0 0 ' ,100 ,1 ,6, 1
132 ,156, 114, '75 85 74 83 103 89 96 76 36 59 39 57 ' ,'0 0 0 0 0 0 0 0 0 0 0 0 ' ,68 ,1 ,4, 1
238 ,122, 206, '79 118 98 117 93 104 69 133 60 200 56 70 ' ,'0 0 0 0 0 0 0 0 0 0 0 0 ' ,144 ,1 ,1, 0
186 ,225, 159, '134 106 121 99 143 101 101 103 57 68 40 76 ' ,'0 0 0 0 0 0 0 0 0 0 0 0 ' ,107 ,1 ,6, 1
285 ,170, 256, '247 96 89 75 102 79 80 99 57 36 35 57 ' ,'0 0 0 0 0 0 0 0 0 0 0 0 ' ,213 ,1 ,0, 0
156 ,270, 130, '90 91 106 107 115 84 80 67 51 56 41 48 ' ,'0 0 0 0 0 0 0 0 0 0 0 0 ' ,78 ,1 ,4, 0
179 ,142, 149, '74 118 136 111 128 105 98 120 61 39 40 58 ' ,'0 0 0 0 0 0 0 0 0 0 0 0 ' ,103 ,1 ,4, 0
199 ,164, 174, '82 108 138 110 81 105 100 163 42 50 51 58 ' ,'0 0 0 0 0 0 0 0 0 0 0 0 ' ,121 ,1 ,4, 1
160 ,185, 136, '88 85 125 93 93 101 98 91 79 43 57 55 ' ,'0 0 0 0 0 0 0 0 0 0 0 0 ' ,78 ,1 ,4, 0
149 ,149, 126, '91 115 97 77 81 110 87 90 44 57 36 53 ' ,'0 0 0 0 0 0 0 0 0 0 0 0 ' ,80 ,1 ,4, 0
155 ,136, 130, '97 87 114 113 98 84 107 90 37 49 40 55 ' ,'0 0 0 0 0 0 0 0 0 0 0 0 ' ,79 ,2 ,5, 1
150 ,139, 127, '93 118 93 93 84 83 86 98 46 45 53 70 ' ,'0 0 0 0 0 0 0 0 0 0 0 0 ' ,70 ,1 ,5, 0
147 ,136, 121, '104 102 82 111 81 92 86 78 51 52 41 40 ' ,'0 0 0 0 0 0 0 0 0 0 0 0 ' ,70 ,0 ,4, 0
160 ,134, 136, '103 112 114 96 91 123 101 110 40 47 52 59 ' ,'0 0 0 0 0 0 0 0 0 0 0 0 ' ,84 ,1 ,6, 1
156 ,147, 127, '93 79 95 95 84 100 114 119 41 44 52 31 ' ,'0 0 0 0 0 0 0 0 0 0 0 0 ' ,89 ,1 ,0, 0
136 ,195, 117, '88 96 107 103 79 87 77 89 51 70 72 50 ' ,'0 0 0 0 0 0 0 0 0 0 0 0 ' ,57 ,1 ,3, 1
164 ,125, 144, '122 108 114 98 136 94 90 106 49 59 61 52 ' ,'0 0 0 0 0 0 0 0 0 0 0 0 ' ,85 ,1 ,3, 0
282 ,184, 264, '128 237 119 126 169 110 129 157 85 54 50 41 ' ,'0 0 0 0 0 0 0 0 0 0 0 0 ' ,197 ,2 ,17, 1
174 ,284, 147, '137 105 104 104 98 111 87 92 53 49 34 61 ' ,'0 0 0 0 0 0 0 0 0 0 0 0 ' ,99 ,1 ,6, 0
163 ,157, 137, '111 112 98 92 120 91 88 73 40 46 52 37 ' ,'0 0 0 0 0 0 0 0 0 0 0 0 ' ,87 ,1 ,4, 1
263 ,145, 239, '95 85 120 105 92 106 123 84 46 221 53 55 ' ,'0 0 0 0 0 0 0 0 0 0 0 0 ' ,183 ,1 ,4, 1
233 ,252, 206, '108 159 89 125 183 107 158 137 61 84 42 76 ' ,'0 0 0 0 0 0 0 0 0 0 0 0 ' ,147 ,1 ,7, 0
227 ,214, 206, '191 90 115 124 91 109 112 151 58 73 56 69 ' ,'0 0 0 0 0 0 0 0 0 0 0 0 ' ,136 ,1 ,5, 1
200 ,219, 173, '89 105 88 106 85 107 109 160 73 55 60 50 ' ,'0 0 0 0 0 0 0 0 0 0 0 0 ' ,111 ,1 ,4, 0
197 ,186, 176, '73 106 73 158 78 104 103 105 57 51 46 58 ' ,'0 0 0 0 0 0 0 0 0 0 0 0 ' ,117 ,1 ,5, 0
160 ,187, 137, '112 116 104 109 119 83 97 98 49 60 46 50 ' ,'0 0 0 0 0 0 0 0 0 0 0 0 ' ,79 ,1 ,5, 1
164 ,192, 141, '106 97 113 117 119 115 95 115 64 55 42 84 ' ,'0 0 0 0 0 0 0 0 0 0 0 0 ' ,82 ,1 ,8, 0
177 ,152, 147, '102 95 103 136 114 94 99 107 68 52 47 135 ' ,'0 0 0 0 0 0 0 0 0 0 0 0 ' ,89 ,1 ,1, 0
189 ,205, 164, '102 86 106 134 104 129 113 100 69 35 51 51 ' ,'0 0 0 0 0 0 0 0 0 0 0 0 ' ,94 ,1 ,22, 1
170 ,191, 146, '93 80 88 103 128 100 98 110 58 75 60 53 ' ,'0 0 0 0 0 0 0 0 0 0 0 0 ' ,81 ,1 ,2, 0
813 ,159, 791, '96 108 98 104 138 117 86 120 48 775 129 62 ' ,'0 0 0 0 0 0 0 0 0 0 0 0 ' ,733 ,0 ,3, 0
163 ,846, 143, '99 116 82 113 125 85 101 108 69 39 41 55 ' ,'0 0 0 0 0 0 0 0 0 0 0 0 ' ,92 ,1 ,3, 1
132 ,154, 114, '77 73 92 100 84 93 102 102 36 78 57 47 ' ,'0 0 0 0 0 0 0 0 0 0 0 0 ' ,67 ,1 ,2, 1
152 ,123, 136, '96 123 87 80 90 84 97 77 74 90 63 43 ' ,'0 0 0 0 0 0 0 0 0 0 0 0 ' ,81 ,2 ,5, 0
173 ,146, 157, '71 100 91 104 110 144 110 104 63 60 50 56 ' ,'0 0 0 0 0 0 0 0 0 0 0 0 ' ,94 ,1 ,1, 1
159 ,166, 136, '126 92 100 112 108 83 66 86 48 47 53 70 ' ,'0 0 0 0 0 0 0 0 0 0 0 0 ' ,80 ,1 ,1, 1
155 ,149, 132, '95 103 103 79 109 97 82 72 56 50 46 58 ' ,'0 0 0 0 0 0 0 0 0 0 0 0 ' ,76 ,1 ,3, 0
151 ,146, 129, '92 89 91 102 105 101 91 86 51 46 29 31 ' ,'0 0 0 0 0 0 0 0 0 0 0 0 ' ,87 ,1 ,7, 0
135 ,141, 108, '94 80 68 84 87 94 96 60 49 40 38 37 ' ,'0 0 0 0 0 0 0 0 0 0 0 0 ' ,64 ,1 ,1, 0
118 ,122, 97, '76 88 78 87 77 81 85 69 47 42 34 37 ' ,'0 0 0 0 0 0 0 0 0 0 0 0 ' ,57 ,1 ,1, 1
131 ,107, 112, '102 100 99 79 87 79 82 81 32 46 37 42 ' ,'0 0 0 0 0 0 0 0 0 0 0 0 ' ,70 ,1 ,3, 1
167 ,124, 143, '80 132 98 84 115 93 114 109 56 50 60 53 ' ,'0 0 0 0 0 0 0 0 0 0 0 0 ' ,81 ,1 ,5, 1
257 ,155, 234, '89 100 106 107 89 93 80 93 50 53 68 49 ' ,'0 0 0 0 0 0 0 0 0 0 0 0 ' ,57 ,0 ,1, 1
178 ,257, 149, '97 108 113 101 108 137 97 129 73 66 63 65 ' ,'0 0 0 0 0 0 0 0 0 0 0 0 ' ,76 ,0 ,7, 0
194 ,220, 170, '127 107 99 113 155 101 118 104 77 51 39 61 ' ,'0 0 0 0 0 0 0 0 0 0 0 0 ' ,124 ,2 ,2, 1
142 ,189, 119, '93 107 107 99 98 103 102 94 44 43 68 51 ' ,'0 0 0 0 0 0 0 0 0 0 0 0 ' ,61 ,1 ,1, 0
173 ,128, 152, '97 96 104 107 113 114 95 132 66 65 53 37 ' ,'0 0 0 0 0 0 0 0 0 0 0 0 ' ,97 ,1 ,10, 1
139 ,161, 117, '76 100 86 94 82 99 102 83 48 47 48 67 ' ,'0 0 0 0 0 0 0 0 0 0 0 0 ' ,56 ,1 ,7, 0
134 ,133, 111, '72 78 75 81 90 89 69 89 41 41 37 46 ' ,'0 0 0 0 0 0 0 0 0 0 0 0 ' ,66 ,1 ,4, 0
126 ,122, 100, '71 77 83 78 65 87 67 85 33 44 35 40 ' ,'0 0 0 0 0 0 0 0 0 0 0 0 ' ,56 ,1 ,6, 0
129 ,114, 102, '70 68 83 85 80 83 63 71 43 44 42 42 ' ,'0 0 0 0 0 0 0 0 0 0 0 0 ' ,52 ,0 ,1, 1
149 ,118, 131, '77 81 81 119 98 85 75 72 45 45 28 39 ' ,'0 0 0 0 0 0 0 0 0 0 0 0 ' ,90 ,1 ,0, 0
144 ,137, 126, '85 100 82 118 76 101 83 73 44 47 36 39 ' ,'0 0 0 0 0 0 0 0 0 0 0 0 ' ,77 ,0 ,1, 1
120 ,144, 103, '68 90 83 70 76 78 95 78 43 41 35 37 ' ,'0 0 0 0 0 0 0 0 0 0 0 0 ' ,64 ,2 ,1, 1
133 ,116, 110, '72 82 66 86 78 100 78 74 45 43 52 44 ' ,'0 0 0 0 0 0 0 0 0 0 0 0 ' ,57 ,1 ,3, 0
152 ,123, 130, '90 96 77 91 92 94 80 109 62 40 36 38 ' ,'0 0 0 0 0 0 0 0 0 0 0 0 ' ,82 ,1 ,5, 1
210 ,141, 188, '107 119 93 100 160 87 89 99 44 48 63 52 ' ,'0 0 0 0 0 0 0 0 0 0 0 0 ' ,133 ,1 ,5, 1
151 ,198, 132, '115 94 89 104 95 119 98 107 49 48 56 37 ' ,'0 0 0 0 0 0 0 0 0 0 0 0 ' ,83 ,0 ,7, 1
845 ,144, 148, '99 99 84 102 130 114 106 106 51 55 52 48 ' ,'0 0 0 0 0 0 0 0 0 0 0 0 ' ,92 ,1 ,1, 1
172 ,162, 139, '115 96 113 110 119 95 100 89 59 57 61 44 ' ,'0 0 0 0 0 0 0 0 0 0 0 0 ' ,72 ,1 ,1, 1
176 ,152, 150, '96 112 122 93 123 117 88 94 44 57 56 58 ' ,'0 0 0 0 0 0 0 0 0 0 0 0 ' ,96 ,1 ,2, 1
161 ,164, 139, '115 90 110 91 110 97 116 114 65 60 57 39 ' ,'0 0 0 0 0 0 0 0 0 0 0 0 ' ,78 ,1 ,14, 1
151 ,152, 127, '94 119 103 90 88 97 102 106 48 48 42 49 ' ,'0 0 0 0 0 0 0 0 0 0 0 0 ' ,76 ,1 ,2, 1
157 ,143, 134, '80 115 90 96 114 108 95 97 45 49 37 60 ' ,'0 0 0 0 0 0 0 0 0 0 0 0 ' ,89 ,1 ,2, 1
157 ,149, 132, '99 118 82 89 100 96 82 95 49 63 60 47 ' ,'0 0 0 0 0 0 0 0 0 0 0 0 ' ,72 ,1 ,8, 1
161 ,143, 133, '115 121 111 124 108 84 109 101 47 44 54 58 ' ,'0 0 0 0 0 0 0 0 0 0 0 0 ' ,79 ,1 ,1, 0
160 ,153, 139, '95 93 89 93 92 100 125 88 46 58 53 46 ' ,'0 0 0 0 0 0 0 0 0 0 0 0 ' ,82 ,0 ,8, 0
129 ,153, 106, '79 79 84 92 82 96 83 75 56 34 50 51 ' ,'0 0 0 0 0 0 0 0 0 0 0 0 ' ,60 ,1 ,1, 0
141 ,118, 125, '63 108 73 60 81 83 91 66 64 40 42 36 ' ,'0 0 0 0 0 0 0 0 0 0 0 0 ' ,71 ,1 ,11, 0
138 ,131, 117, '80 92 70 74 85 99 78 109 51 51 48 37 ' ,'0 0 0 0 0 0 0 0 0 0 0 0 ' ,75 ,1 ,1, 1
130 ,128, 115, '62 102 87 65 59 95 81 80 41 32 42 25 ' ,'0 0 0 0 0 0 0 0 0 0 0 0 ' ,77 ,0 ,7, 0
136 ,125, 115, '89 91 85 96 76 87 95 104 51 51 26 54 ' ,'0 0 0 0 0 0 0 0 0 0 0 0 ' ,76 ,1 ,5, 0
187 ,125, 165, '147 98 71 118 95 117 147 106 45 39 55 53 ' ,'0 0 0 0 0 0 0 0 0 0 0 0 ' ,106 ,1 ,10, 1
141 ,175, 114, '93 89 94 102 82 91 86 83 48 52 26 53 ' ,'0 0 0 0 0 0 0 0 0 0 0 0 ' ,77 ,1 ,3, 0
129 ,127, 107, '87 64 92 89 75 77 81 66 36 45 56 66 ' ,'0 0 0 0 0 0 0 0 0 0 0 0 ' ,59 ,2 ,7, 0
141 ,119, 116, '78 90 96 110 96 84 82 84 57 40 42 46 ' ,'0 0 0 0 0 0 0 0 0 0 0 0 ' ,66 ,1 ,4, 1
135 ,132, 112, '104 80 94 85 95 77 99 99 39 29 40 64 ' ,'0 0 0 0 0 0 0 0 0 0 0 0 ' ,71 ,1 ,1, 0
177 ,126, 147, '88 105 125 140 71 108 95 94 53 55 47 44 ' ,'0 0 0 0 0 0 0 0 0 0 0 0 ' ,94 ,1 ,0, 0
194 ,171, 173, '102 121 98 93 149 113 130 106 57 67 52 53 ' ,'0 0 0 0 0 0 0 0 0 0 0 0 ' ,114 ,0 ,1, 1
203 ,189, 178, '126 115 95 99 125 119 108 122 58 38 53 52 ' ,'0 0 0 0 0 0 0 0 0 0 0 0 ' ,97 ,1 ,29, 1
206 ,244, 181, '108 168 116 102 110 125 151 98 76 74 72 62 ' ,'0 0 0 0 0 0 0 0 0 0 0 0 ' ,108 ,1 ,3, 1
182 ,266, 157, '105 82 81 129 74 83 109 108 61 66 63 46 ' ,'0 0 0 0 0 0 0 0 0 0 0 0 ' ,83 ,0 ,23, 0
152 ,206, 130, '82 93 105 105 95 84 78 101 66 45 61 48 ' ,'0 0 0 0 0 0 0 0 0 0 0 0 ' ,72 ,12 ,2, 2
155 ,146, 132, '116 91 92 76 70 107 83 96 54 40 56 41 ' ,'0 0 0 0 0 0 0 0 0 0 0 0 ' ,81 ,1 ,4, 1
155 ,152, 133, '94 118 82 78 98 92 89 64 50 49 40 59 ' ,'0 0 0 0 0 0 0 0 0 0 0 0 ' ,80 ,1 ,9, 1
130 ,155, 109, '77 71 74 94 89 61 86 79 31 42 27 49 ' ,'0 0 0 0 0 0 0 0 0 0 0 0 ' ,71 ,1 ,4, 1
135 ,118, 113, '71 78 77 103 88 85 75 93 45 44 41 39 ' ,'0 0 0 0 0 0 0 0 0 0 0 0 ' ,65 ,1 ,2, 0
138 ,134, 119, '66 74 74 78 81 91 75 83 52 33 46 41 ' ,'0 0 0 0 0 0 0 0 0 0 0 0 ' ,78 ,21 ,1, 1
153 ,131, 131, '95 97 104 95 96 120 111 88 56 52 66 56 ' ,'0 0 0 0 0 0 0 0 0 0 0 0 ' ,71 ,1 ,3, 1
155 ,140, 139, '126 79 75 115 77 101 98 97 50 48 53 46 ' ,'0 0 0 0 0 0 0 0 0 0 0 0 ' ,80 ,1 ,4, 0
190 ,146, 165, '108 76 96 126 124 132 150 71 44 57 82 46 ' ,'0 0 0 0 0 0 0 0 0 0 0 0 ' ,110 ,1 ,8, 0
305 ,181, 285, '160 209 132 97 108 126 125 113 82 63 68 63 ' ,'0 0 0 0 0 0 0 0 0 0 0 0 ' ,148 ,1 ,67, 0
1087 ,292, 396, '95 128 131 381 123 114 144 82 187 58 58 71 ' ,'0 0 0 0 0 0 0 0 0 0 0 0 ' ,320 ,1 ,9, 1
283 ,3523, 254, '151 114 114 224 151 98 66 77 74 84 56 86 ' ,'0 0 0 0 0 0 0 0 0 0 0 0 ' ,169 ,1 ,24, 1
147 ,280, 121, '80 93 101 96 92 73 104 99 41 44 51 56 ' ,'0 0 0 0 0 0 0 0 0 0 0 0 ' ,66 ,1 ,10, 1
152 ,139, 129, '83 102 89 78 97 82 73 81 56 37 38 47 ' ,'0 0 0 0 0 0 0 0 0 0 0 0 ' ,74 ,1 ,9, 0
824 ,145, 111, '90 86 71 90 72 76 100 85 55 43 41 49 ' ,'0 0 0 0 0 0 0 0 0 0 0 0 ' ,60 ,1 ,3, 1
1720 ,634, 146, '92 105 92 75 123 93 83 77 39 51 51 44 ' ,'0 0 0 0 0 0 0 0 0 0 0 0 ' ,97 ,0 ,2, 1
292 ,171, 257, '99 248 98 241 140 92 74 106 58 46 51 68 ' ,'0 0 0 0 0 0 0 0 0 0 0 0 ' ,201 ,1 ,3, 1
166 ,331, 148, '138 102 86 132 109 114 112 116 55 58 71 42 ' ,'0 0 0 0 0 0 0 0 0 0 0 0 ' ,97 ,1 ,4, 0
158 ,165, 138, '120 106 123 106 104 111 98 87 42 54 53 77 ' ,'0 0 0 0 0 0 0 0 0 0 0 0 ' ,88 ,0 ,0, 0
187 ,158, 168, '137 108 147 89 124 97 118 117 52 50 58 53 ' ,'0 0 0 0 0 0 0 0 0 0 0 0 ' ,107 ,1 ,7, 1
167 ,183, 140, '129 75 91 102 109 115 77 134 81 53 59 51 ' ,'0 0 0 0 0 0 0 0 0 0 0 0 ' ,80 ,1 ,2, 1
748 ,158, 725, '125 715 114 129 90 102 132 116 66 49 93 37 ' ,'0 0 0 0 0 0 0 0 0 0 0 0 ' ,675 ,1 ,3, 1
225 ,887, 201, '91 186 114 167 177 110 116 121 52 57 73 79 ' ,'0 0 0 0 0 0 0 0 0 0 0 0 ' ,140 ,1 ,2, 1
183 ,252, 161, '109 105 130 138 131 133 149 152 72 79 66 55 ' ,'0 0 0 0 0 0 0 0 0 0 0 0 ' ,98 ,0 ,1, 1
143 ,182, 119, '93 112 109 88 71 91 85 107 39 57 100 50 ' ,'0 0 0 0 0 0 0 0 0 0 0 0 ' ,72 ,1 ,2, 1
152 ,165, 131, '75 73 118 113 96 97 112 80 45 50 59 50 ' ,'0 0 0 0 0 0 0 0 0 0 0 0 ' ,73 ,1 ,7, 1
151 ,151, 127, '77 93 90 93 101 95 104 87 39 43 42 52 ' ,'0 0 0 0 0 0 0 0 0 0 0 0 ' ,76 ,1 ,5, 1
176 ,147, 152, '103 99 102 100 79 137 120 124 52 37 60 70 ' ,'0 0 0 0 0 0 0 0 0 0 0 0 ' ,100 ,1 ,8, 0
147 ,169, 121, '94 111 99 87 92 80 99 86 51 52 51 57 ' ,'0 0 0 0 0 0 0 0 0 0 0 0 ' ,60 ,1 ,5, 1
140 ,145, 113, '106 75 74 88 92 87 92 84 56 48 60 39 ' ,'0 0 0 0 0 0 0 0 0 0 0 0 ' ,66 ,1 ,2, 0
153 ,134, 127, '96 77 108 88 95 98 79 101 36 60 55 49 ' ,'0 0 0 0 0 0 0 0 0 0 0 0 ' ,75 ,1 ,11, 1
169 ,143, 146, '130 77 96 108 118 114 96 108 76 48 57 80 ' ,'0 0 0 0 0 0 0 0 0 0 0 0 ' ,75 ,0 ,9, 1
187 ,331, 163, '130 90 151 126 98 145 148 92 60 53 61 56 ' ,'0 0 0 0 0 0 0 0 0 0 0 0 ' ,95 ,1 ,2, 1
170 ,177, 138, '94 87 114 129 114 82 108 120 88 62 43 68 ' ,'0 0 0 0 0 0 0 0 0 0 0 0 ' ,87 ,1 ,2, 0
202 ,154, 176, '163 89 113 121 117 116 97 88 54 59 48 54 ' ,'0 0 0 0 0 0 0 0 0 0 0 0 ' ,116 ,1 ,3, 1
183 ,191, 161, '143 90 100 102 110 124 111 78 55 49 64 47 ' ,'0 0 0 0 0 0 0 0 0 0 0 0 ' ,94 ,1 ,13, 1
167 ,175, 151, '96 95 126 126 127 123 138 102 70 53 46 66 ' ,'0 0 0 0 0 0 0 0 0 0 0 0 ' ,94 ,1 ,2, 1
190 ,161, 175, '98 96 125 133 108 133 104 124 68 45 63 79 ' ,'0 0 0 0 0 0 0 0 0 0 0 0 ' ,90 ,1 ,33, 0
162 ,314, 138, '117 124 97 88 80 91 111 109 46 67 42 53 ' ,'0 0 0 0 0 0 0 0 0 0 0 0 ' ,84 ,1 ,7, 0
177 ,161, 154, '112 89 102 103 128 95 76 70 30 41 58 49 ' ,'0 0 0 0 0 0 0 0 0 0 0 0 ' ,112 ,1 ,3, 1
170 ,171, 146, '85 81 85 133 97 79 80 79 60 55 31 49 ' ,'0 0 0 0 0 0 0 0 0 0 0 0 ' ,97 ,0 ,5, 1
401 ,169, 373, '103 94 96 120 108 114 71 118 41 51 49 55 ' ,'0 0 0 0 0 0 0 0 0 0 0 0 ' ,325 ,231 ,1, 1
863 ,396, 163, '84 111 98 105 69 85 99 97 35 60 46 39 ' ,'0 0 0 0 0 0 0 0 0 0 0 0 ' ,117 ,1 ,2, 0
159 ,188, 130, '96 101 97 92 105 80 118 91 45 53 48 46 ' ,'0 0 0 0 0 0 0 0 0 0 0 0 ' ,76 ,0 ,3, 0
164 ,147, 140, '102 97 120 130 104 97 127 123 62 59 66 54 ' ,'0 0 0 0 0 0 0 0 0 0 0 0 ' ,75 ,0 ,4, 1
150 ,346, 127, '97 88 100 119 58 101 80 103 57 31 47 45 ' ,'0 0 0 0 0 0 0 0 0 0 0 0 ' ,73 ,0 ,3, 0
165 ,148, 139, '101 102 114 94 103 105 127 113 57 57 41 49 ' ,'0 0 0 0 0 0 0 0 0 0 0 0 ' ,88 ,1 ,7, 0
176 ,166, 150, '121 118 134 124 108 118 113 89 29 74 58 66 ' ,'0 0 0 0 0 0 0 0 0 0 0 0 ' ,106 ,1 ,8, 0
160 ,165, 142, '122 82 89 89 114 110 95 98 49 42 70 70 ' ,'0 0 0 0 0 0 0 0 0 0 0 0 ' ,80 ,1 ,10, 1
171 ,184, 144, '97 114 99 105 89 129 111 108 83 38 73 49 ' ,'0 0 0 0 0 0 0 0 0 0 0 0 ' ,79 ,1 ,9, 1
175 ,164, 147, '75 111 112 137 98 108 122 98 60 53 65 64 ' ,'0 0 0 0 0 0 0 0 0 0 0 0 ' ,80 ,0 ,2, 0
154 ,165, 137, '103 97 106 114 122 103 101 109 50 65 47 72 ' ,'0 0 0 0 0 0 0 0 0 0 0 0 ' ,76 ,1 ,7, 1
147 ,145, 130, '107 104 79 96 96 119 98 93 40 38 50 41 ' ,'0 0 0 0 0 0 0 0 0 0 0 0 ' ,80 ,1 ,5, 1
160 ,139, 132, '96 92 99 110 118 106 101 96 58 35 59 65 ' ,'0 0 0 0 0 0 0 0 0 0 0 0 ' ,82 ,0 ,8, 1
145 ,144, 120, '100 93 85 90 95 93 77 82 68 42 62 63 ' ,'0 0 0 0 0 0 0 0 0 0 0 0 ' ,58 ,1 ,4, 1
130 ,136, 110, '96 96 64 94 90 81 94 77 39 36 39 33 ' ,'0 0 0 0 0 0 0 0 0 0 0 0 ' ,67 ,1 ,2, 0
159 ,123, 135, '97 91 76 99 113 84 92 85 38 60 48 49 ' ,'0 0 0 0 0 0 0 0 0 0 0 0 ' ,87 ,1 ,4, 1
144 ,151, 120, '96 77 99 99 100 82 85 71 53 54 42 57 ' ,'0 0 0 0 0 0 0 0 0 0 0 0 ' ,69 ,1 ,2, 0
146 ,137, 119, '80 83 87 89 78 107 65 71 56 51 60 40 ' ,'0 0 0 0 0 0 0 0 0 0 0 0 ' ,69 ,1 ,1, 0
148 ,135, 120, '84 98 110 101 99 109 83 84 42 42 54 72 ' ,'0 0 0 0 0 0 0 0 0 0 0 0 ' ,70 ,0 ,5, 1
132 ,137, 111, '86 84 68 96 86 76 67 66 37 52 35 53 ' ,'0 0 0 0 0 0 0 0 0 0 0 0 ' ,60 ,1 ,5, 0
152 ,118, 128, '114 118 95 83 104 105 83 90 58 26 51 60 ' ,'0 0 0 0 0 0 0 0 0 0 0 0 ' ,85 ,1 ,0, 0
220 ,366, 195, '79 97 116 121 94 124 176 115 72 72 75 72 ' ,'0 0 0 0 0 0 0 0 0 0 0 0 ' ,108 ,0 ,11, 1
165 ,212, 144, '108 99 112 110 106 111 129 125 60 45 69 54 ' ,'0 0 0 0 0 0 0 0 0 0 0 0 ' ,77 ,1 ,8, 1
224 ,164, 203, '144 141 118 98 83 178 120 131 55 67 63 61 ' ,'0 0 0 0 0 0 0 0 0 0 0 0 ' ,125 ,1 ,16, 1
201 ,252, 180, '112 128 111 98 140 167 168 124 41 67 44 58 ' ,'0 0 0 0 0 0 0 0 0 0 0 0 ' ,129 ,1 ,2, 1
177 ,234, 157, '101 93 127 77 135 120 122 95 66 48 56 45 ' ,'0 0 0 0 0 0 0 0 0 0 0 0 ' ,102 ,1 ,3, 1
169 ,176, 142, '109 110 97 114 113 100 98 121 61 52 57 65 ' ,'0 0 0 0 0 0 0 0 0 0 0 0 ' ,74 ,1 ,6, 0
171 ,168, 148, '101 99 90 90 90 107 114 123 61 55 34 48 ' ,'0 0 0 0 0 0 0 0 0 0 0 0 ' ,92 ,0 ,8, 0
139 ,168, 113, '90 77 92 93 91 75 99 66 46 40 55 42 ' ,'0 0 0 0 0 0 0 0 0 0 0 0 ' ,59 ,0 ,5, 1
155 ,136, 133, '95 74 83 101 112 80 77 76 47 41 50 41 ' ,'0 0 0 0 0 0 0 0 0 0 0 0 ' ,82 ,1 ,2, 1
147 ,149, 124, '80 108 61 76 94 98 88 94 51 54 33 53 ' ,'0 0 0 0 0 0 0 0 0 0 0 0 ' ,77 ,1 ,8, 1
114 ,143, 98, '76 79 83 83 65 75 81 85 31 42 30 37 ' ,'0 0 0 0 0 0 0 0 0 0 0 0 ' ,56 ,0 ,3, 1
150 ,107, 131, '84 87 120 92 87 82 75 97 54 47 46 40 ' ,'0 0 0 0 0 0 0 0 0 0 0 0 ' ,80 ,1 ,2, 1
142 ,141, 125, '102 94 103 91 94 112 88 103 42 64 63 66 ' ,'0 0 0 0 0 0 0 0 0 0 0 0 ' ,72 ,0 ,1, 1
166 ,138, 141, '114 103 118 65 106 86 121 108 54 46 59 43 ' ,'0 0 0 0 0 0 0 0 0 0 0 0 ' ,85 ,1 ,9, 0
192 ,157, 168, '134 129 133 151 106 111 123 104 67 49 35 59 ' ,'0 0 0 0 0 0 0 0 0 0 0 0 ' ,109 ,1 ,11, 1
179 ,183, 155, '128 108 107 142 131 112 80 134 47 74 75 51 ' ,'0 0 0 0 0 0 0 0 0 0 0 0 ' ,97 ,0 ,6, 0
169 ,170, 147, '117 80 132 104 100 132 108 107 51 35 70 58 ' ,'0 0 0 0 0 0 0 0 0 0 0 0 ' ,89 ,1 ,8, 1
216 ,181, 195, '138 161 113 108 166 130 147 175 74 48 66 71 ' ,'0 0 0 0 0 0 0 0 0 0 0 0 ' ,118 ,1 ,8, 1
211 ,210, 188, '115 175 78 128 113 133 92 105 59 72 75 54 ' ,'0 0 0 0 0 0 0 0 0 0 0 0 ' ,122 ,1 ,5, 1
163 ,250, 139, '117 106 97 100 84 97 114 79 51 52 60 52 ' ,'0 0 0 0 0 0 0 0 0 0 0 0 ' ,68 ,1 ,12, 1
426 ,157, 166, '105 96 91 103 135 87 98 108 46 42 42 69 ' ,'0 0 0 0 0 0 0 0 0 0 0 0 ' ,102 ,1 ,10, 1
167 ,185, 142, '80 95 93 129 110 98 111 81 52 57 37 47 ' ,'0 0 0 0 0 0 0 0 0 0 0 0 ' ,94 ,0 ,6, 1
162 ,163, 135, '100 90 85 97 96 87 85 124 35 60 33 57 ' ,'0 0 0 0 0 0 0 0 0 0 0 0 ' ,92 ,1 ,4, 1
134 ,152, 110, '72 92 78 78 90 93 102 75 57 50 45 40 ' ,'0 0 0 0 0 0 0 0 0 0 0 0 ' ,60 ,1 ,1, 0
128 ,132, 105, '90 90 87 84 80 79 77 94 50 33 38 42 ' ,'0 0 0 0 0 0 0 0 0 0 0 0 ' ,55 ,1 ,7, 0
162 ,125, 135, '122 88 83 84 99 74 92 82 35 57 41 39 ' ,'0 0 0 0 0 0 0 0 0 0 0 0 ' ,89 ,1 ,6, 0
421 ,153, 158, '104 100 105 113 105 145 110 126 54 66 71 105 ' ,'0 0 0 0 0 0 0 0 0 0 0 0 ' ,91 ,1 ,5, 1
213 ,176, 195, '110 135 133 124 151 87 175 142 63 74 42 74 ' ,'0 0 0 0 0 0 0 0 0 0 0 0 ' ,136 ,1 ,11, 1
174 ,359, 158, '87 111 114 125 77 111 105 135 52 46 51 82 ' ,'0 0 0 0 0 0 0 0 0 0 0 0 ' ,103 ,0 ,3, 0
218 ,177, 203, '91 120 119 145 116 111 149 100 182 74 64 67 ' ,'0 0 0 0 0 0 0 0 0 0 0 0 ' ,118 ,0 ,13, 0
253 ,247, 228, '128 185 116 152 110 130 115 197 60 82 62 120 ' ,'0 0 0 0 0 0 0 0 0 0 0 0 ' ,149 ,1 ,14, 1
208 ,261, 183, '138 124 111 108 148 143 139 161 51 77 65 69 ' ,'0 0 0 0 0 0 0 0 0 0 0 0 ' ,123 ,1 ,6, 1
248 ,204, 222, '171 125 125 128 199 134 112 160 71 66 55 87 ' ,'0 0 0 0 0 0 0 0 0 0 0 0 ' ,155 ,1 ,4, 0
201 ,245, 174, '135 99 111 86 148 116 119 116 34 52 54 50 ' ,'0 0 0 0 0 0 0 0 0 0 0 0 ' ,127 ,1 ,7, 1
150 ,184, 127, '108 98 68 109 93 77 100 107 56 58 57 67 ' ,'0 0 0 0 0 0 0 0 0 0 0 0 ' ,55 ,0 ,12, 1
170 ,145, 148, '130 119 97 94 101 107 99 103 34 68 62 58 ' ,'0 0 0 0 0 0 0 0 0 0 0 0 ' ,101 ,1 ,7, 1
163 ,163, 144, '128 113 131 116 116 125 117 102 71 60 51 57 ' ,'0 0 0 0 0 0 0 0 0 0 0 0 ' ,81 ,0 ,4, 0
146 ,155, 121, '89 113 105 110 81 79 78 110 53 49 50 52 ' ,'0 0 0 0 0 0 0 0 0 0 0 0 ' ,64 ,0 ,1, 0
135 ,199, 111, '99 77 84 86 84 96 86 83 40 40 48 56 ' ,'0 0 0 0 0 0 0 0 0 0 0 0 ' ,57 ,0 ,7, 0
139 ,132, 121, '83 94 107 101 108 101 91 86 52 49 46 59 ' ,'0 0 0 0 0 0 0 0 0 0 0 0 ' ,63 ,1 ,7, 0
128 ,132, 111, '79 81 96 94 93 73 76 72 84 44 44 40 ' ,'0 0 0 0 0 0 0 0 0 0 0 0 ' ,56 ,1 ,10, 1
140 ,120, 122, '107 94 72 86 89 67 83 92 45 35 52 40 ' ,'0 0 0 0 0 0 0 0 0 0 0 0 ' ,76 ,1 ,5, 1
184 ,133, 157, '84 92 114 136 105 88 109 110 46 41 53 48 ' ,'0 0 0 0 0 0 0 0 0 0 0 0 ' ,92 ,1 ,6, 1
173 ,175, 146, '95 101 98 103 82 125 135 98 73 61 50 54 ' ,'0 0 0 0 0 0 0 0 0 0 0 0 ' ,87 ,1 ,3, 0
189 ,167, 161, '119 139 102 142 137 91 144 132 43 62 59 55 ' ,'0 0 0 0 0 0 0 0 0 0 0 0 ' ,106 ,1 ,4, 1
262 ,179, 237, '149 109 167 222 140 125 70 144 59 74 60 57 ' ,'0 0 0 0 0 0 0 0 0 0 0 0 ' ,166 ,1 ,9, 0
211 ,253, 187, '131 89 135 136 156 108 122 142 64 70 58 49 ' ,'0 0 0 0 0 0 0 0 0 0 0 0 ' ,123 ,1 ,9, 1
174 ,204, 147, '108 112 81 89 77 140 113 110 60 57 52 84 ' ,'0 0 0 0 0 0 0 0 0 0 0 0 ' ,89 ,1 ,6, 0
208 ,170, 183, '167 129 99 129 78 94 120 127 60 67 56 83 ' ,'0 0 0 0 0 0 0 0 0 0 0 0 ' ,114 ,1 ,4, 0
380 ,199, 357, '74 89 99 95 92 81 84 102 41 57 62 47 ' ,'0 0 0 0 0 0 0 0 0 0 0 0 ' ,297 ,1 ,9, 1
179 ,375, 153, '83 90 78 102 119 82 89 85 37 58 63 40 ' ,'0 0 0 0 0 0 0 0 0 0 0 0 ' ,103 ,1 ,4, 0
139 ,172, 113, '78 92 71 84 89 81 98 78 37 49 48 53 ' ,'0 0 0 0 0 0 0 0 0 0 0 0 ' ,67 ,1 ,1, 1
129 ,132, 103, '71 76 74 90 70 81 88 91 35 43 50 38 ' ,'0 0 0 0 0 0 0 0 0 0 0 0 ' ,59 ,0 ,4, 0
141 ,121, 118, '94 84 93 104 73 86 77 89 44 58 37 48 ' ,'0 0 0 0 0 0 0 0 0 0 0 0 ' ,68 ,0 ,6, 0
244 ,132, 216, '102 76 82 101 97 93 91 69 35 53 48 52 ' ,'0 0 0 0 0 0 0 0 0 0 0 0 ' ,171 ,94 ,4, 0
129 ,236, 108, '92 78 86 90 76 68 73 64 44 53 42 39 ' ,'0 0 0 0 0 0 0 0 0 0 0 0 ' ,54 ,1 ,6, 0
147 ,127, 122, '95 81 76 73 96 92 71 81 30 39 41 51 ' ,'0 0 0 0 0 0 0 0 0 0 0 0 ' ,78 ,0 ,6, 0
124 ,142, 104, '74 69 87 78 80 79 71 72 43 61 42 31 ' ,'0 0 0 0 0 0 0 0 0 0 0 0 ' ,62 ,1 ,3, 0
134 ,173, 113, '65 58 68 90 85 68 81 57 45 34 37 32 ' ,'0 0 0 0 0 0 0 0 0 0 0 0 ' ,68 ,1 ,2, 1
138 ,181, 118, '77 90 71 83 86 90 102 89 39 38 55 43 ' ,'0 0 0 0 0 0 0 0 0 0 0 0 ' ,65 ,1 ,5, 0
132 ,135, 111, '66 72 70 82 75 56 78 73 35 31 44 39 ' ,'0 0 0 0 0 0 0 0 0 0 0 0 ' ,59 ,1 ,13, 1
189 ,130, 165, '104 103 116 153 109 101 144 143 81 70 112 88 ' ,'0 0 0 0 0 0 0 0 0 0 0 0 ' ,75 ,1 ,5, 1
231 ,186, 207, '113 108 138 103 135 161 132 116 43 49 111 96 ' ,'0 0 0 0 0 0 0 0 0 0 0 0 ' ,119 ,1 ,36, 0
291 ,214, 262, '146 157 126 105 151 167 240 115 46 62 69 50 ' ,'0 0 0 0 0 0 0 0 0 0 0 0 ' ,196 ,1 ,14, 1
196 ,276, 172, '98 132 111 86 90 152 122 148 53 57 90 59 ' ,'0 0 0 0 0 0 0 0 0 0 0 0 ' ,101 ,1 ,12, 0
192 ,200, 166, '99 128 88 101 116 143 140 127 30 60 60 65 ' ,'0 0 0 0 0 0 0 0 0 0 0 0 ' ,115 ,0 ,16, 1
832 ,188, 141, '86 82 103 98 105 121 94 110 52 37 70 31 ' ,'0 0 0 0 0 0 0 0 0 0 0 0 ' ,93 ,1 ,7, 0
175 ,159, 146, '110 81 110 94 119 96 99 108 72 53 40 41 ' ,'0 0 0 0 0 0 0 0 0 0 0 0 ' ,93 ,1 ,6, 0
134 ,163, 115, '73 96 95 102 85 89 91 88 36 49 31 38 ' ,'0 0 0 0 0 0 0 0 0 0 0 0 ' ,72 ,0 ,7, 1
123 ,125, 106, '83 86 89 85 82 96 83 84 44 46 48 48 ' ,'0 0 0 0 0 0 0 0 0 0 0 0 ' ,53 ,1 ,4, 0
141 ,117, 124, '89 95 66 69 77 80 110 98 58 40 43 44 ' ,'0 0 0 0 0 0 0 0 0 0 0 0 ' ,71 ,1 ,7, 0
154 ,132, 133, '111 82 89 106 106 73 104 95 56 51 55 65 ' ,'0 0 0 0 0 0 0 0 0 0 0 0 ' ,60 ,1 ,10, 0
150 ,154, 129, '78 99 95 101 102 102 95 80 58 46 57 55 ' ,'0 0 0 0 0 0 0 0 0 0 0 0 ' ,57 ,1 ,9, 0
162 ,146, 139, '105 115 100 111 112 102 83 106 59 29 55 72 ' ,'0 0 0 0 0 0 0 0 0 0 0 0 ' ,84 ,1 ,11, 0
229 ,158, 207, '133 124 126 163 112 110 110 189 62 55 57 73 ' ,'0 0 0 0 0 0 0 0 0 0 0 0 ' ,132 ,1 ,8, 0
178 ,224, 154, '106 89 129 95 93 138 125 130 52 77 46 62 ' ,'0 0 0 0 0 0 0 0 0 0 0 0 ' ,94 ,1 ,8, 1
213 ,175, 186, '142 95 128 92 100 152 173 89 48 54 40 79 ' ,'0 0 0 0 0 0 0 0 0 0 0 0 ' ,132 ,1 ,9, 0
341 ,206, 316, '118 203 154 117 285 120 205 145 63 201 62 73 ' ,'0 0 0 0 0 0 0 0 0 0 0 0 ' ,235 ,1 ,12, 0
207 ,333, 184, '95 96 120 114 158 72 108 125 72 79 71 69 ' ,'0 0 0 0 0 0 0 0 0 0 0 0 ' ,97 ,1 ,11, 1
273 ,210, 251, '235 121 118 110 156 112 121 162 48 58 92 60 ' ,'0 0 0 0 0 0 0 0 0 0 0 0 ' ,190 ,0 ,7, 1
169 ,280, 147, '126 123 86 113 89 113 105 89 50 63 56 50 ' ,'0 0 0 0 0 0 0 0 0 0 0 0 ' ,80 ,2 ,13, 1
176 ,162, 153, '98 95 108 79 101 136 109 128 61 34 69 70 ' ,'0 0 0 0 0 0 0 0 0 0 0 0 ' ,92 ,1 ,5, 1
159 ,177, 136, '91 115 84 92 96 114 87 85 55 56 38 52 ' ,'0 0 0 0 0 0 0 0 0 0 0 0 ' ,78 ,1 ,15, 1
155 ,153, 140, '83 123 73 105 93 71 103 86 43 43 37 50 ' ,'0 0 0 0 0 0 0 0 0 0 0 0 ' ,88 ,1 ,6, 1
160 ,154, 144, '69 85 83 89 86 91 86 73 42 46 44 45 ' ,'0 0 0 0 0 0 0 0 0 0 0 0 ' ,84 ,33 ,13, 1
136 ,150, 119, '69 75 99 72 91 103 75 82 32 41 36 43 ' ,'0 0 0 0 0 0 0 0 0 0 0 0 ' ,71 ,0 ,10, 0
149 ,125, 127, '90 77 83 80 82 107 100 100 33 47 34 48 ' ,'0 0 0 0 0 0 0 0 0 0 0 0 ' ,77 ,1 ,9, 1
142 ,144, 116, '78 84 61 92 86 97 63 76 40 40 52 57 ' ,'0 0 0 0 0 0 0 0 0 0 0 0 ' ,64 ,1 ,5, 1
149 ,136, 128, '93 106 90 95 82 78 59 91 44 25 42 48 ' ,'0 0 0 0 0 0 0 0 0 0 0 0 ' ,72 ,1 ,13, 1
152 ,145, 129, '87 63 85 100 99 104 77 101 39 40 46 42 ' ,'0 0 0 0 0 0 0 0 0 0 0 0 ' ,72 ,0 ,8, 1
183 ,147, 161, '99 118 126 101 121 123 113 100 52 50 61 54 ' ,'0 0 0 0 0 0 0 0 0 0 0 0 ' ,91 ,1 ,11, 0
194 ,180, 171, '101 108 97 89 136 127 132 145 60 68 81 80 ' ,'0 0 0 0 0 0 0 0 0 0 0 0 ' ,96 ,1 ,6, 1
208 ,185, 170, '123 77 85 116 138 112 112 137 64 73 53 79 ' ,'0 0 0 0 0 0 0 0 0 0 0 0 ' ,100 ,1 ,13, 1
230 ,183, 207, '91 76 96 124 110 186 102 135 33 75 40 46 ' ,'0 0 0 0 0 0 0 0 0 0 0 0 ' ,154 ,1 ,13, 1
157 ,220, 135, '115 69 107 113 85 96 102 116 48 84 39 42 ' ,'0 0 0 0 0 0 0 0 0 0 0 0 ' ,79 ,1 ,6, 1
209 ,166, 186, '113 120 118 121 94 138 166 103 54 89 55 77 ' ,'0 0 0 0 0 0 0 0 0 0 0 0 ' ,113 ,1 ,13, 0
204 ,207, 183, '130 120 120 127 154 158 117 159 86 68 38 61 ' ,'0 0 0 0 0 0 0 0 0 0 0 0 ' ,130 ,1 ,7, 0
218 ,238, 192, '126 110 76 134 171 161 101 150 42 64 79 51 ' ,'0 0 0 0 0 0 0 0 0 0 0 0 ' ,138 ,0 ,4, 1
181 ,213, 154, '136 138 111 135 98 86 112 74 56 100 56 48 ' ,'0 0 0 0 0 0 0 0 0 0 0 0 ' ,91 ,1 ,6, 1
206 ,173, 189, '102 101 137 98 121 98 155 174 77 70 72 60 ' ,'0 0 0 0 0 0 0 0 0 0 0 0 ' ,116 ,1 ,7, 1
141 ,199, 124, '100 78 95 98 96 86 83 109 55 40 44 57 ' ,'0 0 0 0 0 0 0 0 0 0 0 0 ' ,71 ,1 ,8, 1
183 ,134, 162, '108 118 130 119 131 112 101 126 52 91 69 45 ' ,'0 0 0 0 0 0 0 0 0 0 0 0 ' ,94 ,1 ,1, 0
155 ,178, 133, '86 112 97 108 101 91 109 91 52 48 43 51 ' ,'0 0 0 0 0 0 0 0 0 0 0 0 ' ,77 ,1 ,8, 0
170 ,148, 147, '94 95 86 122 113 94 73 108 36 59 66 48 ' ,'0 0 0 0 0 0 0 0 0 0 0 0 ' ,94 ,0 ,14, 1
146 ,165, 115, '94 93 89 68 85 89 96 79 57 49 46 42 ' ,'0 0 0 0 0 0 0 0 0 0 0 0 ' ,63 ,1 ,10, 0
173 ,140, 151, '94 68 76 73 112 80 100 67 55 36 32 47 ' ,'0 0 0 0 0 0 0 0 0 0 0 0 ' ,105 ,1 ,3, 1
