456 ,0, 120, '38 30 24 37 28 30 35 30 35 36 38 45 ' ,'0 0 0 0 0 0 0 0 0 0 0 0 ' ,34 ,7 ,17, 17
110 ,158, 79, '21 24 22 22 14 21 18 23 22 25 20 19 ' ,'0 0 0 0 0 0 0 0 0 0 0 0 ' ,43 ,17 ,8, 8
495 ,122, 466, '427 301 296 253 379 367 349 260 310 331 298 298 ' ,'0 0 0 0 0 0 0 0 0 0 0 0 ' ,180 ,3 ,20, 2
383 ,533, 351, '302 303 312 295 310 265 307 279 304 237 249 270 ' ,'0 0 0 0 0 0 0 0 0 0 0 0 ' ,83 ,2 ,10, 1
414 ,458, 387, '217 195 214 260 215 192 206 275 204 262 226 261 ' ,'0 0 0 0 0 0 0 0 0 0 0 0 ' ,97 ,2 ,89, 1
788 ,396, 294, '210 228 230 261 233 240 259 225 215 260 261 232 ' ,'0 0 0 0 0 0 0 0 0 0 0 0 ' ,63 ,3 ,9, 2
468 ,312, 398, '283 214 227 297 281 251 373 256 308 266 264 270 ' ,'0 0 0 0 0 0 0 0 0 0 0 0 ' ,165 ,3 ,6, 2
329 ,461, 307, '230 262 211 219 207 229 259 275 216 255 283 251 ' ,'0 0 0 0 0 0 0 0 0 0 0 0 ' ,76 ,2 ,11, 1
351 ,324, 335, '265 189 253 245 308 236 250 203 241 235 247 209 ' ,'0 0 0 0 0 0 0 0 0 0 0 0 ' ,129 ,3 ,2, 2
363 ,351, 346, '256 259 240 324 225 252 211 248 309 154 268 197 ' ,'0 0 0 0 0 0 0 0 0 0 0 0 ' ,173 ,2 ,6, 2
300 ,473, 279, '223 216 213 234 189 231 213 200 247 247 210 236 ' ,'0 0 0 0 0 0 0 0 0 0 0 0 ' ,62 ,3 ,16, 2
294 ,287, 268, '202 218 216 235 202 224 245 206 199 189 244 183 ' ,'0 0 0 0 0 0 0 0 0 0 0 0 ' ,67 ,3 ,9, 2
293 ,279, 269, '213 238 231 230 220 209 247 208 212 239 223 233 ' ,'0 0 0 0 0 0 0 0 0 0 0 0 ' ,44 ,3 ,8, 3
304 ,278, 283, '250 224 216 212 263 181 203 211 209 199 231 218 ' ,'0 0 0 0 0 0 0 0 0 0 0 0 ' ,88 ,2 ,7, 0
388 ,369, 358, '267 263 289 336 336 291 271 270 314 290 306 291 ' ,'0 0 0 0 0 0 0 0 0 0 0 0 ' ,87 ,3 ,10, 2
342 ,374, 314, '285 270 298 285 278 266 248 211 258 245 238 232 ' ,'0 0 0 0 0 0 0 0 0 0 0 0 ' ,88 ,3 ,9, 1
299 ,335, 276, '233 262 238 253 232 247 210 225 236 231 240 222 ' ,'0 0 0 0 0 0 0 0 0 0 0 0 ' ,51 ,2 ,7, 2
293 ,290, 273, '222 248 202 242 217 228 222 258 228 254 248 205 ' ,'0 0 0 0 0 0 0 0 0 0 0 0 ' ,58 ,1 ,3, 3
281 ,284, 263, '229 243 212 216 206 222 210 209 207 234 198 197 ' ,'0 0 0 0 0 0 0 0 0 0 0 0 ' ,49 ,1 ,8, 3
404 ,271, 383, '286 251 364 269 254 327 310 241 269 308 233 303 ' ,'0 0 0 0 0 0 0 0 0 0 0 0 ' ,132 ,3 ,5, 2
367 ,431, 345, '235 277 269 263 236 246 244 263 249 274 329 269 ' ,'0 0 0 0 0 0 0 0 0 0 0 0 ' ,94 ,1 ,6, 2
322 ,418, 295, '264 228 229 254 256 285 266 225 244 228 235 262 ' ,'0 0 0 0 0 0 0 0 0 0 0 0 ' ,60 ,1 ,3, 1
268 ,392, 247, '213 188 222 198 207 205 230 210 192 213 235 208 ' ,'0 0 0 0 0 0 0 0 0 0 0 0 ' ,51 ,1 ,1, 1
338 ,263, 313, '201 216 235 221 294 209 244 219 196 197 265 242 ' ,'0 0 0 0 0 0 0 0 0 0 0 0 ' ,106 ,2 ,3, 1
1396 ,396, 1374, '264 217 262 234 1349 249 232 199 282 232 243 249 ' ,'0 0 0 0 0 0 0 0 0 0 0 0 ' ,1157 ,2 ,6, 2
1055 ,1389, 366, '216 276 252 254 342 243 280 277 265 272 257 166 ' ,'0 0 0 0 0 0 0 0 0 0 0 0 ' ,187 ,2 ,5, 1
335 ,377, 310, '250 201 229 222 247 260 237 226 235 242 263 234 ' ,'0 0 0 0 0 0 0 0 0 0 0 0 ' ,67 ,2 ,34, 1
304 ,345, 280, '265 239 220 220 206 221 249 232 198 255 248 217 ' ,'0 0 0 0 0 0 0 0 0 0 0 0 ' ,70 ,2 ,4, 2
341 ,296, 312, '209 237 243 210 222 195 290 223 233 197 196 173 ' ,'0 0 0 0 0 0 0 0 0 0 0 0 ' ,123 ,1 ,4, 2
902 ,320, 871, '239 204 206 195 215 222 242 202 209 852 170 194 ' ,'0 0 0 0 0 0 0 0 0 0 0 0 ' ,691 ,1 ,3, 1
255 ,887, 232, '195 180 195 187 171 170 203 171 179 190 200 217 ' ,'0 0 0 0 0 0 0 0 0 0 0 0 ' ,52 ,1 ,3, 2
275 ,250, 248, '183 191 218 185 186 232 228 190 185 195 196 200 ' ,'0 0 0 0 0 0 0 0 0 0 0 0 ' ,54 ,2 ,2, 2
375 ,262, 351, '254 270 290 235 260 316 230 283 305 221 244 259 ' ,'0 0 0 0 0 0 0 0 0 0 0 0 ' ,90 ,2 ,21, 2
366 ,366, 327, '239 229 281 247 242 314 257 249 241 226 251 249 ' ,'0 0 0 0 0 0 0 0 0 0 0 0 ' ,86 ,2 ,3, 1
305 ,380, 284, '269 240 216 226 250 228 231 246 250 223 233 255 ' ,'0 0 0 0 0 0 0 0 0 0 0 0 ' ,57 ,2 ,7, 1
1000 ,299, 306, '253 250 259 278 259 263 273 238 290 268 249 255 ' ,'0 0 0 0 0 0 0 0 0 0 0 0 ' ,56 ,2 ,6, 2
314 ,322, 287, '240 236 248 215 249 248 274 241 271 261 236 270 ' ,'0 0 0 0 0 0 0 0 0 0 0 0 ' ,63 ,1 ,3, 2
310 ,302, 285, '233 236 238 228 256 251 272 233 219 253 217 219 ' ,'0 0 0 0 0 0 0 0 0 0 0 0 ' ,56 ,2 ,5, 2
385 ,298, 363, '197 204 224 210 201 174 187 223 196 281 216 210 ' ,'0 0 0 0 0 0 0 0 0 0 0 0 ' ,121 ,2 ,62, 1
283 ,370, 258, '212 223 200 202 217 193 215 208 243 217 208 206 ' ,'0 0 0 0 0 0 0 0 0 0 0 0 ' ,51 ,1 ,8, 1
1315 ,271, 1283, '227 203 177 217 201 214 190 203 203 1249 198 191 ' ,'0 0 0 0 0 0 0 0 0 0 0 0 ' ,1096 ,1 ,8, 1
1214 ,1298, 525, '172 191 182 208 224 206 199 212 262 195 181 221 ' ,'0 0 0 0 0 0 0 0 0 0 0 0 ' ,344 ,5 ,5, 1
606 ,562, 350, '222 200 220 200 237 235 252 212 336 204 234 232 ' ,'0 0 0 0 0 0 0 0 0 0 0 0 ' ,137 ,1 ,7, 1
419 ,366, 381, '367 329 281 220 253 243 249 204 251 237 246 231 ' ,'0 0 0 0 0 0 0 0 0 0 0 0 ' ,164 ,2 ,5, 1
383 ,400, 351, '229 241 258 235 245 231 225 202 333 247 248 241 ' ,'0 0 0 0 0 0 0 0 0 0 0 0 ' ,134 ,1 ,11, 2
273 ,366, 250, '173 178 188 206 177 217 199 199 226 209 234 205 ' ,'0 0 0 0 0 0 0 0 0 0 0 0 ' ,67 ,1 ,9, 1
406 ,262, 390, '311 201 278 222 283 276 345 354 376 375 316 312 ' ,'0 0 0 0 0 0 0 0 0 0 0 0 ' ,176 ,1 ,6, 1
377 ,402, 358, '341 297 234 244 266 279 275 308 318 305 263 259 ' ,'0 0 0 0 0 0 0 0 0 0 0 0 ' ,100 ,1 ,9, 2
331 ,367, 304, '288 232 268 225 198 218 219 247 288 252 222 242 ' ,'0 0 0 0 0 0 0 0 0 0 0 0 ' ,84 ,0 ,10, 1
318 ,318, 292, '255 194 263 225 214 218 226 237 208 235 226 276 ' ,'0 0 0 0 0 0 0 0 0 0 0 0 ' ,87 ,1 ,3, 1
336 ,310, 311, '238 270 242 246 231 244 196 261 194 222 254 296 ' ,'0 0 0 0 0 0 0 0 0 0 0 0 ' ,103 ,1 ,6, 1
327 ,332, 303, '256 258 259 289 273 264 265 226 290 236 233 262 ' ,'0 0 0 0 0 0 0 0 0 0 0 0 ' ,64 ,1 ,4, 1
330 ,330, 306, '247 278 235 254 217 274 232 265 210 277 250 228 ' ,'0 0 0 0 0 0 0 0 0 0 0 0 ' ,84 ,1 ,7, 1
282 ,319, 256, '226 208 226 216 200 203 199 229 195 232 231 218 ' ,'0 0 0 0 0 0 0 0 0 0 0 0 ' ,49 ,1 ,6, 2
294 ,273, 268, '229 225 226 244 240 205 227 191 216 240 230 247 ' ,'0 0 0 0 0 0 0 0 0 0 0 0 ' ,60 ,1 ,9, 2
335 ,288, 306, '286 237 223 235 203 210 241 218 238 241 258 209 ' ,'0 0 0 0 0 0 0 0 0 0 0 0 ' ,81 ,1 ,11, 2
323 ,321, 299, '253 277 217 260 241 232 217 199 271 215 200 248 ' ,'0 0 0 0 0 0 0 0 0 0 0 0 ' ,82 ,1 ,11, 2
340 ,315, 313, '235 243 227 249 252 238 297 196 235 250 212 261 ' ,'0 0 0 0 0 0 0 0 0 0 0 0 ' ,102 ,1 ,6, 2
330 ,330, 305, '203 267 263 232 278 233 258 200 259 261 263 228 ' ,'0 0 0 0 0 0 0 0 0 0 0 0 ' ,89 ,2 ,9, 1
319 ,323, 298, '208 255 220 232 240 229 239 223 208 268 255 254 ' ,'0 0 0 0 0 0 0 0 0 0 0 0 ' ,73 ,1 ,10, 2
370 ,314, 351, '214 248 270 255 277 257 305 227 267 257 266 245 ' ,'0 0 0 0 0 0 0 0 0 0 0 0 ' ,95 ,1 ,37, 2
496 ,361, 479, '393 313 253 413 296 433 288 302 256 366 293 336 ' ,'0 0 0 0 0 0 0 0 0 0 0 0 ' ,183 ,1 ,33, 1
289 ,493, 269, '216 249 245 238 250 219 220 221 254 226 252 230 ' ,'0 0 0 0 0 0 0 0 0 0 0 0 ' ,45 ,1 ,8, 1
391 ,280, 370, '205 219 222 268 234 216 222 219 351 267 205 206 ' ,'0 0 0 0 0 0 0 0 0 0 0 0 ' ,149 ,1 ,10, 2
528 ,392, 497, '219 339 226 179 208 214 214 212 246 213 199 239 ' ,'0 0 0 0 0 0 0 0 0 0 0 0 ' ,160 ,1 ,32, 2
479 ,521, 458, '332 272 239 178 256 254 249 437 314 277 254 246 ' ,'0 0 0 0 0 0 0 0 0 0 0 0 ' ,262 ,1 ,10, 2
430 ,472, 406, '275 251 262 273 255 295 391 308 231 243 278 257 ' ,'0 0 0 0 0 0 0 0 0 0 0 0 ' ,164 ,1 ,7, 2
364 ,428, 341, '277 285 309 267 271 228 212 241 240 311 281 212 ' ,'0 0 0 0 0 0 0 0 0 0 0 0 ' ,112 ,1 ,10, 2
353 ,357, 324, '220 229 229 240 297 219 207 237 239 212 205 244 ' ,'0 0 0 0 0 0 0 0 0 0 0 0 ' ,104 ,1 ,7, 1
357 ,377, 329, '266 229 269 274 289 224 255 139 275 241 267 246 ' ,'0 0 0 0 0 0 0 0 0 0 0 0 ' ,168 ,0 ,19, 2
606 ,400, 351, '257 319 255 327 288 260 277 325 304 276 287 248 ' ,'0 0 0 0 0 0 0 0 0 0 0 0 ' ,85 ,1 ,9, 2
307 ,386, 274, '218 222 247 259 207 254 255 212 248 217 256 227 ' ,'0 0 0 0 0 0 0 0 0 0 0 0 ' ,43 ,1 ,11, 2
410 ,360, 380, '234 286 243 274 321 268 325 243 282 259 264 315 ' ,'0 0 0 0 0 0 0 0 0 0 0 0 ' ,104 ,1 ,36, 1
415 ,389, 385, '267 264 362 257 256 282 269 254 238 265 237 190 ' ,'0 0 0 0 0 0 0 0 0 0 0 0 ' ,181 ,1 ,7, 1
541 ,408, 513, '280 284 264 296 270 241 314 313 270 306 301 283 ' ,'0 0 0 0 0 0 0 0 0 0 0 0 ' ,258 ,1 ,4, 2
330 ,533, 311, '254 208 232 208 205 259 286 232 248 236 238 255 ' ,'0 0 0 0 0 0 0 0 0 0 0 0 ' ,85 ,0 ,15, 1
341 ,319, 323, '207 261 222 309 265 216 232 241 293 205 235 226 ' ,'0 0 0 0 0 0 0 0 0 0 0 0 ' ,104 ,0 ,9, 1
350 ,330, 330, '306 256 239 296 255 240 229 233 200 285 261 199 ' ,'0 0 0 0 0 0 0 0 0 0 0 0 ' ,110 ,1 ,13, 2
351 ,336, 326, '231 240 292 217 291 299 230 207 232 260 309 208 ' ,'0 0 0 0 0 0 0 0 0 0 0 0 ' ,106 ,1 ,6, 1
322 ,349, 297, '231 218 256 209 231 267 234 243 258 239 278 183 ' ,'0 0 0 0 0 0 0 0 0 0 0 0 ' ,95 ,2 ,8, 2
292 ,320, 265, '209 238 221 215 239 229 225 222 211 218 187 224 ' ,'0 0 0 0 0 0 0 0 0 0 0 0 ' ,64 ,1 ,8, 2
315 ,284, 293, '201 225 210 211 197 232 206 211 213 260 203 232 ' ,'0 0 0 0 0 0 0 0 0 0 0 0 ' ,75 ,1 ,10, 1
290 ,310, 267, '211 210 212 207 230 223 250 179 219 232 202 205 ' ,'0 0 0 0 0 0 0 0 0 0 0 0 ' ,72 ,0 ,6, 2
277 ,279, 251, '220 224 221 199 183 201 181 202 230 214 171 212 ' ,'0 0 0 0 0 0 0 0 0 0 0 0 ' ,61 ,3 ,11, 2
327 ,273, 305, '206 254 207 232 273 206 252 222 257 222 250 245 ' ,'0 0 0 0 0 0 0 0 0 0 0 0 ' ,83 ,1 ,11, 2
298 ,320, 277, '230 239 201 228 209 229 226 233 242 216 218 256 ' ,'0 0 0 0 0 0 0 0 0 0 0 0 ' ,57 ,1 ,10, 1
334 ,304, 311, '227 294 244 280 272 272 239 257 263 278 217 253 ' ,'0 0 0 0 0 0 0 0 0 0 0 0 ' ,77 ,1 ,11, 2
372 ,326, 348, '289 271 245 256 308 272 233 279 291 266 268 329 ' ,'0 0 0 0 0 0 0 0 0 0 0 0 ' ,98 ,1 ,10, 2
371 ,365, 344, '270 306 240 232 277 256 231 267 252 232 320 200 ' ,'0 0 0 0 0 0 0 0 0 0 0 0 ' ,124 ,1 ,13, 2
385 ,376, 362, '290 256 224 246 242 340 260 223 301 287 222 229 ' ,'0 0 0 0 0 0 0 0 0 0 0 0 ' ,118 ,1 ,15, 2
397 ,379, 373, '256 310 265 292 287 269 201 343 356 344 356 317 ' ,'0 0 0 0 0 0 0 0 0 0 0 0 ' ,159 ,1 ,6, 1
294 ,433, 268, '188 237 192 241 226 204 201 199 228 211 226 243 ' ,'0 0 0 0 0 0 0 0 0 0 0 0 ' ,60 ,1 ,12, 2
270 ,285, 246, '221 173 197 201 216 172 189 165 167 157 201 194 ' ,'0 0 0 0 0 0 0 0 0 0 0 0 ' ,65 ,1 ,5, 1
270 ,263, 243, '219 177 181 183 195 156 184 157 187 175 193 193 ' ,'0 0 0 0 0 0 0 0 0 0 0 0 ' ,66 ,0 ,16, 1
279 ,257, 253, '193 198 204 223 215 195 216 185 209 161 201 201 ' ,'0 0 0 0 0 0 0 0 0 0 0 0 ' ,64 ,0 ,10, 2
269 ,276, 242, '175 211 180 182 207 187 184 186 199 216 205 175 ' ,'0 0 0 0 0 0 0 0 0 0 0 0 ' ,52 ,0 ,7, 2
295 ,264, 278, '180 194 200 258 197 219 218 248 231 225 192 216 ' ,'0 0 0 0 0 0 0 0 0 0 0 0 ' ,77 ,1 ,14, 2
282 ,287, 263, '217 223 194 232 245 190 226 225 223 201 222 178 ' ,'0 0 0 0 0 0 0 0 0 0 0 0 ' ,68 ,1 ,11, 1
287 ,277, 270, '190 205 191 216 169 205 203 245 221 181 182 216 ' ,'0 0 0 0 0 0 0 0 0 0 0 0 ' ,84 ,0 ,13, 2
409 ,281, 384, '201 244 229 254 197 237 195 220 240 213 231 183 ' ,'0 0 0 0 0 0 0 0 0 0 0 0 ' ,184 ,0 ,7, 1
1023 ,398, 330, '271 275 212 247 242 224 253 232 291 291 294 261 ' ,'0 0 0 0 0 0 0 0 0 0 0 0 ' ,99 ,9 ,10, 2
354 ,348, 332, '253 251 220 256 294 227 243 229 300 266 283 270 ' ,'0 0 0 0 0 0 0 0 0 0 0 0 ' ,95 ,1 ,12, 2
398 ,524, 371, '273 262 272 278 261 255 233 242 223 297 258 348 ' ,'0 0 0 0 0 0 0 0 0 0 0 0 ' ,129 ,1 ,15, 2
398 ,390, 372, '290 291 294 346 280 278 295 265 250 258 328 185 ' ,'0 0 0 0 0 0 0 0 0 0 0 0 ' ,161 ,1 ,18, 2
1980 ,387, 1958, '269 278 237 264 1225 255 225 257 295 275 250 241 ' ,'0 0 0 0 0 0 0 0 0 0 0 0 ' ,1714 ,1 ,9, 1
379 ,1973, 349, '245 250 289 236 278 227 258 230 260 296 221 239 ' ,'0 0 0 0 0 0 0 0 0 0 0 0 ' ,101 ,1 ,16, 2
334 ,369, 308, '287 217 218 271 205 220 221 241 242 245 247 205 ' ,'0 0 0 0 0 0 0 0 0 0 0 0 ' ,81 ,1 ,14, 2
559 ,325, 365, '268 275 271 250 273 261 271 343 286 199 329 215 ' ,'0 0 0 0 0 0 0 0 0 0 0 0 ' ,129 ,1 ,14, 1
346 ,557, 322, '248 228 211 286 257 180 199 259 199 282 250 231 ' ,'0 0 0 0 0 0 0 0 0 0 0 0 ' ,125 ,1 ,7, 2
1857 ,342, 277, '213 204 187 205 232 221 197 205 208 238 198 217 ' ,'0 0 0 0 0 0 0 0 0 0 0 0 ' ,71 ,0 ,9, 2
275 ,290, 259, '179 231 193 238 190 205 213 184 204 202 225 181 ' ,'0 0 0 0 0 0 0 0 0 0 0 0 ' ,62 ,1 ,11, 1
387 ,267, 369, '177 197 209 219 236 224 180 199 196 220 213 191 ' ,'0 0 0 0 0 0 0 0 0 0 0 0 ' ,175 ,1 ,9, 1
283 ,379, 264, '173 206 210 245 165 209 217 205 228 182 206 210 ' ,'0 0 0 0 0 0 0 0 0 0 0 0 ' ,82 ,1 ,7, 2
1078 ,273, 374, '260 236 229 268 211 259 210 235 272 325 262 256 ' ,'0 0 0 0 0 0 0 0 0 0 0 0 ' ,134 ,1 ,9, 1
349 ,387, 323, '229 241 235 277 212 258 245 225 236 225 288 263 ' ,'0 0 0 0 0 0 0 0 0 0 0 0 ' ,66 ,1 ,8, 2
306 ,337, 284, '185 194 194 196 210 241 221 166 213 196 225 262 ' ,'0 0 0 0 0 0 0 0 0 0 0 0 ' ,98 ,1 ,7, 1
439 ,310, 415, '225 253 258 270 205 292 223 378 257 200 240 283 ' ,'0 0 0 0 0 0 0 136 0 0 0 0 ' ,178 ,2 ,10, 1
429 ,437, 408, '343 237 239 267 240 255 240 249 388 231 326 345 ' ,'125 0 0 0 0 0 0 0 130 0 0 0 ' ,152 ,1 ,13, 2
550 ,426, 525, '284 325 290 309 311 345 279 481 236 271 324 372 ' ,'0 0 0 0 0 0 0 0 0 0 0 0 ' ,264 ,1 ,18, 2
632 ,542, 606, '268 237 240 285 260 409 224 565 406 274 221 315 ' ,'0 0 0 0 0 0 0 0 0 0 0 0 ' ,352 ,1 ,23, 2
541 ,613, 524, '464 493 282 316 239 263 292 303 267 271 320 297 ' ,'0 0 0 0 0 0 0 0 0 0 0 0 ' ,257 ,1 ,21, 3
312 ,546, 294, '233 210 239 252 226 261 274 224 254 216 270 244 ' ,'0 0 0 0 0 0 0 0 0 0 0 0 ' ,66 ,1 ,12, 1
295 ,451, 277, '209 246 224 241 216 255 238 242 257 243 227 242 ' ,'0 0 0 0 0 0 0 0 0 0 0 0 ' ,49 ,1 ,13, 2
306 ,284, 281, '220 258 243 217 237 205 226 243 236 230 251 254 ' ,'0 0 0 0 0 0 0 0 0 0 0 0 ' ,57 ,1 ,14, 1
368 ,419, 343, '215 218 207 225 206 221 206 210 242 296 244 236 ' ,'0 0 0 0 0 0 0 0 0 0 0 0 ' ,118 ,1 ,12, 3
299 ,362, 272, '189 195 192 226 194 208 178 199 213 200 192 248 ' ,'0 0 0 0 0 0 0 0 0 0 0 0 ' ,73 ,1 ,13, 2
301 ,289, 278, '199 245 224 213 209 193 227 200 202 222 251 217 ' ,'0 0 0 0 0 0 0 0 0 0 0 0 ' ,61 ,1 ,16, 1
262 ,289, 239, '193 188 175 183 192 210 174 206 196 176 205 191 ' ,'0 0 0 0 0 0 0 0 0 0 0 0 ' ,44 ,1 ,13, 2
612 ,282, 332, '250 278 281 292 295 237 281 221 184 270 240 229 ' ,'0 0 0 0 0 0 0 0 0 0 0 0 ' ,133 ,1 ,7, 2
327 ,516, 300, '194 256 209 263 238 240 233 242 266 250 277 246 ' ,'0 0 0 0 0 0 0 0 0 0 0 0 ' ,89 ,1 ,14, 2
458 ,328, 434, '266 262 266 244 322 274 221 192 265 266 248 413 ' ,'0 0 0 0 0 0 0 0 0 0 0 0 ' ,224 ,2 ,13, 1
463 ,448, 438, '267 304 222 284 336 284 246 284 289 307 268 413 ' ,'0 0 0 0 0 0 0 0 0 0 0 0 ' ,195 ,1 ,14, 1
412 ,463, 387, '345 344 268 226 308 312 295 333 289 337 258 323 ' ,'0 0 0 0 0 0 0 0 0 0 0 0 ' ,135 ,1 ,21, 2
2000 ,431, 414, '272 296 279 331 377 276 331 294 268 342 280 277 ' ,'0 0 0 0 0 0 0 0 0 0 0 0 ' ,124 ,1 ,15, 2
486 ,431, 463, '340 247 418 306 337 342 304 279 327 402 248 337 ' ,'0 0 0 0 0 0 0 0 0 0 0 0 ' ,177 ,1 ,29, 2
346 ,497, 324, '267 265 252 253 244 290 264 282 257 286 245 280 ' ,'0 0 0 0 0 0 0 0 0 0 0 0 ' ,60 ,1 ,13, 2
347 ,345, 325, '262 242 219 260 283 236 242 215 266 209 259 256 ' ,'0 0 0 0 0 0 0 0 0 0 0 0 ' ,89 ,1 ,14, 2
331 ,345, 308, '250 240 188 194 251 226 179 233 230 254 208 279 ' ,'0 0 0 0 0 0 0 0 0 0 0 0 ' ,102 ,1 ,17, 2
299 ,328, 274, '187 186 212 217 235 197 193 202 230 228 203 210 ' ,'0 0 0 0 0 0 0 0 0 0 0 0 ' ,69 ,1 ,10, 2
457 ,294, 260, '228 239 202 227 216 228 220 229 239 215 217 184 ' ,'0 0 0 0 0 0 0 0 0 0 0 0 ' ,55 ,1 ,13, 2
344 ,463, 318, '223 217 249 253 217 225 243 201 235 266 295 231 ' ,'0 0 0 0 0 0 0 0 0 0 0 0 ' ,83 ,1 ,11, 1
643 ,340, 621, '275 356 237 324 416 599 379 302 230 285 263 274 ' ,'0 0 0 0 0 0 0 0 0 0 0 0 ' ,372 ,1 ,13, 2
370 ,639, 350, '328 241 259 261 277 290 275 212 244 253 295 251 ' ,'0 0 0 0 0 0 0 0 0 0 0 0 ' ,104 ,1 ,15, 1
440 ,413, 419, '258 272 286 276 337 266 289 331 276 253 306 396 ' ,'0 0 0 0 0 0 0 0 0 0 0 0 ' ,143 ,2 ,8, 1
390 ,445, 370, '283 303 263 256 236 303 281 246 289 316 299 347 ' ,'0 0 0 0 0 0 0 0 0 0 0 0 ' ,102 ,2 ,11, 1
416 ,403, 386, '233 327 269 310 283 243 265 316 227 301 241 364 ' ,'0 0 0 0 0 0 0 0 0 0 0 0 ' ,142 ,2 ,14, 1
406 ,414, 377, '208 320 260 323 259 273 291 265 337 260 243 303 ' ,'0 0 0 0 0 0 0 0 0 0 0 0 ' ,152 ,22 ,9, 1
465 ,407, 441, '279 278 267 274 400 297 258 318 310 286 258 270 ' ,'0 0 0 0 0 0 0 0 0 0 0 0 ' ,161 ,1 ,14, 2
513 ,468, 494, '237 321 342 471 330 392 359 309 279 380 361 301 ' ,'0 0 0 0 0 0 0 0 0 0 0 0 ' ,236 ,1 ,17, 1
401 ,511, 382, '264 276 241 346 285 264 281 264 255 269 298 297 ' ,'0 0 0 0 0 0 0 0 0 0 0 0 ' ,108 ,1 ,25, 3
368 ,387, 350, '324 276 254 218 254 233 265 255 275 260 301 229 ' ,'0 0 0 0 0 0 0 0 0 0 0 0 ' ,110 ,1 ,15, 1
310 ,357, 289, '207 220 216 263 215 256 238 208 215 213 222 224 ' ,'0 0 0 0 0 0 0 0 0 0 0 0 ' ,57 ,1 ,17, 1
313 ,310, 289, '257 190 199 230 249 208 227 222 187 213 258 201 ' ,'0 0 0 0 0 0 0 0 0 0 0 0 ' ,78 ,1 ,16, 1
362 ,309, 344, '276 224 244 196 256 235 226 257 323 222 306 243 ' ,'0 0 0 0 0 0 0 0 0 0 0 0 ' ,128 ,1 ,11, 2
326 ,362, 306, '232 210 229 276 266 219 267 253 282 245 265 268 ' ,'0 0 0 0 0 0 0 0 0 0 0 0 ' ,75 ,0 ,16, 2
402 ,321, 380, '209 251 210 257 175 238 224 195 194 224 260 349 ' ,'0 0 0 0 0 0 0 0 0 0 0 0 ' ,170 ,2 ,14, 1
299 ,392, 275, '208 217 221 248 228 250 188 180 233 200 181 204 ' ,'0 0 0 0 0 0 0 0 0 0 0 0 ' ,71 ,1 ,20, 2
365 ,294, 337, '297 303 277 313 279 225 291 249 291 281 282 241 ' ,'0 0 0 0 0 0 0 0 0 0 0 0 ' ,89 ,1 ,19, 2
443 ,364, 424, '288 300 276 278 348 258 251 245 323 326 313 396 ' ,'0 0 0 0 0 0 0 0 0 0 0 0 ' ,155 ,1 ,17, 1
398 ,439, 376, '239 288 256 313 289 270 294 268 294 345 274 221 ' ,'0 0 0 0 0 0 0 0 0 0 0 0 ' ,137 ,1 ,9, 2
341 ,393, 320, '258 257 259 288 278 256 243 242 262 250 272 267 ' ,'0 0 0 0 0 0 0 0 0 0 0 0 ' ,52 ,3 ,10, 2
377 ,332, 357, '240 323 257 285 254 257 231 273 294 309 307 267 ' ,'0 0 0 0 0 0 0 0 0 0 0 0 ' ,99 ,1 ,18, 2
390 ,373, 368, '282 316 247 297 320 251 290 275 343 238 263 300 ' ,'0 0 0 0 0 0 0 0 0 0 0 0 ' ,98 ,2 ,14, 2
864 ,385, 848, '287 293 802 294 293 350 301 265 321 340 219 306 ' ,'0 0 0 0 0 0 0 0 0 0 0 0 ' ,588 ,1 ,32, 1
359 ,855, 342, '315 250 243 246 259 273 243 273 247 273 270 281 ' ,'0 0 0 0 0 0 0 0 0 0 0 0 ' ,76 ,2 ,15, 2
423 ,352, 407, '270 221 229 251 230 255 256 243 237 257 248 373 ' ,'0 0 0 0 0 0 0 0 0 0 0 0 ' ,156 ,1 ,16, 2
316 ,412, 291, '229 227 222 222 246 204 245 249 204 208 247 215 ' ,'0 0 0 0 0 0 0 0 0 0 0 0 ' ,66 ,1 ,16, 2
337 ,322, 317, '235 219 238 215 231 231 292 195 235 237 255 222 ' ,'0 0 0 0 0 0 0 0 0 0 0 0 ' ,98 ,1 ,17, 1
294 ,345, 265, '237 220 215 209 211 231 199 188 201 213 182 184 ' ,'0 0 0 0 0 0 0 0 0 0 0 0 ' ,56 ,2 ,17, 2
344 ,283, 321, '247 259 233 200 217 257 246 261 296 258 271 282 ' ,'0 0 0 0 0 0 0 0 0 0 0 0 ' ,98 ,1 ,18, 2
352 ,353, 332, '248 279 239 267 290 277 243 265 271 280 215 248 ' ,'0 0 0 0 0 0 0 0 0 0 0 0 ' ,95 ,1 ,15, 1
380 ,357, 353, '254 289 236 281 253 263 278 215 282 309 257 230 ' ,'0 0 0 0 0 0 0 0 0 0 0 0 ' ,112 ,2 ,18, 1
638 ,377, 390, '255 267 255 261 240 252 198 224 246 347 237 214 ' ,'0 0 0 0 0 0 0 0 0 0 0 0 ' ,168 ,1 ,16, 2
359 ,415, 333, '218 213 278 297 271 257 248 266 302 227 244 291 ' ,'0 0 0 0 0 0 0 0 0 0 0 0 ' ,91 ,1 ,21, 2
439 ,359, 345, '274 272 271 261 306 282 302 247 276 256 271 265 ' ,'0 0 0 0 0 0 0 0 0 0 0 0 ' ,78 ,1 ,16, 2
348 ,443, 323, '276 289 233 297 229 255 289 216 272 259 277 220 ' ,'0 0 0 0 0 0 0 0 0 0 0 0 ' ,81 ,2 ,12, 2
384 ,353, 356, '315 276 271 253 297 259 301 274 265 317 246 224 ' ,'0 0 0 0 0 0 0 0 0 0 0 0 ' ,109 ,1 ,15, 2
423 ,385, 399, '254 253 272 285 354 298 344 271 332 265 237 286 ' ,'0 0 0 0 0 0 0 0 0 0 0 0 ' ,141 ,2 ,9, 3
374 ,423, 352, '213 245 248 220 257 220 232 245 289 302 239 265 ' ,'0 0 0 0 0 0 0 0 0 0 0 0 ' ,115 ,2 ,18, 2
381 ,375, 356, '263 284 327 256 273 224 235 244 268 262 246 297 ' ,'0 0 0 0 0 0 0 0 0 0 0 0 ' ,105 ,1 ,18, 2
299 ,380, 280, '189 229 203 243 190 225 248 239 213 199 248 235 ' ,'0 0 0 0 0 0 0 0 0 0 0 0 ' ,62 ,1 ,21, 1
275 ,288, 258, '181 223 227 180 186 194 201 211 212 193 194 197 ' ,'0 0 0 0 0 0 0 0 0 0 0 0 ' ,52 ,2 ,22, 1
305 ,268, 281, '215 213 180 232 208 235 239 213 222 216 263 222 ' ,'0 0 0 0 0 0 0 0 0 0 0 0 ' ,86 ,2 ,9, 1
294 ,301, 274, '224 173 226 239 210 250 217 184 188 216 201 210 ' ,'0 0 0 0 0 0 0 0 0 0 0 0 ' ,80 ,1 ,9, 1
284 ,303, 257, '212 236 210 244 213 199 224 212 240 202 229 185 ' ,'0 0 0 0 0 0 0 0 0 0 0 0 ' ,58 ,1 ,9, 2
282 ,287, 256, '199 190 208 223 200 222 232 173 208 217 232 205 ' ,'0 0 0 0 0 0 0 0 0 0 0 0 ' ,69 ,2 ,5, 1
285 ,286, 263, '185 224 191 213 190 240 179 186 230 201 222 183 ' ,'0 0 0 0 0 0 0 0 0 0 0 0 ' ,66 ,1 ,14, 2
371 ,285, 355, '255 253 267 218 264 222 229 213 211 234 214 310 ' ,'0 0 0 0 0 0 0 0 0 0 0 0 ' ,103 ,1 ,34, 2
369 ,365, 350, '233 329 320 242 285 295 330 251 266 283 292 246 ' ,'0 0 0 0 0 0 0 0 0 0 0 0 ' ,105 ,2 ,5, 1
370 ,377, 348, '322 243 284 235 248 264 266 239 320 312 324 258 ' ,'0 0 0 0 0 0 0 0 0 0 0 0 ' ,95 ,1 ,10, 2
369 ,375, 348, '324 296 301 265 316 276 280 295 278 297 277 318 ' ,'0 0 0 0 0 0 0 0 0 0 0 0 ' ,69 ,1 ,5, 2
445 ,372, 427, '310 413 322 351 319 352 380 325 383 306 371 360 ' ,'0 0 0 0 0 0 0 0 0 0 0 0 ' ,102 ,1 ,8, 2
357 ,463, 342, '309 262 261 276 318 286 243 260 247 231 239 272 ' ,'0 0 0 0 0 0 0 0 0 0 0 0 ' ,90 ,1 ,14, 2
337 ,371, 322, '251 287 281 275 260 287 285 273 234 256 239 255 ' ,'0 0 0 0 0 0 0 0 0 0 0 0 ' ,67 ,1 ,15, 1
287 ,347, 266, '213 217 231 249 214 172 212 203 235 207 221 213 ' ,'0 0 0 0 0 0 0 0 0 0 0 0 ' ,70 ,1 ,8, 2
308 ,298, 282, '190 162 186 168 210 202 206 217 197 241 204 193 ' ,'0 0 0 0 0 0 0 0 0 0 0 0 ' ,106 ,1 ,8, 2
293 ,317, 276, '216 216 240 208 226 221 250 238 229 190 224 223 ' ,'0 0 0 0 0 0 0 0 0 0 0 0 ' ,48 ,1 ,12, 2
304 ,301, 286, '189 209 200 200 236 230 228 208 204 209 200 227 ' ,'0 0 0 0 0 0 0 0 0 0 0 0 ' ,73 ,2 ,17, 1
287 ,304, 266, '220 191 186 201 160 186 192 176 220 220 188 208 ' ,'0 0 0 0 0 0 0 0 0 0 0 0 ' ,70 ,1 ,10, 2
326 ,298, 298, '205 207 185 226 222 231 203 231 206 257 226 257 ' ,'0 0 0 0 0 0 0 0 0 0 0 0 ' ,96 ,2 ,11, 1
356 ,330, 330, '303 225 210 246 289 245 296 256 220 263 233 251 ' ,'0 0 0 0 0 0 0 0 0 0 0 0 ' ,103 ,1 ,10, 2
1028 ,368, 344, '221 281 227 253 219 226 228 269 277 266 233 325 ' ,'0 0 0 0 0 0 0 0 0 0 0 0 ' ,109 ,1 ,7, 1
420 ,386, 395, '348 337 295 288 331 309 272 373 247 337 274 326 ' ,'0 0 0 0 0 0 0 0 0 0 0 0 ' ,130 ,1 ,10, 2
1111 ,424, 415, '294 289 294 394 301 303 256 245 322 279 278 340 ' ,'0 0 0 0 0 0 0 0 0 0 0 0 ' ,145 ,1 ,17, 4
467 ,453, 448, '273 347 279 228 291 254 317 273 419 227 366 240 ' ,'0 0 0 0 0 0 0 0 0 0 0 0 ' ,189 ,1 ,19, 1
343 ,493, 319, '298 205 204 257 266 223 220 226 245 245 272 212 ' ,'0 0 0 0 0 0 0 0 0 0 0 0 ' ,99 ,2 ,10, 1
403 ,352, 380, '262 286 268 287 303 294 254 217 230 321 249 217 ' ,'0 0 0 0 0 0 0 0 0 0 0 0 ' ,131 ,1 ,25, 2
632 ,412, 584, '215 220 222 223 254 244 229 190 306 226 250 235 ' ,'0 0 0 0 0 0 0 0 0 0 0 0 ' ,369 ,2 ,16, 2
359 ,627, 336, '301 225 270 198 232 226 213 207 203 238 206 241 ' ,'0 0 0 0 0 0 0 0 0 0 0 0 ' ,108 ,1 ,22, 2
300 ,356, 273, '196 190 209 204 205 216 224 191 235 218 208 198 ' ,'0 0 0 0 0 0 0 0 0 0 0 0 ' ,60 ,1 ,10, 2
302 ,298, 283, '210 200 224 178 220 194 218 159 224 207 227 194 ' ,'0 0 0 0 0 0 0 0 0 0 0 0 ' ,95 ,2 ,21, 1
332 ,306, 311, '236 226 233 245 266 235 204 249 248 243 260 232 ' ,'0 0 0 0 0 0 0 0 0 0 0 0 ' ,83 ,1 ,11, 2
423 ,344, 401, '325 262 273 281 307 329 236 297 301 343 245 309 ' ,'0 0 0 0 0 0 0 0 0 0 0 0 ' ,128 ,1 ,25, 2
659 ,408, 408, '367 307 279 293 341 290 243 265 279 251 293 339 ' ,'0 0 0 0 0 0 0 0 0 0 0 0 ' ,126 ,1 ,27, 2
484 ,426, 445, '350 253 223 313 389 275 309 324 272 266 328 280 ' ,'0 0 0 0 0 0 0 0 0 0 0 0 ' ,165 ,1 ,19, 1
448 ,467, 420, '271 249 362 354 315 295 303 321 343 280 288 304 ' ,'0 0 0 0 0 0 0 0 0 0 0 0 ' ,141 ,2 ,23, 2
489 ,438, 459, '368 297 294 420 384 269 375 292 366 364 308 351 ' ,'0 0 0 0 0 0 0 0 0 0 0 0 ' ,153 ,2 ,31, 2
401 ,470, 374, '338 284 266 281 283 298 330 288 321 291 288 271 ' ,'0 0 0 0 0 0 0 0 0 0 0 0 ' ,70 ,1 ,28, 2
453 ,389, 432, '398 307 298 344 404 252 354 273 351 275 272 265 ' ,'0 0 0 0 0 0 0 0 0 0 0 0 ' ,154 ,1 ,19, 3
360 ,445, 344, '296 315 230 294 285 246 246 260 249 256 305 273 ' ,'0 0 0 0 0 0 0 0 0 0 0 0 ' ,88 ,1 ,17, 3
327 ,358, 311, '266 231 277 267 212 290 277 262 248 277 248 268 ' ,'0 0 0 0 0 0 0 0 0 0 0 0 ' ,73 ,0 ,12, 2
347 ,325, 322, '229 298 267 279 218 214 257 241 260 264 240 218 ' ,'0 0 0 0 0 0 0 0 0 0 0 0 ' ,88 ,1 ,12, 2
384 ,362, 360, '287 248 251 225 247 230 255 252 268 307 239 253 ' ,'0 0 0 0 0 0 0 0 0 0 0 0 ' ,114 ,2 ,15, 1
301 ,386, 278, '220 212 216 210 214 183 238 221 254 220 223 229 ' ,'0 0 0 0 0 0 0 0 0 0 0 0 ' ,74 ,2 ,13, 2
291 ,310, 267, '210 210 200 213 209 187 245 206 196 205 187 239 ' ,'0 0 0 0 0 0 0 0 0 0 0 0 ' ,62 ,1 ,10, 2
344 ,294, 321, '274 212 250 219 237 224 203 225 218 254 297 232 ' ,'0 0 0 0 0 0 0 0 0 0 0 0 ' ,97 ,2 ,12, 1
338 ,353, 313, '281 247 230 237 238 256 244 237 225 269 232 207 ' ,'0 0 0 0 0 0 0 0 0 0 0 0 ' ,85 ,2 ,13, 1
320 ,335, 299, '227 249 229 222 248 250 203 230 239 245 236 199 ' ,'0 0 0 0 0 0 0 0 0 0 0 0 ' ,75 ,2 ,14, 2
343 ,334, 322, '251 255 223 224 274 270 213 256 250 224 282 240 ' ,'0 0 0 0 0 0 0 0 0 0 0 0 ' ,87 ,2 ,11, 1
372 ,347, 349, '324 286 265 284 267 259 228 231 275 262 253 222 ' ,'0 0 0 0 0 0 0 0 0 0 0 0 ' ,106 ,1 ,13, 2
361 ,379, 338, '311 256 252 316 270 275 287 209 277 206 277 267 ' ,'0 0 0 0 0 0 0 0 0 0 0 0 ' ,109 ,1 ,14, 2
434 ,372, 414, '257 265 276 378 212 314 252 262 223 293 340 250 ' ,'0 0 0 0 0 0 0 0 0 0 0 0 ' ,157 ,2 ,25, 2
411 ,447, 392, '272 299 231 313 286 246 307 235 286 306 299 367 ' ,'0 0 0 0 0 0 0 0 0 0 0 0 ' ,142 ,1 ,12, 2
429 ,446, 411, '307 235 267 263 300 265 261 362 275 291 275 258 ' ,'0 0 0 0 0 0 0 0 0 0 0 0 ' ,131 ,1 ,38, 2
568 ,417, 551, '251 252 238 283 247 239 271 249 524 273 297 241 ' ,'0 0 0 0 0 0 0 0 0 0 0 0 ' ,287 ,1 ,18, 2
310 ,579, 291, '250 255 221 209 214 201 234 234 210 265 244 187 ' ,'0 0 0 0 0 0 0 0 0 0 0 0 ' ,81 ,2 ,13, 2
1245 ,305, 1218, '251 215 209 182 265 205 183 180 235 229 213 206 ' ,'0 0 0 0 0 0 0 0 0 0 0 0 ' ,1011 ,2 ,18, 1
310 ,1249, 279, '184 199 190 189 216 192 198 198 214 222 253 208 ' ,'0 0 0 0 0 0 0 0 0 0 0 0 ' ,72 ,1 ,11, 2
366 ,314, 335, '239 238 202 215 264 195 208 206 212 225 202 187 ' ,'0 0 0 0 0 0 0 0 0 0 0 0 ' ,109 ,1 ,33, 1
339 ,357, 310, '201 221 191 182 220 160 176 226 203 247 183 199 ' ,'0 0 0 0 0 0 0 0 0 0 0 0 ' ,113 ,1 ,26, 1
303 ,327, 272, '195 177 171 186 209 204 213 178 198 207 196 213 ' ,'0 0 0 0 0 0 0 0 0 0 0 0 ' ,60 ,1 ,30, 1
3231 ,299, 3060, '197 174 176 163 1841 194 172 180 186 162 179 199 ' ,'0 0 0 0 0 0 0 0 0 0 0 0 ' ,2876 ,1 ,15, 1
571 ,3087, 317, '232 175 197 177 204 232 172 202 194 181 290 216 ' ,'0 0 0 0 0 0 0 0 0 0 0 0 ' ,120 ,2 ,15, 2
330 ,351, 305, '222 209 176 195 189 174 184 220 206 249 186 168 ' ,'0 0 0 0 0 0 0 0 0 0 0 0 ' ,114 ,1 ,13, 1
539 ,332, 511, '194 363 276 321 349 299 262 342 366 453 273 378 ' ,'0 0 0 0 0 0 0 0 0 0 0 0 ' ,292 ,1 ,18, 1
483 ,570, 457, '275 276 274 291 361 334 347 303 346 402 315 257 ' ,'0 0 0 0 0 0 0 0 0 0 0 0 ' ,174 ,2 ,16, 3
758 ,510, 737, '414 381 324 425 676 342 403 433 311 502 589 476 ' ,'0 0 0 0 0 0 0 0 0 0 0 0 ' ,395 ,1 ,23, 3
650 ,799, 634, '282 343 349 309 282 455 369 352 375 269 331 346 ' ,'0 0 0 0 0 0 0 0 0 0 0 0 ' ,336 ,149 ,19, 2
409 ,649, 393, '315 278 311 307 208 251 354 351 297 306 285 245 ' ,'0 0 0 0 0 0 0 0 0 0 0 0 ' ,151 ,1 ,27, 2
388 ,402, 371, '293 280 201 259 325 243 236 258 256 313 256 239 ' ,'0 0 0 0 0 0 0 0 0 0 0 0 ' ,128 ,2 ,35, 2
319 ,377, 298, '194 203 189 208 192 239 200 219 200 228 234 213 ' ,'0 0 0 0 0 0 0 0 0 0 0 0 ' ,77 ,1 ,24, 2
334 ,326, 312, '190 215 187 204 202 245 212 222 204 262 230 234 ' ,'0 0 0 0 0 0 0 0 0 0 0 0 ' ,105 ,3 ,12, 2
329 ,346, 307, '193 188 237 278 216 233 235 210 211 216 218 175 ' ,'0 0 0 0 0 0 0 0 0 0 0 0 ' ,105 ,2 ,18, 1
308 ,342, 283, '207 210 188 207 220 187 179 193 203 234 192 231 ' ,'0 0 0 0 0 0 0 0 0 0 0 0 ' ,84 ,2 ,13, 0
340 ,327, 317, '292 224 213 213 212 200 219 212 244 209 198 182 ' ,'0 0 0 0 0 0 0 0 0 0 0 0 ' ,112 ,1 ,12, 2
357 ,350, 339, '237 223 280 230 290 182 271 254 224 240 203 248 ' ,'0 0 0 0 0 0 0 0 0 0 0 0 ' ,132 ,2 ,13, 1
395 ,380, 367, '303 261 250 218 291 280 330 249 239 253 303 252 ' ,'0 0 0 0 0 42 32 0 0 0 0 0 ' ,118 ,1 ,24, 2
495 ,408, 474, '375 305 248 330 427 252 330 314 380 263 271 347 ' ,'0 0 0 0 0 0 0 0 0 0 0 0 ' ,200 ,1 ,17, 2
365 ,549, 348, '309 226 310 274 292 285 313 241 236 249 283 276 ' ,'0 0 37 0 0 0 0 0 0 0 0 0 ' ,92 ,1 ,24, 2
376 ,356, 358, '256 256 254 304 283 246 290 252 249 331 283 296 ' ,'0 0 0 0 0 0 0 0 0 0 0 0 ' ,91 ,2 ,15, 1
531 ,375, 514, '370 358 354 422 307 289 375 262 319 398 383 338 ' ,'0 0 0 0 0 0 0 0 0 0 0 0 ' ,162 ,1 ,80, 1
3102 ,521, 3074, '422 294 287 366 596 389 324 259 375 282 357 414 ' ,'0 0 0 0 0 0 0 0 0 0 0 0 ' ,2764 ,1 ,16, 1
952 ,3118, 929, '462 233 308 300 376 898 331 280 322 370 306 269 ' ,'0 0 0 0 0 0 0 0 0 0 0 0 ' ,670 ,1 ,18, 1
354 ,1010, 333, '272 228 243 255 209 219 207 231 232 253 298 241 ' ,'0 0 0 0 0 0 0 0 0 0 0 0 ' ,97 ,1 ,23, 0
314 ,361, 286, '257 182 218 190 217 229 192 197 206 209 200 185 ' ,'0 0 0 0 0 0 0 0 0 0 0 0 ' ,81 ,1 ,17, 1
304 ,318, 280, '208 233 200 201 230 188 204 227 218 176 186 212 ' ,'0 0 0 0 0 0 0 0 0 0 0 0 ' ,70 ,1 ,15, 0
351 ,317, 327, '225 210 219 183 189 240 216 176 202 261 229 200 ' ,'0 0 0 0 0 0 0 0 0 0 0 0 ' ,121 ,2 ,16, 1
339 ,350, 319, '186 174 222 218 209 235 192 207 175 256 205 189 ' ,'0 0 0 0 0 0 0 0 0 0 0 0 ' ,111 ,2 ,25, 1
423 ,374, 405, '222 209 234 206 212 218 218 183 187 279 210 201 ' ,'0 0 0 0 0 0 0 0 0 0 0 0 ' ,193 ,67 ,19, 3
430 ,453, 408, '235 259 279 355 325 305 234 282 302 274 376 267 ' ,'0 0 0 0 0 0 0 0 0 0 0 0 ' ,147 ,2 ,15, 1
594 ,439, 450, '262 261 229 262 368 403 235 262 313 303 270 303 ' ,'0 0 0 0 0 0 0 0 0 0 0 0 ' ,179 ,1 ,22, 1
397 ,482, 377, '284 257 325 279 275 296 287 249 241 306 347 274 ' ,'0 0 0 0 0 0 0 0 0 0 0 0 ' ,110 ,1 ,18, 2
396 ,410, 373, '315 261 245 287 316 278 234 279 240 303 271 313 ' ,'0 0 0 0 0 0 0 0 0 0 0 0 ' ,113 ,1 ,19, 2
666 ,404, 642, '287 223 280 279 275 240 285 238 301 279 469 277 ' ,'0 0 0 0 0 0 0 0 0 0 0 0 ' ,384 ,136 ,27, 2
470 ,671, 450, '326 266 392 387 390 326 268 284 352 380 318 326 ' ,'0 0 0 0 0 0 0 0 0 0 0 0 ' ,160 ,2 ,16, 2
492 ,486, 471, '373 295 327 387 408 351 324 285 339 289 310 398 ' ,'0 0 0 0 0 0 0 0 0 0 0 0 ' ,156 ,1 ,24, 2
476 ,494, 454, '368 304 275 309 326 289 394 302 274 309 419 352 ' ,'0 0 0 0 0 0 0 0 0 0 0 0 ' ,149 ,2 ,24, 1
513 ,488, 488, '449 265 312 287 332 319 349 253 305 296 445 298 ' ,'0 0 0 0 0 0 0 0 0 0 0 0 ' ,203 ,2 ,24, 2
638 ,523, 618, '420 288 273 241 465 232 341 370 261 301 319 325 ' ,'0 0 0 0 0 0 0 0 0 0 0 0 ' ,361 ,98 ,10, 1
361 ,651, 341, '253 280 266 281 244 236 217 228 237 284 229 250 ' ,'0 0 0 0 0 0 0 0 0 0 0 0 ' ,96 ,2 ,21, 1
1052 ,380, 358, '327 224 273 244 281 268 277 243 264 294 286 299 ' ,'0 0 0 0 0 0 0 0 0 0 0 0 ' ,107 ,2 ,14, 1
355 ,391, 333, '214 281 257 258 269 243 283 261 249 240 232 203 ' ,'0 0 0 0 0 0 0 0 0 0 0 0 ' ,100 ,1 ,14, 0
312 ,381, 296, '198 220 215 249 243 194 202 232 157 211 212 208 ' ,'0 0 0 0 0 0 0 0 0 0 0 0 ' ,105 ,1 ,27, 2
298 ,324, 284, '204 209 217 203 214 176 186 226 214 241 187 197 ' ,'0 0 0 0 0 0 0 0 0 0 0 0 ' ,77 ,2 ,22, 1
