910 ,0, 793, '681 689 734 496 668 728 697 669 ' ,'446 448 473 313 459 434 455 451 ' ,233 ,7 ,15, 15
1214 ,831, 1197, '182 1168 154 147 145 139 1155 156 ' ,'0 0 0 0 0 0 0 0 ' ,1034 ,3 ,9, 9
151 ,1207, 130, '117 108 106 113 100 101 105 100 ' ,'0 0 0 0 0 0 0 0 ' ,26 ,1 ,4, 4
129 ,152, 103, '74 70 82 67 63 64 62 64 ' ,'0 0 0 0 0 0 0 0 ' ,27 ,1 ,5, 5
109 ,130, 94, '69 64 64 66 63 65 56 58 ' ,'0 0 0 0 0 0 0 0 ' ,23 ,1 ,3, 3
324 ,103, 90, '64 61 63 54 70 56 50 52 ' ,'0 0 0 0 0 0 0 0 ' ,31 ,3 ,2, 2
127 ,116, 108, '84 82 79 80 82 70 70 74 ' ,'0 0 0 0 0 0 0 0 ' ,29 ,3 ,1, 1
106 ,119, 89, '68 70 67 69 62 64 57 61 ' ,'0 0 0 0 0 0 0 0 ' ,23 ,2 ,1, 1
121 ,103, 102, '66 69 70 64 77 70 66 62 ' ,'0 0 0 0 0 0 0 0 ' ,25 ,4 ,2, 2
122 ,112, 93, '73 78 71 72 72 65 63 65 ' ,'0 0 0 0 0 0 0 0 ' ,18 ,2 ,1, 1
117 ,104, 99, '78 74 78 74 66 72 78 64 ' ,'0 0 0 0 0 0 0 0 ' ,23 ,4 ,1, 1
1291 ,107, 104, '67 76 90 74 67 74 64 67 ' ,'0 0 0 0 0 0 0 0 ' ,25 ,2 ,1, 1
112 ,115, 91, '77 66 69 68 58 64 60 60 ' ,'0 0 0 0 0 0 0 0 ' ,22 ,1 ,1, 1
108 ,104, 89, '63 71 72 71 59 62 57 62 ' ,'0 0 0 0 0 0 0 0 ' ,25 ,2 ,1, 1
1129 ,102, 102, '82 81 76 72 71 69 63 72 ' ,'0 0 0 0 0 0 0 0 ' ,29 ,1 ,2, 2
111 ,112, 94, '80 75 74 81 79 76 63 72 ' ,'0 0 0 0 0 0 0 0 ' ,20 ,2 ,1, 1
125 ,107, 99, '67 68 83 69 67 62 59 63 ' ,'0 0 0 0 0 0 0 0 ' ,27 ,1 ,2, 2
120 ,112, 103, '76 64 90 66 62 60 56 60 ' ,'0 0 0 0 0 0 0 0 ' ,36 ,2 ,2, 2
111 ,111, 90, '76 75 73 76 65 69 70 64 ' ,'0 0 0 0 0 0 0 0 ' ,17 ,2 ,1, 1
121 ,103, 104, '93 70 77 72 71 70 62 63 ' ,'0 0 0 0 0 0 0 0 ' ,31 ,2 ,2, 2
99 ,115, 88, '75 62 69 67 57 55 58 62 ' ,'0 0 0 0 0 0 0 0 ' ,22 ,0 ,2, 2
96 ,95, 83, '66 71 67 65 62 65 54 67 ' ,'0 0 0 0 0 0 0 0 ' ,15 ,1 ,2, 2
108 ,89, 96, '74 79 74 74 68 77 62 72 ' ,'0 0 0 0 0 0 0 0 ' ,20 ,2 ,3, 3
1280 ,102, 97, '73 74 74 69 63 81 76 68 ' ,'0 0 0 0 0 0 0 0 ' ,16 ,1 ,5, 1
1135 ,106, 92, '83 78 75 74 67 63 65 66 ' ,'0 0 0 0 0 0 0 0 ' ,23 ,1 ,1, 1
120 ,103, 103, '89 89 82 83 73 72 71 71 ' ,'0 0 0 0 0 0 0 0 ' ,20 ,2 ,4, 4
118 ,116, 100, '72 74 90 77 63 67 67 63 ' ,'0 0 0 0 0 0 0 0 ' ,29 ,1 ,1, 1
100 ,112, 78, '63 64 69 62 54 52 54 50 ' ,'0 0 0 0 0 0 0 0 ' ,21 ,2 ,1, 1
111 ,89, 89, '75 68 76 79 60 59 60 61 ' ,'0 0 0 0 0 0 0 0 ' ,21 ,2 ,2, 2
141 ,98, 123, '88 86 93 82 99 93 75 88 ' ,'0 0 0 0 0 0 0 0 ' ,40 ,1 ,1, 1
1390 ,138, 177, '75 74 75 74 67 66 66 76 ' ,'0 0 0 0 0 0 0 0 ' ,103 ,85 ,2, 2
468 ,206, 95, '79 82 72 76 66 67 67 69 ' ,'0 0 0 0 0 0 0 0 ' ,20 ,2 ,3, 3
134 ,104, 115, '95 93 105 97 84 84 91 87 ' ,'0 0 0 0 0 0 0 0 ' ,23 ,0 ,2, 1
114 ,124, 95, '72 85 77 82 67 65 66 64 ' ,'0 0 0 0 0 0 0 0 ' ,22 ,1 ,2, 2
141 ,107, 118, '91 99 96 110 80 89 84 97 ' ,'0 0 0 0 0 0 0 0 ' ,27 ,1 ,1, 1
117 ,128, 94, '81 72 81 82 65 65 72 62 ' ,'0 0 0 0 0 0 0 0 ' ,21 ,0 ,1, 1
111 ,103, 95, '84 83 74 74 69 63 63 77 ' ,'0 0 0 0 0 0 0 0 ' ,27 ,1 ,1, 1
123 ,110, 102, '79 71 76 76 82 69 65 76 ' ,'0 0 0 0 0 0 0 0 ' ,30 ,1 ,1, 1
98 ,113, 86, '72 68 66 77 60 61 70 61 ' ,'0 0 0 0 0 0 0 0 ' ,18 ,2 ,1, 1
94 ,93, 81, '68 63 72 66 63 63 58 67 ' ,'0 0 0 0 0 0 0 0 ' ,16 ,1 ,1, 1
99 ,90, 87, '64 73 77 66 58 60 59 73 ' ,'0 0 0 0 0 0 0 0 ' ,20 ,1 ,2, 2
129 ,95, 108, '81 83 85 77 80 73 73 70 ' ,'0 0 0 0 0 0 0 0 ' ,28 ,2 ,2, 2
114 ,118, 95, '69 65 71 64 70 68 57 72 ' ,'0 0 0 0 0 0 0 0 ' ,30 ,2 ,1, 1
758 ,111, 75, '61 57 55 57 56 59 52 53 ' ,'0 0 0 0 0 0 0 0 ' ,16 ,1 ,1, 1
107 ,89, 85, '73 59 64 67 57 57 51 57 ' ,'0 0 0 0 0 0 0 0 ' ,26 ,1 ,2, 2
111 ,100, 93, '65 67 64 81 63 57 61 56 ' ,'0 0 0 0 0 0 0 0 ' ,26 ,2 ,1, 1
123 ,100, 102, '84 81 85 83 81 90 73 70 ' ,'0 0 0 0 0 0 0 0 ' ,25 ,1 ,2, 2
97 ,115, 79, '67 56 67 58 49 55 52 53 ' ,'0 0 0 0 0 0 0 0 ' ,20 ,2 ,2, 2
99 ,92, 77, '65 64 60 63 55 54 52 53 ' ,'0 0 0 0 0 0 0 0 ' ,17 ,1 ,2, 2
107 ,89, 91, '70 63 71 69 68 67 57 56 ' ,'0 0 0 0 0 0 0 0 ' ,27 ,1 ,2, 2
111 ,108, 92, '60 57 60 65 64 58 60 56 ' ,'0 0 0 0 0 0 0 0 ' ,28 ,5 ,2, 2
116 ,102, 93, '63 72 75 69 74 76 58 64 ' ,'0 0 0 0 0 0 0 0 ' ,25 ,1 ,2, 2
356 ,108, 107, '79 78 82 71 67 69 79 72 ' ,'0 0 0 0 0 0 0 0 ' ,28 ,1 ,2, 2
124 ,118, 105, '77 72 73 75 74 70 67 72 ' ,'0 0 0 0 0 0 0 0 ' ,29 ,1 ,1, 1
121 ,119, 102, '74 92 72 73 66 68 67 72 ' ,'0 0 0 0 0 0 0 0 ' ,25 ,0 ,2, 2
106 ,112, 89, '73 65 80 82 61 69 73 61 ' ,'0 0 0 0 0 0 0 0 ' ,19 ,0 ,1, 1
114 ,100, 100, '76 71 90 76 68 70 79 66 ' ,'0 0 0 0 0 0 0 0 ' ,24 ,1 ,2, 2
106 ,109, 93, '68 82 71 74 68 67 62 71 ' ,'0 0 0 0 0 0 0 0 ' ,19 ,2 ,2, 1
91 ,99, 76, '62 68 61 64 50 54 52 55 ' ,'0 0 0 0 0 0 0 0 ' ,19 ,0 ,1, 1
2315 ,85, 181, '71 67 66 61 61 60 56 76 ' ,'0 0 0 0 0 273 0 0 ' ,115 ,1 ,4, 4
215 ,6521, 194, '182 162 142 139 147 140 146 143 ' ,'0 0 0 0 0 0 0 0 ' ,45 ,1 ,2, 2
1410 ,207, 507, '284 308 300 244 266 211 204 203 ' ,'0 0 0 0 0 0 0 0 ' ,293 ,188 ,3, 3
8648 ,4123, 205, '164 158 160 158 173 149 155 146 ' ,'0 0 0 0 0 0 0 0 ' ,47 ,1 ,3, 3
258 ,216, 243, '226 162 176 190 188 166 180 197 ' ,'0 0 0 0 0 0 0 0 ' ,66 ,1 ,3, 3
224 ,251, 205, '177 181 168 196 179 191 168 159 ' ,'0 0 0 0 0 0 0 0 ' ,37 ,0 ,1, 1
813 ,218, 793, '694 642 638 438 640 777 633 726 ' ,'364 312 342 156 343 428 335 387 ' ,343 ,1 ,2, 2
270 ,800, 257, '200 201 248 222 174 208 162 195 ' ,'0 0 0 0 0 0 0 0 ' ,81 ,1 ,1, 1
237 ,264, 225, '158 171 162 183 201 213 170 181 ' ,'0 0 0 0 0 0 0 0 ' ,58 ,1 ,2, 2
240 ,230, 223, '197 166 191 216 158 181 158 163 ' ,'0 0 0 0 0 0 0 0 ' ,58 ,1 ,2, 2
239 ,233, 215, '196 211 209 209 168 191 180 184 ' ,'0 0 0 0 0 0 0 0 ' ,26 ,1 ,2, 2
210 ,233, 191, '167 169 145 160 142 150 170 179 ' ,'0 0 0 0 0 0 0 0 ' ,37 ,1 ,1, 1
233 ,202, 212, '178 192 200 188 163 142 161 154 ' ,'0 0 0 0 0 0 0 0 ' ,61 ,1 ,2, 2
253 ,226, 235, '171 179 150 181 160 223 167 166 ' ,'0 0 0 0 0 0 0 0 ' ,76 ,2 ,3, 3
258 ,242, 238, '189 157 187 230 202 160 164 181 ' ,'0 0 0 0 0 0 0 0 ' ,74 ,0 ,2, 2
282 ,252, 266, '252 224 182 207 157 199 156 200 ' ,'0 0 0 0 0 0 0 0 ' ,100 ,1 ,2, 2
360 ,278, 338, '219 194 187 196 192 213 194 170 ' ,'0 0 0 0 0 0 0 0 ' ,158 ,108 ,2, 2
257 ,1971, 235, '192 191 178 182 193 223 174 176 ' ,'0 0 0 0 0 0 0 0 ' ,51 ,1 ,3, 3
276 ,243, 257, '175 202 225 244 197 175 175 176 ' ,'0 0 0 0 0 0 0 0 ' ,72 ,1 ,2, 2
283 ,269, 264, '244 194 182 255 187 190 185 209 ' ,'0 0 0 0 0 0 0 0 ' ,74 ,2 ,1, 1
322 ,279, 303, '174 185 190 223 274 169 196 140 ' ,'0 0 0 0 0 0 0 0 ' ,153 ,1 ,2, 2
180 ,312, 161, '135 141 148 150 120 131 131 125 ' ,'0 0 0 0 0 0 0 0 ' ,26 ,1 ,3, 3
151 ,173, 135, '93 99 87 98 97 81 88 79 ' ,'0 0 0 0 0 0 0 0 ' ,46 ,4 ,2, 2
131 ,149, 109, '89 89 102 88 78 89 87 91 ' ,'0 0 0 0 0 0 0 0 ' ,17 ,1 ,2, 2
132 ,123, 113, '85 94 82 88 83 83 79 89 ' ,'0 0 0 0 0 0 0 0 ' ,25 ,2 ,1, 1
123 ,123, 109, '90 95 89 100 77 81 87 98 ' ,'0 0 0 0 0 0 0 0 ' ,24 ,0 ,1, 1
117 ,120, 104, '87 88 91 82 79 86 92 81 ' ,'0 0 0 0 0 0 0 0 ' ,15 ,1 ,1, 1
219 ,113, 202, '88 90 86 82 85 80 84 75 ' ,'0 0 0 0 0 0 0 0 ' ,117 ,0 ,2, 2
158 ,424, 137, '110 111 114 121 103 106 101 108 ' ,'0 0 0 0 0 0 0 0 ' ,27 ,2 ,1, 1
812 ,148, 126, '107 109 107 105 101 101 107 110 ' ,'0 0 0 0 0 0 0 0 ' ,16 ,1 ,2, 2
145 ,136, 126, '84 77 78 97 83 77 71 84 ' ,'0 0 0 0 0 0 0 0 ' ,43 ,0 ,2, 2
131 ,137, 112, '83 78 83 85 78 73 74 92 ' ,'0 0 0 0 0 0 0 0 ' ,30 ,1 ,1, 1
783 ,122, 101, '88 78 75 88 71 76 70 73 ' ,'0 0 0 0 0 0 0 0 ' ,22 ,1 ,2, 2
132 ,115, 116, '90 88 79 76 81 83 83 75 ' ,'0 0 0 0 0 0 0 0 ' ,31 ,1 ,2, 2
784 ,125, 109, '100 84 89 81 77 77 83 78 ' ,'0 0 0 0 0 0 0 0 ' ,24 ,1 ,1, 1
809 ,122, 137, '108 120 110 114 105 107 103 111 ' ,'0 0 0 0 0 0 0 0 ' ,24 ,1 ,1, 1
266 ,145, 246, '103 101 116 111 105 95 100 96 ' ,'0 0 0 0 0 0 0 0 ' ,40 ,1 ,2, 2
134 ,257, 113, '92 93 84 90 82 80 74 92 ' ,'0 0 0 0 0 0 0 0 ' ,30 ,1 ,1, 1
347 ,126, 103, '88 84 80 80 73 75 75 76 ' ,'0 0 0 0 0 0 0 0 ' ,24 ,1 ,2, 2
136 ,118, 117, '79 79 79 82 81 78 77 85 ' ,'0 0 0 0 0 0 0 0 ' ,31 ,1 ,1, 1
131 ,129, 116, '84 100 77 86 78 77 80 86 ' ,'0 0 0 0 0 0 0 0 ' ,25 ,1 ,2, 2
368 ,124, 129, '84 88 82 94 82 81 80 77 ' ,'0 0 0 0 0 0 0 0 ' ,40 ,2 ,3, 2
155 ,138, 136, '95 87 83 82 98 82 78 75 ' ,'0 0 0 0 0 0 0 0 ' ,51 ,2 ,2, 2
119 ,147, 107, '79 93 79 82 82 72 82 86 ' ,'0 0 0 0 0 0 0 0 ' ,24 ,1 ,2, 2
125 ,115, 110, '97 86 75 91 76 74 76 81 ' ,'0 0 0 0 0 0 0 0 ' ,22 ,2 ,2, 2
262 ,117, 250, '233 181 215 207 164 193 199 204 ' ,'0 0 0 0 0 0 0 0 ' ,74 ,2 ,3, 3
366 ,255, 351, '238 273 230 274 313 255 247 215 ' ,'0 0 0 0 0 0 0 0 ' ,122 ,1 ,2, 2
308 ,363, 289, '240 230 210 229 248 174 191 180 ' ,'0 0 0 0 0 0 0 0 ' ,105 ,1 ,2, 2
322 ,298, 303, '213 259 242 294 266 265 200 236 ' ,'0 0 0 0 0 0 0 0 ' ,93 ,1 ,2, 2
276 ,313, 260, '209 201 241 248 181 201 174 174 ' ,'0 0 0 0 0 0 0 0 ' ,72 ,1 ,3, 3
264 ,266, 242, '214 169 205 197 201 174 198 167 ' ,'0 0 0 0 0 0 0 0 ' ,64 ,1 ,2, 2
287 ,252, 267, '251 178 242 207 193 214 182 162 ' ,'0 0 0 0 0 0 0 0 ' ,90 ,1 ,2, 2
240 ,275, 219, '188 198 197 189 185 170 196 171 ' ,'0 0 0 0 0 0 0 0 ' ,40 ,1 ,2, 2
248 ,228, 227, '180 180 167 165 188 170 187 145 ' ,'0 0 0 0 0 0 0 0 ' ,71 ,1 ,2, 2
246 ,238, 231, '187 183 215 181 159 170 143 154 ' ,'0 0 0 0 0 0 0 0 ' ,78 ,2 ,1, 1
224 ,244, 210, '157 189 163 182 175 139 169 138 ' ,'0 0 0 0 0 0 0 0 ' ,58 ,1 ,2, 2
231 ,218, 209, '151 170 169 187 167 170 139 175 ' ,'0 0 0 0 0 0 0 0 ' ,54 ,2 ,2, 2
196 ,220, 176, '146 131 120 142 141 115 111 124 ' ,'0 0 0 0 0 0 0 0 ' ,54 ,2 ,1, 1
215 ,185, 196, '172 159 137 158 166 170 124 115 ' ,'0 0 0 0 0 0 0 0 ' ,72 ,1 ,2, 2
233 ,206, 216, '201 131 144 137 129 132 139 125 ' ,'0 0 0 0 0 0 0 0 ' ,81 ,1 ,2, 2
194 ,230, 172, '137 142 140 132 140 127 120 111 ' ,'0 0 0 0 0 0 0 0 ' ,52 ,2 ,1, 1
189 ,184, 177, '150 156 158 146 141 126 165 154 ' ,'0 0 0 0 0 0 0 0 ' ,41 ,1 ,2, 2
176 ,185, 163, '144 138 117 154 127 113 142 118 ' ,'0 0 0 0 0 0 0 0 ' ,39 ,1 ,1, 1
179 ,170, 164, '148 138 123 136 132 123 135 115 ' ,'0 0 0 0 0 0 0 0 ' ,40 ,2 ,1, 1
204 ,171, 188, '149 120 124 176 130 136 120 138 ' ,'0 0 0 0 0 0 0 0 ' ,57 ,1 ,2, 2
242 ,202, 220, '145 158 146 156 177 149 120 125 ' ,'0 0 0 0 0 0 0 0 ' ,91 ,2 ,2, 2
223 ,235, 205, '152 165 152 138 160 167 125 132 ' ,'0 0 0 0 0 0 0 399 ' ,70 ,2 ,1, 1
214 ,213, 198, '171 141 147 187 155 130 155 141 ' ,'0 0 0 0 0 0 0 0 ' ,60 ,1 ,1, 1
241 ,208, 217, '154 172 190 179 174 129 130 127 ' ,'0 0 0 0 0 0 0 0 ' ,78 ,2 ,2, 2
247 ,225, 229, '171 181 183 164 182 157 169 175 ' ,'0 0 0 0 0 0 0 0 ' ,62 ,1 ,1, 1
1005 ,241, 229, '154 158 151 161 177 134 123 136 ' ,'0 0 0 0 0 0 0 0 ' ,94 ,1 ,2, 2
224 ,239, 206, '172 178 140 172 168 163 138 154 ' ,'0 0 0 0 0 0 0 0 ' ,57 ,1 ,2, 2
217 ,219, 200, '142 147 157 152 156 127 138 143 ' ,'0 0 0 0 0 0 0 0 ' ,63 ,1 ,2, 2
227 ,211, 208, '193 145 147 143 148 124 135 152 ' ,'0 0 0 0 0 0 0 0 ' ,74 ,2 ,1, 1
229 ,216, 209, '173 159 171 165 153 192 181 153 ' ,'0 0 0 0 0 0 0 0 ' ,44 ,2 ,1, 1
256 ,218, 234, '164 156 168 147 191 133 140 151 ' ,'0 0 0 0 0 0 0 0 ' ,92 ,2 ,2, 2
219 ,243, 199, '177 142 138 148 154 134 142 161 ' ,'0 0 0 0 0 0 0 0 ' ,55 ,1 ,1, 1
218 ,211, 199, '184 170 137 149 153 139 127 158 ' ,'0 0 0 0 0 0 0 0 ' ,60 ,1 ,2, 2
879 ,209, 192, '161 171 170 172 150 151 119 145 ' ,'0 0 0 0 0 0 0 0 ' ,62 ,1 ,1, 1
238 ,209, 223, '174 180 188 210 145 167 162 194 ' ,'0 0 0 0 0 0 0 0 ' ,67 ,1 ,1, 1
201 ,233, 189, '161 137 142 179 145 156 153 142 ' ,'0 0 0 0 0 0 0 0 ' ,41 ,1 ,1, 1
182 ,195, 168, '131 149 151 148 138 147 139 145 ' ,'0 0 0 0 0 0 0 0 ' ,27 ,2 ,1, 1
215 ,175, 196, '160 152 181 167 143 146 155 135 ' ,'0 0 0 0 0 0 0 0 ' ,49 ,1 ,1, 1
260 ,208, 242, '163 167 156 161 196 178 151 199 ' ,'0 0 0 0 0 0 0 0 ' ,80 ,1 ,2, 2
253 ,255, 230, '188 175 183 158 179 170 140 189 ' ,'0 0 0 0 0 0 0 0 ' ,80 ,2 ,2, 2
509 ,241, 490, '165 161 148 186 450 155 144 163 ' ,'0 0 0 0 285 0 0 0 ' ,334 ,1 ,2, 2
250 ,502, 222, '179 200 172 190 179 142 131 153 ' ,'0 0 0 0 0 0 0 0 ' ,83 ,1 ,2, 2
282 ,234, 258, '178 176 186 188 214 179 152 165 ' ,'0 0 0 0 0 0 0 0 ' ,96 ,1 ,2, 2
253 ,271, 229, '158 145 156 175 176 158 141 146 ' ,'0 0 0 0 0 0 0 0 ' ,80 ,2 ,1, 1
258 ,241, 229, '197 196 181 171 182 161 134 167 ' ,'0 0 0 0 0 0 0 0 ' ,87 ,2 ,1, 1
269 ,245, 245, '230 186 218 215 188 200 190 176 ' ,'0 0 0 0 0 0 0 0 ' ,56 ,1 ,1, 1
253 ,257, 232, '214 176 202 155 155 126 147 154 ' ,'0 0 0 0 0 0 0 0 ' ,91 ,2 ,1, 1
279 ,242, 262, '170 180 191 204 212 170 176 156 ' ,'0 0 0 0 0 0 0 0 ' ,93 ,2 ,2, 2
271 ,277, 253, '208 202 190 196 204 231 229 213 ' ,'0 0 0 0 0 0 0 0 ' ,48 ,2 ,2, 2
292 ,263, 277, '252 204 167 185 166 142 189 152 ' ,'0 0 0 0 0 0 0 0 ' ,122 ,11 ,2, 2
338 ,288, 316, '196 183 215 215 267 199 162 172 ' ,'0 0 0 0 0 0 0 0 ' ,141 ,1 ,2, 2
301 ,327, 280, '195 221 221 215 231 168 177 175 ' ,'0 0 0 0 0 0 0 0 ' ,101 ,1 ,2, 2
247 ,290, 235, '220 199 182 176 208 209 161 154 ' ,'0 0 0 0 0 0 0 0 ' ,68 ,2 ,1, 1
300 ,242, 289, '232 173 167 275 192 161 168 158 ' ,'0 0 0 0 0 0 0 0 ' ,116 ,2 ,3, 3
267 ,294, 255, '207 178 180 208 195 240 180 181 ' ,'0 0 0 0 0 0 0 0 ' ,64 ,2 ,2, 2
272 ,263, 253, '174 172 220 173 202 171 165 172 ' ,'0 0 0 0 0 0 0 0 ' ,76 ,1 ,2, 2
