245 ,0, 114, '71 71 73 70 63 62 60 60 37 20 33 34 ' ,'0 0 0 0 0 0 0 0 0 0 0 0 ' ,50 ,6 ,3, 2
951 ,162, 937, '118 110 901 110 96 130 113 911 77 73 111 129 ' ,'0 0 0 0 0 0 0 0 0 0 0 0 ' ,842 ,1 ,1, 1
60 ,942, 34, '24 27 20 23 22 23 25 22 12 14 14 16 ' ,'0 0 0 0 0 0 0 0 0 0 0 0 ' ,17 ,0 ,1, 1
52 ,52, 33, '25 19 12 13 15 16 18 13 15 6 9 11 ' ,'0 0 0 0 0 0 0 0 0 0 0 0 ' ,15 ,1 ,1, 1
50 ,49, 33, '17 11 12 25 11 15 14 13 16 9 9 7 ' ,'0 0 0 0 0 0 0 0 0 0 0 0 ' ,18 ,1 ,1, 1
51 ,47, 28, '14 18 15 14 10 10 12 16 11 8 6 13 ' ,'0 0 0 0 0 0 0 0 0 0 0 0 ' ,16 ,0 ,1, 1
51 ,50, 34, '14 18 19 19 12 18 16 21 13 14 8 10 ' ,'0 0 0 0 0 0 0 0 0 0 0 0 ' ,15 ,0 ,3, 3
48 ,44, 33, '13 15 12 21 12 17 12 11 12 7 6 7 ' ,'0 0 0 0 0 0 0 0 0 0 0 0 ' ,18 ,1 ,1, 1
50 ,42, 30, '15 16 14 17 14 18 19 13 8 6 10 10 ' ,'0 0 0 0 0 0 0 0 0 0 0 0 ' ,14 ,1 ,0, 0
49 ,43, 29, '14 17 15 22 12 12 16 14 14 7 7 12 ' ,'0 0 0 0 0 0 0 0 0 0 0 0 ' ,14 ,1 ,0, 0
61 ,45, 35, '26 19 17 17 11 21 19 17 10 13 11 8 ' ,'0 0 0 0 0 0 0 0 0 0 0 0 ' ,21 ,1 ,1, 1
55 ,48, 34, '19 26 20 19 16 20 20 20 11 14 14 14 ' ,'0 0 0 0 0 0 0 0 0 0 0 0 ' ,16 ,1 ,1, 1
53 ,43, 36, '18 15 19 17 14 21 13 18 12 9 12 10 ' ,'0 0 0 0 0 0 0 0 0 0 0 0 ' ,15 ,1 ,1, 1
48 ,47, 30, '22 14 15 13 11 18 12 18 9 8 12 8 ' ,'0 0 0 0 0 0 0 0 0 0 0 0 ' ,13 ,1 ,1, 1
58 ,41, 41, '24 17 18 27 12 24 21 12 12 14 7 10 ' ,'0 0 0 0 0 0 0 0 0 0 0 0 ' ,23 ,1 ,0, 0
52 ,54, 35, '17 16 18 19 12 16 15 19 11 12 7 10 ' ,'0 0 0 0 0 0 0 0 0 0 0 0 ' ,13 ,1 ,1, 1
54 ,43, 34, '18 23 15 15 17 17 12 16 10 7 11 8 ' ,'0 0 0 0 0 0 0 0 0 0 0 0 ' ,19 ,2 ,0, 0
52 ,44, 27, '20 15 12 19 14 13 15 12 13 9 9 10 ' ,'0 0 0 0 0 0 0 0 0 0 0 0 ' ,13 ,1 ,1, 1
58 ,45, 46, '12 17 18 25 15 20 15 19 14 9 6 11 ' ,'0 0 0 0 0 0 0 0 0 0 0 0 ' ,32 ,2 ,1, 1
46 ,52, 31, '17 18 17 22 20 19 14 17 6 13 13 9 ' ,'0 0 0 0 0 0 0 0 0 0 0 0 ' ,19 ,1 ,0, 0
55 ,41, 37, '15 21 13 28 17 16 17 13 8 12 10 12 ' ,'0 0 0 0 0 0 0 0 0 0 0 0 ' ,20 ,1 ,1, 1
78 ,52, 60, '16 17 16 24 14 14 17 13 16 10 9 11 ' ,'0 0 0 0 0 0 0 0 0 0 0 0 ' ,35 ,24 ,2, 2
1516 ,68, 29, '13 15 17 16 15 17 15 19 11 7 7 9 ' ,'0 0 0 0 0 0 0 0 0 0 0 0 ' ,15 ,1 ,0, 0
49 ,43, 31, '15 18 16 20 17 16 20 12 13 7 8 12 ' ,'0 0 0 0 0 0 0 0 0 0 0 0 ' ,12 ,1 ,1, 1
48 ,45, 27, '12 17 11 19 12 13 16 12 13 10 18 11 ' ,'0 0 0 0 0 0 0 0 0 0 0 0 ' ,9 ,1 ,1, 1
54 ,43, 30, '21 16 18 17 13 22 16 20 10 7 12 9 ' ,'0 0 0 0 0 0 0 0 0 0 0 0 ' ,13 ,2 ,1, 1
52 ,44, 31, '20 16 18 17 13 22 17 18 12 8 12 10 ' ,'0 0 0 0 0 0 0 0 0 0 0 0 ' ,11 ,1 ,3, 3
48 ,45, 29, '13 16 10 17 10 15 16 10 12 6 8 10 ' ,'0 0 0 0 0 0 0 0 0 0 0 0 ' ,11 ,1 ,1, 0
47 ,42, 30, '17 20 14 14 16 15 18 14 8 6 10 14 ' ,'0 0 0 0 0 0 0 0 0 0 0 0 ' ,16 ,2 ,0, 0
676 ,41, 31, '18 21 16 23 17 20 21 17 15 11 11 13 ' ,'0 0 0 0 0 0 0 0 0 0 0 0 ' ,14 ,1 ,0, 0
270 ,45, 33, '17 13 16 23 19 18 18 18 13 8 11 7 ' ,'0 0 0 0 0 0 0 0 0 0 0 0 ' ,18 ,0 ,0, 0
49 ,45, 29, '12 16 17 19 13 13 16 18 11 8 7 9 ' ,'0 0 0 0 0 0 0 0 0 0 0 0 ' ,15 ,0 ,2, 2
56 ,43, 33, '16 24 22 24 20 19 26 21 13 11 9 17 ' ,'0 0 0 0 0 0 0 0 0 0 0 0 ' ,17 ,1 ,0, 0
46 ,49, 31, '17 13 15 23 16 23 12 17 15 7 12 7 ' ,'0 0 0 0 0 0 0 0 0 0 0 0 ' ,16 ,1 ,0, 0
60 ,43, 34, '15 23 19 17 25 19 20 16 15 9 11 13 ' ,'0 0 0 0 0 0 0 0 0 0 0 0 ' ,20 ,0 ,1, 1
48 ,50, 31, '13 22 12 19 15 17 25 16 12 10 8 13 ' ,'0 0 0 0 0 0 0 0 0 0 0 0 ' ,17 ,1 ,0, 0
45 ,41, 32, '25 17 13 23 14 22 21 14 12 12 7 11 ' ,'0 0 0 0 0 0 0 0 0 0 0 0 ' ,12 ,0 ,0, 0
39 ,41, 28, '19 19 14 13 16 15 18 18 8 11 12 12 ' ,'0 0 0 0 0 0 0 0 0 0 0 0 ' ,12 ,1 ,1, 1
46 ,37, 26, '13 18 15 19 12 15 13 12 12 8 7 10 ' ,'0 0 0 0 0 0 0 0 0 0 0 0 ' ,10 ,0 ,1, 1
53 ,36, 36, '18 17 12 20 14 14 13 13 12 6 6 7 ' ,'0 0 0 0 0 0 0 0 0 0 0 0 ' ,18 ,1 ,0, 0
49 ,47, 32, '18 13 15 15 18 17 15 16 7 12 11 6 ' ,'0 0 0 0 0 0 0 0 0 0 0 0 ' ,15 ,0 ,0, 0
51 ,44, 32, '18 12 17 18 18 19 13 19 10 7 12 7 ' ,'0 0 0 0 0 0 0 0 0 0 0 0 ' ,16 ,1 ,1, 1
52 ,45, 33, '18 15 17 21 18 14 13 16 10 11 6 8 ' ,'0 0 0 0 0 0 0 0 0 0 0 0 ' ,20 ,1 ,0, 0
40 ,48, 24, '12 10 11 17 11 13 11 13 13 6 8 5 ' ,'0 0 0 0 0 0 0 0 0 0 0 0 ' ,11 ,0 ,1, 1
49 ,36, 25, '12 13 20 17 10 12 14 18 12 6 7 9 ' ,'0 0 0 0 0 0 0 0 0 0 0 0 ' ,13 ,1 ,0, 0
685 ,37, 34, '17 13 17 17 23 20 13 15 10 13 10 7 ' ,'0 0 0 0 0 0 0 0 0 0 0 0 ' ,18 ,1 ,0, 0
54 ,48, 38, '14 28 19 25 14 14 16 18 12 10 19 15 ' ,'0 0 0 0 0 0 0 0 0 0 0 0 ' ,16 ,1 ,0, 0
53 ,45, 30, '15 11 13 20 16 20 11 13 10 11 9 6 ' ,'0 0 0 0 0 0 0 0 0 0 0 0 ' ,15 ,1 ,0, 0
264 ,45, 26, '10 17 16 17 11 12 15 19 9 6 7 11 ' ,'0 0 0 0 0 0 0 0 0 0 0 0 ' ,17 ,1 ,1, 0
120 ,43, 100, '15 15 11 23 11 14 15 13 11 6 8 10 ' ,'0 0 0 0 0 0 0 0 0 0 0 0 ' ,82 ,65 ,0, 0
50 ,112, 29, '13 19 11 11 14 14 16 13 6 5 8 10 ' ,'0 0 0 0 0 0 0 0 0 0 0 0 ' ,18 ,4 ,0, 0
46 ,42, 29, '18 15 15 21 10 19 11 16 7 5 10 16 ' ,'0 0 0 0 0 0 0 0 0 0 0 0 ' ,12 ,1 ,0, 0
57 ,39, 32, '15 17 14 19 12 24 18 14 12 11 12 9 ' ,'0 0 0 0 0 0 0 0 0 0 0 0 ' ,12 ,1 ,2, 2
41 ,43, 29, '20 23 18 15 16 22 18 15 7 13 10 16 ' ,'0 0 0 0 0 0 0 0 0 0 0 0 ' ,16 ,1 ,1, 1
52 ,47, 35, '22 16 25 21 12 16 17 17 13 10 10 11 ' ,'0 0 0 0 0 0 0 0 0 0 0 0 ' ,13 ,0 ,0, 0
37 ,42, 24, '18 16 16 15 17 18 12 16 10 11 11 6 ' ,'0 0 0 0 0 0 0 0 0 0 0 0 ' ,10 ,1 ,1, 1
54 ,33, 30, '18 22 13 21 17 24 20 17 12 9 7 12 ' ,'0 0 0 0 0 0 0 0 0 0 0 0 ' ,13 ,1 ,0, 0
50 ,47, 33, '17 24 17 16 12 19 14 16 11 11 11 12 ' ,'0 0 0 0 0 0 0 0 0 0 0 0 ' ,15 ,1 ,3, 0
45 ,42, 23, '14 15 12 13 10 15 10 14 8 4 8 5 ' ,'0 0 0 0 0 0 0 0 0 0 0 0 ' ,12 ,0 ,0, 0
50 ,40, 33, '13 18 17 17 17 16 18 16 10 7 7 9 ' ,'0 0 0 0 0 0 0 0 0 0 0 0 ' ,19 ,1 ,0, 0
46 ,49, 28, '12 13 11 17 10 13 18 9 9 11 8 9 ' ,'0 0 0 0 0 0 0 0 0 0 0 0 ' ,13 ,1 ,3, 3
44 ,38, 28, '18 13 15 15 17 16 17 17 8 6 9 6 ' ,'0 0 0 0 0 0 0 0 0 0 0 0 ' ,14 ,1 ,0, 0
47 ,43, 29, '17 19 14 16 12 17 12 14 6 9 9 5 ' ,'0 0 0 0 0 0 0 0 0 0 0 0 ' ,13 ,1 ,1, 1
60 ,39, 35, '18 30 30 21 23 22 26 27 13 14 12 17 ' ,'0 0 0 0 0 0 0 0 0 0 0 0 ' ,19 ,1 ,0, 0
66 ,46, 42, '34 28 36 35 18 37 26 30 26 11 14 24 ' ,'0 0 0 0 0 0 0 0 0 0 0 0 ' ,22 ,1 ,0, 0
247 ,55, 215, '211 140 112 104 125 134 203 95 61 77 117 90 ' ,'0 0 0 0 0 0 0 0 0 0 0 0 ' ,151 ,1 ,0, 0
71 ,233, 47, '41 29 19 26 35 28 34 20 19 21 11 16 ' ,'0 0 0 0 0 0 0 0 0 0 0 0 ' ,32 ,1 ,1, 1
78 ,58, 52, '34 34 28 36 39 22 44 26 13 19 16 16 ' ,'0 0 0 0 0 0 0 0 0 0 0 0 ' ,36 ,1 ,0, 0
93 ,66, 71, '33 31 27 34 39 35 32 29 11 19 11 13 ' ,'0 0 0 0 0 0 0 0 0 0 0 0 ' ,50 ,0 ,0, 0
97 ,83, 76, '36 41 43 43 42 47 31 33 32 14 15 15 ' ,'0 0 0 0 0 0 0 0 0 0 0 0 ' ,52 ,19 ,1, 1
70 ,86, 47, '35 27 37 21 33 31 22 27 19 14 18 14 ' ,'0 0 0 0 0 0 0 0 0 0 0 0 ' ,25 ,1 ,1, 1
70 ,59, 58, '27 27 33 29 46 44 29 28 14 22 19 21 ' ,'0 0 0 0 0 0 0 0 0 0 0 0 ' ,37 ,0 ,1, 0
90 ,68, 79, '43 42 34 69 31 37 39 38 23 17 11 21 ' ,'0 0 0 0 0 0 0 0 0 0 0 0 ' ,60 ,1 ,1, 1
264 ,222, 252, '222 223 228 202 57 209 243 235 52 43 47 42 ' ,'161 154 146 117 0 138 167 164 0 0 0 0 ' ,201 ,1 ,0, 0
88 ,263, 68, '56 38 59 32 41 54 46 30 13 27 27 21 ' ,'0 0 0 0 0 0 0 0 0 0 0 0 ' ,46 ,1 ,0, 0
81 ,76, 64, '23 48 30 32 49 34 42 40 19 21 22 34 ' ,'0 0 0 0 0 0 0 0 0 0 0 0 ' ,30 ,0 ,0, 0
68 ,75, 48, '32 27 40 38 33 33 33 38 27 26 20 17 ' ,'0 0 0 0 0 0 0 0 0 0 0 0 ' ,22 ,0 ,1, 1
80 ,56, 62, '31 37 40 50 34 34 42 30 22 21 19 21 ' ,'0 0 0 0 0 0 0 0 0 0 0 0 ' ,30 ,1 ,2, 2
278 ,71, 49, '20 24 20 37 25 24 26 41 17 17 11 20 ' ,'0 0 0 0 0 0 0 0 0 0 0 0 ' ,27 ,1 ,0, 0
78 ,59, 58, '27 27 36 21 41 36 34 41 26 25 19 13 ' ,'0 0 0 0 0 0 0 0 0 0 0 0 ' ,38 ,1 ,0, 0
69 ,68, 50, '28 31 32 26 33 25 34 38 15 13 13 17 ' ,'0 0 0 0 0 0 0 0 0 0 0 0 ' ,30 ,1 ,0, 0
1540 ,60, 57, '27 30 38 38 36 39 39 28 23 39 14 12 ' ,'0 0 0 0 0 0 0 0 0 0 0 0 ' ,33 ,2 ,1, 1
97 ,69, 76, '45 26 39 46 57 26 69 29 16 25 14 15 ' ,'0 0 0 0 0 0 0 0 0 0 0 0 ' ,55 ,1 ,1, 0
69 ,85, 54, '37 40 41 36 40 36 32 36 20 24 9 29 ' ,'0 0 0 0 0 0 0 0 0 0 0 0 ' ,38 ,1 ,0, 0
65 ,67, 48, '42 31 37 39 35 42 32 30 23 17 28 23 ' ,'0 0 0 0 0 0 0 0 0 0 0 0 ' ,21 ,1 ,0, 0
89 ,60, 69, '35 42 33 37 57 38 25 25 19 27 17 21 ' ,'0 0 0 0 0 0 0 0 0 0 0 0 ' ,46 ,2 ,0, 0
70 ,88, 54, '45 30 38 21 31 41 38 43 15 20 26 29 ' ,'0 0 0 0 0 0 0 0 0 0 0 0 ' ,35 ,0 ,0, 0
95 ,66, 76, '73 60 31 30 31 30 47 28 19 60 18 35 ' ,'0 0 0 0 0 0 0 0 0 0 0 0 ' ,51 ,1 ,1, 1
57 ,93, 43, '37 25 24 27 25 29 23 33 15 12 16 18 ' ,'0 0 0 0 0 0 0 0 0 0 0 0 ' ,22 ,0 ,0, 0
46 ,52, 33, '17 23 22 22 23 17 26 22 12 13 10 15 ' ,'0 0 0 0 0 0 0 0 0 0 0 0 ' ,18 ,0 ,0, 0
48 ,44, 35, '21 20 24 21 16 16 20 21 13 12 10 13 ' ,'0 0 0 0 0 0 0 0 0 0 0 0 ' ,16 ,0 ,0, 0
42 ,45, 28, '19 20 17 22 18 19 21 17 10 12 11 12 ' ,'0 0 0 0 0 0 0 0 0 0 0 0 ' ,12 ,1 ,0, 0
53 ,36, 36, '21 21 23 25 21 14 20 21 10 8 11 12 ' ,'0 0 0 0 0 0 0 0 0 0 0 0 ' ,20 ,0 ,0, 0
668 ,49, 33, '18 17 21 25 16 28 21 22 14 8 14 11 ' ,'0 0 0 0 0 0 0 0 0 0 0 0 ' ,18 ,1 ,0, 0
45 ,46, 29, '22 16 19 17 17 18 17 20 11 13 19 8 ' ,'0 0 0 0 0 0 0 0 0 0 0 0 ' ,15 ,1 ,0, 0
60 ,41, 37, '22 20 22 30 17 25 23 18 16 9 14 12 ' ,'0 0 0 0 0 0 0 0 0 0 0 0 ' ,19 ,0 ,0, 0
61 ,53, 43, '23 23 19 24 26 18 25 17 15 14 9 14 ' ,'0 0 0 0 0 0 0 0 0 0 0 0 ' ,27 ,1 ,0, 0
46 ,53, 28, '18 19 19 15 15 17 22 15 8 11 10 12 ' ,'0 0 0 0 0 0 0 0 0 0 0 0 ' ,19 ,0 ,0, 0
58 ,46, 30, '25 19 19 19 20 19 19 18 14 11 12 14 ' ,'0 0 0 0 0 0 0 0 0 0 0 0 ' ,14 ,1 ,0, 0
662 ,41, 30, '19 20 14 14 14 16 20 14 6 10 9 11 ' ,'0 0 0 0 0 0 0 0 0 0 0 0 ' ,17 ,1 ,0, 0
49 ,40, 30, '21 20 19 17 18 20 14 18 9 9 12 10 ' ,'0 0 0 0 0 0 0 0 0 0 0 0 ' ,15 ,0 ,0, 0
50 ,43, 29, '13 15 22 17 13 14 17 18 11 8 7 8 ' ,'0 0 0 0 0 0 0 0 0 0 0 0 ' ,16 ,0 ,1, 1
48 ,42, 31, '22 24 20 20 21 19 23 20 17 11 12 15 ' ,'0 0 0 0 0 0 0 0 0 0 0 0 ' ,15 ,0 ,0, 0
57 ,42, 37, '20 23 26 22 25 17 27 25 15 10 12 9 ' ,'0 0 0 0 0 0 0 0 0 0 0 0 ' ,20 ,1 ,0, 0
51 ,51, 32, '19 20 16 16 18 20 21 15 6 9 11 13 ' ,'0 0 0 0 0 0 0 0 0 0 0 0 ' ,18 ,1 ,0, 0
57 ,41, 36, '24 13 15 29 19 18 13 16 14 6 11 7 ' ,'0 0 0 0 0 0 0 0 0 0 0 0 ' ,21 ,1 ,0, 0
50 ,48, 35, '16 16 18 19 21 16 19 18 10 6 7 9 ' ,'0 0 0 0 0 0 0 0 0 0 0 0 ' ,20 ,1 ,1, 1
41 ,49, 29, '17 23 18 15 19 17 20 14 8 12 11 15 ' ,'0 0 0 0 0 0 0 0 0 0 0 0 ' ,16 ,0 ,0, 0
45 ,36, 28, '16 23 15 20 18 19 20 14 14 11 10 11 ' ,'0 0 0 0 0 0 0 0 0 0 0 0 ' ,12 ,1 ,0, 0
41 ,35, 29, '15 17 17 17 21 20 16 17 10 13 9 8 ' ,'0 0 0 0 0 0 0 0 0 0 0 0 ' ,13 ,1 ,1, 1
663 ,39, 29, '19 19 19 18 15 14 20 12 13 7 9 13 ' ,'0 0 0 0 0 0 0 0 0 0 0 0 ' ,11 ,1 ,0, 0
47 ,44, 27, '13 19 20 15 13 12 18 22 9 9 6 15 ' ,'0 0 0 0 0 0 0 0 0 0 0 0 ' ,17 ,0 ,0, 0
64 ,43, 47, '24 35 38 33 31 34 36 40 16 13 17 25 ' ,'0 0 0 0 0 0 0 0 0 0 0 0 ' ,25 ,1 ,0, 0
98 ,58, 81, '39 37 25 74 53 36 44 38 36 19 35 26 ' ,'0 0 0 0 0 0 0 0 0 0 0 0 ' ,53 ,0 ,1, 1
67 ,92, 49, '40 25 36 37 32 30 40 29 16 34 20 19 ' ,'0 0 0 0 0 0 0 0 0 0 0 0 ' ,27 ,0 ,0, 0
80 ,59, 63, '44 51 42 38 33 57 51 38 22 29 29 27 ' ,'0 0 0 0 0 0 0 0 0 0 0 0 ' ,37 ,1 ,0, 0
861 ,75, 77, '45 38 71 51 30 30 45 33 20 32 26 25 ' ,'0 0 0 0 0 0 0 0 0 0 0 0 ' ,51 ,0 ,0, 0
85 ,94, 65, '36 35 42 34 29 53 58 44 16 20 15 23 ' ,'0 0 0 0 0 0 0 0 0 0 0 0 ' ,44 ,1 ,0, 0
93 ,78, 75, '39 39 25 52 25 28 27 46 22 18 14 23 ' ,'0 0 0 0 0 0 0 0 0 0 0 0 ' ,53 ,1 ,1, 1
85 ,92, 64, '56 39 37 30 31 25 35 31 43 20 32 21 ' ,'0 0 0 0 0 0 0 0 0 0 0 0 ' ,37 ,1 ,0, 0
63 ,79, 46, '38 34 34 41 24 31 28 26 17 11 19 22 ' ,'0 0 0 0 0 0 0 0 0 0 0 0 ' ,26 ,0 ,0, 0
76 ,61, 51, '36 35 29 32 32 26 18 35 21 13 14 12 ' ,'0 0 0 0 0 0 0 0 0 0 0 0 ' ,32 ,1 ,0, 0
89 ,72, 70, '42 27 31 27 32 30 26 27 18 22 24 19 ' ,'0 0 0 0 0 0 0 0 0 0 0 0 ' ,47 ,13 ,0, 0
72 ,83, 51, '45 28 34 28 29 40 34 25 19 24 16 23 ' ,'0 0 0 0 0 0 0 0 0 0 0 0 ' ,28 ,1 ,0, 0
66 ,61, 47, '34 23 24 34 24 33 23 40 13 13 15 13 ' ,'0 0 0 0 0 0 0 0 0 0 0 0 ' ,26 ,1 ,0, 0
169 ,57, 155, '31 30 40 24 31 28 42 34 14 10 147 19 ' ,'0 0 0 0 0 0 0 0 0 0 120 0 ' ,140 ,1 ,0, 0
60 ,163, 47, '26 29 31 28 27 29 19 35 16 21 32 16 ' ,'0 0 0 0 0 0 0 0 0 0 0 0 ' ,23 ,1 ,0, 0
56 ,52, 41, '25 23 35 23 20 27 23 30 14 23 8 14 ' ,'0 0 0 0 0 0 0 0 0 0 0 0 ' ,26 ,1 ,1, 1
690 ,49, 44, '23 38 26 24 23 25 26 26 15 12 15 19 ' ,'0 0 0 0 0 0 0 0 0 0 0 0 ' ,24 ,0 ,0, 0
61 ,53, 45, '27 26 26 34 29 21 32 21 17 20 15 19 ' ,'0 0 0 0 0 0 0 0 0 0 0 0 ' ,25 ,1 ,1, 1
67 ,60, 46, '27 25 37 30 22 23 28 27 19 9 8 19 ' ,'0 0 0 0 0 0 0 0 0 0 0 0 ' ,25 ,1 ,0, 0
351 ,58, 56, '27 23 23 22 31 21 28 19 15 13 12 23 ' ,'0 0 0 0 0 0 0 0 0 0 0 0 ' ,40 ,1 ,0, 0
58 ,71, 37, '26 31 21 23 20 28 28 23 12 11 15 18 ' ,'0 0 0 0 0 0 0 0 0 0 0 0 ' ,20 ,0 ,0, 0
64 ,51, 44, '32 33 33 29 27 24 28 22 12 10 17 18 ' ,'0 0 0 0 0 0 0 0 0 0 0 0 ' ,27 ,1 ,0, 0
201 ,58, 178, '23 29 33 29 35 20 22 28 18 18 13 11 ' ,'0 0 0 0 0 0 0 0 0 0 0 0 ' ,163 ,10 ,0, 0
66 ,196, 46, '34 35 27 25 30 37 32 25 20 16 19 12 ' ,'0 0 0 0 0 0 0 0 0 0 0 0 ' ,25 ,0 ,0, 0
85 ,58, 67, '34 33 38 32 25 34 36 58 16 27 14 14 ' ,'0 0 0 0 0 0 0 0 0 0 0 0 ' ,45 ,0 ,0, 0
70 ,80, 52, '44 34 32 26 22 32 38 28 13 9 16 19 ' ,'0 0 0 0 0 0 0 0 0 0 0 0 ' ,32 ,0 ,0, 0
398 ,63, 59, '28 45 34 31 40 25 28 41 10 11 9 18 ' ,'0 0 0 0 0 0 0 0 0 0 0 0 ' ,39 ,1 ,0, 0
78 ,74, 59, '55 27 27 38 20 25 27 27 18 20 8 10 ' ,'0 0 0 0 0 0 0 0 0 0 0 0 ' ,45 ,1 ,1, 1
70 ,70, 48, '33 27 28 26 33 22 41 27 12 14 19 11 ' ,'0 0 0 0 0 0 0 0 0 0 0 0 ' ,31 ,1 ,0, 0
80 ,63, 62, '33 56 25 26 25 34 34 23 18 23 11 19 ' ,'0 0 0 0 0 0 0 0 0 0 0 0 ' ,45 ,1 ,0, 0
61 ,78, 43, '27 33 26 24 23 26 26 25 14 8 16 16 ' ,'0 0 0 0 0 0 0 0 0 0 0 0 ' ,23 ,1 ,0, 0
53 ,54, 39, '28 27 24 29 33 26 29 22 16 17 12 16 ' ,'0 0 0 0 0 0 0 0 0 0 0 0 ' ,21 ,1 ,0, 0
60 ,47, 48, '33 33 26 31 30 32 41 24 18 16 15 27 ' ,'0 0 0 0 0 0 0 0 0 0 0 0 ' ,27 ,1 ,0, 0
55 ,54, 43, '32 23 36 26 22 28 24 24 13 14 17 23 ' ,'0 0 0 0 0 0 0 0 0 0 0 0 ' ,25 ,1 ,0, 0
77 ,50, 63, '34 33 23 32 43 34 45 26 21 12 22 22 ' ,'0 0 0 0 0 0 0 0 0 0 0 0 ' ,40 ,2 ,1, 1
72 ,74, 55, '31 34 27 26 35 28 30 28 12 24 13 14 ' ,'0 0 0 0 0 0 0 0 0 0 0 0 ' ,36 ,1 ,0, 0
65 ,67, 47, '29 29 30 30 32 30 24 29 13 13 9 13 ' ,'0 0 0 0 0 0 0 0 0 0 0 0 ' ,31 ,1 ,0, 0
742 ,61, 52, '38 25 25 22 37 29 32 26 16 16 19 14 ' ,'0 0 0 0 0 0 0 0 0 0 0 0 ' ,33 ,0 ,1, 1
69 ,69, 53, '21 21 31 29 21 30 35 42 13 18 10 13 ' ,'0 0 0 0 0 0 0 0 0 0 0 0 ' ,35 ,1 ,1, 1
68 ,64, 46, '25 24 30 27 31 30 26 24 13 14 13 16 ' ,'0 0 0 0 0 0 0 0 0 0 0 0 ' ,30 ,1 ,0, 0
727 ,61, 57, '23 21 23 34 35 32 35 28 23 15 13 17 ' ,'0 0 0 0 0 0 0 0 0 0 0 0 ' ,37 ,1 ,0, 0
78 ,69, 57, '35 33 32 40 26 36 22 44 16 15 16 14 ' ,'0 0 0 0 0 0 0 0 0 0 0 0 ' ,31 ,1 ,0, 0
73 ,69, 53, '39 38 34 49 30 31 33 34 19 35 20 10 ' ,'0 0 0 0 0 0 0 0 0 0 0 0 ' ,31 ,1 ,0, 0
83 ,66, 55, '30 33 31 28 37 35 21 28 11 19 14 18 ' ,'0 0 0 0 0 0 0 0 0 0 0 0 ' ,38 ,1 ,0, 0
81 ,69, 60, '25 23 41 20 36 33 35 37 18 13 17 16 ' ,'0 0 0 0 0 0 0 0 0 0 0 0 ' ,36 ,1 ,0, 0
81 ,70, 53, '29 22 38 35 33 29 28 36 23 21 15 15 ' ,'0 0 0 0 0 0 0 0 0 0 0 0 ' ,32 ,1 ,0, 0
95 ,67, 73, '26 25 32 33 26 22 23 59 22 17 17 12 ' ,'0 0 0 0 0 0 0 0 0 0 0 0 ' ,46 ,1 ,1, 1
101 ,83, 78, '31 67 34 32 26 26 26 30 19 14 14 14 ' ,'0 0 0 0 0 0 0 0 0 0 0 0 ' ,56 ,1 ,0, 0
98 ,91, 76, '43 35 40 38 19 69 62 32 22 17 31 23 ' ,'0 0 0 0 0 0 0 0 0 0 0 0 ' ,49 ,1 ,0, 0
66 ,86, 53, '33 39 32 26 28 46 31 35 20 43 17 20 ' ,'0 0 0 0 0 0 0 0 0 0 0 0 ' ,28 ,1 ,0, 0
68 ,60, 52, '36 42 37 41 47 49 30 29 16 26 12 30 ' ,'0 0 0 0 0 0 0 0 0 0 0 0 ' ,35 ,1 ,1, 1
107 ,63, 94, '29 40 26 37 31 30 75 85 27 38 52 19 ' ,'0 0 0 0 0 0 0 0 0 0 0 0 ' ,67 ,1 ,0, 0
75 ,103, 48, '35 27 39 25 28 42 29 36 15 18 25 19 ' ,'0 0 0 0 0 0 0 0 0 0 0 0 ' ,27 ,1 ,0, 0
100 ,60, 76, '28 34 25 36 54 30 41 32 24 29 12 13 ' ,'0 0 0 0 0 0 0 0 0 0 0 0 ' ,56 ,1 ,0, 0
82 ,89, 58, '43 28 36 53 23 34 32 34 21 25 27 39 ' ,'0 0 0 0 0 0 0 0 0 0 0 0 ' ,33 ,1 ,0, 0
76 ,69, 57, '43 46 43 31 29 33 38 35 18 16 24 19 ' ,'0 0 0 0 0 0 0 0 0 0 0 0 ' ,28 ,1 ,1, 1
