1488 ,0, 453, '300 350 336 296 118 342 368 386 315 282 153 337 120 90 285 161 ' ,'0 0 0 0 0 0 232 0 0 0 0 0 0 0 0 0 ' ,303 ,8 ,4, 4
242 ,1419, 230, '203 105 149 170 165 187 142 128 158 148 213 139 126 142 114 163 ' ,'0 0 0 0 0 0 0 0 0 0 0 0 0 0 0 0 ' ,116 ,2 ,1, 1
105 ,238, 64, '35 31 36 41 38 30 31 39 39 39 33 30 28 31 29 25 ' ,'0 0 0 0 0 0 0 0 0 0 0 0 0 0 0 0 ' ,30 ,1 ,3, 3
69 ,73, 53, '26 31 24 27 27 22 29 23 28 30 24 40 18 22 20 17 ' ,'0 0 0 0 0 0 0 0 0 0 0 0 0 0 0 0 ' ,28 ,1 ,2, 2
72 ,71, 43, '28 36 29 35 30 30 28 27 29 31 31 35 19 25 19 23 ' ,'0 0 0 0 0 0 0 0 0 0 0 0 0 0 0 0 ' ,22 ,1 ,1, 1
67 ,64, 43, '28 22 28 30 24 31 22 28 30 27 31 26 23 25 19 25 ' ,'0 0 0 0 0 0 0 0 0 0 0 0 0 0 0 0 ' ,16 ,1 ,1, 1
710 ,65, 53, '24 25 28 28 36 26 24 28 26 30 23 23 21 21 26 23 ' ,'0 0 0 0 0 0 0 0 0 0 0 0 0 0 0 0 ' ,23 ,2 ,1, 1
87 ,66, 66, '26 44 26 33 25 30 35 29 37 27 45 50 34 18 28 38 ' ,'0 0 0 0 0 0 0 0 0 0 0 0 0 0 0 0 ' ,36 ,2 ,2, 2
72 ,86, 49, '25 24 22 28 26 23 25 21 27 23 21 25 26 23 19 19 ' ,'0 0 0 0 0 0 0 0 0 0 0 0 0 0 0 0 ' ,22 ,2 ,1, 1
3202 ,73, 48, '27 27 35 32 28 25 27 29 27 26 26 25 24 22 25 25 ' ,'0 0 0 0 0 0 0 0 0 0 0 0 0 0 0 0 ' ,15 ,1 ,3, 3
60 ,62, 43, '29 28 28 25 28 28 33 26 25 23 29 30 22 20 24 23 ' ,'0 0 0 0 0 0 0 0 0 0 0 0 0 0 0 0 ' ,18 ,2 ,1, 0
278 ,59, 48, '27 29 26 27 27 25 28 25 24 23 28 28 19 19 24 21 ' ,'0 0 0 0 0 0 0 0 0 0 0 0 0 0 0 0 ' ,17 ,2 ,1, 1
72 ,71, 50, '22 26 29 27 27 36 26 32 26 22 26 25 22 22 25 21 ' ,'0 0 0 0 0 0 0 0 0 0 0 0 0 0 0 0 ' ,18 ,1 ,6, 6
71 ,66, 49, '31 24 27 20 25 33 25 28 32 21 20 21 20 21 16 26 ' ,'0 0 0 0 0 0 0 0 0 0 0 0 0 0 0 0 ' ,19 ,2 ,1, 1
75 ,67, 54, '31 24 44 29 27 25 32 31 28 30 28 29 24 23 20 27 ' ,'0 0 0 0 0 0 0 0 0 0 0 0 0 0 0 0 ' ,25 ,3 ,1, 1
66 ,71, 46, '23 26 26 30 29 29 25 30 27 30 27 25 22 21 17 17 ' ,'0 0 0 0 0 0 0 0 0 0 0 0 0 0 0 0 ' ,23 ,2 ,0, 0
76 ,61, 55, '31 40 34 28 29 31 32 28 27 28 32 30 23 20 33 24 ' ,'0 0 0 0 0 0 0 0 0 0 0 0 0 0 0 0 ' ,23 ,1 ,1, 1
65 ,67, 50, '29 34 33 33 34 32 31 34 33 31 29 35 27 30 23 24 ' ,'0 0 0 0 0 0 0 0 0 0 0 0 0 0 0 0 ' ,23 ,1 ,1, 1
55 ,61, 35, '24 25 31 27 31 24 26 29 28 30 26 29 25 23 26 21 ' ,'0 0 0 0 0 0 0 0 0 0 0 0 0 0 0 0 ' ,16 ,0 ,0, 0
64 ,55, 43, '30 29 36 30 21 25 23 22 28 25 26 26 23 30 19 20 ' ,'0 0 0 0 0 0 0 0 0 0 0 0 0 0 0 0 ' ,19 ,0 ,4, 4
60 ,55, 41, '19 27 22 24 22 22 32 23 22 23 27 27 16 30 15 23 ' ,'0 0 0 0 0 0 0 0 0 0 0 0 0 0 0 0 ' ,15 ,1 ,1, 1
73 ,55, 50, '35 28 29 33 27 32 28 26 35 25 34 27 21 23 21 27 ' ,'0 0 0 0 0 0 0 0 0 0 0 0 0 0 0 0 ' ,17 ,1 ,0, 0
56 ,61, 40, '21 22 25 30 24 21 23 22 25 21 27 21 18 16 17 19 ' ,'0 0 0 0 0 0 0 0 0 0 0 0 0 0 0 0 ' ,14 ,1 ,2, 2
75 ,53, 47, '30 36 31 31 40 32 33 29 30 37 31 35 24 21 26 26 ' ,'0 0 0 0 0 0 0 0 0 0 0 0 0 0 0 0 ' ,23 ,1 ,1, 1
68 ,63, 47, '25 35 24 31 26 29 31 23 24 31 29 29 17 18 22 23 ' ,'0 0 0 0 0 0 0 0 0 0 0 0 0 0 0 0 ' ,21 ,0 ,1, 1
6530 ,57, 41, '23 26 26 24 19 25 27 24 19 28 29 25 17 17 15 21 ' ,'0 0 0 0 0 0 0 0 0 0 0 0 0 0 0 0 ' ,17 ,1 ,0, 0
63 ,53, 41, '22 24 28 28 27 22 26 27 25 23 23 23 21 30 15 19 ' ,'0 0 0 0 0 0 0 0 0 0 0 0 0 0 0 0 ' ,15 ,0 ,0, 0
73 ,53, 48, '28 30 28 31 32 28 26 26 33 40 41 29 18 26 19 26 ' ,'0 0 0 0 0 0 0 0 0 0 0 0 0 0 0 0 ' ,22 ,1 ,0, 0
69 ,65, 50, '30 26 26 27 30 30 29 23 27 25 25 25 19 22 18 21 ' ,'0 0 0 0 0 0 0 0 0 0 0 0 0 0 0 0 ' ,25 ,5 ,0, 0
702 ,67, 53, '27 31 26 40 25 31 32 31 31 29 26 26 21 22 28 24 ' ,'0 0 0 0 0 0 0 0 0 0 0 0 0 0 0 0 ' ,22 ,1 ,1, 1
60 ,64, 42, '29 26 28 28 26 28 30 25 27 25 24 25 20 22 16 19 ' ,'0 0 0 0 0 0 0 0 0 0 0 0 0 0 0 0 ' ,15 ,0 ,0, 0
60 ,58, 43, '25 25 35 27 24 22 29 23 28 25 22 24 24 26 16 18 ' ,'0 0 0 0 0 0 0 0 0 0 0 0 0 0 0 0 ' ,20 ,1 ,0, 0
56 ,57, 41, '28 29 25 25 28 28 30 28 23 26 30 29 19 26 24 25 ' ,'0 0 0 0 0 0 0 0 0 0 0 0 0 0 0 0 ' ,15 ,1 ,1, 1
56 ,51, 41, '26 23 27 27 29 20 23 27 24 27 21 23 20 20 22 22 ' ,'0 0 0 0 0 0 0 0 0 0 0 0 0 0 0 0 ' ,13 ,0 ,1, 1
73 ,50, 58, '24 51 47 46 35 38 26 43 50 24 41 42 27 27 46 44 ' ,'0 0 0 0 0 0 0 0 0 0 0 0 0 0 0 0 ' ,26 ,1 ,0, 0
681 ,67, 44, '36 31 30 27 29 26 32 25 34 26 28 30 21 20 20 23 ' ,'0 0 0 0 0 0 0 0 0 0 0 0 0 0 0 0 ' ,18 ,1 ,0, 0
75 ,60, 56, '24 27 28 27 38 31 26 28 31 23 27 25 23 22 19 20 ' ,'0 0 0 0 0 0 0 0 0 0 0 0 0 0 0 0 ' ,29 ,0 ,0, 0
72 ,63, 52, '26 22 32 30 30 24 21 29 28 33 30 26 24 24 23 20 ' ,'0 0 0 0 0 0 0 0 0 0 0 0 0 0 0 0 ' ,28 ,1 ,0, 0
706 ,62, 61, '26 23 23 30 34 22 22 29 22 27 22 21 13 18 20 17 ' ,'0 0 0 0 0 0 0 0 0 0 0 0 0 0 0 0 ' ,31 ,0 ,1, 1
57 ,78, 36, '29 21 22 19 26 23 20 21 22 27 31 20 18 17 15 35 ' ,'0 0 0 0 0 0 0 0 0 0 0 0 0 0 0 0 ' ,17 ,0 ,0, 0
64 ,53, 45, '28 24 32 31 31 34 29 26 32 31 31 24 21 24 26 25 ' ,'0 0 0 0 0 0 0 0 0 0 0 0 0 0 0 0 ' ,16 ,0 ,0, 0
700 ,58, 51, '35 30 24 24 28 33 29 25 25 34 22 28 19 19 20 22 ' ,'0 0 0 0 0 0 0 0 0 0 0 0 0 0 0 0 ' ,25 ,1 ,1, 1
61 ,69, 42, '22 26 32 31 24 23 26 29 22 26 25 25 24 26 20 19 ' ,'0 0 0 0 0 0 0 0 0 0 0 0 0 0 0 0 ' ,15 ,1 ,1, 1
61 ,52, 44, '23 24 26 19 26 21 22 28 20 21 28 22 14 13 17 22 ' ,'0 0 0 0 0 0 0 0 0 0 0 0 0 0 0 0 ' ,16 ,0 ,0, 0
68 ,57, 49, '23 25 22 20 18 26 24 24 22 20 29 22 17 16 28 20 ' ,'0 0 0 0 0 0 0 0 0 0 0 0 0 0 0 0 ' ,25 ,1 ,0, 0
58 ,61, 37, '22 24 23 19 18 25 26 21 20 23 24 26 16 15 21 19 ' ,'0 0 0 0 0 0 0 0 0 0 0 0 0 0 0 0 ' ,16 ,1 ,0, 0
63 ,58, 40, '27 22 25 21 23 26 32 26 24 26 26 27 17 27 19 21 ' ,'0 0 0 0 0 0 0 0 0 0 0 0 0 0 0 0 ' ,16 ,0 ,0, 0
269 ,59, 42, '21 20 26 23 23 27 20 21 33 24 26 30 16 29 20 16 ' ,'0 0 0 0 0 0 0 0 0 0 0 0 0 0 0 0 ' ,21 ,0 ,1, 1
79 ,53, 57, '33 39 35 33 37 49 38 37 46 43 28 29 25 25 26 36 ' ,'0 0 0 0 0 0 0 0 0 0 0 0 0 0 0 0 ' ,25 ,1 ,1, 1
62 ,71, 41, '23 25 28 26 24 26 28 28 31 21 26 24 35 22 16 23 ' ,'0 0 0 0 0 0 0 0 0 0 0 0 0 0 0 0 ' ,13 ,1 ,0, 0
60 ,57, 43, '23 25 30 30 26 26 25 28 28 24 22 24 22 21 26 21 ' ,'0 0 0 0 0 0 0 0 0 0 0 0 0 0 0 0 ' ,19 ,1 ,1, 1
57 ,53, 41, '25 30 30 34 28 27 30 25 30 27 28 28 21 21 22 23 ' ,'0 0 0 0 0 0 0 0 0 0 0 0 0 0 0 0 ' ,16 ,1 ,1, 1
56 ,51, 39, '26 27 23 21 23 24 33 24 23 27 24 31 19 17 21 20 ' ,'0 0 0 0 0 0 0 0 0 0 0 0 0 0 0 0 ' ,18 ,1 ,0, 0
79 ,50, 63, '21 23 21 28 26 23 22 21 27 23 21 23 16 20 19 19 ' ,'0 0 0 0 0 0 0 0 0 0 0 0 0 0 0 0 ' ,14 ,1 ,1, 1
63 ,69, 44, '31 23 19 28 20 25 21 20 28 18 19 21 15 20 27 25 ' ,'0 0 0 0 0 0 0 0 0 0 0 0 0 0 0 0 ' ,21 ,1 ,0, 0
1484 ,60, 35, '24 26 22 23 23 26 26 26 23 24 24 25 17 18 19 21 ' ,'0 0 0 0 0 0 0 0 0 0 0 0 0 0 0 0 ' ,14 ,1 ,0, 0
74 ,50, 57, '34 31 27 36 23 27 31 29 44 38 29 23 23 21 34 28 ' ,'0 0 0 0 0 0 0 0 0 0 0 0 0 0 0 0 ' ,31 ,2 ,0, 0
101 ,70, 81, '23 32 28 33 23 23 21 24 24 22 27 23 17 24 18 22 ' ,'0 0 0 0 0 0 0 0 0 0 0 0 0 0 0 0 ' ,49 ,30 ,3, 3
92 ,89, 69, '43 51 50 54 48 53 54 49 53 45 61 41 49 42 30 36 ' ,'0 0 0 0 0 0 0 0 0 0 0 0 0 0 0 0 ' ,30 ,1 ,0, 0
123 ,84, 101, '41 55 70 93 56 67 63 49 74 49 52 49 44 42 39 49 ' ,'0 0 0 0 0 0 0 0 0 0 0 0 0 0 0 0 ' ,53 ,1 ,1, 1
311 ,112, 291, '258 148 256 234 268 224 159 242 220 229 211 170 167 146 223 247 ' ,'0 0 0 0 0 0 0 0 0 0 0 0 0 0 0 0 ' ,134 ,1 ,1, 1
102 ,301, 85, '50 63 63 45 56 57 56 57 65 61 75 75 44 39 54 68 ' ,'0 0 0 0 0 0 0 0 0 0 0 0 0 0 0 0 ' ,39 ,2 ,1, 1
322 ,98, 97, '66 52 60 54 54 48 56 57 47 61 76 41 29 32 36 48 ' ,'0 0 0 0 0 0 0 0 0 0 0 0 0 0 0 0 ' ,47 ,1 ,1, 1
103 ,107, 85, '43 64 54 67 55 63 60 59 56 51 72 56 36 49 47 82 ' ,'0 0 0 0 0 0 0 0 0 0 0 0 0 0 0 0 ' ,42 ,1 ,1, 1
143 ,98, 117, '67 54 76 79 87 81 64 59 55 93 54 69 37 37 44 44 ' ,'0 0 0 0 0 0 0 0 0 0 0 0 0 0 0 0 ' ,70 ,1 ,2, 2
109 ,131, 87, '76 58 62 57 47 50 58 58 62 44 62 67 46 34 48 56 ' ,'0 0 0 0 0 0 0 0 0 0 0 0 0 0 0 0 ' ,41 ,2 ,2, 2
116 ,100, 100, '70 64 88 55 47 67 58 66 59 63 52 69 41 53 41 62 ' ,'0 0 0 0 0 0 0 0 0 0 0 0 0 0 0 0 ' ,49 ,1 ,4, 4
513 ,111, 121, '61 61 71 60 68 72 52 89 91 96 81 54 51 44 37 44 ' ,'0 0 0 0 0 0 0 0 0 0 0 0 0 0 0 0 ' ,71 ,1 ,1, 1
335 ,133, 323, '131 295 245 254 119 144 312 153 224 124 138 291 99 84 95 111 ' ,'0 180 96 0 0 0 182 0 114 0 0 173 0 0 0 0 ' ,228 ,2 ,0, 0
182 ,330, 167, '72 112 78 87 86 60 82 63 96 150 51 71 47 60 46 65 ' ,'0 0 0 0 0 0 0 0 0 91 0 0 0 0 0 0 ' ,110 ,1 ,0, 0
104 ,180, 92, '51 78 57 72 59 57 85 48 61 61 78 64 65 53 47 52 ' ,'0 0 0 0 0 0 0 0 0 0 0 0 0 0 0 0 ' ,39 ,1 ,1, 1
103 ,105, 84, '54 75 66 74 54 66 71 55 57 48 70 68 54 77 44 46 ' ,'0 0 0 0 0 0 0 0 0 0 0 0 0 0 0 0 ' ,35 ,1 ,0, 0
139 ,99, 123, '66 67 63 89 103 59 68 52 84 77 63 73 47 54 58 53 ' ,'0 0 0 0 0 0 0 0 0 0 0 0 0 0 0 0 ' ,67 ,1 ,0, 0
107 ,136, 91, '70 65 56 60 64 46 60 48 66 60 57 55 45 52 58 32 ' ,'0 0 0 0 0 0 0 0 0 0 0 0 0 0 0 0 ' ,51 ,1 ,0, 0
112 ,99, 95, '68 79 75 68 54 64 63 54 46 67 76 51 40 43 45 45 ' ,'0 0 0 0 0 0 0 0 0 0 0 0 0 0 0 0 ' ,42 ,1 ,1, 1
126 ,101, 103, '57 70 67 94 65 51 56 65 67 71 68 69 43 46 52 49 ' ,'0 0 0 0 0 0 0 0 0 0 0 0 0 0 0 0 ' ,50 ,1 ,1, 1
119 ,115, 100, '54 53 55 60 70 45 56 60 55 60 88 64 52 41 64 48 ' ,'0 0 0 0 0 0 0 0 0 0 0 0 0 0 0 0 ' ,52 ,1 ,0, 0
141 ,112, 119, '69 58 86 60 53 64 77 91 60 67 71 74 58 35 98 73 ' ,'0 0 0 0 0 0 0 0 0 0 0 0 0 0 0 0 ' ,76 ,1 ,1, 1
120 ,136, 101, '45 86 79 53 68 73 58 49 88 54 68 52 49 62 51 59 ' ,'0 0 0 0 0 0 0 0 0 0 0 0 0 0 0 0 ' ,44 ,1 ,2, 2
137 ,108, 120, '64 70 63 78 60 85 69 66 55 78 86 57 108 53 51 52 ' ,'0 0 0 0 0 0 0 0 0 0 0 0 0 0 0 0 ' ,55 ,1 ,1, 1
166 ,135, 145, '83 73 68 71 53 69 66 74 77 95 60 72 48 52 63 54 ' ,'0 0 0 0 0 0 0 0 0 0 0 0 0 0 0 0 ' ,82 ,1 ,1, 1
343 ,156, 113, '94 68 62 53 84 47 69 65 68 88 70 57 45 62 47 41 ' ,'0 0 0 0 0 0 0 0 0 0 0 0 0 0 0 0 ' ,65 ,1 ,0, 0
136 ,123, 111, '64 78 77 56 90 68 74 40 73 51 87 62 40 55 52 78 ' ,'0 0 0 0 0 0 0 0 0 0 0 0 0 0 0 0 ' ,66 ,1 ,0, 0
107 ,126, 90, '56 52 46 43 62 44 51 54 50 46 37 38 35 35 36 40 ' ,'0 0 0 0 0 0 0 0 0 0 0 0 0 0 0 0 ' ,45 ,3 ,1, 1
79 ,98, 58, '34 32 28 33 38 32 36 27 39 29 31 30 19 32 32 24 ' ,'0 0 0 0 0 0 0 0 0 0 0 0 0 0 0 0 ' ,29 ,1 ,0, 0
76 ,70, 59, '33 29 40 29 34 32 27 45 30 32 35 40 29 25 26 29 ' ,'0 0 0 0 0 0 0 0 0 0 0 0 0 0 0 0 ' ,26 ,0 ,1, 0
60 ,70, 48, '31 29 28 32 32 30 24 34 37 34 31 31 21 31 24 26 ' ,'0 0 0 0 0 0 0 0 0 0 0 0 0 0 0 0 ' ,16 ,1 ,2, 2
62 ,52, 51, '32 28 33 30 34 32 26 33 32 34 32 25 36 27 25 31 ' ,'0 0 0 0 0 0 0 0 0 0 0 0 0 0 0 0 ' ,14 ,2 ,0, 0
57 ,54, 44, '26 29 32 31 37 26 31 33 31 31 27 31 24 23 25 19 ' ,'0 0 0 0 0 0 0 0 0 0 0 0 0 0 0 0 ' ,18 ,0 ,0, 0
67 ,51, 48, '32 29 29 32 31 28 34 29 34 28 31 34 22 27 25 23 ' ,'0 0 0 0 0 0 0 0 0 0 0 0 0 0 0 0 ' ,19 ,1 ,0, 0
84 ,59, 66, '44 41 34 36 42 36 38 38 32 39 37 39 27 26 32 33 ' ,'0 0 0 0 0 0 0 0 0 0 0 0 0 0 0 0 ' ,28 ,1 ,1, 0
1627 ,76, 61, '46 42 39 39 43 37 30 39 38 36 40 34 30 29 35 32 ' ,'0 0 0 0 0 0 0 0 0 0 0 0 0 0 0 0 ' ,23 ,0 ,1, 1
70 ,73, 50, '25 25 29 32 31 27 29 31 31 25 26 27 26 23 20 19 ' ,'0 0 0 0 0 0 0 0 0 0 0 0 0 0 0 0 ' ,24 ,1 ,1, 1
74 ,63, 55, '27 29 36 30 31 27 28 32 29 25 32 31 28 21 26 23 ' ,'0 0 0 0 0 0 0 0 0 0 0 0 0 0 0 0 ' ,22 ,1 ,1, 1
67 ,63, 49, '32 30 27 36 28 28 28 28 32 26 29 28 21 26 22 20 ' ,'0 0 0 0 0 0 0 0 0 0 0 0 0 0 0 0 ' ,20 ,1 ,0, 0
79 ,59, 63, '27 26 28 31 37 32 33 33 31 30 39 23 25 24 22 25 ' ,'0 0 0 0 0 0 0 0 0 0 0 0 0 0 0 0 ' ,31 ,1 ,0, 0
63 ,74, 48, '24 26 31 32 27 28 27 30 29 26 27 26 26 27 19 24 ' ,'0 0 0 0 0 0 0 0 0 0 0 0 0 0 0 0 ' ,18 ,1 ,1, 1
744 ,61, 60, '37 41 38 40 39 43 38 37 40 38 41 39 29 30 29 30 ' ,'0 0 0 0 0 0 0 0 0 0 0 0 0 0 0 0 ' ,23 ,0 ,1, 1
75 ,72, 57, '39 36 43 45 36 30 35 41 45 36 36 37 32 33 31 32 ' ,'0 0 0 0 0 0 0 0 0 0 0 0 0 0 0 0 ' ,19 ,0 ,0, 0
159 ,68, 143, '33 32 27 36 38 30 33 28 33 31 30 32 21 22 27 30 ' ,'0 0 0 0 0 0 0 0 0 0 0 0 0 0 0 0 ' ,111 ,1 ,1, 1
62 ,152, 47, '29 31 33 30 29 29 23 33 26 30 33 27 22 22 19 28 ' ,'0 0 0 0 0 0 0 0 0 0 0 0 0 0 0 0 ' ,17 ,1 ,1, 1
76 ,58, 62, '27 27 29 21 32 28 29 34 30 30 27 24 22 24 26 23 ' ,'0 0 0 0 0 0 0 0 0 0 0 0 0 0 0 0 ' ,29 ,1 ,3, 3
71 ,66, 56, '42 28 30 29 27 27 29 30 36 36 28 27 25 25 21 22 ' ,'0 0 0 0 0 0 0 0 0 0 0 0 0 0 0 0 ' ,28 ,0 ,0, 0
69 ,69, 50, '33 34 26 32 28 40 27 27 31 25 32 26 20 28 22 23 ' ,'0 0 0 0 0 0 0 0 0 0 0 0 0 0 0 0 ' ,21 ,0 ,0, 0
69 ,64, 56, '33 30 29 40 26 30 29 32 30 34 32 24 23 24 26 20 ' ,'0 0 0 0 0 0 0 0 0 0 0 0 0 0 0 0 ' ,26 ,0 ,0, 0
60 ,62, 48, '23 31 40 28 25 27 25 27 27 27 29 27 23 20 19 24 ' ,'0 0 0 0 0 0 0 0 0 0 0 0 0 0 0 0 ' ,17 ,1 ,1, 1
55 ,52, 43, '26 28 29 29 24 25 28 29 37 29 27 27 20 31 21 19 ' ,'0 0 0 0 0 0 0 0 0 0 0 0 0 0 0 0 ' ,19 ,1 ,0, 0
131 ,49, 116, '78 78 74 70 83 72 67 89 72 55 74 65 105 52 69 41 ' ,'0 0 0 0 0 0 0 0 0 0 0 0 0 0 0 0 ' ,67 ,1 ,1, 1
132 ,124, 119, '94 84 72 80 61 85 70 83 87 94 84 89 69 85 47 89 ' ,'0 0 0 0 0 0 0 0 0 0 0 0 0 0 0 0 ' ,51 ,1 ,1, 1
135 ,130, 117, '67 72 64 83 88 69 57 77 76 78 54 58 52 63 69 52 ' ,'0 0 0 0 0 0 0 0 0 0 0 0 0 0 0 0 ' ,55 ,1 ,1, 1
135 ,128, 117, '69 98 82 83 86 60 78 66 78 93 83 86 52 81 52 82 ' ,'0 0 0 0 0 0 0 0 0 0 0 0 0 0 0 0 ' ,52 ,1 ,0, 0
133 ,127, 115, '65 77 59 66 96 83 86 77 92 62 63 67 52 77 76 52 ' ,'0 0 0 0 0 0 0 0 0 0 0 0 0 0 0 0 ' ,56 ,1 ,0, 0
131 ,127, 119, '82 89 70 79 64 46 100 63 64 86 74 60 64 52 93 59 ' ,'0 0 0 0 0 0 0 0 0 0 0 0 0 0 0 0 ' ,61 ,1 ,1, 1
130 ,131, 113, '52 58 64 78 73 67 82 77 62 89 57 65 50 47 57 68 ' ,'0 0 0 0 0 0 0 0 0 0 0 0 0 0 0 0 ' ,58 ,1 ,0, 0
366 ,123, 123, '66 59 60 76 99 78 72 85 80 64 54 63 43 44 34 42 ' ,'0 0 0 0 0 0 0 0 0 0 0 0 0 0 0 0 ' ,75 ,1 ,0, 0
127 ,134, 108, '74 62 67 49 60 54 76 68 75 51 61 56 46 40 52 39 ' ,'0 0 0 0 0 0 0 0 0 0 0 0 0 0 0 0 ' ,62 ,24 ,0, 0
103 ,118, 89, '67 61 63 53 66 65 74 53 61 59 64 63 46 44 37 53 ' ,'0 0 0 0 0 0 0 0 0 0 0 0 0 0 0 0 ' ,33 ,1 ,1, 1
101 ,97, 86, '56 66 54 75 57 55 44 51 40 62 57 52 40 42 49 40 ' ,'0 0 0 0 0 0 0 0 0 0 0 0 0 0 0 0 ' ,37 ,2 ,1, 1
92 ,95, 78, '60 62 62 58 44 65 53 64 51 57 53 56 37 43 35 35 ' ,'0 0 0 0 0 0 0 0 0 0 0 0 0 0 0 0 ' ,34 ,1 ,1, 1
90 ,92, 75, '45 36 52 51 42 58 46 49 45 46 44 46 39 32 46 33 ' ,'0 0 0 0 0 0 0 0 0 0 0 0 0 0 0 0 ' ,32 ,1 ,1, 1
95 ,85, 82, '50 47 44 44 46 39 71 47 53 56 47 49 28 37 39 35 ' ,'0 0 0 0 0 0 0 0 0 0 0 0 0 0 0 0 ' ,43 ,1 ,1, 1
91 ,89, 72, '66 52 48 70 40 39 43 51 39 51 41 48 30 34 50 47 ' ,'0 0 0 0 0 0 0 0 0 0 0 0 0 0 0 0 ' ,39 ,0 ,0, 0
105 ,88, 93, '41 42 54 54 46 64 44 41 82 49 38 44 33 36 29 38 ' ,'0 0 0 0 0 0 0 0 0 0 0 0 0 0 0 0 ' ,56 ,1 ,1, 1
79 ,99, 70, '55 55 41 59 45 44 47 48 52 49 47 43 39 39 40 32 ' ,'0 0 0 0 0 0 0 0 0 0 0 0 0 0 0 0 ' ,32 ,1 ,1, 1
84 ,74, 73, '49 45 55 54 60 49 59 44 48 46 61 49 31 41 37 43 ' ,'0 0 0 0 0 0 0 0 0 0 0 0 0 0 0 0 ' ,32 ,1 ,0, 0
85 ,77, 67, '51 60 33 43 41 47 46 39 41 44 58 51 32 35 28 39 ' ,'0 0 0 0 0 0 0 0 0 0 0 0 0 0 0 0 ' ,30 ,1 ,0, 0
102 ,80, 82, '53 52 37 68 54 44 49 44 60 46 50 45 26 32 35 33 ' ,'0 0 0 0 0 0 0 0 0 0 0 0 0 0 0 0 ' ,41 ,1 ,1, 1
93 ,92, 79, '68 54 44 56 60 50 39 46 34 48 51 47 39 56 38 45 ' ,'0 0 0 0 0 0 0 0 0 0 0 0 0 0 0 0 ' ,34 ,1 ,0, 0
119 ,90, 102, '50 55 47 46 70 53 48 43 48 46 41 48 48 44 30 27 ' ,'0 0 0 0 0 0 0 0 0 0 0 0 0 0 0 0 ' ,61 ,1 ,1, 1
109 ,110, 92, '50 48 56 55 46 58 42 49 49 40 79 52 26 48 38 44 ' ,'0 0 0 0 0 0 0 0 0 0 0 0 0 0 0 0 ' ,55 ,2 ,1, 0
105 ,100, 86, '48 47 63 52 59 54 45 44 56 59 67 58 35 44 36 47 ' ,'0 0 0 0 0 0 0 0 0 0 0 0 0 0 0 0 ' ,42 ,1 ,0, 0
122 ,98, 103, '58 57 63 69 47 50 47 50 86 79 60 70 77 44 35 56 ' ,'0 0 0 0 0 0 0 0 0 0 0 0 0 0 0 0 ' ,52 ,1 ,1, 1
92 ,116, 75, '56 61 48 53 59 52 50 51 56 51 54 56 34 37 52 45 ' ,'0 0 0 0 0 0 0 0 0 0 0 0 0 0 0 0 ' ,31 ,1 ,0, 0
114 ,86, 100, '55 44 56 67 57 66 84 54 89 59 69 43 48 32 36 30 ' ,'0 0 0 0 0 0 0 0 0 0 0 0 0 0 0 0 ' ,64 ,1 ,0, 0
95 ,108, 76, '45 43 55 51 47 54 66 47 51 44 57 44 38 41 33 36 ' ,'0 0 0 0 0 0 0 0 0 0 0 0 0 0 0 0 ' ,34 ,1 ,0, 0
96 ,86, 81, '69 54 64 52 55 53 59 61 51 38 43 42 42 33 34 61 ' ,'0 0 0 0 0 0 0 0 0 0 0 0 0 0 0 0 ' ,37 ,1 ,1, 1
93 ,86, 78, '41 49 52 50 50 42 59 49 49 51 55 52 41 43 32 37 ' ,'0 0 0 0 0 0 0 0 0 0 0 0 0 0 0 0 ' ,34 ,1 ,1, 1
105 ,87, 86, '40 69 51 54 65 49 56 64 63 53 46 48 44 34 41 54 ' ,'0 0 0 0 0 0 0 0 0 0 0 0 0 0 0 0 ' ,42 ,1 ,1, 1
103 ,98, 89, '38 50 75 46 49 47 38 44 49 58 55 62 34 30 44 34 ' ,'0 0 0 0 0 0 0 0 0 0 0 0 0 0 0 0 ' ,51 ,2 ,1, 1
120 ,100, 103, '51 45 46 64 82 66 43 51 45 46 52 49 36 41 29 38 ' ,'0 0 0 0 0 0 0 0 0 0 0 0 0 0 0 0 ' ,57 ,1 ,0, 0
84 ,112, 72, '53 60 46 42 45 62 39 49 52 55 50 49 41 31 51 34 ' ,'0 0 0 0 0 0 0 0 0 0 0 0 0 0 0 0 ' ,34 ,1 ,0, 0
106 ,77, 96, '54 69 47 66 46 65 84 60 73 53 68 63 34 48 40 49 ' ,'0 0 0 0 0 0 0 0 0 0 0 0 0 0 0 0 ' ,52 ,1 ,0, 0
92 ,103, 81, '71 60 55 57 55 50 67 50 48 69 42 42 33 38 44 45 ' ,'0 0 0 0 0 0 0 0 0 0 0 0 0 0 0 0 ' ,38 ,1 ,0, 0
100 ,86, 83, '42 48 55 42 41 41 61 58 44 60 63 51 29 28 46 41 ' ,'0 0 0 0 0 0 0 0 0 0 0 0 0 0 0 0 ' ,46 ,3 ,1, 1
105 ,90, 86, '48 56 50 56 54 61 51 42 66 65 55 55 36 33 39 44 ' ,'0 0 0 0 0 0 0 0 0 0 0 0 0 0 0 0 ' ,43 ,1 ,0, 0
111 ,104, 94, '67 51 69 82 60 35 56 55 45 61 59 49 24 46 33 50 ' ,'0 0 0 0 0 0 0 0 0 0 0 0 0 0 0 0 ' ,56 ,1 ,1, 1
324 ,99, 85, '59 45 49 53 49 74 60 63 50 47 51 48 45 35 37 49 ' ,'0 0 0 0 0 0 0 0 0 0 0 0 0 0 0 0 ' ,41 ,1 ,1, 1
103 ,97, 83, '51 59 51 68 57 49 63 48 49 52 52 53 44 45 42 41 ' ,'0 0 0 0 0 0 0 0 0 0 0 0 0 0 0 0 ' ,32 ,1 ,1, 1
105 ,92, 93, '61 62 82 53 68 59 66 57 61 42 43 66 44 39 46 49 ' ,'0 0 0 0 0 0 0 0 0 0 0 0 0 0 0 0 ' ,47 ,1 ,0, 0
112 ,101, 94, '55 46 58 85 46 46 66 50 53 53 48 49 51 30 37 61 ' ,'0 0 0 0 0 0 0 0 0 0 0 0 0 0 0 0 ' ,53 ,1 ,2, 2
355 ,103, 105, '49 45 79 76 85 58 51 67 42 46 35 48 55 35 35 45 ' ,'0 0 0 0 0 0 0 0 0 0 0 0 0 0 0 0 ' ,60 ,1 ,0, 0
797 ,119, 115, '51 59 105 83 71 52 53 57 50 49 66 59 48 48 46 56 ' ,'0 0 0 0 0 0 0 0 0 0 0 0 0 0 0 0 ' ,54 ,1 ,1, 1
138 ,128, 121, '61 66 67 58 42 70 64 106 53 71 68 61 46 43 51 39 ' ,'0 0 0 0 0 0 0 0 0 0 0 0 0 0 0 0 ' ,75 ,3 ,1, 1
116 ,131, 98, '56 57 51 48 55 58 57 59 56 64 77 68 50 34 51 48 ' ,'0 0 0 0 0 0 0 0 0 0 0 0 0 0 0 0 ' ,55 ,1 ,1, 1
784 ,111, 96, '55 68 59 86 55 49 50 60 57 49 47 58 38 46 74 49 ' ,'0 0 0 0 0 0 0 0 0 0 0 0 0 0 0 0 ' ,50 ,1 ,0, 0
140 ,106, 124, '67 81 78 67 102 65 63 87 48 58 67 86 67 50 61 56 ' ,'0 0 0 0 0 0 0 0 0 0 0 0 0 0 0 0 ' ,63 ,1 ,1, 1
160 ,131, 143, '50 53 75 46 110 57 67 62 59 75 67 58 52 84 48 46 ' ,'0 0 0 0 0 0 0 0 0 0 0 0 0 0 0 0 ' ,89 ,1 ,0, 0
134 ,155, 119, '65 86 83 83 90 58 56 76 57 65 53 105 40 40 43 65 ' ,'0 0 0 0 0 0 0 0 0 0 0 0 0 0 0 0 ' ,68 ,0 ,2, 2
133 ,132, 122, '57 65 64 89 64 111 70 62 71 77 77 65 65 50 49 63 ' ,'0 0 0 0 0 0 0 0 0 0 0 0 0 0 0 0 ' ,64 ,1 ,0, 0
108 ,127, 98, '85 61 66 63 69 75 55 64 55 55 63 71 60 47 51 47 ' ,'0 0 0 0 0 0 0 0 0 0 0 0 0 0 0 0 ' ,42 ,1 ,0, 0
122 ,103, 113, '49 65 78 102 69 74 41 73 76 77 73 60 41 46 55 65 ' ,'0 0 0 0 0 0 0 0 0 0 0 0 0 0 0 0 ' ,64 ,2 ,1, 1
118 ,118, 107, '56 73 58 75 80 56 51 71 97 70 68 52 58 65 42 62 ' ,'0 0 0 0 0 0 0 0 0 0 0 0 0 0 0 0 ' ,56 ,1 ,1, 1
140 ,114, 125, '47 64 63 87 74 62 60 46 71 68 81 109 32 56 67 57 ' ,'0 0 0 0 0 0 0 0 0 0 0 0 0 0 0 0 ' ,79 ,1 ,2, 2
