33
20
18
19
19
18
30
18
18
24
16
20
18
18
18
17
16
17
17
20
19
20
20
18
18
17
18
18
14
18
17
23
20
17
16
17
16
18
63
20
19
19
19
17
18
19
17
21
35
15
19
17
18
19
15
17
18
20
25
22
17
18
17
18
19
18
19
16
17
17
15
17
18
18
18
16
15
18
15
23
17
16
18
15
20
19
16
20
16
20
18
16
17
17
16
18
16
17
20
16
20
16
17
19
17
20
17
15
15
17
16
21
18
17
18
20
18
17
20
18
22
16
19
18
21
17
22
17
15
18
18
17
18
15
20
21
19
15
16
26
17
15
17
18
15
17
17
19
27
14
17
22
14
17
15
17
17
38
17
16
16
18
15
17
17
16
18
18
22
17
18
19
21
21
16
21
19
17
16
16
17
18
18
17
17
18
17
19
18
18
17
19
19
17
15
16
18
17
22
20
21
17
15
24
15
20
16
72
17
20
18
17
16
18
17
18
17
17
17
17
18
18
15
17
17
19
17
18
14
16
14
14
18
15
15
18
17
17
17
17
91
15
17
17
17
18
14
17
23
18
22
15
18
16
14
16
17
20
17
16
17
18
14
17
16
17
15
15
18
17
21
17
15
15
15
69
17
16
17
16
17
18
18
17
17
19
26
16
16
27
18
16
17
21
16
15
14
18
21
16
17
17
18
18
17
15
14
16
18
16
18
18
16
15
13
18
16
15
16
14
17
16
13
19
15
138
14
16
17
12
19
16
20
17
43
18
16
17
16
17
17
15
15
19
15
16
16
29
16
19
14
17
15
23
19
17
17
43
17
18
19
20
18
18
17
16
18
16
14
18
16
17
18
15
16
20
20
27
16
17
17
16
17
16
14
18
22
18
16
20
90
16
14
20
16
19
17
25
17
17
14
16
16
16
16
15
19
19
20
16
16
16
15
18
14
13
17
17
14
16
16
15
19
14
17
16
14
16
18
19
16
17
18
16
19
19
15
16
16
13
17
22
17
20
16
17
17
15
16
18
19
15
15
18
17
15
16
17
26
18
15
17
13
16
15
22
17
17
16
14
19
22
21
12
21
18
16
17
19
15
17
17
19
19
15
18
14
16
17
15
19
16
15
17
17
19
16
31
21
