269
79
283
270
259
281
249
258
262
259
277
272
77
279
246
251
269
248
73
272
270
260
74
256
70
72
69
266
71
73
258
274
71
71
72
70
71
271
465
259
75
92
77
274
71
258
79
257
260
70
69
265
262
266
255
276
459
266
275
263
257
269
256
260
258
254
272
258
265
261
73
75
251
249
259
271
267
257
258
261
69
262
253
248
275
277
76
73
257
254
462
75
75
250
76
257
250
252
454
267
69
265
264
76
265
259
256
248
270
262
258
73
71
73
88
255
250
254
270
260
268
265
72
70
278
261
308
254
70
452
266
266
262
454
255
262
265
266
261
256
468
73
280
258
260
312
261
259
73
70
263
278
254
265
259
252
70
260
463
257
273
70
249
82
76
254
274
74
268
273
256
258
249
259
259
251
266
82
260
70
468
266
69
254
260
254
74
269
258
84
263
275
265
287
