290
291
109
320
289
296
319
109
300
313
105
304
284
109
301
302
297
292
106
293
298
298
108
106
114
516
304
308
106
293
297
311
327
303
293
294
109
105
289
291
106
287
296
329
107
298
108
298
107
110
316
283
111
106
285
106
295
310
116
289
285
107
480
287
293
281
287
132
285
108
111
288
107
283
281
105
504
305
289
105
316
293
296
108
106
291
115
106
105
106
105
295
105
285
106
107
107
106
105
106
108
285
322
303
108
110
303
109
298
106
125
105
290
322
158
317
289
292
105
289
304
109
107
292
106
320
106
294
105
311
105
307
112
106
107
281
285
105
109
293
309
303
297
105
105
115
301
303
307
105
288
310
118
109
315
108
301
105
308
105
288
106
103
105
107
105
103
105
296
280
107
105
106
107
106
337
299
108
106
105
314
104
105
336
104
105
295
286
295
308
308
105
105
104
105
118
107
295
108
314
293
289
304
108
114
109
308
109
106
106
105
107
105
105
319
283
276
285
272
112
105
106
