26
17
18
13
13
13
14
14
12
13
20
19
16
15
14
13
13
13
12
13
13
17
14
15
17
18
15
14
12
15
12
12
14
14
14
43
15
14
15
15
11
14
13
17
15
11
12
13
17
13
14
24
13
16
12
12
13
17
15
11
12
12
14
13
13
12
12
13
12
14
14
14
13
16
12
13
12
13
15
12
14
13
14
11
13
12
13
13
13
14
16
17
13
14
14
12
12
13
14
14
13
13
13
14
13
13
13
19
13
13
15
13
16
13
12
12
13
11
20
12
14
14
14
11
13
12
13
12
15
18
14
13
12
15
14
39
12
13
12
14
19
12
13
13
22
13
14
15
14
15
14
25
13
47
12
12
13
14
12
14
14
13
13
13
14
15
12
11
12
13
13
13
13
13
19
11
12
13
12
12
12
16
13
12
13
12
12
14
12
12
12
12
12
10
12
11
11
12
12
12
14
29
11
13
11
14
12
12
11
12
14
15
13
12
15
11
12
13
12
16
13
12
12
14
15
12
13
12
14
15
14
15
11
13
16
12
49
12
17
11
12
12
12
11
12
13
13
12
13
13
12
32
12
13
13
12
11
16
12
14
13
11
12
11
12
12
11
13
12
12
15
11
12
12
12
11
13
11
12
14
13
11
12
12
11
12
14
12
11
13
12
14
12
13
12
15
12
13
14
15
15
14
13
19
13
12
12
13
20
12
11
12
11
18
27
15
11
11
14
12
14
12
13
13
13
11
12
14
12
10
12
12
12
12
14
10
50
35
11
11
12
11
11
14
11
13
13
12
11
13
13
27
12
15
11
13
11
12
12
12
11
11
12
17
11
13
15
11
12
12
12
13
13
12
12
12
11
13
12
13
13
22
12
20
11
13
12
30
11
12
12
13
12
13
14
13
11
15
13
12
13
12
12
12
11
11
12
14
13
12
17
11
14
12
14
11
13
11
12
12
13
10
14
15
14
10
13
12
12
12
12
11
12
12
13
12
12
10
11
12
12
11
12
13
11
11
12
11
12
14
14
29
12
14
14
11
12
10
13
15
12
13
12
11
13
11
11
12
12
12
11
12
13
10
12
11
10
10
14
12
12
11
11
11
12
10
11
11
29
10
12
12
13
11
11
11
12
13
12
11
