34
16
15
14
16
12
14
16
13
14
16
16
13
14
16
15
13
13
44
14
16
15
15
16
13
15
11
17
14
13
14
14
13
14
14
15
13
16
94
16
16
17
22
12
13
12
15
13
13
14
28
14
22
12
15
18
14
14
14
14
14
13
12
15
15
14
13
13
14
14
13
12
13
13
17
13
15
13
13
61
18
15
12
12
13
12
15
17
15
12
13
16
31
12
12
13
17
13
16
17
31
19
15
15
17
16
16
20
19
20
26
20
18
21
20
21
21
24
22
20
24
19
646
2164
1183
1586
1202
2462
1880
1512
2700
551
1152
1382
3474
847
1860
13
17
13
12
12
14
12
13
14
12
12
13
17
18
12
13
15
14
13
13
12
14
12
12
13
13
13
13
13
15
12
15
11
12
11
12
13
30
13
12
15
28
12
13
14
14
15
12
12
15
13
14
16
14
15
13
13
15
15
12
16
14
11
13
12
12
12
13
12
12
12
13
13
14
12
16
15
14
12
12
15
12
12
12
12
14
14
15
15
15
13
12
13
13
16
16
13
13
14
14
13
13
12
12
15
11
16
13
15
14
12
13
12
15
12
14
13
12
14
15
15
13
14
13
13
11
14
12
12
13
13
21
11
12
15
14
11
13
13
14
12
22
11
12
12
12
13
13
11
13
15
13
12
13
25
13
15
13
13
13
14
16
15
12
12
13
19
13
14
12
14
12
16
12
13
13
13
16
13
13
16
13
13
14
12
13
16
