266
266
66
53
281
274
261
274
269
258
58
54
265
464
58
263
256
62
260
59
247
271
61
56
253
274
58
290
61
259
74
53
57
273
258
257
55
59
54
54
259
257
63
274
55
60
62
57
253
60
54
53
59
51
259
266
262
55
262
265
58
261
267
290
264
280
261
258
57
55
276
279
259
58
57
262
261
256
56
55
62
258
60
274
57
256
60
67
54
380
58
54
60
279
257
259
58
264
58
55
260
55
54
258
265
277
59
262
255
253
56
280
271
283
57
55
271
472
55
58
268
260
259
278
277
279
268
274
54
53
265
272
58
276
256
278
60
56
59
269
258
274
287
260
57
56
260
260
262
269
56
56
250
305
262
259
58
263
268
256
55
54
271
245
58
53
279
55
273
266
279
258
57
54
60
267
64
56
251
263
64
56
265
278
283
263
267
274
269
58
58
271
275
259
273
55
269
279
54
57
57
259
59
55
260
260
255
56
56
54
55
73
61
478
265
66
59
55
59
272
58
52
53
54
258
274
258
265
259
61
64
54
281
