148
38
38
35
38
40
35
38
33
41
37
31
34
35
35
53
30
31
33
41
38
29
26
34
33
39
39
32
37
30
34
33
26
35
30
28
28
33
25
27
36
22
26
23
28
30
25
27
23
65
34
29
29
22
30
30
23
27
24
22
24
140
41
26
23
43
25
23
26
22
22
24
22
243
25
21
19
27
26
24
23
22
24
22
22
21
22
21
24
22
22
20
25
25
24
25
21
24
28
20
22
27
30
34
26
22
22
25
22
24
20
24
20
23
30
20
20
25
20
25
21
27
21
36
22
21
19
22
20
24
20
19
24
21
26
21
21
25
21
25
22
20
23
23
23
20
20
19
25
20
19
27
24
24
21
19
22
35
29
19
18
22
17
18
34
24
24
21
17
20
18
16
18
26
18
19
19
17
18
16
18
29
17
18
20
19
18
20
25
19
19
32
18
18
18
14
25
45
21
27
18
21
22
20
18
20
21
19
20
20
20
80
21
17
37
19
19
18
17
47
18
20
22
35
116
20
18
20
17
17
18
17
21
17
21
19
19
18
18
17
18
16
20
20
20
16
20
46
23
20
23
20
20
20
19
25
18
18
21
18
24
20
18
17
19
21
17
17
21
20
20
23
17
17
15
18
21
17
16
17
19
19
20
18
17
21
18
19
17
16
24
30
20
17
16
17
17
16
18
16
16
17
16
3473
17
17
18
19
18
17
19
19
16
20
21
16
21
16
19
17
17
16
18
17
15
15
16
18
17
19
33
21
18
15
15
16
19
17
17
16
17
16
15
18
16
18
19
93
17
17
20
16
17
16
20
16
17
17
19
17
19
15
19
24
16
17
19
17
17
16
23
17
18
17
16
17
17
3989
22
18
16
18
16
16
18
17
15
16
15
17
17
15
18
18
17
18
15
18
17
17
18
17
16
18
16
18
15
16
43
17
19
16
15
21
17
17
40
18
21
17
16
16
20
