260
244
52
245
245
52
250
56
250
254
258
256
240
57
258
63
53
253
244
250
54
55
263
51
260
62
238
55
255
243
247
258
52
59
51
238
249
258
240
244
66
53
248
246
56
247
58
51
448
55
245
55
250
55
254
53
239
252
52
247
52
53
246
56
51
255
89
247
252
59
58
76
50
51
70
50
55
249
50
248
53
258
259
242
50
249
52
52
49
49
258
52
254
55
243
50
50
238
246
54
53
58
57
251
51
52
244
50
244
256
244
50
49
51
246
456
52
54
244
60
52
253
60
242
51
254
51
56
54
248
58
245
52
60
244
54
54
253
54
245
52
75
257
254
52
254
56
51
238
250
56
55
240
249
240
245
249
239
51
53
262
57
243
53
245
241
54
53
53
56
301
55
242
54
61
56
56
62
247
60
258
56
52
260
258
243
246
52
53
56
57
246
52
247
64
52
254
50
54
52
57
244
251
51
242
50
244
247
249
50
248
83
250
55
52
265
52
245
54
262
267
69
51
52
55
53
249
53
250
249
67
251
240
54
59
249
249
55
52
249
55
254
268
51
54
71
257
53
265
245
54
246
54
53
56
49
