71
65
66
62
62
62
61
62
61
61
71
61
66
78
60
60
61
61
74
61
61
60
61
60
59
62
60
64
73
61
61
61
62
61
65
65
61
61
61
60
62
61
60
61
61
297
63
62
78
62
60
60
60
63
62
60
63
64
61
60
60
66
63
61
62
62
62
60
62
60
61
60
73
61
65
63
62
71
63
69
275
62
63
60
61
64
62
61
60
63
61
62
63
65
266
64
62
61
72
62
65
60
61
60
61
61
61
61
59
62
78
61
64
64
62
61
66
60
64
61
60
61
61
62
65
68
61
63
62
63
63
60
61
63
65
63
61
63
60
62
60
61
60
265
63
63
63
61
66
60
63
267
75
185
61
63
70
66
61
59
59
60
61
60
61
62
62
61
63
61
64
60
61
61
63
62
62
63
274
60
60
60
60
60
62
61
63
64
62
63
62
69
60
61
60
65
244
61
60
60
62
64
60
60
65
262
62
61
60
61
64
271
64
62
62
70
64
75
67
62
62
64
63
61
62
61
61
272
63
278
64
71
61
62
62
60
61
63
285
63
65
61
60
77
62
61
61
278
62
62
61
260
62
78
79
63
67
261
266
62
61
62
65
61
61
276
61
61
277
66
61
80
61
63
63
62
466
62
63
61
261
64
261
61
196
62
61
61
68
61
257
60
257
62
272
62
282
275
261
64
63
66
65
62
63
61
63
63
275
273
71
276
61
61
61
61
65
62
61
63
65
61
62
65
66
62
62
62
61
62
60
60
60
62
61
65
63
73
66
63
65
68
63
263
61
61
268
65
62
62
63
76
64
60
61
62
62
63
62
62
63
96
62
62
67
61
63
62
63
61
63
60
60
59
61
61
60
257
62
255
60
63
72
64
65
284
67
62
60
65
289
70
62
64
61
61
64
61
61
61
62
63
60
62
63
60
61
62
62
64
274
60
60
60
59
61
61
79
62
60
61
62
