67
59
57
72
253
54
247
246
54
251
242
57
446
64
262
58
247
256
261
54
253
58
252
52
55
256
246
267
54
239
53
256
245
256
57
59
58
260
56
244
251
243
57
247
256
53
241
277
260
253
245
52
54
54
54
52
240
246
250
242
55
460
243
58
249
55
54
53
52
53
250
59
242
57
55
58
244
52
237
241
53
249
273
249
257
60
53
242
62
51
440
56
239
52
246
238
242
240
239
441
239
53
261
252
240
240
252
52
244
250
275
244
244
243
58
254
241
250
261
242
59
51
52
246
109
54
244
249
53
244
239
247
55
239
53
446
243
53
55
252
55
53
235
53
239
54
259
241
55
249
241
55
58
55
239
53
52
254
244
248
246
55
54
252
239
55
245
244
51
240
245
247
253
244
249
55
52
50
245
245
238
254
52
54
268
262
241
63
238
236
247
239
253
253
55
244
256
248
62
251
249
55
54
52
245
247
249
248
55
249
255
238
242
55
59
54
244
54
64
68
243
79
256
