282
76
74
280
273
299
255
271
87
255
81
270
287
259
261
82
273
83
81
254
77
278
275
263
259
77
262
85
78
260
262
255
252
262
78
81
254
266
252
266
77
479
263
75
259
77
86
80
249
76
266
276
272
270
74
73
256
266
79
77
272
275
79
96
73
76
76
257
77
259
253
77
77
92
261
270
251
75
284
254
481
75
215
78
79
257
263
250
77
75
467
264
453
263
258
77
267
82
265
259
282
77
72
74
265
256
262
255
261
256
80
74
73
250
248
74
73
76
259
77
77
260
257
254
92
468
77
256
273
253
253
77
259
258
281
254
273
266
271
268
263
268
79
77
179
288
74
269
82
271
271
271
263
259
277
266
466
248
265
259
85
285
253
89
252
86
254
291
266
79
255
268
256
271
82
79
86
86
273
80
261
73
301
259
79
80
282
261
260
252
272
467
289
256
254
251
259
75
78
253
258
264
96
263
273
79
81
264
259
77
81
79
270
260
78
