280
262
273
256
77
73
262
271
269
77
257
77
76
257
262
466
266
284
258
71
275
70
268
74
262
76
72
70
260
265
73
275
78
259
243
277
255
263
263
72
72
252
269
261
270
82
73
257
467
77
248
261
274
73
273
664
276
262
258
254
272
82
259
91
270
75
468
255
259
270
266
279
75
74
259
267
270
257
74
277
273
271
256
81
265
269
268
253
263
265
71
90
80
250
264
266
262
265
283
71
272
266
266
78
278
256
267
272
266
262
263
72
265
80
252
74
317
261
261
258
271
493
262
258
260
258
260
260
262
267
265
74
74
273
78
271
71
86
267
262
71
80
274
73
262
255
80
266
265
252
79
75
248
77
268
259
270
72
264
257
264
271
279
84
276
261
281
71
260
73
265
80
254
72
272
261
257
76
256
258
256
79
74
261
276
266
263
73
253
270
250
464
283
255
254
78
76
268
77
286
254
