884 ,0, 133, '40 34 41 51 42 40 43 29 36 34 27 31 36 35 42 45 31 34 34 41 ' ,'0 0 0 0 0 0 0 0 0 0 0 0 0 0 0 0 0 0 0 0 ' ,62 ,6 ,15, 15
809 ,180, 756, '338 425 330 417 454 433 377 413 437 561 487 436 340 367 618 477 365 373 356 557 ' ,'0 0 0 0 0 0 0 0 0 0 0 0 0 0 0 0 0 0 0 0 ' ,313 ,5 ,93, 4
382 ,780, 349, '184 208 216 249 235 245 218 230 236 289 206 278 301 225 210 222 285 239 238 212 ' ,'0 0 0 0 0 0 0 0 0 0 0 0 0 0 0 0 0 0 0 0 ' ,133 ,3 ,17, 5
519 ,455, 493, '353 250 237 257 389 252 268 219 246 280 292 248 255 227 228 326 285 253 261 374 ' ,'0 0 0 0 0 0 0 0 0 0 0 0 0 0 0 0 0 0 0 0 ' ,188 ,4 ,71, 1
898 ,553, 873, '250 302 250 232 273 197 241 258 204 214 264 259 230 261 256 313 242 210 233 827 ' ,'0 0 0 0 0 0 0 0 0 0 0 0 0 0 0 0 0 0 0 0 ' ,652 ,4 ,9, 1
376 ,963, 345, '242 218 241 223 262 277 225 190 242 315 233 227 242 261 200 219 220 219 231 227 ' ,'0 0 0 0 0 0 0 0 0 0 0 0 0 0 0 0 0 0 0 0 ' ,137 ,4 ,7, 1
351 ,465, 332, '302 247 253 220 244 278 262 251 274 204 234 251 235 249 222 179 240 279 237 217 ' ,'0 0 0 0 0 0 0 0 0 0 0 0 0 0 0 0 0 0 0 0 ' ,130 ,3 ,13, 1
337 ,341, 320, '273 292 201 227 243 275 234 229 218 217 250 291 230 224 213 212 217 269 251 268 ' ,'0 0 0 0 0 0 0 0 0 0 0 0 0 0 0 0 0 0 0 0 ' ,99 ,4 ,9, 2
346 ,333, 328, '291 254 230 239 269 284 258 210 264 232 283 251 212 250 282 253 257 191 278 195 ' ,'0 0 0 0 0 0 0 0 0 0 0 0 0 0 0 0 0 0 0 0 ' ,114 ,3 ,13, 2
436 ,341, 408, '294 273 276 265 261 231 259 302 262 227 334 314 208 221 344 221 230 266 228 256 ' ,'0 0 0 0 0 0 0 0 0 0 0 0 0 0 0 0 0 0 0 0 ' ,145 ,3 ,41, 1
378 ,500, 351, '236 206 243 221 261 209 247 216 225 195 225 247 280 213 201 199 310 203 231 251 ' ,'0 0 0 0 0 0 0 0 0 0 0 0 0 0 0 0 0 0 0 0 ' ,127 ,6 ,15, 2
412 ,463, 388, '283 212 227 264 238 225 221 234 203 244 354 242 273 248 271 232 214 240 219 191 ' ,'0 0 0 0 0 0 0 0 0 0 0 0 0 0 0 0 0 0 0 0 ' ,168 ,6 ,9, 3
371 ,473, 348, '256 320 262 238 275 250 241 275 231 317 260 267 237 304 296 279 262 245 287 267 ' ,'0 0 0 0 0 0 0 0 0 0 0 0 0 0 0 0 0 0 0 0 ' ,101 ,3 ,6, 3
362 ,377, 338, '207 245 191 246 311 226 247 255 217 293 199 235 186 205 229 194 220 242 254 255 ' ,'0 0 0 0 0 0 0 0 0 0 0 0 0 0 0 0 0 0 0 0 ' ,137 ,2 ,6, 2
490 ,441, 461, '275 370 288 308 338 237 258 237 370 242 313 342 275 250 432 235 278 267 375 255 ' ,'0 0 0 0 0 0 0 0 0 0 0 0 0 0 0 0 0 0 0 0 ' ,210 ,2 ,10, 2
369 ,552, 341, '232 270 248 224 310 174 226 251 233 226 270 223 225 244 265 247 213 199 228 232 ' ,'0 0 0 0 0 0 0 0 0 0 0 0 0 0 0 0 0 0 0 0 ' ,146 ,3 ,7, 1
407 ,371, 376, '253 220 232 252 354 238 265 253 193 239 256 270 239 241 224 219 248 241 258 233 ' ,'0 0 0 0 0 0 0 0 0 0 0 0 0 0 0 0 0 0 0 0 ' ,152 ,2 ,3, 2
333 ,393, 309, '269 216 213 257 224 239 240 253 230 219 254 264 276 253 247 256 256 229 246 281 ' ,'0 0 0 0 0 0 0 0 0 0 0 0 0 0 0 0 0 0 0 0 ' ,81 ,1 ,7, 2
342 ,329, 319, '207 226 258 232 216 179 222 258 208 241 215 208 201 224 169 239 171 188 242 286 ' ,'0 0 0 0 0 0 0 0 0 0 0 0 0 0 0 0 0 0 0 0 ' ,129 ,2 ,11, 1
397 ,339, 371, '270 293 241 293 345 247 291 229 270 324 255 305 284 283 315 306 287 248 283 244 ' ,'0 0 0 0 0 0 0 0 0 0 0 0 0 0 0 0 0 0 0 0 ' ,124 ,2 ,3, 2
582 ,462, 559, '273 266 267 269 205 243 460 211 251 295 243 310 273 234 217 265 279 239 241 266 ' ,'0 0 0 0 0 0 0 0 0 0 0 0 0 0 0 0 0 0 0 0 ' ,256 ,2 ,84, 2
377 ,565, 350, '251 259 251 240 327 198 209 242 231 225 232 293 285 254 236 220 205 237 253 284 ' ,'0 0 0 0 0 0 0 0 0 0 0 0 0 0 0 0 0 0 0 0 ' ,132 ,2 ,9, 2
382 ,367, 355, '241 253 230 188 338 250 201 196 254 240 222 253 193 268 204 214 249 225 186 252 ' ,'0 0 0 0 0 0 0 0 0 0 0 0 0 0 0 0 0 0 0 0 ' ,158 ,2 ,7, 1
337 ,371, 314, '187 247 206 231 262 228 200 298 206 210 276 218 222 188 232 202 222 196 255 223 ' ,'0 0 0 0 0 0 0 0 0 0 0 0 0 0 0 0 0 0 0 0 ' ,116 ,2 ,7, 1
331 ,331, 308, '247 288 206 200 178 197 261 241 199 247 234 206 241 258 222 236 254 245 269 258 ' ,'0 0 0 0 0 0 0 0 0 0 0 0 0 0 0 0 0 0 0 0 ' ,109 ,3 ,12, 1
384 ,380, 360, '231 300 219 205 223 214 239 295 237 242 283 233 225 288 326 226 238 210 213 212 ' ,'0 0 0 0 0 0 0 0 0 0 0 0 0 0 0 0 0 0 0 0 ' ,136 ,3 ,10, 2
387 ,374, 355, '249 216 184 210 227 207 323 338 221 199 235 242 261 232 175 233 241 233 272 188 ' ,'0 0 0 0 0 0 0 0 0 0 0 0 0 0 0 0 0 0 0 0 ' ,157 ,3 ,7, 1
305 ,376, 284, '206 204 207 214 161 194 178 251 199 197 215 189 251 232 265 210 187 176 182 173 ' ,'0 0 0 0 0 0 0 0 0 0 0 0 0 0 0 0 0 0 0 0 ' ,110 ,2 ,7, 1
320 ,328, 302, '224 204 187 199 227 220 231 228 276 246 206 247 229 214 201 194 228 234 191 190 ' ,'0 0 0 0 0 0 0 0 0 0 0 0 0 0 0 0 0 0 0 0 ' ,101 ,3 ,9, 2
1043 ,315, 1022, '246 233 258 244 272 218 220 225 276 343 286 262 237 271 252 237 273 228 274 271 ' ,'0 0 0 0 0 0 0 0 0 0 0 0 0 0 0 0 0 0 0 0 ' ,795 ,2 ,9, 2
332 ,1064, 308, '235 284 241 223 218 209 278 211 217 273 251 253 167 188 261 273 235 205 218 221 ' ,'0 0 0 0 0 0 0 0 0 0 0 0 0 0 0 0 0 0 0 0 ' ,117 ,1 ,9, 2
308 ,357, 279, '216 209 227 235 198 183 220 233 221 241 261 224 184 217 224 224 186 204 162 227 ' ,'0 0 0 0 0 0 0 0 0 0 0 0 0 0 0 0 0 0 0 0 ' ,105 ,1 ,7, 1
540 ,297, 514, '239 242 215 208 276 275 287 270 262 346 220 271 493 305 334 248 296 263 274 361 ' ,'0 0 0 0 0 0 0 0 0 0 0 0 0 0 0 0 0 0 0 0 ' ,290 ,2 ,7, 1
387 ,612, 357, '251 215 251 278 313 206 200 239 243 317 268 294 305 342 256 248 249 260 283 287 ' ,'0 0 0 0 0 0 0 0 0 0 0 0 0 0 0 0 0 0 0 0 ' ,146 ,1 ,5, 2
371 ,434, 345, '246 233 235 231 242 245 201 234 210 259 253 269 243 244 245 230 221 233 267 311 ' ,'0 0 0 0 0 0 0 0 0 0 0 0 0 0 0 0 0 0 0 0 ' ,130 ,1 ,7, 3
398 ,362, 375, '270 250 256 251 261 228 266 249 223 233 260 259 263 235 245 258 275 280 225 339 ' ,'0 0 0 0 0 0 0 0 0 0 0 0 0 0 0 0 0 0 0 0 ' ,131 ,1 ,12, 1
428 ,390, 401, '226 283 301 252 283 264 230 258 214 275 279 257 261 223 258 255 222 282 316 358 ' ,'0 0 0 0 0 0 0 0 0 0 0 0 0 0 0 0 0 0 0 0 ' ,164 ,0 ,16, 2
387 ,439, 363, '231 228 226 216 332 203 223 231 235 218 226 190 244 215 246 190 245 224 209 249 ' ,'0 0 0 0 0 0 0 0 0 0 0 0 0 0 0 0 0 0 0 0 ' ,157 ,1 ,6, 2
320 ,377, 294, '209 187 215 235 208 170 185 219 198 255 218 206 213 225 201 177 189 186 231 230 ' ,'0 0 0 0 0 0 0 0 0 0 0 0 0 0 0 0 0 0 0 0 ' ,100 ,2 ,16, 5
345 ,307, 322, '201 194 206 214 289 169 196 232 180 197 214 180 194 202 205 199 205 206 183 207 ' ,'0 0 0 0 0 0 0 0 0 0 0 0 0 0 0 0 0 0 0 0 ' ,134 ,2 ,9, 3
412 ,341, 387, '187 210 193 225 248 206 196 230 212 298 205 189 182 225 210 234 225 208 218 233 ' ,'0 0 0 0 0 0 0 0 0 0 0 0 0 0 0 0 0 0 0 0 ' ,128 ,2 ,62, 2
282 ,393, 257, '205 221 196 184 187 236 177 186 231 194 227 196 177 195 199 213 223 199 176 223 ' ,'0 0 0 0 0 0 0 0 0 0 0 0 0 0 0 0 0 0 0 0 ' ,68 ,1 ,9, 2
336 ,276, 313, '245 196 224 209 251 252 260 203 236 254 247 216 250 247 275 254 254 189 206 292 ' ,'0 0 0 0 0 0 0 0 0 0 0 0 0 0 0 0 0 0 0 0 ' ,109 ,2 ,6, 1
425 ,328, 406, '237 226 225 245 331 263 199 273 316 243 385 258 193 347 254 313 286 287 279 219 ' ,'0 0 0 0 0 0 0 0 0 0 0 0 0 0 0 0 0 0 0 0 ' ,196 ,0 ,4, 1
359 ,418, 342, '265 232 234 258 206 202 230 221 247 238 287 270 210 209 258 220 245 318 235 228 ' ,'0 0 0 0 0 0 0 0 0 0 0 0 0 0 0 0 0 0 0 0 ' ,119 ,1 ,14, 2
463 ,374, 445, '203 199 254 191 202 188 249 188 189 230 294 195 211 215 214 223 212 216 195 203 ' ,'0 0 0 0 0 0 0 0 0 0 0 0 0 0 0 0 0 0 0 0 ' ,110 ,1 ,8, 2
451 ,452, 427, '246 272 356 269 343 247 274 388 238 311 327 293 404 258 294 309 289 274 255 345 ' ,'0 0 0 0 0 0 0 0 0 0 0 0 0 0 0 0 0 0 0 0 ' ,174 ,1 ,10, 2
416 ,494, 392, '255 235 242 285 264 298 307 267 280 273 337 282 278 246 286 276 266 335 351 362 ' ,'0 0 0 0 0 0 0 0 0 0 0 0 0 0 0 0 0 0 0 0 ' ,150 ,1 ,3, 1
437 ,459, 411, '211 188 238 207 325 238 316 246 252 248 276 324 395 210 231 232 298 256 209 195 ' ,'0 0 0 0 0 0 0 0 0 0 0 0 0 0 0 0 0 0 0 0 ' ,212 ,1 ,2, 2
330 ,437, 301, '212 215 226 245 184 207 211 256 196 213 202 230 216 208 272 218 198 227 221 235 ' ,'0 0 0 0 0 0 0 0 0 0 0 0 0 0 0 0 0 0 0 0 ' ,93 ,1 ,6, 1
500 ,326, 476, '283 239 272 228 439 238 208 222 224 265 389 223 240 242 233 258 192 225 292 294 ' ,'0 0 0 0 0 0 0 0 0 0 0 0 0 0 0 0 0 0 0 0 ' ,267 ,2 ,4, 2
535 ,521, 505, '279 271 266 294 293 269 483 317 274 257 264 228 223 354 382 287 275 249 291 266 ' ,'0 0 0 0 0 0 0 0 0 0 0 0 0 0 0 0 0 0 0 0 ' ,265 ,2 ,4, 2
370 ,566, 339, '270 231 255 232 277 210 250 241 204 244 255 238 242 242 304 215 258 222 247 251 ' ,'0 0 0 0 0 0 0 0 0 0 0 0 0 0 0 0 0 0 0 0 ' ,122 ,2 ,9, 2
334 ,367, 310, '228 199 223 213 210 208 209 206 194 280 266 224 198 215 208 195 208 224 235 163 ' ,'0 0 0 0 0 0 0 0 0 0 0 0 0 0 0 0 0 0 0 0 ' ,120 ,2 ,9, 2
325 ,334, 299, '225 213 207 221 237 215 212 236 198 223 224 237 223 243 254 222 249 209 246 259 ' ,'0 0 0 0 0 0 0 0 0 0 0 0 0 0 0 0 0 0 0 0 ' ,79 ,2 ,13, 2
375 ,323, 348, '236 231 240 244 323 212 245 223 233 232 242 225 205 262 241 232 245 220 243 253 ' ,'0 0 0 0 0 0 0 0 0 0 0 0 0 0 0 0 0 0 0 0 ' ,124 ,1 ,10, 2
319 ,376, 291, '212 232 227 261 220 241 223 241 225 205 214 200 214 227 245 247 218 247 274 250 ' ,'0 0 0 0 0 0 0 0 0 0 0 0 0 0 0 0 0 0 0 0 ' ,69 ,1 ,7, 2
378 ,317, 353, '224 233 285 222 248 257 236 247 252 252 208 224 236 209 316 288 213 231 256 218 ' ,'0 0 0 0 0 0 0 0 0 0 0 0 0 0 0 0 0 0 0 0 ' ,128 ,0 ,9, 2
434 ,376, 410, '241 198 200 248 244 288 241 280 232 274 281 258 242 297 370 228 245 213 292 236 ' ,'0 0 0 0 0 0 0 0 0 0 0 0 0 0 0 0 0 0 0 0 ' ,192 ,1 ,9, 2
427 ,426, 405, '252 225 243 224 372 258 254 219 259 240 280 270 269 227 257 232 253 252 269 221 ' ,'0 0 0 0 0 0 0 0 0 0 0 0 0 0 0 0 0 0 0 0 ' ,168 ,1 ,9, 2
472 ,432, 449, '270 277 280 217 232 237 279 408 259 265 343 291 243 264 276 247 269 252 246 336 ' ,'0 0 0 0 0 0 0 0 0 0 0 0 0 0 0 0 0 0 0 0 ' ,187 ,1 ,26, 1
972 ,462, 947, '681 342 355 289 350 243 247 260 216 236 333 927 313 244 276 688 289 303 350 319 ' ,'0 0 0 0 0 0 0 0 0 0 0 0 0 0 0 0 0 0 0 0 ' ,712 ,1 ,8, 1
351 ,1036, 323, '296 288 195 296 247 319 263 241 217 258 284 235 272 267 192 243 220 211 241 217 ' ,'0 0 0 0 0 0 0 0 0 0 0 0 0 0 0 0 0 0 0 0 ' ,128 ,1 ,5, 2
405 ,372, 387, '238 220 286 291 257 219 219 240 226 354 276 227 207 222 258 241 187 256 218 305 ' ,'0 0 0 0 0 0 0 0 0 0 0 0 0 0 0 0 0 0 0 0 ' ,183 ,1 ,3, 2
459 ,410, 428, '390 267 246 301 252 234 378 287 288 324 217 217 222 275 354 283 370 303 227 390 ' ,'0 0 0 0 0 0 0 0 0 0 0 0 0 0 0 0 0 0 0 0 ' ,193 ,1 ,7, 1
582 ,449, 342, '264 231 230 246 248 244 272 218 305 303 236 233 262 297 294 237 267 258 220 312 ' ,'0 0 0 0 0 0 0 0 0 0 0 0 0 0 0 0 0 0 0 0 ' ,112 ,1 ,6, 1
435 ,365, 402, '276 326 253 250 358 379 299 320 363 283 277 257 255 261 254 278 263 300 178 235 ' ,'0 0 0 0 0 0 0 0 0 0 0 0 0 0 0 0 0 0 0 0 ' ,206 ,2 ,8, 1
323 ,425, 298, '250 244 201 231 247 240 223 245 211 197 230 249 234 278 243 240 208 198 256 209 ' ,'0 0 0 0 0 0 0 0 0 0 0 0 0 0 0 0 0 0 0 0 ' ,81 ,1 ,10, 1
6883 ,1916, 378, '207 284 296 206 299 279 292 296 232 330 269 248 247 233 279 260 285 244 268 332 ' ,'0 0 0 0 0 0 0 0 0 0 0 0 0 0 0 0 0 0 0 0 ' ,146 ,1 ,19, 1
497 ,406, 471, '251 217 291 269 390 244 241 266 228 325 296 378 219 277 268 204 272 252 171 253 ' ,'0 0 0 0 0 0 0 0 0 0 0 0 0 0 0 0 0 0 0 0 ' ,238 ,1 ,56, 1
516 ,537, 489, '473 254 232 274 244 230 286 227 206 302 220 253 209 229 243 288 218 267 242 257 ' ,'0 0 0 0 0 0 0 0 0 0 0 0 0 0 0 0 0 0 0 0 ' ,266 ,1 ,10, 2
368 ,518, 349, '198 276 232 260 223 321 241 225 291 215 223 213 211 198 194 301 232 276 216 202 ' ,'0 0 0 0 0 0 0 0 0 0 0 0 0 0 0 0 0 0 0 0 ' ,128 ,1 ,17, 1
418 ,358, 401, '173 221 224 176 379 218 205 233 221 213 203 216 240 257 225 216 263 206 245 213 ' ,'0 0 0 0 0 0 0 0 0 0 0 0 0 0 0 0 0 0 0 0 ' ,208 ,1 ,12, 1
362 ,409, 345, '270 205 202 191 217 208 185 220 239 204 286 215 205 211 197 217 201 220 196 209 ' ,'0 0 0 0 0 0 0 0 0 0 0 0 0 0 0 0 0 0 0 0 ' ,140 ,37 ,12, 1
343 ,394, 322, '185 237 231 283 193 217 216 195 191 191 208 244 217 215 269 196 193 211 274 231 ' ,'0 0 0 0 0 0 0 0 0 0 0 0 0 0 0 0 0 0 0 0 ' ,106 ,1 ,24, 2
348 ,340, 323, '221 179 166 226 229 208 207 201 292 244 225 211 222 241 298 192 195 198 249 201 ' ,'0 0 0 0 0 0 0 0 0 0 0 0 0 0 0 0 0 0 0 0 ' ,147 ,1 ,7, 1
336 ,375, 312, '256 204 185 183 201 214 194 187 213 274 214 198 171 191 251 180 196 212 224 170 ' ,'0 0 0 0 0 0 0 0 0 0 0 0 0 0 0 0 0 0 0 0 ' ,123 ,1 ,10, 2
375 ,335, 352, '285 197 198 260 225 206 209 207 237 182 325 263 169 213 267 220 221 231 209 196 ' ,'0 0 0 0 0 0 0 0 0 0 0 0 0 0 0 0 0 0 0 0 ' ,155 ,1 ,15, 1
415 ,376, 393, '276 224 234 278 217 259 248 278 231 216 220 228 225 238 225 246 230 212 264 315 ' ,'0 0 0 0 0 0 0 0 0 0 0 0 0 0 0 0 0 0 0 0 ' ,166 ,47 ,8, 2
354 ,412, 332, '248 253 253 252 302 244 269 214 233 260 276 242 236 269 215 259 282 224 299 240 ' ,'0 0 0 0 0 0 0 0 0 0 0 0 0 0 0 0 0 0 0 0 ' ,102 ,1 ,11, 2
449 ,408, 429, '276 255 301 298 252 263 297 255 220 306 274 268 284 253 396 281 239 291 252 264 ' ,'0 0 0 0 0 0 0 0 0 0 0 0 0 0 0 0 0 0 0 0 ' ,192 ,1 ,6, 2
378 ,486, 352, '306 258 249 242 259 279 273 292 234 263 330 260 272 272 322 278 253 281 233 275 ' ,'0 0 0 0 0 0 0 0 0 0 0 0 0 0 0 0 0 0 0 0 ' ,101 ,1 ,8, 2
401 ,387, 380, '224 246 233 260 278 267 239 270 229 252 244 259 241 254 337 234 200 203 272 270 ' ,'0 0 0 0 0 0 0 0 0 0 0 0 0 0 0 0 0 0 0 0 ' ,156 ,1 ,16, 2
451 ,407, 427, '338 277 288 233 283 275 384 272 283 259 292 218 230 301 395 251 202 249 270 310 ' ,'0 0 0 0 0 0 0 0 0 0 0 0 0 0 0 0 0 0 0 0 ' ,211 ,1 ,7, 2
359 ,450, 334, '202 224 213 208 222 214 231 223 229 248 217 214 203 216 301 204 229 204 269 225 ' ,'0 0 0 0 0 0 0 0 0 0 0 0 0 0 0 0 0 0 0 0 ' ,117 ,1 ,8, 2
386 ,367, 362, '198 208 183 184 184 225 210 248 217 207 230 177 185 163 199 198 202 193 211 321 ' ,'0 0 0 0 0 0 0 0 0 0 0 0 0 0 0 0 0 0 0 0 ' ,175 ,1 ,13, 2
288 ,390, 266, '173 183 176 200 241 203 176 202 179 180 179 206 171 182 154 201 167 167 225 183 ' ,'0 0 0 0 0 0 0 0 0 0 0 0 0 0 0 0 0 0 0 0 ' ,90 ,1 ,5, 1
362 ,288, 337, '195 205 188 159 257 197 203 198 206 298 206 208 171 195 188 176 182 185 191 197 ' ,'0 0 0 0 0 0 0 0 0 0 0 0 0 0 0 0 0 0 0 0 ' ,157 ,1 ,13, 1
310 ,357, 288, '185 219 185 198 171 185 198 197 201 208 192 185 168 217 237 244 156 207 267 183 ' ,'0 0 0 0 0 0 0 0 0 0 0 0 0 0 0 0 0 0 0 0 ' ,116 ,0 ,11, 1
382 ,315, 361, '164 230 203 298 322 224 222 201 273 193 181 216 210 233 217 185 187 232 178 249 ' ,'0 0 0 0 0 0 0 0 0 0 0 0 0 0 0 0 0 0 0 0 ' ,179 ,1 ,13, 2
318 ,384, 287, '200 199 191 206 169 199 203 263 214 257 221 194 221 199 192 229 220 192 213 210 ' ,'0 0 0 0 0 0 0 0 0 0 0 0 0 0 0 0 0 0 0 0 ' ,96 ,1 ,9, 1
260 ,314, 244, '215 177 199 173 212 206 198 174 186 214 181 200 188 220 188 211 215 183 226 209 ' ,'0 0 0 0 0 0 0 0 0 0 0 0 0 0 0 0 0 0 0 0 ' ,55 ,1 ,7, 1
281 ,258, 264, '208 213 236 225 214 246 228 226 223 207 196 212 205 205 201 197 234 202 219 229 ' ,'0 0 0 0 0 0 0 0 0 0 0 0 0 0 0 0 0 0 0 0 ' ,53 ,1 ,11, 2
520 ,277, 505, '429 292 273 271 270 260 259 298 283 266 313 281 250 258 294 261 255 272 329 216 ' ,'0 0 0 0 0 0 0 0 0 0 0 0 0 0 0 0 0 0 0 0 ' ,240 ,27 ,13, 2
390 ,517, 375, '322 272 245 284 265 244 268 254 293 243 250 277 282 353 258 259 250 260 303 272 ' ,'0 0 0 0 0 0 0 0 0 0 0 0 0 0 0 0 0 0 0 0 ' ,113 ,1 ,11, 1
385 ,386, 370, '271 268 276 237 223 255 245 210 208 301 296 216 223 224 233 257 217 250 343 243 ' ,'0 0 0 0 0 0 0 0 0 0 0 0 0 0 0 0 0 0 0 0 ' ,145 ,0 ,5, 1
381 ,382, 364, '245 254 257 257 289 266 237 333 279 267 272 246 237 268 249 228 249 319 291 265 ' ,'0 0 0 0 0 0 0 0 0 0 0 0 0 0 0 0 0 0 0 0 ' ,106 ,1 ,22, 1
393 ,371, 377, '249 290 246 266 307 290 251 329 272 256 284 278 215 241 277 270 262 353 261 298 ' ,'0 0 0 0 0 0 0 0 0 0 0 0 0 0 0 0 0 0 0 0 ' ,138 ,1 ,11, 2
399 ,390, 382, '229 247 269 245 228 238 251 193 272 184 253 357 219 274 242 262 233 245 287 244 ' ,'0 0 0 0 0 0 0 0 0 0 0 0 0 0 0 0 0 0 0 0 ' ,177 ,2 ,10, 2
1800 ,406, 331, '227 239 232 272 299 223 251 283 245 238 262 252 234 262 207 215 220 202 267 240 ' ,'0 0 0 0 0 0 0 0 0 0 0 0 0 0 0 0 0 0 0 0 ' ,116 ,1 ,7, 2
402 ,357, 382, '227 307 260 222 299 256 239 296 271 335 222 298 240 266 264 245 242 256 252 248 ' ,'0 0 0 0 0 0 0 0 0 0 0 0 0 0 0 0 0 0 0 0 ' ,134 ,1 ,18, 2
402 ,416, 381, '231 239 240 282 249 251 250 256 254 349 234 239 286 217 248 234 223 269 308 337 ' ,'0 0 0 0 0 0 0 0 0 0 0 0 0 0 0 0 0 0 0 0 ' ,150 ,1 ,9, 2
347 ,405, 326, '211 181 212 212 262 225 232 206 203 283 213 221 234 207 247 219 238 211 194 201 ' ,'0 0 0 0 0 0 0 0 0 0 0 0 0 0 0 0 0 0 0 0 ' ,129 ,2 ,9, 2
310 ,386, 285, '237 220 203 177 247 209 220 235 207 187 196 198 205 204 189 194 169 190 205 221 ' ,'0 0 0 0 0 0 0 0 0 0 0 0 0 0 0 0 0 0 0 0 ' ,99 ,1 ,3, 2
294 ,308, 271, '186 178 179 203 178 197 191 204 191 222 241 174 169 168 225 175 175 179 211 227 ' ,'0 0 0 0 0 0 0 0 0 0 0 0 0 0 0 0 0 0 0 0 ' ,83 ,1 ,13, 1
341 ,295, 320, '230 183 179 185 242 209 188 241 188 271 196 210 212 178 200 192 183 187 199 196 ' ,'0 0 0 0 0 0 0 0 0 0 0 0 0 0 0 0 0 0 0 0 ' ,115 ,1 ,20, 2
316 ,336, 293, '184 254 201 195 184 180 199 181 173 250 220 195 173 192 203 201 203 173 221 237 ' ,'0 0 0 0 0 0 0 0 0 0 0 0 0 0 0 0 0 0 0 0 ' ,100 ,1 ,10, 2
304 ,318, 278, '193 194 221 209 227 257 206 212 174 223 221 212 206 209 202 176 191 196 239 205 ' ,'0 0 0 0 0 0 0 0 0 0 0 0 0 0 0 0 0 0 0 0 ' ,86 ,1 ,11, 1
360 ,295, 345, '237 309 245 232 289 316 323 241 278 235 198 204 247 240 246 269 262 297 251 303 ' ,'0 0 0 0 0 0 0 0 0 0 0 0 0 0 0 0 0 0 0 0 ' ,128 ,1 ,10, 2
320 ,360, 302, '240 197 205 193 236 240 216 255 191 207 206 282 261 234 217 232 237 186 258 219 ' ,'0 0 0 0 0 0 0 0 0 0 0 0 0 0 0 0 0 0 0 0 ' ,102 ,1 ,7, 2
320 ,318, 301, '189 196 192 181 183 205 223 205 196 256 224 237 257 283 216 207 189 201 252 157 ' ,'0 0 0 0 0 0 0 0 0 0 0 0 0 0 0 0 0 0 0 0 ' ,126 ,1 ,9, 2
332 ,330, 308, '209 207 190 196 269 214 229 232 217 214 202 265 207 201 184 261 224 199 226 232 ' ,'0 0 0 0 0 0 0 0 0 0 0 0 0 0 0 0 0 0 0 0 ' ,102 ,1 ,11, 2
340 ,334, 320, '238 207 265 218 283 209 237 182 247 250 214 229 244 227 244 200 250 234 280 218 ' ,'0 0 0 0 0 0 0 0 0 0 0 0 0 0 0 0 0 0 0 0 ' ,122 ,1 ,7, 2
383 ,345, 360, '231 289 194 198 249 223 267 197 220 278 309 261 288 284 252 213 233 240 283 323 ' ,'0 0 0 0 0 0 0 0 0 0 0 0 0 0 0 0 0 0 0 0 ' ,149 ,1 ,12, 1
437 ,382, 408, '269 299 282 259 361 261 288 260 293 330 334 254 303 274 310 256 240 274 237 277 ' ,'0 0 0 0 0 0 0 0 0 0 0 0 0 0 0 0 0 0 0 0 ' ,155 ,2 ,11, 2
643 ,465, 621, '265 240 313 598 424 281 296 288 270 270 368 245 254 302 301 207 301 302 256 368 ' ,'0 0 0 0 0 0 0 0 0 0 0 0 0 0 0 0 0 0 0 0 ' ,397 ,2 ,9, 2
422 ,657, 398, '207 293 290 292 323 303 335 269 232 343 283 273 275 346 317 273 338 263 286 291 ' ,'0 0 0 0 0 0 0 0 0 0 0 0 0 0 0 0 0 0 0 0 ' ,172 ,1 ,13, 1
371 ,433, 343, '243 250 241 250 248 277 242 258 217 298 267 210 234 246 236 221 236 213 221 265 ' ,'0 0 0 0 0 0 0 0 0 0 0 0 0 0 0 0 0 0 0 0 ' ,113 ,2 ,10, 2
384 ,373, 359, '224 238 212 212 242 230 218 223 225 312 225 230 216 222 239 220 221 230 198 194 ' ,'0 0 0 0 0 0 0 0 0 0 0 0 0 0 0 0 0 0 0 0 ' ,142 ,1 ,12, 2
369 ,382, 348, '196 215 206 240 225 213 241 223 224 296 244 211 221 232 232 239 227 219 240 258 ' ,'0 0 0 0 0 0 0 0 0 0 0 0 0 0 0 0 0 0 0 0 ' ,122 ,1 ,22, 2
362 ,367, 339, '215 253 195 226 201 210 229 312 204 248 237 204 189 258 190 242 232 200 224 252 ' ,'0 0 0 0 0 0 0 0 0 0 0 0 0 0 0 0 0 0 0 0 ' ,123 ,2 ,16, 2
306 ,357, 284, '208 227 189 200 246 216 230 207 209 183 207 191 208 217 233 202 177 193 192 216 ' ,'0 0 0 0 0 0 0 0 0 0 0 0 0 0 0 0 0 0 0 0 ' ,86 ,1 ,11, 2
337 ,312, 317, '223 227 194 205 267 245 187 192 178 204 183 239 176 251 223 210 202 195 216 190 ' ,'0 0 0 0 0 0 0 0 0 0 0 0 0 0 0 0 0 0 0 0 ' ,107 ,1 ,25, 1
333 ,330, 312, '202 193 192 202 221 191 205 180 167 198 199 173 203 176 172 216 180 181 164 262 ' ,'0 0 0 0 0 0 0 0 0 0 0 0 0 0 0 0 0 0 0 0 ' ,124 ,2 ,12, 1
420 ,341, 398, '294 313 225 269 264 240 224 202 211 239 250 201 249 240 271 255 212 189 218 346 ' ,'0 0 0 0 0 0 0 0 0 0 0 0 0 0 0 0 0 0 0 0 ' ,187 ,1 ,16, 2
357 ,419, 335, '270 214 238 241 212 260 199 247 236 284 293 303 216 255 242 232 223 243 213 240 ' ,'0 0 0 0 0 0 0 0 0 0 0 0 0 0 0 0 0 0 0 0 ' ,107 ,1 ,17, 2
410 ,345, 389, '344 192 228 249 288 235 231 224 196 292 364 224 201 212 220 211 206 223 234 213 ' ,'0 0 0 0 0 0 0 0 0 0 0 0 0 0 0 0 0 0 0 0 ' ,178 ,1 ,11, 1
410 ,407, 395, '275 266 212 252 224 361 283 263 295 214 319 336 256 288 214 292 298 328 273 267 ' ,'0 0 0 0 0 0 0 0 0 0 0 0 0 0 0 0 0 0 0 0 ' ,154 ,1 ,19, 1
371 ,421, 352, '295 290 300 255 282 274 303 228 277 269 246 273 314 258 270 244 256 275 337 246 ' ,'0 0 0 0 0 0 0 0 0 0 0 0 0 0 0 0 0 0 0 0 ' ,109 ,1 ,8, 1
403 ,387, 384, '299 297 272 253 288 297 306 259 240 284 340 308 288 319 317 292 306 263 369 297 ' ,'0 0 0 0 0 0 0 0 0 0 0 0 0 0 0 0 0 0 0 0 ' ,128 ,2 ,9, 1
477 ,426, 461, '333 280 291 352 288 348 272 273 277 269 314 329 224 288 394 302 321 359 335 414 ' ,'0 0 0 0 0 0 0 0 0 0 0 0 0 0 0 0 0 0 0 0 ' ,207 ,2 ,16, 3
947 ,488, 925, '265 269 257 308 323 328 278 292 241 325 265 321 234 381 266 296 269 284 377 424 ' ,'0 0 0 0 0 0 0 0 0 0 0 0 0 0 0 0 0 0 0 0 ' ,672 ,1 ,10, 1
443 ,1022, 419, '250 233 210 240 233 232 215 270 245 363 242 243 214 259 226 253 219 228 217 280 ' ,'0 0 0 0 0 0 0 0 0 0 0 0 0 0 0 0 0 0 0 0 ' ,178 ,2 ,21, 2
412 ,441, 385, '217 176 263 209 253 206 227 207 226 234 231 180 217 232 321 234 189 221 178 194 ' ,'0 0 0 0 0 0 0 0 0 0 0 0 0 0 0 0 0 0 0 0 ' ,170 ,2 ,20, 2
351 ,414, 316, '228 212 202 178 277 236 185 216 218 276 253 180 214 207 218 208 196 221 198 224 ' ,'0 0 0 0 0 0 0 0 0 0 0 0 0 0 0 0 0 0 0 0 ' ,119 ,1 ,12, 1
1085 ,355, 1063, '198 191 196 216 250 229 249 190 201 195 239 214 224 236 210 206 188 212 222 843 ' ,'0 0 0 0 0 0 0 0 0 0 0 0 0 0 0 0 0 0 0 0 ' ,855 ,2 ,11, 2
464 ,1091, 444, '295 212 271 251 302 325 360 316 298 329 279 237 295 262 374 423 221 215 216 211 ' ,'0 0 0 0 0 0 0 0 0 0 0 0 0 0 0 0 0 0 0 0 ' ,210 ,1 ,14, 2
475 ,515, 450, '239 238 269 209 376 249 275 228 283 214 277 251 278 243 269 251 235 228 207 289 ' ,'0 0 0 0 0 0 0 0 0 0 0 0 0 0 0 0 0 0 0 0 ' ,199 ,1 ,37, 1
414 ,479, 385, '271 220 241 249 349 224 304 251 236 290 290 288 343 272 255 260 218 270 244 257 ' ,'0 0 0 0 0 0 0 0 0 0 0 0 0 0 0 0 0 0 0 0 ' ,151 ,2 ,11, 1
2476 ,422, 2457, '280 299 274 314 274 309 291 236 251 1913 301 331 294 234 291 292 245 285 278 387 ' ,'0 0 0 0 0 0 0 0 0 0 0 0 0 0 0 0 0 0 0 0 ' ,2205 ,1 ,9, 1
501 ,2498, 481, '223 348 318 362 310 282 225 315 296 428 421 259 246 377 279 243 279 292 361 332 ' ,'0 0 0 0 0 0 0 0 0 0 0 0 0 0 0 0 0 0 0 0 ' ,214 ,2 ,41, 1
439 ,801, 421, '352 310 312 308 322 303 392 274 292 289 328 330 388 367 274 288 329 351 369 357 ' ,'0 0 0 0 0 0 0 0 0 0 0 0 0 0 0 0 0 0 0 0 ' ,124 ,1 ,16, 2
453 ,439, 424, '260 324 325 272 286 286 339 273 332 337 290 286 265 408 256 327 284 294 356 379 ' ,'0 0 0 0 0 0 0 0 0 0 0 0 0 0 0 0 0 0 0 0 ' ,151 ,2 ,7, 2
384 ,467, 360, '227 221 233 242 235 252 240 255 299 240 238 233 280 244 279 207 243 230 252 317 ' ,'0 0 0 0 0 0 0 0 0 0 0 0 0 0 0 0 0 0 0 0 ' ,131 ,1 ,13, 2
387 ,400, 354, '226 200 250 230 301 217 238 254 246 225 252 205 247 218 240 237 188 247 240 210 ' ,'0 0 0 0 0 0 0 0 0 0 0 0 0 0 0 0 0 0 0 0 ' ,140 ,2 ,30, 2
396 ,388, 371, '204 268 202 248 231 206 229 240 216 322 219 218 214 194 237 210 193 214 223 221 ' ,'0 0 0 0 0 0 0 0 0 0 0 0 0 0 0 0 0 0 0 0 ' ,158 ,1 ,8, 2
358 ,406, 330, '240 214 266 229 281 314 237 204 301 263 218 208 232 252 190 253 271 310 236 232 ' ,'0 0 0 0 0 0 0 0 0 0 0 0 0 0 0 0 0 0 0 0 ' ,110 ,1 ,8, 2
348 ,365, 324, '216 239 212 230 260 221 209 218 269 284 242 258 225 290 288 267 263 266 246 210 ' ,'0 0 0 0 0 0 0 0 0 0 0 0 0 0 0 0 0 0 0 0 ' ,97 ,1 ,9, 1
386 ,365, 365, '266 209 198 235 232 238 229 234 191 234 215 251 261 216 304 221 226 221 199 187 ' ,'0 0 0 0 0 0 0 0 0 0 0 0 0 0 0 0 0 0 0 0 ' ,138 ,2 ,23, 2
417 ,390, 394, '213 227 213 203 202 202 216 194 200 200 219 213 224 235 294 221 211 272 237 175 ' ,'0 0 0 0 0 0 0 0 0 0 0 0 0 0 0 0 0 0 0 0 ' ,173 ,1 ,17, 1
545 ,422, 521, '495 228 274 302 267 289 323 247 203 300 270 297 289 240 256 258 214 271 272 381 ' ,'0 0 0 0 0 0 0 0 0 0 0 0 0 0 0 0 0 0 0 0 ' ,299 ,1 ,13, 1
453 ,578, 433, '311 367 253 276 355 245 293 256 321 283 274 298 300 310 379 285 248 293 256 317 ' ,'0 0 0 0 0 0 0 0 0 0 0 0 0 0 135 0 0 0 0 0 ' ,149 ,2 ,28, 1
408 ,613, 387, '274 317 241 228 244 252 316 225 363 327 254 246 258 309 289 317 248 252 240 294 ' ,'0 0 0 0 0 0 0 0 0 0 0 0 0 0 0 0 0 0 0 0 ' ,142 ,1 ,14, 1
406 ,417, 385, '237 258 273 255 215 255 258 245 239 340 280 312 231 252 235 281 291 293 254 264 ' ,'0 0 0 0 0 0 0 0 0 0 0 0 0 0 0 0 0 0 0 0 ' ,132 ,1 ,14, 2
493 ,419, 471, '346 313 296 263 258 261 311 239 285 411 259 252 246 295 261 300 309 249 278 231 ' ,'0 0 0 0 0 0 0 0 0 0 0 0 0 0 0 0 0 0 0 0 ' ,199 ,1 ,27, 1
437 ,495, 416, '247 246 280 292 288 321 282 263 361 371 274 259 256 276 237 282 344 298 295 282 ' ,'0 0 0 0 0 0 0 0 0 0 0 0 0 0 0 0 0 0 0 0 ' ,142 ,2 ,20, 2
455 ,449, 430, '267 272 293 334 244 289 284 210 294 265 266 265 302 276 304 315 291 266 225 383 ' ,'0 0 0 0 0 0 0 0 0 0 0 0 0 0 0 0 0 0 0 0 ' ,202 ,2 ,11, 2
342 ,491, 318, '222 206 223 222 282 251 275 292 213 279 241 214 238 231 293 237 231 232 241 196 ' ,'0 0 0 0 0 0 0 0 0 0 0 0 0 0 0 0 0 0 0 0 ' ,94 ,1 ,12, 2
358 ,478, 342, '280 208 239 261 255 234 234 314 248 247 231 192 239 280 220 231 227 219 213 263 ' ,'0 0 0 0 0 0 0 0 0 0 0 0 0 0 0 0 0 0 0 0 ' ,125 ,1 ,17, 1
367 ,484, 349, '183 206 208 220 222 217 239 241 194 197 203 235 239 232 195 256 244 223 222 313 ' ,'0 0 0 0 0 0 0 0 0 0 0 0 0 0 0 0 0 0 0 0 ' ,135 ,2 ,23, 1
403 ,366, 383, '262 208 250 214 237 344 229 196 214 339 244 219 223 214 243 223 239 257 239 291 ' ,'0 0 0 0 0 0 0 0 0 0 0 0 0 0 0 0 0 0 0 0 ' ,159 ,2 ,21, 1
413 ,529, 390, '237 202 231 248 246 175 260 210 224 330 201 230 275 224 293 200 223 220 267 278 ' ,'0 0 0 0 0 0 0 0 0 0 0 0 0 0 0 0 0 0 0 0 ' ,192 ,1 ,16, 2
370 ,438, 350, '209 249 237 198 304 251 257 273 243 229 223 238 252 228 296 261 231 221 220 265 ' ,'0 0 0 0 0 0 0 0 0 0 0 0 0 0 0 0 0 0 0 0 ' ,127 ,1 ,17, 1
486 ,378, 458, '290 297 280 237 286 229 258 240 242 229 260 253 285 259 415 302 216 263 322 316 ' ,'0 0 0 0 0 0 0 0 0 0 0 0 0 0 0 0 0 0 0 0 ' ,224 ,1 ,11, 2
406 ,498, 382, '212 258 228 239 269 292 218 220 350 275 235 251 254 255 290 244 228 231 359 310 ' ,'0 0 0 0 0 0 0 0 0 0 0 0 0 0 0 0 0 0 0 0 ' ,148 ,2 ,11, 1
392 ,447, 369, '238 231 235 256 276 217 212 222 244 263 223 267 278 345 281 260 241 252 308 248 ' ,'0 0 0 0 0 0 0 0 0 0 0 0 0 0 0 0 0 0 0 0 ' ,135 ,2 ,16, 1
574 ,395, 549, '273 291 230 248 265 270 250 298 333 277 285 278 485 288 245 276 261 259 274 338 ' ,'0 0 0 0 0 0 0 0 0 0 0 0 0 0 0 0 0 0 0 0 ' ,262 ,2 ,50, 2
417 ,578, 395, '298 280 251 262 244 280 219 261 310 306 242 246 346 241 351 273 261 239 356 253 ' ,'0 0 0 0 0 0 0 0 0 0 0 0 0 0 0 0 0 0 0 0 ' ,151 ,2 ,17, 2
369 ,437, 346, '243 243 250 252 270 239 257 250 257 230 237 233 257 262 307 299 219 311 255 269 ' ,'0 0 0 0 0 0 0 0 0 0 0 0 0 0 0 0 0 0 0 0 ' ,106 ,2 ,13, 2
392 ,377, 370, '252 278 290 296 299 287 260 256 292 241 283 241 276 216 265 233 260 281 261 303 ' ,'0 0 0 0 0 0 0 0 0 0 0 0 0 0 0 0 0 0 0 0 ' ,112 ,2 ,25, 2
433 ,420, 415, '270 271 290 316 286 307 268 195 303 354 335 291 290 329 367 264 248 306 328 262 ' ,'0 0 0 0 0 0 0 0 0 0 0 0 0 0 0 0 0 0 0 0 ' ,196 ,2 ,16, 2
432 ,562, 412, '236 259 261 256 360 244 280 242 298 228 247 313 262 272 281 270 247 272 315 284 ' ,'0 0 0 0 0 0 0 0 0 0 0 0 0 0 0 0 0 0 0 0 ' ,149 ,2 ,19, 2
662 ,446, 640, '283 205 249 287 267 273 298 249 265 235 251 256 242 270 259 251 268 312 620 422 ' ,'0 0 0 0 0 0 0 0 0 0 0 0 0 0 0 0 0 0 0 0 ' ,415 ,2 ,13, 1
337 ,674, 315, '210 236 227 219 192 200 212 258 256 234 264 239 222 234 244 224 207 190 252 265 ' ,'0 0 0 0 0 0 0 0 0 0 0 0 0 0 0 0 0 0 0 0 ' ,104 ,1 ,12, 1
325 ,342, 299, '202 201 182 205 180 211 228 236 251 224 215 202 183 209 270 198 212 204 241 205 ' ,'0 0 0 0 0 0 0 0 0 0 0 0 0 0 0 0 0 0 0 0 ' ,97 ,1 ,15, 2
409 ,316, 394, '228 212 212 191 202 359 220 187 233 208 239 191 246 210 227 239 229 185 224 202 ' ,'0 0 0 0 0 135 0 0 0 0 0 0 0 0 0 0 0 0 0 0 ' ,177 ,1 ,24, 1
291 ,405, 272, '218 184 224 192 216 248 197 233 202 190 200 215 217 224 220 233 206 221 188 229 ' ,'0 0 0 0 0 0 0 0 0 0 0 0 0 0 0 0 0 0 0 0 ' ,66 ,1 ,17, 2
331 ,446, 315, '217 232 175 185 213 169 195 203 206 270 211 250 219 245 225 218 218 229 234 217 ' ,'0 0 0 0 0 0 0 0 0 0 0 0 0 0 0 0 0 0 0 0 ' ,121 ,1 ,17, 1
382 ,346, 357, '207 218 179 189 196 183 220 203 209 306 233 232 205 273 242 197 199 188 269 198 ' ,'0 0 0 0 0 0 0 0 0 0 0 0 0 0 0 0 0 0 0 0 ' ,159 ,1 ,14, 1
310 ,391, 287, '217 177 168 229 200 152 188 169 194 178 176 194 198 236 241 176 194 181 205 207 ' ,'0 0 0 0 0 0 0 0 0 0 0 0 0 0 0 0 0 0 0 0 ' ,114 ,2 ,14, 2
354 ,318, 330, '245 260 209 272 292 287 287 224 302 242 268 239 227 224 244 303 272 217 169 215 ' ,'0 0 0 0 0 0 0 0 0 0 0 0 0 0 0 0 0 0 0 0 ' ,145 ,2 ,11, 1
475 ,361, 293, '295 323 341 264 310 343 267 268 295 246 348 236 287 263 254 307 256 360 305 383 ' ,'0 0 0 0 0 0 0 157 0 0 0 0 0 0 0 0 0 0 0 0 ' ,190 ,2 ,15, 2
415 ,485, 390, '270 282 286 263 346 240 271 220 256 266 247 292 340 262 322 333 276 258 260 262 ' ,'0 0 0 0 0 0 0 0 0 0 0 0 0 0 0 0 0 0 0 0 ' ,150 ,1 ,12, 2
431 ,430, 408, '264 288 257 304 235 261 268 244 253 354 282 243 291 230 325 285 259 244 247 302 ' ,'0 0 0 0 0 0 0 0 0 0 0 0 0 0 0 0 0 0 0 0 ' ,155 ,2 ,16, 2
470 ,436, 444, '303 272 300 304 327 349 287 219 383 269 298 398 287 274 310 289 334 270 314 386 ' ,'0 0 0 0 0 0 0 0 0 0 0 0 0 0 0 0 0 0 0 0 ' ,202 ,2 ,15, 2
451 ,484, 425, '233 262 253 235 242 248 287 234 314 245 262 246 223 250 382 272 232 224 296 258 ' ,'0 0 0 0 0 0 0 0 0 0 0 0 0 0 0 0 0 0 0 0 ' ,179 ,2 ,15, 2
440 ,613, 420, '225 222 280 261 269 260 236 271 250 216 286 262 255 265 296 250 229 272 311 363 ' ,'0 0 0 0 0 0 0 0 0 0 0 0 0 0 0 0 0 0 0 0 ' ,170 ,2 ,22, 1
415 ,440, 391, '192 247 233 219 189 219 218 200 240 225 234 209 207 245 294 198 228 218 230 290 ' ,'0 0 0 0 0 0 0 0 0 0 0 0 0 0 0 0 0 0 0 0 ' ,171 ,1 ,15, 1
357 ,424, 336, '210 180 230 210 196 200 237 217 229 203 200 197 197 211 180 177 225 193 226 275 ' ,'0 0 0 0 0 0 0 0 0 0 0 0 0 0 0 0 0 0 0 0 ' ,136 ,2 ,17, 2
394 ,368, 369, '225 243 231 216 318 271 225 264 253 205 230 220 255 264 248 189 230 215 208 212 ' ,'0 0 0 0 0 0 0 0 0 0 0 0 0 0 0 0 0 0 0 0 ' ,158 ,2 ,16, 2
347 ,408, 322, '214 238 179 205 206 206 221 261 221 266 207 210 201 230 215 185 195 276 189 193 ' ,'0 0 0 0 0 0 0 0 0 0 0 0 0 0 0 0 0 0 0 0 ' ,121 ,2 ,14, 1
340 ,361, 315, '185 155 176 196 179 194 196 212 214 196 178 206 179 224 195 190 190 196 215 261 ' ,'0 0 0 0 0 0 0 0 0 0 0 0 0 0 0 0 0 0 0 0 ' ,137 ,2 ,17, 2
388 ,352, 366, '211 255 206 239 308 212 234 206 270 213 210 200 255 238 172 241 196 193 244 236 ' ,'0 0 0 0 0 0 0 0 0 0 0 0 0 0 0 0 0 0 0 0 ' ,145 ,2 ,22, 1
417 ,437, 395, '240 294 262 242 244 261 297 159 269 218 223 258 363 227 297 271 301 247 233 272 ' ,'0 0 0 0 0 0 0 0 0 0 0 0 0 0 0 0 0 0 0 0 ' ,215 ,2 ,13, 1
403 ,414, 380, '264 257 251 244 268 252 333 217 215 249 256 266 246 253 202 254 226 249 279 238 ' ,'0 0 0 0 0 0 0 0 0 0 0 0 0 0 0 0 0 0 0 0 ' ,150 ,2 ,19, 1
390 ,403, 375, '212 326 222 276 298 270 304 204 260 259 295 337 264 298 261 279 300 260 343 279 ' ,'0 0 0 0 0 0 0 0 0 0 0 0 0 0 0 0 0 0 0 0 ' ,140 ,2 ,21, 2
400 ,385, 381, '301 289 288 350 293 282 251 224 323 303 287 311 270 279 335 301 233 277 306 260 ' ,'0 0 0 0 0 0 0 0 0 0 0 0 0 0 0 0 0 0 0 0 ' ,137 ,2 ,12, 2
436 ,420, 415, '295 307 301 318 293 365 335 273 322 357 328 309 253 307 351 281 320 302 352 266 ' ,'0 0 0 0 0 0 0 0 0 0 0 0 0 0 0 0 0 0 0 0 ' ,134 ,2 ,18, 2
543 ,448, 523, '380 296 288 337 289 280 389 408 329 415 409 309 454 266 285 330 377 254 378 315 ' ,'0 0 0 0 0 0 0 0 0 0 0 0 0 0 0 0 0 0 0 0 ' ,205 ,2 ,57, 2
418 ,577, 394, '326 319 292 276 278 295 220 288 303 331 263 251 220 327 260 321 278 283 332 344 ' ,'0 0 0 0 0 0 0 0 0 0 0 0 0 0 0 0 0 0 0 0 ' ,152 ,2 ,14, 3
365 ,419, 343, '255 252 237 259 232 251 270 272 204 292 217 257 190 217 238 244 243 232 241 219 ' ,'0 0 0 0 0 0 0 0 0 0 0 0 0 0 0 0 0 0 0 0 ' ,129 ,2 ,16, 2
440 ,370, 418, '225 291 297 311 231 222 313 212 292 209 176 233 202 295 364 251 245 291 265 264 ' ,'0 0 0 0 0 0 0 0 0 0 0 0 0 0 0 0 0 0 0 0 ' ,217 ,2 ,16, 2
342 ,459, 318, '215 251 196 247 201 209 233 211 254 225 225 207 232 241 228 234 216 235 234 264 ' ,'0 0 0 0 0 0 0 0 0 0 0 0 0 0 0 0 0 0 0 0 ' ,99 ,1 ,17, 1
390 ,361, 369, '227 226 229 197 318 214 243 215 215 215 242 263 233 225 231 275 226 216 205 296 ' ,'0 0 0 0 0 0 0 0 0 0 0 0 0 0 0 0 0 0 0 0 ' ,155 ,2 ,13, 2
1564 ,411, 335, '180 211 180 194 179 222 178 207 228 230 213 222 197 214 276 181 184 225 219 237 ' ,'0 0 0 0 0 0 0 0 0 0 0 0 0 0 0 0 0 0 0 0 ' ,128 ,2 ,20, 1
359 ,372, 338, '250 271 238 206 286 194 217 256 274 270 271 241 281 238 253 269 257 271 229 266 ' ,'0 0 0 0 0 0 0 0 0 0 0 0 0 0 0 0 0 0 0 0 ' ,113 ,2 ,24, 2
573 ,376, 549, '294 340 317 378 297 275 265 229 254 328 304 374 277 262 246 285 300 343 251 494 ' ,'0 0 0 0 0 0 0 0 0 0 0 0 0 0 0 0 0 0 0 0 ' ,297 ,2 ,16, 2
412 ,587, 391, '258 266 353 311 287 347 229 279 328 234 363 269 311 285 319 284 300 296 321 337 ' ,'0 0 0 0 0 0 0 0 0 0 0 0 0 0 0 0 0 0 0 0 ' ,141 ,4 ,12, 2
373 ,426, 347, '246 276 247 284 275 272 244 212 311 260 281 229 300 225 297 276 284 205 281 274 ' ,'0 0 0 0 0 0 0 0 0 0 0 0 0 0 0 0 0 0 0 0 ' ,115 ,4 ,6, 2
1510 ,1894, 487, '326 304 283 284 346 451 256 283 309 324 442 275 334 359 265 333 271 303 292 248 ' ,'0 0 0 0 0 0 0 0 0 0 0 0 0 0 0 0 0 0 0 0 ' ,211 ,2 ,22, 4
539 ,512, 521, '485 316 300 355 280 374 304 228 386 313 376 277 339 369 310 304 366 353 400 305 ' ,'0 0 0 0 0 0 0 0 0 0 0 0 0 0 0 0 0 0 0 0 ' ,265 ,2 ,21, 1
531 ,543, 518, '276 327 303 200 239 314 323 257 386 372 279 275 289 296 406 273 326 218 273 449 ' ,'0 0 0 0 0 0 0 0 0 0 0 0 0 0 0 0 0 0 0 0 ' ,291 ,1 ,16, 3
523 ,560, 498, '302 261 285 272 232 216 206 290 341 358 253 250 272 339 355 280 335 247 396 445 ' ,'0 0 0 0 0 0 0 0 0 0 0 0 0 0 0 0 0 0 0 0 ' ,263 ,1 ,20, 2
443 ,541, 420, '232 251 246 272 287 240 236 249 257 358 291 259 238 390 293 265 257 246 351 259 ' ,'0 0 0 0 0 0 0 0 0 0 0 0 0 0 0 0 0 0 0 0 ' ,157 ,2 ,22, 2
419 ,473, 396, '236 272 322 271 332 300 227 244 274 245 318 297 266 291 306 231 249 246 222 267 ' ,'0 0 0 0 0 0 0 0 0 0 0 0 0 0 0 0 0 0 0 0 ' ,144 ,2 ,28, 2
397 ,595, 372, '263 269 245 304 317 233 264 252 278 239 247 291 217 241 255 242 251 294 236 242 ' ,'0 0 0 0 0 0 0 0 0 0 0 0 0 0 0 0 0 0 0 0 ' ,128 ,2 ,22, 1
368 ,427, 346, '227 233 179 206 277 276 261 251 239 230 212 233 228 247 261 215 252 199 197 265 ' ,'0 0 0 0 0 0 0 0 0 0 0 0 0 0 0 0 0 0 0 0 ' ,127 ,2 ,32, 2
401 ,386, 380, '226 192 175 225 291 197 224 165 218 218 207 234 202 231 218 226 200 202 222 228 ' ,'0 0 0 0 0 0 0 0 0 0 0 0 0 0 0 0 0 0 0 0 ' ,184 ,31 ,23, 1
401 ,413, 376, '246 176 349 234 225 189 246 235 257 230 227 198 223 219 323 247 236 206 192 223 ' ,'0 0 0 0 0 0 0 0 0 0 0 0 0 0 0 0 0 0 0 0 ' ,179 ,2 ,15, 1
381 ,422, 357, '208 238 224 220 306 191 206 187 254 244 261 193 208 213 279 203 210 217 238 213 ' ,'0 0 0 0 0 0 0 0 0 0 0 0 0 0 0 0 0 0 0 0 ' ,146 ,1 ,17, 2
381 ,443, 356, '220 207 249 203 273 224 212 221 215 212 205 209 250 209 269 230 225 214 204 210 ' ,'0 0 0 0 0 0 0 0 0 0 0 0 0 0 0 0 0 0 0 0 ' ,107 ,1 ,37, 2
419 ,385, 392, '245 249 248 266 254 243 209 284 259 226 240 222 332 216 218 199 268 321 228 333 ' ,'0 0 0 0 0 0 0 0 0 0 0 0 0 0 0 0 0 0 0 0 ' ,167 ,2 ,19, 1
498 ,431, 475, '295 301 247 319 273 297 287 352 277 378 284 223 215 278 266 311 296 434 209 353 ' ,'0 0 0 0 0 0 0 0 0 0 0 0 0 0 0 0 0 0 0 0 ' ,231 ,2 ,30, 1
414 ,540, 392, '296 278 265 275 278 286 263 264 245 339 244 269 280 286 236 316 292 256 284 320 ' ,'0 0 0 0 0 0 0 0 0 0 0 0 0 0 0 0 0 0 0 0 ' ,125 ,2 ,15, 2
506 ,439, 482, '394 323 333 301 295 255 285 190 371 388 434 285 403 227 265 283 281 263 302 271 ' ,'0 0 0 0 0 0 0 0 0 0 0 0 0 0 0 0 0 0 0 0 ' ,253 ,3 ,33, 2
523 ,542, 494, '323 280 288 317 337 253 295 335 277 391 302 262 321 279 428 269 314 273 240 380 ' ,'0 0 0 0 0 0 0 0 0 0 0 0 0 0 0 0 0 0 0 0 ' ,224 ,2 ,27, 2
482 ,547, 461, '217 339 300 330 295 321 286 296 289 254 292 258 228 262 373 283 221 201 360 239 ' ,'0 0 0 0 0 0 0 0 0 0 0 0 0 0 0 0 0 0 0 0 ' ,198 ,2 ,49, 2
486 ,504, 465, '294 283 350 251 308 417 246 260 254 267 251 253 264 208 260 247 262 223 257 221 ' ,'0 0 0 0 0 0 0 0 0 0 0 0 0 0 0 0 0 0 0 0 ' ,225 ,12 ,24, 2
345 ,481, 329, '252 223 219 207 205 196 231 206 233 200 200 207 247 211 279 210 216 292 209 239 ' ,'0 0 0 0 0 0 0 0 0 0 0 0 0 0 0 0 0 0 0 0 ' ,99 ,2 ,24, 1
312 ,336, 295, '221 219 223 206 192 217 204 252 251 211 206 188 209 184 197 187 211 266 217 171 ' ,'0 0 0 0 0 0 0 0 0 0 0 0 0 0 0 0 0 0 0 0 ' ,96 ,2 ,16, 2
329 ,317, 315, '183 158 199 215 194 199 192 204 177 227 189 182 195 224 188 187 178 182 219 254 ' ,'0 0 0 0 0 0 0 0 0 0 0 0 0 0 0 0 0 0 0 0 ' ,124 ,2 ,25, 2
800 ,344, 777, '200 181 207 163 214 191 198 194 201 217 191 243 220 184 197 196 203 175 183 257 ' ,'0 0 0 0 0 0 0 0 0 0 0 0 0 0 0 0 0 0 0 0 ' ,590 ,2 ,18, 2
963 ,816, 941, '229 200 242 216 224 201 207 199 244 266 191 209 279 229 186 200 213 219 282 207 ' ,'0 0 0 0 0 0 0 0 0 0 0 0 0 0 0 0 0 0 0 0 ' ,708 ,3 ,29, 1
977 ,971, 953, '189 192 196 186 189 200 208 218 186 193 211 190 207 195 287 227 187 171 200 883 ' ,'0 0 0 0 0 0 0 0 0 0 0 0 0 0 0 0 0 0 0 0 ' ,757 ,3 ,18, 2
363 ,991, 341, '215 185 184 191 277 225 170 202 199 217 196 193 176 191 217 202 196 200 194 223 ' ,'0 0 0 0 0 0 0 0 0 0 0 0 0 0 0 0 0 0 0 0 ' ,139 ,2 ,23, 2
1857 ,370, 278, '185 170 184 169 200 224 172 225 203 181 161 172 176 198 208 237 169 185 198 223 ' ,'0 0 0 0 0 0 0 0 0 0 0 0 0 0 0 0 0 0 0 0 ' ,92 ,2 ,17, 1
1854 ,1706, 306, '207 186 184 210 211 188 226 177 233 157 163 204 201 193 175 201 165 193 223 252 ' ,'0 0 0 0 0 0 0 0 0 0 0 0 0 0 0 0 0 0 0 0 ' ,116 ,2 ,18, 2
384 ,364, 360, '168 229 197 263 308 225 202 203 188 193 247 201 187 233 197 240 202 227 269 164 ' ,'0 0 0 0 0 0 0 0 0 0 0 0 0 0 0 0 0 0 0 0 ' ,166 ,2 ,19, 5
533 ,438, 508, '341 293 244 334 337 309 320 300 283 344 415 276 235 240 235 276 401 281 477 406 ' ,'0 0 0 0 0 0 0 0 0 0 0 0 0 0 0 0 0 0 0 0 ' ,242 ,2 ,21, 2
1507 ,552, 1489, '1448 284 328 354 314 318 288 319 311 398 287 723 294 282 269 233 412 309 325 374 ' ,'0 0 0 0 0 0 0 0 0 0 0 0 0 0 0 0 0 0 0 0 ' ,1225 ,3 ,26, 2
574 ,1582, 554, '137 288 262 302 267 193 246 315 298 390 336 279 225 295 291 515 294 275 280 397 ' ,'0 0 0 0 0 0 0 0 0 0 0 0 0 0 0 0 0 0 0 0 ' ,383 ,2 ,23, 1
652 ,1491, 638, '211 216 273 277 398 308 596 211 206 205 335 277 266 204 350 198 317 218 299 305 ' ,'0 0 0 0 0 0 0 0 0 0 0 0 0 0 0 0 0 0 0 0 ' ,407 ,2 ,26, 2
315 ,731, 298, '184 227 199 217 224 208 215 229 245 221 247 224 241 257 249 268 267 244 176 201 ' ,'0 0 0 0 0 0 0 0 0 0 0 0 0 0 0 0 0 0 0 0 ' ,101 ,2 ,17, 1
340 ,318, 323, '196 233 194 233 254 248 216 241 197 196 273 192 204 204 252 224 187 209 208 252 ' ,'0 0 0 0 0 0 0 0 0 0 0 0 0 0 0 0 0 0 0 0 ' ,101 ,2 ,26, 2
400 ,384, 371, '189 294 227 195 307 194 214 226 161 232 204 166 180 203 238 223 217 191 274 186 ' ,'0 0 0 0 0 0 0 0 0 0 0 0 0 0 0 0 0 0 0 0 ' ,182 ,2 ,22, 1
315 ,428, 292, '246 224 199 210 199 208 190 217 226 199 202 183 178 197 241 235 207 213 228 221 ' ,'0 0 0 0 0 0 0 0 0 0 0 0 0 0 0 0 0 0 0 0 ' ,88 ,2 ,14, 2
429 ,342, 404, '235 260 275 202 258 209 240 202 218 332 230 231 241 216 240 246 242 226 188 213 ' ,'0 0 0 0 0 0 0 0 0 0 0 0 0 0 0 0 0 0 0 0 ' ,182 ,2 ,21, 1
410 ,436, 384, '238 223 191 196 319 227 220 179 243 257 254 226 221 237 225 248 210 238 190 223 ' ,'0 0 0 0 0 0 0 0 0 0 0 0 0 0 0 0 0 0 0 0 ' ,181 ,2 ,17, 1
397 ,441, 375, '238 244 252 271 240 244 214 200 299 305 216 233 285 271 214 193 221 236 276 222 ' ,'0 0 0 0 0 0 0 0 0 0 0 0 0 0 0 0 0 0 0 0 ' ,149 ,2 ,27, 2
581 ,415, 560, '327 292 333 358 338 245 299 221 328 323 336 239 263 307 356 334 339 308 349 476 ' ,'0 0 0 0 0 0 0 0 0 0 0 0 0 0 0 0 0 0 0 0 ' ,301 ,2 ,30, 1
438 ,589, 415, '266 237 271 217 296 285 284 234 274 282 269 252 223 249 340 206 285 270 265 311 ' ,'0 0 0 0 0 0 0 0 0 0 0 0 0 0 0 0 0 0 0 0 ' ,169 ,2 ,34, 2
479 ,446, 457, '244 263 306 283 291 357 252 212 240 294 292 270 230 263 391 248 244 286 252 392 ' ,'0 0 0 0 0 0 0 0 0 0 0 0 0 0 0 0 0 0 0 0 ' ,219 ,2 ,17, 2
491 ,504, 470, '387 334 343 281 296 289 302 270 350 275 308 293 259 299 297 249 405 252 437 357 ' ,'0 0 0 0 0 0 0 0 0 0 0 0 0 0 0 0 0 0 0 0 ' ,186 ,3 ,23, 2
503 ,517, 479, '254 306 263 358 328 306 266 294 327 340 340 323 370 292 410 345 407 289 348 302 ' ,'0 0 0 0 0 0 0 0 0 0 0 0 0 0 0 0 0 0 0 0 ' ,188 ,2 ,30, 3
535 ,543, 515, '250 319 254 353 302 270 313 269 299 260 299 227 287 316 419 303 307 273 313 257 ' ,'0 0 0 0 0 0 0 0 0 0 0 0 0 0 0 0 0 0 0 0 ' ,224 ,3 ,55, 2
431 ,520, 409, '203 231 248 285 338 306 260 224 239 230 253 257 233 265 228 232 252 224 266 262 ' ,'0 0 0 0 0 0 0 0 0 0 0 0 0 0 0 0 0 0 0 0 ' ,168 ,2 ,29, 2
448 ,438, 422, '297 206 233 220 237 218 238 249 286 268 228 251 194 333 365 268 266 202 259 263 ' ,'0 0 0 0 0 0 0 0 0 0 0 0 0 0 0 0 0 0 0 0 ' ,198 ,2 ,20, 2
368 ,481, 347, '258 219 240 280 193 216 220 211 255 234 201 237 243 227 288 268 263 215 231 250 ' ,'0 0 0 0 0 0 0 0 0 0 0 0 0 0 0 0 0 0 0 0 ' ,112 ,3 ,20, 3
376 ,385, 354, '228 225 248 235 211 235 223 240 166 223 184 200 208 230 296 225 187 195 231 201 ' ,'0 0 0 0 0 0 0 0 0 0 0 0 0 0 0 0 0 0 0 0 ' ,163 ,2 ,19, 1
565 ,393, 541, '212 202 184 235 208 221 215 183 222 191 223 204 198 226 235 193 201 188 200 216 ' ,'0 0 0 0 0 0 0 0 0 0 0 0 0 0 0 0 0 0 0 0 ' ,61 ,2 ,288, 1
292 ,548, 276, '207 226 187 201 193 192 213 196 179 198 223 225 216 217 196 216 212 237 183 237 ' ,'0 0 0 0 0 0 0 0 0 0 0 0 0 0 0 0 0 0 0 0 ' ,66 ,3 ,23, 2
293 ,290, 275, '198 204 194 184 239 209 214 197 196 236 188 198 180 236 187 202 193 206 208 221 ' ,'0 0 0 0 0 0 0 0 0 0 0 0 0 0 0 0 0 0 0 0 ' ,64 ,2 ,24, 1
339 ,294, 320, '181 198 208 183 207 164 196 175 218 262 163 183 183 187 228 179 186 198 183 212 ' ,'0 0 0 0 0 0 0 0 0 0 0 0 0 0 0 0 0 0 0 0 ' ,130 ,2 ,18, 1
1049 ,366, 305, '220 245 193 175 220 216 197 210 220 180 226 172 204 225 176 187 217 200 243 230 ' ,'0 0 0 0 0 0 0 0 0 0 0 0 0 0 0 0 0 0 0 0 ' ,104 ,21 ,18, 1
1100 ,344, 408, '183 217 247 352 268 322 195 255 283 290 236 359 359 175 336 283 257 289 241 228 ' ,'0 0 0 0 0 0 0 0 0 0 0 0 0 0 0 0 0 0 0 0 ' ,196 ,1 ,30, 2
1112 ,894, 1090, '282 368 266 280 273 329 227 255 266 285 271 251 484 342 341 236 295 226 252 469 ' ,'0 0 0 0 0 0 0 0 0 0 0 0 0 0 0 0 0 0 0 0 ' ,833 ,2 ,23, 2
759 ,1169, 510, '282 298 248 299 384 286 319 272 302 312 252 239 339 364 240 270 258 313 220 422 ' ,'0 0 0 0 0 0 0 0 0 0 0 0 0 0 0 0 0 0 0 0 ' ,242 ,3 ,43, 2
654 ,875, 397, '255 281 230 271 322 272 232 266 303 236 250 214 298 274 201 217 244 301 289 325 ' ,'0 0 0 0 0 0 0 0 0 0 0 0 0 0 0 0 0 0 0 0 ' ,140 ,2 ,34, 2
503 ,437, 467, '290 329 291 257 333 336 260 277 281 361 293 280 286 266 288 293 302 342 230 364 ' ,'0 0 0 0 0 0 0 0 0 0 0 0 0 0 0 0 0 0 0 0 ' ,176 ,2 ,60, 2
523 ,554, 485, '301 394 324 278 410 315 333 293 324 308 325 339 298 275 255 284 306 384 407 343 ' ,'0 0 0 0 0 0 0 0 0 0 0 0 0 0 0 0 0 0 39 0 ' ,171 ,2 ,35, 2
573 ,520, 540, '290 341 328 371 328 310 271 310 479 228 227 228 218 369 305 268 315 302 208 241 ' ,'0 0 0 0 0 0 0 0 0 0 0 0 0 0 0 0 0 0 0 0 ' ,279 ,3 ,51, 2
457 ,561, 431, '228 309 252 252 321 303 306 305 251 313 269 275 248 230 273 223 276 306 358 352 ' ,'0 0 0 0 0 0 0 0 0 0 0 0 0 0 0 0 0 0 0 0 ' ,161 ,2 ,41, 3
436 ,461, 410, '230 301 292 317 281 305 318 245 261 333 280 326 224 278 262 213 256 287 227 217 ' ,'0 0 0 0 0 0 0 0 0 0 0 0 0 0 0 0 0 0 0 0 ' ,158 ,3 ,37, 2
413 ,429, 387, '199 198 254 223 305 247 271 226 234 265 216 236 203 275 286 263 237 211 263 225 ' ,'0 0 0 0 0 0 0 0 0 0 0 0 0 0 0 0 0 0 0 0 ' ,144 ,2 ,36, 2
437 ,416, 410, '269 217 262 261 358 298 238 260 255 327 240 218 237 236 239 231 244 237 288 284 ' ,'0 0 0 0 0 0 0 0 0 0 0 0 0 0 0 0 0 0 0 0 ' ,177 ,2 ,12, 2
288 ,441, 272, '189 226 240 214 245 236 231 223 225 205 244 214 230 212 201 234 230 181 198 227 ' ,'0 0 0 0 0 0 0 0 0 0 0 0 0 0 0 0 0 0 0 0 ' ,67 ,2 ,17, 1
317 ,294, 302, '192 225 216 228 262 200 219 199 215 199 213 190 231 218 238 233 230 188 171 219 ' ,'0 0 0 0 0 0 0 0 0 0 0 0 0 0 0 0 0 0 0 0 ' ,101 ,2 ,26, 1
295 ,324, 279, '212 245 194 196 205 191 189 208 191 192 212 212 206 216 208 256 230 213 196 214 ' ,'0 0 0 0 0 0 0 0 0 0 0 0 0 0 0 0 0 0 0 0 ' ,65 ,1 ,15, 1
394 ,301, 365, '198 183 218 224 280 210 212 207 211 194 203 207 220 220 197 192 199 212 244 214 ' ,'0 0 0 0 0 0 0 0 0 0 0 0 0 0 0 0 0 0 0 0 ' ,133 ,2 ,38, 1
