249 ,0, 137, '74 73 80 71 ' ,'0 0 0 0 ' ,20 ,6 ,7, 7
1459 ,160, 1432, '1094 1079 1343 1070 ' ,'0 0 0 0 ' ,282 ,3 ,50, 6
1532 ,1916, 1511, '1438 1354 1097 1302 ' ,'0 0 0 0 ' ,354 ,3 ,32, 4
1693 ,1594, 1667, '1242 1529 1067 1149 ' ,'0 0 0 0 ' ,466 ,3 ,117, 5
1467 ,1678, 1446, '1175 1367 1075 1250 ' ,'0 0 0 0 ' ,296 ,3 ,59, 5
1525 ,1451, 1504, '1431 998 1139 1174 ' ,'0 0 0 0 ' ,442 ,3 ,54, 7
1371 ,1510, 1351, '1116 1233 884 1151 ' ,'0 0 0 0 ' ,354 ,3 ,99, 3
1191 ,1356, 1171, '1060 991 1071 1033 ' ,'0 0 0 0 ' ,94 ,4 ,73, 4
1596 ,1218, 1572, '1370 1535 1263 1482 ' ,'0 0 0 0 ' ,278 ,4 ,23, 4
1324 ,1760, 1303, '1255 1148 1170 1267 ' ,'0 0 0 0 ' ,124 ,4 ,21, 8
1485 ,1324, 1468, '1249 1306 1439 1319 ' ,'0 0 0 0 ' ,195 ,3 ,16, 5
1510 ,1497, 1486, '1140 1256 1278 1421 ' ,'0 0 0 0 ' ,290 ,3 ,46, 8
1406 ,1529, 1388, '1035 1082 1226 1363 ' ,'0 0 0 0 ' ,330 ,1 ,15, 5
1622 ,1404, 1604, '1508 1384 1104 1576 ' ,'0 0 0 0 ' ,475 ,3 ,13, 4
1275 ,1622, 1255, '1056 1227 1086 1190 ' ,'0 0 0 0 ' ,180 ,4 ,4, 3
1760 ,1459, 1739, '1690 1189 1390 1248 ' ,'0 0 0 0 ' ,505 ,2 ,31, 7
1268 ,1775, 1248, '1069 1207 1219 1198 ' ,'0 0 0 0 ' ,152 ,2 ,17, 7
1540 ,1289, 1520, '1297 1456 1326 1376 ' ,'0 0 0 0 ' ,165 ,2 ,49, 7
1528 ,1541, 1509, '1403 1348 1179 1445 ' ,'0 0 0 0 ' ,267 ,1 ,56, 8
1534 ,1540, 1514, '1370 1376 1265 1490 ' ,'0 0 0 0 ' ,224 ,2 ,17, 9
1363 ,1520, 1348, '1148 1308 1220 1254 ' ,'0 0 0 0 ' ,164 ,2 ,27, 8
1340 ,1365, 1324, '1139 1296 1206 1200 ' ,'0 0 0 0 ' ,160 ,2 ,18, 9
1250 ,1329, 1229, '1122 1174 1199 1196 ' ,'0 0 0 0 ' ,80 ,3 ,17, 9
1418 ,1235, 1399, '1013 1363 1244 1177 ' ,'0 0 0 0 ' ,353 ,2 ,21, 4
1387 ,1429, 1369, '1175 1169 1319 1342 ' ,'0 0 0 0 ' ,174 ,1 ,20, 4
1313 ,1392, 1293, '1231 1227 1257 1078 ' ,'0 0 0 0 ' ,184 ,2 ,22, 4
1686 ,1472, 1665, '1609 1236 1306 1312 ' ,'0 0 0 0 ' ,380 ,1 ,41, 9
1637 ,1671, 1617, '1181 1588 1361 1239 ' ,'0 0 0 0 ' ,410 ,2 ,18, 9
1318 ,1625, 1298, '1171 1271 1169 1231 ' ,'0 0 0 0 ' ,104 ,1 ,16, 6
1359 ,1304, 1337, '1274 1284 1189 1223 ' ,'0 0 0 0 ' ,99 ,2 ,37, 5
1467 ,1343, 1447, '1236 1402 1157 1225 ' ,'0 0 0 0 ' ,247 ,2 ,35, 8
1389 ,1453, 1368, '1288 1194 1329 1245 ' ,'0 0 0 0 ' ,138 ,1 ,27, 5
1250 ,1404, 1233, '1118 1201 1178 1206 ' ,'0 0 0 0 ' ,89 ,2 ,17, 8
1196 ,1399, 1177, '1133 1073 1141 1106 ' ,'0 0 0 0 ' ,70 ,1 ,26, 8
1439 ,1208, 1420, '1392 1230 1308 1178 ' ,'0 0 0 0 ' ,217 ,1 ,17, 7
1258 ,1460, 1237, '1057 1142 1201 1126 ' ,'0 0 0 0 ' ,148 ,1 ,23, 8
1621 ,1267, 1600, '1562 1283 1271 1295 ' ,'0 0 0 0 ' ,293 ,1 ,29, 5
1437 ,1628, 1417, '1287 1350 1270 1244 ' ,'0 0 0 0 ' ,111 ,1 ,55, 5
1464 ,1439, 1444, '1291 1368 1157 1152 ' ,'0 0 0 0 ' ,223 ,2 ,63, 8
1296 ,1470, 1277, '1116 1170 1210 1213 ' ,'0 0 0 0 ' ,99 ,1 ,49, 4
1409 ,1281, 1388, '1154 1332 1248 1130 ' ,'0 0 0 0 ' ,207 ,2 ,42, 7
1280 ,1394, 1260, '1222 1233 1105 1038 ' ,'0 0 0 0 ' ,199 ,1 ,15, 8
1288 ,1289, 1264, '1209 1148 1215 1189 ' ,'0 0 0 0 ' ,68 ,1 ,38, 5
1480 ,1270, 1459, '1360 1403 1241 1166 ' ,'0 0 0 0 ' ,244 ,1 ,43, 4
1445 ,1465, 1425, '1391 1391 1390 1361 ' ,'0 0 0 0 ' ,38 ,2 ,20, 9
1563 ,1454, 1544, '1311 1310 1433 1456 ' ,'0 0 0 0 ' ,151 ,2 ,73, 5
1488 ,1549, 1467, '1187 1352 1084 1425 ' ,'0 0 0 0 ' ,347 ,5 ,26, 6
1219 ,1525, 1197, '1096 1163 1082 1164 ' ,'0 0 0 0 ' ,85 ,1 ,20, 8
1276 ,1225, 1257, '1020 955 1107 1227 ' ,'0 0 0 0 ' ,273 ,2 ,18, 8
1303 ,1283, 1283, '1115 1239 1142 1127 ' ,'0 0 0 0 ' ,130 ,2 ,28, 8
1164 ,1301, 1144, '1110 1079 1106 1082 ' ,'0 0 0 0 ' ,35 ,4 ,19, 7
1585 ,1170, 1568, '1431 1293 1498 1515 ' ,'0 0 0 0 ' ,223 ,1 ,44, 4
1516 ,1577, 1496, '1452 1341 1341 1464 ' ,'0 0 0 0 ' ,122 ,1 ,21, 8
1686 ,1525, 1665, '1186 1287 1467 1558 ' ,'0 0 0 0 ' ,370 ,1 ,93, 8
1565 ,1670, 1548, '1421 1492 1262 1466 ' ,'0 0 0 0 ' ,230 ,2 ,43, 9
1432 ,1553, 1412, '1239 1160 1374 1290 ' ,'0 0 0 0 ' ,216 ,1 ,25, 8
1352 ,1436, 1332, '1015 1295 1156 1258 ' ,'0 0 0 0 ' ,284 ,2 ,22, 8
1137 ,1356, 1120, '998 1082 1074 1069 ' ,'0 0 0 0 ' ,93 ,2 ,21, 7
1204 ,1129, 1185, '1131 1133 1006 1084 ' ,'0 0 0 0 ' ,130 ,0 ,40, 4
1379 ,1189, 1359, '1128 1125 1299 1047 ' ,'0 0 0 0 ' ,256 ,1 ,47, 4
1264 ,1363, 1245, '1115 1172 1211 1084 ' ,'0 0 0 0 ' ,132 ,1 ,21, 6
1508 ,1252, 1487, '1383 1239 1227 1308 ' ,'0 0 0 0 ' ,160 ,1 ,91, 4
1414 ,1493, 1395, '1237 1350 1317 1260 ' ,'0 0 0 0 ' ,118 ,1 ,27, 9
1637 ,1413, 1615, '1349 1318 1267 1552 ' ,'0 0 0 0 ' ,285 ,1 ,53, 5
1425 ,1621, 1407, '1244 1364 1279 1298 ' ,'0 0 0 0 ' ,126 ,1 ,23, 8
1269 ,1426, 1250, '1120 1204 1185 1219 ' ,'0 0 0 0 ' ,102 ,1 ,20, 8
1170 ,1265, 1150, '1017 1045 1113 1085 ' ,'0 0 0 0 ' ,100 ,1 ,24, 7
1243 ,1158, 1225, '1057 1058 1112 1166 ' ,'0 0 0 0 ' ,110 ,1 ,47, 4
1287 ,1229, 1269, '1226 1095 1058 1235 ' ,'0 0 0 0 ' ,176 ,1 ,24, 7
1510 ,1337, 1491, '1193 1450 1344 1308 ' ,'0 0 0 0 ' ,262 ,2 ,24, 7
1607 ,1530, 1583, '1302 1523 1395 1444 ' ,'0 0 0 0 ' ,225 ,1 ,46, 7
1455 ,1625, 1437, '1365 1373 1193 1401 ' ,'0 0 0 0 ' ,208 ,1 ,25, 7
1284 ,1462, 1266, '1138 1224 1153 1130 ' ,'0 0 0 0 ' ,99 ,2 ,27, 8
1323 ,1273, 1306, '1104 1188 1193 1274 ' ,'0 0 0 0 ' ,168 ,1 ,19, 6
1583 ,1314, 1564, '1523 1211 1440 1424 ' ,'0 0 0 0 ' ,316 ,2 ,24, 7
1330 ,1593, 1312, '1134 1091 1124 1126 ' ,'0 0 0 0 ' ,6 ,1 ,91, 4
1880 ,1317, 1861, '1826 1346 1041 1130 ' ,'0 0 0 0 ' ,788 ,2 ,17, 5
1554 ,1896, 1535, '1439 1398 1180 1196 ' ,'0 0 0 0 ' ,263 ,1 ,81, 5
1645 ,1540, 1626, '1230 1561 1426 1378 ' ,'0 0 0 0 ' ,334 ,1 ,50, 8
1373 ,1631, 1351, '1300 1175 1254 1198 ' ,'0 0 0 0 ' ,128 ,1 ,34, 7
1399 ,1400, 1379, '1261 1090 1308 1292 ' ,'0 0 0 0 ' ,222 ,1 ,54, 4
1246 ,1384, 1229, '1059 1193 1137 1160 ' ,'0 0 0 0 ' ,138 ,1 ,22, 4
1223 ,1269, 1205, '1106 1160 1140 1152 ' ,'0 0 0 0 ' ,59 ,2 ,28, 8
1477 ,1226, 1457, '1414 1176 1322 1179 ' ,'0 0 0 0 ' ,240 ,2 ,28, 9
1448 ,1474, 1424, '1349 1249 1373 1333 ' ,'0 0 0 0 ' ,127 ,2 ,36, 10
1483 ,1487, 1460, '1381 1241 1238 1403 ' ,'0 0 0 0 ' ,163 ,2 ,46, 5
1567 ,1465, 1541, '1271 1153 1398 1058 ' ,'0 0 0 0 ' ,344 ,1 ,124, 5
1321 ,1548, 1297, '1252 1256 1168 1188 ' ,'0 0 0 0 ' ,95 ,1 ,24, 7
1470 ,1327, 1455, '1256 1091 1197 1360 ' ,'0 0 0 0 ' ,267 ,1 ,83, 5
1296 ,1459, 1279, '1060 1193 1237 1114 ' ,'0 0 0 0 ' ,183 ,1 ,26, 8
1329 ,1287, 1309, '1194 1189 1113 1267 ' ,'0 0 0 0 ' ,153 ,1 ,30, 6
1416 ,1316, 1392, '1231 1305 1294 1314 ' ,'0 0 0 0 ' ,92 ,11 ,55, 5
1608 ,1401, 1588, '1475 1294 1177 1467 ' ,'0 0 0 0 ' ,302 ,1 ,98, 5
1759 ,1598, 1521, '1352 1456 1288 1261 ' ,'0 0 0 0 ' ,199 ,1 ,50, 6
1418 ,1559, 1398, '1143 1355 1310 1178 ' ,'0 0 0 0 ' ,220 ,1 ,25, 5
2737 ,1425, 1267, '1152 1198 1139 1226 ' ,'0 0 0 0 ' ,84 ,1 ,29, 7
1314 ,1292, 1298, '1173 1186 1227 1237 ' ,'0 0 0 0 ' ,63 ,1 ,46, 4
1574 ,1312, 1559, '1340 1187 1229 1515 ' ,'0 0 0 0 ' ,328 ,2 ,33, 8
1481 ,1590, 1459, '1287 1250 1278 1375 ' ,'0 0 0 0 ' ,157 ,31 ,36, 10
1639 ,1485, 1617, '1189 1378 1290 1438 ' ,'0 0 0 0 ' ,249 ,1 ,164, 5
1327 ,1622, 1305, '1242 1197 1182 1179 ' ,'0 0 0 0 ' ,70 ,1 ,43, 4
1409 ,1309, 1387, '1100 1293 1177 1042 ' ,'0 0 0 0 ' ,256 ,1 ,78, 4
1253 ,1392, 1226, '1179 1064 1060 1056 ' ,'0 0 0 0 ' ,128 ,1 ,31, 6
1424 ,1256, 1402, '1115 1208 1122 1331 ' ,'0 0 0 0 ' ,217 ,1 ,56, 4
1201 ,1406, 1180, '1053 1097 1129 1121 ' ,'0 0 0 0 ' ,77 ,1 ,30, 6
1571 ,1210, 1551, '1445 1492 1134 1418 ' ,'0 0 0 0 ' ,362 ,2 ,37, 8
1505 ,1622, 1490, '1214 1266 1312 1393 ' ,'0 0 0 0 ' ,178 ,1 ,81, 5
1378 ,1495, 1356, '1312 1295 1058 1295 ' ,'0 0 0 0 ' ,258 ,2 ,27, 9
1294 ,1419, 1270, '1123 1207 1084 1135 ' ,'0 0 0 0 ' ,130 ,4 ,37, 7
1226 ,1302, 1196, '1034 1078 1144 950 ' ,'0 0 0 0 ' ,201 ,2 ,34, 4
1446 ,1220, 1426, '1373 1351 1183 1080 ' ,'0 0 0 0 ' ,301 ,1 ,34, 7
1268 ,1496, 1249, '1109 1129 1031 1203 ' ,'0 0 0 0 ' ,171 ,1 ,32, 8
1562 ,1283, 1540, '1343 1142 1287 1183 ' ,'0 0 0 0 ' ,201 ,1 ,181, 6
1284 ,1546, 1261, '1081 1173 983 1211 ' ,'0 0 0 0 ' ,227 ,2 ,37, 10
2721 ,1265, 1231, '1053 1041 1011 1185 ' ,'0 0 0 0 ' ,172 ,2 ,33, 10
1257 ,1237, 1238, '1191 1120 1100 1121 ' ,'0 0 0 0 ' ,95 ,1 ,32, 7
1375 ,1269, 1353, '1128 1266 1092 1093 ' ,'0 0 0 0 ' ,179 ,2 ,71, 7
1302 ,1398, 1276, '1150 1154 1203 1123 ' ,'0 0 0 0 ' ,86 ,1 ,55, 8
1166 ,1388, 1146, '1022 1034 1078 1061 ' ,'0 0 0 0 ' ,60 ,1 ,52, 4
1330 ,1151, 1308, '1184 1255 1221 1107 ' ,'0 0 0 0 ' ,155 ,2 ,34, 8
1366 ,1342, 1343, '1206 1238 1235 1296 ' ,'0 0 0 0 ' ,89 ,1 ,34, 9
1398 ,1368, 1374, '1179 1144 1205 1298 ' ,'0 0 0 0 ' ,155 ,1 ,61, 7
1224 ,1418, 1203, '1154 1114 1127 1077 ' ,'0 0 0 0 ' ,84 ,2 ,31, 7
1224 ,1214, 1204, '1153 1136 1112 1002 ' ,'0 0 0 0 ' ,159 ,2 ,33, 7
1158 ,1216, 1143, '1055 1084 1041 1030 ' ,'0 0 0 0 ' ,73 ,13 ,28, 7
2573 ,1155, 1101, '1056 978 1010 1023 ' ,'0 0 0 0 ' ,82 ,2 ,26, 7
4213 ,1116, 1113, '1066 958 998 1026 ' ,'37 0 0 0 ' ,111 ,2 ,29, 7
1374 ,1124, 1345, '1156 1299 1122 1279 ' ,'0 0 0 0 ' ,176 ,1 ,30, 6
1911 ,1379, 1263, '1212 1207 1184 1199 ' ,'0 0 0 0 ' ,31 ,1 ,36, 10
1412 ,1285, 1383, '1209 1090 1098 1135 ' ,'0 0 0 0 ' ,118 ,1 ,159, 4
1222 ,1389, 1197, '1048 1121 1054 1095 ' ,'0 0 0 0 ' ,79 ,2 ,58, 5
1113 ,1201, 1098, '968 1044 954 993 ' ,'0 0 0 0 ' ,93 ,2 ,37, 7
1256 ,1107, 1240, '1030 920 1116 1096 ' ,'0 0 0 0 ' ,199 ,1 ,105, 4
1538 ,1245, 1519, '1331 1307 1268 1452 ' ,'0 0 0 0 ' ,182 ,1 ,53, 5
1457 ,1524, 1432, '1204 1340 1234 1277 ' ,'0 0 0 0 ' ,142 ,1 ,66, 5
1359 ,1437, 1339, '1114 1200 1286 1029 ' ,'0 0 0 0 ' ,265 ,1 ,34, 6
1275 ,1371, 1254, '1092 1018 1142 1136 ' ,'0 0 0 0 ' ,130 ,2 ,91, 4
1267 ,1261, 1240, '1079 1188 1086 1046 ' ,'0 0 0 0 ' ,151 ,1 ,25, 6
1206 ,1295, 1184, '1044 1138 985 1072 ' ,'0 0 0 0 ' ,152 ,1 ,30, 5
1317 ,1213, 1295, '1239 1118 1063 930 ' ,'0 0 0 0 ' ,317 ,1 ,37, 4
1134 ,1312, 1115, '974 945 974 1029 ' ,'0 0 0 0 ' ,112 ,32 ,42, 6
1339 ,1120, 1325, '1073 1250 1021 1075 ' ,'0 0 0 0 ' ,228 ,1 ,61, 6
1493 ,1374, 1471, '1410 1335 1205 1319 ' ,'0 0 0 0 ' ,210 ,2 ,39, 6
1575 ,1505, 1556, '1196 1344 1203 1454 ' ,'0 0 0 0 ' ,256 ,1 ,89, 5
1382 ,1561, 1362, '1261 1294 1108 1247 ' ,'0 0 0 0 ' ,190 ,2 ,48, 7
1249 ,1427, 1226, '1169 1057 1074 1169 ' ,'0 0 0 0 ' ,114 ,1 ,39, 7
1356 ,1253, 1334, '1286 1166 1189 1277 ' ,'0 0 0 0 ' ,119 ,1 ,31, 6
2778 ,1369, 1278, '1182 1197 1096 1146 ' ,'0 0 0 0 ' ,107 ,1 ,60, 6
1297 ,1327, 1273, '1190 1141 1088 1030 ' ,'0 0 0 0 ' ,167 ,1 ,63, 4
