215 ,0, 95, '17 19 21 16 15 17 15 14 ' ,'0 0 0 0 0 0 0 0 ' ,28 ,5 ,11, 11
465 ,123, 440, '214 205 370 202 163 169 182 168 ' ,'0 0 0 0 0 0 0 0 ' ,208 ,2 ,55, 5
1075 ,478, 1053, '115 201 150 118 86 91 680 82 ' ,'0 0 0 0 0 0 0 0 ' ,603 ,1 ,17, 11
444 ,1824, 411, '176 272 203 102 197 136 141 85 ' ,'0 0 0 0 0 0 0 0 ' ,190 ,1 ,125, 2
187 ,425, 167, '123 142 147 115 84 121 115 109 ' ,'0 0 0 0 0 0 0 0 ' ,60 ,1 ,5, 3
239 ,181, 220, '197 154 144 141 88 130 98 101 ' ,'0 0 0 0 0 0 0 0 ' ,112 ,1 ,5, 1
212 ,235, 188, '173 151 132 151 103 127 95 82 ' ,'0 0 0 0 0 0 0 0 ' ,95 ,1 ,4, 0
199 ,206, 178, '162 163 133 160 83 100 112 104 ' ,'0 0 0 0 0 0 0 0 ' ,82 ,1 ,1, 1
414 ,197, 393, '131 136 145 181 88 89 103 371 ' ,'0 0 0 0 0 0 0 0 ' ,287 ,1 ,9, 3
439 ,499, 421, '138 312 139 152 81 88 127 94 ' ,'0 0 0 0 0 0 0 0 ' ,230 ,2 ,94, 1
229 ,425, 208, '146 116 188 144 84 107 108 106 ' ,'0 0 0 0 0 0 0 0 ' ,105 ,1 ,5, 1
182 ,285, 156, '121 137 130 133 89 105 84 102 ' ,'0 0 0 0 0 0 0 0 ' ,56 ,1 ,1, 1
167 ,163, 146, '126 117 115 113 87 97 100 69 ' ,'0 0 0 0 0 0 0 0 ' ,61 ,1 ,7, 1
216 ,155, 195, '173 173 155 140 88 105 108 106 ' ,'0 0 0 0 0 0 0 0 ' ,92 ,1 ,7, 1
213 ,203, 193, '172 171 154 162 79 110 112 103 ' ,'0 0 0 0 0 0 0 0 ' ,94 ,2 ,11, 1
231 ,237, 214, '193 156 141 123 96 72 110 78 ' ,'0 0 0 0 0 0 0 0 ' ,124 ,2 ,5, 1
189 ,224, 172, '153 124 158 140 91 100 87 94 ' ,'0 0 0 0 0 0 0 0 ' ,69 ,1 ,1, 1
182 ,184, 160, '148 132 111 136 112 76 89 80 ' ,'0 0 0 0 0 0 0 0 ' ,75 ,2 ,3, 1
287 ,170, 266, '131 248 165 140 122 117 126 110 ' ,'0 0 0 0 0 0 0 0 ' ,143 ,2 ,5, 1
214 ,274, 194, '166 152 164 159 80 103 122 94 ' ,'0 0 0 0 0 0 0 0 ' ,85 ,1 ,20, 1
223 ,229, 204, '191 102 143 136 96 100 108 100 ' ,'0 0 0 0 0 0 0 0 ' ,94 ,2 ,0, 0
159 ,212, 139, '120 115 123 116 76 99 76 100 ' ,'0 0 0 0 0 0 0 0 ' ,52 ,2 ,6, 1
179 ,149, 158, '145 135 133 119 94 122 83 88 ' ,'0 0 0 0 0 0 0 0 ' ,64 ,1 ,5, 1
240 ,171, 221, '152 205 162 130 84 138 76 94 ' ,'0 0 0 0 0 0 0 0 ' ,135 ,2 ,3, 1
189 ,233, 169, '153 112 116 157 79 78 74 103 ' ,'0 0 0 0 0 0 0 0 ' ,85 ,2 ,2, 1
213 ,186, 193, '167 110 130 183 105 110 109 103 ' ,'0 0 0 0 0 0 0 0 ' ,84 ,2 ,3, 1
185 ,250, 163, '131 151 121 115 64 103 76 91 ' ,'0 0 0 0 0 0 0 0 ' ,83 ,1 ,3, 1
176 ,175, 157, '140 108 131 120 87 105 62 83 ' ,'0 0 0 0 0 0 0 0 ' ,80 ,2 ,8, 1
191 ,166, 171, '141 141 159 156 103 91 67 92 ' ,'0 0 0 0 0 0 0 0 ' ,94 ,2 ,3, 1
167 ,179, 146, '114 119 96 135 87 74 75 93 ' ,'0 0 0 0 0 0 0 0 ' ,63 ,1 ,3, 0
152 ,155, 130, '118 106 95 123 73 97 63 61 ' ,'0 0 0 0 0 0 0 0 ' ,62 ,0 ,1, 0
165 ,143, 144, '111 111 126 135 80 85 87 72 ' ,'0 0 0 0 0 0 0 0 ' ,67 ,1 ,1, 0
231 ,155, 212, '156 203 125 148 100 110 99 111 ' ,'0 0 0 0 0 0 0 0 ' ,106 ,1 ,1, 1
215 ,221, 193, '145 183 149 128 115 93 92 94 ' ,'0 0 0 0 0 0 0 0 ' ,91 ,0 ,5, 1
194 ,227, 172, '159 143 132 157 97 102 107 95 ' ,'0 0 0 0 0 0 0 0 ' ,67 ,1 ,1, 1
195 ,179, 178, '166 136 169 153 87 126 122 97 ' ,'0 0 0 0 0 0 0 0 ' ,83 ,1 ,3, 1
205 ,187, 187, '171 177 167 145 100 102 108 115 ' ,'0 0 0 0 0 0 0 0 ' ,78 ,0 ,2, 2
183 ,196, 165, '134 134 135 157 85 95 73 105 ' ,'0 0 0 0 0 0 0 0 ' ,81 ,1 ,3, 1
149 ,177, 133, '115 114 105 125 94 89 76 71 ' ,'0 0 0 0 0 0 0 0 ' ,55 ,1 ,1, 1
160 ,140, 141, '129 121 116 117 81 91 103 68 ' ,'0 0 0 0 0 0 0 0 ' ,63 ,1 ,3, 1
175 ,206, 157, '126 140 110 144 85 94 78 91 ' ,'0 0 0 0 0 0 0 0 ' ,68 ,1 ,3, 1
159 ,164, 142, '124 100 103 130 91 97 75 95 ' ,'0 0 0 0 0 0 0 0 ' ,57 ,1 ,5, 1
183 ,148, 166, '123 144 154 134 106 94 95 86 ' ,'0 0 0 0 0 0 0 0 ' ,70 ,1 ,4, 1
234 ,213, 216, '195 172 204 153 109 98 132 90 ' ,'0 0 0 0 0 0 0 0 ' ,114 ,1 ,3, 1
243 ,223, 226, '120 173 142 149 89 100 88 136 ' ,'0 0 0 0 0 0 0 0 ' ,86 ,1 ,48, 1
177 ,231, 160, '135 139 119 148 83 69 72 84 ' ,'0 0 0 0 0 0 0 0 ' ,79 ,1 ,6, 1
270 ,168, 252, '142 241 142 183 88 86 121 114 ' ,'0 0 0 0 0 0 0 0 ' ,158 ,1 ,2, 1
247 ,259, 226, '145 215 188 189 122 111 102 90 ' ,'0 0 0 0 0 0 0 0 ' ,127 ,1 ,2, 1
177 ,232, 152, '141 121 117 131 104 78 104 119 ' ,'0 0 0 0 0 0 0 0 ' ,65 ,1 ,3, 1
172 ,161, 152, '135 142 108 126 87 103 92 70 ' ,'0 0 0 0 0 0 0 0 ' ,74 ,1 ,4, 1
232 ,161, 210, '191 134 158 198 100 80 113 96 ' ,'0 0 0 0 0 0 0 0 ' ,120 ,1 ,4, 1
858 ,242, 835, '145 164 160 155 85 127 819 102 ' ,'0 0 0 0 0 0 0 0 ' ,733 ,1 ,5, 1
212 ,842, 189, '131 177 157 173 108 119 94 87 ' ,'0 0 0 0 0 0 0 0 ' ,93 ,1 ,5, 1
208 ,202, 186, '128 137 149 133 81 73 87 89 ' ,'0 0 0 0 0 0 0 0 ' ,103 ,25 ,1, 1
187 ,196, 165, '153 126 141 121 80 97 85 81 ' ,'0 0 0 0 0 0 0 0 ' ,75 ,1 ,5, 1
198 ,178, 178, '166 157 136 123 79 92 93 95 ' ,'0 0 0 0 0 0 0 0 ' ,84 ,1 ,6, 1
194 ,184, 174, '135 159 137 138 114 97 87 117 ' ,'0 0 0 0 0 0 0 0 ' ,70 ,1 ,8, 1
196 ,185, 175, '137 134 166 116 94 89 89 104 ' ,'0 0 0 0 0 0 0 0 ' ,78 ,1 ,3, 0
185 ,186, 165, '121 115 141 137 81 111 118 93 ' ,'0 0 0 0 0 0 0 0 ' ,73 ,16 ,2, 0
175 ,175, 154, '144 119 107 129 102 106 118 96 ' ,'0 0 0 0 0 0 0 0 ' ,51 ,1 ,3, 0
220 ,161, 199, '159 156 148 151 126 104 80 113 ' ,'0 0 0 0 0 0 0 0 ' ,80 ,1 ,31, 1
364 ,205, 345, '216 153 205 143 116 100 120 332 ' ,'0 0 0 0 0 0 0 0 ' ,233 ,0 ,4, 1
172 ,378, 154, '143 143 143 107 91 97 110 110 ' ,'0 0 0 0 0 0 0 0 ' ,49 ,1 ,2, 1
228 ,163, 207, '165 118 131 139 116 85 99 87 ' ,'0 0 0 0 0 0 0 0 ' ,111 ,27 ,7, 1
195 ,217, 169, '120 161 125 123 111 73 133 76 ' ,'0 0 0 0 0 0 0 0 ' ,92 ,1 ,4, 1
244 ,184, 224, '179 208 151 112 131 97 130 129 ' ,'0 0 0 0 0 0 0 0 ' ,115 ,1 ,6, 1
203 ,230, 182, '142 163 158 168 124 115 83 82 ' ,'0 0 0 0 0 0 0 0 ' ,90 ,1 ,6, 1
216 ,193, 196, '146 183 137 147 157 73 108 156 ' ,'0 0 0 0 0 0 0 0 ' ,116 ,1 ,4, 1
257 ,204, 238, '129 100 192 132 113 122 83 98 ' ,'0 0 0 0 0 0 0 0 ' ,143 ,34 ,5, 1
202 ,279, 177, '104 161 163 132 100 108 99 86 ' ,'0 0 0 0 0 0 0 0 ' ,79 ,1 ,7, 1
186 ,252, 168, '150 143 154 156 106 99 114 119 ' ,'0 0 0 0 0 0 0 0 ' ,60 ,1 ,5, 1
206 ,205, 179, '169 102 157 146 76 113 110 92 ' ,'0 0 0 0 0 0 0 0 ' ,88 ,1 ,4, 2
199 ,232, 177, '156 152 162 168 93 103 136 119 ' ,'0 0 0 0 0 0 0 0 ' ,71 ,0 ,3, 1
189 ,186, 171, '160 151 136 152 104 115 126 103 ' ,'0 0 0 0 0 0 0 0 ' ,57 ,0 ,5, 1
239 ,178, 219, '185 205 189 184 91 131 100 155 ' ,'0 0 0 0 0 0 0 0 ' ,113 ,1 ,7, 1
187 ,227, 166, '128 152 131 139 100 92 134 101 ' ,'0 0 0 0 0 0 0 0 ' ,62 ,1 ,8, 0
161 ,175, 141, '129 127 122 128 72 94 85 79 ' ,'0 0 0 0 0 0 0 0 ' ,54 ,1 ,3, 1
201 ,152, 180, '164 126 150 153 70 93 77 70 ' ,'0 0 0 0 0 0 0 0 ' ,97 ,1 ,7, 1
187 ,189, 168, '146 156 141 127 101 114 112 82 ' ,'0 0 0 0 0 0 0 0 ' ,70 ,0 ,4, 1
172 ,176, 152, '125 132 142 119 85 80 90 106 ' ,'0 0 0 0 0 0 0 0 ' ,64 ,1 ,3, 1
180 ,164, 159, '109 145 101 141 82 139 71 106 ' ,'0 0 0 0 0 0 0 0 ' ,76 ,1 ,7, 1
196 ,169, 173, '119 112 118 164 87 98 97 104 ' ,'0 0 0 0 0 0 0 0 ' ,69 ,1 ,2, 0
149 ,184, 128, '117 99 97 116 80 107 68 70 ' ,'0 0 0 0 0 0 0 0 ' ,52 ,1 ,2, 0
185 ,139, 166, '155 108 99 103 73 67 85 86 ' ,'0 0 0 0 0 0 0 0 ' ,90 ,1 ,3, 1
159 ,175, 143, '99 114 119 132 83 131 92 94 ' ,'0 0 0 0 0 0 0 0 ' ,50 ,1 ,3, 1
188 ,149, 171, '146 152 136 159 81 99 92 75 ' ,'0 0 0 0 0 0 0 0 ' ,86 ,0 ,6, 1
200 ,177, 183, '136 137 174 154 73 82 119 118 ' ,'0 0 0 0 0 0 0 0 ' ,101 ,1 ,1, 0
209 ,194, 189, '172 176 176 140 95 119 95 94 ' ,'0 0 0 0 0 0 0 0 ' ,85 ,1 ,3, 1
172 ,196, 153, '139 141 129 138 113 107 125 89 ' ,'0 0 0 0 0 0 0 0 ' ,55 ,1 ,3, 1
189 ,160, 172, '144 145 160 121 78 106 82 86 ' ,'0 0 0 0 0 0 0 0 ' ,83 ,1 ,3, 1
237 ,178, 219, '209 157 144 149 105 116 95 89 ' ,'0 0 0 0 0 0 0 0 ' ,123 ,1 ,1, 0
181 ,228, 162, '118 138 151 134 102 102 82 81 ' ,'0 0 0 0 0 0 0 0 ' ,72 ,1 ,1, 1
165 ,173, 149, '114 117 115 131 85 83 94 70 ' ,'0 0 0 0 0 0 0 0 ' ,63 ,1 ,10, 1
153 ,154, 130, '119 89 107 107 80 77 79 72 ' ,'0 0 0 0 0 0 0 0 ' ,49 ,1 ,4, 1
156 ,143, 131, '104 110 119 113 83 66 97 70 ' ,'0 0 0 0 0 0 0 0 ' ,57 ,1 ,4, 0
169 ,143, 147, '130 111 133 129 69 74 78 84 ' ,'0 0 0 0 0 0 0 0 ' ,59 ,1 ,7, 1
200 ,157, 179, '127 128 135 166 115 95 62 85 ' ,'0 0 0 0 0 0 0 0 ' ,103 ,1 ,5, 1
173 ,187, 151, '139 108 116 136 113 121 74 61 ' ,'0 0 0 0 0 0 0 0 ' ,79 ,1 ,4, 1
171 ,160, 150, '137 135 113 125 72 73 99 83 ' ,'0 0 0 0 0 0 0 0 ' ,67 ,1 ,5, 1
181 ,162, 157, '119 126 145 128 110 88 101 79 ' ,'0 0 0 0 0 0 0 0 ' ,68 ,0 ,5, 0
253 ,168, 231, '144 172 216 167 154 154 103 105 ' ,'0 0 0 0 0 0 0 0 ' ,113 ,1 ,7, 1
236 ,240, 214, '194 202 158 167 102 127 124 127 ' ,'0 0 0 0 0 0 0 0 ' ,94 ,1 ,4, 0
216 ,249, 194, '149 179 172 136 153 74 131 114 ' ,'0 0 0 0 0 0 0 0 ' ,108 ,1 ,6, 1
216 ,201, 192, '140 178 157 173 138 131 120 101 ' ,'0 0 0 0 0 0 0 0 ' ,81 ,1 ,4, 1
231 ,201, 211, '180 196 200 172 172 129 118 103 ' ,'0 0 0 0 0 0 0 0 ' ,98 ,1 ,4, 1
202 ,221, 179, '164 159 160 127 116 114 130 103 ' ,'0 0 0 0 0 0 0 0 ' ,62 ,1 ,7, 1
187 ,188, 164, '148 119 152 129 81 91 71 114 ' ,'0 0 0 0 0 0 0 0 ' ,83 ,1 ,1, 1
186 ,173, 162, '150 130 125 140 72 91 85 89 ' ,'0 0 0 0 0 0 0 0 ' ,70 ,1 ,4, 1
182 ,173, 160, '143 148 132 120 95 90 104 90 ' ,'0 0 0 0 0 0 0 0 ' ,60 ,1 ,7, 1
210 ,173, 188, '142 147 152 177 80 124 99 138 ' ,'0 0 0 0 0 0 0 0 ' ,88 ,1 ,5, 0
180 ,201, 159, '130 127 141 145 132 87 75 79 ' ,'0 0 0 0 0 0 0 0 ' ,69 ,1 ,4, 1
184 ,169, 154, '141 121 121 136 73 74 84 91 ' ,'0 0 0 0 0 0 0 0 ' ,72 ,1 ,2, 1
173 ,163, 151, '138 104 109 111 68 83 59 83 ' ,'0 0 0 0 0 0 0 0 ' ,81 ,1 ,2, 1
157 ,161, 137, '125 122 107 120 79 85 81 93 ' ,'0 0 0 0 0 0 0 0 ' ,46 ,1 ,5, 1
169 ,148, 149, '133 123 104 121 67 77 73 71 ' ,'0 0 0 0 0 0 0 0 ' ,65 ,1 ,8, 1
169 ,155, 150, '135 127 127 138 82 103 71 88 ' ,'0 0 0 0 0 0 0 0 ' ,70 ,1 ,5, 1
204 ,188, 181, '138 134 166 143 93 98 127 155 ' ,'0 0 0 0 0 0 0 0 ' ,70 ,1 ,8, 0
169 ,195, 152, '118 119 137 140 66 114 131 82 ' ,'0 0 0 0 0 0 0 0 ' ,74 ,1 ,4, 1
200 ,158, 181, '105 143 154 139 160 92 83 88 ' ,'0 0 0 0 0 0 0 0 ' ,85 ,1 ,6, 1
203 ,186, 183, '168 112 127 116 78 74 76 72 ' ,'0 0 0 0 0 0 0 0 ' ,98 ,1 ,7, 1
199 ,189, 180, '115 140 138 166 102 98 81 101 ' ,'0 0 0 0 0 0 0 0 ' ,88 ,2 ,5, 1
215 ,188, 195, '151 147 160 181 128 109 105 122 ' ,'0 0 0 0 0 0 0 0 ' ,78 ,1 ,7, 1
390 ,205, 370, '217 143 142 142 131 354 142 103 ' ,'0 0 0 0 0 0 0 0 ' ,254 ,1 ,7, 1
233 ,376, 215, '196 174 165 160 115 127 106 100 ' ,'0 0 0 0 0 0 0 0 ' ,97 ,1 ,9, 2
287 ,219, 266, '171 206 232 191 92 117 102 116 ' ,'0 0 0 0 0 0 0 0 ' ,139 ,2 ,26, 1
186 ,303, 166, '129 124 154 129 100 113 93 91 ' ,'0 0 0 0 0 0 0 0 ' ,65 ,1 ,6, 1
170 ,183, 150, '107 135 132 116 95 102 135 83 ' ,'0 0 0 0 0 0 0 0 ' ,55 ,1 ,6, 1
171 ,164, 152, '137 129 120 136 82 81 92 80 ' ,'0 0 0 0 0 0 0 0 ' ,60 ,1 ,7, 1
178 ,165, 160, '146 129 117 141 78 105 87 73 ' ,'0 0 0 0 0 0 0 0 ' ,76 ,1 ,6, 1
172 ,170, 151, '126 101 125 140 83 76 80 89 ' ,'0 0 0 0 0 0 0 0 ' ,66 ,1 ,7, 1
159 ,161, 141, '127 121 108 118 92 88 81 72 ' ,'0 0 0 0 0 0 0 0 ' ,57 ,1 ,4, 0
158 ,152, 133, '114 88 116 105 78 84 86 74 ' ,'0 0 0 0 0 0 0 0 ' ,46 ,1 ,9, 0
212 ,144, 192, '164 143 165 112 130 95 88 181 ' ,'0 0 0 0 0 0 0 0 ' ,92 ,1 ,5, 1
199 ,207, 176, '164 117 127 142 112 86 97 106 ' ,'0 0 0 0 0 0 0 0 ' ,78 ,1 ,6, 0
244 ,192, 223, '153 118 206 178 106 109 141 96 ' ,'0 0 0 0 0 0 0 0 ' ,113 ,1 ,8, 0
255 ,234, 234, '189 152 220 183 144 195 114 105 ' ,'0 0 0 0 0 0 0 0 ' ,118 ,0 ,7, 1
255 ,245, 235, '194 167 174 148 100 111 134 225 ' ,'0 0 0 0 0 0 0 0 ' ,119 ,1 ,4, 0
255 ,249, 234, '218 162 151 180 135 122 141 113 ' ,'0 0 0 0 0 0 0 0 ' ,108 ,1 ,9, 1
270 ,243, 250, '197 233 173 164 148 138 144 159 ' ,'0 0 0 0 0 0 0 0 ' ,101 ,1 ,6, 2
247 ,265, 227, '182 181 213 165 97 159 82 114 ' ,'0 0 0 0 0 0 0 0 ' ,130 ,1 ,7, 1
189 ,241, 170, '154 137 149 158 121 125 127 113 ' ,'0 0 0 0 0 0 0 0 ' ,46 ,1 ,5, 1
228 ,181, 209, '136 196 154 131 79 140 103 102 ' ,'0 0 0 0 0 0 0 0 ' ,112 ,1 ,5, 1
167 ,222, 147, '134 119 121 124 82 96 95 82 ' ,'0 0 0 0 0 0 0 0 ' ,55 ,1 ,4, 1
176 ,160, 158, '109 141 126 110 84 96 98 79 ' ,'0 0 0 0 0 0 0 0 ' ,66 ,1 ,6, 1
172 ,170, 150, '133 136 99 123 88 90 95 68 ' ,'0 0 0 0 0 0 0 0 ' ,71 ,1 ,6, 1
224 ,161, 205, '124 150 117 194 86 75 73 99 ' ,'0 0 0 0 0 0 0 0 ' ,122 ,0 ,4, 1
218 ,218, 197, '158 182 146 137 117 123 102 112 ' ,'0 0 0 0 0 0 0 0 ' ,79 ,1 ,4, 1
196 ,203, 175, '159 140 118 126 113 110 93 106 ' ,'0 0 0 0 0 0 0 0 ' ,68 ,1 ,4, 1
226 ,185, 205, '186 130 191 152 123 98 117 130 ' ,'0 0 0 0 0 0 0 0 ' ,94 ,0 ,7, 0
279 ,211, 260, '146 122 243 156 91 140 129 124 ' ,'0 0 0 0 0 0 0 0 ' ,153 ,0 ,10, 1
206 ,270, 189, '151 172 164 161 110 118 133 81 ' ,'0 0 0 0 0 0 0 0 ' ,94 ,1 ,9, 1
222 ,199, 200, '124 178 184 147 78 89 113 86 ' ,'0 0 0 0 0 0 0 0 ' ,100 ,1 ,9, 1
357 ,212, 337, '171 141 194 139 110 141 125 96 ' ,'0 0 0 0 0 0 0 0 ' ,97 ,1 ,3, 1
275 ,367, 260, '202 241 233 201 108 134 87 153 ' ,'0 0 0 0 0 0 0 0 ' ,160 ,0 ,3, 0
239 ,299, 220, '176 159 185 201 139 104 110 102 ' ,'0 0 0 0 0 0 0 0 ' ,100 ,0 ,13, 1
204 ,227, 184, '134 164 123 132 163 115 102 107 ' ,'0 0 0 0 0 0 0 0 ' ,66 ,1 ,5, 1
184 ,196, 161, '119 134 111 148 97 88 84 84 ' ,'0 0 0 0 0 0 0 0 ' ,67 ,1 ,6, 1
194 ,173, 175, '161 131 124 133 119 71 97 95 ' ,'0 0 0 0 0 0 0 0 ' ,92 ,0 ,7, 1
226 ,189, 208, '176 157 195 150 115 115 111 109 ' ,'0 0 0 0 0 0 0 0 ' ,84 ,0 ,6, 0
205 ,220, 187, '171 118 124 170 89 103 86 84 ' ,'0 0 0 0 0 0 0 0 ' ,83 ,1 ,8, 1
200 ,198, 181, '166 126 131 122 135 99 75 79 ' ,'0 0 0 0 0 0 0 0 ' ,93 ,1 ,5, 1
167 ,193, 147, '99 117 133 121 83 98 79 98 ' ,'0 0 0 0 0 0 0 0 ' ,58 ,1 ,6, 1
216 ,160, 198, '184 184 147 161 84 124 111 147 ' ,'0 0 0 0 0 0 0 0 ' ,96 ,1 ,5, 1
297 ,207, 272, '217 223 178 209 111 123 122 120 ' ,'0 0 0 0 0 0 0 0 ' ,107 ,1 ,45, 0
263 ,282, 245, '152 152 160 205 108 102 128 228 ' ,'0 0 0 0 0 0 0 0 ' ,129 ,1 ,10, 1
196 ,257, 177, '134 151 141 157 119 129 111 106 ' ,'0 0 0 0 0 0 0 0 ' ,56 ,4 ,8, 1
220 ,189, 201, '167 151 159 184 109 149 113 97 ' ,'0 0 0 0 0 0 0 0 ' ,89 ,1 ,10, 2
243 ,216, 222, '180 205 185 175 115 120 121 101 ' ,'0 0 0 0 0 0 0 0 ' ,103 ,1 ,9, 1
216 ,234, 197, '177 156 180 171 106 175 154 108 ' ,'0 0 0 0 0 0 0 0 ' ,75 ,1 ,9, 1
261 ,210, 244, '166 161 119 151 115 108 122 114 ' ,'0 0 0 0 0 0 0 0 ' ,59 ,1 ,67, 1
201 ,248, 181, '148 165 146 147 75 132 105 113 ' ,'0 0 0 0 0 0 0 0 ' ,83 ,1 ,9, 1
171 ,195, 151, '131 137 128 129 70 99 97 86 ' ,'0 0 0 0 0 0 0 0 ' ,60 ,0 ,8, 1
176 ,197, 157, '137 133 116 137 90 109 105 117 ' ,'0 0 0 0 0 0 0 0 ' ,41 ,1 ,8, 0
204 ,170, 182, '140 150 103 169 68 120 94 101 ' ,'0 0 0 0 0 0 0 0 ' ,95 ,1 ,7, 1
196 ,192, 176, '155 163 149 167 113 72 111 119 ' ,'0 0 0 0 0 0 0 0 ' ,96 ,1 ,4, 0
205 ,189, 187, '147 162 175 148 111 133 129 108 ' ,'0 0 0 0 0 0 0 0 ' ,68 ,1 ,2, 1
184 ,202, 166, '137 153 114 153 84 87 69 96 ' ,'0 0 0 0 0 0 0 0 ' ,86 ,1 ,4, 1
275 ,178, 254, '170 162 163 242 116 131 98 89 ' ,'0 0 0 0 0 0 0 0 ' ,154 ,1 ,4, 1
295 ,267, 277, '180 123 157 169 99 264 104 113 ' ,'0 0 0 0 0 0 0 0 ' ,162 ,1 ,3, 1
211 ,291, 194, '169 179 159 180 99 103 106 104 ' ,'0 0 0 0 0 0 0 0 ' ,79 ,1 ,7, 1
195 ,211, 176, '151 158 142 153 91 94 107 81 ' ,'0 0 0 0 0 0 0 0 ' ,80 ,0 ,9, 1
203 ,191, 183, '153 166 161 170 87 105 103 105 ' ,'0 0 0 0 0 0 0 0 ' ,78 ,0 ,5, 2
247 ,195, 227, '189 209 148 167 99 92 120 106 ' ,'0 0 0 0 0 0 0 0 ' ,125 ,1 ,5, 1
202 ,235, 179, '144 162 131 144 108 127 127 106 ' ,'0 0 0 0 0 0 0 0 ' ,62 ,3 ,5, 1
240 ,195, 221, '159 126 154 149 91 92 115 111 ' ,'0 0 0 0 0 0 0 0 ' ,117 ,49 ,5, 1
208 ,230, 185, '133 167 140 127 69 101 83 82 ' ,'0 0 0 0 0 0 0 0 ' ,94 ,1 ,9, 1
182 ,194, 163, '104 126 113 151 78 102 64 74 ' ,'0 0 0 0 0 0 0 0 ' ,88 ,0 ,5, 1
185 ,177, 167, '133 149 135 107 82 118 71 77 ' ,'0 0 0 0 0 0 0 0 ' ,81 ,1 ,6, 1
183 ,180, 162, '147 131 127 112 96 64 67 83 ' ,'0 0 0 0 0 0 0 0 ' ,86 ,0 ,6, 1
160 ,172, 140, '124 106 121 116 67 89 96 70 ' ,'0 0 0 0 0 0 0 0 ' ,57 ,1 ,8, 0
151 ,154, 134, '120 110 118 110 75 97 95 93 ' ,'0 0 0 0 0 0 0 0 ' ,43 ,1 ,6, 1
174 ,150, 154, '117 141 116 122 86 69 116 75 ' ,'0 0 0 0 0 0 0 0 ' ,74 ,1 ,4, 1
201 ,167, 182, '144 157 168 125 96 96 83 92 ' ,'0 0 0 0 0 0 0 0 ' ,87 ,0 ,4, 1
209 ,192, 188, '160 150 172 116 108 110 127 114 ' ,'0 0 0 0 0 0 0 0 ' ,66 ,1 ,9, 1
234 ,201, 213, '147 174 190 198 99 116 102 99 ' ,'0 0 0 0 0 0 0 0 ' ,100 ,1 ,8, 1
238 ,223, 217, '187 201 152 161 95 147 96 99 ' ,'0 0 0 0 0 0 0 0 ' ,108 ,1 ,8, 1
231 ,230, 209, '186 187 194 193 85 133 92 145 ' ,'0 0 0 0 0 0 0 0 ' ,106 ,0 ,7, 2
196 ,253, 177, '149 141 159 142 93 133 117 122 ' ,'0 0 0 0 0 0 0 0 ' ,60 ,1 ,10, 1
203 ,185, 185, '127 166 170 137 99 116 81 77 ' ,'0 0 0 0 0 0 0 0 ' ,95 ,1 ,6, 2
183 ,195, 165, '127 122 151 138 63 74 114 86 ' ,'0 0 0 0 0 0 0 0 ' ,82 ,0 ,1, 1
165 ,177, 147, '129 92 134 135 92 78 83 78 ' ,'0 0 0 0 0 0 0 0 ' ,61 ,1 ,2, 0
191 ,163, 171, '155 122 142 127 82 98 123 89 ' ,'0 0 0 0 0 0 0 0 ' ,71 ,1 ,6, 1
184 ,181, 165, '154 122 113 147 89 95 100 107 ' ,'0 0 0 0 0 0 0 0 ' ,61 ,0 ,5, 1
146 ,177, 130, '93 97 117 108 61 81 74 83 ' ,'0 0 0 0 0 0 0 0 ' ,54 ,1 ,5, 1
179 ,143, 159, '115 132 121 147 77 87 111 91 ' ,'0 0 0 0 0 0 0 0 ' ,66 ,1 ,2, 0
217 ,169, 201, '147 186 139 92 70 80 80 104 ' ,'0 0 0 0 0 0 0 0 ' ,110 ,0 ,3, 1
234 ,214, 214, '172 164 153 120 113 80 90 110 ' ,'0 0 0 0 0 0 0 0 ' ,97 ,1 ,32, 1
227 ,229, 206, '163 153 176 193 102 85 71 141 ' ,'0 0 0 0 0 0 0 0 ' ,123 ,1 ,4, 2
255 ,219, 235, '193 164 162 157 123 223 154 81 ' ,'0 0 0 0 0 0 0 0 ' ,143 ,1 ,5, 1
232 ,247, 213, '193 157 155 173 118 116 118 131 ' ,'0 0 0 0 0 0 0 0 ' ,80 ,0 ,7, 1
319 ,223, 300, '199 200 282 141 114 94 136 123 ' ,'0 0 0 0 0 0 0 0 ' ,192 ,0 ,10, 1
262 ,334, 243, '224 191 181 159 102 91 92 101 ' ,'0 0 0 0 0 0 0 0 ' ,135 ,1 ,10, 1
214 ,254, 195, '139 133 181 125 89 90 105 92 ' ,'0 0 0 0 0 0 0 0 ' ,94 ,0 ,4, 1
223 ,205, 203, '165 149 188 156 103 118 161 150 ' ,'0 0 0 0 0 0 0 0 ' ,81 ,1 ,7, 1
186 ,259, 164, '142 139 150 138 113 104 94 82 ' ,'0 0 0 0 0 0 0 0 ' ,73 ,0 ,5, 0
220 ,181, 200, '179 128 144 103 78 108 133 88 ' ,'0 0 0 0 0 0 0 0 ' ,97 ,1 ,14, 1
185 ,211, 165, '136 143 148 135 99 85 79 81 ' ,'0 0 0 0 0 0 0 0 ' ,70 ,1 ,9, 2
177 ,179, 158, '120 142 120 116 64 97 64 70 ' ,'0 0 0 0 0 0 0 0 ' ,81 ,1 ,7, 0
167 ,171, 148, '123 117 111 135 76 100 92 97 ' ,'0 0 0 0 0 0 0 0 ' ,52 ,1 ,6, 1
256 ,163, 230, '202 174 210 131 112 99 114 110 ' ,'0 0 0 0 0 0 0 0 ' ,116 ,2 ,8, 1
217 ,236, 196, '179 163 148 136 121 150 149 98 ' ,'0 0 0 0 0 0 0 0 ' ,84 ,0 ,8, 1
202 ,207, 181, '147 162 166 164 117 76 82 102 ' ,'0 0 0 0 0 0 0 0 ' ,93 ,1 ,6, 0
230 ,196, 210, '175 129 193 146 151 106 109 99 ' ,'0 0 0 0 0 0 0 0 ' ,96 ,1 ,10, 1
379 ,233, 360, '167 188 173 210 124 137 131 94 ' ,'0 0 0 0 0 0 0 0 ' ,117 ,1 ,143, 2
236 ,447, 213, '171 183 135 202 115 98 121 130 ' ,'0 0 0 0 0 0 0 0 ' ,105 ,0 ,6, 1
231 ,229, 209, '138 167 145 196 102 119 119 99 ' ,'0 0 0 0 0 0 0 0 ' ,94 ,1 ,9, 2
224 ,230, 205, '143 143 145 188 131 156 118 94 ' ,'0 0 0 0 0 0 0 0 ' ,95 ,0 ,9, 2
201 ,216, 178, '153 144 162 134 119 88 84 113 ' ,'0 0 0 0 0 0 0 0 ' ,80 ,1 ,9, 1
219 ,190, 194, '178 159 127 149 126 136 90 106 ' ,'0 0 0 0 0 0 0 0 ' ,90 ,0 ,13, 1
200 ,206, 181, '167 148 134 145 147 102 134 103 ' ,'0 0 0 0 0 0 0 0 ' ,66 ,1 ,5, 1
171 ,193, 152, '133 103 137 114 86 84 69 105 ' ,'0 0 0 0 0 0 0 0 ' ,70 ,1 ,7, 1
150 ,177, 130, '109 115 117 102 85 96 68 87 ' ,'0 0 0 0 0 0 0 0 ' ,51 ,1 ,5, 0
191 ,146, 172, '126 150 141 118 91 79 98 82 ' ,'0 0 0 0 0 0 0 0 ' ,72 ,0 ,11, 1
183 ,178, 162, '103 120 125 147 74 116 75 97 ' ,'0 0 0 0 0 0 0 0 ' ,74 ,1 ,7, 1
175 ,169, 155, '130 137 117 111 85 85 106 80 ' ,'0 0 0 0 0 0 0 0 ' ,56 ,1 ,11, 1
202 ,164, 182, '164 139 149 130 86 141 104 101 ' ,'0 0 0 0 0 0 0 0 ' ,75 ,1 ,9, 1
223 ,193, 205, '151 145 143 186 137 99 126 103 ' ,'0 0 0 0 0 0 0 0 ' ,90 ,1 ,11, 2
222 ,214, 203, '184 184 180 179 96 94 94 80 ' ,'0 0 0 0 0 0 0 0 ' ,107 ,0 ,6, 1
243 ,211, 228, '172 197 205 201 142 118 109 102 ' ,'0 0 0 0 0 0 0 0 ' ,106 ,1 ,14, 1
252 ,270, 236, '172 208 214 175 85 126 136 90 ' ,'0 0 0 0 0 0 0 0 ' ,131 ,0 ,13, 1
204 ,242, 187, '170 151 156 140 90 82 106 141 ' ,'0 0 0 0 0 0 0 0 ' ,91 ,1 ,4, 1
238 ,220, 223, '204 127 141 160 106 109 137 107 ' ,'0 0 0 0 0 0 0 0 ' ,100 ,1 ,9, 1
198 ,229, 182, '126 140 136 165 104 118 80 94 ' ,'0 0 0 0 0 0 0 0 ' ,84 ,1 ,9, 1
161 ,187, 142, '128 103 125 108 61 82 95 76 ' ,'0 0 0 0 0 0 0 0 ' ,69 ,1 ,6, 1
156 ,151, 141, '117 125 109 117 74 80 88 83 ' ,'0 0 0 0 0 0 0 0 ' ,54 ,0 ,8, 1
190 ,149, 174, '116 125 128 157 78 97 82 81 ' ,'0 0 0 0 0 0 0 0 ' ,80 ,1 ,8, 1
157 ,182, 140, '116 117 110 116 82 82 91 118 ' ,'0 0 0 0 0 0 0 0 ' ,39 ,0 ,15, 0
169 ,146, 153, '126 130 105 133 70 94 72 88 ' ,'0 0 0 0 0 0 0 0 ' ,64 ,1 ,12, 1
164 ,157, 147, '109 117 130 100 85 82 82 86 ' ,'0 0 0 0 0 0 0 0 ' ,51 ,1 ,9, 0
166 ,156, 150, '117 117 134 110 58 88 93 66 ' ,'0 0 0 0 0 0 0 0 ' ,79 ,1 ,6, 1
182 ,161, 164, '133 108 94 106 79 70 99 68 ' ,'0 0 0 0 0 0 0 0 ' ,66 ,1 ,24, 1
159 ,194, 138, '102 101 110 122 65 82 75 79 ' ,'0 0 0 0 0 0 0 0 ' ,51 ,1 ,10, 1
168 ,183, 147, '118 128 119 115 72 92 122 88 ' ,'0 0 0 0 0 0 0 0 ' ,51 ,1 ,11, 1
163 ,163, 144, '106 127 83 107 66 75 78 85 ' ,'0 0 0 0 0 0 0 0 ' ,57 ,0 ,4, 1
232 ,156, 213, '189 127 161 170 182 148 142 122 ' ,'0 0 0 0 0 0 0 0 ' ,70 ,1 ,16, 1
265 ,224, 243, '186 198 186 199 92 144 106 155 ' ,'0 0 0 0 0 0 0 0 ' ,102 ,0 ,34, 1
344 ,256, 324, '213 306 241 224 145 118 190 227 ' ,'0 0 0 0 0 0 0 0 ' ,191 ,1 ,9, 1
253 ,343, 233, '204 196 175 151 97 142 73 89 ' ,'0 0 0 0 0 0 0 0 ' ,141 ,3 ,9, 1
441 ,250, 420, '161 273 190 129 161 127 152 104 ' ,'0 0 0 0 0 0 0 0 ' ,176 ,1 ,135, 1
301 ,433, 281, '241 167 157 138 140 123 104 78 ' ,'0 0 0 0 0 0 0 0 ' ,166 ,1 ,31, 1
196 ,292, 178, '124 146 159 128 98 99 82 98 ' ,'0 0 0 0 0 0 0 0 ' ,79 ,1 ,6, 1
207 ,192, 188, '171 137 140 111 67 97 114 72 ' ,'0 0 0 0 0 0 0 0 ' ,102 ,1 ,8, 1
184 ,198, 165, '122 138 148 106 91 115 99 99 ' ,'0 0 0 0 0 0 0 0 ' ,51 ,1 ,9, 1
203 ,171, 184, '156 122 146 170 65 82 63 88 ' ,'0 0 0 0 0 0 0 0 ' ,108 ,1 ,6, 1
153 ,198, 132, '111 98 111 118 60 111 71 77 ' ,'0 0 0 0 0 0 0 0 ' ,49 ,0 ,6, 0
244 ,146, 220, '131 137 119 147 114 84 86 81 ' ,'0 0 0 0 0 0 172 110 ' ,121 ,1 ,9, 1
282 ,375, 262, '156 158 243 151 100 113 97 108 ' ,'0 0 0 0 0 0 0 0 ' ,146 ,1 ,9, 1
284 ,281, 264, '170 209 246 167 110 119 172 142 ' ,'0 0 0 0 0 0 0 0 ' ,131 ,1 ,10, 1
247 ,272, 228, '215 147 189 201 96 100 127 116 ' ,'0 0 0 0 0 0 0 0 ' ,119 ,1 ,3, 0
329 ,243, 315, '163 214 173 299 110 108 92 130 ' ,'0 0 0 0 0 0 0 0 ' ,208 ,1 ,9, 2
331 ,332, 313, '297 237 244 159 125 117 133 124 ' ,'0 0 0 0 0 0 0 0 ' ,183 ,0 ,8, 1
290 ,323, 276, '215 170 260 241 116 147 157 105 ' ,'0 0 0 0 0 0 0 0 ' ,155 ,1 ,4, 2
397 ,291, 377, '201 360 188 156 126 133 163 157 ' ,'0 0 0 0 0 0 0 0 ' ,230 ,1 ,9, 2
209 ,388, 187, '163 165 161 165 151 108 83 101 ' ,'0 0 0 0 0 0 0 0 ' ,87 ,1 ,11, 1
190 ,196, 169, '151 144 137 127 116 119 78 83 ' ,'0 0 0 0 144 0 0 0 ' ,76 ,0 ,9, 1
205 ,187, 189, '129 152 148 170 101 102 107 104 ' ,'0 0 0 0 0 0 0 0 ' ,70 ,1 ,11, 1
182 ,199, 163, '119 142 135 112 115 124 92 96 ' ,'0 0 0 0 0 0 0 0 ' ,52 ,1 ,14, 1
187 ,170, 167, '149 133 133 130 98 91 74 89 ' ,'0 0 0 0 0 0 0 0 ' ,77 ,1 ,10, 1
183 ,180, 160, '128 143 97 127 70 83 80 77 ' ,'0 0 0 0 0 0 0 0 ' ,68 ,1 ,9, 0
168 ,171, 148, '105 114 130 125 79 74 79 84 ' ,'0 0 0 0 0 0 0 0 ' ,59 ,1 ,9, 0
159 ,158, 139, '127 111 125 106 70 70 94 85 ' ,'0 0 0 0 0 0 0 0 ' ,60 ,1 ,3, 0
166 ,156, 146, '107 129 114 125 69 64 69 101 ' ,'0 0 0 0 0 0 0 0 ' ,71 ,0 ,7, 1
180 ,161, 161, '144 128 126 133 95 97 80 83 ' ,'0 0 0 0 0 0 0 0 ' ,67 ,1 ,9, 1
205 ,171, 185, '167 147 122 163 101 104 120 105 ' ,'0 0 0 0 0 0 0 0 ' ,67 ,1 ,9, 1
285 ,210, 265, '243 160 181 167 164 123 104 170 ' ,'0 0 0 0 0 0 0 0 ' ,141 ,1 ,10, 1
300 ,271, 280, '263 179 182 194 151 128 127 123 ' ,'0 0 0 0 0 0 0 0 ' ,137 ,1 ,9, 1
233 ,288, 215, '193 178 136 161 143 109 96 113 ' ,'0 0 0 0 0 0 0 0 ' ,98 ,1 ,11, 0
253 ,227, 234, '146 217 179 135 116 139 95 109 ' ,'0 0 0 0 0 0 0 0 ' ,124 ,1 ,9, 1
268 ,243, 249, '220 232 230 167 121 209 129 126 ' ,'0 0 0 0 0 0 0 0 ' ,111 ,1 ,7, 1
259 ,260, 238, '204 202 219 167 145 114 139 104 ' ,'0 0 0 0 0 0 0 0 ' ,120 ,1 ,10, 1
276 ,258, 250, '221 234 191 198 109 130 102 148 ' ,'0 0 0 0 0 0 0 0 ' ,134 ,1 ,7, 0
248 ,269, 228, '180 162 149 211 116 108 125 146 ' ,'0 0 0 0 0 0 0 0 ' ,104 ,1 ,9, 1
228 ,242, 207, '188 149 162 177 120 85 129 109 ' ,'0 0 0 0 0 0 0 0 ' ,106 ,1 ,9, 1
188 ,220, 169, '134 148 134 126 108 110 91 119 ' ,'0 0 0 0 0 0 0 0 ' ,58 ,1 ,13, 1
215 ,181, 193, '174 112 164 173 111 108 117 111 ' ,'0 0 0 0 0 0 0 0 ' ,70 ,1 ,11, 0
178 ,206, 159, '131 127 129 140 82 84 73 76 ' ,'0 0 0 0 0 0 0 0 ' ,68 ,1 ,11, 1
198 ,170, 177, '159 128 133 149 85 100 98 102 ' ,'0 0 0 0 0 0 0 0 ' ,67 ,1 ,8, 1
172 ,197, 155, '132 119 124 141 77 98 74 94 ' ,'0 0 0 0 0 0 0 0 ' ,65 ,0 ,7, 1
178 ,166, 159, '144 121 116 119 79 71 70 88 ' ,'0 0 0 0 0 0 0 0 ' ,75 ,1 ,9, 1
