241 ,0, 147, '44 45 34 43 44 35 26 24 38 35 36 31 26 26 21 59 ' ,'0 0 0 0 0 0 0 0 0 0 0 0 0 0 0 0 ' ,64 ,6 ,20, 20
903 ,174, 653, '328 251 283 307 408 384 324 291 331 416 380 339 299 238 327 319 ' ,'0 0 0 0 0 0 0 0 0 0 0 0 0 0 0 0 ' ,338 ,3 ,68, 4
1011 ,1227, 500, '205 264 239 234 244 256 129 275 217 232 304 224 124 459 220 202 ' ,'0 0 0 0 0 0 0 0 0 0 0 0 0 0 0 0 ' ,340 ,1 ,24, 8
348 ,1073, 325, '202 270 213 172 221 195 232 198 184 214 172 165 162 173 207 167 ' ,'0 0 0 0 0 0 0 0 0 0 0 0 0 0 0 0 ' ,115 ,2 ,36, 7
375 ,422, 351, '206 154 164 256 172 181 176 175 168 145 178 204 109 117 148 161 ' ,'0 0 0 0 0 0 0 0 0 0 0 0 0 0 0 0 ' ,141 ,3 ,69, 1
484 ,411, 450, '198 198 156 242 387 190 176 235 225 212 240 192 152 152 145 152 ' ,'0 0 0 0 0 0 0 0 0 0 0 0 0 0 0 0 ' ,245 ,2 ,58, 1
292 ,472, 261, '220 225 163 150 189 184 168 187 164 216 190 167 116 166 150 139 ' ,'0 0 0 0 0 0 0 0 0 0 0 0 0 0 0 0 ' ,119 ,4 ,20, 2
418 ,282, 390, '168 299 182 273 228 221 213 188 231 191 246 163 193 115 174 176 ' ,'0 0 0 0 0 0 0 0 0 0 0 0 0 0 0 0 ' ,186 ,3 ,80, 1
396 ,433, 372, '291 197 235 212 207 162 140 191 193 201 196 191 139 132 125 142 ' ,'0 0 0 0 0 0 0 0 0 0 0 0 0 0 0 0 ' ,179 ,4 ,58, 1
224 ,413, 198, '172 174 189 155 164 181 131 170 164 171 182 140 134 124 115 156 ' ,'0 0 0 0 0 0 0 0 0 0 0 0 0 0 0 0 ' ,77 ,1 ,6, 0
294 ,251, 270, '176 212 177 203 163 175 172 179 204 165 247 167 123 128 124 147 ' ,'0 0 0 0 0 0 0 0 0 0 0 0 0 0 0 0 ' ,131 ,3 ,9, 1
263 ,287, 246, '156 178 164 157 159 180 167 181 185 191 226 163 118 139 157 145 ' ,'0 0 0 0 0 0 0 0 0 0 0 0 0 0 0 0 ' ,112 ,4 ,8, 1
364 ,259, 338, '280 236 229 240 274 240 219 220 141 257 177 207 113 218 150 243 ' ,'0 0 0 0 0 0 0 0 0 0 0 0 0 0 0 0 ' ,167 ,3 ,44, 1
319 ,386, 286, '173 215 202 196 203 212 186 206 264 211 231 219 142 137 180 130 ' ,'0 0 0 0 0 0 0 0 0 0 0 0 0 0 0 0 ' ,147 ,3 ,9, 1
278 ,306, 245, '226 189 189 184 227 232 180 184 232 212 227 222 176 178 164 178 ' ,'0 0 0 0 0 0 0 0 0 0 0 0 0 0 0 0 ' ,65 ,2 ,8, 1
278 ,267, 245, '210 188 148 180 208 192 167 153 192 178 164 151 140 153 153 151 ' ,'0 0 0 0 0 0 0 0 0 0 0 0 0 0 0 0 ' ,76 ,4 ,7, 5
250 ,262, 221, '182 171 180 146 207 208 169 198 201 185 207 203 123 170 148 182 ' ,'0 0 0 0 0 0 0 0 0 0 0 0 0 0 0 0 ' ,90 ,2 ,1, 1
419 ,245, 394, '304 207 220 214 203 210 238 230 234 335 374 210 153 184 140 214 ' ,'0 0 0 0 0 0 0 0 0 0 0 0 0 0 0 0 ' ,233 ,2 ,8, 1
291 ,434, 266, '205 229 197 254 248 234 184 201 206 237 202 181 164 142 184 148 ' ,'0 0 0 0 0 0 0 0 0 0 0 0 0 0 0 0 ' ,115 ,1 ,3, 2
255 ,281, 230, '208 199 151 134 200 192 194 202 188 164 215 179 131 129 161 184 ' ,'0 0 0 0 0 0 0 0 0 0 0 0 0 0 0 0 ' ,93 ,1 ,2, 2
263 ,277, 234, '172 183 196 161 186 190 173 181 170 150 223 183 125 145 146 147 ' ,'0 0 0 0 0 0 0 0 0 0 0 0 0 0 0 0 ' ,95 ,1 ,7, 2
325 ,251, 304, '245 177 186 174 287 203 202 198 239 218 186 179 157 153 126 148 ' ,'0 0 0 0 0 0 0 0 0 0 0 0 0 0 0 0 ' ,159 ,2 ,3, 1
404 ,363, 375, '229 366 192 150 199 225 180 212 236 198 202 193 130 253 209 134 ' ,'0 0 0 0 0 0 0 0 0 0 0 0 0 0 0 0 ' ,235 ,1 ,4, 1
380 ,399, 342, '335 186 194 168 214 232 125 194 228 231 163 176 133 144 124 139 ' ,'0 0 0 0 0 0 0 0 0 0 0 0 0 0 0 0 ' ,210 ,1 ,2, 1
291 ,366, 261, '242 249 209 180 184 185 184 169 169 167 215 159 151 140 121 141 ' ,'0 0 0 0 0 0 0 0 0 0 0 0 0 0 0 0 ' ,125 ,1 ,8, 2
281 ,277, 253, '196 183 179 173 188 174 188 173 145 165 225 192 139 124 117 114 ' ,'0 0 0 0 0 0 0 0 0 0 0 0 0 0 0 0 ' ,119 ,2 ,17, 1
278 ,269, 254, '157 183 184 174 204 174 204 174 227 169 190 160 118 119 161 129 ' ,'0 0 0 0 0 0 0 0 0 0 0 0 0 0 0 0 ' ,116 ,5 ,1, 1
444 ,300, 420, '210 197 356 211 166 200 216 168 203 187 244 228 134 147 133 135 ' ,'0 0 0 0 0 0 0 0 0 0 0 0 0 0 0 0 ' ,227 ,2 ,57, 0
241 ,433, 217, '162 203 172 162 182 188 163 194 171 149 149 178 129 129 126 155 ' ,'0 0 0 0 0 0 0 0 0 0 0 0 0 0 0 0 ' ,80 ,1 ,9, 1
226 ,251, 204, '183 182 169 152 126 151 150 162 184 167 194 141 146 146 125 105 ' ,'0 0 0 0 0 0 0 0 0 0 0 0 0 0 0 0 ' ,94 ,1 ,6, 1
245 ,216, 218, '176 193 194 162 195 198 171 148 203 187 149 171 111 136 142 127 ' ,'0 0 0 0 0 0 0 0 0 0 0 0 0 0 0 0 ' ,93 ,1 ,3, 1
6657 ,232, 268, '225 251 223 185 246 198 196 204 186 201 220 182 171 125 207 170 ' ,'0 0 0 0 0 0 0 0 0 0 0 0 0 0 0 0 ' ,131 ,2 ,6, 2
366 ,301, 339, '207 165 191 252 134 171 152 244 213 212 157 232 144 138 302 212 ' ,'0 0 0 0 0 0 0 0 0 0 0 0 0 0 0 0 ' ,170 ,2 ,23, 1
555 ,406, 527, '182 178 165 169 503 155 147 139 206 182 146 156 142 128 180 142 ' ,'0 0 0 0 0 0 0 0 0 0 0 0 0 0 0 0 ' ,379 ,2 ,11, 2
247 ,541, 226, '147 146 173 154 182 170 184 168 142 189 154 181 97 147 130 110 ' ,'0 0 0 0 0 0 0 0 0 0 0 0 0 0 0 0 ' ,112 ,1 ,7, 2
284 ,232, 257, '211 246 226 176 195 192 165 209 215 217 165 204 172 170 146 146 ' ,'0 0 0 0 0 0 0 0 0 0 0 0 0 0 0 0 ' ,103 ,2 ,7, 1
318 ,277, 293, '187 262 226 251 203 279 190 163 193 226 230 206 170 125 195 159 ' ,'0 0 0 0 0 0 0 0 0 0 0 0 0 0 0 0 ' ,157 ,2 ,3, 2
314 ,370, 288, '241 193 198 209 174 273 209 240 178 192 160 171 117 108 147 142 ' ,'0 0 0 0 0 0 0 0 0 0 0 0 0 0 0 0 ' ,167 ,1 ,7, 1
240 ,319, 222, '146 209 177 170 162 179 179 130 181 174 178 172 148 118 168 135 ' ,'0 0 0 0 0 0 0 0 0 0 0 0 0 0 0 0 ' ,94 ,2 ,5, 1
360 ,232, 339, '204 219 199 242 223 195 170 214 213 231 318 236 180 162 207 174 ' ,'0 0 0 0 0 0 0 0 0 0 0 0 0 0 0 0 ' ,161 ,1 ,9, 1
340 ,354, 322, '281 265 220 250 206 192 186 261 272 162 192 225 164 205 188 167 ' ,'0 0 0 0 0 0 0 0 0 0 0 0 0 0 0 0 ' ,119 ,1 ,33, 1
498 ,329, 475, '237 200 188 439 177 196 342 190 171 170 144 175 139 259 238 165 ' ,'0 0 0 0 0 0 0 0 0 0 0 0 0 0 0 0 ' ,300 ,2 ,24, 1
256 ,497, 226, '156 164 156 160 199 162 192 162 199 183 154 178 113 147 132 130 ' ,'0 0 0 0 0 0 0 0 0 0 0 0 0 0 0 0 ' ,98 ,2 ,8, 1
355 ,242, 323, '222 216 196 183 186 197 218 185 190 285 270 203 145 147 165 150 ' ,'0 0 0 0 0 0 0 0 0 0 0 0 0 0 0 0 ' ,163 ,2 ,14, 2
691 ,358, 658, '648 188 180 247 221 235 211 215 240 212 185 261 172 166 204 139 ' ,'0 0 0 0 0 0 0 0 0 0 0 0 0 0 0 0 ' ,508 ,2 ,8, 1
290 ,697, 263, '186 193 248 186 216 200 184 191 221 230 207 201 142 144 164 168 ' ,'0 0 0 0 0 0 0 0 0 0 0 0 0 0 0 0 ' ,104 ,1 ,8, 2
254 ,274, 227, '147 183 194 171 196 188 176 177 157 183 165 191 116 140 171 141 ' ,'0 0 0 0 0 0 0 0 0 0 0 0 0 0 0 0 ' ,97 ,2 ,4, 1
287 ,241, 258, '189 176 194 196 226 177 160 203 184 195 182 194 121 189 170 130 ' ,'0 0 0 0 0 0 0 0 0 0 0 0 0 0 0 0 ' ,123 ,2 ,6, 1
298 ,270, 269, '192 237 216 171 219 236 187 161 164 190 216 248 151 177 162 145 ' ,'0 0 0 0 0 0 0 0 0 0 0 0 0 0 0 0 ' ,111 ,1 ,11, 1
271 ,290, 244, '191 157 232 200 182 170 179 174 213 166 169 158 134 127 193 145 ' ,'0 0 0 0 0 0 0 0 0 0 0 0 0 0 0 0 ' ,105 ,0 ,8, 2
297 ,260, 266, '209 221 195 216 209 199 189 227 185 240 193 181 120 193 116 152 ' ,'0 0 0 0 0 0 0 0 0 0 0 0 0 0 0 0 ' ,133 ,1 ,8, 1
296 ,283, 269, '187 258 185 177 204 177 199 173 189 186 200 225 138 156 124 167 ' ,'0 0 0 0 0 0 0 0 0 0 0 0 0 0 0 0 ' ,125 ,2 ,4, 0
256 ,289, 231, '204 205 165 167 202 186 195 160 172 177 165 180 178 137 135 159 ' ,'0 0 0 0 0 0 0 0 0 0 0 0 0 0 0 0 ' ,79 ,1 ,8, 2
290 ,268, 267, '256 229 211 242 235 155 215 223 200 202 208 221 146 145 227 191 ' ,'0 0 0 0 0 0 0 0 0 0 0 0 0 0 0 0 ' ,110 ,1 ,5, 1
350 ,303, 324, '215 225 228 234 273 312 179 205 189 214 236 304 179 155 199 192 ' ,'0 0 0 0 0 0 0 0 0 0 0 0 0 0 0 0 ' ,158 ,0 ,7, 1
271 ,391, 242, '214 191 231 220 174 180 179 170 178 190 197 160 146 137 168 143 ' ,'0 0 0 0 0 0 0 0 0 0 0 0 0 0 0 0 ' ,94 ,1 ,4, 1
274 ,257, 246, '206 231 187 180 151 168 171 196 189 183 211 168 151 130 170 162 ' ,'0 0 0 0 0 0 0 0 0 0 0 0 0 0 0 0 ' ,103 ,1 ,7, 1
261 ,263, 237, '202 190 209 171 197 172 177 188 171 215 199 167 147 153 154 143 ' ,'0 0 0 0 0 0 0 0 0 0 0 0 0 0 0 0 ' ,81 ,3 ,8, 1
356 ,251, 338, '194 211 201 189 226 315 264 199 301 212 168 193 157 152 128 165 ' ,'0 0 0 0 0 0 0 0 0 0 0 0 0 0 0 0 ' ,192 ,1 ,12, 0
271 ,346, 250, '225 212 185 192 199 235 190 153 212 224 213 144 122 158 172 131 ' ,'0 0 0 0 0 0 0 0 0 0 0 0 0 0 0 0 ' ,113 ,1 ,5, 1
1265 ,261, 1242, '309 153 355 162 249 264 199 385 241 1213 234 236 160 166 239 175 ' ,'0 0 0 0 0 0 0 0 0 0 0 0 0 0 0 0 ' ,1075 ,1 ,6, 1
591 ,1255, 352, '232 186 318 183 222 249 192 254 161 233 234 220 144 111 111 193 ' ,'0 0 0 0 0 0 0 0 0 0 0 0 0 0 0 0 ' ,200 ,1 ,25, 1
280 ,406, 247, '201 224 187 187 224 234 191 197 225 206 206 207 122 135 146 152 ' ,'0 0 0 0 0 0 0 0 0 0 0 0 0 0 0 0 ' ,115 ,2 ,5, 1
287 ,285, 255, '145 199 160 177 227 200 172 173 189 188 210 204 106 125 137 144 ' ,'0 0 0 0 0 0 0 0 0 0 0 0 0 0 0 0 ' ,128 ,0 ,7, 1
327 ,319, 297, '186 226 196 174 220 200 220 218 211 181 179 227 158 152 163 149 ' ,'0 0 0 0 0 0 0 0 0 0 0 0 0 0 0 0 ' ,129 ,42 ,19, 1
316 ,335, 287, '263 186 210 218 211 210 187 216 186 197 221 209 144 156 122 159 ' ,'0 0 0 0 0 0 0 0 0 0 0 0 0 0 0 0 ' ,139 ,1 ,11, 2
624 ,309, 598, '233 219 245 218 332 242 249 240 241 204 266 210 153 155 228 576 ' ,'0 0 0 0 0 0 0 0 0 0 0 0 0 0 0 0 ' ,422 ,2 ,2, 1
461 ,642, 438, '166 193 257 179 180 183 179 174 148 410 234 156 162 175 137 147 ' ,'0 0 0 0 0 0 0 0 0 0 0 0 0 0 0 0 ' ,281 ,1 ,8, 2
268 ,458, 241, '189 222 160 199 171 183 148 156 178 151 209 166 131 147 121 131 ' ,'0 0 0 0 0 0 0 0 0 0 0 0 0 0 0 0 ' ,94 ,1 ,12, 2
364 ,263, 343, '171 193 212 192 248 238 178 171 197 253 234 182 142 123 111 126 ' ,'0 0 0 0 0 0 0 0 0 0 0 0 0 0 0 0 ' ,205 ,26 ,8, 1
1571 ,366, 1544, '210 225 259 238 1521 268 217 225 251 193 178 158 166 132 166 147 ' ,'0 0 0 0 0 0 0 0 0 0 0 0 0 0 0 0 ' ,1403 ,1 ,1, 0
1427 ,1565, 265, '199 250 242 198 246 204 182 219 192 171 166 204 128 131 163 148 ' ,'0 0 0 0 0 0 0 0 0 0 0 0 0 0 0 0 ' ,123 ,1 ,7, 1
240 ,292, 223, '198 164 191 178 202 179 169 197 171 169 188 179 112 121 167 149 ' ,'0 0 0 0 0 0 0 0 0 0 0 0 0 0 0 0 ' ,90 ,2 ,13, 1
252 ,254, 231, '141 170 157 171 164 165 161 141 144 142 154 213 126 120 122 123 ' ,'0 0 0 0 0 0 0 0 0 0 0 0 0 0 0 0 ' ,99 ,2 ,7, 1
237 ,245, 222, '182 154 164 150 188 206 157 184 181 150 173 157 130 140 141 111 ' ,'0 0 0 0 0 0 0 0 0 0 0 0 0 0 0 0 ' ,97 ,1 ,4, 1
253 ,229, 229, '189 169 175 190 202 169 191 191 175 185 183 179 158 111 169 122 ' ,'0 0 0 0 0 0 0 0 0 0 0 0 0 0 0 0 ' ,105 ,2 ,6, 1
353 ,252, 330, '183 204 175 172 158 211 176 193 202 303 176 210 140 143 147 115 ' ,'0 0 0 0 0 0 0 0 0 0 0 0 0 0 0 0 ' ,203 ,2 ,3, 0
293 ,348, 269, '167 201 227 188 213 243 226 216 223 235 196 159 138 181 127 194 ' ,'0 0 0 0 0 0 0 0 0 0 0 0 0 0 0 0 ' ,112 ,1 ,6, 1
308 ,290, 284, '234 200 260 203 224 224 227 199 216 211 189 234 132 166 225 169 ' ,'0 0 0 0 0 0 0 0 0 0 0 0 0 0 0 0 ' ,129 ,1 ,12, 1
303 ,308, 278, '203 228 192 224 254 209 189 225 211 207 207 243 139 187 141 157 ' ,'0 0 0 0 0 0 0 0 0 0 0 0 0 0 0 0 ' ,125 ,1 ,6, 0
267 ,302, 244, '216 225 194 215 206 170 203 214 208 159 173 216 127 114 203 143 ' ,'0 0 0 0 0 0 0 0 0 0 0 0 0 0 0 0 ' ,113 ,2 ,11, 1
352 ,277, 324, '223 216 250 264 244 189 239 286 242 199 187 302 104 149 161 166 ' ,'0 0 0 0 0 0 0 0 0 0 0 0 0 0 0 0 ' ,202 ,2 ,9, 1
252 ,348, 225, '177 195 154 181 197 152 157 205 162 176 194 142 125 155 114 129 ' ,'0 0 0 0 0 0 0 0 0 0 0 0 0 0 0 0 ' ,84 ,1 ,8, 0
242 ,251, 218, '168 150 136 203 191 172 157 196 179 161 160 134 127 135 117 120 ' ,'0 0 0 0 0 0 0 0 0 0 0 0 0 0 0 0 ' ,88 ,1 ,5, 1
225 ,242, 203, '149 184 158 132 157 159 136 129 151 141 150 118 114 121 103 136 ' ,'0 0 0 0 0 0 0 0 0 0 0 0 0 0 0 0 ' ,70 ,1 ,6, 1
226 ,225, 194, '173 148 152 147 148 159 149 167 156 166 165 135 123 118 127 129 ' ,'0 0 0 0 0 0 0 0 0 0 0 0 0 0 0 0 ' ,61 ,1 ,9, 0
400 ,219, 377, '160 186 169 180 165 127 168 167 130 157 195 152 110 109 119 131 ' ,'0 0 0 0 0 0 0 0 0 0 0 0 0 0 0 0 ' ,88 ,1 ,172, 1
232 ,393, 207, '164 160 181 183 162 171 150 159 165 172 150 188 114 118 99 114 ' ,'0 0 0 0 0 0 0 0 0 0 0 0 0 0 0 0 ' ,80 ,1 ,4, 1
231 ,230, 202, '147 163 154 139 156 154 188 158 146 141 172 154 126 112 129 123 ' ,'0 0 0 0 0 0 0 0 0 0 0 0 0 0 0 0 ' ,77 ,0 ,8, 0
222 ,222, 196, '174 159 159 152 135 139 134 154 124 162 141 172 136 111 148 108 ' ,'0 0 0 0 0 0 0 0 0 0 0 0 0 0 0 0 ' ,75 ,1 ,7, 1
242 ,218, 216, '149 168 177 180 171 163 179 164 170 180 146 162 124 133 133 125 ' ,'0 0 0 0 0 0 0 0 0 0 0 0 0 0 0 0 ' ,71 ,2 ,13, 1
306 ,235, 287, '211 206 182 266 194 194 199 276 209 224 196 188 176 159 192 179 ' ,'0 0 0 0 0 0 0 0 0 0 0 0 0 0 0 0 ' ,118 ,0 ,2, 1
270 ,298, 243, '198 197 232 222 203 197 172 213 186 191 177 220 154 168 148 157 ' ,'0 0 0 0 0 0 0 0 0 0 0 0 0 0 0 0 ' ,87 ,2 ,9, 2
267 ,276, 233, '197 215 194 213 200 180 191 160 213 195 166 189 171 122 141 127 ' ,'0 0 0 0 0 0 0 0 0 0 0 0 0 0 0 0 ' ,106 ,1 ,12, 1
3042 ,257, 2184, '216 256 205 199 287 208 206 181 202 299 224 208 118 131 175 174 ' ,'0 0 0 0 0 0 0 0 0 0 0 0 0 0 0 0 ' ,2050 ,374 ,9, 1
7847 ,15814, 327, '202 188 153 168 150 189 134 203 202 115 134 153 165 114 154 142 ' ,'0 0 0 0 0 0 0 0 0 0 0 0 0 0 0 0 ' ,135 ,44 ,71, 1
371 ,397, 345, '136 270 180 178 132 240 140 126 233 171 316 217 124 91 119 197 ' ,'0 0 0 0 0 0 0 0 0 0 0 0 0 0 0 0 ' ,228 ,1 ,16, 1
356 ,468, 323, '298 239 237 247 240 246 238 220 227 260 219 263 228 217 199 210 ' ,'0 0 0 0 0 0 0 0 0 0 0 0 0 0 0 0 ' ,96 ,1 ,19, 1
318 ,343, 285, '195 263 185 192 252 240 179 192 223 225 215 187 139 172 171 142 ' ,'0 0 0 0 0 0 0 0 0 0 0 0 0 0 0 0 ' ,131 ,1 ,13, 1
285 ,332, 257, '207 179 196 208 191 165 182 185 184 229 222 189 124 150 149 151 ' ,'0 0 0 0 0 0 0 0 0 0 0 0 0 0 0 0 ' ,109 ,1 ,7, 1
242 ,271, 216, '193 191 159 165 171 169 192 170 181 169 175 173 133 111 142 152 ' ,'0 0 0 0 0 0 0 0 0 0 0 0 0 0 0 0 ' ,85 ,1 ,8, 1
263 ,232, 235, '204 169 200 155 193 172 145 152 161 172 194 200 127 135 137 144 ' ,'0 0 0 0 0 0 0 0 0 0 0 0 0 0 0 0 ' ,77 ,1 ,14, 1
249 ,253, 222, '183 162 167 147 179 174 140 163 148 174 137 145 122 106 117 151 ' ,'0 0 0 0 0 0 0 0 0 0 0 0 0 0 0 0 ' ,86 ,1 ,20, 2
249 ,231, 222, '171 174 166 184 161 157 159 194 152 156 167 191 137 158 119 143 ' ,'0 0 0 0 0 0 0 0 0 0 0 0 0 0 0 0 ' ,63 ,1 ,15, 1
220 ,233, 193, '140 130 175 144 124 157 167 147 141 142 159 152 115 123 102 125 ' ,'0 0 0 0 0 0 0 0 0 0 0 0 0 0 0 0 ' ,58 ,1 ,6, 1
284 ,213, 253, '192 169 185 185 174 157 231 174 180 197 228 214 185 135 147 159 ' ,'0 0 0 0 0 0 0 0 0 0 0 0 0 0 0 0 ' ,104 ,1 ,6, 1
361 ,275, 337, '178 190 197 176 250 195 230 187 213 187 251 177 147 140 187 259 ' ,'0 0 0 0 0 0 0 0 0 0 0 0 0 0 0 0 ' ,124 ,1 ,67, 1
286 ,345, 265, '224 189 199 182 198 213 205 189 191 170 250 210 120 153 144 135 ' ,'0 0 0 0 0 0 0 0 0 0 0 0 0 0 0 0 ' ,130 ,1 ,1, 1
355 ,284, 325, '264 223 242 310 210 250 246 248 241 217 282 312 154 181 200 207 ' ,'0 0 0 0 0 0 0 0 0 0 0 0 0 0 0 0 ' ,160 ,0 ,2, 1
322 ,356, 304, '209 220 227 225 204 220 207 255 284 213 201 206 157 174 163 222 ' ,'0 0 0 0 0 0 0 0 0 0 0 0 0 0 0 0 ' ,131 ,1 ,3, 1
308 ,344, 291, '199 210 196 193 180 225 239 271 262 187 194 210 144 182 213 179 ' ,'0 0 0 0 0 0 0 0 0 0 0 0 0 0 0 0 ' ,126 ,1 ,10, 2
421 ,298, 400, '205 289 242 345 290 256 318 236 267 275 242 335 162 175 167 184 ' ,'0 0 0 0 0 0 0 0 0 0 0 0 0 0 0 0 ' ,184 ,1 ,45, 1
317 ,410, 293, '217 231 229 238 237 242 218 220 202 242 266 275 185 158 135 169 ' ,'0 0 0 0 0 0 0 0 0 0 0 0 0 0 0 0 ' ,134 ,1 ,1, 1
462 ,313, 441, '221 224 232 207 200 192 211 423 207 249 222 174 122 195 120 151 ' ,'0 0 0 0 0 0 0 0 0 0 0 0 0 0 0 0 ' ,299 ,1 ,7, 2
330 ,464, 303, '205 208 179 188 271 201 215 190 200 226 200 171 130 163 161 143 ' ,'0 0 0 0 0 0 0 0 0 0 0 0 0 0 0 0 ' ,154 ,1 ,13, 1
248 ,319, 224, '196 209 176 162 177 155 198 153 168 194 181 168 121 107 150 163 ' ,'0 0 0 0 0 0 0 0 0 0 0 0 0 0 0 0 ' ,103 ,1 ,3, 1
485 ,248, 230, '195 177 160 180 206 155 183 187 164 199 185 177 129 170 160 118 ' ,'0 0 0 0 0 0 0 0 0 0 0 0 0 0 0 0 ' ,105 ,1 ,10, 1
251 ,260, 219, '159 178 185 161 177 177 180 164 157 186 184 186 136 136 134 124 ' ,'0 0 0 0 0 0 0 0 0 0 0 0 0 0 0 0 ' ,87 ,1 ,0, 0
285 ,249, 264, '198 175 193 170 207 178 170 214 243 220 213 195 145 130 146 137 ' ,'0 0 0 0 0 0 0 0 0 0 0 0 0 0 0 0 ' ,115 ,1 ,13, 1
538 ,288, 509, '254 197 189 193 207 222 239 201 492 373 199 392 158 207 193 182 ' ,'0 0 0 0 0 0 0 0 0 0 0 0 0 0 0 0 ' ,337 ,1 ,6, 1
571 ,683, 552, '243 196 195 198 214 251 211 225 154 274 217 216 537 156 166 166 ' ,'0 0 0 0 0 0 0 0 0 0 0 0 0 0 0 0 ' ,386 ,1 ,5, 1
1947 ,575, 1924, '160 228 220 235 1354 178 197 196 233 231 270 177 138 125 170 120 ' ,'0 0 0 0 0 0 0 0 0 0 0 0 0 0 0 0 ' ,1783 ,1 ,15, 1
350 ,1946, 319, '216 176 258 220 206 293 247 200 222 235 211 263 157 173 242 106 ' ,'0 0 0 0 0 0 0 0 0 0 0 0 0 0 0 0 ' ,193 ,1 ,15, 0
554 ,342, 532, '518 243 232 242 178 230 230 201 255 183 240 218 164 272 190 142 ' ,'0 0 0 0 0 0 0 0 0 0 0 0 0 0 0 0 ' ,378 ,1 ,7, 1
312 ,555, 292, '262 272 236 243 261 247 255 215 214 239 254 228 197 196 192 169 ' ,'0 0 0 0 0 0 0 0 0 0 0 0 0 0 0 0 ' ,112 ,1 ,2, 1
353 ,318, 336, '312 262 242 270 291 245 222 241 298 261 293 317 212 187 178 198 ' ,'0 0 0 0 0 0 0 0 0 0 0 0 0 0 0 0 ' ,143 ,1 ,1, 1
317 ,351, 297, '266 209 248 241 231 228 232 229 235 223 270 249 147 147 147 218 ' ,'0 0 0 0 0 0 0 0 0 0 0 0 0 0 0 0 ' ,126 ,1 ,21, 2
277 ,306, 255, '185 210 229 186 238 187 182 182 208 209 207 183 158 156 137 161 ' ,'0 0 0 0 0 0 0 0 0 0 0 0 0 0 0 0 ' ,102 ,1 ,1, 1
282 ,274, 257, '195 217 173 160 208 168 239 201 172 201 171 178 124 147 127 118 ' ,'0 0 0 0 0 0 0 0 0 0 0 0 0 0 0 0 ' ,126 ,2 ,7, 0
284 ,289, 254, '233 208 190 192 197 215 166 212 177 200 193 177 122 114 152 144 ' ,'0 0 0 0 0 0 0 0 0 0 0 0 0 0 0 0 ' ,126 ,1 ,9, 0
370 ,283, 344, '262 266 213 212 193 220 193 223 208 301 230 175 153 185 200 147 ' ,'0 0 0 0 0 0 0 0 0 0 0 0 0 0 0 0 ' ,185 ,2 ,9, 2
274 ,374, 250, '193 193 202 186 189 232 205 162 187 189 180 175 129 119 130 133 ' ,'0 0 0 0 0 0 0 0 0 0 0 0 0 0 0 0 ' ,108 ,1 ,12, 1
297 ,272, 265, '191 171 150 180 190 167 155 200 166 236 155 194 132 131 154 109 ' ,'0 0 0 0 0 0 0 0 0 0 0 0 0 0 0 0 ' ,154 ,1 ,6, 2
256 ,306, 227, '177 167 170 184 182 169 154 162 174 196 141 175 122 124 131 134 ' ,'0 0 0 0 0 0 0 0 0 0 0 0 0 0 0 0 ' ,98 ,1 ,1, 1
332 ,253, 308, '233 241 186 231 277 240 219 210 157 234 290 270 170 170 180 155 ' ,'0 0 0 0 0 0 0 0 0 0 0 0 0 0 0 0 ' ,139 ,1 ,6, 1
558 ,377, 524, '234 261 218 228 492 238 203 187 233 226 247 240 164 165 162 155 ' ,'0 0 0 0 0 0 0 0 0 0 0 0 0 0 0 0 ' ,363 ,1 ,4, 1
294 ,559, 270, '214 197 187 237 207 177 231 196 205 224 223 203 140 152 150 192 ' ,'0 0 0 0 0 0 0 0 0 0 0 0 0 0 0 0 ' ,111 ,1 ,10, 1
297 ,297, 273, '170 178 200 231 245 244 186 214 185 188 216 226 158 156 145 161 ' ,'0 0 0 0 0 0 0 0 0 0 0 0 0 0 0 0 ' ,102 ,1 ,1, 1
387 ,303, 369, '205 248 213 242 201 226 208 180 344 204 214 221 166 196 171 150 ' ,'0 0 0 0 0 0 0 0 126 0 0 0 0 0 0 0 ' ,203 ,2 ,10, 2
326 ,384, 307, '228 217 237 292 220 200 212 231 235 230 214 233 165 199 167 174 ' ,'0 0 0 0 0 0 0 0 0 0 0 0 0 0 0 0 ' ,125 ,1 ,9, 1
326 ,324, 304, '213 197 230 236 286 244 249 246 229 244 263 248 133 210 143 198 ' ,'0 0 0 0 0 0 0 0 0 0 0 0 0 0 0 0 ' ,155 ,2 ,7, 1
296 ,483, 276, '195 257 221 200 222 187 182 208 199 216 205 230 131 160 159 132 ' ,'0 0 0 0 0 0 0 0 0 0 0 0 0 0 0 0 ' ,128 ,2 ,14, 2
259 ,286, 241, '220 224 202 212 201 195 209 185 186 207 203 192 102 137 123 168 ' ,'0 0 0 0 0 0 0 0 0 0 0 0 0 0 0 0 ' ,118 ,1 ,9, 2
285 ,256, 257, '199 182 202 228 189 160 196 146 209 191 197 147 129 159 127 159 ' ,'0 0 0 0 0 0 0 0 0 0 0 0 0 0 0 0 ' ,115 ,1 ,12, 1
320 ,276, 299, '282 196 211 214 144 227 156 176 165 205 174 179 127 172 178 120 ' ,'0 0 0 0 0 0 0 0 0 0 0 0 0 0 0 0 ' ,169 ,1 ,3, 1
233 ,330, 217, '167 135 186 173 149 160 168 148 176 156 163 164 136 118 122 146 ' ,'0 0 0 0 0 0 0 0 0 0 0 0 0 0 0 0 ' ,71 ,1 ,23, 1
270 ,229, 250, '178 182 198 205 209 179 171 187 225 181 192 225 135 141 156 127 ' ,'0 0 0 0 0 0 0 0 0 0 0 0 0 0 0 0 ' ,115 ,12 ,6, 1
283 ,268, 265, '225 197 197 191 186 203 197 236 228 186 248 225 152 125 142 140 ' ,'0 0 0 0 0 0 0 0 0 0 0 0 0 0 0 0 ' ,123 ,1 ,7, 1
258 ,279, 242, '189 167 188 202 171 220 180 165 171 195 176 205 136 135 139 144 ' ,'0 0 0 0 0 0 0 0 0 0 0 0 0 0 0 0 ' ,89 ,2 ,12, 2
288 ,255, 265, '191 175 207 208 200 206 195 198 185 184 232 198 137 135 153 147 ' ,'0 0 0 0 0 0 0 0 0 0 0 0 0 0 0 0 ' ,97 ,1 ,26, 1
286 ,294, 264, '225 215 233 215 203 224 243 207 229 204 232 215 183 165 140 185 ' ,'0 0 0 0 0 0 0 0 0 0 0 0 0 0 0 0 ' ,108 ,1 ,12, 1
290 ,474, 269, '166 212 218 194 225 215 213 196 239 231 206 202 124 150 139 178 ' ,'0 0 0 0 0 0 0 0 0 0 0 0 0 0 0 0 ' ,127 ,1 ,8, 1
268 ,289, 251, '205 199 207 190 198 198 218 193 212 218 223 181 168 165 140 191 ' ,'0 0 0 0 0 0 0 0 0 0 0 0 0 0 0 0 ' ,85 ,1 ,5, 1
276 ,274, 257, '202 235 229 184 209 173 196 192 211 199 192 192 200 183 153 174 ' ,'0 0 0 0 0 0 0 0 0 0 0 0 0 0 0 0 ' ,74 ,1 ,11, 1
339 ,276, 315, '229 239 239 244 272 248 244 235 267 278 222 234 115 203 194 129 ' ,'0 0 0 0 0 0 0 0 0 0 0 0 0 0 0 0 ' ,177 ,1 ,12, 2
398 ,351, 379, '222 356 298 210 214 195 200 208 224 213 236 194 152 171 167 209 ' ,'0 127 0 0 0 0 0 0 0 0 0 0 0 0 0 0 ' ,204 ,2 ,14, 2
478 ,400, 446, '177 180 216 214 186 187 173 221 207 200 251 175 160 146 157 158 ' ,'0 0 0 0 0 0 0 0 0 0 0 0 0 0 0 0 ' ,110 ,1 ,188, 1
236 ,462, 216, '191 175 175 183 181 184 188 170 156 165 163 162 147 120 131 132 ' ,'0 0 0 0 0 0 0 0 0 0 0 0 0 0 0 0 ' ,76 ,1 ,9, 1
239 ,233, 222, '158 149 165 202 173 181 141 187 120 186 178 168 150 136 131 134 ' ,'0 0 0 0 0 0 0 0 0 0 0 0 0 0 0 0 ' ,84 ,1 ,12, 2
254 ,239, 233, '187 183 172 161 203 192 176 178 188 180 168 188 137 102 122 156 ' ,'0 0 0 0 0 0 0 0 0 0 0 0 0 0 0 0 ' ,115 ,1 ,10, 2
280 ,253, 259, '185 171 152 164 221 140 194 172 181 160 204 184 114 123 154 114 ' ,'0 0 0 0 0 0 0 0 0 0 0 0 0 0 0 0 ' ,125 ,1 ,14, 1
417 ,278, 256, '174 148 159 179 183 141 144 198 177 168 180 232 113 139 145 121 ' ,'0 0 0 0 0 0 0 0 0 0 0 0 0 0 0 0 ' ,122 ,1 ,12, 1
249 ,405, 229, '194 168 165 158 151 158 173 192 159 152 170 211 128 140 141 115 ' ,'0 0 0 0 0 0 0 0 0 0 0 0 0 0 0 0 ' ,101 ,2 ,7, 1
219 ,251, 197, '160 140 159 134 144 173 178 171 162 137 159 180 119 102 166 113 ' ,'0 0 0 0 0 0 0 0 0 0 0 0 0 0 0 0 ' ,86 ,1 ,4, 0
267 ,225, 242, '180 203 176 190 186 206 171 185 210 183 192 225 152 144 141 157 ' ,'0 0 0 0 0 0 0 0 0 0 0 0 0 0 0 0 ' ,85 ,0 ,7, 2
320 ,265, 300, '254 254 243 276 265 237 262 223 242 211 221 199 127 143 211 163 ' ,'0 0 0 0 0 0 0 0 0 0 0 0 0 0 0 0 ' ,151 ,2 ,12, 2
320 ,315, 303, '213 277 203 222 235 202 209 245 232 231 220 167 152 179 192 144 ' ,'0 0 0 0 0 0 0 0 0 0 0 0 0 0 0 0 ' ,138 ,1 ,10, 1
317 ,323, 297, '196 221 226 283 201 263 209 211 224 227 236 219 194 175 245 161 ' ,'0 0 0 0 0 0 0 0 0 0 0 0 0 0 0 0 ' ,128 ,1 ,2, 1
666 ,317, 648, '233 318 322 250 486 225 226 246 256 615 286 443 140 260 256 192 ' ,'0 0 0 0 0 0 0 0 0 0 0 0 0 0 0 0 ' ,491 ,1 ,5, 1
374 ,673, 355, '339 202 212 217 241 214 226 196 212 226 213 172 157 185 157 158 ' ,'0 0 0 0 0 0 0 0 0 0 0 0 0 0 0 0 ' ,187 ,1 ,6, 2
299 ,384, 278, '188 206 209 234 225 228 225 191 207 236 201 257 136 150 213 137 ' ,'0 0 0 0 0 0 0 0 0 0 0 0 0 0 0 0 ' ,130 ,2 ,1, 1
255 ,297, 225, '163 170 192 164 182 192 159 174 211 164 202 189 124 120 160 127 ' ,'0 0 0 0 0 0 0 0 0 0 0 0 0 0 0 0 ' ,91 ,1 ,4, 1
231 ,259, 214, '144 184 157 144 145 150 166 179 159 177 155 181 127 124 155 113 ' ,'0 0 0 0 0 0 0 0 0 0 0 0 0 0 0 0 ' ,79 ,1 ,14, 2
256 ,232, 233, '161 190 197 193 189 161 169 210 187 196 205 189 129 127 137 139 ' ,'0 0 0 0 0 0 0 0 0 0 0 0 0 0 0 0 ' ,84 ,1 ,15, 1
251 ,251, 228, '193 171 188 138 176 162 145 211 168 164 156 176 123 156 120 115 ' ,'0 0 0 0 0 0 0 0 0 0 0 0 0 0 0 0 ' ,100 ,2 ,11, 1
212 ,252, 196, '173 171 144 154 168 148 146 154 164 148 146 167 117 150 117 111 ' ,'0 0 0 0 0 0 0 0 0 0 0 0 0 0 0 0 ' ,72 ,1 ,8, 2
259 ,214, 240, '215 184 169 191 144 162 166 183 165 169 156 144 101 128 137 129 ' ,'0 0 0 0 0 0 0 0 0 0 0 0 0 0 0 0 ' ,112 ,1 ,19, 2
268 ,251, 249, '195 218 168 197 215 199 195 218 171 211 155 180 144 145 165 136 ' ,'0 0 0 0 0 0 0 0 0 0 0 0 0 0 0 0 ' ,93 ,1 ,7, 1
262 ,413, 241, '186 175 174 189 175 191 154 222 176 208 179 196 153 176 114 143 ' ,'0 0 0 0 0 0 0 0 0 0 0 0 0 0 0 0 ' ,100 ,1 ,9, 1
330 ,265, 310, '194 188 162 254 182 288 264 237 161 233 227 257 181 143 212 154 ' ,'0 0 0 0 0 0 0 0 0 0 0 0 0 0 0 0 ' ,149 ,1 ,10, 1
345 ,334, 324, '253 301 229 181 242 289 165 227 266 259 215 202 208 204 183 164 ' ,'0 0 0 0 0 0 0 0 0 0 0 0 0 0 0 0 ' ,149 ,7 ,10, 1
347 ,497, 318, '261 238 255 227 280 233 233 174 156 289 220 214 206 225 202 192 ' ,'0 0 0 0 0 0 0 0 0 0 0 0 0 0 0 0 ' ,150 ,3 ,6, 1
537 ,378, 514, '260 242 494 272 352 254 395 255 313 345 241 257 202 303 233 220 ' ,'0 0 0 0 0 0 0 0 0 0 0 0 0 0 0 0 ' ,294 ,1 ,9, 2
343 ,535, 318, '255 276 293 228 263 243 254 220 274 222 268 173 186 217 144 170 ' ,'0 0 0 0 0 0 0 0 0 0 0 0 0 0 0 0 ' ,139 ,1 ,8, 2
298 ,353, 279, '177 136 172 179 178 204 191 208 245 225 252 219 133 162 190 170 ' ,'0 0 0 0 0 0 0 0 0 0 0 0 0 0 0 0 ' ,120 ,1 ,17, 2
384 ,301, 364, '186 201 192 185 216 208 228 233 203 299 184 212 137 180 161 168 ' ,'0 0 0 0 0 0 0 0 0 0 0 0 0 0 0 0 ' ,203 ,28 ,10, 1
249 ,397, 228, '174 173 165 159 198 162 176 190 183 167 198 188 115 126 139 149 ' ,'0 0 0 0 0 0 0 0 0 0 0 0 0 0 0 0 ' ,95 ,1 ,4, 2
274 ,294, 254, '177 172 171 157 214 189 200 210 197 222 143 178 135 166 136 167 ' ,'0 0 0 0 0 0 0 0 0 0 0 0 0 0 0 0 ' ,99 ,1 ,13, 1
271 ,271, 248, '151 163 165 169 168 159 182 156 221 199 192 189 125 116 169 124 ' ,'0 0 0 0 0 0 0 0 0 0 0 0 0 0 0 0 ' ,109 ,1 ,15, 1
267 ,265, 248, '147 195 173 176 170 183 161 178 189 212 205 184 149 134 132 110 ' ,'0 0 0 0 0 0 0 0 0 0 0 0 0 0 0 0 ' ,119 ,2 ,14, 1
272 ,267, 253, '150 180 225 209 198 192 157 197 193 211 225 219 139 148 152 160 ' ,'0 0 0 0 0 0 0 0 0 0 0 0 0 0 0 0 ' ,88 ,1 ,12, 1
364 ,270, 343, '229 272 200 287 298 280 210 235 213 236 234 276 258 183 232 183 ' ,'0 0 0 0 0 0 0 0 0 0 0 0 0 0 0 0 ' ,127 ,1 ,27, 2
358 ,353, 337, '162 252 231 270 305 255 259 217 228 236 253 214 196 233 173 168 ' ,'0 0 0 0 0 0 0 0 0 0 0 0 0 0 0 0 ' ,155 ,1 ,14, 2
323 ,357, 303, '215 272 213 189 222 252 157 228 178 243 204 201 151 168 148 182 ' ,'0 0 0 0 0 0 0 0 0 0 0 0 0 0 0 0 ' ,118 ,1 ,21, 1
444 ,309, 424, '254 260 223 225 289 223 292 266 241 391 249 238 188 205 172 170 ' ,'0 0 0 0 0 0 0 0 0 0 0 0 0 0 0 0 ' ,234 ,1 ,13, 2
838 ,583, 816, '234 619 351 304 361 290 780 205 291 225 290 297 195 187 231 201 ' ,'0 0 0 0 0 0 0 0 0 0 0 0 0 0 0 0 ' ,597 ,1 ,28, 2
417 ,828, 397, '273 374 187 198 339 196 213 204 231 223 229 285 145 257 184 181 ' ,'0 0 0 0 0 0 0 0 0 0 0 0 0 0 0 0 ' ,227 ,1 ,13, 2
464 ,415, 443, '289 225 286 198 415 245 289 230 223 277 223 191 166 269 178 182 ' ,'0 0 0 0 0 0 0 0 0 0 0 0 0 0 0 0 ' ,262 ,1 ,3, 1
580 ,463, 555, '236 268 525 226 200 225 335 210 219 231 272 209 158 197 141 186 ' ,'0 0 0 0 0 0 0 0 0 0 0 0 0 0 0 0 ' ,379 ,2 ,19, 2
292 ,575, 270, '226 253 230 199 236 216 235 192 202 191 225 212 133 210 198 184 ' ,'0 0 0 0 0 0 0 0 0 0 0 0 0 0 0 0 ' ,119 ,1 ,11, 1
316 ,294, 298, '205 250 226 179 234 202 206 186 197 221 242 235 160 152 145 175 ' ,'0 0 0 0 0 0 0 0 0 0 0 0 0 0 0 0 ' ,96 ,1 ,38, 1
297 ,303, 279, '194 197 251 149 240 252 201 225 239 169 225 250 176 168 170 155 ' ,'0 0 0 0 0 0 0 0 0 0 0 0 0 0 0 0 ' ,114 ,1 ,8, 1
252 ,300, 232, '194 180 175 192 197 148 175 210 158 175 214 204 135 123 157 170 ' ,'0 0 0 0 0 0 0 0 0 0 0 0 0 0 0 0 ' ,96 ,1 ,8, 0
238 ,436, 217, '160 177 158 155 175 140 182 173 139 152 191 153 118 105 123 117 ' ,'0 0 0 0 0 0 0 0 0 0 0 0 0 0 0 0 ' ,91 ,1 ,15, 1
299 ,251, 275, '220 182 178 181 243 176 190 169 184 181 250 177 150 146 153 143 ' ,'0 0 0 0 0 0 0 0 0 0 0 0 0 0 0 0 ' ,114 ,2 ,12, 1
261 ,303, 242, '172 157 155 188 209 190 211 184 176 182 179 200 112 101 146 146 ' ,'0 0 0 0 0 0 0 0 0 0 0 0 0 0 0 0 ' ,117 ,1 ,15, 1
273 ,263, 257, '178 160 166 188 172 175 175 161 159 169 221 163 120 119 156 159 ' ,'0 0 0 0 0 0 0 0 0 0 0 0 0 0 0 0 ' ,106 ,2 ,25, 2
287 ,260, 265, '222 189 212 212 213 224 218 190 219 228 200 204 169 132 156 152 ' ,'0 0 0 0 0 0 0 0 0 0 0 0 0 0 0 0 ' ,111 ,2 ,17, 1
306 ,289, 283, '259 198 216 252 195 229 193 164 183 208 235 187 174 252 133 187 ' ,'0 0 0 0 0 0 0 0 0 0 0 0 0 0 0 0 ' ,115 ,1 ,17, 2
290 ,306, 271, '233 217 208 233 217 246 209 205 192 198 207 178 173 161 225 164 ' ,'0 0 0 0 0 0 0 0 0 0 0 0 0 0 0 0 ' ,87 ,1 ,14, 2
491 ,312, 471, '237 203 260 246 216 222 334 271 193 428 230 281 148 246 207 199 ' ,'0 0 0 0 0 0 0 0 0 0 0 0 0 0 0 0 ' ,293 ,2 ,21, 1
565 ,495, 546, '240 232 197 240 273 181 243 267 203 268 528 275 173 175 189 190 ' ,'0 0 0 0 0 0 0 0 0 0 0 0 0 0 0 0 ' ,357 ,1 ,9, 2
320 ,585, 299, '245 282 226 248 229 221 268 216 203 207 214 200 180 179 174 143 ' ,'0 0 0 0 0 0 0 0 0 0 0 0 0 0 0 0 ' ,144 ,1 ,7, 1
330 ,333, 310, '231 180 208 202 250 188 227 234 232 217 256 165 153 151 186 121 ' ,'0 0 0 0 0 0 0 0 0 0 0 0 0 0 0 0 ' ,145 ,2 ,37, 1
243 ,322, 223, '205 172 156 167 194 168 168 180 192 157 197 166 138 136 149 111 ' ,'0 0 0 0 0 0 0 0 0 0 0 0 0 0 0 0 ' ,100 ,1 ,8, 1
240 ,246, 223, '182 193 185 172 146 177 165 183 196 172 160 179 144 122 153 126 ' ,'0 0 0 0 0 0 0 0 0 0 0 0 0 0 0 0 ' ,76 ,1 ,19, 1
232 ,240, 211, '140 157 170 149 177 157 184 161 155 167 163 130 103 110 135 106 ' ,'0 0 0 0 0 0 0 0 0 0 0 0 0 0 0 0 ' ,91 ,2 ,11, 1
238 ,241, 216, '159 198 153 173 133 178 155 181 178 155 170 139 109 103 108 133 ' ,'0 0 0 0 0 0 0 0 0 0 0 0 0 0 0 0 ' ,98 ,1 ,10, 1
245 ,246, 227, '208 186 201 156 169 185 184 151 204 166 141 186 110 136 146 127 ' ,'0 0 0 0 0 0 0 0 0 0 0 0 0 0 0 0 ' ,99 ,1 ,10, 1
244 ,248, 221, '156 160 143 154 185 170 153 184 172 172 172 156 128 151 122 118 ' ,'0 0 0 0 0 0 0 0 0 0 0 0 0 0 0 0 ' ,91 ,1 ,9, 1
229 ,249, 210, '149 133 159 172 176 147 147 172 158 156 162 163 142 118 100 120 ' ,'0 0 0 0 0 0 0 0 0 0 0 0 0 0 0 0 ' ,78 ,1 ,14, 2
241 ,231, 220, '146 146 132 159 154 149 142 143 143 139 196 155 98 110 116 110 ' ,'0 0 0 0 0 0 0 0 0 0 0 0 0 0 0 0 ' ,101 ,1 ,14, 1
219 ,351, 199, '145 145 144 128 164 147 142 132 147 160 139 156 87 116 98 118 ' ,'0 0 0 0 0 0 0 0 0 0 0 0 0 0 0 0 ' ,96 ,2 ,5, 1
230 ,224, 210, '145 132 140 145 177 151 169 140 158 140 143 128 119 104 112 137 ' ,'0 0 0 0 0 0 0 0 0 0 0 0 0 0 0 0 ' ,93 ,2 ,8, 2
221 ,234, 203, '146 148 133 133 165 169 140 161 178 144 176 138 111 128 127 110 ' ,'0 0 0 0 0 0 0 0 0 0 0 0 0 0 0 0 ' ,77 ,1 ,12, 1
226 ,223, 208, '137 141 129 160 126 140 153 140 154 176 145 157 97 125 154 132 ' ,'0 0 0 0 0 0 0 0 0 0 0 0 0 0 0 0 ' ,97 ,2 ,7, 1
758 ,242, 741, '248 201 229 260 258 218 238 250 718 261 264 237 221 197 195 203 ' ,'0 0 0 0 0 0 0 0 0 0 0 0 0 0 0 0 ' ,528 ,0 ,9, 1
633 ,786, 616, '333 311 382 220 252 560 180 221 292 254 290 274 211 168 170 196 ' ,'0 0 0 0 0 0 0 0 0 0 0 0 0 0 0 0 ' ,397 ,2 ,46, 1
412 ,621, 392, '254 272 368 305 229 310 370 300 228 274 284 293 179 267 251 239 ' ,'0 0 0 0 0 0 0 0 0 0 0 0 0 0 0 0 ' ,194 ,1 ,10, 1
418 ,411, 396, '333 224 181 236 289 210 211 262 228 323 194 254 259 278 166 181 ' ,'0 0 0 0 0 0 0 0 0 0 0 0 0 0 0 0 ' ,174 ,1 ,43, 1
337 ,404, 316, '240 254 191 291 246 280 228 174 250 184 235 219 106 175 215 219 ' ,'0 0 0 0 0 0 0 0 0 0 0 0 0 0 0 0 ' ,187 ,1 ,16, 1
552 ,360, 529, '191 254 216 202 284 229 205 496 351 204 249 195 135 284 155 104 ' ,'0 0 0 0 0 0 0 0 0 0 0 0 0 0 0 0 ' ,397 ,2 ,22, 0
317 ,578, 288, '189 188 191 179 191 269 155 203 189 187 232 172 144 156 192 147 ' ,'0 0 0 0 0 0 0 0 0 0 0 0 0 0 0 0 ' ,136 ,2 ,7, 2
263 ,315, 241, '127 168 146 170 168 185 186 179 220 155 179 171 113 118 100 142 ' ,'0 0 0 0 0 0 0 0 0 0 0 0 0 0 0 0 ' ,113 ,1 ,14, 1
225 ,264, 205, '142 166 141 167 144 172 155 167 140 163 149 180 131 113 133 111 ' ,'0 0 0 0 0 0 0 0 0 0 0 0 0 0 0 0 ' ,77 ,1 ,10, 1
237 ,231, 220, '151 188 160 151 172 184 166 166 163 153 154 150 126 107 106 130 ' ,'0 0 0 0 0 0 0 0 0 0 0 0 0 0 0 0 ' ,88 ,2 ,22, 1
269 ,241, 249, '162 218 153 185 159 181 170 201 133 183 193 209 147 139 118 120 ' ,'0 0 0 0 0 0 0 0 0 0 0 0 0 0 0 0 ' ,104 ,2 ,17, 1
279 ,271, 255, '233 187 174 167 193 169 185 184 157 195 189 159 178 155 131 154 ' ,'0 0 0 0 0 0 0 0 0 0 0 0 0 0 0 0 ' ,96 ,1 ,14, 1
266 ,281, 245, '182 174 224 174 186 200 180 183 177 190 169 192 133 131 131 160 ' ,'0 0 0 0 0 0 0 0 0 0 0 0 0 0 0 0 ' ,96 ,1 ,12, 1
622 ,306, 602, '248 224 356 348 302 224 169 196 176 310 196 253 199 231 169 572 ' ,'0 0 0 0 0 0 0 0 0 0 0 0 0 0 0 0 ' ,403 ,1 ,23, 2
323 ,627, 304, '206 215 205 241 191 238 220 220 195 262 213 228 147 227 141 191 ' ,'0 0 0 0 0 0 0 0 0 0 0 0 0 0 0 0 ' ,131 ,1 ,18, 2
394 ,329, 371, '278 237 277 221 233 198 212 203 186 218 266 343 170 177 159 174 ' ,'0 0 0 0 0 0 0 0 0 0 0 0 0 0 0 0 ' ,190 ,1 ,22, 1
497 ,384, 479, '299 245 237 268 259 294 211 215 214 316 273 451 245 288 231 229 ' ,'0 0 0 0 0 0 0 0 0 0 0 0 0 0 0 0 ' ,245 ,2 ,13, 2
454 ,502, 438, '354 242 412 222 309 244 292 253 260 190 277 283 254 205 188 189 ' ,'0 0 0 0 0 0 0 0 0 0 0 0 0 0 0 0 ' ,228 ,1 ,16, 2
410 ,461, 390, '259 262 242 216 331 239 208 207 212 259 266 257 180 231 185 168 ' ,'0 0 0 0 0 0 0 0 0 0 0 0 0 0 0 0 ' ,200 ,1 ,15, 2
414 ,470, 388, '189 305 219 222 247 209 225 183 218 222 243 361 138 135 168 141 ' ,'0 0 0 0 0 0 0 0 0 0 0 0 0 0 0 0 ' ,232 ,2 ,14, 1
394 ,468, 366, '207 211 223 339 272 226 202 206 187 213 201 185 172 159 160 157 ' ,'0 0 0 0 0 0 0 0 0 0 0 0 0 0 0 0 ' ,190 ,1 ,18, 2
305 ,404, 280, '177 153 176 187 225 211 191 193 199 224 182 202 127 118 120 129 ' ,'0 0 0 0 0 0 0 0 0 0 0 0 0 0 0 0 ' ,142 ,2 ,7, 2
286 ,332, 265, '183 202 179 170 186 176 177 191 169 222 164 216 161 145 132 123 ' ,'0 0 0 0 0 0 0 0 0 0 0 0 0 0 0 0 ' ,124 ,2 ,11, 1
285 ,309, 260, '191 166 151 176 207 172 164 185 200 151 156 179 128 123 120 118 ' ,'0 0 0 0 0 0 0 0 0 0 0 0 0 0 0 0 ' ,122 ,1 ,16, 2
246 ,304, 221, '173 164 168 150 172 171 151 169 163 159 172 146 124 142 91 127 ' ,'0 0 0 0 0 0 0 0 0 0 0 0 0 0 0 0 ' ,93 ,2 ,9, 1
277 ,256, 253, '173 143 173 170 202 168 207 141 154 166 169 149 131 128 128 147 ' ,'0 0 0 0 0 0 0 0 0 0 0 0 0 0 0 0 ' ,106 ,2 ,13, 1
288 ,297, 262, '171 148 146 164 161 167 141 149 159 217 167 134 92 125 114 133 ' ,'0 0 0 0 0 0 0 0 0 0 0 0 0 0 0 0 ' ,151 ,1 ,12, 1
251 ,304, 235, '162 164 137 166 126 155 201 156 149 179 184 191 134 132 132 160 ' ,'0 0 0 0 0 0 0 0 0 0 0 0 0 0 0 0 ' ,79 ,1 ,23, 0
268 ,244, 252, '191 210 160 175 168 171 157 186 225 174 172 165 135 109 128 140 ' ,'0 0 0 0 0 0 0 0 0 0 0 0 0 0 0 0 ' ,119 ,1 ,18, 1
277 ,280, 260, '233 194 195 190 188 191 195 225 215 222 210 225 147 166 147 180 ' ,'0 0 0 0 0 0 0 0 0 0 0 0 0 0 0 0 ' ,90 ,2 ,15, 1
359 ,286, 338, '198 231 173 231 185 183 223 170 251 291 263 263 190 146 231 145 ' ,'0 0 0 0 0 0 0 0 0 0 0 0 0 0 0 0 ' ,175 ,2 ,14, 2
494 ,373, 472, '192 204 203 261 245 436 217 284 218 266 195 228 161 185 168 182 ' ,'0 0 0 0 0 0 0 0 0 0 0 0 0 0 0 0 ' ,276 ,1 ,24, 1
336 ,497, 312, '224 244 184 166 193 213 193 194 213 272 212 220 171 149 159 175 ' ,'0 0 0 0 0 0 0 0 0 0 0 0 0 0 0 0 ' ,148 ,1 ,10, 1
334 ,351, 314, '220 217 241 188 196 182 212 279 197 231 193 223 191 165 152 191 ' ,'0 0 0 0 0 0 0 0 0 0 0 0 0 0 0 0 ' ,120 ,2 ,23, 1
387 ,344, 365, '230 300 214 278 257 258 302 279 294 290 329 341 161 242 190 163 ' ,'0 0 0 0 0 0 0 0 0 0 0 0 0 0 0 0 ' ,185 ,2 ,13, 2
458 ,399, 437, '314 409 270 219 311 336 346 227 281 317 221 356 196 204 265 209 ' ,'0 0 0 0 0 0 0 0 0 0 0 0 0 0 0 0 ' ,220 ,5 ,11, 2
516 ,469, 488, '316 257 300 240 349 203 407 286 446 275 280 214 184 190 307 290 ' ,'0 0 0 0 0 0 0 0 0 0 0 0 0 0 0 0 ' ,264 ,2 ,33, 2
354 ,513, 331, '228 228 187 243 289 235 234 235 247 208 237 261 150 135 231 273 ' ,'0 0 0 0 0 0 0 0 0 0 0 0 0 0 0 0 ' ,178 ,2 ,11, 1
364 ,360, 337, '266 244 314 272 243 201 246 264 184 235 236 235 190 203 222 172 ' ,'0 0 0 0 0 0 0 0 0 0 0 0 0 0 0 0 ' ,148 ,1 ,13, 2
304 ,368, 283, '185 165 226 229 214 199 198 178 249 230 169 256 145 143 137 198 ' ,'0 0 0 0 0 0 0 0 0 0 0 0 0 0 0 0 ' ,119 ,1 ,16, 2
334 ,313, 315, '228 183 180 238 236 236 248 206 208 184 209 278 176 158 137 143 ' ,'0 0 0 0 0 0 0 0 0 0 0 0 0 0 0 0 ' ,143 ,2 ,23, 1
269 ,337, 246, '193 175 187 186 191 179 207 182 198 179 164 175 124 137 91 154 ' ,'0 0 0 0 0 0 0 0 0 0 0 0 0 0 0 0 ' ,110 ,2 ,22, 0
299 ,315, 278, '192 149 198 172 148 224 165 178 222 216 175 160 149 126 131 162 ' ,'0 0 0 0 0 0 0 0 0 0 0 0 0 0 0 0 ' ,122 ,1 ,25, 1
287 ,309, 267, '163 188 162 193 179 175 158 168 167 218 191 173 131 143 121 125 ' ,'0 0 0 0 0 0 0 0 0 0 0 0 0 0 0 0 ' ,126 ,1 ,11, 2
240 ,301, 221, '165 193 164 178 173 186 151 158 158 182 164 155 110 143 111 118 ' ,'0 0 0 0 0 0 0 0 0 0 0 0 0 0 0 0 ' ,85 ,1 ,16, 1
