247 ,0, 126, '38 41 35 47 37 45 39 41 ' ,'0 0 0 0 0 0 0 0 ' ,38 ,6 ,17, 17
2162 ,660, 2134, '420 426 396 446 361 332 345 365 ' ,'0 0 0 0 0 0 0 0 ' ,124 ,3 ,44, 11
639 ,2153, 614, '393 423 300 580 445 482 302 449 ' ,'0 0 0 0 0 0 0 0 ' ,287 ,1 ,13, 2
558 ,744, 536, '439 333 321 384 364 318 313 349 ' ,'0 0 0 0 0 0 0 0 ' ,138 ,2 ,74, 2
518 ,640, 501, '455 331 364 411 327 363 321 347 ' ,'0 0 0 0 0 0 0 0 ' ,138 ,2 ,30, 2
437 ,624, 416, '336 398 361 389 351 294 305 334 ' ,'0 0 0 0 0 0 0 0 ' ,98 ,3 ,7, 1
460 ,528, 442, '335 326 373 416 307 295 329 309 ' ,'0 0 0 0 0 0 0 0 ' ,118 ,2 ,13, 4
549 ,493, 525, '367 278 341 354 306 309 267 269 ' ,'0 0 0 0 0 0 0 0 ' ,104 ,3 ,147, 2
644 ,559, 617, '438 311 356 425 372 455 332 574 ' ,'0 0 0 0 0 0 0 0 ' ,272 ,3 ,29, 1
578 ,674, 550, '372 381 349 356 303 267 327 324 ' ,'0 0 0 0 0 0 0 0 ' ,115 ,2 ,162, 1
409 ,565, 385, '370 351 369 340 290 329 341 273 ' ,'0 0 0 0 0 0 0 0 ' ,98 ,3 ,6, 2
467 ,429, 435, '356 390 364 309 358 319 263 264 ' ,'0 0 0 0 0 0 0 0 ' ,131 ,3 ,35, 1
505 ,467, 479, '387 346 424 374 379 335 335 285 ' ,'0 0 0 0 0 0 0 0 ' ,148 ,3 ,40, 1
459 ,506, 434, '420 340 392 418 349 325 341 368 ' ,'0 0 0 0 0 0 0 0 ' ,95 ,1 ,7, 1
451 ,444, 430, '355 349 351 381 313 327 408 333 ' ,'0 0 0 0 0 0 0 0 ' ,94 ,3 ,10, 3
434 ,436, 415, '385 357 330 365 341 288 369 363 ' ,'0 0 0 0 0 0 0 0 ' ,102 ,4 ,12, 2
442 ,419, 415, '356 399 342 374 312 322 287 332 ' ,'0 0 0 0 0 0 0 0 ' ,114 ,2 ,6, 2
519 ,427, 496, '449 415 433 414 417 369 355 417 ' ,'0 0 0 0 0 0 0 0 ' ,96 ,2 ,38, 5
521 ,518, 496, '451 342 378 348 320 333 355 385 ' ,'0 0 0 0 0 0 0 0 ' ,130 ,2 ,35, 2
531 ,510, 507, '465 428 364 429 436 340 317 373 ' ,'0 0 0 0 0 0 0 0 ' ,150 ,1 ,36, 3
398 ,524, 373, '351 356 312 333 311 325 305 318 ' ,'0 0 0 0 0 0 0 0 ' ,56 ,1 ,7, 3
439 ,406, 413, '332 378 336 347 295 397 292 295 ' ,'0 0 0 0 0 0 0 0 ' ,108 ,1 ,7, 2
526 ,423, 504, '371 462 398 386 346 335 286 282 ' ,'0 0 0 0 0 0 0 0 ' ,184 ,1 ,33, 2
447 ,537, 422, '407 349 303 397 341 348 334 302 ' ,'0 0 0 0 0 0 0 0 ' ,106 ,1 ,4, 3
523 ,433, 501, '438 333 302 343 302 295 345 325 ' ,'0 0 0 0 0 0 0 0 ' ,150 ,2 ,50, 3
454 ,509, 432, '411 351 295 353 256 298 257 289 ' ,'0 0 0 0 0 0 0 0 ' ,152 ,2 ,12, 3
457 ,472, 438, '331 327 418 353 279 287 291 312 ' ,'0 0 0 0 0 0 0 0 ' ,129 ,2 ,11, 2
495 ,457, 474, '457 410 383 417 346 327 346 335 ' ,'0 0 0 0 0 0 0 0 ' ,131 ,2 ,6, 3
397 ,509, 376, '285 309 310 361 335 265 280 334 ' ,'0 0 0 0 0 0 0 0 ' ,100 ,2 ,4, 2
373 ,410, 353, '293 337 287 285 292 268 260 270 ' ,'0 0 0 0 0 0 0 0 ' ,79 ,1 ,8, 1
407 ,363, 386, '306 371 352 329 297 340 299 302 ' ,'0 0 0 0 0 0 0 0 ' ,74 ,2 ,5, 2
535 ,397, 514, '371 402 472 395 352 328 383 405 ' ,'0 0 0 0 0 0 0 0 ' ,148 ,1 ,35, 3
503 ,543, 479, '394 423 445 432 374 325 349 347 ' ,'0 0 0 0 0 0 0 0 ' ,124 ,2 ,27, 1
499 ,520, 480, '395 461 449 390 379 369 337 342 ' ,'0 0 0 0 0 0 0 0 ' ,125 ,2 ,10, 3
512 ,488, 490, '370 472 400 384 353 394 364 354 ' ,'0 0 0 0 0 0 0 0 ' ,122 ,2 ,7, 3
481 ,500, 459, '399 424 446 408 363 410 387 314 ' ,'0 0 0 0 0 0 0 0 ' ,136 ,1 ,3, 2
443 ,474, 421, '381 402 337 400 340 312 322 316 ' ,'0 0 0 0 0 0 0 0 ' ,95 ,2 ,11, 3
370 ,481, 350, '320 330 317 312 298 291 265 277 ' ,'0 0 0 0 0 0 0 0 ' ,67 ,2 ,10, 3
422 ,365, 397, '344 382 335 318 334 269 281 303 ' ,'0 0 0 0 0 0 0 0 ' ,114 ,2 ,6, 4
419 ,407, 397, '379 347 367 328 285 281 278 321 ' ,'0 0 0 0 0 0 0 0 ' ,104 ,2 ,6, 3
447 ,408, 425, '409 337 320 319 314 288 302 294 ' ,'0 0 0 0 0 0 0 0 ' ,123 ,1 ,6, 3
458 ,435, 436, '365 416 395 311 306 391 329 345 ' ,'0 0 0 0 0 0 0 0 ' ,109 ,2 ,10, 3
554 ,447, 534, '487 347 390 382 380 302 345 414 ' ,'0 0 0 0 0 0 0 0 ' ,190 ,2 ,36, 2
474 ,540, 453, '391 266 435 363 311 399 394 311 ' ,'0 0 0 0 0 0 0 0 ' ,171 ,2 ,7, 3
417 ,462, 394, '301 373 300 335 315 285 307 302 ' ,'0 0 0 0 0 0 0 0 ' ,93 ,1 ,12, 2
495 ,406, 478, '421 429 460 441 394 452 454 361 ' ,'0 0 0 0 0 0 0 0 ' ,101 ,0 ,10, 3
611 ,490, 588, '493 423 572 434 377 439 296 471 ' ,'0 0 0 0 0 0 0 0 ' ,279 ,1 ,6, 2
694 ,632, 672, '394 415 346 326 324 300 655 362 ' ,'0 0 0 0 0 0 0 0 ' ,359 ,1 ,8, 3
427 ,687, 407, '390 341 352 318 307 273 332 301 ' ,'0 0 0 0 0 0 0 0 ' ,119 ,1 ,7, 2
452 ,420, 432, '401 364 408 419 363 324 356 298 ' ,'0 0 0 0 0 0 0 0 ' ,121 ,1 ,7, 3
477 ,498, 454, '436 430 439 410 395 290 394 355 ' ,'0 0 0 0 0 0 0 0 ' ,149 ,1 ,7, 3
446 ,467, 425, '401 398 344 372 320 406 339 350 ' ,'0 0 0 0 0 0 0 0 ' ,82 ,1 ,8, 3
416 ,436, 395, '381 380 323 357 336 328 296 304 ' ,'0 0 0 0 0 0 0 0 ' ,85 ,1 ,5, 3
430 ,410, 407, '393 360 330 345 298 298 270 327 ' ,'0 0 0 0 0 0 0 0 ' ,124 ,1 ,6, 3
469 ,417, 447, '356 428 368 369 383 327 357 310 ' ,'0 0 0 0 0 0 0 0 ' ,118 ,1 ,9, 5
447 ,460, 426, '406 387 367 378 342 288 352 315 ' ,'0 0 0 0 0 0 0 0 ' ,124 ,1 ,7, 3
440 ,439, 418, '382 352 390 361 312 305 313 300 ' ,'0 0 0 0 0 0 0 0 ' ,94 ,1 ,20, 4
474 ,439, 449, '385 363 423 382 336 422 371 328 ' ,'0 0 0 0 0 0 0 0 ' ,97 ,1 ,17, 3
468 ,482, 449, '427 377 360 400 323 333 353 285 ' ,'0 0 0 0 0 0 0 0 ' ,147 ,1 ,9, 3
516 ,462, 494, '448 423 354 451 347 345 363 438 ' ,'0 0 0 0 0 0 0 0 ' ,109 ,1 ,30, 2
743 ,515, 723, '419 441 376 672 470 443 408 615 ' ,'0 0 0 0 0 0 0 0 ' ,299 ,1 ,40, 3
437 ,729, 416, '354 388 363 369 319 328 333 399 ' ,'0 0 0 0 0 0 0 0 ' ,76 ,0 ,7, 2
401 ,450, 381, '341 319 341 363 340 315 308 319 ' ,'0 0 0 0 0 0 0 0 ' ,55 ,1 ,8, 3
459 ,391, 438, '333 403 364 343 409 351 373 313 ' ,'0 0 0 0 0 0 0 0 ' ,107 ,1 ,11, 3
591 ,448, 571, '551 486 436 421 347 544 425 423 ' ,'0 0 0 0 0 0 0 0 ' ,200 ,1 ,10, 1
528 ,583, 508, '488 491 317 391 450 352 464 336 ' ,'0 0 0 0 0 0 0 0 ' ,177 ,1 ,9, 3
648 ,518, 625, '369 607 473 400 430 398 340 366 ' ,'0 0 0 0 0 0 0 0 ' ,269 ,1 ,8, 2
494 ,659, 473, '416 374 326 353 310 318 295 284 ' ,'0 0 0 0 0 0 0 0 ' ,136 ,1 ,48, 2
656 ,480, 636, '422 383 616 392 352 430 366 367 ' ,'0 0 0 0 0 0 0 0 ' ,258 ,2 ,11, 2
562 ,647, 539, '413 506 401 341 414 371 397 360 ' ,'0 0 0 0 0 0 0 0 ' ,168 ,1 ,26, 1
592 ,564, 573, '343 512 330 379 343 367 343 366 ' ,'0 0 0 0 0 0 0 0 ' ,187 ,1 ,51, 2
479 ,581, 460, '385 442 426 428 340 397 374 432 ' ,'0 0 0 0 0 0 0 0 ' ,99 ,1 ,8, 2
472 ,496, 451, '364 409 405 404 341 294 377 337 ' ,'0 0 0 0 0 0 0 0 ' ,117 ,1 ,35, 3
564 ,458, 544, '396 450 491 369 391 525 430 357 ' ,'0 0 0 0 0 0 0 0 ' ,171 ,1 ,9, 2
446 ,555, 422, '402 379 407 371 364 398 350 313 ' ,'0 0 0 0 0 0 0 0 ' ,98 ,1 ,8, 2
477 ,475, 457, '430 437 329 338 353 358 292 278 ' ,'0 0 0 0 0 0 0 0 ' ,163 ,1 ,5, 2
484 ,470, 465, '376 443 411 430 347 335 341 310 ' ,'0 0 0 0 0 0 0 0 ' ,137 ,1 ,10, 2
555 ,476, 536, '515 430 393 316 318 416 327 329 ' ,'0 0 0 0 0 0 0 0 ' ,203 ,1 ,12, 3
756 ,546, 735, '398 444 439 407 709 309 289 501 ' ,'0 0 0 0 0 0 0 0 ' ,428 ,1 ,11, 2
400 ,746, 381, '319 359 323 310 258 294 255 296 ' ,'0 0 0 0 0 0 0 0 ' ,108 ,1 ,13, 2
396 ,390, 375, '343 356 335 292 293 350 309 296 ' ,'0 0 0 0 0 0 0 0 ' ,67 ,2 ,9, 2
432 ,386, 409, '344 364 318 387 301 285 275 297 ' ,'0 0 0 0 0 0 0 0 ' ,114 ,1 ,11, 2
472 ,423, 453, '410 300 317 288 289 252 303 307 ' ,'0 0 0 0 0 0 0 0 ' ,178 ,17 ,16, 2
450 ,466, 428, '405 349 372 306 353 314 295 301 ' ,'0 0 0 0 0 0 0 0 ' ,114 ,1 ,11, 2
456 ,439, 438, '369 323 396 407 293 327 300 296 ' ,'0 0 0 0 0 0 0 0 ' ,114 ,2 ,20, 2
555 ,447, 534, '464 381 331 368 500 511 349 359 ' ,'0 0 0 0 0 0 0 0 ' ,183 ,1 ,14, 3
573 ,562, 552, '430 409 508 403 343 339 322 379 ' ,'0 0 0 0 0 0 0 0 ' ,188 ,1 ,36, 2
553 ,560, 529, '451 487 480 431 362 346 407 368 ' ,'0 0 0 0 0 0 0 0 ' ,163 ,21 ,14, 2
431 ,594, 410, '374 386 354 377 305 320 341 339 ' ,'0 0 0 0 0 0 0 0 ' ,75 ,1 ,12, 2
492 ,470, 472, '382 316 390 419 355 378 410 328 ' ,'0 0 0 0 0 0 0 0 ' ,105 ,1 ,43, 1
406 ,478, 385, '356 320 344 355 355 359 333 328 ' ,'0 0 0 0 0 0 0 0 ' ,48 ,1 ,9, 1
413 ,406, 389, '329 366 294 310 265 305 247 254 ' ,'0 0 0 0 0 0 0 0 ' ,123 ,1 ,11, 3
422 ,399, 399, '301 376 268 289 226 304 253 263 ' ,'0 0 0 0 0 0 0 0 ' ,144 ,1 ,15, 3
419 ,417, 394, '370 360 294 321 280 280 275 290 ' ,'0 0 0 0 0 0 0 0 ' ,100 ,1 ,14, 2
445 ,409, 425, '303 396 318 336 300 293 276 294 ' ,'0 0 0 0 0 0 0 0 ' ,123 ,1 ,16, 2
405 ,440, 384, '325 361 281 351 277 316 328 305 ' ,'0 0 0 0 0 0 0 0 ' ,81 ,1 ,14, 3
383 ,399, 362, '336 322 301 320 289 321 267 291 ' ,'0 0 0 0 0 0 0 0 ' ,72 ,1 ,15, 2
578 ,376, 557, '327 425 282 274 256 309 302 264 ' ,'0 0 0 0 0 0 0 0 ' ,165 ,1 ,120, 2
417 ,564, 391, '311 362 333 304 299 302 266 296 ' ,'0 0 0 0 0 0 0 0 ' ,98 ,1 ,18, 2
723 ,415, 706, '408 437 683 382 381 311 426 311 ' ,'0 0 0 0 0 0 0 0 ' ,375 ,1 ,10, 2
467 ,721, 445, '410 372 378 426 376 358 311 376 ' ,'0 0 0 0 0 0 0 0 ' ,114 ,1 ,11, 2
473 ,498, 446, '422 406 405 371 346 365 340 383 ' ,'0 0 0 0 0 0 0 0 ' ,85 ,1 ,12, 2
520 ,464, 500, '457 388 387 424 463 373 350 394 ' ,'0 0 0 0 0 0 0 0 ' ,126 ,1 ,14, 3
486 ,516, 463, '442 397 356 391 415 348 342 350 ' ,'0 0 0 0 0 0 0 0 ' ,100 ,0 ,12, 1
518 ,476, 499, '390 474 369 399 334 266 345 389 ' ,'0 0 0 0 0 0 0 0 ' ,212 ,1 ,14, 3
497 ,515, 476, '450 373 367 379 329 335 366 320 ' ,'0 0 0 0 0 0 0 0 ' ,133 ,1 ,15, 2
468 ,488, 449, '393 426 344 361 348 341 308 323 ' ,'0 0 0 0 0 0 0 0 ' ,120 ,1 ,10, 3
508 ,457, 493, '355 382 417 343 312 470 328 314 ' ,'0 0 0 0 0 134 0 0 ' ,161 ,2 ,12, 2
536 ,536, 521, '386 353 496 360 283 335 405 333 ' ,'0 0 0 0 0 0 0 0 ' ,214 ,2 ,15, 3
439 ,526, 423, '362 388 397 340 299 344 326 273 ' ,'0 0 0 0 0 0 0 0 ' ,125 ,1 ,17, 2
374 ,428, 354, '327 317 299 319 285 288 262 269 ' ,'0 0 0 0 0 0 0 0 ' ,68 ,1 ,15, 2
365 ,360, 348, '307 323 303 280 282 269 259 263 ' ,'0 0 0 0 0 0 0 0 ' ,66 ,1 ,15, 3
378 ,353, 361, '316 332 291 337 277 291 245 281 ' ,'0 0 0 0 0 0 0 0 ' ,94 ,1 ,14, 2
394 ,367, 377, '352 348 310 347 303 294 261 303 ' ,'0 0 0 0 0 0 0 0 ' ,93 ,1 ,14, 2
409 ,386, 391, '368 343 270 341 254 287 279 288 ' ,'0 0 0 0 0 0 0 0 ' ,117 ,1 ,12, 2
441 ,401, 425, '392 333 404 381 321 365 373 291 ' ,'0 0 0 0 0 0 0 0 ' ,114 ,1 ,9, 2
445 ,455, 429, '357 380 307 320 326 321 289 334 ' ,'0 0 0 0 0 0 0 0 ' ,95 ,1 ,37, 2
582 ,433, 564, '343 386 326 540 340 280 288 296 ' ,'0 0 0 113 0 0 0 0 ' ,263 ,1 ,14, 2
452 ,574, 436, '349 383 305 405 292 297 254 271 ' ,'0 0 0 0 0 0 0 0 ' ,154 ,2 ,19, 3
434 ,439, 416, '330 281 367 391 343 327 308 349 ' ,'0 0 0 0 0 0 0 0 ' ,111 ,1 ,15, 2
625 ,425, 602, '411 503 456 343 315 305 524 330 ' ,'0 173 160 0 0 0 150 0 ' ,270 ,1 ,19, 2
553 ,608, 537, '398 378 448 515 375 489 473 344 ' ,'0 0 0 0 0 0 0 0 ' ,174 ,1 ,12, 3
580 ,553, 560, '466 456 437 442 460 512 357 385 ' ,'0 0 0 0 0 0 0 0 ' ,155 ,1 ,39, 3
540 ,568, 525, '502 420 453 435 493 452 458 340 ' ,'0 0 0 0 0 0 0 0 ' ,165 ,1 ,13, 3
497 ,699, 481, '420 402 458 421 359 379 437 413 ' ,'0 0 0 0 0 0 0 0 ' ,100 ,1 ,13, 3
401 ,513, 383, '302 356 356 345 323 336 328 301 ' ,'0 0 0 0 0 0 0 0 ' ,61 ,1 ,15, 3
441 ,392, 421, '393 330 400 375 327 289 319 316 ' ,'0 0 0 0 0 0 0 0 ' ,115 ,2 ,10, 3
413 ,432, 397, '329 370 344 358 303 307 266 316 ' ,'0 0 0 0 0 0 0 0 ' ,107 ,1 ,17, 3
472 ,402, 456, '351 431 315 348 281 265 282 280 ' ,'0 0 0 0 0 0 0 0 ' ,169 ,1 ,14, 2
386 ,466, 369, '343 316 326 343 292 316 254 307 ' ,'0 0 0 0 0 0 0 0 ' ,91 ,1 ,16, 3
369 ,376, 351, '313 324 307 252 284 247 260 254 ' ,'0 0 0 0 0 0 0 0 ' ,83 ,1 ,17, 3
1636 ,360, 936, '385 344 373 381 352 348 317 330 ' ,'0 0 0 0 0 0 0 0 ' ,600 ,2 ,11, 3
1362 ,1735, 544, '467 411 304 494 384 214 339 388 ' ,'0 0 0 0 0 0 0 0 ' ,280 ,1 ,43, 2
643 ,586, 615, '395 564 478 512 326 378 416 436 ' ,'0 0 0 0 0 0 0 0 ' ,223 ,1 ,41, 2
818 ,668, 792, '587 479 572 694 684 750 472 406 ' ,'0 0 0 0 0 0 0 0 ' ,347 ,1 ,32, 2
706 ,1003, 680, '440 493 458 506 624 410 414 324 ' ,'0 0 0 0 0 0 0 0 ' ,327 ,1 ,21, 4
455 ,774, 432, '399 344 379 415 366 352 318 317 ' ,'0 0 0 0 0 0 0 0 ' ,100 ,1 ,7, 1
447 ,457, 427, '393 325 318 346 376 324 355 291 ' ,'0 0 0 0 0 0 0 0 ' ,115 ,1 ,11, 3
417 ,464, 399, '323 352 334 371 322 313 270 309 ' ,'0 0 0 0 0 0 0 0 ' ,101 ,1 ,13, 3
398 ,413, 376, '357 350 349 322 319 316 285 288 ' ,'0 0 0 0 0 0 0 0 ' ,73 ,1 ,6, 2
1152 ,418, 1131, '368 335 339 371 370 321 306 282 ' ,'0 0 0 0 0 0 0 0 ' ,798 ,1 ,40, 3
733 ,1137, 474, '452 441 416 323 364 299 351 371 ' ,'0 0 0 0 0 0 0 0 ' ,155 ,1 ,11, 2
1036 ,507, 1006, '394 468 452 426 965 410 342 341 ' ,'0 0 0 0 0 0 0 0 ' ,649 ,1 ,10, 3
618 ,1086, 593, '374 568 474 360 396 483 360 324 ' ,'0 0 0 0 0 0 0 0 ' ,249 ,1 ,12, 3
514 ,665, 489, '446 384 423 473 434 378 387 341 ' ,'0 0 0 0 0 0 0 0 ' ,133 ,0 ,9, 3
550 ,526, 531, '404 509 473 396 438 319 398 340 ' ,'0 0 0 0 0 0 0 0 ' ,195 ,1 ,5, 3
700 ,560, 676, '545 467 449 383 477 441 654 368 ' ,'0 0 0 0 0 0 0 0 ' ,290 ,2 ,6, 3
642 ,705, 612, '577 516 509 484 398 429 452 441 ' ,'0 0 0 0 0 0 0 0 ' ,163 ,1 ,24, 3
561 ,681, 539, '444 417 516 457 429 362 459 382 ' ,'0 0 0 0 0 0 0 0 ' ,159 ,2 ,11, 4
495 ,576, 471, '391 362 425 406 323 374 311 342 ' ,'0 0 0 0 0 0 0 0 ' ,117 ,1 ,34, 1
437 ,476, 414, '389 373 357 357 298 297 317 321 ' ,'0 0 0 0 0 0 0 0 ' ,91 ,1 ,19, 2
449 ,444, 427, '375 396 331 398 309 334 288 349 ' ,'0 0 0 0 0 0 0 0 ' ,111 ,1 ,18, 2
532 ,823, 512, '437 457 479 420 366 387 342 320 ' ,'0 0 0 0 0 0 0 0 ' ,162 ,1 ,20, 2
452 ,533, 432, '363 361 363 359 334 405 369 338 ' ,'0 0 0 0 0 0 0 0 ' ,67 ,1 ,16, 1
512 ,457, 487, '366 461 374 286 310 374 334 330 ' ,'0 0 0 0 0 0 0 0 ' ,177 ,1 ,16, 2
426 ,519, 406, '371 343 317 301 314 274 274 281 ' ,'0 0 0 0 0 0 0 0 ' ,102 ,1 ,22, 2
620 ,414, 603, '479 569 498 442 499 392 348 350 ' ,'0 0 0 0 0 0 0 0 ' ,225 ,1 ,18, 3
561 ,626, 545, '411 467 479 523 499 439 431 411 ' ,'0 0 0 0 0 0 0 0 ' ,113 ,1 ,6, 3
485 ,561, 469, '335 418 398 447 375 320 397 379 ' ,'0 0 0 0 0 0 0 0 ' ,128 ,2 ,13, 3
474 ,505, 449, '385 417 415 424 324 394 361 325 ' ,'0 0 0 0 0 0 0 0 ' ,99 ,1 ,18, 3
520 ,478, 495, '392 470 386 338 373 302 372 370 ' ,'0 0 0 0 0 0 0 0 ' ,169 ,1 ,16, 4
530 ,526, 505, '468 427 417 421 365 412 430 433 ' ,'0 0 0 0 0 0 0 0 ' ,95 ,17 ,12, 3
566 ,536, 543, '418 393 513 361 382 342 354 430 ' ,'0 0 0 0 0 0 0 0 ' ,174 ,1 ,19, 3
501 ,582, 475, '420 363 390 387 317 301 319 392 ' ,'0 0 0 0 0 0 0 0 ' ,122 ,1 ,41, 2
476 ,483, 450, '363 424 359 422 331 316 343 344 ' ,'0 0 0 0 0 0 0 0 ' ,115 ,1 ,13, 2
567 ,500, 541, '363 388 368 514 297 307 280 296 ' ,'0 0 0 0 0 0 0 0 ' ,236 ,1 ,17, 3
457 ,565, 435, '395 408 365 320 339 327 318 307 ' ,'0 0 0 0 0 0 0 0 ' ,100 ,1 ,17, 2
437 ,473, 413, '389 365 367 385 330 288 346 284 ' ,'0 0 0 0 0 0 0 0 ' ,109 ,1 ,13, 2
500 ,456, 478, '435 396 400 450 340 341 336 291 ' ,'0 0 0 0 0 0 0 0 ' ,162 ,1 ,21, 3
480 ,491, 466, '403 434 432 333 388 316 379 371 ' ,'0 0 0 0 0 0 0 0 ' ,119 ,1 ,20, 3
465 ,475, 449, '344 401 418 352 379 312 356 386 ' ,'0 0 0 0 0 0 0 0 ' ,108 ,1 ,21, 2
451 ,456, 437, '356 411 358 395 377 299 386 330 ' ,'0 0 0 0 0 0 0 0 ' ,114 ,2 ,14, 3
724 ,466, 472, '416 410 413 431 383 295 433 378 ' ,'0 0 0 0 0 0 0 0 ' ,145 ,1 ,24, 3
1351 ,502, 479, '381 416 450 411 391 369 383 376 ' ,'0 0 0 0 0 0 0 0 ' ,86 ,1 ,16, 3
4563 ,886, 600, '515 485 478 507 424 351 359 338 ' ,'0 0 0 0 0 0 0 0 ' ,182 ,1 ,68, 3
526 ,605, 500, '477 349 296 382 284 278 276 334 ' ,'0 0 0 0 0 0 0 0 ' ,205 ,1 ,10, 3
429 ,594, 405, '378 336 357 379 268 324 306 305 ' ,'0 0 0 0 0 0 0 0 ' ,87 ,2 ,14, 2
477 ,579, 456, '387 434 335 304 320 264 313 271 ' ,'0 0 0 0 0 0 0 0 ' ,175 ,1 ,9, 2
455 ,485, 435, '317 403 315 326 250 295 260 302 ' ,'0 0 0 0 0 0 0 0 ' ,145 ,1 ,20, 2
390 ,463, 370, '342 324 328 310 307 298 312 323 ' ,'0 0 0 0 0 0 0 0 ' ,49 ,2 ,16, 4
380 ,405, 363, '322 297 301 306 295 302 266 264 ' ,'0 0 0 0 0 0 0 0 ' ,64 ,1 ,28, 3
494 ,372, 477, '439 411 367 454 341 401 415 339 ' ,'0 0 0 0 0 0 0 0 ' ,116 ,2 ,15, 2
597 ,487, 579, '472 450 541 522 345 552 433 306 ' ,'0 0 0 0 0 0 0 0 ' ,243 ,1 ,15, 3
506 ,597, 484, '393 399 423 391 420 332 434 323 ' ,'0 0 0 0 0 0 0 0 ' ,141 ,1 ,13, 3
629 ,524, 608, '573 526 461 536 431 416 416 425 ' ,'0 0 0 0 0 0 0 0 ' ,162 ,2 ,22, 3
621 ,632, 592, '483 397 510 567 498 505 539 375 ' ,'0 0 0 0 0 0 0 0 ' ,193 ,1 ,16, 2
537 ,645, 513, '417 403 419 480 378 379 332 383 ' ,'0 0 0 0 0 0 0 0 ' ,148 ,1 ,24, 3
484 ,552, 462, '433 384 400 370 399 397 355 352 ' ,'0 0 0 0 0 0 0 0 ' ,83 ,1 ,18, 3
460 ,501, 437, '411 339 328 364 279 347 316 316 ' ,'0 0 0 0 0 0 0 0 ' ,111 ,1 ,8, 3
409 ,469, 389, '323 363 330 321 292 306 246 290 ' ,'0 0 0 0 0 0 0 0 ' ,120 ,2 ,13, 1
420 ,423, 397, '375 371 350 371 276 320 270 307 ' ,'0 0 0 0 0 0 0 0 ' ,104 ,1 ,11, 1
415 ,438, 392, '345 334 360 371 289 271 252 270 ' ,'0 0 0 0 0 0 0 0 ' ,118 ,2 ,12, 2
362 ,428, 338, '308 303 278 308 238 255 245 250 ' ,'0 0 0 0 0 0 0 0 ' ,66 ,1 ,21, 2
449 ,459, 425, '380 361 344 322 238 305 282 286 ' ,'0 0 0 0 0 0 0 0 ' ,127 ,17 ,18, 5
485 ,461, 463, '439 403 374 382 404 375 383 355 ' ,'0 0 0 0 0 0 0 0 ' ,88 ,2 ,14, 3
512 ,502, 490, '429 463 412 389 342 396 353 328 ' ,'0 0 0 0 0 0 0 0 ' ,139 ,2 ,15, 4
556 ,524, 532, '505 374 417 487 403 433 343 486 ' ,'0 0 0 0 0 0 0 0 ' ,165 ,1 ,16, 3
540 ,571, 519, '461 490 436 423 402 387 457 390 ' ,'0 0 0 0 0 0 0 0 ' ,108 ,2 ,17, 3
556 ,552, 534, '497 471 465 449 390 412 390 394 ' ,'0 0 0 0 0 0 0 0 ' ,113 ,1 ,23, 3
812 ,564, 795, '448 691 752 544 381 588 489 570 ' ,'0 0 0 0 0 0 0 0 ' ,373 ,2 ,28, 3
469 ,801, 453, '400 414 423 406 353 373 386 300 ' ,'0 0 0 0 0 0 0 0 ' ,127 ,1 ,18, 3
488 ,466, 472, '443 410 363 360 332 313 311 346 ' ,'0 0 0 0 0 0 0 0 ' ,136 ,1 ,15, 3
507 ,489, 481, '455 408 349 436 317 352 302 326 ' ,'0 0 0 0 0 0 0 0 ' ,154 ,1 ,13, 3
483 ,520, 459, '364 367 389 350 308 323 291 293 ' ,'0 0 0 0 0 0 0 0 ' ,139 ,39 ,19, 2
421 ,497, 401, '374 330 351 324 297 335 277 326 ' ,'0 0 0 0 0 0 0 0 ' ,101 ,1 ,15, 3
394 ,449, 370, '340 316 320 309 253 331 288 298 ' ,'0 0 0 0 0 0 0 0 ' ,66 ,1 ,18, 3
397 ,395, 374, '319 353 318 316 297 254 322 263 ' ,'0 0 0 0 0 0 0 0 ' ,105 ,1 ,9, 1
422 ,739, 400, '348 372 363 357 344 328 304 305 ' ,'0 0 0 0 0 0 0 0 ' ,70 ,1 ,17, 2
575 ,445, 551, '512 464 497 497 388 447 407 399 ' ,'0 0 0 0 0 0 0 0 ' ,117 ,1 ,26, 2
572 ,582, 549, '476 475 480 526 500 313 466 380 ' ,'0 0 0 0 0 0 0 0 ' ,216 ,1 ,12, 2
538 ,587, 515, '404 399 467 442 390 390 382 385 ' ,'0 0 0 0 0 0 0 0 ' ,95 ,9 ,12, 1
1176 ,558, 1150, '410 505 446 447 1086 447 383 464 ' ,'0 0 0 0 0 0 0 0 ' ,737 ,2 ,18, 4
972 ,1202, 947, '526 735 527 485 491 343 471 902 ' ,'0 0 0 0 0 0 0 0 ' ,562 ,1 ,26, 3
691 ,982, 667, '537 443 635 558 515 344 395 438 ' ,'0 0 0 0 0 0 0 0 ' ,294 ,1 ,20, 3
599 ,690, 576, '543 480 451 452 372 419 334 325 ' ,'0 0 0 0 0 0 0 0 ' ,222 ,1 ,20, 3
511 ,616, 494, '360 466 443 442 450 364 367 377 ' ,'0 0 0 0 0 0 0 0 ' ,109 ,1 ,14, 4
502 ,512, 486, '457 366 379 454 345 407 402 442 ' ,'0 0 0 0 0 0 0 0 ' ,114 ,0 ,12, 3
573 ,500, 557, '412 319 466 476 327 511 390 386 ' ,'0 0 0 0 0 0 0 0 ' ,206 ,14 ,24, 3
445 ,572, 417, '383 369 384 352 354 305 351 311 ' ,'0 0 0 0 0 0 0 0 ' ,92 ,1 ,14, 3
502 ,453, 480, '456 364 337 359 267 359 265 277 ' ,'0 0 0 0 0 0 0 0 ' ,190 ,1 ,13, 3
443 ,521, 426, '364 385 372 325 346 337 302 318 ' ,'0 0 0 0 0 0 0 0 ' ,87 ,2 ,29, 3
467 ,454, 447, '409 379 369 382 321 297 338 366 ' ,'0 0 0 0 0 0 0 0 ' ,118 ,2 ,24, 3
440 ,472, 416, '343 377 378 323 317 369 315 314 ' ,'0 0 0 0 0 0 0 0 ' ,69 ,1 ,24, 2
464 ,447, 436, '371 404 402 362 291 310 371 300 ' ,'0 0 0 0 0 0 0 0 ' ,110 ,1 ,18, 2
620 ,474, 596, '526 423 554 484 495 385 386 372 ' ,'0 0 0 0 0 0 0 0 ' ,186 ,1 ,26, 3
505 ,636, 483, '420 411 406 423 407 443 438 328 ' ,'0 0 0 0 0 0 0 0 ' ,117 ,1 ,28, 3
600 ,516, 576, '501 484 539 465 448 399 394 395 ' ,'0 0 0 0 0 0 0 0 ' ,145 ,2 ,26, 3
990 ,613, 966, '545 930 444 448 502 473 428 361 ' ,'0 0 0 0 0 0 0 0 ' ,572 ,1 ,22, 4
589 ,1012, 568, '488 386 418 526 376 380 323 378 ' ,'0 0 0 0 0 0 0 0 ' ,204 ,1 ,30, 2
437 ,590, 416, '389 355 359 339 338 296 319 301 ' ,'0 0 0 0 0 0 0 0 ' ,97 ,1 ,13, 2
445 ,453, 421, '379 321 335 388 297 304 275 311 ' ,'0 0 0 0 0 0 0 0 ' ,113 ,1 ,24, 2
379 ,457, 355, '325 307 315 306 280 279 273 267 ' ,'0 0 0 0 0 0 0 0 ' ,60 ,1 ,21, 3
366 ,405, 344, '298 308 290 308 276 249 265 236 ' ,'0 0 0 0 0 0 0 0 ' ,75 ,1 ,21, 5
414 ,384, 397, '365 334 365 342 290 293 320 261 ' ,'0 0 0 0 0 0 0 0 ' ,110 ,2 ,17, 3
385 ,415, 368, '341 297 316 326 279 252 252 273 ' ,'0 0 0 0 0 0 0 0 ' ,94 ,1 ,12, 1
375 ,388, 358, '315 326 328 326 264 301 242 249 ' ,'0 0 0 0 0 0 0 0 ' ,89 ,1 ,17, 3
371 ,376, 345, '268 276 312 312 235 245 249 251 ' ,'0 0 0 0 0 0 0 0 ' ,72 ,2 ,20, 3
1922 ,379, 1898, '304 300 278 275 296 267 281 245 ' ,'0 0 0 0 0 0 0 0 ' ,1628 ,2 ,17, 3
1909 ,1927, 1871, '330 326 303 310 250 255 276 287 ' ,'0 0 0 0 0 0 0 0 ' ,1583 ,1 ,25, 2
1298 ,1901, 859, '505 561 480 489 406 485 585 829 ' ,'0 0 0 0 0 0 0 0 ' ,380 ,2 ,17, 2
865 ,906, 838, '715 652 526 700 602 406 811 466 ' ,'0 0 0 0 0 0 0 0 ' ,409 ,1 ,16, 3
560 ,890, 538, '462 366 508 469 422 462 377 372 ' ,'0 0 0 0 0 0 0 0 ' ,145 ,1 ,18, 3
1205 ,584, 1179, '483 424 439 422 432 392 452 444 ' ,'0 0 0 0 0 0 0 0 ' ,749 ,1 ,28, 3
1218 ,1204, 754, '501 495 460 504 456 327 365 363 ' ,'0 0 0 0 0 0 0 0 ' ,401 ,1 ,16, 3
11823 ,894, 377, '333 330 327 330 282 337 270 308 ' ,'0 0 0 0 0 0 0 0 ' ,70 ,2 ,26, 4
526 ,414, 501, '434 472 437 360 325 390 358 317 ' ,'0 0 0 0 0 0 0 0 ' ,159 ,2 ,15, 3
521 ,547, 497, '458 432 383 360 308 347 319 317 ' ,'0 0 0 0 0 0 0 0 ' ,148 ,2 ,25, 4
550 ,536, 528, '447 414 396 395 458 379 296 324 ' ,'0 0 0 0 0 0 0 0 ' ,207 ,1 ,16, 3
421 ,578, 398, '308 355 363 336 311 315 294 311 ' ,'0 0 0 0 0 0 0 0 ' ,76 ,3 ,19, 3
396 ,438, 372, '340 309 330 344 283 279 307 298 ' ,'0 0 0 0 0 0 0 0 ' ,63 ,2 ,19, 3
382 ,409, 361, '316 312 300 327 290 302 279 285 ' ,'0 0 0 0 0 0 0 0 ' ,48 ,2 ,21, 3
457 ,396, 424, '388 306 309 320 301 280 276 277 ' ,'0 0 0 0 0 0 0 0 ' ,116 ,2 ,21, 3
420 ,458, 398, '266 364 299 294 302 251 194 273 ' ,'0 0 0 0 0 0 0 0 ' ,176 ,2 ,19, 2
422 ,433, 398, '338 341 337 357 297 311 327 262 ' ,'0 0 0 0 0 0 0 0 ' ,101 ,1 ,20, 2
400 ,437, 371, '330 315 296 342 337 306 300 323 ' ,'0 0 0 0 0 0 0 0 ' ,49 ,2 ,18, 2
564 ,393, 548, '390 503 462 397 379 434 414 372 ' ,'0 0 0 0 0 0 0 0 ' ,135 ,1 ,30, 2
646 ,557, 631, '588 508 401 460 359 385 371 377 ' ,'0 0 0 0 0 0 0 0 ' ,234 ,1 ,27, 3
610 ,642, 594, '488 508 562 466 490 435 373 406 ' ,'0 0 0 0 0 0 0 0 ' ,190 ,1 ,18, 3
554 ,637, 533, '408 402 398 509 397 323 360 394 ' ,'0 0 0 0 0 0 0 0 ' ,184 ,1 ,16, 3
530 ,565, 507, '410 426 418 408 409 395 474 348 ' ,'0 0 0 0 0 0 0 0 ' ,129 ,2 ,19, 3
660 ,541, 635, '495 453 598 577 458 600 480 504 ' ,'0 0 0 0 0 0 0 0 ' ,148 ,1 ,24, 6
746 ,663, 724, '460 445 692 518 372 422 442 368 ' ,'0 0 0 0 0 0 0 0 ' ,327 ,1 ,18, 3
664 ,754, 638, '465 476 605 589 474 486 375 497 ' ,'0 0 0 0 0 0 0 0 ' ,232 ,1 ,18, 5
686 ,674, 663, '629 574 540 454 554 486 404 386 ' ,'0 0 0 0 0 0 0 0 ' ,249 ,2 ,18, 3
575 ,702, 551, '432 369 419 513 380 348 447 353 ' ,'0 0 0 0 0 0 0 0 ' ,164 ,2 ,31, 4
456 ,575, 437, '382 351 399 398 367 354 359 327 ' ,'0 0 0 0 0 0 0 0 ' ,77 ,2 ,22, 3
456 ,465, 433, '402 382 399 399 327 342 380 369 ' ,'0 0 0 0 0 0 0 0 ' ,63 ,1 ,20, 3
647 ,473, 393, '304 363 324 358 277 330 297 348 ' ,'0 0 0 0 0 0 0 0 ' ,68 ,2 ,16, 4
432 ,431, 405, '370 355 357 335 261 286 284 293 ' ,'0 0 0 0 0 0 0 0 ' ,91 ,2 ,16, 2
413 ,443, 393, '337 305 309 363 255 281 296 261 ' ,'0 0 0 0 0 0 0 0 ' ,102 ,1 ,21, 3
409 ,436, 381, '338 341 317 344 287 260 263 270 ' ,'0 0 0 0 0 0 0 0 ' ,91 ,1 ,21, 2
