228 ,0, 132, '87 84 93 100 75 68 61 68 ' ,'0 0 0 0 0 0 0 0 ' ,33 ,6 ,2, 2
150 ,172, 127, '87 108 102 96 110 93 97 98 ' ,'0 0 0 0 0 0 0 0 ' ,32 ,0 ,1, 1
665 ,135, 643, '19 21 24 24 14 16 12 20 ' ,'0 0 0 0 0 0 0 0 ' ,454 ,1 ,1, 1
73 ,1152, 51, '17 21 27 23 15 14 18 19 ' ,'0 0 0 0 0 0 0 0 ' ,29 ,2 ,1, 1
156 ,62, 111, '22 34 27 25 16 14 18 19 ' ,'0 0 0 0 0 0 0 0 ' ,87 ,59 ,1, 1
64 ,138, 41, '21 24 24 26 13 11 17 18 ' ,'0 0 0 0 0 0 0 0 ' ,23 ,2 ,1, 1
59 ,52, 34, '21 25 26 24 14 14 19 19 ' ,'0 0 0 0 0 0 0 0 ' ,16 ,0 ,1, 1
61 ,49, 33, '16 19 20 23 10 11 15 15 ' ,'0 0 0 0 0 0 0 0 ' ,13 ,1 ,1, 1
55 ,46, 33, '22 24 27 20 12 13 21 22 ' ,'0 0 0 0 0 0 0 0 ' ,15 ,0 ,1, 1
57 ,48, 34, '16 25 18 20 11 12 21 15 ' ,'0 0 0 0 0 0 0 0 ' ,15 ,0 ,1, 1
62 ,45, 36, '18 28 24 22 13 12 16 18 ' ,'0 0 0 0 0 0 0 0 ' ,18 ,1 ,0, 0
58 ,49, 37, '15 27 20 18 15 12 22 14 ' ,'0 0 0 0 0 0 0 0 ' ,16 ,1 ,2, 2
62 ,47, 39, '19 23 25 28 13 17 16 19 ' ,'0 0 0 0 0 0 0 0 ' ,16 ,1 ,1, 1
62 ,50, 40, '24 26 30 19 12 19 17 21 ' ,'0 0 0 0 0 0 0 0 ' ,18 ,2 ,1, 1
57 ,54, 29, '19 23 21 15 11 18 18 13 ' ,'0 0 0 0 0 0 0 0 ' ,12 ,1 ,1, 1
63 ,46, 43, '20 22 28 31 15 20 21 22 ' ,'0 0 0 0 0 0 0 0 ' ,16 ,0 ,1, 1
57 ,56, 34, '17 18 21 27 13 12 16 16 ' ,'0 0 0 0 0 0 0 0 ' ,18 ,1 ,0, 0
60 ,45, 37, '21 24 25 23 16 16 18 18 ' ,'0 0 0 0 0 0 0 0 ' ,14 ,2 ,2, 2
57 ,48, 32, '15 17 20 18 13 11 12 13 ' ,'0 0 0 0 0 0 0 0 ' ,15 ,1 ,1, 1
55 ,42, 35, '20 21 26 24 13 14 15 20 ' ,'0 0 0 0 0 0 0 0 ' ,16 ,1 ,0, 0
64 ,97, 41, '15 23 20 23 16 13 13 15 ' ,'0 0 0 0 0 0 0 0 ' ,20 ,2 ,0, 0
63 ,55, 40, '26 20 25 30 17 17 16 18 ' ,'0 0 0 0 0 0 0 0 ' ,17 ,1 ,1, 1
62 ,51, 36, '18 28 22 25 16 15 21 14 ' ,'0 0 0 0 0 0 0 0 ' ,16 ,2 ,0, 0
62 ,47, 37, '26 24 20 27 15 19 19 16 ' ,'0 0 0 0 0 0 0 0 ' ,15 ,2 ,1, 1
63 ,50, 40, '19 28 22 22 11 11 16 18 ' ,'0 0 0 0 0 0 0 0 ' ,23 ,1 ,0, 0
58 ,55, 40, '21 25 18 22 19 13 18 17 ' ,'0 0 0 0 0 0 0 0 ' ,18 ,2 ,0, 0
49 ,48, 32, '19 21 19 20 16 11 13 14 ' ,'0 0 0 0 0 0 0 0 ' ,13 ,2 ,0, 0
52 ,39, 38, '20 24 31 24 22 13 16 18 ' ,'0 0 0 0 0 0 0 0 ' ,17 ,1 ,0, 0
50 ,44, 36, '18 24 21 26 15 12 18 23 ' ,'0 0 0 0 0 0 0 0 ' ,19 ,2 ,0, 0
61 ,42, 42, '16 19 20 31 17 15 13 15 ' ,'0 0 0 0 0 0 0 0 ' ,25 ,2 ,0, 0
47 ,51, 31, '19 21 16 21 19 15 15 11 ' ,'0 0 0 0 0 0 0 0 ' ,13 ,1 ,1, 1
55 ,37, 33, '27 17 23 20 20 21 13 17 ' ,'0 0 0 0 0 0 0 0 ' ,13 ,0 ,0, 0
73 ,43, 44, '26 29 21 32 13 24 28 16 ' ,'0 0 0 0 0 0 0 0 ' ,18 ,1 ,1, 1
55 ,57, 33, '23 27 22 15 12 10 16 12 ' ,'0 0 0 0 0 0 0 0 ' ,15 ,1 ,0, 0
51 ,45, 30, '13 15 19 18 10 9 13 14 ' ,'0 0 0 0 0 0 0 0 ' ,15 ,1 ,0, 0
59 ,38, 32, '15 23 18 17 12 11 14 14 ' ,'0 0 0 0 0 0 0 0 ' ,16 ,1 ,1, 1
55 ,38, 34, '18 20 28 19 10 11 17 14 ' ,'0 0 0 0 0 0 0 0 ' ,20 ,1 ,0, 0
58 ,46, 36, '22 31 22 27 13 17 20 15 ' ,'0 0 0 0 0 0 0 0 ' ,16 ,1 ,0, 0
59 ,47, 35, '23 23 20 27 12 18 19 13 ' ,'0 0 0 0 0 0 0 0 ' ,16 ,0 ,0, 0
51 ,50, 31, '20 23 23 24 13 12 18 19 ' ,'0 0 0 0 0 0 0 0 ' ,14 ,0 ,1, 1
58 ,42, 35, '17 17 26 18 23 12 12 14 ' ,'0 0 0 0 0 0 0 0 ' ,18 ,1 ,1, 1
57 ,43, 33, '26 23 26 21 17 22 12 18 ' ,'0 0 0 0 0 0 0 0 ' ,18 ,1 ,0, 0
51 ,46, 31, '23 25 18 17 12 18 19 13 ' ,'0 0 0 0 0 0 0 0 ' ,11 ,0 ,0, 0
52 ,40, 31, '17 15 22 25 18 10 12 16 ' ,'0 0 0 0 0 0 0 0 ' ,16 ,1 ,0, 0
56 ,40, 32, '16 14 22 22 15 9 17 16 ' ,'0 0 0 0 0 0 0 0 ' ,16 ,1 ,0, 0
61 ,44, 34, '16 22 27 23 11 12 19 22 ' ,'0 0 0 0 0 0 0 0 ' ,17 ,1 ,0, 0
58 ,48, 29, '23 29 25 26 19 11 17 20 ' ,'0 0 0 0 0 0 0 0 ' ,17 ,0 ,1, 1
61 ,46, 34, '25 27 22 27 16 14 22 24 ' ,'0 0 0 0 0 0 0 0 ' ,15 ,1 ,1, 1
54 ,49, 33, '19 18 22 26 14 14 15 23 ' ,'0 0 0 0 0 0 0 0 ' ,12 ,1 ,1, 1
69 ,44, 41, '22 37 25 26 20 17 23 16 ' ,'0 0 0 0 0 0 0 0 ' ,22 ,1 ,1, 0
58 ,57, 32, '16 19 22 21 12 11 18 18 ' ,'0 0 0 0 0 0 0 0 ' ,16 ,1 ,0, 0
50 ,47, 29, '18 13 20 19 20 10 18 17 ' ,'0 0 0 0 0 0 0 0 ' ,15 ,1 ,0, 0
61 ,36, 40, '14 14 17 27 10 10 11 9 ' ,'0 0 0 0 0 0 0 0 ' ,18 ,1 ,0, 0
57 ,51, 36, '16 15 22 20 18 11 11 16 ' ,'0 0 0 0 0 0 0 0 ' ,15 ,0 ,0, 0
60 ,44, 33, '19 20 23 25 14 13 20 19 ' ,'0 0 0 0 0 0 0 0 ' ,15 ,1 ,0, 0
58 ,46, 31, '26 21 20 16 18 13 16 24 ' ,'0 0 0 0 0 0 0 0 ' ,16 ,1 ,0, 0
46 ,50, 25, '13 16 19 17 10 9 15 12 ' ,'0 0 0 0 0 0 0 0 ' ,11 ,0 ,1, 1
49 ,35, 28, '15 22 15 14 9 11 12 18 ' ,'0 0 0 0 0 0 0 0 ' ,13 ,1 ,0, 0
57 ,39, 34, '17 19 22 26 16 11 15 16 ' ,'0 0 0 0 0 0 0 0 ' ,15 ,1 ,0, 0
49 ,41, 29, '18 24 18 17 14 11 16 13 ' ,'0 0 0 0 0 0 0 0 ' ,12 ,0 ,0, 0
50 ,40, 25, '16 17 16 17 14 9 15 13 ' ,'0 0 0 0 0 0 0 0 ' ,10 ,0 ,0, 0
48 ,39, 29, '20 19 18 22 17 14 14 18 ' ,'0 0 0 0 0 0 0 0 ' ,10 ,1 ,0, 0
46 ,37, 29, '22 23 16 21 13 17 17 12 ' ,'0 0 0 0 0 0 0 0 ' ,10 ,1 ,1, 1
48 ,38, 30, '22 21 18 23 13 16 15 12 ' ,'0 0 0 0 0 0 0 0 ' ,12 ,1 ,0, 0
43 ,35, 26, '17 14 17 18 15 16 10 15 ' ,'0 0 0 0 0 0 0 0 ' ,9 ,1 ,1, 1
46 ,32, 30, '19 20 24 20 19 16 15 18 ' ,'0 0 0 0 0 0 0 0 ' ,10 ,0 ,0, 0
55 ,37, 38, '19 13 19 16 16 16 9 14 ' ,'0 0 0 0 0 0 0 0 ' ,18 ,1 ,1, 1
54 ,50, 34, '19 20 27 25 15 14 14 20 ' ,'0 0 0 0 0 0 0 0 ' ,15 ,1 ,1, 1
52 ,43, 33, '17 19 21 20 16 16 13 15 ' ,'0 0 0 0 0 0 0 0 ' ,13 ,1 ,0, 0
50 ,42, 28, '14 14 16 22 9 16 10 11 ' ,'0 0 0 0 0 0 0 0 ' ,13 ,1 ,0, 0
53 ,41, 29, '13 21 16 16 16 12 18 9 ' ,'0 0 0 0 0 0 0 0 ' ,12 ,0 ,0, 0
48 ,42, 29, '13 18 22 17 14 9 13 14 ' ,'0 0 0 0 0 0 0 0 ' ,16 ,1 ,0, 0
59 ,40, 27, '18 24 17 22 12 13 17 12 ' ,'0 0 0 0 0 0 0 0 ' ,19 ,1 ,0, 0
55 ,47, 36, '17 19 22 27 13 11 14 17 ' ,'0 0 0 0 0 0 0 0 ' ,22 ,1 ,0, 0
54 ,49, 32, '15 15 21 25 10 10 10 17 ' ,'0 0 0 0 0 0 0 0 ' ,17 ,0 ,0, 0
61 ,44, 34, '23 17 19 28 12 17 16 14 ' ,'0 0 0 0 0 0 0 0 ' ,15 ,1 ,1, 0
53 ,46, 30, '17 12 17 20 15 10 8 10 ' ,'0 0 0 0 0 0 0 0 ' ,16 ,1 ,1, 1
48 ,43, 29, '23 13 15 21 9 19 10 16 ' ,'0 0 0 0 0 0 0 0 ' ,14 ,1 ,0, 0
55 ,45, 34, '27 26 22 21 13 21 13 16 ' ,'0 0 0 0 0 0 0 0 ' ,15 ,1 ,1, 1
52 ,46, 30, '16 18 20 19 19 9 12 14 ' ,'0 0 0 0 0 0 0 0 ' ,16 ,0 ,0, 0
54 ,41, 33, '20 17 27 19 11 11 12 25 ' ,'0 0 0 0 0 0 0 0 ' ,17 ,1 ,0, 0
56 ,45, 31, '16 23 25 24 12 12 18 13 ' ,'0 0 0 0 0 0 0 0 ' ,17 ,1 ,0, 0
52 ,44, 27, '20 16 19 19 10 18 20 15 ' ,'0 0 0 0 0 0 0 0 ' ,8 ,1 ,0, 0
52 ,41, 29, '21 19 18 21 10 16 12 12 ' ,'0 0 0 0 0 0 0 0 ' ,11 ,1 ,0, 0
54 ,44, 29, '13 14 21 27 19 10 9 16 ' ,'0 0 0 0 0 0 0 0 ' ,20 ,1 ,0, 0
42 ,45, 25, '13 16 16 18 9 10 12 9 ' ,'0 0 0 0 0 0 0 0 ' ,11 ,1 ,1, 1
66 ,34, 37, '26 12 19 18 16 11 12 14 ' ,'0 0 0 0 0 0 0 0 ' ,18 ,1 ,0, 0
52 ,49, 28, '20 17 19 20 16 10 14 14 ' ,'0 0 0 0 0 0 0 0 ' ,14 ,1 ,1, 1
53 ,41, 31, '13 19 23 21 17 9 15 17 ' ,'0 0 0 0 0 0 0 0 ' ,17 ,1 ,0, 0
50 ,43, 28, '18 15 21 20 12 15 10 19 ' ,'0 0 0 0 0 0 0 0 ' ,12 ,0 ,0, 0
53 ,40, 33, '16 27 20 19 12 11 19 16 ' ,'0 0 0 0 0 0 0 0 ' ,16 ,1 ,0, 0
58 ,43, 34, '22 26 24 25 12 16 17 19 ' ,'0 0 0 0 0 0 0 0 ' ,13 ,1 ,0, 0
61 ,46, 36, '29 25 25 27 14 23 16 19 ' ,'0 0 0 0 0 0 0 0 ' ,15 ,1 ,0, 0
54 ,49, 28, '14 13 14 20 9 9 9 11 ' ,'0 0 0 0 0 0 0 0 ' ,17 ,0 ,0, 0
53 ,41, 28, '17 13 19 19 8 14 11 15 ' ,'0 0 0 0 0 0 0 0 ' ,11 ,1 ,0, 0
59 ,40, 37, '16 23 18 31 11 10 19 14 ' ,'0 0 0 0 0 0 0 0 ' ,23 ,1 ,0, 0
46 ,46, 29, '17 22 19 15 16 10 12 15 ' ,'0 0 0 0 0 0 0 0 ' ,14 ,1 ,0, 0
48 ,35, 32, '19 22 25 23 20 15 15 20 ' ,'0 0 0 0 0 0 0 0 ' ,14 ,1 ,0, 0
44 ,38, 29, '23 18 23 15 19 9 19 13 ' ,'0 0 0 0 0 0 0 0 ' ,9 ,1 ,0, 0
41 ,35, 26, '19 18 20 16 17 10 15 12 ' ,'0 0 0 0 0 0 0 0 ' ,11 ,0 ,1, 1
45 ,32, 29, '17 17 19 19 16 10 13 15 ' ,'0 0 0 0 0 0 0 0 ' ,17 ,4 ,0, 0
60 ,36, 40, '13 15 15 33 10 9 11 11 ' ,'0 0 0 0 0 0 0 0 ' ,26 ,1 ,0, 0
48 ,51, 29, '14 24 18 13 14 10 17 15 ' ,'0 0 0 0 0 0 0 0 ' ,15 ,0 ,0, 0
48 ,38, 26, '13 20 14 20 8 9 14 11 ' ,'0 0 0 0 0 0 0 0 ' ,14 ,1 ,0, 0
65 ,37, 44, '19 20 23 37 15 13 14 17 ' ,'0 0 0 0 0 0 0 0 ' ,26 ,1 ,1, 1
75 ,54, 56, '20 20 23 23 13 13 16 16 ' ,'0 0 0 0 0 0 0 0 ' ,38 ,26 ,0, 0
54 ,67, 29, '14 22 20 21 12 13 12 15 ' ,'0 0 0 0 0 0 0 0 ' ,11 ,0 ,1, 1
61 ,42, 38, '23 17 21 30 11 19 14 12 ' ,'0 0 0 0 0 0 0 0 ' ,20 ,1 ,0, 0
56 ,50, 34, '20 22 16 25 10 9 9 11 ' ,'0 0 0 0 0 0 0 0 ' ,18 ,0 ,1, 1
55 ,46, 31, '26 23 24 23 20 21 15 18 ' ,'0 0 0 0 0 0 0 0 ' ,11 ,0 ,0, 0
73 ,43, 46, '17 17 20 20 9 14 13 15 ' ,'0 0 0 0 0 0 0 0 ' ,29 ,21 ,0, 0
49 ,60, 27, '19 21 20 21 10 10 16 16 ' ,'0 0 0 0 0 0 0 0 ' ,11 ,1 ,1, 0
49 ,39, 29, '14 21 17 16 13 9 15 12 ' ,'0 0 0 0 0 0 0 0 ' ,11 ,0 ,1, 1
56 ,40, 36, '19 16 20 28 11 11 18 12 ' ,'0 0 0 0 0 0 0 0 ' ,18 ,1 ,1, 1
48 ,47, 26, '19 17 19 16 9 16 14 13 ' ,'0 0 0 0 0 0 0 0 ' ,8 ,1 ,0, 0
74 ,38, 52, '13 23 13 21 8 9 9 10 ' ,'0 0 0 0 0 0 0 0 ' ,36 ,21 ,1, 0
57 ,63, 27, '14 16 19 16 8 10 12 15 ' ,'0 0 0 0 0 0 0 0 ' ,13 ,1 ,0, 0
48 ,42, 29, '22 22 20 21 10 17 15 14 ' ,'0 0 0 0 0 0 0 0 ' ,9 ,1 ,0, 0
53 ,39, 32, '16 19 21 21 10 12 14 15 ' ,'0 0 0 0 0 0 0 0 ' ,14 ,1 ,0, 0
64 ,42, 36, '18 19 15 14 16 13 16 18 ' ,'0 0 0 0 0 0 0 0 ' ,21 ,1 ,0, 0
82 ,49, 50, '14 20 18 22 9 9 15 11 ' ,'0 0 0 0 0 0 0 0 ' ,41 ,26 ,0, 0
51 ,67, 30, '22 20 22 21 11 10 13 17 ' ,'0 115 0 0 0 0 0 0 ' ,14 ,0 ,0, 0
54 ,45, 31, '14 24 17 16 13 9 18 12 ' ,'0 0 0 0 0 0 0 0 ' ,18 ,1 ,1, 1
59 ,44, 31, '21 19 22 21 15 10 10 18 ' ,'0 0 0 0 0 0 0 0 ' ,14 ,1 ,0, 0
57 ,44, 30, '22 24 17 21 10 11 10 12 ' ,'0 0 0 0 0 0 0 0 ' ,13 ,1 ,0, 0
89 ,46, 60, '34 38 34 33 27 25 27 28 ' ,'0 0 0 0 0 0 0 0 ' ,31 ,15 ,0, 0
73 ,72, 50, '39 39 39 35 30 23 23 29 ' ,'0 0 0 0 0 0 0 0 ' ,23 ,1 ,1, 1
72 ,61, 53, '40 41 34 46 23 28 28 23 ' ,'0 0 0 0 0 0 0 0 ' ,23 ,0 ,0, 0
79 ,63, 57, '47 42 40 44 34 27 26 32 ' ,'0 0 0 0 0 0 0 0 ' ,24 ,1 ,0, 0
228 ,68, 202, '139 118 177 196 98 154 123 93 ' ,'0 0 0 0 0 0 0 0 ' ,100 ,0 ,0, 0
98 ,215, 75, '29 43 30 44 30 27 32 23 ' ,'0 0 0 0 0 0 0 0 ' ,43 ,22 ,1, 1
68 ,90, 53, '44 36 40 41 37 28 21 30 ' ,'0 0 0 0 0 0 0 0 ' ,23 ,1 ,1, 0
166 ,59, 150, '39 37 41 144 35 36 24 29 ' ,'0 0 0 102 0 0 0 0 ' ,112 ,1 ,0, 0
71 ,159, 54, '47 43 41 42 25 30 31 30 ' ,'0 0 0 0 0 0 0 0 ' ,23 ,1 ,1, 1
66 ,61, 51, '36 43 42 38 26 22 29 32 ' ,'0 0 0 0 0 0 0 0 ' ,24 ,1 ,1, 1
68 ,56, 53, '38 40 43 44 25 25 27 33 ' ,'0 0 0 0 0 0 0 0 ' ,23 ,0 ,1, 1
78 ,58, 55, '46 37 44 45 22 36 20 24 ' ,'0 0 0 0 0 0 0 0 ' ,24 ,1 ,1, 1
77 ,67, 56, '49 42 38 48 33 29 29 25 ' ,'0 0 0 0 0 0 0 0 ' ,24 ,0 ,0, 0
77 ,66, 49, '38 43 40 31 30 33 30 34 ' ,'0 0 0 0 0 0 0 0 ' ,15 ,1 ,0, 0
72 ,69, 52, '32 45 43 43 25 23 34 21 ' ,'0 0 0 0 0 0 0 0 ' ,24 ,1 ,0, 0
79 ,64, 58, '38 42 41 49 30 19 16 27 ' ,'0 0 0 0 0 0 0 0 ' ,36 ,1 ,0, 0
75 ,68, 57, '45 35 46 47 29 31 27 34 ' ,'0 0 0 0 0 0 0 0 ' ,24 ,1 ,0, 0
82 ,67, 57, '44 44 39 50 29 27 38 29 ' ,'0 0 0 0 0 0 0 0 ' ,25 ,0 ,0, 0
72 ,68, 52, '43 46 40 42 25 26 40 31 ' ,'0 0 0 0 0 0 0 0 ' ,22 ,0 ,0, 0
80 ,63, 56, '42 43 42 43 31 27 36 27 ' ,'0 0 0 0 0 0 0 0 ' ,18 ,1 ,1, 1
79 ,68, 57, '33 48 40 49 29 34 37 35 ' ,'0 0 0 0 0 0 0 0 ' ,18 ,1 ,0, 0
199 ,72, 179, '83 92 95 82 87 88 170 92 ' ,'0 0 0 0 0 0 0 0 ' ,90 ,1 ,0, 0
82 ,190, 61, '39 54 37 51 29 32 37 30 ' ,'0 0 0 0 0 0 0 0 ' ,25 ,1 ,0, 0
78 ,72, 57, '49 50 46 44 27 31 34 34 ' ,'0 0 0 0 0 0 0 0 ' ,21 ,1 ,0, 0
86 ,66, 61, '42 54 46 42 30 33 32 36 ' ,'0 0 0 0 0 0 0 0 ' ,27 ,1 ,0, 0
78 ,76, 55, '37 41 49 43 32 28 24 33 ' ,'0 0 0 0 0 0 0 0 ' ,26 ,0 ,0, 0
71 ,67, 52, '41 34 41 45 33 23 27 27 ' ,'0 0 0 0 0 0 0 0 ' ,23 ,0 ,1, 1
80 ,61, 60, '40 50 38 53 30 40 33 28 ' ,'0 0 0 0 0 0 0 0 ' ,25 ,1 ,1, 1
80 ,70, 59, '42 45 50 49 26 30 37 34 ' ,'0 0 0 0 0 0 0 0 ' ,19 ,1 ,1, 1
76 ,70, 52, '36 47 40 44 29 28 41 34 ' ,'0 0 0 0 0 0 0 0 ' ,22 ,1 ,0, 0
80 ,65, 62, '36 43 44 51 41 30 36 25 ' ,'0 0 0 0 0 0 0 0 ' ,31 ,1 ,1, 1
75 ,70, 57, '40 46 52 50 35 33 29 33 ' ,'0 0 0 0 0 0 0 0 ' ,18 ,0 ,0, 0
85 ,67, 66, '46 50 45 61 24 31 35 29 ' ,'0 0 0 0 0 0 0 0 ' ,32 ,1 ,0, 0
86 ,76, 65, '42 57 49 49 27 39 34 29 ' ,'0 0 0 0 0 0 0 0 ' ,30 ,1 ,0, 0
90 ,76, 63, '57 53 51 39 36 33 36 30 ' ,'0 0 0 0 0 0 0 0 ' ,27 ,1 ,1, 1
87 ,75, 57, '45 41 48 50 20 33 42 35 ' ,'0 0 0 0 0 0 0 0 ' ,19 ,0 ,0, 0
72 ,75, 52, '34 44 46 44 22 32 21 32 ' ,'0 0 0 0 0 0 0 0 ' ,27 ,0 ,0, 0
78 ,61, 57, '42 41 47 47 31 37 31 37 ' ,'0 0 0 0 0 0 0 0 ' ,19 ,1 ,1, 1
74 ,68, 51, '35 44 39 45 26 32 35 28 ' ,'0 0 0 0 0 0 0 0 ' ,18 ,0 ,1, 1
94 ,64, 62, '54 46 40 49 23 28 25 29 ' ,'0 0 0 0 0 0 0 0 ' ,30 ,1 ,0, 0
75 ,78, 54, '45 42 48 49 30 29 33 35 ' ,'0 0 0 0 0 0 0 0 ' ,21 ,1 ,0, 0
74 ,65, 59, '46 42 44 52 30 41 39 31 ' ,'0 0 0 0 0 0 0 0 ' ,24 ,1 ,1, 0
75 ,65, 55, '46 43 42 49 35 31 32 22 ' ,'0 0 0 0 0 0 0 0 ' ,26 ,0 ,1, 1
76 ,60, 60, '44 43 46 53 28 34 38 27 ' ,'0 0 0 0 0 0 0 0 ' ,27 ,1 ,1, 1
77 ,67, 62, '45 55 47 48 32 34 26 24 ' ,'0 0 0 0 0 0 0 0 ' ,31 ,1 ,1, 1
76 ,68, 62, '36 53 50 48 29 43 35 32 ' ,'0 0 0 0 0 0 0 0 ' ,27 ,1 ,1, 1
80 ,67, 58, '43 47 48 47 21 31 20 28 ' ,'0 0 0 0 0 0 0 0 ' ,32 ,1 ,1, 1
75 ,69, 57, '33 47 40 48 30 31 31 26 ' ,'0 0 0 0 0 0 0 0 ' ,23 ,1 ,1, 1
80 ,67, 60, '35 42 48 51 33 38 28 36 ' ,'0 0 0 0 0 0 0 0 ' ,24 ,1 ,0, 0
81 ,67, 60, '44 50 35 41 24 30 25 32 ' ,'0 0 0 0 0 0 0 0 ' ,29 ,3 ,1, 1
76 ,70, 52, '34 39 33 42 27 30 27 23 ' ,'0 0 0 0 0 0 0 0 ' ,22 ,0 ,1, 1
60 ,63, 40, '28 23 31 31 13 23 19 22 ' ,'0 0 0 0 0 0 0 0 ' ,14 ,1 ,1, 1
58 ,47, 39, '26 24 31 28 14 17 23 19 ' ,'0 0 0 0 0 0 0 0 ' ,16 ,1 ,0, 0
63 ,51, 42, '23 30 35 26 16 15 13 20 ' ,'0 0 0 0 0 0 0 0 ' ,16 ,1 ,0, 0
57 ,51, 36, '27 25 22 29 13 19 15 15 ' ,'0 0 0 0 0 0 0 0 ' ,13 ,1 ,1, 1
57 ,48, 35, '26 22 26 24 18 21 16 18 ' ,'0 0 0 0 0 0 0 0 ' ,13 ,1 ,1, 1
57 ,44, 36, '25 24 23 26 14 21 21 13 ' ,'0 0 0 0 0 0 0 0 ' ,14 ,0 ,0, 0
56 ,49, 36, '24 25 29 25 13 13 17 21 ' ,'0 0 0 0 0 0 0 0 ' ,18 ,0 ,0, 0
52 ,47, 31, '19 19 24 23 13 14 13 14 ' ,'0 0 0 0 0 0 0 0 ' ,13 ,1 ,0, 0
60 ,41, 39, '21 21 21 29 13 17 11 15 ' ,'0 0 0 0 0 0 0 0 ' ,21 ,1 ,1, 1
59 ,51, 35, '27 23 24 28 15 20 17 19 ' ,'0 0 0 0 0 0 0 0 ' ,12 ,1 ,0, 0
58 ,48, 37, '22 28 20 29 16 17 19 14 ' ,'0 0 0 0 0 0 0 0 ' ,17 ,1 ,1, 0
62 ,46, 40, '21 32 19 24 16 14 13 12 ' ,'0 0 0 0 0 0 0 0 ' ,24 ,1 ,1, 1
55 ,51, 33, '21 23 22 21 13 12 12 17 ' ,'0 0 0 0 0 0 0 0 ' ,16 ,1 ,0, 0
62 ,43, 41, '29 28 26 34 16 18 23 16 ' ,'0 0 0 0 0 0 0 0 ' ,18 ,1 ,1, 1
63 ,51, 42, '21 22 25 22 21 12 18 17 ' ,'0 0 0 0 0 0 0 0 ' ,24 ,1 ,1, 1
57 ,52, 37, '24 22 22 27 18 18 11 16 ' ,'0 0 0 0 0 0 0 0 ' ,18 ,1 ,0, 0
56 ,44, 40, '25 32 31 34 16 16 23 23 ' ,'0 0 0 0 0 0 0 0 ' ,18 ,0 ,1, 1
58 ,50, 32, '18 22 29 20 15 21 19 20 ' ,'0 0 0 0 0 0 0 0 ' ,12 ,0 ,0, 0
62 ,46, 40, '21 25 32 26 13 17 18 19 ' ,'0 0 0 0 0 0 0 0 ' ,17 ,0 ,1, 1
70 ,53, 50, '42 21 23 24 18 14 17 18 ' ,'0 0 0 0 0 0 0 0 ' ,27 ,1 ,1, 1
59 ,59, 37, '23 26 27 22 12 16 17 21 ' ,'0 0 0 0 0 0 0 0 ' ,15 ,1 ,1, 1
66 ,49, 45, '23 18 22 37 11 18 11 21 ' ,'0 0 0 0 0 0 0 0 ' ,28 ,1 ,1, 1
57 ,57, 37, '17 26 20 27 19 15 17 12 ' ,'0 0 0 0 0 0 0 0 ' ,20 ,1 ,0, 0
59 ,48, 36, '20 24 25 26 13 16 22 22 ' ,'0 0 0 0 0 0 0 0 ' ,13 ,1 ,0, 0
60 ,48, 38, '31 23 28 24 13 24 20 18 ' ,'0 0 0 0 0 0 0 0 ' ,15 ,1 ,1, 1
49 ,48, 34, '19 21 26 22 19 13 17 18 ' ,'0 0 0 0 0 0 0 0 ' ,16 ,1 ,0, 0
53 ,40, 36, '20 25 20 30 16 21 20 13 ' ,'0 0 0 0 0 0 0 0 ' ,18 ,1 ,1, 0
73 ,41, 57, '41 38 35 30 23 20 22 24 ' ,'0 0 0 0 0 0 0 0 ' ,32 ,1 ,0, 0
52 ,62, 34, '18 21 24 27 16 12 15 16 ' ,'0 0 0 0 0 0 0 0 ' ,18 ,0 ,0, 0
58 ,42, 42, '27 32 27 33 21 16 22 18 ' ,'0 0 0 0 0 0 0 0 ' ,22 ,1 ,0, 0
54 ,48, 33, '18 21 26 26 12 22 15 14 ' ,'0 0 0 0 0 0 0 0 ' ,13 ,1 ,1, 1
54 ,44, 33, '20 23 25 26 14 13 17 19 ' ,'0 0 0 0 0 0 0 0 ' ,16 ,1 ,0, 0
65 ,43, 42, '22 19 20 25 22 16 12 13 ' ,'0 0 0 0 0 0 0 0 ' ,24 ,1 ,0, 0
60 ,61, 36, '26 26 21 22 13 21 16 17 ' ,'0 0 0 0 0 0 0 0 ' ,13 ,1 ,0, 0
61 ,51, 40, '19 21 30 30 13 13 14 16 ' ,'0 0 0 0 0 0 0 0 ' ,20 ,1 ,1, 1
59 ,51, 37, '17 23 28 29 14 17 18 20 ' ,'0 0 0 0 0 0 0 0 ' ,14 ,1 ,1, 1
56 ,49, 34, '16 20 26 19 11 23 16 19 ' ,'0 0 0 0 0 0 0 0 ' ,12 ,0 ,0, 0
61 ,45, 40, '22 26 21 33 10 19 22 16 ' ,'0 0 0 0 0 0 0 0 ' ,17 ,1 ,0, 0
60 ,50, 36, '19 20 21 30 11 17 11 17 ' ,'0 0 0 0 0 0 0 0 ' ,20 ,1 ,0, 0
57 ,50, 36, '30 18 22 20 11 19 12 16 ' ,'0 0 0 0 0 0 0 0 ' ,17 ,0 ,0, 0
58 ,49, 35, '16 17 25 23 10 20 19 18 ' ,'0 0 0 0 0 0 0 0 ' ,12 ,1 ,0, 0
56 ,52, 35, '19 20 26 22 12 12 13 18 ' ,'0 0 0 0 0 0 0 0 ' ,17 ,1 ,0, 0
51 ,46, 33, '21 19 24 24 10 12 14 19 ' ,'0 0 0 0 0 0 0 0 ' ,13 ,1 ,0, 0
58 ,44, 38, '30 25 24 23 10 21 14 15 ' ,'0 0 0 0 0 0 0 0 ' ,16 ,1 ,0, 0
63 ,51, 37, '26 26 22 26 12 16 18 16 ' ,'0 0 0 0 0 0 0 0 ' ,16 ,0 ,0, 0
56 ,54, 36, '27 28 23 30 11 19 20 13 ' ,'0 0 0 0 0 0 0 0 ' ,17 ,1 ,0, 0
56 ,45, 33, '26 16 22 22 12 21 18 18 ' ,'0 0 0 0 0 0 0 0 ' ,11 ,0 ,0, 0
94 ,44, 62, '48 43 44 54 24 40 32 30 ' ,'0 0 0 0 0 0 0 0 ' ,26 ,1 ,0, 0
97 ,78, 72, '48 64 48 43 24 31 31 37 ' ,'0 0 0 0 0 0 0 0 ' ,37 ,1 ,0, 0
84 ,83, 60, '53 47 48 53 34 34 31 39 ' ,'0 0 0 0 0 0 0 0 ' ,24 ,0 ,0, 0
87 ,73, 66, '54 48 58 57 35 32 33 37 ' ,'0 0 0 0 0 0 0 0 ' ,30 ,1 ,0, 0
83 ,78, 64, '29 49 53 55 38 27 37 36 ' ,'0 0 0 0 0 0 0 0 ' ,29 ,0 ,1, 0
85 ,74, 65, '57 46 50 43 27 33 32 36 ' ,'0 0 0 0 0 0 0 0 ' ,27 ,1 ,1, 1
96 ,76, 66, '46 56 48 48 40 38 34 32 ' ,'0 0 0 0 0 0 0 0 ' ,25 ,1 ,1, 1
89 ,82, 61, '51 46 42 46 30 33 31 36 ' ,'0 0 0 0 0 0 0 0 ' ,24 ,1 ,1, 1
86 ,69, 63, '50 57 49 57 36 35 36 33 ' ,'0 0 0 0 0 0 0 0 ' ,25 ,1 ,0, 0
318 ,74, 57, '46 49 43 47 33 39 34 22 ' ,'0 0 0 0 0 0 0 0 ' ,30 ,1 ,0, 0
95 ,68, 73, '46 54 56 52 47 31 40 29 ' ,'0 0 0 0 0 0 0 0 ' ,35 ,1 ,0, 0
91 ,82, 67, '48 46 50 58 31 38 19 34 ' ,'0 0 0 0 0 0 0 0 ' ,42 ,1 ,1, 1
85 ,76, 63, '47 50 44 55 27 41 37 33 ' ,'0 0 0 0 0 0 0 0 ' ,23 ,1 ,1, 1
73 ,72, 58, '46 40 45 48 30 28 32 30 ' ,'0 0 0 0 0 0 0 0 ' ,24 ,1 ,0, 0
83 ,63, 63, '47 44 49 56 30 32 29 37 ' ,'0 0 0 0 0 0 0 0 ' ,28 ,1 ,0, 0
77 ,69, 62, '53 43 39 49 34 34 30 24 ' ,'0 0 0 0 0 0 0 0 ' ,29 ,0 ,1, 1
77 ,68, 63, '43 39 43 55 24 35 40 25 ' ,'0 0 0 0 0 0 0 0 ' ,32 ,1 ,1, 1
78 ,68, 63, '48 35 47 54 28 31 33 31 ' ,'0 0 0 0 0 0 0 0 ' ,28 ,0 ,0, 0
80 ,69, 60, '44 42 52 45 21 26 30 34 ' ,'0 0 0 0 0 0 0 0 ' ,29 ,1 ,0, 0
71 ,71, 52, '42 34 38 41 32 27 24 27 ' ,'0 0 0 0 0 0 0 0 ' ,23 ,1 ,1, 1
79 ,59, 59, '50 38 44 46 36 39 19 35 ' ,'0 0 0 0 0 0 0 0 ' ,31 ,1 ,1, 1
72 ,69, 52, '39 43 44 38 24 27 25 34 ' ,'0 0 0 0 0 0 0 0 ' ,22 ,0 ,0, 0
69 ,61, 46, '33 35 25 39 17 17 25 38 ' ,'0 0 0 0 0 0 0 0 ' ,24 ,1 ,0, 0
104 ,59, 84, '37 36 42 47 25 21 27 31 ' ,'0 0 0 0 0 0 0 0 ' ,58 ,32 ,0, 0
71 ,95, 49, '34 29 40 34 26 33 23 25 ' ,'0 0 0 0 0 0 0 0 ' ,21 ,1 ,0, 0
72 ,58, 48, '35 37 41 39 28 24 34 20 ' ,'0 0 0 0 0 0 0 0 ' ,22 ,0 ,0, 0
67 ,62, 49, '32 41 34 36 17 19 22 26 ' ,'0 0 0 0 0 0 0 0 ' ,26 ,1 ,0, 0
74 ,59, 53, '32 37 34 48 23 22 26 24 ' ,'0 0 0 0 0 0 0 0 ' ,30 ,1 ,0, 0
116 ,66, 94, '42 38 38 31 26 26 31 21 ' ,'0 0 0 0 0 0 0 0 ' ,67 ,45 ,0, 0
71 ,107, 50, '39 40 32 40 23 31 32 22 ' ,'0 0 0 0 0 0 0 0 ' ,22 ,1 ,1, 1
72 ,58, 47, '30 33 36 34 28 29 28 40 ' ,'0 0 0 0 0 0 0 0 ' ,13 ,0 ,0, 0
73 ,62, 46, '35 38 31 37 21 21 28 18 ' ,'0 0 0 0 0 0 0 0 ' ,19 ,0 ,0, 0
68 ,58, 45, '32 38 34 36 28 15 27 28 ' ,'0 0 0 0 0 0 0 0 ' ,25 ,1 ,0, 0
100 ,52, 78, '34 32 32 41 24 29 27 29 ' ,'0 0 0 0 0 0 0 0 ' ,44 ,29 ,0, 0
79 ,87, 54, '31 35 31 46 21 25 18 24 ' ,'0 0 0 0 0 0 0 0 ' ,32 ,1 ,1, 1
72 ,67, 48, '26 29 30 41 20 24 32 29 ' ,'0 0 0 0 0 0 0 0 ' ,16 ,1 ,0, 0
79 ,61, 56, '35 47 39 38 29 20 27 25 ' ,'0 0 0 0 0 0 0 0 ' ,30 ,1 ,0, 0
71 ,66, 49, '32 35 39 36 28 24 30 27 ' ,'0 0 0 0 0 0 0 0 ' ,20 ,1 ,0, 0
91 ,61, 72, '33 30 32 40 23 21 33 30 ' ,'0 0 0 0 0 0 0 0 ' ,45 ,27 ,0, 0
75 ,83, 55, '46 42 39 41 26 27 22 17 ' ,'0 0 0 0 0 0 0 0 ' ,32 ,1 ,0, 0
70 ,71, 51, '38 40 36 37 37 21 33 24 ' ,'0 0 0 0 0 0 0 0 ' ,26 ,1 ,0, 0
77 ,58, 53, '37 41 46 41 20 32 36 34 ' ,'0 0 0 0 0 0 0 0 ' ,19 ,1 ,0, 0
75 ,66, 52, '36 45 42 42 24 27 29 29 ' ,'0 0 0 0 0 0 0 0 ' ,20 ,1 ,1, 1
101 ,64, 79, '39 50 35 33 25 23 22 18 ' ,'0 0 0 0 0 0 0 0 ' ,56 ,22 ,0, 0
71 ,92, 52, '39 38 41 40 28 26 20 24 ' ,'0 0 0 0 0 0 0 0 ' ,26 ,1 ,1, 1
73 ,63, 54, '46 40 40 40 25 18 25 33 ' ,'0 0 0 0 0 0 0 0 ' ,31 ,1 ,0, 0
78 ,64, 51, '41 39 39 41 22 28 28 29 ' ,'0 0 0 0 0 0 0 0 ' ,19 ,1 ,0, 0
161 ,64, 138, '31 36 37 39 24 19 23 27 ' ,'0 0 0 0 0 0 0 0 ' ,113 ,1 ,0, 0
70 ,150, 55, '44 43 47 44 24 22 31 25 ' ,'0 0 0 0 0 0 0 0 ' ,28 ,0 ,1, 1
71 ,60, 54, '36 37 36 47 29 27 27 26 ' ,'0 0 0 0 0 0 0 0 ' ,22 ,1 ,0, 0
67 ,63, 49, '41 36 39 42 22 32 33 23 ' ,'0 0 0 0 0 0 0 0 ' ,20 ,0 ,0, 0
66 ,60, 51, '41 37 42 38 34 26 20 25 ' ,'0 0 0 0 0 0 0 0 ' ,25 ,0 ,1, 1
69 ,58, 51, '41 35 39 45 36 32 33 30 ' ,'0 0 0 0 0 0 0 0 ' ,14 ,1 ,0, 0
71 ,59, 51, '37 39 40 42 31 25 26 27 ' ,'0 0 0 0 0 0 0 0 ' ,20 ,1 ,1, 1
79 ,58, 58, '40 42 35 51 24 27 24 35 ' ,'0 0 0 0 0 0 0 0 ' ,27 ,1 ,1, 1
73 ,69, 52, '35 28 43 43 15 27 21 24 ' ,'0 0 0 0 0 0 0 0 ' ,25 ,1 ,1, 1
78 ,61, 53, '36 39 39 46 24 25 28 23 ' ,'0 0 0 0 0 0 0 0 ' ,23 ,1 ,1, 1
77 ,65, 51, '45 35 38 33 25 35 30 35 ' ,'0 0 0 0 0 0 0 0 ' ,17 ,0 ,0, 0
82 ,64, 54, '44 44 41 40 27 38 31 34 ' ,'0 0 0 0 0 0 0 0 ' ,18 ,1 ,0, 0
70 ,69, 51, '39 43 34 39 26 28 28 23 ' ,'0 0 0 0 0 0 0 0 ' ,22 ,1 ,1, 1
74 ,64, 49, '37 27 40 35 25 26 31 27 ' ,'0 0 0 0 0 0 0 0 ' ,17 ,1 ,1, 1
70 ,63, 47, '36 35 39 38 24 21 27 26 ' ,'0 0 0 0 0 0 0 0 ' ,22 ,1 ,0, 0
105 ,58, 61, '38 27 34 34 21 31 25 22 ' ,'0 0 0 0 0 0 0 0 ' ,30 ,1 ,1, 1
95 ,83, 63, '39 37 38 43 27 24 23 24 ' ,'0 0 0 0 0 0 0 0 ' ,35 ,1 ,0, 0
113 ,72, 60, '30 43 36 42 25 18 32 26 ' ,'0 0 0 0 0 0 0 0 ' ,39 ,1 ,0, 0
94 ,79, 55, '31 46 28 42 30 23 31 26 ' ,'0 0 0 0 0 0 0 0 ' ,26 ,0 ,0, 0
96 ,68, 63, '49 50 40 38 28 35 31 24 ' ,'0 0 0 0 0 0 0 0 ' ,29 ,1 ,0, 0
97 ,79, 52, '41 44 28 42 27 25 29 21 ' ,'0 0 0 0 0 0 0 0 ' ,21 ,0 ,0, 0
114 ,67, 76, '66 44 34 47 34 27 35 30 ' ,'0 0 0 0 0 0 0 0 ' ,35 ,1 ,0, 0
104 ,88, 68, '33 50 48 37 27 17 25 31 ' ,'0 0 0 0 0 0 0 0 ' ,45 ,1 ,0, 0
102 ,82, 62, '35 48 35 40 20 27 25 20 ' ,'0 0 0 0 0 0 0 0 ' ,30 ,1 ,0, 0
113 ,77, 74, '60 45 34 40 37 41 24 23 ' ,'0 0 0 0 0 0 0 0 ' ,38 ,1 ,0, 0
91 ,86, 63, '45 55 36 43 24 20 27 27 ' ,'0 0 0 0 0 0 0 0 ' ,38 ,1 ,0, 0
71 ,77, 54, '34 43 45 36 19 18 26 35 ' ,'0 0 0 0 0 0 0 0 ' ,31 ,1 ,0, 0
81 ,64, 57, '38 38 48 44 30 26 27 35 ' ,'0 0 0 0 0 0 0 0 ' ,25 ,0 ,0, 0
115 ,71, 68, '37 38 47 43 29 24 31 25 ' ,'0 0 0 0 0 0 0 0 ' ,41 ,1 ,0, 0
125 ,84, 69, '42 40 46 42 29 22 20 26 ' ,'0 0 0 0 0 0 0 0 ' ,41 ,1 ,1, 1
103 ,80, 62, '41 39 35 47 33 37 22 20 ' ,'0 0 0 0 0 0 0 0 ' ,35 ,1 ,0, 0
105 ,82, 67, '43 57 42 46 28 21 26 22 ' ,'0 0 0 0 0 0 0 0 ' ,39 ,0 ,0, 0
116 ,80, 74, '30 32 36 33 37 24 18 30 ' ,'0 0 0 0 0 0 0 0 ' ,36 ,1 ,0, 0
117 ,84, 78, '36 41 51 40 27 28 22 22 ' ,'0 0 0 0 0 0 0 0 ' ,46 ,1 ,0, 0
100 ,89, 63, '42 39 38 39 22 24 29 42 ' ,'0 0 0 0 0 0 0 0 ' ,33 ,1 ,0, 0
96 ,76, 58, '37 45 31 50 28 26 28 22 ' ,'0 0 0 0 0 0 0 0 ' ,24 ,1 ,1, 1
98 ,67, 60, '40 41 39 39 30 25 24 24 ' ,'0 0 0 0 0 0 0 0 ' ,33 ,1 ,0, 0
103 ,76, 68, '52 40 42 53 38 36 33 25 ' ,'0 0 0 0 0 0 0 0 ' ,26 ,1 ,1, 1
99 ,80, 58, '34 45 34 48 24 28 33 27 ' ,'0 0 0 0 0 0 0 0 ' ,28 ,1 ,0, 0
96 ,75, 61, '40 34 36 39 36 28 35 29 ' ,'0 0 0 0 0 0 0 0 ' ,26 ,1 ,0, 0
90 ,73, 60, '37 41 35 45 25 27 31 25 ' ,'0 0 0 0 0 0 0 0 ' ,27 ,1 ,0, 0
137 ,70, 100, '37 41 42 45 31 25 29 37 ' ,'0 0 0 0 0 0 0 0 ' ,67 ,22 ,0, 0
97 ,114, 64, '40 55 33 47 30 25 29 30 ' ,'0 0 0 0 0 0 0 0 ' ,30 ,0 ,0, 0
103 ,80, 62, '39 37 38 47 21 31 35 29 ' ,'0 0 0 0 0 0 0 0 ' ,29 ,0 ,1, 1
103 ,77, 62, '40 45 39 33 28 36 30 23 ' ,'0 0 0 0 0 0 0 0 ' ,28 ,1 ,1, 1
103 ,79, 67, '37 46 47 40 35 22 39 18 ' ,'0 0 0 0 0 0 0 0 ' ,37 ,1 ,0, 0
105 ,76, 72, '49 51 46 38 43 27 25 24 ' ,'0 0 0 0 0 0 0 0 ' ,42 ,1 ,0, 0
85 ,87, 62, '42 46 42 43 44 30 34 27 ' ,'0 0 0 0 0 0 0 0 ' ,27 ,1 ,1, 1
86 ,71, 62, '46 53 43 50 28 31 35 29 ' ,'0 0 0 0 0 0 0 0 ' ,25 ,1 ,1, 1
82 ,72, 59, '36 43 49 42 31 38 32 36 ' ,'0 0 0 0 0 0 0 0 ' ,22 ,1 ,0, 0
91 ,72, 65, '45 41 39 54 29 30 39 23 ' ,'0 0 0 0 0 0 0 0 ' ,33 ,0 ,0, 0
85 ,76, 64, '39 56 44 45 31 33 37 37 ' ,'0 0 0 0 0 0 0 0 ' ,24 ,0 ,0, 0
83 ,74, 59, '48 46 50 47 35 28 22 36 ' ,'0 0 0 0 0 0 0 0 ' ,30 ,1 ,0, 0
76 ,70, 54, '41 44 47 42 23 31 34 33 ' ,'0 0 0 0 0 0 0 0 ' ,19 ,1 ,1, 1
90 ,62, 67, '36 49 45 53 25 34 30 36 ' ,'0 0 0 0 0 0 0 0 ' ,21 ,1 ,0, 0
75 ,78, 55, '42 30 45 49 25 23 34 34 ' ,'0 0 0 0 0 0 0 0 ' ,28 ,1 ,0, 0
82 ,66, 61, '49 45 51 46 33 35 37 37 ' ,'0 0 0 0 0 0 0 0 ' ,21 ,1 ,0, 0
133 ,71, 111, '42 38 38 45 30 33 30 30 ' ,'0 0 0 0 0 0 0 0 ' ,16 ,0 ,1, 1
80 ,116, 58, '42 50 43 46 30 27 32 25 ' ,'0 0 0 0 0 0 0 0 ' ,27 ,1 ,0, 0
83 ,69, 58, '50 46 45 46 27 29 38 35 ' ,'0 0 0 0 0 0 0 0 ' ,21 ,0 ,0, 0
82 ,69, 63, '42 42 44 47 35 28 28 32 ' ,'0 0 0 0 0 0 0 0 ' ,30 ,1 ,1, 1
85 ,73, 60, '47 45 47 47 30 28 31 31 ' ,'0 0 0 0 0 0 0 0 ' ,26 ,1 ,1, 1
82 ,72, 62, '44 52 50 38 28 24 25 34 ' ,'0 0 0 0 0 0 0 0 ' ,33 ,1 ,0, 0
87 ,78, 63, '53 47 41 47 31 34 33 26 ' ,'0 0 0 0 0 0 0 0 ' ,29 ,1 ,0, 0
88 ,74, 62, '47 45 44 38 29 32 30 33 ' ,'0 0 0 0 0 0 0 0 ' ,24 ,1 ,0, 0
