203 ,0, 117, '57 53 52 55 ' ,'0 0 0 0 ' ,12 ,1 ,19, 18
2388 ,148, 1654, '671 732 656 1558 ' ,'0 0 0 0 ' ,911 ,2 ,64, 2
1058 ,1666, 1043, '781 968 849 629 ' ,'0 0 0 0 ' ,345 ,2 ,40, 3
904 ,1099, 889, '724 724 748 788 ' ,'0 0 0 0 ' ,69 ,1 ,82, 5
808 ,914, 792, '601 672 730 621 ' ,'0 0 0 0 ' ,128 ,1 ,49, 2
760 ,837, 745, '646 695 646 613 ' ,'0 0 0 0 ' ,84 ,2 ,35, 5
875 ,779, 859, '591 607 751 707 ' ,'0 0 0 0 ' ,162 ,2 ,96, 3
711 ,869, 699, '641 587 677 667 ' ,'0 0 0 0 ' ,92 ,3 ,11, 4
711 ,756, 696, '634 514 550 522 ' ,'0 0 0 0 ' ,128 ,3 ,48, 2
764 ,728, 749, '585 631 622 686 ' ,'0 0 0 0 ' ,110 ,2 ,49, 4
681 ,759, 664, '623 630 611 624 ' ,'0 0 0 0 ' ,22 ,2 ,25, 4
984 ,692, 969, '717 728 929 766 ' ,'0 0 0 0 ' ,220 ,2 ,26, 2
829 ,990, 807, '743 789 689 696 ' ,'0 0 0 0 ' ,103 ,2 ,9, 5
803 ,814, 786, '623 728 653 772 ' ,'0 0 0 0 ' ,145 ,1 ,11, 5
895 ,794, 881, '596 715 857 758 ' ,'0 0 0 0 ' ,267 ,2 ,12, 2
687 ,890, 673, '648 622 608 652 ' ,'0 0 0 0 ' ,46 ,2 ,12, 6
896 ,678, 882, '733 827 813 801 ' ,'0 0 0 0 ' ,100 ,3 ,43, 3
976 ,886, 957, '660 909 760 716 ' ,'0 0 0 0 ' ,249 ,1 ,41, 3
849 ,967, 835, '680 814 771 729 ' ,'0 0 0 0 ' ,137 ,1 ,11, 6
773 ,840, 757, '683 738 709 698 ' ,'0 0 0 0 ' ,57 ,1 ,10, 5
956 ,763, 943, '750 658 614 904 ' ,'0 0 0 0 ' ,292 ,1 ,29, 3
931 ,965, 915, '796 899 688 768 ' ,'0 0 0 0 ' ,211 ,1 ,9, 3
1048 ,955, 1032, '563 757 1010 689 ' ,'0 0 0 0 ' ,450 ,1 ,12, 4
749 ,1041, 733, '635 640 613 686 ' ,'0 0 0 0 ' ,71 ,0 ,40, 4
961 ,758, 945, '921 782 703 714 ' ,'0 0 0 0 ' ,224 ,1 ,15, 2
822 ,985, 807, '636 643 791 763 ' ,'0 0 0 0 ' ,157 ,1 ,7, 2
724 ,856, 711, '610 630 692 660 ' ,'0 0 0 0 ' ,84 ,1 ,11, 4
670 ,742, 651, '555 632 603 551 ' ,'0 0 0 0 ' ,82 ,0 ,12, 4
676 ,656, 662, '610 585 643 611 ' ,'0 0 0 0 ' ,62 ,1 ,10, 4
869 ,667, 854, '817 835 834 676 ' ,'0 0 0 0 ' ,162 ,1 ,9, 4
904 ,884, 890, '764 782 835 784 ' ,'0 0 0 0 ' ,73 ,2 ,46, 2
895 ,895, 879, '703 762 862 799 ' ,'0 0 0 0 ' ,156 ,0 ,10, 4
847 ,916, 832, '637 684 777 802 ' ,'0 0 0 0 ' ,166 ,1 ,22, 6
824 ,845, 810, '753 638 782 794 ' ,'0 0 0 0 ' ,155 ,1 ,10, 6
837 ,815, 823, '714 797 673 699 ' ,'0 0 0 0 ' ,133 ,1 ,10, 5
736 ,830, 722, '667 703 616 655 ' ,'0 0 0 0 ' ,87 ,1 ,10, 5
730 ,732, 712, '667 695 690 692 ' ,'0 0 0 0 ' ,28 ,1 ,10, 5
762 ,722, 747, '727 694 714 659 ' ,'0 0 0 0 ' ,70 ,1 ,11, 5
803 ,754, 789, '584 648 690 770 ' ,'0 0 0 0 ' ,186 ,1 ,11, 6
841 ,795, 818, '715 675 774 776 ' ,'0 0 0 0 ' ,103 ,1 ,31, 5
938 ,821, 924, '714 905 664 831 ' ,'0 0 0 0 ' ,242 ,1 ,9, 3
1295 ,933, 1268, '635 1246 675 662 ' ,'0 0 0 0 ' ,616 ,2 ,10, 4
1318 ,1435, 1300, '896 1243 1043 1104 ' ,'0 0 0 0 ' ,346 ,1 ,50, 2
1693 ,1315, 1675, '1490 766 787 754 ' ,'0 0 0 0 ' ,741 ,1 ,174, 5
978 ,1698, 960, '922 844 887 856 ' ,'0 0 0 0 ' ,82 ,2 ,29, 3
966 ,991, 948, '900 928 847 713 ' ,'0 0 0 0 ' ,218 ,1 ,11, 5
964 ,958, 951, '928 835 708 791 ' ,'0 0 0 0 ' ,221 ,1 ,14, 6
831 ,958, 816, '759 748 772 758 ' ,'0 0 0 0 ' ,26 ,0 ,36, 6
897 ,821, 884, '844 863 703 747 ' ,'0 0 0 0 ' ,160 ,1 ,13, 6
864 ,889, 849, '720 829 706 736 ' ,'0 0 0 0 ' ,122 ,1 ,12, 6
756 ,856, 740, '636 708 645 722 ' ,'0 0 0 0 ' ,86 ,1 ,11, 5
854 ,748, 838, '705 723 814 685 ' ,'0 0 0 0 ' ,131 ,1 ,14, 6
837 ,847, 823, '788 771 685 711 ' ,'0 0 0 0 ' ,104 ,1 ,27, 6
883 ,828, 868, '723 846 753 720 ' ,'0 0 0 0 ' ,126 ,1 ,13, 3
815 ,885, 800, '762 779 686 770 ' ,'0 0 0 0 ' ,91 ,1 ,14, 5
1032 ,933, 1018, '977 870 620 785 ' ,'0 0 0 0 ' ,358 ,0 ,31, 2
797 ,1022, 782, '721 760 701 714 ' ,'0 0 0 0 ' ,61 ,0 ,14, 4
870 ,804, 857, '816 739 734 650 ' ,'0 0 0 0 ' ,169 ,0 ,31, 3
940 ,861, 925, '893 909 710 863 ' ,'0 0 0 0 ' ,199 ,1 ,9, 3
1172 ,933, 1156, '818 757 1133 698 ' ,'0 0 0 0 ' ,439 ,1 ,13, 4
930 ,1163, 915, '815 838 682 678 ' ,'0 0 0 0 ' ,160 ,1 ,69, 2
963 ,919, 947, '794 918 711 675 ' ,'0 0 0 0 ' ,244 ,1 ,20, 3
905 ,965, 891, '838 779 765 751 ' ,'0 0 0 0 ' ,90 ,1 ,43, 3
1037 ,896, 1023, '725 847 845 829 ' ,'0 0 0 0 ' ,125 ,1 ,165, 6
948 ,1029, 931, '911 766 668 760 ' ,'0 0 0 0 ' ,245 ,1 ,10, 3
865 ,991, 851, '675 802 775 586 ' ,'0 0 0 0 ' ,218 ,0 ,40, 3
770 ,860, 755, '638 736 671 646 ' ,'0 0 0 0 ' ,99 ,1 ,10, 3
728 ,787, 714, '616 646 691 672 ' ,'0 0 0 0 ' ,77 ,1 ,13, 4
1100 ,721, 1086, '688 763 1064 714 ' ,'0 0 0 0 ' ,377 ,1 ,13, 5
1017 ,1094, 1000, '767 687 950 821 ' ,'0 0 0 0 ' ,266 ,0 ,38, 3
790 ,1004, 776, '644 698 702 723 ' ,'0 0 0 0 ' ,80 ,1 ,44, 2
838 ,780, 824, '708 793 804 739 ' ,'0 0 0 0 ' ,98 ,1 ,10, 2
744 ,846, 731, '656 630 709 679 ' ,'0 0 0 0 ' ,82 ,1 ,11, 2
703 ,740, 687, '631 662 643 663 ' ,'0 0 0 0 ' ,34 ,1 ,13, 5
795 ,712, 777, '750 710 639 680 ' ,'0 0 0 0 ' ,111 ,1 ,17, 6
873 ,782, 851, '785 698 742 803 ' ,'0 0 0 0 ' ,105 ,0 ,39, 3
972 ,856, 956, '817 931 761 903 ' ,'0 0 0 0 ' ,171 ,0 ,16, 3
933 ,965, 920, '799 886 889 813 ' ,'0 0 0 0 ' ,92 ,0 ,19, 6
811 ,947, 796, '768 732 717 693 ' ,'0 0 0 0 ' ,78 ,1 ,17, 5
873 ,803, 857, '705 798 795 772 ' ,'0 0 0 0 ' ,95 ,1 ,49, 5
739 ,884, 723, '656 626 701 641 ' ,'0 0 0 0 ' ,77 ,0 ,12, 2
659 ,759, 644, '597 611 586 619 ' ,'0 0 0 0 ' ,32 ,1 ,17, 5
635 ,650, 619, '520 596 576 597 ' ,'0 0 0 0 ' ,76 ,1 ,11, 2
703 ,630, 689, '604 663 618 625 ' ,'0 0 0 0 ' ,62 ,1 ,15, 4
826 ,697, 811, '610 611 785 605 ' ,'0 0 0 0 ' ,185 ,0 ,13, 3
832 ,819, 811, '571 630 750 681 ' ,'0 0 0 0 ' ,182 ,1 ,49, 2
791 ,817, 775, '637 719 570 604 ' ,'0 0 0 0 ' ,152 ,1 ,45, 3
699 ,780, 685, '629 661 633 634 ' ,'0 0 0 0 ' ,33 ,1 ,14, 4
713 ,693, 698, '672 667 608 649 ' ,'0 0 0 0 ' ,65 ,1 ,17, 5
944 ,704, 930, '759 901 727 773 ' ,'0 0 0 0 ' ,176 ,1 ,18, 5
853 ,936, 839, '702 754 809 727 ' ,'0 0 0 0 ' ,110 ,1 ,18, 4
880 ,843, 866, '829 776 741 675 ' ,'0 0 0 0 ' ,158 ,0 ,25, 3
895 ,890, 878, '749 849 703 750 ' ,'0 0 0 0 ' ,146 ,1 ,17, 6
937 ,884, 923, '899 761 881 797 ' ,'0 0 0 0 ' ,144 ,0 ,11, 2
964 ,937, 944, '914 692 805 795 ' ,'0 0 0 0 ' ,224 ,1 ,18, 5
867 ,955, 854, '645 831 722 645 ' ,'0 0 0 0 ' ,188 ,1 ,12, 3
807 ,866, 792, '697 633 766 682 ' ,'0 0 0 0 ' ,134 ,1 ,15, 3
827 ,799, 813, '682 789 599 679 ' ,'0 0 0 0 ' ,189 ,1 ,14, 3
881 ,823, 866, '834 708 674 722 ' ,'0 0 0 0 ' ,163 ,0 ,19, 5
727 ,873, 713, '622 660 608 600 ' ,'0 0 0 0 ' ,63 ,1 ,43, 3
866 ,716, 851, '663 823 580 630 ' ,'0 0 0 0 ' ,243 ,1 ,17, 2
657 ,877, 643, '563 586 532 616 ' ,'0 0 0 0 ' ,85 ,1 ,18, 4
680 ,675, 664, '596 618 637 627 ' ,'0 0 0 0 ' ,42 ,1 ,15, 2
683 ,672, 665, '618 640 636 606 ' ,'0 0 0 0 ' ,36 ,1 ,14, 2
705 ,677, 690, '664 592 596 568 ' ,'0 0 0 0 ' ,99 ,1 ,14, 3
798 ,697, 784, '662 753 654 759 ' ,'0 0 0 0 ' ,104 ,1 ,15, 5
718 ,814, 705, '619 650 673 665 ' ,'0 0 0 0 ' ,59 ,0 ,18, 5
724 ,713, 708, '598 645 606 565 ' ,'0 0 0 0 ' ,84 ,0 ,50, 2
866 ,712, 852, '695 823 634 696 ' ,'0 0 0 0 ' ,134 ,0 ,15, 3
922 ,859, 907, '869 747 629 684 ' ,'0 0 0 0 ' ,243 ,1 ,26, 4
766 ,932, 752, '714 723 670 591 ' ,'0 0 0 0 ' ,134 ,0 ,18, 5
858 ,778, 843, '742 788 716 787 ' ,'0 0 0 0 ' ,72 ,0 ,18, 5
954 ,869, 935, '802 892 739 770 ' ,'0 0 0 0 ' ,155 ,1 ,31, 4
991 ,957, 974, '763 913 841 778 ' ,'0 0 0 0 ' ,151 ,0 ,49, 4
844 ,978, 825, '701 669 795 765 ' ,'0 0 0 0 ' ,129 ,1 ,16, 5
828 ,856, 814, '727 786 710 701 ' ,'0 0 0 0 ' ,87 ,1 ,17, 5
787 ,830, 774, '627 728 742 652 ' ,'0 0 0 0 ' ,120 ,1 ,18, 6
788 ,783, 775, '671 729 678 578 ' ,'0 0 0 0 ' ,154 ,1 ,32, 5
722 ,796, 706, '584 615 624 648 ' ,'0 0 0 0 ' ,62 ,1 ,49, 4
692 ,711, 678, '617 585 647 584 ' ,'0 0 0 0 ' ,69 ,0 ,16, 3
694 ,693, 677, '617 646 606 619 ' ,'0 0 0 0 ' ,41 ,0 ,18, 5
812 ,683, 797, '603 753 664 624 ' ,'0 0 0 0 ' ,154 ,1 ,29, 4
741 ,818, 727, '694 614 685 654 ' ,'0 0 0 0 ' ,83 ,1 ,19, 4
744 ,763, 726, '676 685 667 672 ' ,'0 0 0 0 ' ,18 ,1 ,30, 4
834 ,755, 819, '678 757 789 718 ' ,'0 0 0 0 ' ,112 ,1 ,18, 5
884 ,883, 869, '661 837 730 788 ' ,'0 0 0 0 ' ,178 ,1 ,19, 6
1047 ,879, 1033, '799 753 1000 903 ' ,'0 0 0 0 ' ,249 ,1 ,20, 5
969 ,1045, 954, '855 909 908 852 ' ,'0 0 0 0 ' ,62 ,0 ,32, 5
822 ,972, 808, '685 757 767 751 ' ,'0 0 0 0 ' ,86 ,1 ,26, 5
896 ,812, 879, '740 853 737 673 ' ,'0 0 0 0 ' ,182 ,1 ,14, 3
715 ,891, 699, '641 639 669 664 ' ,'0 0 0 0 ' ,35 ,1 ,16, 5
716 ,714, 699, '636 671 586 664 ' ,'0 0 0 0 ' ,84 ,1 ,17, 5
755 ,729, 740, '592 715 697 714 ' ,'0 0 0 0 ' ,123 ,0 ,14, 4
784 ,751, 767, '598 737 623 594 ' ,'0 0 0 0 ' ,146 ,1 ,17, 4
726 ,777, 707, '682 677 678 648 ' ,'0 0 0 0 ' ,38 ,1 ,13, 3
824 ,719, 809, '660 665 742 719 ' ,'0 0 0 0 ' ,86 ,1 ,53, 2
737 ,813, 720, '657 677 681 661 ' ,'0 0 0 0 ' ,25 ,1 ,26, 4
805 ,738, 792, '629 755 686 705 ' ,'0 0 0 0 ' ,128 ,1 ,24, 5
714 ,797, 701, '572 673 638 597 ' ,'0 0 0 0 ' ,102 ,1 ,16, 5
828 ,711, 810, '779 703 658 530 ' ,'0 0 0 0 ' ,255 ,1 ,17, 5
902 ,822, 888, '726 857 736 736 ' ,'0 0 0 0 ' ,132 ,0 ,18, 4
908 ,898, 895, '760 766 858 791 ' ,'0 0 0 0 ' ,99 ,0 ,24, 5
955 ,956, 942, '731 906 824 745 ' ,'0 0 0 0 ' ,173 ,1 ,25, 6
862 ,954, 846, '697 817 654 693 ' ,'0 0 0 0 ' ,161 ,1 ,18, 4
824 ,857, 810, '601 780 683 696 ' ,'0 0 0 0 ' ,178 ,0 ,18, 5
709 ,833, 693, '600 569 568 636 ' ,'0 0 0 0 ' ,63 ,0 ,48, 2
838 ,698, 822, '649 770 730 685 ' ,'0 0 0 0 ' ,122 ,1 ,40, 2
736 ,827, 721, '615 689 625 683 ' ,'0 0 0 0 ' ,76 ,1 ,20, 5
700 ,743, 684, '572 650 610 547 ' ,'0 0 0 0 ' ,107 ,0 ,20, 5
734 ,694, 718, '544 629 636 690 ' ,'0 0 0 0 ' ,143 ,1 ,19, 5
942 ,746, 928, '651 862 768 671 ' ,'0 0 0 0 ' ,213 ,0 ,52, 2
838 ,933, 823, '742 717 681 704 ' ,'0 0 0 0 ' ,62 ,1 ,68, 5
805 ,849, 790, '696 730 747 650 ' ,'0 0 0 0 ' ,100 ,1 ,28, 6
816 ,794, 801, '768 592 642 688 ' ,'0 0 0 0 ' ,179 ,1 ,18, 4
875 ,813, 860, '716 798 824 762 ' ,'0 0 0 0 ' ,111 ,0 ,21, 6
874 ,919, 859, '742 669 825 802 ' ,'0 0 0 0 ' ,157 ,1 ,21, 7
945 ,870, 930, '738 879 875 779 ' ,'0 0 0 0 ' ,144 ,1 ,37, 4
871 ,935, 855, '744 821 715 742 ' ,'0 0 0 0 ' ,108 ,2 ,19, 5
767 ,885, 754, '695 717 639 722 ' ,'0 0 0 0 ' ,82 ,1 ,17, 5
769 ,764, 755, '639 718 594 649 ' ,'0 0 0 0 ' ,126 ,1 ,22, 3
800 ,781, 786, '643 620 616 733 ' ,'0 0 0 0 ' ,115 ,1 ,41, 3
830 ,790, 816, '712 632 691 790 ' ,'0 0 0 0 ' ,154 ,0 ,17, 4
781 ,825, 765, '655 733 656 561 ' ,'0 0 0 0 ' ,175 ,0 ,21, 4
853 ,775, 838, '804 662 794 596 ' ,'0 0 0 0 ' ,211 ,1 ,21, 5
733 ,854, 719, '632 678 612 621 ' ,'0 0 0 0 ' ,61 ,1 ,30, 5
860 ,736, 845, '812 731 692 500 ' ,'0 0 0 0 ' ,314 ,1 ,22, 5
953 ,857, 940, '696 895 668 627 ' ,'0 0 0 0 ' ,275 ,1 ,29, 6
803 ,965, 788, '680 731 752 713 ' ,'0 0 0 0 ' ,78 ,1 ,20, 2
965 ,798, 951, '754 828 814 917 ' ,'0 0 0 0 ' ,161 ,1 ,23, 6
846 ,962, 832, '674 775 795 657 ' ,'0 0 0 0 ' ,142 ,1 ,24, 5
1067 ,845, 1055, '875 1009 712 806 ' ,'0 0 0 0 ' ,297 ,1 ,32, 4
1036 ,1080, 1022, '725 833 969 807 ' ,'0 0 0 0 ' ,247 ,1 ,37, 5
852 ,1043, 836, '701 710 783 807 ' ,'0 0 0 0 ' ,104 ,1 ,18, 3
740 ,857, 725, '653 632 675 671 ' ,'0 0 0 0 ' ,46 ,0 ,35, 4
783 ,730, 768, '675 674 733 693 ' ,'0 0 0 0 ' ,63 ,0 ,20, 2
737 ,802, 722, '684 686 659 605 ' ,'0 0 0 0 ' ,80 ,1 ,19, 4
692 ,732, 676, '595 643 642 616 ' ,'0 0 0 0 ' ,50 ,0 ,19, 4
706 ,688, 690, '646 564 637 646 ' ,'0 0 0 0 ' ,85 ,0 ,29, 3
796 ,699, 782, '727 627 696 751 ' ,'0 0 0 0 ' ,121 ,1 ,19, 3
780 ,794, 760, '717 699 686 647 ' ,'0 0 0 0 ' ,75 ,0 ,27, 5
796 ,772, 779, '744 721 683 660 ' ,'0 0 0 0 ' ,89 ,1 ,19, 4
944 ,790, 930, '877 696 711 720 ' ,'0 0 0 0 ' ,185 ,0 ,36, 3
854 ,933, 840, '685 762 765 624 ' ,'0 0 0 0 ' ,148 ,0 ,56, 4
830 ,849, 817, '757 774 726 648 ' ,'0 0 0 0 ' ,129 ,0 ,27, 5
863 ,843, 846, '712 779 708 817 ' ,'0 0 0 0 ' ,106 ,1 ,20, 5
796 ,864, 783, '748 643 723 743 ' ,'0 0 0 0 ' ,108 ,1 ,19, 4
743 ,805, 728, '615 676 629 648 ' ,'0 0 0 0 ' ,66 ,0 ,35, 4
793 ,733, 777, '612 742 670 738 ' ,'0 0 0 0 ' ,130 ,1 ,21, 4
734 ,789, 717, '598 676 580 676 ' ,'0 0 0 0 ' ,94 ,0 ,27, 4
681 ,721, 667, '560 630 599 587 ' ,'0 0 0 0 ' ,69 ,1 ,23, 2
712 ,682, 697, '604 598 660 589 ' ,'0 0 0 0 ' ,77 ,0 ,21, 4
785 ,708, 771, '550 658 732 636 ' ,'0 0 0 0 ' ,186 ,1 ,23, 5
761 ,782, 747, '596 685 672 708 ' ,'0 0 0 0 ' ,110 ,1 ,28, 5
744 ,752, 730, '687 553 621 604 ' ,'0 0 0 0 ' ,141 ,1 ,26, 4
778 ,753, 764, '709 718 658 650 ' ,'0 0 0 0 ' ,72 ,1 ,31, 5
851 ,768, 833, '699 782 690 717 ' ,'0 0 0 0 ' ,92 ,1 ,37, 6
931 ,837, 917, '837 871 797 733 ' ,'0 0 0 0 ' ,145 ,1 ,28, 5
764 ,944, 749, '703 670 598 670 ' ,'0 0 0 0 ' ,106 ,1 ,30, 6
790 ,762, 775, '714 561 696 698 ' ,'0 0 0 0 ' ,159 ,1 ,44, 2
891 ,780, 876, '642 831 747 718 ' ,'0 0 0 0 ' ,189 ,1 ,31, 3
739 ,883, 722, '652 639 668 694 ' ,'0 0 0 0 ' ,53 ,1 ,18, 4
860 ,735, 846, '619 806 625 681 ' ,'0 0 0 0 ' ,190 ,1 ,24, 4
701 ,856, 686, '650 607 607 655 ' ,'0 0 0 0 ' ,48 ,1 ,16, 3
752 ,701, 735, '653 596 689 699 ' ,'0 0 0 0 ' ,100 ,0 ,28, 4
761 ,739, 746, '608 674 693 709 ' ,'0 0 0 0 ' ,103 ,1 ,23, 5
789 ,770, 772, '723 682 675 673 ' ,'0 0 0 0 ' ,59 ,0 ,31, 5
730 ,798, 715, '588 654 644 674 ' ,'0 0 0 0 ' ,88 ,1 ,29, 5
722 ,719, 708, '611 600 547 663 ' ,'0 0 0 0 ' ,114 ,0 ,32, 5
852 ,713, 838, '636 770 789 770 ' ,'0 0 0 0 ' ,158 ,0 ,32, 3
917 ,842, 902, '819 759 755 857 ' ,'0 0 0 0 ' ,101 ,1 ,30, 6
794 ,911, 781, '624 712 642 704 ' ,'0 0 0 0 ' ,90 ,1 ,53, 3
798 ,786, 782, '732 625 624 670 ' ,'0 0 0 0 ' ,113 ,1 ,30, 6
767 ,805, 750, '698 545 655 604 ' ,'0 0 0 0 ' ,159 ,1 ,33, 6
743 ,755, 729, '652 607 656 613 ' ,'0 0 0 0 ' ,52 ,1 ,51, 4
854 ,734, 840, '758 683 689 782 ' ,'0 0 0 0 ' ,100 ,1 ,45, 6
780 ,851, 767, '607 660 725 627 ' ,'0 0 0 0 ' ,120 ,0 ,18, 3
756 ,793, 738, '651 678 622 699 ' ,'0 0 0 0 ' ,73 ,1 ,26, 5
708 ,748, 693, '591 620 643 648 ' ,'0 0 0 0 ' ,61 ,1 ,28, 3
879 ,698, 863, '614 684 609 821 ' ,'0 0 0 0 ' ,211 ,1 ,30, 4
729 ,882, 714, '663 659 641 593 ' ,'0 0 0 0 ' ,77 ,2 ,33, 5
734 ,718, 718, '665 632 660 614 ' ,'0 0 0 0 ' ,56 ,1 ,35, 3
769 ,733, 751, '564 704 599 566 ' ,'0 0 0 0 ' ,142 ,1 ,28, 4
752 ,757, 735, '663 613 698 697 ' ,'0 0 0 0 ' ,91 ,1 ,22, 5
775 ,747, 761, '648 705 685 636 ' ,'0 0 0 0 ' ,78 ,1 ,40, 7
902 ,765, 887, '847 799 812 750 ' ,'0 0 0 0 ' ,102 ,1 ,24, 3
1034 ,899, 1019, '951 770 749 746 ' ,'0 0 0 0 ' ,212 ,1 ,49, 3
829 ,1025, 814, '696 755 762 727 ' ,'0 0 0 0 ' ,69 ,1 ,35, 5
788 ,843, 774, '649 736 616 637 ' ,'0 0 0 0 ' ,122 ,1 ,20, 2
775 ,789, 760, '667 719 611 610 ' ,'0 0 0 0 ' ,113 ,1 ,26, 4
779 ,771, 765, '620 643 612 729 ' ,'0 0 0 0 ' ,115 ,1 ,23, 4
706 ,781, 691, '573 609 625 649 ' ,'0 0 0 0 ' ,75 ,1 ,29, 4
722 ,703, 703, '654 617 658 595 ' ,'0 0 0 0 ' ,68 ,1 ,29, 4
722 ,728, 707, '662 568 638 629 ' ,'0 0 0 0 ' ,97 ,1 ,28, 3
736 ,719, 722, '679 564 540 551 ' ,'0 0 0 0 ' ,143 ,1 ,24, 5
720 ,731, 705, '630 650 604 576 ' ,'0 0 0 0 ' ,82 ,1 ,37, 5
664 ,711, 649, '596 588 604 546 ' ,'0 0 0 0 ' ,68 ,1 ,26, 5
688 ,660, 675, '537 616 581 564 ' ,'0 0 0 0 ' ,84 ,1 ,42, 2
700 ,711, 684, '619 644 569 626 ' ,'0 0 0 0 ' ,74 ,1 ,25, 4
734 ,697, 718, '649 645 648 613 ' ,'0 0 0 0 ' ,47 ,1 ,46, 4
801 ,724, 784, '682 713 738 713 ' ,'0 0 0 0 ' ,61 ,1 ,27, 5
936 ,813, 922, '750 748 866 701 ' ,'0 0 0 0 ' ,172 ,1 ,38, 5
834 ,933, 821, '710 667 770 691 ' ,'0 0 0 0 ' ,111 ,2 ,31, 6
909 ,830, 895, '742 852 700 734 ' ,'0 0 0 0 ' ,155 ,1 ,24, 6
844 ,924, 831, '731 691 777 738 ' ,'0 0 0 0 ' ,94 ,1 ,34, 6
868 ,857, 853, '760 673 799 737 ' ,'0 0 0 0 ' ,132 ,1 ,34, 5
717 ,862, 701, '594 591 656 623 ' ,'0 0 0 0 ' ,71 ,1 ,26, 5
763 ,714, 748, '586 652 709 647 ' ,'0 0 0 0 ' ,128 ,1 ,19, 2
753 ,774, 739, '610 688 688 624 ' ,'0 0 0 0 ' ,88 ,1 ,26, 4
807 ,752, 793, '666 740 661 638 ' ,'0 0 0 0 ' ,107 ,1 ,36, 4
734 ,834, 720, '615 675 671 647 ' ,'0 0 0 0 ' ,68 ,0 ,20, 2
767 ,759, 752, '699 714 689 640 ' ,'0 0 0 0 ' ,78 ,1 ,22, 4
851 ,780, 836, '593 782 735 708 ' ,'0 0 0 0 ' ,193 ,1 ,38, 5
845 ,840, 831, '754 706 709 682 ' ,'0 0 0 0 ' ,77 ,1 ,59, 3
789 ,836, 775, '702 720 607 728 ' ,'0 0 0 0 ' ,122 ,1 ,30, 6
799 ,787, 784, '641 657 664 740 ' ,'0 0 0 0 ' ,97 ,1 ,31, 6
866 ,792, 852, '802 635 793 707 ' ,'0 0 0 0 ' ,172 ,1 ,32, 4
972 ,857, 958, '680 725 843 894 ' ,'0 0 0 0 ' ,212 ,1 ,50, 4
879 ,963, 865, '797 634 719 781 ' ,'0 0 0 0 ' ,168 ,1 ,48, 3
813 ,870, 797, '752 707 743 711 ' ,'0 0 0 0 ' ,51 ,0 ,25, 5
812 ,818, 795, '706 694 750 703 ' ,'0 0 0 0 ' ,56 ,1 ,28, 5
771 ,803, 755, '633 643 708 669 ' ,'0 0 0 0 ' ,79 ,1 ,28, 5
734 ,768, 721, '657 632 640 628 ' ,'0 0 0 0 ' ,38 ,1 ,44, 4
737 ,735, 724, '554 591 590 688 ' ,'0 0 0 0 ' ,130 ,1 ,24, 5
707 ,736, 694, '522 575 549 655 ' ,'0 0 0 0 ' ,127 ,2 ,25, 5
719 ,707, 704, '658 625 566 608 ' ,'0 0 0 0 ' ,96 ,1 ,25, 3
732 ,717, 719, '672 597 620 560 ' ,'0 0 0 0 ' ,119 ,1 ,27, 5
687 ,730, 672, '572 556 625 623 ' ,'0 0 0 0 ' ,76 ,1 ,26, 3
727 ,690, 713, '668 660 652 644 ' ,'0 0 0 0 ' ,27 ,1 ,30, 2
821 ,732, 808, '747 707 727 703 ' ,'0 0 0 0 ' ,55 ,1 ,40, 5
772 ,817, 757, '658 690 636 597 ' ,'0 0 0 0 ' ,99 ,1 ,50, 5
740 ,763, 726, '674 683 680 654 ' ,'0 0 0 0 ' ,38 ,0 ,19, 5
762 ,740, 748, '633 628 691 711 ' ,'0 0 0 0 ' ,78 ,0 ,25, 5
854 ,764, 841, '792 637 751 727 ' ,'0 0 0 0 ' ,165 ,1 ,27, 3
954 ,857, 936, '850 890 745 830 ' ,'0 0 0 0 ' ,146 ,1 ,29, 6
883 ,997, 863, '717 705 811 788 ' ,'0 0 0 0 ' ,112 ,1 ,33, 6
882 ,886, 867, '718 607 821 681 ' ,'0 0 0 0 ' ,220 ,1 ,27, 6
793 ,880, 780, '643 611 711 687 ' ,'0 0 0 0 ' ,104 ,1 ,43, 6
892 ,783, 877, '621 637 810 722 ' ,'0 0 0 0 ' ,194 ,1 ,46, 5
855 ,892, 841, '725 782 681 752 ' ,'0 0 0 0 ' ,103 ,2 ,42, 6
775 ,854, 762, '680 715 685 621 ' ,'0 0 0 0 ' ,100 ,1 ,30, 4
712 ,772, 693, '642 646 651 660 ' ,'0 0 0 0 ' ,12 ,0 ,23, 3
730 ,726, 714, '630 617 645 676 ' ,'0 0 0 0 ' ,60 ,1 ,24, 2
685 ,733, 671, '599 625 630 615 ' ,'0 0 0 0 ' ,34 ,1 ,24, 4
784 ,686, 770, '637 717 598 644 ' ,'0 0 0 0 ' ,117 ,1 ,37, 3
