213 ,0, 148, '41 45 34 38 35 39 31 38 36 32 35 55 40 44 33 66 37 34 41 54 ' ,'0 0 0 0 0 0 0 0 0 0 0 0 0 0 0 0 0 0 0 0 ' ,76 ,1 ,8, 7
594 ,185, 563, '455 401 393 413 397 360 498 424 397 425 310 416 361 490 452 465 332 359 364 406 ' ,'0 0 0 0 0 0 0 0 0 0 0 0 0 0 0 0 0 0 0 0 ' ,206 ,3 ,27, 8
564 ,1350, 520, '304 226 273 289 269 229 312 322 267 215 298 207 273 435 291 318 305 239 354 239 ' ,'0 0 0 0 0 0 0 0 0 0 0 0 0 0 0 0 0 0 0 0 ' ,233 ,3 ,66, 3
378 ,1004, 353, '194 215 220 231 209 194 221 266 237 266 233 318 269 275 230 216 236 231 232 213 ' ,'0 0 0 0 0 0 0 0 0 0 0 0 0 0 0 0 0 0 0 0 ' ,141 ,3 ,15, 3
415 ,439, 395, '366 312 213 196 231 280 236 282 206 246 256 234 214 205 212 299 248 225 230 231 ' ,'0 0 0 0 0 0 0 0 0 0 0 0 0 0 0 0 0 0 0 0 ' ,177 ,3 ,11, 2
373 ,416, 337, '250 205 213 228 263 208 280 238 302 301 268 259 198 311 222 234 205 237 261 289 ' ,'0 0 0 0 0 0 0 0 0 0 0 0 0 0 0 0 0 0 0 0 ' ,120 ,1 ,12, 2
356 ,426, 326, '272 262 258 263 230 222 238 249 295 214 237 208 233 215 277 236 262 214 230 189 ' ,'0 0 0 0 0 0 0 0 0 0 0 0 0 0 0 0 0 0 0 0 ' ,124 ,4 ,12, 1
321 ,410, 304, '244 230 262 243 217 221 223 218 254 241 235 226 248 249 262 225 276 276 265 212 ' ,'0 0 0 0 0 0 0 0 0 0 0 0 0 0 0 0 0 0 0 0 ' ,69 ,2 ,15, 1
479 ,397, 463, '204 210 379 252 259 254 236 313 256 337 268 218 272 329 265 245 338 260 227 289 ' ,'0 0 0 0 0 0 0 0 0 0 0 0 0 0 0 0 0 0 0 0 ' ,180 ,4 ,72, 2
446 ,512, 419, '234 221 201 250 198 203 227 246 245 305 224 236 195 332 247 211 266 245 216 235 ' ,'0 0 0 0 0 0 0 0 0 0 0 0 0 0 0 0 0 0 0 0 ' ,151 ,4 ,72, 1
372 ,450, 349, '216 209 185 212 204 236 233 251 265 212 223 213 246 236 197 271 262 188 186 241 ' ,'0 0 0 0 0 0 0 0 0 0 0 0 0 0 0 0 0 0 0 0 ' ,86 ,2 ,68, 1
309 ,380, 288, '228 236 260 237 272 233 207 255 252 199 199 221 208 253 196 215 210 224 221 256 ' ,'0 0 0 0 0 0 0 0 0 0 0 0 0 0 0 0 0 0 0 0 ' ,80 ,5 ,4, 1
406 ,358, 378, '251 265 237 258 229 216 266 184 243 205 242 248 278 279 217 241 196 251 271 230 ' ,'0 0 0 0 0 0 0 0 0 0 0 0 0 0 0 0 0 0 0 0 ' ,107 ,2 ,83, 2
479 ,396, 458, '306 292 255 305 280 255 342 273 271 389 235 267 220 232 294 313 306 232 310 376 ' ,'0 0 0 0 0 0 0 0 0 0 0 0 0 0 0 0 0 0 0 0 ' ,171 ,1 ,49, 1
343 ,470, 316, '244 250 283 296 277 214 245 241 242 259 214 259 264 224 251 259 259 226 264 238 ' ,'0 0 0 0 0 0 0 0 0 0 0 0 0 0 0 0 0 0 0 0 ' ,92 ,2 ,10, 7
309 ,333, 276, '248 200 240 212 255 222 221 212 238 216 202 190 242 264 274 240 212 258 260 226 ' ,'0 0 0 0 0 0 0 0 0 0 0 0 0 0 0 0 0 0 0 0 ' ,78 ,2 ,7, 1
419 ,302, 373, '288 365 309 300 246 280 297 302 296 358 330 310 295 315 271 259 340 306 292 323 ' ,'0 0 0 0 0 0 0 0 0 0 0 0 0 0 0 0 0 0 0 0 ' ,131 ,2 ,7, 2
369 ,408, 353, '238 251 248 221 219 207 226 291 225 184 212 217 334 221 213 190 212 203 234 215 ' ,'0 0 0 0 0 0 0 0 0 0 0 0 0 0 0 0 0 0 0 0 ' ,153 ,3 ,8, 1
354 ,361, 334, '292 216 257 313 296 254 297 250 251 244 257 260 307 287 260 283 258 282 317 248 ' ,'0 0 0 0 0 0 0 0 0 0 0 0 0 0 0 0 0 0 0 0 ' ,98 ,1 ,10, 2
404 ,377, 372, '233 267 354 222 341 280 266 263 270 301 218 290 283 255 309 309 279 263 231 273 ' ,'0 0 0 0 0 0 0 0 0 0 0 0 0 0 0 0 0 0 0 0 ' ,138 ,2 ,6, 1
345 ,412, 319, '224 253 233 263 252 272 255 233 263 231 255 246 197 310 210 262 247 250 226 250 ' ,'0 0 0 0 0 0 0 0 0 0 0 0 0 0 0 0 0 0 0 0 ' ,110 ,1 ,4, 1
270 ,341, 245, '199 201 231 242 224 202 218 205 194 194 220 219 217 214 187 205 207 206 198 230 ' ,'0 0 0 0 0 0 0 0 0 0 0 0 0 0 0 0 0 0 0 0 ' ,53 ,0 ,5, 1
317 ,266, 295, '229 238 259 217 229 247 187 205 254 176 199 212 268 207 174 226 241 279 248 228 ' ,'0 0 0 0 0 0 0 0 0 0 0 0 0 0 0 0 0 0 0 0 ' ,103 ,1 ,9, 2
317 ,325, 296, '225 255 251 212 281 212 218 225 219 271 218 249 243 208 240 232 272 172 260 254 ' ,'0 0 0 0 0 0 0 0 0 0 0 0 0 0 0 0 0 0 0 0 ' ,112 ,2 ,7, 1
447 ,309, 423, '277 243 334 248 228 240 228 293 187 213 211 400 282 317 212 271 344 235 251 238 ' ,'0 0 0 0 0 0 0 0 0 0 0 0 0 0 0 0 0 0 0 0 ' ,220 ,5 ,9, 2
344 ,439, 326, '298 210 186 277 252 192 236 212 233 183 282 244 240 274 205 244 228 240 256 247 ' ,'0 0 0 0 0 0 0 0 0 0 0 0 0 0 0 0 0 0 0 0 ' ,118 ,2 ,19, 2
290 ,360, 269, '253 218 201 218 191 255 202 165 219 171 224 179 232 204 180 253 243 196 202 188 ' ,'0 0 0 0 0 0 0 0 0 0 0 0 0 0 0 0 0 0 0 0 ' ,91 ,1 ,9, 2
300 ,314, 277, '218 224 245 199 265 201 251 224 214 197 220 211 214 209 212 205 184 193 236 179 ' ,'0 0 0 0 0 0 0 0 0 0 0 0 0 0 0 0 0 0 0 0 ' ,88 ,2 ,7, 2
483 ,293, 456, '195 224 212 216 248 279 322 218 245 222 240 237 210 217 215 253 274 222 433 253 ' ,'0 0 0 0 0 0 0 0 0 0 0 0 0 0 0 0 0 0 0 0 ' ,245 ,2 ,20, 1
291 ,495, 265, '219 180 202 248 176 218 201 225 200 237 187 199 199 184 184 181 250 200 238 203 ' ,'0 0 0 0 0 0 0 0 0 0 0 0 0 0 0 0 0 0 0 0 ' ,77 ,1 ,10, 0
331 ,301, 303, '196 187 163 217 195 190 185 173 198 186 176 210 195 204 185 226 196 185 247 187 ' ,'0 0 0 0 0 0 0 0 0 0 0 0 0 0 0 0 0 0 0 0 ' ,131 ,1 ,8, 1
321 ,324, 297, '184 222 199 197 254 234 238 215 197 212 211 215 234 165 181 226 208 198 226 274 ' ,'0 0 0 0 0 0 0 0 0 0 0 0 0 0 0 0 0 0 0 0 ' ,120 ,1 ,11, 1
353 ,311, 330, '226 275 263 307 271 224 265 254 284 237 262 282 311 271 231 221 230 235 294 281 ' ,'0 0 0 0 0 0 0 0 0 0 0 0 0 0 0 0 0 0 0 0 ' ,95 ,1 ,9, 1
434 ,371, 414, '278 279 283 288 260 299 242 260 239 334 230 243 220 283 255 270 264 254 224 367 ' ,'0 0 0 0 0 0 0 0 0 0 0 0 0 0 0 0 0 0 0 0 ' ,148 ,0 ,37, 1
334 ,430, 309, '245 208 225 276 231 256 293 238 219 228 239 246 250 237 228 238 219 222 246 259 ' ,'0 0 0 0 0 0 0 0 0 0 0 0 0 0 0 0 0 0 0 0 ' ,87 ,1 ,9, 2
297 ,320, 273, '214 211 255 243 259 243 245 230 226 241 224 241 241 257 237 256 206 246 259 221 ' ,'0 0 0 0 0 0 0 0 0 0 0 0 0 0 0 0 0 0 0 0 ' ,53 ,1 ,8, 2
359 ,287, 329, '284 266 239 271 207 268 247 223 275 285 260 264 312 269 236 232 264 264 234 239 ' ,'0 0 0 0 0 0 0 0 0 0 0 0 0 0 0 0 0 0 0 0 ' ,112 ,0 ,9, 2
439 ,352, 419, '230 212 237 209 227 213 240 255 263 248 205 244 268 225 237 257 248 258 259 190 ' ,'0 0 0 0 0 0 0 0 0 0 0 0 0 0 0 0 0 0 0 0 ' ,83 ,0 ,143, 2
282 ,431, 261, '215 188 213 195 238 182 248 215 210 192 226 213 243 182 207 179 184 190 240 196 ' ,'0 0 0 0 0 0 0 0 0 0 0 0 0 0 0 0 0 0 0 0 ' ,75 ,1 ,7, 2
271 ,274, 250, '197 185 170 220 193 193 204 229 214 209 219 183 170 197 187 200 207 183 207 231 ' ,'0 0 0 0 0 0 0 0 0 0 0 0 0 0 0 0 0 0 0 0 ' ,64 ,0 ,14, 2
265 ,260, 246, '176 228 202 197 196 169 204 214 187 207 227 207 222 217 208 189 228 214 181 224 ' ,'0 0 0 0 0 0 0 0 0 0 0 0 0 0 0 0 0 0 0 0 ' ,66 ,1 ,6, 3
269 ,279, 244, '222 209 225 211 206 195 195 189 226 199 212 207 193 198 176 182 198 181 189 214 ' ,'0 0 0 0 0 0 0 0 0 0 0 0 0 0 0 0 0 0 0 0 ' ,52 ,1 ,5, 1
353 ,258, 334, '227 264 220 255 190 228 253 260 237 244 211 246 261 233 251 198 225 227 318 201 ' ,'0 0 0 0 0 0 0 0 0 0 0 0 0 0 0 0 0 0 0 0 ' ,129 ,0 ,7, 1
343 ,355, 323, '277 229 224 232 296 307 258 243 221 284 254 243 275 287 238 311 280 202 219 240 ' ,'0 0 0 0 0 0 0 0 0 0 0 0 0 0 0 0 0 0 0 0 ' ,106 ,1 ,9, 2
334 ,334, 318, '218 219 201 240 220 287 233 240 201 207 205 209 228 183 197 215 215 260 194 174 ' ,'0 0 0 0 0 0 0 0 0 0 0 0 0 0 0 0 0 0 0 0 ' ,117 ,0 ,21, 1
289 ,324, 273, '210 202 196 233 249 201 192 225 211 199 201 225 218 187 218 261 197 216 205 199 ' ,'0 0 0 0 0 0 0 0 0 0 0 0 0 0 0 0 0 0 0 0 ' ,73 ,1 ,7, 1
438 ,285, 419, '207 216 247 278 245 243 271 380 228 269 199 298 260 266 322 212 335 284 311 276 ' ,'0 0 0 0 0 0 0 0 0 0 0 0 0 0 0 0 0 0 0 0 ' ,182 ,1 ,33, 0
625 ,432, 606, '217 266 265 296 372 277 235 341 322 238 321 308 266 352 327 589 208 337 431 318 ' ,'0 0 0 0 0 0 0 0 0 0 0 0 0 0 0 0 0 0 0 0 ' ,382 ,0 ,11, 1
561 ,639, 536, '208 248 524 250 240 287 219 229 210 295 235 340 268 204 278 440 223 224 217 254 ' ,'0 0 0 0 0 0 0 0 0 0 0 0 0 0 0 0 0 0 0 0 ' ,324 ,1 ,8, 1
269 ,552, 253, '202 232 199 201 195 218 185 223 196 204 228 209 192 233 200 239 166 182 232 214 ' ,'0 0 0 0 0 0 0 0 0 0 0 0 0 0 0 0 0 0 0 0 ' ,63 ,1 ,9, 2
396 ,264, 379, '276 265 223 246 270 301 293 267 303 261 235 250 215 359 257 248 241 250 235 256 ' ,'0 0 0 0 0 0 0 0 0 0 0 0 0 0 0 0 0 0 0 0 ' ,145 ,1 ,12, 1
345 ,385, 330, '222 245 232 257 237 251 239 254 211 234 242 260 258 298 251 251 257 245 251 230 ' ,'0 0 0 0 0 0 0 0 0 0 0 0 0 0 0 0 0 0 0 0 ' ,90 ,1 ,24, 1
312 ,361, 289, '232 250 238 234 259 215 262 277 258 254 222 251 239 241 263 194 255 218 226 229 ' ,'0 0 0 0 0 0 0 0 0 0 0 0 0 0 0 0 0 0 0 0 ' ,87 ,0 ,9, 1
332 ,324, 311, '279 228 244 211 292 223 222 261 225 210 239 228 264 203 214 228 198 211 234 202 ' ,'0 0 0 0 0 0 0 0 0 0 0 0 0 0 0 0 0 0 0 0 ' ,96 ,0 ,11, 2
311 ,325, 290, '202 205 226 215 236 214 270 266 206 224 212 203 241 232 192 245 245 229 228 222 ' ,'0 0 0 0 0 0 0 0 0 0 0 0 0 0 0 0 0 0 0 0 ' ,85 ,0 ,10, 1
290 ,307, 271, '217 223 230 246 221 234 234 242 221 246 250 212 221 217 213 223 233 213 225 209 ' ,'0 0 0 0 0 0 0 0 0 0 0 0 0 0 0 0 0 0 0 0 ' ,43 ,0 ,14, 2
308 ,282, 291, '210 189 207 273 219 194 212 212 191 201 227 232 207 224 204 226 216 213 246 224 ' ,'0 0 0 0 0 0 0 0 0 0 0 0 0 0 0 0 0 0 0 0 ' ,84 ,1 ,13, 1
325 ,303, 299, '257 215 241 241 266 247 242 236 230 213 242 203 208 221 199 221 224 245 286 226 ' ,'0 0 0 0 0 0 0 0 0 0 0 0 0 0 0 0 0 0 0 0 ' ,86 ,1 ,7, 0
314 ,318, 293, '219 210 277 218 221 253 192 244 221 278 225 228 220 234 229 252 217 202 196 248 ' ,'0 0 0 0 0 0 0 0 0 0 0 0 0 0 0 0 0 0 0 0 ' ,87 ,1 ,8, 1
307 ,314, 268, '254 238 239 234 233 196 242 273 235 223 238 236 247 232 209 242 212 218 209 196 ' ,'0 0 0 0 0 0 0 0 0 0 0 0 0 0 0 0 0 0 0 0 ' ,78 ,1 ,9, 2
342 ,304, 324, '229 248 273 260 234 253 274 280 250 264 240 292 274 257 275 289 256 252 260 283 ' ,'0 0 0 0 0 0 0 0 0 0 0 0 0 0 0 0 0 0 0 0 ' ,64 ,0 ,25, 2
556 ,337, 534, '280 280 471 260 244 326 286 262 390 238 294 270 254 223 227 352 282 326 290 294 ' ,'0 0 0 0 0 0 0 0 0 0 0 0 0 0 0 0 0 0 0 0 ' ,251 ,0 ,62, 2
313 ,547, 291, '246 252 193 259 263 223 190 237 227 218 232 236 270 246 231 279 269 259 260 262 ' ,'0 0 0 0 0 0 0 0 0 0 0 0 0 0 0 0 0 0 0 0 ' ,88 ,1 ,1, 1
329 ,336, 303, '236 286 228 254 271 206 254 217 223 266 227 189 225 222 198 225 201 220 283 208 ' ,'0 0 0 0 0 0 0 0 0 0 0 0 0 0 0 0 0 0 0 0 ' ,94 ,1 ,12, 1
322 ,321, 300, '242 184 278 220 222 274 221 245 248 197 247 195 250 196 214 230 224 237 183 189 ' ,'0 0 0 0 0 0 0 0 0 0 0 0 0 0 0 0 0 0 0 0 ' ,97 ,1 ,19, 2
454 ,314, 433, '228 399 292 365 241 275 236 292 258 247 225 234 270 344 240 421 236 212 294 279 ' ,'0 0 0 0 0 0 0 0 0 0 0 0 0 0 0 0 0 0 0 0 ' ,208 ,0 ,9, 1
558 ,449, 530, '232 246 280 337 400 290 228 321 290 211 260 229 511 214 312 262 262 231 244 258 ' ,'0 0 0 0 0 0 0 0 0 0 0 0 0 0 0 0 0 0 0 0 ' ,303 ,1 ,11, 2
380 ,593, 359, '238 343 245 256 302 228 271 209 299 287 293 285 256 264 265 318 253 288 246 239 ' ,'0 0 0 0 0 0 0 0 0 0 0 0 0 0 0 0 0 0 0 0 ' ,136 ,0 ,12, 1
303 ,370, 279, '263 216 234 246 248 244 210 246 219 228 233 226 205 187 242 249 212 201 179 255 ' ,'0 0 0 0 0 0 0 0 0 0 0 0 0 0 0 0 0 0 0 0 ' ,83 ,1 ,13, 1
408 ,329, 391, '283 239 236 230 265 277 235 264 237 256 276 264 345 230 293 333 261 268 196 229 ' ,'0 0 0 0 0 0 0 0 0 0 0 0 0 0 0 0 0 0 0 0 ' ,159 ,1 ,35, 2
479 ,405, 458, '261 426 230 442 248 252 294 253 227 254 278 227 239 250 268 214 263 261 262 203 ' ,'0 0 0 0 0 0 0 0 0 0 0 0 0 0 0 0 0 0 0 0 ' ,238 ,1 ,13, 2
340 ,493, 323, '219 221 237 262 236 239 242 247 259 222 207 250 181 237 214 186 244 212 248 247 ' ,'0 0 0 0 0 0 0 0 0 0 0 0 0 0 0 0 0 0 0 0 ' ,85 ,1 ,51, 2
367 ,339, 341, '258 288 276 296 327 204 239 236 223 298 240 243 296 266 247 325 227 225 253 236 ' ,'0 0 0 0 0 0 0 0 0 0 0 0 0 0 0 0 0 0 0 0 ' ,125 ,1 ,9, 1
362 ,387, 344, '274 213 271 246 271 249 257 265 248 310 263 253 246 246 272 329 266 262 300 288 ' ,'0 0 0 0 0 0 0 0 0 0 0 0 0 0 0 0 0 0 0 0 ' ,120 ,0 ,8, 2
718 ,395, 699, '299 291 389 675 287 327 276 313 320 239 260 281 283 309 302 286 249 257 303 233 ' ,'0 0 0 0 0 0 0 0 0 0 0 0 0 0 0 0 0 0 0 0 ' ,445 ,1 ,14, 2
322 ,720, 302, '251 228 221 235 246 207 272 246 224 218 213 240 225 263 210 236 237 223 199 193 ' ,'0 0 0 0 0 0 0 0 0 0 0 0 0 0 0 0 0 0 0 0 ' ,80 ,1 ,24, 1
303 ,310, 276, '214 206 231 270 202 220 229 210 238 210 232 223 212 210 233 245 251 225 245 186 ' ,'0 0 0 0 0 0 0 0 0 0 0 0 0 0 0 0 0 0 0 0 ' ,76 ,0 ,9, 1
369 ,319, 346, '227 255 229 253 226 279 219 245 224 236 273 266 286 228 329 250 257 255 278 224 ' ,'0 0 0 0 0 0 0 0 0 0 0 0 0 0 0 0 0 0 0 0 ' ,115 ,1 ,8, 2
481 ,362, 461, '343 236 260 293 267 220 273 225 230 258 270 438 202 221 267 303 232 271 239 411 ' ,'0 0 0 0 0 0 0 0 0 0 0 0 0 0 0 0 0 0 0 0 ' ,243 ,0 ,11, 2
331 ,473, 312, '192 288 211 226 247 227 246 253 274 229 267 238 191 262 198 210 240 202 294 212 ' ,'0 0 0 0 0 0 0 0 0 0 0 0 0 0 0 0 0 0 0 0 ' ,100 ,1 ,12, 2
325 ,321, 308, '218 209 269 228 197 215 194 288 218 210 206 221 214 262 195 190 193 204 229 227 ' ,'0 0 0 0 0 0 0 0 0 0 0 0 0 0 0 0 0 0 0 0 ' ,98 ,1 ,14, 1
318 ,316, 294, '228 233 220 218 214 207 215 202 272 171 177 235 231 195 189 212 223 227 216 238 ' ,'0 0 0 0 0 0 0 0 0 0 0 0 0 0 0 0 0 0 0 0 ' ,105 ,1 ,12, 2
281 ,323, 261, '228 191 172 205 198 214 221 212 233 204 223 180 196 227 231 208 241 204 192 220 ' ,'0 0 0 0 0 0 0 0 0 0 0 0 0 0 0 0 0 0 0 0 ' ,74 ,0 ,14, 1
338 ,291, 319, '197 201 177 191 235 212 195 245 170 242 205 185 207 178 230 215 197 160 205 289 ' ,'0 0 0 0 0 0 0 0 0 0 0 0 0 0 0 0 0 0 0 0 ' ,131 ,1 ,23, 2
333 ,328, 313, '192 211 230 214 210 222 218 255 285 211 197 205 218 242 231 247 247 217 287 226 ' ,'0 0 0 0 0 0 0 0 0 0 0 0 0 0 0 0 0 0 0 0 ' ,94 ,1 ,21, 2
334 ,324, 313, '224 256 208 202 223 230 288 270 262 240 217 273 246 262 237 241 232 195 278 252 ' ,'0 0 0 0 0 0 0 0 0 0 0 0 0 0 0 0 0 0 0 0 ' ,99 ,0 ,16, 1
313 ,338, 293, '257 243 243 265 226 254 275 240 256 247 242 238 275 270 258 235 252 259 263 212 ' ,'0 0 0 0 0 0 0 0 0 0 0 0 0 0 0 0 0 0 0 0 ' ,67 ,0 ,12, 2
394 ,304, 377, '302 224 267 270 257 280 271 289 301 261 261 247 300 322 252 275 265 290 269 272 ' ,'0 0 0 0 0 0 0 0 0 0 0 0 0 0 0 0 0 0 0 0 ' ,100 ,1 ,48, 1
357 ,391, 335, '318 314 294 295 255 246 289 241 275 259 263 267 226 271 246 292 273 258 319 290 ' ,'0 0 0 0 0 0 0 0 0 0 0 0 0 0 0 0 0 0 0 0 ' ,93 ,1 ,11, 2
317 ,364, 300, '250 266 246 225 229 234 196 280 256 221 233 218 249 257 219 260 262 244 259 252 ' ,'0 0 0 0 0 0 0 0 0 0 0 0 0 0 0 0 0 0 0 0 ' ,86 ,0 ,12, 2
387 ,309, 369, '266 249 256 265 258 248 307 240 292 266 308 245 278 260 265 285 331 262 349 301 ' ,'0 0 0 0 0 0 0 0 0 0 0 0 0 0 0 0 0 0 0 0 ' ,113 ,0 ,9, 2
305 ,398, 281, '255 218 223 219 250 196 259 224 248 236 198 238 230 234 215 235 205 218 200 216 ' ,'0 0 0 0 0 0 0 0 0 0 0 0 0 0 0 0 0 0 0 0 ' ,72 ,1 ,15, 2
279 ,296, 255, '187 181 206 233 210 210 214 181 206 193 195 183 194 194 203 216 177 188 214 202 ' ,'0 0 0 0 0 0 0 0 0 0 0 0 0 0 0 0 0 0 0 0 ' ,57 ,1 ,16, 2
278 ,264, 253, '171 177 174 180 208 182 185 168 209 189 178 188 185 196 203 213 169 173 185 231 ' ,'0 0 0 0 0 0 0 0 0 0 0 0 0 0 0 0 0 0 0 0 ' ,67 ,1 ,15, 1
287 ,268, 266, '194 172 200 201 188 197 189 242 244 163 174 166 212 212 179 218 167 165 205 206 ' ,'0 0 0 0 0 0 0 0 0 0 0 0 0 0 0 0 0 0 0 0 ' ,82 ,1 ,16, 2
279 ,278, 258, '188 183 183 186 217 215 234 224 224 195 186 211 190 226 215 219 198 206 202 198 ' ,'0 0 0 0 0 0 0 0 0 0 0 0 0 0 0 0 0 0 0 0 ' ,56 ,1 ,15, 2
337 ,289, 314, '176 211 188 248 185 240 217 234 285 199 236 198 232 210 180 215 217 238 232 252 ' ,'0 0 0 0 0 0 0 0 0 0 0 0 0 0 0 0 0 0 0 0 ' ,112 ,1 ,23, 2
317 ,326, 297, '193 277 189 196 225 204 245 200 192 202 212 189 183 185 178 207 232 223 208 202 ' ,'0 0 0 0 0 0 0 0 0 0 0 0 0 0 0 0 0 0 0 0 ' ,99 ,0 ,13, 2
313 ,310, 293, '193 185 196 193 269 252 208 206 247 207 193 210 208 218 224 224 209 175 188 255 ' ,'0 0 0 0 0 0 0 0 0 0 0 0 0 0 0 0 0 0 0 0 ' ,92 ,0 ,14, 2
302 ,303, 274, '232 229 244 206 243 203 219 206 225 209 202 206 186 225 196 213 207 260 250 185 ' ,'0 0 0 0 0 0 0 0 0 0 0 0 0 0 0 0 0 0 0 0 ' ,79 ,0 ,17, 1
426 ,293, 406, '280 281 243 234 359 257 372 374 294 319 251 287 243 248 240 244 285 256 295 274 ' ,'0 0 0 0 0 0 0 0 0 0 0 0 0 0 0 0 0 0 0 0 ' ,146 ,1 ,14, 1
438 ,419, 414, '220 253 290 212 255 236 237 241 250 246 229 269 251 260 266 292 240 225 252 220 ' ,'0 0 0 0 0 0 0 0 0 0 0 0 0 0 0 0 0 0 0 0 ' ,78 ,0 ,118, 4
405 ,425, 301, '244 212 247 259 253 229 222 222 240 242 267 236 258 273 229 208 220 241 254 280 ' ,'0 0 0 0 0 0 0 0 0 0 0 0 0 0 0 0 0 0 0 0 ' ,75 ,0 ,16, 2
333 ,401, 312, '249 283 266 270 281 254 239 283 246 290 272 251 246 259 281 276 240 274 266 277 ' ,'0 0 0 0 0 0 0 0 0 0 0 0 0 0 0 0 0 0 0 0 ' ,53 ,1 ,15, 2
368 ,323, 350, '261 259 233 256 224 274 284 275 322 305 255 264 221 275 210 302 292 220 245 314 ' ,'0 0 0 0 0 0 0 0 0 0 0 0 0 0 0 0 0 0 0 0 ' ,119 ,1 ,15, 2
386 ,384, 362, '221 244 275 249 241 225 327 230 297 263 242 256 220 262 232 246 293 277 288 273 ' ,'0 0 0 0 0 0 0 0 0 0 0 0 0 0 0 0 0 0 0 0 ' ,111 ,0 ,23, 2
334 ,382, 309, '256 245 256 289 241 230 202 213 215 256 215 230 223 253 230 224 198 236 206 234 ' ,'0 0 0 0 0 0 0 0 0 0 0 0 0 0 0 0 0 0 0 0 ' ,83 ,1 ,19, 2
334 ,324, 319, '228 200 230 243 225 228 243 230 269 192 213 239 274 225 217 229 263 295 240 213 ' ,'0 0 0 0 0 0 0 0 0 0 0 0 0 0 0 0 0 0 0 0 ' ,102 ,1 ,17, 3
345 ,328, 327, '229 249 226 307 232 250 261 230 198 236 269 217 209 213 251 220 210 202 232 227 ' ,'0 0 0 0 0 0 0 0 0 0 0 0 0 0 0 0 0 0 0 0 ' ,113 ,1 ,12, 2
326 ,336, 309, '229 225 223 214 223 252 227 259 285 262 223 262 260 256 263 253 239 226 293 253 ' ,'0 0 0 0 0 0 0 0 0 0 0 0 0 0 0 0 0 0 0 0 ' ,74 ,1 ,13, 1
294 ,320, 275, '208 216 185 236 218 229 238 216 217 216 221 215 230 232 254 192 194 232 247 192 ' ,'0 0 0 0 0 0 0 0 0 0 0 0 0 0 0 0 0 0 0 0 ' ,73 ,1 ,13, 1
293 ,287, 277, '244 193 218 188 210 187 250 186 221 199 183 199 186 212 186 204 212 224 205 215 ' ,'0 0 0 0 0 0 0 0 0 0 0 0 0 0 0 0 0 0 0 0 ' ,69 ,1 ,18, 2
270 ,284, 253, '168 190 229 210 217 191 218 192 215 187 178 179 186 180 191 174 202 180 196 195 ' ,'0 0 0 0 0 0 0 0 0 0 0 0 0 0 0 0 0 0 0 0 ' ,67 ,1 ,13, 2
279 ,262, 262, '243 190 185 182 206 236 180 222 238 178 234 200 188 162 195 217 204 202 218 185 ' ,'0 0 0 0 0 0 0 0 0 0 0 0 0 0 0 0 0 0 0 0 ' ,85 ,1 ,11, 2
282 ,275, 265, '201 196 182 164 190 178 187 191 237 181 195 210 186 185 195 190 200 165 208 202 ' ,'0 0 0 0 0 0 0 0 0 0 0 0 0 0 0 0 0 0 0 0 ' ,74 ,0 ,21, 1
279 ,277, 255, '199 188 201 221 194 208 211 208 234 231 216 191 192 199 185 221 176 187 197 159 ' ,'0 0 0 0 0 0 0 0 0 0 0 0 0 0 0 0 0 0 0 0 ' ,78 ,1 ,13, 1
339 ,276, 322, '212 304 285 284 288 269 238 277 291 219 241 271 241 219 266 195 277 250 228 229 ' ,'0 0 0 0 0 0 0 0 0 0 0 0 0 0 0 0 0 0 0 0 ' ,111 ,1 ,13, 1
502 ,332, 326, '175 184 241 240 200 199 294 269 220 212 218 215 230 217 191 215 198 219 226 195 ' ,'0 0 0 0 0 0 0 0 0 0 0 0 0 0 0 0 0 0 0 0 ' ,127 ,1 ,18, 2
331 ,337, 313, '244 183 202 222 245 205 165 205 293 239 240 188 217 193 225 213 221 215 195 197 ' ,'0 0 0 0 0 0 0 0 0 0 0 0 0 0 0 0 0 0 0 0 ' ,127 ,1 ,13, 2
299 ,325, 279, '251 212 202 226 220 222 228 217 204 207 174 187 194 195 186 196 206 212 241 219 ' ,'0 0 0 0 0 0 0 0 0 0 0 0 0 0 0 0 0 0 0 0 ' ,75 ,1 ,21, 1
331 ,290, 311, '225 241 219 246 232 209 164 232 236 254 203 220 230 219 251 241 212 242 221 280 ' ,'0 0 0 0 0 0 0 0 0 0 0 0 0 0 0 0 0 0 0 0 ' ,115 ,1 ,24, 2
418 ,324, 398, '246 250 186 253 317 269 251 297 380 286 215 219 255 232 242 221 223 312 237 256 ' ,'0 0 0 0 0 0 0 0 0 0 0 0 0 0 0 0 0 0 0 0 ' ,198 ,1 ,14, 2
425 ,411, 406, '294 278 298 289 237 300 231 253 275 265 382 283 266 307 271 235 251 272 310 273 ' ,'0 0 0 0 0 0 0 0 0 0 0 0 0 0 0 0 0 0 0 0 ' ,153 ,1 ,16, 1
363 ,437, 346, '300 280 240 300 261 288 301 307 256 293 260 275 284 324 295 274 259 280 281 300 ' ,'0 0 0 0 0 0 0 0 0 0 0 0 0 0 0 0 0 0 0 0 ' ,87 ,1 ,17, 2
851 ,368, 830, '281 556 375 256 252 308 282 362 319 314 251 782 321 289 362 301 325 370 392 288 ' ,'0 0 0 0 0 0 0 0 0 0 0 0 0 0 0 0 0 0 0 0 ' ,539 ,1 ,37, 3
302 ,839, 285, '228 248 266 258 230 220 247 237 248 241 209 222 228 238 219 232 211 237 256 212 ' ,'0 0 0 0 0 0 0 0 0 0 0 0 0 0 0 0 0 0 0 0 ' ,59 ,1 ,12, 1
299 ,295, 280, '249 248 214 203 187 209 254 257 256 218 195 212 218 243 200 220 227 228 205 199 ' ,'0 0 0 0 0 0 0 0 0 0 0 0 0 0 0 0 0 0 0 0 ' ,72 ,1 ,14, 2
330 ,291, 311, '220 231 203 236 220 200 193 248 226 243 226 212 231 224 219 216 221 235 211 200 ' ,'0 0 0 0 0 0 0 0 0 0 0 0 0 0 0 0 0 0 0 0 ' ,93 ,1 ,16, 2
317 ,382, 301, '221 207 229 204 236 215 219 222 203 250 221 225 223 236 229 233 167 250 277 215 ' ,'0 0 0 0 0 0 0 0 0 0 0 0 0 0 0 0 0 0 0 0 ' ,110 ,1 ,18, 2
284 ,308, 267, '185 203 217 207 175 178 195 186 199 199 207 181 176 244 184 212 199 200 224 192 ' ,'0 0 0 0 0 0 0 0 0 0 0 0 0 0 0 0 0 0 0 0 ' ,72 ,1 ,14, 2
286 ,300, 263, '171 209 214 218 203 202 241 201 218 193 195 182 214 205 190 215 226 195 196 197 ' ,'0 0 0 0 0 0 0 0 0 0 0 0 0 0 0 0 0 0 0 0 ' ,74 ,1 ,12, 2
258 ,280, 238, '175 181 178 183 207 183 202 177 189 174 190 175 211 168 190 189 175 168 188 188 ' ,'0 0 0 0 0 0 0 0 0 0 0 0 0 0 0 0 0 0 0 0 ' ,48 ,1 ,17, 1
356 ,248, 341, '231 228 252 269 264 214 204 231 209 275 262 268 231 229 230 318 267 279 279 255 ' ,'0 0 0 0 0 0 0 0 0 0 0 0 0 0 0 0 0 0 0 0 ' ,107 ,1 ,14, 2
344 ,350, 327, '211 221 266 258 278 252 265 257 189 278 227 251 213 226 232 265 289 258 266 264 ' ,'0 0 0 0 0 0 0 0 0 0 0 0 0 0 0 0 0 0 0 0 ' ,104 ,1 ,30, 2
360 ,336, 343, '219 263 216 227 307 237 220 318 241 212 199 225 228 201 241 232 227 275 272 206 ' ,'0 0 0 0 0 0 0 0 0 0 0 0 0 0 0 0 0 0 0 0 ' ,121 ,1 ,18, 2
431 ,483, 411, '274 312 305 233 332 282 285 280 259 283 274 225 298 324 349 325 295 330 318 383 ' ,'0 0 0 0 0 0 0 0 0 0 0 0 0 0 0 0 0 0 0 0 ' ,155 ,1 ,22, 2
756 ,430, 737, '268 300 303 291 269 241 302 307 282 256 704 253 278 324 253 247 301 327 283 239 ' ,'0 0 0 0 0 0 0 0 0 0 0 0 0 0 0 0 0 0 0 0 ' ,468 ,1 ,25, 2
375 ,761, 355, '262 303 277 259 298 255 291 281 268 230 207 323 282 255 259 273 261 283 301 258 ' ,'0 0 0 0 0 0 0 0 0 0 0 0 0 0 0 0 0 0 0 0 ' ,124 ,1 ,19, 2
572 ,367, 556, '309 319 282 519 391 290 281 348 301 277 294 270 359 368 325 301 347 377 470 383 ' ,'0 0 0 0 0 0 0 0 0 0 0 0 0 0 0 0 0 0 0 0 ' ,254 ,1 ,25, 2
377 ,564, 360, '290 270 240 313 243 282 255 248 231 325 301 247 295 291 264 268 310 292 261 324 ' ,'0 0 0 0 0 0 0 0 0 0 0 0 0 0 0 0 0 0 0 0 ' ,97 ,1 ,18, 2
350 ,372, 320, '253 234 261 294 278 266 212 244 299 291 248 297 241 303 237 211 298 236 272 223 ' ,'0 0 0 0 0 0 0 0 0 0 0 0 0 0 0 0 0 0 0 0 ' ,100 ,1 ,14, 2
350 ,343, 331, '233 211 196 226 211 269 298 253 246 224 219 252 233 201 228 224 207 223 235 227 ' ,'0 0 0 0 0 0 0 0 0 0 0 0 0 0 0 0 0 0 0 0 ' ,112 ,1 ,22, 2
312 ,352, 294, '215 191 184 206 231 208 238 244 268 192 230 196 243 224 206 218 212 191 219 219 ' ,'0 0 0 0 0 0 0 0 0 0 0 0 0 0 0 0 0 0 0 0 ' ,90 ,1 ,18, 2
288 ,303, 269, '227 209 194 231 232 233 241 216 247 206 223 202 185 197 213 230 207 201 206 227 ' ,'0 0 0 0 0 0 0 0 0 0 0 0 0 0 0 0 0 0 0 0 ' ,58 ,1 ,14, 1
333 ,283, 316, '274 204 237 190 194 266 248 213 230 196 286 227 210 223 213 248 222 209 213 199 ' ,'0 0 0 0 0 0 0 0 0 0 0 0 0 0 0 0 0 0 0 0 ' ,101 ,1 ,20, 2
289 ,325, 272, '227 201 200 189 211 205 222 243 220 203 188 192 248 216 192 210 205 213 225 198 ' ,'0 0 0 0 0 0 0 0 0 0 0 0 0 0 0 0 0 0 0 0 ' ,68 ,1 ,11, 1
356 ,303, 337, '225 239 242 281 266 245 249 237 207 229 224 304 218 220 232 222 211 233 241 301 ' ,'0 0 0 0 0 0 0 0 0 0 0 0 0 0 0 0 0 0 0 0 ' ,108 ,1 ,17, 1
423 ,349, 406, '240 224 196 273 360 255 260 250 242 248 215 318 233 252 257 220 262 253 233 234 ' ,'0 0 0 0 0 0 0 0 0 0 0 0 0 0 0 0 0 0 0 0 ' ,170 ,1 ,36, 2
436 ,560, 414, '307 252 229 259 392 279 266 221 277 308 341 239 248 257 280 307 293 223 239 292 ' ,'0 0 0 0 0 0 0 0 0 0 0 0 0 0 0 0 0 0 0 0 ' ,175 ,1 ,13, 1
424 ,429, 406, '292 308 250 313 256 253 291 383 290 245 289 283 300 251 258 369 306 281 350 303 ' ,'0 0 0 0 0 0 0 0 0 0 0 0 0 0 0 0 0 0 0 0 ' ,140 ,1 ,14, 2
379 ,434, 361, '292 272 257 272 324 293 255 286 341 240 254 316 250 233 288 279 251 225 243 244 ' ,'0 0 0 0 0 0 0 0 0 0 0 0 0 0 0 0 0 0 0 0 ' ,118 ,1 ,9, 2
411 ,380, 393, '195 287 249 277 285 304 167 301 234 317 248 263 251 250 374 218 240 279 257 281 ' ,'0 0 0 0 0 0 0 0 0 0 0 0 0 0 0 0 0 0 0 0 ' ,212 ,1 ,7, 2
381 ,415, 360, '261 340 273 260 283 314 289 260 296 301 314 273 277 272 264 289 311 243 318 326 ' ,'0 0 0 0 0 0 0 0 0 0 0 0 0 0 0 0 0 0 0 0 ' ,99 ,1 ,12, 2
486 ,492, 465, '303 345 350 307 351 311 281 251 261 433 332 279 248 308 388 330 267 297 391 390 ' ,'0 0 0 0 0 0 0 0 0 0 0 0 0 0 0 0 0 0 0 0 ' ,189 ,1 ,16, 2
406 ,484, 391, '273 285 301 255 276 299 301 367 322 242 279 300 296 290 272 311 310 278 227 265 ' ,'0 0 0 0 0 0 0 0 0 0 0 0 0 0 0 0 0 0 0 0 ' ,143 ,1 ,16, 2
311 ,403, 290, '210 258 254 220 266 269 239 208 196 264 230 256 219 242 217 240 234 211 257 203 ' ,'0 0 0 0 0 0 0 0 0 0 0 0 0 0 0 0 0 0 0 0 ' ,77 ,1 ,17, 2
292 ,311, 273, '174 223 202 191 231 202 209 217 253 217 184 249 182 243 199 223 216 200 228 210 ' ,'0 0 0 0 0 0 0 0 0 0 0 0 0 0 0 0 0 0 0 0 ' ,82 ,1 ,13, 2
321 ,287, 302, '244 242 200 224 278 200 203 226 193 220 214 255 236 200 252 212 194 179 222 195 ' ,'0 0 0 0 0 0 0 0 0 0 0 0 0 0 0 0 0 0 0 0 ' ,103 ,1 ,17, 1
349 ,316, 333, '256 272 257 210 269 275 223 239 206 247 277 295 213 222 229 294 255 258 263 249 ' ,'0 0 0 0 0 0 0 0 0 0 0 0 0 0 0 0 0 0 0 0 ' ,96 ,1 ,25, 1
302 ,339, 287, '260 242 238 258 248 227 239 245 226 233 192 198 208 224 250 233 244 250 221 224 ' ,'0 0 0 0 0 0 0 0 0 0 0 0 0 0 0 0 0 0 0 0 ' ,67 ,1 ,21, 1
309 ,300, 293, '218 207 212 253 210 221 229 237 269 236 210 243 242 247 217 273 222 218 199 181 ' ,'0 0 0 0 0 0 0 0 0 0 0 0 0 0 0 0 0 0 0 0 ' ,91 ,1 ,15, 1
310 ,302, 290, '172 195 215 232 222 206 226 262 209 193 242 196 198 242 225 197 188 203 210 199 ' ,'0 0 0 0 0 0 0 0 0 0 0 0 0 0 0 0 0 0 0 0 ' ,94 ,1 ,8, 2
464 ,401, 442, '283 270 274 265 331 310 359 384 240 298 258 290 208 342 295 321 347 272 186 266 ' ,'0 0 0 0 0 0 0 0 0 0 0 0 0 0 0 0 0 0 0 0 ' ,207 ,1 ,44, 2
443 ,460, 428, '289 313 259 285 321 322 231 301 278 334 289 321 265 310 320 270 321 277 318 401 ' ,'0 0 0 0 0 0 0 0 0 0 0 0 0 0 0 0 0 0 0 0 ' ,175 ,1 ,15, 2
342 ,458, 327, '273 242 301 233 204 246 261 263 228 282 252 276 264 301 273 293 289 215 306 239 ' ,'0 0 0 0 0 0 0 0 0 0 0 0 0 0 0 0 0 0 0 0 ' ,103 ,1 ,15, 2
372 ,340, 353, '247 287 257 281 230 294 235 224 330 260 216 244 274 256 290 276 249 243 254 246 ' ,'0 0 0 0 0 0 0 0 0 0 0 0 0 0 0 0 0 0 0 0 ' ,116 ,1 ,15, 2
361 ,371, 341, '234 235 261 266 281 271 263 278 309 246 232 281 246 251 222 265 264 248 232 242 ' ,'0 0 0 0 0 0 0 0 0 0 0 0 0 0 0 0 0 0 0 0 ' ,89 ,1 ,22, 4
441 ,352, 425, '240 321 250 286 234 297 255 269 273 265 277 355 266 249 233 267 399 282 268 247 ' ,'0 0 0 0 0 0 0 0 0 0 0 0 0 0 0 0 0 0 0 0 ' ,167 ,1 ,17, 2
454 ,436, 427, '279 280 309 333 320 330 322 247 291 328 227 278 270 330 293 285 390 283 303 284 ' ,'0 0 0 0 0 0 0 0 0 0 0 0 0 0 0 0 0 0 0 0 ' ,178 ,2 ,16, 2
400 ,594, 372, '245 245 274 265 309 251 202 193 219 249 292 248 270 219 261 295 344 268 216 267 ' ,'0 0 0 0 0 0 0 0 0 0 0 0 0 0 0 0 0 0 0 0 ' ,165 ,1 ,20, 2
315 ,394, 297, '210 219 230 250 216 218 209 218 275 266 225 244 252 242 226 216 251 201 198 246 ' ,'0 0 0 0 0 0 0 0 0 0 0 0 0 0 0 0 0 0 0 0 ' ,77 ,1 ,12, 2
315 ,325, 298, '215 215 221 232 272 205 257 222 253 208 208 198 276 203 234 217 204 214 203 202 ' ,'0 0 0 0 0 0 0 0 0 0 0 0 0 0 0 0 0 0 0 0 ' ,80 ,1 ,12, 1
321 ,324, 301, '206 247 225 251 245 212 215 217 206 229 195 228 262 189 236 223 212 222 250 174 ' ,'0 0 0 0 0 0 0 0 0 0 0 0 0 0 0 0 0 0 0 0 ' ,91 ,1 ,26, 1
333 ,310, 319, '219 203 234 214 236 239 213 224 219 224 229 230 239 211 290 237 227 210 178 245 ' ,'0 0 0 0 0 0 0 0 0 0 0 0 0 0 0 0 0 0 0 0 ' ,116 ,2 ,18, 2
335 ,334, 316, '249 291 268 228 235 223 225 277 253 243 221 226 187 216 229 222 234 250 247 251 ' ,'0 0 0 0 0 0 0 0 0 0 0 0 0 0 0 0 0 0 0 0 ' ,105 ,2 ,15, 1
736 ,344, 717, '240 293 251 225 250 257 278 264 217 294 689 273 280 318 312 334 265 262 245 276 ' ,'0 0 0 0 0 0 0 0 0 0 0 0 0 0 0 0 0 0 0 0 ' ,476 ,2 ,18, 2
338 ,734, 320, '225 221 251 243 278 199 210 218 240 240 223 267 233 261 259 239 246 238 201 292 ' ,'0 0 0 0 0 0 0 0 0 0 0 0 0 0 0 0 0 0 0 0 ' ,96 ,1 ,19, 2
353 ,335, 331, '245 295 240 264 305 279 197 263 248 249 208 225 285 247 253 200 286 253 220 225 ' ,'0 0 0 0 0 0 0 0 0 0 0 0 0 0 0 0 0 0 0 0 ' ,117 ,1 ,17, 2
518 ,350, 497, '302 280 213 249 295 303 258 293 257 283 288 321 306 291 345 274 266 273 283 298 ' ,'0 0 0 0 0 0 0 0 0 0 0 0 0 0 0 0 0 0 0 0 ' ,136 ,1 ,146, 2
342 ,507, 325, '227 295 245 252 252 239 237 267 244 223 259 250 289 253 249 262 264 226 238 270 ' ,'0 0 0 0 0 0 0 0 0 0 0 0 0 0 0 0 0 0 0 0 ' ,80 ,1 ,17, 2
360 ,340, 343, '240 269 216 211 230 288 223 315 234 236 222 311 249 228 237 268 229 238 215 243 ' ,'0 0 0 0 0 0 0 0 0 0 0 0 0 0 0 0 0 0 0 0 ' ,106 ,2 ,21, 1
372 ,498, 355, '257 292 243 214 285 258 247 258 254 322 240 259 277 234 276 262 265 251 245 254 ' ,'0 0 0 0 0 0 0 0 0 0 0 0 0 0 0 0 0 0 0 0 ' ,113 ,1 ,23, 2
398 ,477, 379, '296 308 242 243 237 243 305 268 269 343 280 328 290 281 343 258 288 262 199 344 ' ,'0 0 0 0 0 0 0 0 0 0 0 0 0 0 0 0 0 0 0 0 ' ,152 ,1 ,22, 2
389 ,398, 373, '278 232 296 270 307 285 253 206 262 280 332 241 290 237 299 287 232 262 252 312 ' ,'0 0 0 0 0 0 0 0 0 0 0 0 0 0 0 0 0 0 0 0 ' ,125 ,2 ,31, 2
363 ,387, 345, '240 225 266 316 244 263 236 217 281 286 258 238 257 281 283 211 312 225 267 270 ' ,'0 0 0 0 0 0 0 0 0 0 0 0 0 0 0 0 0 0 0 0 ' ,112 ,1 ,20, 2
381 ,528, 357, '209 210 211 238 215 208 235 199 275 178 178 229 309 227 213 206 249 329 189 191 ' ,'0 0 0 0 0 0 0 0 0 0 0 0 0 0 0 0 0 0 0 0 ' ,159 ,1 ,22, 2
371 ,374, 353, '189 205 182 242 221 222 199 238 231 224 251 178 286 219 240 159 231 244 197 221 ' ,'0 0 0 0 0 0 0 0 0 0 0 0 0 0 0 0 0 0 0 0 ' ,144 ,1 ,44, 1
323 ,368, 307, '191 191 191 169 198 222 248 194 200 190 215 240 270 184 238 182 202 250 245 220 ' ,'0 0 0 0 0 0 0 0 0 0 0 0 0 0 0 0 0 0 0 0 ' ,112 ,1 ,21, 1
325 ,315, 307, '236 213 198 240 277 221 221 208 256 278 279 202 208 207 250 220 193 184 264 232 ' ,'0 0 0 0 0 0 0 0 0 0 0 0 0 0 0 0 0 0 0 0 ' ,100 ,1 ,14, 1
291 ,319, 264, '183 210 214 231 196 204 235 210 192 224 219 225 203 229 241 194 192 218 237 187 ' ,'0 0 0 0 0 0 0 0 0 0 0 0 0 0 0 0 0 0 0 0 ' ,64 ,2 ,14, 2
304 ,293, 287, '193 206 198 184 217 252 230 201 191 201 206 223 225 185 214 194 209 240 195 207 ' ,'0 0 0 0 0 0 0 0 0 0 0 0 0 0 0 0 0 0 0 0 ' ,71 ,1 ,27, 2
287 ,295, 272, '194 187 213 210 206 186 235 225 179 191 167 212 198 190 179 178 209 167 243 179 ' ,'0 0 0 0 0 0 0 0 0 0 0 0 0 0 0 0 0 0 0 0 ' ,80 ,2 ,19, 1
425 ,285, 406, '285 272 290 383 244 212 220 277 257 250 225 219 295 305 262 267 230 237 236 258 ' ,'0 0 0 138 0 0 0 0 0 0 0 0 0 0 0 0 0 0 0 0 ' ,171 ,1 ,17, 1
425 ,423, 401, '319 326 283 344 276 275 194 343 351 313 284 279 367 352 316 333 345 289 300 268 ' ,'0 0 0 0 0 0 0 0 0 0 0 0 0 0 0 0 0 0 0 0 ' ,179 ,2 ,23, 2
381 ,415, 361, '253 242 268 278 258 298 250 268 341 290 229 279 225 297 300 257 290 287 296 254 ' ,'0 0 0 0 0 0 0 0 0 0 0 0 0 0 0 0 0 0 0 0 ' ,118 ,2 ,15, 2
432 ,378, 415, '243 286 309 312 271 282 257 313 257 294 277 271 306 308 321 279 248 269 295 304 ' ,'0 0 0 0 0 0 0 0 0 0 0 0 0 0 0 0 0 0 0 0 ' ,125 ,1 ,42, 1
405 ,422, 387, '281 283 272 332 336 244 276 290 285 267 361 315 278 305 297 267 357 251 281 270 ' ,'0 0 0 0 0 0 0 0 0 0 0 0 0 0 0 0 0 0 0 0 ' ,122 ,1 ,17, 2
318 ,407, 298, '261 225 253 231 241 212 224 241 244 270 256 242 259 229 220 261 271 243 222 252 ' ,'0 0 0 0 0 0 0 0 0 0 0 0 0 0 0 0 0 0 0 0 ' ,62 ,1 ,14, 2
372 ,417, 356, '261 320 267 262 304 230 229 322 304 230 247 210 224 250 282 284 235 318 259 309 ' ,'0 0 0 0 0 0 0 0 0 0 0 0 0 0 0 0 0 0 0 0 ' ,116 ,2 ,23, 2
340 ,362, 323, '223 230 265 234 224 187 292 250 201 212 203 244 201 206 197 260 206 220 247 210 ' ,'0 0 0 0 0 0 0 0 0 0 0 0 0 0 0 0 0 0 0 0 ' ,109 ,2 ,21, 2
369 ,335, 348, '191 223 214 322 213 211 229 223 261 221 272 173 200 285 193 252 218 221 248 212 ' ,'0 0 0 0 0 0 0 0 0 0 0 0 0 0 0 0 0 0 0 0 ' ,153 ,2 ,15, 1
339 ,368, 313, '206 236 235 256 253 228 215 210 207 185 208 242 207 277 270 227 216 227 289 221 ' ,'0 0 0 0 0 0 0 0 0 0 0 0 0 0 0 0 0 0 0 0 ' ,109 ,1 ,19, 2
302 ,337, 284, '229 194 216 187 198 204 227 192 249 210 187 258 179 186 187 174 208 223 214 214 ' ,'0 0 0 0 0 0 0 0 0 0 0 0 0 0 0 0 0 0 0 0 ' ,88 ,1 ,17, 1
275 ,297, 260, '186 169 190 215 209 228 181 197 183 215 192 228 204 194 206 175 205 221 223 198 ' ,'0 0 0 0 0 0 0 0 0 0 0 0 0 0 0 0 0 0 0 0 ' ,64 ,2 ,21, 1
299 ,268, 279, '201 191 216 256 233 232 213 178 198 210 202 212 194 223 225 223 220 181 221 198 ' ,'0 0 0 0 0 0 0 0 0 0 0 0 0 0 0 0 0 0 0 0 ' ,79 ,1 ,21, 2
333 ,291, 317, '212 287 224 255 269 210 195 204 260 241 250 249 213 263 271 286 214 223 234 269 ' ,'0 0 0 0 0 0 0 0 0 0 0 0 0 0 0 0 0 0 0 0 ' ,97 ,1 ,15, 0
359 ,330, 334, '240 256 283 214 271 221 206 237 263 237 218 212 229 203 222 313 224 250 260 227 ' ,'0 0 0 0 0 0 0 0 0 0 0 0 0 0 0 0 0 0 0 0 ' ,111 ,2 ,19, 1
388 ,354, 362, '258 242 273 341 237 240 175 302 209 241 226 252 258 307 222 265 278 253 265 249 ' ,'0 0 0 0 0 0 0 0 0 0 0 0 0 0 0 0 0 0 0 0 ' ,166 ,1 ,14, 1
375 ,383, 358, '257 283 295 317 264 248 224 266 247 312 265 276 253 330 281 252 262 280 314 282 ' ,'0 0 0 0 0 0 0 0 0 0 0 0 0 0 0 0 0 0 0 0 ' ,109 ,2 ,19, 4
424 ,374, 408, '261 248 353 275 305 337 218 264 285 278 221 371 305 353 236 344 271 228 256 328 ' ,'0 0 0 0 0 0 0 0 0 0 0 0 0 0 0 0 0 0 0 0 ' ,160 ,2 ,25, 2
438 ,429, 421, '270 351 268 302 347 273 219 286 308 370 330 218 283 319 284 364 293 323 349 311 ' ,'0 0 0 0 0 0 0 0 0 0 0 0 0 0 0 0 0 0 0 0 ' ,156 ,1 ,39, 2
392 ,427, 374, '271 287 254 327 246 223 246 325 264 262 229 302 245 267 271 296 277 258 280 262 ' ,'0 0 0 0 0 0 0 0 0 0 0 0 0 0 0 0 0 0 0 0 ' ,106 ,2 ,40, 2
372 ,386, 345, '198 235 247 220 287 267 221 199 245 261 246 245 311 254 312 224 222 218 264 254 ' ,'0 0 0 0 0 0 0 0 0 0 0 0 0 0 0 0 0 0 0 0 ' ,129 ,2 ,21, 2
368 ,368, 348, '249 216 311 252 303 272 221 239 295 303 289 270 271 226 240 258 249 236 241 265 ' ,'0 0 0 0 0 0 0 0 0 0 0 0 0 0 0 0 0 0 0 0 ' ,97 ,1 ,31, 2
297 ,357, 277, '217 217 225 237 182 236 226 207 233 224 205 247 213 191 236 208 225 224 198 226 ' ,'0 0 0 0 0 0 0 0 0 0 0 0 0 0 0 0 0 0 0 0 ' ,73 ,1 ,19, 2
294 ,305, 275, '228 226 240 218 233 198 243 252 232 216 232 227 247 249 190 192 208 210 223 193 ' ,'0 0 0 0 0 0 0 0 0 0 0 0 0 0 0 0 0 0 0 0 ' ,64 ,1 ,16, 2
277 ,291, 260, '208 205 208 211 212 195 187 219 219 231 207 184 195 208 218 200 221 204 208 217 ' ,'0 0 0 0 0 0 0 0 0 0 0 0 0 0 0 0 0 0 0 0 ' ,49 ,1 ,19, 2
289 ,273, 270, '211 176 228 231 222 200 179 181 182 183 214 188 191 217 213 190 195 197 201 188 ' ,'0 0 0 0 0 0 0 0 0 0 0 0 0 0 0 0 0 0 0 0 ' ,56 ,2 ,28, 1
361 ,283, 348, '262 235 207 196 316 211 233 240 251 310 282 238 238 221 292 246 213 285 226 298 ' ,'0 0 0 0 0 0 0 0 0 0 0 0 0 0 0 0 0 0 0 0 ' ,121 ,2 ,20, 2
372 ,361, 357, '281 316 242 270 270 318 285 297 309 312 322 238 274 283 316 267 290 298 292 279 ' ,'0 0 0 0 0 0 0 0 0 0 0 0 0 0 0 0 0 0 0 0 ' ,86 ,1 ,25, 3
446 ,367, 418, '349 247 262 296 285 256 249 218 324 390 226 293 280 335 280 275 256 290 259 265 ' ,'0 0 0 0 0 0 0 0 0 0 0 0 0 0 0 0 0 0 0 0 ' ,177 ,1 ,17, 2
381 ,439, 361, '262 310 258 219 268 275 200 218 293 283 301 255 288 309 244 258 221 307 284 249 ' ,'0 0 0 0 0 0 0 0 0 0 0 0 0 0 0 0 0 0 0 0 ' ,113 ,1 ,41, 2
386 ,379, 368, '301 290 317 272 252 290 235 334 310 254 286 276 294 272 314 318 289 275 340 278 ' ,'0 0 0 0 0 0 0 0 0 0 0 0 0 0 0 0 0 0 0 0 ' ,102 ,2 ,24, 2
1017 ,380, 1001, '371 364 389 288 353 329 301 289 969 378 335 267 351 333 324 295 334 271 255 324 ' ,'0 0 0 0 0 0 0 0 0 0 0 0 0 0 0 0 0 0 0 0 ' ,715 ,1 ,24, 2
396 ,1021, 378, '276 311 272 289 315 301 246 310 287 243 286 203 281 281 304 267 279 258 280 312 ' ,'0 0 0 0 0 0 0 0 0 0 0 0 0 0 0 0 0 0 0 0 ' ,145 ,28 ,22, 3
384 ,393, 369, '289 246 219 238 327 284 210 234 261 308 250 263 268 284 258 274 231 338 310 285 ' ,'0 0 0 0 0 0 0 0 0 0 0 0 0 0 0 0 0 0 0 0 ' ,132 ,1 ,20, 1
350 ,380, 333, '262 255 225 273 285 251 198 223 303 258 239 238 234 239 238 230 230 287 289 301 ' ,'0 0 0 0 0 0 0 0 0 0 0 0 0 0 0 0 0 0 0 0 ' ,111 ,2 ,21, 1
471 ,347, 454, '310 251 233 214 306 252 249 258 423 247 278 251 245 238 307 244 260 271 269 250 ' ,'0 0 0 0 0 0 0 0 0 0 0 0 0 0 0 0 0 0 0 0 ' ,213 ,2 ,21, 1
436 ,474, 418, '241 231 213 255 287 214 251 384 243 240 294 252 244 290 241 228 275 262 303 249 ' ,'0 0 0 0 0 0 0 0 0 0 0 0 0 0 0 0 0 0 0 0 ' ,175 ,2 ,25, 1
312 ,427, 286, '203 217 244 225 215 225 256 238 214 193 212 255 191 258 206 219 254 207 178 248 ' ,'0 0 0 0 0 0 0 0 0 0 0 0 0 0 0 0 0 0 0 0 ' ,96 ,2 ,20, 2
307 ,311, 290, '180 230 221 198 201 198 228 207 191 209 186 182 190 173 205 188 183 193 263 181 ' ,'0 0 0 0 0 0 0 0 0 0 0 0 0 0 0 0 0 0 0 0 ' ,90 ,2 ,22, 1
533 ,300, 511, '231 273 204 240 200 311 237 208 218 257 202 193 273 203 212 221 194 253 488 232 ' ,'0 0 0 0 0 0 0 0 0 0 0 0 0 0 0 0 0 0 0 0 ' ,293 ,1 ,17, 1
323 ,533, 303, '244 246 197 239 234 257 214 228 209 242 245 273 229 212 230 238 229 215 189 248 ' ,'0 0 0 0 0 0 0 0 0 0 0 0 0 0 0 0 0 0 0 0 ' ,95 ,2 ,18, 2
314 ,323, 292, '225 221 192 227 231 190 228 234 223 216 201 246 214 197 236 199 236 195 234 215 ' ,'0 0 0 0 0 0 0 0 0 0 0 0 0 0 0 0 0 0 0 0 ' ,68 ,2 ,35, 1
327 ,306, 311, '238 236 237 267 282 249 203 189 242 245 216 263 240 220 256 244 246 268 230 233 ' ,'0 0 0 0 0 0 0 0 0 0 0 0 0 0 0 0 0 0 0 0 ' ,94 ,2 ,22, 1
423 ,320, 405, '264 298 310 322 352 300 257 276 284 281 233 252 307 237 303 303 279 277 230 279 ' ,'0 0 0 0 0 0 0 0 0 0 0 0 0 0 0 0 0 0 0 0 ' ,135 ,2 ,38, 2
407 ,412, 390, '254 307 270 308 232 292 361 223 244 244 216 229 293 290 237 212 319 304 240 216 ' ,'0 0 0 0 0 0 0 0 0 0 0 0 0 0 0 0 0 0 0 0 ' ,159 ,2 ,15, 1
421 ,408, 401, '344 340 278 321 350 217 375 349 230 299 275 263 284 293 313 285 363 278 322 335 ' ,'0 0 0 0 0 0 0 0 0 0 0 0 0 0 0 0 0 0 0 0 ' ,163 ,2 ,17, 2
462 ,429, 442, '303 243 403 310 207 322 352 267 316 256 274 372 284 292 296 249 301 303 310 289 ' ,'0 0 0 0 0 0 0 0 0 0 0 0 0 0 0 0 0 0 0 0 ' ,200 ,2 ,28, 1
423 ,469, 405, '311 251 242 296 251 253 284 280 315 367 251 247 285 252 264 288 321 293 281 315 ' ,'0 0 0 0 0 0 0 0 0 0 0 0 0 0 0 0 0 0 0 0 ' ,137 ,2 ,21, 2
410 ,420, 389, '245 211 280 238 241 352 250 234 252 266 223 271 267 231 297 281 243 229 279 289 ' ,'0 0 0 0 0 0 0 0 0 0 0 0 0 0 0 0 0 0 0 0 ' ,144 ,1 ,21, 2
316 ,414, 294, '191 262 223 206 199 234 234 201 207 253 208 200 240 202 231 175 238 213 204 218 ' ,'0 0 0 0 0 0 0 0 0 0 0 0 0 0 0 0 0 0 0 0 ' ,95 ,2 ,23, 2
320 ,316, 303, '273 193 205 224 215 266 216 210 255 246 227 212 218 190 224 206 244 197 200 255 ' ,'0 0 0 0 0 0 0 0 0 0 0 0 0 0 0 0 0 0 0 0 ' ,86 ,2 ,22, 1
288 ,318, 268, '186 193 187 222 211 190 236 194 207 192 218 208 178 204 210 178 179 206 201 169 ' ,'0 0 0 0 0 0 0 0 0 0 0 0 0 0 0 0 0 0 0 0 ' ,71 ,2 ,23, 2
292 ,287, 273, '178 184 216 185 182 178 185 192 195 240 182 195 180 195 186 185 185 213 216 188 ' ,'0 0 0 0 0 0 0 0 0 0 0 0 0 0 0 0 0 0 0 0 ' ,70 ,2 ,22, 2
294 ,288, 274, '190 190 244 208 208 238 210 198 207 182 205 233 214 195 211 208 202 214 204 213 ' ,'0 0 0 0 0 0 0 0 0 0 0 0 0 0 0 0 0 0 0 0 ' ,63 ,1 ,20, 1
454 ,292, 429, '213 172 241 208 215 175 318 203 193 399 220 226 183 205 398 208 180 208 207 175 ' ,'0 0 0 0 0 0 0 0 0 0 0 0 0 0 0 0 0 0 0 0 ' ,235 ,2 ,24, 1
309 ,451, 293, '210 200 186 182 241 199 177 196 217 224 233 189 183 180 250 202 213 194 228 241 ' ,'0 0 0 0 0 0 0 0 0 0 0 0 0 0 0 0 0 0 0 0 ' ,78 ,1 ,31, 1
332 ,302, 312, '191 199 254 181 204 161 195 203 204 193 200 197 206 180 193 163 183 274 187 203 ' ,'0 0 0 0 0 0 0 0 0 0 0 0 0 0 0 0 0 0 0 0 ' ,117 ,2 ,25, 1
344 ,322, 316, '158 176 170 152 172 177 183 258 185 206 178 193 255 174 167 153 160 182 174 204 ' ,'0 0 0 0 0 0 0 0 0 0 0 0 0 0 0 0 0 0 0 0 ' ,112 ,1 ,47, 2
279 ,337, 254, '161 174 195 171 230 146 162 171 190 179 175 143 194 194 191 211 206 167 215 195 ' ,'0 0 0 0 0 0 0 0 0 0 0 0 0 0 0 0 0 0 0 0 ' ,87 ,2 ,19, 1
281 ,273, 263, '201 218 192 188 171 181 194 178 193 213 180 201 185 194 222 189 214 205 176 196 ' ,'0 0 0 0 0 0 0 0 0 0 0 0 0 0 0 0 0 0 0 0 ' ,58 ,1 ,30, 2
483 ,273, 467, '229 190 232 188 238 235 214 167 251 284 241 213 183 176 243 247 202 188 190 235 ' ,'0 0 0 0 0 0 0 0 0 0 0 0 0 0 0 0 0 0 0 0 ' ,277 ,2 ,17, 1
580 ,494, 563, '306 345 356 377 417 532 287 383 380 272 283 322 335 304 260 226 425 307 274 355 ' ,'0 0 0 0 0 0 0 0 0 0 0 0 0 0 0 0 0 0 0 0 ' ,305 ,2 ,20, 2
1039 ,575, 1023, '249 289 370 409 319 988 309 278 371 284 305 269 291 278 248 372 293 312 279 285 ' ,'0 0 0 0 0 0 0 0 0 0 0 0 0 0 0 0 0 0 0 0 ' ,746 ,2 ,22, 2
634 ,1056, 611, '370 277 320 239 351 257 266 257 294 300 222 302 274 286 326 444 247 572 292 349 ' ,'0 0 0 0 0 0 0 0 0 0 0 0 0 0 0 0 0 0 0 0 ' ,355 ,2 ,27, 3
389 ,646, 374, '303 265 269 307 294 331 235 252 286 287 253 227 222 294 219 275 329 331 224 268 ' ,'0 0 0 0 0 0 0 0 0 0 0 0 0 0 0 0 0 0 0 0 ' ,116 ,1 ,31, 1
414 ,399, 389, '243 332 259 297 272 257 215 318 270 211 266 329 276 258 210 237 274 284 365 259 ' ,'0 0 0 0 0 0 0 0 0 0 0 0 0 0 0 0 0 0 0 0 ' ,159 ,2 ,19, 1
368 ,420, 347, '200 194 187 316 231 201 213 278 295 198 225 204 276 224 251 267 230 249 191 212 ' ,'0 0 0 0 0 0 0 0 0 0 0 0 0 0 0 0 0 0 0 0 ' ,128 ,2 ,25, 0
301 ,362, 284, '206 203 246 216 224 199 176 189 191 202 227 212 194 230 205 254 232 235 255 192 ' ,'0 0 0 0 0 0 0 0 0 0 0 0 0 0 0 0 0 0 0 0 ' ,80 ,2 ,20, 0
368 ,307, 345, '165 181 204 235 233 185 197 253 212 228 196 316 198 203 191 155 188 188 202 175 ' ,'0 0 0 0 0 0 0 0 0 0 0 0 0 0 0 0 0 0 0 0 ' ,165 ,2 ,21, 1
318 ,363, 304, '194 244 177 255 267 208 188 222 209 260 224 221 248 238 233 248 173 197 227 206 ' ,'0 0 0 0 0 0 0 0 0 0 0 0 0 0 0 0 0 0 0 0 ' ,101 ,2 ,23, 2
346 ,314, 329, '178 187 229 232 234 240 212 226 215 209 233 236 242 241 287 166 208 228 232 243 ' ,'0 0 0 0 0 0 0 0 0 0 0 0 0 0 0 0 0 0 0 0 ' ,127 ,1 ,33, 1
315 ,359, 295, '215 205 226 185 212 219 210 195 260 235 208 202 260 234 226 193 244 223 237 211 ' ,'0 0 0 0 0 0 0 0 0 0 0 0 0 0 0 0 0 0 0 0 ' ,82 ,2 ,22, 0
353 ,314, 336, '256 269 252 237 181 254 255 255 204 265 304 282 291 266 220 256 277 231 228 233 ' ,'0 0 0 0 0 0 0 0 0 0 0 0 0 0 0 0 0 0 0 0 ' ,128 ,2 ,15, 2
560 ,386, 537, '371 293 289 270 256 300 304 267 273 293 238 253 247 312 379 287 368 362 504 251 ' ,'0 0 0 0 0 0 0 0 0 0 0 0 0 0 0 0 0 0 0 0 ' ,272 ,2 ,19, 2
421 ,563, 402, '227 268 286 264 247 257 228 298 260 267 310 248 248 270 266 370 240 301 377 266 ' ,'0 0 0 0 0 0 0 0 0 0 0 0 0 0 0 0 0 0 0 0 ' ,152 ,2 ,17, 1
377 ,449, 361, '230 251 284 292 249 240 245 266 225 227 301 242 305 225 272 267 285 305 317 303 ' ,'0 0 0 0 0 0 0 0 0 0 0 0 0 0 0 0 0 0 0 0 ' ,93 ,2 ,36, 2
571 ,409, 550, '315 466 269 316 314 274 283 378 255 353 235 226 290 476 385 324 293 521 291 378 ' ,'0 0 0 0 0 0 0 0 0 0 0 0 0 0 0 0 0 0 0 0 ' ,299 ,2 ,15, 1
445 ,589, 431, '271 359 331 293 284 297 268 375 343 229 283 314 268 329 333 249 381 326 332 332 ' ,'0 0 0 0 0 0 0 0 0 0 0 0 0 0 0 0 0 0 0 0 ' ,157 ,2 ,36, 2
452 ,442, 437, '318 266 375 313 254 335 353 380 236 226 327 279 244 247 308 266 286 311 415 274 ' ,'0 0 0 0 0 0 0 0 0 0 0 0 0 0 0 0 0 0 0 0 ' ,187 ,2 ,16, 2
511 ,595, 496, '229 248 190 242 270 251 244 254 284 302 257 242 202 322 277 405 449 281 295 282 ' ,'0 0 0 0 0 0 0 0 0 0 0 0 0 0 0 0 0 0 0 0 ' ,265 ,2 ,34, 1
401 ,502, 386, '242 229 244 244 223 205 312 235 273 247 264 212 257 352 272 230 267 233 240 212 ' ,'0 0 0 0 0 0 0 0 0 0 0 0 0 0 0 0 0 0 0 0 ' ,151 ,2 ,22, 2
320 ,402, 304, '228 222 233 251 238 210 225 230 274 223 225 266 250 192 267 245 261 270 248 212 ' ,'0 0 0 0 0 0 0 0 0 0 0 0 0 0 0 0 0 0 0 0 ' ,86 ,2 ,18, 2
300 ,328, 282, '209 223 208 229 194 196 200 248 234 169 208 243 192 245 230 193 179 225 211 225 ' ,'0 0 0 0 0 0 0 0 0 0 0 0 0 0 0 0 0 0 0 0 ' ,82 ,2 ,24, 1
361 ,293, 339, '237 253 195 158 250 197 223 215 194 189 231 191 213 218 201 193 204 192 217 228 ' ,'0 0 0 0 0 0 0 0 0 0 0 0 0 0 0 0 0 0 0 0 ' ,101 ,2 ,66, 4
291 ,346, 273, '187 186 189 171 245 217 169 227 202 224 175 211 205 215 206 220 178 190 186 183 ' ,'0 0 0 0 0 0 0 0 0 0 0 0 0 0 0 0 0 0 0 0 ' ,79 ,2 ,15, 1
283 ,294, 266, '204 221 188 233 170 208 240 228 214 190 220 178 230 218 227 206 204 194 229 216 ' ,'0 0 0 0 0 0 0 0 0 0 0 0 0 0 0 0 0 0 0 0 ' ,75 ,2 ,13, 1
268 ,285, 250, '171 200 190 224 183 196 183 201 196 188 150 215 218 189 187 179 186 203 191 179 ' ,'0 0 0 0 0 0 0 0 0 0 0 0 0 0 0 0 0 0 0 0 ' ,76 ,2 ,14, 1
404 ,272, 386, '195 179 170 209 164 171 167 205 207 224 224 176 338 202 170 202 228 191 189 182 ' ,'0 0 0 0 0 0 0 0 0 0 0 0 0 0 0 0 0 0 0 0 ' ,185 ,2 ,31, 1
316 ,394, 300, '186 226 188 208 268 220 207 241 179 268 208 199 240 226 267 217 202 193 209 267 ' ,'0 0 0 0 0 0 0 0 0 0 0 0 0 0 0 0 0 0 0 0 ' ,101 ,2 ,13, 2
568 ,369, 553, '292 335 277 270 215 303 345 317 285 296 264 204 253 319 508 289 286 308 277 311 ' ,'0 0 0 0 0 0 0 0 0 0 0 0 0 0 0 0 0 0 0 0 ' ,310 ,2 ,31, 2
366 ,574, 351, '295 295 289 236 305 226 236 255 201 236 266 236 241 267 217 286 310 321 240 258 ' ,'0 0 0 0 0 0 0 0 0 0 0 0 0 0 0 0 0 0 0 0 ' ,126 ,2 ,17, 3
407 ,365, 392, '232 324 269 260 248 304 305 231 253 253 295 219 321 347 268 270 282 325 221 335 ' ,'0 0 0 0 0 0 0 0 0 0 0 0 0 0 0 0 0 0 0 0 ' ,135 ,2 ,32, 2
419 ,399, 404, '234 264 271 281 241 300 284 217 196 255 255 357 287 289 277 284 249 334 283 291 ' ,'0 0 0 0 0 0 0 0 0 0 0 0 0 0 0 0 0 0 0 0 ' ,169 ,2 ,29, 2
472 ,442, 454, '263 386 261 309 244 238 346 305 339 309 233 342 195 385 259 294 404 316 305 265 ' ,'0 0 0 0 0 0 0 0 0 0 0 0 0 0 0 0 0 0 0 0 ' ,210 ,2 ,35, 2
500 ,472, 476, '316 260 309 325 440 358 270 273 255 324 319 429 316 296 352 352 284 294 273 375 ' ,'0 0 0 0 0 0 0 0 0 0 0 0 0 0 0 0 0 0 0 0 ' ,190 ,2 ,30, 2
599 ,498, 581, '369 363 299 339 292 279 293 305 528 259 263 282 246 308 326 300 299 332 409 279 ' ,'0 0 0 0 0 0 0 0 0 0 0 0 0 0 0 0 0 0 0 0 ' ,283 ,3 ,30, 2
440 ,589, 414, '337 317 350 300 296 225 234 252 304 339 264 239 289 373 284 363 332 294 352 325 ' ,'0 0 0 0 0 0 0 0 0 0 0 0 0 0 0 0 0 0 0 0 ' ,159 ,2 ,32, 2
475 ,438, 461, '276 373 316 294 329 251 242 258 252 255 274 382 252 353 264 265 265 307 219 311 ' ,'0 0 0 0 0 0 0 0 0 0 0 0 0 0 0 0 0 0 0 0 ' ,174 ,2 ,64, 2
427 ,472, 405, '243 247 282 227 284 373 287 279 241 256 297 315 206 252 229 263 258 339 232 283 ' ,'0 0 0 0 0 0 0 0 0 0 0 0 0 0 0 0 0 0 0 0 ' ,161 ,2 ,28, 2
395 ,428, 380, '245 183 267 218 329 271 242 242 276 325 242 262 201 202 245 266 200 221 282 261 ' ,'0 0 0 0 0 0 0 0 0 0 0 0 0 0 0 0 0 0 0 0 ' ,152 ,2 ,38, 2
382 ,386, 365, '240 268 279 290 266 280 246 245 282 267 242 265 253 254 262 256 297 310 322 228 ' ,'0 0 0 0 0 0 0 0 0 0 0 0 0 0 0 0 0 0 0 0 ' ,95 ,2 ,34, 2
431 ,371, 414, '217 207 221 234 195 205 259 206 217 241 223 242 180 384 205 218 209 225 259 186 ' ,'0 0 0 0 0 0 0 0 0 0 0 0 0 0 0 0 0 0 0 0 ' ,204 ,1 ,22, 1
349 ,426, 330, '268 211 236 273 218 198 214 195 239 233 190 182 221 228 219 221 235 230 292 239 ' ,'0 0 0 0 0 0 0 0 0 0 0 0 0 0 0 0 0 0 0 0 ' ,109 ,2 ,31, 2
299 ,337, 283, '230 176 198 220 213 193 200 211 204 220 206 219 226 210 204 200 236 232 211 209 ' ,'0 0 0 0 0 0 0 0 0 0 0 0 0 0 0 0 0 0 0 0 ' ,62 ,3 ,37, 1
316 ,289, 301, '226 172 244 195 203 195 205 228 190 200 190 217 199 208 235 203 213 205 177 265 ' ,'0 0 0 0 0 0 0 0 0 0 0 0 0 0 0 0 0 0 0 0 ' ,99 ,2 ,23, 1
