254 ,0, 124, '57 59 39 40 52 39 44 43 45 61 49 54 ' ,'0 0 0 0 0 0 0 0 0 0 0 0 ' ,39 ,1 ,18, 18
1183 ,195, 1166, '462 469 461 535 430 456 473 399 403 504 447 493 ' ,'0 0 0 0 0 0 0 0 0 0 0 0 ' ,36 ,2 ,61, 2
718 ,1192, 702, '513 529 631 505 354 395 300 402 395 335 323 473 ' ,'0 0 0 0 0 0 0 0 0 0 0 0 ' ,347 ,3 ,39, 3
556 ,1298, 537, '471 449 499 514 427 419 367 406 483 378 387 468 ' ,'0 0 0 0 0 0 0 0 0 0 0 0 ' ,147 ,1 ,8, 1
578 ,694, 549, '422 460 418 514 383 464 400 427 389 407 371 313 ' ,'0 0 0 0 0 0 0 0 0 0 0 0 ' ,208 ,3 ,13, 4
519 ,601, 501, '430 468 381 404 369 340 380 391 454 396 322 363 ' ,'0 0 0 0 0 0 0 0 0 0 0 0 ' ,151 ,3 ,20, 3
526 ,599, 509, '398 389 400 450 369 418 368 349 371 429 346 377 ' ,'0 0 0 0 0 0 0 0 0 0 0 0 ' ,107 ,2 ,47, 1
623 ,575, 606, '395 572 445 467 437 453 518 392 391 427 379 373 ' ,'0 0 0 0 0 0 0 0 0 0 0 0 ' ,207 ,3 ,17, 4
635 ,693, 524, '394 496 459 379 332 417 354 346 322 336 429 343 ' ,'0 0 0 0 0 0 0 0 0 0 0 0 ' ,178 ,7 ,9, 2
528 ,713, 512, '329 345 336 352 361 387 485 331 278 375 306 329 ' ,'0 0 0 0 0 0 0 0 0 0 0 0 ' ,212 ,4 ,12, 1
494 ,586, 477, '393 389 328 450 448 329 358 370 379 344 281 371 ' ,'0 0 0 0 0 0 0 0 0 0 0 0 ' ,175 ,4 ,15, 1
505 ,501, 486, '365 396 363 455 404 333 299 317 343 331 335 390 ' ,'0 0 0 0 0 0 0 0 0 0 0 0 ' ,161 ,4 ,20, 3
1087 ,560, 1074, '962 507 523 467 420 438 501 439 457 502 424 439 ' ,'0 0 0 0 0 0 0 0 0 0 0 0 ' ,574 ,2 ,71, 2
501 ,1087, 484, '379 402 421 465 377 357 421 371 355 357 385 397 ' ,'0 0 0 0 0 0 0 0 0 0 0 0 ' ,110 ,1 ,13, 3
475 ,511, 452, '400 413 399 414 413 324 328 360 340 431 336 364 ' ,'0 0 0 0 0 0 0 0 0 0 0 0 ' ,110 ,1 ,6, 3
453 ,468, 434, '381 344 328 368 413 281 296 377 363 369 320 321 ' ,'0 0 0 0 0 0 0 0 0 0 0 0 ' ,137 ,2 ,10, 3
647 ,445, 624, '533 576 520 496 501 493 540 403 409 404 445 456 ' ,'0 0 0 0 0 0 0 0 0 0 0 0 ' ,177 ,2 ,42, 4
564 ,645, 548, '443 531 459 469 430 454 447 408 367 455 394 380 ' ,'0 0 0 0 0 0 0 0 0 0 0 0 ' ,166 ,2 ,9, 3
501 ,596, 483, '451 464 437 440 362 404 367 363 342 402 386 451 ' ,'0 0 0 0 0 0 0 0 0 0 0 0 ' ,123 ,2 ,10, 3
454 ,512, 436, '391 349 361 420 354 341 317 387 317 328 377 338 ' ,'0 0 0 0 0 0 0 0 0 0 0 0 ' ,106 ,1 ,6, 1
500 ,448, 484, '411 353 371 365 423 465 397 319 368 379 336 345 ' ,'0 0 0 0 0 0 0 0 0 0 0 0 ' ,152 ,2 ,7, 3
537 ,518, 517, '497 433 412 385 477 328 365 376 405 302 390 366 ' ,'0 0 0 0 0 0 0 0 0 0 0 0 ' ,194 ,1 ,14, 8
559 ,538, 543, '438 521 391 502 482 419 421 405 343 362 353 411 ' ,'0 0 0 0 0 0 0 0 0 0 0 0 ' ,183 ,2 ,10, 3
574 ,551, 553, '377 352 367 429 361 534 469 317 331 325 479 477 ' ,'0 0 0 0 0 0 0 0 0 0 0 0 ' ,222 ,1 ,9, 3
442 ,564, 424, '367 398 362 384 328 389 333 356 331 324 409 322 ' ,'0 0 0 0 0 0 0 0 0 0 0 0 ' ,90 ,2 ,7, 3
447 ,455, 435, '415 370 407 398 352 379 391 321 341 371 309 301 ' ,'0 0 0 0 0 0 0 0 0 0 0 0 ' ,120 ,2 ,6, 2
487 ,444, 472, '450 415 449 423 326 329 368 370 352 377 316 365 ' ,'0 0 0 0 0 0 0 0 0 0 0 0 ' ,139 ,2 ,11, 1
460 ,493, 446, '379 340 361 386 384 350 368 302 384 325 385 318 ' ,'0 0 0 0 0 0 0 0 0 0 0 0 ' ,84 ,1 ,49, 1
418 ,450, 397, '374 379 366 293 314 306 299 294 319 270 294 312 ' ,'0 0 0 0 0 0 0 0 0 0 0 0 ' ,117 ,2 ,9, 3
421 ,418, 401, '382 344 349 358 377 323 306 323 370 297 287 296 ' ,'0 0 0 0 0 0 0 0 0 0 0 0 ' ,101 ,2 ,8, 3
634 ,411, 620, '475 444 493 452 428 445 441 464 465 457 586 426 ' ,'0 0 0 0 0 0 0 0 0 0 0 0 ' ,163 ,1 ,22, 3
487 ,632, 475, '447 463 448 454 416 387 396 412 381 447 360 419 ' ,'0 0 0 0 0 0 0 0 0 0 0 0 ' ,97 ,1 ,6, 2
461 ,501, 445, '428 383 426 413 385 356 344 365 384 427 374 409 ' ,'0 0 0 0 0 0 0 0 0 0 0 0 ' ,87 ,1 ,9, 3
526 ,455, 506, '396 484 438 456 412 348 392 382 428 408 386 394 ' ,'0 0 0 0 0 0 0 0 0 0 0 0 ' ,144 ,1 ,11, 4
549 ,520, 530, '486 513 477 481 369 435 404 361 378 412 381 386 ' ,'0 0 0 0 0 0 0 0 0 0 0 0 ' ,154 ,1 ,8, 2
511 ,869, 495, '398 477 409 384 417 349 373 413 315 409 352 359 ' ,'0 0 0 0 0 0 0 0 0 0 0 0 ' ,164 ,1 ,9, 5
591 ,504, 573, '381 342 398 312 339 345 340 346 331 337 306 305 ' ,'0 0 0 0 0 0 0 0 0 0 0 0 ' ,253 ,1 ,7, 3
441 ,587, 424, '387 383 350 379 402 359 318 304 328 347 307 309 ' ,'0 0 0 0 0 0 0 0 0 0 0 0 ' ,101 ,2 ,12, 4
426 ,437, 410, '371 390 381 395 388 378 334 300 328 314 353 349 ' ,'0 0 0 0 0 0 0 0 0 0 0 0 ' ,97 ,1 ,9, 3
507 ,421, 484, '416 390 336 465 315 365 307 328 310 315 322 333 ' ,'0 0 0 0 0 0 0 0 0 0 0 0 ' ,159 ,1 ,7, 3
496 ,497, 477, '434 380 394 466 348 380 352 372 348 384 365 355 ' ,'0 0 0 0 0 0 0 0 0 0 0 0 ' ,119 ,0 ,4, 1
621 ,497, 603, '421 544 476 382 418 490 398 386 357 560 359 459 ' ,'0 0 0 0 0 0 0 0 0 0 0 0 ' ,206 ,1 ,34, 5
545 ,615, 528, '498 424 394 451 342 354 376 365 351 395 510 388 ' ,'0 0 0 0 0 0 0 0 0 0 0 0 ' ,171 ,1 ,9, 4
499 ,538, 482, '382 386 466 419 363 334 338 333 335 308 395 344 ' ,'0 0 0 0 0 0 0 0 0 0 0 0 ' ,155 ,0 ,9, 3
580 ,496, 566, '449 491 401 396 550 510 384 401 416 381 426 395 ' ,'0 0 0 0 0 0 0 0 0 0 0 0 ' ,169 ,1 ,6, 2
698 ,617, 675, '465 472 563 533 480 431 418 515 404 660 444 401 ' ,'0 0 0 0 0 0 0 0 0 0 0 0 ' ,256 ,0 ,5, 2
577 ,710, 556, '403 375 543 414 358 313 529 332 338 395 327 337 ' ,'0 0 0 0 0 0 0 0 0 0 0 0 ' ,231 ,0 ,6, 2
464 ,577, 440, '408 335 394 397 415 338 353 331 343 425 343 341 ' ,'0 0 0 0 0 0 0 0 0 0 0 0 ' ,96 ,1 ,5, 2
575 ,461, 558, '491 435 516 463 510 541 326 370 364 409 403 380 ' ,'0 0 0 0 0 0 0 0 0 0 0 0 ' ,208 ,1 ,9, 3
620 ,595, 605, '504 589 479 431 391 427 369 416 412 513 376 403 ' ,'0 0 0 0 0 0 0 0 0 0 0 0 ' ,221 ,0 ,8, 3
491 ,632, 475, '459 423 435 446 445 354 387 402 427 420 400 398 ' ,'0 0 0 0 0 0 0 0 0 0 0 0 ' ,109 ,1 ,6, 2
446 ,488, 426, '382 357 410 359 362 310 377 345 345 365 322 310 ' ,'0 0 0 0 0 0 0 0 0 0 0 0 ' ,101 ,1 ,8, 1
478 ,439, 460, '440 415 419 391 359 400 346 397 326 427 397 329 ' ,'0 0 0 0 0 0 0 0 0 0 0 0 ' ,118 ,1 ,13, 3
473 ,478, 457, '435 381 423 419 407 396 420 394 413 396 373 400 ' ,'0 0 0 0 0 0 0 0 0 0 0 0 ' ,63 ,0 ,13, 6
443 ,466, 426, '374 362 407 409 336 381 358 361 394 349 360 315 ' ,'0 0 0 0 0 0 0 0 0 0 0 0 ' ,95 ,1 ,9, 4
464 ,442, 445, '414 403 425 399 354 407 340 380 386 425 325 350 ' ,'0 0 0 0 0 0 0 0 0 0 0 0 ' ,103 ,1 ,8, 4
524 ,454, 506, '420 454 416 413 322 390 433 365 380 490 390 387 ' ,'0 0 0 0 0 0 0 0 0 0 0 0 ' ,171 ,1 ,8, 3
465 ,519, 449, '412 434 413 403 396 388 374 341 418 403 383 362 ' ,'0 0 0 0 0 0 0 0 0 0 0 0 ' ,95 ,0 ,7, 4
548 ,460, 534, '482 500 366 518 372 456 374 421 356 454 456 351 ' ,'0 0 0 0 0 0 0 0 0 0 0 0 ' ,166 ,1 ,8, 3
787 ,563, 771, '719 507 436 559 409 523 422 565 443 379 469 469 ' ,'0 0 0 0 0 0 0 0 0 0 0 0 ' ,342 ,1 ,39, 2
493 ,778, 475, '446 441 394 430 321 344 390 359 395 343 433 391 ' ,'0 0 0 0 0 0 0 0 0 0 0 0 ' ,129 ,1 ,18, 5
485 ,498, 470, '450 381 433 380 333 448 327 338 388 340 332 342 ' ,'0 0 0 0 0 0 0 0 0 0 0 0 ' ,129 ,1 ,6, 2
565 ,484, 545, '466 434 394 422 347 388 322 386 379 396 526 403 ' ,'0 0 0 0 0 0 0 0 0 0 0 0 ' ,210 ,1 ,7, 3
655 ,557, 635, '516 479 617 495 414 447 411 406 474 450 599 476 ' ,'0 0 0 0 0 0 0 0 0 0 0 0 ' ,216 ,1 ,9, 3
580 ,648, 562, '537 413 380 480 528 542 447 432 448 478 461 401 ' ,'0 0 0 0 0 0 0 0 0 0 0 0 ' ,164 ,1 ,12, 2
623 ,575, 608, '522 591 493 438 318 474 355 456 432 476 421 417 ' ,'0 0 0 0 0 0 0 0 0 0 0 0 ' ,274 ,1 ,7, 3
458 ,622, 442, '418 426 372 383 355 346 340 341 355 335 353 324 ' ,'0 0 0 0 0 0 0 0 0 0 0 0 ' ,105 ,1 ,7, 2
537 ,454, 523, '428 476 416 502 501 419 407 459 400 389 431 427 ' ,'0 0 0 0 0 0 0 0 0 0 0 0 ' ,117 ,1 ,9, 3
548 ,549, 533, '426 515 478 489 354 397 375 414 428 499 395 412 ' ,'0 0 0 0 0 0 0 0 0 0 0 0 ' ,165 ,1 ,8, 3
763 ,558, 748, '385 356 466 452 459 378 348 388 400 416 344 427 ' ,'0 0 0 0 0 0 0 0 0 0 0 0 ' ,346 ,1 ,52, 2
590 ,753, 572, '554 461 445 464 424 401 410 395 489 441 402 503 ' ,'0 0 0 0 0 0 0 0 0 0 0 0 ' ,164 ,1 ,8, 4
531 ,585, 508, '487 416 466 456 351 436 413 366 427 402 391 410 ' ,'0 0 0 0 0 0 0 0 0 0 0 0 ' ,141 ,1 ,10, 1
676 ,524, 658, '529 453 440 499 502 507 484 403 504 465 507 399 ' ,'0 0 0 0 0 0 0 0 0 0 0 0 ' ,239 ,1 ,11, 3
504 ,671, 488, '470 393 413 400 416 399 406 394 362 354 378 397 ' ,'0 0 0 0 0 0 0 0 0 0 0 0 ' ,118 ,1 ,8, 2
461 ,502, 446, '429 420 420 408 389 376 313 372 323 325 360 333 ' ,'0 0 0 0 0 0 0 0 0 0 0 0 ' ,120 ,1 ,7, 3
593 ,458, 575, '541 453 473 432 420 394 375 391 439 336 447 542 ' ,'0 0 0 0 0 0 0 0 0 0 0 0 ' ,216 ,1 ,16, 2
749 ,588, 730, '415 428 706 365 370 386 331 401 423 440 494 435 ' ,'0 0 0 0 0 0 0 0 0 0 0 0 ' ,378 ,1 ,13, 3
508 ,742, 494, '479 342 411 406 477 428 469 374 388 436 479 385 ' ,'0 0 0 0 0 0 0 0 0 0 0 0 ' ,140 ,1 ,5, 1
440 ,508, 419, '390 372 385 393 296 296 382 364 402 366 334 339 ' ,'0 0 0 0 0 0 0 0 0 0 0 0 ' ,110 ,1 ,9, 3
477 ,434, 461, '440 348 384 342 381 329 331 302 339 374 317 357 ' ,'0 0 0 0 0 0 0 0 0 0 0 0 ' ,143 ,1 ,9, 3
476 ,475, 457, '377 431 378 432 352 338 360 301 320 375 297 301 ' ,'0 0 0 0 0 0 0 0 0 0 0 0 ' ,137 ,1 ,16, 3
460 ,473, 445, '423 369 334 379 376 298 309 320 329 312 352 349 ' ,'0 0 0 0 0 0 0 0 0 0 0 0 ' ,130 ,1 ,10, 3
459 ,456, 441, '406 421 413 317 377 367 394 336 352 362 370 332 ' ,'0 0 0 0 0 0 0 0 0 0 0 0 ' ,107 ,1 ,10, 3
508 ,474, 492, '445 458 473 460 391 410 397 369 399 458 352 353 ' ,'0 0 0 0 0 0 0 0 0 0 0 0 ' ,123 ,1 ,10, 3
598 ,505, 580, '408 417 409 560 421 394 371 378 381 412 361 452 ' ,'0 0 0 0 0 0 0 0 0 0 0 0 ' ,200 ,1 ,9, 3
682 ,595, 664, '503 440 493 641 429 436 420 427 407 400 380 400 ' ,'0 0 0 0 0 0 0 0 0 0 0 0 ' ,269 ,2 ,9, 3
669 ,702, 654, '453 461 473 638 491 428 402 433 563 425 412 416 ' ,'0 0 0 0 0 0 0 0 0 0 0 0 ' ,237 ,1 ,7, 2
536 ,669, 520, '455 409 406 497 447 380 367 439 411 455 375 389 ' ,'0 0 0 0 0 0 0 0 0 0 0 0 ' ,130 ,0 ,14, 5
610 ,536, 593, '521 476 484 551 454 448 489 421 377 572 488 526 ' ,'0 0 0 0 0 0 0 0 0 0 0 0 ' ,201 ,2 ,10, 4
489 ,623, 470, '448 381 365 410 388 346 413 353 386 352 323 336 ' ,'0 0 0 0 0 0 0 0 0 0 0 0 ' ,130 ,1 ,10, 3
432 ,483, 406, '378 336 377 390 346 372 292 299 300 328 306 334 ' ,'0 0 0 0 0 0 0 0 0 0 0 0 ' ,99 ,1 ,7, 2
378 ,423, 361, '309 324 331 339 304 307 280 291 267 307 284 292 ' ,'0 0 0 0 0 0 0 0 0 0 0 0 ' ,75 ,1 ,12, 3
437 ,377, 421, '399 319 385 378 372 348 337 260 326 277 290 296 ' ,'0 0 0 0 0 0 0 0 0 0 0 0 ' ,142 ,1 ,11, 4
427 ,433, 411, '322 340 344 312 340 392 346 309 315 364 327 367 ' ,'0 0 0 0 0 0 0 0 0 0 0 0 ' ,86 ,0 ,10, 2
492 ,424, 476, '342 346 413 458 307 293 372 294 313 321 331 325 ' ,'0 0 0 0 0 0 0 0 0 0 0 0 ' ,165 ,1 ,9, 2
408 ,490, 391, '363 369 371 355 356 334 324 294 321 293 283 297 ' ,'0 0 0 0 0 0 0 0 0 0 0 0 ' ,92 ,1 ,9, 2
500 ,408, 483, '328 380 381 459 344 320 328 319 286 332 294 283 ' ,'0 0 0 0 0 0 0 0 0 0 0 0 ' ,177 ,1 ,13, 3
499 ,496, 483, '440 393 401 434 460 358 315 314 362 355 386 347 ' ,'0 0 0 0 0 0 0 0 0 0 0 0 ' ,149 ,0 ,14, 3
670 ,498, 654, '630 529 502 411 501 409 478 367 392 458 425 396 ' ,'0 0 0 0 0 0 0 0 0 0 0 0 ' ,268 ,1 ,13, 3
535 ,670, 521, '491 460 452 453 323 445 387 365 394 481 391 416 ' ,'0 0 0 0 0 0 0 0 0 0 0 0 ' ,174 ,1 ,17, 2
506 ,647, 488, '407 434 417 463 365 418 386 440 396 377 369 421 ' ,'0 0 0 0 0 0 0 0 0 0 0 0 ' ,105 ,1 ,11, 3
651 ,499, 629, '458 541 494 607 440 429 411 388 430 456 443 386 ' ,'0 0 0 0 0 0 0 0 0 0 0 0 ' ,223 ,1 ,11, 2
603 ,645, 586, '433 493 557 471 422 469 398 397 468 450 455 453 ' ,'0 0 0 0 0 0 0 0 0 0 0 0 ' ,162 ,1 ,21, 7
512 ,592, 493, '476 474 461 475 413 455 433 408 373 418 387 429 ' ,'0 0 0 0 0 0 0 0 0 0 0 0 ' ,107 ,0 ,8, 1
537 ,517, 519, '490 399 432 445 405 440 392 471 410 389 412 342 ' ,'0 0 0 0 0 0 0 0 0 0 0 0 ' ,153 ,1 ,16, 3
500 ,529, 486, '425 466 416 383 366 413 401 348 372 364 337 353 ' ,'0 0 0 0 0 0 0 0 0 0 0 0 ' ,132 ,1 ,10, 2
483 ,500, 460, '346 438 408 404 351 345 345 373 334 428 330 356 ' ,'0 0 0 0 0 0 0 0 0 0 0 0 ' ,112 ,1 ,11, 4
597 ,485, 582, '471 397 478 559 430 464 426 402 416 497 464 363 ' ,'0 0 0 0 0 0 0 0 0 0 0 0 ' ,197 ,1 ,13, 3
500 ,594, 481, '406 390 363 460 370 357 368 403 361 386 331 360 ' ,'0 0 0 0 0 0 0 0 0 0 0 0 ' ,132 ,1 ,13, 2
447 ,500, 424, '340 376 369 405 309 363 344 277 314 292 314 336 ' ,'0 0 0 0 0 0 0 0 0 0 0 0 ' ,135 ,0 ,10, 2
412 ,446, 397, '353 316 347 378 356 304 308 271 307 285 291 297 ' ,'0 0 0 0 0 0 0 0 0 0 0 0 ' ,107 ,1 ,10, 3
413 ,416, 396, '362 356 371 345 317 334 330 321 326 338 276 310 ' ,'0 0 0 0 0 0 0 0 0 0 0 0 ' ,89 ,0 ,15, 2
486 ,405, 469, '435 341 354 364 326 363 335 293 277 298 330 317 ' ,'0 0 0 0 0 0 0 0 0 0 0 0 ' ,162 ,1 ,24, 2
462 ,478, 445, '421 372 386 389 376 337 377 351 344 350 349 313 ' ,'0 0 0 0 0 0 0 0 0 0 0 0 ' ,113 ,1 ,13, 3
502 ,464, 484, '457 450 407 349 371 443 464 462 375 442 344 401 ' ,'0 0 0 0 0 0 0 0 0 0 0 0 ' ,123 ,2 ,10, 3
467 ,500, 447, '382 417 421 405 329 384 335 324 369 347 322 370 ' ,'0 0 0 0 0 0 0 0 0 0 0 0 ' ,101 ,1 ,15, 1
488 ,457, 473, '416 362 360 450 347 328 319 309 288 324 311 311 ' ,'0 0 0 0 0 0 0 0 0 0 0 0 ' ,164 ,1 ,12, 4
503 ,485, 487, '451 373 367 401 340 368 390 361 304 369 349 316 ' ,'0 0 0 0 0 0 0 0 0 0 0 0 ' ,149 ,1 ,27, 2
466 ,498, 449, '407 367 371 428 337 331 417 373 368 334 310 391 ' ,'0 0 0 0 0 0 0 0 0 0 0 0 ' ,121 ,1 ,11, 2
503 ,465, 490, '465 428 428 396 402 394 454 449 415 365 453 383 ' ,'0 0 0 0 0 0 0 0 0 0 0 0 ' ,102 ,2 ,13, 3
600 ,505, 584, '469 516 458 561 397 416 463 447 382 487 398 411 ' ,'0 0 0 0 0 0 0 0 0 0 0 0 ' ,183 ,2 ,11, 2
615 ,606, 595, '529 450 575 515 397 454 502 473 520 474 503 429 ' ,'0 0 0 0 0 0 0 0 0 0 0 0 ' ,174 ,1 ,14, 4
878 ,615, 863, '533 498 605 460 389 822 478 450 430 473 478 511 ' ,'0 0 0 0 0 0 0 0 0 0 0 0 ' ,434 ,1 ,31, 1
509 ,982, 491, '461 450 396 462 436 405 398 373 400 391 368 410 ' ,'0 0 0 0 0 0 0 0 0 0 0 0 ' ,98 ,1 ,18, 3
497 ,620, 476, '414 451 375 440 354 318 382 351 342 401 348 405 ' ,'0 0 0 0 0 0 0 0 0 0 0 0 ' ,138 ,1 ,14, 3
523 ,491, 501, '478 404 413 418 334 410 441 301 346 343 320 379 ' ,'0 0 0 0 0 0 0 0 0 0 0 0 ' ,181 ,2 ,13, 3
423 ,525, 405, '371 384 367 372 357 339 371 356 338 355 372 339 ' ,'0 0 0 0 0 0 0 0 0 0 0 0 ' ,51 ,1 ,11, 3
499 ,422, 485, '371 416 343 463 352 386 309 326 312 336 343 375 ' ,'0 0 0 0 0 0 0 0 0 0 0 0 ' ,156 ,1 ,12, 3
430 ,497, 415, '383 376 351 374 301 356 321 360 314 330 334 321 ' ,'0 0 0 0 0 0 0 0 0 0 0 0 ' ,85 ,1 ,22, 3
460 ,424, 441, '421 350 389 292 292 376 292 289 290 329 402 341 ' ,'0 0 0 0 0 0 0 0 0 0 116267 0 ' ,137 ,1 ,12, 2
524 ,460, 508, '438 479 461 481 432 364 402 354 390 353 379 394 ' ,'0 0 0 0 0 0 0 0 0 0 0 0 ' ,131 ,1 ,16, 3
655 ,535, 640, '610 495 467 447 358 393 359 414 443 368 406 365 ' ,'0 0 0 0 0 0 0 0 0 0 0 0 ' ,254 ,1 ,19, 2
731 ,661, 714, '571 369 467 410 404 369 678 320 375 372 423 431 ' ,'0 0 0 0 0 0 0 0 0 0 0 0 ' ,361 ,1 ,27, 2
814 ,729, 797, '552 521 602 404 422 587 765 430 528 505 427 378 ' ,'0 0 0 0 0 0 0 0 132 0 0 0 ' ,393 ,1 ,17, 2
651 ,896, 630, '538 450 605 439 410 446 491 519 396 425 483 446 ' ,'0 0 0 0 0 0 0 0 0 0 0 0 ' ,208 ,2 ,14, 4
618 ,646, 602, '474 533 577 443 372 407 444 455 420 501 437 364 ' ,'0 0 0 0 0 0 0 0 0 0 0 0 ' ,210 ,1 ,13, 3
698 ,614, 683, '574 503 661 519 401 477 470 440 535 524 472 477 ' ,'0 0 0 0 0 0 0 0 0 0 0 0 ' ,262 ,1 ,12, 3
617 ,707, 601, '551 503 553 580 421 455 450 426 402 421 458 463 ' ,'0 0 0 0 0 0 0 0 0 0 0 0 ' ,179 ,1 ,13, 3
573 ,616, 555, '480 446 449 533 340 420 406 369 393 470 351 410 ' ,'0 0 0 0 0 0 0 0 0 0 0 0 ' ,194 ,1 ,13, 3
490 ,573, 472, '376 449 414 433 406 421 369 377 386 382 426 394 ' ,'0 0 0 0 0 0 0 0 0 0 0 0 ' ,84 ,1 ,12, 4
491 ,490, 471, '358 388 403 449 372 337 346 372 351 320 348 376 ' ,'0 0 0 0 0 0 0 0 0 0 0 0 ' ,129 ,1 ,12, 3
449 ,493, 433, '349 370 366 398 342 396 383 342 332 350 337 336 ' ,'0 0 0 0 0 0 0 0 0 0 0 0 ' ,70 ,1 ,22, 7
471 ,441, 453, '423 379 398 428 348 381 331 337 325 372 356 319 ' ,'0 0 0 0 0 0 0 0 0 0 0 0 ' ,109 ,1 ,16, 3
451 ,475, 434, '412 378 410 327 357 379 395 340 339 328 314 346 ' ,'0 0 0 0 0 0 0 0 0 0 0 0 ' ,100 ,2 ,12, 3
574 ,449, 559, '482 532 492 437 528 442 403 335 453 385 399 439 ' ,'0 0 0 0 0 0 0 0 0 0 0 0 ' ,202 ,1 ,15, 2
677 ,575, 663, '450 420 480 394 452 402 511 427 436 388 404 335 ' ,'0 0 0 0 0 0 0 0 0 0 0 0 ' ,177 ,1 ,140, 2
733 ,667, 717, '494 462 516 440 451 388 689 414 438 424 356 435 ' ,'0 0 0 0 0 0 0 0 0 0 0 0 ' ,340 ,1 ,14, 3
755 ,748, 739, '717 478 575 463 515 443 467 378 428 421 583 486 ' ,'0 0 0 0 0 0 0 0 0 0 0 0 ' ,343 ,1 ,10, 3
591 ,768, 575, '526 513 524 337 486 553 365 433 415 400 378 441 ' ,'0 0 0 0 0 0 0 0 0 0 0 0 ' ,220 ,1 ,12, 4
558 ,594, 540, '484 456 505 431 478 438 392 437 371 373 406 459 ' ,'0 0 0 0 0 0 0 0 0 0 0 0 ' ,135 ,1 ,27, 4
654 ,551, 638, '578 448 535 602 410 428 427 495 531 465 459 476 ' ,'0 0 0 0 0 0 0 0 0 0 0 0 ' ,194 ,1 ,26, 1
659 ,661, 643, '569 594 553 589 589 512 600 539 499 529 509 505 ' ,'0 0 0 0 0 0 0 0 0 0 0 0 ' ,105 ,1 ,34, 3
567 ,650, 552, '528 463 456 508 434 511 396 516 503 525 450 446 ' ,'0 0 0 0 0 0 0 0 0 0 0 0 ' ,134 ,1 ,13, 3
498 ,673, 482, '443 439 436 409 330 428 405 362 458 421 375 404 ' ,'0 0 0 0 0 0 0 0 0 0 0 0 ' ,130 ,1 ,14, 4
521 ,499, 505, '402 365 376 476 316 377 369 354 345 340 317 338 ' ,'0 0 0 0 0 0 0 0 0 0 0 0 ' ,164 ,2 ,16, 3
492 ,535, 474, '383 445 423 395 411 360 337 342 334 338 315 332 ' ,'0 0 0 0 0 0 0 0 0 0 0 0 ' ,136 ,1 ,17, 2
537 ,497, 520, '433 457 375 387 419 391 466 385 444 356 359 341 ' ,'0 0 0 0 0 0 0 0 0 0 0 0 ' ,130 ,2 ,41, 2
520 ,526, 504, '460 410 380 371 383 379 400 393 378 343 460 376 ' ,'0 0 0 0 0 0 0 0 0 0 0 0 ' ,119 ,1 ,31, 3
498 ,519, 479, '359 414 399 422 331 377 431 328 380 350 334 451 ' ,'0 0 0 0 0 0 0 0 0 0 0 0 ' ,130 ,2 ,15, 3
437 ,499, 421, '382 360 315 399 325 321 372 356 341 391 348 361 ' ,'0 0 0 0 0 0 0 0 0 0 0 0 ' ,88 ,1 ,10, 2
634 ,459, 616, '592 525 456 403 447 478 436 395 517 404 489 449 ' ,'0 0 0 0 0 0 0 0 0 0 0 0 ' ,202 ,1 ,12, 2
618 ,638, 602, '561 482 458 560 512 505 576 418 410 461 403 573 ' ,'0 0 0 0 0 0 0 0 0 0 0 0 ' ,178 ,1 ,12, 3
779 ,632, 762, '463 485 400 482 738 425 405 434 418 472 405 421 ' ,'0 0 0 0 125472 0 0 0 0 0 0 0 ' ,341 ,1 ,13, 3
542 ,783, 524, '471 433 405 411 310 431 403 464 450 429 496 485 ' ,'0 0 0 0 0 0 0 0 0 0 0 0 ' ,189 ,1 ,16, 3
575 ,541, 553, '432 526 429 459 432 448 425 408 386 398 418 359 ' ,'0 0 0 0 0 0 0 0 0 0 0 0 ' ,177 ,1 ,16, 4
543 ,581, 527, '449 496 462 475 444 461 364 409 502 466 424 400 ' ,'0 0 0 0 0 0 0 0 0 0 0 0 ' ,139 ,1 ,14, 3
633 ,546, 618, '479 585 475 520 448 389 479 454 381 415 360 551 ' ,'0 0 0 0 0 0 0 0 0 0 0 0 ' ,230 ,1 ,21, 4
515 ,633, 499, '472 389 427 418 392 456 395 415 393 427 397 401 ' ,'0 0 0 0 0 0 0 0 0 0 0 0 ' ,87 ,1 ,14, 3
495 ,515, 478, '453 418 427 412 347 390 331 347 380 377 356 387 ' ,'0 0 0 0 0 0 0 0 0 0 0 0 ' ,126 ,1 ,13, 2
454 ,521, 437, '378 408 397 392 352 371 336 349 364 353 331 352 ' ,'0 0 0 0 0 0 0 0 0 0 0 0 ' ,81 ,1 ,18, 2
487 ,465, 471, '357 400 417 395 415 435 372 359 381 332 338 335 ' ,'0 0 0 0 0 0 0 0 0 0 0 0 ' ,107 ,2 ,23, 2
438 ,477, 423, '359 381 339 399 377 379 351 364 398 376 316 335 ' ,'0 0 0 0 0 0 0 0 0 0 0 0 ' ,87 ,1 ,12, 3
539 ,441, 525, '412 431 438 388 496 395 374 308 412 410 367 335 ' ,'0 0 0 0 0 0 0 0 0 0 0 0 ' ,193 ,1 ,18, 5
556 ,538, 541, '443 503 466 435 411 505 421 372 423 437 365 464 ' ,'0 0 0 0 0 0 0 0 0 0 0 0 ' ,145 ,1 ,24, 2
515 ,555, 499, '458 469 435 354 331 382 408 320 376 360 385 358 ' ,'0 0 0 0 0 0 0 0 0 0 0 0 ' ,153 ,1 ,18, 3
543 ,515, 528, '493 398 472 396 436 342 366 341 421 462 429 365 ' ,'0 0 0 0 0 0 0 0 0 0 0 0 ' ,158 ,2 ,21, 1
591 ,540, 575, '541 550 492 462 429 469 386 442 331 465 477 400 ' ,'0 0 0 0 0 0 0 0 0 0 0 0 ' ,222 ,2 ,12, 2
546 ,598, 530, '457 418 470 503 415 398 379 407 360 412 388 399 ' ,'0 0 0 0 0 0 0 0 0 0 0 0 ' ,147 ,2 ,16, 3
509 ,547, 494, '462 463 447 390 411 408 343 358 425 423 420 442 ' ,'0 0 0 0 0 0 0 0 0 0 0 0 ' ,127 ,1 ,16, 3
564 ,511, 548, '508 448 501 438 447 378 423 450 431 428 419 442 ' ,'0 0 0 0 0 0 0 0 0 0 0 0 ' ,135 ,1 ,27, 3
587 ,559, 571, '465 496 523 545 451 501 461 545 348 363 427 453 ' ,'0 0 0 0 0 0 0 0 0 0 0 0 ' ,202 ,1 ,13, 3
677 ,590, 663, '447 467 499 567 407 478 631 389 408 369 361 414 ' ,'0 0 0 0 0 0 0 0 0 0 0 0 ' ,275 ,1 ,19, 2
556 ,693, 540, '513 441 381 483 443 402 402 377 469 457 478 479 ' ,'0 0 0 0 0 0 0 0 0 0 0 0 ' ,141 ,2 ,14, 3
506 ,559, 491, '449 442 386 411 359 336 435 409 339 413 349 347 ' ,'0 0 0 0 0 0 0 0 0 0 0 0 ' ,117 ,2 ,26, 2
470 ,500, 456, '388 359 305 433 331 339 369 335 363 370 366 304 ' ,'0 0 0 0 0 0 0 0 0 0 0 0 ' ,126 ,2 ,13, 3
616 ,475, 598, '386 346 374 571 340 379 335 338 368 305 361 354 ' ,'0 0 0 0 0 0 0 0 0 0 0 0 ' ,266 ,1 ,15, 3
438 ,619, 423, '396 378 397 377 290 372 374 319 360 309 354 305 ' ,'0 0 0 0 0 0 0 0 0 0 0 0 ' ,111 ,1 ,14, 2
438 ,444, 421, '356 349 364 384 361 314 354 374 332 385 317 310 ' ,'0 0 0 0 0 0 0 0 0 0 0 0 ' ,78 ,1 ,24, 2
423 ,429, 408, '336 384 363 389 357 345 366 363 304 350 335 329 ' ,'0 0 0 0 0 0 0 0 0 0 0 0 ' ,88 ,0 ,9, 1
428 ,429, 409, '378 313 373 321 312 300 290 297 272 285 326 302 ' ,'0 0 0 0 0 0 0 0 0 0 0 0 ' ,113 ,2 ,17, 2
536 ,427, 520, '492 478 451 382 304 451 356 378 345 427 378 326 ' ,'0 0 0 0 0 0 0 0 0 0 0 0 ' ,193 ,1 ,15, 3
640 ,537, 624, '596 510 488 457 387 495 426 395 444 447 451 457 ' ,'0 0 0 0 0 0 0 0 0 0 0 0 ' ,215 ,1 ,14, 3
661 ,642, 641, '469 470 459 589 499 421 367 446 407 469 447 458 ' ,'0 0 0 0 0 0 0 0 0 0 0 0 ' ,224 ,2 ,41, 2
583 ,646, 566, '459 529 470 542 424 432 402 452 450 479 474 479 ' ,'0 0 0 0 0 0 0 0 0 0 0 0 ' ,143 ,2 ,13, 4
616 ,598, 600, '474 563 534 458 355 450 457 446 443 406 483 564 ' ,'0 0 0 0 0 0 0 0 0 0 0 0 ' ,213 ,1 ,21, 4
525 ,623, 508, '480 458 423 451 483 420 375 380 456 441 432 392 ' ,'0 0 0 0 0 0 0 0 0 0 0 0 ' ,109 ,1 ,12, 3
516 ,530, 500, '400 444 394 379 345 463 473 418 430 433 424 393 ' ,'0 0 0 0 0 0 0 0 0 0 0 0 ' ,131 ,1 ,16, 3
447 ,522, 429, '383 391 354 403 375 403 335 348 343 343 382 385 ' ,'0 0 0 0 0 0 0 0 0 0 0 0 ' ,74 ,1 ,14, 2
456 ,450, 439, '342 359 415 333 365 371 334 323 364 331 355 342 ' ,'0 0 0 0 0 0 0 0 0 0 0 0 ' ,97 ,2 ,10, 2
442 ,469, 428, '391 393 395 375 369 348 352 293 332 326 332 340 ' ,'0 0 0 0 0 0 0 0 0 0 0 0 ' ,109 ,2 ,18, 2
416 ,442, 399, '373 324 365 363 358 314 365 328 348 316 299 341 ' ,'0 0 0 0 0 0 0 0 0 0 0 0 ' ,78 ,1 ,12, 2
418 ,420, 402, '326 369 368 377 333 318 310 298 328 377 282 307 ' ,'0 0 0 0 0 0 0 0 0 0 0 0 ' ,100 ,1 ,13, 3
462 ,421, 447, '378 372 344 366 376 334 325 282 328 398 359 319 ' ,'0 0 0 0 0 0 0 0 0 0 0 0 ' ,120 ,2 ,35, 3
630 ,455, 616, '578 451 458 352 334 391 382 392 412 425 404 416 ' ,'0 0 0 0 0 0 0 0 0 0 0 0 ' ,247 ,2 ,24, 3
634 ,629, 616, '433 529 403 316 313 587 359 418 368 360 362 334 ' ,'0 0 0 0 0 0 0 0 0 0 0 0 ' ,278 ,1 ,17, 3
548 ,640, 532, '455 445 496 368 282 450 375 362 446 436 385 344 ' ,'0 0 0 0 0 0 0 0 0 0 0 0 ' ,218 ,1 ,23, 4
626 ,544, 610, '580 484 507 440 401 467 391 475 460 437 405 377 ' ,'0 0 0 0 0 0 0 0 0 0 0 0 ' ,207 ,2 ,15, 3
630 ,630, 611, '450 483 577 477 408 478 370 516 454 467 569 362 ' ,'0 0 0 0 0 0 0 0 0 0 0 0 ' ,218 ,1 ,25, 4
690 ,635, 676, '579 574 591 513 424 548 595 494 622 538 472 462 ' ,'0 0 0 0 0 0 0 0 0 0 0 0 ' ,199 ,1 ,44, 4
596 ,694, 580, '550 477 544 445 397 464 468 397 430 458 456 403 ' ,'0 0 0 0 0 0 0 0 0 0 0 0 ' ,158 ,1 ,17, 4
482 ,599, 465, '425 413 426 354 383 364 436 398 421 392 362 320 ' ,'0 0 0 0 0 0 0 0 0 0 0 0 ' ,120 ,1 ,16, 3
557 ,487, 542, '516 402 444 396 371 460 392 386 346 375 463 368 ' ,'0 0 0 0 0 0 0 0 0 0 0 0 ' ,174 ,1 ,13, 2
534 ,564, 519, '492 390 417 366 425 428 343 400 389 391 377 384 ' ,'0 0 0 0 0 0 0 0 0 0 0 0 ' ,154 ,1 ,13, 3
463 ,539, 445, '341 336 363 421 364 347 412 300 329 363 332 354 ' ,'0 0 0 0 0 0 0 0 0 0 0 0 ' ,119 ,1 ,17, 2
467 ,469, 449, '415 386 418 370 324 324 299 318 340 344 333 363 ' ,'0 0 0 0 0 0 0 0 0 0 0 0 ' ,122 ,1 ,18, 3
427 ,469, 407, '351 354 341 378 363 292 322 352 319 355 348 299 ' ,'0 0 0 0 0 0 0 0 0 0 0 0 ' ,91 ,2 ,15, 3
483 ,429, 467, '393 396 370 389 372 385 432 378 346 342 354 326 ' ,'0 0 0 0 0 0 0 0 0 0 0 0 ' ,112 ,2 ,14, 3
574 ,490, 556, '518 518 497 452 405 524 455 389 445 459 412 427 ' ,'0 0 0 0 0 0 0 0 0 0 0 0 ' ,140 ,1 ,20, 2
626 ,590, 610, '380 580 456 418 366 529 366 468 393 371 486 394 ' ,'0 0 0 0 0 0 0 0 0 0 0 0 ' ,221 ,1 ,14, 1
620 ,643, 603, '562 446 425 378 424 500 406 351 355 356 413 329 ' ,'0 0 0 0 0 0 0 0 0 0 0 0 ' ,239 ,2 ,26, 4
585 ,627, 571, '493 518 470 490 441 527 501 387 363 471 500 417 ' ,'0 0 0 0 0 0 0 0 0 0 0 0 ' ,168 ,3 ,29, 4
606 ,579, 591, '554 553 444 483 441 450 391 500 422 517 440 504 ' ,'0 0 0 0 0 0 0 0 0 0 0 0 ' ,170 ,1 ,19, 3
715 ,620, 700, '528 490 544 389 406 443 480 658 359 427 408 380 ' ,'0 0 0 0 0 0 0 0 0 0 0 0 ' ,303 ,2 ,29, 4
656 ,711, 637, '392 606 544 376 410 399 453 419 391 385 390 306 ' ,'0 0 0 0 0 0 0 0 0 0 0 0 ' ,305 ,2 ,16, 3
589 ,656, 573, '400 514 497 433 365 445 409 404 372 413 478 429 ' ,'0 0 0 0 0 0 0 0 0 0 0 0 ' ,155 ,1 ,46, 2
514 ,579, 497, '429 465 454 390 351 438 388 403 378 390 426 437 ' ,'0 0 0 0 0 0 0 0 0 0 0 0 ' ,119 ,1 ,18, 4
588 ,517, 569, '421 527 451 430 415 419 438 404 395 375 485 382 ' ,'0 0 0 0 0 0 0 0 0 0 0 0 ' ,156 ,1 ,27, 2
633 ,587, 616, '503 457 585 419 340 396 403 404 301 428 517 386 ' ,'0 0 0 0 0 0 0 0 0 0 0 0 ' ,287 ,2 ,14, 2
493 ,643, 478, '438 383 361 373 344 387 343 357 390 402 371 384 ' ,'0 0 0 0 0 0 0 0 0 0 0 0 ' ,104 ,2 ,21, 3
449 ,504, 430, '397 368 360 331 356 279 347 387 381 357 338 391 ' ,'0 0 0 0 0 0 0 0 0 0 0 0 ' ,128 ,2 ,17, 2
508 ,452, 488, '457 366 391 365 387 363 353 358 370 391 383 408 ' ,'0 0 0 0 0 0 0 0 0 0 0 0 ' ,108 ,1 ,15, 3
464 ,516, 447, '359 365 387 418 380 357 366 391 388 380 341 339 ' ,'0 0 0 0 0 0 0 0 0 0 0 0 ' ,79 ,1 ,18, 3
474 ,469, 457, '382 426 343 321 379 368 336 342 348 385 334 351 ' ,'0 0 0 0 0 0 0 0 0 0 0 0 ' ,111 ,2 ,15, 3
506 ,481, 491, '401 453 348 423 415 360 378 290 366 456 364 352 ' ,'0 0 0 0 0 0 0 0 0 0 0 0 ' ,170 ,1 ,21, 3
696 ,508, 679, '577 634 517 445 387 412 494 419 388 414 440 474 ' ,'0 0 0 0 0 0 0 0 0 0 0 0 ' ,257 ,1 ,28, 3
593 ,695, 578, '425 543 541 483 424 449 444 409 322 352 411 413 ' ,'0 0 0 0 0 0 0 0 0 0 0 0 ' ,227 ,2 ,19, 3
635 ,606, 617, '458 570 471 398 403 457 414 389 358 439 441 393 ' ,'0 0 0 0 0 0 0 0 0 0 0 0 ' ,219 ,1 ,31, 4
599 ,635, 582, '545 519 470 482 445 495 417 432 407 523 472 394 ' ,'0 0 0 0 0 0 0 0 0 0 0 0 ' ,158 ,2 ,20, 3
580 ,618, 567, '515 484 448 443 411 499 420 411 430 439 399 446 ' ,'0 0 0 0 0 0 0 0 0 0 0 0 ' ,124 ,2 ,32, 3
747 ,582, 732, '468 683 448 464 389 397 500 443 475 436 383 406 ' ,'0 0 0 0 0 0 0 0 0 0 0 0 ' ,308 ,1 ,32, 3
482 ,745, 467, '377 417 379 354 365 357 357 325 350 435 316 342 ' ,'0 0 0 0 0 0 0 0 0 0 0 0 ' ,124 ,1 ,17, 3
470 ,489, 455, '417 386 355 384 344 380 321 311 342 363 346 423 ' ,'0 0 0 0 0 0 0 0 0 0 0 0 ' ,115 ,1 ,17, 3
511 ,476, 496, '357 336 381 437 330 342 303 353 318 367 367 299 ' ,'0 0 0 0 0 0 0 0 0 0 0 0 ' ,138 ,2 ,48, 3
464 ,501, 431, '351 335 392 367 350 280 305 296 329 314 321 343 ' ,'0 0 0 0 0 0 0 0 0 0 0 0 ' ,119 ,2 ,24, 3
421 ,473, 406, '359 343 332 345 360 369 351 346 340 350 361 316 ' ,'0 0 0 0 0 0 0 0 0 0 0 0 ' ,60 ,1 ,20, 4
422 ,423, 407, '375 342 357 372 324 298 336 322 299 321 319 327 ' ,'0 0 0 0 0 0 0 0 0 0 0 0 ' ,85 ,2 ,16, 3
405 ,433, 388, '276 354 340 321 303 309 311 308 272 346 313 298 ' ,'0 0 0 0 0 0 0 0 0 0 0 0 ' ,87 ,2 ,19, 3
485 ,408, 461, '368 351 328 424 311 299 312 305 296 322 340 283 ' ,'0 0 0 0 0 0 0 0 0 0 0 0 ' ,140 ,2 ,26, 3
409 ,478, 393, '311 310 343 324 305 293 299 279 278 316 280 320 ' ,'0 0 0 0 0 0 0 0 0 0 0 0 ' ,70 ,2 ,34, 2
420 ,402, 398, '311 313 322 321 340 251 278 298 294 327 355 339 ' ,'0 0 0 0 0 0 0 0 0 0 0 0 ' ,111 ,1 ,27, 2
421 ,413, 404, '359 310 335 316 314 315 292 290 375 300 332 309 ' ,'0 0 0 0 0 0 0 0 0 0 0 0 ' ,90 ,2 ,17, 3
439 ,426, 421, '385 352 315 321 375 300 283 324 346 280 305 278 ' ,'0 0 0 0 0 0 0 0 0 0 0 0 ' ,112 ,2 ,21, 2
664 ,447, 647, '521 532 599 357 473 600 433 412 381 493 559 528 ' ,'0 0 0 0 0 0 0 0 0 0 0 0 ' ,250 ,2 ,29, 3
777 ,659, 760, '555 621 525 492 477 454 727 396 535 465 519 369 ' ,'0 0 0 0 0 0 0 0 0 0 0 0 ' ,364 ,1 ,16, 3
755 ,791, 736, '597 698 595 583 432 588 639 532 579 480 601 334 ' ,'0 0 0 0 0 0 0 0 0 0 0 0 ' ,367 ,1 ,23, 2
838 ,752, 820, '588 514 582 444 417 607 409 771 529 423 393 341 ' ,'0 0 0 0 0 0 0 0 0 0 0 0 ' ,435 ,1 ,32, 5
607 ,832, 592, '485 543 553 525 409 497 414 420 475 474 463 415 ' ,'0 0 0 0 0 0 0 0 0 0 0 0 ' ,151 ,2 ,23, 2
578 ,624, 559, '419 410 523 372 371 504 454 435 387 498 376 337 ' ,'0 0 0 0 0 0 0 0 0 0 0 0 ' ,189 ,2 ,19, 3
521 ,579, 503, '468 405 396 393 331 351 354 337 329 376 350 372 ' ,'0 0 0 0 0 0 0 0 0 0 0 0 ' ,146 ,2 ,17, 3
491 ,525, 474, '397 427 357 383 346 354 314 349 276 414 330 297 ' ,'0 0 0 0 0 0 0 0 0 0 0 0 ' ,157 ,2 ,31, 2
403 ,487, 384, '323 350 334 304 290 296 350 322 334 326 308 282 ' ,'0 0 0 0 0 0 0 0 0 0 0 0 ' ,75 ,2 ,17, 3
465 ,412, 451, '324 381 409 290 345 323 371 326 285 322 298 342 ' ,'0 0 0 0 0 0 0 0 0 0 0 0 ' ,128 ,2 ,26, 3
527 ,463, 506, '472 426 358 372 319 374 391 403 307 390 441 370 ' ,'0 0 0 0 0 0 0 0 0 0 0 0 ' ,175 ,2 ,17, 2
493 ,529, 478, '408 421 404 431 349 327 361 388 333 320 324 372 ' ,'0 0 0 0 0 0 0 39 0 0 0 0 ' ,111 ,2 ,34, 2
644 ,483, 626, '589 506 403 385 318 363 339 377 411 394 361 491 ' ,'0 48 0 0 0 0 0 0 0 0 0 50 ' ,276 ,2 ,22, 3
722 ,649, 702, '574 554 633 457 400 494 588 518 437 587 448 444 ' ,'0 0 0 0 0 0 0 0 0 0 0 0 ' ,239 ,2 ,53, 3
623 ,757, 607, '574 516 481 389 429 452 462 468 441 437 540 486 ' ,'0 0 0 0 0 0 0 0 0 0 0 0 ' ,195 ,2 ,16, 3
657 ,626, 642, '595 459 404 489 430 467 489 353 473 484 423 408 ' ,'0 0 0 0 0 0 0 0 0 0 0 0 ' ,248 ,2 ,32, 3
1121 ,648, 1102, '489 1059 569 555 501 461 487 436 451 514 574 402 ' ,'0 0 0 0 0 0 0 0 0 0 0 0 ' ,663 ,2 ,26, 3
760 ,1131, 747, '584 669 495 427 410 448 471 489 449 382 477 445 ' ,'0 0 0 0 0 0 0 0 0 0 0 0 ' ,290 ,2 ,61, 2
498 ,770, 483, '451 417 407 435 363 405 430 409 430 398 398 407 ' ,'0 0 0 0 0 0 0 0 0 0 0 0 ' ,92 ,2 ,17, 2
615 ,580, 600, '542 496 445 443 392 392 427 341 454 430 459 336 ' ,'0 0 0 0 0 0 0 0 0 0 0 0 ' ,210 ,2 ,41, 3
508 ,605, 492, '412 410 456 445 357 399 381 323 444 384 361 363 ' ,'0 0 0 0 0 0 0 0 0 0 0 0 ' ,135 ,2 ,21, 4
515 ,510, 498, '446 363 464 412 416 342 351 297 379 348 343 323 ' ,'0 0 0 0 0 0 0 0 0 0 0 0 ' ,172 ,2 ,18, 3
475 ,518, 459, '346 426 374 351 315 339 323 312 329 321 338 367 ' ,'0 0 0 0 0 0 0 0 0 0 0 0 ' ,117 ,2 ,17, 2
415 ,482, 398, '301 363 324 353 347 325 270 277 272 312 305 312 ' ,'0 0 0 0 0 0 0 0 0 0 0 0 ' ,101 ,2 ,18, 3
483 ,423, 465, '426 361 394 388 338 357 341 263 336 354 324 350 ' ,'0 0 0 0 0 0 0 0 0 0 0 0 ' ,172 ,3 ,19, 3
458 ,487, 444, '342 319 310 386 314 306 270 300 337 298 320 317 ' ,'0 0 0 0 0 0 0 0 0 0 0 0 ' ,118 ,2 ,41, 1
458 ,461, 443, '358 335 328 380 381 327 279 399 321 342 261 304 ' ,'0 0 0 0 0 0 0 0 0 0 0 0 ' ,142 ,2 ,29, 3
483 ,456, 469, '372 386 328 430 341 320 325 328 323 349 330 432 ' ,'0 0 0 0 0 0 0 0 0 0 0 0 ' ,123 ,2 ,19, 2
563 ,707, 547, '426 460 419 508 375 375 422 359 338 377 439 344 ' ,'0 0 0 0 0 0 0 0 0 0 0 0 ' ,175 ,2 ,21, 1
605 ,640, 585, '489 548 453 383 395 428 431 424 355 432 494 366 ' ,'0 0 0 0 0 0 0 0 0 0 0 0 ' ,201 ,2 ,17, 3
640 ,646, 624, '514 549 583 417 407 387 479 483 397 489 549 450 ' ,'0 0 0 0 0 0 0 0 0 0 0 0 ' ,205 ,2 ,23, 3
587 ,643, 571, '404 481 536 381 353 451 493 444 407 408 455 401 ' ,'0 0 0 0 0 0 0 0 0 0 0 0 ' ,187 ,2 ,20, 3
585 ,598, 569, '511 479 498 507 382 442 534 429 407 477 479 422 ' ,'0 0 0 0 0 0 0 0 0 0 0 0 ' ,158 ,1 ,18, 4
683 ,591, 669, '522 628 538 429 472 544 601 509 400 534 520 428 ' ,'0 0 0 0 0 0 0 0 0 0 0 0 ' ,240 ,3 ,23, 5
662 ,688, 645, '579 567 600 525 486 593 498 408 462 488 602 383 ' ,'0 0 0 0 0 0 0 0 0 0 0 0 ' ,227 ,2 ,26, 2
852 ,713, 835, '534 793 550 496 364 597 568 425 410 486 406 451 ' ,'0 0 0 0 0 0 0 0 0 0 0 0 ' ,437 ,2 ,23, 3
616 ,855, 601, '430 563 474 378 473 425 563 402 354 411 539 473 ' ,'0 0 0 0 0 0 0 0 0 0 0 0 ' ,219 ,2 ,19, 3
597 ,619, 583, '508 547 489 376 375 509 442 429 341 371 387 408 ' ,'0 0 0 0 0 0 0 0 0 0 0 0 ' ,212 ,2 ,20, 3
507 ,603, 490, '444 388 417 412 410 397 386 412 361 355 378 358 ' ,'0 0 0 0 0 0 0 0 0 0 0 0 ' ,94 ,2 ,29, 3
557 ,506, 539, '467 480 467 459 451 450 342 352 493 401 377 496 ' ,'0 0 0 0 0 0 0 0 0 0 0 0 ' ,158 ,1 ,30, 3
473 ,547, 457, '406 404 383 405 420 357 360 377 394 409 316 379 ' ,'0 0 0 0 0 0 0 0 0 0 0 0 ' ,110 ,2 ,22, 3
496 ,477, 479, '392 421 365 347 371 359 381 324 366 323 294 386 ' ,'0 0 0 0 0 0 0 0 0 0 0 0 ' ,132 ,2 ,42, 2
461 ,491, 445, '356 407 364 361 357 356 343 316 293 332 334 323 ' ,'0 0 0 0 0 0 0 0 0 0 0 0 ' ,122 ,2 ,20, 2
468 ,465, 449, '333 342 356 413 317 312 329 342 351 333 342 318 ' ,'0 0 0 0 0 0 0 0 0 0 0 0 ' ,106 ,2 ,20, 3
