170 ,0, 85, '21 23 20 33 25 19 21 18 18 14 22 12 ' ,'0 0 0 0 0 0 0 0 0 0 0 0 ' ,30 ,1 ,7, 7
338 ,147, 307, '251 246 159 184 155 248 204 163 139 118 216 113 ' ,'0 0 0 0 0 0 0 0 0 0 0 0 ' ,138 ,2 ,48, 2
310 ,1329, 291, '128 76 87 101 122 108 188 136 220 61 51 29 ' ,'0 0 0 0 0 0 0 0 0 0 0 0 ' ,189 ,1 ,60, 2
159 ,345, 142, '111 88 97 98 89 87 110 125 87 38 44 38 ' ,'0 0 0 0 0 0 0 0 0 0 0 0 ' ,91 ,1 ,3, 2
173 ,152, 154, '137 96 115 93 101 125 118 84 52 100 51 43 ' ,'0 0 0 0 0 0 0 0 0 0 0 0 ' ,95 ,1 ,8, 2
161 ,165, 148, '115 104 75 93 101 127 129 116 62 53 50 51 ' ,'0 0 0 0 0 0 0 0 0 0 0 0 ' ,81 ,1 ,7, 3
146 ,159, 130, '106 114 93 112 90 92 91 97 51 53 58 58 ' ,'0 0 0 0 0 0 0 0 0 0 0 0 ' ,65 ,1 ,4, 1
157 ,144, 143, '120 85 94 106 100 105 98 126 41 45 57 50 ' ,'0 0 0 0 0 0 0 0 0 0 0 0 ' ,88 ,0 ,4, 1
146 ,154, 129, '115 105 96 112 78 96 86 92 47 69 47 68 ' ,'0 0 0 0 0 0 0 0 0 0 0 0 ' ,71 ,2 ,1, 0
147 ,216, 130, '102 76 98 92 114 84 102 86 42 42 70 48 ' ,'0 0 0 0 0 0 0 0 0 0 0 0 ' ,75 ,1 ,3, 0
156 ,223, 133, '104 80 121 85 101 92 71 81 39 54 42 41 ' ,'0 0 0 0 0 0 0 0 0 0 0 0 ' ,83 ,1 ,3, 0
137 ,141, 118, '95 90 81 105 94 93 105 74 64 62 55 60 ' ,'0 0 0 0 0 0 0 0 0 0 0 0 ' ,58 ,1 ,1, 0
135 ,132, 115, '91 82 92 101 93 82 93 85 60 44 47 76 ' ,'0 0 0 0 0 0 0 0 0 0 0 0 ' ,62 ,0 ,4, 1
263 ,188, 242, '96 147 121 122 103 77 88 98 47 58 67 57 ' ,'0 0 0 0 0 0 0 0 0 0 0 0 ' ,98 ,1 ,91, 0
168 ,259, 151, '104 119 120 71 110 102 127 95 52 67 47 36 ' ,'0 0 0 0 0 0 0 0 0 0 0 0 ' ,101 ,2 ,5, 1
155 ,165, 133, '110 121 111 110 116 100 106 95 39 39 45 45 ' ,'0 0 0 0 0 0 0 0 0 0 0 0 ' ,83 ,1 ,4, 1
194 ,152, 175, '124 120 128 95 154 93 152 99 55 33 61 96 ' ,'0 0 0 0 0 0 0 0 0 0 0 0 ' ,133 ,1 ,6, 1
137 ,187, 116, '75 83 103 104 109 90 97 87 46 37 52 52 ' ,'0 0 0 0 0 0 0 0 0 0 0 0 ' ,71 ,1 ,1, 0
178 ,130, 152, '106 115 141 96 68 133 118 112 83 66 57 69 ' ,'0 0 0 0 0 0 0 0 0 0 0 0 ' ,88 ,1 ,5, 0
187 ,171, 171, '110 126 100 111 102 123 97 79 62 46 76 56 ' ,'0 0 0 0 0 0 0 0 0 0 0 0 ' ,73 ,1 ,37, 1
154 ,176, 135, '127 106 87 113 104 100 88 115 37 61 46 43 ' ,'0 0 0 0 0 0 0 0 0 0 0 0 ' ,87 ,0 ,2, 0
148 ,148, 129, '94 84 83 78 94 104 74 100 57 31 45 43 ' ,'0 0 0 0 0 0 0 0 0 0 0 0 ' ,82 ,2 ,14, 1
142 ,139, 125, '109 101 94 98 94 92 80 89 39 75 48 35 ' ,'0 0 0 0 0 0 0 0 0 0 0 0 ' ,78 ,1 ,7, 1
170 ,132, 147, '114 96 85 104 61 133 76 88 40 60 79 69 ' ,'0 0 0 0 0 0 0 0 0 0 0 0 ' ,95 ,1 ,8, 1
170 ,159, 153, '138 104 115 95 123 109 116 122 43 67 34 73 ' ,'0 0 0 0 0 0 0 0 0 0 0 0 ' ,111 ,1 ,4, 0
174 ,161, 156, '87 119 92 101 104 137 143 112 53 56 67 68 ' ,'0 0 0 0 0 0 0 0 0 0 0 0 ' ,91 ,1 ,5, 1
131 ,162, 114, '72 69 106 101 97 94 89 85 43 51 31 54 ' ,'0 0 0 0 0 0 0 0 0 0 0 0 ' ,74 ,1 ,2, 1
152 ,123, 132, '75 96 110 76 84 122 93 87 36 42 46 62 ' ,'0 0 0 0 0 0 0 0 0 0 0 0 ' ,89 ,2 ,3, 0
168 ,146, 153, '110 107 100 86 88 140 110 82 33 74 80 32 ' ,'0 0 0 0 0 0 0 0 0 0 0 0 ' ,105 ,1 ,6, 0
138 ,161, 122, '106 98 99 84 112 107 77 70 63 69 60 52 ' ,'0 0 0 0 0 0 0 0 0 0 0 0 ' ,58 ,2 ,3, 1
114 ,134, 95, '81 85 85 68 74 73 70 82 50 52 38 44 ' ,'0 0 0 0 0 0 0 0 0 0 0 0 ' ,49 ,1 ,1, 0
137 ,107, 121, '71 76 91 91 111 69 82 98 56 46 45 35 ' ,'0 0 0 0 0 0 0 0 0 0 0 0 ' ,76 ,0 ,3, 0
187 ,132, 169, '116 104 107 96 109 161 156 141 62 85 73 64 ' ,'0 0 0 0 0 0 0 0 0 0 0 0 ' ,99 ,0 ,3, 0
156 ,179, 140, '127 72 101 103 118 112 123 87 57 52 58 64 ' ,'0 0 0 0 0 0 0 0 0 0 0 0 ' ,77 ,0 ,4, 1
151 ,209, 133, '105 96 109 109 112 124 99 94 37 80 46 45 ' ,'0 0 0 0 0 0 0 0 0 0 0 0 ' ,87 ,1 ,4, 1
160 ,143, 138, '117 115 85 112 103 129 101 105 54 86 31 77 ' ,'0 0 0 0 0 0 0 0 0 0 0 0 ' ,96 ,0 ,3, 1
146 ,378, 128, '87 106 116 119 109 98 105 98 57 35 68 52 ' ,'0 0 0 0 0 0 0 0 0 0 0 0 ' ,83 ,0 ,3, 1
154 ,137, 138, '100 96 90 78 127 94 87 82 46 55 50 66 ' ,'0 0 0 0 0 0 0 0 0 0 0 0 ' ,82 ,1 ,2, 0
146 ,146, 127, '113 74 93 86 91 94 88 110 51 35 41 55 ' ,'0 0 0 0 0 0 0 0 0 0 0 0 ' ,79 ,0 ,4, 1
136 ,137, 120, '98 94 98 86 107 87 73 87 64 54 56 34 ' ,'0 0 0 0 0 0 0 0 0 0 0 0 ' ,70 ,1 ,3, 0
139 ,126, 120, '66 80 68 81 68 97 110 91 34 40 45 48 ' ,'0 0 0 0 0 0 0 0 0 0 0 0 ' ,77 ,1 ,3, 0
131 ,173, 114, '91 91 73 105 103 100 80 101 50 60 41 41 ' ,'0 0 0 0 0 0 0 0 0 0 0 0 ' ,62 ,1 ,4, 1
175 ,123, 157, '92 110 151 111 84 107 106 97 56 50 36 52 ' ,'0 0 0 0 0 0 0 0 0 0 0 0 ' ,114 ,0 ,1, 0
241 ,256, 220, '209 151 92 114 160 151 116 109 50 29 99 73 ' ,'0 0 0 0 0 0 0 0 0 0 0 0 ' ,180 ,1 ,3, 1
190 ,265, 173, '97 125 106 75 160 72 84 91 52 90 48 77 ' ,'0 0 0 0 0 0 0 0 0 0 0 0 ' ,114 ,1 ,6, 1
138 ,179, 120, '86 87 80 114 87 73 86 94 34 46 42 48 ' ,'0 0 0 0 0 0 0 0 0 0 0 0 ' ,75 ,0 ,3, 1
159 ,128, 142, '87 87 109 129 120 119 106 99 64 67 53 38 ' ,'0 0 0 0 0 0 0 0 0 0 0 0 ' ,91 ,0 ,4, 1
197 ,152, 181, '67 158 86 107 167 138 96 109 62 52 53 77 ' ,'0 0 0 0 0 0 0 0 0 0 0 0 ' ,116 ,1 ,7, 1
169 ,187, 151, '123 88 95 111 94 139 99 74 49 58 100 34 ' ,'0 0 0 0 0 0 0 0 0 0 0 0 ' ,104 ,0 ,3, 0
133 ,162, 116, '82 77 75 87 103 76 88 107 38 49 47 40 ' ,'0 0 0 0 0 0 0 0 0 0 0 0 ' ,68 ,1 ,4, 1
180 ,125, 164, '86 129 107 113 123 96 108 102 33 38 53 81 ' ,'0 0 0 0 0 0 0 0 0 0 0 0 ' ,95 ,0 ,31, 0
146 ,171, 131, '85 117 124 109 106 100 103 96 52 54 55 42 ' ,'0 0 0 0 0 0 0 0 0 0 0 0 ' ,81 ,0 ,2, 0
144 ,138, 129, '103 105 70 91 98 115 89 94 45 39 52 60 ' ,'0 0 0 0 0 0 0 0 0 0 0 0 ' ,76 ,1 ,5, 1
168 ,137, 150, '138 82 82 95 75 128 113 98 58 39 88 49 ' ,'0 0 0 0 0 0 0 0 0 0 0 0 ' ,101 ,1 ,5, 1
153 ,158, 138, '82 84 97 96 127 93 108 93 47 71 55 53 ' ,'0 0 0 0 0 0 0 0 0 0 0 0 ' ,80 ,1 ,6, 1
152 ,144, 135, '87 113 98 90 75 125 92 89 59 50 43 40 ' ,'0 0 0 0 0 0 0 0 0 0 0 0 ' ,86 ,1 ,4, 1
138 ,143, 119, '94 95 88 84 88 105 87 97 48 55 56 62 ' ,'0 0 0 0 0 0 0 0 0 0 0 0 ' ,58 ,1 ,7, 1
146 ,126, 129, '91 112 112 118 108 87 90 114 53 57 60 46 ' ,'0 0 0 0 0 0 0 0 0 0 0 0 ' ,74 ,1 ,2, 1
154 ,137, 138, '123 128 76 101 83 93 114 103 52 42 55 51 ' ,'0 0 0 0 0 0 0 0 0 0 0 0 ' ,85 ,0 ,3, 1
144 ,145, 127, '85 118 87 100 102 96 77 111 54 64 45 48 ' ,'0 0 0 0 0 0 0 0 0 0 0 0 ' ,73 ,1 ,3, 1
156 ,137, 140, '69 130 90 94 109 122 118 106 56 59 49 38 ' ,'0 0 0 0 0 0 0 0 0 0 0 0 ' ,91 ,0 ,4, 1
172 ,147, 156, '88 85 106 136 124 146 143 109 53 57 64 62 ' ,'0 0 0 0 0 0 0 0 0 0 0 0 ' ,94 ,0 ,3, 0
158 ,164, 141, '93 93 91 94 129 91 112 96 43 63 47 62 ' ,'0 0 0 0 0 0 0 0 0 0 0 0 ' ,86 ,1 ,3, 1
166 ,148, 150, '138 92 80 90 109 137 94 77 45 80 68 61 ' ,'0 0 0 0 0 0 0 0 0 0 0 0 ' ,93 ,1 ,2, 0
174 ,158, 152, '101 143 87 123 123 100 112 70 41 80 33 48 ' ,'0 0 0 0 0 0 0 0 0 0 0 0 ' ,109 ,1 ,4, 1
221 ,166, 204, '136 194 127 130 124 89 102 154 61 57 42 51 ' ,'0 0 0 0 0 0 0 0 0 0 0 0 ' ,154 ,1 ,4, 1
183 ,213, 166, '93 137 117 156 129 85 101 87 61 55 50 71 ' ,'0 0 0 0 0 0 0 0 0 0 0 0 ' ,104 ,1 ,3, 1
210 ,178, 189, '143 121 145 86 100 118 106 134 170 40 61 50 ' ,'0 0 0 0 0 0 0 0 0 0 0 0 ' ,132 ,1 ,8, 1
159 ,197, 139, '100 100 82 104 86 126 92 81 29 53 67 61 ' ,'0 0 0 0 0 0 0 0 0 0 0 0 ' ,96 ,1 ,7, 0
184 ,174, 168, '85 131 92 102 91 145 107 76 59 81 47 58 ' ,'0 0 0 0 0 0 0 0 0 0 0 0 ' ,99 ,0 ,17, 1
140 ,188, 125, '113 113 112 84 113 99 104 82 53 56 68 34 ' ,'0 0 0 0 0 0 0 0 0 0 0 0 ' ,82 ,0 ,3, 1
146 ,175, 131, '106 88 106 120 73 98 96 70 54 56 59 58 ' ,'0 0 0 0 0 0 0 0 0 0 0 0 ' ,67 ,1 ,3, 1
160 ,202, 144, '135 114 126 111 116 134 93 69 78 75 75 44 ' ,'0 0 0 0 0 0 0 0 0 0 0 0 ' ,92 ,0 ,3, 1
163 ,202, 148, '137 102 96 123 104 103 109 78 48 67 65 57 ' ,'0 0 0 0 0 0 0 0 0 0 0 0 ' ,91 ,1 ,3, 1
157 ,158, 142, '98 133 117 117 93 133 120 128 60 56 73 48 ' ,'0 0 0 0 0 0 0 0 0 0 0 0 ' ,86 ,1 ,3, 1
152 ,151, 135, '95 94 126 92 89 87 74 85 41 67 48 66 ' ,'0 0 0 0 0 0 0 0 0 0 0 0 ' ,83 ,1 ,1, 0
129 ,144, 113, '92 92 85 100 81 105 102 76 54 36 54 79 ' ,'0 0 0 0 0 0 0 0 0 0 0 0 ' ,70 ,1 ,3, 1
155 ,122, 134, '90 106 73 120 86 94 127 102 58 62 57 77 ' ,'0 0 0 0 0 0 0 0 0 0 0 0 ' ,72 ,1 ,2, 0
199 ,148, 182, '171 99 109 96 76 154 122 106 48 54 109 59 ' ,'0 0 0 0 0 0 0 0 0 0 0 0 ' ,125 ,1 ,6, 1
180 ,192, 163, '92 104 91 113 154 67 89 77 46 73 46 51 ' ,'0 0 0 0 0 0 0 0 0 0 0 0 ' ,109 ,0 ,2, 1
128 ,175, 107, '102 93 87 95 68 93 89 86 50 44 52 45 ' ,'0 0 0 0 0 0 0 0 0 0 0 0 ' ,59 ,1 ,3, 1
130 ,120, 112, '89 90 75 102 73 100 81 102 32 35 41 47 ' ,'0 0 0 0 0 0 0 0 0 0 0 0 ' ,70 ,0 ,6, 1
128 ,121, 112, '75 94 93 68 74 103 78 87 54 67 46 34 ' ,'0 0 0 0 0 0 0 0 0 0 0 0 ' ,70 ,1 ,2, 1
150 ,120, 134, '121 94 89 73 83 109 84 93 29 54 88 43 ' ,'0 0 0 0 0 0 0 0 0 0 0 0 ' ,92 ,1 ,2, 1
130 ,141, 110, '100 87 92 83 91 88 87 101 49 63 48 52 ' ,'0 0 0 0 0 0 0 0 0 0 0 0 ' ,55 ,1 ,3, 1
144 ,122, 121, '100 107 110 108 99 85 96 99 60 40 53 36 ' ,'0 0 0 0 0 0 0 0 0 0 0 0 ' ,75 ,0 ,4, 1
258 ,136, 240, '89 104 85 102 88 89 229 90 49 56 55 41 ' ,'0 0 0 0 0 0 0 0 0 0 0 0 ' ,190 ,0 ,3, 1
160 ,288, 146, '134 96 98 110 106 97 120 112 40 46 53 60 ' ,'0 0 0 0 0 0 0 0 0 0 0 0 ' ,92 ,0 ,6, 1
171 ,153, 153, '144 107 99 116 70 115 106 95 41 55 79 52 ' ,'0 0 0 0 0 0 0 0 0 0 0 0 ' ,104 ,1 ,2, 0
162 ,179, 137, '107 93 95 100 91 96 122 103 47 66 35 34 ' ,'0 0 0 0 0 0 0 0 0 0 0 0 ' ,90 ,0 ,6, 0
183 ,206, 161, '111 135 125 98 150 110 128 83 54 47 61 53 ' ,'0 0 0 0 0 0 0 0 0 0 0 0 ' ,98 ,1 ,3, 0
147 ,169, 132, '80 76 105 71 63 118 81 80 34 52 44 51 ' ,'0 0 0 0 0 0 0 0 0 0 0 0 ' ,85 ,1 ,3, 1
124 ,139, 106, '89 94 73 72 86 68 64 88 48 52 30 30 ' ,'0 0 0 0 0 0 0 0 0 0 0 0 ' ,67 ,1 ,5, 1
143 ,115, 126, '79 91 70 73 92 118 81 100 35 37 66 36 ' ,'0 0 0 0 0 0 0 0 0 0 0 0 ' ,84 ,1 ,2, 0
120 ,136, 106, '70 85 90 78 96 88 68 75 39 62 33 37 ' ,'0 0 0 0 0 0 0 0 0 0 0 0 ' ,64 ,1 ,3, 1
122 ,114, 104, '70 80 70 95 75 76 67 92 38 32 33 42 ' ,'0 0 0 0 0 0 0 0 0 0 0 0 ' ,62 ,0 ,2, 1
143 ,115, 123, '75 114 76 74 67 83 72 66 42 48 46 42 ' ,'0 0 0 0 0 0 0 0 0 0 0 0 ' ,74 ,1 ,3, 0
137 ,131, 123, '84 82 69 68 79 85 111 98 40 59 35 31 ' ,'0 0 0 0 0 0 0 0 0 0 0 0 ' ,83 ,1 ,2, 0
117 ,129, 103, '92 81 82 85 76 81 89 89 39 41 45 49 ' ,'0 0 0 0 0 0 0 0 0 0 0 0 ' ,55 ,0 ,3, 0
136 ,115, 121, '97 69 89 83 112 79 97 106 53 71 63 48 ' ,'0 0 0 0 0 0 0 0 0 0 0 0 ' ,65 ,1 ,3, 0
170 ,149, 151, '120 109 88 110 115 98 106 137 55 61 65 65 ' ,'0 0 0 0 0 0 0 0 0 0 0 0 ' ,81 ,1 ,8, 0
149 ,162, 126, '103 84 113 113 123 101 101 117 51 47 45 47 ' ,'0 0 0 0 0 0 0 0 0 0 0 0 ' ,80 ,1 ,3, 1
143 ,142, 127, '102 102 87 68 105 112 88 118 40 48 68 57 ' ,'0 0 0 0 0 0 0 0 0 0 0 0 ' ,79 ,1 ,3, 0
162 ,136, 147, '132 124 134 104 93 123 100 108 49 53 87 36 ' ,'0 0 0 0 0 0 0 0 0 0 0 0 ' ,97 ,0 ,3, 1
154 ,156, 136, '97 118 111 118 126 111 102 103 68 62 57 75 ' ,'0 0 0 0 0 0 0 0 0 0 0 0 ' ,72 ,0 ,3, 1
155 ,149, 139, '100 77 105 108 108 104 90 125 40 45 57 38 ' ,'0 0 0 0 0 0 0 0 0 0 0 0 ' ,87 ,1 ,10, 1
134 ,146, 119, '101 93 62 95 90 96 93 102 31 50 54 65 ' ,'0 0 0 0 0 0 0 0 0 0 0 0 ' ,75 ,0 ,2, 0
134 ,129, 116, '93 93 79 70 103 98 93 106 53 44 50 75 ' ,'0 0 0 0 0 0 0 0 0 0 0 0 ' ,62 ,0 ,4, 1
173 ,126, 153, '111 85 85 89 84 140 93 79 46 43 60 52 ' ,'0 0 0 0 0 0 0 0 0 0 0 0 ' ,99 ,0 ,6, 1
155 ,165, 137, '97 86 92 100 104 126 110 95 45 65 39 63 ' ,'0 0 0 0 0 0 0 0 0 0 0 0 ' ,88 ,0 ,4, 0
177 ,146, 162, '100 82 77 96 145 89 88 103 31 111 50 41 ' ,'0 0 0 0 0 0 0 0 0 0 0 0 ' ,117 ,1 ,9, 0
126 ,169, 112, '66 84 86 84 87 72 86 102 41 44 49 44 ' ,'0 0 0 0 0 0 0 0 0 0 0 0 ' ,61 ,1 ,4, 1
127 ,120, 111, '88 62 99 88 82 68 94 91 51 31 51 30 ' ,'0 0 0 0 0 0 0 0 0 0 0 0 ' ,68 ,0 ,6, 1
149 ,117, 133, '124 76 79 86 71 110 82 81 40 50 82 37 ' ,'0 0 0 0 0 0 0 0 0 0 0 0 ' ,87 ,0 ,2, 0
140 ,141, 122, '71 75 91 81 112 60 74 78 50 68 38 39 ' ,'0 0 0 0 0 0 0 0 0 0 0 0 ' ,76 ,0 ,3, 0
145 ,132, 126, '81 110 101 85 91 76 66 117 57 49 34 54 ' ,'0 0 0 0 0 0 0 0 0 0 0 0 ' ,85 ,1 ,2, 0
150 ,137, 132, '120 79 94 101 113 85 113 104 52 44 44 43 ' ,'0 0 0 0 0 0 0 0 0 0 0 0 ' ,79 ,1 ,2, 1
143 ,141, 125, '88 83 104 113 95 103 90 110 56 62 39 62 ' ,'0 0 0 0 0 0 0 0 0 0 0 0 ' ,75 ,0 ,4, 0
141 ,134, 123, '110 85 91 104 92 105 96 74 37 49 59 41 ' ,'0 0 0 0 0 0 0 0 0 0 0 0 ' ,78 ,1 ,4, 1
146 ,132, 129, '84 105 91 98 117 103 90 82 64 70 49 56 ' ,'0 0 0 0 0 0 0 0 0 0 0 0 ' ,69 ,1 ,5, 1
129 ,166, 111, '83 86 89 103 94 101 74 93 54 50 38 68 ' ,'0 0 0 0 0 0 0 0 0 0 0 0 ' ,66 ,0 ,2, 1
172 ,120, 154, '119 101 101 138 111 113 136 123 51 66 51 79 ' ,'0 0 0 0 0 0 0 0 0 0 0 0 ' ,88 ,0 ,10, 1
157 ,163, 141, '126 103 132 109 103 114 107 112 62 33 49 60 ' ,'0 0 0 0 0 0 0 0 0 0 0 0 ' ,100 ,0 ,3, 1
207 ,149, 190, '143 113 100 111 98 165 117 144 52 64 108 60 ' ,'0 0 0 0 0 0 0 0 0 0 0 0 ' ,114 ,0 ,19, 1
177 ,213, 162, '119 147 107 115 142 117 109 152 68 70 72 45 ' ,'0 0 0 0 0 0 0 0 0 0 0 0 ' ,106 ,1 ,2, 0
141 ,170, 128, '112 115 118 115 97 99 112 86 46 38 49 49 ' ,'0 0 0 0 0 0 0 0 0 0 0 0 ' ,79 ,1 ,3, 1
141 ,135, 125, '92 98 107 95 113 89 74 97 58 50 51 47 ' ,'0 0 0 0 0 0 0 0 0 0 0 0 ' ,67 ,1 ,4, 0
139 ,135, 125, '97 104 89 98 93 87 95 107 62 66 43 50 ' ,'0 0 0 0 0 0 0 0 0 0 0 0 ' ,64 ,0 ,5, 1
178 ,131, 162, '142 75 79 105 91 152 88 104 41 57 121 62 ' ,'0 0 0 0 0 0 0 0 0 0 0 0 ' ,112 ,1 ,4, 0
137 ,170, 122, '79 71 86 111 94 65 82 88 36 55 39 38 ' ,'0 0 0 0 0 0 0 0 0 0 0 0 ' ,74 ,0 ,6, 1
130 ,128, 115, '73 97 84 89 85 76 86 105 60 45 35 35 ' ,'0 0 0 0 0 0 0 0 0 0 0 0 ' ,70 ,0 ,5, 0
114 ,126, 99, '88 78 68 89 84 63 74 79 47 48 46 40 ' ,'0 0 0 0 0 0 0 0 0 0 0 0 ' ,50 ,1 ,3, 1
210 ,105, 193, '90 136 112 83 119 81 116 181 73 53 81 55 ' ,'0 0 0 0 0 0 0 0 0 0 0 0 ' ,129 ,0 ,4, 1
174 ,200, 157, '101 112 97 145 90 138 103 106 48 49 88 41 ' ,'0 0 0 0 0 0 0 0 0 0 0 0 ' ,104 ,0 ,3, 0
163 ,165, 149, '89 73 110 98 134 75 97 83 40 75 39 44 ' ,'0 0 0 0 0 0 0 0 0 0 0 0 ' ,98 ,0 ,6, 0
468 ,194, 453, '124 124 174 91 133 102 119 85 53 76 51 84 ' ,'0 0 0 0 0 0 0 0 0 0 0 0 ' ,393 ,0 ,4, 1
720 ,461, 697, '104 144 685 156 93 134 128 119 51 46 60 68 ' ,'0 0 0 0 0 0 0 0 0 0 0 0 ' ,638 ,0 ,5, 1
168 ,711, 148, '117 91 123 136 89 111 119 87 54 77 59 49 ' ,'0 0 0 0 0 0 0 0 0 0 0 0 ' ,86 ,1 ,7, 1
177 ,159, 161, '107 144 137 140 137 99 140 129 71 84 79 68 ' ,'0 0 0 0 0 0 0 0 0 0 0 0 ' ,76 ,1 ,12, 1
603 ,184, 586, '575 129 103 119 153 130 131 112 73 73 76 66 ' ,'0 0 0 0 0 0 0 0 0 0 0 0 ' ,505 ,0 ,3, 0
141 ,596, 124, '114 99 99 97 104 104 74 115 66 43 47 73 ' ,'0 0 0 0 0 0 0 0 0 0 0 0 ' ,73 ,1 ,3, 0
133 ,135, 118, '107 95 90 100 92 70 95 90 53 52 47 57 ' ,'0 0 0 0 0 0 0 0 0 0 0 0 ' ,63 ,0 ,3, 0
334 ,126, 316, '95 84 79 80 91 87 83 68 42 41 35 50 ' ,'0 0 0 0 0 0 0 0 0 0 0 0 ' ,268 ,0 ,6, 1
346 ,329, 330, '98 106 60 99 84 103 80 105 46 48 48 39 ' ,'0 0 0 0 0 0 0 0 0 0 0 0 ' ,271 ,0 ,9, 1
328 ,335, 312, '78 87 93 87 94 76 85 77 58 67 43 51 ' ,'0 0 0 0 0 0 0 0 0 0 0 0 ' ,259 ,1 ,4, 0
351 ,324, 337, '89 101 108 78 94 93 79 109 44 52 48 44 ' ,'0 0 0 0 0 0 0 0 0 0 0 0 ' ,271 ,1 ,15, 1
194 ,381, 175, '117 95 93 85 92 80 98 156 50 54 53 49 ' ,'0 0 0 0 0 0 0 0 0 0 0 0 ' ,113 ,0 ,5, 1
153 ,191, 132, '115 102 91 92 91 119 100 89 39 63 55 40 ' ,'0 0 0 0 0 0 0 0 0 0 0 0 ' ,79 ,0 ,6, 1
204 ,148, 188, '171 127 112 79 87 148 83 148 52 59 123 56 ' ,'0 0 0 0 0 0 0 0 0 0 0 0 ' ,120 ,0 ,10, 1
175 ,203, 157, '89 128 138 105 112 107 113 104 68 86 50 89 ' ,'0 0 0 0 0 0 0 0 0 0 0 0 ' ,91 ,0 ,7, 0
366 ,178, 351, '109 95 111 120 108 106 110 98 59 57 61 78 ' ,'0 0 0 0 0 0 0 0 0 0 0 0 ' ,64 ,0 ,222, 1
340 ,356, 324, '297 96 119 118 101 127 97 116 52 68 36 82 ' ,'0 0 0 0 0 0 0 0 0 0 0 0 ' ,263 ,1 ,17, 1
193 ,328, 173, '138 118 103 97 141 132 147 116 49 74 65 55 ' ,'0 0 0 0 0 0 0 0 0 0 0 0 ' ,107 ,1 ,11, 0
240 ,219, 223, '210 125 143 161 140 199 111 141 74 78 148 57 ' ,'0 0 0 0 0 0 0 0 0 0 0 0 ' ,153 ,1 ,7, 0
175 ,232, 162, '134 111 139 119 151 113 109 112 68 97 70 64 ' ,'0 0 0 0 0 0 0 0 0 0 0 0 ' ,89 ,1 ,4, 1
143 ,169, 123, '100 95 85 94 94 93 114 87 42 58 65 49 ' ,'0 0 0 0 0 0 0 0 0 0 0 0 ' ,74 ,0 ,2, 0
136 ,135, 122, '89 97 85 87 86 86 97 80 48 106 54 49 ' ,'0 0 0 0 0 0 0 0 0 0 0 0 ' ,63 ,1 ,4, 1
146 ,129, 131, '114 118 85 85 102 96 90 97 51 52 50 49 ' ,'0 0 0 0 0 0 0 0 0 0 0 0 ' ,71 ,0 ,5, 1
171 ,140, 155, '119 99 143 100 114 137 105 120 53 55 69 40 ' ,'0 0 0 0 0 0 0 0 0 0 0 0 ' ,103 ,0 ,6, 1
148 ,163, 133, '83 88 74 87 120 81 84 96 69 77 45 49 ' ,'0 0 0 0 0 0 0 0 0 0 0 0 ' ,78 ,0 ,4, 0
151 ,142, 136, '87 106 96 85 104 84 125 95 31 38 50 63 ' ,'0 0 0 0 0 0 0 0 0 0 0 0 ' ,96 ,0 ,4, 1
133 ,145, 111, '81 75 82 80 91 76 92 78 44 61 43 47 ' ,'0 0 0 0 0 0 0 0 0 0 0 0 ' ,51 ,0 ,9, 1
155 ,122, 139, '110 122 106 124 93 116 112 99 54 55 43 72 ' ,'0 0 0 0 0 0 0 0 0 0 0 0 ' ,86 ,0 ,4, 0
171 ,150, 155, '132 111 140 102 127 118 106 125 44 67 74 57 ' ,'0 0 0 0 0 0 0 0 0 0 0 0 ' ,98 ,0 ,8, 1
172 ,162, 159, '96 115 93 110 148 106 118 83 48 79 39 61 ' ,'0 0 0 0 0 0 0 0 0 0 0 0 ' ,110 ,0 ,3, 1
152 ,169, 137, '114 105 96 113 125 108 124 124 66 71 40 43 ' ,'0 0 0 0 0 0 0 0 0 0 0 0 ' ,88 ,0 ,4, 1
149 ,146, 135, '109 122 114 94 112 98 104 117 51 56 50 55 ' ,'0 0 0 0 0 0 0 0 0 0 0 0 ' ,74 ,0 ,4, 1
171 ,144, 146, '104 106 126 132 122 120 99 108 54 37 58 68 ' ,'0 0 0 0 0 0 0 0 0 0 0 0 ' ,96 ,1 ,6, 1
170 ,161, 154, '118 130 93 118 79 143 113 117 61 74 92 66 ' ,'0 0 0 0 0 0 0 0 0 0 0 0 ' ,84 ,0 ,4, 1
156 ,190, 139, '104 92 88 91 106 128 110 121 48 75 65 60 ' ,'0 0 0 0 0 0 0 0 0 0 0 0 ' ,81 ,0 ,4, 1
503 ,148, 485, '115 95 98 142 104 84 104 90 64 41 41 44 ' ,'0 0 0 0 0 0 0 0 0 0 0 0 ' ,433 ,0 ,2, 1
123 ,500, 108, '94 79 87 79 95 80 79 95 43 56 54 53 ' ,'0 0 0 0 0 0 0 0 0 0 0 0 ' ,54 ,1 ,4, 1
147 ,117, 132, '92 90 78 87 83 108 121 87 43 36 61 77 ' ,'0 0 0 0 0 0 0 0 0 0 0 0 ' ,87 ,0 ,4, 0
154 ,141, 139, '100 89 70 129 98 124 84 87 48 44 55 42 ' ,'0 0 0 0 0 0 0 0 0 0 0 0 ' ,87 ,0 ,5, 1
165 ,146, 150, '83 104 88 83 136 115 134 85 73 49 43 71 ' ,'0 0 0 0 0 0 0 0 0 0 0 0 ' ,94 ,0 ,7, 0
184 ,156, 166, '128 96 103 96 90 112 99 154 77 60 45 31 ' ,'0 0 0 0 0 0 0 0 0 0 0 0 ' ,125 ,0 ,5, 0
148 ,177, 121, '79 110 87 99 79 89 94 90 52 50 45 55 ' ,'0 0 0 0 0 0 0 0 0 0 0 0 ' ,68 ,1 ,3, 0
150 ,144, 133, '108 87 122 114 108 101 98 71 51 46 52 61 ' ,'0 0 0 0 0 0 0 0 0 0 0 0 ' ,76 ,0 ,5, 0
212 ,142, 196, '185 108 81 106 142 168 101 77 79 50 113 42 ' ,'0 0 0 0 0 0 0 0 0 0 0 0 ' ,141 ,0 ,3, 0
159 ,204, 141, '97 86 85 116 132 109 102 92 42 89 46 44 ' ,'0 0 0 0 0 0 0 0 0 0 0 0 ' ,91 ,0 ,2, 0
164 ,151, 149, '130 98 137 92 93 93 106 96 64 68 37 46 ' ,'0 0 0 0 0 0 0 0 0 0 0 0 ' ,98 ,0 ,7, 0
185 ,157, 163, '91 105 78 111 109 104 148 110 55 36 64 64 ' ,'0 0 0 0 0 0 0 0 0 0 0 0 ' ,113 ,0 ,8, 1
170 ,176, 154, '136 78 124 142 142 93 104 124 67 77 67 50 ' ,'0 0 0 0 0 0 0 0 0 0 0 0 ' ,95 ,1 ,3, 1
176 ,164, 159, '130 123 106 111 86 140 100 110 45 48 105 28 ' ,'0 0 0 0 0 0 0 0 0 0 0 0 ' ,110 ,0 ,13, 0
180 ,182, 159, '106 92 87 151 129 124 107 109 43 80 48 53 ' ,'0 0 0 0 0 0 0 0 0 0 0 0 ' ,108 ,0 ,7, 1
129 ,172, 111, '90 85 98 84 95 70 102 94 39 57 56 52 ' ,'0 0 0 0 0 0 0 0 0 0 0 0 ' ,61 ,1 ,6, 0
123 ,178, 99, '80 80 65 91 90 88 85 79 34 37 31 30 ' ,'0 0 0 0 0 0 0 0 0 0 0 0 ' ,57 ,0 ,7, 0
141 ,113, 124, '77 82 115 72 84 68 78 73 35 39 35 52 ' ,'0 0 0 0 0 0 0 0 0 0 0 0 ' ,81 ,0 ,5, 1
149 ,135, 125, '110 90 86 79 93 115 77 94 69 63 76 35 ' ,'0 0 0 0 0 0 0 0 0 0 0 0 ' ,78 ,0 ,5, 0
148 ,141, 126, '78 96 115 100 92 64 91 92 35 49 44 50 ' ,'0 0 0 0 0 0 0 0 0 0 0 0 ' ,81 ,0 ,7, 0
140 ,140, 115, '81 96 79 77 89 73 103 88 39 45 62 41 ' ,'0 0 0 0 0 0 0 0 0 0 0 0 ' ,66 ,1 ,6, 0
127 ,128, 105, '73 77 93 82 63 93 92 74 39 47 39 38 ' ,'0 0 0 0 0 0 0 0 0 0 0 0 ' ,56 ,0 ,8, 0
176 ,115, 158, '146 92 93 102 106 93 96 114 67 41 60 62 ' ,'0 0 0 0 0 0 0 0 0 0 0 0 ' ,104 ,0 ,5, 0
246 ,166, 222, '153 144 126 213 122 132 131 125 54 69 72 55 ' ,'0 0 0 0 0 0 0 0 0 0 0 0 ' ,160 ,0 ,7, 1
178 ,237, 155, '100 103 102 112 147 120 121 135 85 72 62 52 ' ,'0 0 0 0 0 0 0 0 0 0 0 0 ' ,93 ,0 ,5, 0
158 ,165, 139, '126 96 107 117 103 103 84 122 46 54 59 40 ' ,'0 0 0 0 0 0 0 0 0 0 0 0 ' ,84 ,0 ,11, 1
177 ,148, 159, '119 126 110 87 103 145 145 104 35 90 48 73 ' ,'0 0 0 0 0 0 0 0 0 0 0 0 ' ,113 ,0 ,7, 1
151 ,208, 130, '104 110 100 104 97 104 121 119 115 59 58 56 ' ,'0 0 0 0 0 0 0 0 0 0 0 0 ' ,66 ,0 ,5, 0
185 ,143, 165, '117 87 89 149 105 127 110 110 41 65 110 64 ' ,'0 0 0 0 0 0 0 0 0 0 0 0 ' ,114 ,0 ,4, 1
155 ,175, 140, '110 85 87 91 88 80 125 83 119 47 52 53 ' ,'0 0 0 0 0 0 0 0 0 0 0 0 ' ,81 ,1 ,6, 0
131 ,147, 114, '89 102 98 74 91 101 83 75 45 42 46 56 ' ,'0 0 0 0 0 0 0 0 0 0 0 0 ' ,59 ,0 ,8, 0
135 ,122, 115, '97 96 89 101 104 87 92 87 60 54 45 42 ' ,'0 0 0 0 0 0 0 0 0 0 0 0 ' ,61 ,0 ,6, 0
156 ,124, 133, '85 105 80 92 85 92 119 86 46 52 50 52 ' ,'0 0 0 0 0 0 0 0 0 0 0 0 ' ,76 ,0 ,6, 0
153 ,141, 134, '109 62 91 75 77 121 66 52 53 34 77 40 ' ,'0 0 0 0 0 0 0 0 0 0 0 0 ' ,89 ,0 ,7, 1
133 ,142, 116, '95 89 97 102 93 72 94 95 37 60 45 38 ' ,'0 0 0 0 0 0 0 0 0 0 0 0 ' ,67 ,0 ,9, 0
449 ,123, 433, '83 103 109 105 98 93 124 69 50 57 54 42 ' ,'0 0 0 0 0 0 0 0 0 0 0 0 ' ,374 ,1 ,6, 0
180 ,441, 162, '115 97 151 119 95 108 107 95 47 53 49 51 ' ,'0 0 0 0 0 0 0 0 0 0 0 0 ' ,105 ,1 ,7, 1
163 ,171, 146, '116 135 81 84 106 118 126 109 88 44 52 46 ' ,'0 0 0 0 0 0 0 0 0 0 0 0 ' ,93 ,0 ,6, 0
205 ,156, 183, '174 151 114 100 136 142 106 115 54 54 124 56 ' ,'0 0 0 0 0 0 0 0 0 0 0 0 ' ,119 ,0 ,6, 0
182 ,198, 164, '117 153 111 118 110 101 124 117 69 70 65 79 ' ,'0 0 0 0 0 0 0 0 0 0 0 0 ' ,90 ,1 ,7, 0
244 ,173, 229, '116 159 217 118 120 154 153 132 62 72 186 60 ' ,'0 0 0 0 0 0 0 0 0 0 0 0 ' ,158 ,1 ,5, 1
184 ,303, 161, '116 95 99 150 105 130 135 117 54 51 50 52 ' ,'0 0 0 0 0 0 0 0 0 0 0 0 ' ,99 ,1 ,5, 1
138 ,177, 123, '97 102 89 92 91 86 88 112 50 56 43 41 ' ,'0 0 0 0 0 0 0 0 0 0 0 0 ' ,71 ,0 ,4, 1
198 ,132, 183, '153 94 89 105 103 170 113 104 67 41 121 69 ' ,'0 0 0 0 0 0 0 0 0 0 0 0 ' ,128 ,0 ,6, 1
137 ,197, 122, '95 85 111 95 106 77 81 72 53 59 61 55 ' ,'0 0 0 0 0 0 0 0 0 0 0 0 ' ,59 ,0 ,4, 0
136 ,135, 121, '101 99 112 105 85 90 89 92 45 58 41 61 ' ,'0 0 0 0 0 0 0 0 0 0 0 0 ' ,72 ,0 ,4, 0
128 ,135, 113, '86 88 101 93 74 84 83 81 46 66 44 47 ' ,'0 0 0 0 0 0 0 0 0 0 0 0 ' ,59 ,0 ,5, 0
122 ,120, 105, '78 77 75 77 95 85 67 66 50 47 51 43 ' ,'0 0 0 0 0 0 0 0 0 0 0 0 ' ,54 ,1 ,3, 0
202 ,125, 186, '173 94 94 91 96 154 98 109 58 51 136 41 ' ,'0 0 0 0 0 0 0 0 0 0 0 0 ' ,129 ,1 ,5, 0
187 ,196, 171, '123 116 92 128 159 104 113 97 50 108 71 54 ' ,'0 0 0 0 0 0 0 0 0 0 0 0 ' ,110 ,0 ,5, 1
179 ,181, 165, '105 138 130 108 106 113 150 91 76 65 47 50 ' ,'0 0 0 0 0 0 0 0 0 0 0 0 ' ,103 ,0 ,8, 1
163 ,174, 148, '99 120 95 116 135 106 113 98 76 41 59 71 ' ,'0 0 0 0 0 0 0 0 0 0 0 0 ' ,98 ,0 ,4, 0
161 ,157, 148, '133 120 120 134 104 119 136 97 62 59 48 61 ' ,'0 0 0 0 0 0 0 0 0 0 0 0 ' ,90 ,0 ,4, 1
210 ,157, 195, '143 179 163 132 143 148 160 97 89 76 123 59 ' ,'0 0 0 0 0 0 0 0 0 0 0 0 ' ,121 ,0 ,10, 1
199 ,238, 185, '128 113 163 73 171 114 89 83 49 101 55 64 ' ,'0 0 0 0 0 0 0 0 0 0 0 0 ' ,125 ,1 ,5, 1
143 ,192, 127, '113 105 115 88 116 105 113 99 70 82 77 57 ' ,'0 0 0 0 0 0 0 0 0 0 0 0 ' ,60 ,1 ,5, 1
164 ,137, 144, '100 107 131 116 111 131 86 111 84 54 62 51 ' ,'0 0 0 0 0 0 0 0 0 0 0 0 ' ,83 ,1 ,5, 0
156 ,154, 136, '81 99 94 86 100 116 122 106 60 62 46 61 ' ,'0 0 0 0 0 0 0 0 0 0 0 0 ' ,78 ,0 ,5, 0
179 ,153, 160, '126 126 111 92 140 102 107 96 49 50 82 60 ' ,'0 0 0 0 0 0 0 0 0 0 0 0 ' ,92 ,0 ,14, 1
166 ,170, 152, '96 119 104 112 114 93 137 102 78 89 43 57 ' ,'0 0 0 0 0 0 0 0 0 0 0 0 ' ,96 ,0 ,6, 1
132 ,160, 118, '82 104 100 71 84 89 92 83 45 61 35 48 ' ,'0 0 0 0 0 0 0 0 0 0 0 0 ' ,70 ,0 ,5, 1
118 ,127, 104, '79 89 94 77 85 83 92 86 52 49 41 38 ' ,'0 0 0 0 0 0 0 0 0 0 0 0 ' ,56 ,1 ,4, 1
150 ,112, 124, '104 85 99 86 83 112 106 63 44 51 48 60 ' ,'0 0 0 0 0 0 0 0 0 0 0 0 ' ,67 ,0 ,4, 1
151 ,144, 137, '116 118 96 94 85 125 111 79 43 57 87 60 ' ,'0 0 0 0 0 0 0 0 0 0 0 0 ' ,80 ,1 ,6, 1
161 ,146, 144, '98 94 97 109 133 90 78 79 48 73 67 46 ' ,'0 0 0 0 0 0 0 0 0 0 0 0 ' ,88 ,0 ,5, 0
135 ,154, 121, '100 85 108 108 95 100 91 90 60 60 41 59 ' ,'0 0 0 0 0 0 0 0 0 0 0 0 ' ,63 ,1 ,5, 1
184 ,131, 169, '115 124 145 125 138 112 151 158 69 53 49 62 ' ,'0 0 0 0 0 0 0 0 0 0 0 0 ' ,109 ,1 ,5, 0
152 ,180, 131, '112 116 116 103 115 95 92 112 52 69 56 39 ' ,'0 0 0 0 0 0 0 0 0 0 0 0 ' ,79 ,0 ,5, 1
677 ,156, 662, '179 153 116 130 106 144 648 91 33 39 107 53 ' ,'0 0 0 0 0 0 0 0 0 0 0 0 ' ,618 ,0 ,6, 1
183 ,704, 165, '138 139 142 143 151 116 120 100 46 73 48 77 ' ,'0 0 0 0 0 0 0 0 0 0 0 0 ' ,111 ,4 ,3, 0
388 ,175, 365, '106 106 113 113 97 121 94 111 67 60 67 55 ' ,'0 0 0 0 0 0 0 0 0 0 0 0 ' ,295 ,0 ,4, 1
204 ,379, 190, '117 96 156 175 100 86 164 89 58 83 62 54 ' ,'0 0 0 0 0 0 0 0 0 0 0 0 ' ,122 ,0 ,5, 1
131 ,198, 115, '88 83 86 104 84 81 103 85 66 56 48 53 ' ,'0 0 0 0 0 0 0 0 0 0 0 0 ' ,55 ,0 ,5, 0
143 ,125, 126, '115 79 79 90 85 111 101 79 58 47 68 48 ' ,'0 0 0 0 0 0 0 0 0 0 0 0 ' ,69 ,0 ,4, 0
148 ,140, 130, '79 88 92 91 110 84 85 70 55 60 45 51 ' ,'0 0 0 0 0 0 0 0 0 0 0 0 ' ,67 ,1 ,14, 0
125 ,140, 106, '83 79 66 78 82 73 61 95 38 53 43 40 ' ,'0 0 0 0 0 0 0 0 0 0 0 0 ' ,59 ,1 ,4, 0
126 ,119, 111, '82 86 88 71 85 86 99 89 27 55 43 51 ' ,'0 0 0 0 0 0 0 0 0 0 0 0 ' ,74 ,1 ,5, 1
127 ,122, 113, '86 87 85 86 93 58 82 100 57 45 44 57 ' ,'0 0 0 0 0 0 0 0 0 0 0 0 ' ,54 ,0 ,7, 1
184 ,119, 166, '153 83 94 66 100 136 95 86 52 44 89 40 ' ,'0 0 0 0 0 0 0 0 0 0 0 0 ' ,113 ,1 ,5, 0
136 ,180, 121, '61 77 68 89 106 105 88 75 42 69 36 26 ' ,'0 0 0 0 0 0 0 0 0 0 0 0 ' ,81 ,0 ,3, 1
117 ,129, 102, '82 66 80 63 67 78 69 92 40 36 35 43 ' ,'0 0 0 0 0 0 0 0 0 0 0 0 ' ,57 ,0 ,5, 0
119 ,111, 104, '71 78 90 73 77 71 68 62 29 44 43 34 ' ,'0 0 0 0 0 0 0 0 0 0 0 0 ' ,59 ,0 ,7, 0
125 ,134, 108, '69 85 75 83 93 84 73 84 41 38 56 37 ' ,'0 0 0 0 0 0 0 0 0 0 0 0 ' ,60 ,1 ,5, 0
158 ,121, 143, '129 76 99 75 90 119 85 73 31 24 80 44 ' ,'0 0 0 0 0 0 0 0 0 0 0 0 ' ,105 ,1 ,6, 1
222 ,150, 203, '189 141 146 158 154 101 97 112 58 100 51 46 ' ,'0 0 0 0 0 0 0 0 0 0 0 0 ' ,144 ,0 ,6, 1
664 ,219, 641, '233 127 109 215 123 126 101 231 628 75 68 82 ' ,'0 0 0 0 0 0 0 0 0 0 0 0 ' ,559 ,0 ,8, 2
196 ,690, 177, '107 130 108 156 87 86 139 168 71 49 80 65 ' ,'0 0 0 0 0 0 0 0 0 0 0 0 ' ,119 ,0 ,6, 1
218 ,190, 203, '65 161 143 105 83 138 108 116 54 95 91 51 ' ,'0 0 0 0 0 0 0 0 0 0 0 0 ' ,110 ,1 ,33, 0
204 ,207, 187, '137 108 117 179 106 128 104 161 89 52 107 90 ' ,'0 0 0 0 0 0 0 0 0 0 0 0 ' ,125 ,0 ,3, 1
179 ,240, 161, '93 85 150 131 131 111 122 117 38 85 51 53 ' ,'0 0 0 0 0 0 0 0 0 0 0 0 ' ,114 ,1 ,4, 1
151 ,177, 133, '112 71 117 94 102 100 107 89 64 69 52 32 ' ,'0 0 0 0 0 0 0 0 0 0 0 0 ' ,87 ,0 ,8, 0
158 ,141, 142, '86 80 103 95 73 129 85 94 64 42 51 39 ' ,'0 0 0 0 0 0 0 0 0 0 0 0 ' ,89 ,0 ,6, 1
128 ,153, 113, '86 96 101 69 73 58 91 91 44 45 34 36 ' ,'0 0 0 0 0 0 0 0 0 0 0 0 ' ,66 ,1 ,5, 1
136 ,125, 120, '96 95 57 83 81 99 106 80 53 47 53 38 ' ,'0 0 0 0 0 0 0 0 0 0 0 0 ' ,70 ,1 ,6, 0
130 ,132, 114, '90 67 97 97 94 96 97 91 36 72 40 43 ' ,'0 0 0 0 0 0 0 0 0 0 0 0 ' ,68 ,0 ,5, 1
281 ,125, 263, '64 89 110 96 252 71 116 96 62 55 39 66 ' ,'0 0 0 0 133306 0 0 0 0 0 0 0 ' ,215 ,1 ,5, 1
154 ,325, 138, '87 82 111 116 124 84 120 102 52 44 64 58 ' ,'0 0 0 0 0 0 0 0 0 0 0 0 ' ,83 ,0 ,5, 1
173 ,245, 157, '134 133 144 98 90 121 126 118 91 76 44 76 ' ,'0 0 0 0 0 0 0 0 0 0 0 0 ' ,101 ,1 ,6, 1
188 ,200, 167, '156 77 109 142 114 160 119 119 51 44 91 71 ' ,'0 0 0 0 0 0 0 0 0 0 0 0 ' ,115 ,1 ,2, 0
199 ,183, 184, '102 111 107 124 162 115 129 96 61 77 58 58 ' ,'0 0 0 0 0 0 0 0 0 0 0 0 ' ,104 ,1 ,14, 2
242 ,190, 226, '144 139 99 164 110 131 212 152 79 82 78 97 ' ,'0 0 0 0 0 0 0 0 0 0 0 0 ' ,140 ,1 ,4, 1
198 ,238, 183, '103 117 132 132 141 139 115 166 66 84 52 62 ' ,'0 0 0 0 0 0 0 0 0 0 0 0 ' ,116 ,0 ,4, 1
211 ,193, 193, '116 108 108 182 105 102 115 156 160 93 58 69 ' ,'0 0 0 0 0 0 0 0 0 0 0 0 ' ,126 ,0 ,4, 1
290 ,247, 273, '259 100 125 113 101 148 104 131 49 55 77 52 ' ,'0 0 0 0 0 0 0 0 0 0 0 0 ' ,212 ,0 ,6, 1
151 ,284, 138, '105 89 109 107 118 100 101 116 58 62 46 48 ' ,'0 0 0 0 0 0 0 0 0 0 0 0 ' ,75 ,1 ,10, 1
161 ,147, 144, '91 134 87 105 102 82 86 98 49 62 44 44 ' ,'0 0 0 0 0 0 0 0 0 0 0 0 ' ,92 ,0 ,3, 1
173 ,160, 158, '103 126 70 108 79 85 115 144 38 49 45 45 ' ,'0 0 0 0 0 0 0 0 0 0 0 0 ' ,105 ,1 ,7, 0
128 ,171, 110, '75 97 97 94 82 84 78 99 53 27 30 43 ' ,'0 0 0 0 0 0 0 0 0 0 0 0 ' ,74 ,0 ,5, 1
137 ,121, 122, '92 63 89 75 74 111 97 72 27 35 46 55 ' ,'0 0 0 0 0 0 0 0 0 0 0 0 ' ,85 ,0 ,3, 1
134 ,135, 121, '83 109 91 78 80 85 58 82 58 62 39 42 ' ,'0 0 0 0 0 0 0 0 0 0 0 0 ' ,70 ,1 ,4, 0
247 ,131, 232, '130 75 69 77 84 216 62 81 41 51 30 38 ' ,'0 0 0 0 0 0 0 0 0 0 0 0 ' ,188 ,1 ,5, 1
122 ,241, 107, '77 80 84 74 89 69 77 75 52 37 39 41 ' ,'0 0 0 0 0 0 0 0 0 0 0 0 ' ,52 ,0 ,11, 0
130 ,115, 115, '88 86 88 79 72 90 80 97 46 23 50 53 ' ,'0 0 0 0 0 0 0 0 0 0 0 0 ' ,75 ,1 ,1, 1
200 ,170, 185, '161 129 108 74 84 140 100 95 41 41 119 73 ' ,'0 0 0 0 0 0 0 0 0 0 0 0 ' ,120 ,0 ,16, 1
188 ,202, 173, '82 109 155 126 159 68 123 112 54 68 89 69 ' ,'0 0 0 0 0 0 0 0 0 0 0 0 ' ,105 ,1 ,7, 0
214 ,181, 197, '185 146 113 132 114 73 121 129 48 71 59 48 ' ,'0 0 0 0 0 0 0 0 0 0 0 0 ' ,141 ,0 ,4, 0
288 ,210, 275, '91 261 110 118 93 115 128 139 73 67 63 58 ' ,'0 0 0 0 0 0 0 0 0 0 0 0 ' ,202 ,1 ,6, 0
161 ,284, 146, '107 88 91 113 118 69 100 134 79 80 51 45 ' ,'0 0 0 0 0 0 0 0 0 0 0 0 ' ,90 ,0 ,5, 1
209 ,185, 193, '157 144 99 163 146 165 178 132 50 76 113 98 ' ,'0 0 0 0 0 0 0 0 0 0 0 0 ' ,131 ,1 ,7, 1
305 ,204, 287, '270 111 116 130 163 150 151 121 58 90 62 52 ' ,'0 0 0 0 0 0 0 0 0 0 0 0 ' ,224 ,0 ,6, 1
207 ,300, 193, '143 138 131 141 93 116 173 157 51 85 58 40 ' ,'0 0 0 0 0 0 0 0 0 0 0 0 ' ,137 ,1 ,10, 1
243 ,199, 183, '117 87 171 136 109 107 108 124 72 51 53 59 ' ,'0 0 0 0 0 0 0 0 0 0 0 0 ' ,122 ,0 ,5, 0
172 ,236, 155, '120 95 133 136 110 141 131 110 55 31 65 50 ' ,'0 0 0 0 0 0 0 0 0 0 0 0 ' ,111 ,0 ,8, 1
164 ,169, 148, '134 104 136 92 87 133 99 100 48 63 83 53 ' ,'0 0 0 0 0 0 0 0 0 0 0 0 ' ,91 ,1 ,3, 1
212 ,160, 196, '151 127 107 106 125 119 184 75 58 72 59 34 ' ,'0 0 0 0 0 0 0 0 0 0 0 0 ' ,151 ,0 ,5, 0
134 ,207, 120, '84 105 74 86 77 101 106 92 34 43 60 50 ' ,'0 0 0 0 0 0 0 0 0 0 0 0 ' ,75 ,1 ,6, 1
131 ,131, 111, '82 75 90 70 97 93 86 76 47 46 59 49 ' ,'0 0 0 0 0 0 0 0 0 0 0 0 ' ,55 ,1 ,6, 1
129 ,122, 111, '90 93 81 89 97 96 77 88 48 49 62 30 ' ,'0 0 0 0 0 0 0 0 0 0 0 0 ' ,70 ,0 ,6, 1
152 ,126, 137, '120 85 78 94 86 120 102 104 47 31 82 41 ' ,'0 0 0 0 0 0 0 0 0 0 0 0 ' ,92 ,1 ,8, 0
