195 ,0, 105, '27 42 29 38 28 46 34 30 33 31 41 35 ' ,'0 0 0 0 0 0 0 0 0 0 0 0 ' ,36 ,2 ,12, 10
544 ,169, 521, '342 339 271 281 299 356 393 341 285 267 310 363 ' ,'0 0 0 0 0 0 0 0 0 0 0 0 ' ,138 ,3 ,104, 4
318 ,531, 299, '185 247 176 258 223 249 211 218 219 204 247 268 ' ,'0 0 0 0 0 0 0 0 0 0 0 0 ' ,100 ,1 ,7, 6
517 ,390, 497, '191 238 259 321 271 253 275 231 288 293 262 269 ' ,'0 0 0 0 0 0 0 0 0 0 0 0 ' ,241 ,1 ,46, 1
303 ,545, 286, '226 229 231 222 200 208 241 261 225 212 200 229 ' ,'0 0 0 0 0 0 0 0 0 0 0 0 ' ,68 ,2 ,10, 1
331 ,388, 311, '207 235 255 251 190 297 225 289 242 221 270 235 ' ,'0 0 0 0 0 0 0 0 0 0 0 0 ' ,106 ,1 ,9, 1
360 ,326, 342, '241 320 237 233 220 221 258 250 210 199 240 286 ' ,'0 0 0 0 0 0 0 0 0 0 0 0 ' ,117 ,2 ,11, 2
667 ,353, 629, '265 226 233 234 217 238 605 248 251 256 231 241 ' ,'0 0 0 0 0 0 0 0 0 0 0 0 ' ,391 ,3 ,10, 2
328 ,660, 310, '206 235 237 223 245 228 275 254 233 222 232 214 ' ,'0 0 0 0 0 0 0 0 0 0 0 0 ' ,75 ,6 ,18, 4
308 ,316, 292, '261 198 258 270 193 231 252 216 236 201 271 250 ' ,'0 0 0 0 0 0 0 0 0 0 0 0 ' ,84 ,3 ,6, 1
287 ,416, 267, '213 202 229 245 193 184 233 206 223 234 196 214 ' ,'0 0 0 0 0 0 0 0 0 0 0 0 ' ,61 ,2 ,12, 1
471 ,298, 449, '394 230 240 209 205 175 224 221 204 167 215 202 ' ,'0 0 0 0 0 0 0 0 0 0 0 0 ' ,223 ,2 ,49, 1
314 ,462, 297, '187 221 222 214 202 241 248 217 206 211 214 278 ' ,'0 0 0 0 0 0 0 0 0 0 0 0 ' ,94 ,2 ,8, 2
337 ,316, 320, '213 196 224 198 231 195 187 165 205 197 203 243 ' ,'0 0 0 0 0 0 0 0 0 0 0 0 ' ,84 ,3 ,66, 1
532 ,327, 517, '273 471 287 295 306 301 302 221 446 250 220 439 ' ,'0 0 0 0 0 0 0 0 0 0 0 0 ' ,257 ,3 ,34, 1
338 ,567, 321, '216 207 261 242 267 234 213 301 248 234 226 237 ' ,'0 0 0 0 0 0 0 0 0 0 0 0 ' ,102 ,3 ,7, 1
337 ,331, 317, '220 277 210 214 296 254 280 254 204 220 247 262 ' ,'0 0 0 0 0 0 0 0 0 0 0 0 ' ,102 ,2 ,5, 2
313 ,329, 296, '210 209 198 212 206 246 263 220 265 229 213 229 ' ,'0 0 0 0 0 0 0 0 0 0 0 0 ' ,68 ,1 ,24, 2
286 ,302, 268, '174 223 234 217 204 190 191 257 204 199 214 212 ' ,'0 0 0 0 0 0 0 0 0 0 0 0 ' ,84 ,1 ,3, 1
360 ,279, 342, '228 296 213 295 288 300 248 297 330 290 257 317 ' ,'0 0 0 0 0 0 0 0 0 0 0 0 ' ,118 ,1 ,4, 1
357 ,394, 338, '243 296 286 241 274 224 271 265 247 280 286 325 ' ,'0 0 0 0 0 0 0 0 0 0 0 0 ' ,105 ,1 ,5, 2
314 ,352, 298, '206 251 208 231 258 199 277 263 244 285 252 227 ' ,'0 0 0 0 0 0 0 0 0 0 0 0 ' ,90 ,1 ,5, 1
261 ,307, 242, '191 215 205 181 209 192 206 208 225 213 184 194 ' ,'0 0 0 0 0 0 0 0 0 0 0 0 ' ,49 ,2 ,5, 2
313 ,253, 295, '254 273 237 219 267 200 235 193 192 246 187 228 ' ,'0 0 0 0 0 0 0 0 0 0 0 0 ' ,96 ,1 ,6, 2
306 ,304, 289, '236 207 233 267 217 202 218 200 215 271 197 187 ' ,'0 0 0 0 0 0 0 0 0 0 0 0 ' ,87 ,1 ,8, 2
326 ,295, 304, '201 233 222 261 231 209 238 291 200 200 250 197 ' ,'0 0 0 0 0 0 0 0 0 0 0 0 ' ,94 ,1 ,6, 1
329 ,313, 309, '196 296 255 236 251 273 188 242 207 198 214 281 ' ,'0 0 0 0 0 0 0 0 0 0 0 0 ' ,108 ,1 ,5, 2
272 ,321, 254, '182 240 199 170 216 221 194 222 207 197 229 222 ' ,'0 0 0 0 0 0 0 0 0 0 0 0 ' ,74 ,1 ,3, 1
273 ,272, 255, '193 170 237 201 213 187 222 219 204 226 194 212 ' ,'0 0 0 0 0 0 0 0 0 0 0 0 ' ,72 ,2 ,8, 1
315 ,262, 299, '214 266 207 231 275 235 203 222 223 278 240 272 ' ,'0 0 0 0 0 0 0 0 0 0 0 0 ' ,81 ,1 ,4, 2
277 ,308, 258, '187 205 225 225 240 219 188 220 197 181 205 246 ' ,'0 0 0 0 0 0 0 0 0 0 0 0 ' ,68 ,1 ,3, 1
247 ,309, 230, '181 216 155 200 162 174 179 162 179 149 159 172 ' ,'0 0 0 0 0 0 0 0 0 0 0 0 ' ,66 ,1 ,5, 2
237 ,238, 221, '206 202 207 205 186 202 194 198 199 184 202 205 ' ,'0 0 0 0 0 0 0 0 0 0 0 0 ' ,24 ,1 ,4, 2
416 ,227, 398, '225 340 271 307 249 259 258 322 236 243 234 376 ' ,'0 0 0 0 0 0 0 0 0 0 0 0 ' ,155 ,1 ,11, 2
314 ,436, 286, '206 231 222 254 255 222 273 243 242 269 256 255 ' ,'0 0 0 0 0 0 0 0 0 0 0 0 ' ,71 ,1 ,3, 1
300 ,326, 281, '227 207 220 266 230 247 263 260 201 245 204 245 ' ,'0 0 0 0 0 0 0 0 0 0 0 0 ' ,64 ,1 ,10, 2
334 ,290, 315, '254 212 236 255 298 238 226 229 235 221 204 266 ' ,'0 0 0 0 0 0 0 0 0 0 0 0 ' ,98 ,1 ,6, 2
324 ,325, 307, '269 244 283 256 269 233 262 246 225 248 255 289 ' ,'0 0 0 0 0 0 0 0 0 0 0 0 ' ,70 ,1 ,5, 2
274 ,314, 257, '234 223 214 203 225 197 237 182 240 238 229 233 ' ,'0 0 0 0 0 0 0 0 0 0 0 0 ' ,61 ,1 ,7, 2
271 ,265, 254, '188 211 219 214 231 177 181 183 242 205 189 210 ' ,'0 0 0 0 0 0 0 0 0 0 0 0 ' ,65 ,1 ,5, 2
247 ,264, 231, '170 203 209 193 200 186 179 191 214 207 188 178 ' ,'0 0 0 0 0 0 0 0 0 0 0 0 ' ,47 ,1 ,9, 2
262 ,238, 247, '193 209 215 216 209 179 233 203 230 208 189 198 ' ,'0 0 0 0 0 0 0 0 0 0 0 0 ' ,57 ,1 ,5, 1
251 ,255, 229, '181 204 187 209 183 172 208 193 211 216 214 203 ' ,'0 0 0 0 0 0 0 0 0 0 0 0 ' ,47 ,1 ,6, 2
304 ,244, 284, '218 220 269 264 252 230 251 226 260 277 235 205 ' ,'0 0 0 0 0 0 0 0 0 0 0 0 ' ,72 ,1 ,5, 2
341 ,296, 324, '254 306 218 276 279 219 234 242 270 311 273 219 ' ,'0 0 0 0 0 0 0 0 0 0 0 0 ' ,97 ,1 ,5, 1
618 ,333, 603, '257 332 234 239 233 587 214 231 276 241 232 254 ' ,'0 0 0 0 0 0 0 0 0 0 0 0 ' ,374 ,1 ,9, 2
254 ,609, 237, '199 217 169 208 184 184 211 214 167 201 224 182 ' ,'0 0 0 0 0 0 0 0 0 0 0 0 ' ,57 ,1 ,7, 2
620 ,244, 602, '275 256 238 246 305 589 286 295 212 243 276 216 ' ,'0 0 0 0 0 0 0 0 0 0 0 0 ' ,379 ,1 ,5, 1
356 ,655, 341, '244 271 272 329 266 272 272 278 305 253 183 286 ' ,'0 0 0 0 0 0 0 0 0 0 0 0 ' ,144 ,1 ,7, 2
411 ,382, 387, '208 240 231 253 369 192 240 228 371 237 220 214 ' ,'0 0 0 0 0 0 0 0 0 0 0 0 ' ,183 ,1 ,7, 1
294 ,398, 277, '201 193 224 196 188 227 209 215 206 203 264 177 ' ,'0 0 0 0 0 0 0 0 0 0 0 0 ' ,87 ,1 ,6, 2
334 ,286, 318, '293 248 223 304 250 273 252 248 227 249 280 246 ' ,'0 0 0 0 0 0 0 0 0 0 0 0 ' ,83 ,0 ,8, 1
334 ,325, 319, '307 241 246 291 240 261 257 219 214 257 244 222 ' ,'0 0 0 0 0 0 0 0 0 0 0 0 ' ,94 ,1 ,5, 1
332 ,358, 285, '267 257 231 292 233 249 239 237 255 238 257 219 ' ,'0 0 0 0 0 0 0 0 0 0 0 0 ' ,73 ,1 ,9, 2
273 ,321, 258, '244 197 193 182 228 209 232 206 217 222 221 213 ' ,'0 0 0 0 0 0 0 0 0 0 0 0 ' ,62 ,0 ,7, 2
247 ,271, 232, '213 200 208 215 217 208 201 190 213 208 173 217 ' ,'0 0 0 0 0 0 0 0 0 0 0 0 ' ,46 ,1 ,7, 2
300 ,265, 283, '266 195 237 226 237 215 250 210 211 261 235 232 ' ,'0 0 0 0 0 0 0 0 0 0 0 0 ' ,74 ,2 ,8, 2
297 ,290, 281, '260 198 202 233 213 218 234 243 197 227 235 224 ' ,'0 0 0 0 0 0 0 0 0 0 0 0 ' ,66 ,1 ,12, 2
324 ,288, 303, '224 282 246 233 248 203 243 195 275 236 208 247 ' ,'0 0 0 0 0 0 0 0 0 0 0 0 ' ,89 ,1 ,13, 1
309 ,336, 290, '233 228 210 259 247 212 230 230 277 266 258 216 ' ,'0 0 0 0 0 0 0 0 0 0 0 0 ' ,68 ,0 ,7, 3
293 ,304, 275, '262 247 257 224 200 225 222 233 227 254 242 234 ' ,'0 0 0 0 0 0 0 0 0 0 0 0 ' ,65 ,0 ,4, 1
336 ,283, 315, '302 275 257 239 278 301 230 242 249 243 290 245 ' ,'0 0 0 0 0 0 0 0 0 0 0 0 ' ,74 ,1 ,7, 3
435 ,330, 419, '271 353 276 279 277 225 334 254 361 286 265 269 ' ,'0 0 0 0 0 0 0 0 0 0 0 0 ' ,144 ,0 ,44, 2
296 ,440, 277, '264 230 239 207 225 222 213 217 230 253 258 222 ' ,'0 0 0 0 0 0 0 0 0 0 0 0 ' ,58 ,1 ,6, 1
302 ,320, 282, '212 240 216 248 254 236 241 239 244 239 263 223 ' ,'0 0 0 0 0 0 0 0 0 0 0 0 ' ,55 ,1 ,11, 2
329 ,312, 311, '296 295 247 203 200 285 233 264 203 251 220 221 ' ,'0 0 0 0 0 0 0 0 0 0 0 0 ' ,97 ,1 ,9, 1
420 ,320, 402, '330 278 255 247 280 229 215 265 242 257 387 292 ' ,'0 0 0 0 0 0 0 0 0 0 0 0 ' ,173 ,1 ,6, 1
333 ,412, 316, '291 241 229 221 282 243 301 218 281 214 260 288 ' ,'0 0 0 0 0 0 0 0 0 0 0 0 ' ,88 ,1 ,5, 1
323 ,326, 306, '246 268 280 287 252 243 269 291 223 248 281 220 ' ,'0 0 0 0 0 0 0 0 0 0 0 0 ' ,71 ,1 ,8, 1
302 ,313, 282, '215 215 217 223 244 257 269 200 251 253 224 188 ' ,'0 0 0 0 0 0 0 0 0 0 0 0 ' ,80 ,0 ,5, 1
341 ,300, 323, '250 242 290 255 213 216 292 232 261 248 259 306 ' ,'0 0 0 0 0 0 0 0 0 0 0 0 ' ,95 ,1 ,9, 1
364 ,334, 347, '259 244 293 285 299 253 284 277 243 214 255 330 ' ,'0 0 0 0 0 0 0 0 0 0 0 0 ' ,119 ,0 ,7, 1
295 ,383, 279, '241 206 192 227 215 216 244 257 216 201 215 220 ' ,'0 0 0 0 0 0 0 0 0 0 0 0 ' ,65 ,1 ,15, 1
336 ,316, 321, '309 290 254 266 241 235 267 251 256 241 285 271 ' ,'0 0 0 0 0 0 0 0 0 0 0 0 ' ,76 ,0 ,5, 2
297 ,332, 275, '223 236 250 265 241 225 251 241 242 247 222 254 ' ,'0 0 0 0 0 0 0 0 0 0 0 0 ' ,43 ,0 ,5, 2
344 ,312, 329, '267 249 248 252 317 211 249 236 275 265 299 278 ' ,'0 0 0 0 0 0 0 0 0 0 0 0 ' ,109 ,1 ,4, 1
301 ,344, 285, '265 235 226 203 271 230 231 227 196 233 263 243 ' ,'0 0 0 0 0 0 0 0 0 0 0 0 ' ,76 ,1 ,5, 2
320 ,315, 305, '234 234 282 238 213 242 203 214 265 223 245 200 ' ,'0 0 0 0 0 0 0 0 0 0 0 0 ' ,87 ,1 ,11, 1
357 ,333, 341, '236 250 309 239 211 192 275 300 325 234 217 218 ' ,'0 0 0 0 0 0 0 0 0 0 0 0 ' ,135 ,0 ,11, 2
355 ,348, 338, '319 280 234 274 246 289 251 206 308 241 238 238 ' ,'0 0 0 0 0 0 0 0 0 0 0 0 ' ,115 ,1 ,11, 1
381 ,348, 362, '229 211 218 243 350 235 195 225 298 254 261 228 ' ,'0 0 0 0 0 0 0 0 0 0 0 0 ' ,157 ,1 ,5, 1
305 ,379, 283, '242 214 230 192 207 251 232 176 219 200 274 225 ' ,'0 0 0 0 0 0 0 0 0 0 0 0 ' ,100 ,1 ,4, 1
317 ,301, 300, '213 184 206 174 231 209 210 231 256 172 192 158 ' ,'0 0 0 0 0 0 0 0 0 0 0 0 ' ,96 ,0 ,38, 1
275 ,309, 253, '184 180 220 186 201 191 192 207 239 221 206 208 ' ,'0 0 0 0 0 0 0 0 0 0 0 0 ' ,61 ,0 ,5, 1
246 ,271, 228, '206 190 179 201 217 188 185 175 218 207 199 189 ' ,'0 0 0 0 0 0 0 0 0 0 0 0 ' ,44 ,0 ,5, 1
293 ,239, 272, '212 227 200 238 222 193 200 217 222 257 219 204 ' ,'0 0 0 0 0 0 0 0 0 0 0 0 ' ,69 ,1 ,6, 2
346 ,289, 326, '264 222 236 245 218 260 200 224 241 235 309 252 ' ,'0 0 0 0 0 0 0 0 0 0 0 0 ' ,111 ,1 ,10, 2
292 ,335, 272, '258 218 241 248 243 208 244 222 261 248 225 236 ' ,'0 0 0 0 0 0 0 0 0 0 0 0 ' ,56 ,1 ,8, 2
325 ,309, 309, '266 240 236 266 263 267 256 226 237 244 295 235 ' ,'0 0 0 0 0 0 0 0 0 0 0 0 ' ,71 ,1 ,4, 2
334 ,321, 315, '268 230 248 228 302 272 298 276 256 297 269 230 ' ,'0 0 0 0 0 0 0 0 0 0 0 0 ' ,75 ,1 ,7, 2
307 ,346, 289, '243 221 215 220 213 245 244 225 276 226 247 227 ' ,'0 0 0 0 0 0 0 0 0 0 0 0 ' ,65 ,1 ,6, 1
358 ,312, 340, '306 226 321 327 219 258 285 242 285 242 259 263 ' ,'0 0 0 0 0 0 0 0 0 0 0 0 ' ,110 ,1 ,4, 1
386 ,476, 368, '197 228 219 199 224 198 225 216 253 204 355 197 ' ,'0 0 0 0 0 0 0 0 0 0 0 0 ' ,159 ,1 ,6, 2
249 ,380, 233, '197 180 194 196 195 195 199 209 178 215 222 175 ' ,'0 0 0 0 0 0 0 0 0 0 0 0 ' ,48 ,1 ,3, 2
266 ,247, 248, '217 187 147 194 184 183 200 203 189 234 175 187 ' ,'0 0 0 0 0 0 0 0 0 0 0 0 ' ,89 ,1 ,8, 2
247 ,258, 231, '189 198 192 218 188 184 198 163 198 191 177 161 ' ,'0 0 0 0 0 0 0 0 0 0 0 0 ' ,52 ,0 ,6, 1
265 ,239, 246, '230 234 178 192 200 224 190 190 209 216 209 194 ' ,'0 0 0 0 0 0 0 0 0 0 0 0 ' ,58 ,0 ,5, 2
294 ,261, 279, '192 216 210 187 226 223 255 210 207 213 200 190 ' ,'0 0 0 0 0 0 0 0 0 0 0 0 ' ,72 ,1 ,14, 2
262 ,283, 247, '194 188 211 206 180 204 214 190 195 232 182 203 ' ,'0 0 0 0 0 0 0 0 0 0 0 0 ' ,55 ,0 ,7, 1
261 ,260, 241, '192 177 176 178 210 216 216 206 198 225 189 173 ' ,'0 0 0 0 0 0 0 0 0 0 0 0 ' ,54 ,1 ,9, 2
265 ,254, 242, '215 220 217 183 202 195 230 194 209 217 221 210 ' ,'0 0 0 0 0 0 0 0 0 0 0 0 ' ,46 ,1 ,7, 2
383 ,258, 365, '350 248 270 230 243 255 246 299 239 225 322 276 ' ,'0 0 0 0 0 0 0 0 0 0 0 0 ' ,126 ,0 ,8, 3
368 ,377, 347, '247 243 234 215 275 248 206 265 293 234 291 217 ' ,'0 0 0 0 0 0 0 0 0 0 0 0 ' ,90 ,0 ,46, 0
289 ,357, 273, '233 248 219 223 225 258 230 229 229 218 242 237 ' ,'0 0 0 0 0 0 0 0 0 0 0 0 ' ,41 ,1 ,7, 1
323 ,289, 304, '206 204 266 263 289 231 219 230 243 261 232 267 ' ,'0 0 0 0 0 0 0 0 0 0 0 0 ' ,84 ,1 ,8, 1
340 ,319, 324, '248 284 262 266 239 254 297 240 304 266 260 266 ' ,'0 0 0 0 0 0 0 0 0 0 0 0 ' ,68 ,1 ,12, 2
356 ,333, 342, '296 250 257 265 216 266 314 233 287 291 306 324 ' ,'0 0 0 0 0 0 0 0 0 0 0 0 ' ,112 ,0 ,5, 2
314 ,351, 292, '260 218 208 215 258 232 240 240 259 227 238 272 ' ,'0 0 0 0 0 0 0 0 0 0 0 0 ' ,68 ,0 ,12, 2
287 ,308, 267, '229 238 206 215 228 215 214 228 239 241 256 247 ' ,'0 0 0 0 0 0 0 0 0 0 0 0 ' ,51 ,1 ,8, 2
329 ,285, 304, '203 227 214 270 250 245 269 221 207 290 187 223 ' ,'0 0 0 0 0 0 0 0 0 0 0 0 ' ,101 ,0 ,6, 1
377 ,320, 355, '301 255 257 270 261 194 287 247 304 340 232 297 ' ,'0 0 0 0 0 0 0 0 0 0 0 0 ' ,150 ,1 ,5, 1
310 ,372, 293, '214 233 214 263 204 224 272 229 194 188 258 199 ' ,'0 0 0 0 0 0 0 0 0 0 0 0 ' ,86 ,0 ,10, 2
299 ,302, 282, '212 266 201 207 195 251 230 190 183 189 209 217 ' ,'0 0 0 0 0 0 0 0 0 0 0 0 ' ,85 ,1 ,8, 2
251 ,296, 235, '191 190 190 198 187 133 196 202 189 219 148 185 ' ,'0 0 0 0 0 0 0 0 0 0 0 0 ' ,89 ,0 ,6, 2
272 ,246, 257, '158 200 188 161 203 174 203 196 188 238 183 200 ' ,'0 0 0 0 0 0 0 0 0 0 0 0 ' ,85 ,0 ,6, 2
246 ,265, 229, '191 178 202 198 189 173 187 202 213 189 196 166 ' ,'0 0 0 0 0 0 0 0 0 0 0 0 ' ,48 ,0 ,8, 2
295 ,241, 280, '264 237 215 194 167 254 188 215 199 182 221 188 ' ,'0 0 0 0 0 0 0 0 0 0 0 0 ' ,99 ,1 ,5, 2
316 ,292, 300, '242 257 213 253 248 222 284 281 225 228 197 236 ' ,'0 0 0 0 0 0 0 0 0 0 0 0 ' ,90 ,1 ,7, 1
272 ,323, 258, '199 242 195 209 243 224 223 201 232 225 218 219 ' ,'0 0 0 0 0 0 0 0 0 0 0 0 ' ,49 ,1 ,8, 2
256 ,268, 239, '208 209 206 204 213 186 172 199 215 225 166 207 ' ,'0 0 0 0 0 0 0 0 0 0 0 0 ' ,63 ,1 ,8, 2
277 ,257, 257, '240 206 213 191 193 212 235 204 182 194 217 194 ' ,'0 0 0 0 0 0 0 0 0 0 0 0 ' ,62 ,1 ,7, 2
301 ,271, 280, '254 201 223 227 210 252 176 239 214 254 229 216 ' ,'0 0 0 0 0 0 0 0 0 0 0 0 ' ,82 ,0 ,16, 1
302 ,287, 286, '206 270 250 242 219 227 244 216 249 253 236 255 ' ,'0 0 0 0 0 0 0 0 0 0 0 0 ' ,62 ,1 ,6, 1
466 ,299, 450, '291 255 336 284 267 288 277 435 269 288 256 282 ' ,'0 0 0 0 0 0 0 0 0 0 0 0 ' ,182 ,0 ,6, 1
880 ,489, 858, '283 207 287 274 318 253 282 276 210 838 265 308 ' ,'0 0 0 0 0 0 0 0 0 0 0 0 ' ,639 ,1 ,7, 1
416 ,872, 398, '380 350 264 318 273 260 314 325 363 308 297 274 ' ,'0 0 0 0 0 0 0 0 0 0 0 0 ' ,124 ,1 ,10, 2
304 ,443, 289, '261 231 226 217 225 247 261 245 243 265 220 205 ' ,'0 0 0 0 0 0 0 0 0 0 0 0 ' ,61 ,0 ,14, 3
302 ,301, 283, '203 216 235 234 210 227 239 231 227 265 206 205 ' ,'0 0 0 0 0 0 0 0 0 0 0 0 ' ,63 ,0 ,11, 1
285 ,299, 269, '217 191 225 216 194 224 212 197 256 200 236 224 ' ,'0 0 0 0 0 0 0 0 0 0 0 0 ' ,65 ,0 ,8, 2
279 ,280, 264, '239 225 226 192 228 199 208 197 228 187 198 246 ' ,'0 0 0 0 0 0 0 0 0 0 0 0 ' ,63 ,0 ,6, 2
264 ,276, 248, '191 187 223 175 182 233 184 201 219 219 172 212 ' ,'0 0 0 0 0 0 0 0 0 0 0 0 ' ,62 ,1 ,8, 2
286 ,261, 266, '213 212 213 255 170 228 233 220 174 212 210 200 ' ,'0 0 0 0 0 0 0 0 0 0 0 0 ' ,84 ,1 ,4, 1
255 ,292, 236, '184 200 192 200 192 164 186 164 212 176 184 193 ' ,'0 0 0 0 0 0 0 0 0 0 0 0 ' ,59 ,1 ,11, 1
335 ,246, 318, '250 296 291 303 245 248 225 245 216 256 244 225 ' ,'0 0 0 0 0 0 0 0 0 0 0 0 ' ,90 ,0 ,8, 1
377 ,332, 362, '260 204 242 319 283 268 222 244 223 311 219 260 ' ,'0 0 0 0 0 0 0 0 0 0 0 0 ' ,114 ,0 ,36, 2
274 ,367, 256, '209 222 231 219 227 222 242 224 217 222 206 201 ' ,'0 0 0 0 0 0 0 0 0 0 0 0 ' ,42 ,1 ,7, 1
382 ,272, 366, '344 306 254 292 224 287 346 255 332 280 338 233 ' ,'0 0 0 0 0 0 0 0 0 0 0 0 ' ,124 ,1 ,10, 2
940 ,379, 924, '276 267 307 382 909 322 271 275 248 264 254 304 ' ,'0 0 0 0 0 0 0 0 0 0 0 0 ' ,662 ,0 ,6, 1
367 ,937, 353, '250 265 271 301 257 297 307 244 339 277 275 302 ' ,'0 0 0 0 0 0 0 0 0 0 0 0 ' ,96 ,1 ,7, 2
417 ,391, 399, '379 301 302 366 317 287 290 304 343 316 328 270 ' ,'0 0 0 0 0 0 0 0 0 0 0 0 ' ,110 ,1 ,13, 3
363 ,413, 343, '322 275 297 284 325 246 307 244 255 291 323 292 ' ,'0 0 0 0 0 0 0 0 0 0 0 0 ' ,83 ,1 ,9, 1
314 ,357, 299, '285 270 252 259 258 263 251 257 239 232 264 272 ' ,'0 0 0 0 0 0 0 0 0 0 0 0 ' ,52 ,1 ,5, 1
309 ,311, 294, '244 265 232 280 233 218 261 205 217 237 195 205 ' ,'0 0 0 0 0 0 0 0 0 0 0 0 ' ,85 ,1 ,7, 3
274 ,305, 257, '191 182 234 239 201 197 213 217 194 242 205 222 ' ,'0 0 0 0 0 0 0 0 0 0 0 0 ' ,62 ,1 ,6, 1
252 ,272, 238, '208 196 201 176 218 189 213 208 177 220 209 179 ' ,'0 0 0 0 0 0 0 0 0 0 0 0 ' ,46 ,1 ,10, 2
540 ,250, 525, '188 217 228 200 204 506 225 206 235 218 194 177 ' ,'0 0 0 0 0 0 0 0 0 0 0 0 ' ,329 ,1 ,10, 2
297 ,539, 279, '252 220 222 187 238 224 228 214 198 192 243 204 ' ,'0 0 0 0 0 0 0 0 0 0 0 0 ' ,65 ,1 ,16, 1
395 ,290, 375, '192 248 292 361 289 262 353 236 212 301 255 205 ' ,'0 0 0 0 0 0 0 0 0 0 0 0 ' ,177 ,1 ,8, 1
319 ,396, 305, '229 251 269 279 280 255 248 236 227 260 237 268 ' ,'0 0 0 0 0 0 0 0 0 0 0 0 ' ,52 ,1 ,17, 2
349 ,310, 332, '234 236 280 291 316 290 243 282 282 295 238 268 ' ,'0 0 0 0 0 0 0 0 0 0 0 0 ' ,85 ,1 ,7, 2
400 ,345, 384, '304 365 260 322 244 269 312 233 262 284 266 330 ' ,'0 0 0 0 0 0 0 0 0 0 0 0 ' ,136 ,1 ,10, 2
370 ,398, 357, '284 264 294 277 242 334 309 290 243 257 264 240 ' ,'0 0 0 0 0 0 0 0 0 0 0 0 ' ,97 ,2 ,14, 1
369 ,364, 348, '336 239 294 286 261 326 289 240 307 235 228 296 ' ,'0 0 0 0 0 0 0 0 0 0 0 0 ' ,110 ,1 ,9, 1
423 ,363, 408, '313 211 289 290 315 232 302 259 309 313 296 392 ' ,'0 0 0 0 0 0 0 0 0 0 0 99 ' ,182 ,1 ,8, 1
421 ,421, 397, '357 301 324 328 323 255 315 310 343 326 353 374 ' ,'0 0 0 0 0 0 0 0 0 0 0 0 ' ,129 ,1 ,13, 3
379 ,414, 362, '309 317 329 329 327 254 339 306 288 280 264 298 ' ,'0 0 0 0 0 0 113 0 0 0 0 0 ' ,89 ,1 ,12, 1
345 ,493, 330, '265 210 240 261 282 259 233 239 260 253 290 210 ' ,'0 0 0 0 0 0 0 0 0 0 0 0 ' ,84 ,1 ,28, 1
270 ,350, 253, '194 235 223 223 180 217 217 209 219 206 208 235 ' ,'0 0 0 0 0 0 0 0 0 0 0 0 ' ,61 ,0 ,7, 2
283 ,270, 267, '233 223 241 234 231 212 222 252 207 218 191 233 ' ,'0 0 0 0 0 0 0 0 0 0 0 0 ' ,64 ,1 ,5, 1
356 ,282, 341, '224 298 255 262 293 214 233 259 200 323 204 267 ' ,'0 0 0 0 0 0 0 0 0 0 0 0 ' ,126 ,1 ,9, 1
286 ,354, 268, '239 237 254 217 243 207 222 244 187 218 228 227 ' ,'0 0 0 0 0 0 0 0 0 0 0 0 ' ,69 ,0 ,6, 1
296 ,282, 281, '236 212 226 229 211 245 254 198 211 206 257 233 ' ,'0 0 0 0 0 0 0 0 0 0 0 0 ' ,62 ,1 ,15, 2
305 ,296, 289, '229 215 182 197 189 186 231 227 205 197 195 273 ' ,'0 0 0 0 0 0 0 0 0 0 0 0 ' ,94 ,1 ,7, 1
349 ,303, 334, '289 269 305 310 289 222 243 252 318 281 206 297 ' ,'0 0 0 0 0 0 0 0 0 0 0 0 ' ,112 ,1 ,7, 2
856 ,359, 841, '253 283 278 381 804 273 320 341 216 276 305 253 ' ,'0 0 0 0 0 0 0 0 0 0 0 0 ' ,592 ,1 ,26, 2
328 ,967, 312, '215 290 274 298 274 272 260 257 227 253 272 243 ' ,'0 0 0 0 0 0 0 0 0 0 0 0 ' ,83 ,1 ,7, 1
333 ,334, 319, '285 295 213 255 274 234 272 262 293 239 274 267 ' ,'0 0 0 0 0 0 0 0 0 0 0 0 ' ,87 ,1 ,9, 2
330 ,453, 316, '227 267 246 277 298 201 256 236 254 296 258 289 ' ,'0 0 0 0 0 0 0 0 0 0 0 0 ' ,99 ,1 ,10, 2
347 ,327, 330, '311 306 301 288 292 286 308 292 293 234 273 299 ' ,'0 0 0 0 0 0 0 0 0 0 0 0 ' ,79 ,0 ,9, 2
529 ,342, 509, '265 218 258 287 395 308 484 245 317 297 302 318 ' ,'0 0 0 0 0 0 0 0 0 0 0 0 ' ,275 ,1 ,9, 2
329 ,551, 314, '242 211 278 244 250 245 263 235 295 229 234 271 ' ,'0 0 0 0 0 0 0 0 0 0 0 0 ' ,85 ,0 ,12, 2
317 ,324, 300, '232 213 240 214 255 242 256 232 230 258 267 255 ' ,'0 0 0 0 0 0 0 0 0 0 0 0 ' ,57 ,0 ,25, 1
315 ,306, 298, '228 231 214 232 195 181 242 263 216 271 215 204 ' ,'0 0 0 0 0 0 0 0 0 0 0 0 ' ,95 ,1 ,15, 2
291 ,313, 271, '209 213 248 248 189 243 209 213 210 244 220 228 ' ,'0 0 0 0 0 0 0 0 0 0 0 0 ' ,62 ,1 ,14, 2
288 ,283, 274, '231 220 230 220 209 187 162 250 222 228 257 215 ' ,'0 0 0 0 0 0 0 0 0 0 0 0 ' ,96 ,0 ,9, 1
705 ,463, 688, '333 258 266 226 243 252 227 234 255 669 232 235 ' ,'0 0 0 0 0 0 0 0 0 0 0 0 ' ,445 ,1 ,10, 2
345 ,703, 329, '261 284 241 233 228 281 308 233 209 286 295 249 ' ,'0 0 0 0 0 0 0 0 0 0 0 0 ' ,103 ,1 ,9, 2
331 ,344, 316, '275 256 262 241 231 211 298 226 185 223 285 236 ' ,'0 0 0 0 0 0 0 0 0 0 0 0 ' ,117 ,1 ,7, 2
342 ,337, 326, '257 264 251 281 264 221 250 206 242 228 218 298 ' ,'0 0 0 0 0 0 0 0 0 0 0 0 ' ,100 ,1 ,13, 2
379 ,340, 362, '243 291 342 309 268 317 260 230 317 296 253 283 ' ,'0 0 0 0 0 0 0 0 0 0 0 0 ' ,114 ,1 ,11, 2
328 ,379, 314, '255 294 245 229 233 272 262 292 279 238 248 269 ' ,'0 0 0 0 0 0 0 0 0 0 0 0 ' ,69 ,1 ,10, 2
325 ,449, 308, '258 271 235 241 250 256 272 286 223 247 257 227 ' ,'0 0 0 0 0 0 0 0 0 0 0 0 ' ,56 ,1 ,13, 2
350 ,318, 333, '280 273 282 291 206 220 301 203 317 226 250 256 ' ,'0 0 0 0 0 0 0 0 0 0 0 0 ' ,114 ,1 ,10, 2
468 ,346, 454, '298 287 253 267 268 236 430 286 391 353 322 268 ' ,'0 0 0 0 0 0 0 0 0 0 0 0 ' ,201 ,0 ,10, 3
342 ,468, 324, '308 251 268 301 288 261 284 228 272 283 276 263 ' ,'0 0 0 0 0 0 0 0 0 0 0 0 ' ,81 ,1 ,8, 2
414 ,336, 399, '256 291 249 256 214 290 284 237 380 279 212 307 ' ,'0 0 0 0 0 0 0 0 0 0 0 0 ' ,166 ,1 ,11, 2
302 ,426, 286, '269 206 192 215 203 251 183 216 232 240 261 235 ' ,'0 0 0 0 0 0 0 0 0 0 0 0 ' ,87 ,1 ,8, 2
279 ,300, 264, '188 194 217 176 171 223 239 191 226 230 199 185 ' ,'0 0 0 0 0 0 0 0 0 0 0 0 ' ,70 ,1 ,15, 1
297 ,274, 281, '201 194 196 226 206 206 179 196 264 210 203 211 ' ,'0 0 0 0 0 0 0 0 0 0 0 0 ' ,87 ,1 ,8, 1
324 ,297, 309, '206 199 184 231 176 227 229 210 290 293 214 207 ' ,'0 0 0 0 0 0 0 0 0 0 0 0 ' ,119 ,1 ,7, 2
267 ,452, 251, '210 230 217 236 227 215 208 193 204 231 212 222 ' ,'0 0 0 0 0 0 0 0 0 0 0 0 ' ,46 ,0 ,6, 1
291 ,269, 274, '244 217 199 206 190 234 204 195 228 216 255 205 ' ,'0 0 0 0 0 0 0 0 0 0 0 0 ' ,65 ,1 ,9, 1
263 ,288, 247, '191 183 163 202 212 174 203 166 229 227 177 210 ' ,'0 0 0 0 0 0 0 0 0 0 0 0 ' ,68 ,1 ,8, 2
397 ,262, 381, '265 268 279 262 226 263 241 246 271 265 246 361 ' ,'0 0 0 0 0 0 0 0 0 0 0 0 ' ,139 ,1 ,9, 1
419 ,398, 404, '291 289 307 350 306 323 252 357 289 379 324 289 ' ,'0 0 0 0 0 0 0 0 0 0 0 0 ' ,129 ,1 ,16, 2
316 ,411, 299, '271 247 264 267 280 276 260 276 277 281 271 250 ' ,'0 0 0 0 0 0 0 0 0 0 0 0 ' ,37 ,1 ,7, 2
355 ,314, 340, '315 257 289 262 287 308 243 261 299 280 308 317 ' ,'0 0 0 0 0 0 0 0 0 0 0 0 ' ,81 ,0 ,11, 2
636 ,355, 618, '552 277 298 602 259 305 301 313 406 280 278 268 ' ,'0 0 0 0 0 0 0 0 0 0 0 0 ' ,344 ,2 ,8, 2
325 ,642, 309, '226 269 230 269 237 239 230 236 288 221 264 271 ' ,'0 0 0 0 0 0 0 0 0 0 0 0 ' ,65 ,1 ,14, 2
315 ,344, 297, '248 260 242 240 271 258 231 249 271 229 280 270 ' ,'0 0 0 0 0 0 0 0 0 0 0 0 ' ,52 ,0 ,9, 2
280 ,312, 262, '204 231 228 228 208 191 208 194 221 192 219 235 ' ,'0 0 0 0 0 0 0 0 0 0 0 0 ' ,51 ,0 ,12, 1
286 ,273, 272, '240 217 174 179 214 231 207 178 212 204 246 192 ' ,'0 0 0 0 0 0 0 0 0 0 0 0 ' ,75 ,1 ,16, 2
277 ,393, 262, '234 225 218 209 232 188 223 245 215 222 186 224 ' ,'0 0 0 0 0 0 0 0 0 0 0 0 ' ,60 ,1 ,8, 1
284 ,274, 270, '187 185 206 220 197 213 202 220 226 235 199 224 ' ,'0 0 0 0 0 0 0 0 0 0 0 0 ' ,56 ,1 ,23, 1
259 ,281, 242, '180 176 187 199 184 174 191 195 225 197 170 214 ' ,'0 0 0 0 0 0 0 0 0 0 0 0 ' ,56 ,1 ,10, 2
269 ,256, 253, '224 217 220 190 229 170 217 217 221 224 228 231 ' ,'0 0 0 0 0 0 0 0 0 0 0 0 ' ,65 ,1 ,10, 2
350 ,267, 335, '257 217 252 290 209 270 228 236 251 313 271 253 ' ,'0 0 0 0 0 0 0 0 0 0 0 0 ' ,107 ,1 ,11, 2
349 ,348, 331, '309 239 208 255 215 233 220 234 251 288 238 206 ' ,'0 0 0 0 0 0 0 0 0 0 0 0 ' ,104 ,1 ,12, 2
397 ,352, 378, '260 317 269 219 333 359 289 302 256 304 267 333 ' ,'0 0 0 0 0 0 0 0 0 0 0 0 ' ,143 ,1 ,12, 2
389 ,392, 372, '270 317 292 319 265 283 275 261 282 313 252 354 ' ,'0 0 0 0 0 0 0 0 0 0 0 0 ' ,105 ,0 ,9, 2
392 ,387, 374, '273 279 307 331 289 311 264 352 282 250 303 277 ' ,'0 0 0 0 0 0 0 0 0 0 0 0 ' ,106 ,1 ,11, 2
437 ,390, 421, '292 303 230 362 328 340 346 331 320 307 341 375 ' ,'0 0 0 0 0 0 0 0 0 0 0 0 ' ,153 ,1 ,30, 2
418 ,426, 402, '275 276 267 307 374 275 251 307 283 279 256 332 ' ,'0 0 0 0 0 0 0 0 0 0 0 0 ' ,126 ,1 ,17, 2
315 ,430, 300, '242 238 232 234 211 234 270 215 222 224 210 244 ' ,'0 0 0 0 0 0 0 0 0 0 0 0 ' ,62 ,1 ,20, 2
349 ,314, 331, '310 300 243 255 266 186 256 216 242 260 272 223 ' ,'0 0 0 0 0 0 0 0 0 0 0 0 ' ,127 ,1 ,12, 1
301 ,352, 282, '226 257 228 224 216 211 222 214 235 200 203 226 ' ,'0 0 0 0 0 0 0 0 0 0 0 0 ' ,61 ,1 ,13, 1
432 ,294, 414, '229 221 207 252 196 257 253 215 207 227 250 204 ' ,'0 0 0 0 0 0 0 0 0 0 0 0 ' ,62 ,1 ,147, 1
278 ,420, 263, '212 220 222 245 229 223 225 174 202 198 209 197 ' ,'0 0 0 0 0 0 0 0 0 0 0 0 ' ,72 ,1 ,11, 2
269 ,275, 253, '181 229 221 186 193 211 197 198 187 211 185 192 ' ,'0 0 0 0 0 0 0 0 0 0 0 0 ' ,50 ,1 ,14, 1
315 ,266, 299, '244 253 207 212 257 255 227 251 222 276 212 251 ' ,'0 0 0 0 0 0 0 0 0 0 0 0 ' ,72 ,1 ,13, 2
813 ,311, 798, '371 276 306 315 232 346 294 249 291 762 312 233 ' ,'0 0 0 0 0 0 0 0 0 0 0 0 ' ,537 ,1 ,21, 2
446 ,810, 428, '333 293 263 304 273 322 326 362 329 403 371 319 ' ,'0 0 0 0 0 0 0 0 0 0 0 0 ' ,143 ,1 ,14, 2
349 ,441, 332, '292 236 308 285 248 254 225 258 272 261 290 235 ' ,'0 0 0 0 0 0 0 0 0 0 0 0 ' ,83 ,1 ,14, 3
373 ,343, 357, '241 319 333 294 313 276 230 258 243 267 281 273 ' ,'0 0 0 0 0 0 0 0 0 0 0 0 ' ,106 ,0 ,14, 2
402 ,366, 387, '342 303 324 302 365 296 321 289 332 321 321 328 ' ,'0 0 0 0 0 0 0 0 0 0 0 0 ' ,78 ,1 ,11, 2
931 ,415, 916, '307 283 274 262 271 886 290 242 275 252 235 320 ' ,'0 0 0 0 0 0 0 0 0 0 0 0 ' ,655 ,1 ,20, 2
398 ,922, 383, '308 324 353 317 278 347 263 360 286 274 251 289 ' ,'0 0 0 0 0 0 0 0 0 0 0 0 ' ,111 ,1 ,13, 2
390 ,395, 374, '346 274 297 242 209 274 237 280 274 340 264 247 ' ,'0 0 0 0 0 0 0 0 0 0 0 0 ' ,140 ,1 ,18, 2
328 ,382, 314, '282 272 230 274 276 285 245 269 251 268 222 248 ' ,'0 0 0 0 0 0 0 0 0 0 0 0 ' ,65 ,0 ,20, 2
352 ,321, 334, '272 262 257 272 307 216 262 303 254 272 269 267 ' ,'0 0 0 0 0 0 0 0 0 0 0 0 ' ,93 ,1 ,17, 2
372 ,346, 330, '242 256 263 229 305 289 248 283 265 266 233 276 ' ,'0 0 0 0 0 0 0 0 0 0 0 0 ' ,81 ,2 ,14, 2
297 ,343, 282, '240 247 228 207 239 241 258 234 210 208 252 194 ' ,'0 0 0 0 0 0 0 0 0 0 0 0 ' ,65 ,1 ,12, 1
289 ,295, 275, '243 195 170 188 199 199 185 186 170 180 207 191 ' ,'0 0 0 0 0 0 0 0 0 0 0 0 ' ,78 ,1 ,21, 1
292 ,280, 277, '223 244 204 248 232 219 217 255 186 220 202 225 ' ,'0 0 0 0 0 0 0 0 0 0 0 0 ' ,72 ,0 ,12, 1
307 ,288, 291, '228 227 221 261 210 229 228 204 221 238 214 197 ' ,'0 0 0 0 0 0 0 0 0 0 0 0 ' ,64 ,1 ,23, 1
297 ,302, 281, '251 233 220 248 216 208 220 195 190 186 192 203 ' ,'0 0 0 0 0 0 0 0 0 0 0 0 ' ,69 ,1 ,18, 2
343 ,290, 322, '282 284 243 268 252 213 224 227 244 267 271 209 ' ,'0 0 0 0 0 0 0 0 0 0 0 0 ' ,77 ,1 ,30, 1
416 ,334, 400, '309 275 258 311 259 285 239 288 348 324 371 235 ' ,'0 0 0 0 0 0 0 0 0 0 0 0 ' ,140 ,1 ,18, 2
344 ,412, 330, '231 228 241 280 249 259 280 300 262 258 240 256 ' ,'0 0 0 0 0 0 0 0 0 0 0 0 ' ,76 ,1 ,20, 2
462 ,342, 445, '271 264 292 396 350 249 251 419 286 304 283 365 ' ,'0 0 0 0 0 0 0 0 0 0 0 0 ' ,173 ,1 ,16, 2
501 ,459, 478, '450 292 291 298 285 289 269 280 256 351 319 258 ' ,'0 0 0 0 0 0 0 0 0 0 0 0 ' ,200 ,1 ,17, 2
371 ,505, 354, '309 267 300 285 268 290 233 305 254 303 296 322 ' ,'0 0 0 0 0 0 0 0 0 0 0 0 ' ,93 ,2 ,22, 1
386 ,379, 367, '213 264 265 240 232 222 320 287 269 295 304 271 ' ,'0 0 0 0 0 0 0 0 0 0 0 0 ' ,113 ,1 ,35, 1
291 ,381, 271, '235 225 196 228 186 217 208 210 240 250 192 235 ' ,'0 0 0 0 0 0 0 0 0 0 0 0 ' ,65 ,0 ,12, 1
300 ,288, 284, '207 222 212 210 259 210 195 207 226 232 223 225 ' ,'0 0 0 0 0 0 0 0 0 0 0 0 ' ,63 ,1 ,14, 2
273 ,299, 256, '190 196 193 201 210 196 206 196 189 202 189 202 ' ,'0 0 0 0 0 0 0 0 0 0 0 0 ' ,35 ,1 ,25, 2
283 ,265, 268, '205 197 192 204 188 225 186 179 156 200 196 242 ' ,'0 0 0 0 0 0 0 0 0 0 0 0 ' ,92 ,0 ,14, 2
293 ,283, 275, '225 223 216 205 243 205 232 223 188 175 209 219 ' ,'0 0 0 0 0 0 0 0 0 0 0 0 ' ,72 ,1 ,21, 1
260 ,285, 244, '164 189 193 188 195 201 218 198 202 215 197 176 ' ,'0 0 0 0 0 0 0 0 0 0 0 0 ' ,56 ,1 ,15, 2
274 ,258, 254, '180 174 215 200 185 203 194 183 211 169 222 213 ' ,'0 0 0 0 0 0 0 0 0 0 0 0 ' ,57 ,1 ,20, 1
249 ,276, 229, '172 188 190 205 198 202 188 193 164 196 178 194 ' ,'0 0 0 0 0 0 0 0 0 0 0 0 ' ,45 ,2 ,11, 1
261 ,249, 244, '186 170 176 192 200 196 219 181 156 177 193 190 ' ,'0 0 0 0 0 0 0 0 0 0 0 0 ' ,66 ,1 ,13, 1
262 ,259, 244, '183 166 182 186 205 173 172 200 163 156 148 214 ' ,'0 0 0 0 0 0 0 0 0 0 0 0 ' ,69 ,1 ,17, 2
274 ,258, 257, '190 190 183 191 193 206 224 185 211 194 160 197 ' ,'0 0 0 0 0 0 0 0 0 0 0 0 ' ,69 ,1 ,21, 2
264 ,265, 248, '214 195 201 205 196 193 178 185 171 181 177 216 ' ,'0 0 0 0 0 0 0 0 0 0 0 0 ' ,51 ,1 ,19, 1
466 ,260, 446, '313 420 214 339 267 316 375 346 330 236 275 306 ' ,'0 0 0 0 0 0 0 0 0 0 0 0 ' ,211 ,1 ,14, 2
466 ,471, 451, '400 278 288 329 276 343 300 325 278 425 343 325 ' ,'0 0 0 0 0 0 0 0 0 0 0 0 ' ,152 ,2 ,15, 2
451 ,480, 436, '405 403 415 268 360 334 314 407 273 379 368 288 ' ,'0 0 0 0 0 0 0 0 0 0 0 0 ' ,150 ,1 ,12, 2
442 ,453, 427, '238 397 318 317 321 298 297 231 268 318 269 331 ' ,'0 0 0 0 0 0 0 0 0 0 0 0 ' ,168 ,1 ,18, 3
389 ,447, 374, '285 240 282 297 301 263 309 273 345 270 244 283 ' ,'0 0 0 0 0 0 0 0 0 0 0 0 ' ,107 ,1 ,17, 1
818 ,425, 796, '232 277 300 272 249 262 248 247 203 262 750 283 ' ,'0 0 0 0 0 0 0 0 0 0 0 0 ' ,553 ,2 ,33, 2
309 ,808, 294, '263 271 245 206 256 253 234 200 259 237 237 214 ' ,'0 0 0 0 0 0 0 0 0 0 0 0 ' ,74 ,1 ,12, 1
306 ,310, 289, '189 229 210 241 267 202 202 167 222 190 206 242 ' ,'0 0 0 0 0 0 0 0 0 0 0 0 ' ,104 ,2 ,11, 1
268 ,307, 249, '185 205 210 184 222 184 198 197 196 207 213 185 ' ,'0 0 0 0 0 0 0 0 0 0 0 0 ' ,43 ,1 ,12, 0
331 ,267, 315, '222 200 270 216 211 174 190 204 181 286 208 176 ' ,'0 0 0 0 0 0 0 0 0 0 0 0 ' ,113 ,1 ,18, 1
348 ,325, 330, '225 201 227 215 245 236 232 303 213 221 245 226 ' ,'0 0 0 0 0 0 0 0 0 0 0 0 ' ,107 ,2 ,14, 2
305 ,344, 290, '263 235 220 237 197 236 244 263 174 221 228 202 ' ,'0 0 0 0 0 0 0 0 0 0 0 0 ' ,94 ,1 ,13, 1
326 ,310, 309, '259 288 243 196 277 199 262 245 197 251 266 262 ' ,'0 0 0 0 0 0 0 0 0 0 0 0 ' ,94 ,2 ,11, 1
474 ,339, 458, '232 337 231 308 402 282 320 306 327 310 305 288 ' ,'0 0 0 0 0 0 0 0 0 0 0 0 ' ,173 ,1 ,45, 2
438 ,465, 424, '262 273 262 290 400 254 252 233 234 260 344 288 ' ,'0 0 0 0 0 0 0 0 0 0 0 0 ' ,169 ,1 ,12, 2
398 ,454, 383, '308 257 261 253 254 360 314 297 279 256 222 254 ' ,'0 0 0 0 0 0 0 0 0 0 0 0 ' ,141 ,1 ,10, 1
448 ,420, 434, '310 343 261 359 337 367 315 366 353 265 333 402 ' ,'0 0 0 0 0 0 0 0 0 0 0 0 ' ,151 ,2 ,15, 2
490 ,451, 475, '266 284 402 395 321 292 335 366 356 310 312 451 ' ,'0 0 0 0 0 0 0 0 0 0 0 0 ' ,189 ,1 ,10, 2
534 ,507, 507, '306 322 482 264 473 298 247 294 271 237 330 252 ' ,'0 0 0 0 0 0 0 0 0 0 0 0 ' ,249 ,1 ,13, 2
340 ,533, 325, '238 248 294 247 245 247 255 261 242 277 294 240 ' ,'0 0 0 0 0 0 0 0 0 0 0 0 ' ,61 ,1 ,17, 1
389 ,337, 372, '344 224 236 239 267 222 240 238 221 221 224 242 ' ,'0 0 0 0 0 0 0 0 0 0 0 0 ' ,128 ,2 ,17, 2
350 ,384, 335, '240 266 233 267 203 314 227 234 224 231 239 204 ' ,'0 0 0 0 0 0 0 0 0 0 0 0 ' ,112 ,1 ,12, 1
299 ,351, 283, '190 220 257 232 258 212 225 165 258 214 226 213 ' ,'0 0 0 0 0 0 0 0 0 0 0 0 ' ,96 ,1 ,10, 2
362 ,298, 345, '216 217 220 239 185 223 214 265 234 218 201 320 ' ,'0 0 0 0 0 0 0 0 0 0 0 0 ' ,138 ,1 ,14, 2
274 ,361, 256, '211 200 164 177 219 186 185 214 176 224 197 217 ' ,'0 0 0 0 0 0 0 0 0 0 0 0 ' ,62 ,1 ,21, 2
273 ,273, 256, '221 203 205 234 230 207 224 205 207 191 191 217 ' ,'0 0 0 0 0 0 0 0 0 0 0 0 ' ,46 ,2 ,13, 1
301 ,275, 284, '185 221 188 179 190 201 206 193 175 166 199 252 ' ,'0 0 0 0 0 0 0 0 0 0 0 0 ' ,89 ,1 ,20, 1
302 ,294, 283, '220 186 192 207 231 186 191 221 223 192 187 189 ' ,'0 0 0 0 0 0 0 0 0 0 0 0 ' ,48 ,1 ,41, 2
285 ,292, 269, '231 178 211 188 246 223 219 195 233 220 185 184 ' ,'0 0 0 0 0 0 0 0 0 0 0 0 ' ,70 ,1 ,10, 2
388 ,286, 366, '278 295 236 280 228 290 210 260 308 268 329 228 ' ,'0 0 0 0 0 0 0 0 0 0 0 0 ' ,122 ,1 ,26, 0
395 ,462, 379, '299 286 302 337 293 272 307 291 348 310 301 233 ' ,'0 0 0 0 0 0 0 0 0 0 0 0 ' ,113 ,1 ,22, 2
481 ,387, 465, '301 300 317 322 311 353 376 434 281 380 364 258 ' ,'0 0 0 0 0 0 0 0 0 0 0 0 ' ,177 ,1 ,20, 2
378 ,475, 360, '217 269 333 293 278 223 241 220 277 247 294 246 ' ,'0 0 0 0 0 0 0 0 0 0 0 0 ' ,117 ,1 ,18, 2
362 ,373, 344, '263 249 262 295 253 269 266 208 314 246 311 303 ' ,'0 0 0 0 0 0 0 0 0 0 0 0 ' ,108 ,1 ,20, 2
457 ,366, 437, '285 411 246 244 311 307 247 289 307 355 271 382 ' ,'0 0 0 0 0 0 0 0 0 0 0 0 ' ,172 ,1 ,17, 2
485 ,459, 458, '363 323 433 377 393 325 328 321 305 256 326 422 ' ,'0 0 0 0 0 0 0 0 0 0 0 0 ' ,179 ,2 ,14, 2
443 ,502, 429, '394 294 304 283 300 331 367 297 387 274 332 240 ' ,'0 0 0 0 0 0 0 0 0 0 0 0 ' ,158 ,1 ,22, 2
396 ,441, 380, '323 313 228 323 294 281 301 276 356 270 310 297 ' ,'0 0 0 0 0 0 0 0 0 0 0 0 ' ,130 ,1 ,15, 2
442 ,404, 424, '294 271 252 274 355 224 244 277 279 241 244 250 ' ,'0 0 0 0 0 0 0 0 0 0 0 0 ' ,133 ,1 ,61, 1
383 ,431, 365, '231 219 228 243 306 272 301 261 265 301 252 199 ' ,'0 0 0 0 0 0 0 0 0 0 0 0 ' ,107 ,1 ,49, 2
324 ,374, 305, '260 271 238 221 224 219 215 242 273 257 228 244 ' ,'0 0 0 0 0 0 0 0 0 0 0 0 ' ,59 ,1 ,23, 1
315 ,324, 298, '237 216 234 248 267 212 219 242 211 246 235 245 ' ,'0 0 0 0 0 0 0 0 0 0 0 0 ' ,58 ,1 ,22, 0
321 ,304, 302, '249 196 227 230 239 240 252 254 220 265 190 216 ' ,'0 0 0 0 0 0 0 0 0 0 0 0 ' ,79 ,1 ,29, 0
272 ,314, 252, '216 200 217 207 222 228 206 219 226 219 199 217 ' ,'0 0 0 0 0 0 0 0 0 0 0 0 ' ,31 ,1 ,15, 1
291 ,267, 270, '222 169 175 197 241 200 189 206 197 218 167 219 ' ,'0 0 0 0 0 0 0 0 0 0 0 0 ' ,74 ,1 ,24, 2
