189 ,0, 112, '57 52 56 55 ' ,'0 0 0 0 ' ,17 ,1 ,12, 12
790 ,138, 773, '697 634 651 706 ' ,'0 0 0 0 ' ,81 ,2 ,43, 5
727 ,809, 710, '667 634 666 636 ' ,'0 0 0 0 ' ,43 ,1 ,15, 4
954 ,721, 936, '788 727 755 886 ' ,'0 0 0 0 ' ,168 ,2 ,22, 6
814 ,988, 799, '695 736 684 614 ' ,'0 0 0 0 ' ,126 ,2 ,44, 2
775 ,832, 760, '696 615 666 696 ' ,'0 0 0 0 ' ,91 ,1 ,37, 5
781 ,810, 767, '665 691 736 731 ' ,'0 0 0 0 ' ,77 ,1 ,14, 3
777 ,778, 763, '565 722 648 643 ' ,'0 0 0 0 ' ,168 ,2 ,20, 5
765 ,767, 750, '664 719 689 658 ' ,'0 0 0 0 ' ,62 ,3 ,17, 4
794 ,758, 770, '674 741 668 665 ' ,'0 0 0 0 ' ,79 ,2 ,17, 3
713 ,806, 698, '600 665 673 607 ' ,'0 0 0 0 ' ,75 ,2 ,14, 5
729 ,747, 713, '570 625 550 681 ' ,'0 0 0 0 ' ,131 ,2 ,22, 2
716 ,771, 702, '612 635 679 660 ' ,'0 0 0 0 ' ,71 ,3 ,12, 3
660 ,707, 645, '622 618 584 599 ' ,'0 0 0 0 ' ,41 ,3 ,13, 4
837 ,650, 823, '789 786 787 710 ' ,'0 0 0 0 ' ,87 ,3 ,20, 5
782 ,878, 768, '640 741 682 719 ' ,'0 0 0 0 ' ,107 ,3 ,14, 5
747 ,772, 729, '703 644 647 627 ' ,'0 0 0 0 ' ,78 ,1 ,17, 3
765 ,733, 751, '693 733 602 665 ' ,'0 0 0 0 ' ,132 ,1 ,8, 4
741 ,757, 725, '703 593 636 637 ' ,'0 0 0 0 ' ,112 ,1 ,12, 6
981 ,731, 966, '902 721 699 863 ' ,'0 0 0 0 ' ,207 ,1 ,55, 3
822 ,971, 807, '747 787 715 756 ' ,'0 0 0 0 ' ,72 ,1 ,10, 6
774 ,815, 759, '626 739 683 713 ' ,'0 0 0 0 ' ,114 ,1 ,11, 6
659 ,766, 642, '608 622 582 618 ' ,'0 0 0 0 ' ,42 ,1 ,11, 5
741 ,650, 721, '631 685 604 642 ' ,'0 0 0 0 ' ,86 ,1 ,24, 5
762 ,729, 747, '648 726 660 686 ' ,'0 0 0 0 ' ,82 ,1 ,10, 5
955 ,754, 939, '678 919 658 646 ' ,'0 0 0 0 ' ,276 ,1 ,10, 4
801 ,946, 786, '603 648 677 766 ' ,'0 0 0 0 ' ,168 ,1 ,9, 5
671 ,792, 650, '525 562 632 585 ' ,'0 0 0 0 ' ,110 ,2 ,5, 3
709 ,663, 691, '672 627 674 649 ' ,'0 0 0 0 ' ,49 ,1 ,8, 4
878 ,702, 861, '728 844 613 705 ' ,'0 0 0 0 ' ,232 ,1 ,12, 5
730 ,871, 716, '687 615 592 699 ' ,'0 0 0 0 ' ,106 ,1 ,11, 4
610 ,721, 596, '576 545 500 522 ' ,'0 0 0 0 ' ,75 ,1 ,10, 4
643 ,602, 629, '593 584 545 615 ' ,'0 0 0 0 ' ,70 ,1 ,8, 4
877 ,637, 864, '724 700 712 832 ' ,'0 0 0 0 ' ,133 ,1 ,24, 3
838 ,890, 820, '704 802 696 729 ' ,'0 0 0 0 ' ,110 ,2 ,8, 3
769 ,829, 755, '671 667 609 735 ' ,'0 0 0 0 ' ,128 ,1 ,11, 6
821 ,760, 805, '724 782 759 706 ' ,'0 0 0 0 ' ,77 ,0 ,14, 4
832 ,812, 816, '732 723 697 798 ' ,'0 0 0 0 ' ,104 ,1 ,10, 5
734 ,824, 721, '635 695 624 704 ' ,'0 0 0 0 ' ,82 ,1 ,10, 5
657 ,727, 642, '522 621 536 553 ' ,'0 0 0 0 ' ,103 ,1 ,11, 5
682 ,649, 667, '550 647 552 602 ' ,'0 0 0 0 ' ,100 ,1 ,11, 5
699 ,699, 683, '561 667 639 621 ' ,'0 0 0 0 ' ,108 ,2 ,7, 2
664 ,695, 646, '537 625 529 619 ' ,'0 0 0 0 ' ,98 ,1 ,12, 4
793 ,673, 777, '645 756 654 663 ' ,'0 0 0 0 ' ,111 ,1 ,12, 5
836 ,782, 819, '661 713 799 747 ' ,'0 0 0 0 ' ,141 ,1 ,10, 4
863 ,827, 848, '681 816 668 771 ' ,'0 0 0 0 ' ,151 ,1 ,22, 5
678 ,863, 664, '643 608 601 592 ' ,'0 0 0 0 ' ,54 ,1 ,11, 4
889 ,671, 874, '838 765 751 857 ' ,'0 0 0 0 ' ,104 ,0 ,10, 4
949 ,893, 931, '780 738 878 902 ' ,'0 0 0 0 ' ,164 ,1 ,21, 5
832 ,955, 818, '728 666 793 606 ' ,'0 0 0 0 ' ,189 ,1 ,14, 4
641 ,823, 627, '568 602 605 610 ' ,'0 0 0 0 ' ,41 ,0 ,10, 4
797 ,633, 776, '648 701 669 755 ' ,'0 0 0 0 ' ,108 ,1 ,14, 4
773 ,784, 758, '738 731 700 724 ' ,'0 0 0 0 ' ,41 ,1 ,12, 4
852 ,763, 838, '748 707 805 677 ' ,'0 0 0 0 ' ,130 ,1 ,23, 5
761 ,846, 747, '568 724 658 653 ' ,'0 0 0 0 ' ,158 ,0 ,14, 6
711 ,754, 697, '634 679 624 679 ' ,'0 0 0 0 ' ,57 ,0 ,9, 3
802 ,704, 788, '708 767 693 701 ' ,'0 0 0 0 ' ,76 ,0 ,12, 5
769 ,796, 755, '585 735 638 683 ' ,'0 0 0 0 ' ,152 ,1 ,10, 4
707 ,765, 689, '652 584 670 634 ' ,'0 0 0 0 ' ,86 ,1 ,12, 6
780 ,699, 765, '734 735 670 662 ' ,'0 0 0 0 ' ,76 ,1 ,21, 6
787 ,787, 772, '683 747 636 632 ' ,'0 0 0 0 ' ,118 ,0 ,15, 5
841 ,778, 827, '720 799 674 795 ' ,'0 0 0 0 ' ,126 ,0 ,18, 5
991 ,847, 977, '757 952 778 902 ' ,'0 0 0 0 ' ,198 ,1 ,14, 4
875 ,1003, 857, '774 834 789 692 ' ,'0 0 0 0 ' ,144 ,0 ,14, 4
836 ,884, 819, '670 796 716 719 ' ,'0 0 0 0 ' ,126 ,0 ,13, 4
957 ,826, 942, '860 644 827 890 ' ,'0 0 0 0 ' ,246 ,0 ,45, 4
894 ,947, 880, '854 786 793 844 ' ,'0 0 0 0 ' ,68 ,0 ,17, 4
908 ,886, 894, '860 703 871 825 ' ,'0 0 0 0 ' ,170 ,1 ,13, 4
763 ,901, 748, '676 659 652 729 ' ,'0 0 0 0 ' ,75 ,0 ,12, 4
880 ,772, 862, '727 838 784 726 ' ,'0 0 0 0 ' ,114 ,1 ,13, 4
846 ,888, 830, '721 758 766 791 ' ,'0 0 0 0 ' ,70 ,0 ,31, 4
778 ,834, 763, '678 735 623 696 ' ,'0 0 0 0 ' ,115 ,1 ,17, 5
942 ,771, 927, '770 789 738 905 ' ,'0 0 0 0 ' ,169 ,1 ,12, 3
789 ,938, 774, '727 746 734 721 ' ,'0 0 0 0 ' ,29 ,1 ,17, 5
960 ,784, 946, '919 659 722 879 ' ,'0 0 0 0 ' ,261 ,1 ,17, 5
890 ,950, 876, '684 615 851 722 ' ,'0 0 0 0 ' ,238 ,0 ,15, 4
979 ,898, 964, '648 639 939 720 ' ,'0 0 0 0 ' ,303 ,0 ,14, 3
941 ,973, 927, '631 715 900 841 ' ,'0 0 0 0 ' ,269 ,1 ,17, 4
998 ,934, 979, '952 612 889 667 ' ,'0 0 0 121 ' ,342 ,1 ,15, 4
830 ,991, 817, '601 597 790 645 ' ,'0 0 0 0 ' ,198 ,1 ,15, 4
667 ,830, 652, '623 627 519 618 ' ,'0 0 0 0 ' ,111 ,0 ,14, 5
690 ,657, 676, '597 604 629 650 ' ,'0 0 0 0 ' ,51 ,1 ,19, 4
669 ,681, 654, '471 589 625 629 ' ,'0 0 0 0 ' ,159 ,1 ,16, 4
661 ,660, 645, '618 587 590 553 ' ,'0 0 0 0 ' ,68 ,2 ,17, 4
737 ,654, 720, '691 696 647 604 ' ,'0 0 0 0 ' ,95 ,1 ,13, 3
765 ,728, 750, '686 703 683 726 ' ,'0 0 0 0 ' ,38 ,0 ,18, 4
887 ,755, 872, '664 819 691 839 ' ,'0 0 0 0 ' ,176 ,1 ,21, 6
850 ,876, 835, '780 808 758 742 ' ,'0 0 0 0 ' ,70 ,0 ,16, 4
911 ,844, 895, '792 765 864 820 ' ,'0 0 0 0 ' ,103 ,1 ,18, 5
763 ,905, 746, '667 714 717 688 ' ,'0 0 0 0 ' ,52 ,1 ,18, 5
876 ,755, 861, '765 832 823 755 ' ,'0 0 0 0 ' ,80 ,1 ,19, 3
787 ,867, 771, '618 661 682 743 ' ,'0 0 0 0 ' ,124 ,1 ,19, 4
740 ,777, 725, '570 694 546 634 ' ,'0 0 0 0 ' ,151 ,1 ,17, 4
622 ,738, 607, '580 555 524 574 ' ,'0 0 0 0 ' ,57 ,1 ,16, 5
662 ,615, 648, '534 620 586 565 ' ,'0 0 0 0 ' ,88 ,0 ,16, 4
731 ,655, 717, '608 605 688 691 ' ,'0 0 0 0 ' ,87 ,0 ,16, 5
709 ,723, 694, '535 663 642 641 ' ,'0 0 0 0 ' ,131 ,0 ,17, 4
709 ,702, 693, '567 616 660 585 ' ,'0 0 0 0 ' ,98 ,1 ,19, 3
633 ,802, 614, '557 525 544 589 ' ,'0 0 0 0 ' ,63 ,1 ,16, 4
693 ,623, 677, '521 649 648 612 ' ,'0 0 0 0 ' ,133 ,1 ,15, 5
886 ,691, 872, '766 663 769 848 ' ,'0 0 0 0 ' ,184 ,0 ,16, 5
843 ,880, 823, '776 801 739 752 ' ,'0 0 0 0 ' ,63 ,1 ,12, 2
788 ,849, 774, '744 717 622 690 ' ,'0 0 0 0 ' ,125 ,1 ,17, 5
797 ,781, 783, '754 713 690 702 ' ,'0 0 0 0 ' ,68 ,1 ,17, 6
919 ,788, 905, '713 719 872 692 ' ,'0 0 0 0 ' ,184 ,1 ,20, 6
850 ,909, 836, '707 812 703 738 ' ,'0 0 0 0 ' ,111 ,1 ,12, 2
755 ,853, 741, '604 712 601 707 ' ,'0 0 0 0 ' ,113 ,0 ,17, 3
749 ,753, 735, '703 654 651 629 ' ,'0 0 0 0 ' ,75 ,1 ,22, 4
740 ,740, 725, '680 683 695 669 ' ,'0 0 0 0 ' ,29 ,1 ,19, 5
903 ,732, 888, '666 654 854 788 ' ,'0 0 0 0 ' ,202 ,0 ,22, 5
738 ,893, 723, '579 695 670 690 ' ,'0 0 0 0 ' ,120 ,0 ,17, 5
733 ,737, 718, '576 687 601 609 ' ,'0 0 0 0 ' ,114 ,0 ,19, 5
632 ,725, 617, '535 589 561 516 ' ,'0 0 0 0 ' ,76 ,0 ,16, 4
663 ,628, 649, '617 592 599 587 ' ,'0 0 0 0 ' ,32 ,1 ,21, 4
647 ,656, 632, '504 573 566 609 ' ,'0 0 0 0 ' ,102 ,0 ,15, 4
644 ,641, 629, '538 594 598 593 ' ,'0 0 0 0 ' ,63 ,0 ,20, 4
879 ,637, 863, '679 706 801 834 ' ,'0 0 0 0 ' ,154 ,0 ,20, 4
702 ,873, 686, '605 646 575 661 ' ,'0 0 0 0 ' ,85 ,1 ,16, 4
676 ,694, 659, '629 586 583 636 ' ,'0 0 0 0 ' ,51 ,0 ,14, 3
738 ,671, 723, '689 586 595 601 ' ,'0 0 103 0 ' ,106 ,1 ,19, 4
795 ,736, 780, '683 747 706 728 ' ,'0 0 0 0 ' ,66 ,1 ,19, 4
934 ,789, 921, '761 802 883 708 ' ,'0 0 0 0 ' ,179 ,1 ,24, 4
953 ,929, 938, '905 693 824 900 ' ,'0 0 0 0 ' ,213 ,1 ,21, 5
899 ,948, 881, '852 784 769 785 ' ,'0 0 0 0 ' ,82 ,0 ,19, 4
1242 ,893, 1227, '872 1198 852 897 ' ,'0 0 0 0 ' ,348 ,1 ,16, 4
822 ,1241, 808, '703 774 767 726 ' ,'0 0 0 0 ' ,74 ,1 ,21, 5
780 ,823, 766, '678 733 734 643 ' ,'0 0 0 0 ' ,95 ,0 ,20, 5
699 ,776, 684, '617 615 645 624 ' ,'0 0 0 0 ' ,32 ,0 ,27, 4
688 ,689, 673, '564 626 619 641 ' ,'0 0 0 0 ' ,76 ,1 ,24, 4
730 ,679, 716, '568 604 682 625 ' ,'0 0 0 0 ' ,117 ,1 ,21, 4
620 ,724, 603, '551 571 563 578 ' ,'0 0 0 0 ' ,23 ,1 ,17, 4
908 ,618, 893, '671 597 863 663 ' ,'0 0 0 0 ' ,268 ,1 ,17, 4
765 ,905, 750, '637 689 709 723 ' ,'0 0 0 0 ' ,82 ,0 ,21, 4
1206 ,757, 1192, '764 1157 664 806 ' ,'0 0 0 0 ' ,496 ,1 ,22, 4
1036 ,1200, 1018, '973 780 892 731 ' ,'0 0 0 0 ' ,249 ,1 ,28, 6
1066 ,1035, 1052, '869 995 850 1024 ' ,'0 0 0 0 ' ,172 ,0 ,21, 6
985 ,1071, 971, '831 794 908 937 ' ,'0 0 0 0 ' ,140 ,1 ,26, 5
757 ,976, 743, '699 712 669 686 ' ,'0 0 0 0 ' ,46 ,1 ,18, 3
786 ,755, 772, '551 653 734 619 ' ,'0 0 0 0 ' ,186 ,0 ,25, 5
722 ,777, 707, '626 617 631 679 ' ,'0 0 0 0 ' ,60 ,1 ,18, 4
763 ,715, 748, '560 712 669 631 ' ,'0 0 0 0 ' ,156 ,0 ,21, 4
746 ,756, 732, '627 598 650 690 ' ,'0 0 0 0 ' ,89 ,1 ,32, 3
861 ,737, 847, '646 813 702 797 ' ,'0 0 0 0 ' ,168 ,0 ,20, 3
831 ,856, 816, '755 763 698 743 ' ,'0 0 0 0 ' ,68 ,0 ,39, 4
802 ,820, 788, '745 726 649 759 ' ,'0 0 0 0 ' ,108 ,1 ,20, 3
1031 ,795, 1017, '889 841 982 785 ' ,'0 0 0 0 ' ,203 ,1 ,20, 5
996 ,1025, 982, '838 834 943 849 ' ,'0 0 0 0 ' ,111 ,0 ,25, 5
883 ,994, 866, '818 726 798 811 ' ,'0 0 0 0 ' ,96 ,0 ,34, 5
1042 ,873, 1026, '932 947 991 906 ' ,'0 0 0 0 ' ,89 ,0 ,22, 5
962 ,1033, 937, '780 835 900 899 ' ,'0 0 0 0 ' ,121 ,1 ,26, 2
744 ,956, 730, '669 626 616 690 ' ,'0 0 0 0 ' ,74 ,1 ,29, 5
703 ,734, 688, '657 594 653 620 ' ,'0 0 0 0 ' ,65 ,0 ,17, 3
910 ,698, 895, '656 547 704 861 ' ,'0 0 0 0 ' ,314 ,1 ,22, 4
786 ,904, 768, '632 688 649 735 ' ,'0 0 0 0 ' ,100 ,1 ,23, 3
732 ,777, 718, '628 689 621 620 ' ,'0 0 0 0 ' ,72 ,0 ,16, 3
714 ,736, 697, '618 622 663 554 ' ,'0 0 0 0 ' ,113 ,1 ,20, 4
1002 ,712, 986, '847 843 952 758 ' ,'0 0 0 0 ' ,197 ,1 ,20, 5
1111 ,1017, 1096, '885 901 1058 847 ' ,'0 0 0 0 ' ,216 ,1 ,24, 6
876 ,1106, 860, '819 798 773 823 ' ,'0 0 0 0 ' ,52 ,0 ,24, 5
859 ,866, 845, '778 696 812 808 ' ,'0 0 0 0 ' ,118 ,1 ,19, 4
897 ,855, 882, '844 834 776 821 ' ,'0 0 0 0 ' ,71 ,1 ,25, 6
916 ,893, 900, '681 861 761 743 ' ,'0 0 0 0 ' ,181 ,0 ,23, 6
764 ,910, 750, '699 716 646 652 ' ,'0 0 0 0 ' ,71 ,0 ,19, 2
740 ,770, 726, '690 642 656 665 ' ,'0 0 0 0 ' ,51 ,0 ,21, 3
730 ,743, 716, '672 647 664 664 ' ,'0 0 0 0 ' ,29 ,1 ,29, 4
716 ,724, 701, '625 659 606 659 ' ,'0 0 0 0 ' ,58 ,1 ,27, 4
767 ,714, 752, '688 710 707 712 ' ,'0 0 0 0 ' ,26 ,0 ,26, 4
837 ,760, 823, '777 717 723 757 ' ,'0 0 0 0 ' ,61 ,1 ,31, 3
814 ,829, 795, '751 686 726 636 ' ,'0 0 0 0 ' ,122 ,1 ,28, 5
771 ,807, 753, '668 663 713 646 ' ,'0 0 0 0 ' ,74 ,2 ,25, 2
891 ,761, 875, '831 731 802 694 ' ,'0 0 0 0 ' ,139 ,1 ,31, 5
823 ,881, 809, '747 700 701 712 ' ,'0 0 0 0 ' ,51 ,1 ,47, 5
844 ,816, 829, '788 754 707 786 ' ,'0 0 0 0 ' ,85 ,0 ,25, 5
907 ,839, 892, '752 740 740 856 ' ,'0 0 0 0 ' ,114 ,1 ,26, 6
1164 ,912, 1150, '732 951 986 1113 ' ,'0 0 0 0 ' ,378 ,1 ,28, 6
890 ,1157, 874, '813 754 831 766 ' ,'0 0 0 0 ' ,79 ,1 ,27, 5
747 ,891, 733, '615 696 674 664 ' ,'0 0 0 0 ' ,86 ,0 ,22, 4
729 ,746, 713, '649 582 667 574 ' ,'0 0 0 0 ' ,97 ,1 ,32, 3
736 ,721, 720, '567 679 625 638 ' ,'0 0 0 0 ' ,117 ,1 ,23, 3
727 ,744, 711, '600 622 589 674 ' ,'0 0 0 0 ' ,85 ,1 ,26, 5
708 ,727, 693, '653 653 641 647 ' ,'0 0 0 0 ' ,16 ,0 ,22, 5
734 ,703, 719, '614 674 583 596 ' ,'0 0 0 0 ' ,96 ,1 ,28, 4
632 ,723, 617, '550 579 578 577 ' ,'0 0 0 0 ' ,33 ,1 ,21, 4
831 ,631, 816, '720 647 773 768 ' ,'0 0 0 0 ' ,126 ,1 ,27, 5
977 ,824, 962, '911 798 881 840 ' ,'0 0 0 0 ' ,116 ,1 ,34, 4
882 ,968, 862, '739 733 810 780 ' ,'0 0 0 0 ' ,78 ,1 ,39, 4
960 ,873, 945, '820 748 900 871 ' ,'0 0 0 0 ' ,157 ,1 ,27, 5
931 ,965, 917, '795 799 864 871 ' ,'0 0 0 0 ' ,74 ,0 ,30, 5
981 ,925, 966, '737 751 910 828 ' ,'0 0 0 0 ' ,176 ,1 ,40, 5
854 ,977, 837, '799 741 762 792 ' ,'0 0 0 0 ' ,58 ,1 ,24, 5
1384 ,850, 1350, '602 674 582 1315 ' ,'0 0 0 0 ' ,733 ,1 ,22, 4
816 ,1390, 803, '690 749 704 770 ' ,'0 0 0 0 ' ,81 ,0 ,20, 4
754 ,814, 740, '621 700 585 646 ' ,'0 0 0 0 ' ,120 ,1 ,21, 3
629 ,758, 606, '518 568 530 533 ' ,'0 0 0 0 ' ,52 ,1 ,23, 5
717 ,621, 699, '557 655 564 627 ' ,'0 0 0 0 ' ,100 ,1 ,27, 5
815 ,707, 801, '758 616 721 640 ' ,'0 0 0 0 ' ,146 ,1 ,26, 4
814 ,806, 800, '755 629 684 726 ' ,'0 0 0 0 ' ,128 ,1 ,29, 5
840 ,806, 825, '786 737 780 753 ' ,'0 0 0 0 ' ,51 ,1 ,23, 5
898 ,841, 882, '781 765 756 847 ' ,'0 0 0 0 ' ,90 ,0 ,22, 5
978 ,894, 965, '927 787 878 812 ' ,'0 0 0 0 ' ,143 ,1 ,22, 3
1093 ,982, 1079, '909 1040 895 775 ' ,'0 0 0 0 ' ,272 ,1 ,22, 3
910 ,1096, 896, '657 698 859 763 ' ,'0 0 0 0 ' ,203 ,1 ,22, 5
852 ,916, 839, '685 753 765 792 ' ,'0 0 0 0 ' ,103 ,1 ,37, 5
791 ,851, 778, '684 621 678 744 ' ,'0 0 0 0 ' ,121 ,0 ,21, 4
780 ,794, 767, '720 702 695 634 ' ,'0 0 0 0 ' ,91 ,1 ,30, 4
686 ,773, 670, '616 577 583 636 ' ,'0 0 0 0 ' ,59 ,1 ,21, 4
700 ,683, 685, '539 649 627 571 ' ,'0 0 0 0 ' ,113 ,1 ,18, 3
790 ,700, 776, '632 736 613 654 ' ,'0 0 0 0 ' ,126 ,1 ,23, 4
945 ,787, 930, '742 815 889 767 ' ,'0 0 0 0 ' ,149 ,1 ,24, 4
954 ,944, 941, '903 746 900 696 ' ,'0 0 0 0 ' ,212 ,1 ,21, 5
775 ,952, 761, '684 675 697 727 ' ,'0 0 0 0 ' ,49 ,1 ,22, 4
972 ,773, 957, '736 912 815 882 ' ,'0 0 0 0 ' ,179 ,1 ,26, 6
1116 ,975, 1103, '859 812 929 1020 ' ,'0 0 0 0 ' ,208 ,1 ,69, 5
957 ,1123, 940, '832 900 863 875 ' ,'0 0 0 0 ' ,70 ,1 ,23, 4
939 ,957, 925, '785 838 885 761 ' ,'0 0 0 0 ' ,133 ,1 ,23, 4
799 ,937, 784, '708 739 751 719 ' ,'0 0 0 0 ' ,40 ,1 ,21, 6
795 ,796, 782, '721 726 744 733 ' ,'0 0 0 0 ' ,23 ,1 ,23, 4
918 ,794, 899, '856 709 674 710 ' ,'0 0 0 0 ' ,187 ,1 ,25, 4
795 ,921, 783, '638 633 670 740 ' ,'0 0 0 0 ' ,104 ,1 ,32, 4
696 ,786, 683, '583 641 629 624 ' ,'0 0 0 0 ' ,62 ,1 ,25, 3
725 ,695, 711, '630 655 601 677 ' ,'0 0 0 0 ' ,75 ,1 ,21, 3
751 ,728, 732, '632 689 600 631 ' ,'0 0 0 0 ' ,94 ,2 ,23, 4
702 ,756, 686, '601 606 608 650 ' ,'0 0 0 0 ' ,46 ,1 ,24, 3
733 ,698, 719, '653 676 650 649 ' ,'0 0 0 0 ' ,35 ,1 ,23, 2
967 ,734, 951, '807 662 905 710 ' ,'0 0 0 0 ' ,244 ,1 ,30, 6
884 ,963, 870, '801 741 825 726 ' ,'0 0 0 0 ' ,106 ,1 ,29, 5
1249 ,882, 1235, '1194 790 936 914 ' ,'0 0 0 34 ' ,407 ,1 ,25, 6
998 ,1252, 982, '941 847 905 745 ' ,'0 0 0 0 ' ,200 ,1 ,26, 5
885 ,1003, 870, '724 821 773 784 ' ,'0 0 0 0 ' ,100 ,1 ,29, 4
729 ,878, 714, '589 609 671 607 ' ,'0 0 0 0 ' ,86 ,1 ,25, 4
710 ,730, 695, '547 597 621 660 ' ,'0 0 0 0 ' ,108 ,1 ,23, 5
681 ,707, 667, '602 613 604 629 ' ,'0 0 0 0 ' ,27 ,1 ,22, 4
678 ,679, 664, '613 564 626 576 ' ,'0 0 0 0 ' ,66 ,1 ,20, 2
654 ,679, 639, '577 595 597 568 ' ,'0 0 0 0 ' ,37 ,0 ,25, 4
644 ,651, 629, '525 588 566 595 ' ,'0 0 0 0 ' ,63 ,1 ,24, 2
636 ,644, 620, '561 571 505 545 ' ,'0 0 0 0 ' ,74 ,1 ,30, 8
689 ,630, 674, '627 540 527 523 ' ,'0 0 0 0 ' ,108 ,1 ,30, 5
620 ,686, 605, '529 533 536 565 ' ,'0 0 0 0 ' ,33 ,1 ,27, 4
722 ,618, 708, '606 663 559 606 ' ,'0 0 0 0 ' ,111 ,1 ,25, 4
685 ,724, 666, '549 613 600 561 ' ,'0 0 0 0 ' ,68 ,1 ,31, 4
1016 ,679, 1001, '784 794 866 953 ' ,'0 0 0 0 ' ,167 ,1 ,35, 4
1304 ,1013, 1289, '1171 1111 937 1104 ' ,'0 0 0 0 ' ,236 ,1 ,101, 3
977 ,1293, 962, '778 728 890 825 ' ,'0 0 0 0 ' ,167 ,1 ,50, 6
886 ,966, 871, '804 703 646 743 ' ,'0 0 0 0 ' ,164 ,1 ,41, 5
784 ,876, 770, '628 706 695 724 ' ,'0 0 0 0 ' ,94 ,1 ,32, 5
693 ,777, 679, '558 623 557 634 ' ,'0 0 0 0 ' ,76 ,1 ,33, 4
641 ,689, 622, '578 568 557 502 ' ,'0 0 0 0 ' ,80 ,1 ,28, 4
665 ,642, 650, '582 603 596 570 ' ,'0 0 52 0 ' ,38 ,1 ,30, 3
794 ,671, 777, '595 726 729 669 ' ,'0 0 0 0 ' ,140 ,1 ,29, 3
799 ,793, 785, '688 603 744 627 ' ,'0 0 0 0 ' ,143 ,1 ,23, 2
912 ,806, 898, '845 689 667 744 ' ,'0 0 0 0 ' ,177 ,0 ,38, 4
1481 ,907, 1466, '1405 746 968 979 ' ,'0 0 0 0 ' ,663 ,1 ,41, 5
1750 ,1471, 1735, '844 685 1679 1008 ' ,'0 0 0 0 ' ,996 ,1 ,38, 5
1083 ,1741, 1068, '1020 885 842 867 ' ,'0 0 0 0 ' ,180 ,1 ,31, 5
1248 ,1100, 1234, '1183 1040 691 830 ' ,'0 0 0 0 ' ,493 ,1 ,35, 3
890 ,1243, 876, '714 742 676 821 ' ,'0 0 0 0 ' ,141 ,1 ,45, 4
818 ,883, 804, '740 640 583 628 ' ,'0 0 0 0 ' ,158 ,1 ,44, 5
700 ,809, 684, '607 632 596 586 ' ,'0 0 0 0 ' ,52 ,1 ,32, 4
625 ,691, 611, '561 549 539 554 ' ,'0 0 0 0 ' ,25 ,1 ,33, 4
685 ,617, 671, '554 589 553 624 ' ,'0 0 0 0 ' ,72 ,1 ,34, 3
679 ,684, 665, '582 595 595 627 ' ,'0 0 0 0 ' ,45 ,1 ,24, 3
650 ,678, 635, '577 536 584 516 ' ,'0 0 0 0 ' ,72 ,1 ,33, 3
763 ,639, 745, '643 670 570 625 ' ,'0 0 0 0 ' ,106 ,1 ,54, 4
931 ,751, 917, '806 818 744 868 ' ,'0 0 0 0 ' ,123 ,1 ,35, 4
842 ,922, 827, '774 682 715 706 ' ,'0 0 0 0 ' ,98 ,1 ,32, 5
1037 ,832, 1006, '809 737 880 960 ' ,'0 0 0 0 ' ,221 ,1 ,32, 5
1034 ,1026, 1020, '854 801 976 711 ' ,'0 0 0 0 ' ,273 ,1 ,26, 2
1060 ,1039, 1045, '926 890 984 799 ' ,'0 0 0 0 ' ,191 ,1 ,41, 4
988 ,1066, 974, '917 765 788 928 ' ,'0 0 0 0 ' ,160 ,0 ,34, 3
978 ,979, 963, '903 695 768 659 ' ,'0 0 0 0 ' ,252 ,1 ,41, 5
833 ,971, 819, '662 707 686 779 ' ,'0 0 0 0 ' ,115 ,1 ,25, 5
888 ,863, 874, '708 807 716 737 ' ,'0 0 0 0 ' ,102 ,1 ,42, 3
832 ,878, 819, '752 687 652 627 ' ,'0 0 0 0 ' ,132 ,1 ,47, 4
732 ,822, 717, '667 627 601 633 ' ,'0 0 0 0 ' ,66 ,1 ,32, 3
661 ,721, 648, '590 607 596 552 ' ,'0 0 0 0 ' ,61 ,0 ,23, 3
692 ,670, 677, '551 614 510 585 ' ,'0 0 0 0 ' ,108 ,1 ,43, 3
