407 ,0, 317, '283 236 257 234 ' ,'0 0 0 0 ' ,47 ,3 ,4, 4
152 ,347, 134, '99 97 106 92 ' ,'0 0 0 0 ' ,14 ,1 ,2, 2
64 ,141, 40, '28 28 31 35 ' ,'0 0 0 0 ' ,13 ,1 ,2, 2
619 ,55, 602, '31 28 592 409 ' ,'0 0 0 0 ' ,564 ,1 ,2, 2
67 ,1803, 52, '34 35 31 35 ' ,'0 0 0 0 ' ,8 ,1 ,3, 3
95 ,58, 70, '37 33 37 37 ' ,'0 0 0 0 ' ,21 ,1 ,3, 3
64 ,77, 51, '26 27 26 42 ' ,'0 0 0 0 ' ,16 ,1 ,1, 1
121 ,56, 102, '31 33 31 88 ' ,'0 0 0 0 ' ,59 ,1 ,2, 2
56 ,111, 44, '25 27 25 33 ' ,'0 0 0 0 ' ,10 ,1 ,2, 2
69 ,48, 51, '26 28 25 37 ' ,'0 0 0 0 ' ,17 ,1 ,2, 2
61 ,57, 47, '34 33 33 35 ' ,'0 0 0 0 ' ,5 ,0 ,1, 1
60 ,55, 43, '29 28 28 34 ' ,'0 0 0 0 ' ,8 ,0 ,0, 0
111 ,47, 95, '36 33 52 84 ' ,'0 0 0 0 ' ,51 ,2 ,1, 1
67 ,99, 49, '34 32 33 31 ' ,'0 0 0 0 ' ,8 ,1 ,1, 1
59 ,56, 45, '25 24 24 24 ' ,'0 0 0 0 ' ,14 ,0 ,0, 0
59 ,50, 47, '29 36 28 31 ' ,'0 0 0 0 ' ,9 ,1 ,1, 1
65 ,53, 49, '33 34 32 36 ' ,'0 0 0 0 ' ,9 ,2 ,0, 0
108 ,53, 96, '33 36 80 81 ' ,'0 0 0 0 ' ,54 ,2 ,0, 0
60 ,100, 35, '21 25 29 29 ' ,'0 0 0 0 ' ,8 ,1 ,1, 1
75 ,53, 55, '38 38 38 35 ' ,'0 0 0 0 ' ,7 ,2 ,1, 0
59 ,66, 45, '25 26 26 31 ' ,'0 0 0 0 ' ,12 ,6 ,1, 1
66 ,50, 50, '36 36 41 37 ' ,'0 0 0 0 ' ,8 ,1 ,0, 0
76 ,57, 58, '32 33 44 51 ' ,'0 0 0 0 ' ,20 ,1 ,1, 1
66 ,69, 49, '35 35 34 40 ' ,'0 0 0 0 ' ,9 ,2 ,1, 1
190 ,56, 176, '29 27 29 28 ' ,'0 0 0 173009 ' ,142 ,1 ,1, 0
51 ,181, 40, '32 31 32 27 ' ,'0 0 0 0 ' ,7 ,1 ,1, 1
67 ,44, 46, '34 35 31 35 ' ,'0 0 0 0 ' ,2 ,1 ,1, 1
100 ,52, 78, '32 33 55 48 ' ,'0 0 0 0 ' ,39 ,1 ,1, 0
73 ,93, 54, '30 29 28 27 ' ,'0 0 0 0 ' ,10 ,1 ,1, 1
98 ,75, 44, '26 31 26 34 ' ,'0 0 0 0 ' ,11 ,1 ,0, 0
49 ,50, 36, '29 28 30 24 ' ,'0 0 0 0 ' ,7 ,0 ,1, 0
72 ,41, 47, '27 26 27 25 ' ,'0 0 0 0 ' ,12 ,1 ,1, 1
90 ,54, 76, '40 35 39 70 ' ,'0 0 0 0 ' ,36 ,0 ,0, 0
56 ,81, 42, '26 34 26 31 ' ,'0 0 0 0 ' ,9 ,0 ,1, 1
47 ,46, 31, '25 27 26 25 ' ,'0 0 0 0 ' ,4 ,0 ,1, 1
52 ,41, 31, '25 29 26 32 ' ,'0 0 0 0 ' ,8 ,1 ,1, 1
52 ,44, 36, '29 29 28 32 ' ,'0 0 0 0 ' ,5 ,1 ,0, 0
91 ,44, 70, '34 33 34 64 ' ,'0 0 0 0 ' ,33 ,0 ,0, 0
77 ,74, 62, '32 54 33 31 ' ,'0 0 0 0 ' ,25 ,1 ,1, 1
57 ,67, 43, '29 33 30 33 ' ,'0 0 0 0 ' ,7 ,0 ,1, 1
62 ,47, 43, '26 29 27 30 ' ,'0 0 0 0 ' ,10 ,1 ,1, 1
63 ,51, 48, '36 37 35 34 ' ,'0 0 0 0 ' ,8 ,1 ,1, 1
75 ,56, 60, '24 25 24 53 ' ,'0 0 0 0 ' ,29 ,0 ,1, 1
123 ,64, 109, '26 100 25 29 ' ,'0 0 0 0 ' ,77 ,1 ,1, 1
59 ,114, 41, '31 24 31 29 ' ,'0 0 0 0 ' ,11 ,1 ,0, 0
51 ,45, 38, '30 31 30 29 ' ,'0 0 0 0 ' ,3 ,1 ,1, 1
60 ,42, 49, '26 30 37 32 ' ,'0 0 0 0 ' ,14 ,1 ,1, 1
86 ,52, 72, '32 31 31 63 ' ,'0 0 0 0 ' ,34 ,1 ,1, 1
77 ,77, 62, '28 54 29 35 ' ,'0 0 0 0 ' ,29 ,1 ,0, 0
64 ,68, 46, '35 35 39 32 ' ,'0 0 0 0 ' ,8 ,1 ,0, 0
49 ,52, 34, '22 23 23 27 ' ,'0 0 0 0 ' ,6 ,1 ,0, 0
65 ,38, 33, '26 27 27 26 ' ,'0 0 0 0 ' ,2 ,1 ,0, 0
72 ,42, 57, '24 23 23 49 ' ,'0 0 0 0 ' ,26 ,1 ,1, 1
73 ,61, 49, '22 44 24 28 ' ,'0 0 0 0 ' ,22 ,1 ,0, 0
67 ,64, 40, '25 25 25 27 ' ,'0 0 0 0 ' ,8 ,1 ,1, 1
55 ,44, 39, '31 32 32 28 ' ,'0 0 0 0 ' ,5 ,1 ,1, 1
47 ,45, 34, '25 26 24 27 ' ,'0 0 0 0 ' ,4 ,1 ,0, 0
72 ,38, 58, '30 29 30 49 ' ,'0 0 0 0 ' ,23 ,1 ,1, 0
62 ,63, 48, '25 40 26 29 ' ,'0 0 0 0 ' ,18 ,1 ,1, 0
60 ,53, 45, '30 38 30 36 ' ,'0 0 0 0 ' ,10 ,1 ,1, 1
51 ,51, 38, '28 30 28 27 ' ,'0 0 0 0 ' ,5 ,2 ,1, 1
52 ,43, 39, '27 31 27 24 ' ,'0 0 0 0 ' ,8 ,1 ,1, 1
78 ,44, 63, '28 27 29 57 ' ,'0 0 0 0 ' ,31 ,1 ,0, 0
78 ,68, 64, '29 56 28 34 ' ,'0 0 0 0 ' ,31 ,2 ,1, 0
56 ,69, 38, '26 28 26 26 ' ,'0 0 0 0 ' ,5 ,1 ,1, 1
55 ,44, 36, '29 31 30 31 ' ,'0 0 0 0 ' ,5 ,1 ,0, 0
54 ,46, 37, '30 29 28 27 ' ,'0 0 0 0 ' ,9 ,1 ,1, 0
86 ,45, 72, '35 35 37 64 ' ,'0 0 0 0 ' ,30 ,2 ,1, 1
103 ,75, 82, '31 74 38 31 ' ,'0 0 0 0 ' ,47 ,1 ,0, 0
58 ,115, 39, '32 31 32 30 ' ,'0 0 0 0 ' ,4 ,0 ,0, 0
61 ,44, 43, '25 26 29 25 ' ,'0 0 0 0 ' ,9 ,1 ,1, 0
50 ,51, 37, '23 25 24 28 ' ,'0 0 0 0 ' ,8 ,1 ,1, 0
79 ,42, 60, '31 32 36 52 ' ,'0 0 0 0 ' ,23 ,1 ,1, 1
62 ,66, 47, '27 39 27 25 ' ,'0 0 0 0 ' ,18 ,1 ,1, 1
57 ,57, 42, '27 28 27 35 ' ,'0 0 0 0 ' ,10 ,1 ,0, 0
53 ,48, 40, '34 32 30 32 ' ,'0 0 0 0 ' ,2 ,0 ,1, 1
46 ,45, 33, '23 23 24 28 ' ,'0 0 0 0 ' ,5 ,1 ,1, 1
60 ,38, 45, '26 27 26 40 ' ,'0 0 0 0 ' ,13 ,0 ,0, 0
85 ,50, 72, '38 62 34 35 ' ,'0 0 0 0 ' ,31 ,2 ,1, 1
53 ,75, 35, '22 23 22 30 ' ,'0 0 0 0 ' ,7 ,0 ,1, 0
71 ,39, 42, '33 30 31 30 ' ,'0 0 0 0 ' ,7 ,1 ,0, 0
54 ,46, 40, '32 30 28 27 ' ,'0 0 0 0 ' ,8 ,2 ,1, 1
86 ,45, 72, '31 32 31 66 ' ,'0 0 0 0 ' ,35 ,0 ,0, 0
100 ,76, 84, '31 77 30 41 ' ,'0 0 0 0 ' ,47 ,1 ,1, 0
47 ,150, 33, '23 22 24 27 ' ,'0 0 0 0 ' ,6 ,1 ,1, 0
62 ,38, 32, '23 26 24 23 ' ,'0 0 0 0 ' ,3 ,1 ,1, 1
52 ,36, 37, '25 26 24 32 ' ,'0 0 0 0 ' ,5 ,0 ,1, 0
93 ,42, 75, '33 32 34 68 ' ,'0 0 0 0 ' ,36 ,1 ,0, 0
57 ,83, 44, '26 37 24 23 ' ,'0 0 0 0 ' ,15 ,1 ,1, 0
52 ,48, 35, '26 24 26 31 ' ,'0 0 0 0 ' ,5 ,0 ,0, 0
52 ,40, 39, '30 31 31 29 ' ,'0 0 0 0 ' ,4 ,1 ,1, 1
65 ,43, 41, '34 36 36 33 ' ,'0 0 0 0 ' ,4 ,1 ,0, 0
94 ,47, 73, '36 37 36 65 ' ,'0 0 0 0 ' ,31 ,1 ,1, 0
61 ,78, 48, '24 40 23 23 ' ,'0 0 0 0 ' ,18 ,1 ,1, 1
56 ,51, 41, '35 29 31 29 ' ,'0 0 0 0 ' ,7 ,0 ,1, 1
59 ,45, 38, '28 30 25 29 ' ,'0 0 0 0 ' ,7 ,1 ,1, 0
51 ,42, 37, '26 25 28 31 ' ,'0 0 0 0 ' ,6 ,1 ,1, 1
74 ,41, 61, '32 32 32 54 ' ,'0 0 0 0 ' ,22 ,0 ,1, 1
62 ,65, 48, '27 40 31 25 ' ,'0 0 0 0 ' ,18 ,1 ,0, 0
71 ,56, 55, '43 29 27 26 ' ,'0 0 0 0 ' ,21 ,0 ,1, 1
47 ,89, 33, '25 25 26 23 ' ,'0 0 0 0 ' ,4 ,1 ,0, 0
55 ,38, 38, '25 27 26 32 ' ,'0 0 0 0 ' ,7 ,1 ,1, 1
76 ,44, 55, '33 26 31 49 ' ,'0 0 0 0 ' ,23 ,1 ,1, 0
88 ,66, 66, '33 58 32 37 ' ,'0 0 0 0 ' ,27 ,1 ,1, 1
81 ,79, 61, '52 30 27 32 ' ,'0 0 0 0 ' ,26 ,1 ,1, 1
59 ,71, 45, '36 35 36 39 ' ,'0 0 0 0 ' ,4 ,1 ,1, 1
54 ,50, 38, '22 23 23 32 ' ,'0 0 0 0 ' ,11 ,1 ,0, 0
76 ,46, 57, '30 31 31 54 ' ,'0 0 0 0 ' ,24 ,1 ,1, 0
89 ,66, 72, '26 62 25 30 ' ,'0 0 0 0 ' ,40 ,1 ,1, 1
71 ,81, 55, '46 32 29 31 ' ,'0 0 0 0 ' ,22 ,2 ,1, 1
51 ,63, 38, '26 26 24 29 ' ,'0 0 0 0 ' ,5 ,1 ,0, 0
56 ,42, 42, '26 28 28 33 ' ,'0 0 0 0 ' ,9 ,4 ,1, 1
74 ,47, 61, '29 29 29 51 ' ,'0 0 0 0 ' ,22 ,1 ,1, 0
112 ,66, 96, '32 52 31 30 ' ,'0 0 0 0 ' ,26 ,1 ,34, 0
93 ,100, 73, '65 27 22 31 ' ,'0 0 0 0 ' ,45 ,1 ,0, 0
48 ,85, 33, '25 25 25 23 ' ,'0 0 0 0 ' ,4 ,0 ,1, 1
47 ,39, 34, '25 23 25 27 ' ,'0 0 0 0 ' ,5 ,1 ,1, 0
108 ,38, 93, '29 30 28 85 ' ,'0 0 0 0 ' ,57 ,1 ,1, 0
64 ,97, 49, '24 35 24 27 ' ,'0 0 0 0 ' ,17 ,1 ,1, 1
85 ,55, 70, '28 23 28 25 ' ,'0 0 0 0 ' ,6 ,1 ,35, 0
48 ,75, 36, '25 25 24 22 ' ,'0 0 0 0 ' ,5 ,1 ,1, 1
55 ,39, 41, '31 30 31 34 ' ,'0 0 0 0 ' ,5 ,1 ,1, 0
70 ,46, 57, '26 26 26 51 ' ,'0 0 0 0 ' ,25 ,1 ,0, 0
62 ,62, 49, '29 40 29 37 ' ,'0 0 0 0 ' ,11 ,1 ,1, 1
68 ,53, 53, '27 29 26 28 ' ,'0 0 0 0 ' ,4 ,1 ,17, 1
85 ,59, 72, '56 58 58 59 ' ,'0 0 0 0 ' ,6 ,1 ,1, 1
81 ,76, 66, '54 49 51 60 ' ,'0 0 0 0 ' ,10 ,1 ,1, 1
94 ,71, 80, '59 57 58 73 ' ,'0 0 0 0 ' ,16 ,1 ,1, 0
102 ,85, 89, '62 71 57 65 ' ,'0 0 0 0 ' ,25 ,1 ,1, 1
269 ,92, 255, '246 146 185 196 ' ,'0 0 0 0 ' ,85 ,1 ,2, 1
102 ,261, 75, '64 60 65 58 ' ,'0 0 0 0 ' ,12 ,2 ,1, 1
97 ,79, 77, '67 55 65 66 ' ,'0 0 0 0 ' ,15 ,2 ,1, 1
89 ,84, 71, '53 62 55 59 ' ,'0 0 0 0 ' ,10 ,1 ,1, 1
97 ,80, 84, '59 75 57 73 ' ,'0 0 0 0 ' ,20 ,1 ,1, 1
87 ,91, 68, '53 60 60 56 ' ,'0 0 0 0 ' ,7 ,1 ,1, 0
96 ,75, 77, '60 50 54 70 ' ,'0 0 0 0 ' ,19 ,1 ,0, 0
88 ,82, 73, '45 60 63 64 ' ,'0 0 0 0 ' ,14 ,1 ,2, 1
99 ,78, 85, '61 59 58 70 ' ,'0 0 0 0 ' ,22 ,1 ,1, 1
119 ,90, 106, '64 88 64 66 ' ,'0 0 0 0 ' ,30 ,1 ,1, 1
97 ,110, 83, '65 56 63 61 ' ,'0 0 0 0 ' ,12 ,1 ,1, 1
84 ,87, 71, '53 63 63 57 ' ,'0 0 0 0 ' ,11 ,1 ,0, 0
94 ,76, 79, '67 54 69 68 ' ,'0 0 0 0 ' ,19 ,1 ,1, 0
113 ,86, 101, '65 69 66 74 ' ,'0 0 0 0 ' ,29 ,20 ,0, 0
131 ,153, 112, '67 100 67 66 ' ,'0 0 0 0 ' ,40 ,1 ,1, 1
92 ,118, 79, '65 71 67 60 ' ,'0 0 0 0 ' ,13 ,1 ,1, 0
88 ,85, 74, '65 58 61 65 ' ,'0 0 0 0 ' ,7 ,1 ,0, 0
216 ,79, 201, '178 188 169 192 ' ,'0 0 0 0 ' ,24 ,1 ,1, 1
107 ,206, 94, '62 68 69 73 ' ,'0 0 0 0 ' ,23 ,15 ,1, 0
132 ,100, 119, '109 68 74 69 ' ,'0 0 0 0 ' ,44 ,1 ,1, 0
95 ,124, 80, '65 64 66 73 ' ,'0 0 0 0 ' ,9 ,1 ,1, 1
103 ,85, 81, '69 61 62 65 ' ,'0 0 0 0 ' ,15 ,2 ,1, 0
100 ,89, 84, '64 60 72 74 ' ,'0 0 0 0 ' ,16 ,1 ,1, 0
132 ,93, 115, '62 68 68 64 ' ,'0 0 0 0 ' ,43 ,38 ,1, 1
133 ,120, 117, '72 103 72 71 ' ,'0 0 0 0 ' ,35 ,1 ,1, 1
91 ,120, 78, '58 65 66 70 ' ,'0 0 0 0 ' ,14 ,2 ,1, 1
98 ,83, 81, '73 64 68 56 ' ,'0 0 0 0 ' ,20 ,1 ,1, 1
97 ,88, 80, '71 63 68 65 ' ,'0 0 0 0 ' ,13 ,1 ,1, 0
128 ,89, 115, '72 74 68 71 ' ,'0 0 0 0 ' ,37 ,32 ,1, 1
100 ,119, 87, '75 78 69 70 ' ,'0 0 0 0 ' ,10 ,0 ,0, 0
105 ,91, 86, '68 75 65 77 ' ,'0 0 0 0 ' ,11 ,2 ,1, 1
109 ,89, 95, '64 79 68 72 ' ,'0 0 0 0 ' ,18 ,1 ,1, 1
98 ,100, 81, '69 70 70 61 ' ,'0 0 0 0 ' ,13 ,1 ,1, 1
119 ,84, 106, '72 72 61 73 ' ,'0 0 0 0 ' ,35 ,23 ,1, 1
103 ,111, 90, '70 83 73 70 ' ,'0 0 0 0 ' ,13 ,0 ,1, 0
105 ,95, 86, '66 74 68 71 ' ,'0 0 0 0 ' ,8 ,1 ,1, 1
111 ,90, 85, '70 75 60 70 ' ,'0 0 0 0 ' ,19 ,2 ,1, 1
98 ,96, 80, '72 69 71 66 ' ,'0 0 0 0 ' ,9 ,1 ,0, 0
128 ,84, 113, '66 67 71 79 ' ,'0 0 0 0 ' ,40 ,28 ,1, 0
119 ,118, 106, '70 94 75 70 ' ,'0 0 0 0 ' ,26 ,1 ,1, 0
118 ,110, 104, '72 61 93 68 ' ,'0 0 0 0 ' ,36 ,2 ,1, 1
102 ,109, 90, '64 75 61 81 ' ,'0 0 0 0 ' ,20 ,1 ,1, 1
111 ,93, 96, '86 63 74 68 ' ,'0 0 0 0 ' ,26 ,2 ,1, 0
111 ,103, 94, '60 69 70 57 ' ,'0 0 0 0 ' ,32 ,1 ,1, 0
121 ,102, 95, '73 84 75 65 ' ,'0 0 0 0 ' ,23 ,1 ,1, 1
109 ,100, 97, '66 65 86 74 ' ,'0 0 0 0 ' ,24 ,1 ,1, 1
94 ,101, 80, '54 62 59 72 ' ,'0 0 0 0 ' ,17 ,1 ,2, 0
81 ,85, 64, '36 43 55 34 ' ,'0 0 0 0 ' ,24 ,1 ,0, 0
67 ,69, 54, '39 39 36 46 ' ,'0 0 0 0 ' ,11 ,1 ,1, 0
92 ,59, 80, '41 67 40 39 ' ,'0 0 0 0 ' ,34 ,1 ,0, 0
79 ,84, 66, '34 38 54 33 ' ,'0 0 0 0 ' ,25 ,2 ,1, 1
63 ,71, 50, '40 37 41 41 ' ,'0 0 0 0 ' ,7 ,1 ,1, 1
64 ,55, 52, '39 38 39 37 ' ,'0 0 0 0 ' ,9 ,1 ,1, 1
63 ,57, 50, '36 35 33 41 ' ,'0 0 0 0 ' ,7 ,1 ,0, 0
99 ,55, 82, '69 57 30 38 ' ,'0 0 0 0 ' ,44 ,1 ,1, 1
63 ,87, 49, '34 36 43 33 ' ,'0 0 0 0 ' ,9 ,1 ,0, 0
68 ,55, 51, '32 38 35 38 ' ,'0 0 0 0 ' ,7 ,2 ,0, 0
76 ,58, 46, '37 35 35 35 ' ,'0 0 0 0 ' ,5 ,1 ,1, 1
66 ,54, 46, '36 39 39 36 ' ,'0 0 0 0 ' ,4 ,1 ,0, 0
82 ,52, 64, '33 50 34 39 ' ,'0 0 0 0 ' ,24 ,1 ,0, 0
121 ,69, 108, '46 43 97 42 ' ,'0 0 0 0 ' ,58 ,1 ,1, 1
64 ,112, 49, '39 36 36 35 ' ,'0 0 0 0 ' ,5 ,1 ,1, 1
65 ,54, 51, '36 41 37 39 ' ,'0 0 0 0 ' ,4 ,1 ,0, 0
80 ,56, 58, '42 41 43 53 ' ,'0 0 0 0 ' ,10 ,1 ,1, 1
74 ,65, 58, '35 51 33 36 ' ,'0 0 0 0 ' ,18 ,1 ,1, 1
92 ,66, 76, '36 34 66 34 ' ,'0 0 0 0 ' ,34 ,1 ,1, 1
63 ,84, 49, '35 35 36 34 ' ,'0 0 0 0 ' ,6 ,1 ,1, 0
69 ,54, 56, '36 45 35 32 ' ,'0 0 0 0 ' ,17 ,1 ,0, 0
71 ,60, 49, '35 32 36 37 ' ,'0 0 0 0 ' ,10 ,2 ,1, 0
78 ,64, 62, '33 52 34 36 ' ,'0 0 0 0 ' ,21 ,1 ,1, 1
80 ,68, 68, '36 36 57 31 ' ,'0 0 0 0 ' ,30 ,1 ,1, 1
64 ,71, 47, '34 35 38 41 ' ,'0 0 0 0 ' ,7 ,1 ,0, 0
63 ,60, 49, '40 37 36 35 ' ,'0 0 0 0 ' ,7 ,1 ,1, 0
60 ,54, 45, '34 38 32 36 ' ,'0 0 0 0 ' ,7 ,1 ,1, 1
84 ,52, 71, '45 59 45 49 ' ,'0 0 0 0 ' ,19 ,1 ,1, 1
72 ,75, 58, '37 35 54 28 ' ,'0 0 0 0 ' ,27 ,1 ,1, 1
68 ,64, 56, '43 44 43 44 ' ,'0 0 0 0 ' ,4 ,1 ,0, 0
66 ,60, 53, '37 35 37 41 ' ,'0 0 0 0 ' ,11 ,1 ,0, 0
59 ,58, 47, '30 34 29 30 ' ,'0 0 0 0 ' ,8 ,2 ,1, 1
98 ,51, 84, '37 72 37 32 ' ,'0 0 0 0 ' ,44 ,1 ,1, 1
72 ,89, 57, '35 33 48 32 ' ,'0 0 0 0 ' ,16 ,2 ,1, 0
63 ,63, 46, '33 29 33 36 ' ,'0 0 0 0 ' ,10 ,1 ,1, 1
70 ,50, 52, '31 36 32 35 ' ,'0 0 0 0 ' ,11 ,1 ,1, 0
61 ,61, 48, '34 40 30 37 ' ,'0 0 0 0 ' ,11 ,1 ,0, 0
96 ,85, 70, '34 60 31 39 ' ,'0 0 0 0 ' ,29 ,1 ,1, 1
66 ,74, 48, '32 33 44 34 ' ,'0 0 0 0 ' ,12 ,1 ,1, 1
65 ,57, 53, '30 42 31 37 ' ,'0 0 0 0 ' ,16 ,2 ,0, 0
66 ,57, 47, '33 31 32 34 ' ,'0 0 0 0 ' ,6 ,1 ,1, 1
64 ,56, 50, '31 31 34 42 ' ,'0 0 0 0 ' ,10 ,1 ,1, 1
60 ,54, 48, '40 38 36 38 ' ,'0 0 0 0 ' ,4 ,1 ,1, 0
81 ,60, 67, '34 36 56 38 ' ,'0 0 0 0 ' ,24 ,1 ,1, 1
63 ,71, 50, '34 38 39 37 ' ,'0 0 0 0 ' ,9 ,1 ,1, 1
60 ,55, 47, '35 33 36 32 ' ,'0 0 0 0 ' ,7 ,2 ,1, 1
59 ,51, 47, '34 29 30 35 ' ,'0 0 0 0 ' ,8 ,1 ,1, 0
91 ,51, 80, '71 62 66 55 ' ,'0 0 0 0 ' ,19 ,1 ,1, 1
101 ,83, 83, '72 65 73 72 ' ,'0 0 0 0 ' ,10 ,1 ,1, 1
100 ,94, 87, '70 71 69 75 ' ,'0 0 0 0 ' ,8 ,1 ,1, 1
109 ,93, 94, '79 70 84 68 ' ,'0 0 0 0 ' ,19 ,2 ,1, 1
108 ,98, 94, '74 82 82 67 ' ,'0 0 0 0 ' ,19 ,1 ,1, 1
119 ,97, 105, '97 73 67 72 ' ,'0 0 0 0 ' ,30 ,1 ,1, 0
102 ,112, 91, '69 69 73 80 ' ,'0 0 0 0 ' ,14 ,2 ,1, 0
119 ,94, 107, '97 66 76 76 ' ,'0 0 0 0 ' ,32 ,1 ,0, 0
109 ,112, 96, '71 75 66 83 ' ,'0 0 0 0 ' ,22 ,2 ,1, 1
102 ,101, 88, '68 74 67 80 ' ,'0 0 0 0 ' ,14 ,2 ,1, 0
98 ,93, 84, '68 70 71 69 ' ,'0 0 0 0 ' ,5 ,0 ,1, 0
95 ,92, 84, '71 69 76 72 ' ,'0 0 0 0 ' ,4 ,1 ,1, 1
113 ,91, 101, '90 75 73 63 ' ,'0 0 0 0 ' ,30 ,2 ,1, 1
103 ,106, 87, '68 70 73 69 ' ,'0 0 0 0 ' ,10 ,2 ,1, 1
94 ,93, 80, '63 65 67 73 ' ,'0 0 0 0 ' ,5 ,1 ,0, 0
99 ,84, 88, '61 78 66 72 ' ,'0 0 0 0 ' ,19 ,1 ,1, 1
100 ,90, 89, '64 78 61 63 ' ,'0 0 0 0 ' ,20 ,1 ,0, 0
106 ,92, 94, '85 61 64 59 ' ,'0 0 0 0 ' ,28 ,1 ,1, 0
87 ,98, 74, '53 58 56 67 ' ,'0 0 0 0 ' ,14 ,0 ,1, 0
101 ,79, 85, '55 72 71 73 ' ,'0 0 0 0 ' ,23 ,1 ,0, 0
88 ,88, 73, '59 62 61 60 ' ,'0 0 0 0 ' ,5 ,0 ,1, 0
94 ,78, 79, '60 55 47 69 ' ,'0 0 0 0 ' ,26 ,2 ,1, 1
86 ,84, 74, '62 56 59 57 ' ,'0 0 0 0 ' ,9 ,2 ,0, 0
93 ,78, 80, '67 63 59 66 ' ,'0 0 0 0 ' ,13 ,1 ,1, 1
137 ,89, 119, '57 63 55 59 ' ,'0 0 0 0 ' ,56 ,1 ,1, 1
88 ,124, 74, '48 53 62 50 ' ,'0 0 0 0 ' ,15 ,1 ,1, 1
80 ,78, 67, '57 53 51 57 ' ,'0 0 0 0 ' ,8 ,1 ,1, 0
95 ,71, 82, '66 58 62 56 ' ,'0 0 0 0 ' ,16 ,1 ,1, 1
83 ,87, 70, '48 53 57 55 ' ,'0 0 0 0 ' ,7 ,1 ,1, 0
97 ,75, 82, '48 55 72 61 ' ,'0 0 0 0 ' ,26 ,1 ,1, 1
89 ,85, 73, '53 56 63 53 ' ,'0 0 0 0 ' ,12 ,2 ,1, 1
84 ,77, 72, '51 56 52 63 ' ,'0 0 0 0 ' ,13 ,1 ,0, 0
123 ,77, 105, '96 55 52 51 ' ,'0 0 0 0 ' ,44 ,1 ,1, 1
91 ,110, 78, '58 46 58 63 ' ,'0 0 0 0 ' ,23 ,1 ,0, 0
115 ,82, 102, '56 48 89 49 ' ,'0 0 0 0 ' ,44 ,2 ,0, 0
85 ,107, 72, '55 60 58 56 ' ,'0 0 0 0 ' ,9 ,1 ,0, 0
104 ,76, 88, '55 72 53 79 ' ,'0 0 0 0 ' ,26 ,1 ,1, 1
123 ,92, 107, '96 64 51 63 ' ,'0 0 0 0 ' ,45 ,1 ,1, 1
87 ,115, 74, '46 54 52 64 ' ,'0 0 0 0 ' ,20 ,2 ,0, 0
586 ,79, 572, '55 51 559 52 ' ,'0 0 0 0 ' ,513 ,2 ,0, 0
119 ,578, 108, '60 58 60 98 ' ,'0 0 0 0 ' ,42 ,1 ,1, 1
167 ,112, 154, '56 77 58 71 ' ,'0 104226 0 0 ' ,89 ,2 ,1, 1
111 ,157, 97, '84 54 61 70 ' ,'0 0 0 0 ' ,34 ,2 ,1, 1
85 ,102, 69, '60 51 56 58 ' ,'0 0 0 0 ' ,11 ,1 ,0, 0
92 ,77, 80, '50 54 55 66 ' ,'0 0 0 0 ' ,17 ,1 ,0, 0
113 ,83, 101, '58 63 64 90 ' ,'0 0 0 0 ' ,34 ,1 ,1, 1
95 ,106, 78, '48 61 49 66 ' ,'0 0 0 0 ' ,20 ,1 ,1, 1
104 ,88, 90, '79 59 43 72 ' ,'0 0 0 0 ' ,40 ,1 ,1, 0
140 ,96, 68, '58 54 54 63 ' ,'139609 0 0 0 ' ,65 ,2 ,1, 1
85 ,131, 70, '58 58 52 54 ' ,'0 0 0 0 ' ,9 ,1 ,1, 0
168 ,75, 147, '47 57 59 88 ' ,'0 0 0 0 ' ,4 ,0 ,1, 1
208 ,157, 196, '63 56 58 188 ' ,'0 0 0 112868 ' ,131 ,2 ,1, 0
103 ,200, 91, '83 67 67 51 ' ,'0 0 0 0 ' ,35 ,1 ,0, 0
101 ,96, 77, '59 61 55 55 ' ,'0 0 0 0 ' ,15 ,1 ,1, 1
85 ,83, 73, '63 63 58 64 ' ,'0 0 0 0 ' ,7 ,1 ,1, 1
96 ,76, 73, '60 60 52 60 ' ,'0 0 0 0 ' ,15 ,0 ,0, 0
143 ,86, 89, '65 59 56 81 ' ,'0 0 0 0 ' ,26 ,1 ,1, 1
93 ,116, 70, '60 56 55 54 ' ,'0 0 0 0 ' ,11 ,3 ,0, 0
90 ,84, 74, '64 58 55 65 ' ,'0 0 0 0 ' ,15 ,1 ,1, 0
109 ,82, 97, '45 71 52 55 ' ,'0 0 0 0 ' ,42 ,1 ,1, 1
98 ,101, 86, '65 61 58 74 ' ,'0 0 0 0 ' ,18 ,1 ,0, 0
86 ,90, 72, '59 60 59 60 ' ,'0 0 0 0 ' ,5 ,1 ,1, 1
94 ,77, 81, '71 56 56 58 ' ,'0 0 0 0 ' ,18 ,1 ,1, 0
86 ,86, 74, '57 64 58 56 ' ,'0 0 0 0 ' ,8 ,1 ,1, 0
98 ,78, 85, '49 60 60 54 ' ,'0 0 0 0 ' ,26 ,0 ,0, 0
84 ,90, 69, '59 54 51 56 ' ,'0 0 0 0 ' ,10 ,1 ,1, 1
91 ,76, 76, '59 63 52 71 ' ,'0 0 0 0 ' ,18 ,0 ,0, 0
106 ,82, 91, '81 61 58 54 ' ,'0 0 0 0 ' ,30 ,0 ,1, 1
86 ,98, 71, '58 57 54 63 ' ,'0 0 0 0 ' ,7 ,1 ,0, 0
82 ,76, 67, '56 54 54 57 ' ,'0 0 0 0 ' ,5 ,1 ,1, 1
126 ,71, 111, '56 51 53 103 ' ,'0 0 0 0 ' ,50 ,2 ,1, 0
83 ,116, 71, '58 60 49 64 ' ,'0 0 0 0 ' ,14 ,1 ,1, 1
114 ,75, 100, '85 64 58 62 ' ,'0 0 0 0 ' ,35 ,1 ,1, 0
86 ,105, 72, '58 58 52 59 ' ,'0 0 0 0 ' ,12 ,1 ,0, 0
97 ,78, 77, '52 67 61 64 ' ,'0 0 0 0 ' ,18 ,1 ,1, 1
116 ,86, 104, '58 59 53 96 ' ,'0 0 0 0 ' ,44 ,1 ,1, 1
85 ,108, 72, '60 61 50 61 ' ,'0 0 0 0 ' ,15 ,1 ,1, 1
102 ,79, 87, '75 63 58 68 ' ,'0 0 0 0 ' ,22 ,2 ,1, 1
94 ,92, 81, '53 59 70 62 ' ,'0 0 0 0 ' ,20 ,2 ,1, 0
88 ,86, 75, '60 57 63 63 ' ,'0 0 0 0 ' ,9 ,1 ,1, 1
102 ,78, 90, '63 58 56 81 ' ,'0 0 0 0 ' ,26 ,1 ,1, 1
93 ,94, 77, '54 56 56 62 ' ,'0 0 0 0 ' ,9 ,1 ,1, 1
103 ,82, 89, '78 59 57 60 ' ,'0 0 0 0 ' ,23 ,2 ,0, 0
93 ,94, 77, '52 56 56 63 ' ,'0 0 0 0 ' ,18 ,2 ,0, 0
88 ,84, 77, '61 63 55 65 ' ,'0 0 0 0 ' ,11 ,2 ,1, 1
91 ,80, 75, '57 58 64 69 ' ,'0 0 0 0 ' ,11 ,1 ,0, 0
92 ,80, 78, '50 47 55 69 ' ,'0 0 0 0 ' ,21 ,1 ,1, 0
97 ,82, 84, '72 65 61 60 ' ,'0 0 0 0 ' ,17 ,2 ,1, 1
93 ,88, 79, '53 62 57 72 ' ,'0 0 0 0 ' ,18 ,1 ,1, 0
91 ,84, 74, '60 53 66 59 ' ,'0 0 0 0 ' ,16 ,2 ,0, 0
105 ,83, 94, '59 62 59 85 ' ,'0 0 0 0 ' ,27 ,1 ,1, 1
101 ,97, 75, '51 64 59 65 ' ,'0 0 0 0 ' ,16 ,0 ,1, 1
94 ,82, 80, '67 56 69 61 ' ,'0 0 0 0 ' ,16 ,2 ,1, 0
93 ,85, 79, '55 63 64 66 ' ,'0 0 0 0 ' ,16 ,1 ,1, 0
96 ,83, 84, '62 72 66 63 ' ,'0 0 0 0 ' ,10 ,1 ,1, 1
117 ,89, 105, '65 67 72 95 ' ,'0 0 0 0 ' ,33 ,2 ,1, 1
95 ,110, 81, '69 68 72 67 ' ,'0 0 0 0 ' ,8 ,0 ,0, 0
104 ,86, 90, '80 73 72 64 ' ,'0 0 0 0 ' ,19 ,1 ,1, 1
97 ,93, 84, '70 71 72 59 ' ,'0 0 0 0 ' ,19 ,1 ,0, 0
90 ,89, 76, '54 66 63 62 ' ,'0 0 0 0 ' ,14 ,1 ,1, 0
98 ,81, 84, '70 69 69 72 ' ,'0 0 0 0 ' ,7 ,1 ,1, 0
91 ,89, 76, '65 59 66 66 ' ,'0 0 0 0 ' ,7 ,1 ,1, 1
123 ,82, 108, '97 71 74 68 ' ,'0 0 0 0 ' ,32 ,1 ,0, 0
100 ,113, 80, '65 69 67 60 ' ,'0 0 0 0 ' ,14 ,1 ,0, 0
99 ,85, 84, '67 74 71 61 ' ,'0 0 0 0 ' ,19 ,1 ,1, 1
133 ,92, 117, '67 65 62 106 ' ,'0 0 0 0 ' ,45 ,1 ,1, 1
96 ,121, 83, '66 67 68 72 ' ,'0 0 0 0 ' ,9 ,2 ,1, 1
123 ,87, 101, '90 67 68 61 ' ,'0 0 0 0 ' ,33 ,0 ,0, 0
96 ,107, 78, '66 67 62 63 ' ,'0 0 0 0 ' ,9 ,1 ,1, 1
96 ,84, 81, '63 70 55 70 ' ,'0 0 0 0 ' ,18 ,1 ,0, 0
145 ,86, 132, '63 62 91 124 ' ,'0 0 0 0 ' ,56 ,1 ,1, 1
97 ,136, 82, '63 59 68 74 ' ,'0 0 0 0 ' ,14 ,1 ,1, 0
