1190 ,0, 1104, '744 614 657 551 ' ,'494809 371979 425067 288054 ' ,443 ,3 ,10, 10
677 ,2025, 163, '142 135 131 141 ' ,'0 0 0 0 ' ,506 ,2 ,4, 4
156 ,669, 122, '60 109 69 71 ' ,'0 0 0 0 ' ,50 ,1 ,7, 6
111 ,161, 87, '68 73 71 77 ' ,'0 0 0 0 ' ,12 ,1 ,1, 1
172 ,102, 148, '72 136 74 78 ' ,'0 0 0 0 ' ,69 ,3 ,2, 2
107 ,162, 91, '71 65 70 70 ' ,'0 0 0 0 ' ,16 ,1 ,1, 1
117 ,100, 95, '71 79 70 74 ' ,'0 0 0 0 ' ,12 ,1 ,2, 2
187 ,104, 172, '81 153 79 78 ' ,'0 0 0 0 ' ,78 ,2 ,2, 1
127 ,177, 104, '80 76 76 75 ' ,'0 0 0 0 ' ,15 ,1 ,2, 2
135 ,108, 121, '93 84 101 84 ' ,'0 0 0 0 ' ,19 ,1 ,2, 1
106 ,127, 93, '73 68 72 77 ' ,'0 0 0 0 ' ,16 ,2 ,1, 1
127 ,98, 101, '88 90 85 90 ' ,'0 0 0 0 ' ,8 ,1 ,2, 1
123 ,117, 108, '69 96 70 74 ' ,'0 0 0 0 ' ,22 ,1 ,2, 2
111 ,114, 96, '74 70 68 84 ' ,'0 0 0 0 ' ,17 ,2 ,1, 1
112 ,102, 96, '71 69 81 69 ' ,'0 0 0 0 ' ,18 ,2 ,2, 2
107 ,101, 94, '70 67 68 70 ' ,'0 0 0 0 ' ,17 ,2 ,2, 2
117 ,99, 101, '87 85 90 88 ' ,'0 0 0 0 ' ,5 ,1 ,2, 1
104 ,108, 87, '71 69 73 72 ' ,'0 0 0 0 ' ,5 ,2 ,1, 1
128 ,96, 114, '103 92 96 99 ' ,'0 0 0 0 ' ,13 ,1 ,2, 2
128 ,121, 114, '73 75 107 81 ' ,'0 0 0 0 ' ,35 ,2 ,1, 1
122 ,120, 105, '96 94 96 96 ' ,'0 0 0 0 ' ,5 ,1 ,2, 1
124 ,113, 103, '91 86 91 92 ' ,'0 0 0 0 ' ,6 ,1 ,1, 1
127 ,114, 110, '88 84 101 83 ' ,'0 0 0 0 ' ,18 ,1 ,2, 1
110 ,114, 94, '76 79 82 77 ' ,'0 0 0 0 ' ,11 ,0 ,2, 2
109 ,98, 93, '71 69 85 73 ' ,'0 0 0 0 ' ,17 ,1 ,1, 1
99 ,99, 85, '72 72 70 70 ' ,'0 0 0 0 ' ,6 ,1 ,1, 1
110 ,89, 92, '78 76 80 79 ' ,'0 0 0 0 ' ,14 ,1 ,2, 1
120 ,102, 104, '93 85 93 84 ' ,'0 0 0 0 ' ,13 ,2 ,2, 1
96 ,128, 78, '64 69 61 61 ' ,'0 0 0 0 ' ,9 ,0 ,1, 1
124 ,84, 110, '80 71 101 72 ' ,'0 0 0 0 ' ,31 ,1 ,2, 1
115 ,114, 98, '89 85 86 87 ' ,'0 0 0 0 ' ,6 ,1 ,2, 1
123 ,102, 110, '88 85 93 85 ' ,'0 0 0 0 ' ,12 ,1 ,3, 2
116 ,115, 102, '92 74 78 82 ' ,'0 0 0 0 ' ,19 ,1 ,1, 1
98 ,121, 86, '74 72 70 71 ' ,'0 0 0 0 ' ,9 ,1 ,1, 1
110 ,89, 97, '86 77 79 81 ' ,'0 0 0 0 ' ,9 ,1 ,2, 2
100 ,103, 87, '73 71 71 72 ' ,'0 0 0 0 ' ,8 ,1 ,2, 1
121 ,91, 107, '91 90 93 91 ' ,'0 0 0 0 ' ,11 ,1 ,1, 1
122 ,111, 107, '89 83 85 87 ' ,'0 0 0 0 ' ,15 ,2 ,1, 1
117 ,129, 99, '82 82 88 91 ' ,'0 0 0 0 ' ,11 ,2 ,1, 1
107 ,109, 93, '78 76 77 77 ' ,'0 0 0 0 ' ,8 ,2 ,2, 2
112 ,98, 92, '83 81 79 76 ' ,'0 0 0 0 ' ,8 ,1 ,2, 2
102 ,102, 89, '77 74 75 77 ' ,'0 0 0 0 ' ,6 ,2 ,1, 1
104 ,94, 91, '74 67 74 81 ' ,'0 0 0 0 ' ,16 ,2 ,2, 2
89 ,97, 76, '64 61 62 65 ' ,'0 0 0 0 ' ,6 ,1 ,1, 1
100 ,81, 83, '74 74 73 70 ' ,'0 0 0 0 ' ,5 ,1 ,2, 2
100 ,107, 82, '67 67 68 69 ' ,'0 0 0 0 ' ,6 ,2 ,2, 2
111 ,87, 97, '87 86 86 83 ' ,'0 0 0 0 ' ,8 ,2 ,1, 1
131 ,103, 116, '105 84 87 83 ' ,'0 0 0 0 ' ,23 ,2 ,2, 2
129 ,123, 114, '96 93 96 104 ' ,'0 0 0 0 ' ,12 ,1 ,2, 2
94 ,120, 81, '62 61 61 72 ' ,'0 0 0 0 ' ,12 ,1 ,2, 2
90 ,86, 75, '66 64 66 62 ' ,'0 0 0 0 ' ,7 ,1 ,1, 1
98 ,82, 85, '63 63 61 75 ' ,'0 0 0 0 ' ,14 ,2 ,3, 1
113 ,89, 95, '86 65 64 66 ' ,'0 0 0 0 ' ,22 ,2 ,1, 1
114 ,103, 97, '74 75 70 88 ' ,'0 0 0 0 ' ,15 ,1 ,1, 1
119 ,102, 106, '77 75 75 98 ' ,'0 0 0 0 ' ,23 ,1 ,2, 2
97 ,111, 83, '67 62 64 71 ' ,'0 0 0 0 ' ,8 ,1 ,1, 1
117 ,88, 101, '78 85 78 93 ' ,'0 0 0 0 ' ,17 ,2 ,2, 2
105 ,108, 91, '72 70 72 82 ' ,'0 0 0 0 ' ,11 ,1 ,2, 2
135 ,96, 119, '75 73 75 108 ' ,'0 0 0 0 ' ,35 ,2 ,2, 2
97 ,123, 81, '64 65 64 65 ' ,'0 0 0 0 ' ,7 ,1 ,1, 1
99 ,86, 86, '72 75 69 75 ' ,'0 0 0 0 ' ,8 ,1 ,2, 2
95 ,92, 82, '68 69 69 71 ' ,'0 0 0 0 ' ,5 ,1 ,2, 1
111 ,87, 93, '78 79 78 80 ' ,'0 0 0 0 ' ,7 ,2 ,2, 2
110 ,99, 97, '74 60 62 89 ' ,'0 0 0 0 ' ,25 ,0 ,3, 2
105 ,100, 92, '77 73 74 82 ' ,'0 0 0 0 ' ,9 ,1 ,1, 1
119 ,96, 102, '77 77 81 93 ' ,'0 0 0 0 ' ,16 ,0 ,2, 2
100 ,109, 88, '77 75 78 78 ' ,'0 0 0 0 ' ,3 ,1 ,1, 1
96 ,93, 84, '68 74 67 76 ' ,'0 0 0 0 ' ,7 ,1 ,2, 2
124 ,87, 110, '84 70 70 87 ' ,'0 0 0 0 ' ,30 ,1 ,2, 2
88 ,114, 73, '63 62 60 65 ' ,'0 0 0 0 ' ,6 ,1 ,1, 1
97 ,77, 80, '71 71 70 77 ' ,'0 0 0 0 ' ,6 ,0 ,1, 1
104 ,90, 92, '73 69 67 84 ' ,'0 0 0 0 ' ,15 ,1 ,2, 2
100 ,98, 88, '72 71 75 73 ' ,'0 0 0 0 ' ,9 ,1 ,2, 2
115 ,92, 103, '86 75 78 96 ' ,'0 0 0 0 ' ,20 ,1 ,1, 1
121 ,109, 105, '84 86 85 94 ' ,'0 0 0 0 ' ,10 ,1 ,3, 2
143 ,111, 88, '73 71 73 74 ' ,'0 0 0 0 ' ,7 ,1 ,1, 1
101 ,98, 83, '69 68 70 74 ' ,'0 0 0 0 ' ,6 ,1 ,1, 1
132 ,93, 117, '84 84 84 98 ' ,'0 0 0 0 ' ,19 ,1 ,2, 2
165 ,209, 148, '100 68 68 139 ' ,'0 0 0 0 ' ,68 ,0 ,1, 1
118 ,153, 100, '83 83 83 87 ' ,'0 0 0 0 ' ,7 ,2 ,1, 1
135 ,108, 86, '76 71 73 72 ' ,'0 0 0 0 ' ,6 ,2 ,2, 1
110 ,93, 86, '75 70 69 70 ' ,'0 0 0 0 ' ,5 ,1 ,2, 2
109 ,94, 88, '70 69 70 70 ' ,'0 0 0 0 ' ,5 ,1 ,3, 2
123 ,92, 106, '84 66 62 97 ' ,'0 0 0 0 ' ,35 ,1 ,2, 2
129 ,116, 78, '67 59 66 64 ' ,'0 0 0 0 ' ,9 ,1 ,1, 1
101 ,121, 87, '72 70 74 69 ' ,'0 0 0 0 ' ,5 ,1 ,1, 1
106 ,92, 90, '76 75 76 75 ' ,'0 0 0 0 ' ,7 ,1 ,1, 1
94 ,98, 78, '64 64 65 63 ' ,'0 0 0 0 ' ,6 ,0 ,2, 2
150 ,85, 135, '100 76 81 120 ' ,'0 0 0 0 ' ,45 ,1 ,2, 2
106 ,139, 92, '77 76 75 83 ' ,'0 0 0 0 ' ,8 ,1 ,1, 1
111 ,96, 97, '81 79 79 80 ' ,'0 0 0 0 ' ,8 ,2 ,2, 2
125 ,102, 106, '91 89 93 98 ' ,'0 0 0 0 ' ,5 ,0 ,2, 2
100 ,116, 87, '69 67 69 71 ' ,'0 0 0 0 ' ,7 ,1 ,2, 1
123 ,91, 108, '69 63 64 97 ' ,'0 0 0 0 ' ,35 ,1 ,2, 2
114 ,112, 101, '83 84 83 86 ' ,'0 0 0 0 ' ,6 ,1 ,2, 1
103 ,106, 89, '72 72 72 70 ' ,'0 0 0 0 ' ,10 ,1 ,2, 1
159 ,94, 88, '70 71 70 73 ' ,'0 0 0 0 ' ,5 ,1 ,2, 2
101 ,93, 87, '73 71 73 71 ' ,'0 0 0 0 ' ,6 ,0 ,1, 1
116 ,93, 102, '66 63 62 91 ' ,'0 0 0 0 ' ,29 ,2 ,3, 2
92 ,108, 79, '61 59 62 68 ' ,'0 0 0 0 ' ,7 ,2 ,2, 2
101 ,83, 87, '73 71 71 69 ' ,'0 0 0 0 ' ,9 ,1 ,1, 1
97 ,92, 84, '70 67 67 74 ' ,'0 0 0 0 ' ,7 ,2 ,2, 1
146 ,88, 129, '92 63 114 63 ' ,'0 0 0 0 ' ,56 ,2 ,2, 1
114 ,139, 100, '89 76 77 91 ' ,'0 0 0 0 ' ,14 ,1 ,1, 1
115 ,106, 102, '83 81 81 92 ' ,'0 0 0 0 ' ,8 ,1 ,2, 1
101 ,106, 88, '74 70 71 71 ' ,'0 0 0 0 ' ,6 ,1 ,2, 2
102 ,93, 86, '68 74 66 71 ' ,'0 0 0 0 ' ,8 ,1 ,1, 1
103 ,94, 85, '73 71 73 70 ' ,'0 0 0 0 ' ,6 ,1 ,1, 1
123 ,92, 108, '94 85 85 94 ' ,'0 0 0 0 ' ,14 ,2 ,2, 1
104 ,114, 90, '69 78 69 80 ' ,'0 0 0 0 ' ,13 ,1 ,1, 1
113 ,95, 98, '79 82 81 79 ' ,'0 0 0 0 ' ,9 ,2 ,2, 2
104 ,105, 91, '70 68 69 75 ' ,'0 0 0 0 ' ,9 ,1 ,2, 1
157 ,95, 136, '79 78 81 125 ' ,'0 0 0 0 ' ,46 ,2 ,1, 1
170 ,146, 152, '87 72 69 144 ' ,'0 0 0 0 ' ,75 ,1 ,2, 2
100 ,160, 87, '71 72 69 75 ' ,'0 0 0 0 ' ,9 ,2 ,1, 1
92 ,93, 80, '63 66 64 70 ' ,'0 0 0 0 ' ,7 ,1 ,2, 2
104 ,85, 88, '74 73 72 70 ' ,'0 0 0 0 ' ,10 ,1 ,2, 2
91 ,96, 77, '65 63 64 62 ' ,'0 0 0 0 ' ,8 ,1 ,2, 2
155 ,80, 140, '85 64 62 126 ' ,'0 0 0 0 ' ,68 ,2 ,2, 1
97 ,145, 84, '67 65 65 63 ' ,'0 0 0 0 ' ,8 ,1 ,2, 2
120 ,89, 98, '84 75 76 79 ' ,'0 0 0 0 ' ,13 ,1 ,2, 2
93 ,112, 79, '62 59 60 65 ' ,'0 0 0 0 ' ,8 ,1 ,1, 1
114 ,84, 99, '78 79 79 83 ' ,'0 0 0 0 ' ,8 ,2 ,3, 2
137 ,102, 121, '96 88 70 108 ' ,'0 0 0 0 ' ,41 ,2 ,2, 2
197 ,125, 183, '164 158 160 162 ' ,'0 0 0 0 ' ,10 ,2 ,3, 2
701 ,187, 685, '672 163 214 160 ' ,'429555 0 0 0 ' ,516 ,2 ,1, 1
438 ,690, 167, '154 152 154 157 ' ,'0 331450 0 0 ' ,260 ,2 ,2, 2
265 ,430, 247, '173 175 171 183 ' ,'0 0 0 0 ' ,64 ,1 ,1, 1
358 ,257, 339, '297 306 319 292 ' ,'0 0 0 0 ' ,36 ,2 ,2, 2
240 ,349, 221, '166 166 177 161 ' ,'0 0 0 0 ' ,52 ,2 ,2, 2
210 ,229, 196, '171 168 179 170 ' ,'0 0 0 0 ' ,15 ,1 ,2, 2
194 ,205, 181, '153 164 149 165 ' ,'0 0 0 0 ' ,21 ,2 ,2, 2
198 ,185, 184, '164 171 168 165 ' ,'0 0 0 0 ' ,9 ,2 ,1, 1
217 ,190, 202, '177 187 159 175 ' ,'0 0 0 0 ' ,32 ,1 ,2, 2
714 ,210, 699, '179 174 687 168 ' ,'0 0 431503 0 ' ,521 ,1 ,2, 1
210 ,704, 197, '180 152 173 156 ' ,'0 0 0 0 ' ,31 ,2 ,2, 1
196 ,201, 181, '165 168 168 161 ' ,'0 0 0 0 ' ,11 ,1 ,2, 1
235 ,188, 220, '203 180 188 179 ' ,'0 0 0 0 ' ,30 ,2 ,2, 2
230 ,226, 217, '185 202 176 186 ' ,'0 0 0 0 ' ,18 ,2 ,2, 2
220 ,221, 206, '188 188 181 178 ' ,'0 0 0 0 ' ,19 ,2 ,1, 1
214 ,212, 200, '184 169 170 187 ' ,'0 0 0 0 ' ,20 ,1 ,2, 2
245 ,206, 221, '188 193 186 207 ' ,'0 0 0 0 ' ,29 ,2 ,3, 2
237 ,235, 223, '175 186 177 198 ' ,'0 0 0 0 ' ,36 ,2 ,2, 2
241 ,229, 229, '201 197 190 215 ' ,'0 0 0 0 ' ,27 ,1 ,3, 2
221 ,232, 203, '178 188 169 177 ' ,'0 0 0 0 ' ,25 ,1 ,2, 2
1085 ,209, 1072, '1052 665 877 1063 ' ,'478687 181361 350714 538559 ' ,396 ,1 ,2, 2
303 ,1077, 286, '271 193 187 181 ' ,'0 0 0 0 ' ,93 ,2 ,2, 2
262 ,294, 249, '214 185 175 235 ' ,'0 0 0 0 ' ,64 ,2 ,2, 1
289 ,253, 271, '226 173 217 180 ' ,'0 0 0 0 ' ,88 ,2 ,1, 1
388 ,277, 367, '170 172 194 173 ' ,'0 0 0 0 ' ,183 ,3 ,3, 3
285 ,378, 245, '182 189 195 184 ' ,'0 0 5322489 0 ' ,51 ,2 ,3, 2
227 ,270, 211, '191 194 190 184 ' ,'0 0 0 0 ' ,16 ,2 ,3, 3
267 ,218, 255, '179 231 168 239 ' ,'0 0 0 0 ' ,74 ,2 ,2, 2
223 ,259, 207, '190 186 190 182 ' ,'0 0 0 0 ' ,16 ,2 ,2, 2
218 ,213, 206, '186 188 191 183 ' ,'0 0 0 0 ' ,13 ,2 ,3, 2
232 ,209, 220, '181 203 183 191 ' ,'0 0 0 0 ' ,28 ,2 ,2, 2
231 ,225, 218, '191 195 199 203 ' ,'0 0 0 0 ' ,15 ,2 ,2, 2
273 ,223, 260, '221 215 188 246 ' ,'0 0 0 0 ' ,62 ,1 ,1, 1
228 ,266, 216, '178 202 180 202 ' ,'0 0 0 0 ' ,26 ,2 ,2, 2
236 ,220, 223, '176 194 195 196 ' ,'0 0 0 0 ' ,23 ,1 ,2, 2
237 ,228, 224, '181 186 187 212 ' ,'0 0 0 0 ' ,32 ,1 ,3, 2
217 ,228, 205, '185 191 183 192 ' ,'0 0 0 0 ' ,10 ,1 ,2, 2
240 ,211, 227, '187 202 202 214 ' ,'0 0 0 0 ' ,29 ,2 ,2, 2
221 ,232, 208, '181 191 184 193 ' ,'0 0 0 0 ' ,14 ,1 ,3, 2
230 ,212, 215, '186 198 191 193 ' ,'0 0 0 0 ' ,17 ,2 ,2, 2
222 ,223, 209, '176 183 180 192 ' ,'0 0 0 0 ' ,19 ,3 ,3, 2
224 ,214, 209, '189 192 176 192 ' ,'0 0 0 0 ' ,22 ,3 ,2, 2
287 ,216, 272, '210 216 191 258 ' ,'0 0 0 0 ' ,70 ,2 ,2, 2
224 ,277, 210, '169 185 193 193 ' ,'0 0 0 0 ' ,28 ,2 ,3, 3
231 ,214, 215, '194 191 197 188 ' ,'0 0 0 0 ' ,14 ,2 ,2, 2
228 ,221, 215, '187 185 200 185 ' ,'0 0 0 0 ' ,18 ,1 ,3, 3
221 ,220, 209, '181 185 188 192 ' ,'0 0 0 0 ' ,16 ,2 ,3, 2
247 ,213, 232, '198 214 189 185 ' ,'0 0 0 0 ' ,34 ,2 ,2, 2
205 ,238, 192, '177 156 169 164 ' ,'0 0 0 0 ' ,23 ,2 ,3, 2
153 ,197, 140, '115 109 124 109 ' ,'0 0 0 0 ' ,19 ,2 ,3, 2
141 ,146, 129, '103 112 97 114 ' ,'0 0 0 0 ' ,13 ,1 ,3, 3
139 ,134, 119, '97 95 103 102 ' ,'0 0 0 0 ' ,11 ,1 ,3, 3
150 ,123, 136, '112 115 102 121 ' ,'0 0 0 0 ' ,21 ,2 ,3, 2
138 ,141, 123, '103 107 97 95 ' ,'0 0 0 0 ' ,14 ,2 ,3, 3
152 ,130, 133, '96 98 117 108 ' ,'0 0 0 0 ' ,24 ,2 ,2, 2
138 ,144, 123, '92 92 94 108 ' ,'0 0 0 0 ' ,20 ,3 ,1, 1
127 ,128, 114, '90 94 93 98 ' ,'0 0 0 0 ' ,12 ,1 ,2, 2
182 ,118, 169, '112 119 99 151 ' ,'0 0 0 0 ' ,57 ,3 ,2, 2
129 ,173, 116, '91 94 92 97 ' ,'0 0 0 0 ' ,10 ,1 ,2, 2
129 ,121, 115, '96 97 99 95 ' ,'0 0 0 0 ' ,9 ,2 ,2, 2
141 ,120, 115, '93 97 96 95 ' ,'0 0 0 0 ' ,10 ,1 ,1, 1
130 ,128, 116, '99 97 99 90 ' ,'0 0 0 0 ' ,14 ,2 ,1, 1
206 ,122, 192, '147 145 127 178 ' ,'0 0 0 0 ' ,54 ,2 ,2, 2
138 ,197, 123, '98 102 97 108 ' ,'0 0 0 0 ' ,12 ,2 ,3, 3
132 ,127, 119, '101 97 98 100 ' ,'0 0 0 0 ' ,9 ,1 ,3, 2
170 ,123, 153, '113 127 125 137 ' ,'0 0 0 0 ' ,26 ,2 ,3, 2
128 ,158, 115, '85 92 100 98 ' ,'0 0 0 0 ' ,17 ,2 ,2, 2
163 ,120, 148, '109 115 85 134 ' ,'0 0 0 0 ' ,49 ,2 ,3, 2
130 ,155, 116, '99 88 89 93 ' ,'0 0 0 0 ' ,11 ,1 ,3, 2
148 ,120, 132, '94 94 116 94 ' ,'0 0 0 0 ' ,25 ,2 ,2, 2
128 ,139, 115, '94 87 86 87 ' ,'0 0 0 0 ' ,15 ,3 ,2, 2
123 ,120, 112, '89 84 90 98 ' ,'0 0 0 0 ' ,14 ,1 ,2, 2
161 ,118, 131, '113 108 93 101 ' ,'0 0 0 0 ' ,24 ,2 ,2, 2
146 ,140, 134, '93 109 98 93 ' ,'0 0 0 0 ' ,28 ,1 ,3, 3
139 ,138, 125, '97 99 94 96 ' ,'0 0 0 0 ' ,10 ,1 ,2, 2
141 ,131, 128, '99 92 95 92 ' ,'0 0 0 0 ' ,23 ,1 ,2, 2
192 ,134, 166, '120 129 126 129 ' ,'0 0 0 0 ' ,26 ,2 ,3, 2
237 ,181, 204, '113 98 97 146 ' ,'0 0 0 0 ' ,87 ,1 ,2, 2
158 ,208, 145, '122 125 124 125 ' ,'0 0 0 0 ' ,7 ,1 ,3, 2
132 ,149, 119, '98 96 95 98 ' ,'0 0 0 0 ' ,12 ,2 ,2, 2
131 ,123, 118, '87 99 93 94 ' ,'0 0 0 0 ' ,12 ,2 ,3, 2
126 ,123, 113, '91 89 90 99 ' ,'0 0 0 0 ' ,10 ,2 ,2, 2
127 ,117, 114, '92 87 94 93 ' ,'0 0 0 0 ' ,9 ,1 ,3, 2
120 ,118, 108, '85 88 87 89 ' ,'0 0 0 0 ' ,8 ,1 ,3, 2
133 ,113, 120, '91 92 96 102 ' ,'0 0 0 0 ' ,14 ,2 ,3, 3
128 ,153, 114, '86 97 91 90 ' ,'0 0 0 0 ' ,15 ,2 ,1, 1
122 ,120, 110, '84 93 86 95 ' ,'0 0 0 0 ' ,11 ,2 ,3, 2
139 ,114, 126, '108 94 87 93 ' ,'0 0 0 0 ' ,26 ,2 ,1, 1
126 ,133, 113, '88 92 86 101 ' ,'0 0 0 0 ' ,14 ,1 ,1, 1
124 ,118, 112, '90 89 92 88 ' ,'0 0 0 0 ' ,14 ,1 ,1, 1
130 ,117, 118, '97 90 97 94 ' ,'0 0 0 0 ' ,10 ,2 ,3, 2
193 ,121, 181, '84 89 89 164 ' ,'0 0 0 0 ' ,79 ,2 ,3, 2
136 ,187, 119, '96 97 92 95 ' ,'0 0 0 0 ' ,11 ,1 ,3, 2
126 ,140, 113, '86 91 90 97 ' ,'0 0 0 0 ' ,7 ,0 ,3, 2
124 ,118, 112, '96 89 88 95 ' ,'0 0 0 0 ' ,11 ,1 ,3, 2
124 ,116, 110, '86 83 89 87 ' ,'0 0 0 0 ' ,8 ,1 ,2, 2
236 ,115, 219, '189 193 195 200 ' ,'0 0 0 0 ' ,11 ,2 ,2, 2
252 ,225, 238, '205 194 204 222 ' ,'0 0 0 0 ' ,29 ,1 ,2, 2
248 ,243, 236, '201 201 210 218 ' ,'0 0 0 0 ' ,19 ,2 ,2, 2
245 ,241, 230, '201 209 204 209 ' ,'0 0 0 0 ' ,8 ,2 ,2, 1
245 ,237, 232, '193 211 208 208 ' ,'0 0 0 0 ' ,26 ,2 ,3, 2
312 ,237, 245, '203 211 184 216 ' ,'0 0 0 0 ' ,34 ,1 ,3, 2
249 ,304, 235, '195 196 215 209 ' ,'0 0 0 0 ' ,27 ,2 ,2, 2
245 ,241, 231, '194 209 205 214 ' ,'0 0 0 0 ' ,25 ,1 ,2, 2
254 ,237, 242, '223 199 213 219 ' ,'0 0 0 0 ' ,27 ,2 ,2, 2
235 ,247, 221, '191 189 202 201 ' ,'0 0 0 0 ' ,17 ,1 ,2, 2
248 ,227, 234, '209 210 204 212 ' ,'0 0 0 0 ' ,15 ,2 ,3, 2
256 ,239, 241, '221 205 197 212 ' ,'0 0 0 0 ' ,28 ,2 ,2, 2
236 ,247, 222, '187 196 198 203 ' ,'0 0 0 0 ' ,20 ,2 ,2, 2
244 ,227, 232, '193 209 194 208 ' ,'0 0 0 0 ' ,23 ,1 ,3, 2
234 ,253, 221, '186 202 199 199 ' ,'0 0 0 0 ' ,23 ,2 ,1, 1
229 ,227, 216, '188 196 180 185 ' ,'0 0 0 0 ' ,20 ,2 ,1, 1
227 ,222, 214, '181 179 198 186 ' ,'0 0 0 0 ' ,16 ,1 ,2, 2
223 ,243, 209, '183 185 178 185 ' ,'0 0 0 0 ' ,16 ,2 ,3, 2
233 ,213, 204, '165 177 176 173 ' ,'0 0 0 0 ' ,17 ,1 ,3, 2
205 ,225, 193, '169 170 160 174 ' ,'0 0 0 0 ' ,19 ,1 ,2, 2
219 ,196, 204, '170 181 189 167 ' ,'0 0 0 0 ' ,23 ,2 ,1, 1
209 ,212, 197, '170 166 158 182 ' ,'0 0 0 0 ' ,23 ,1 ,3, 2
203 ,201, 189, '144 149 139 172 ' ,'0 0 0 0 ' ,37 ,2 ,2, 1
218 ,194, 205, '167 174 177 174 ' ,'0 0 0 0 ' ,24 ,2 ,1, 1
194 ,210, 178, '162 151 147 148 ' ,'0 0 0 0 ' ,15 ,2 ,1, 1
191 ,182, 177, '150 153 155 149 ' ,'0 0 0 0 ' ,12 ,1 ,2, 2
185 ,182, 173, '151 142 142 157 ' ,'0 0 0 0 ' ,18 ,2 ,2, 2
203 ,177, 187, '160 160 154 173 ' ,'0 0 0 0 ' ,20 ,1 ,2, 1
182 ,194, 168, '136 144 145 134 ' ,'0 0 0 0 ' ,21 ,2 ,2, 1
183 ,173, 169, '145 141 148 146 ' ,'0 0 0 0 ' ,9 ,1 ,2, 2
279 ,173, 266, '143 156 158 250 ' ,'0 0 0 0 ' ,110 ,2 ,1, 1
194 ,271, 181, '158 162 148 151 ' ,'0 0 0 0 ' ,18 ,2 ,1, 1
171 ,189, 159, '138 139 135 136 ' ,'0 0 0 0 ' ,9 ,1 ,2, 2
184 ,162, 172, '147 151 153 149 ' ,'0 0 0 0 ' ,10 ,2 ,1, 1
195 ,176, 179, '152 142 150 162 ' ,'0 0 0 0 ' ,17 ,1 ,2, 1
190 ,184, 177, '136 154 151 147 ' ,'0 0 0 0 ' ,25 ,2 ,3, 2
202 ,182, 186, '152 158 158 171 ' ,'0 0 0 0 ' ,21 ,2 ,2, 2
195 ,192, 181, '147 159 162 162 ' ,'0 0 0 0 ' ,21 ,2 ,1, 1
206 ,187, 192, '148 166 161 170 ' ,'0 0 0 0 ' ,31 ,1 ,2, 1
184 ,197, 168, '131 148 148 150 ' ,'0 0 0 0 ' ,25 ,1 ,2, 2
197 ,173, 184, '148 161 163 150 ' ,'0 0 0 0 ' ,20 ,1 ,2, 2
208 ,188, 194, '165 171 171 156 ' ,'0 0 0 0 ' ,20 ,1 ,2, 2
197 ,198, 182, '153 153 158 157 ' ,'0 0 0 0 ' ,12 ,2 ,1, 1
204 ,189, 185, '160 164 152 148 ' ,'0 0 0 0 ' ,21 ,1 ,1, 1
205 ,191, 193, '164 175 166 173 ' ,'0 0 0 0 ' ,13 ,1 ,2, 2
213 ,196, 200, '160 175 165 180 ' ,'0 0 0 0 ' ,23 ,1 ,2, 2
200 ,205, 185, '154 157 162 169 ' ,'0 0 0 0 ' ,16 ,1 ,1, 1
213 ,190, 194, '151 170 161 158 ' ,'0 0 0 0 ' ,27 ,4 ,2, 1
224 ,199, 210, '161 173 171 176 ' ,'0 0 0 0 ' ,18 ,2 ,2, 2
215 ,215, 202, '174 160 181 188 ' ,'0 0 0 0 ' ,24 ,1 ,2, 1
204 ,207, 189, '157 158 163 175 ' ,'0 0 0 0 ' ,18 ,1 ,2, 2
218 ,194, 199, '147 171 166 182 ' ,'0 0 0 0 ' ,37 ,2 ,2, 2
214 ,203, 201, '166 170 171 183 ' ,'0 0 0 0 ' ,14 ,1 ,2, 2
213 ,205, 198, '163 157 172 186 ' ,'0 0 0 0 ' ,17 ,1 ,2, 2
227 ,205, 215, '165 165 172 187 ' ,'0 0 0 0 ' ,35 ,2 ,2, 2
203 ,219, 188, '169 155 167 170 ' ,'0 0 0 0 ' ,15 ,1 ,2, 1
212 ,193, 198, '168 159 168 170 ' ,'0 0 0 0 ' ,24 ,1 ,2, 2
214 ,202, 199, '156 170 175 184 ' ,'0 0 0 0 ' ,26 ,1 ,2, 2
205 ,204, 191, '167 158 172 163 ' ,'0 0 0 0 ' ,14 ,1 ,2, 1
196 ,197, 184, '158 154 158 157 ' ,'0 0 0 0 ' ,12 ,1 ,2, 2
213 ,187, 200, '164 171 160 182 ' ,'0 0 0 0 ' ,23 ,2 ,2, 2
218 ,204, 203, '162 178 162 161 ' ,'0 0 0 0 ' ,27 ,2 ,2, 2
206 ,209, 192, '167 157 155 169 ' ,'0 0 0 0 ' ,22 ,1 ,1, 1
195 ,198, 181, '156 161 161 156 ' ,'0 0 0 0 ' ,13 ,1 ,2, 1
222 ,186, 210, '166 164 144 192 ' ,'0 0 0 0 ' ,51 ,2 ,3, 2
230 ,213, 199, '160 164 170 187 ' ,'0 0 0 0 ' ,20 ,1 ,2, 1
216 ,203, 201, '160 175 167 177 ' ,'0 0 0 0 ' ,17 ,2 ,2, 2
243 ,208, 230, '171 170 174 215 ' ,'0 0 0 0 ' ,39 ,1 ,1, 1
215 ,235, 200, '167 162 173 181 ' ,'0 0 0 0 ' ,15 ,1 ,2, 1
209 ,205, 196, '165 166 162 179 ' ,'0 0 0 0 ' ,15 ,2 ,2, 2
209 ,200, 197, '163 173 150 173 ' ,'0 0 0 0 ' ,31 ,2 ,3, 2
209 ,201, 194, '157 155 169 177 ' ,'0 0 0 0 ' ,23 ,2 ,1, 1
257 ,202, 242, '161 164 149 225 ' ,'0 0 0 0 ' ,76 ,2 ,2, 2
226 ,248, 214, '163 165 160 177 ' ,'0 0 0 0 ' ,36 ,1 ,2, 2
220 ,218, 207, '184 176 183 171 ' ,'0 0 0 0 ' ,20 ,4 ,2, 2
209 ,212, 197, '174 173 162 177 ' ,'0 0 0 0 ' ,8 ,1 ,2, 2
209 ,201, 196, '145 165 172 181 ' ,'0 0 0 0 ' ,35 ,2 ,1, 1
245 ,203, 226, '148 193 177 209 ' ,'0 0 0 0 ' ,61 ,1 ,2, 1
224 ,231, 205, '171 176 181 175 ' ,'0 0 0 0 ' ,9 ,1 ,2, 2
213 ,214, 199, '164 166 167 185 ' ,'0 0 0 0 ' ,16 ,1 ,2, 1
227 ,204, 213, '167 189 174 178 ' ,'0 0 0 0 ' ,29 ,2 ,2, 2
207 ,220, 195, '168 173 166 173 ' ,'0 0 0 0 ' ,10 ,2 ,2, 2
223 ,199, 210, '173 184 175 196 ' ,'0 0 0 0 ' ,11 ,2 ,2, 2
214 ,214, 200, '163 174 175 177 ' ,'0 0 0 0 ' ,13 ,1 ,2, 1
225 ,205, 212, '157 184 176 176 ' ,'0 0 0 0 ' ,39 ,3 ,2, 2
212 ,216, 194, '163 163 173 179 ' ,'0 0 0 0 ' ,9 ,1 ,1, 1
212 ,198, 201, '167 176 165 170 ' ,'0 0 0 0 ' ,18 ,1 ,3, 2
226 ,204, 214, '159 191 175 197 ' ,'0 0 0 0 ' ,33 ,1 ,3, 2
211 ,218, 194, '159 171 171 171 ' ,'0 0 0 0 ' ,19 ,1 ,1, 1
216 ,201, 200, '175 174 169 183 ' ,'0 0 0 0 ' ,8 ,1 ,2, 2
216 ,208, 202, '177 178 160 173 ' ,'0 0 0 0 ' ,25 ,2 ,2, 2
210 ,206, 198, '163 172 174 169 ' ,'0 0 0 0 ' ,15 ,2 ,2, 2
258 ,202, 241, '173 217 180 181 ' ,'0 0 0 0 ' ,47 ,1 ,2, 2
211 ,245, 199, '172 166 171 168 ' ,'0 0 0 0 ' ,17 ,1 ,2, 2
234 ,202, 213, '178 184 189 179 ' ,'0 0 0 0 ' ,12 ,1 ,2, 2
238 ,229, 225, '199 185 199 200 ' ,'0 0 0 0 ' ,20 ,2 ,3, 2
259 ,228, 246, '186 170 193 224 ' ,'0 0 0 0 ' ,57 ,2 ,3, 3
270 ,250, 250, '196 222 194 204 ' ,'0 0 0 0 ' ,35 ,2 ,1, 1
462 ,261, 450, '182 178 204 200 ' ,'0 0 0 0 ' ,256 ,3 ,3, 2
237 ,455, 227, '189 177 179 208 ' ,'0 0 0 0 ' ,34 ,6 ,2, 2
311 ,230, 299, '186 177 187 279 ' ,'0 0 0 0 ' ,101 ,2 ,2, 2
220 ,304, 208, '177 174 184 187 ' ,'0 0 0 0 ' ,15 ,1 ,1, 1
270 ,212, 255, '189 228 185 193 ' ,'0 0 0 0 ' ,48 ,2 ,2, 2
234 ,262, 222, '202 195 188 193 ' ,'0 0 0 0 ' ,15 ,2 ,2, 1
219 ,227, 206, '177 176 180 181 ' ,'0 0 0 0 ' ,14 ,1 ,2, 1
226 ,212, 209, '174 185 184 190 ' ,'0 0 0 0 ' ,22 ,1 ,2, 2
239 ,217, 226, '180 201 197 190 ' ,'0 0 0 0 ' ,30 ,2 ,1, 1
462 ,231, 443, '183 284 192 200 ' ,'0 0 0 0 ' ,229 ,2 ,2, 2
416 ,453, 401, '185 377 188 168 ' ,'0 193137 0 0 ' ,220 ,3 ,3, 2
220 ,408, 207, '179 189 176 190 ' ,'0 0 0 0 ' ,10 ,1 ,2, 1
233 ,211, 219, '179 186 182 201 ' ,'0 0 0 0 ' ,22 ,3 ,2, 2
227 ,225, 215, '170 186 167 195 ' ,'0 0 0 0 ' ,31 ,2 ,2, 1
