874 ,0, 806, '217 152 148 158 756 228 133 160 140 727 219 145 111 114 676 180 ' ,'0 0 0 0 0 0 0 0 0 0 0 0 0 0 0 0 ' ,640 ,3 ,3, 2
225 ,832, 205, '192 104 147 155 123 173 145 164 152 110 193 153 93 102 133 145 ' ,'0 0 0 0 0 0 0 0 0 0 0 0 0 0 0 0 ' ,103 ,0 ,1, 1
1235 ,220, 1212, '40 25 26 27 26 28 30 26 25 26 24 22 333 22 21 27 ' ,'0 0 0 0 0 0 0 0 0 0 0 0 0 0 0 0 ' ,1181 ,0 ,2, 2
66 ,1264, 48, '34 25 26 29 26 24 25 25 36 30 23 26 20 21 22 36 ' ,'0 0 0 0 0 0 0 0 0 0 0 0 0 0 0 0 ' ,18 ,1 ,1, 1
121 ,57, 101, '27 38 32 32 91 39 27 29 32 86 31 27 22 24 81 29 ' ,'0 0 0 0 0 0 0 0 0 0 0 0 0 0 0 0 ' ,67 ,1 ,2, 1
64 ,115, 40, '23 21 28 30 28 23 25 22 32 27 21 22 16 25 22 17 ' ,'0 0 0 0 0 0 0 0 0 0 0 0 0 0 0 0 ' ,16 ,0 ,2, 2
73 ,53, 55, '29 29 30 35 30 27 27 32 30 30 33 31 20 25 24 22 ' ,'0 0 0 0 0 0 0 0 0 0 0 0 0 0 0 0 ' ,24 ,1 ,1, 1
81 ,63, 62, '47 26 40 33 30 43 27 25 27 34 35 38 29 22 21 16 ' ,'0 0 0 0 0 0 0 0 0 0 0 0 0 0 0 0 ' ,31 ,1 ,2, 2
73 ,73, 50, '28 26 30 33 32 26 38 36 28 29 34 30 20 24 22 22 ' ,'0 0 0 0 0 0 0 0 0 0 0 0 0 0 0 0 ' ,18 ,1 ,2, 2
88 ,64, 73, '25 20 30 28 56 21 21 24 30 55 24 28 18 28 20 25 ' ,'0 0 0 0 0 0 0 0 0 0 0 0 0 0 0 0 ' ,43 ,2 ,2, 2
70 ,77, 52, '34 37 29 24 23 29 24 40 24 25 28 26 23 17 18 24 ' ,'0 0 0 0 0 0 0 0 0 0 0 0 0 0 0 0 ' ,25 ,2 ,2, 1
72 ,63, 49, '26 28 31 30 24 30 27 20 23 25 27 32 15 18 18 25 ' ,'0 0 0 0 0 0 0 0 0 0 0 0 0 0 0 0 ' ,27 ,4 ,1, 1
75 ,67, 57, '37 29 31 39 32 31 24 26 40 32 27 28 22 29 23 24 ' ,'0 0 0 0 0 0 0 0 0 0 0 0 0 0 0 0 ' ,24 ,1 ,1, 1
61 ,66, 38, '25 29 26 26 25 25 30 28 25 25 24 29 18 20 19 19 ' ,'0 0 0 0 0 0 0 0 0 0 0 0 0 0 0 0 ' ,18 ,1 ,1, 1
79 ,53, 57, '19 21 30 23 43 21 19 24 23 46 25 19 15 18 37 19 ' ,'0 0 0 0 0 0 0 0 0 0 0 0 0 0 0 0 ' ,36 ,2 ,1, 1
78 ,69, 52, '27 29 30 39 26 27 33 35 35 25 29 29 25 26 19 26 ' ,'0 0 0 0 0 0 0 0 0 0 0 0 0 0 0 0 ' ,23 ,3 ,2, 1
66 ,64, 44, '30 24 28 31 29 26 22 26 36 25 24 26 20 21 21 20 ' ,'0 0 0 0 0 0 0 0 0 0 0 0 0 0 0 0 ' ,21 ,1 ,1, 0
67 ,57, 46, '33 29 30 31 35 25 31 32 32 30 28 27 23 26 25 25 ' ,'0 0 0 0 0 0 0 0 0 0 0 0 0 0 0 0 ' ,16 ,0 ,1, 1
69 ,59, 52, '32 26 22 25 23 29 25 22 26 23 26 22 16 17 23 24 ' ,'0 0 0 0 0 0 0 0 0 0 0 0 0 0 0 0 ' ,21 ,0 ,1, 1
92 ,61, 71, '29 30 32 32 57 31 30 31 36 63 34 32 24 26 51 23 ' ,'0 0 0 0 0 0 0 0 0 0 0 0 0 0 0 0 ' ,41 ,0 ,1, 1
59 ,83, 41, '24 23 22 23 30 29 21 23 26 29 24 22 16 18 17 19 ' ,'0 0 0 0 0 0 0 0 0 0 0 0 0 0 0 0 ' ,15 ,0 ,1, 0
73 ,50, 54, '34 30 31 37 31 37 29 30 31 31 28 26 22 24 24 24 ' ,'0 0 0 0 0 0 0 0 0 0 0 0 0 0 0 0 ' ,26 ,0 ,1, 0
64 ,64, 49, '25 31 32 31 27 26 30 31 26 26 25 25 25 21 21 20 ' ,'0 0 0 0 0 0 0 0 0 0 0 0 0 0 0 0 ' ,23 ,1 ,1, 1
64 ,54, 46, '24 26 27 29 28 31 25 26 25 25 35 22 21 22 20 21 ' ,'0 0 0 0 0 0 0 0 0 0 0 0 0 0 0 0 ' ,21 ,0 ,0, 0
110 ,55, 90, '27 26 28 26 80 30 27 27 20 74 23 24 20 16 65 20 ' ,'0 0 0 0 0 0 0 0 0 0 0 0 0 0 0 0 ' ,64 ,1 ,1, 1
64 ,96, 46, '30 36 33 30 29 33 33 30 31 26 25 32 20 23 22 22 ' ,'0 0 0 0 0 0 0 0 0 0 0 0 0 0 0 0 ' ,20 ,1 ,1, 0
66 ,54, 48, '29 27 26 28 27 27 27 25 29 30 23 24 32 23 20 22 ' ,'0 0 0 0 0 0 0 0 0 0 0 0 0 0 0 0 ' ,19 ,1 ,1, 0
68 ,56, 52, '28 26 35 28 28 42 24 36 29 27 25 25 25 21 19 21 ' ,'0 0 0 0 0 0 0 0 0 0 0 0 0 0 0 0 ' ,24 ,2 ,1, 1
67 ,59, 50, '27 26 32 29 27 26 27 34 35 28 23 25 22 25 22 32 ' ,'0 0 0 0 0 0 0 0 0 0 0 0 0 0 0 0 ' ,14 ,1 ,1, 1
84 ,59, 66, '20 29 27 27 58 24 27 26 24 58 19 26 17 18 52 19 ' ,'0 0 0 0 0 0 0 0 0 0 0 0 0 0 0 0 ' ,42 ,1 ,1, 0
61 ,76, 43, '20 19 21 32 23 25 21 21 23 21 21 20 16 19 14 19 ' ,'0 0 0 0 0 0 0 0 0 0 0 0 0 0 0 0 ' ,20 ,0 ,1, 1
61 ,52, 43, '31 29 29 28 23 28 27 23 26 25 28 23 22 18 19 25 ' ,'0 0 0 0 0 0 0 0 0 0 0 0 0 0 0 0 ' ,16 ,0 ,1, 1
69 ,50, 51, '26 27 38 40 29 33 25 26 34 28 25 24 21 29 23 32 ' ,'0 0 0 0 0 0 0 0 0 0 0 0 0 0 0 0 ' ,20 ,1 ,0, 0
66 ,59, 51, '28 22 27 30 22 29 21 27 28 22 26 22 22 36 18 21 ' ,'0 0 0 0 0 0 0 0 0 0 0 0 0 0 0 0 ' ,18 ,1 ,1, 1
78 ,56, 60, '41 21 36 25 32 49 22 36 36 47 37 31 16 17 43 29 ' ,'0 0 0 0 0 0 0 0 0 0 0 0 0 0 0 0 ' ,32 ,0 ,1, 0
55 ,66, 33, '24 27 27 23 22 26 27 26 24 21 27 27 21 17 23 21 ' ,'0 0 0 0 0 0 0 0 0 0 0 0 0 0 0 0 ' ,11 ,1 ,0, 0
87 ,46, 69, '21 31 24 24 39 20 28 22 23 28 22 26 15 21 20 22 ' ,'0 0 0 0 0 0 0 0 0 0 0 0 0 0 0 0 ' ,44 ,0 ,1, 0
69 ,78, 46, '27 29 38 35 30 31 30 30 32 36 26 33 22 25 24 26 ' ,'0 0 0 0 0 0 0 0 0 0 0 0 0 0 0 0 ' ,18 ,1 ,1, 1
62 ,58, 45, '24 31 29 28 27 31 30 26 33 26 33 34 18 21 21 19 ' ,'0 0 0 0 0 0 0 0 0 0 0 0 0 0 0 0 ' ,16 ,0 ,1, 0
68 ,52, 52, '32 27 31 24 45 31 29 28 23 41 26 26 22 17 37 21 ' ,'0 0 0 0 0 0 0 0 0 0 0 0 0 0 0 0 ' ,28 ,1 ,1, 1
79 ,59, 59, '35 27 24 51 26 31 22 25 36 28 23 25 16 25 25 21 ' ,'0 0 0 0 0 0 0 0 0 0 0 0 0 0 0 0 ' ,33 ,1 ,1, 0
58 ,65, 41, '28 28 30 31 28 29 27 28 29 29 27 29 22 23 23 23 ' ,'0 0 0 0 0 0 0 0 0 0 0 0 0 0 0 0 ' ,13 ,1 ,1, 1
59 ,49, 36, '26 29 29 22 22 22 27 26 25 22 26 26 20 17 17 17 ' ,'0 0 0 0 0 0 0 0 0 0 0 0 0 0 0 0 ' ,17 ,1 ,0, 0
67 ,52, 46, '23 22 26 28 28 28 29 31 35 26 23 39 20 23 20 21 ' ,'0 0 0 0 0 0 0 0 0 0 0 0 0 0 0 0 ' ,24 ,0 ,1, 0
81 ,57, 64, '20 25 23 25 48 23 26 21 22 56 20 26 16 18 44 24 ' ,'0 0 0 0 0 0 0 0 0 0 0 0 0 0 0 0 ' ,40 ,0 ,0, 0
58 ,72, 40, '27 25 20 29 27 27 24 21 23 32 24 24 15 17 23 22 ' ,'0 0 0 0 0 0 0 0 0 0 0 0 0 0 0 0 ' ,18 ,1 ,1, 1
64 ,48, 46, '34 31 25 26 27 32 28 25 26 25 30 38 18 19 19 29 ' ,'0 0 0 0 0 0 0 0 0 0 0 0 0 0 0 0 ' ,20 ,0 ,1, 1
69 ,55, 42, '34 32 30 31 27 26 26 30 33 32 39 36 32 35 23 25 ' ,'0 0 0 0 0 0 0 0 0 0 0 0 0 0 0 0 ' ,23 ,0 ,1, 1
78 ,60, 63, '30 30 26 30 25 28 32 30 29 25 25 36 18 25 26 22 ' ,'0 0 0 0 0 0 0 0 0 0 0 0 0 0 0 0 ' ,34 ,1 ,1, 0
86 ,67, 67, '36 30 35 37 58 36 28 36 35 59 40 29 27 29 50 32 ' ,'0 0 0 0 0 0 0 0 0 160539 0 0 0 0 0 0 ' ,32 ,1 ,0, 0
58 ,79, 39, '24 22 24 26 27 24 21 32 25 24 21 21 19 28 21 20 ' ,'0 0 0 0 0 0 0 0 0 0 0 0 0 0 0 0 ' ,14 ,0 ,1, 1
57 ,45, 37, '25 23 25 31 31 23 23 24 26 25 23 20 18 20 28 20 ' ,'0 0 0 0 0 0 0 0 0 0 0 0 0 0 0 0 ' ,14 ,1 ,0, 0
48 ,46, 32, '24 17 22 20 23 20 18 20 20 19 20 20 14 20 15 16 ' ,'0 0 0 0 0 0 0 0 0 0 0 0 0 0 0 0 ' ,11 ,0 ,0, 0
60 ,40, 41, '26 25 27 33 26 25 24 26 28 24 24 25 20 22 15 22 ' ,'0 0 0 0 0 0 0 0 0 0 0 0 0 0 0 0 ' ,16 ,0 ,1, 0
66 ,56, 49, '25 27 33 29 38 33 28 39 30 41 26 31 18 23 33 28 ' ,'0 0 0 0 0 0 0 0 0 0 0 0 0 0 0 0 ' ,19 ,1 ,1, 1
121 ,57, 95, '33 45 27 29 21 66 22 51 59 47 49 22 18 37 18 23 ' ,'0 0 0 0 0 0 0 0 0 0 0 0 0 0 0 0 ' ,62 ,1 ,0, 0
74 ,102, 55, '29 31 28 33 29 36 18 26 28 27 28 18 13 23 14 27 ' ,'0 0 0 0 0 0 0 0 0 0 0 0 0 0 0 0 ' ,28 ,1 ,1, 0
58 ,66, 41, '21 35 23 24 24 22 26 22 26 28 23 26 16 17 17 18 ' ,'0 0 0 0 0 0 0 0 0 0 0 0 0 0 0 0 ' ,17 ,0 ,1, 1
64 ,49, 43, '24 29 28 36 34 23 24 30 28 27 28 26 20 25 22 22 ' ,'0 0 0 0 0 0 0 0 0 0 0 0 0 0 0 0 ' ,16 ,0 ,0, 0
76 ,56, 59, '26 28 24 24 45 22 22 27 27 46 26 20 19 25 41 21 ' ,'0 0 0 0 0 0 0 0 0 0 0 0 0 0 0 0 ' ,27 ,0 ,1, 0
50 ,67, 33, '24 26 27 22 19 24 22 24 19 17 23 24 17 14 14 21 ' ,'0 0 0 0 0 0 0 0 0 0 0 0 0 0 0 0 ' ,13 ,0 ,0, 0
64 ,42, 48, '30 29 23 27 31 26 28 27 32 28 26 26 16 20 23 22 ' ,'0 0 0 0 0 0 0 0 0 0 0 0 0 0 0 0 ' ,23 ,1 ,1, 0
56 ,58, 38, '19 24 27 21 22 19 29 27 21 19 20 29 22 16 16 15 ' ,'0 0 0 0 0 0 0 0 0 0 0 0 0 0 0 0 ' ,19 ,0 ,0, 0
59 ,48, 39, '31 32 26 28 27 28 26 24 30 27 25 28 23 23 22 26 ' ,'0 0 0 0 0 0 0 0 0 0 0 0 0 0 0 0 ' ,11 ,1 ,0, 0
69 ,51, 51, '22 20 20 27 43 19 22 24 23 43 28 18 15 17 39 27 ' ,'0 0 0 0 0 0 0 0 0 0 0 0 0 0 0 0 ' ,28 ,0 ,0, 0
51 ,58, 35, '23 25 27 21 22 21 25 22 21 23 25 20 18 12 19 23 ' ,'0 0 0 0 0 0 0 0 0 0 0 0 0 0 0 0 ' ,12 ,0 ,1, 1
58 ,41, 37, '19 25 21 20 21 23 20 20 26 21 20 17 13 22 17 25 ' ,'0 0 0 0 0 0 0 0 0 0 0 0 0 0 0 0 ' ,16 ,0 ,0, 0
62 ,47, 44, '28 31 34 31 34 28 31 33 28 28 29 35 25 21 21 26 ' ,'0 0 0 0 0 0 0 0 0 0 0 0 0 0 0 0 ' ,18 ,0 ,1, 1
66 ,53, 51, '36 26 31 33 26 27 33 30 38 41 31 25 20 25 22 22 ' ,'0 0 0 0 0 0 0 0 0 0 0 0 0 0 0 0 ' ,24 ,0 ,1, 1
62 ,57, 44, '26 23 22 23 34 28 22 22 22 35 26 24 22 17 36 24 ' ,'0 0 0 0 0 0 0 0 0 0 0 0 0 0 0 0 ' ,21 ,1 ,0, 0
58 ,53, 40, '30 20 27 29 26 18 20 21 26 23 19 19 15 16 23 20 ' ,'0 0 0 0 0 0 0 0 0 0 0 0 0 0 0 0 ' ,15 ,0 ,0, 0
56 ,49, 28, '18 18 17 24 22 20 22 28 28 22 21 20 24 19 18 16 ' ,'0 0 0 0 0 0 0 0 0 0 0 0 0 0 0 0 ' ,14 ,1 ,1, 0
54 ,48, 36, '27 28 23 26 24 28 26 21 24 29 27 25 16 18 25 24 ' ,'0 0 0 0 0 0 0 0 0 0 0 0 0 0 0 0 ' ,13 ,0 ,0, 0
67 ,45, 45, '24 25 29 28 27 24 23 26 35 27 24 23 18 24 19 19 ' ,'0 0 0 0 0 0 0 0 0 0 0 0 0 0 0 0 ' ,21 ,1 ,0, 0
79 ,57, 62, '26 27 24 33 53 26 25 21 21 49 23 25 16 19 38 19 ' ,'0 0 0 0 0 0 0 0 0 0 0 0 0 0 0 0 ' ,38 ,1 ,1, 1
75 ,69, 53, '25 30 31 34 31 50 27 30 37 31 27 29 26 27 24 26 ' ,'0 0 0 0 0 0 0 0 0 0 0 0 0 0 0 0 ' ,28 ,1 ,1, 1
53 ,66, 31, '21 19 22 20 23 28 22 17 24 20 19 27 13 20 16 19 ' ,'0 0 0 0 0 0 0 0 0 0 0 0 0 0 0 0 ' ,13 ,0 ,1, 1
57 ,46, 41, '24 23 27 19 20 33 24 24 24 31 30 22 20 21 17 23 ' ,'0 0 0 0 0 0 0 0 0 0 0 0 0 0 0 0 ' ,15 ,1 ,1, 0
74 ,49, 49, '28 28 32 36 31 26 27 29 29 30 38 31 21 24 23 31 ' ,'0 0 0 0 0 0 0 0 0 0 0 0 0 0 0 0 ' ,19 ,1 ,1, 0
104 ,55, 87, '35 23 26 19 74 19 23 24 21 79 25 22 19 19 70 22 ' ,'0 0 0 0 0 0 0 0 0 0 0 0 0 0 0 0 ' ,62 ,1 ,1, 0
58 ,94, 42, '30 26 29 34 27 25 27 26 30 29 33 24 20 23 21 20 ' ,'0 0 0 0 0 0 0 0 0 0 0 0 0 0 0 0 ' ,16 ,0 ,1, 0
57 ,49, 42, '34 24 25 27 26 28 24 26 30 25 23 23 17 23 19 19 ' ,'0 0 0 0 0 0 0 0 0 0 0 0 0 0 0 0 ' ,16 ,0 ,0, 0
101 ,50, 86, '78 26 26 24 18 79 24 27 23 20 74 24 19 24 18 68 ' ,'0 0 0 0 0 0 0 0 0 0 0 0 0 0 0 0 ' ,63 ,0 ,1, 0
63 ,96, 44, '21 22 25 24 34 25 22 28 27 24 21 21 18 26 18 18 ' ,'0 0 0 0 0 0 0 0 0 0 0 0 0 0 0 0 ' ,19 ,0 ,1, 1
64 ,52, 47, '21 24 20 21 41 20 23 18 23 39 17 24 13 17 36 14 ' ,'0 0 0 0 0 0 0 0 0 0 0 0 0 0 0 0 ' ,29 ,0 ,1, 1
56 ,55, 33, '18 25 22 27 20 26 20 22 26 20 18 24 14 18 18 18 ' ,'0 0 0 0 0 0 0 0 0 0 0 0 0 0 0 0 ' ,18 ,1 ,0, 0
60 ,47, 34, '25 24 21 27 20 18 24 19 21 20 20 25 15 16 15 15 ' ,'0 0 0 0 0 0 0 0 0 0 0 0 0 0 0 0 ' ,15 ,0 ,1, 1
69 ,53, 54, '36 25 22 34 23 46 24 23 26 21 36 23 16 25 18 30 ' ,'0 0 0 0 0 0 0 0 0 0 0 0 0 0 0 0 ' ,30 ,0 ,1, 1
52 ,60, 31, '22 18 21 19 22 22 18 25 19 20 21 19 15 13 16 18 ' ,'0 0 0 0 0 0 0 0 0 0 0 0 0 0 0 0 ' ,12 ,0 ,0, 0
71 ,44, 52, '25 25 27 24 43 25 24 25 21 44 23 24 19 16 38 20 ' ,'0 0 0 0 0 0 0 0 0 0 0 0 0 0 0 0 ' ,30 ,1 ,0, 0
53 ,62, 33, '24 27 27 26 28 24 26 27 28 26 25 27 20 25 20 20 ' ,'0 0 0 0 0 0 0 0 0 0 0 0 0 0 0 0 ' ,12 ,0 ,1, 0
65 ,48, 47, '25 27 28 25 39 26 25 25 32 34 25 27 19 21 27 20 ' ,'0 0 0 0 0 0 0 0 0 0 0 0 0 0 0 0 ' ,21 ,0 ,1, 0
72 ,53, 55, '42 33 33 33 35 48 33 34 38 34 46 31 25 27 27 37 ' ,'0 0 0 0 0 0 0 0 0 0 0 0 0 0 0 0 ' ,23 ,1 ,0, 0
49 ,63, 36, '27 20 28 27 21 19 24 21 28 21 21 25 16 18 16 16 ' ,'0 0 0 0 0 0 0 0 0 0 0 0 0 0 0 0 ' ,14 ,0 ,1, 1
66 ,41, 51, '24 23 25 28 43 24 21 25 29 37 25 21 17 19 32 20 ' ,'0 0 0 0 0 0 0 0 0 0 0 0 0 0 0 0 ' ,27 ,1 ,1, 1
57 ,58, 41, '24 23 26 35 26 29 29 24 23 21 20 21 17 20 18 20 ' ,'0 0 0 0 0 0 0 0 0 0 0 0 0 0 0 0 ' ,16 ,1 ,1, 1
62 ,48, 43, '26 26 22 26 23 24 28 29 23 24 26 26 15 17 17 24 ' ,'0 0 0 0 0 0 0 0 0 0 0 0 0 0 0 0 ' ,19 ,0 ,0, 0
68 ,54, 43, '30 29 28 36 29 32 29 26 39 24 35 29 18 21 19 35 ' ,'0 0 0 0 0 0 0 0 0 0 0 0 0 0 0 0 ' ,20 ,1 ,0, 0
52 ,60, 34, '25 17 21 24 24 25 18 20 28 21 25 17 15 17 18 22 ' ,'0 0 0 0 0 0 0 0 0 0 0 0 0 0 0 0 ' ,13 ,0 ,1, 1
59 ,43, 36, '23 22 24 22 30 24 22 25 21 30 22 21 19 18 26 20 ' ,'0 0 0 0 0 0 0 0 0 0 0 0 0 0 0 0 ' ,14 ,0 ,1, 1
49 ,46, 30, '21 20 26 21 21 21 21 22 21 20 17 20 17 17 17 17 ' ,'0 0 0 0 0 0 0 0 0 0 0 0 0 0 0 0 ' ,11 ,1 ,1, 1
71 ,177, 46, '25 23 36 18 19 32 31 28 22 24 21 25 19 18 15 24 ' ,'0 0 0 0 0 0 0 0 0 0 0 0 0 0 0 0 ' ,21 ,0 ,0, 0
61 ,60, 45, '34 23 25 35 24 34 21 21 24 21 35 20 16 19 19 32 ' ,'0 0 0 0 0 0 0 0 0 0 0 0 0 0 0 0 ' ,20 ,0 ,0, 0
60 ,53, 44, '20 19 21 23 22 18 20 19 29 21 17 19 16 21 16 16 ' ,'0 0 0 0 0 0 0 0 0 0 0 0 0 0 0 0 ' ,16 ,0 ,1, 0
70 ,50, 49, '27 29 30 27 47 29 30 30 28 45 32 26 22 20 39 24 ' ,'0 0 0 0 0 0 0 0 0 0 0 0 0 0 0 0 ' ,27 ,1 ,1, 0
62 ,65, 46, '29 26 28 37 28 27 24 28 32 29 26 27 21 24 19 25 ' ,'0 0 0 0 0 0 0 0 0 0 0 0 0 0 0 0 ' ,17 ,0 ,0, 0
54 ,53, 34, '20 26 21 29 22 21 19 27 25 24 31 22 14 20 16 16 ' ,'0 0 0 0 0 0 0 0 0 0 0 0 0 0 0 0 ' ,19 ,1 ,1, 0
64 ,50, 47, '36 23 27 30 28 36 27 27 33 26 38 26 21 30 22 35 ' ,'0 0 0 0 0 0 0 0 0 0 0 0 0 0 0 0 ' ,18 ,1 ,1, 0
53 ,54, 36, '27 27 23 24 23 28 26 22 25 21 26 26 15 15 16 28 ' ,'0 0 0 0 0 0 0 0 0 0 0 0 0 0 0 0 ' ,15 ,0 ,0, 0
84 ,46, 64, '32 30 30 33 57 29 28 36 31 54 28 35 22 25 49 24 ' ,'0 0 0 0 0 0 0 0 0 0 0 0 0 0 0 0 ' ,36 ,1 ,0, 0
49 ,71, 34, '20 21 22 24 22 21 20 21 22 21 22 19 16 18 17 16 ' ,'0 0 0 0 0 0 0 0 0 0 0 0 0 0 0 0 ' ,12 ,0 ,0, 0
61 ,41, 41, '27 24 26 21 26 35 26 26 23 26 25 25 20 16 29 21 ' ,'0 0 0 0 0 0 0 0 0 0 0 0 0 0 0 0 ' ,20 ,1 ,1, 1
88 ,50, 70, '51 29 22 24 21 61 20 22 28 23 63 17 14 18 18 50 ' ,'0 0 0 0 0 0 0 0 0 0 0 0 0 0 0 0 ' ,46 ,1 ,1, 0
53 ,80, 40, '25 31 24 28 23 24 30 24 27 24 23 27 18 19 19 18 ' ,'0 0 0 0 0 0 0 0 0 0 0 0 0 0 0 0 ' ,15 ,0 ,1, 1
82 ,45, 62, '23 23 23 22 56 33 22 24 19 52 20 23 19 15 49 27 ' ,'0 0 0 0 0 0 0 0 0 0 0 0 0 0 0 0 ' ,41 ,1 ,1, 1
50 ,67, 34, '23 20 22 22 24 21 19 28 29 22 22 20 16 19 18 20 ' ,'0 0 0 0 0 0 0 0 0 0 0 0 0 0 0 0 ' ,12 ,0 ,1, 1
49 ,42, 33, '23 23 20 21 20 25 22 20 27 19 25 22 12 15 15 19 ' ,'0 0 0 0 0 0 0 0 0 0 0 0 0 0 0 0 ' ,13 ,0 ,0, 0
89 ,41, 73, '65 24 26 30 26 63 24 28 25 33 60 23 19 22 21 59 ' ,'0 0 0 0 0 0 0 0 0 0 0 0 0 0 0 0 ' ,48 ,1 ,1, 1
50 ,81, 35, '23 19 21 24 21 22 19 21 21 20 21 19 15 18 23 14 ' ,'0 0 0 0 0 0 0 0 0 0 0 0 0 0 0 0 ' ,16 ,1 ,1, 0
59 ,42, 42, '23 23 24 18 27 23 22 24 22 36 21 22 18 15 33 20 ' ,'0 0 0 0 0 0 0 0 0 0 0 0 0 0 0 0 ' ,22 ,1 ,1, 1
59 ,52, 37, '24 27 27 21 23 23 30 24 25 22 28 27 19 17 18 20 ' ,'0 0 0 0 0 0 0 0 0 0 0 0 0 0 0 0 ' ,17 ,0 ,0, 0
55 ,47, 39, '24 25 24 29 26 23 23 26 26 29 26 24 20 20 21 22 ' ,'0 0 0 0 0 0 0 0 0 0 0 0 0 0 0 0 ' ,10 ,0 ,1, 1
74 ,44, 56, '43 29 21 23 20 49 25 20 22 18 39 27 15 18 12 42 ' ,'0 0 0 0 0 0 0 0 0 0 0 0 0 0 0 0 ' ,37 ,0 ,1, 0
55 ,65, 39, '24 25 26 21 27 26 24 29 21 28 23 27 21 16 25 20 ' ,'0 0 0 0 0 0 0 0 0 0 0 0 0 0 0 0 ' ,16 ,0 ,1, 1
88 ,45, 72, '21 22 23 26 62 24 22 23 29 63 22 21 18 20 57 17 ' ,'0 0 0 0 0 0 0 0 0 0 0 0 0 0 0 0 ' ,50 ,1 ,1, 0
92 ,79, 73, '46 51 58 65 65 60 59 54 49 59 49 49 59 34 41 39 ' ,'0 0 0 0 0 0 0 0 0 0 0 0 0 0 0 0 ' ,32 ,0 ,1, 1
97 ,82, 81, '56 64 62 56 51 64 57 59 46 61 42 48 35 67 41 49 ' ,'0 0 0 0 0 0 0 0 0 0 0 0 0 0 0 0 ' ,36 ,0 ,0, 0
108 ,88, 92, '57 58 54 53 49 81 56 57 41 42 71 48 40 35 36 71 ' ,'0 0 0 0 0 0 0 0 0 0 0 0 0 0 0 0 ' ,50 ,1 ,1, 0
109 ,99, 93, '74 50 60 60 65 76 67 74 52 74 58 49 84 64 61 44 ' ,'0 0 0 0 0 0 0 0 0 0 0 0 0 0 0 0 ' ,43 ,0 ,1, 1
400 ,100, 382, '282 195 129 187 242 228 240 151 247 213 374 231 200 239 134 311 ' ,'0 0 0 0 0 0 0 0 0 0 0 0 0 0 0 0 ' ,247 ,1 ,1, 1
101 ,391, 84, '67 67 47 38 66 51 75 72 48 55 51 63 50 41 36 48 ' ,'0 0 0 0 0 0 0 0 0 0 0 0 0 0 0 0 ' ,40 ,1 ,0, 0
102 ,92, 86, '55 54 52 51 50 78 66 70 61 56 66 49 45 61 58 38 ' ,'0 0 0 0 0 0 0 0 0 0 0 0 0 0 0 0 ' ,44 ,0 ,1, 1
113 ,94, 95, '79 67 55 57 47 75 64 49 89 56 77 59 49 32 66 55 ' ,'0 0 0 0 0 0 0 0 0 0 0 0 0 0 0 0 ' ,59 ,1 ,0, 0
110 ,105, 92, '58 62 55 82 61 45 67 51 62 55 72 59 34 58 52 31 ' ,'0 0 0 0 0 0 0 0 0 0 0 0 0 0 0 0 ' ,57 ,1 ,1, 1
124 ,101, 98, '47 45 55 56 90 52 53 42 42 66 49 53 43 32 51 35 ' ,'0 0 0 0 0 0 0 0 0 0 0 0 0 0 0 0 ' ,64 ,0 ,1, 1
106 ,111, 86, '78 59 73 49 62 53 53 70 58 61 59 66 46 60 38 42 ' ,'0 0 0 0 0 0 0 0 0 0 0 0 0 0 0 0 ' ,42 ,1 ,0, 0
105 ,96, 86, '61 60 79 55 60 60 56 66 64 64 53 69 45 45 40 37 ' ,'0 0 0 0 0 0 0 0 0 0 0 0 0 0 0 0 ' ,44 ,1 ,1, 1
132 ,96, 118, '79 51 42 51 47 108 61 52 38 58 82 61 64 33 80 69 ' ,'0 0 0 0 0 0 0 0 0 0 0 0 0 0 0 0 ' ,77 ,1 ,1, 1
122 ,124, 105, '63 97 73 56 59 59 62 57 58 67 56 68 42 41 51 42 ' ,'0 0 0 0 0 0 0 0 0 0 0 0 0 0 0 0 ' ,61 ,0 ,0, 0
125 ,114, 104, '71 67 53 57 87 63 56 57 70 91 62 48 48 76 60 44 ' ,'0 0 0 0 0 0 0 0 0 0 0 0 0 0 0 0 ' ,56 ,0 ,0, 0
109 ,114, 93, '68 61 85 68 48 69 48 69 59 81 61 74 54 61 49 55 ' ,'0 0 0 0 0 0 0 0 0 0 0 0 0 0 0 0 ' ,38 ,1 ,0, 0
105 ,101, 86, '73 55 78 76 62 70 49 54 73 78 58 64 58 44 43 47 ' ,'0 0 0 0 0 0 0 0 0 0 0 0 0 0 0 0 ' ,37 ,1 ,0, 0
120 ,98, 101, '89 67 58 68 67 86 67 85 88 55 71 74 46 44 67 58 ' ,'0 0 0 0 0 0 0 0 0 0 0 0 0 0 0 0 ' ,50 ,0 ,0, 0
117 ,109, 98, '75 78 61 69 91 59 52 75 72 53 79 58 39 49 42 46 ' ,'0 0 0 0 0 0 0 0 0 0 0 0 0 0 0 0 ' ,47 ,1 ,0, 0
134 ,107, 119, '91 84 67 99 105 64 69 70 47 94 62 74 57 50 75 56 ' ,'0 0 0 0 0 0 0 0 0 0 0 0 0 0 0 0 ' ,60 ,0 ,1, 1
110 ,129, 94, '60 55 86 70 59 64 58 69 82 66 69 72 41 73 46 47 ' ,'0 0 0 0 0 0 0 0 0 0 0 0 0 0 0 0 ' ,46 ,1 ,1, 1
189 ,101, 169, '165 102 133 129 117 152 102 153 121 119 134 96 130 75 135 159 ' ,'0 0 0 0 0 0 0 0 0 0 0 0 0 0 0 0 ' ,90 ,0 ,1, 1
142 ,180, 121, '81 71 77 74 64 112 64 115 65 75 96 110 70 82 51 60 ' ,'0 0 0 0 0 0 0 0 0 0 0 0 0 0 0 0 ' ,62 ,1 ,1, 1
108 ,133, 91, '72 81 71 63 82 68 56 61 65 72 59 80 60 70 35 50 ' ,'0 0 0 0 0 0 0 0 0 0 0 0 0 0 0 0 ' ,45 ,1 ,0, 0
105 ,100, 88, '45 70 56 56 76 75 66 81 75 64 64 54 42 51 56 52 ' ,'0 0 0 0 0 0 0 0 0 0 0 0 0 0 0 0 ' ,39 ,0 ,0, 0
112 ,97, 94, '57 62 85 53 60 64 61 63 70 74 63 58 60 59 47 43 ' ,'0 0 0 0 0 0 0 0 0 0 0 0 0 0 0 0 ' ,44 ,1 ,0, 0
112 ,106, 96, '87 70 68 53 73 66 60 53 49 45 61 73 49 66 38 43 ' ,'0 0 0 0 0 0 0 0 0 0 0 0 0 0 0 0 ' ,47 ,1 ,1, 1
151 ,103, 130, '108 73 73 75 57 122 58 65 72 61 108 74 45 60 47 104 ' ,'0 0 0 0 0 0 0 0 0 0 0 0 0 0 0 0 ' ,75 ,1 ,0, 0
121 ,142, 102, '77 84 90 71 71 83 68 79 81 67 73 74 49 52 52 65 ' ,'0 0 0 0 0 0 0 0 0 0 0 0 0 0 0 0 ' ,47 ,0 ,1, 1
108 ,111, 91, '55 85 59 56 53 77 62 59 76 53 49 63 45 44 78 39 ' ,'0 0 0 0 0 0 0 0 0 0 0 0 0 0 0 0 ' ,49 ,1 ,0, 0
138 ,100, 114, '83 63 70 69 70 59 57 66 74 59 78 99 59 70 40 37 ' ,'0 0 0 0 0 0 0 0 0 0 0 0 0 0 0 0 ' ,70 ,1 ,0, 0
108 ,124, 92, '77 68 64 58 66 57 63 73 69 66 62 82 48 42 50 53 ' ,'0 0 0 0 0 0 0 0 0 0 0 0 0 0 0 0 ' ,43 ,1 ,0, 0
128 ,99, 111, '73 99 61 75 67 75 96 66 53 58 80 74 62 58 54 107 ' ,'0 0 0 0 0 0 0 0 0 0 0 0 0 0 0 0 ' ,53 ,1 ,1, 1
149 ,122, 131, '64 84 68 90 83 122 83 79 81 70 77 58 49 57 59 48 ' ,'0 0 0 0 0 0 0 0 0 0 0 0 0 0 0 0 ' ,77 ,1 ,1, 1
121 ,140, 104, '64 63 94 80 90 60 63 62 56 76 84 76 71 55 71 49 ' ,'0 0 0 0 0 0 0 0 0 0 0 0 0 0 0 0 ' ,49 ,1 ,0, 0
113 ,112, 97, '55 84 78 74 83 65 66 81 59 53 82 84 40 52 47 54 ' ,'0 0 0 0 0 0 0 0 0 0 0 0 0 0 0 0 ' ,46 ,1 ,0, 0
172 ,107, 155, '146 53 53 57 63 56 70 75 80 57 74 53 44 87 43 57 ' ,'0 0 0 0 0 0 0 0 0 0 0 0 0 0 0 0 ' ,103 ,1 ,1, 1
154 ,162, 127, '68 81 62 92 66 74 70 60 52 83 120 100 63 51 66 72 ' ,'0 0 0 0 0 0 0 0 0 0 0 0 0 0 0 0 ' ,70 ,0 ,1, 0
129 ,145, 110, '48 73 105 63 57 55 63 106 85 50 51 71 52 50 50 60 ' ,'0 0 0 0 0 0 0 0 0 0 0 0 0 0 0 0 ' ,58 ,0 ,0, 0
134 ,120, 114, '65 76 63 46 105 55 50 76 67 91 60 60 55 60 81 36 ' ,'0 0 0 0 0 0 0 0 0 0 0 0 0 0 0 0 ' ,76 ,1 ,0, 0
117 ,125, 100, '58 64 59 91 77 69 65 86 82 84 57 63 70 37 50 49 ' ,'0 0 0 0 0 0 0 0 0 0 0 0 0 0 0 0 ' ,51 ,1 ,1, 0
117 ,108, 96, '76 74 56 88 85 69 74 71 87 63 65 68 52 51 64 57 ' ,'0 0 0 0 0 0 0 0 0 0 0 0 0 0 0 0 ' ,39 ,1 ,0, 0
112 ,107, 96, '82 68 60 83 72 69 68 73 65 61 76 61 60 41 44 53 ' ,'0 0 0 0 0 0 0 0 0 0 0 0 0 0 0 0 ' ,45 ,1 ,1, 1
135 ,105, 115, '72 108 92 62 71 82 63 72 99 51 76 78 77 65 50 47 ' ,'0 0 0 0 0 0 0 0 0 0 0 0 0 0 0 0 ' ,63 ,0 ,1, 1
146 ,125, 129, '121 98 67 94 78 80 70 104 55 91 91 86 70 78 79 59 ' ,'0 0 0 0 0 0 0 0 0 0 0 0 0 0 0 0 ' ,68 ,1 ,1, 1
126 ,137, 99, '70 73 82 52 66 61 86 74 93 56 88 75 57 68 63 52 ' ,'0 0 0 0 0 0 0 0 0 0 0 0 0 0 0 0 ' ,47 ,1 ,1, 1
141 ,111, 125, '57 66 87 76 62 60 86 116 101 80 99 76 58 94 72 33 ' ,'0 0 0 0 0 0 0 0 0 0 0 0 0 0 0 0 ' ,88 ,2 ,0, 0
192 ,132, 175, '94 88 81 54 78 91 65 74 70 65 113 67 77 62 76 106 ' ,'0 0 0 0 0 0 0 0 0 0 0 0 0 0 0 0 ' ,115 ,0 ,1, 1
143 ,183, 127, '65 58 65 83 55 114 66 76 71 60 63 78 45 44 62 73 ' ,'0 0 0 0 0 0 0 0 0 0 0 0 0 0 0 0 ' ,76 ,1 ,0, 0
123 ,133, 105, '94 94 95 66 94 78 80 73 60 91 70 53 55 40 78 37 ' ,'0 0 0 0 0 0 0 0 0 0 0 0 0 0 0 0 ' ,65 ,0 ,1, 1
90 ,113, 74, '51 50 61 55 49 57 60 47 47 45 47 33 43 41 32 36 ' ,'0 0 0 0 0 0 0 0 0 0 0 0 0 0 0 0 ' ,34 ,0 ,1, 1
67 ,81, 49, '32 31 35 41 33 44 34 38 37 28 30 39 22 25 24 27 ' ,'0 0 0 0 0 0 0 0 0 0 0 0 0 0 0 0 ' ,21 ,0 ,0, 0
77 ,58, 57, '43 33 41 49 40 53 31 36 44 34 44 36 31 34 24 41 ' ,'0 0 0 0 0 0 0 0 0 0 0 0 0 0 0 0 ' ,28 ,0 ,0, 0
69 ,68, 48, '30 33 31 41 33 29 27 36 34 30 32 32 25 25 27 24 ' ,'0 0 0 0 0 0 0 0 0 0 0 0 0 0 0 0 ' ,17 ,0 ,1, 1
89 ,60, 72, '32 34 34 33 62 30 34 31 33 56 38 31 25 23 47 26 ' ,'0 0 0 0 0 0 0 0 0 0 0 0 0 0 0 0 ' ,41 ,1 ,1, 1
64 ,81, 46, '32 28 32 40 30 28 30 32 39 29 31 30 23 27 26 24 ' ,'0 0 0 0 0 0 0 0 0 0 0 0 0 0 0 0 ' ,20 ,0 ,0, 0
65 ,56, 43, '27 34 37 30 37 33 31 37 28 31 27 35 26 23 28 27 ' ,'0 0 0 0 0 0 0 0 0 0 0 0 0 0 0 0 ' ,18 ,1 ,0, 0
113 ,57, 94, '83 32 30 41 35 84 32 32 37 30 87 32 24 30 24 82 ' ,'0 0 0 0 0 0 0 0 0 0 0 0 0 0 0 0 ' ,65 ,1 ,1, 1
69 ,105, 52, '26 44 32 32 29 30 31 28 33 30 26 35 22 25 21 22 ' ,'0 0 0 0 0 0 0 0 0 0 0 0 0 0 0 0 ' ,27 ,0 ,1, 1
91 ,61, 70, '30 30 34 30 27 32 29 33 34 29 34 29 24 22 66 30 ' ,'0 0 0 0 0 0 0 0 0 0 0 0 0 0 0 0 ' ,46 ,0 ,1, 1
72 ,82, 52, '33 30 34 31 31 35 29 31 45 34 32 32 26 25 26 29 ' ,'0 0 0 0 0 0 0 0 0 0 0 0 0 0 0 0 ' ,24 ,1 ,0, 0
75 ,63, 59, '28 32 30 39 33 30 35 28 51 26 27 30 21 22 25 20 ' ,'0 0 0 0 0 0 0 0 0 0 0 0 0 0 0 0 ' ,32 ,0 ,1, 1
100 ,66, 83, '74 30 30 34 40 72 33 33 40 35 72 32 24 25 26 66 ' ,'0 0 0 0 0 0 0 0 0 0 0 0 0 0 0 0 ' ,52 ,1 ,0, 0
68 ,91, 53, '27 32 26 43 37 30 30 29 32 31 28 33 20 35 22 26 ' ,'0 0 0 0 0 0 0 0 0 0 0 0 0 0 0 0 ' ,25 ,1 ,0, 0
109 ,60, 90, '40 43 44 39 83 38 46 42 43 78 38 39 34 30 72 32 ' ,'0 0 0 0 0 0 0 0 0 0 0 0 0 0 0 0 ' ,55 ,1 ,0, 0
68 ,100, 49, '27 38 33 34 42 29 35 28 37 29 33 37 23 25 26 23 ' ,'0 0 0 0 0 0 0 0 0 0 0 0 0 0 0 0 ' ,20 ,1 ,0, 0
64 ,56, 49, '27 34 31 42 30 31 32 28 34 30 29 35 21 27 24 21 ' ,'0 0 0 0 0 0 0 0 0 0 0 0 0 0 0 0 ' ,23 ,0 ,0, 0
78 ,56, 61, '51 38 37 41 43 51 38 38 51 41 53 40 27 33 36 56 ' ,'0 0 0 0 0 0 0 0 0 0 0 0 0 0 0 0 ' ,26 ,1 ,1, 1
62 ,70, 45, '27 30 28 28 32 26 31 29 39 26 27 27 21 24 23 23 ' ,'0 0 0 0 0 0 0 0 0 0 0 0 0 0 0 0 ' ,20 ,0 ,0, 0
80 ,55, 60, '29 33 32 25 46 29 29 32 27 52 32 31 26 19 36 26 ' ,'0 0 0 0 0 0 0 0 0 0 0 0 0 0 0 0 ' ,35 ,1 ,0, 0
58 ,71, 42, '30 27 30 32 32 36 28 28 33 30 29 30 24 25 24 25 ' ,'0 0 0 0 0 0 0 0 0 0 0 0 0 0 0 0 ' ,14 ,1 ,0, 0
60 ,50, 43, '31 33 30 35 27 26 32 29 32 27 23 32 22 24 21 19 ' ,'0 0 0 0 0 0 0 0 0 0 0 0 0 0 0 0 ' ,20 ,1 ,1, 1
77 ,51, 61, '52 27 37 34 34 55 28 27 33 27 49 30 26 24 24 44 ' ,'0 0 0 0 0 0 0 0 0 0 0 0 0 0 0 0 ' ,31 ,0 ,1, 1
63 ,68, 43, '27 31 27 26 29 25 31 31 31 31 29 31 19 22 17 21 ' ,'0 0 0 0 0 0 0 0 0 0 0 0 0 0 0 0 ' ,23 ,1 ,0, 0
65 ,56, 48, '29 32 27 26 41 30 32 32 35 39 31 33 28 22 32 24 ' ,'0 0 0 0 0 0 0 0 0 0 0 0 0 0 0 0 ' ,22 ,1 ,1, 0
69 ,57, 49, '33 32 32 34 44 30 31 34 38 34 30 32 22 26 24 24 ' ,'0 0 0 0 0 0 0 0 0 0 0 0 0 0 0 0 ' ,23 ,1 ,0, 0
64 ,61, 45, '26 31 32 34 30 28 33 38 29 26 27 33 27 23 19 26 ' ,'0 0 0 0 0 0 0 0 0 0 0 0 0 0 0 0 ' ,21 ,0 ,0, 0
70 ,52, 52, '40 33 30 29 34 44 30 30 32 27 40 26 24 26 25 34 ' ,'0 0 0 0 0 0 0 0 0 0 0 0 0 0 0 0 ' ,21 ,0 ,0, 0
76 ,61, 59, '36 48 46 43 39 36 51 39 40 35 38 42 26 33 30 29 ' ,'0 0 0 0 0 0 0 0 0 0 0 0 0 0 0 0 ' ,27 ,0 ,1, 1
72 ,68, 55, '35 32 30 39 47 33 27 30 35 46 29 33 24 29 39 24 ' ,'0 0 0 0 0 0 0 0 0 0 0 0 0 0 0 0 ' ,27 ,0 ,0, 0
71 ,64, 51, '37 44 40 49 44 35 37 35 43 38 33 32 28 31 30 34 ' ,'0 0 0 0 0 0 0 0 0 0 0 0 0 0 0 0 ' ,19 ,1 ,0, 0
67 ,62, 49, '29 34 39 32 25 31 31 33 26 31 34 29 22 21 19 24 ' ,'0 0 0 0 0 0 0 0 0 0 0 0 0 0 0 0 ' ,23 ,1 ,1, 1
80 ,57, 61, '49 32 30 32 32 51 27 29 39 28 52 29 27 21 24 43 ' ,'0 0 0 0 0 0 0 0 0 0 0 0 0 0 0 0 ' ,31 ,0 ,1, 1
58 ,71, 39, '29 27 27 37 32 25 27 27 28 28 28 29 26 24 21 21 ' ,'0 0 0 0 0 0 0 0 0 0 0 0 0 0 0 0 ' ,19 ,1 ,1, 1
66 ,49, 50, '29 30 31 25 30 28 30 30 32 42 28 29 22 25 36 26 ' ,'0 0 0 0 0 0 0 0 0 0 0 0 0 0 0 0 ' ,22 ,0 ,1, 1
71 ,61, 48, '31 36 25 31 26 31 33 27 30 24 33 33 20 21 18 27 ' ,'0 0 0 0 0 0 0 0 0 0 0 0 0 0 0 0 ' ,24 ,0 ,0, 0
61 ,57, 44, '31 34 35 23 27 38 27 33 35 31 28 32 23 24 20 23 ' ,'0 0 0 0 0 0 0 0 0 0 0 0 0 0 0 0 ' ,19 ,0 ,1, 1
77 ,53, 41, '27 27 30 25 32 34 30 34 28 31 28 32 24 19 26 44 ' ,'0 0 0 0 0 0 0 0 0 0 0 0 0 0 0 0 ' ,17 ,1 ,1, 1
70 ,69, 45, '29 30 32 26 28 25 29 30 33 35 26 28 26 25 21 19 ' ,'0 0 0 0 0 0 0 0 0 0 0 0 0 0 0 0 ' ,19 ,0 ,0, 0
67 ,55, 50, '27 28 28 43 29 28 27 31 38 38 29 31 23 27 32 22 ' ,'0 0 0 0 0 0 0 0 0 0 0 0 0 0 0 0 ' ,24 ,1 ,0, 0
67 ,59, 44, '30 31 26 26 27 27 34 37 38 25 30 31 21 23 21 26 ' ,'0 0 0 0 0 0 0 0 0 0 0 0 0 0 0 0 ' ,16 ,1 ,0, 0
60 ,60, 43, '29 31 29 26 28 30 29 30 35 23 31 33 23 20 18 25 ' ,'0 0 0 0 0 0 0 0 0 0 0 0 0 0 0 0 ' ,19 ,1 ,0, 0
119 ,52, 97, '92 36 27 30 25 89 25 29 38 26 89 26 27 26 21 85 ' ,'0 0 0 0 0 0 0 0 0 0 0 0 0 0 0 0 ' ,68 ,1 ,0, 0
75 ,111, 56, '45 29 29 34 34 31 29 24 39 32 48 35 20 27 24 27 ' ,'0 0 0 0 0 0 0 0 0 0 0 0 0 0 0 0 ' ,30 ,1 ,1, 1
101 ,63, 83, '35 27 32 37 70 28 34 31 32 73 29 30 24 26 63 29 ' ,'0 0 0 0 0 0 0 0 0 0 0 0 0 0 0 0 ' ,51 ,1 ,1, 1
65 ,91, 43, '26 32 33 28 37 32 33 37 30 28 28 30 27 30 23 18 ' ,'0 0 0 0 0 0 0 0 0 0 0 0 0 0 0 0 ' ,24 ,1 ,1, 1
61 ,57, 44, '36 29 31 24 36 27 33 31 29 30 32 32 22 21 24 26 ' ,'0 0 0 0 0 0 0 0 0 0 0 0 0 0 0 0 ' ,19 ,1 ,1, 1
90 ,52, 68, '58 29 27 32 26 57 34 28 29 31 60 32 20 23 23 55 ' ,'0 0 0 0 0 0 0 0 0 0 0 0 0 0 0 0 ' ,41 ,0 ,0, 0
100 ,80, 82, '56 62 54 56 60 69 52 54 75 70 47 57 66 51 52 38 ' ,'0 0 0 0 0 0 0 0 0 0 0 0 0 0 0 0 ' ,38 ,0 ,1, 1
156 ,95, 130, '83 80 68 85 122 66 82 64 121 90 74 90 46 60 80 45 ' ,'0 0 0 0 0 0 0 0 0 0 0 0 0 0 0 0 ' ,79 ,0 ,0, 0
147 ,138, 128, '67 76 60 105 72 51 92 59 118 99 76 63 47 45 47 60 ' ,'0 0 0 0 0 0 0 0 0 0 0 0 0 0 0 0 ' ,77 ,1 ,1, 1
171 ,138, 154, '93 73 110 76 87 95 100 83 146 83 84 85 54 87 94 63 ' ,'0 0 0 0 0 0 0 0 0 0 0 0 0 0 0 0 ' ,92 ,1 ,1, 1
130 ,160, 113, '93 79 77 99 62 82 101 101 101 79 85 80 56 64 33 70 ' ,'0 0 0 0 0 0 0 0 0 0 0 0 0 0 0 0 ' ,73 ,1 ,1, 1
139 ,120, 120, '104 115 85 63 75 78 73 78 72 67 67 73 52 77 49 64 ' ,'0 0 0 0 0 0 0 0 0 0 0 0 0 0 0 0 ' ,63 ,2 ,1, 1
124 ,130, 104, '87 81 66 72 83 65 69 89 83 93 89 92 52 70 67 50 ' ,'0 0 0 0 0 0 0 0 0 0 0 0 0 0 0 0 ' ,53 ,2 ,1, 1
142 ,116, 121, '94 75 73 108 94 60 79 64 88 84 73 110 55 60 55 50 ' ,'0 0 0 0 0 0 0 0 0 0 0 0 0 0 0 0 ' ,69 ,1 ,0, 0
135 ,133, 117, '68 88 82 76 100 76 108 62 68 71 76 99 55 108 67 58 ' ,'0 0 0 0 0 0 0 0 0 0 0 0 0 0 0 0 ' ,56 ,0 ,0, 0
136 ,126, 118, '93 72 69 81 60 105 95 93 71 108 93 82 47 64 47 75 ' ,'0 0 0 0 0 0 0 0 0 0 0 0 0 0 0 0 ' ,64 ,1 ,1, 1
145 ,126, 127, '74 82 72 82 77 99 105 119 77 114 81 100 57 60 66 47 ' ,'0 0 0 0 0 0 0 0 0 0 0 0 0 0 0 0 ' ,77 ,1 ,0, 0
135 ,137, 118, '81 87 82 92 94 77 83 75 99 108 61 80 47 61 92 49 ' ,'0 0 0 0 0 0 0 0 0 0 0 0 0 0 0 0 ' ,65 ,0 ,0, 0
128 ,126, 111, '71 66 69 105 70 78 65 53 86 75 59 80 43 78 54 78 ' ,'0 0 0 0 0 0 0 0 0 0 0 0 0 0 0 0 ' ,61 ,1 ,0, 0
126 ,119, 109, '45 77 92 91 70 98 63 96 67 71 77 73 55 53 50 47 ' ,'0 0 0 0 0 0 0 0 0 0 0 0 0 0 0 0 ' ,59 ,1 ,1, 1
117 ,118, 100, '82 58 64 81 63 76 89 92 71 67 89 72 38 55 35 60 ' ,'0 0 0 0 0 0 0 0 0 0 0 0 0 0 0 0 ' ,58 ,1 ,0, 0
111 ,109, 92, '54 58 84 68 62 63 65 67 76 54 62 52 60 34 72 51 ' ,'0 0 0 0 0 0 0 0 0 0 0 0 0 0 0 0 ' ,52 ,1 ,0, 0
115 ,101, 98, '64 66 69 57 77 65 69 71 66 64 56 88 43 50 73 51 ' ,'0 0 0 0 0 0 0 0 0 0 0 0 0 0 0 0 ' ,46 ,1 ,1, 1
109 ,105, 90, '49 80 56 72 57 60 66 69 55 47 48 53 48 34 40 50 ' ,'0 0 0 0 0 0 0 0 0 0 0 0 0 0 0 0 ' ,50 ,1 ,0, 0
105 ,100, 85, '43 48 57 61 58 58 72 46 52 71 54 52 37 56 41 43 ' ,'0 0 0 0 0 0 0 0 0 0 0 0 0 0 0 0 ' ,40 ,5 ,0, 0
96 ,94, 75, '66 48 53 59 50 69 56 54 64 59 63 49 31 42 55 44 ' ,'0 0 0 0 0 0 0 0 0 0 0 0 0 0 0 0 ' ,39 ,1 ,0, 0
120 ,86, 102, '62 48 68 56 59 58 83 54 55 56 58 58 43 42 37 42 ' ,'0 0 0 0 0 0 0 0 0 0 0 0 0 0 0 0 ' ,53 ,1 ,0, 0
96 ,111, 79, '50 56 59 58 68 34 55 56 71 66 64 70 54 39 62 46 ' ,'0 0 0 0 0 0 0 0 0 0 0 0 0 0 0 0 ' ,35 ,0 ,0, 0
87 ,89, 67, '52 50 43 54 50 59 47 48 51 39 61 52 36 49 29 43 ' ,'0 0 0 0 0 0 0 0 0 0 0 0 0 0 0 0 ' ,32 ,1 ,0, 0
127 ,79, 105, '50 58 57 62 62 47 50 60 97 55 64 61 47 53 66 41 ' ,'0 0 0 0 0 0 0 0 0 0 0 0 0 0 0 0 ' ,61 ,1 ,1, 1
122 ,114, 102, '93 41 42 61 55 73 67 57 59 47 69 44 49 51 33 52 ' ,'0 0 0 0 0 0 0 0 0 0 0 0 0 0 0 0 ' ,64 ,1 ,1, 1
94 ,113, 64, '44 49 68 39 35 60 48 48 53 44 51 48 30 33 27 57 ' ,'0 0 0 0 0 0 0 0 0 0 0 0 0 0 0 0 ' ,34 ,1 ,0, 0
116 ,86, 89, '58 66 55 56 78 56 46 56 44 80 55 35 37 35 73 54 ' ,'0 0 0 0 0 0 0 0 0 0 0 0 0 0 0 0 ' ,49 ,1 ,1, 1
93 ,107, 76, '64 51 57 51 48 45 45 56 51 60 59 55 39 40 54 45 ' ,'0 0 0 0 0 0 0 0 0 0 0 0 0 0 0 0 ' ,30 ,1 ,0, 0
92 ,84, 73, '51 60 57 67 53 44 52 51 42 40 62 42 36 34 44 40 ' ,'0 0 0 0 0 0 0 0 0 0 0 0 0 0 0 0 ' ,36 ,1 ,0, 0
137 ,83, 73, '71 51 85 53 41 71 53 39 41 47 49 57 33 66 31 95 ' ,'0 0 0 0 0 0 0 0 0 0 0 0 0 0 0 0 ' ,75 ,1 ,0, 0
97 ,129, 80, '48 52 51 46 53 43 54 50 67 68 67 58 42 44 40 43 ' ,'0 0 0 0 0 0 0 0 0 0 0 0 0 0 0 0 ' ,32 ,1 ,0, 0
112 ,91, 93, '66 48 52 47 79 40 47 42 47 83 68 57 29 42 63 47 ' ,'0 0 0 0 0 0 0 0 0 0 0 0 0 0 0 0 ' ,58 ,1 ,0, 0
92 ,106, 73, '41 41 52 44 50 41 38 45 55 31 54 63 44 41 45 29 ' ,'0 0 0 0 0 0 0 0 0 0 0 0 0 0 0 0 ' ,40 ,1 ,0, 0
99 ,83, 82, '37 42 49 40 48 47 46 36 67 52 73 50 38 43 49 64 ' ,'0 0 0 0 0 0 0 0 0 0 0 0 0 0 0 0 ' ,40 ,1 ,1, 1
120 ,92, 103, '83 52 42 58 54 86 60 39 44 41 93 63 36 30 26 74 ' ,'0 0 0 0 0 0 0 0 0 0 0 0 0 0 0 0 ' ,71 ,1 ,1, 1
88 ,111, 70, '50 51 46 62 47 58 40 50 53 53 45 50 35 38 42 38 ' ,'0 0 0 0 0 0 0 0 0 0 0 0 0 0 0 0 ' ,30 ,1 ,1, 1
92 ,81, 74, '46 48 54 46 65 44 46 43 42 59 53 54 35 42 50 37 ' ,'0 0 0 0 0 0 0 0 0 0 0 0 0 0 0 0 ' ,32 ,1 ,1, 1
120 ,84, 105, '56 48 43 48 53 46 58 46 68 55 95 52 32 37 33 50 ' ,'0 0 0 0 0 0 0 0 0 0 0 0 0 0 0 0 ' ,64 ,1 ,1, 1
105 ,113, 87, '41 54 48 62 55 36 51 48 55 51 48 77 52 42 30 40 ' ,'0 0 0 0 0 0 0 0 0 0 0 0 0 0 0 0 ' ,52 ,0 ,0, 0
131 ,96, 114, '75 57 43 50 42 105 50 82 52 65 76 55 41 36 38 61 ' ,'0 0 0 0 0 0 0 0 0 0 0 0 0 0 0 0 ' ,73 ,1 ,1, 1
94 ,122, 77, '64 66 57 58 52 52 48 47 58 55 49 44 52 37 50 36 ' ,'0 0 0 0 0 0 0 0 0 0 0 0 0 0 0 0 ' ,35 ,1 ,0, 0
122 ,83, 106, '58 55 57 71 75 42 55 51 75 86 73 50 48 52 74 37 ' ,'0 0 0 0 0 0 0 0 0 0 0 0 0 0 0 0 ' ,63 ,1 ,0, 0
102 ,113, 85, '61 45 60 56 50 56 61 57 70 75 47 65 39 46 43 44 ' ,'0 0 0 0 0 0 0 0 0 0 0 0 0 0 0 0 ' ,35 ,1 ,0, 0
103 ,93, 85, '51 62 63 47 55 62 45 44 67 56 69 55 42 42 29 32 ' ,'0 0 0 0 0 0 0 0 0 0 0 0 0 0 0 0 ' ,46 ,1 ,1, 0
337 ,95, 323, '313 55 57 48 56 285 54 61 73 46 294 45 39 53 44 102 ' ,'158008 0 0 0 0 170335 0 0 0 0 175078 0 0 0 0 0 ' ,275 ,2 ,1, 1
88 ,329, 67, '53 42 55 55 55 42 59 54 63 57 49 63 41 49 41 48 ' ,'0 0 0 0 0 0 0 0 0 0 0 0 0 0 0 0 ' ,23 ,1 ,0, 0
124 ,79, 109, '52 49 80 77 68 59 47 79 42 97 56 51 35 37 78 55 ' ,'0 0 0 0 0 0 0 0 0 0 0 0 0 0 0 0 ' ,64 ,1 ,1, 1
105 ,115, 86, '39 57 53 51 48 61 48 52 59 57 39 76 36 30 31 54 ' ,'0 0 0 0 0 0 0 0 0 0 0 0 0 0 0 0 ' ,50 ,1 ,0, 0
112 ,94, 94, '51 47 62 61 49 71 61 58 59 44 54 79 32 42 51 34 ' ,'0 0 0 0 0 0 0 0 0 0 0 0 0 0 0 0 ' ,52 ,1 ,1, 0
110 ,101, 88, '60 54 42 62 46 63 52 63 68 46 78 59 39 46 39 60 ' ,'0 0 0 0 0 0 0 0 0 0 0 0 0 0 0 0 ' ,41 ,1 ,1, 1
91 ,96, 75, '61 45 58 55 44 53 50 55 62 58 43 58 34 46 32 43 ' ,'0 0 0 0 0 0 0 0 0 0 0 0 0 0 0 0 ' ,30 ,1 ,0, 0
94 ,81, 77, '58 37 49 59 65 49 45 69 53 68 58 49 36 47 44 52 ' ,'0 0 0 0 0 0 0 0 0 0 0 0 0 0 0 0 ' ,34 ,1 ,1, 1
101 ,86, 82, '67 55 45 76 51 50 46 44 64 57 58 55 38 45 34 45 ' ,'0 0 0 0 0 0 0 0 0 0 0 0 0 0 0 0 ' ,43 ,1 ,1, 1
111 ,93, 96, '75 52 50 45 55 59 82 62 60 46 66 48 54 51 55 47 ' ,'0 0 0 0 0 0 0 0 0 0 0 0 0 0 0 0 ' ,43 ,1 ,0, 0
97 ,102, 80, '61 50 62 63 52 68 52 53 68 49 67 63 47 46 34 56 ' ,'0 0 0 0 0 0 0 0 0 0 0 0 0 0 0 0 ' ,38 ,1 ,1, 0
95 ,86, 79, '46 49 67 50 50 67 41 57 63 42 56 57 36 54 39 46 ' ,'0 0 0 0 0 0 0 0 0 0 0 0 0 0 0 0 ' ,30 ,1 ,0, 0
113 ,87, 95, '49 48 57 57 64 81 59 43 58 75 45 73 40 38 62 44 ' ,'0 0 0 0 0 0 0 0 0 0 0 0 0 0 0 0 ' ,48 ,1 ,0, 0
106 ,102, 90, '54 54 48 67 45 63 58 51 56 48 50 44 50 77 44 54 ' ,'0 0 0 0 0 0 0 0 0 0 0 0 0 0 0 0 ' ,32 ,1 ,1, 1
122 ,94, 106, '65 49 59 48 63 56 73 49 50 94 68 47 45 38 48 41 ' ,'0 0 0 0 0 0 0 0 0 0 0 0 0 0 0 0 ' ,60 ,1 ,1, 1
117 ,112, 100, '89 56 51 45 44 73 50 58 51 69 85 48 32 48 29 83 ' ,'0 0 0 0 0 0 0 0 0 0 0 0 0 0 0 0 ' ,61 ,2 ,1, 0
94 ,109, 77, '56 49 53 51 54 48 64 49 54 63 67 53 41 34 42 69 ' ,'0 0 0 0 0 0 0 0 0 0 0 0 0 0 0 0 ' ,36 ,1 ,1, 0
129 ,86, 116, '67 58 68 50 104 60 49 62 55 86 72 53 41 46 81 54 ' ,'0 0 0 0 0 0 0 0 0 0 0 0 0 0 0 0 ' ,64 ,1 ,1, 1
98 ,121, 81, '51 66 62 62 49 47 71 58 53 49 68 52 52 44 42 43 ' ,'0 0 0 0 0 0 0 0 0 0 0 0 0 0 0 0 ' ,33 ,1 ,1, 0
116 ,89, 101, '59 54 89 77 51 45 48 50 58 63 56 68 52 45 58 60 ' ,'0 0 0 0 0 0 0 0 0 0 0 0 0 0 0 0 ' ,41 ,1 ,1, 1
128 ,106, 111, '91 50 68 53 48 94 46 67 72 53 98 54 38 31 41 91 ' ,'0 0 0 0 0 0 0 0 0 0 0 0 0 0 0 0 ' ,74 ,1 ,0, 0
98 ,118, 80, '55 51 60 58 55 71 48 63 65 49 50 49 44 37 45 46 ' ,'0 0 0 0 0 0 0 0 0 0 0 0 0 0 0 0 ' ,40 ,1 ,0, 0
109 ,88, 94, '53 55 55 62 79 57 51 62 68 76 45 57 43 52 86 55 ' ,'0 0 0 0 0 0 0 0 0 0 0 0 0 0 0 0 ' ,45 ,1 ,0, 0
103 ,103, 88, '75 47 55 58 51 52 55 65 45 68 58 51 45 43 39 45 ' ,'0 0 0 0 0 0 0 0 0 0 0 0 0 0 0 0 ' ,42 ,1 ,0, 0
105 ,96, 86, '47 46 66 63 59 60 66 71 75 62 50 60 41 57 39 40 ' ,'0 0 0 0 0 0 0 0 0 0 0 0 0 0 0 0 ' ,38 ,1 ,1, 1
160 ,94, 143, '123 68 49 51 75 107 54 83 74 53 106 49 35 45 36 85 ' ,'0 0 0 0 0 0 0 0 0 0 0 0 0 0 0 0 ' ,96 ,1 ,1, 0
108 ,150, 93, '81 57 47 66 74 48 49 61 41 49 53 75 38 39 22 62 ' ,'0 0 0 0 0 0 0 0 0 0 0 0 0 0 0 0 ' ,60 ,1 ,1, 1
96 ,100, 80, '42 63 43 67 70 44 35 47 50 56 63 52 49 43 71 38 ' ,'0 0 0 0 0 0 0 0 0 0 0 0 0 0 0 0 ' ,37 ,0 ,1, 1
108 ,87, 91, '47 64 54 43 79 52 53 55 62 58 59 60 40 38 35 47 ' ,'0 0 0 0 0 0 0 0 0 0 0 0 0 0 0 0 ' ,48 ,1 ,1, 0
94 ,98, 78, '54 62 48 62 58 60 65 40 53 49 60 65 32 51 36 65 ' ,'0 0 0 0 0 0 0 0 0 0 0 0 0 0 0 0 ' ,33 ,1 ,0, 0
123 ,85, 107, '81 60 75 73 52 95 64 92 67 62 81 53 55 58 36 71 ' ,'0 0 0 0 0 0 0 0 0 0 0 0 0 0 0 0 ' ,63 ,1 ,0, 0
112 ,113, 96, '64 57 55 84 58 65 59 53 53 76 57 65 35 36 43 60 ' ,'0 0 0 0 0 0 0 0 0 0 0 0 0 0 0 0 ' ,50 ,1 ,1, 0
119 ,102, 104, '52 55 65 71 71 58 43 76 54 66 89 45 39 61 59 49 ' ,'0 0 0 0 0 0 0 0 0 0 0 0 0 0 0 0 ' ,54 ,1 ,1, 0
117 ,110, 98, '58 73 48 46 67 65 56 67 43 55 70 67 46 64 50 90 ' ,'0 0 0 0 0 0 0 0 0 0 0 0 0 0 0 0 ' ,46 ,2 ,1, 0
116 ,106, 100, '76 60 49 61 63 60 63 73 73 49 89 63 35 42 49 83 ' ,'0 0 0 0 0 0 0 0 0 0 0 0 0 0 0 0 ' ,57 ,1 ,1, 0
108 ,107, 90, '80 43 39 62 54 63 59 56 53 38 65 41 39 43 51 54 ' ,'0 0 0 0 0 0 0 0 0 0 0 0 0 0 0 0 ' ,42 ,1 ,1, 1
127 ,99, 107, '68 63 92 64 73 91 73 82 54 53 55 51 55 40 63 66 ' ,'0 0 0 0 0 0 0 0 0 0 0 0 0 0 0 0 ' ,56 ,1 ,0, 0
132 ,116, 111, '58 73 57 54 102 74 53 51 69 79 52 48 52 60 56 48 ' ,'0 0 0 0 0 0 0 0 0 0 0 0 0 0 0 0 ' ,62 ,1 ,1, 0
101 ,123, 85, '64 51 71 70 54 75 72 51 64 55 53 61 38 39 44 60 ' ,'0 0 0 0 0 0 0 0 0 0 0 0 0 0 0 0 ' ,40 ,1 ,1, 0
114 ,92, 90, '61 61 75 74 65 72 61 55 78 36 60 62 39 51 35 38 ' ,'0 0 0 0 0 0 0 0 0 0 0 0 0 0 0 0 ' ,45 ,1 ,1, 0
128 ,103, 110, '94 72 52 72 56 71 59 62 74 48 86 56 34 78 71 103 ' ,'0 0 0 0 0 0 0 0 0 0 0 0 0 0 0 0 ' ,67 ,1 ,0, 0
104 ,118, 86, '73 65 64 55 64 62 62 75 45 66 56 48 45 48 57 50 ' ,'0 0 0 0 0 0 0 0 0 0 0 0 0 0 0 0 ' ,34 ,1 ,0, 0
124 ,95, 109, '64 65 39 56 85 53 63 64 63 80 96 46 35 32 68 42 ' ,'0 0 0 0 0 0 0 0 0 0 0 0 0 0 0 0 ' ,70 ,1 ,1, 1
125 ,115, 110, '53 67 52 52 56 57 70 64 84 71 94 81 48 56 40 102 ' ,'0 0 0 0 0 0 0 0 0 0 0 0 0 0 0 0 ' ,62 ,1 ,1, 1
119 ,116, 104, '68 63 76 78 76 51 93 53 63 79 62 48 94 54 46 57 ' ,'0 0 0 0 0 0 0 0 0 0 0 0 0 0 0 0 ' ,50 ,1 ,1, 0
134 ,111, 118, '78 83 82 59 90 104 52 58 91 55 78 62 30 37 46 76 ' ,'0 0 0 0 0 0 0 0 0 0 0 0 0 0 0 0 ' ,77 ,1 ,1, 1
130 ,124, 112, '62 68 63 78 67 101 63 68 88 74 70 62 43 36 57 37 ' ,'0 0 0 0 0 0 0 0 0 0 0 0 0 0 0 0 ' ,71 ,1 ,1, 1
126 ,122, 110, '74 99 59 78 88 51 61 58 77 84 68 55 31 70 85 67 ' ,'0 0 0 0 0 0 0 0 0 0 0 0 0 0 0 0 ' ,70 ,1 ,1, 1
108 ,116, 90, '80 53 76 73 47 54 78 49 64 62 80 53 38 54 31 41 ' ,'0 0 0 0 0 0 0 0 0 0 0 0 0 0 0 0 ' ,51 ,1 ,0, 0
105 ,99, 89, '58 69 60 60 78 45 56 66 78 58 70 62 43 64 45 54 ' ,'0 0 0 0 0 0 0 0 0 0 0 0 0 0 0 0 ' ,34 ,1 ,1, 1
120 ,94, 102, '89 91 69 48 78 71 69 76 68 86 76 73 53 41 60 62 ' ,'0 0 0 0 0 0 0 0 0 0 0 0 0 0 0 0 ' ,54 ,1 ,1, 1
107 ,110, 84, '64 66 74 68 69 63 53 69 64 54 53 69 52 48 49 61 ' ,'0 0 0 0 0 0 0 0 0 0 0 0 0 0 0 0 ' ,31 ,1 ,1, 1
125 ,98, 109, '82 62 71 66 94 69 75 99 85 78 69 78 78 51 79 45 ' ,'0 0 0 0 0 0 0 0 0 0 0 0 0 0 0 0 ' ,57 ,1 ,1, 1
211 ,116, 191, '101 49 62 56 75 84 63 55 65 59 65 69 75 39 52 42 ' ,'0 0 0 0 0 0 0 0 0 0 0 0 0 0 0 0 ' ,66 ,2 ,80, 1
145 ,203, 128, '99 56 67 93 72 89 77 75 119 48 44 61 47 62 59 70 ' ,'0 0 0 0 0 0 0 0 0 0 0 0 0 0 0 0 ' ,73 ,1 ,1, 0
234 ,136, 218, '204 66 63 52 78 166 76 85 59 51 175 57 58 57 69 153 ' ,'0 0 0 0 0 0 0 0 0 0 0 0 0 0 0 0 ' ,157 ,1 ,1, 1
125 ,225, 110, '53 46 67 73 61 65 56 71 89 58 53 68 61 47 45 67 ' ,'0 0 0 0 0 0 0 0 0 0 0 0 0 0 0 0 ' ,56 ,1 ,1, 1
138 ,117, 122, '52 68 60 103 60 66 65 57 114 93 73 100 57 39 92 56 ' ,'0 0 0 0 0 0 0 0 0 0 0 0 0 0 0 0 ' ,70 ,1 ,1, 0
151 ,128, 128, '61 115 73 81 77 65 116 71 60 52 89 70 83 51 39 64 ' ,'0 0 0 0 0 0 0 0 0 0 0 0 0 0 0 0 ' ,82 ,1 ,1, 0
121 ,137, 104, '65 77 93 62 52 83 60 93 78 62 64 65 51 36 46 51 ' ,'0 0 0 0 0 0 0 0 0 0 0 0 0 0 0 0 ' ,61 ,1 ,0, 0
130 ,111, 113, '85 75 53 103 81 93 75 55 82 56 98 68 56 53 40 91 ' ,'0 0 0 0 0 0 0 0 0 0 0 0 0 0 0 0 ' ,65 ,1 ,1, 0
131 ,120, 115, '89 61 77 61 62 79 66 104 73 48 65 68 85 51 36 49 ' ,'0 0 0 0 0 0 0 0 0 0 0 0 0 0 0 0 ' ,68 ,1 ,0, 0
133 ,121, 114, '88 52 59 70 98 68 55 57 94 103 46 75 44 59 66 44 ' ,'0 0 0 0 0 0 0 0 0 0 0 0 0 0 0 0 ' ,64 ,1 ,0, 0
127 ,193, 110, '97 79 79 69 72 62 47 66 45 52 77 99 59 37 69 77 ' ,'0 0 0 0 0 0 0 0 0 0 0 0 0 0 0 0 ' ,68 ,1 ,0, 0
118 ,121, 101, '68 59 67 68 49 65 69 67 68 77 56 74 46 41 57 68 ' ,'0 0 0 0 0 0 0 0 0 0 0 0 0 0 0 0 ' ,44 ,2 ,1, 0
126 ,110, 110, '90 100 73 88 64 78 55 56 67 61 81 70 48 65 49 71 ' ,'0 0 0 0 0 0 0 0 0 0 0 0 0 0 0 0 ' ,53 ,1 ,0, 0
114 ,117, 96, '71 87 69 55 46 51 71 80 60 69 54 63 40 59 51 58 ' ,'0 0 0 0 0 0 0 0 0 0 0 0 0 0 0 0 ' ,46 ,1 ,1, 0
121 ,107, 103, '53 67 80 61 81 62 45 77 72 71 71 72 39 70 48 56 ' ,'0 0 0 0 0 0 0 0 0 0 0 0 0 0 0 0 ' ,50 ,12 ,0, 0
