761 ,0, 643, '508 533 449 343 355 566 576 587 ' ,'294 278 233 157 160 0 367 393 ' ,251 ,11 ,9, 9
224 ,673, 196, '161 157 132 138 151 129 138 178 ' ,'0 0 0 0 225 0 0 0 ' ,57 ,2 ,3, 3
142 ,223, 112, '84 80 73 68 92 73 74 68 ' ,'0 0 0 0 0 0 0 0 ' ,32 ,2 ,5, 5
686 ,125, 662, '79 81 82 79 80 79 84 642 ' ,'0 0 0 0 0 0 0 0 ' ,567 ,2 ,5, 5
115 ,678, 88, '60 64 61 62 56 62 56 68 ' ,'0 0 0 0 0 0 0 0 ' ,17 ,2 ,2, 2
130 ,98, 101, '79 75 75 77 70 76 69 69 ' ,'0 0 0 0 0 0 0 0 ' ,20 ,1 ,4, 4
114 ,139, 91, '65 66 61 63 62 74 58 66 ' ,'0 0 0 0 0 0 0 0 ' ,20 ,1 ,2, 2
122 ,104, 96, '84 67 70 74 75 63 69 70 ' ,'0 0 0 0 0 0 0 0 ' ,25 ,2 ,1, 1
116 ,109, 99, '69 85 69 68 64 70 66 70 ' ,'0 0 0 0 0 0 0 0 ' ,23 ,3 ,1, 1
118 ,125, 98, '71 72 81 72 67 76 74 67 ' ,'0 0 0 0 0 0 0 0 ' ,15 ,3 ,2, 2
119 ,114, 102, '67 68 77 69 67 61 61 65 ' ,'0 0 0 0 0 0 0 0 ' ,27 ,3 ,3, 3
108 ,107, 88, '67 69 75 64 62 56 56 57 ' ,'0 0 0 0 0 0 0 0 ' ,22 ,2 ,1, 1
7168 ,99, 85, '62 63 74 73 64 62 68 63 ' ,'0 0 0 0 0 0 0 0 ' ,14 ,1 ,1, 1
8449 ,236, 228, '69 67 72 73 64 67 68 68 ' ,'0 0 0 0 0 0 0 0 ' ,152 ,2 ,3, 3
123 ,1349, 99, '73 85 67 68 63 63 68 64 ' ,'0 0 0 0 0 0 0 0 ' ,25 ,1 ,2, 2
135 ,114, 111, '77 68 74 82 84 88 63 67 ' ,'0 0 0 0 0 0 0 0 ' ,34 ,1 ,5, 5
1216 ,122, 262, '71 72 72 71 75 75 65 65 ' ,'0 0 0 0 0 0 0 0 ' ,186 ,2 ,2, 2
1311 ,271, 109, '82 92 78 85 78 75 83 72 ' ,'0 0 0 0 0 0 0 0 ' ,25 ,2 ,1, 1
1126 ,121, 87, '64 66 64 62 62 59 71 56 ' ,'0 0 0 0 0 0 0 0 ' ,22 ,2 ,2, 2
2090 ,98, 98, '66 65 73 67 58 63 62 60 ' ,'0 0 0 0 0 0 0 0 ' ,23 ,1 ,2, 2
124 ,111, 93, '72 72 72 70 65 64 73 79 ' ,'0 0 0 0 0 0 0 0 ' ,19 ,1 ,2, 2
104 ,109, 84, '69 67 71 60 62 65 59 61 ' ,'0 0 0 0 0 0 0 0 ' ,13 ,1 ,2, 2
118 ,92, 103, '78 74 89 82 77 77 67 80 ' ,'0 0 0 0 0 0 0 0 ' ,26 ,1 ,1, 1
102 ,109, 84, '72 65 60 60 60 62 68 66 ' ,'0 0 0 0 0 0 0 0 ' ,14 ,1 ,1, 1
101 ,89, 85, '67 58 63 78 59 64 56 61 ' ,'0 0 0 0 0 0 0 0 ' ,23 ,1 ,1, 1
89 ,93, 70, '61 54 54 58 57 56 50 61 ' ,'0 0 0 0 0 0 0 0 ' ,12 ,0 ,1, 1
101 ,78, 84, '64 76 64 63 61 66 69 65 ' ,'0 0 0 0 0 0 0 0 ' ,15 ,1 ,1, 1
109 ,94, 94, '86 82 77 76 77 74 84 72 ' ,'0 0 0 0 0 0 0 0 ' ,15 ,1 ,1, 1
106 ,102, 91, '69 76 72 69 66 64 80 66 ' ,'0 0 0 0 0 0 0 0 ' ,18 ,1 ,2, 2
121 ,99, 100, '90 86 84 84 77 81 88 76 ' ,'0 0 0 0 0 0 0 0 ' ,17 ,1 ,2, 1
128 ,111, 106, '90 88 88 90 87 93 84 92 ' ,'0 0 0 0 0 0 0 0 ' ,12 ,1 ,1, 1
124 ,114, 99, '70 77 72 73 76 77 67 67 ' ,'0 0 0 0 0 0 0 0 ' ,25 ,1 ,2, 2
1064 ,110, 91, '65 67 56 57 68 54 59 51 ' ,'0 0 0 0 0 0 0 0 ' ,29 ,2 ,1, 1
17294 ,103, 83, '71 66 62 69 58 55 74 57 ' ,'0 0 0 0 0 0 0 0 ' ,21 ,2 ,1, 1
118 ,98, 91, '83 66 71 72 64 71 66 73 ' ,'0 0 0 0 0 0 0 0 ' ,19 ,1 ,0, 0
119 ,106, 98, '72 70 71 88 64 70 74 75 ' ,'0 0 0 0 0 0 0 0 ' ,20 ,1 ,1, 1
126 ,112, 102, '76 82 69 70 79 72 68 63 ' ,'0 0 0 0 0 0 0 0 ' ,29 ,1 ,2, 2
106 ,114, 90, '65 79 66 62 61 67 61 56 ' ,'0 0 0 0 0 0 0 0 ' ,22 ,1 ,2, 2
126 ,98, 106, '77 73 74 74 82 63 77 63 ' ,'0 0 0 0 0 0 0 0 ' ,32 ,1 ,2, 2
108 ,111, 87, '72 62 67 62 67 59 54 60 ' ,'0 0 0 0 0 0 0 0 ' ,23 ,1 ,1, 0
109 ,99, 86, '69 70 71 73 64 64 68 64 ' ,'0 0 0 0 0 0 0 0 ' ,16 ,2 ,1, 1
108 ,98, 88, '72 80 69 71 66 74 75 62 ' ,'0 0 0 0 0 0 0 0 ' ,13 ,1 ,1, 1
108 ,99, 90, '72 73 66 79 61 81 79 63 ' ,'0 0 0 0 0 0 0 0 ' ,21 ,1 ,2, 2
113 ,100, 96, '83 86 85 73 72 72 75 72 ' ,'0 0 0 0 0 0 0 0 ' ,16 ,2 ,2, 2
106 ,102, 87, '79 67 73 72 71 75 67 65 ' ,'0 0 0 0 0 0 0 0 ' ,15 ,1 ,1, 1
13746 ,97, 84, '63 67 61 60 62 60 74 67 ' ,'0 0 0 0 0 0 0 0 ' ,17 ,1 ,1, 1
754 ,95, 79, '67 67 63 64 63 55 71 67 ' ,'0 0 0 0 0 0 0 0 ' ,14 ,1 ,1, 1
102 ,88, 85, '76 53 60 53 57 53 54 55 ' ,'0 0 0 0 0 0 0 0 ' ,25 ,2 ,1, 1
88 ,94, 70, '55 58 60 58 59 58 57 53 ' ,'0 0 0 0 0 0 0 0 ' ,9 ,0 ,1, 1
120 ,76, 97, '65 61 68 67 68 59 63 59 ' ,'0 0 0 0 0 0 0 0 ' ,32 ,1 ,1, 1
121 ,112, 99, '69 62 77 65 64 61 56 58 ' ,'0 0 0 0 0 0 0 0 ' ,35 ,1 ,2, 2
128 ,108, 97, '69 64 65 68 74 72 67 63 ' ,'0 0 0 0 0 0 0 0 ' ,26 ,0 ,2, 2
118 ,110, 95, '71 61 62 66 68 85 57 59 ' ,'0 0 0 0 0 0 0 0 ' ,31 ,1 ,1, 1
115 ,106, 87, '62 55 54 57 49 60 52 65 ' ,'0 0 0 0 0 0 0 0 ' ,20 ,0 ,2, 2
143 ,102, 118, '77 77 82 79 95 71 72 73 ' ,'0 0 0 0 0 0 0 0 ' ,39 ,1 ,1, 1
138 ,128, 113, '80 79 86 73 83 83 69 81 ' ,'0 0 0 0 0 0 0 0 ' ,35 ,1 ,0, 0
119 ,129, 92, '60 63 73 61 59 62 51 56 ' ,'0 0 0 0 0 0 0 0 ' ,31 ,1 ,2, 2
109 ,107, 84, '59 71 61 55 51 58 54 56 ' ,'0 0 0 0 0 0 0 0 ' ,18 ,1 ,2, 2
117 ,98, 91, '79 69 71 72 61 65 75 74 ' ,'0 0 0 0 0 0 0 0 ' ,20 ,1 ,2, 2
123 ,107, 100, '77 77 79 78 71 71 77 73 ' ,'0 0 0 0 0 0 0 0 ' ,22 ,1 ,1, 1
104 ,114, 82, '66 67 70 62 55 64 65 57 ' ,'0 0 0 0 0 0 0 0 ' ,19 ,1 ,1, 1
111 ,95, 88, '67 61 71 73 57 66 64 61 ' ,'0 0 0 0 0 0 0 0 ' ,20 ,1 ,2, 2
110 ,103, 89, '67 68 78 77 63 70 62 64 ' ,'0 0 0 0 0 0 0 0 ' ,18 ,1 ,0, 0
108 ,102, 88, '64 65 70 62 58 67 67 56 ' ,'0 0 0 0 0 0 0 0 ' ,23 ,1 ,2, 2
102 ,100, 77, '60 59 60 59 49 56 53 53 ' ,'0 0 0 0 0 0 0 0 ' ,16 ,1 ,1, 1
90 ,89, 76, '64 58 65 60 58 52 59 55 ' ,'0 0 0 0 0 0 0 0 ' ,14 ,1 ,1, 1
93 ,80, 77, '64 65 54 55 54 55 60 59 ' ,'0 0 0 0 0 0 0 0 ' ,14 ,1 ,2, 2
100 ,84, 85, '62 76 73 67 59 65 59 60 ' ,'0 0 0 0 0 0 0 0 ' ,19 ,0 ,1, 1
112 ,94, 90, '66 58 66 62 60 54 53 53 ' ,'0 0 0 0 0 0 0 0 ' ,25 ,1 ,1, 1
119 ,100, 92, '67 66 64 56 60 57 56 51 ' ,'0 0 0 0 0 0 0 0 ' ,31 ,1 ,1, 1
788 ,105, 100, '56 66 63 66 73 53 52 54 ' ,'0 0 0 0 0 0 0 0 ' ,39 ,1 ,2, 2
13998 ,116, 82, '66 69 73 61 64 60 61 71 ' ,'0 0 0 0 0 0 0 0 ' ,14 ,1 ,2, 2
387 ,89, 370, '220 354 213 213 236 333 221 276 ' ,'0 0 0 0 0 0 0 0 ' ,142 ,1 ,2, 2
221 ,376, 198, '179 171 156 147 159 130 150 186 ' ,'0 0 0 0 0 0 0 0 ' ,57 ,1 ,3, 3
206 ,214, 188, '151 162 161 140 150 131 144 147 ' ,'0 0 0 0 0 0 0 0 ' ,45 ,1 ,3, 3
223 ,198, 203, '171 184 174 158 171 165 174 185 ' ,'0 0 0 0 0 0 0 0 ' ,36 ,1 ,2, 2
215 ,213, 193, '158 148 181 182 153 162 130 148 ' ,'0 0 0 0 0 0 0 0 ' ,53 ,1 ,2, 2
292 ,204, 266, '167 243 208 188 164 170 221 176 ' ,'0 0 0 0 0 0 0 0 ' ,87 ,1 ,2, 2
266 ,276, 244, '197 203 178 183 208 143 146 148 ' ,'0 0 0 0 0 0 0 0 ' ,87 ,1 ,2, 2
284 ,256, 264, '179 207 252 206 196 187 156 145 ' ,'0 0 0 0 0 0 0 0 ' ,108 ,1 ,2, 2
279 ,274, 257, '201 207 210 206 185 158 239 138 ' ,'0 0 0 0 0 0 0 0 ' ,105 ,2 ,1, 1
334 ,262, 312, '217 215 218 184 274 164 204 189 ' ,'0 0 0 0 0 0 0 0 ' ,136 ,1 ,4, 4
289 ,322, 265, '172 183 163 188 230 188 176 197 ' ,'0 0 0 0 0 0 0 0 ' ,93 ,2 ,2, 2
730 ,274, 710, '669 639 694 503 594 683 519 575 ' ,'292 251 222 186 266 315 212 247 ' ,199 ,2 ,2, 2
376 ,722, 353, '262 221 334 189 225 216 219 208 ' ,'0 0 0 0 0 0 0 0 ' ,157 ,1 ,1, 1
314 ,365, 289, '231 228 194 242 248 195 195 217 ' ,'0 0 0 0 0 0 0 0 ' ,87 ,2 ,1, 1
302 ,298, 274, '200 183 189 177 237 165 144 169 ' ,'0 0 0 0 0 0 0 0 ' ,123 ,1 ,1, 1
307 ,283, 282, '159 202 175 185 238 188 168 206 ' ,'0 0 0 0 0 0 0 0 ' ,107 ,1 ,1, 1
249 ,291, 220, '190 198 205 181 168 133 188 196 ' ,'0 0 0 0 0 0 0 0 ' ,72 ,1 ,2, 2
245 ,229, 231, '186 196 201 180 185 179 171 162 ' ,'0 5659 0 0 0 0 0 0 ' ,59 ,2 ,2, 2
278 ,238, 260, '226 251 212 232 195 191 206 209 ' ,'0 0 0 0 0 0 0 0 ' ,61 ,1 ,1, 1
226 ,270, 205, '192 174 160 174 151 163 150 165 ' ,'0 0 0 0 0 0 0 0 ' ,44 ,2 ,2, 2
559 ,212, 317, '178 230 197 192 283 160 192 195 ' ,'0 0 0 0 0 0 0 0 ' ,146 ,1 ,2, 2
1620 ,326, 192, '174 162 183 179 147 172 163 182 ' ,'0 0 0 0 0 0 0 0 ' ,24 ,1 ,2, 2
1413 ,206, 883, '191 186 228 222 163 191 167 202 ' ,'0 0 0 0 0 0 0 0 ' ,64 ,1 ,2, 2
2198 ,895, 924, '203 229 254 208 225 237 163 177 ' ,'0 0 0 0 0 0 0 0 ' ,754 ,2 ,2, 2
3841 ,935, 287, '193 188 168 166 237 162 276 196 ' ,'0 0 0 0 0 0 0 0 ' ,119 ,2 ,2, 2
338 ,305, 311, '297 259 237 254 195 206 248 166 ' ,'0 0 0 0 0 0 0 0 ' ,136 ,2 ,2, 2
12901 ,321, 234, '219 184 222 174 164 197 173 185 ' ,'0 0 0 0 0 0 0 0 ' ,52 ,1 ,1, 1
320 ,248, 291, '257 183 275 234 183 174 182 190 ' ,'0 0 0 0 0 0 0 0 ' ,103 ,2 ,2, 2
178 ,302, 144, '97 96 99 104 97 94 90 101 ' ,'0 0 0 0 0 0 0 0 ' ,41 ,2 ,2, 2
3186 ,157, 1646, '89 100 91 84 91 89 93 80 ' ,'0 0 0 0 0 0 0 0 ' ,1559 ,2 ,1, 1
126 ,1664, 108, '98 97 82 81 82 90 82 81 ' ,'0 0 0 0 0 0 0 0 ' ,15 ,1 ,1, 1
126 ,116, 110, '83 83 94 98 91 76 77 79 ' ,'0 0 0 0 0 0 0 0 ' ,21 ,1 ,2, 2
131 ,116, 116, '88 104 81 103 77 88 79 78 ' ,'0 0 0 0 0 0 0 0 ' ,27 ,1 ,2, 2
127 ,123, 112, '89 82 87 102 73 87 94 74 ' ,'0 0 0 0 0 0 0 0 ' ,28 ,1 ,2, 2
156 ,118, 136, '109 124 109 126 105 116 99 94 ' ,'0 0 0 0 0 0 0 0 ' ,31 ,1 ,2, 2
125 ,147, 108, '87 95 82 97 80 77 79 88 ' ,'0 0 0 0 0 0 0 0 ' ,19 ,1 ,2, 2
124 ,115, 103, '96 96 95 93 79 83 79 82 ' ,'0 0 0 0 0 0 0 0 ' ,14 ,1 ,1, 1
149 ,115, 133, '122 116 108 104 99 105 103 90 ' ,'0 0 0 0 0 0 0 0 ' ,33 ,1 ,2, 2
127 ,140, 112, '86 99 84 82 75 74 74 77 ' ,'0 0 0 0 0 0 0 0 ' ,26 ,1 ,2, 2
115 ,118, 99, '80 89 84 80 78 76 86 77 ' ,'0 0 0 0 0 0 0 0 ' ,14 ,1 ,1, 1
124 ,106, 109, '80 95 79 75 77 81 85 85 ' ,'0 0 0 0 0 0 0 0 ' ,22 ,1 ,2, 2
140 ,115, 125, '86 92 77 89 83 73 89 79 ' ,'0 0 0 0 0 0 0 0 ' ,44 ,23 ,1, 1
120 ,134, 99, '88 82 79 85 81 86 78 75 ' ,'0 0 0 0 0 0 0 0 ' ,15 ,1 ,1, 1
126 ,106, 108, '84 92 92 89 76 75 95 79 ' ,'0 0 0 0 0 0 0 0 ' ,23 ,2 ,1, 1
124 ,115, 106, '83 86 86 96 76 70 82 79 ' ,'0 0 0 0 0 0 0 0 ' ,27 ,1 ,1, 1
147 ,115, 126, '84 103 97 79 78 80 78 83 ' ,'0 0 0 0 0 0 0 0 ' ,34 ,1 ,1, 1
1611 ,135, 895, '79 83 92 85 74 84 78 76 ' ,'0 0 0 0 0 0 0 0 ' ,737 ,2 ,1, 1
1985 ,907, 779, '82 81 77 80 75 82 82 73 ' ,'0 0 0 0 0 0 0 0 ' ,1184 ,2 ,2, 2
978 ,1278, 139, '120 116 113 117 103 98 116 98 ' ,'0 0 0 0 0 0 0 0 ' ,29 ,2 ,2, 2
169 ,149, 136, '113 116 116 107 103 108 100 98 ' ,'0 0 0 0 0 0 0 0 ' ,29 ,2 ,1, 1
1834 ,148, 151, '80 88 98 88 98 81 74 77 ' ,'0 0 0 0 0 0 0 0 ' ,75 ,1 ,1, 1
10953 ,173, 2027, '81 84 83 90 1300 79 79 84 ' ,'0 0 0 0 0 0 0 0 ' ,1944 ,2 ,2, 2
18936 ,2048, 108, '90 87 83 83 72 83 81 89 ' ,'0 0 0 0 0 0 0 0 ' ,21 ,1 ,1, 1
278 ,121, 262, '247 216 212 223 207 187 206 193 ' ,'0 0 0 0 0 0 0 0 ' ,64 ,1 ,1, 1
7603 ,917, 242, '188 205 229 172 163 199 186 164 ' ,'0 0 0 0 0 0 0 0 ' ,66 ,1 ,1, 1
264 ,256, 239, '165 203 180 230 157 184 144 174 ' ,'0 0 0 0 0 0 0 0 ' ,85 ,1 ,1, 1
210 ,253, 188, '132 173 146 148 124 139 123 119 ' ,'0 0 0 0 0 0 0 0 ' ,56 ,1 ,1, 1
217 ,198, 193, '148 176 162 144 149 133 166 171 ' ,'0 0 0 0 0 0 0 0 ' ,50 ,2 ,1, 1
235 ,208, 214, '145 167 135 148 167 128 115 116 ' ,'0 0 0 0 0 0 0 0 ' ,86 ,2 ,2, 2
245 ,227, 223, '161 162 121 150 186 148 150 140 ' ,'0 0 0 0 0 0 0 0 ' ,89 ,1 ,1, 1
225 ,235, 204, '175 159 174 193 148 145 145 127 ' ,'0 0 0 0 0 0 0 0 ' ,68 ,2 ,2, 2
344 ,219, 319, '143 147 121 138 170 145 114 99 ' ,'0 0 0 0 0 0 0 0 ' ,86 ,74 ,2, 2
213 ,330, 190, '152 149 129 127 138 144 154 113 ' ,'0 0 0 0 0 0 0 0 ' ,64 ,1 ,3, 3
221 ,198, 195, '140 147 149 139 141 125 123 104 ' ,'0 0 0 0 0 0 0 0 ' ,76 ,2 ,2, 2
213 ,209, 188, '151 175 150 147 125 131 165 170 ' ,'0 0 0 0 0 0 0 0 ' ,49 ,2 ,1, 1
196 ,201, 174, '162 148 147 137 130 133 134 125 ' ,'0 0 0 0 0 0 0 0 ' ,39 ,1 ,1, 1
219 ,184, 197, '178 129 151 173 152 138 157 145 ' ,'0 0 0 0 0 0 0 0 ' ,53 ,1 ,2, 2
205 ,206, 183, '120 153 139 132 138 124 130 126 ' ,'0 0 0 0 0 0 0 0 ' ,53 ,1 ,1, 1
201 ,195, 176, '115 145 125 149 136 125 131 132 ' ,'0 0 0 0 0 0 0 0 ' ,52 ,1 ,1, 1
262 ,184, 235, '150 157 163 157 187 138 129 165 ' ,'0 0 0 0 0 0 0 0 ' ,95 ,2 ,2, 2
199 ,246, 176, '144 160 157 157 141 143 126 152 ' ,'0 0 0 0 0 0 0 0 ' ,40 ,1 ,1, 1
219 ,182, 201, '137 130 187 157 148 144 129 122 ' ,'0 0 0 0 0 0 0 0 ' ,68 ,2 ,1, 1
239 ,208, 222, '134 170 207 143 134 157 136 138 ' ,'0 0 0 0 0 0 0 0 ' ,77 ,2 ,1, 1
1515 ,231, 1499, '167 153 143 166 164 138 133 124 ' ,'0 0 0 0 0 0 0 0 ' ,1360 ,2 ,2, 2
1374 ,1508, 559, '678 169 172 178 181 149 140 132 ' ,'419 0 0 0 0 0 0 0 ' ,546 ,1 ,2, 2
14061 ,853, 161, '149 138 144 121 138 140 141 139 ' ,'0 0 0 0 0 0 0 0 ' ,31 ,0 ,1, 1
233 ,167, 204, '165 192 141 157 138 124 153 124 ' ,'0 0 0 0 0 0 0 0 ' ,72 ,1 ,2, 2
201 ,220, 176, '128 147 125 136 131 136 115 126 ' ,'0 0 0 0 0 0 0 0 ' ,40 ,1 ,2, 2
200 ,184, 178, '145 134 139 159 131 137 131 156 ' ,'0 0 0 0 0 0 0 0 ' ,36 ,2 ,1, 1
221 ,189, 198, '184 168 148 143 157 137 156 154 ' ,'0 0 0 0 0 0 0 0 ' ,53 ,2 ,1, 1
217 ,213, 194, '147 166 153 139 151 138 139 150 ' ,'0 0 0 0 0 0 0 0 ' ,46 ,2 ,1, 1
247 ,210, 225, '143 168 163 142 174 129 143 144 ' ,'0 0 0 0 0 0 0 0 ' ,84 ,2 ,2, 2
257 ,236, 236, '150 162 145 135 182 139 117 144 ' ,'0 0 0 0 0 0 0 0 ' ,107 ,2 ,2, 2
210 ,247, 185, '151 165 172 163 135 156 152 140 ' ,'0 0 0 0 0 0 0 0 ' ,32 ,2 ,2, 2
239 ,201, 217, '154 185 161 150 159 182 153 143 ' ,'0 0 0 0 0 0 0 0 ' ,61 ,2 ,2, 2
255 ,227, 234, '142 169 169 163 176 145 158 136 ' ,'0 0 0 0 0 0 0 0 ' ,85 ,2 ,2, 2
242 ,247, 215, '181 199 175 156 140 148 167 135 ' ,'0 0 0 0 0 0 0 0 ' ,67 ,1 ,1, 1
277 ,229, 250, '172 188 174 174 204 165 138 168 ' ,'0 0 0 0 0 0 0 0 ' ,101 ,2 ,1, 1
232 ,270, 209, '128 195 170 154 149 131 158 134 ' ,'0 0 0 0 0 0 0 0 ' ,70 ,1 ,1, 1
255 ,222, 233, '164 196 165 141 178 143 126 154 ' ,'0 0 0 0 0 0 0 0 ' ,92 ,2 ,1, 1
243 ,242, 221, '179 140 149 172 167 162 162 158 ' ,'0 0 0 0 0 0 0 0 ' ,64 ,2 ,2, 2
221 ,233, 198, '141 180 164 147 159 151 132 145 ' ,'0 0 0 0 0 0 0 0 ' ,53 ,1 ,1, 1
230 ,204, 214, '179 201 188 196 137 187 137 191 ' ,'0 0 0 0 0 0 0 0 ' ,66 ,1 ,1, 1
231 ,222, 215, '179 198 167 154 185 145 175 168 ' ,'0 0 0 0 0 0 0 0 ' ,58 ,1 ,2, 2
223 ,222, 207, '169 133 157 200 139 127 169 143 ' ,'0 0 0 0 0 0 0 0 ' ,68 ,1 ,1, 1
1691 ,218, 1667, '186 177 184 150 178 154 161 191 ' ,'0 0 0 0 0 0 0 0 ' ,1506 ,1 ,2, 2
27734 ,1677, 213, '154 159 196 185 128 187 153 203 ' ,'0 0 0 0 0 0 0 0 ' ,75 ,2 ,1, 1
206 ,223, 187, '137 155 130 161 153 172 130 124 ' ,'0 0 0 0 0 0 0 0 ' ,56 ,1 ,2, 2
202 ,197, 186, '170 136 147 163 157 153 145 110 ' ,'0 0 0 0 0 0 0 0 ' ,63 ,2 ,2, 2
231 ,191, 217, '170 192 153 204 141 197 148 140 ' ,'0 0 0 0 0 0 0 0 ' ,64 ,2 ,1, 1
218 ,222, 204, '168 179 141 166 143 189 169 181 ' ,'0 0 0 0 0 0 0 0 ' ,50 ,2 ,1, 1
208 ,211, 193, '159 148 153 159 152 176 157 174 ' ,'0 0 0 0 0 0 0 0 ' ,32 ,2 ,2, 2
