256 ,0, 133, '66 61 70 76 72 65 70 67 37 41 38 70 ' ,'0 0 0 0 0 0 0 0 0 0 0 0 ' ,51 ,6 ,3, 3
167 ,174, 142, '119 132 89 82 83 91 103 92 62 82 113 64 ' ,'0 0 0 0 0 0 0 0 0 0 0 0 ' ,71 ,1 ,0, 0
66 ,154, 29, '13 18 13 16 12 17 18 17 8 13 7 12 ' ,'0 0 0 0 0 0 0 0 0 0 0 0 ' ,18 ,0 ,1, 1
415 ,44, 394, '384 15 17 20 23 21 16 17 13 7 8 9 ' ,'0 0 0 0 0 0 0 0 0 0 0 0 ' ,378 ,1 ,1, 1
76 ,1129, 42, '18 23 18 19 14 21 18 16 16 16 12 12 ' ,'0 0 0 0 0 0 0 0 0 0 0 0 ' ,25 ,1 ,0, 0
63 ,74, 40, '20 15 18 29 16 19 13 16 24 7 14 12 ' ,'0 0 0 0 0 0 0 0 0 0 0 0 ' ,16 ,1 ,1, 1
50 ,51, 30, '15 13 18 19 12 14 12 16 14 8 9 7 ' ,'0 0 0 0 0 0 0 0 0 0 0 0 ' ,13 ,1 ,1, 1
63 ,46, 39, '18 30 20 23 13 17 24 18 14 8 11 12 ' ,'0 0 0 0 0 0 0 0 0 0 0 0 ' ,21 ,1 ,1, 0
55 ,58, 30, '16 17 12 21 11 18 15 12 8 8 11 7 ' ,'0 0 0 0 0 0 0 0 0 0 0 0 ' ,14 ,0 ,1, 1
60 ,47, 28, '14 11 14 18 11 14 12 18 9 8 5 7 ' ,'0 0 0 0 0 0 0 0 0 0 0 0 ' ,15 ,1 ,1, 1
60 ,51, 38, '19 21 15 15 17 18 19 14 9 7 12 13 ' ,'0 0 0 0 0 0 0 0 0 0 0 0 ' ,21 ,1 ,0, 0
48 ,49, 34, '21 13 18 18 18 17 15 18 14 14 11 11 ' ,'0 0 0 0 0 0 0 0 0 0 0 0 ' ,14 ,1 ,1, 1
59 ,40, 37, '18 19 20 18 23 19 21 20 9 15 10 13 ' ,'0 0 0 0 0 0 0 0 0 0 0 0 ' ,17 ,1 ,2, 2
53 ,48, 33, '17 18 18 19 20 19 17 19 14 12 13 10 ' ,'0 0 0 0 0 0 0 0 0 0 0 0 ' ,16 ,1 ,1, 1
70 ,43, 41, '12 20 13 17 21 16 19 13 10 8 7 14 ' ,'0 0 0 0 0 0 0 0 0 0 0 0 ' ,24 ,1 ,1, 1
804 ,770, 35, '17 18 17 13 19 17 19 18 8 8 11 12 ' ,'0 0 0 0 0 0 0 0 0 0 0 0 ' ,19 ,1 ,1, 1
1465 ,51, 39, '19 19 19 26 18 19 30 19 14 8 11 9 ' ,'0 0 0 0 0 0 0 0 0 0 0 0 ' ,19 ,1 ,1, 1
65 ,52, 37, '15 21 16 19 16 14 20 15 10 9 7 14 ' ,'0 0 0 0 0 0 0 0 0 0 0 0 ' ,19 ,1 ,1, 1
49 ,48, 27, '15 20 19 17 15 12 18 13 9 10 7 14 ' ,'0 0 0 0 0 0 0 0 0 0 0 0 ' ,17 ,1 ,0, 0
515 ,45, 31, '16 11 12 13 13 17 19 19 8 10 12 10 ' ,'0 0 0 0 0 0 0 0 0 0 0 0 ' ,17 ,1 ,1, 1
57 ,49, 35, '20 17 19 17 18 17 21 19 7 8 11 11 ' ,'0 0 0 0 0 0 0 0 0 0 0 0 ' ,18 ,1 ,1, 1
8396 ,44, 43, '20 19 19 18 23 26 16 20 15 16 10 11 ' ,'0 0 0 0 0 0 0 0 0 0 0 0 ' ,21 ,2 ,1, 1
8770 ,60, 33, '19 11 16 19 18 12 12 18 10 10 7 7 ' ,'0 0 0 0 0 0 0 0 0 0 0 0 ' ,23 ,1 ,1, 1
51 ,51, 36, '26 21 17 26 16 18 20 18 10 10 7 13 ' ,'0 0 0 0 0 0 0 0 0 0 0 0 ' ,20 ,2 ,0, 0
55 ,46, 33, '21 20 21 20 12 13 17 20 9 9 7 12 ' ,'0 0 0 0 0 0 0 0 0 0 0 0 ' ,18 ,1 ,0, 0
49 ,40, 30, '15 15 16 13 17 20 16 16 6 11 7 9 ' ,'0 0 0 0 0 0 0 0 0 0 0 0 ' ,16 ,1 ,1, 1
39 ,46, 25, '12 13 14 17 15 12 13 14 12 9 8 9 ' ,'0 0 0 0 0 0 0 0 0 0 0 0 ' ,12 ,1 ,1, 1
49 ,35, 33, '20 16 19 17 18 17 16 19 13 13 6 12 ' ,'0 0 0 0 0 0 0 0 0 0 0 0 ' ,16 ,1 ,1, 1
42 ,46, 26, '14 15 15 16 17 15 15 18 11 12 8 8 ' ,'0 0 0 0 0 0 0 0 0 0 0 0 ' ,11 ,1 ,0, 0
52 ,34, 36, '17 17 11 19 26 20 16 13 11 12 11 11 ' ,'0 0 0 0 0 0 0 0 0 0 0 0 ' ,19 ,1 ,0, 0
49 ,44, 31, '15 15 16 24 21 17 17 17 11 11 8 8 ' ,'0 0 0 0 0 0 0 0 0 0 0 0 ' ,16 ,0 ,0, 0
68 ,40, 52, '15 17 17 19 17 24 21 20 8 8 8 8 ' ,'0 0 0 0 0 0 0 0 0 0 0 0 ' ,29 ,1 ,0, 0
60 ,59, 34, '18 26 23 26 17 24 15 21 16 10 18 8 ' ,'0 0 0 0 0 0 0 0 0 0 0 0 ' ,20 ,1 ,0, 0
43 ,49, 29, '23 18 11 18 18 15 18 18 9 9 11 11 ' ,'0 0 0 0 0 0 0 0 0 0 0 0 ' ,13 ,1 ,0, 0
14045 ,35, 12897, '18 17 13 15 13 12 18 14 9 9 7 10 ' ,'0 0 0 0 0 0 0 0 0 0 0 0 ' ,12883 ,1 ,0, 0
45 ,12908, 26, '18 18 19 14 19 18 17 20 6 13 12 12 ' ,'0 0 0 0 0 0 0 0 0 0 0 0 ' ,9 ,0 ,1, 0
48 ,34, 28, '19 23 17 15 19 16 13 18 7 12 10 8 ' ,'0 0 0 0 0 0 0 0 0 0 0 0 ' ,16 ,0 ,1, 1
52 ,40, 26, '14 14 16 17 17 19 13 17 11 7 10 8 ' ,'0 0 0 0 0 0 0 0 0 0 0 0 ' ,10 ,1 ,0, 0
57 ,37, 30, '13 23 19 18 13 14 18 14 10 8 8 13 ' ,'0 0 0 0 0 0 0 0 0 0 0 0 ' ,16 ,1 ,0, 0
50 ,44, 26, '14 14 17 17 10 14 10 16 11 7 10 6 ' ,'0 0 0 0 0 0 0 0 0 0 0 0 ' ,11 ,0 ,0, 0
52 ,41, 29, '12 14 15 17 19 13 13 14 9 5 6 6 ' ,'0 0 0 0 0 0 0 0 0 0 0 0 ' ,14 ,1 ,0, 0
56 ,43, 33, '20 25 12 20 12 18 16 20 8 14 11 10 ' ,'0 0 0 0 0 0 0 0 0 0 0 0 ' ,16 ,1 ,0, 0
50 ,46, 31, '17 19 13 16 19 21 16 13 9 7 11 12 ' ,'0 0 0 0 0 0 0 0 0 0 0 0 ' ,14 ,0 ,1, 0
49 ,41, 26, '13 20 15 15 16 14 20 16 11 13 8 12 ' ,'0 0 0 0 0 0 0 0 0 0 0 0 ' ,13 ,0 ,0, 0
54 ,42, 31, '16 17 18 22 20 21 16 19 10 12 11 8 ' ,'0 0 0 0 0 0 0 0 0 0 0 0 ' ,14 ,1 ,0, 0
52 ,46, 26, '9 12 9 9 21 11 9 9 5 11 13 7 ' ,'0 0 0 0 0 0 0 0 0 0 0 0 ' ,18 ,1 ,0, 0
54 ,47, 29, '13 17 12 17 10 24 10 12 8 8 9 7 ' ,'0 0 0 0 0 0 0 0 0 0 0 0 ' ,16 ,1 ,0, 0
56 ,46, 31, '17 15 18 21 14 16 16 18 13 15 9 9 ' ,'0 0 0 0 0 0 0 0 0 0 0 0 ' ,15 ,0 ,0, 0
52 ,45, 30, '17 15 11 21 15 16 21 12 9 7 10 9 ' ,'0 0 0 0 0 0 0 0 0 0 0 0 ' ,13 ,1 ,0, 0
54 ,44, 32, '15 19 16 19 16 15 16 16 11 6 10 11 ' ,'0 0 0 0 0 0 0 0 0 0 0 0 ' ,16 ,1 ,0, 0
56 ,45, 31, '19 22 12 17 12 21 21 15 9 12 13 12 ' ,'0 0 0 0 0 0 0 0 0 0 0 0 ' ,13 ,1 ,2, 0
55 ,38, 28, '16 12 20 21 17 18 15 20 13 10 12 7 ' ,'0 0 0 0 0 0 0 0 0 0 0 0 ' ,16 ,1 ,0, 0
48 ,42, 26, '14 13 17 20 14 15 14 17 12 8 9 9 ' ,'0 0 0 0 0 0 0 0 0 0 0 0 ' ,14 ,1 ,0, 0
46 ,42, 28, '18 10 16 20 15 20 9 15 14 10 8 5 ' ,'0 0 0 0 0 0 0 0 0 0 0 0 ' ,12 ,1 ,0, 0
55 ,37, 37, '19 23 11 18 17 18 21 12 15 9 15 11 ' ,'0 0 0 0 0 0 0 0 0 0 0 0 ' ,21 ,9 ,0, 0
43 ,55, 28, '16 17 17 12 19 19 18 18 6 12 10 10 ' ,'0 0 0 0 0 0 0 0 0 0 0 0 ' ,14 ,0 ,0, 0
7540 ,36, 798, '18 26 14 16 27 12 19 20 7 12 6 8 ' ,'0 0 0 0 0 0 0 0 0 0 0 0 ' ,785 ,1 ,0, 0
3367 ,813, 30, '15 18 15 12 13 22 15 17 7 11 11 8 ' ,'0 0 0 0 0 0 0 0 0 0 0 0 ' ,15 ,1 ,1, 1
50 ,42, 25, '9 14 14 16 14 9 11 13 9 9 5 6 ' ,'0 0 0 0 0 0 0 0 0 0 0 0 ' ,15 ,1 ,1, 1
51 ,39, 25, '15 14 15 17 10 16 12 16 9 6 5 10 ' ,'0 0 0 0 0 0 0 0 0 0 0 0 ' ,9 ,1 ,1, 1
63 ,38, 38, '11 11 14 10 11 13 11 14 5 4 7 8 ' ,'0 0 0 0 0 0 0 0 0 0 0 0 ' ,28 ,1 ,0, 0
4002 ,609, 29, '11 17 14 20 12 11 17 14 11 9 11 12 ' ,'0 0 0 0 0 0 0 0 0 0 0 0 ' ,12 ,1 ,1, 1
56 ,860, 29, '17 16 18 17 15 16 16 18 7 8 9 9 ' ,'0 0 0 0 0 0 0 0 0 0 0 0 ' ,16 ,1 ,0, 0
60 ,44, 35, '17 23 18 20 20 16 17 19 13 9 12 10 ' ,'0 0 0 0 0 0 0 0 0 0 0 0 ' ,19 ,0 ,0, 0
899 ,46, 29, '13 14 16 21 15 15 14 16 9 5 9 9 ' ,'0 0 0 0 0 0 0 0 0 0 0 0 ' ,16 ,1 ,1, 1
1812 ,47, 28, '13 20 15 21 12 14 18 15 11 7 6 11 ' ,'0 0 0 0 0 0 0 0 0 0 0 0 ' ,14 ,1 ,0, 0
1050 ,43, 32, '18 17 12 16 13 18 23 12 7 8 14 10 ' ,'0 0 0 0 0 0 0 0 0 0 0 0 ' ,15 ,0 ,0, 0
49 ,38, 33, '16 19 15 17 15 15 20 15 11 10 8 7 ' ,'0 0 0 0 0 0 0 0 0 0 0 0 ' ,15 ,4 ,0, 0
40 ,38, 26, '12 15 13 18 16 15 14 12 11 8 6 5 ' ,'0 0 0 0 0 0 0 0 0 0 0 0 ' ,10 ,1 ,0, 0
59 ,32, 30, '11 17 13 12 16 10 17 13 8 5 6 9 ' ,'0 0 0 0 0 0 0 0 0 0 0 0 ' ,18 ,1 ,0, 0
47 ,46, 24, '19 17 12 14 10 15 15 11 8 5 9 9 ' ,'0 0 0 0 0 0 0 0 0 0 0 0 ' ,12 ,1 ,0, 0
46 ,35, 27, '17 17 12 16 10 18 22 13 7 6 11 10 ' ,'0 0 0 0 0 0 0 0 0 0 0 0 ' ,15 ,0 ,0, 0
47 ,42, 25, '11 13 11 15 10 15 15 13 8 4 6 10 ' ,'0 0 0 0 0 0 0 0 0 0 0 0 ' ,13 ,0 ,0, 0
48 ,38, 24, '14 14 16 18 11 13 13 16 8 5 9 9 ' ,'0 0 0 0 0 0 0 0 0 0 0 0 ' ,12 ,1 ,0, 0
39 ,37, 22, '14 14 10 10 16 14 14 17 6 9 9 8 ' ,'0 0 0 0 0 0 0 0 0 0 0 0 ' ,11 ,1 ,0, 0
43 ,35, 28, '15 13 17 20 17 13 13 16 12 11 8 8 ' ,'0 0 0 0 0 0 0 0 0 0 0 0 ' ,11 ,0 ,1, 1
38 ,37, 24, '13 16 12 14 12 10 15 12 8 11 4 10 ' ,'0 0 0 0 0 0 0 0 0 0 0 0 ' ,11 ,1 ,1, 1
49 ,29, 28, '17 22 16 20 14 18 21 16 9 10 7 14 ' ,'0 0 0 0 0 0 0 0 0 0 0 0 ' ,17 ,1 ,0, 0
47 ,42, 26, '16 14 17 20 13 14 14 16 10 7 11 14 ' ,'0 0 0 0 0 0 0 0 0 0 0 0 ' ,10 ,1 ,0, 0
1780 ,42, 53, '26 26 36 26 32 46 25 28 18 21 13 17 ' ,'0 0 0 0 0 0 0 0 0 0 0 0 ' ,33 ,1 ,1, 0
6777 ,61, 40, '34 27 21 24 19 30 24 21 10 13 16 14 ' ,'0 0 0 0 0 0 0 0 0 0 0 0 ' ,24 ,1 ,0, 0
4778 ,50, 47, '29 37 25 32 27 40 21 37 19 17 11 16 ' ,'0 0 0 0 0 0 0 0 0 0 0 0 ' ,30 ,0 ,0, 0
193 ,54, 177, '93 144 92 91 93 132 102 88 75 84 140 163 ' ,'0 0 0 0 0 0 0 0 0 0 0 0 ' ,96 ,6 ,1, 1
110 ,187, 87, '39 30 29 81 24 23 32 42 70 72 16 14 ' ,'0 0 0 0 0 0 0 0 0 0 0 0 ' ,68 ,1 ,0, 0
79 ,105, 57, '34 38 35 35 48 28 29 45 13 24 17 17 ' ,'0 0 0 0 0 0 0 0 0 0 0 0 ' ,38 ,0 ,0, 0
85 ,66, 64, '29 55 45 39 44 39 43 37 30 15 23 13 ' ,'0 0 0 0 0 0 0 0 0 0 0 0 ' ,45 ,1 ,0, 0
70 ,77, 47, '28 37 34 30 33 36 39 38 15 11 21 21 ' ,'0 0 0 0 0 0 0 0 0 0 0 0 ' ,27 ,0 ,1, 1
71 ,57, 46, '44 24 39 35 29 32 29 39 32 17 19 16 ' ,'0 0 0 0 0 0 0 0 0 0 0 0 ' ,28 ,0 ,0, 0
347 ,61, 322, '28 42 56 63 31 38 31 21 13 17 27 24 ' ,'0 0 0 0 0 0 0 0 0 0 0 0 ' ,300 ,0 ,0, 0
276 ,335, 254, '238 95 215 245 104 103 226 92 54 61 45 43 ' ,'0 0 0 0 0 0 0 0 0 0 0 0 ' ,203 ,1 ,0, 0
84 ,269, 60, '47 46 26 52 49 35 35 41 26 34 21 18 ' ,'0 0 0 0 0 0 0 0 0 0 0 0 ' ,34 ,1 ,1, 1
82 ,72, 58, '34 38 37 44 38 52 28 26 24 32 17 30 ' ,'0 0 0 0 0 0 0 0 0 0 0 0 ' ,35 ,1 ,0, 0
76 ,73, 55, '27 32 30 33 41 26 36 33 25 23 18 12 ' ,'0 0 0 0 0 0 0 0 0 0 0 0 ' ,33 ,0 ,2, 2
74 ,61, 51, '26 35 33 22 28 40 31 45 19 13 18 16 ' ,'0 0 0 0 0 0 0 0 0 0 0 0 ' ,29 ,1 ,0, 0
84 ,65, 60, '42 28 29 29 31 33 49 26 20 18 18 18 ' ,'0 0 0 0 0 0 0 0 0 0 0 0 ' ,32 ,1 ,4, 4
80 ,68, 55, '26 30 33 35 39 35 37 31 15 27 15 13 ' ,'0 0 0 0 0 0 0 0 0 0 0 0 ' ,35 ,1 ,1, 0
93 ,65, 70, '41 33 53 34 28 53 58 35 14 24 20 31 ' ,'0 0 0 0 0 0 0 0 0 0 0 0 ' ,47 ,1 ,1, 1
77 ,81, 54, '49 34 30 38 41 28 29 32 15 19 16 13 ' ,'0 0 0 0 0 0 0 0 0 0 0 0 ' ,33 ,1 ,1, 1
81 ,62, 57, '40 30 34 32 40 45 33 43 15 23 18 15 ' ,'0 0 0 0 0 0 0 0 0 0 0 0 ' ,34 ,1 ,1, 1
70 ,66, 53, '29 38 29 38 25 46 41 32 19 20 15 15 ' ,'0 0 0 0 0 0 0 0 0 0 0 0 ' ,31 ,1 ,1, 1
67 ,60, 48, '37 38 34 29 35 40 35 33 17 17 22 15 ' ,'0 0 0 0 0 0 0 0 0 0 0 0 ' ,25 ,1 ,0, 0
80 ,60, 64, '38 28 29 29 31 58 39 55 23 19 20 16 ' ,'0 0 0 0 0 0 0 0 0 0 0 0 ' ,42 ,0 ,1, 1
1114 ,72, 57, '46 29 41 33 37 37 31 37 24 16 16 11 ' ,'0 0 0 0 0 0 0 0 0 0 0 0 ' ,40 ,1 ,0, 0
970 ,66, 54, '43 43 30 53 27 38 34 33 17 18 15 20 ' ,'0 0 0 0 0 0 0 0 0 0 0 0 ' ,32 ,1 ,0, 0
7029 ,70, 424, '55 40 42 37 411 47 31 61 19 9 30 18 ' ,'0 0 0 0 0 0 0 0 0 0 0 0 ' ,405 ,1 ,0, 0
1093 ,434, 54, '35 45 45 37 37 37 36 46 31 17 36 23 ' ,'0 0 0 0 0 0 0 0 0 0 0 0 ' ,23 ,1 ,1, 1
835 ,62, 73, '34 28 31 37 30 33 35 68 18 34 12 14 ' ,'0 0 0 0 0 0 0 0 0 0 0 0 ' ,55 ,0 ,1, 1
1062 ,757, 45, '34 35 33 28 31 39 27 36 13 24 12 24 ' ,'0 0 0 0 0 0 0 0 0 0 0 0 ' ,26 ,1 ,0, 0
74 ,54, 58, '46 25 41 40 28 37 51 35 24 19 45 35 ' ,'0 0 0 0 0 0 0 0 0 0 0 0 ' ,34 ,1 ,0, 0
49 ,65, 29, '20 16 20 21 19 20 21 24 12 14 14 13 ' ,'0 0 0 0 0 0 0 0 0 0 0 0 ' ,12 ,1 ,1, 0
57 ,41, 34, '15 20 19 22 19 14 24 18 13 10 10 11 ' ,'0 0 0 0 0 0 0 0 0 0 0 0 ' ,17 ,1 ,2, 2
56 ,42, 33, '20 21 22 15 14 25 19 22 11 11 14 11 ' ,'0 0 0 0 0 0 0 0 0 0 0 0 ' ,15 ,1 ,1, 1
53 ,44, 28, '22 21 15 16 13 20 21 17 12 8 14 13 ' ,'0 0 0 0 0 0 0 0 0 0 0 0 ' ,10 ,0 ,0, 0
51 ,40, 29, '22 21 13 16 14 17 20 16 10 9 13 13 ' ,'0 0 0 0 0 0 0 0 0 0 0 0 ' ,12 ,0 ,1, 1
50 ,41, 28, '18 16 19 20 14 19 18 19 12 7 11 10 ' ,'0 0 0 0 0 0 0 0 0 0 0 0 ' ,11 ,1 ,0, 0
58 ,39, 34, '21 19 18 19 17 17 18 12 11 10 14 12 ' ,'0 0 0 0 0 0 0 0 0 0 0 0 ' ,16 ,0 ,1, 1
65 ,49, 43, '17 18 15 22 21 20 16 16 15 7 11 10 ' ,'0 0 0 0 0 0 0 0 0 0 0 0 ' ,28 ,1 ,0, 0
58 ,51, 34, '13 15 18 21 18 15 18 16 12 12 10 8 ' ,'0 0 0 0 0 0 0 0 0 0 0 0 ' ,23 ,0 ,0, 0
63 ,46, 41, '20 19 16 19 24 21 21 12 10 15 14 12 ' ,'0 0 0 0 0 0 0 0 0 0 0 0 ' ,27 ,0 ,0, 0
58 ,56, 36, '17 22 21 14 15 21 11 17 8 7 11 6 ' ,'0 0 0 0 0 0 0 0 0 0 0 0 ' ,17 ,1 ,0, 0
54 ,49, 35, '13 16 17 23 17 17 13 18 17 8 7 6 ' ,'0 0 0 0 0 0 0 0 0 0 0 0 ' ,22 ,1 ,0, 0
62 ,43, 39, '18 18 19 26 20 16 19 20 17 13 13 12 ' ,'0 0 0 0 0 0 0 0 0 0 0 0 ' ,20 ,0 ,1, 1
61 ,52, 36, '20 24 23 27 17 17 25 18 25 9 16 14 ' ,'0 0 0 0 0 0 0 0 0 0 0 0 ' ,18 ,1 ,1, 1
60 ,49, 38, '20 19 15 23 20 19 18 13 15 8 12 12 ' ,'0 0 0 0 0 0 0 0 0 0 0 0 ' ,22 ,1 ,0, 0
56 ,50, 34, '17 21 16 21 17 21 18 19 17 12 12 13 ' ,'0 0 0 0 0 0 0 0 0 0 0 0 ' ,17 ,1 ,0, 0
47 ,47, 31, '20 23 21 23 23 20 22 22 18 13 19 12 ' ,'0 0 0 0 0 0 0 0 0 0 0 0 ' ,12 ,0 ,0, 0
49 ,37, 33, '18 19 16 25 24 21 22 13 13 12 15 12 ' ,'0 0 0 0 0 0 0 0 0 0 0 0 ' ,13 ,0 ,0, 0
47 ,38, 30, '19 21 19 15 21 16 18 12 11 12 12 12 ' ,'0 0 0 0 0 0 0 0 0 0 0 0 ' ,11 ,1 ,1, 1
1644 ,37, 41, '19 17 16 17 21 16 19 16 9 6 9 15 ' ,'0 0 0 0 0 0 0 0 0 0 0 0 ' ,26 ,0 ,0, 0
6894 ,55, 32, '14 20 16 18 16 11 17 16 11 8 12 12 ' ,'0 0 0 0 0 0 0 0 0 0 0 0 ' ,17 ,1 ,0, 0
6911 ,692, 47, '22 25 20 20 20 21 25 17 14 13 15 16 ' ,'0 0 0 0 0 0 0 0 0 0 0 0 ' ,29 ,1 ,1, 1
59 ,60, 31, '25 21 21 25 15 16 20 20 13 9 10 9 ' ,'0 0 0 0 0 0 0 0 0 0 0 0 ' ,15 ,1 ,0, 0
58 ,48, 37, '17 19 13 16 19 13 19 14 9 8 8 10 ' ,'0 0 0 0 0 0 0 0 0 0 0 0 ' ,20 ,1 ,0, 0
56 ,49, 36, '17 16 19 23 20 16 25 20 11 6 13 15 ' ,'0 0 0 0 0 0 0 0 0 0 0 0 ' ,20 ,1 ,1, 1
60 ,46, 37, '14 17 17 15 16 14 20 17 9 13 7 12 ' ,'0 0 0 0 0 0 0 0 0 0 0 0 ' ,21 ,1 ,1, 1
308 ,45, 286, '21 17 18 15 15 18 16 12 9 7 11 11 ' ,'0 0 0 0 0 0 0 0 0 0 0 0 ' ,271 ,1 ,1, 1
52 ,299, 32, '13 13 16 16 14 15 20 17 12 8 12 7 ' ,'0 0 0 0 0 0 0 0 0 0 0 0 ' ,14 ,1 ,0, 0
56 ,38, 35, '16 18 16 16 17 19 18 15 11 7 11 13 ' ,'0 0 0 0 0 0 0 0 0 0 0 0 ' ,18 ,0 ,1, 1
57 ,41, 33, '16 15 17 16 17 16 17 18 14 8 8 11 ' ,'0 0 0 0 0 0 0 0 0 0 0 0 ' ,21 ,1 ,0, 0
56 ,47, 31, '18 18 21 19 13 17 25 20 8 10 13 12 ' ,'0 0 0 0 0 0 0 0 0 0 0 0 ' ,16 ,0 ,0, 0
48 ,40, 29, '19 18 15 20 12 16 19 15 9 7 16 11 ' ,'0 0 0 0 0 0 0 0 0 0 0 0 ' ,15 ,1 ,0, 0
55 ,37, 32, '17 19 17 25 13 16 21 16 12 7 11 11 ' ,'0 0 0 0 0 0 0 0 0 0 0 0 ' ,18 ,1 ,0, 0
54 ,45, 33, '14 13 19 17 11 26 12 22 8 7 11 6 ' ,'0 0 0 0 0 0 0 0 0 0 0 0 ' ,18 ,1 ,1, 1
77 ,42, 55, '48 29 25 37 23 34 28 41 15 20 21 17 ' ,'0 0 0 0 0 0 0 0 0 0 0 0 ' ,35 ,1 ,0, 0
96 ,68, 73, '37 44 42 49 53 44 41 34 12 19 27 30 ' ,'0 0 0 0 0 0 0 0 0 0 0 0 ' ,55 ,1 ,1, 1
108 ,85, 87, '58 80 37 71 50 53 25 58 20 28 46 23 ' ,'0 0 0 0 0 0 0 0 0 0 0 0 ' ,61 ,0 ,1, 1
80 ,96, 61, '31 51 41 54 32 30 50 42 30 20 19 20 ' ,'0 0 0 0 0 0 0 0 0 0 0 0 ' ,34 ,1 ,0, 0
81 ,76, 60, '43 39 51 44 37 38 50 37 27 19 19 23 ' ,'0 0 0 0 0 0 0 0 0 0 0 0 ' ,35 ,1 ,0, 0
92 ,70, 76, '58 29 51 68 25 63 32 26 23 26 28 32 ' ,'0 0 0 0 0 0 0 0 0 0 0 0 ' ,48 ,1 ,1, 1
79 ,88, 63, '46 25 58 31 40 40 49 48 43 20 18 29 ' ,'0 0 0 0 0 0 0 0 0 0 0 0 ' ,41 ,0 ,0, 0
68 ,71, 54, '31 42 34 47 31 43 29 28 26 15 23 15 ' ,'0 0 0 0 0 0 0 0 0 0 0 0 ' ,33 ,0 ,0, 0
93 ,59, 72, '64 45 38 45 32 29 33 42 14 16 14 27 ' ,'0 0 0 0 0 0 0 0 0 0 0 0 ' ,53 ,2 ,0, 0
78 ,83, 61, '36 34 44 52 41 37 34 41 20 25 19 21 ' ,'0 0 0 0 0 0 0 0 0 0 0 0 ' ,36 ,1 ,0, 0
350 ,74, 103, '31 29 40 52 86 41 54 46 23 22 47 26 ' ,'0 0 0 0 0 0 0 0 0 0 0 0 ' ,74 ,1 ,0, 0
83 ,114, 54, '42 49 41 48 31 31 40 34 26 20 16 18 ' ,'0 0 0 0 0 0 0 0 0 0 0 0 ' ,34 ,1 ,0, 0
4124 ,66, 780, '40 23 30 29 43 40 37 41 23 17 21 29 ' ,'0 0 0 0 0 0 0 0 0 0 0 0 ' ,752 ,1 ,0, 0
300 ,793, 60, '33 31 33 47 34 32 32 52 21 18 21 21 ' ,'0 0 0 0 0 0 0 0 0 0 0 0 ' ,33 ,1 ,0, 0
743 ,74, 59, '38 29 18 25 47 27 34 26 15 21 25 13 ' ,'0 0 0 0 0 0 0 0 0 0 0 0 ' ,45 ,1 ,0, 0
70 ,82, 52, '31 29 24 29 30 35 28 31 18 20 11 15 ' ,'0 0 0 0 0 0 0 0 0 0 0 0 ' ,35 ,0 ,0, 0
72 ,65, 53, '30 27 37 25 31 26 29 33 14 11 18 17 ' ,'0 0 0 0 0 0 0 0 0 0 0 0 ' ,32 ,1 ,0, 0
72 ,62, 51, '26 30 38 29 31 30 27 31 23 23 21 24 ' ,'0 0 0 0 0 0 0 0 0 0 0 0 ' ,24 ,0 ,0, 0
298 ,64, 56, '36 34 26 36 35 30 30 29 21 13 16 17 ' ,'0 0 0 0 0 0 0 0 0 0 0 0 ' ,34 ,1 ,0, 0
102 ,66, 85, '28 30 33 26 33 25 24 27 16 17 13 17 ' ,'0 0 0 0 0 0 0 0 0 0 0 0 ' ,66 ,47 ,0, 0
69 ,94, 53, '26 38 28 36 29 43 22 30 19 18 16 24 ' ,'0 0 0 0 0 0 0 0 0 0 0 0 ' ,29 ,1 ,2, 2
63 ,59, 47, '43 23 37 26 26 27 25 34 15 15 9 14 ' ,'0 0 0 0 0 0 0 0 0 0 0 0 ' ,30 ,1 ,1, 0
66 ,54, 45, '20 27 26 26 27 21 22 30 13 10 24 21 ' ,'0 0 0 0 0 0 0 0 0 0 0 0 ' ,23 ,0 ,0, 0
97 ,53, 75, '19 20 34 34 17 19 66 34 14 8 11 10 ' ,'0 0 0 0 0 0 0 0 0 0 0 0 ' ,58 ,2 ,0, 0
246 ,87, 224, '25 23 41 37 34 70 27 28 15 22 18 15 ' ,'0 0 0 0 0 0 0 0 0 0 0 0 ' ,202 ,1 ,0, 0
70 ,235, 49, '29 23 27 31 30 24 25 24 10 8 24 26 ' ,'0 0 0 0 0 0 0 0 0 0 0 0 ' ,32 ,0 ,1, 0
64 ,56, 42, '27 27 35 32 23 30 31 32 15 15 15 13 ' ,'0 0 0 0 0 0 0 0 0 0 0 0 ' ,23 ,0 ,0, 0
67 ,50, 43, '29 29 26 26 30 19 25 27 13 18 10 24 ' ,'0 0 0 0 0 0 0 0 0 0 0 0 ' ,29 ,1 ,0, 0
74 ,58, 51, '40 29 31 21 29 27 30 36 16 14 16 17 ' ,'0 0 0 0 0 0 0 0 0 0 0 0 ' ,30 ,1 ,0, 0
61 ,64, 42, '24 27 21 31 25 25 21 24 15 14 11 15 ' ,'0 0 0 0 0 0 0 0 0 0 0 0 ' ,24 ,1 ,0, 0
81 ,51, 60, '31 19 30 21 22 30 50 25 13 14 22 17 ' ,'0 0 0 0 0 0 0 0 0 0 0 0 ' ,39 ,0 ,0, 0
64 ,67, 44, '36 25 31 26 28 28 31 25 19 14 13 13 ' ,'0 0 0 0 0 0 0 0 0 0 0 0 ' ,24 ,1 ,1, 1
62 ,55, 41, '19 32 22 31 25 21 29 17 12 14 16 15 ' ,'0 0 0 0 0 0 0 0 0 0 0 0 ' ,24 ,1 ,1, 1
65 ,51, 44, '32 32 32 27 22 36 33 31 15 19 17 19 ' ,'0 0 0 0 0 0 0 0 0 0 0 0 ' ,22 ,0 ,0, 0
64 ,52, 43, '27 27 26 37 22 30 28 25 15 16 19 18 ' ,'0 0 0 0 0 0 0 0 0 0 0 0 ' ,21 ,0 ,0, 0
84 ,55, 61, '20 26 25 32 21 30 54 20 14 13 12 14 ' ,'0 0 0 0 0 0 0 0 0 0 0 0 ' ,45 ,1 ,0, 0
74 ,75, 47, '39 30 26 22 24 26 35 31 12 10 19 22 ' ,'0 0 0 0 0 0 0 0 0 0 0 0 ' ,30 ,1 ,0, 0
77 ,57, 50, '26 30 28 25 31 24 33 23 12 10 15 16 ' ,'0 0 0 0 0 0 0 0 0 0 0 0 ' ,33 ,0 ,0, 0
57 ,63, 43, '30 29 23 34 35 27 30 27 10 14 16 13 ' ,'0 0 0 0 0 0 0 0 0 0 0 0 ' ,28 ,0 ,0, 0
64 ,50, 49, '28 38 25 24 20 31 40 26 12 19 18 18 ' ,'0 0 0 0 0 0 0 0 0 0 0 0 ' ,31 ,1 ,0, 0
145 ,56, 128, '37 31 28 21 29 35 32 29 18 16 11 17 ' ,'0 0 0 0 0 0 0 0 0 0 158 0 ' ,107 ,1 ,0, 0
173 ,137, 151, '29 37 28 27 42 29 31 27 14 16 17 15 ' ,'0 0 0 0 0 0 0 0 0 0 0 146 ' ,129 ,1 ,0, 0
355 ,161, 107, '33 32 23 32 35 25 36 27 20 24 18 14 ' ,'0 0 0 0 0 0 0 0 0 0 0 0 ' ,86 ,1 ,1, 1
3390 ,120, 52, '42 24 28 31 31 23 29 26 16 16 11 13 ' ,'0 0 0 0 0 0 0 0 0 0 0 0 ' ,37 ,1 ,0, 0
75 ,66, 50, '29 41 25 23 24 29 29 41 24 17 11 17 ' ,'0 0 0 0 0 0 0 0 0 0 0 0 ' ,29 ,1 ,1, 1
3332 ,64, 54, '23 20 29 28 36 25 28 32 15 13 13 13 ' ,'0 0 0 0 0 0 0 0 0 0 0 0 ' ,36 ,1 ,0, 0
6905 ,68, 43, '26 23 18 32 20 25 26 18 15 17 19 15 ' ,'0 0 0 0 0 0 0 0 0 0 0 0 ' ,22 ,1 ,0, 0
710 ,53, 46, '32 30 29 33 20 29 30 38 27 22 13 22 ' ,'0 0 0 0 0 0 0 0 0 0 0 0 ' ,27 ,1 ,0, 0
1291 ,775, 53, '45 23 27 43 26 26 25 21 15 14 16 16 ' ,'0 0 0 0 0 0 0 0 0 0 0 0 ' ,33 ,1 ,1, 0
79 ,59, 55, '36 25 18 42 35 29 48 38 15 25 17 21 ' ,'0 0 0 0 0 0 0 0 0 0 0 0 ' ,32 ,1 ,0, 0
63 ,65, 42, '30 29 28 31 23 33 28 28 24 18 16 34 ' ,'0 0 0 0 0 0 0 0 0 0 0 0 ' ,21 ,1 ,0, 0
75 ,54, 52, '31 29 24 33 33 32 29 26 14 18 18 13 ' ,'0 0 0 0 0 0 0 0 0 0 0 0 ' ,30 ,1 ,1, 1
73 ,63, 53, '22 33 44 43 36 40 35 39 19 22 13 21 ' ,'0 0 0 0 0 0 0 0 0 0 0 0 ' ,35 ,0 ,0, 0
67 ,63, 46, '26 26 28 38 31 23 27 33 26 21 21 19 ' ,'0 0 0 0 0 0 0 0 0 0 0 0 ' ,22 ,0 ,0, 0
70 ,56, 47, '28 23 35 35 31 31 33 27 11 21 16 14 ' ,'0 0 0 0 0 0 0 0 0 0 0 0 ' ,32 ,1 ,1, 0
76 ,57, 50, '24 22 19 38 20 28 44 28 18 8 13 16 ' ,'0 0 0 0 0 0 0 0 0 0 0 0 ' ,32 ,0 ,0, 0
75 ,64, 44, '42 42 26 28 28 36 33 35 12 14 25 20 ' ,'0 0 0 0 0 0 0 0 0 0 0 0 ' ,33 ,1 ,0, 0
87 ,61, 64, '32 29 38 46 33 57 19 21 17 14 15 12 ' ,'0 0 0 0 0 0 0 0 0 0 0 0 ' ,45 ,1 ,1, 1
84 ,76, 63, '28 27 26 30 46 39 26 37 27 20 14 24 ' ,'0 0 0 0 0 0 0 0 0 0 0 0 ' ,44 ,1 ,0, 0
78 ,72, 60, '42 35 33 30 41 32 51 27 25 19 15 17 ' ,'0 0 0 0 0 0 0 0 0 0 0 0 ' ,40 ,0 ,1, 0
73 ,72, 51, '46 22 29 32 29 20 32 28 21 7 26 14 ' ,'0 0 0 0 0 0 0 0 0 0 0 0 ' ,36 ,0 ,0, 0
70 ,64, 55, '31 33 37 22 46 42 29 32 23 20 14 13 ' ,'0 0 0 0 0 0 0 0 0 0 0 0 ' ,31 ,1 ,0, 0
71 ,63, 57, '40 38 27 32 27 33 45 40 21 20 8 18 ' ,'0 0 0 0 0 0 0 0 0 0 0 0 ' ,38 ,0 ,0, 0
61 ,62, 45, '22 26 22 25 32 24 31 36 10 15 20 21 ' ,'0 0 0 0 0 0 0 0 0 0 0 0 ' ,25 ,1 ,0, 0
66 ,51, 46, '34 34 25 31 30 33 28 29 23 19 16 20 ' ,'0 0 0 0 0 0 0 0 0 0 0 0 ' ,25 ,1 ,0, 0
3571 ,58, 56, '30 31 24 35 33 39 27 30 24 22 23 13 ' ,'0 0 0 0 0 0 0 0 0 0 0 0 ' ,32 ,1 ,1, 1
86 ,66, 65, '26 34 25 35 43 24 33 26 18 24 13 20 ' ,'0 0 0 0 0 0 0 0 0 0 0 0 ' ,47 ,1 ,0, 0
1149 ,74, 1125, '31 30 35 53 25 30 24 36 23 15 12 24 ' ,'0 0 0 0 0 0 0 0 0 0 0 0 ' ,1104 ,1 ,1, 1
13970 ,1856, 55, '27 25 30 42 24 48 30 32 18 16 21 15 ' ,'0 0 0 0 0 0 0 0 0 0 0 0 ' ,34 ,0 ,0, 0
87 ,65, 64, '38 33 16 56 32 31 28 29 11 11 15 21 ' ,'0 0 0 0 0 0 0 0 0 0 0 0 ' ,47 ,0 ,0, 0
86 ,76, 62, '32 36 29 49 35 26 20 33 15 14 13 18 ' ,'0 0 0 0 0 0 0 0 0 0 0 0 ' ,44 ,1 ,0, 0
80 ,70, 57, '27 35 22 48 36 30 39 29 11 12 10 27 ' ,'0 0 0 0 0 0 0 0 0 0 0 0 ' ,41 ,2 ,1, 1
96 ,69, 72, '35 31 24 32 50 35 39 41 24 11 11 16 ' ,'0 0 0 0 0 0 0 0 0 0 0 0 ' ,54 ,2 ,0, 0
75 ,86, 54, '32 47 20 42 27 39 21 22 20 15 15 11 ' ,'0 0 0 0 0 0 0 0 0 0 0 0 ' ,37 ,1 ,0, 0
92 ,69, 71, '36 63 33 50 22 24 30 29 12 13 11 17 ' ,'0 0 0 0 0 0 0 0 0 0 0 0 ' ,53 ,0 ,1, 1
71 ,83, 49, '32 28 27 41 28 25 35 34 18 12 15 11 ' ,'0 0 0 0 0 0 0 0 0 0 0 0 ' ,32 ,0 ,0, 0
132 ,57, 113, '38 40 41 28 94 46 28 35 22 10 15 16 ' ,'0 0 0 0 0 0 0 0 0 0 0 0 ' ,92 ,1 ,0, 0
74 ,121, 52, '25 37 40 35 20 32 42 43 14 10 15 15 ' ,'0 0 0 0 0 0 0 0 0 0 0 0 ' ,31 ,1 ,0, 0
86 ,61, 59, '41 39 51 42 26 33 33 36 19 16 16 21 ' ,'0 0 0 0 0 0 0 0 0 0 0 0 ' ,35 ,0 ,1, 1
76 ,70, 54, '33 30 39 43 33 48 26 25 16 22 23 18 ' ,'0 0 0 0 0 0 0 0 0 0 0 0 ' ,33 ,1 ,0, 0
