411 ,0, 285, '194 242 184 141 198 216 221 188 148 178 193 207 ' ,'0 0 0 0 0 0 0 0 0 0 0 0 ' ,102 ,11 ,8, 8
290 ,329, 258, '168 163 246 96 114 182 177 136 102 127 165 178 ' ,'0 0 149 0 0 0 0 0 0 0 0 0 ' ,154 ,2 ,2, 2
163 ,278, 134, '30 30 33 33 39 32 30 32 28 29 30 37 ' ,'0 0 0 176 0 0 0 0 0 0 0 0 ' ,97 ,2 ,1, 1
592 ,152, 565, '40 37 39 42 38 35 36 36 37 33 35 36 ' ,'0 0 0 0 0 0 0 0 0 0 0 0 ' ,514 ,2 ,1, 1
72 ,572, 47, '28 25 26 29 24 24 25 27 29 30 25 32 ' ,'0 0 0 0 0 0 0 0 0 0 0 0 ' ,16 ,1 ,2, 2
96 ,61, 74, '36 30 30 40 33 36 34 34 34 45 32 29 ' ,'0 0 0 0 0 0 0 0 0 0 0 0 ' ,29 ,2 ,9, 9
77 ,84, 50, '28 26 30 23 28 28 24 24 28 26 27 31 ' ,'0 0 0 0 0 0 0 0 0 0 0 0 ' ,19 ,1 ,3, 3
283 ,63, 266, '253 39 27 36 26 52 243 29 29 34 31 65 ' ,'209 0 0 0 0 225 202 0 0 0 0 259 ' ,231 ,2 ,1, 1
74 ,375, 51, '28 31 33 35 32 28 32 33 38 30 33 33 ' ,'0 0 0 0 0 0 0 0 0 0 0 0 ' ,17 ,1 ,2, 2
88 ,67, 60, '32 33 36 34 28 31 34 29 36 40 36 29 ' ,'0 0 0 0 0 0 0 0 0 0 0 0 ' ,17 ,1 ,2, 2
79 ,80, 56, '37 27 31 29 29 29 32 30 26 26 30 29 ' ,'0 0 0 0 0 0 0 0 0 0 0 0 ' ,18 ,3 ,4, 4
62 ,72, 45, '28 35 28 27 37 29 26 31 30 32 27 26 ' ,'0 0 0 0 0 0 0 0 0 0 0 0 ' ,12 ,1 ,0, 0
79 ,52, 53, '36 33 27 37 27 26 31 40 31 24 28 36 ' ,'0 0 0 0 0 0 0 0 0 0 0 0 ' ,20 ,2 ,0, 0
70 ,64, 56, '44 34 32 35 34 36 32 33 33 28 36 30 ' ,'0 0 0 0 191 0 0 0 0 0 0 0 ' ,11 ,2 ,1, 1
74 ,60, 52, '26 27 40 30 28 32 26 27 35 27 33 25 ' ,'0 0 0 0 0 0 0 0 0 0 0 0 ' ,19 ,2 ,1, 1
88 ,67, 53, '28 25 27 26 26 26 26 25 38 26 29 27 ' ,'0 0 0 0 0 0 0 0 0 0 0 0 ' ,18 ,2 ,1, 1
13210 ,66, 60, '41 38 35 47 34 35 35 36 46 35 36 36 ' ,'0 0 0 0 0 0 0 0 0 0 0 0 ' ,15 ,1 ,1, 1
72 ,66, 50, '36 39 32 36 31 32 40 33 33 35 32 36 ' ,'0 0 0 0 0 0 0 0 0 0 0 0 ' ,11 ,2 ,0, 0
80 ,66, 57, '32 31 30 32 31 28 28 31 30 34 34 32 ' ,'0 0 0 0 0 0 0 0 0 0 0 0 ' ,16 ,0 ,1, 1
82 ,69, 59, '36 36 38 32 34 42 36 43 32 42 37 36 ' ,'0 0 0 0 0 0 0 0 0 0 0 0 ' ,14 ,1 ,1, 1
75 ,69, 56, '44 37 40 39 39 38 36 45 39 35 38 35 ' ,'0 0 0 0 0 0 0 0 0 0 0 0 ' ,11 ,1 ,1, 1
75 ,72, 52, '38 36 38 32 38 36 35 36 30 34 38 33 ' ,'0 0 0 0 0 0 0 0 0 0 0 0 ' ,12 ,1 ,0, 0
74 ,65, 54, '30 34 30 34 33 32 31 31 33 37 31 32 ' ,'0 0 0 0 0 0 0 0 0 0 0 0 ' ,16 ,0 ,1, 1
67 ,80, 44, '27 26 23 27 29 27 28 23 23 24 29 27 ' ,'0 0 0 0 0 0 0 0 0 0 0 0 ' ,16 ,2 ,0, 0
89 ,61, 60, '24 33 22 24 44 22 27 23 27 29 29 28 ' ,'0 0 0 0 0 0 0 0 0 0 0 0 ' ,28 ,1 ,1, 1
86 ,76, 61, '31 34 34 35 34 33 48 33 35 30 32 31 ' ,'0 0 0 0 0 0 0 0 0 0 0 0 ' ,20 ,0 ,1, 1
113 ,72, 88, '37 34 34 28 25 31 30 38 28 39 36 32 ' ,'0 0 0 0 0 0 0 0 0 0 0 0 ' ,51 ,1 ,1, 1
74 ,99, 51, '34 32 43 34 28 27 32 34 35 41 35 33 ' ,'0 0 0 0 0 0 0 0 0 0 0 0 ' ,17 ,0 ,0, 0
78 ,61, 51, '31 31 28 28 30 31 39 27 29 26 30 33 ' ,'0 0 0 0 0 0 0 0 0 0 0 0 ' ,16 ,2 ,0, 0
78 ,64, 55, '37 32 32 34 41 34 34 30 34 32 28 28 ' ,'0 0 0 0 0 0 0 0 0 0 0 0 ' ,16 ,1 ,1, 1
76 ,64, 51, '32 34 28 39 29 35 33 29 35 30 33 31 ' ,'0 0 0 0 0 0 0 0 0 0 0 0 ' ,16 ,1 ,1, 1
84 ,68, 57, '30 28 29 29 25 28 35 29 30 43 28 27 ' ,'0 0 0 0 0 0 0 0 0 0 0 0 ' ,22 ,1 ,0, 0
61 ,67, 43, '27 28 29 26 25 23 27 27 28 27 30 22 ' ,'0 0 0 0 0 0 0 0 0 0 0 0 ' ,8 ,0 ,2, 2
68 ,50, 41, '28 27 25 26 22 24 26 27 30 25 24 24 ' ,'0 0 0 0 0 0 0 0 0 0 0 0 ' ,8 ,1 ,2, 2
80 ,52, 63, '28 51 27 32 27 45 46 26 27 26 45 46 ' ,'0 0 0 0 0 0 0 0 0 0 0 0 ' ,26 ,0 ,0, 0
70 ,70, 50, '30 37 40 44 37 30 36 38 38 38 33 36 ' ,'0 0 0 0 0 0 0 0 0 0 0 0 ' ,15 ,1 ,0, 0
68 ,62, 50, '35 35 43 39 38 38 34 37 38 35 40 33 ' ,'0 0 0 0 0 0 0 0 0 0 0 0 ' ,12 ,1 ,0, 0
84 ,59, 58, '40 38 40 44 43 40 36 43 35 39 40 36 ' ,'0 0 0 0 0 0 0 0 0 0 0 0 ' ,17 ,2 ,0, 0
277 ,70, 49, '36 28 29 24 29 35 29 30 29 38 25 35 ' ,'0 0 0 0 0 0 0 0 0 0 0 0 ' ,20 ,1 ,0, 0
75 ,64, 53, '29 29 30 33 28 29 31 33 35 39 29 28 ' ,'0 0 0 0 0 0 0 0 0 0 0 0 ' ,18 ,0 ,0, 0
79 ,69, 53, '28 28 30 32 38 30 25 30 34 26 30 25 ' ,'0 0 0 0 0 0 0 0 0 0 0 0 ' ,21 ,1 ,1, 1
282 ,66, 44, '28 26 27 27 24 31 25 32 28 25 24 28 ' ,'0 0 0 0 0 0 0 0 0 0 0 0 ' ,13 ,1 ,0, 0
283 ,56, 46, '32 31 26 32 25 33 33 28 23 35 31 31 ' ,'0 0 0 0 0 0 0 0 0 0 0 0 ' ,16 ,0 ,0, 0
874 ,57, 846, '26 25 28 28 36 30 26 31 33 26 26 25 ' ,'0 0 0 0 0 0 0 0 0 0 0 0 ' ,818 ,2 ,1, 1
74 ,862, 42, '30 35 28 36 32 28 33 33 37 31 26 32 ' ,'0 0 0 0 0 0 0 0 0 0 0 0 ' ,17 ,1 ,0, 0
703 ,65, 48, '37 35 29 40 31 36 36 29 31 27 39 32 ' ,'0 0 0 0 0 0 0 0 0 0 0 0 ' ,16 ,1 ,1, 1
84 ,63, 60, '28 25 30 25 34 35 28 27 25 30 25 25 ' ,'0 0 0 0 0 0 0 0 0 0 0 0 ' ,28 ,1 ,0, 0
712 ,74, 60, '30 30 30 36 29 38 30 32 32 35 39 28 ' ,'0 0 0 0 0 0 0 0 0 0 0 0 ' ,24 ,1 ,0, 0
120 ,75, 54, '27 28 23 25 29 28 29 23 25 31 29 30 ' ,'0 0 0 0 0 0 0 0 0 0 0 0 ' ,27 ,0 ,0, 0
79 ,69, 52, '33 24 29 27 28 30 36 27 26 26 28 24 ' ,'0 0 0 0 0 0 0 0 0 0 0 0 ' ,21 ,2 ,1, 1
672 ,64, 49, '26 25 26 32 24 29 26 36 33 29 24 31 ' ,'0 0 0 0 0 0 0 0 0 0 0 0 ' ,18 ,1 ,1, 1
450 ,62, 51, '30 29 26 39 30 31 28 28 35 30 25 26 ' ,'0 0 0 0 0 0 0 0 0 0 0 0 ' ,21 ,1 ,0, 0
1059 ,66, 45, '25 33 28 34 26 26 32 36 28 27 25 35 ' ,'0 0 0 0 0 0 0 0 0 0 0 0 ' ,12 ,1 ,2, 2
78 ,60, 54, '32 33 26 26 33 30 31 25 26 32 31 30 ' ,'0 0 0 0 0 0 0 0 0 0 0 0 ' ,21 ,1 ,1, 1
97 ,74, 76, '38 42 35 31 41 44 45 33 32 30 31 39 ' ,'0 0 0 0 0 0 0 0 0 0 0 0 ' ,39 ,19 ,0, 0
83 ,87, 60, '35 38 28 33 26 35 33 29 31 36 34 35 ' ,'0 0 0 0 0 0 0 0 0 0 0 0 ' ,26 ,1 ,0, 0
84 ,77, 59, '40 32 32 40 34 31 39 29 30 32 28 29 ' ,'0 0 0 0 0 0 0 0 0 0 0 0 ' ,21 ,1 ,0, 0
71 ,70, 44, '28 27 24 25 27 31 24 25 25 30 34 28 ' ,'0 0 0 0 0 0 0 0 0 0 0 0 ' ,16 ,1 ,0, 0
70 ,55, 46, '27 25 35 27 26 25 26 27 31 30 25 31 ' ,'0 0 0 0 0 0 0 0 0 0 0 0 ' ,18 ,1 ,0, 0
71 ,62, 48, '27 28 30 30 26 27 27 30 31 26 27 27 ' ,'0 0 0 0 0 0 0 0 0 0 0 0 ' ,11 ,1 ,1, 0
81 ,56, 54, '33 33 34 30 35 42 44 34 28 27 32 32 ' ,'0 0 0 0 0 0 0 0 0 0 0 0 ' ,17 ,1 ,1, 1
86 ,64, 62, '34 34 34 32 36 34 36 34 42 30 33 33 ' ,'0 0 0 0 0 0 0 0 0 0 0 0 ' ,23 ,2 ,0, 0
79 ,76, 56, '36 41 31 33 38 35 34 31 41 36 35 35 ' ,'0 0 0 0 0 0 0 0 0 0 0 0 ' ,19 ,0 ,1, 1
63 ,67, 41, '31 30 23 33 29 28 26 24 27 25 25 26 ' ,'0 0 0 0 0 0 0 0 0 0 0 0 ' ,15 ,0 ,0, 0
76 ,54, 48, '25 25 24 26 28 31 28 24 24 27 24 23 ' ,'0 0 0 0 0 0 0 0 0 0 0 0 ' ,23 ,1 ,0, 0
83 ,68, 58, '31 32 34 28 31 33 31 33 29 34 34 32 ' ,'0 0 0 0 0 0 0 0 0 0 0 0 ' ,20 ,1 ,3, 3
71 ,69, 47, '27 31 30 35 29 28 29 30 29 27 27 25 ' ,'0 0 0 0 0 0 0 0 0 0 0 0 ' ,15 ,1 ,0, 0
80 ,58, 58, '31 29 39 35 36 31 31 31 33 36 30 29 ' ,'0 0 0 0 0 0 0 0 0 0 0 0 ' ,22 ,1 ,1, 1
72 ,72, 46, '27 32 29 29 28 28 27 29 32 26 29 25 ' ,'0 0 0 0 0 0 0 0 0 0 0 0 ' ,14 ,1 ,0, 0
65 ,61, 48, '31 32 34 28 33 32 32 32 29 32 31 29 ' ,'0 0 0 0 0 0 0 0 0 0 0 0 ' ,12 ,1 ,1, 1
74 ,59, 55, '32 40 32 45 31 30 42 30 39 31 32 37 ' ,'0 0 0 0 0 0 0 0 0 0 0 0 ' ,18 ,1 ,1, 1
59 ,65, 39, '24 28 32 29 31 22 26 29 27 27 21 26 ' ,'0 0 0 0 0 0 0 0 0 0 0 0 ' ,11 ,1 ,1, 1
3396 ,48, 52, '23 23 25 28 30 23 25 25 25 24 23 23 ' ,'0 0 0 0 0 0 0 0 0 0 0 0 ' ,22 ,1 ,1, 1
81 ,64, 62, '29 28 29 23 23 52 24 27 24 27 26 24 ' ,'0 0 0 0 0 0 0 0 0 0 0 0 ' ,26 ,1 ,1, 1
1601 ,72, 57, '35 39 30 33 35 40 29 32 34 33 30 32 ' ,'0 0 0 0 0 0 0 0 0 0 0 0 ' ,21 ,2 ,1, 1
73 ,71, 54, '30 33 33 33 30 32 31 34 34 33 31 32 ' ,'0 0 0 0 0 0 0 0 0 0 0 0 ' ,17 ,1 ,1, 1
73 ,66, 47, '25 24 26 27 23 26 26 27 30 30 25 27 ' ,'0 0 0 0 0 0 0 0 0 0 0 0 ' ,16 ,1 ,0, 0
736 ,62, 49, '33 33 33 34 25 35 33 27 35 27 32 34 ' ,'0 0 0 0 0 0 0 0 0 0 0 0 ' ,16 ,0 ,1, 1
79 ,64, 54, '31 29 25 35 26 30 28 25 26 31 29 28 ' ,'0 0 0 0 0 0 0 0 0 0 0 0 ' ,24 ,1 ,1, 1
73 ,68, 50, '24 31 26 27 26 27 31 26 26 28 25 28 ' ,'0 0 0 0 0 0 0 0 0 0 0 0 ' ,18 ,1 ,1, 1
83 ,65, 55, '39 30 28 22 24 39 29 28 23 26 50 25 ' ,'0 0 0 0 0 0 0 0 0 0 0 0 ' ,31 ,1 ,0, 0
83 ,73, 58, '29 27 29 29 36 33 27 29 29 28 28 28 ' ,'0 0 0 0 0 0 0 0 0 0 0 0 ' ,24 ,1 ,1, 1
7037 ,75, 62, '26 28 21 24 26 32 29 23 22 32 26 29 ' ,'0 0 0 0 0 0 0 0 0 0 0 0 ' ,35 ,1 ,1, 1
91 ,77, 55, '22 27 27 33 30 22 28 21 31 22 25 25 ' ,'0 0 0 0 0 0 0 0 0 0 0 0 ' ,28 ,1 ,1, 1
891 ,70, 61, '27 27 29 29 34 25 26 29 27 27 24 24 ' ,'0 0 0 0 0 0 0 0 0 0 0 0 ' ,28 ,1 ,1, 1
1482 ,73, 61, '33 35 35 36 43 35 36 35 35 33 38 34 ' ,'0 0 0 0 0 0 0 0 0 0 0 0 ' ,22 ,1 ,0, 0
2078 ,73, 42, '32 30 29 25 31 29 32 30 24 29 29 29 ' ,'0 0 0 0 0 0 0 0 0 0 0 0 ' ,12 ,1 ,0, 0
4240 ,50, 56, '28 27 24 31 26 26 26 28 28 33 28 26 ' ,'0 0 0 0 0 0 0 0 0 0 0 0 ' ,22 ,1 ,2, 2
67 ,64, 45, '27 34 29 36 29 28 37 30 26 27 28 33 ' ,'0 0 0 0 0 0 0 0 0 0 0 0 ' ,12 ,0 ,1, 1
75 ,59, 54, '48 31 34 33 31 39 29 38 37 28 34 34 ' ,'0 0 0 0 0 0 0 0 0 0 0 0 ' ,14 ,1 ,1, 1
56 ,67, 40, '27 26 29 30 28 27 28 29 22 30 27 26 ' ,'0 0 0 0 0 0 0 0 0 0 0 0 ' ,12 ,1 ,1, 1
63 ,52, 48, '34 26 28 29 27 31 33 29 25 26 31 29 ' ,'0 0 0 0 0 0 0 0 0 0 0 0 ' ,16 ,1 ,1, 1
60 ,56, 48, '31 27 27 22 28 27 26 27 22 26 26 27 ' ,'0 0 0 0 0 0 0 0 0 0 0 0 ' ,15 ,1 ,1, 1
83 ,51, 59, '31 32 26 28 33 31 32 30 26 32 30 30 ' ,'0 0 0 0 0 0 0 0 0 0 0 0 ' ,29 ,9 ,1, 1
62 ,79, 42, '29 25 28 28 21 23 26 28 31 23 28 25 ' ,'0 0 0 0 0 0 0 0 0 0 0 0 ' ,11 ,1 ,0, 0
82 ,52, 58, '30 36 32 33 39 31 37 32 34 35 30 35 ' ,'0 0 0 0 0 0 0 0 0 0 0 0 ' ,21 ,1 ,0, 0
74 ,70, 52, '36 31 33 36 36 33 35 33 37 36 32 31 ' ,'0 0 0 0 0 0 0 0 0 0 0 0 ' ,16 ,0 ,1, 1
115 ,67, 88, '65 65 57 59 73 60 58 74 56 68 63 65 ' ,'0 0 0 0 0 0 0 0 0 0 0 0 ' ,27 ,1 ,1, 0
143 ,104, 122, '79 59 64 69 45 66 65 44 51 67 72 59 ' ,'0 0 0 0 0 0 0 0 0 0 0 0 ' ,72 ,37 ,1, 1
390 ,140, 361, '70 79 77 71 65 64 53 62 61 59 62 58 ' ,'0 0 0 0 0 0 0 0 0 0 0 0 ' ,32 ,1 ,0, 0
143 ,377, 119, '107 81 103 84 87 96 91 75 84 90 85 87 ' ,'0 0 0 0 0 0 0 0 0 0 0 0 ' ,34 ,1 ,1, 1
326 ,133, 302, '265 292 130 134 221 220 216 155 201 181 227 149 ' ,'0 0 0 0 0 0 0 0 0 0 0 0 ' ,164 ,1 ,2, 2
137 ,316, 116, '69 77 66 68 96 60 71 73 73 82 78 60 ' ,'0 0 0 0 0 0 0 0 0 0 0 0 ' ,50 ,0 ,1, 1
200 ,132, 172, '73 59 68 89 105 70 65 74 64 63 75 57 ' ,'0 0 0 0 0 0 0 0 0 0 0 0 ' ,105 ,45 ,1, 1
170 ,184, 145, '80 90 74 66 69 71 65 67 71 127 64 59 ' ,'0 0 0 0 0 0 0 0 0 0 0 0 ' ,75 ,1 ,1, 1
2105 ,161, 106, '65 77 78 63 57 63 65 64 96 83 72 56 ' ,'0 0 0 0 0 0 0 0 0 0 0 0 ' ,39 ,1 ,1, 1
379 ,121, 106, '67 61 77 65 62 67 95 71 90 51 86 87 ' ,'0 0 0 0 0 0 0 0 0 0 0 0 ' ,37 ,1 ,5, 5
151 ,123, 134, '72 78 69 59 88 62 63 76 66 111 81 53 ' ,'0 0 0 0 0 0 0 0 0 0 0 0 ' ,69 ,14 ,0, 0
142 ,144, 114, '78 75 76 80 74 91 75 88 84 96 62 62 ' ,'0 0 0 0 0 0 0 0 0 0 0 0 ' ,46 ,0 ,1, 1
147 ,124, 120, '63 65 71 70 68 61 61 82 95 87 80 106 ' ,'0 0 0 0 0 0 0 0 0 0 0 0 ' ,49 ,1 ,0, 0
150 ,132, 125, '93 76 72 88 68 86 71 61 82 101 69 109 ' ,'0 0 0 0 0 0 0 0 0 0 0 0 ' ,56 ,1 ,1, 1
165 ,134, 129, '87 88 89 91 95 64 65 68 67 106 72 101 ' ,'0 0 0 0 0 0 0 0 0 0 0 0 ' ,60 ,2 ,1, 1
163 ,145, 135, '83 67 75 116 117 77 100 81 75 74 76 81 ' ,'0 0 0 0 0 0 0 0 0 0 0 0 ' ,63 ,1 ,1, 1
137 ,152, 109, '80 78 95 79 71 79 61 78 82 85 97 76 ' ,'0 0 0 0 0 0 0 0 0 0 0 0 ' ,36 ,1 ,1, 1
141 ,118, 115, '102 92 72 77 66 69 73 86 60 76 57 74 ' ,'0 0 0 0 0 0 0 0 0 0 0 0 ' ,47 ,1 ,1, 1
140 ,125, 113, '95 64 80 87 77 73 75 71 102 67 62 69 ' ,'0 0 0 0 0 0 0 0 0 0 0 0 ' ,40 ,1 ,1, 1
223 ,122, 197, '129 155 136 150 165 141 183 159 136 171 148 161 ' ,'0 0 0 0 0 0 0 0 0 0 0 0 ' ,57 ,1 ,1, 1
197 ,205, 169, '97 75 91 119 86 93 152 109 111 97 155 106 ' ,'0 0 0 0 0 0 0 0 0 0 0 0 ' ,77 ,1 ,2, 2
229 ,178, 202, '88 84 76 190 83 90 78 74 82 79 85 96 ' ,'0 0 0 0 0 0 0 0 0 0 0 0 ' ,117 ,1 ,1, 1
141 ,210, 115, '63 71 73 97 60 80 74 76 79 90 71 64 ' ,'0 0 0 0 0 0 0 0 0 0 0 0 ' ,39 ,1 ,1, 1
130 ,124, 105, '76 83 63 78 63 77 91 67 94 81 81 88 ' ,'0 0 0 0 0 0 0 0 0 0 0 0 ' ,34 ,1 ,1, 1
137 ,115, 106, '62 79 73 73 82 104 74 81 83 75 67 63 ' ,'0 0 0 0 0 0 0 0 0 0 0 0 ' ,44 ,1 ,0, 0
132 ,125, 104, '70 84 68 68 72 92 95 82 89 82 85 67 ' ,'0 0 0 0 0 0 0 0 0 0 0 0 ' ,28 ,1 ,0, 0
160 ,117, 134, '106 88 89 85 87 95 74 119 111 106 112 116 ' ,'0 0 0 0 0 0 0 0 0 0 0 0 ' ,48 ,1 ,0, 0
120 ,142, 104, '83 65 72 61 64 63 87 68 95 79 72 96 ' ,'0 0 0 0 0 0 0 0 0 0 0 0 ' ,37 ,1 ,1, 0
129 ,111, 113, '97 80 73 84 77 77 102 64 90 71 104 78 ' ,'0 0 0 0 0 0 0 0 0 0 0 0 ' ,42 ,1 ,0, 0
121 ,121, 106, '82 67 72 76 82 91 80 74 93 97 71 88 ' ,'0 0 0 0 0 0 0 0 0 0 0 0 ' ,31 ,1 ,1, 1
3531 ,113, 151, '118 92 91 123 121 93 113 71 81 86 110 72 ' ,'0 0 0 0 0 0 0 0 0 0 0 0 ' ,74 ,2 ,1, 1
2257 ,164, 885, '81 108 95 104 126 111 106 79 87 75 96 85 ' ,'0 0 0 0 0 0 0 0 0 0 0 0 ' ,389 ,1 ,3, 3
1021 ,1224, 117, '109 73 74 89 91 57 69 93 71 79 106 99 ' ,'0 0 0 0 0 0 0 0 0 0 0 0 ' ,53 ,1 ,1, 1
178 ,128, 151, '92 109 90 91 91 107 86 73 79 125 70 87 ' ,'0 0 0 0 0 0 0 0 0 0 0 0 ' ,71 ,1 ,0, 0
159 ,164, 133, '77 70 90 100 108 94 76 79 114 76 99 89 ' ,'0 0 0 0 0 0 0 0 0 0 0 0 ' ,55 ,2 ,1, 1
171 ,143, 141, '86 82 83 70 73 89 113 86 77 111 84 82 ' ,'0 0 0 0 0 0 0 0 0 0 0 0 ' ,65 ,1 ,0, 0
164 ,155, 136, '93 75 84 77 108 83 86 101 71 60 87 73 ' ,'0 0 0 0 0 0 0 0 0 0 0 0 ' ,61 ,2 ,0, 0
642 ,148, 170, '80 126 77 94 71 102 94 101 63 139 107 107 ' ,'0 0 0 0 0 0 0 0 0 0 0 0 ' ,101 ,1 ,1, 1
1333 ,181, 146, '83 101 96 98 119 129 79 69 81 65 76 88 ' ,'0 0 0 0 0 0 0 0 0 0 0 0 ' ,68 ,1 ,1, 1
192 ,158, 159, '70 148 83 99 108 80 100 86 92 111 71 90 ' ,'0 0 0 0 0 0 0 0 0 0 0 0 ' ,80 ,1 ,1, 1
189 ,172, 158, '76 110 96 87 130 116 74 94 98 61 88 77 ' ,'0 0 0 0 0 0 0 0 0 0 0 0 ' ,78 ,2 ,0, 0
213 ,177, 194, '57 102 83 101 95 92 181 77 99 65 88 87 ' ,'0 0 0 0 0 0 0 0 0 0 0 0 ' ,127 ,2 ,1, 1
126 ,203, 98, '58 60 67 57 60 64 43 55 53 66 62 39 ' ,'0 0 0 0 0 0 0 0 0 0 0 0 ' ,44 ,2 ,1, 1
92 ,108, 65, '33 42 35 39 36 37 41 36 37 39 37 39 ' ,'0 0 0 0 0 0 0 0 0 0 0 0 ' ,26 ,1 ,1, 1
111 ,74, 83, '46 41 40 46 49 41 39 40 41 42 36 46 ' ,'0 0 0 0 0 0 0 0 0 0 0 0 ' ,34 ,1 ,0, 0
93 ,94, 63, '33 43 35 46 37 43 42 35 36 42 37 34 ' ,'0 0 0 0 0 0 0 0 0 0 0 0 ' ,26 ,1 ,1, 1
96 ,73, 71, '36 43 36 37 40 37 39 33 32 41 35 35 ' ,'0 0 0 0 0 0 0 0 0 0 0 0 ' ,34 ,1 ,1, 1
94 ,86, 70, '43 41 38 44 40 51 36 36 39 37 42 36 ' ,'0 0 0 0 0 0 0 0 0 0 0 0 ' ,24 ,1 ,1, 1
103 ,79, 71, '37 41 41 34 42 48 37 42 34 38 38 39 ' ,'0 0 0 0 0 0 0 0 0 0 0 0 ' ,31 ,1 ,1, 1
90 ,87, 65, '35 38 35 36 42 36 36 37 42 34 34 35 ' ,'0 0 0 0 0 0 0 0 0 0 0 0 ' ,21 ,1 ,1, 1
94 ,74, 67, '33 35 40 36 38 39 36 40 36 36 35 35 ' ,'0 0 0 0 0 0 0 0 0 0 0 0 ' ,23 ,1 ,1, 1
96 ,77, 65, '33 39 38 34 36 34 37 40 39 37 33 36 ' ,'0 0 0 0 0 0 0 0 0 0 0 0 ' ,24 ,1 ,0, 0
91 ,75, 65, '33 35 36 36 32 40 37 40 50 35 41 38 ' ,'0 0 0 0 0 0 0 0 0 0 0 0 ' ,20 ,1 ,1, 0
101 ,74, 69, '41 44 39 35 40 43 38 43 35 38 40 35 ' ,'0 0 0 0 0 0 0 0 0 0 0 0 ' ,27 ,1 ,1, 1
102 ,84, 75, '35 36 36 39 50 39 50 37 43 35 35 36 ' ,'0 0 0 0 0 0 0 0 0 0 0 0 ' ,29 ,2 ,1, 1
89 ,86, 65, '42 37 34 42 37 35 33 35 36 36 54 34 ' ,'0 0 0 0 0 0 0 0 0 0 0 0 ' ,24 ,1 ,1, 1
102 ,74, 74, '60 58 45 51 44 45 45 56 55 44 47 47 ' ,'0 0 0 0 0 0 0 0 0 0 0 0 ' ,18 ,1 ,0, 0
69 ,84, 54, '43 36 32 38 35 39 46 33 35 32 37 39 ' ,'0 0 0 0 0 0 0 0 0 0 0 0 ' ,14 ,1 ,0, 0
73 ,62, 53, '35 39 37 39 39 33 37 35 37 34 33 40 ' ,'0 0 0 0 0 0 0 0 0 0 0 0 ' ,13 ,1 ,1, 1
188 ,61, 171, '51 50 42 49 44 42 48 47 48 45 43 46 ' ,'0 0 0 0 0 0 0 0 0 0 0 0 ' ,121 ,111 ,1, 1
3410 ,178, 67, '31 39 33 33 38 38 41 39 37 34 33 38 ' ,'0 0 0 0 0 0 0 0 0 0 0 0 ' ,29 ,1 ,0, 0
97 ,80, 68, '32 36 35 38 32 34 33 39 37 40 32 42 ' ,'0 0 0 0 0 0 0 0 0 0 0 0 ' ,30 ,1 ,0, 0
96 ,86, 65, '35 37 32 33 36 36 43 37 34 39 33 37 ' ,'0 0 0 0 0 0 0 0 0 0 0 0 ' ,23 ,1 ,1, 1
91 ,76, 63, '33 38 43 29 31 39 40 39 37 34 42 34 ' ,'0 0 0 0 0 0 0 0 0 0 0 0 ' ,28 ,1 ,1, 1
94 ,75, 69, '38 38 36 37 35 38 43 38 41 39 37 37 ' ,'0 0 0 0 0 0 0 0 0 0 0 0 ' ,25 ,1 ,1, 1
100 ,82, 70, '39 39 39 35 36 39 40 43 33 39 36 36 ' ,'0 0 0 0 0 0 0 0 0 0 0 0 ' ,30 ,1 ,1, 1
101 ,83, 70, '35 34 34 41 33 37 32 38 38 38 30 33 ' ,'0 0 0 0 0 0 0 0 0 0 0 0 ' ,28 ,1 ,0, 0
107 ,82, 77, '45 58 46 45 49 44 49 46 49 43 48 54 ' ,'0 0 0 0 0 0 0 0 0 0 0 0 ' ,26 ,1 ,3, 0
70 ,94, 54, '33 33 29 34 34 32 35 35 37 41 34 40 ' ,'0 0 0 0 0 0 0 0 0 0 0 0 ' ,18 ,1 ,0, 0
88 ,62, 72, '57 55 47 61 47 51 43 50 51 55 46 51 ' ,'0 0 0 0 0 0 0 0 0 0 0 0 ' ,21 ,0 ,1, 1
71 ,79, 55, '40 41 42 40 38 34 33 35 40 39 35 44 ' ,'0 0 0 0 0 0 0 0 0 0 0 0 ' ,15 ,0 ,1, 1
101 ,61, 70, '36 38 35 38 37 34 30 43 49 37 33 36 ' ,'0 0 0 0 0 0 0 0 0 0 0 0 ' ,32 ,1 ,1, 0
96 ,81, 63, '37 41 41 42 36 38 33 42 30 38 36 38 ' ,'0 0 0 0 0 0 0 0 0 0 0 0 ' ,32 ,2 ,1, 1
95 ,82, 67, '39 36 39 41 35 40 35 42 38 34 34 35 ' ,'0 0 0 0 0 0 0 0 0 0 0 0 ' ,19 ,1 ,0, 0
88 ,76, 67, '37 33 35 35 34 31 32 37 43 37 32 36 ' ,'0 0 0 0 0 0 0 0 0 0 0 0 ' ,29 ,1 ,1, 1
109 ,79, 78, '37 38 39 38 33 46 32 38 38 48 33 40 ' ,'0 0 0 0 0 0 0 0 0 0 0 0 ' ,39 ,1 ,1, 1
88 ,88, 61, '37 34 34 37 33 33 31 36 39 33 35 30 ' ,'0 0 0 0 0 0 0 0 0 0 0 0 ' ,21 ,1 ,1, 1
91 ,70, 65, '37 36 32 36 31 38 51 31 41 41 39 31 ' ,'0 0 0 0 0 0 0 0 0 0 0 0 ' ,27 ,1 ,0, 0
94 ,75, 65, '35 34 37 37 30 32 34 34 35 34 31 33 ' ,'0 0 0 0 0 0 0 0 0 0 0 0 ' ,23 ,1 ,1, 1
95 ,75, 69, '41 43 35 37 31 32 34 36 32 40 32 38 ' ,'0 0 0 0 0 0 0 0 0 0 0 0 ' ,29 ,1 ,0, 0
94 ,82, 69, '33 33 40 31 38 41 37 39 27 34 36 37 ' ,'0 0 0 0 0 0 0 0 0 0 0 0 ' ,29 ,1 ,1, 1
84 ,76, 60, '37 32 35 38 32 40 44 37 47 30 33 32 ' ,'0 0 0 0 0 0 0 0 0 0 0 0 ' ,15 ,1 ,1, 1
94 ,69, 68, '42 40 28 36 40 40 36 33 39 30 41 39 ' ,'0 0 0 0 0 0 0 0 0 0 0 0 ' ,29 ,1 ,0, 0
95 ,77, 61, '36 37 31 46 32 36 39 36 32 32 40 34 ' ,'0 0 0 0 0 0 0 0 0 0 0 0 ' ,23 ,1 ,1, 1
87 ,75, 61, '40 39 36 52 36 40 35 33 43 30 39 38 ' ,'0 0 0 0 0 0 0 0 0 0 0 0 ' ,19 ,0 ,0, 0
93 ,71, 68, '39 37 38 51 33 40 30 37 41 43 42 35 ' ,'0 0 0 0 0 0 0 0 0 0 0 0 ' ,27 ,2 ,0, 0
101 ,77, 71, '39 34 45 39 41 36 32 42 31 44 33 30 ' ,'0 0 0 0 0 0 0 0 0 0 0 0 ' ,36 ,1 ,1, 1
174 ,86, 147, '109 137 129 65 76 75 89 90 85 91 78 83 ' ,'0 0 0 0 0 0 0 0 0 0 0 0 ' ,74 ,1 ,0, 0
164 ,157, 138, '95 83 96 122 106 79 69 83 104 102 92 101 ' ,'0 0 0 0 0 0 0 0 0 0 0 0 ' ,52 ,1 ,1, 1
183 ,149, 155, '109 100 75 100 109 114 94 94 101 115 141 113 ' ,'0 0 0 0 0 0 0 0 0 0 0 0 ' ,69 ,1 ,1, 1
196 ,165, 169, '102 113 104 96 126 125 95 154 114 83 105 111 ' ,'0 0 0 0 0 0 0 0 0 0 0 0 ' ,63 ,1 ,0, 0
186 ,179, 169, '96 73 76 85 89 159 87 100 101 96 90 106 ' ,'0 0 0 0 0 0 0 0 0 0 0 0 ' ,88 ,1 ,0, 0
144 ,176, 129, '79 100 101 121 90 92 82 85 78 89 98 83 ' ,'0 0 0 0 0 0 0 0 0 0 0 0 ' ,46 ,1 ,0, 0
138 ,138, 124, '109 111 99 116 82 108 87 76 109 110 82 97 ' ,'0 0 0 0 0 0 0 0 0 0 0 0 ' ,39 ,2 ,1, 1
164 ,130, 135, '107 83 70 122 107 113 109 84 87 102 85 79 ' ,'0 0 0 0 0 0 0 0 0 0 0 0 ' ,59 ,1 ,1, 1
1860 ,147, 1180, '105 125 80 92 94 95 132 93 113 116 76 114 ' ,'0 0 0 0 0 0 0 0 0 0 0 0 ' ,1748 ,1 ,1, 1
2145 ,1846, 142, '82 100 96 114 106 86 78 84 97 98 103 96 ' ,'0 0 0 0 0 0 0 0 0 0 0 0 ' ,57 ,1 ,0, 0
1475 ,155, 132, '89 103 75 68 106 118 80 87 112 91 76 93 ' ,'0 0 0 0 0 0 0 0 0 0 0 0 ' ,57 ,1 ,0, 0
325 ,143, 299, '87 76 78 79 102 108 89 116 93 86 93 83 ' ,'0 0 0 0 0 0 0 0 0 0 0 0 ' ,212 ,168 ,1, 1
163 ,309, 134, '88 79 70 75 80 126 85 72 85 96 55 73 ' ,'0 0 0 0 0 0 0 0 0 0 0 0 ' ,72 ,1 ,0, 0
136 ,145, 108, '85 87 88 86 77 79 69 100 77 72 68 74 ' ,'0 0 0 0 0 0 0 0 0 0 0 0 ' ,33 ,1 ,0, 0
148 ,120, 118, '78 69 77 68 91 92 66 77 65 83 60 68 ' ,'0 0 0 0 0 0 0 0 0 0 0 0 ' ,50 ,1 ,1, 1
399 ,129, 102, '68 60 64 77 75 75 62 56 60 71 67 76 ' ,'0 0 0 0 0 0 0 0 0 0 0 0 ' ,37 ,1 ,0, 0
710 ,111, 687, '58 86 77 71 73 67 72 65 71 69 68 57 ' ,'0 0 0 0 0 0 0 0 0 0 0 0 ' ,620 ,1 ,0, 0
138 ,697, 111, '83 72 67 60 62 64 73 63 79 78 60 70 ' ,'0 0 0 0 0 0 0 0 0 0 0 0 ' ,41 ,1 ,1, 1
15048 ,119, 111, '86 78 73 80 79 70 70 66 58 71 69 84 ' ,'0 0 0 0 0 0 0 0 0 0 0 0 ' ,48 ,1 ,0, 0
133 ,126, 107, '55 72 51 60 72 68 57 68 84 43 54 78 ' ,'0 0 0 0 0 0 0 0 0 0 0 0 ' ,45 ,1 ,1, 1
125 ,116, 95, '48 57 53 61 66 53 45 59 58 42 55 55 ' ,'0 0 0 0 0 0 0 0 0 0 0 0 ' ,41 ,1 ,1, 1
110 ,154, 83, '45 47 48 50 59 59 51 60 63 39 49 48 ' ,'0 0 0 0 0 0 0 0 0 0 0 0 ' ,33 ,1 ,0, 0
100 ,93, 83, '44 63 52 76 63 52 62 69 50 58 60 57 ' ,'0 0 0 0 0 0 0 0 0 0 0 0 ' ,32 ,1 ,0, 0
109 ,91, 93, '63 59 54 74 67 69 83 54 78 63 67 62 ' ,'0 0 0 0 0 0 0 0 0 0 0 0 ' ,31 ,1 ,0, 0
128 ,100, 111, '73 75 51 98 64 49 73 67 71 70 62 99 ' ,'0 0 0 0 0 0 0 0 0 0 0 0 ' ,56 ,2 ,0, 0
662 ,120, 635, '56 66 66 69 69 65 63 50 83 62 50 67 ' ,'0 0 0 0 0 0 0 0 0 0 0 0 ' ,579 ,1 ,0, 0
184 ,983, 157, '63 56 59 57 64 71 100 66 55 75 59 95 ' ,'0 205 0 0 0 0 0 0 0 0 0 0 ' ,92 ,1 ,0, 0
984 ,168, 738, '72 82 53 55 58 57 72 60 64 81 57 62 ' ,'0 0 0 0 0 0 0 0 0 0 0 0 ' ,680 ,2 ,1, 1
131 ,752, 107, '53 68 66 59 62 68 71 63 62 66 62 66 ' ,'0 0 0 0 0 0 0 0 0 0 0 0 ' ,48 ,1 ,1, 1
1541 ,118, 136, '62 53 57 79 62 74 58 76 69 100 53 80 ' ,'0 0 0 0 0 0 0 0 0 0 0 0 ' ,71 ,1 ,1, 1
933 ,146, 102, '60 62 63 70 60 68 66 82 67 68 50 62 ' ,'0 0 0 0 0 0 0 0 0 0 0 0 ' ,44 ,1 ,0, 0
1371 ,114, 593, '74 68 55 72 83 66 62 57 67 58 54 56 ' ,'0 0 0 0 0 0 0 0 0 0 0 0 ' ,528 ,1 ,1, 1
10420 ,606, 94, '58 64 77 66 60 68 53 56 65 64 57 81 ' ,'0 0 0 0 0 0 0 0 0 0 0 0 ' ,31 ,1 ,0, 0
141 ,105, 111, '55 65 68 69 77 84 69 67 54 63 78 61 ' ,'0 0 0 0 0 0 0 0 0 0 0 0 ' ,54 ,1 ,0, 0
138 ,124, 110, '67 49 44 53 50 47 59 48 55 71 57 63 ' ,'0 0 0 0 0 0 0 0 0 0 0 0 ' ,55 ,1 ,1, 1
122 ,119, 98, '63 62 50 71 61 59 66 64 52 56 62 53 ' ,'0 0 0 0 0 0 0 0 0 0 0 0 ' ,40 ,1 ,1, 1
148 ,112, 113, '53 63 53 67 78 52 82 56 59 53 84 66 ' ,'0 0 0 0 0 0 0 0 0 0 0 0 ' ,57 ,2 ,0, 0
148 ,127, 119, '51 78 74 86 85 77 57 53 56 49 56 77 ' ,'0 0 0 0 0 0 0 0 0 0 0 0 ' ,60 ,1 ,0, 0
149 ,128, 119, '70 61 76 73 80 61 67 57 63 61 59 63 ' ,'0 0 0 0 0 0 0 0 0 0 0 0 ' ,53 ,1 ,0, 0
135 ,128, 109, '85 62 59 64 64 71 70 70 65 80 60 63 ' ,'0 0 0 0 0 0 0 0 0 0 0 0 ' ,43 ,1 ,1, 1
139 ,125, 109, '71 70 67 76 57 60 63 80 70 68 57 81 ' ,'0 0 0 0 0 0 0 0 0 0 0 0 ' ,40 ,1 ,1, 1
135 ,120, 108, '72 83 55 65 69 76 53 57 72 59 79 77 ' ,'0 0 0 0 0 0 0 0 0 0 0 0 ' ,44 ,1 ,0, 0
144 ,118, 116, '60 81 50 64 80 54 52 60 64 57 57 62 ' ,'0 0 0 0 0 0 0 0 0 0 0 0 ' ,58 ,1 ,0, 0
137 ,127, 110, '69 74 50 81 46 51 50 96 65 70 47 60 ' ,'0 0 0 0 0 0 0 0 0 0 0 0 ' ,52 ,1 ,0, 0
137 ,121, 110, '57 55 71 80 70 90 91 62 66 72 67 65 ' ,'0 0 0 0 0 0 0 0 0 0 0 0 ' ,45 ,1 ,1, 1
157 ,119, 130, '75 73 64 77 74 94 70 67 77 84 81 82 ' ,'0 0 0 0 0 0 0 0 0 0 0 0 ' ,55 ,1 ,0, 0
135 ,140, 108, '62 68 73 66 67 69 67 62 72 67 78 71 ' ,'0 0 0 0 0 0 0 0 0 0 0 0 ' ,34 ,1 ,0, 0
111 ,118, 97, '63 65 52 52 60 86 56 83 70 63 80 53 ' ,'0 0 0 0 0 0 0 0 0 0 0 0 ' ,38 ,1 ,0, 0
113 ,102, 98, '85 70 74 78 67 81 76 70 71 79 82 61 ' ,'0 0 0 0 0 0 0 0 0 0 0 0 ' ,26 ,1 ,0, 0
130 ,106, 114, '78 102 64 74 81 66 68 69 72 66 72 77 ' ,'0 0 0 0 0 0 0 0 0 0 0 0 ' ,40 ,1 ,1, 1
132 ,122, 105, '66 68 47 82 72 59 67 73 75 61 54 61 ' ,'0 0 0 0 0 0 0 0 0 0 0 0 ' ,51 ,1 ,1, 1
886 ,116, 115, '69 72 72 80 72 62 60 65 74 79 99 63 ' ,'0 0 0 0 0 0 0 0 0 0 0 0 ' ,54 ,1 ,1, 1
146 ,131, 119, '75 80 91 107 70 71 73 73 70 78 65 73 ' ,'0 0 0 0 0 0 0 0 0 0 0 0 ' ,43 ,1 ,1, 1
145 ,130, 121, '68 67 66 75 66 62 87 68 82 83 82 73 ' ,'0 0 0 0 0 0 0 0 0 0 0 0 ' ,51 ,2 ,1, 1
140 ,132, 114, '84 76 81 62 77 73 74 59 59 81 70 88 ' ,'0 0 0 0 0 0 0 0 0 0 0 0 ' ,51 ,1 ,0, 0
142 ,126, 116, '90 76 72 67 79 58 53 63 79 56 61 56 ' ,'0 0 0 0 0 0 0 0 0 0 0 0 ' ,55 ,1 ,1, 1
154 ,128, 126, '61 66 82 83 80 59 60 65 78 85 57 72 ' ,'0 0 0 0 0 0 0 0 0 0 0 0 ' ,63 ,1 ,0, 0
139 ,137, 114, '70 67 64 64 55 88 46 63 88 69 65 62 ' ,'0 0 0 0 0 0 0 0 0 0 0 0 ' ,53 ,1 ,1, 1
145 ,123, 117, '108 76 59 64 75 75 70 86 76 60 69 76 ' ,'0 0 0 0 0 0 0 0 0 0 0 0 ' ,53 ,2 ,1, 1
153 ,130, 125, '106 93 77 115 85 62 89 89 99 93 88 76 ' ,'0 0 0 0 0 0 0 0 0 0 0 0 ' ,57 ,2 ,1, 1
137 ,135, 114, '81 64 72 67 83 74 100 75 67 83 90 77 ' ,'0 0 0 0 0 0 0 0 0 0 0 0 ' ,41 ,1 ,1, 1
198 ,124, 170, '82 72 78 56 135 96 65 89 68 100 69 71 ' ,'0 0 0 0 0 0 0 0 0 0 0 0 ' ,104 ,2 ,1, 1
2036 ,182, 108, '58 83 80 77 86 93 74 71 71 88 83 99 ' ,'0 0 0 0 0 0 0 0 0 0 0 0 ' ,46 ,1 ,1, 1
116 ,118, 97, '60 64 73 68 73 70 68 89 78 66 77 72 ' ,'0 0 0 0 0 0 0 0 0 0 0 0 ' ,33 ,1 ,0, 0
146 ,107, 133, '69 73 66 71 80 98 87 78 62 90 79 83 ' ,'0 0 0 0 0 0 0 0 0 0 0 0 ' ,62 ,26 ,1, 1
163 ,140, 134, '77 71 110 87 71 68 100 89 74 92 93 71 ' ,'0 0 0 0 0 0 0 0 0 0 0 0 ' ,56 ,2 ,0, 0
152 ,146, 125, '106 100 74 76 64 74 108 82 62 80 87 68 ' ,'0 0 0 0 0 0 0 0 0 0 0 0 ' ,53 ,4 ,1, 1
173 ,134, 148, '86 85 84 68 104 100 78 67 101 94 69 88 ' ,'0 0 0 0 0 0 0 0 0 0 0 0 ' ,69 ,5 ,1, 1
157 ,158, 128, '78 66 89 69 71 105 112 75 104 61 65 79 ' ,'0 0 0 0 0 0 0 0 0 0 0 0 ' ,49 ,2 ,1, 1
146 ,139, 122, '87 83 54 63 62 62 70 77 67 51 78 74 ' ,'0 0 0 0 0 0 0 0 0 0 0 0 ' ,54 ,19 ,1, 1
204 ,131, 175, '77 95 67 65 132 74 66 83 74 87 82 71 ' ,'0 0 0 0 0 0 0 0 0 0 0 0 ' ,100 ,1 ,1, 0
177 ,184, 151, '105 81 65 67 105 86 128 77 67 76 103 81 ' ,'0 0 0 0 0 0 0 0 0 0 0 0 ' ,70 ,4 ,1, 1
161 ,158, 136, '72 77 68 57 98 69 84 94 87 74 108 74 ' ,'0 0 0 0 0 0 0 0 0 0 0 0 ' ,71 ,1 ,0, 0
158 ,145, 131, '82 116 81 74 58 85 109 79 75 84 108 81 ' ,'0 0 0 0 0 0 0 0 0 0 0 0 ' ,50 ,2 ,1, 1
201 ,140, 173, '115 87 66 91 69 93 65 67 124 103 86 63 ' ,'0 0 0 0 0 0 0 0 0 0 0 0 ' ,96 ,32 ,1, 1
159 ,181, 133, '65 110 61 82 59 120 73 95 102 95 102 72 ' ,'0 0 0 0 0 0 0 0 0 0 0 0 ' ,68 ,1 ,1, 1
185 ,149, 160, '104 94 97 108 120 92 92 93 90 100 141 82 ' ,'0 0 0 0 0 0 0 0 0 0 0 0 ' ,65 ,1 ,0, 0
165 ,171, 139, '67 82 88 75 95 97 74 79 84 87 73 100 ' ,'0 0 0 0 0 0 0 0 0 0 0 0 ' ,61 ,1 ,1, 1
164 ,150, 139, '99 87 68 67 69 78 83 126 103 86 64 78 ' ,'0 0 0 0 0 0 0 0 0 0 0 0 ' ,63 ,1 ,0, 0
183 ,150, 158, '93 104 77 89 74 93 72 107 101 73 57 72 ' ,'0 0 0 0 0 0 0 0 0 0 0 0 ' ,90 ,39 ,1, 1
179 ,167, 152, '73 92 94 97 79 91 100 72 71 114 85 58 ' ,'0 0 0 0 0 0 0 0 0 0 0 0 ' ,80 ,1 ,1, 1
