279 ,0, 162, '100 87 110 93 ' ,'0 0 0 0 ' ,25 ,7 ,13, 13
1871 ,191, 1845, '1773 1715 1603 1749 ' ,'232 267 254 278 ' ,188 ,3 ,31, 6
2087 ,1885, 2060, '1932 1548 1670 1600 ' ,'103 119 39 54 ' ,396 ,1 ,97, 7
1865 ,2073, 1844, '1556 1460 1721 1675 ' ,'147 46 13 116 ' ,271 ,3 ,95, 8
1727 ,1908, 1707, '1429 1632 1654 1599 ' ,'31 115 72 60 ' ,225 ,3 ,37, 9
1855 ,1768, 1834, '1727 1544 1486 1402 ' ,'84 28 31 19 ' ,325 ,4 ,85, 7
1646 ,1847, 1625, '1589 1546 1454 1485 ' ,'129 39 52 95 ' ,137 ,3 ,21, 10
1674 ,1657, 1653, '1567 1373 1290 1468 ' ,'50 88 77 58 ' ,283 ,4 ,71, 7
1833 ,1658, 1810, '1774 1728 1594 1488 ' ,'19 76 116 11 ' ,296 ,7 ,20, 11
1510 ,1825, 1483, '1441 1373 1377 1166 ' ,'14 30 19 12 ' ,286 ,3 ,21, 14
1419 ,1489, 1397, '1369 1361 1358 1279 ' ,'14 26 16 11 ' ,96 ,4 ,15, 8
1725 ,1422, 1702, '1494 1665 1557 1587 ' ,'67 31 29 21 ' ,177 ,5 ,23, 8
1765 ,1716, 1749, '1657 1466 1568 1467 ' ,'75 64 58 11 ' ,196 ,5 ,78, 9
1635 ,1770, 1618, '1436 1586 1555 1383 ' ,'54 154 52 21 ' ,202 ,2 ,21, 13
2144 ,1642, 2121, '1948 1480 1761 2092 ' ,'22 22 62 82 ' ,616 ,2 ,19, 14
1774 ,2142, 1749, '1710 1528 1542 1580 ' ,'23 19 55 106 ' ,183 ,2 ,26, 6
1854 ,1774, 1818, '1691 1789 1695 1529 ' ,'18 129 51 22 ' ,271 ,3 ,17, 8
1864 ,1840, 1838, '1482 1468 1403 1340 ' ,'16 13 46 21 ' ,446 ,2 ,46, 9
1651 ,1844, 1629, '1593 1457 1534 1539 ' ,'9 32 73 14 ' ,145 ,3 ,19, 13
1894 ,1679, 1870, '1570 1836 1519 1639 ' ,'8 25 30 20 ' ,320 ,2 ,22, 7
1916 ,1895, 1894, '1653 1866 1739 1669 ' ,'12 70 36 22 ' ,218 ,3 ,17, 9
1564 ,1909, 1543, '1466 1516 1471 1381 ' ,'13 14 101 12 ' ,139 ,2 ,15, 9
1527 ,1566, 1505, '1473 1370 1365 1276 ' ,'14 14 32 59 ' ,206 ,2 ,17, 9
1653 ,1513, 1633, '1392 1535 1464 1605 ' ,'12 21 24 19 ' ,218 ,2 ,17, 9
1854 ,1641, 1837, '1380 1705 1592 1762 ' ,'12 30 35 24 ' ,422 ,40 ,26, 7
2312 ,1841, 2296, '1745 1667 2262 1917 ' ,'20 38 91 19 ' ,600 ,2 ,20, 12
2084 ,2309, 2058, '1778 2016 1501 1578 ' ,'27 24 67 22 ' ,518 ,2 ,29, 8
2006 ,2079, 1982, '1426 1937 1524 1568 ' ,'22 379 35 15 ' ,514 ,2 ,32, 8
1986 ,2020, 1965, '1918 1819 1751 1515 ' ,'65 67 48 13 ' ,404 ,2 ,36, 8
1597 ,1990, 1573, '1340 1494 1406 1383 ' ,'21 9 75 11 ' ,159 ,2 ,66, 11
1557 ,1578, 1538, '1504 1454 1455 1455 ' ,'94 16 16 11 ' ,52 ,2 ,23, 12
1568 ,1541, 1546, '1457 1369 1385 1514 ' ,'18 18 23 9 ' ,149 ,2 ,19, 9
1722 ,1560, 1699, '1668 1639 1535 1573 ' ,'23 16 26 21 ' ,137 ,1 ,19, 7
2300 ,1729, 2279, '1341 1763 1762 2135 ' ,'17 114 48 35 ' ,796 ,1 ,133, 10
1785 ,2284, 1765, '1455 1454 1739 1703 ' ,'45 24 170 34 ' ,287 ,2 ,16, 8
2151 ,1780, 2130, '1596 2091 1664 1505 ' ,'51 24 21 21 ' ,591 ,1 ,28, 6
1777 ,2151, 1761, '1505 1514 1713 1417 ' ,'28 108 97 28 ' ,300 ,1 ,37, 13
2048 ,1780, 2031, '1428 1499 1741 1972 ' ,'37 16 73 23 ' ,547 ,1 ,50, 9
1817 ,2062, 1792, '1591 1742 1750 1707 ' ,'58 14 35 29 ' ,162 ,1 ,34, 8
1734 ,1817, 1713, '1611 1455 1687 1642 ' ,'54 19 34 37 ' ,233 ,1 ,16, 9
1980 ,1743, 1960, '1701 1508 1547 1918 ' ,'27 21 30 83 ' ,406 ,1 ,32, 10
1957 ,1966, 1933, '1861 1642 1829 1903 ' ,'43 26 86 30 ' ,262 ,2 ,19, 6
1793 ,1946, 1769, '1466 1736 1458 1697 ' ,'31 154 28 34 ' ,278 ,1 ,20, 6
1813 ,1789, 1789, '1499 1682 1540 1758 ' ,'41 19 35 29 ' ,263 ,1 ,20, 11
1565 ,1805, 1545, '1457 1476 1514 1462 ' ,'28 11 29 17 ' ,59 ,0 ,20, 11
1733 ,1557, 1707, '1569 1501 1669 1485 ' ,'17 10 23 10 ' ,192 ,1 ,24, 9
2089 ,1727, 2062, '1741 1957 1866 2030 ' ,'80 15 30 35 ' ,291 ,1 ,24, 8
2169 ,2085, 2146, '1927 1915 2079 1656 ' ,'48 25 86 21 ' ,427 ,2 ,54, 11
1697 ,2178, 1682, '1494 1379 1535 1639 ' ,'114 17 38 56 ' ,260 ,2 ,32, 11
1515 ,1698, 1492, '1202 1311 1458 1312 ' ,'29 15 27 27 ' ,261 ,1 ,20, 9
1739 ,1507, 1718, '1569 1678 1626 1440 ' ,'34 21 28 23 ' ,241 ,2 ,27, 9
1553 ,1730, 1533, '1370 1418 1496 1395 ' ,'47 17 21 79 ' ,130 ,1 ,25, 6
1951 ,1537, 1932, '1831 1881 1886 1715 ' ,'21 25 87 18 ' ,173 ,1 ,34, 8
1815 ,1950, 1799, '1527 1756 1644 1719 ' ,'38 207 29 35 ' ,231 ,1 ,32, 14
1924 ,1815, 1903, '1847 1810 1642 1873 ' ,'38 15 22 74 ' ,230 ,1 ,20, 9
1737 ,1934, 1717, '1682 1620 1557 1451 ' ,'23 23 118 27 ' ,232 ,2 ,23, 12
1690 ,1733, 1667, '1593 1525 1482 1501 ' ,'23 16 18 24 ' ,148 ,36 ,26, 10
1722 ,1678, 1698, '1632 1661 1590 1591 ' ,'28 25 26 104 ' ,76 ,2 ,23, 7
1514 ,1723, 1491, '1284 1380 1454 1273 ' ,'21 16 20 12 ' ,187 ,1 ,23, 8
1354 ,1501, 1331, '1175 1298 1260 1130 ' ,'21 22 22 10 ' ,173 ,1 ,21, 8
1318 ,1342, 1294, '1212 1189 1224 1259 ' ,'14 15 17 21 ' ,70 ,1 ,25, 10
1449 ,1300, 1428, '1287 1197 1394 1313 ' ,'18 16 20 24 ' ,201 ,1 ,20, 7
1640 ,1441, 1625, '1589 1351 1439 1417 ' ,'27 24 18 20 ' ,240 ,1 ,23, 8
1718 ,1638, 1698, '1642 1564 1652 1518 ' ,'29 20 18 17 ' ,16 ,1 ,32, 10
1761 ,1702, 1736, '1688 1561 1703 1673 ' ,'74 24 22 16 ' ,141 ,1 ,23, 12
1954 ,1749, 1937, '1797 1558 1630 1895 ' ,'34 24 18 31 ' ,337 ,2 ,32, 10
2013 ,1943, 1996, '1756 1823 1921 1946 ' ,'24 26 20 19 ' ,195 ,1 ,35, 9
2477 ,2000, 2459, '1630 1498 1649 2416 ' ,'25 39 21 34 ' ,919 ,1 ,32, 7
2016 ,2475, 2000, '1957 1546 1498 1549 ' ,'45 76 17 23 ' ,460 ,1 ,30, 12
1484 ,2004, 1468, '1426 1389 1321 1391 ' ,'34 16 24 23 ' ,109 ,2 ,25, 11
1376 ,1473, 1354, '1289 1315 1141 1126 ' ,'21 14 16 17 ' ,198 ,1 ,21, 10
1914 ,1367, 1891, '1529 1503 1550 1852 ' ,'22 18 23 32 ' ,351 ,1 ,26, 11
1754 ,1908, 1730, '1682 1600 1384 1643 ' ,'77 27 15 31 ' ,300 ,1 ,33, 9
2342 ,1760, 2319, '2034 1755 1721 2279 ' ,'18 62 36 26 ' ,557 ,1 ,29, 9
1981 ,2342, 1962, '1908 1816 1596 1887 ' ,'20 10 22 18 ' ,311 ,1 ,42, 12
1908 ,1996, 1893, '1661 1773 1573 1848 ' ,'20 13 37 25 ' ,273 ,1 ,34, 12
1550 ,1918, 1535, '1444 1456 1476 1497 ' ,'32 19 21 60 ' ,57 ,1 ,23, 8
1538 ,1545, 1516, '1468 1461 1432 1466 ' ,'27 25 19 18 ' ,37 ,1 ,34, 10
2157 ,1537, 2133, '1571 1574 1768 2098 ' ,'37 22 42 35 ' ,529 ,2 ,23, 7
2343 ,2161, 2323, '1699 1622 1883 2280 ' ,'46 16 124 25 ' ,657 ,1 ,32, 8
1904 ,2341, 1881, '1835 1355 1465 1688 ' ,'33 17 20 16 ' ,482 ,1 ,33, 13
1772 ,1907, 1753, '1626 1514 1671 1707 ' ,'19 17 31 20 ' ,191 ,1 ,36, 9
1886 ,1758, 1859, '1640 1769 1716 1746 ' ,'29 27 29 62 ' ,133 ,1 ,75, 11
1889 ,1869, 1865, '1550 1795 1624 1520 ' ,'52 150 68 52 ' ,279 ,1 ,56, 7
2040 ,1870, 2019, '1725 1476 1615 1955 ' ,'77 22 26 57 ' ,476 ,2 ,54, 7
1808 ,2023, 1786, '1617 1392 1397 1512 ' ,'56 15 48 55 ' ,329 ,105 ,45, 8
1825 ,1790, 1805, '1730 1462 1565 1759 ' ,'26 13 20 47 ' ,297 ,1 ,37, 14
2026 ,1861, 2010, '1571 1516 1647 1920 ' ,'14 51 14 49 ' ,404 ,1 ,78, 8
1660 ,2018, 1644, '1483 1508 1559 1583 ' ,'10 142 30 52 ' ,100 ,2 ,47, 9
1918 ,1650, 1890, '1677 1631 1755 1830 ' ,'90 19 25 61 ' ,197 ,1 ,48, 9
1793 ,1905, 1773, '1469 1474 1683 1702 ' ,'48 18 84 49 ' ,232 ,1 ,62, 8
1778 ,1778, 1754, '1699 1448 1608 1678 ' ,'29 20 24 50 ' ,258 ,1 ,37, 8
1706 ,1821, 1683, '1618 1568 1408 1512 ' ,'65 61 83 65 ' ,213 ,1 ,48, 7
2035 ,1688, 2014, '1480 1330 1360 1971 ' ,'33 15 14 1426 ' ,636 ,2 ,33, 9
1866 ,2022, 1847, '1675 1459 1429 1806 ' ,'22 12 18 34 ' ,375 ,1 ,29, 8
1797 ,1864, 1777, '1692 1499 1699 1710 ' ,'26 9 17 19 ' ,210 ,1 ,57, 8
2075 ,1782, 2052, '1984 1523 1498 1889 ' ,'1632 13 11 42 ' ,487 ,1 ,52, 12
1988 ,2057, 1964, '1684 1909 1661 1809 ' ,'88 19 28 53 ' ,250 ,2 ,33, 10
1730 ,2017, 1708, '1552 1478 1376 1663 ' ,'22 25 25 33 ' ,287 ,2 ,30, 12
1667 ,1735, 1653, '1444 1450 1554 1591 ' ,'33 18 24 21 ' ,147 ,1 ,45, 7
1788 ,1673, 1772, '1361 1718 1550 1496 ' ,'14 24 13 20 ' ,363 ,2 ,32, 10
1610 ,1782, 1585, '1357 1334 1317 1541 ' ,'13 15 15 21 ' ,226 ,1 ,31, 13
1843 ,1592, 1814, '1569 1558 1449 1763 ' ,'14 19 15 17 ' ,321 ,1 ,34, 13
1963 ,1825, 1942, '1490 1581 1890 1864 ' ,'16 14 18 68 ' ,405 ,1 ,33, 15
1870 ,1997, 1844, '1492 1790 1774 1726 ' ,'41 21 175 29 ' ,305 ,1 ,38, 13
1716 ,1890, 1699, '1608 1470 1435 1645 ' ,'27 21 23 24 ' ,206 ,1 ,43, 10
1683 ,1704, 1662, '1432 1593 1322 1432 ' ,'26 19 16 30 ' ,273 ,1 ,53, 7
1628 ,1668, 1609, '1482 1345 1254 1550 ' ,'22 12 14 34 ' ,294 ,1 ,49, 8
1543 ,1615, 1519, '1476 1259 1173 1394 ' ,'25 10 16 21 ' ,302 ,1 ,25, 7
1581 ,1527, 1559, '1297 1458 1503 1515 ' ,'13 13 12 40 ' ,217 ,1 ,32, 12
1751 ,1565, 1724, '1306 1606 1617 1417 ' ,'10 11 14 15 ' ,315 ,1 ,90, 20
1666 ,1734, 1649, '1406 1424 1506 1605 ' ,'31 19 23 20 ' ,201 ,1 ,28, 8
1651 ,1690, 1634, '1577 1464 1479 1590 ' ,'72 17 21 41 ' ,128 ,2 ,29, 9
1704 ,1666, 1685, '1510 1493 1481 1623 ' ,'24 31 13 75 ' ,144 ,1 ,44, 8
1595 ,1690, 1573, '1507 1530 1299 1530 ' ,'69 93 27 32 ' ,232 ,1 ,20, 7
1720 ,1595, 1697, '1513 1309 1202 1657 ' ,'21 13 12 32 ' ,453 ,1 ,24, 8
1862 ,1732, 1838, '1688 1425 1276 1784 ' ,'11 81 34 34 ' ,506 ,2 ,41, 12
1762 ,1865, 1741, '1358 1326 1561 1686 ' ,'24 7 36 20 ' ,360 ,1 ,36, 13
1641 ,1795, 1619, '1301 1339 1265 1570 ' ,'11 28 102 26 ' ,304 ,1 ,34, 10
1864 ,1630, 1844, '1602 1484 1514 1799 ' ,'15 29 39 29 ' ,312 ,1 ,31, 9
1738 ,1860, 1715, '1531 1560 1512 1659 ' ,'26 24 38 25 ' ,147 ,1 ,42, 10
1856 ,1735, 1833, '1468 1545 1451 1779 ' ,'18 25 28 86 ' ,327 ,1 ,43, 8
1560 ,1874, 1538, '1407 1448 1407 1486 ' ,'15 72 57 23 ' ,80 ,1 ,37, 7
1542 ,1565, 1528, '1311 1290 1471 1420 ' ,'11 11 48 61 ' ,183 ,2 ,39, 11
1692 ,1541, 1675, '1478 1483 1537 1626 ' ,'12 21 39 19 ' ,146 ,2 ,35, 12
1766 ,1725, 1745, '1460 1692 1488 1573 ' ,'27 144 38 20 ' ,239 ,1 ,35, 12
1898 ,1809, 1876, '1624 1424 1633 1821 ' ,'43 21 55 21 ' ,396 ,1 ,41, 12
1514 ,1899, 1491, '1412 1338 1437 1387 ' ,'21 18 25 19 ' ,105 ,2 ,30, 7
1487 ,1501, 1465, '1411 1305 1292 1249 ' ,'19 22 19 14 ' ,169 ,1 ,28, 9
1426 ,1476, 1404, '1226 1175 1252 1298 ' ,'19 24 15 18 ' ,170 ,50 ,42, 10
1390 ,1409, 1368, '1170 1195 1325 1271 ' ,'14 18 19 14 ' ,160 ,1 ,24, 6
1317 ,1385, 1296, '1145 1234 1227 1239 ' ,'13 18 26 18 ' ,95 ,1 ,41, 13
1374 ,1300, 1352, '1208 1289 1281 1229 ' ,'14 17 23 23 ' ,87 ,2 ,45, 7
1536 ,1356, 1515, '1461 1127 1163 1092 ' ,'95 13 11 26 ' ,376 ,1 ,38, 10
1488 ,1519, 1462, '1256 1249 1327 1410 ' ,'15 16 21 21 ' ,157 ,1 ,37, 7
1377 ,1495, 1354, '1190 1282 1277 1240 ' ,'11 60 38 62 ' ,101 ,1 ,53, 7
1692 ,1360, 1670, '1450 1434 1538 1616 ' ,'29 16 25 24 ' ,181 ,2 ,33, 14
1899 ,1690, 1877, '1635 1639 1519 1695 ' ,'64 12 41 23 ' ,172 ,2 ,169, 9
1906 ,1882, 1882, '1828 1432 1559 1631 ' ,'25 17 64 49 ' ,397 ,2 ,36, 13
1793 ,1893, 1778, '1586 1470 1719 1529 ' ,'15 25 49 32 ' ,255 ,2 ,39, 9
1603 ,1813, 1583, '1529 1252 1298 1306 ' ,'26 17 21 20 ' ,280 ,2 ,34, 12
1562 ,1597, 1547, '1292 1264 1488 1497 ' ,'16 18 28 25 ' ,232 ,1 ,34, 9
1710 ,1558, 1689, '1541 1602 1500 1556 ' ,'31 15 34 33 ' ,113 ,10 ,56, 7
1810 ,1709, 1789, '1617 1688 1574 1678 ' ,'29 15 34 33 ' ,113 ,1 ,85, 11
1926 ,1806, 1907, '1854 1435 1609 1745 ' ,'32 17 55 32 ' ,420 ,1 ,36, 9
1822 ,1935, 1803, '1634 1599 1520 1730 ' ,'47 19 37 72 ' ,211 ,1 ,58, 8
1676 ,1807, 1654, '1552 1476 1594 1496 ' ,'26 18 88 25 ' ,119 ,2 ,39, 10
1719 ,1680, 1698, '1486 1442 1638 1512 ' ,'28 25 26 32 ' ,201 ,2 ,39, 9
1535 ,1704, 1513, '1448 1353 1298 1264 ' ,'28 22 24 20 ' ,191 ,1 ,47, 9
1545 ,1517, 1523, '1356 1237 1220 1478 ' ,'21 19 19 26 ' ,252 ,1 ,34, 9
1495 ,1549, 1473, '1389 1375 1386 1384 ' ,'27 23 18 21 ' ,11 ,1 ,67, 8
1636 ,1479, 1615, '1450 1276 1426 1563 ' ,'96 26 38 36 ' ,283 ,2 ,39, 9
1561 ,1638, 1543, '1400 1476 1439 1379 ' ,'22 26 76 15 ' ,102 ,2 ,48, 11
1692 ,1557, 1676, '1474 1579 1530 1617 ' ,'56 15 22 26 ' ,142 ,1 ,45, 10
1840 ,1689, 1818, '1712 1623 1568 1528 ' ,'20 77 19 36 ' ,190 ,1 ,87, 14
1750 ,1851, 1726, '1499 1342 1524 1654 ' ,'29 55 83 33 ' ,313 ,2 ,56, 8
1639 ,1734, 1595, '1488 1511 1434 1516 ' ,'59 16 26 23 ' ,80 ,1 ,64, 13
1872 ,1604, 1851, '1684 1503 1507 1570 ' ,'40 75 45 94 ' ,185 ,1 ,148, 6
1541 ,1856, 1515, '1447 1445 1416 1470 ' ,'150 20 62 36 ' ,48 ,1 ,31, 9
