1503
857
1717
1257
592
704
841
1286
605
793
767
1398
553
701
705
1470
1275
821
884
692
1310
689
542
709
631
1173
1421
743
754
624
594
1135
1289
1759
697
588
620
670
656
1034
1241
1472
1205
1191
678
699
706
628
651
638
643
686
668
796
1198
1252
1311
1579
1140
1223
1357
1443
1158
1225
1497
1353
1132
1164
1330
1134
1213
1469
1171
1229
1353
2775
1082
1116
1145
1290
1185
1344
1750
1210
1993
1192
1001
1111
1240
1915
1934
1167
1020
1156
1403
2665
1222
1101
1253
1476
3107
981
1235
1903
1580
1093
1311
2431
1010
1136
2255
1118
1153
2008
1613
1138
2047
1315
1282
2033
1369
1451
2241
1313
1678
1279
2663
2096
1411
1427
2254
2622
2045
1434
2363
2095
2195
2430
1928
2289
1654
2160
2148
1455
2437
1894
2320
1345
3052
2193
2171
2212
1423
1560
1972
2214
2108
2076
2884
2574
2109
2341
2180
2180
