270 ,0, 159, '17 25 17 21 28 18 22 67 24 19 18 24 14 28 34 40 ' ,'0 0 0 0 0 0 0 0 0 0 0 0 0 0 0 0 ' ,89 ,3 ,6, 6
1145 ,245, 1106, '382 941 469 569 406 332 946 406 425 586 408 918 420 354 256 394 ' ,'0 0 0 0 0 0 0 0 0 0 0 0 0 0 0 0 ' ,806 ,139 ,4, 3
170 ,1137, 131, '78 64 118 91 27 93 38 50 91 67 62 33 80 102 96 49 ' ,'0 0 0 0 0 0 0 0 0 0 0 0 0 0 0 0 ' ,86 ,1 ,1, 1
216 ,160, 146, '74 83 105 97 62 91 45 54 46 38 101 43 42 44 57 126 ' ,'0 0 0 0 0 0 0 0 0 0 0 0 0 0 0 0 ' ,111 ,2 ,2, 1
256 ,210, 224, '101 73 119 100 111 47 34 86 130 73 108 33 107 125 75 51 ' ,'0 0 0 0 0 0 0 0 0 0 0 0 0 0 0 0 ' ,175 ,0 ,4, 4
196 ,246, 172, '125 88 108 165 69 102 46 42 45 43 46 58 64 31 93 85 ' ,'0 0 0 0 0 0 0 0 0 0 0 0 0 0 0 0 ' ,59 ,0 ,1, 1
202 ,188, 178, '87 94 117 165 52 50 46 74 104 59 47 39 97 89 97 117 ' ,'0 0 0 0 0 0 0 0 0 0 0 0 0 0 0 0 ' ,111 ,1 ,7, 6
189 ,187, 154, '102 88 149 78 66 43 45 72 92 42 111 40 45 87 68 90 ' ,'0 0 0 0 0 0 0 0 0 0 0 0 0 0 0 0 ' ,94 ,1 ,2, 1
160 ,182, 135, '122 80 97 93 97 104 41 71 86 81 38 22 95 47 80 65 ' ,'0 0 0 0 0 0 0 0 0 0 0 0 0 0 0 0 ' ,96 ,1 ,1, 1
204 ,149, 185, '72 79 78 140 46 90 40 44 89 74 67 24 55 50 57 38 ' ,'0 0 0 0 0 0 0 0 0 0 0 0 0 0 0 0 ' ,134 ,1 ,1, 1
420 ,200, 231, '121 68 100 182 69 34 41 66 86 134 33 43 40 104 163 116 ' ,'0 0 0 0 0 0 0 0 0 0 0 0 0 0 0 0 ' ,224 ,1 ,1, 1
225 ,406, 197, '102 78 108 85 92 39 42 45 72 80 38 42 61 69 104 68 ' ,'0 0 0 0 0 0 0 0 0 0 0 0 0 0 0 0 ' ,111 ,1 ,1, 1
235 ,220, 210, '103 76 103 167 53 80 40 69 78 49 73 41 40 74 55 101 ' ,'0 0 0 0 0 0 0 0 0 0 0 0 0 0 0 0 ' ,87 ,1 ,1, 1
256 ,222, 223, '96 96 150 170 103 73 53 95 172 151 112 50 71 131 142 75 ' ,'0 0 0 0 0 0 0 0 0 0 0 0 0 0 0 0 ' ,118 ,1 ,1, 1
287 ,250, 199, '145 89 124 196 39 59 56 107 91 63 87 45 45 105 157 148 ' ,'0 0 0 0 0 0 0 0 0 0 0 0 0 0 0 0 ' ,176 ,1 ,1, 1
497 ,280, 380, '193 93 109 263 146 43 74 133 260 118 118 88 97 240 73 151 ' ,'0 0 0 0 0 0 0 0 0 0 0 0 0 0 0 0 ' ,254 ,1 ,1, 1
318 ,503, 301, '270 127 179 261 149 108 86 142 143 136 210 75 186 128 137 157 ' ,'0 0 0 0 0 0 0 0 0 0 0 0 0 0 0 0 ' ,194 ,1 ,1, 0
187 ,324, 168, '158 81 91 97 60 86 48 28 34 65 101 52 41 78 31 77 ' ,'0 0 0 0 0 0 0 0 0 0 0 0 0 0 0 0 ' ,131 ,1 ,0, 0
205 ,178, 186, '120 85 119 82 57 49 27 69 48 72 68 44 112 78 58 53 ' ,'0 0 0 0 0 0 0 0 0 0 0 0 0 0 0 0 ' ,116 ,2 ,1, 0
146 ,197, 127, '77 94 105 84 59 93 44 65 64 73 87 28 42 69 70 73 ' ,'0 0 0 0 0 0 0 0 0 0 0 0 0 0 0 0 ' ,62 ,1 ,1, 1
200 ,141, 177, '110 100 163 109 56 150 23 47 44 39 164 32 43 49 44 121 ' ,'0 0 0 0 0 0 0 0 0 0 0 0 0 0 0 0 ' ,103 ,1 ,1, 0
196 ,192, 178, '87 90 112 122 78 93 30 71 72 69 86 38 85 61 64 50 ' ,'0 0 0 0 0 0 0 0 0 0 0 0 0 0 0 0 ' ,137 ,46 ,1, 0
213 ,191, 183, '165 95 78 123 47 117 46 46 38 77 99 44 57 81 58 104 ' ,'0 0 0 0 0 0 0 0 0 0 0 0 0 0 0 0 ' ,119 ,1 ,0, 0
280 ,201, 248, '165 89 236 116 87 41 30 60 41 56 43 40 62 79 68 93 ' ,'0 0 0 0 0 0 0 0 0 0 0 0 0 0 0 0 ' ,206 ,2 ,0, 0
220 ,262, 183, '106 82 142 80 53 86 34 70 91 80 36 35 71 34 86 86 ' ,'0 0 0 0 0 0 0 0 0 0 0 0 0 0 0 0 ' ,115 ,0 ,1, 1
157 ,191, 128, '78 92 129 106 84 107 37 104 45 42 69 38 43 81 79 42 ' ,'0 0 0 0 0 0 0 0 0 0 0 0 0 0 0 0 ' ,94 ,1 ,1, 0
222 ,148, 173, '85 82 84 120 77 85 38 75 48 84 36 42 64 68 78 59 ' ,'0 0 0 0 0 0 0 0 0 0 0 0 0 0 0 0 ' ,128 ,43 ,0, 0
164 ,202, 132, '122 76 97 117 43 88 32 37 106 57 74 38 38 77 104 75 ' ,'0 0 0 0 0 0 0 0 0 0 0 0 0 0 0 0 ' ,85 ,2 ,1, 0
168 ,148, 146, '136 77 115 99 79 76 38 84 61 47 54 34 71 36 57 40 ' ,'0 0 0 0 0 0 0 0 0 0 0 0 0 0 0 0 ' ,68 ,2 ,1, 0
176 ,159, 137, '79 75 132 128 48 76 44 76 35 62 39 44 58 42 61 103 ' ,'0 0 0 0 0 0 0 0 0 0 0 0 0 0 0 0 ' ,103 ,1 ,0, 0
161 ,170, 119, '126 82 106 96 58 68 40 52 48 69 70 23 32 25 62 27 ' ,'0 0 0 0 0 0 0 0 0 0 0 0 0 0 0 0 ' ,103 ,1 ,1, 0
271 ,152, 231, '113 64 229 80 67 78 44 65 56 68 62 40 60 49 63 95 ' ,'0 0 0 0 0 0 0 0 0 0 0 0 0 0 0 0 ' ,186 ,0 ,1, 0
260 ,263, 213, '209 89 183 163 142 85 47 41 90 125 211 36 43 53 127 158 ' ,'0 0 0 0 0 0 0 0 0 0 0 0 0 0 0 0 ' ,175 ,1 ,0, 0
166 ,252, 144, '100 89 132 120 66 92 50 76 27 38 94 44 72 72 45 62 ' ,'0 0 0 0 0 0 0 0 0 0 0 0 0 0 0 0 ' ,89 ,1 ,0, 0
199 ,160, 169, '91 92 162 110 95 46 46 82 86 51 119 45 83 47 112 94 ' ,'0 0 0 0 0 0 0 0 0 0 0 0 0 0 0 0 ' ,123 ,1 ,1, 0
172 ,189, 158, '113 96 85 79 45 80 46 68 47 51 103 45 72 45 46 112 ' ,'0 0 0 0 0 0 0 0 0 0 0 0 0 0 0 0 ' ,97 ,1 ,1, 1
170 ,172, 121, '129 94 107 117 80 55 45 54 40 44 90 35 46 42 47 81 ' ,'0 0 0 0 0 0 0 0 0 0 0 0 0 0 0 0 ' ,83 ,1 ,1, 1
152 ,162, 135, '128 88 127 120 90 102 46 52 43 99 90 46 44 43 87 119 ' ,'0 0 0 0 0 0 0 0 0 0 0 0 0 0 0 0 ' ,85 ,1 ,1, 1
312 ,145, 287, '136 82 123 102 110 41 34 57 35 48 47 45 69 66 71 78 ' ,'0 0 0 0 0 0 0 0 0 0 0 0 0 0 0 0 ' ,226 ,1 ,0, 0
157 ,301, 140, '118 92 84 80 57 62 49 47 80 74 82 38 89 55 77 46 ' ,'0 0 0 0 0 0 0 0 0 0 0 0 0 0 0 0 ' ,82 ,0 ,0, 0
223 ,151, 144, '115 84 134 124 114 78 40 81 68 97 43 47 74 56 109 89 ' ,'0 0 0 0 0 0 0 0 0 0 0 0 0 0 0 0 ' ,93 ,0 ,1, 1
158 ,216, 127, '99 81 95 109 39 45 45 59 57 55 32 39 55 78 78 39 ' ,'0 0 0 0 0 0 0 0 0 0 0 0 0 0 0 0 ' ,76 ,1 ,0, 0
169 ,150, 150, '133 77 104 133 88 130 52 47 85 49 117 45 42 63 112 104 ' ,'0 0 0 0 0 0 0 0 0 0 0 0 0 0 0 0 ' ,90 ,1 ,0, 0
194 ,161, 165, '84 76 118 75 47 86 39 74 29 83 81 42 76 61 88 64 ' ,'0 0 0 0 0 0 0 0 0 0 0 0 0 0 0 0 ' ,105 ,1 ,1, 0
200 ,186, 182, '80 79 112 134 74 76 41 73 54 47 44 44 46 42 91 58 ' ,'0 0 0 0 0 0 0 0 0 0 0 0 0 0 0 0 ' ,88 ,0 ,0, 0
170 ,194, 142, '99 82 119 87 109 55 41 44 98 84 29 47 66 44 101 27 ' ,'0 0 0 0 0 0 0 0 0 0 0 0 0 0 0 0 ' ,75 ,1 ,0, 0
141 ,164, 115, '119 80 73 95 91 41 41 79 38 92 47 41 45 39 75 40 ' ,'0 0 0 0 0 0 0 0 0 0 0 0 0 0 0 0 ' ,53 ,1 ,0, 0
181 ,132, 138, '132 74 64 71 95 82 42 41 77 67 96 26 57 77 41 95 ' ,'0 0 0 0 0 0 0 0 0 0 0 0 0 0 0 0 ' ,106 ,0 ,0, 0
171 ,178, 155, '131 78 75 147 104 39 46 89 43 59 73 34 55 40 38 45 ' ,'0 0 0 0 0 0 0 0 0 0 0 0 0 0 0 0 ' ,105 ,0 ,0, 0
180 ,163, 150, '79 67 123 156 66 67 48 64 40 90 75 20 60 42 107 84 ' ,'0 0 0 0 0 0 0 0 0 0 0 0 0 0 0 0 ' ,122 ,1 ,0, 0
186 ,170, 161, '86 72 137 108 103 98 48 39 74 46 48 32 107 44 38 91 ' ,'0 0 0 0 0 0 0 0 0 0 0 0 0 0 0 0 ' ,112 ,1 ,1, 0
178 ,179, 146, '111 88 110 125 52 97 48 76 77 62 44 45 49 76 61 36 ' ,'0 0 0 0 0 0 0 0 0 0 0 0 0 0 0 0 ' ,82 ,1 ,1, 1
195 ,171, 173, '163 87 84 117 66 79 50 44 52 58 129 45 43 64 80 116 ' ,'0 0 0 0 0 0 0 0 0 0 0 0 0 0 0 0 ' ,120 ,0 ,0, 0
192 ,188, 178, '142 94 93 159 95 80 47 99 104 63 74 48 79 136 37 45 ' ,'0 0 0 0 0 0 0 0 0 0 0 0 0 0 0 0 ' ,73 ,1 ,1, 0
412 ,183, 399, '122 92 148 370 126 45 47 82 44 124 50 43 102 370 50 117 ' ,'0 0 0 0 0 0 0 0 0 0 0 0 0 0 0 0 ' ,326 ,0 ,0, 0
188 ,405, 172, '90 80 121 109 87 103 41 55 90 40 47 40 55 42 87 48 ' ,'0 0 0 0 0 0 0 0 0 0 0 0 0 0 0 0 ' ,55 ,0 ,1, 1
180 ,182, 161, '150 86 121 98 46 74 46 98 88 65 100 43 102 51 61 65 ' ,'0 0 0 0 0 0 0 0 0 0 0 0 0 0 0 0 ' ,99 ,1 ,1, 1
201 ,166, 178, '165 94 89 85 54 99 49 61 99 99 134 49 39 44 58 146 ' ,'0 0 0 0 0 0 0 0 0 0 0 0 0 0 0 0 ' ,129 ,1 ,1, 1
187 ,195, 171, '106 89 126 127 40 47 46 77 64 74 75 45 154 46 78 93 ' ,'0 0 0 0 0 0 0 0 0 0 0 0 0 0 0 0 ' ,95 ,0 ,1, 1
287 ,178, 208, '122 90 154 122 177 91 36 67 73 159 83 44 78 51 68 93 ' ,'0 0 0 0 0 0 0 0 0 0 0 0 0 0 0 0 ' ,167 ,1 ,1, 1
164 ,274, 127, '123 90 116 115 107 116 50 104 57 93 40 49 91 58 73 42 ' ,'0 0 0 0 0 0 0 0 0 0 0 0 0 0 0 0 ' ,89 ,1 ,1, 1
195 ,156, 149, '101 78 113 62 70 39 42 138 37 50 46 38 131 41 67 69 ' ,'0 0 0 0 0 0 0 0 0 0 0 0 0 0 0 0 ' ,130 ,1 ,1, 0
159 ,189, 138, '131 80 79 90 72 87 39 53 74 55 101 34 61 58 45 106 ' ,'0 0 0 0 0 0 0 0 0 0 0 0 0 0 0 0 ' ,99 ,1 ,1, 0
131 ,152, 111, '109 78 109 94 56 87 41 83 64 76 38 36 59 46 82 101 ' ,'0 0 0 0 0 0 0 0 0 0 0 0 0 0 0 0 ' ,63 ,1 ,0, 0
165 ,123, 134, '109 84 74 79 93 39 42 52 65 47 51 36 52 51 72 101 ' ,'0 0 0 0 0 0 0 0 0 0 0 0 0 0 0 0 ' ,68 ,1 ,1, 0
148 ,189, 84, '123 76 86 103 82 38 43 42 85 58 52 30 58 81 42 47 ' ,'0 0 0 0 0 0 0 0 0 0 0 0 0 0 0 0 ' ,65 ,2 ,1, 1
162 ,140, 139, '119 81 117 140 119 56 42 105 42 72 50 33 104 69 33 62 ' ,'0 0 0 0 0 0 0 0 0 0 0 0 0 0 0 0 ' ,97 ,0 ,1, 1
164 ,154, 138, '88 80 106 134 67 102 43 39 90 37 104 40 38 100 69 97 ' ,'0 0 0 0 0 0 0 0 0 0 0 0 0 0 0 0 ' ,54 ,1 ,0, 0
288 ,157, 238, '81 77 80 80 49 107 41 68 74 70 43 29 102 41 72 85 ' ,'0 0 0 0 0 0 0 0 0 0 0 0 0 0 0 0 ' ,215 ,1 ,1, 1
170 ,273, 127, '94 75 117 120 44 89 46 70 44 26 76 32 69 31 67 47 ' ,'0 0 0 0 0 0 0 0 0 0 0 0 0 0 0 0 ' ,72 ,1 ,1, 1
203 ,153, 148, '109 97 170 86 52 104 55 70 85 80 100 32 96 81 88 45 ' ,'0 0 0 0 0 0 0 0 0 0 0 0 0 0 0 0 ' ,119 ,1 ,1, 1
208 ,195, 172, '121 101 137 131 47 44 56 55 93 77 115 33 98 86 73 54 ' ,'0 0 0 0 0 0 0 0 0 0 0 0 0 0 0 0 ' ,121 ,1 ,1, 1
203 ,190, 179, '107 101 168 117 47 66 53 46 43 52 62 49 71 45 81 89 ' ,'0 0 0 0 0 0 0 0 0 0 0 0 0 0 0 0 ' ,123 ,1 ,1, 1
312 ,197, 293, '93 97 109 78 81 50 43 81 85 42 60 30 100 51 100 54 ' ,'0 0 0 0 0 0 0 0 0 0 0 0 0 0 0 0 ' ,237 ,1 ,1, 1
150 ,306, 102, '112 90 122 108 102 61 41 75 90 58 38 29 41 85 44 42 ' ,'0 0 0 0 0 0 0 0 0 0 0 0 0 0 0 0 ' ,76 ,1 ,1, 0
184 ,155, 133, '84 143 118 101 51 74 72 81 81 73 84 65 42 66 94 53 ' ,'0 0 0 0 0 0 0 0 0 0 0 0 0 0 0 0 ' ,83 ,1 ,0, 0
162 ,173, 141, '93 80 115 136 66 87 35 84 41 79 86 30 70 119 74 38 ' ,'0 0 0 0 0 0 0 0 0 0 0 0 0 0 0 0 ' ,94 ,1 ,1, 0
161 ,152, 144, '121 84 121 112 48 118 40 41 82 84 94 33 41 40 42 90 ' ,'0 0 0 0 0 0 0 0 0 0 0 0 0 0 0 0 ' ,94 ,1 ,0, 0
168 ,155, 147, '102 89 111 129 98 78 42 55 100 39 48 24 71 41 57 67 ' ,'0 0 0 0 0 0 0 0 0 0 0 0 0 0 0 0 ' ,105 ,1 ,0, 0
169 ,161, 130, '139 82 79 128 90 65 46 87 48 76 55 33 98 51 44 89 ' ,'0 0 0 0 0 0 0 0 0 0 0 0 0 0 0 0 ' ,79 ,1 ,1, 1
173 ,163, 138, '148 146 80 109 54 73 75 72 75 38 96 78 75 67 68 99 ' ,'0 0 0 0 0 0 0 0 0 0 0 0 0 0 0 0 ' ,87 ,1 ,1, 1
157 ,166, 80, '115 87 95 101 76 76 31 47 55 79 46 41 71 50 38 44 ' ,'0 0 0 0 0 0 0 0 0 0 0 0 0 0 0 0 ' ,75 ,2 ,0, 0
176 ,145, 150, '146 79 78 91 77 120 41 41 93 53 127 43 40 86 42 96 ' ,'0 0 0 0 0 0 0 0 0 0 0 0 0 0 0 0 ' ,105 ,2 ,1, 1
194 ,168, 97, '74 89 77 85 81 73 44 30 69 46 43 47 48 42 85 45 ' ,'0 0 0 0 0 0 0 0 0 0 0 0 0 0 0 0 ' ,94 ,1 ,2, 2
191 ,179, 130, '109 55 117 140 48 47 40 67 90 80 75 35 31 116 62 89 ' ,'0 0 0 0 0 0 0 0 0 0 0 0 0 0 0 0 ' ,98 ,1 ,1, 0
160 ,177, 88, '96 132 123 105 81 117 85 72 51 73 106 76 61 107 88 67 ' ,'0 0 0 0 0 0 0 0 0 0 0 0 0 0 0 0 ' ,55 ,1 ,1, 1
186 ,152, 162, '133 91 115 74 84 48 41 75 79 89 85 44 68 103 83 75 ' ,'0 0 0 0 0 0 0 0 0 0 0 0 0 0 0 0 ' ,85 ,1 ,29, 0
188 ,177, 164, '160 100 93 94 45 123 48 39 91 66 100 43 75 58 73 104 ' ,'0 0 0 0 0 0 0 0 0 0 0 0 0 0 0 0 ' ,102 ,2 ,0, 0
274 ,193, 256, '127 77 238 90 104 80 47 92 96 66 47 34 73 132 95 50 ' ,'0 0 0 0 0 0 0 0 0 0 0 0 0 0 0 0 ' ,186 ,1 ,1, 0
305 ,267, 266, '121 86 98 277 77 47 48 84 276 88 82 45 53 46 57 89 ' ,'0 0 0 0 0 0 0 0 0 0 0 0 0 0 0 0 ' ,210 ,1 ,1, 0
171 ,297, 147, '91 100 97 96 76 36 53 45 72 26 42 47 102 43 77 86 ' ,'0 0 0 0 0 0 0 0 0 0 0 0 0 0 0 0 ' ,82 ,1 ,0, 0
152 ,166, 105, '108 77 70 107 75 44 47 75 67 86 27 42 68 43 42 71 ' ,'0 0 0 0 0 0 0 0 0 0 0 0 0 0 0 0 ' ,57 ,0 ,1, 0
189 ,135, 167, '159 71 76 117 82 93 42 51 55 47 94 37 43 51 50 113 ' ,'0 0 0 0 0 0 0 0 0 0 0 0 0 0 0 0 ' ,100 ,1 ,0, 0
171 ,181, 94, '99 63 93 95 59 59 36 79 70 76 39 40 40 65 43 66 ' ,'0 0 0 0 0 0 0 0 0 0 0 0 0 0 0 0 ' ,101 ,1 ,1, 1
168 ,162, 114, '115 72 98 129 69 41 40 46 48 79 70 39 65 83 52 56 ' ,'0 0 0 0 0 0 0 0 0 0 0 0 0 0 0 0 ' ,70 ,1 ,1, 1
161 ,161, 108, '91 127 98 76 80 42 77 80 54 70 64 67 56 68 40 26 ' ,'0 0 0 0 0 0 0 0 0 0 0 0 0 0 0 0 ' ,87 ,1 ,1, 0
163 ,152, 125, '84 73 107 120 86 62 43 40 70 67 52 46 64 41 59 84 ' ,'0 0 0 0 0 0 0 0 0 0 0 0 0 0 0 0 ' ,81 ,0 ,0, 0
185 ,147, 159, '157 81 106 82 79 96 43 38 34 55 105 45 51 41 40 88 ' ,'0 0 0 0 0 0 0 0 0 0 0 0 0 0 0 0 ' ,101 ,1 ,0, 0
242 ,178, 211, '106 66 127 74 96 79 44 80 82 58 74 47 55 61 78 49 ' ,'0 0 0 0 0 0 0 0 0 0 0 0 0 0 0 0 ' ,158 ,1 ,1, 1
168 ,230, 134, '101 73 99 90 60 41 41 67 74 63 83 40 90 75 84 44 ' ,'0 0 0 0 0 0 0 0 0 0 0 0 0 0 0 0 ' ,100 ,1 ,0, 0
181 ,163, 117, '144 95 104 114 72 44 45 45 126 46 58 34 46 68 67 67 ' ,'0 0 0 0 0 0 0 0 0 0 0 0 0 0 0 0 ' ,116 ,0 ,1, 0
181 ,172, 92, '72 83 124 148 85 44 52 62 115 48 80 48 42 41 83 92 ' ,'0 0 0 0 0 0 0 0 0 0 0 0 0 0 0 0 ' ,75 ,1 ,1, 0
203 ,165, 174, '171 88 114 71 90 127 41 74 63 77 123 53 66 118 85 120 ' ,'0 0 0 0 0 0 0 0 0 0 0 0 0 0 0 0 ' ,124 ,1 ,1, 1
147 ,196, 115, '107 95 115 92 75 49 41 65 84 57 95 50 60 75 111 78 ' ,'0 0 0 0 0 0 0 0 0 0 0 0 0 0 0 0 ' ,76 ,0 ,0, 0
182 ,140, 120, '86 78 97 118 79 45 45 77 41 72 54 48 105 66 39 105 ' ,'0 0 0 0 0 0 0 0 0 0 0 0 0 0 0 0 ' ,71 ,1 ,0, 0
219 ,170, 184, '104 108 132 90 67 46 47 47 52 56 94 48 106 55 65 82 ' ,'0 0 0 0 0 0 0 0 0 0 0 0 0 0 0 0 ' ,121 ,1 ,0, 0
186 ,211, 160, '94 89 79 100 49 96 46 57 71 39 48 46 75 70 55 52 ' ,'0 0 0 0 0 0 0 0 0 0 0 0 0 0 0 0 ' ,87 ,0 ,0, 0
167 ,175, 149, '142 86 116 141 133 104 49 72 96 43 119 44 46 46 79 129 ' ,'0 0 0 0 0 0 0 0 0 0 0 0 0 0 0 0 ' ,97 ,1 ,1, 1
152 ,159, 115, '103 75 106 97 86 46 47 88 92 71 88 39 73 45 76 81 ' ,'0 0 0 0 0 0 0 0 0 0 0 0 0 0 0 0 ' ,76 ,1 ,0, 0
244 ,138, 211, '108 199 98 87 72 92 54 71 97 42 42 208 80 68 82 79 ' ,'0 0 0 0 0 0 0 0 0 0 0 0 0 0 0 0 ' ,156 ,1 ,1, 0
193 ,234, 167, '122 163 81 98 70 81 118 69 58 69 81 118 68 44 62 65 ' ,'0 0 0 0 0 0 0 0 0 0 0 0 0 0 0 0 ' ,118 ,1 ,1, 1
187 ,182, 121, '153 63 83 73 107 50 41 37 115 83 38 38 39 90 83 47 ' ,'0 0 0 0 0 0 0 0 0 0 0 0 0 0 0 0 ' ,81 ,1 ,0, 0
203 ,181, 171, '165 74 95 98 45 115 42 63 32 52 116 42 45 68 95 108 ' ,'0 0 0 0 0 0 0 0 0 0 0 0 0 0 0 0 ' ,106 ,1 ,0, 0
156 ,190, 81, '122 93 124 82 45 100 43 67 68 52 56 56 41 56 73 46 ' ,'0 0 0 0 0 0 0 0 0 0 0 0 0 0 0 0 ' ,82 ,1 ,1, 1
158 ,149, 86, '108 73 78 99 72 40 41 69 69 60 40 45 49 47 41 64 ' ,'0 0 0 0 0 0 0 0 0 0 0 0 0 0 0 0 ' ,72 ,0 ,0, 0
160 ,179, 125, '85 73 121 88 66 32 77 67 59 76 72 73 37 42 59 96 ' ,'0 0 0 0 0 0 0 0 0 0 0 0 0 0 0 0 ' ,69 ,1 ,1, 1
174 ,146, 106, '128 75 99 82 76 64 34 90 80 68 51 40 75 96 74 42 ' ,'0 0 0 0 0 0 0 0 0 0 0 0 0 0 0 0 ' ,101 ,1 ,0, 0
172 ,167, 145, '141 80 79 113 84 82 46 39 78 57 101 46 40 74 68 114 ' ,'0 0 0 0 0 0 0 0 0 0 0 0 0 0 0 0 ' ,84 ,1 ,0, 0
156 ,163, 118, '123 68 109 72 80 77 34 79 64 78 75 42 25 87 72 90 ' ,'0 0 0 0 0 0 0 0 0 0 0 0 0 0 0 0 ' ,47 ,1 ,0, 0
185 ,145, 159, '122 77 127 141 92 89 40 76 138 62 42 36 70 40 73 25 ' ,'0 0 0 0 0 0 0 0 0 0 0 0 0 0 0 0 ' ,128 ,1 ,0, 0
157 ,174, 113, '119 91 109 129 81 47 68 87 44 60 79 58 89 79 42 33 ' ,'0 0 0 0 0 0 0 0 0 0 0 0 0 0 0 0 ' ,93 ,1 ,1, 0
191 ,145, 165, '137 79 107 150 100 61 35 64 87 79 45 45 56 34 109 84 ' ,'0 0 0 0 0 0 0 0 0 0 0 0 0 0 0 0 ' ,125 ,1 ,0, 0
208 ,182, 178, '170 85 84 126 43 131 38 81 112 38 129 50 43 107 69 103 ' ,'0 0 0 0 0 0 0 0 0 0 0 0 0 0 0 0 ' ,129 ,1 ,0, 0
165 ,197, 136, '106 88 126 122 65 48 34 73 75 101 82 45 71 84 75 40 ' ,'0 0 0 0 0 0 0 0 0 0 0 0 0 0 0 0 ' ,107 ,2 ,1, 0
184 ,157, 164, '154 83 121 131 57 45 37 98 46 23 75 35 73 87 80 76 ' ,'0 0 0 0 0 0 0 0 0 0 0 0 0 0 0 0 ' ,131 ,2 ,0, 0
168 ,176, 147, '92 110 138 94 39 91 57 67 45 54 87 40 93 44 90 116 ' ,'0 0 0 0 0 0 0 0 0 0 0 0 0 0 0 0 ' ,90 ,1 ,0, 0
187 ,158, 112, '107 73 133 107 43 90 39 64 48 49 79 38 73 39 70 86 ' ,'0 0 0 0 0 0 0 0 0 0 0 0 0 0 0 0 ' ,113 ,1 ,1, 0
214 ,177, 177, '167 71 81 141 46 103 41 54 58 35 129 39 60 101 46 148 ' ,'0 0 0 0 0 0 0 0 0 0 0 0 0 0 0 0 ' ,132 ,1 ,1, 1
173 ,210, 132, '117 72 149 71 51 44 31 44 40 72 69 39 77 81 86 55 ' ,'0 0 0 0 0 0 0 0 0 0 0 0 0 0 0 0 ' ,108 ,1 ,0, 0
170 ,164, 105, '99 77 125 127 45 48 40 64 54 55 32 31 63 81 83 55 ' ,'0 0 0 0 0 0 0 0 0 0 0 0 0 0 0 0 ' ,105 ,1 ,0, 0
147 ,161, 122, '81 82 89 119 91 75 54 44 57 79 50 53 62 45 89 73 ' ,'0 0 0 0 0 0 0 0 0 0 0 0 0 0 0 0 ' ,63 ,1 ,0, 0
191 ,137, 133, '98 88 94 119 47 74 32 57 53 65 38 38 48 37 37 41 ' ,'0 0 0 0 0 0 0 0 0 0 0 0 0 0 0 0 ' ,95 ,0 ,0, 0
178 ,183, 146, '142 83 115 127 59 107 43 47 98 41 114 37 41 76 62 90 ' ,'0 0 0 0 0 0 0 0 0 0 0 0 0 0 0 0 ' ,102 ,1 ,0, 0
156 ,166, 136, '119 83 82 82 41 54 41 50 44 49 46 41 80 24 52 43 ' ,'0 0 0 0 0 0 0 0 0 0 0 0 0 0 0 0 ' ,78 ,1 ,1, 0
182 ,150, 140, '75 88 110 69 44 53 50 40 64 37 42 47 73 81 81 97 ' ,'0 0 0 0 0 0 0 0 0 0 0 0 0 0 0 0 ' ,92 ,1 ,0, 0
173 ,177, 142, '132 86 104 94 44 43 63 46 64 67 83 47 40 45 77 120 ' ,'0 0 0 0 0 0 0 0 0 0 0 0 0 0 0 0 ' ,95 ,0 ,0, 0
165 ,164, 106, '102 86 118 108 44 105 33 100 86 48 83 37 64 81 69 72 ' ,'0 0 0 0 0 0 0 0 0 0 0 0 0 0 0 0 ' ,75 ,2 ,0, 0
200 ,157, 180, '174 92 102 151 67 96 50 40 102 46 114 37 47 100 52 128 ' ,'0 0 0 0 0 0 0 0 0 0 0 0 0 0 0 0 ' ,135 ,2 ,0, 0
176 ,194, 137, '148 97 146 141 51 87 52 67 73 65 102 42 53 52 84 33 ' ,'0 0 0 0 0 0 0 0 0 0 0 0 0 0 0 0 ' ,52 ,0 ,0, 0
181 ,168, 149, '122 89 129 121 70 118 40 88 104 76 51 40 73 47 93 60 ' ,'0 0 0 0 0 0 0 0 0 0 0 0 0 0 0 0 ' ,90 ,2 ,0, 0
177 ,175, 131, '124 112 126 124 104 46 73 72 72 67 61 60 60 58 95 44 ' ,'0 0 0 0 0 0 0 0 0 0 0 0 0 0 0 0 ' ,71 ,1 ,0, 0
201 ,168, 130, '115 96 174 95 54 67 42 83 85 34 55 38 52 124 76 127 ' ,'0 0 0 0 0 0 0 0 0 0 0 0 0 0 0 0 ' ,62 ,1 ,1, 1
173 ,195, 153, '148 88 93 126 63 95 45 54 90 38 123 33 44 87 58 106 ' ,'0 0 0 0 0 0 0 0 0 0 0 0 0 0 0 0 ' ,114 ,1 ,1, 0
192 ,166, 124, '77 83 157 72 43 51 44 90 54 52 60 29 42 64 77 83 ' ,'0 0 0 0 0 0 0 0 0 0 0 0 0 0 0 0 ' ,121 ,1 ,1, 1
174 ,182, 129, '132 86 95 134 48 56 39 47 63 50 66 42 59 56 54 43 ' ,'0 0 0 0 0 0 0 0 0 0 0 0 0 0 0 0 ' ,96 ,1 ,1, 1
169 ,165, 145, '131 139 87 110 70 95 77 53 57 39 61 79 87 41 81 41 ' ,'0 0 0 0 0 0 0 0 0 0 0 0 0 0 0 0 ' ,82 ,0 ,1, 0
161 ,162, 122, '106 85 93 90 75 74 43 55 69 25 82 42 55 87 53 62 ' ,'0 0 0 0 0 0 0 0 0 0 0 0 0 0 0 0 ' ,64 ,0 ,1, 0
164 ,153, 136, '132 85 71 118 41 96 40 40 83 46 85 45 39 91 58 86 ' ,'0 0 0 0 0 0 0 0 0 0 0 0 0 0 0 0 ' ,89 ,1 ,1, 0
163 ,158, 85, '98 66 72 86 94 70 31 58 45 83 42 44 59 95 112 48 ' ,'0 0 0 0 0 0 0 0 0 0 0 0 0 0 0 0 ' ,87 ,2 ,0, 0
173 ,154, 124, '136 84 82 137 79 54 42 65 44 79 85 45 87 83 48 76 ' ,'0 0 0 0 0 0 0 0 0 0 0 0 0 0 0 0 ' ,52 ,1 ,1, 0
198 ,165, 138, '113 148 87 110 41 62 86 100 60 73 99 104 78 89 84 42 ' ,'0 0 0 0 0 0 0 0 0 0 0 0 0 0 0 0 ' ,121 ,1 ,1, 1
231 ,190, 157, '172 84 159 178 53 87 45 83 78 87 148 35 96 199 61 46 ' ,'0 0 0 0 0 0 0 0 0 0 0 0 0 0 0 0 ' ,144 ,0 ,1, 0
209 ,224, 175, '177 122 125 140 61 110 47 47 73 27 140 40 47 134 59 96 ' ,'0 0 0 0 0 0 0 0 0 0 0 0 0 0 0 0 ' ,108 ,0 ,0, 0
231 ,203, 108, '83 86 85 64 47 94 42 61 84 67 55 37 52 32 41 114 ' ,'0 0 0 0 0 0 0 0 0 0 0 0 0 0 0 0 ' ,148 ,1 ,0, 0
267 ,332, 185, '118 92 114 161 56 93 31 60 202 63 68 36 72 43 89 73 ' ,'0 0 0 0 0 0 0 0 0 0 0 0 0 0 0 0 ' ,175 ,1 ,1, 1
188 ,258, 120, '103 103 119 84 113 93 52 87 92 35 60 53 75 70 43 42 ' ,'0 0 0 0 0 0 0 0 0 0 0 0 0 0 0 0 ' ,72 ,0 ,0, 0
183 ,151, 98, '92 85 98 104 75 52 40 65 83 68 53 31 52 40 65 55 ' ,'0 0 0 0 0 0 0 0 0 0 0 0 0 0 0 0 ' ,114 ,2 ,0, 0
155 ,177, 135, '130 69 94 125 50 113 41 44 82 42 92 35 40 92 44 106 ' ,'0 0 0 0 0 0 0 0 0 0 0 0 0 0 0 0 ' ,97 ,0 ,0, 0
194 ,148, 170, '72 56 100 65 115 77 44 137 89 95 81 37 94 57 76 49 ' ,'0 0 0 0 0 0 0 0 0 0 0 0 0 0 0 0 ' ,114 ,2 ,1, 0
232 ,185, 206, '130 81 87 116 99 36 48 73 85 50 86 47 38 116 67 82 ' ,'0 0 0 0 0 0 0 0 0 0 0 0 0 0 0 0 ' ,151 ,76 ,1, 1
156 ,228, 135, '102 79 70 81 67 46 34 41 76 71 87 49 66 41 79 85 ' ,'0 0 0 0 0 0 0 0 0 0 0 0 0 0 0 0 ' ,92 ,2 ,0, 0
139 ,147, 86, '107 75 90 74 75 43 45 74 64 95 75 38 30 40 44 58 ' ,'0 0 0 0 0 0 0 0 0 0 0 0 0 0 0 0 ' ,53 ,1 ,0, 0
208 ,132, 184, '180 87 101 118 45 97 44 43 75 54 105 45 46 102 43 110 ' ,'0 0 0 0 0 0 0 0 0 0 0 0 0 0 0 0 ' ,133 ,0 ,0, 0
316 ,201, 241, '137 88 125 114 42 69 50 75 58 58 67 48 69 50 76 48 ' ,'0 0 0 0 0 0 0 0 0 0 0 0 0 0 0 0 ' ,163 ,1 ,1, 0
201 ,310, 158, '164 79 121 89 84 47 44 55 41 75 55 47 89 159 81 70 ' ,'0 0 0 0 0 0 0 0 0 0 0 0 0 0 0 0 ' ,47 ,0 ,0, 0
186 ,194, 161, '125 95 95 97 119 78 46 43 75 110 33 57 66 61 96 72 ' ,'0 0 0 0 0 0 0 0 0 0 0 0 0 0 0 0 ' ,74 ,2 ,1, 1
142 ,178, 119, '89 92 106 118 68 96 48 91 76 42 47 50 92 71 68 118 ' ,'0 0 0 0 0 0 0 0 0 0 0 0 0 0 0 0 ' ,55 ,1 ,1, 0
206 ,137, 160, '156 88 108 120 36 139 51 46 94 45 123 43 45 96 77 102 ' ,'0 0 0 0 0 0 0 0 0 0 0 0 0 0 0 0 ' ,101 ,1 ,1, 1
168 ,196, 135, '126 73 127 101 74 62 47 81 89 64 43 34 94 51 88 65 ' ,'0 0 0 0 0 0 0 0 0 0 0 0 0 0 0 0 ' ,78 ,1 ,1, 0
227 ,150, 199, '124 73 92 138 88 101 47 39 89 47 97 45 82 40 85 52 ' ,'0 0 0 0 0 0 0 0 0 0 0 0 0 0 0 0 ' ,152 ,1 ,0, 0
421 ,219, 378, '151 110 81 81 117 87 80 47 83 40 30 39 94 58 55 92 ' ,'0 0 0 0 0 0 0 0 0 0 0 0 0 0 0 0 ' ,330 ,1 ,1, 0
196 ,415, 141, '83 79 106 157 68 83 38 77 39 47 28 29 76 26 66 45 ' ,'0 0 0 0 0 0 0 0 0 0 0 0 0 0 0 0 ' ,75 ,1 ,1, 0
192 ,173, 166, '144 73 106 112 72 56 44 101 51 65 93 45 85 63 63 38 ' ,'0 0 0 0 0 0 0 0 0 0 0 0 0 0 0 0 ' ,102 ,1 ,0, 0
181 ,183, 161, '67 81 96 73 49 92 42 59 81 77 55 34 95 42 67 125 ' ,'0 0 0 0 0 0 0 0 0 0 0 0 0 0 0 0 ' ,93 ,1 ,0, 0
181 ,173, 155, '106 72 113 140 48 87 44 90 68 66 40 45 40 56 62 44 ' ,'0 0 0 0 0 0 0 0 0 0 0 0 0 0 0 0 ' ,103 ,1 ,0, 0
171 ,174, 144, '134 89 137 134 78 52 32 45 41 67 75 45 81 53 46 41 ' ,'0 0 0 0 0 0 0 0 0 0 0 0 0 0 0 0 ' ,88 ,1 ,0, 0
154 ,162, 93, '94 85 86 121 85 108 49 62 59 89 46 48 69 49 80 46 ' ,'0 0 0 0 0 0 0 0 0 0 0 0 0 0 0 0 ' ,60 ,1 ,1, 1
171 ,144, 138, '122 67 108 113 79 46 46 95 74 44 75 37 83 67 103 81 ' ,'0 0 0 0 0 0 0 0 0 0 0 0 0 0 0 0 ' ,77 ,1 ,1, 0
178 ,164, 118, '81 75 125 94 87 44 52 62 84 73 80 50 51 51 70 73 ' ,'0 0 0 0 0 0 0 0 0 0 0 0 0 0 0 0 ' ,86 ,0 ,1, 1
161 ,188, 138, '129 81 117 89 89 70 40 66 72 84 50 48 98 48 48 95 ' ,'0 0 0 0 0 0 0 0 0 0 0 0 0 0 0 0 ' ,68 ,0 ,1, 1
162 ,156, 120, '132 97 132 98 90 122 40 55 91 82 45 48 84 32 74 112 ' ,'0 0 0 0 0 0 0 0 0 0 0 0 0 0 0 0 ' ,92 ,1 ,1, 0
207 ,244, 164, '95 97 143 114 43 111 42 67 31 64 42 46 55 51 46 92 ' ,'0 0 0 0 0 0 0 0 0 0 0 0 0 0 0 0 ' ,95 ,2 ,1, 0
190 ,183, 165, '156 88 109 102 64 105 47 79 47 45 111 36 77 74 62 138 ' ,'0 0 0 0 0 0 0 0 0 0 0 0 0 0 0 0 ' ,112 ,1 ,2, 0
196 ,179, 169, '122 84 97 63 48 44 46 45 39 36 42 43 42 40 55 75 ' ,'0 0 0 0 0 0 0 0 0 0 0 0 0 0 0 0 ' ,126 ,1 ,1, 1
189 ,189, 152, '115 71 154 89 72 112 45 39 103 41 40 30 80 88 40 49 ' ,'0 0 0 0 0 0 0 0 0 0 0 0 0 0 0 0 ' ,114 ,0 ,0, 0
160 ,177, 108, '94 90 117 79 84 90 44 67 34 40 57 25 46 51 54 49 ' ,'0 0 0 0 0 0 0 0 0 0 0 0 0 0 0 0 ' ,87 ,1 ,0, 0
196 ,206, 164, '81 78 107 101 63 106 43 126 71 58 39 37 106 34 58 56 ' ,'0 0 0 0 0 0 0 0 0 0 0 0 0 0 0 0 ' ,86 ,1 ,0, 0
182 ,189, 163, '139 85 74 151 77 103 41 44 60 69 93 36 42 64 38 74 ' ,'0 0 0 0 0 0 0 0 0 0 0 0 0 0 0 0 ' ,76 ,2 ,2, 0
245 ,172, 157, '130 81 203 96 69 64 45 151 38 62 72 31 49 41 28 45 ' ,'0 0 0 0 0 0 0 0 0 0 0 0 0 0 0 0 ' ,150 ,2 ,0, 0
158 ,237, 133, '93 78 129 123 33 77 45 64 36 36 95 43 62 78 46 53 ' ,'0 0 0 0 0 0 0 0 0 0 0 0 0 0 0 0 ' ,73 ,1 ,1, 1
162 ,149, 99, '78 77 129 107 42 52 30 60 26 58 97 34 58 27 75 85 ' ,'0 0 0 0 0 0 0 0 0 0 0 0 0 0 0 0 ' ,95 ,1 ,0, 0
150 ,166, 109, '86 93 106 128 46 67 43 59 52 62 85 45 47 39 60 46 ' ,'0 0 0 0 0 0 0 0 0 0 0 0 0 0 0 0 ' ,83 ,1 ,0, 0
251 ,149, 213, '103 81 95 91 70 88 41 86 74 55 117 28 85 72 74 127 ' ,'0 0 0 0 0 0 0 0 0 0 0 0 0 0 0 0 ' ,123 ,53 ,47, 1
167 ,241, 128, '120 67 122 90 68 85 39 67 62 63 93 32 107 48 53 52 ' ,'0 0 0 0 0 0 0 0 0 0 0 0 0 0 0 0 ' ,93 ,1 ,1, 1
207 ,158, 168, '106 81 79 90 59 46 50 77 46 61 69 31 99 52 67 101 ' ,'0 0 0 0 0 0 0 0 0 0 0 0 0 0 0 0 ' ,132 ,1 ,0, 0
228 ,199, 110, '101 98 137 123 70 49 70 85 54 53 99 45 38 88 39 98 ' ,'0 0 0 0 0 0 0 0 0 0 0 0 0 0 0 0 ' ,68 ,1 ,0, 0
170 ,203, 152, '96 88 140 145 87 57 49 71 58 40 40 48 100 78 96 79 ' ,'0 0 0 0 0 0 0 0 0 0 0 0 0 0 0 0 ' ,106 ,1 ,1, 1
212 ,160, 190, '172 85 88 135 74 109 45 57 49 77 123 38 45 89 45 124 ' ,'0 0 0 0 0 0 0 0 0 0 0 0 0 0 0 0 ' ,135 ,14 ,1, 0
175 ,249, 137, '146 82 91 70 80 84 41 46 96 77 30 38 89 54 81 92 ' ,'0 0 0 0 0 0 0 0 0 0 0 0 0 0 0 0 ' ,79 ,1 ,0, 0
146 ,165, 87, '80 73 94 69 47 41 30 66 73 77 41 27 39 77 78 73 ' ,'0 0 0 0 0 0 0 0 0 0 0 0 0 0 0 0 ' ,31 ,1 ,0, 0
154 ,140, 135, '125 78 101 75 62 96 46 64 59 71 72 38 70 39 69 46 ' ,'0 0 0 0 0 0 0 0 0 0 0 0 0 0 0 0 ' ,68 ,1 ,1, 1
133 ,159, 117, '112 83 86 70 60 44 48 74 35 41 43 42 76 46 91 79 ' ,'0 0 0 0 0 0 0 0 0 0 0 0 0 0 0 0 ' ,69 ,0 ,0, 0
143 ,129, 120, '112 75 72 110 69 106 43 45 68 88 85 43 44 51 63 114 ' ,'0 0 0 0 0 0 0 0 0 0 0 0 0 0 0 0 ' ,64 ,1 ,1, 1
201 ,134, 168, '99 84 102 101 67 37 49 46 35 68 63 38 69 78 30 68 ' ,'0 0 0 0 0 0 0 0 0 0 0 0 0 0 0 0 ' ,116 ,1 ,1, 0
172 ,194, 140, '124 85 73 100 57 39 39 75 66 69 71 34 92 49 83 44 ' ,'0 0 0 0 0 0 0 0 0 0 0 0 0 0 0 0 ' ,92 ,1 ,0, 0
191 ,157, 164, '111 81 119 155 48 43 51 72 160 51 79 32 40 47 58 67 ' ,'0 0 0 0 0 0 0 0 0 0 0 0 0 0 0 0 ' ,116 ,1 ,0, 0
203 ,195, 179, '103 68 168 81 53 104 49 69 62 78 48 47 98 40 68 61 ' ,'0 0 0 0 0 0 0 0 0 0 0 0 0 0 0 0 ' ,110 ,1 ,1, 1
158 ,197, 125, '120 91 79 89 49 97 42 56 63 66 97 45 43 50 43 105 ' ,'0 0 0 0 0 0 0 0 0 0 0 0 0 0 0 0 ' ,77 ,1 ,1, 0
202 ,150, 123, '125 86 143 133 59 84 50 60 48 44 105 36 74 48 56 52 ' ,'0 0 0 0 0 0 0 0 0 0 0 0 0 0 0 0 ' ,113 ,1 ,0, 0
189 ,197, 121, '137 96 119 102 78 49 52 46 85 85 51 46 73 55 117 56 ' ,'0 0 0 0 0 0 0 0 0 0 0 0 0 0 0 0 ' ,103 ,1 ,1, 0
179 ,176, 124, '149 87 126 102 47 114 48 77 96 71 137 32 49 47 59 125 ' ,'0 0 0 0 0 0 0 0 0 0 0 0 0 0 0 0 ' ,105 ,1 ,0, 0
196 ,171, 139, '140 82 103 125 78 52 45 49 39 75 49 37 59 46 44 91 ' ,'0 0 0 0 0 0 0 0 0 0 0 0 0 0 0 0 ' ,99 ,1 ,1, 0
191 ,179, 159, '125 72 111 147 81 83 46 35 65 87 80 31 46 106 99 107 ' ,'0 0 0 0 0 0 0 0 0 0 0 0 0 0 0 0 ' ,75 ,1 ,1, 1
220 ,182, 183, '133 94 140 175 46 77 48 86 40 39 86 45 81 69 79 45 ' ,'0 0 0 0 0 0 0 0 0 0 0 0 0 0 0 0 ' ,107 ,1 ,0, 0
183 ,211, 122, '81 140 134 87 44 115 46 40 37 40 53 27 57 34 38 121 ' ,'0 0 0 0 0 0 0 0 0 0 0 0 0 0 0 0 ' ,129 ,1 ,0, 0
161 ,183, 126, '97 83 134 81 79 49 38 57 38 58 106 35 74 27 54 112 ' ,'0 0 0 0 0 0 0 0 0 0 0 0 0 0 0 0 ' ,73 ,1 ,1, 1
135 ,167, 110, '107 80 103 80 40 40 43 64 79 73 48 30 86 90 66 41 ' ,'0 0 0 0 0 0 0 0 0 0 0 0 0 0 0 0 ' ,57 ,0 ,0, 0
147 ,124, 117, '112 82 76 93 79 98 29 52 63 40 89 35 73 57 38 100 ' ,'0 0 0 0 0 0 0 0 0 0 0 0 0 0 0 0 ' ,59 ,1 ,0, 0
241 ,138, 219, '112 86 196 86 93 45 46 39 43 72 55 46 77 26 80 90 ' ,'0 0 0 0 0 0 0 0 0 0 0 0 0 0 0 0 ' ,186 ,1 ,1, 0
221 ,247, 137, '106 83 93 96 44 43 49 46 93 65 109 48 72 113 78 47 ' ,'0 0 0 0 0 0 0 0 0 0 0 0 0 0 0 0 ' ,56 ,1 ,1, 1
187 ,217, 146, '142 93 81 129 85 85 40 57 47 52 50 54 81 46 62 37 ' ,'0 0 0 0 0 0 0 0 0 0 0 0 0 0 0 0 ' ,71 ,1 ,0, 0
166 ,169, 105, '119 95 100 102 66 48 43 72 60 38 81 51 53 46 55 49 ' ,'0 0 0 0 0 0 0 0 0 0 0 0 0 0 0 0 ' ,73 ,1 ,0, 0
211 ,148, 190, '183 80 89 105 42 131 47 47 77 47 120 48 48 90 96 116 ' ,'0 0 0 0 0 0 0 0 0 0 0 0 0 0 0 0 ' ,133 ,1 ,1, 0
274 ,203, 217, '141 94 135 95 64 81 37 66 59 61 119 33 201 53 60 70 ' ,'0 0 0 0 0 0 0 0 0 0 0 0 0 0 0 0 ' ,197 ,1 ,0, 0
210 ,267, 168, '81 89 135 132 100 101 43 87 47 68 48 51 69 73 93 52 ' ,'0 0 0 0 0 0 0 0 0 0 0 0 0 0 0 0 ' ,107 ,1 ,0, 0
167 ,200, 133, '83 94 136 116 95 26 39 51 63 43 102 50 84 79 73 48 ' ,'0 0 0 0 0 0 0 0 0 0 0 0 0 0 0 0 ' ,80 ,1 ,0, 0
184 ,155, 110, '126 97 95 116 86 50 44 45 70 53 76 44 60 49 78 35 ' ,'0 0 0 0 0 0 0 0 0 0 0 0 0 0 0 0 ' ,108 ,1 ,0, 0
176 ,177, 140, '133 93 123 92 72 128 48 71 77 62 114 36 46 66 64 103 ' ,'0 0 0 0 0 0 0 0 0 0 0 0 0 0 0 0 ' ,90 ,1 ,0, 0
185 ,163, 155, '97 92 120 63 84 89 44 84 46 61 71 46 42 102 96 40 ' ,'0 0 0 0 0 0 0 0 0 0 0 0 0 0 0 0 ' ,63 ,0 ,1, 0
138 ,174, 103, '81 89 82 94 50 105 41 67 40 78 102 42 86 85 77 40 ' ,'0 0 0 0 0 0 0 0 0 0 0 0 0 0 0 0 ' ,52 ,1 ,1, 0
175 ,131, 95, '102 83 121 89 42 42 43 45 43 103 50 27 35 75 50 73 ' ,'0 0 0 0 0 0 0 0 0 0 0 0 0 0 0 0 ' ,121 ,1 ,1, 1
164 ,170, 129, '65 71 128 115 94 81 45 51 47 64 71 43 58 38 38 44 ' ,'0 0 0 0 0 0 0 0 0 0 0 0 0 0 0 0 ' ,66 ,0 ,1, 0
183 ,154, 155, '144 71 83 59 89 121 22 39 39 51 99 42 39 41 57 99 ' ,'0 0 0 0 0 0 0 0 0 0 0 0 0 0 0 0 ' ,126 ,1 ,1, 0
232 ,179, 205, '104 85 117 62 69 74 43 71 48 55 46 47 75 39 59 60 ' ,'0 0 0 0 0 0 0 0 0 0 0 0 0 0 0 0 ' ,139 ,1 ,0, 0
164 ,220, 122, '107 69 115 112 50 73 39 53 38 57 31 49 47 35 69 86 ' ,'0 0 0 0 0 0 0 0 0 0 0 0 0 0 0 0 ' ,77 ,1 ,1, 1
177 ,157, 104, '112 96 131 97 69 43 45 55 55 82 51 38 39 71 66 46 ' ,'0 0 0 0 0 0 0 0 0 0 0 0 0 0 0 0 ' ,87 ,1 ,0, 0
170 ,162, 119, '111 95 141 90 56 94 48 68 67 56 113 49 78 40 71 42 ' ,'0 0 0 0 0 0 0 0 0 0 0 0 0 0 0 0 ' ,100 ,1 ,1, 1
179 ,162, 150, '142 60 106 104 52 90 45 52 44 97 103 50 45 63 66 122 ' ,'0 0 0 0 0 0 0 0 0 0 0 0 0 0 0 0 ' ,99 ,0 ,0, 0
193 ,173, 173, '166 82 162 106 83 45 35 81 41 44 104 55 50 44 62 64 ' ,'0 0 0 0 0 0 0 0 0 0 0 0 0 0 0 0 ' ,117 ,1 ,1, 0
180 ,185, 116, '134 86 97 104 53 48 40 70 62 47 74 42 50 66 67 93 ' ,'0 0 0 0 0 0 0 0 0 0 0 0 0 0 0 0 ' ,100 ,1 ,1, 1
160 ,174, 123, '74 92 102 105 58 86 42 44 44 74 40 44 65 49 63 64 ' ,'0 0 0 0 0 0 0 0 0 0 0 0 0 0 0 0 ' ,68 ,1 ,1, 0
176 ,160, 137, '91 82 100 77 54 44 42 64 54 51 50 43 64 43 82 87 ' ,'0 0 0 0 0 0 0 0 0 0 0 0 0 0 0 0 ' ,97 ,1 ,0, 0
203 ,161, 183, '175 69 73 88 69 117 44 61 48 92 135 40 41 75 79 140 ' ,'0 0 0 0 0 0 0 0 0 0 0 0 0 0 0 0 ' ,133 ,1 ,1, 0
170 ,193, 148, '103 73 109 116 57 45 33 90 60 49 63 44 54 73 38 38 ' ,'0 0 0 0 0 0 0 0 0 0 0 0 0 0 0 0 ' ,80 ,1 ,0, 0
165 ,164, 70, '107 84 92 90 39 70 42 38 31 33 46 39 36 67 35 47 ' ,'0 0 0 0 0 0 0 0 0 0 0 0 0 0 0 0 ' ,81 ,1 ,1, 0
167 ,157, 121, '124 79 110 79 27 90 47 49 62 73 49 45 50 70 41 46 ' ,'0 0 0 0 0 0 0 0 0 0 0 0 0 0 0 0 ' ,75 ,1 ,0, 0
149 ,158, 81, '100 75 118 81 40 80 41 59 30 61 75 43 56 53 65 45 ' ,'0 0 0 0 0 0 0 0 0 0 0 0 0 0 0 0 ' ,74 ,1 ,1, 1
175 ,139, 149, '145 81 72 125 46 101 45 73 73 67 107 44 31 36 51 91 ' ,'0 0 0 0 0 0 0 0 0 0 0 0 0 0 0 0 ' ,103 ,1 ,1, 1
183 ,166, 156, '97 70 84 102 44 107 39 54 84 90 105 36 61 61 81 45 ' ,'0 0 0 0 0 0 0 0 0 0 0 0 0 0 0 0 ' ,87 ,1 ,0, 0
161 ,178, 128, '118 88 108 118 46 84 31 65 68 87 65 38 36 91 85 102 ' ,'0 0 0 0 0 0 0 0 0 0 0 0 0 0 0 0 ' ,74 ,1 ,0, 0
165 ,155, 129, '128 76 108 101 44 44 46 35 39 61 36 25 58 29 70 75 ' ,'0 0 0 0 0 0 0 0 0 0 0 0 0 0 0 0 ' ,88 ,1 ,1, 0
147 ,154, 107, '99 68 106 87 60 79 43 38 84 91 63 31 44 36 46 61 ' ,'0 0 0 0 0 0 0 0 0 0 0 0 0 0 0 0 ' ,69 ,1 ,0, 0
178 ,134, 130, '145 73 81 83 83 92 39 38 46 83 107 40 37 39 69 100 ' ,'0 0 0 0 0 0 0 0 0 0 0 0 0 0 0 0 ' ,109 ,1 ,0, 0
254 ,169, 237, '91 65 226 97 41 73 46 210 34 56 30 34 29 59 59 48 ' ,'0 0 0 0 0 0 0 0 0 0 0 0 0 0 0 0 ' ,200 ,1 ,0, 0
132 ,245, 69, '88 77 89 84 35 95 45 64 47 61 71 42 81 26 51 69 ' ,'0 0 0 0 0 0 0 0 0 0 0 0 0 0 0 0 ' ,69 ,0 ,0, 0
161 ,124, 131, '101 70 109 122 50 105 41 94 66 47 36 33 43 41 74 87 ' ,'0 0 0 0 0 0 0 0 0 0 0 0 0 0 0 0 ' ,63 ,1 ,1, 1
153 ,156, 135, '108 72 114 130 83 92 51 60 76 73 50 45 40 80 61 76 ' ,'0 0 0 0 0 0 0 0 0 0 0 0 0 0 0 0 ' ,79 ,1 ,0, 0
177 ,148, 147, '145 69 92 97 45 90 48 112 94 39 118 46 45 48 83 96 ' ,'0 0 0 0 0 0 0 0 0 0 0 0 0 0 0 0 ' ,97 ,0 ,0, 0
177 ,168, 119, '141 74 139 122 55 92 45 59 29 76 102 34 77 51 43 41 ' ,'0 0 0 0 0 0 0 0 0 0 0 0 0 0 0 0 ' ,102 ,0 ,1, 1
162 ,165, 142, '112 68 115 116 89 80 48 92 49 79 42 28 56 86 89 62 ' ,'0 0 0 0 0 0 0 0 0 0 0 0 0 0 0 0 ' ,109 ,1 ,1, 0
164 ,155, 93, '116 70 106 129 58 49 38 34 91 80 39 44 51 77 55 43 ' ,'0 0 0 0 0 0 0 0 0 0 0 0 0 0 0 0 ' ,90 ,1 ,1, 0
165 ,154, 110, '123 110 82 126 85 49 71 43 91 58 74 62 77 42 103 88 ' ,'0 0 0 0 0 0 0 0 0 0 0 0 0 0 0 0 ' ,80 ,1 ,0, 0
165 ,156, 124, '116 74 133 78 81 96 37 30 79 101 100 51 35 59 85 85 ' ,'0 0 0 0 0 0 0 0 0 0 0 0 0 0 0 0 ' ,95 ,1 ,1, 1
243 ,156, 176, '75 92 136 95 30 84 46 59 35 54 65 41 28 62 41 47 ' ,'0 0 0 0 0 0 0 0 0 0 0 0 0 0 0 0 ' ,145 ,1 ,1, 0
133 ,236, 89, '99 77 101 80 48 74 45 37 70 55 67 37 41 38 57 27 ' ,'0 0 0 0 0 0 0 0 0 0 0 0 0 0 0 0 ' ,63 ,1 ,1, 1
160 ,126, 133, '113 76 108 87 53 57 31 71 41 85 64 33 39 39 69 32 ' ,'0 0 0 0 0 0 0 0 0 0 0 0 0 0 0 0 ' ,92 ,1 ,0, 0
135 ,147, 54, '104 113 99 77 74 90 68 85 46 62 83 52 58 65 46 35 ' ,'0 0 0 0 0 0 0 0 0 0 0 0 0 0 0 0 ' ,35 ,1 ,1, 0
185 ,166, 141, '149 83 91 97 43 116 43 41 90 89 89 48 34 73 57 98 ' ,'0 0 0 0 0 0 0 0 0 0 0 0 0 0 0 0 ' ,113 ,1 ,0, 0
205 ,172, 171, '160 76 117 127 45 49 47 46 56 85 79 42 82 62 73 98 ' ,'0 0 0 0 0 0 0 0 0 0 0 0 0 0 0 0 ' ,104 ,1 ,1, 0
206 ,197, 156, '81 91 148 132 60 52 42 44 58 82 120 28 59 56 66 147 ' ,'0 0 0 0 0 0 0 0 0 0 0 0 0 0 0 0 ' ,135 ,1 ,1, 1
245 ,198, 223, '109 98 118 125 78 83 34 52 45 35 37 43 81 64 60 215 ' ,'0 0 0 0 0 0 0 0 0 0 0 0 0 0 0 0 ' ,173 ,1 ,1, 1
238 ,238, 185, '82 109 73 177 71 48 62 47 32 83 51 45 41 48 44 94 ' ,'0 0 0 0 0 0 0 0 0 0 0 0 0 0 0 0 ' ,155 ,0 ,0, 0
200 ,229, 178, '168 86 124 85 92 120 31 62 84 83 90 37 32 49 93 94 ' ,'0 0 0 0 0 0 0 0 0 0 0 0 0 0 0 0 ' ,119 ,1 ,1, 1
193 ,191, 146, '107 82 110 120 32 42 50 55 58 55 71 41 43 69 61 45 ' ,'0 0 0 0 0 0 0 0 0 0 0 0 0 0 0 0 ' ,111 ,1 ,0, 0
180 ,184, 126, '86 78 112 144 85 64 47 89 38 36 104 40 91 56 61 106 ' ,'0 0 0 0 0 0 0 0 0 0 0 0 0 0 0 0 ' ,98 ,1 ,0, 0
163 ,172, 143, '122 98 98 70 81 40 49 77 63 63 37 36 70 40 38 70 ' ,'0 0 0 0 0 0 0 0 0 0 0 0 0 0 0 0 ' ,60 ,1 ,1, 1
154 ,153, 119, '118 111 113 81 79 46 77 51 97 84 65 66 69 82 90 45 ' ,'0 0 0 0 0 0 0 0 0 0 0 0 0 0 0 0 ' ,46 ,1 ,0, 0
171 ,140, 132, '130 76 88 117 38 76 34 89 23 69 107 42 31 44 40 95 ' ,'0 0 0 0 0 0 0 0 0 0 0 0 0 0 0 0 ' ,97 ,1 ,0, 0
141 ,160, 123, '93 81 98 103 42 41 43 74 76 58 78 39 54 45 59 45 ' ,'0 0 0 0 0 0 0 0 0 0 0 0 0 0 0 0 ' ,79 ,1 ,1, 0
148 ,134, 114, '82 83 80 98 68 64 34 76 57 67 84 34 75 39 39 90 ' ,'0 0 0 0 0 0 0 0 0 0 0 0 0 0 0 0 ' ,81 ,1 ,0, 0
177 ,137, 159, '85 83 98 130 44 42 51 57 74 72 91 51 68 79 106 61 ' ,'0 0 0 0 0 0 0 0 0 0 0 0 0 0 0 0 ' ,92 ,1 ,1, 1
178 ,169, 145, '73 87 93 121 92 68 55 87 46 100 73 53 88 72 91 86 ' ,'0 0 0 0 0 0 0 0 0 0 0 0 0 0 0 0 ' ,83 ,1 ,0, 0
282 ,169, 238, '126 91 92 237 47 80 37 46 77 124 102 34 42 94 93 103 ' ,'0 0 0 0 0 0 0 0 0 0 0 0 0 0 0 0 ' ,220 ,1 ,1, 0
252 ,273, 184, '107 80 113 206 101 81 47 126 111 129 86 42 50 41 86 41 ' ,'0 0 0 0 0 0 0 0 0 0 0 0 0 0 0 0 ' ,147 ,0 ,1, 0
283 ,230, 228, '141 202 119 175 86 45 167 87 59 120 94 172 91 87 158 89 ' ,'0 0 0 0 0 0 0 0 0 0 0 0 0 0 0 0 ' ,142 ,1 ,0, 0
262 ,242, 101, '134 90 170 155 94 44 49 70 45 93 74 48 57 68 53 123 ' ,'0 0 0 0 0 0 0 0 0 0 0 0 0 0 0 0 ' ,163 ,1 ,1, 0
261 ,317, 184, '128 170 133 166 59 52 136 76 95 58 129 132 62 144 91 36 ' ,'0 0 0 0 0 0 0 0 0 0 0 0 0 0 0 0 ' ,119 ,1 ,1, 1
470 ,215, 325, '158 98 89 203 72 104 50 47 52 94 126 47 61 95 59 125 ' ,'0 0 0 0 0 0 0 0 0 0 0 0 0 0 0 0 ' ,376 ,12 ,0, 0
293 ,444, 256, '119 90 134 240 125 76 32 81 124 81 66 46 91 166 104 46 ' ,'0 0 0 0 0 0 0 0 0 0 0 0 0 0 0 0 ' ,128 ,1 ,0, 0
223 ,282, 149, '102 94 152 121 109 92 45 72 72 34 47 41 85 80 49 52 ' ,'0 0 0 0 0 0 0 0 0 0 0 0 0 0 0 0 ' ,86 ,1 ,0, 0
165 ,216, 126, '140 89 110 123 67 115 48 68 91 100 54 32 88 54 90 106 ' ,'0 0 0 0 0 0 0 0 0 0 0 0 0 0 0 0 ' ,87 ,1 ,0, 0
208 ,160, 181, '131 172 98 125 69 47 131 98 87 62 85 148 91 55 81 51 ' ,'0 0 0 0 0 0 0 0 0 0 0 0 0 0 0 0 ' ,95 ,1 ,0, 0
187 ,199, 148, '118 74 130 120 131 108 32 85 63 93 120 43 42 41 76 121 ' ,'0 0 0 0 0 0 0 0 0 0 0 0 0 0 0 0 ' ,95 ,0 ,0, 0
195 ,178, 153, '136 87 143 120 48 56 47 64 69 51 81 40 96 53 51 97 ' ,'0 0 0 0 0 0 0 0 0 0 0 0 0 0 0 0 ' ,97 ,1 ,1, 0
159 ,197, 123, '123 72 81 101 78 47 21 76 84 84 58 39 67 55 76 48 ' ,'0 0 0 0 0 0 0 0 0 0 0 0 0 0 0 0 ' ,100 ,1 ,0, 0
145 ,315, 120, '110 77 73 81 65 44 38 47 42 94 38 28 61 27 34 61 ' ,'0 0 0 0 0 0 0 0 0 0 0 0 0 0 0 0 ' ,71 ,1 ,1, 1
215 ,136, 121, '106 128 137 105 40 37 82 78 72 83 112 60 58 51 61 95 ' ,'0 0 0 0 0 0 0 0 0 0 0 0 0 0 0 0 ' ,100 ,2 ,1, 0
179 ,190, 148, '139 88 86 86 96 109 41 56 31 84 82 35 37 43 92 57 ' ,'0 0 0 0 0 0 0 0 0 0 0 0 0 0 0 0 ' ,99 ,1 ,0, 0
254 ,373, 229, '96 74 109 138 22 33 27 112 61 35 57 36 82 75 44 45 ' ,'0 0 0 0 0 0 0 0 0 0 0 0 0 0 0 0 ' ,201 ,2 ,1, 1
