218 ,0, 129, '33 35 28 27 14 72 27 49 ' ,'0 0 0 0 0 0 0 0 ' ,60 ,2 ,7, 6
943 ,201, 900, '312 189 339 167 895 333 161 270 ' ,'0 0 0 0 0 0 0 0 ' ,734 ,2 ,5, 4
150 ,932, 136, '93 122 116 111 81 75 80 74 ' ,'0 0 0 0 0 0 0 0 ' ,47 ,0 ,3, 3
204 ,151, 186, '162 123 125 120 84 85 76 85 ' ,'0 0 0 0 0 0 0 0 ' ,97 ,1 ,3, 3
185 ,392, 163, '131 127 151 140 89 103 85 68 ' ,'0 0 0 0 0 0 0 0 ' ,73 ,1 ,3, 2
186 ,178, 167, '152 115 130 115 79 72 87 83 ' ,'0 0 0 0 0 0 0 0 ' ,69 ,2 ,1, 1
174 ,173, 152, '127 142 116 125 91 86 96 92 ' ,'0 0 0 0 0 0 0 0 ' ,58 ,2 ,1, 1
157 ,167, 142, '129 132 119 121 80 84 85 86 ' ,'0 0 0 0 0 0 0 0 ' ,54 ,1 ,0, 0
179 ,149, 157, '116 144 139 128 85 85 98 70 ' ,'0 0 0 0 0 0 0 0 ' ,67 ,2 ,1, 1
154 ,167, 138, '115 130 125 113 81 77 85 77 ' ,'0 0 0 0 0 0 0 0 ' ,57 ,1 ,0, 0
155 ,146, 135, '108 108 111 110 75 77 77 67 ' ,'0 0 0 0 0 0 0 0 ' ,52 ,2 ,1, 0
178 ,145, 160, '102 106 103 100 67 76 83 74 ' ,'0 0 0 0 0 0 0 0 ' ,83 ,2 ,1, 0
137 ,166, 119, '100 108 99 106 76 69 73 66 ' ,'0 0 0 0 0 0 0 0 ' ,46 ,1 ,1, 1
194 ,129, 178, '104 168 123 110 75 80 128 72 ' ,'0 0 0 0 0 0 0 0 ' ,95 ,2 ,1, 1
163 ,187, 148, '126 126 132 135 78 99 79 119 ' ,'0 0 0 0 0 0 0 0 ' ,64 ,1 ,1, 1
232 ,156, 209, '183 156 184 125 81 90 101 131 ' ,'0 0 0 0 0 0 0 0 ' ,121 ,1 ,1, 1
232 ,223, 216, '171 136 190 142 101 199 94 190 ' ,'0 0 0 0 0 0 0 0 ' ,117 ,1 ,0, 0
202 ,225, 177, '112 137 165 119 86 119 90 69 ' ,'0 0 0 0 0 0 0 0 ' ,96 ,1 ,1, 1
217 ,191, 186, '106 140 132 111 77 148 86 133 ' ,'0 0 0 0 0 0 0 0 ' ,102 ,1 ,2, 1
247 ,215, 224, '106 121 159 189 91 144 90 112 ' ,'0 0 0 0 0 0 0 0 ' ,119 ,2 ,0, 0
287 ,237, 270, '206 126 256 121 88 79 86 120 ' ,'0 0 0 0 0 0 0 0 ' ,171 ,1 ,1, 1
171 ,280, 148, '133 125 137 125 73 132 89 76 ' ,'0 0 0 0 0 0 0 0 ' ,71 ,2 ,1, 1
181 ,170, 160, '151 143 130 134 84 111 79 70 ' ,'0 0 0 0 0 0 0 0 ' ,80 ,1 ,1, 1
214 ,173, 198, '185 130 122 132 80 111 94 90 ' ,'0 0 0 0 0 0 0 0 ' ,113 ,1 ,1, 1
182 ,204, 166, '120 122 157 149 76 116 84 113 ' ,'0 0 0 0 0 0 0 0 ' ,85 ,2 ,1, 0
190 ,174, 172, '158 138 113 121 73 116 76 82 ' ,'0 0 0 0 0 0 0 0 ' ,88 ,2 ,1, 1
174 ,177, 157, '143 111 112 109 73 108 73 95 ' ,'0 0 0 0 0 0 0 0 ' ,76 ,2 ,2, 1
197 ,194, 180, '146 120 138 99 68 95 75 114 ' ,'0 0 0 0 0 0 0 0 ' ,95 ,2 ,1, 0
189 ,202, 166, '125 130 155 114 70 108 97 67 ' ,'0 0 0 0 0 0 0 0 ' ,90 ,2 ,0, 0
214 ,180, 194, '182 121 110 107 77 106 77 101 ' ,'0 0 0 0 0 0 0 0 ' ,108 ,2 ,0, 0
211 ,203, 185, '178 113 136 95 74 85 74 61 ' ,'0 0 0 0 0 0 0 0 ' ,104 ,1 ,1, 0
167 ,201, 136, '123 115 126 126 68 108 67 86 ' ,'0 0 0 0 0 0 0 0 ' ,64 ,1 ,1, 1
164 ,162, 146, '129 114 136 110 82 81 73 90 ' ,'0 0 0 0 0 0 0 0 ' ,66 ,0 ,1, 0
189 ,154, 171, '158 142 134 112 81 101 103 73 ' ,'0 0 0 0 0 0 0 0 ' ,79 ,1 ,0, 0
199 ,181, 178, '148 127 157 113 88 99 85 65 ' ,'0 0 0 0 0 0 0 0 ' ,89 ,16 ,2, 1
216 ,189, 199, '190 137 122 127 90 125 88 67 ' ,'0 0 0 0 0 0 0 0 ' ,121 ,1 ,1, 1
160 ,208, 142, '131 111 135 122 93 85 92 105 ' ,'0 0 0 0 0 0 0 0 ' ,45 ,0 ,0, 0
204 ,152, 186, '155 119 140 95 91 134 94 174 ' ,'0 0 0 0 0 0 0 0 ' ,89 ,2 ,1, 1
212 ,194, 192, '183 132 157 104 85 79 95 95 ' ,'0 0 0 0 0 0 0 0 ' ,101 ,1 ,1, 0
186 ,202, 167, '154 134 120 118 64 112 88 78 ' ,'0 0 0 0 0 0 0 0 ' ,101 ,9 ,1, 1
190 ,177, 164, '150 113 98 125 72 154 68 113 ' ,'0 0 0 0 0 0 0 0 ' ,95 ,1 ,1, 0
202 ,180, 184, '158 128 176 115 82 116 85 109 ' ,'0 0 0 0 0 0 0 0 ' ,96 ,1 ,1, 1
189 ,193, 167, '108 133 159 106 83 70 67 83 ' ,'0 0 0 0 0 0 0 0 ' ,91 ,0 ,2, 1
159 ,181, 142, '128 122 135 118 91 81 99 99 ' ,'0 0 0 0 0 0 0 0 ' ,41 ,0 ,0, 0
236 ,151, 217, '151 117 118 110 81 91 77 99 ' ,'0 0 0 0 0 0 0 0 ' ,137 ,52 ,1, 1
225 ,228, 208, '199 110 158 103 70 113 79 85 ' ,'0 0 0 0 0 0 0 0 ' ,132 ,1 ,1, 1
145 ,215, 130, '117 107 109 96 75 89 69 87 ' ,'0 0 0 0 0 0 0 0 ' ,53 ,1 ,3, 3
162 ,135, 141, '106 97 112 107 77 133 76 128 ' ,'0 0 0 0 0 0 0 0 ' ,63 ,1 ,1, 1
181 ,156, 157, '134 146 123 110 79 110 116 75 ' ,'0 0 0 0 0 0 0 0 ' ,71 ,1 ,1, 0
175 ,173, 151, '143 112 110 109 74 80 75 115 ' ,'0 0 0 0 0 0 0 0 ' ,74 ,1 ,1, 0
193 ,178, 177, '168 91 106 114 76 96 81 73 ' ,'0 0 0 0 0 0 0 0 ' ,95 ,1 ,1, 1
189 ,184, 173, '163 115 121 117 82 62 83 76 ' ,'0 0 0 0 0 0 0 0 ' ,101 ,1 ,0, 0
158 ,182, 140, '135 118 119 128 86 93 65 121 ' ,'0 0 0 0 0 0 0 0 ' ,72 ,1 ,0, 0
216 ,149, 200, '189 166 150 118 84 106 117 133 ' ,'0 0 0 0 0 0 0 0 ' ,109 ,0 ,1, 1
200 ,206, 185, '142 128 124 121 87 79 81 120 ' ,'0 0 0 0 0 0 0 0 ' ,96 ,34 ,1, 1
187 ,194, 170, '159 125 103 127 88 139 86 79 ' ,'0 0 0 0 0 0 0 0 ' ,82 ,1 ,1, 1
173 ,181, 149, '142 131 130 134 95 101 86 110 ' ,'0 0 0 0 0 0 0 0 ' ,54 ,0 ,0, 0
183 ,155, 167, '151 127 135 126 91 111 91 75 ' ,'0 0 0 0 0 0 0 0 ' ,88 ,0 ,0, 0
188 ,174, 170, '151 137 161 131 94 93 97 90 ' ,'0 0 0 0 0 0 0 0 ' ,70 ,1 ,1, 1
289 ,177, 273, '222 127 137 128 99 107 91 118 ' ,'0 0 0 0 0 0 0 0 ' ,178 ,45 ,0, 0
219 ,280, 193, '186 127 124 119 89 126 78 86 ' ,'0 0 0 0 0 0 0 0 ' ,109 ,0 ,1, 1
163 ,208, 148, '118 121 135 125 86 98 84 139 ' ,'0 0 0 0 0 0 0 0 ' ,59 ,0 ,1, 0
150 ,155, 125, '113 113 106 118 73 68 80 108 ' ,'0 0 0 0 0 0 0 0 ' ,51 ,1 ,1, 1
197 ,136, 170, '162 126 141 110 80 96 91 82 ' ,'0 0 0 0 0 0 0 0 ' ,84 ,1 ,0, 0
169 ,187, 149, '141 114 138 117 81 72 76 108 ' ,'0 0 0 0 0 0 0 0 ' ,66 ,1 ,1, 0
217 ,157, 192, '184 109 93 118 72 158 72 139 ' ,'0 0 0 0 0 0 0 0 ' ,123 ,1 ,1, 1
151 ,208, 135, '127 119 113 119 90 62 74 110 ' ,'0 0 0 0 0 0 0 0 ' ,54 ,1 ,1, 1
166 ,142, 145, '121 112 135 108 83 73 78 98 ' ,'0 0 0 0 0 0 0 0 ' ,64 ,1 ,0, 0
180 ,158, 153, '148 151 121 90 65 125 121 105 ' ,'0 0 0 0 0 0 0 0 ' ,92 ,1 ,1, 0
163 ,169, 140, '125 109 125 115 81 132 72 87 ' ,'0 0 0 0 0 0 0 0 ' ,62 ,0 ,1, 1
201 ,155, 185, '139 124 114 116 79 177 79 69 ' ,'0 0 0 0 0 0 0 0 ' ,100 ,1 ,1, 1
181 ,193, 164, '149 126 156 133 105 83 91 74 ' ,'0 0 0 0 0 0 0 0 ' ,75 ,1 ,1, 1
195 ,173, 179, '165 121 158 143 96 116 82 90 ' ,'0 0 0 0 0 0 0 0 ' ,88 ,1 ,2, 2
167 ,185, 148, '116 133 145 129 90 90 90 84 ' ,'0 0 0 0 0 0 0 0 ' ,56 ,1 ,1, 1
177 ,159, 159, '150 120 140 131 87 118 89 96 ' ,'0 0 0 0 0 0 0 0 ' ,66 ,1 ,1, 0
171 ,168, 151, '144 114 101 137 89 126 69 83 ' ,'0 0 0 0 0 0 0 0 ' ,68 ,1 ,1, 1
161 ,159, 145, '108 107 131 100 89 79 78 108 ' ,'0 0 0 0 0 0 0 0 ' ,62 ,1 ,0, 0
183 ,154, 168, '157 110 100 125 78 93 77 82 ' ,'0 0 0 0 0 0 0 0 ' ,86 ,1 ,1, 1
193 ,176, 177, '110 161 107 112 68 115 117 162 ' ,'0 0 0 0 0 0 0 0 ' ,106 ,1 ,1, 0
176 ,187, 161, '116 103 148 92 76 77 78 98 ' ,'0 0 0 0 0 0 0 0 ' ,79 ,1 ,1, 1
167 ,166, 153, '146 114 110 112 76 129 63 80 ' ,'0 0 0 0 0 0 0 0 ' ,80 ,0 ,1, 1
185 ,160, 165, '156 116 118 122 104 76 75 74 ' ,'0 0 0 0 0 0 0 0 ' ,85 ,1 ,1, 1
153 ,177, 132, '112 118 124 105 83 81 75 86 ' ,'0 0 0 0 0 0 0 0 ' ,53 ,1 ,1, 1
189 ,148, 172, '133 166 138 106 65 112 117 88 ' ,'0 0 0 0 0 0 0 0 ' ,103 ,1 ,1, 0
179 ,182, 162, '142 115 149 111 74 111 63 92 ' ,'0 0 0 0 0 0 0 0 ' ,88 ,1 ,2, 2
207 ,169, 192, '183 114 117 118 81 103 79 87 ' ,'0 0 0 0 0 0 0 0 ' ,104 ,1 ,1, 1
173 ,199, 157, '149 121 135 134 118 127 84 103 ' ,'0 0 0 0 0 0 0 0 ' ,67 ,1 ,2, 2
162 ,164, 138, '114 117 128 128 86 84 83 80 ' ,'0 0 0 0 0 0 0 0 ' ,49 ,1 ,2, 1
196 ,148, 176, '147 137 124 133 90 115 91 85 ' ,'0 0 0 0 0 0 0 0 ' ,86 ,1 ,1, 0
215 ,188, 197, '188 124 119 122 94 90 94 143 ' ,'0 0 0 0 0 0 0 0 ' ,97 ,1 ,0, 0
226 ,209, 211, '202 99 109 110 82 153 73 84 ' ,'0 0 0 0 0 0 0 0 ' ,130 ,1 ,1, 0
188 ,217, 171, '162 107 127 118 113 79 85 93 ' ,'0 0 0 0 0 0 0 0 ' ,76 ,1 ,2, 1
157 ,186, 132, '122 121 109 119 77 63 83 58 ' ,'0 0 0 0 0 0 0 0 ' ,61 ,2 ,0, 0
194 ,142, 177, '169 129 110 113 79 78 93 92 ' ,'0 0 0 0 0 0 0 0 ' ,93 ,1 ,0, 0
174 ,185, 159, '147 103 95 115 82 84 70 69 ' ,'0 0 0 0 0 0 0 0 ' ,79 ,1 ,1, 1
176 ,165, 156, '149 89 128 99 64 98 77 63 ' ,'0 0 0 0 0 0 0 0 ' ,88 ,1 ,1, 1
156 ,170, 141, '131 110 134 100 86 85 80 99 ' ,'0 0 0 0 0 0 0 0 ' ,55 ,1 ,1, 1
178 ,147, 157, '82 114 134 106 77 93 81 96 ' ,'0 0 0 0 0 0 0 0 ' ,66 ,2 ,1, 1
172 ,169, 158, '97 111 148 101 83 115 89 85 ' ,'0 0 0 0 0 0 0 0 ' ,67 ,1 ,1, 1
172 ,163, 152, '134 112 119 97 73 77 77 84 ' ,'0 0 0 0 0 0 0 0 ' ,68 ,1 ,1, 1
192 ,166, 170, '158 108 117 105 77 126 83 72 ' ,'0 0 0 0 0 0 0 0 ' ,92 ,1 ,2, 1
191 ,186, 169, '113 103 142 122 78 85 83 107 ' ,'0 0 0 0 0 0 0 0 ' ,82 ,1 ,1, 1
209 ,174, 190, '122 127 180 121 78 133 83 106 ' ,'0 0 0 0 0 0 0 0 ' ,107 ,1 ,2, 1
197 ,199, 175, '143 132 172 122 89 129 91 83 ' ,'0 0 0 0 0 0 0 0 ' ,83 ,1 ,1, 1
205 ,194, 187, '136 127 174 131 83 103 96 95 ' ,'0 0 0 0 0 0 0 0 ' ,99 ,1 ,2, 2
197 ,195, 177, '151 121 152 119 82 123 95 91 ' ,'0 0 0 0 0 0 0 0 ' ,84 ,2 ,2, 1
198 ,186, 174, '108 132 165 133 83 111 88 102 ' ,'0 0 0 0 0 0 0 0 ' ,88 ,1 ,1, 1
190 ,190, 171, '163 121 168 131 86 116 79 122 ' ,'0 0 0 0 0 0 0 0 ' ,92 ,1 ,1, 1
171 ,183, 147, '116 137 139 123 87 131 100 107 ' ,'0 0 0 0 0 0 0 0 ' ,57 ,1 ,1, 1
227 ,161, 213, '138 111 157 106 77 202 87 176 ' ,'0 0 0 0 0 0 0 0 ' ,129 ,1 ,2, 1
209 ,218, 193, '182 104 153 122 86 93 78 90 ' ,'0 0 0 0 0 0 0 0 ' ,110 ,1 ,0, 0
191 ,201, 167, '138 112 155 129 83 121 83 94 ' ,'0 0 0 0 0 0 0 0 ' ,81 ,1 ,1, 1
185 ,197, 169, '125 106 160 135 80 77 76 137 ' ,'0 0 0 0 0 0 0 0 ' ,86 ,1 ,1, 1
180 ,176, 163, '148 122 156 105 76 120 104 112 ' ,'0 0 0 0 0 0 0 0 ' ,78 ,1 ,1, 1
170 ,169, 153, '139 114 144 95 82 110 69 103 ' ,'0 0 0 0 0 0 0 0 ' ,79 ,1 ,1, 1
165 ,160, 150, '139 108 121 120 72 124 61 71 ' ,'0 0 0 0 0 0 0 0 ' ,83 ,1 ,1, 1
155 ,158, 136, '129 90 118 113 73 72 74 114 ' ,'0 0 0 0 0 0 0 0 ' ,58 ,1 ,1, 1
160 ,149, 142, '134 110 117 108 76 86 72 104 ' ,'0 0 0 0 0 0 0 0 ' ,62 ,1 ,1, 1
176 ,147, 160, '142 151 120 117 76 93 112 134 ' ,'0 0 0 0 0 0 0 0 ' ,79 ,2 ,1, 1
185 ,169, 169, '154 111 160 118 74 139 70 114 ' ,'0 0 0 0 0 0 0 0 ' ,92 ,1 ,1, 1
178 ,177, 164, '147 102 99 115 82 122 76 78 ' ,'0 0 0 0 0 0 0 0 ' ,78 ,0 ,2, 1
158 ,172, 139, '120 122 124 107 81 82 77 96 ' ,'0 0 0 0 0 0 0 0 ' ,54 ,1 ,1, 1
187 ,150, 165, '140 116 154 111 77 106 83 158 ' ,'0 0 0 0 0 0 0 0 ' ,84 ,1 ,1, 1
158 ,174, 145, '136 132 98 129 91 113 107 75 ' ,'0 0 0 0 0 0 0 0 ' ,50 ,1 ,1, 1
185 ,150, 169, '105 132 162 135 88 81 83 66 ' ,'0 0 0 0 0 0 0 0 ' ,89 ,1 ,0, 0
202 ,177, 187, '177 104 97 144 91 134 83 67 ' ,'0 0 0 0 0 0 0 0 ' ,109 ,1 ,1, 1
171 ,194, 152, '139 98 137 132 83 131 87 96 ' ,'0 0 0 0 0 0 0 0 ' ,64 ,1 ,0, 0
177 ,164, 162, '150 110 145 130 87 85 81 105 ' ,'0 0 0 0 0 0 0 0 ' ,74 ,1 ,1, 1
166 ,169, 148, '138 124 104 121 88 87 94 100 ' ,'0 0 0 0 0 0 0 0 ' ,55 ,1 ,1, 1
176 ,160, 153, '135 109 143 120 69 69 79 92 ' ,'0 0 0 0 0 0 0 0 ' ,76 ,1 ,1, 1
227 ,168, 199, '187 100 86 123 86 110 83 81 ' ,'0 0 0 0 0 0 0 0 ' ,111 ,2 ,1, 1
183 ,218, 163, '155 83 126 111 80 126 68 61 ' ,'0 0 0 0 0 0 0 0 ' ,91 ,1 ,1, 1
161 ,172, 145, '116 93 135 106 65 86 68 71 ' ,'0 0 0 0 0 0 0 0 ' ,69 ,1 ,1, 1
159 ,170, 140, '121 130 122 106 82 86 101 79 ' ,'0 0 0 0 0 0 0 0 ' ,53 ,1 ,0, 0
152 ,149, 138, '129 99 115 109 81 114 80 91 ' ,'0 0 0 0 0 0 0 0 ' ,50 ,1 ,2, 1
197 ,143, 178, '167 115 86 119 75 111 72 82 ' ,'0 0 0 0 0 0 0 0 ' ,98 ,1 ,2, 1
169 ,187, 141, '132 113 137 121 88 88 85 76 ' ,'0 0 0 0 0 0 0 0 ' ,53 ,1 ,1, 1
163 ,161, 140, '137 109 135 114 87 88 74 122 ' ,'0 0 0 0 0 0 0 0 ' ,65 ,0 ,2, 1
215 ,163, 193, '120 179 137 125 99 91 127 135 ' ,'0 0 0 0 0 0 0 0 ' ,96 ,4 ,1, 1
217 ,206, 202, '135 118 191 133 79 117 77 122 ' ,'0 0 0 0 0 0 0 0 ' ,109 ,1 ,2, 1
206 ,209, 191, '176 113 132 120 87 101 93 74 ' ,'0 0 0 0 0 0 0 0 ' ,93 ,1 ,1, 1
160 ,199, 142, '133 126 127 130 94 114 86 107 ' ,'0 0 0 0 0 0 0 0 ' ,47 ,1 ,1, 1
177 ,148, 158, '150 128 124 128 92 76 90 77 ' ,'0 0 0 0 0 0 0 0 ' ,78 ,2 ,1, 1
178 ,166, 159, '131 122 117 109 78 150 104 84 ' ,'0 0 0 0 0 0 0 0 ' ,76 ,2 ,1, 1
187 ,167, 170, '136 128 160 126 78 105 64 135 ' ,'0 0 0 0 0 0 0 0 ' ,96 ,1 ,2, 1
181 ,178, 167, '158 102 114 144 95 124 74 77 ' ,'0 0 0 0 0 0 0 0 ' ,83 ,1 ,1, 1
157 ,174, 143, '131 114 104 103 74 74 83 67 ' ,'0 0 0 0 0 0 0 0 ' ,64 ,1 ,1, 1
141 ,148, 124, '106 108 115 105 76 119 77 94 ' ,'0 0 0 0 0 0 0 0 ' ,35 ,0 ,1, 1
168 ,134, 153, '113 144 128 103 80 79 104 96 ' ,'0 0 0 0 0 0 0 0 ' ,68 ,1 ,1, 1
151 ,160, 132, '122 123 111 111 80 98 75 114 ' ,'0 0 0 0 0 0 0 0 ' ,51 ,1 ,0, 0
171 ,149, 157, '147 131 112 132 85 126 85 85 ' ,'0 0 0 0 0 0 0 0 ' ,65 ,1 ,2, 1
209 ,162, 188, '178 123 126 115 83 97 74 120 ' ,'0 0 0 0 0 0 0 0 ' ,108 ,1 ,1, 1
206 ,196, 176, '166 132 145 128 79 89 63 105 ' ,'0 0 0 0 0 0 0 0 ' ,91 ,2 ,1, 1
232 ,185, 215, '177 161 198 142 89 132 112 199 ' ,'0 0 0 0 0 0 0 0 ' ,119 ,1 ,2, 2
192 ,225, 171, '162 145 156 129 81 109 96 115 ' ,'0 0 0 0 0 0 0 0 ' ,85 ,1 ,1, 1
189 ,185, 163, '153 126 139 133 92 124 86 88 ' ,'0 0 0 0 0 0 0 0 ' ,66 ,1 ,1, 1
147 ,176, 131, '116 120 118 119 83 82 78 110 ' ,'0 0 0 0 0 0 0 0 ' ,42 ,1 ,1, 1
170 ,145, 151, '142 116 128 119 81 65 74 108 ' ,'0 0 0 0 0 0 0 0 ' ,75 ,1 ,0, 0
149 ,161, 133, '120 123 105 114 80 69 90 79 ' ,'0 0 0 0 0 0 0 0 ' ,58 ,1 ,1, 1
202 ,141, 179, '138 102 168 126 76 91 77 95 ' ,'0 0 0 0 0 0 0 0 ' ,94 ,1 ,1, 1
188 ,185, 166, '158 108 97 155 79 120 63 73 ' ,'0 0 0 0 0 0 0 0 ' ,98 ,1 ,1, 1
162 ,181, 143, '115 120 116 134 81 135 65 128 ' ,'0 0 0 0 0 0 0 0 ' ,56 ,2 ,1, 1
174 ,152, 157, '124 117 108 131 100 118 77 107 ' ,'0 0 0 0 0 0 0 0 ' ,41 ,1 ,1, 1
179 ,163, 162, '149 121 123 130 76 101 90 151 ' ,'0 0 0 0 0 0 0 0 ' ,79 ,1 ,2, 1
173 ,166, 150, '128 131 140 125 91 89 81 142 ' ,'0 0 0 0 0 0 0 0 ' ,65 ,1 ,1, 1
199 ,162, 178, '168 126 134 143 98 112 84 86 ' ,'0 0 0 0 0 0 0 0 ' ,87 ,1 ,2, 2
178 ,184, 161, '153 123 135 129 93 120 96 100 ' ,'0 0 0 0 0 0 0 0 ' ,65 ,1 ,1, 1
200 ,169, 181, '172 133 103 131 79 109 88 124 ' ,'0 0 0 0 0 0 0 0 ' ,98 ,2 ,2, 1
222 ,191, 199, '187 159 154 133 95 91 96 111 ' ,'0 0 0 0 0 0 0 0 ' ,96 ,1 ,1, 1
198 ,214, 182, '147 131 172 130 89 80 93 116 ' ,'0 0 0 0 0 0 0 0 ' ,86 ,1 ,1, 1
194 ,189, 176, '169 127 133 131 89 98 77 87 ' ,'0 0 0 0 0 0 0 0 ' ,96 ,0 ,1, 1
158 ,184, 143, '127 111 119 131 75 120 84 78 ' ,'0 0 0 0 0 0 0 0 ' ,59 ,2 ,2, 1
164 ,149, 145, '132 126 118 109 80 72 79 99 ' ,'0 0 0 0 0 0 0 0 ' ,49 ,1 ,0, 0
184 ,156, 168, '118 135 159 106 82 106 90 63 ' ,'0 0 0 0 0 0 0 0 ' ,81 ,1 ,1, 1
167 ,177, 153, '144 121 131 90 78 84 78 87 ' ,'0 0 0 0 0 0 0 0 ' ,70 ,2 ,1, 1
166 ,160, 144, '141 125 102 123 82 133 83 72 ' ,'0 0 0 0 0 0 0 0 ' ,65 ,2 ,1, 1
171 ,159, 157, '148 118 119 127 81 80 84 107 ' ,'0 0 0 0 0 0 0 0 ' ,70 ,2 ,2, 2
171 ,162, 154, '133 126 138 111 75 89 73 91 ' ,'0 0 0 0 0 0 0 0 ' ,74 ,1 ,1, 1
200 ,162, 182, '118 172 108 114 82 112 129 82 ' ,'0 0 0 0 0 0 0 0 ' ,94 ,1 ,1, 1
202 ,188, 184, '148 122 176 111 89 92 72 77 ' ,'0 0 0 0 0 0 0 0 ' ,82 ,0 ,1, 1
232 ,194, 214, '156 126 138 204 87 86 84 75 ' ,'0 0 0 0 0 0 0 0 ' ,127 ,2 ,1, 1
190 ,235, 169, '152 108 141 128 81 108 88 93 ' ,'0 0 0 0 0 0 0 0 ' ,74 ,1 ,2, 1
256 ,176, 233, '130 112 180 153 101 100 95 84 ' ,'0 0 0 0 0 0 0 0 ' ,87 ,1 ,48, 1
196 ,245, 180, '132 170 134 138 65 84 117 103 ' ,'0 0 0 0 0 0 0 0 ' ,110 ,1 ,1, 0
182 ,189, 162, '145 104 101 107 89 128 78 87 ' ,'0 0 0 0 0 0 0 0 ' ,82 ,1 ,1, 1
168 ,173, 154, '146 115 118 143 83 94 83 78 ' ,'0 0 0 0 0 0 0 0 ' ,65 ,1 ,1, 1
170 ,159, 152, '142 112 107 116 74 107 76 70 ' ,'0 0 0 0 0 0 0 0 ' ,71 ,1 ,1, 1
160 ,160, 140, '114 106 133 112 76 78 80 70 ' ,'0 0 0 0 0 0 0 0 ' ,62 ,1 ,1, 1
160 ,152, 145, '116 117 135 109 72 79 113 78 ' ,'0 0 0 0 0 0 0 0 ' ,68 ,1 ,0, 0
165 ,151, 150, '140 118 132 117 76 84 82 90 ' ,'0 0 0 0 0 0 0 0 ' ,69 ,2 ,1, 1
217 ,158, 200, '129 116 121 120 82 128 78 83 ' ,'0 0 0 0 0 0 0 0 ' ,116 ,63 ,1, 1
179 ,209, 162, '151 119 122 107 81 96 81 80 ' ,'0 0 0 0 0 0 0 0 ' ,74 ,2 ,1, 1
189 ,170, 175, '164 103 138 99 76 72 77 107 ' ,'0 0 0 0 0 0 0 0 ' ,94 ,1 ,2, 1
178 ,180, 157, '103 137 148 125 87 136 101 101 ' ,'0 0 0 0 0 0 0 0 ' ,64 ,1 ,1, 1
213 ,170, 189, '126 131 128 134 72 127 86 180 ' ,'0 0 0 0 0 0 0 0 ' ,115 ,1 ,2, 2
187 ,205, 168, '155 127 125 160 93 139 95 79 ' ,'0 0 0 0 0 0 0 0 ' ,82 ,2 ,1, 1
205 ,180, 192, '121 126 182 141 81 121 89 78 ' ,'0 0 0 0 0 0 0 0 ' ,106 ,1 ,1, 0
230 ,197, 214, '151 132 197 130 79 124 89 82 ' ,'0 0 0 0 0 0 0 0 ' ,130 ,1 ,1, 0
176 ,223, 158, '124 130 151 133 87 85 94 63 ' ,'0 0 0 0 0 0 0 0 ' ,63 ,1 ,1, 0
161 ,166, 146, '122 120 138 101 101 87 78 95 ' ,'0 0 0 0 0 0 0 0 ' ,62 ,2 ,1, 1
204 ,152, 183, '165 105 120 122 81 112 82 80 ' ,'0 0 0 0 0 0 0 0 ' ,99 ,1 ,1, 1
168 ,190, 151, '142 106 117 117 80 105 70 90 ' ,'0 0 0 0 0 0 0 0 ' ,76 ,2 ,1, 1
151 ,158, 132, '115 106 116 127 75 113 74 73 ' ,'0 0 0 0 0 0 0 0 ' ,50 ,1 ,1, 0
166 ,138, 150, '135 139 112 110 80 104 97 81 ' ,'0 0 0 0 0 0 0 0 ' ,65 ,2 ,1, 1
161 ,158, 146, '123 99 124 112 84 54 83 107 ' ,'0 0 0 0 0 0 0 0 ' ,68 ,1 ,1, 1
166 ,153, 152, '143 113 128 131 77 107 73 75 ' ,'0 0 0 0 0 0 0 0 ' ,73 ,0 ,2, 1
186 ,158, 162, '103 107 152 112 65 86 69 83 ' ,'0 0 0 0 0 0 0 0 ' ,93 ,0 ,1, 1
226 ,176, 210, '183 121 201 126 71 152 90 104 ' ,'0 0 0 0 0 0 0 0 ' ,134 ,1 ,1, 1
195 ,218, 181, '165 137 133 133 89 111 101 79 ' ,'0 0 0 0 0 0 0 0 ' ,81 ,1 ,1, 0
193 ,187, 178, '145 94 115 122 94 149 87 139 ' ,'0 0 0 0 0 0 0 0 ' ,83 ,1 ,1, 1
217 ,186, 203, '191 139 132 192 92 126 95 90 ' ,'0 0 0 0 0 0 0 0 ' ,105 ,1 ,2, 1
183 ,208, 170, '142 133 161 146 83 110 88 84 ' ,'0 0 0 0 0 0 0 0 ' ,73 ,2 ,1, 1
197 ,174, 173, '163 122 161 119 93 99 90 110 ' ,'0 0 0 0 0 0 0 0 ' ,39 ,1 ,2, 2
197 ,184, 169, '160 127 155 119 90 104 113 89 ' ,'0 0 0 0 0 0 0 0 ' ,84 ,1 ,1, 1
167 ,188, 149, '133 112 110 119 86 111 80 59 ' ,'0 0 0 0 0 0 0 0 ' ,78 ,2 ,2, 1
265 ,162, 249, '188 114 90 118 76 157 81 76 ' ,'0 0 0 0 0 0 0 0 ' ,165 ,53 ,2, 1
197 ,258, 180, '174 103 105 112 78 111 75 102 ' ,'0 0 0 0 0 0 0 0 ' ,95 ,0 ,1, 1
157 ,188, 143, '123 131 104 117 97 95 133 76 ' ,'0 0 0 0 0 0 0 0 ' ,41 ,1 ,1, 1
151 ,149, 135, '120 106 121 118 86 83 66 91 ' ,'0 0 0 0 0 0 0 0 ' ,64 ,1 ,1, 1
160 ,142, 142, '115 107 134 112 81 124 72 107 ' ,'0 0 0 0 0 0 0 0 ' ,65 ,1 ,1, 1
197 ,150, 183, '169 130 146 117 89 106 86 80 ' ,'0 0 0 0 0 0 0 0 ' ,86 ,1 ,1, 1
171 ,194, 154, '143 134 103 127 91 94 84 113 ' ,'0 0 0 0 0 0 0 0 ' ,63 ,1 ,2, 1
170 ,166, 149, '138 137 122 128 113 126 77 127 ' ,'0 0 0 0 0 0 0 0 ' ,66 ,1 ,1, 1
211 ,162, 185, '174 141 124 133 99 122 83 103 ' ,'0 0 0 0 0 0 0 0 ' ,96 ,1 ,2, 1
213 ,203, 193, '185 132 125 141 95 120 93 128 ' ,'0 0 0 0 0 0 0 0 ' ,97 ,1 ,1, 1
303 ,210, 280, '236 142 135 135 95 237 89 84 ' ,'0 0 0 0 0 0 0 0 ' ,189 ,35 ,1, 1
203 ,295, 189, '148 139 176 121 79 113 83 114 ' ,'0 0 0 0 0 0 0 0 ' ,107 ,1 ,1, 1
226 ,196, 189, '180 125 124 116 128 95 90 81 ' ,'0 0 0 0 0 0 0 0 ' ,101 ,1 ,2, 1
258 ,218, 218, '208 138 176 136 82 139 87 121 ' ,'0 0 0 0 0 0 0 0 ' ,128 ,2 ,1, 1
183 ,252, 170, '158 132 126 136 90 132 83 87 ' ,'0 0 0 0 0 0 0 0 ' ,79 ,1 ,1, 1
191 ,175, 179, '165 112 116 125 77 144 70 83 ' ,'0 0 0 0 0 0 0 0 ' ,98 ,0 ,1, 1
164 ,185, 148, '124 101 138 96 79 123 85 75 ' ,'0 0 0 0 0 0 0 0 ' ,64 ,2 ,1, 1
202 ,155, 182, '125 109 161 115 77 130 76 88 ' ,'0 0 0 0 0 0 0 0 ' ,100 ,1 ,1, 0
154 ,193, 136, '124 109 92 115 81 127 77 106 ' ,'0 0 0 0 0 0 0 0 ' ,53 ,1 ,1, 1
164 ,141, 145, '126 110 135 122 77 107 58 79 ' ,'0 0 0 0 0 0 0 0 ' ,80 ,1 ,1, 1
205 ,155, 188, '173 105 112 130 75 119 57 89 ' ,'0 0 0 0 0 0 0 0 ' ,123 ,2 ,1, 1
166 ,196, 152, '138 128 141 118 80 75 74 99 ' ,'0 0 0 0 0 0 0 0 ' ,71 ,2 ,1, 0
163 ,160, 148, '123 122 128 120 78 89 87 124 ' ,'0 0 0 0 0 0 0 0 ' ,64 ,2 ,1, 1
184 ,154, 165, '157 133 133 123 95 126 81 97 ' ,'0 0 0 0 0 0 0 0 ' ,78 ,1 ,1, 1
222 ,175, 204, '131 130 185 127 90 92 88 90 ' ,'0 0 0 0 0 0 0 0 ' ,108 ,1 ,2, 1
172 ,216, 148, '137 127 98 122 91 130 86 72 ' ,'0 0 0 0 0 0 0 0 ' ,62 ,1 ,1, 1
170 ,165, 150, '137 115 142 109 91 88 87 67 ' ,'0 0 0 0 0 0 0 0 ' ,71 ,0 ,1, 1
199 ,160, 178, '171 116 108 95 88 113 89 88 ' ,'0 0 0 0 0 0 0 0 ' ,90 ,1 ,1, 1
196 ,192, 179, '129 107 167 113 79 85 80 86 ' ,'0 0 0 0 0 0 0 0 ' ,95 ,1 ,0, 0
192 ,188, 168, '154 102 112 107 85 72 96 77 ' ,'0 0 0 0 0 0 0 0 ' ,85 ,2 ,1, 1
172 ,185, 157, '148 105 120 116 81 124 80 72 ' ,'0 0 0 0 0 0 0 0 ' ,67 ,0 ,1, 0
158 ,164, 141, '132 109 102 126 81 111 83 95 ' ,'0 0 0 0 0 0 0 0 ' ,55 ,1 ,1, 1
175 ,152, 156, '147 115 143 103 78 126 79 96 ' ,'0 0 0 0 0 0 0 0 ' ,73 ,1 ,0, 0
208 ,163, 190, '116 117 175 108 77 78 85 141 ' ,'0 0 0 0 0 0 0 0 ' ,108 ,1 ,1, 0
182 ,198, 167, '130 107 156 90 70 91 81 110 ' ,'0 0 0 0 0 0 0 0 ' ,92 ,0 ,1, 1
201 ,174, 176, '154 85 117 118 75 63 77 69 ' ,'0 0 0 0 0 0 0 0 ' ,92 ,2 ,1, 1
172 ,292, 153, '142 109 134 101 67 98 76 80 ' ,'0 0 0 0 0 0 0 0 ' ,80 ,2 ,1, 1
191 ,165, 175, '117 167 89 98 78 102 147 71 ' ,'0 0 0 0 0 0 0 0 ' ,85 ,1 ,0, 0
230 ,189, 211, '168 106 142 101 71 122 81 91 ' ,'0 0 0 0 0 0 0 0 ' ,134 ,1 ,2, 1
200 ,301, 182, '135 109 168 88 67 71 80 82 ' ,'0 0 0 0 0 0 0 0 ' ,111 ,1 ,1, 0
207 ,192, 191, '135 119 117 103 68 103 91 71 ' ,'0 0 0 0 0 0 0 0 ' ,116 ,1 ,2, 1
227 ,199, 207, '115 123 197 110 85 109 78 113 ' ,'0 0 0 0 0 0 0 0 ' ,123 ,1 ,1, 1
147 ,214, 135, '122 125 115 115 92 113 92 80 ' ,'0 0 0 0 0 0 0 0 ' ,42 ,1 ,2, 2
214 ,153, 195, '138 125 183 129 91 103 90 88 ' ,'0 0 0 0 0 0 0 0 ' ,96 ,1 ,2, 1
187 ,207, 166, '135 115 156 115 95 112 90 86 ' ,'0 0 0 0 0 0 0 0 ' ,73 ,0 ,1, 1
335 ,179, 316, '257 86 106 86 83 308 76 83 ' ,'0 0 0 0 0 0 0 0 ' ,234 ,1 ,2, 1
175 ,326, 149, '140 90 102 103 87 80 77 126 ' ,'0 0 0 0 0 0 0 0 ' ,54 ,1 ,2, 1
190 ,164, 171, '157 113 138 107 84 123 72 127 ' ,'0 0 0 0 0 0 0 0 ' ,92 ,1 ,1, 1
197 ,203, 165, '156 109 143 126 76 126 83 90 ' ,'0 0 0 0 0 0 0 0 ' ,84 ,2 ,1, 0
177 ,172, 150, '133 117 141 113 80 90 80 94 ' ,'0 0 0 0 0 0 0 0 ' ,65 ,1 ,0, 0
173 ,165, 153, '144 94 118 119 82 134 77 59 ' ,'0 0 0 0 0 0 0 0 ' ,82 ,1 ,1, 1
183 ,166, 157, '110 106 148 110 78 79 82 96 ' ,'0 0 0 0 0 0 0 0 ' ,76 ,1 ,1, 0
211 ,175, 195, '185 104 124 114 69 92 65 90 ' ,'0 0 0 0 0 0 0 0 ' ,117 ,1 ,2, 1
209 ,203, 189, '161 116 180 101 79 113 64 104 ' ,'0 0 0 0 0 0 0 0 ' ,120 ,1 ,1, 1
192 ,201, 175, '150 127 168 115 85 110 83 115 ' ,'0 0 0 0 0 0 0 0 ' ,87 ,0 ,1, 1
186 ,181, 171, '158 127 105 124 76 122 79 89 ' ,'0 0 0 0 0 0 0 0 ' ,90 ,1 ,1, 1
264 ,178, 250, '169 133 235 120 92 166 91 104 ' ,'0 0 0 0 0 0 0 0 ' ,148 ,1 ,1, 1
200 ,255, 182, '172 126 167 128 92 127 92 138 ' ,'0 0 0 0 0 0 0 0 ' ,85 ,1 ,1, 1
221 ,189, 196, '190 119 151 117 87 169 87 169 ' ,'0 0 0 0 0 0 0 0 ' ,105 ,1 ,1, 1
198 ,205, 176, '142 122 157 130 87 76 84 93 ' ,'0 0 0 0 0 0 0 0 ' ,83 ,1 ,1, 1
273 ,191, 260, '245 106 212 94 73 121 83 74 ' ,'0 0 0 0 0 0 0 0 ' ,180 ,1 ,2, 1
223 ,266, 208, '191 117 141 122 75 119 76 138 ' ,'0 0 0 0 0 0 0 0 ' ,127 ,2 ,1, 1
206 ,212, 186, '151 113 109 100 80 99 76 73 ' ,'0 0 0 0 0 0 0 0 ' ,102 ,2 ,1, 0
182 ,202, 167, '113 113 117 154 82 124 73 71 ' ,'0 0 0 0 0 0 0 0 ' ,87 ,1 ,1, 1
170 ,262, 154, '136 98 131 95 81 102 65 64 ' ,'0 0 0 0 0 0 0 0 ' ,80 ,1 ,1, 1
229 ,157, 119, '163 99 135 104 89 140 70 111 ' ,'0 0 0 232472 191883 0 0 0 ' ,114 ,2 ,1, 1
191 ,196, 171, '157 96 142 103 77 72 75 81 ' ,'0 0 0 0 0 0 0 0 ' ,90 ,1 ,1, 0
224 ,179, 211, '126 182 148 113 101 85 204 85 ' ,'0 0 0 0 0 0 112637 0 ' ,117 ,1 ,0, 0
179 ,218, 153, '108 108 139 80 59 84 79 102 ' ,'0 0 0 0 0 0 0 0 ' ,87 ,1 ,1, 0
1623 ,184, 1608, '158 162 126 118 81 74 120 81 ' ,'0 0 0 0 0 0 0 0 ' ,1504 ,0 ,1, 1
194 ,1616, 168, '155 116 123 88 84 124 82 80 ' ,'0 0 0 0 0 0 0 0 ' ,74 ,1 ,0, 0
250 ,185, 208, '156 136 158 219 155 113 82 93 ' ,'0 0 0 0 0 0 0 0 ' ,137 ,1 ,0, 0
250 ,236, 186, '174 124 140 181 140 87 86 81 ' ,'0 0 0 0 0 0 0 0 ' ,86 ,1 ,1, 1
219 ,228, 203, '189 156 175 120 95 140 117 123 ' ,'0 0 0 0 0 0 0 0 ' ,100 ,1 ,2, 1
184 ,302, 169, '128 135 158 102 91 128 97 85 ' ,'0 0 0 0 0 0 0 0 ' ,72 ,1 ,1, 1
215 ,177, 201, '145 135 184 132 93 113 96 83 ' ,'0 0 0 0 0 0 0 0 ' ,100 ,1 ,1, 1
219 ,206, 196, '169 135 190 147 83 114 84 139 ' ,'0 0 0 0 0 0 0 0 ' ,107 ,2 ,2, 1
177 ,208, 161, '138 133 151 122 90 125 96 123 ' ,'0 0 0 0 0 0 0 0 ' ,65 ,1 ,2, 1
200 ,168, 188, '178 131 154 128 111 99 93 136 ' ,'0 0 0 0 0 0 0 0 ' ,87 ,1 ,1, 1
178 ,193, 162, '132 99 151 121 70 83 81 90 ' ,'0 0 0 0 0 0 0 0 ' ,87 ,5 ,1, 1
180 ,171, 161, '113 117 149 102 78 86 77 82 ' ,'0 0 0 0 0 0 0 0 ' ,78 ,1 ,1, 0
143 ,172, 127, '104 116 100 118 68 72 77 102 ' ,'0 0 0 0 0 0 0 0 ' ,54 ,1 ,0, 0
168 ,135, 149, '112 108 136 90 78 70 80 89 ' ,'0 0 0 0 0 0 0 0 ' ,73 ,3 ,1, 0
196 ,160, 181, '116 169 101 100 79 104 150 102 ' ,'0 0 0 0 0 0 0 0 ' ,97 ,1 ,1, 1
