312 ,0, 186, '61 46 36 85 113 77 35 67 34 102 57 36 ' ,'0 0 0 0 0 0 0 0 0 0 0 0 ' ,37 ,3 ,10, 10
684 ,307, 654, '530 299 469 518 472 438 289 392 555 609 549 269 ' ,'0 0 0 0 0 0 0 0 0 0 0 0 ' ,365 ,20 ,8, 7
357 ,676, 304, '250 180 282 182 209 227 178 182 225 229 215 181 ' ,'0 0 0 0 0 0 0 0 0 0 0 0 ' ,108 ,2 ,3, 3
368 ,348, 341, '204 196 293 223 209 319 193 203 198 227 199 193 ' ,'0 0 0 0 0 0 0 0 0 0 0 0 ' ,129 ,2 ,2, 1
331 ,346, 308, '275 208 262 228 208 296 200 184 296 259 279 205 ' ,'0 0 0 0 0 0 0 0 0 0 0 0 ' ,104 ,4 ,2, 2
520 ,324, 502, '272 214 195 199 487 187 185 334 418 382 229 198 ' ,'0 0 0 0 0 0 0 0 0 0 0 0 ' ,282 ,3 ,2, 1
353 ,511, 303, '192 209 290 257 281 224 207 259 191 242 199 200 ' ,'0 0 0 0 0 0 0 0 0 0 0 0 ' ,99 ,3 ,1, 1
382 ,347, 365, '238 184 349 251 203 326 223 283 280 240 297 208 ' ,'0 0 0 0 0 0 0 0 0 0 0 0 ' ,168 ,3 ,2, 2
347 ,373, 318, '197 205 193 199 226 213 207 281 222 285 306 211 ' ,'0 0 0 0 0 0 0 0 0 0 0 0 ' ,115 ,3 ,1, 1
348 ,340, 328, '212 191 188 188 194 229 190 302 173 202 269 217 ' ,'0 0 0 0 0 0 0 0 0 0 0 0 ' ,67 ,3 ,1, 1
321 ,344, 289, '191 178 269 201 204 217 188 190 178 198 277 179 ' ,'0 0 0 0 0 0 0 0 0 0 0 0 ' ,100 ,2 ,1, 1
330 ,309, 303, '208 166 197 196 178 224 172 281 175 208 161 182 ' ,'0 0 0 0 0 0 0 0 0 0 0 0 ' ,128 ,5 ,2, 1
361 ,322, 343, '179 181 180 195 310 292 171 229 296 177 199 181 ' ,'0 0 0 0 0 0 0 0 0 0 0 0 ' ,138 ,2 ,1, 0
341 ,355, 322, '236 164 189 170 216 303 176 210 191 170 231 185 ' ,'0 0 0 0 0 0 0 0 0 0 0 0 ' ,148 ,3 ,1, 1
443 ,333, 378, '408 203 303 297 180 264 231 326 214 287 250 220 ' ,'0 0 0 0 0 0 0 0 0 0 0 0 ' ,217 ,4 ,2, 2
375 ,439, 356, '238 207 305 231 304 198 198 265 215 212 302 214 ' ,'0 0 0 0 0 0 0 0 0 0 0 0 ' ,114 ,3 ,2, 1
459 ,370, 415, '216 234 337 314 284 275 236 366 210 273 399 212 ' ,'0 0 0 0 0 0 0 0 0 0 0 0 ' ,215 ,1 ,1, 1
419 ,447, 397, '285 207 237 193 235 241 222 319 259 230 202 197 ' ,'0 0 0 0 0 0 0 0 0 0 0 0 ' ,190 ,1 ,2, 2
336 ,409, 320, '197 183 262 217 208 237 199 300 183 188 257 197 ' ,'0 0 0 0 0 0 0 0 0 0 0 0 ' ,119 ,0 ,1, 1
419 ,328, 381, '286 202 320 211 197 371 222 300 243 276 209 191 ' ,'0 0 0 0 0 0 0 0 0 0 0 0 ' ,146 ,2 ,2, 1
451 ,414, 300, '359 207 291 275 270 311 203 315 199 301 233 189 ' ,'0 0 0 0 0 0 0 0 0 0 0 0 ' ,157 ,2 ,1, 1
383 ,407, 360, '350 205 246 190 279 215 190 307 193 271 290 193 ' ,'0 0 0 0 0 0 0 0 0 0 0 0 ' ,164 ,1 ,1, 1
538 ,376, 509, '258 189 315 216 323 404 192 235 187 280 406 194 ' ,'0 0 0 0 0 0 0 0 0 0 0 0 ' ,305 ,1 ,2, 2
384 ,526, 345, '200 179 317 259 282 203 180 302 312 314 215 203 ' ,'0 0 0 0 0 0 0 0 0 0 0 0 ' ,137 ,1 ,2, 2
481 ,376, 451, '266 189 227 298 266 338 193 424 205 283 332 194 ' ,'0 0 0 0 0 0 0 0 0 0 0 0 ' ,249 ,2 ,2, 2
367 ,467, 330, '317 189 208 279 312 309 181 259 285 243 265 196 ' ,'0 0 0 0 0 0 0 0 0 0 0 0 ' ,131 ,2 ,1, 1
377 ,349, 353, '343 186 185 262 206 246 193 320 178 258 226 187 ' ,'0 0 0 0 0 0 0 0 0 0 0 0 ' ,154 ,1 ,1, 1
411 ,371, 382, '364 171 192 246 296 285 175 267 200 223 246 187 ' ,'0 0 0 0 0 0 0 0 0 0 0 0 ' ,201 ,2 ,2, 1
337 ,403, 302, '165 177 213 180 225 213 181 284 208 275 303 163 ' ,'0 0 0 0 0 0 0 0 0 0 0 0 ' ,136 ,2 ,2, 1
409 ,328, 384, '296 175 243 178 262 187 186 339 245 221 289 177 ' ,'0 0 0 0 0 0 0 0 0 0 0 0 ' ,184 ,2 ,1, 1
473 ,399, 446, '237 187 239 401 276 201 196 287 393 219 327 213 ' ,'0 0 0 0 0 0 0 0 0 0 0 0 ' ,208 ,1 ,2, 1
494 ,465, 480, '288 147 211 392 306 232 172 243 409 455 249 178 ' ,'0 0 0 0 0 0 0 0 0 0 0 0 ' ,285 ,1 ,2, 1
497 ,493, 435, '290 181 322 341 274 301 185 284 432 302 171 186 ' ,'0 0 0 0 0 0 0 0 0 0 0 0 ' ,242 ,1 ,2, 1
511 ,480, 475, '310 202 343 342 465 362 217 302 336 426 200 203 ' ,'0 0 0 0 0 0 0 0 0 0 0 0 ' ,265 ,1 ,2, 2
777 ,504, 738, '257 187 350 286 550 283 192 267 451 678 324 213 ' ,'0 0 0 0 0 0 0 0 0 0 0 0 ' ,526 ,1 ,2, 1
535 ,748, 506, '270 209 340 370 469 236 238 348 299 370 334 271 ' ,'0 0 0 0 0 0 0 0 0 0 0 0 ' ,265 ,1 ,3, 3
518 ,527, 481, '289 202 355 422 337 281 200 306 373 445 284 216 ' ,'0 0 0 0 0 0 0 0 0 0 0 0 ' ,250 ,1 ,3, 2
580 ,514, 543, '324 213 281 398 481 250 189 228 262 375 318 211 ' ,'0 0 0 0 0 0 0 0 0 0 0 0 ' ,306 ,0 ,3, 2
656 ,571, 569, '286 199 262 390 523 214 195 234 329 435 344 202 ' ,'0 0 0 0 0 0 0 0 0 0 0 0 ' ,363 ,1 ,2, 2
508 ,591, 482, '215 198 236 448 429 290 179 312 358 451 361 199 ' ,'0 0 0 0 0 0 0 0 0 0 0 0 ' ,274 ,1 ,2, 1
369 ,493, 334, '284 191 193 181 187 306 182 249 219 234 315 203 ' ,'0 0 0 0 0 0 0 0 0 0 0 0 ' ,143 ,2 ,2, 2
379 ,362, 346, '316 197 330 250 199 238 194 279 268 259 335 188 ' ,'0 0 0 0 0 0 0 0 0 0 0 0 ' ,156 ,2 ,1, 1
378 ,369, 351, '342 180 273 282 284 297 199 329 237 336 334 193 ' ,'0 0 0 0 0 0 0 0 0 0 0 0 ' ,156 ,1 ,1, 1
371 ,384, 348, '317 188 213 208 245 297 201 332 245 215 195 197 ' ,'0 0 0 0 0 0 0 0 0 0 0 0 ' ,139 ,1 ,2, 2
392 ,362, 376, '296 179 270 268 321 245 197 298 261 351 340 201 ' ,'0 0 0 0 0 0 0 0 0 0 0 0 ' ,175 ,1 ,4, 1
349 ,383, 326, '313 173 232 190 216 304 182 196 298 233 263 186 ' ,'0 0 0 0 0 0 0 0 0 0 0 0 ' ,145 ,1 ,1, 1
374 ,337, 348, '328 177 277 265 258 289 179 260 252 230 296 182 ' ,'0 0 0 0 0 0 0 0 0 0 0 0 ' ,150 ,1 ,1, 1
416 ,363, 392, '297 177 278 266 253 291 178 369 264 316 290 179 ' ,'0 0 0 0 0 0 0 0 0 0 0 0 ' ,191 ,1 ,14, 1
321 ,409, 290, '291 154 245 188 203 279 184 273 260 191 248 188 ' ,'0 0 0 0 0 0 0 0 0 0 0 0 ' ,139 ,1 ,1, 1
396 ,317, 350, '239 188 355 186 247 238 183 265 197 258 200 196 ' ,'0 0 0 0 0 0 0 0 0 0 0 0 ' ,171 ,1 ,1, 1
346 ,385, 314, '233 226 251 291 232 314 239 297 301 284 261 252 ' ,'0 0 0 0 0 0 0 0 0 0 0 0 ' ,63 ,2 ,1, 1
392 ,337, 353, '267 207 234 263 208 292 202 340 267 183 259 188 ' ,'0 0 0 0 0 0 0 0 0 0 0 0 ' ,139 ,3 ,2, 2
511 ,387, 490, '209 209 204 307 217 339 198 307 274 374 311 208 ' ,'0 0 0 0 0 0 0 0 0 0 0 0 ' ,177 ,1 ,111, 2
359 ,502, 340, '301 191 229 254 212 284 226 257 216 328 323 212 ' ,'0 0 0 0 0 0 0 0 0 0 0 0 ' ,123 ,5 ,1, 1
348 ,354, 326, '276 181 301 215 271 303 188 229 296 233 280 227 ' ,'0 0 0 0 0 0 0 0 0 0 0 0 ' ,130 ,2 ,2, 2
390 ,343, 371, '216 221 203 337 228 268 218 291 290 294 357 239 ' ,'0 0 0 0 0 0 0 0 0 0 0 0 ' ,123 ,2 ,6, 5
381 ,383, 356, '316 202 193 237 249 239 223 219 344 293 298 214 ' ,'0 0 0 0 0 0 0 0 0 0 0 0 ' ,134 ,1 ,2, 2
458 ,371, 439, '292 211 330 259 285 242 209 273 331 311 392 206 ' ,'0 0 0 0 0 0 0 0 0 0 0 0 ' ,175 ,1 ,30, 2
355 ,448, 317, '282 223 284 313 292 201 208 303 246 214 210 216 ' ,'0 0 0 0 0 0 0 0 0 0 0 0 ' ,104 ,1 ,2, 2
493 ,350, 469, '326 203 348 224 344 382 215 337 349 309 202 208 ' ,'0 0 0 0 0 0 0 0 0 0 0 0 ' ,177 ,0 ,2, 2
396 ,482, 375, '235 245 352 299 321 360 228 234 282 226 296 240 ' ,'0 0 0 0 0 0 0 0 0 0 0 0 ' ,121 ,2 ,2, 1
389 ,385, 367, '316 185 307 357 305 230 218 326 265 266 284 207 ' ,'0 0 0 0 0 0 0 0 0 0 0 0 ' ,89 ,1 ,1, 1
403 ,379, 377, '344 181 332 362 224 319 189 309 347 205 207 191 ' ,'0 0 0 0 0 0 0 0 0 0 0 0 ' ,180 ,3 ,3, 2
330 ,396, 309, '277 195 199 257 293 245 197 290 209 258 182 213 ' ,'0 0 0 0 0 0 0 0 0 0 0 0 ' ,76 ,1 ,2, 1
356 ,323, 333, '196 183 197 233 266 322 181 324 188 266 216 188 ' ,'0 0 0 0 0 0 0 0 0 0 0 0 ' ,139 ,2 ,2, 2
362 ,349, 339, '236 225 328 312 277 236 222 283 323 288 240 224 ' ,'0 0 0 0 0 0 0 0 0 0 0 0 ' ,109 ,2 ,1, 1
336 ,355, 312, '178 190 297 184 260 226 202 258 234 286 271 188 ' ,'0 0 0 0 0 0 0 0 0 0 0 0 ' ,73 ,1 ,1, 1
333 ,328, 307, '266 177 205 281 185 224 188 296 277 235 282 196 ' ,'0 0 0 0 0 0 0 0 0 0 0 0 ' ,104 ,1 ,2, 2
368 ,324, 346, '233 191 231 253 210 327 187 228 202 279 329 196 ' ,'0 0 0 0 0 0 0 0 0 0 0 0 ' ,139 ,2 ,2, 2
344 ,358, 322, '311 197 256 204 306 262 186 279 290 205 203 200 ' ,'0 0 0 0 0 0 0 0 0 0 0 0 ' ,120 ,2 ,1, 0
344 ,337, 325, '280 201 214 223 280 208 209 295 236 233 296 212 ' ,'0 0 0 0 0 0 0 0 0 0 0 0 ' ,113 ,1 ,1, 1
368 ,333, 346, '254 192 330 228 315 225 210 278 255 221 251 223 ' ,'0 0 0 0 0 0 0 0 0 0 0 0 ' ,103 ,2 ,1, 1
389 ,361, 367, '348 216 250 286 333 323 177 312 245 287 262 220 ' ,'0 0 0 0 0 0 0 0 0 0 0 0 ' ,171 ,2 ,3, 2
378 ,379, 361, '227 218 279 268 265 346 190 272 311 285 298 214 ' ,'0 0 0 0 0 0 0 0 0 0 0 0 ' ,102 ,2 ,3, 1
384 ,371, 358, '261 196 349 266 316 228 199 272 331 252 280 208 ' ,'0 0 0 0 0 0 0 0 0 0 0 0 ' ,134 ,1 ,1, 1
380 ,377, 358, '293 199 262 215 275 341 226 344 203 252 326 247 ' ,'0 0 0 0 0 0 0 0 0 0 0 0 ' ,135 ,2 ,2, 1
359 ,374, 336, '307 190 310 182 214 266 186 253 185 263 213 198 ' ,'0 0 0 0 0 0 0 0 0 0 0 0 ' ,140 ,2 ,1, 1
351 ,352, 320, '279 190 307 246 186 306 186 177 312 178 255 195 ' ,'0 0 0 0 0 0 0 0 0 0 0 0 ' ,123 ,2 ,1, 1
342 ,337, 313, '246 198 219 214 231 191 193 267 298 293 303 196 ' ,'0 0 0 0 0 0 0 0 0 0 0 0 ' ,108 ,1 ,1, 1
365 ,330, 344, '243 188 197 241 279 333 181 240 270 171 259 190 ' ,'0 0 0 0 0 0 0 0 0 0 0 0 ' ,153 ,2 ,3, 3
343 ,354, 325, '293 222 303 170 250 207 232 308 211 232 311 228 ' ,'0 0 0 0 0 0 0 0 0 0 0 0 ' ,140 ,1 ,2, 1
296 ,334, 279, '262 184 194 217 236 214 192 234 193 206 263 191 ' ,'0 0 0 0 0 0 0 0 0 0 0 0 ' ,71 ,1 ,3, 3
397 ,287, 370, '252 197 186 246 195 276 177 329 245 274 254 179 ' ,'0 0 0 0 0 0 0 0 0 0 0 0 ' ,166 ,2 ,2, 2
332 ,389, 312, '251 191 275 188 269 304 200 197 193 248 280 193 ' ,'0 0 0 0 0 0 0 0 0 0 0 0 ' ,99 ,1 ,1, 1
368 ,328, 299, '265 203 223 200 221 196 194 284 288 258 185 188 ' ,'0 0 0 0 0 0 0 0 0 0 0 0 ' ,150 ,2 ,1, 1
328 ,364, 305, '237 215 195 191 219 283 210 285 262 187 251 208 ' ,'0 0 0 0 0 0 0 0 0 0 0 0 ' ,85 ,2 ,5, 5
376 ,312, 357, '212 217 345 249 260 237 210 302 339 270 183 191 ' ,'0 0 0 0 0 0 0 0 0 0 0 0 ' ,155 ,1 ,1, 1
391 ,368, 362, '319 214 308 353 278 226 221 231 299 276 307 203 ' ,'0 0 0 0 0 0 0 0 0 0 0 0 ' ,128 ,2 ,2, 1
373 ,381, 347, '329 193 235 202 225 270 212 312 271 225 230 232 ' ,'0 0 0 0 0 0 0 0 0 0 0 0 ' ,145 ,1 ,2, 1
426 ,365, 400, '333 202 359 302 211 288 211 314 297 230 391 208 ' ,'0 0 0 0 0 0 0 0 0 0 0 0 ' ,160 ,2 ,2, 2
370 ,418, 353, '254 210 196 241 185 190 211 272 248 276 341 227 ' ,'0 0 0 0 0 0 0 0 0 0 0 0 ' ,149 ,1 ,1, 1
401 ,364, 383, '356 203 290 300 364 206 200 296 307 233 327 203 ' ,'0 0 0 0 0 0 0 0 0 0 0 0 ' ,164 ,2 ,1, 1
363 ,401, 345, '299 194 278 217 240 331 191 209 323 190 235 182 ' ,'0 0 0 0 0 0 0 0 0 0 0 0 ' ,119 ,1 ,2, 2
376 ,352, 359, '245 175 230 199 222 345 182 189 303 256 315 188 ' ,'0 0 0 0 0 0 0 0 0 0 0 0 ' ,138 ,2 ,2, 2
350 ,369, 302, '228 171 230 163 243 292 178 252 176 251 260 180 ' ,'0 0 0 0 0 0 0 0 0 0 0 0 ' ,109 ,1 ,2, 2
316 ,331, 276, '212 213 278 214 256 239 182 257 242 199 287 193 ' ,'0 0 0 0 0 0 0 0 0 0 0 0 ' ,104 ,2 ,1, 1
384 ,308, 345, '331 192 305 305 252 188 167 202 217 214 192 190 ' ,'0 0 0 0 0 0 0 0 0 0 0 0 ' ,142 ,2 ,2, 1
420 ,372, 405, '318 178 266 182 193 290 189 242 389 209 305 192 ' ,'0 0 0 0 0 0 0 0 0 0 0 0 ' ,206 ,1 ,2, 1
364 ,415, 334, '322 180 200 223 237 268 187 198 246 196 308 194 ' ,'0 0 0 0 0 0 0 0 0 0 0 0 ' ,152 ,2 ,1, 1
360 ,354, 342, '262 165 178 262 281 225 184 308 269 266 320 182 ' ,'0 0 0 0 0 0 0 0 0 0 0 0 ' ,153 ,2 ,2, 2
329 ,351, 309, '237 219 296 233 216 195 217 220 263 240 290 222 ' ,'0 0 0 0 0 0 0 0 0 0 0 0 ' ,90 ,1 ,2, 2
394 ,319, 371, '293 206 362 194 267 258 192 258 203 268 212 206 ' ,'0 0 0 0 0 0 0 0 0 0 0 0 ' ,171 ,1 ,2, 1
460 ,385, 441, '355 216 295 300 316 217 219 426 333 209 288 203 ' ,'0 0 0 0 0 0 0 0 0 0 0 0 ' ,203 ,2 ,2, 2
441 ,451, 375, '377 211 285 214 272 279 215 243 220 247 395 207 ' ,'0 0 0 0 0 0 0 0 0 0 0 0 ' ,186 ,2 ,1, 1
390 ,448, 374, '360 224 222 259 217 267 222 225 278 207 354 210 ' ,'0 0 0 0 0 0 0 0 0 0 0 0 ' ,152 ,2 ,2, 2
454 ,381, 400, '326 416 275 336 251 329 417 397 295 322 373 231 ' ,'0 0 0 0 0 0 0 0 0 0 0 0 ' ,179 ,2 ,1, 1
363 ,448, 340, '316 217 214 225 272 328 202 216 302 235 301 222 ' ,'0 0 0 0 0 0 0 0 0 0 0 0 ' ,120 ,2 ,3, 2
407 ,355, 382, '334 219 289 364 295 263 204 220 298 243 335 241 ' ,'0 0 0 0 0 0 0 0 0 0 0 0 ' ,134 ,2 ,2, 2
392 ,397, 371, '347 198 205 237 261 356 191 269 213 247 221 201 ' ,'0 0 0 0 0 0 0 0 0 0 0 0 ' ,162 ,2 ,1, 1
348 ,385, 320, '313 211 315 289 205 237 195 251 221 225 268 210 ' ,'0 0 0 0 0 0 0 0 0 0 0 0 ' ,112 ,2 ,1, 1
370 ,342, 353, '338 312 276 206 278 227 296 225 220 234 307 304 ' ,'0 0 0 0 0 0 0 0 0 0 0 0 ' ,135 ,2 ,2, 2
377 ,363, 355, '340 178 316 306 275 281 183 257 248 303 220 184 ' ,'0 0 0 0 0 0 0 0 0 0 0 0 ' ,108 ,2 ,2, 2
354 ,368, 329, '312 186 248 227 199 233 202 228 248 185 247 182 ' ,'0 0 0 0 0 0 0 0 0 0 0 0 ' ,128 ,1 ,2, 2
411 ,345, 391, '277 176 370 200 239 252 173 375 241 246 232 161 ' ,'0 0 0 0 0 0 0 0 0 0 0 0 ' ,217 ,2 ,1, 1
364 ,405, 346, '286 169 275 244 331 202 180 291 211 227 293 200 ' ,'0 0 0 0 0 0 0 0 0 0 0 0 ' ,168 ,2 ,2, 2
384 ,355, 344, '234 216 253 173 216 261 203 253 189 219 327 195 ' ,'0 0 0 0 0 0 0 0 0 0 0 0 ' ,159 ,2 ,2, 2
385 ,374, 327, '320 196 218 230 261 309 189 270 192 270 298 180 ' ,'0 0 0 0 0 0 0 0 0 0 0 0 ' ,121 ,1 ,1, 1
327 ,346, 283, '259 216 241 284 165 234 184 213 269 189 291 229 ' ,'0 0 0 0 0 0 0 0 0 0 0 0 ' ,88 ,2 ,1, 1
376 ,317, 351, '340 203 266 284 216 316 200 289 287 264 298 193 ' ,'0 0 0 0 0 0 0 0 0 0 0 0 ' ,107 ,1 ,1, 1
383 ,368, 367, '229 200 293 267 180 353 181 328 206 175 230 189 ' ,'0 0 0 0 0 0 0 0 0 0 0 0 ' ,181 ,2 ,2, 2
346 ,378, 319, '184 240 311 236 212 200 228 277 213 245 239 242 ' ,'0 0 0 0 0 0 0 0 0 0 0 0 ' ,112 ,3 ,2, 2
396 ,336, 360, '208 195 242 343 277 272 199 319 206 198 349 196 ' ,'0 0 0 0 0 0 0 0 0 0 0 0 ' ,162 ,2 ,1, 1
406 ,389, 389, '220 181 372 290 195 232 207 255 225 235 379 201 ' ,'0 0 0 0 0 0 0 0 0 0 0 0 ' ,203 ,2 ,1, 1
404 ,398, 377, '284 207 320 276 317 362 212 279 247 245 352 224 ' ,'0 0 0 0 0 0 0 0 0 0 0 0 ' ,153 ,2 ,2, 2
383 ,389, 363, '320 194 262 269 300 305 208 343 244 249 310 214 ' ,'0 0 0 0 0 0 0 0 0 0 0 0 ' ,158 ,2 ,1, 1
605 ,378, 586, '572 224 343 287 334 547 232 266 282 250 233 242 ' ,'0 0 0 0 0 0 0 0 0 0 0 0 ' ,336 ,1 ,2, 1
353 ,598, 332, '236 225 252 213 270 233 195 316 250 315 308 186 ' ,'0 0 0 0 0 0 0 0 0 0 0 0 ' ,112 ,1 ,2, 1
379 ,347, 342, '269 210 312 212 241 327 190 219 202 231 315 204 ' ,'0 0 0 0 0 0 0 0 0 0 0 0 ' ,142 ,2 ,1, 0
415 ,373, 394, '382 191 228 206 242 344 190 239 209 271 383 199 ' ,'0 0 0 0 0 0 0 0 0 0 0 0 ' ,197 ,2 ,2, 1
392 ,406, 376, '349 182 301 225 269 204 188 323 285 274 229 183 ' ,'0 0 0 0 0 0 0 0 0 0 0 0 ' ,171 ,2 ,2, 1
342 ,386, 318, '243 199 282 258 235 198 213 294 246 294 176 195 ' ,'0 0 0 0 0 0 0 0 0 0 0 0 ' ,120 ,1 ,1, 1
356 ,332, 339, '268 192 295 223 241 288 187 299 328 319 221 174 ' ,'0 0 0 0 0 0 0 0 0 0 0 0 ' ,138 ,2 ,2, 2
354 ,351, 333, '292 203 263 280 288 234 176 236 232 319 260 190 ' ,'0 0 0 0 0 0 0 0 0 0 0 0 ' ,119 ,1 ,1, 1
406 ,342, 388, '353 191 227 249 218 377 180 266 236 239 364 172 ' ,'0 0 0 0 0 0 0 0 0 0 0 0 ' ,197 ,1 ,1, 1
343 ,397, 324, '224 192 311 177 234 247 185 279 184 225 282 180 ' ,'0 0 0 0 0 0 0 0 0 0 0 0 ' ,87 ,2 ,3, 2
330 ,337, 303, '237 232 187 195 220 253 211 280 213 265 258 232 ' ,'0 0 0 0 0 0 0 0 0 0 0 0 ' ,82 ,1 ,1, 0
360 ,316, 331, '249 222 250 200 256 284 206 326 265 256 217 231 ' ,'0 0 0 0 0 0 0 0 0 0 0 0 ' ,115 ,2 ,3, 3
434 ,351, 398, '320 218 314 273 240 335 209 369 320 285 280 214 ' ,'0 0 0 0 0 0 0 0 0 0 0 0 ' ,194 ,3 ,2, 1
483 ,427, 452, '257 224 436 217 258 292 188 410 275 306 272 229 ' ,'0 0 0 0 0 0 0 0 0 0 0 0 ' ,213 ,2 ,2, 2
412 ,475, 395, '280 230 254 359 373 383 214 253 267 242 241 226 ' ,'0 0 0 0 0 0 0 0 0 0 0 0 ' ,170 ,1 ,1, 1
373 ,404, 348, '317 262 333 280 239 289 261 286 267 304 292 261 ' ,'0 0 0 0 0 0 0 0 0 0 0 0 ' ,96 ,2 ,2, 1
433 ,365, 407, '372 210 398 238 336 254 211 362 272 344 274 225 ' ,'0 0 0 0 0 0 0 0 0 0 0 0 ' ,148 ,1 ,2, 1
378 ,424, 363, '276 195 212 187 283 279 189 278 248 308 332 184 ' ,'0 0 0 0 0 0 0 0 0 0 0 0 ' ,132 ,17 ,3, 2
383 ,368, 361, '313 195 200 304 271 350 187 245 239 238 340 201 ' ,'0 0 0 0 0 0 0 0 0 0 0 0 ' ,164 ,1 ,2, 1
369 ,369, 351, '199 206 339 288 273 290 212 325 271 306 258 194 ' ,'0 0 0 0 0 0 0 0 0 0 0 0 ' ,138 ,1 ,1, 1
335 ,362, 318, '284 204 214 303 255 243 231 264 247 276 215 228 ' ,'0 0 0 0 0 0 0 0 0 0 0 0 ' ,65 ,1 ,2, 1
331 ,327, 315, '203 181 297 176 251 233 188 257 251 220 297 190 ' ,'0 0 0 0 0 0 0 0 0 0 0 0 ' ,122 ,2 ,2, 1
345 ,323, 326, '215 184 304 242 317 282 195 265 289 295 258 187 ' ,'0 0 0 0 0 0 0 0 0 0 0 0 ' ,99 ,1 ,2, 1
426 ,336, 407, '307 195 343 183 223 323 189 391 199 237 279 193 ' ,'0 0 0 0 0 0 0 0 0 0 0 0 ' ,212 ,1 ,2, 1
369 ,414, 349, '323 180 242 251 242 228 201 228 233 190 331 186 ' ,'0 0 0 0 0 0 0 0 0 0 0 0 ' ,152 ,2 ,2, 1
434 ,362, 368, '247 281 282 206 293 356 202 260 197 284 263 299 ' ,'0 0 0 0 0 0 0 0 0 0 0 0 ' ,152 ,3 ,1, 1
404 ,495, 371, '359 203 301 218 254 307 225 315 272 210 219 215 ' ,'0 0 0 0 0 0 0 0 0 0 0 0 ' ,154 ,3 ,2, 2
483 ,395, 460, '372 223 345 306 321 264 225 423 318 308 359 210 ' ,'0 0 0 0 0 0 0 0 0 0 0 0 ' ,241 ,6 ,2, 2
452 ,472, 429, '286 220 409 304 311 276 217 356 278 270 355 214 ' ,'0 0 0 0 0 0 0 0 0 0 0 0 ' ,202 ,3 ,2, 2
376 ,439, 359, '317 206 251 280 303 249 207 244 338 290 340 231 ' ,'0 0 0 0 0 0 0 0 0 0 0 0 ' ,102 ,1 ,3, 2
469 ,366, 454, '291 232 276 352 301 244 212 325 328 309 340 233 ' ,'0 0 0 0 0 0 0 0 0 0 0 0 ' ,67 ,1 ,92, 2
364 ,460, 344, '331 200 204 272 314 273 208 229 243 228 282 218 ' ,'0 0 0 0 0 0 0 0 0 0 0 0 ' ,106 ,1 ,1, 1
367 ,358, 335, '315 203 262 280 256 235 191 256 226 221 296 169 ' ,'0 0 0 0 0 0 0 0 0 0 0 0 ' ,136 ,1 ,2, 2
406 ,360, 383, '353 183 216 276 256 343 180 220 219 261 304 191 ' ,'0 0 0 0 0 0 0 0 0 0 0 0 ' ,193 ,1 ,2, 2
340 ,399, 319, '296 201 288 233 287 229 193 268 279 310 243 185 ' ,'0 0 0 0 0 0 0 0 0 0 0 0 ' ,105 ,1 ,1, 1
351 ,333, 325, '202 191 318 223 297 279 192 294 263 276 201 211 ' ,'0 0 0 0 0 0 0 0 0 0 0 0 ' ,129 ,2 ,1, 1
356 ,463, 296, '324 175 232 325 291 279 195 244 237 198 280 185 ' ,'0 0 0 0 0 0 0 0 0 0 0 0 ' ,129 ,2 ,1, 1
352 ,347, 325, '306 195 180 309 318 255 177 261 246 243 177 208 ' ,'0 0 0 0 0 0 0 0 0 0 0 0 ' ,122 ,1 ,1, 1
411 ,344, 393, '378 183 261 217 265 325 185 218 349 256 343 186 ' ,'0 0 0 0 0 0 0 0 0 0 0 0 ' ,193 ,1 ,2, 2
438 ,408, 383, '322 191 295 291 343 279 206 222 271 288 365 212 ' ,'0 0 0 0 0 0 0 0 0 0 0 0 ' ,166 ,1 ,5, 4
404 ,430, 363, '282 251 285 329 286 241 236 271 357 290 242 245 ' ,'0 0 0 0 0 0 0 0 0 0 0 0 ' ,96 ,1 ,1, 1
399 ,399, 375, '224 228 229 258 350 356 202 313 294 209 366 225 ' ,'0 0 0 0 0 0 0 0 0 0 0 0 ' ,161 ,2 ,2, 2
435 ,391, 416, '332 231 331 317 306 402 217 374 243 281 350 206 ' ,'0 0 0 0 0 0 0 0 0 0 0 0 ' ,185 ,1 ,2, 2
467 ,425, 444, '435 229 330 218 326 422 233 254 282 266 374 235 ' ,'0 0 0 0 0 0 0 0 0 0 0 0 ' ,222 ,2 ,1, 1
388 ,456, 368, '260 216 267 216 296 352 208 300 214 250 340 213 ' ,'0 0 0 0 0 0 0 0 0 0 0 0 ' ,150 ,1 ,2, 2
396 ,380, 379, '269 239 342 340 265 344 214 303 293 238 317 222 ' ,'0 0 0 0 0 0 0 0 0 0 0 0 ' ,136 ,2 ,2, 1
376 ,390, 354, '338 190 213 246 231 254 181 211 266 234 295 186 ' ,'0 0 0 0 0 0 0 0 0 0 0 0 ' ,107 ,2 ,2, 1
312 ,361, 285, '169 190 242 260 209 223 179 259 254 249 254 187 ' ,'0 0 0 0 0 0 0 0 0 0 0 0 ' ,22 ,3 ,2, 2
429 ,292, 411, '400 196 234 239 160 331 195 240 221 174 325 182 ' ,'0 0 0 0 0 0 0 0 0 0 0 0 ' ,219 ,2 ,1, 1
363 ,422, 342, '325 202 305 233 335 205 189 327 303 192 237 200 ' ,'0 0 0 0 0 0 0 0 0 0 0 0 ' ,126 ,0 ,1, 0
527 ,356, 493, '246 217 296 248 193 341 217 314 255 190 257 221 ' ,'0 0 0 0 0 0 0 0 0 0 0 0 ' ,307 ,1 ,2, 2
364 ,521, 333, '223 190 207 282 289 292 206 317 259 277 305 195 ' ,'0 0 0 0 0 0 0 0 0 0 0 0 ' ,122 ,2 ,2, 1
348 ,360, 310, '192 201 315 273 228 301 212 265 264 252 304 203 ' ,'0 0 0 0 0 0 0 0 0 0 0 0 ' ,70 ,1 ,1, 1
434 ,341, 408, '266 202 403 265 196 238 183 383 253 206 226 175 ' ,'0 0 0 0 0 0 0 0 0 0 0 0 ' ,207 ,1 ,2, 2
337 ,426, 311, '298 205 228 200 234 289 219 201 215 240 296 176 ' ,'0 0 0 0 0 0 0 0 0 0 0 0 ' ,128 ,2 ,1, 1
500 ,330, 469, '284 268 294 394 336 308 250 306 293 259 287 239 ' ,'0 0 0 0 0 0 0 0 0 0 0 0 ' ,187 ,1 ,2, 2
384 ,551, 354, '329 224 205 294 277 287 201 244 327 308 247 192 ' ,'0 0 0 0 0 0 0 0 0 0 0 0 ' ,141 ,1 ,2, 2
407 ,376, 391, '313 206 191 327 309 258 229 376 224 254 306 241 ' ,'0 0 0 0 0 0 0 0 0 0 0 0 ' ,154 ,1 ,1, 1
440 ,399, 378, '256 230 196 250 241 355 217 297 279 222 362 198 ' ,'0 0 0 0 0 0 0 0 0 0 0 0 ' ,170 ,2 ,3, 2
387 ,432, 356, '237 227 299 231 299 238 197 222 241 272 343 226 ' ,'0 0 0 0 0 0 0 0 0 0 0 0 ' ,108 ,1 ,1, 1
393 ,372, 373, '199 207 203 254 171 323 217 287 213 205 282 223 ' ,'0 0 0 0 0 0 0 0 0 0 0 0 ' ,188 ,1 ,1, 0
351 ,513, 332, '288 196 259 256 174 275 194 230 172 276 320 180 ' ,'0 0 0 0 0 0 0 0 0 0 0 0 ' ,145 ,3 ,1, 1
347 ,345, 325, '175 195 179 223 312 198 177 281 166 226 264 166 ' ,'0 0 0 0 0 0 0 0 0 0 0 0 ' ,143 ,1 ,1, 1
395 ,333, 372, '283 194 360 238 208 330 176 326 230 266 312 173 ' ,'0 0 0 0 0 0 0 0 0 0 0 0 ' ,188 ,2 ,1, 1
373 ,389, 355, '313 200 279 162 249 198 197 316 206 243 289 185 ' ,'0 0 0 0 0 0 0 0 0 0 0 0 ' ,153 ,2 ,2, 2
573 ,366, 553, '537 221 323 207 258 540 238 225 233 262 186 199 ' ,'0 0 0 0 0 0 0 0 0 0 0 0 ' ,340 ,1 ,1, 1
392 ,565, 374, '201 206 265 254 203 360 191 321 213 220 258 174 ' ,'0 0 0 0 0 0 0 0 0 0 0 0 ' ,167 ,2 ,2, 1
369 ,383, 342, '305 184 285 251 236 307 170 229 254 198 303 177 ' ,'0 0 0 0 0 0 0 0 0 0 0 0 ' ,136 ,1 ,1, 1
452 ,361, 401, '384 206 188 260 214 363 200 247 224 207 351 189 ' ,'0 0 0 0 0 0 0 0 0 0 0 0 ' ,180 ,2 ,1, 1
439 ,445, 421, '328 191 210 278 244 304 201 272 274 310 330 184 ' ,'0 0 0 0 0 0 0 0 0 0 0 0 ' ,195 ,66 ,2, 2
653 ,451, 622, '298 237 311 287 395 335 230 356 339 217 240 229 ' ,'0 0 0 0 0 0 0 0 0 0 0 0 ' ,376 ,1 ,3, 2
374 ,646, 358, '319 230 205 292 344 305 230 247 303 314 316 186 ' ,'0 0 0 0 0 0 0 0 0 0 0 0 ' ,145 ,1 ,2, 2
451 ,366, 425, '231 206 375 266 287 414 215 245 314 258 321 189 ' ,'0 0 0 0 0 0 0 0 0 0 0 0 ' ,211 ,1 ,1, 1
462 ,443, 442, '354 217 256 208 224 380 194 252 190 204 433 205 ' ,'0 0 0 0 0 0 0 0 0 0 0 0 ' ,248 ,2 ,1, 1
342 ,456, 328, '290 202 314 236 292 291 183 299 203 252 304 178 ' ,'0 0 0 0 0 0 0 0 0 0 0 0 ' ,122 ,2 ,2, 2
352 ,334, 325, '288 217 196 284 265 314 193 258 227 252 239 214 ' ,'0 0 0 0 0 0 0 0 0 0 0 0 ' ,123 ,2 ,1, 1
360 ,344, 346, '200 194 245 303 192 288 180 241 318 299 331 163 ' ,'0 0 0 0 0 0 0 0 0 0 0 0 ' ,148 ,1 ,2, 1
357 ,350, 329, '320 199 237 200 199 209 183 278 263 282 237 186 ' ,'0 0 0 0 0 0 0 0 0 0 0 0 ' ,130 ,1 ,1, 1
451 ,352, 382, '230 198 291 206 317 230 170 370 279 246 298 192 ' ,'0 0 0 0 0 0 0 0 0 0 0 0 ' ,178 ,1 ,1, 1
332 ,438, 294, '269 190 264 196 269 275 188 211 211 278 184 177 ' ,'0 0 0 0 0 0 0 0 0 0 0 0 ' ,92 ,1 ,1, 0
364 ,331, 333, '289 196 309 193 307 237 186 206 276 250 303 213 ' ,'0 0 0 0 0 0 0 0 0 0 0 0 ' ,119 ,2 ,1, 1
364 ,356, 338, '318 194 206 200 277 301 189 186 216 255 237 187 ' ,'0 0 0 0 0 0 0 0 0 0 0 0 ' ,125 ,1 ,2, 2
353 ,357, 338, '199 207 254 245 329 252 196 279 265 287 271 199 ' ,'0 0 0 0 0 0 0 0 0 0 0 0 ' ,106 ,1 ,2, 1
393 ,347, 374, '241 203 365 229 257 263 216 347 310 306 242 210 ' ,'0 0 0 0 0 0 0 0 0 0 0 0 ' ,126 ,1 ,1, 1
397 ,385, 379, '200 221 340 213 345 221 225 317 317 364 224 211 ' ,'0 0 0 0 0 0 0 0 0 0 0 0 ' ,152 ,1 ,1, 1
498 ,391, 477, '265 392 256 313 332 327 391 336 303 309 244 391 ' ,'0 0 0 0 0 0 0 0 0 0 0 0 ' ,188 ,2 ,1, 1
382 ,490, 362, '325 214 337 308 241 268 225 331 344 295 282 234 ' ,'0 0 0 0 0 0 0 0 0 0 0 0 ' ,141 ,1 ,1, 1
372 ,376, 354, '243 217 239 286 275 319 206 323 215 284 343 202 ' ,'0 0 0 0 0 0 0 0 0 0 0 0 ' ,132 ,1 ,2, 2
389 ,367, 368, '295 211 210 276 297 350 229 226 292 260 316 204 ' ,'0 0 0 0 0 0 0 0 0 0 0 0 ' ,126 ,2 ,3, 2
421 ,383, 385, '327 205 309 248 263 245 199 269 216 368 273 213 ' ,'0 0 0 0 0 0 0 0 0 0 0 0 ' ,171 ,1 ,1, 1
407 ,408, 380, '180 275 269 321 373 326 183 298 171 199 225 181 ' ,'0 0 0 0 0 0 0 0 0 0 0 0 ' ,196 ,1 ,1, 1
322 ,464, 297, '176 174 292 276 189 227 168 255 185 222 263 184 ' ,'0 0 0 0 0 0 0 0 0 0 0 0 ' ,109 ,1 ,1, 1
371 ,312, 353, '169 200 265 249 221 229 179 292 240 236 235 186 ' ,'0 0 0 0 0 0 0 0 0 0 0 0 ' ,139 ,2 ,1, 1
406 ,363, 381, '252 190 370 294 286 284 190 325 342 246 239 187 ' ,'0 0 0 0 0 0 0 0 0 0 0 0 ' ,115 ,1 ,1, 1
431 ,394, 371, '242 183 215 223 354 307 190 172 260 334 211 191 ' ,'0 0 0 0 0 0 0 0 0 0 0 0 ' ,118 ,1 ,2, 2
684 ,424, 655, '245 255 380 304 259 642 181 322 287 236 299 232 ' ,'0 0 0 0 0 0 0 0 0 0 0 0 ' ,463 ,2 ,1, 1
386 ,675, 368, '353 206 335 257 294 294 190 279 279 213 271 197 ' ,'0 0 0 0 0 0 0 0 0 0 0 0 ' ,170 ,2 ,1, 1
399 ,450, 362, '197 200 336 309 220 296 208 307 265 190 212 199 ' ,'0 0 0 0 0 0 0 0 0 0 0 0 ' ,157 ,1 ,1, 1
501 ,390, 477, '396 227 464 324 238 315 242 419 231 255 324 218 ' ,'0 0 0 0 0 0 0 0 0 0 0 0 ' ,245 ,2 ,2, 2
370 ,491, 350, '334 206 239 214 324 326 183 223 213 289 321 195 ' ,'0 0 0 0 0 0 0 0 0 0 0 0 ' ,159 ,2 ,2, 1
472 ,364, 450, '242 189 363 267 254 404 265 302 298 266 363 241 ' ,'0 0 0 0 0 0 0 0 0 0 0 0 ' ,239 ,1 ,1, 1
366 ,462, 349, '339 230 198 222 300 273 222 288 292 300 252 226 ' ,'0 0 0 0 0 0 0 0 0 0 0 0 ' ,103 ,2 ,2, 1
406 ,358, 366, '335 256 224 211 370 331 209 233 310 264 296 233 ' ,'0 0 0 0 0 0 0 0 0 0 0 0 ' ,147 ,1 ,2, 2
442 ,392, 422, '311 211 206 271 209 367 188 402 323 213 311 217 ' ,'0 0 0 0 0 0 0 0 0 0 0 0 ' ,197 ,2 ,2, 2
427 ,442, 389, '341 208 297 288 316 267 162 363 232 392 280 195 ' ,'0 0 0 0 0 0 0 0 0 0 0 0 ' ,233 ,2 ,3, 2
515 ,420, 495, '258 222 181 290 191 342 216 271 270 233 482 186 ' ,'0 0 0 0 0 0 0 0 0 0 0 0 ' ,295 ,2 ,2, 1
358 ,506, 293, '283 201 208 225 201 281 188 293 242 298 206 180 ' ,'0 0 0 0 0 0 0 0 0 0 0 0 ' ,134 ,2 ,1, 1
379 ,347, 361, '288 183 346 224 148 276 188 322 209 188 176 168 ' ,'0 0 0 0 0 0 0 0 0 0 0 0 ' ,205 ,3 ,1, 1
385 ,369, 368, '291 190 161 273 177 317 192 221 204 195 351 182 ' ,'0 0 0 0 0 0 0 0 0 0 0 0 ' ,183 ,2 ,1, 1
353 ,377, 331, '195 190 182 245 237 226 196 260 257 303 311 203 ' ,'0 0 0 0 0 0 0 0 0 0 0 0 ' ,97 ,1 ,1, 1
353 ,341, 333, '265 215 222 204 196 269 220 202 283 278 316 211 ' ,'0 0 0 0 0 0 0 0 0 0 0 0 ' ,106 ,2 ,1, 1
334 ,344, 303, '279 212 237 222 215 290 209 190 255 297 233 207 ' ,'0 0 0 0 0 0 0 0 0 0 0 0 ' ,107 ,2 ,2, 2
384 ,327, 360, '221 220 333 236 254 347 191 237 350 325 299 165 ' ,'0 0 0 0 0 0 0 0 0 0 0 0 ' ,168 ,1 ,2, 2
457 ,376, 438, '422 231 291 238 276 331 192 268 249 236 372 229 ' ,'0 0 0 0 0 0 0 0 0 0 0 0 ' ,234 ,3 ,2, 1
429 ,449, 407, '386 222 337 277 278 228 233 313 322 357 310 208 ' ,'0 0 0 0 0 0 0 0 0 0 0 0 ' ,179 ,5 ,2, 2
410 ,420, 395, '289 246 327 260 382 281 227 238 315 355 246 234 ' ,'0 0 0 0 0 0 0 0 0 0 0 0 ' ,110 ,1 ,3, 2
401 ,402, 363, '256 207 281 253 197 286 195 265 270 204 330 203 ' ,'0 0 0 0 0 0 0 0 0 0 0 0 ' ,159 ,2 ,1, 1
351 ,383, 338, '319 185 321 246 282 201 195 235 212 209 245 192 ' ,'0 0 0 0 0 0 0 0 0 0 0 0 ' ,137 ,2 ,6, 6
394 ,343, 366, '334 195 268 322 259 350 182 300 252 233 330 195 ' ,'0 0 0 0 0 0 0 0 0 0 0 0 ' ,171 ,1 ,1, 1
432 ,385, 408, '311 170 206 297 233 293 180 226 249 268 297 193 ' ,'0 0 0 0 0 0 0 0 0 0 0 0 ' ,234 ,2 ,3, 1
365 ,422, 348, '318 328 245 263 204 279 332 196 299 236 283 328 ' ,'0 0 0 0 0 0 0 0 0 0 0 0 ' ,128 ,3 ,2, 1
335 ,356, 307, '286 202 192 201 252 295 191 224 230 252 258 164 ' ,'0 0 0 0 0 0 0 0 0 0 0 0 ' ,138 ,3 ,1, 1
332 ,326, 313, '287 193 268 255 206 173 196 296 163 249 249 181 ' ,'0 0 0 0 0 0 0 0 0 0 0 0 ' ,116 ,2 ,1, 1
431 ,324, 409, '350 194 267 201 207 295 186 230 228 219 389 174 ' ,'0 0 0 0 0 0 0 0 0 0 0 0 ' ,215 ,2 ,3, 3
386 ,424, 347, '197 176 309 212 288 224 191 317 290 244 158 151 ' ,'0 0 0 0 0 0 0 0 0 0 0 0 ' ,163 ,2 ,1, 1
345 ,379, 328, '303 227 245 276 294 264 248 301 239 244 169 220 ' ,'0 0 0 0 0 0 0 0 0 0 0 0 ' ,150 ,2 ,2, 1
348 ,336, 326, '312 171 247 291 262 244 184 186 261 215 217 187 ' ,'0 0 0 0 0 0 0 0 0 0 0 0 ' ,107 ,2 ,2, 1
389 ,340, 373, '285 181 197 286 271 211 165 180 322 240 234 176 ' ,'0 0 0 0 0 0 0 0 0 0 0 0 ' ,116 ,2 ,2, 2
428 ,380, 358, '284 184 342 243 217 263 171 273 275 187 312 197 ' ,'0 0 0 0 0 0 0 0 0 0 0 0 ' ,177 ,2 ,2, 2
310 ,422, 294, '270 177 200 229 212 262 203 168 264 270 249 201 ' ,'0 0 0 0 0 0 0 0 0 0 0 0 ' ,87 ,3 ,2, 2
369 ,301, 355, '332 239 322 214 223 335 223 266 190 248 186 202 ' ,'0 0 0 0 0 0 0 0 0 0 0 0 ' ,149 ,2 ,2, 1
371 ,362, 356, '329 216 271 340 327 328 232 317 330 196 283 199 ' ,'0 0 0 0 0 0 0 0 0 0 0 0 ' ,108 ,2 ,3, 2
416 ,363, 388, '278 212 301 261 281 244 209 316 276 329 369 231 ' ,'0 0 0 0 0 0 0 0 0 0 0 0 ' ,168 ,2 ,2, 2
411 ,408, 388, '373 204 225 261 214 368 170 208 289 237 332 171 ' ,'0 0 0 0 0 0 0 0 0 0 0 0 ' ,208 ,2 ,2, 1
530 ,399, 489, '266 194 298 235 282 342 198 316 202 302 318 178 ' ,'0 0 0 0 0 0 0 0 0 0 0 0 ' ,276 ,78 ,1, 1
395 ,522, 376, '262 221 270 207 244 260 215 238 163 271 359 231 ' ,'0 0 0 0 0 0 0 0 0 0 0 0 ' ,198 ,2 ,2, 2
376 ,388, 359, '284 216 236 228 264 347 201 264 174 260 178 189 ' ,'0 0 0 0 0 0 0 0 0 0 0 0 ' ,113 ,2 ,1, 1
406 ,369, 346, '291 186 346 191 282 206 190 317 243 265 236 189 ' ,'0 0 0 0 0 0 0 0 0 0 0 0 ' ,193 ,2 ,2, 1
382 ,398, 364, '354 221 173 344 229 302 168 188 322 183 330 196 ' ,'0 0 0 0 0 0 0 0 0 0 0 0 ' ,128 ,2 ,2, 1
360 ,372, 334, '243 177 258 202 184 324 195 306 176 304 264 171 ' ,'0 0 0 0 0 0 0 0 0 0 0 0 ' ,134 ,1 ,1, 1
367 ,354, 349, '264 192 300 302 247 213 211 248 266 190 203 192 ' ,'0 0 0 0 0 0 0 0 0 0 0 0 ' ,141 ,2 ,1, 1
349 ,355, 334, '319 192 212 204 255 252 193 244 253 248 234 203 ' ,'0 151669 0 0 0 0 0 0 0 0 0 0 ' ,120 ,2 ,2, 1
325 ,343, 303, '286 211 218 295 181 259 221 179 208 189 266 178 ' ,'0 0 0 0 0 0 0 0 0 0 0 156417 ' ,77 ,1 ,1, 1
410 ,317, 387, '307 198 214 241 238 308 374 186 277 181 328 189 ' ,'0 0 0 0 0 0 152763 0 0 0 0 0 ' ,185 ,2 ,2, 2
376 ,403, 358, '344 205 298 270 315 318 220 223 241 277 299 195 ' ,'0 0 0 0 0 0 0 0 0 0 0 0 ' ,149 ,1 ,2, 2
613 ,366, 584, '222 214 295 246 249 325 239 329 200 289 284 233 ' ,'0 0 0 0 0 0 0 0 0 0 0 0 ' ,354 ,2 ,1, 1
364 ,601, 343, '271 231 260 286 292 321 211 175 309 193 322 179 ' ,'0 0 0 0 0 0 0 0 0 0 0 0 ' ,148 ,2 ,2, 2
398 ,351, 364, '225 254 248 361 300 285 206 341 276 335 315 196 ' ,'0 0 0 0 0 0 0 0 0 0 0 0 ' ,144 ,2 ,2, 2
401 ,391, 377, '253 237 201 268 332 363 180 195 314 236 325 214 ' ,'0 0 0 0 0 0 0 0 0 0 0 0 ' ,170 ,2 ,2, 2
391 ,402, 358, '292 192 273 197 321 337 180 216 209 231 297 203 ' ,'0 0 0 0 0 0 0 0 0 0 0 0 ' ,174 ,1 ,2, 2
505 ,381, 477, '281 454 283 247 235 235 461 319 282 371 216 190 ' ,'0 0 0 0 0 0 0 0 0 0 0 0 ' ,224 ,2 ,1, 1
381 ,601, 359, '230 212 348 309 285 315 199 235 317 218 302 188 ' ,'0 0 0 0 0 0 0 0 0 0 0 0 ' ,114 ,1 ,1, 1
378 ,367, 363, '315 171 285 258 265 205 181 306 234 234 214 189 ' ,'0 0 0 0 0 0 0 0 0 0 0 0 ' ,154 ,2 ,2, 1
566 ,370, 544, '316 170 197 230 219 243 172 341 189 238 347 179 ' ,'0 0 0 0 0 0 0 0 0 0 0 0 ' ,338 ,2 ,2, 1
356 ,585, 324, '310 207 207 297 271 266 191 302 230 200 225 190 ' ,'0 0 0 0 0 0 0 0 0 0 0 0 ' ,113 ,2 ,2, 1
328 ,348, 307, '194 188 279 169 202 287 241 213 247 297 268 226 ' ,'0 0 0 0 0 0 0 0 0 0 0 0 ' ,119 ,1 ,1, 1
732 ,321, 337, '178 171 225 355 247 184 174 277 351 230 321 172 ' ,'388367 0 0 0 336261 302884 0 0 0 508707 0 0 ' ,479 ,1 ,2, 2
346 ,676, 312, '250 185 223 228 171 299 183 274 246 221 240 178 ' ,'0 0 0 0 0 0 0 0 0 0 0 0 ' ,135 ,2 ,1, 1
458 ,329, 406, '325 176 242 299 204 298 182 184 392 351 292 191 ' ,'0 0 0 0 0 0 0 0 0 0 0 0 ' ,195 ,2 ,1, 1
513 ,443, 475, '275 207 311 385 266 204 197 288 405 297 260 190 ' ,'0 0 0 0 0 0 0 0 0 0 0 0 ' ,216 ,4 ,2, 1
791 ,484, 738, '722 221 317 432 373 245 243 268 430 301 337 211 ' ,'0 0 0 504221 0 0 0 0 0 0 0 0 ' ,439 ,1 ,2, 1
665 ,743, 559, '379 206 267 498 339 249 227 341 396 319 309 198 ' ,'0 0 0 0 0 0 0 0 0 0 0 0 ' ,329 ,1 ,2, 2
500 ,653, 449, '312 212 369 377 423 264 224 314 292 179 230 203 ' ,'0 0 0 0 0 0 0 0 0 0 0 0 ' ,217 ,2 ,2, 2
826 ,484, 802, '359 240 205 589 312 330 225 209 433 543 250 216 ' ,'0 0 0 0 0 0 0 0 0 0 0 0 ' ,582 ,1 ,3, 2
580 ,815, 541, '382 222 321 353 422 364 236 238 332 516 327 211 ' ,'0 0 0 0 0 0 0 0 0 0 0 0 ' ,268 ,2 ,2, 2
669 ,553, 608, '291 285 376 504 559 561 275 349 475 517 243 253 ' ,'0 0 0 0 0 0 0 0 0 0 0 0 ' ,253 ,1 ,2, 2
657 ,624, 613, '375 229 291 415 483 398 236 280 549 335 223 220 ' ,'0 0 0 0 0 0 0 0 0 0 0 0 ' ,352 ,2 ,3, 3
727 ,623, 694, '394 216 326 618 354 332 206 213 457 680 269 204 ' ,'0 0 0 0 0 0 0 0 0 0 0 0 ' ,465 ,2 ,3, 2
368 ,707, 345, '331 232 202 331 296 332 204 180 190 278 334 207 ' ,'0 0 0 0 0 0 0 0 0 0 0 0 ' ,139 ,1 ,1, 1
364 ,359, 345, '330 194 304 289 233 234 198 220 267 258 213 185 ' ,'0 0 0 0 0 0 0 0 0 0 0 0 ' ,150 ,2 ,3, 2
483 ,358, 458, '205 280 288 239 318 268 282 263 313 254 445 281 ' ,'0 0 0 0 0 0 0 0 0 0 0 0 ' ,215 ,2 ,1, 1
324 ,473, 305, '225 180 169 268 230 293 184 199 283 248 282 159 ' ,'0 0 0 0 0 0 0 0 0 0 0 0 ' ,134 ,2 ,1, 0
336 ,314, 308, '188 181 298 254 251 219 189 256 204 210 198 169 ' ,'0 0 0 0 0 0 0 0 0 0 0 0 ' ,98 ,2 ,1, 1
346 ,323, 322, '311 176 182 264 189 202 161 170 285 186 284 191 ' ,'0 0 0 0 0 0 0 0 0 0 0 0 ' ,127 ,2 ,2, 2
416 ,336, 400, '233 223 384 232 214 331 186 307 188 199 317 164 ' ,'0 0 0 0 0 0 0 0 0 0 0 0 ' ,223 ,5 ,2, 2
