220 ,0, 90, '17 17 17 21 13 17 14 15 ' ,'0 0 0 0 0 0 0 0 ' ,21 ,5 ,9, 9
1087 ,133, 1067, '227 286 1004 272 197 205 144 899 ' ,'0 0 0 0 0 0 0 0 ' ,867 ,3 ,40, 3
265 ,1157, 248, '174 227 194 157 92 128 112 109 ' ,'0 0 0 0 0 0 0 0 ' ,136 ,1 ,10, 3
286 ,260, 271, '163 248 247 178 100 131 99 106 ' ,'0 0 0 0 0 0 0 0 ' ,152 ,1 ,12, 5
260 ,278, 238, '160 225 176 138 74 108 118 105 ' ,'0 0 0 0 0 0 0 0 ' ,154 ,1 ,9, 4
172 ,357, 158, '121 118 100 116 65 100 142 102 ' ,'0 0 0 0 0 0 0 0 ' ,78 ,1 ,6, 1
242 ,271, 227, '168 154 207 103 102 88 84 105 ' ,'0 0 0 0 0 0 0 0 ' ,127 ,1 ,3, 1
319 ,309, 304, '196 156 172 165 105 146 141 104 ' ,'0 0 0 0 0 0 0 0 ' ,98 ,2 ,97, 1
170 ,311, 154, '138 127 132 126 94 107 101 99 ' ,'0 0 0 0 0 0 0 0 ' ,45 ,1 ,6, 1
216 ,166, 202, '134 185 156 161 107 95 83 121 ' ,'0 0 0 0 0 0 0 0 ' ,105 ,2 ,8, 0
296 ,277, 279, '165 118 221 154 82 104 123 86 ' ,'0 0 0 0 0 0 0 0 ' ,141 ,2 ,48, 0
193 ,285, 179, '127 142 165 119 84 114 108 96 ' ,'0 0 0 0 0 0 0 0 ' ,83 ,1 ,2, 1
263 ,193, 245, '169 145 153 198 116 113 106 82 ' ,'0 0 0 0 0 0 0 0 ' ,121 ,1 ,36, 1
176 ,252, 163, '144 127 132 128 82 83 78 97 ' ,'0 0 0 0 0 0 0 0 ' ,68 ,1 ,7, 1
226 ,225, 213, '121 132 138 198 66 98 110 110 ' ,'0 0 0 0 0 0 0 0 ' ,135 ,1 ,4, 0
193 ,220, 176, '113 121 109 114 96 66 69 66 ' ,'0 0 0 0 0 0 0 0 ' ,57 ,2 ,47, 1
217 ,184, 203, '180 147 144 160 116 89 96 111 ' ,'0 0 0 0 0 0 0 0 ' ,97 ,5 ,7, 1
313 ,211, 298, '131 187 156 256 106 162 77 127 ' ,'0 0 0 0 0 0 0 0 ' ,178 ,1 ,34, 1
202 ,312, 189, '168 180 163 173 122 111 115 103 ' ,'0 0 0 0 0 0 0 0 ' ,77 ,0 ,4, 0
196 ,197, 183, '143 147 153 168 80 93 89 84 ' ,'0 0 0 0 0 0 0 0 ' ,91 ,1 ,6, 1
202 ,272, 191, '177 129 133 115 77 86 76 64 ' ,'0 0 0 0 0 0 0 0 ' ,116 ,2 ,2, 0
167 ,197, 155, '145 116 97 133 53 111 96 89 ' ,'0 0 0 0 0 0 0 0 ' ,92 ,1 ,3, 1
213 ,185, 194, '166 168 159 149 83 129 113 102 ' ,'0 0 0 0 0 0 0 0 ' ,80 ,2 ,26, 0
266 ,206, 251, '142 187 218 210 112 132 108 68 ' ,'0 0 0 0 0 0 0 0 ' ,172 ,18 ,5, 0
256 ,289, 243, '140 168 144 229 98 114 81 92 ' ,'0 0 0 0 0 0 0 0 ' ,151 ,2 ,6, 1
207 ,251, 190, '176 140 130 143 100 159 149 70 ' ,'0 0 0 0 0 0 0 0 ' ,109 ,2 ,6, 1
249 ,233, 234, '122 155 183 223 126 105 98 85 ' ,'0 0 0 0 0 0 0 0 ' ,141 ,2 ,2, 0
198 ,291, 185, '162 164 123 125 87 95 96 98 ' ,'0 0 0 0 0 0 0 0 ' ,85 ,2 ,8, 1
194 ,192, 180, '167 159 156 138 116 75 99 108 ' ,'0 0 0 0 0 0 0 0 ' ,97 ,1 ,4, 1
185 ,187, 171, '138 158 153 163 103 91 96 104 ' ,'0 0 0 0 0 0 0 0 ' ,74 ,1 ,2, 0
244 ,183, 230, '182 214 218 167 111 89 74 93 ' ,'0 0 0 0 0 0 0 0 ' ,145 ,1 ,2, 2
436 ,276, 421, '387 166 146 193 97 123 83 108 ' ,'0 0 0 0 0 0 0 0 ' ,306 ,1 ,28, 1
240 ,443, 222, '134 188 125 182 98 73 107 81 ' ,'0 0 0 0 0 0 0 0 ' ,117 ,1 ,34, 1
251 ,233, 239, '225 198 203 154 125 155 93 86 ' ,'0 0 0 0 0 0 0 0 ' ,142 ,1 ,4, 1
199 ,244, 187, '177 85 146 124 72 95 101 113 ' ,'0 0 0 0 0 0 0 0 ' ,107 ,1 ,2, 1
225 ,252, 208, '177 199 150 168 100 104 90 98 ' ,'0 0 0 0 0 0 0 0 ' ,110 ,1 ,3, 1
309 ,248, 294, '284 184 161 189 101 117 117 155 ' ,'0 0 0 0 0 0 0 0 ' ,185 ,1 ,2, 1
232 ,335, 218, '148 206 192 139 63 79 115 124 ' ,'0 0 0 0 0 0 0 0 ' ,145 ,1 ,4, 1
231 ,261, 217, '140 162 158 148 79 183 96 91 ' ,'0 0 0 0 0 0 0 0 ' ,105 ,2 ,27, 1
200 ,238, 184, '174 171 155 143 93 119 97 111 ' ,'0 0 0 0 0 0 0 0 ' ,83 ,1 ,3, 0
178 ,190, 165, '151 124 151 103 89 78 108 89 ' ,'0 0 0 0 0 0 0 0 ' ,76 ,1 ,7, 1
187 ,197, 174, '139 146 163 126 102 100 87 96 ' ,'0 0 0 0 0 0 0 0 ' ,79 ,1 ,2, 1
192 ,183, 179, '167 138 153 147 88 93 93 82 ' ,'0 0 0 0 0 0 0 0 ' ,87 ,1 ,3, 1
202 ,186, 189, '165 144 143 165 92 112 120 117 ' ,'0 0 0 0 0 0 0 0 ' ,76 ,1 ,16, 1
263 ,204, 249, '145 170 214 159 100 134 153 126 ' ,'0 0 0 0 0 0 0 0 ' ,115 ,1 ,27, 1
300 ,265, 287, '255 188 110 197 93 89 132 125 ' ,'0 0 0 0 0 0 0 0 ' ,168 ,1 ,21, 1
162 ,305, 147, '138 101 120 136 69 121 82 87 ' ,'0 0 0 0 0 0 0 0 ' ,71 ,1 ,2, 0
160 ,157, 147, '136 110 128 107 68 84 90 88 ' ,'0 0 0 0 0 0 0 0 ' ,69 ,1 ,2, 1
177 ,156, 163, '151 134 151 129 114 89 85 79 ' ,'0 0 0 0 0 0 0 0 ' ,74 ,0 ,5, 0
184 ,171, 171, '156 99 119 106 95 104 126 95 ' ,'0 0 0 0 0 0 0 0 ' ,63 ,1 ,7, 1
224 ,178, 210, '198 157 140 141 125 133 168 127 ' ,'0 0 0 0 0 0 0 0 ' ,75 ,1 ,5, 0
252 ,216, 237, '171 200 128 155 107 115 118 157 ' ,'0 0 0 0 0 0 0 0 ' ,87 ,1 ,30, 1
246 ,243, 231, '173 218 156 146 99 116 124 114 ' ,'0 0 0 0 0 0 0 0 ' ,121 ,1 ,5, 1
188 ,259, 174, '144 151 136 163 105 123 98 104 ' ,'0 0 0 0 0 0 0 0 ' ,67 ,1 ,4, 1
288 ,182, 272, '170 170 128 137 104 99 125 99 ' ,'0 0 0 0 0 0 0 0 ' ,163 ,1 ,2, 1
202 ,283, 189, '158 142 148 176 104 115 98 105 ' ,'0 0 0 0 0 0 0 0 ' ,80 ,1 ,7, 1
162 ,199, 147, '129 119 134 120 81 84 90 82 ' ,'0 0 0 0 0 0 0 0 ' ,55 ,1 ,6, 1
169 ,155, 155, '140 111 109 115 82 88 81 77 ' ,'0 0 0 0 0 0 0 0 ' ,65 ,1 ,4, 1
232 ,331, 218, '137 124 207 170 112 110 93 108 ' ,'0 0 0 0 0 0 0 0 ' ,114 ,1 ,3, 0
195 ,226, 179, '114 168 128 141 101 93 82 86 ' ,'0 0 0 0 0 0 0 0 ' ,88 ,1 ,2, 0
217 ,188, 203, '87 145 172 166 99 92 101 99 ' ,'0 0 0 0 0 0 0 0 ' ,86 ,0 ,23, 0
241 ,219, 227, '175 215 188 186 83 135 96 114 ' ,'0 0 0 0 0 0 0 0 ' ,135 ,1 ,5, 0
255 ,278, 242, '150 174 221 104 85 123 140 122 ' ,'0 0 0 0 0 0 0 0 ' ,137 ,1 ,14, 2
206 ,273, 192, '180 164 173 177 125 114 101 111 ' ,'0 0 0 0 0 0 0 0 ' ,82 ,1 ,4, 2
192 ,217, 180, '170 129 155 152 89 147 122 83 ' ,'0 0 0 0 0 0 0 0 ' ,87 ,1 ,2, 1
180 ,186, 166, '122 154 139 123 84 106 83 100 ' ,'0 0 0 0 0 0 0 0 ' ,73 ,1 ,5, 1
204 ,175, 191, '118 145 179 148 135 103 97 103 ' ,'0 0 0 0 0 0 0 0 ' ,84 ,1 ,5, 0
258 ,212, 244, '118 173 217 128 79 107 64 112 ' ,'0 0 0 0 0 0 0 0 ' ,155 ,1 ,20, 1
403 ,260, 390, '346 256 228 182 66 102 111 130 ' ,'0 0 0 0 0 0 0 0 ' ,283 ,1 ,34, 1
275 ,396, 262, '158 215 245 254 123 139 149 158 ' ,'0 0 0 0 0 0 0 0 ' ,130 ,1 ,4, 0
193 ,414, 179, '159 167 158 163 116 151 118 135 ' ,'0 0 0 0 0 0 0 0 ' ,54 ,1 ,5, 1
192 ,186, 173, '140 126 159 107 88 105 125 97 ' ,'0 0 0 0 0 0 0 0 ' ,75 ,1 ,4, 0
162 ,180, 148, '135 125 129 115 89 88 93 119 ' ,'0 0 0 0 0 0 0 0 ' ,49 ,1 ,5, 1
263 ,153, 249, '231 237 130 169 155 196 108 159 ' ,'0 0 0 0 0 0 0 0 ' ,128 ,1 ,6, 1
215 ,275, 203, '174 164 189 147 112 147 136 160 ' ,'0 0 0 0 0 0 0 0 ' ,77 ,1 ,7, 1
225 ,226, 211, '163 170 197 148 131 83 171 146 ' ,'0 0 0 0 0 0 0 0 ' ,118 ,1 ,6, 1
279 ,234, 266, '205 155 214 169 106 158 126 129 ' ,'0 0 0 0 0 0 0 0 ' ,146 ,36 ,5, 1
288 ,285, 275, '148 245 174 195 112 162 140 112 ' ,'0 0 0 0 0 0 0 0 ' ,135 ,1 ,23, 1
218 ,283, 207, '139 160 195 150 86 105 85 98 ' ,'0 0 0 0 0 0 0 0 ' ,110 ,1 ,4, 1
243 ,229, 228, '206 177 207 167 107 92 98 97 ' ,'0 0 0 0 0 0 0 0 ' ,119 ,1 ,13, 1
168 ,256, 155, '144 125 142 134 104 100 94 91 ' ,'0 0 0 0 0 0 0 0 ' ,55 ,1 ,3, 0
267 ,163, 253, '145 126 167 242 82 154 176 128 ' ,'0 0 0 0 0 0 0 0 ' ,162 ,1 ,4, 1
348 ,260, 334, '171 174 321 187 111 125 112 108 ' ,'0 0 0 0 0 0 0 0 ' ,216 ,0 ,5, 1
209 ,358, 192, '167 182 172 164 125 131 118 136 ' ,'0 0 0 0 0 0 0 0 ' ,64 ,1 ,2, 1
246 ,198, 231, '192 162 215 161 93 143 123 133 ' ,'0 0 0 0 0 0 0 0 ' ,126 ,2 ,7, 1
200 ,258, 185, '131 152 126 155 84 117 103 125 ' ,'0 0 0 0 0 0 0 0 ' ,72 ,1 ,25, 1
185 ,340, 167, '139 162 134 139 105 106 126 95 ' ,'0 0 0 0 0 0 0 0 ' ,63 ,1 ,4, 2
350 ,195, 333, '323 155 163 145 124 114 98 119 ' ,'0 0 0 0 0 0 0 0 ' ,228 ,2 ,5, 1
245 ,343, 231, '163 219 138 118 105 90 93 156 ' ,'0 0 0 0 0 0 0 0 ' ,129 ,1 ,5, 1
377 ,240, 198, '149 187 142 184 91 103 103 130 ' ,'0 0 0 0 0 0 0 0 ' ,98 ,1 ,3, 1
221 ,371, 207, '152 196 176 155 80 120 74 91 ' ,'0 0 0 0 0 0 0 0 ' ,124 ,1 ,5, 2
268 ,215, 255, '176 149 231 202 94 155 146 87 ' ,'0 0 0 0 0 0 0 0 ' ,145 ,1 ,16, 0
411 ,270, 399, '213 220 110 120 88 100 86 138 ' ,'0 0 0 0 0 0 0 0 ' ,136 ,1 ,170, 1
230 ,406, 217, '132 185 143 145 83 76 101 98 ' ,'0 0 0 0 0 0 0 0 ' ,106 ,0 ,24, 1
203 ,223, 187, '151 172 146 150 67 76 76 67 ' ,'0 0 0 0 0 0 0 0 ' ,107 ,1 ,8, 1
181 ,194, 166, '129 112 135 127 74 78 103 77 ' ,'0 0 0 0 0 0 0 0 ' ,62 ,1 ,25, 1
207 ,173, 191, '180 144 183 155 77 104 91 95 ' ,'0 0 0 0 0 0 0 0 ' ,105 ,1 ,4, 1
274 ,202, 256, '247 244 157 213 133 138 120 129 ' ,'0 0 0 0 0 0 0 0 ' ,130 ,1 ,3, 1
307 ,266, 293, '185 230 146 282 96 83 176 130 ' ,'0 0 0 0 0 0 0 0 ' ,202 ,0 ,4, 1
216 ,328, 204, '152 168 190 151 105 121 100 108 ' ,'0 0 0 0 0 0 0 0 ' ,87 ,0 ,7, 2
185 ,227, 172, '138 120 132 119 79 85 91 82 ' ,'0 0 0 0 0 0 0 0 ' ,61 ,1 ,28, 1
176 ,178, 163, '152 130 118 121 90 93 98 91 ' ,'0 0 0 0 0 0 0 0 ' ,62 ,0 ,5, 1
182 ,168, 168, '155 157 134 126 84 84 102 94 ' ,'0 0 0 0 0 0 0 0 ' ,76 ,2 ,6, 1
213 ,178, 200, '160 159 190 151 86 133 98 126 ' ,'0 0 0 0 0 0 0 0 ' ,106 ,1 ,2, 1
302 ,208, 291, '168 156 279 144 112 129 114 107 ' ,'0 0 0 0 0 0 0 0 ' ,173 ,1 ,2, 1
273 ,316, 263, '214 219 250 130 147 203 50 126 ' ,'0 0 0 0 0 0 0 0 ' ,203 ,0 ,2, 1
216 ,293, 204, '165 194 165 173 90 88 67 175 ' ,'0 0 0 0 0 0 0 0 ' ,129 ,0 ,1, 1
218 ,231, 204, '143 105 176 118 93 88 139 85 ' ,'0 0 0 0 0 0 0 0 ' ,92 ,1 ,19, 1
173 ,219, 160, '140 137 147 146 98 98 87 107 ' ,'0 0 0 0 0 0 0 0 ' ,59 ,0 ,1, 1
193 ,182, 178, '147 139 165 136 67 93 95 97 ' ,'0 0 0 0 0 0 0 0 ' ,100 ,1 ,6, 1
268 ,203, 256, '243 210 175 197 106 121 112 141 ' ,'0 0 0 0 0 0 0 0 ' ,138 ,1 ,3, 1
240 ,284, 228, '139 180 214 188 115 191 160 155 ' ,'0 0 0 0 0 0 0 0 ' ,101 ,1 ,6, 1
241 ,253, 228, '215 140 165 170 150 118 115 131 ' ,'0 0 0 0 0 0 0 0 ' ,105 ,1 ,3, 1
231 ,236, 219, '204 148 174 178 103 92 110 110 ' ,'0 0 0 0 0 0 0 0 ' ,113 ,1 ,8, 1
203 ,224, 190, '174 171 158 104 107 119 110 106 ' ,'0 0 0 0 0 0 0 0 ' ,72 ,1 ,7, 1
796 ,217, 783, '131 145 141 772 94 101 83 117 ' ,'0 0 0 0 0 0 0 0 ' ,691 ,2 ,3, 1
223 ,791, 210, '135 117 169 184 134 99 76 104 ' ,'0 0 0 0 0 0 0 0 ' ,109 ,1 ,18, 1
193 ,220, 180, '139 161 145 166 133 105 94 115 ' ,'0 0 0 0 0 0 0 0 ' ,71 ,1 ,8, 1
283 ,208, 270, '166 132 190 158 156 116 257 119 ' ,'0 0 0 0 0 0 0 0 ' ,143 ,1 ,5, 1
208 ,277, 194, '180 136 179 172 121 160 105 140 ' ,'0 0 0 0 0 0 0 0 ' ,79 ,1 ,6, 2
229 ,213, 215, '201 159 197 173 163 111 124 123 ' ,'0 0 0 0 0 0 0 0 ' ,94 ,1 ,6, 1
234 ,244, 221, '144 143 162 207 77 109 115 105 ' ,'0 0 0 0 0 0 0 0 ' ,132 ,1 ,4, 0
198 ,244, 184, '127 122 110 148 63 73 84 80 ' ,'0 0 0 0 0 0 0 0 ' ,86 ,1 ,28, 1
174 ,191, 160, '123 120 149 141 106 91 107 101 ' ,'0 0 0 0 0 0 0 0 ' ,60 ,1 ,4, 1
188 ,167, 175, '127 129 119 161 63 95 88 76 ' ,'0 0 0 0 0 0 0 0 ' ,99 ,1 ,7, 1
160 ,182, 144, '109 104 117 133 77 88 89 71 ' ,'0 0 0 0 0 0 0 0 ' ,63 ,1 ,4, 1
156 ,156, 142, '112 109 130 111 81 90 83 79 ' ,'0 0 0 0 0 0 0 0 ' ,54 ,1 ,4, 1
253 ,151, 238, '200 224 182 186 125 131 121 102 ' ,'0 0 0 0 0 0 0 0 ' ,124 ,1 ,5, 0
558 ,263, 543, '528 223 177 228 152 202 154 244 ' ,'0 0 0 0 0 0 0 0 ' ,378 ,1 ,6, 1
269 ,569, 254, '168 147 135 231 102 112 154 57 ' ,'0 0 0 0 0 0 0 0 ' ,176 ,0 ,10, 1
252 ,277, 240, '155 107 110 225 124 126 102 104 ' ,'0 0 0 0 0 0 0 0 ' ,123 ,1 ,9, 1
169 ,266, 151, '103 113 132 139 76 87 84 88 ' ,'0 0 0 0 0 0 0 0 ' ,66 ,1 ,5, 1
158 ,160, 145, '115 129 116 111 83 85 84 107 ' ,'0 0 0 0 0 0 0 0 ' ,47 ,1 ,11, 1
243 ,152, 230, '119 143 111 151 98 84 82 207 ' ,'0 0 0 0 0 0 0 0 ' ,127 ,1 ,15, 1
229 ,266, 216, '181 189 193 120 120 115 102 95 ' ,'0 0 0 0 0 0 0 0 ' ,95 ,1 ,18, 1
286 ,232, 271, '204 204 254 188 148 140 154 173 ' ,'0 0 0 0 0 0 0 0 ' ,118 ,1 ,10, 2
276 ,280, 263, '190 159 155 198 145 116 141 153 ' ,'0 0 0 0 0 0 0 0 ' ,83 ,1 ,59, 1
232 ,269, 219, '208 157 173 193 107 92 77 112 ' ,'0 0 0 0 0 0 0 0 ' ,132 ,1 ,4, 1
208 ,228, 195, '152 181 144 135 82 90 93 96 ' ,'0 0 0 0 0 0 0 0 ' ,99 ,0 ,7, 1
163 ,217, 146, '120 137 115 127 88 107 104 98 ' ,'0 0 0 0 0 0 0 0 ' ,47 ,1 ,2, 1
153 ,161, 138, '120 125 104 113 91 95 85 85 ' ,'0 0 0 0 0 0 0 0 ' ,46 ,1 ,4, 1
189 ,190, 176, '162 136 112 124 77 79 74 97 ' ,'0 0 0 0 0 0 0 0 ' ,87 ,0 ,6, 1
195 ,181, 182, '167 172 139 148 90 141 95 109 ' ,'0 0 0 0 0 0 0 0 ' ,82 ,0 ,3, 1
175 ,209, 164, '154 149 144 146 104 111 101 127 ' ,'0 0 0 0 0 0 0 0 ' ,53 ,0 ,2, 1
279 ,183, 267, '148 255 218 182 202 194 213 91 ' ,'0 0 0 0 0 0 0 0 ' ,166 ,1 ,4, 2
293 ,276, 278, '202 262 241 231 145 114 104 188 ' ,'0 0 0 0 0 0 0 0 ' ,160 ,1 ,9, 1
250 ,284, 238, '173 187 222 148 135 135 164 139 ' ,'0 0 0 0 0 0 0 0 ' ,88 ,1 ,9, 2
211 ,257, 198, '183 174 164 153 101 121 108 133 ' ,'0 0 0 0 0 0 0 0 ' ,85 ,1 ,7, 1
178 ,219, 166, '153 139 138 143 71 100 103 114 ' ,'0 0 0 0 0 0 0 0 ' ,82 ,1 ,6, 1
171 ,184, 157, '121 132 143 132 102 79 73 106 ' ,'0 0 0 0 0 0 0 0 ' ,71 ,1 ,8, 1
