248 ,0, 128, '24 23 36 25 34 47 26 25 35 27 29 36 ' ,'0 0 0 0 0 0 0 0 0 0 0 0 ' ,38 ,5 ,13, 13
1393 ,1006, 1041, '414 365 391 249 448 444 291 396 336 363 455 899 ' ,'0 0 0 0 0 0 0 0 0 0 0 0 ' ,659 ,3 ,112, 8
410 ,1401, 384, '287 226 318 244 282 293 193 310 280 362 271 256 ' ,'0 0 0 0 0 0 0 0 0 0 0 0 ' ,179 ,2 ,5, 3
412 ,525, 390, '363 244 311 334 199 204 296 275 275 286 247 235 ' ,'0 0 0 0 0 0 0 0 0 0 0 0 ' ,166 ,2 ,14, 3
385 ,476, 367, '164 236 231 268 253 212 209 269 206 234 226 194 ' ,'0 0 0 0 0 0 0 0 0 0 0 0 ' ,123 ,1 ,63, 2
376 ,422, 360, '164 241 223 185 197 205 233 201 188 210 209 171 ' ,'0 0 0 0 0 0 0 0 0 0 0 0 ' ,80 ,2 ,106, 0
405 ,412, 375, '290 213 316 290 272 193 198 272 201 238 257 224 ' ,'0 0 0 0 0 0 0 0 0 0 0 0 ' ,128 ,2 ,49, 1
401 ,440, 388, '284 367 256 312 265 320 280 223 288 252 296 291 ' ,'0 0 0 0 0 0 0 0 0 0 0 0 ' ,136 ,3 ,13, 1
319 ,429, 299, '250 206 211 282 212 215 243 204 258 204 210 236 ' ,'0 0 0 0 0 0 0 0 0 0 0 0 ' ,82 ,3 ,7, 2
354 ,313, 340, '261 263 271 267 302 283 268 260 279 266 277 303 ' ,'0 0 0 0 0 0 0 0 0 0 0 0 ' ,45 ,2 ,27, 1
461 ,376, 447, '232 276 279 364 367 286 277 298 206 276 292 262 ' ,'0 0 0 0 0 0 0 0 0 0 0 0 ' ,165 ,2 ,71, 1
337 ,455, 321, '213 271 243 231 255 260 231 299 252 225 240 216 ' ,'0 0 0 0 0 0 0 0 0 0 0 0 ' ,95 ,4 ,7, 2
409 ,331, 395, '311 275 270 227 341 258 365 299 277 290 291 249 ' ,'0 0 0 0 0 0 0 0 0 0 0 0 ' ,146 ,3 ,16, 2
516 ,430, 505, '216 198 219 213 275 219 488 188 213 210 225 231 ' ,'0 0 0 0 0 0 0 0 0 0 0 0 ' ,300 ,2 ,8, 2
355 ,537, 338, '276 308 190 255 292 246 252 235 292 312 297 290 ' ,'0 0 0 0 0 0 0 0 0 0 0 0 ' ,136 ,17 ,6, 2
381 ,394, 367, '325 221 223 229 235 217 237 160 207 205 201 220 ' ,'0 0 0 0 0 0 0 0 0 0 0 0 ' ,167 ,4 ,32, 0
356 ,401, 341, '274 301 267 305 325 289 307 299 313 239 223 295 ' ,'0 0 0 0 0 0 0 0 0 0 0 0 ' ,105 ,1 ,2, 2
369 ,377, 356, '264 251 216 312 311 223 246 274 231 219 308 297 ' ,'0 0 0 0 0 0 0 0 0 0 0 0 ' ,100 ,2 ,35, 1
328 ,364, 311, '278 294 296 261 253 249 273 221 277 277 253 287 ' ,'0 0 0 0 0 0 0 0 0 0 0 0 ' ,79 ,2 ,7, 2
322 ,341, 304, '224 240 237 229 290 203 232 195 220 233 213 269 ' ,'0 0 0 0 0 0 0 0 0 0 0 0 ' ,99 ,2 ,5, 1
300 ,316, 283, '214 198 193 264 255 213 182 252 198 208 247 219 ' ,'0 0 0 0 0 0 0 0 0 0 0 0 ' ,85 ,2 ,10, 2
293 ,289, 278, '234 241 265 226 211 220 250 201 208 193 200 261 ' ,'0 0 0 0 0 0 0 0 0 0 0 0 ' ,76 ,2 ,4, 2
365 ,290, 349, '196 182 217 233 247 261 267 291 221 266 230 324 ' ,'0 0 0 0 0 0 0 0 0 0 0 0 ' ,153 ,2 ,11, 1
427 ,357, 415, '304 279 219 296 250 258 374 238 298 249 259 325 ' ,'0 0 0 0 0 0 0 0 0 0 0 0 ' ,157 ,2 ,31, 2
377 ,427, 361, '279 302 258 275 338 314 244 289 250 306 214 155 ' ,'0 0 0 0 0 0 0 0 0 0 0 0 ' ,186 ,1 ,14, 1
426 ,395, 412, '214 261 218 231 228 284 245 293 373 265 271 225 ' ,'0 0 0 0 0 0 0 0 0 0 0 0 ' ,162 ,2 ,29, 1
343 ,424, 329, '254 222 304 247 254 281 218 249 313 252 280 299 ' ,'0 0 0 0 0 0 0 0 0 0 0 0 ' ,100 ,2 ,5, 2
292 ,369, 277, '233 234 241 259 248 226 201 215 213 195 222 217 ' ,'0 0 0 0 0 0 0 0 0 0 0 0 ' ,65 ,2 ,10, 5
319 ,285, 307, '237 267 269 213 238 286 228 254 214 223 236 231 ' ,'0 0 0 0 0 0 0 0 0 0 0 0 ' ,72 ,2 ,12, 2
332 ,317, 314, '266 256 227 295 274 275 269 293 243 244 217 272 ' ,'0 0 0 0 0 0 0 0 0 0 0 0 ' ,81 ,1 ,6, 2
366 ,354, 353, '250 195 241 323 274 280 245 306 284 304 218 318 ' ,'0 0 0 0 0 0 0 0 0 0 0 0 ' ,131 ,2 ,21, 1
721 ,374, 706, '254 596 248 247 253 240 274 307 311 371 273 674 ' ,'0 0 0 0 0 0 0 0 0 0 0 0 ' ,440 ,2 ,21, 2
360 ,758, 346, '285 188 221 254 236 314 329 215 221 279 211 244 ' ,'0 0 0 0 0 0 0 0 0 0 0 0 ' ,145 ,2 ,5, 1
440 ,389, 425, '229 233 319 290 232 276 248 260 236 254 256 291 ' ,'0 0 0 0 0 0 0 0 0 0 0 0 ' ,95 ,2 ,93, 1
336 ,554, 318, '244 193 284 211 176 276 262 277 254 242 211 251 ' ,'0 0 0 0 0 0 0 0 0 0 0 0 ' ,108 ,2 ,28, 1
525 ,332, 510, '244 164 248 232 475 277 285 360 283 291 301 295 ' ,'0 0 0 0 0 0 0 0 0 0 0 0 ' ,315 ,1 ,26, 1
444 ,656, 429, '370 283 299 258 243 328 391 329 239 310 312 241 ' ,'0 0 0 0 0 0 0 0 0 0 0 0 ' ,153 ,2 ,30, 1
448 ,439, 434, '309 289 337 401 314 419 325 289 331 357 316 388 ' ,'0 0 0 0 0 0 0 0 0 0 0 0 ' ,132 ,2 ,7, 1
388 ,585, 373, '226 229 278 357 326 238 213 224 224 210 261 257 ' ,'0 0 0 0 0 0 0 0 0 0 0 0 ' ,150 ,2 ,7, 2
336 ,554, 317, '248 220 256 278 258 218 301 294 222 272 265 290 ' ,'0 0 0 0 0 0 0 0 0 0 0 0 ' ,87 ,1 ,7, 2
408 ,340, 393, '220 226 228 245 360 259 232 202 249 251 279 246 ' ,'0 0 0 166 145 0 0 0 0 0 0 0 ' ,160 ,2 ,23, 1
338 ,400, 324, '266 237 250 272 241 248 225 243 230 240 308 197 ' ,'0 0 0 0 0 0 0 0 0 0 0 0 ' ,110 ,1 ,5, 1
303 ,334, 290, '232 238 273 209 273 255 189 216 217 230 225 240 ' ,'0 0 0 0 0 0 0 0 0 0 0 0 ' ,88 ,2 ,6, 1
379 ,308, 365, '268 287 260 217 250 291 238 266 266 241 288 340 ' ,'0 0 0 0 0 0 0 0 0 0 0 0 ' ,133 ,1 ,7, 2
353 ,390, 340, '322 293 315 303 276 260 299 326 303 248 295 297 ' ,'0 0 0 0 0 0 0 0 0 0 0 0 ' ,78 ,1 ,6, 2
481 ,500, 467, '432 262 313 298 271 440 297 304 278 352 355 294 ' ,'0 0 0 0 0 0 0 0 0 0 0 0 ' ,182 ,1 ,15, 1
260 ,604, 247, '217 218 232 184 207 227 219 212 231 209 194 223 ' ,'0 0 0 0 0 0 0 0 0 0 0 0 ' ,54 ,1 ,4, 1
250 ,256, 237, '188 186 207 200 224 211 202 221 214 218 192 185 ' ,'0 0 0 0 0 0 0 0 0 0 0 0 ' ,43 ,1 ,4, 1
325 ,247, 308, '226 186 237 258 292 211 244 222 228 266 184 193 ' ,'0 0 0 0 0 0 0 0 0 0 0 0 ' ,113 ,1 ,2, 2
296 ,323, 281, '222 210 219 231 240 264 227 206 174 198 209 236 ' ,'0 0 0 0 0 0 0 0 0 0 0 0 ' ,92 ,1 ,11, 2
441 ,303, 425, '271 257 280 307 411 277 309 312 396 248 281 292 ' ,'0 0 0 0 0 0 0 0 0 0 0 0 ' ,166 ,2 ,5, 1
367 ,452, 353, '307 277 292 277 313 337 194 211 286 275 243 287 ' ,'0 0 0 0 0 0 0 0 0 0 0 0 ' ,146 ,1 ,6, 2
406 ,377, 388, '304 274 368 332 311 243 269 315 282 255 336 267 ' ,'0 0 0 0 0 0 0 0 0 0 0 0 ' ,128 ,1 ,10, 2
345 ,545, 331, '315 258 255 284 224 260 215 247 268 270 312 274 ' ,'0 0 0 0 0 0 0 0 0 0 0 0 ' ,100 ,1 ,8, 2
310 ,339, 295, '272 236 259 262 261 232 277 222 228 269 264 217 ' ,'0 0 0 0 0 0 0 0 0 0 0 0 ' ,59 ,1 ,5, 2
351 ,324, 336, '300 242 240 251 294 302 215 304 237 285 276 249 ' ,'0 0 0 0 0 0 0 0 0 0 0 0 ' ,92 ,1 ,22, 2
259 ,342, 244, '200 196 212 200 192 202 203 181 200 191 193 221 ' ,'0 0 0 0 0 0 0 0 0 0 0 0 ' ,42 ,1 ,8, 2
292 ,254, 278, '215 201 187 234 192 197 203 233 222 217 238 229 ' ,'0 0 0 0 0 0 0 0 0 0 0 0 ' ,57 ,4 ,28, 2
334 ,285, 319, '233 192 247 218 231 302 254 257 301 288 265 234 ' ,'0 0 0 0 0 0 0 0 0 0 0 0 ' ,114 ,1 ,8, 1
501 ,333, 486, '230 262 236 247 282 201 220 222 260 248 252 206 ' ,'0 0 0 0 0 0 0 0 0 0 0 0 ' ,83 ,1 ,196, 2
326 ,494, 312, '291 286 193 243 282 250 273 243 238 213 263 230 ' ,'0 0 0 0 0 0 0 0 0 0 0 0 ' ,99 ,1 ,13, 1
655 ,473, 641, '320 327 294 628 371 355 282 329 263 265 268 394 ' ,'0 0 0 0 0 0 0 0 0 0 0 0 ' ,366 ,1 ,3, 2
735 ,676, 719, '705 435 298 324 358 296 336 343 311 262 227 362 ' ,'0 0 0 0 0 0 0 0 0 0 0 0 ' ,476 ,1 ,7, 2
359 ,768, 343, '245 273 328 272 243 270 287 269 229 258 262 224 ' ,'0 0 0 0 0 0 0 0 0 0 0 0 ' ,102 ,1 ,10, 1
344 ,361, 328, '219 205 232 269 240 269 312 295 236 232 237 242 ' ,'0 0 0 0 0 0 0 0 0 0 0 0 ' ,107 ,1 ,9, 1
296 ,337, 272, '221 201 202 189 232 246 219 209 214 264 210 199 ' ,'0 0 0 0 0 0 0 0 0 0 0 0 ' ,78 ,1 ,5, 1
351 ,292, 334, '231 246 201 229 233 312 277 188 281 288 291 221 ' ,'0 0 0 0 0 0 0 0 0 0 0 0 ' ,126 ,1 ,13, 1
403 ,353, 390, '235 325 290 200 260 359 255 337 215 233 373 277 ' ,'0 0 0 0 0 0 0 0 0 0 0 0 ' ,177 ,1 ,5, 2
564 ,429, 550, '259 329 325 291 286 298 347 341 534 247 244 300 ' ,'0 0 0 0 0 0 0 0 0 0 0 0 ' ,291 ,1 ,8, 0
550 ,578, 534, '351 407 332 423 481 411 349 367 327 277 266 292 ' ,'0 0 0 0 0 0 0 0 0 0 0 0 ' ,216 ,1 ,45, 2
366 ,544, 353, '252 278 272 322 303 306 275 333 249 300 298 270 ' ,'0 0 0 0 0 0 0 0 0 0 0 0 ' ,87 ,1 ,10, 2
317 ,362, 303, '221 276 190 241 254 285 243 248 246 240 206 212 ' ,'0 0 0 0 0 0 0 0 0 0 0 0 ' ,96 ,1 ,10, 2
273 ,311, 257, '227 222 215 225 207 244 229 238 245 195 206 209 ' ,'0 0 0 0 0 0 0 0 0 0 0 0 ' ,51 ,1 ,5, 1
431 ,283, 411, '256 254 391 212 304 320 234 357 242 344 229 340 ' ,'0 0 0 0 0 0 0 0 0 0 0 0 ' ,182 ,2 ,17, 1
662 ,435, 650, '276 320 260 316 621 270 372 231 292 252 294 251 ' ,'0 0 0 0 0 0 0 0 0 0 0 0 ' ,393 ,1 ,15, 1
397 ,667, 384, '277 254 268 351 342 292 359 215 363 314 284 301 ' ,'0 0 0 0 0 0 0 0 0 0 0 0 ' ,149 ,1 ,13, 1
400 ,409, 388, '320 333 305 252 311 269 354 277 348 321 270 283 ' ,'0 0 0 0 0 0 0 0 0 0 0 0 ' ,102 ,1 ,25, 2
395 ,393, 381, '311 298 301 274 298 341 364 315 337 321 363 300 ' ,'0 0 0 0 0 0 0 0 0 0 0 0 ' ,94 ,1 ,8, 2
369 ,403, 349, '253 293 234 254 278 223 225 261 224 269 329 218 ' ,'0 0 0 0 0 0 0 0 0 0 0 0 ' ,114 ,1 ,13, 2
717 ,374, 700, '263 339 249 318 340 296 314 271 685 286 311 245 ' ,'0 0 0 0 0 0 0 0 0 0 0 0 ' ,441 ,1 ,8, 2
306 ,734, 287, '216 244 229 245 262 270 174 201 234 252 256 262 ' ,'0 0 0 0 0 0 0 0 0 0 0 0 ' ,99 ,1 ,9, 2
358 ,309, 344, '238 220 269 272 328 298 260 238 280 287 252 214 ' ,'0 0 0 0 0 0 0 0 0 0 0 0 ' ,115 ,1 ,6, 1
418 ,376, 404, '322 272 287 308 358 277 389 260 294 233 249 276 ' ,'0 0 0 0 0 0 0 0 0 0 0 0 ' ,158 ,1 ,6, 2
350 ,423, 336, '277 244 291 273 318 279 302 254 319 237 320 266 ' ,'0 0 0 0 0 0 0 0 0 0 0 0 ' ,82 ,1 ,7, 2
621 ,360, 609, '329 294 582 302 395 239 279 308 288 282 343 380 ' ,'0 0 0 0 0 0 0 0 0 0 0 0 ' ,338 ,1 ,20, 1
356 ,624, 339, '223 324 246 240 230 298 229 248 207 245 229 248 ' ,'0 0 0 0 0 0 0 0 0 0 0 0 ' ,119 ,0 ,9, 1
424 ,362, 409, '254 262 389 221 262 264 261 346 275 242 213 270 ' ,'0 0 0 0 0 0 0 0 0 0 0 0 ' ,175 ,1 ,13, 1
484 ,433, 469, '265 221 239 254 223 200 196 286 277 393 245 241 ' ,'0 0 0 0 0 0 0 0 0 0 0 0 ' ,200 ,1 ,64, 1
486 ,476, 473, '292 193 273 207 240 249 195 267 245 222 453 240 ' ,'0 0 0 0 0 0 0 0 0 0 0 0 ' ,265 ,1 ,6, 2
369 ,484, 356, '252 227 301 332 339 305 310 295 266 279 303 275 ' ,'0 0 0 0 0 0 0 0 0 0 0 0 ' ,114 ,1 ,8, 2
351 ,367, 338, '319 233 257 289 293 289 269 229 225 287 256 233 ' ,'0 0 0 0 0 0 0 0 0 0 0 0 ' ,94 ,2 ,10, 3
505 ,361, 491, '282 335 299 314 200 243 274 258 273 328 451 288 ' ,'0 0 0 0 0 0 0 0 0 0 0 0 ' ,256 ,1 ,28, 2
423 ,497, 409, '242 352 369 241 209 243 315 236 240 249 255 175 ' ,'0 0 0 0 0 0 0 0 0 0 0 0 ' ,196 ,1 ,32, 2
272 ,421, 259, '222 223 226 240 232 212 207 233 234 234 212 210 ' ,'0 0 0 0 0 0 0 0 0 0 0 0 ' ,32 ,1 ,14, 2
278 ,271, 263, '237 234 243 252 239 223 213 195 232 227 211 235 ' ,'0 0 0 0 0 0 0 0 0 0 0 0 ' ,52 ,1 ,3, 2
273 ,288, 260, '219 201 239 185 197 228 236 237 190 207 188 219 ' ,'0 0 0 0 0 0 0 0 0 0 0 0 ' ,59 ,1 ,10, 1
392 ,278, 378, '227 240 228 245 262 254 361 255 254 229 268 250 ' ,'0 0 0 0 0 0 0 0 0 0 0 0 ' ,135 ,1 ,4, 1
716 ,387, 699, '293 327 238 343 381 302 304 306 279 282 672 330 ' ,'0 0 0 0 0 0 0 0 0 0 0 0 ' ,445 ,1 ,10, 2
501 ,759, 487, '345 290 282 339 360 283 366 357 438 272 269 460 ' ,'0 0 0 0 0 0 0 0 0 0 0 0 ' ,194 ,1 ,14, 2
378 ,511, 365, '285 246 269 301 278 293 300 319 345 234 260 323 ' ,'0 0 0 0 0 0 0 0 0 0 0 0 ' ,113 ,1 ,13, 1
304 ,385, 287, '230 202 272 226 194 208 225 198 254 209 233 232 ' ,'0 0 0 0 0 0 0 0 0 0 0 0 ' ,81 ,1 ,7, 2
318 ,313, 305, '284 216 244 211 249 220 259 254 218 225 210 238 ' ,'0 0 0 0 0 0 0 0 0 0 0 0 ' ,76 ,1 ,11, 1
286 ,318, 272, '226 190 250 236 256 232 206 247 243 233 206 221 ' ,'0 0 0 0 0 0 0 0 0 0 0 0 ' ,69 ,1 ,6, 1
393 ,285, 378, '276 295 264 253 287 333 265 361 310 285 300 248 ' ,'0 0 0 0 0 58 0 0 0 0 0 0 ' ,115 ,1 ,7, 2
405 ,390, 393, '301 347 340 355 296 321 375 293 284 306 290 292 ' ,'0 0 0 0 0 0 0 0 0 0 0 0 ' ,94 ,1 ,9, 2
570 ,411, 556, '322 240 350 337 316 239 531 388 419 340 318 306 ' ,'0 0 0 0 0 0 0 0 0 0 0 0 ' ,295 ,1 ,16, 3
446 ,594, 432, '254 271 203 226 263 264 336 413 388 254 244 289 ' ,'0 0 0 0 0 0 0 0 0 0 0 0 ' ,215 ,2 ,5, 1
374 ,473, 359, '219 231 198 300 288 263 258 189 258 207 231 235 ' ,'0 0 0 0 0 0 0 0 0 0 0 0 ' ,112 ,1 ,34, 2
341 ,366, 321, '252 224 209 279 269 214 251 307 191 277 256 226 ' ,'0 0 0 0 0 0 0 0 0 0 0 0 ' ,118 ,1 ,8, 1
336 ,348, 321, '296 224 250 242 204 268 270 252 258 237 254 255 ' ,'0 0 0 0 0 0 0 0 0 0 0 0 ' ,95 ,1 ,16, 1
381 ,328, 364, '330 352 262 349 297 256 270 320 239 319 317 305 ' ,'0 0 0 56 0 0 0 0 0 0 0 0 ' ,114 ,1 ,8, 2
430 ,388, 415, '342 397 333 329 317 310 319 273 301 335 293 256 ' ,'0 0 0 0 0 0 0 0 0 0 0 0 ' ,140 ,1 ,12, 2
441 ,434, 428, '404 393 288 312 345 275 324 274 304 347 410 304 ' ,'0 0 0 0 0 0 0 0 0 0 0 0 ' ,139 ,1 ,9, 2
427 ,451, 415, '283 265 248 302 293 279 241 378 312 255 394 295 ' ,'0 0 0 0 0 0 0 0 0 0 0 0 ' ,157 ,1 ,3, 3
425 ,427, 411, '230 219 342 292 286 264 298 318 289 260 257 279 ' ,'0 0 0 0 0 0 0 0 0 0 0 0 ' ,125 ,1 ,61, 2
372 ,427, 357, '241 243 246 336 251 330 219 231 222 323 164 289 ' ,'0 0 0 0 0 0 0 0 0 34 0 0 ' ,172 ,1 ,12, 2
392 ,434, 374, '285 249 313 226 267 263 264 359 244 331 214 225 ' ,'0 0 0 0 0 0 0 0 0 0 0 0 ' ,145 ,2 ,3, 2
307 ,402, 293, '259 252 227 275 276 273 265 249 222 237 273 257 ' ,'0 0 0 0 0 0 0 0 0 0 0 0 ' ,57 ,2 ,8, 2
361 ,347, 342, '279 278 314 303 291 286 249 282 223 320 244 322 ' ,'0 0 0 0 0 0 0 0 0 0 0 0 ' ,102 ,1 ,14, 3
394 ,364, 380, '265 288 356 295 328 346 292 274 248 232 279 217 ' ,'0 0 0 0 0 0 0 0 0 0 0 0 ' ,137 ,1 ,15, 4
603 ,398, 589, '221 337 256 211 282 259 290 360 250 210 320 564 ' ,'0 0 0 0 0 0 0 0 0 0 0 0 ' ,359 ,1 ,11, 2
416 ,613, 402, '294 242 286 277 199 280 227 375 254 267 240 207 ' ,'0 0 0 0 0 0 0 0 0 0 0 0 ' ,179 ,1 ,16, 2
292 ,421, 278, '196 209 217 212 202 208 205 193 201 253 216 182 ' ,'0 0 0 0 0 0 0 0 0 0 0 0 ' ,73 ,1 ,15, 2
332 ,296, 312, '249 232 234 227 242 227 217 294 269 224 220 221 ' ,'0 0 0 0 0 0 0 0 0 0 0 0 ' ,83 ,1 ,10, 2
276 ,334, 261, '219 243 216 222 199 213 234 184 208 184 236 244 ' ,'0 0 0 0 0 0 0 0 0 0 0 0 ' ,64 ,2 ,4, 1
279 ,278, 266, '185 197 202 177 243 186 203 194 218 184 222 168 ' ,'0 0 0 0 0 0 0 0 0 0 0 0 ' ,78 ,1 ,13, 2
271 ,278, 257, '233 177 187 187 197 196 186 209 212 223 211 176 ' ,'0 0 0 0 0 0 0 0 0 0 0 0 ' ,57 ,1 ,15, 1
773 ,271, 760, '349 248 736 317 337 340 262 491 292 327 331 304 ' ,'0 0 0 0 0 0 0 0 0 0 0 0 ' ,493 ,1 ,14, 2
492 ,778, 479, '448 417 463 406 341 339 427 246 334 409 385 308 ' ,'0 0 0 0 0 0 0 0 0 0 0 0 ' ,218 ,1 ,8, 1
384 ,507, 372, '340 296 278 256 324 284 270 307 255 230 284 254 ' ,'0 0 0 0 0 0 0 0 0 0 0 0 ' ,110 ,1 ,22, 2
364 ,382, 352, '339 232 254 333 290 253 258 270 260 259 280 257 ' ,'0 0 0 0 0 0 0 0 0 0 0 0 ' ,108 ,2 ,5, 1
283 ,380, 266, '221 215 195 197 225 215 213 222 235 218 247 174 ' ,'0 0 0 0 0 0 0 0 0 0 0 0 ' ,74 ,1 ,8, 1
313 ,288, 302, '237 265 200 194 232 197 221 195 168 224 263 237 ' ,'0 0 0 0 0 0 0 0 0 0 0 0 ' ,101 ,1 ,22, 2
362 ,314, 349, '207 187 316 245 312 197 273 251 242 297 270 224 ' ,'0 0 0 0 0 0 0 0 0 0 0 0 ' ,133 ,2 ,23, 2
608 ,370, 595, '247 224 543 253 456 311 380 231 366 302 313 300 ' ,'0 0 0 0 0 0 0 0 0 0 0 0 ' ,322 ,1 ,39, 2
610 ,601, 593, '417 361 356 307 240 376 459 268 280 368 576 360 ' ,'0 0 0 0 0 0 0 0 0 0 0 0 ' ,339 ,1 ,6, 2
562 ,630, 546, '269 244 518 231 306 437 282 303 335 323 387 313 ' ,'0 0 0 0 0 0 0 0 0 0 0 0 ' ,290 ,2 ,14, 2
388 ,564, 373, '306 264 230 236 286 265 251 225 232 339 284 241 ' ,'0 0 0 0 0 0 0 0 0 0 0 0 ' ,114 ,1 ,23, 2
385 ,390, 373, '206 241 259 256 229 240 201 250 199 222 341 197 ' ,'0 0 0 0 0 0 0 0 0 0 0 0 ' ,149 ,1 ,13, 1
289 ,423, 274, '203 215 187 254 205 219 237 241 240 217 252 202 ' ,'0 0 0 0 0 0 0 0 0 0 0 0 ' ,72 ,1 ,10, 1
326 ,300, 308, '226 241 234 174 252 230 221 201 233 285 190 238 ' ,'0 0 0 0 0 0 0 0 0 0 0 0 ' ,117 ,2 ,11, 1
313 ,324, 298, '204 161 192 195 188 201 208 277 216 219 209 200 ' ,'0 0 0 0 0 0 0 0 0 0 0 0 ' ,125 ,1 ,6, 2
397 ,328, 384, '342 320 217 275 323 279 325 313 274 266 214 343 ' ,'0 0 0 0 0 0 0 0 0 0 0 0 ' ,131 ,1 ,31, 2
400 ,400, 388, '372 365 311 298 286 289 277 289 283 360 327 298 ' ,'0 0 0 0 0 0 0 0 0 0 0 0 ' ,95 ,2 ,6, 2
468 ,416, 456, '346 321 394 393 305 433 315 304 274 278 368 295 ' ,'0 0 0 0 0 0 0 0 0 0 0 0 ' ,161 ,1 ,12, 2
433 ,470, 420, '359 348 313 295 267 309 348 377 276 283 329 307 ' ,'0 0 0 0 0 0 0 0 0 0 0 0 ' ,113 ,1 ,33, 2
394 ,426, 379, '262 309 243 360 307 279 276 343 251 300 257 312 ' ,'0 0 0 0 0 0 0 0 0 0 0 0 ' ,117 ,0 ,15, 2
384 ,399, 369, '257 289 217 232 302 240 273 328 278 304 297 340 ' ,'0 0 0 0 0 0 0 0 0 0 0 0 ' ,128 ,2 ,17, 1
336 ,395, 323, '296 236 263 216 267 251 267 265 218 275 272 241 ' ,'0 0 0 0 0 0 0 0 0 0 0 0 ' ,84 ,1 ,17, 2
328 ,338, 315, '201 210 262 233 208 209 287 217 209 202 212 186 ' ,'0 0 0 0 0 0 0 0 0 0 0 0 ' ,103 ,1 ,12, 2
