219 ,0, 112, '22 24 26 42 29 25 24 26 27 35 30 23 23 26 22 34 ' ,'0 0 0 0 0 0 0 0 0 0 0 0 0 0 0 0 ' ,60 ,6 ,15, 15
620 ,154, 602, '512 348 400 315 250 410 354 479 325 333 376 330 320 281 368 427 ' ,'0 0 0 0 0 0 0 0 0 0 0 0 0 0 0 0 ' ,279 ,3 ,52, 4
413 ,692, 397, '242 204 248 226 213 231 198 216 240 227 264 227 164 154 138 143 ' ,'0 0 0 0 0 0 0 0 0 0 0 0 0 0 0 0 ' ,147 ,1 ,95, 5
472 ,402, 450, '428 214 214 209 227 206 293 231 236 217 188 222 162 215 141 150 ' ,'0 0 0 0 0 0 0 0 0 0 0 0 0 0 0 0 ' ,283 ,2 ,11, 3
525 ,553, 506, '412 167 128 191 151 144 237 269 129 145 141 223 117 154 146 178 ' ,'0 0 0 0 0 0 0 0 0 0 0 0 0 0 0 0 ' ,295 ,2 ,79, 1
266 ,557, 248, '158 156 213 170 175 197 198 156 189 197 223 156 110 142 105 132 ' ,'0 0 0 0 0 0 0 0 0 0 0 0 0 0 0 0 ' ,125 ,3 ,6, 1
295 ,352, 279, '155 187 188 145 223 181 192 203 190 243 187 135 134 196 128 205 ' ,'0 0 0 0 0 0 0 0 0 0 0 0 0 0 0 0 ' ,120 ,3 ,10, 2
361 ,384, 347, '236 227 221 220 238 234 222 251 224 203 208 223 169 140 195 141 ' ,'0 0 0 0 0 0 0 0 0 0 0 0 0 0 0 0 ' ,119 ,2 ,80, 0
328 ,362, 307, '192 163 198 206 202 192 172 170 176 170 251 149 136 129 169 145 ' ,'0 0 0 0 0 0 0 0 0 0 0 0 0 0 0 0 ' ,126 ,3 ,51, 1
313 ,346, 295, '261 216 180 235 223 195 253 230 204 220 265 227 151 138 150 197 ' ,'0 0 0 0 0 0 0 0 0 0 0 0 0 0 0 0 ' ,131 ,3 ,19, 2
307 ,360, 288, '219 274 242 169 221 222 247 190 172 237 206 248 174 146 142 186 ' ,'0 0 0 0 0 0 0 0 0 0 0 0 0 0 0 0 ' ,127 ,3 ,7, 1
294 ,343, 272, '172 259 177 172 201 155 213 192 161 167 206 228 165 125 149 120 ' ,'0 0 0 0 0 0 0 0 0 0 0 0 0 0 0 0 ' ,142 ,3 ,7, 1
328 ,311, 308, '294 217 262 267 207 167 265 189 237 229 222 259 161 178 139 180 ' ,'0 0 0 0 0 0 0 0 0 0 0 0 0 0 0 0 ' ,155 ,3 ,5, 1
255 ,351, 239, '187 152 153 139 182 215 186 176 182 147 218 167 138 129 119 162 ' ,'0 0 0 0 0 0 0 0 0 0 0 0 0 0 0 0 ' ,106 ,3 ,7, 1
334 ,294, 321, '244 195 187 263 223 219 220 232 200 282 253 181 191 237 143 187 ' ,'0 0 0 0 0 0 0 0 0 0 0 0 0 0 0 0 ' ,143 ,4 ,27, 0
280 ,339, 264, '190 171 244 167 175 178 179 164 166 193 174 209 129 116 146 126 ' ,'0 0 0 0 0 0 0 0 0 0 0 0 0 0 0 0 ' ,129 ,4 ,7, 2
334 ,286, 317, '291 221 211 252 220 304 222 245 154 255 181 236 147 174 152 217 ' ,'0 0 0 0 0 0 0 0 0 0 0 0 0 0 0 0 ' ,155 ,2 ,2, 2
385 ,399, 370, '355 241 202 221 192 219 270 207 197 343 209 237 161 116 185 153 ' ,'0 0 0 0 0 0 0 0 0 0 0 0 0 0 0 0 ' ,246 ,1 ,2, 2
284 ,429, 270, '248 253 205 240 222 172 251 210 211 255 204 199 167 166 197 157 ' ,'0 0 0 0 0 0 0 0 0 0 0 0 0 0 0 0 ' ,104 ,1 ,4, 1
242 ,317, 229, '178 187 182 216 176 153 164 206 214 194 183 147 128 150 149 155 ' ,'0 0 0 0 0 0 0 0 0 0 0 0 0 0 0 0 ' ,87 ,1 ,3, 2
242 ,238, 226, '178 214 211 183 193 181 175 161 169 199 158 150 117 137 126 119 ' ,'0 0 0 0 0 0 0 0 0 0 0 0 0 0 0 0 ' ,96 ,2 ,5, 1
283 ,240, 262, '182 173 185 164 183 231 153 176 164 191 144 195 117 142 93 146 ' ,'0 0 0 0 0 0 0 0 0 0 0 0 0 0 0 0 ' ,142 ,1 ,20, 2
410 ,293, 397, '255 276 352 227 182 196 255 189 262 191 171 215 155 148 136 223 ' ,'0 0 0 0 0 0 0 0 0 0 0 0 0 0 0 0 ' ,216 ,2 ,35, 1
1122 ,402, 1109, '202 194 214 207 192 177 208 238 266 192 1060 232 150 204 136 176 ' ,'0 0 0 0 0 0 0 0 0 0 0 0 0 0 0 0 ' ,927 ,2 ,38, 1
416 ,1115, 396, '356 258 209 216 243 167 214 172 177 164 270 260 129 156 131 169 ' ,'0 0 0 0 0 0 0 0 0 0 0 0 0 0 0 0 ' ,226 ,3 ,33, 0
356 ,409, 343, '224 192 227 194 235 271 221 222 201 240 294 182 185 183 101 179 ' ,'0 0 0 0 0 0 0 0 0 0 0 0 0 0 0 0 ' ,200 ,2 ,30, 0
305 ,356, 291, '232 203 241 231 209 179 192 216 202 195 215 262 167 162 139 175 ' ,'0 0 0 0 0 0 0 0 0 0 0 0 0 0 0 0 ' ,128 ,2 ,18, 1
259 ,309, 239, '193 170 212 191 178 194 167 222 212 182 221 201 129 121 146 154 ' ,'0 0 0 0 0 0 0 0 0 0 0 0 0 0 0 0 ' ,105 ,2 ,7, 1
251 ,269, 239, '217 181 218 221 214 165 153 197 179 188 196 187 152 127 142 174 ' ,'0 0 0 0 0 0 0 0 0 0 0 0 0 0 0 0 ' ,92 ,4 ,6, 2
259 ,245, 245, '213 167 208 229 204 176 146 184 177 198 229 201 159 128 130 125 ' ,'0 0 0 0 0 0 0 0 0 0 0 0 0 0 0 0 ' ,109 ,1 ,5, 2
273 ,255, 254, '238 227 202 180 228 208 210 183 178 150 244 171 160 148 153 127 ' ,'0 0 0 0 0 0 0 0 0 0 0 0 0 0 0 0 ' ,120 ,1 ,5, 1
713 ,298, 699, '217 425 261 212 610 411 411 120 684 407 288 307 111 168 122 175 ' ,'0 0 0 0 0 0 0 0 0 0 0 0 0 0 0 0 ' ,576 ,1 ,5, 2
286 ,738, 268, '215 259 203 232 211 224 194 223 196 147 188 207 144 230 126 181 ' ,'0 0 0 0 0 0 0 0 0 0 0 0 0 0 0 0 ' ,136 ,2 ,2, 0
308 ,305, 293, '267 218 243 206 262 253 261 222 201 246 193 212 167 234 157 121 ' ,'0 0 0 0 0 0 0 0 0 0 0 0 0 0 0 0 ' ,163 ,1 ,8, 1
252 ,335, 239, '138 211 193 196 219 197 188 151 196 140 159 185 138 102 144 132 ' ,'0 0 0 0 0 0 0 0 0 0 0 0 0 0 0 0 ' ,123 ,1 ,9, 1
310 ,410, 295, '203 226 256 224 195 169 162 210 171 134 233 244 182 184 158 192 ' ,'0 0 0 0 0 0 0 0 0 0 0 0 0 0 0 0 ' ,120 ,2 ,29, 1
324 ,466, 310, '284 262 251 240 239 194 188 154 263 182 146 271 191 177 176 212 ' ,'0 0 0 0 0 0 0 0 0 0 0 0 0 0 0 0 ' ,140 ,2 ,18, 0
457 ,333, 440, '259 241 267 269 186 217 280 292 211 424 211 271 235 172 162 196 ' ,'0 0 0 0 0 0 0 0 0 0 0 0 0 0 0 0 ' ,267 ,2 ,5, 2
288 ,474, 274, '192 208 202 233 222 224 181 261 245 177 227 199 120 144 166 185 ' ,'0 0 0 0 0 0 0 0 0 0 0 0 0 0 0 0 ' ,143 ,2 ,4, 1
355 ,305, 342, '186 179 291 306 222 328 204 205 285 280 168 208 106 154 152 114 ' ,'0 0 0 0 0 0 0 0 0 0 0 0 0 0 0 0 ' ,223 ,2 ,5, 2
258 ,488, 243, '189 177 227 193 161 194 194 209 175 156 192 168 147 130 147 141 ' ,'0 0 0 0 0 0 0 0 0 0 0 0 0 0 0 0 ' ,100 ,1 ,2, 2
246 ,252, 232, '199 198 217 179 206 168 214 177 181 182 182 165 143 134 136 160 ' ,'0 0 0 0 0 0 0 0 0 0 0 0 0 0 0 0 ' ,85 ,2 ,6, 2
256 ,245, 241, '191 193 201 197 196 165 159 156 181 222 189 184 152 143 136 134 ' ,'0 0 0 0 0 0 0 0 0 0 0 0 0 0 0 0 ' ,92 ,2 ,7, 1
458 ,250, 438, '222 200 261 181 203 264 259 224 204 201 175 202 196 148 147 177 ' ,'0 0 0 0 0 0 0 0 0 0 0 0 0 0 0 0 ' ,122 ,1 ,164, 1
289 ,462, 274, '173 239 214 177 212 160 162 219 260 239 227 213 148 180 199 129 ' ,'0 0 0 0 0 0 0 0 0 0 0 0 0 0 0 0 ' ,134 ,2 ,6, 2
370 ,479, 354, '244 326 321 155 200 265 225 197 278 284 298 211 180 261 150 182 ' ,'0 0 0 0 0 0 0 0 0 0 0 0 0 0 0 0 ' ,179 ,1 ,19, 1
267 ,377, 253, '227 153 208 191 197 159 169 166 217 169 230 173 114 121 129 143 ' ,'0 0 0 0 0 0 0 0 0 0 0 0 0 0 0 0 ' ,125 ,4 ,7, 2
366 ,433, 350, '196 158 139 174 152 183 157 152 150 156 241 157 122 114 146 126 ' ,'136 0 0 0 0 0 0 0 0 0 0 0 0 0 0 0 ' ,221 ,1 ,9, 0
284 ,360, 272, '205 189 257 214 232 193 164 189 183 195 153 153 146 130 105 127 ' ,'0 0 0 0 0 0 0 0 0 0 0 0 0 0 0 0 ' ,152 ,1 ,7, 1
280 ,282, 265, '163 183 195 167 165 246 188 188 171 205 198 188 113 148 134 199 ' ,'0 0 0 0 0 0 0 0 0 0 0 0 0 0 0 0 ' ,136 ,2 ,8, 0
451 ,275, 433, '169 211 281 238 297 291 166 200 262 252 189 252 139 171 151 203 ' ,'0 0 0 0 0 0 0 0 0 0 0 0 0 0 0 0 ' ,157 ,1 ,128, 1
296 ,486, 277, '199 207 214 177 193 212 262 157 244 202 242 233 129 177 187 197 ' ,'0 0 0 0 0 0 0 0 0 0 0 0 0 0 0 0 ' ,134 ,1 ,8, 1
354 ,307, 341, '245 205 226 200 219 204 204 224 330 299 176 250 137 149 206 207 ' ,'0 0 0 0 0 0 0 0 0 0 0 0 0 0 0 0 ' ,193 ,1 ,4, 1
263 ,376, 248, '188 203 207 198 210 189 212 233 215 197 211 180 146 168 196 159 ' ,'0 0 0 0 0 0 0 0 0 0 0 0 0 0 0 0 ' ,89 ,2 ,5, 0
440 ,257, 423, '172 174 272 198 223 235 229 211 199 197 254 187 154 139 176 165 ' ,'0 0 0 0 0 0 0 0 0 0 0 0 0 0 0 0 ' ,273 ,1 ,4, 1
316 ,530, 302, '236 192 196 203 240 207 250 200 190 159 284 185 177 146 169 124 ' ,'0 0 0 0 0 0 0 0 0 0 0 0 0 0 0 0 ' ,165 ,1 ,8, 1
218 ,326, 203, '170 149 195 152 170 152 156 155 174 175 155 150 139 112 113 119 ' ,'0 0 0 0 0 0 0 0 0 0 0 0 0 0 0 0 ' ,86 ,0 ,1, 1
242 ,224, 223, '144 155 214 164 177 153 154 165 158 201 135 151 130 119 134 180 ' ,'0 0 0 0 0 0 0 0 0 0 0 0 0 0 0 0 ' ,98 ,1 ,1, 0
313 ,247, 299, '212 211 251 181 278 205 243 235 224 241 194 228 175 176 146 132 ' ,'0 0 0 0 0 0 0 0 0 0 0 0 0 0 0 0 ' ,151 ,1 ,13, 1
234 ,309, 221, '168 184 192 180 154 210 194 186 180 187 196 173 124 148 122 121 ' ,'0 0 0 0 0 0 0 0 0 0 0 0 0 0 0 0 ' ,91 ,1 ,3, 1
263 ,241, 249, '202 171 213 217 176 180 231 230 211 184 236 201 127 133 169 144 ' ,'0 0 0 0 0 0 0 0 0 0 0 0 0 0 0 0 ' ,110 ,1 ,4, 2
648 ,272, 635, '197 197 247 184 187 152 231 268 232 339 550 219 147 118 174 204 ' ,'0 0 0 0 0 0 0 0 0 0 165 0 0 0 0 0 ' ,495 ,1 ,14, 1
539 ,658, 522, '176 293 223 502 272 212 239 220 234 214 141 179 189 149 179 303 ' ,'0 0 0 0 0 0 0 0 0 0 0 0 0 0 0 0 ' ,363 ,1 ,12, 1
436 ,556, 422, '288 233 225 204 406 187 224 221 222 248 195 208 170 161 214 152 ' ,'0 0 138 0 0 0 0 0 0 0 0 0 0 0 0 0 ' ,259 ,1 ,3, 2
274 ,456, 257, '225 191 246 187 160 192 202 232 156 201 177 235 114 126 148 155 ' ,'0 0 0 0 0 0 0 0 0 0 0 0 0 0 0 0 ' ,131 ,1 ,5, 1
295 ,269, 282, '209 190 260 211 156 184 175 193 184 172 166 178 139 110 111 134 ' ,'0 0 0 0 0 0 0 0 0 0 0 0 0 0 0 0 ' ,152 ,1 ,13, 1
393 ,288, 370, '232 169 198 194 188 209 162 177 215 202 270 351 279 130 202 253 ' ,'0 0 0 0 0 0 0 0 0 0 0 122 139 0 0 0 ' ,226 ,1 ,8, 1
285 ,388, 270, '203 192 237 158 174 158 201 167 204 200 245 213 252 221 172 139 ' ,'0 0 0 0 0 0 0 0 0 0 0 0 0 0 0 0 ' ,121 ,1 ,6, 1
423 ,304, 408, '240 194 277 220 237 364 181 248 189 248 203 199 161 148 183 184 ' ,'0 0 0 0 0 0 0 0 0 0 0 0 0 0 0 0 ' ,218 ,1 ,33, 1
413 ,413, 399, '252 319 308 268 251 366 263 326 292 190 310 292 226 239 236 208 ' ,'0 0 0 0 0 0 0 0 0 0 0 0 0 0 0 0 ' ,178 ,1 ,25, 1
304 ,423, 291, '273 214 237 250 210 224 247 215 259 214 198 204 153 169 169 141 ' ,'0 0 0 0 0 0 0 0 0 0 0 0 0 0 0 0 ' ,138 ,1 ,7, 1
260 ,298, 249, '178 199 228 185 194 212 184 187 170 175 197 165 133 137 135 137 ' ,'0 0 0 0 0 0 0 0 0 0 0 0 0 0 0 0 ' ,102 ,1 ,5, 1
342 ,259, 325, '171 202 194 203 304 196 188 162 199 188 212 164 120 153 124 134 ' ,'0 0 0 0 0 0 0 0 0 0 0 0 0 0 0 0 ' ,186 ,1 ,12, 1
531 ,343, 516, '353 187 204 277 238 483 195 249 277 223 286 226 89 230 196 221 ' ,'0 0 0 0 0 0 0 0 0 0 0 0 0 0 0 0 ' ,396 ,1 ,21, 0
504 ,536, 486, '232 264 209 264 229 231 228 313 399 277 462 211 162 167 207 146 ' ,'0 0 0 0 0 0 0 0 0 0 0 0 0 0 0 0 ' ,322 ,1 ,12, 1
379 ,505, 362, '271 239 332 247 255 270 199 267 197 284 253 210 184 175 198 167 ' ,'0 0 0 0 0 0 0 0 0 0 0 0 0 0 0 0 ' ,166 ,1 ,22, 0
301 ,374, 287, '238 234 178 200 213 254 230 204 250 207 229 211 181 196 202 185 ' ,'0 0 0 0 0 0 0 0 0 0 0 0 0 0 0 0 ' ,79 ,1 ,27, 2
351 ,304, 332, '235 199 324 249 229 259 213 228 227 275 270 258 110 149 184 178 ' ,'0 0 0 0 0 0 0 0 0 0 0 0 0 0 0 0 ' ,214 ,1 ,6, 2
347 ,370, 332, '216 201 286 219 181 230 202 186 206 299 307 200 151 148 152 174 ' ,'0 0 0 0 0 0 0 0 0 0 0 0 0 0 0 0 ' ,165 ,1 ,13, 1
348 ,357, 334, '313 229 231 293 221 277 288 237 240 270 314 246 199 144 199 195 ' ,'0 0 0 0 0 0 0 0 0 0 0 0 0 0 0 0 ' ,176 ,1 ,9, 1
274 ,363, 259, '194 132 227 220 207 160 180 203 191 180 245 184 148 169 159 182 ' ,'0 0 0 0 0 0 0 0 0 0 0 0 0 0 0 0 ' ,117 ,1 ,3, 0
417 ,287, 403, '173 215 224 241 233 389 230 201 186 204 371 191 172 162 154 200 ' ,'0 0 0 0 0 0 0 0 0 0 0 0 0 0 0 0 ' ,237 ,1 ,5, 1
553 ,441, 541, '203 247 269 247 243 250 188 245 527 297 292 223 182 219 143 522 ' ,'0 0 0 0 0 0 0 0 0 0 0 0 0 0 0 0 ' ,384 ,1 ,6, 1
294 ,565, 276, '245 218 209 183 231 172 227 225 260 229 196 221 135 221 171 175 ' ,'0 0 0 0 0 0 0 0 0 0 0 0 0 0 0 0 ' ,126 ,1 ,10, 1
328 ,299, 307, '174 278 249 240 296 219 238 235 274 257 251 217 188 186 177 223 ' ,'0 0 0 0 0 0 0 0 0 0 0 0 0 0 0 0 ' ,126 ,1 ,5, 1
326 ,336, 310, '287 193 152 236 194 251 220 204 137 153 184 186 140 168 162 98 ' ,'0 0 0 0 0 0 0 0 0 0 0 0 0 0 0 0 ' ,199 ,1 ,9, 1
290 ,346, 264, '263 247 220 231 220 220 198 193 186 260 214 203 182 172 160 208 ' ,'0 0 0 0 0 0 0 0 0 0 0 0 0 0 0 0 ' ,104 ,0 ,7, 0
330 ,301, 310, '168 203 227 242 223 210 215 213 215 193 195 297 193 172 154 136 ' ,'0 0 0 0 0 0 0 0 0 0 0 0 0 0 0 0 ' ,167 ,1 ,4, 1
273 ,347, 255, '195 213 241 233 205 168 214 210 216 235 225 191 163 194 155 180 ' ,'0 0 0 0 0 0 0 0 0 0 0 0 0 0 0 0 ' ,85 ,1 ,10, 1
379 ,267, 366, '188 227 338 207 231 199 348 218 278 226 296 205 173 188 166 156 ' ,'0 0 0 0 0 0 0 0 0 0 0 0 0 0 0 0 ' ,196 ,1 ,10, 1
289 ,373, 273, '194 201 237 206 233 226 198 255 182 206 213 180 123 141 173 224 ' ,'0 0 0 0 0 0 0 0 0 0 0 0 0 0 0 0 ' ,133 ,1 ,7, 1
332 ,303, 319, '253 224 249 211 240 233 235 240 277 253 301 261 191 173 201 241 ' ,'0 0 0 0 0 0 0 0 0 0 0 0 0 0 0 0 ' ,131 ,1 ,6, 0
333 ,345, 320, '208 220 200 205 190 224 260 285 172 119 228 197 149 192 96 126 ' ,'0 0 0 0 0 0 0 0 0 0 0 0 0 0 0 0 ' ,191 ,1 ,22, 1
264 ,375, 247, '219 203 169 230 171 171 181 208 202 191 195 174 150 154 168 160 ' ,'0 0 0 0 0 0 0 0 0 0 0 0 0 0 0 0 ' ,81 ,1 ,7, 1
252 ,275, 236, '189 178 202 199 212 195 200 189 211 156 216 161 154 145 141 133 ' ,'0 0 0 0 0 0 0 0 0 0 0 0 0 0 0 0 ' ,88 ,1 ,9, 1
285 ,245, 268, '166 183 204 253 194 137 190 215 192 181 172 193 123 151 140 131 ' ,'0 0 0 0 0 0 0 0 0 0 0 0 0 0 0 0 ' ,131 ,2 ,8, 1
281 ,281, 267, '243 227 217 225 233 229 226 220 194 195 227 212 153 181 163 123 ' ,'0 0 0 0 0 0 0 0 0 0 0 0 0 0 0 0 ' ,126 ,1 ,16, 1
293 ,276, 278, '243 213 230 199 231 182 218 253 173 218 256 245 209 158 194 156 ' ,'0 0 0 0 0 0 0 0 0 0 0 0 0 0 0 0 ' ,106 ,1 ,11, 2
573 ,304, 557, '268 301 203 251 352 295 247 376 303 171 277 335 228 321 530 140 ' ,'0 0 0 0 0 0 0 0 0 0 0 0 0 0 0 0 ' ,396 ,1 ,18, 2
311 ,580, 298, '269 194 258 236 248 241 202 241 232 230 185 194 203 251 190 143 ' ,'0 0 0 0 0 0 0 0 0 0 0 0 0 0 0 0 ' ,129 ,1 ,20, 2
256 ,317, 241, '174 188 179 198 185 202 189 164 193 192 207 162 169 178 164 144 ' ,'0 0 0 0 0 0 0 0 0 0 0 0 0 0 0 0 ' ,68 ,1 ,27, 1
629 ,248, 614, '219 179 593 165 187 161 193 207 200 192 202 203 179 135 158 155 ' ,'0 0 0 0 0 0 0 0 0 0 0 0 0 0 0 0 ' ,458 ,1 ,13, 2
261 ,621, 247, '176 183 192 212 173 225 173 155 203 166 213 210 113 150 163 168 ' ,'0 0 0 0 0 0 0 0 0 0 0 0 0 0 0 0 ' ,115 ,1 ,10, 1
274 ,255, 258, '213 208 166 166 164 244 196 187 216 210 186 193 153 136 196 192 ' ,'0 0 0 0 0 0 0 0 0 0 0 0 0 0 0 0 ' ,111 ,1 ,8, 1
323 ,273, 309, '209 242 271 244 206 254 292 250 195 247 220 228 228 171 165 214 ' ,'0 0 0 0 0 0 0 0 0 0 0 0 0 0 0 0 ' ,129 ,1 ,3, 1
492 ,336, 478, '224 193 310 335 333 151 302 344 221 239 447 293 219 183 195 174 ' ,'0 0 0 0 0 0 0 0 0 0 0 0 0 0 0 0 ' ,300 ,1 ,18, 1
401 ,512, 387, '198 206 274 209 218 349 226 208 206 251 183 254 149 215 185 126 ' ,'0 0 0 0 0 0 0 0 0 0 0 0 0 0 0 0 ' ,246 ,19 ,12, 1
960 ,429, 947, '263 205 202 178 190 182 200 181 236 183 305 247 924 149 156 157 ' ,'0 0 0 0 0 0 0 0 0 0 0 0 0 0 0 0 ' ,775 ,1 ,7, 1
304 ,981, 289, '210 275 178 197 155 183 220 213 204 215 211 149 159 169 157 139 ' ,'0 0 0 0 0 0 0 0 0 0 0 0 0 0 0 0 ' ,140 ,1 ,7, 1
276 ,315, 261, '207 165 200 234 239 213 168 182 199 188 193 184 140 149 145 151 ' ,'0 0 0 0 0 0 0 0 0 0 0 0 0 0 0 0 ' ,99 ,1 ,13, 2
323 ,275, 309, '238 258 282 274 283 228 259 167 239 282 264 245 165 183 144 144 ' ,'0 0 0 0 0 0 0 0 0 0 0 0 0 0 0 0 ' ,147 ,2 ,15, 1
417 ,324, 404, '246 191 211 256 234 265 220 234 226 262 367 253 226 173 155 183 ' ,'0 0 0 0 0 0 0 0 0 0 0 0 0 0 0 0 ' ,212 ,2 ,28, 1
359 ,410, 348, '221 328 253 267 236 196 234 228 211 258 279 264 177 270 165 171 ' ,'0 0 0 0 0 0 0 0 0 0 0 0 0 0 0 0 ' ,165 ,1 ,11, 1
300 ,379, 284, '257 238 266 246 243 203 225 214 240 247 252 208 158 184 169 209 ' ,'0 0 0 0 0 0 0 0 0 0 0 0 0 0 0 0 ' ,108 ,0 ,5, 1
428 ,299, 413, '393 158 306 220 217 273 204 197 236 218 257 202 198 119 213 199 ' ,'0 0 0 0 0 0 0 0 0 0 0 0 0 0 0 0 ' ,276 ,0 ,11, 1
293 ,461, 279, '201 181 192 210 177 195 258 194 157 179 228 190 162 168 171 129 ' ,'0 0 0 0 0 0 0 0 0 0 0 0 0 0 0 0 ' ,135 ,1 ,11, 1
290 ,299, 275, '198 221 236 211 159 165 211 174 171 166 257 167 183 165 161 175 ' ,'0 0 0 0 0 0 0 0 0 0 0 0 0 0 0 0 ' ,103 ,1 ,8, 1
283 ,301, 270, '181 241 233 215 185 194 170 189 230 215 204 170 145 120 161 159 ' ,'0 0 0 0 0 0 0 0 0 0 0 0 0 0 0 0 ' ,122 ,1 ,22, 1
343 ,276, 332, '211 212 187 204 305 221 256 274 312 198 251 204 151 165 152 129 ' ,'0 0 0 0 0 0 0 0 0 0 0 0 0 0 0 0 ' ,186 ,1 ,11, 2
436 ,349, 424, '267 308 172 236 306 333 288 231 168 275 316 307 204 197 134 230 ' ,'0 0 0 0 0 0 0 0 0 0 0 0 0 0 0 0 ' ,203 ,1 ,80, 2
775 ,438, 759, '193 251 231 239 277 228 182 167 267 269 174 226 108 161 726 155 ' ,'0 0 0 0 0 0 0 0 0 0 0 0 0 0 0 0 ' ,619 ,1 ,21, 1
280 ,779, 267, '220 230 176 197 243 227 214 203 191 157 218 230 162 135 179 136 ' ,'0 0 0 0 0 0 0 0 0 0 0 0 0 0 0 0 ' ,112 ,1 ,12, 2
227 ,297, 214, '156 156 148 189 158 173 182 173 150 157 148 174 124 135 153 108 ' ,'0 0 0 0 0 0 0 0 0 0 0 0 0 0 0 0 ' ,84 ,1 ,16, 1
262 ,224, 248, '173 173 194 167 232 197 223 160 205 173 219 169 148 147 148 134 ' ,'0 0 0 0 0 0 0 0 0 0 0 0 0 0 0 0 ' ,103 ,1 ,7, 1
243 ,279, 229, '213 166 173 136 209 154 180 146 185 179 177 186 111 108 122 117 ' ,'0 0 0 0 0 0 0 0 0 0 0 0 0 0 0 0 ' ,107 ,1 ,7, 2
227 ,242, 209, '187 148 152 148 156 135 144 139 142 143 152 139 105 138 134 120 ' ,'0 0 0 0 0 0 0 0 0 0 0 0 0 0 0 0 ' ,83 ,1 ,14, 1
214 ,219, 201, '130 151 172 160 170 173 184 159 165 147 177 154 128 144 108 153 ' ,'0 0 0 0 0 0 0 0 0 0 0 0 0 0 0 0 ' ,77 ,1 ,10, 1
630 ,211, 613, '414 270 581 239 243 407 304 372 353 244 391 227 175 224 283 144 ' ,'0 0 0 0 0 0 0 0 0 0 0 0 0 0 0 0 ' ,441 ,1 ,24, 2
730 ,625, 716, '349 240 565 259 353 461 312 309 419 542 246 401 285 675 300 308 ' ,'0 0 0 0 0 0 0 0 30 0 0 0 0 0 0 0 ' ,439 ,1 ,31, 2
382 ,723, 361, '162 203 234 243 183 250 204 212 223 329 216 177 71 155 86 157 ' ,'0 0 0 0 0 0 0 0 0 0 0 0 0 0 0 0 ' ,262 ,1 ,21, 1
284 ,390, 271, '215 224 239 158 218 196 183 255 198 173 203 222 232 169 143 159 ' ,'0 0 0 0 0 0 0 0 0 0 0 0 0 0 0 0 ' ,116 ,1 ,5, 1
251 ,295, 237, '158 166 181 158 225 203 170 150 140 195 179 204 104 170 113 134 ' ,'0 0 0 0 0 0 0 0 0 0 0 0 0 0 0 0 ' ,117 ,1 ,4, 1
288 ,252, 276, '213 202 172 214 153 213 183 152 181 170 181 259 171 159 145 147 ' ,'0 0 0 0 0 0 0 0 0 0 0 0 0 0 0 0 ' ,119 ,1 ,3, 1
508 ,301, 495, '456 346 202 199 200 290 267 186 93 299 181 190 229 268 103 208 ' ,'0 0 0 0 0 0 0 0 0 0 0 0 0 0 0 0 ' ,366 ,1 ,26, 1
448 ,512, 433, '189 319 164 261 208 200 234 274 395 308 307 225 180 171 229 178 ' ,'0 0 0 0 0 0 0 0 0 0 0 0 0 0 0 0 ' ,233 ,1 ,31, 1
409 ,488, 398, '311 208 298 328 381 287 204 297 285 323 251 241 208 238 203 203 ' ,'0 0 0 0 0 0 0 0 0 0 0 0 0 0 0 0 ' ,180 ,1 ,2, 2
405 ,429, 392, '171 190 218 224 284 263 204 268 257 332 276 207 141 195 171 126 ' ,'0 0 0 0 0 0 0 0 0 0 0 0 0 0 0 0 ' ,211 ,2 ,53, 2
308 ,417, 294, '230 227 280 230 203 232 249 217 211 218 258 198 142 152 185 183 ' ,'0 0 0 0 0 0 0 0 0 0 0 0 0 0 0 0 ' ,139 ,2 ,4, 2
291 ,331, 279, '227 215 167 187 243 206 191 199 172 224 213 202 144 121 131 163 ' ,'0 0 0 0 0 0 0 0 0 0 0 0 0 0 0 0 ' ,125 ,1 ,22, 1
244 ,286, 232, '162 184 157 199 183 170 147 191 215 140 180 185 152 129 157 141 ' ,'0 0 0 0 0 0 0 0 0 0 0 0 0 0 0 0 ' ,89 ,1 ,5, 1
221 ,255, 209, '164 169 162 199 166 172 176 194 199 187 192 172 130 141 152 143 ' ,'0 0 0 0 0 0 0 0 0 0 0 0 0 0 0 0 ' ,68 ,0 ,3, 1
220 ,226, 208, '173 172 172 192 167 174 159 193 183 166 193 147 105 152 143 112 ' ,'0 0 0 0 0 0 0 0 0 0 0 0 0 0 0 0 ' ,89 ,1 ,3, 0
385 ,237, 372, '235 212 262 283 317 343 217 200 287 231 260 218 238 156 224 112 ' ,'0 0 0 0 0 0 0 0 0 0 0 0 0 0 0 0 ' ,237 ,1 ,16, 1
445 ,390, 432, '159 215 270 261 227 250 255 233 233 297 395 195 230 154 179 203 ' ,'0 0 0 0 0 0 0 0 0 0 0 0 0 0 0 0 ' ,242 ,1 ,30, 2
326 ,440, 311, '173 179 280 268 261 199 256 271 282 270 250 294 144 167 238 186 ' ,'0 0 0 0 0 0 0 0 0 0 0 0 0 0 0 0 ' ,151 ,1 ,7, 2
458 ,338, 444, '223 402 304 203 204 235 244 422 305 265 406 265 248 237 163 228 ' ,'0 0 0 0 0 0 0 0 0 0 0 0 0 0 0 0 ' ,263 ,1 ,12, 2
306 ,459, 294, '202 192 266 222 208 223 207 233 189 204 268 276 196 178 124 237 ' ,'0 0 0 0 0 0 0 0 0 0 0 0 0 0 0 0 ' ,156 ,2 ,4, 2
334 ,322, 318, '212 168 238 209 275 183 158 222 179 188 204 217 169 232 170 147 ' ,'0 0 0 0 0 0 0 0 0 0 0 0 0 0 0 0 ' ,134 ,1 ,31, 2
788 ,325, 770, '173 175 140 181 211 186 178 200 209 201 186 742 144 128 135 158 ' ,'0 0 0 0 0 0 0 0 0 0 0 0 0 0 0 0 ' ,622 ,1 ,13, 1
244 ,795, 229, '206 166 183 155 203 184 171 172 171 159 190 167 149 137 146 137 ' ,'0 0 0 0 0 0 0 0 0 0 0 0 0 0 0 0 ' ,70 ,1 ,16, 1
