252 ,0, 164, '51 58 63 51 49 55 49 56 ' ,'0 0 0 0 0 0 0 0 ' ,34 ,2 ,6, 6
546 ,299, 496, '449 390 302 463 368 459 402 343 ' ,'0 0 0 0 0 0 0 0 ' ,176 ,1 ,6, 6
313 ,543, 294, '262 270 278 281 265 239 251 254 ' ,'0 0 0 0 0 0 0 0 ' ,46 ,1 ,1, 1
519 ,302, 502, '304 305 298 488 274 301 257 265 ' ,'0 0 0 0 0 0 0 0 ' ,202 ,2 ,3, 2
366 ,510, 348, '300 330 337 329 281 277 275 271 ' ,'0 0 0 0 0 0 0 0 ' ,63 ,1 ,3, 3
406 ,361, 388, '378 310 321 329 278 285 263 269 ' ,'0 0 0 0 0 0 0 0 ' ,111 ,1 ,3, 3
396 ,394, 378, '324 314 342 361 318 278 280 282 ' ,'0 0 0 0 0 0 0 0 ' ,85 ,1 ,4, 2
466 ,387, 439, '313 321 333 337 298 296 287 288 ' ,'0 0 0 0 0 0 0 0 ' ,144 ,3 ,2, 2
360 ,457, 344, '304 318 305 330 263 285 258 281 ' ,'0 0 0 0 0 0 0 0 ' ,66 ,1 ,3, 2
390 ,351, 375, '333 305 317 361 273 275 262 265 ' ,'0 0 0 0 0 0 0 0 ' ,101 ,2 ,2, 1
334 ,383, 317, '293 278 297 296 252 248 243 258 ' ,'0 0 0 0 0 0 0 0 ' ,61 ,1 ,1, 1
326 ,325, 310, '264 270 293 259 287 230 221 225 ' ,'0 0 0 0 0 0 0 0 ' ,72 ,2 ,2, 2
324 ,316, 308, '285 267 287 284 257 262 250 248 ' ,'0 0 0 0 0 0 0 0 ' ,19 ,2 ,1, 1
319 ,316, 300, '292 279 278 275 240 230 262 261 ' ,'0 0 0 0 0 0 0 0 ' ,53 ,3 ,2, 1
419 ,312, 405, '345 316 312 279 284 246 349 276 ' ,'0 0 0 0 0 0 0 0 ' ,136 ,2 ,3, 3
474 ,412, 367, '320 355 325 337 269 258 289 286 ' ,'0 0 0 0 0 0 0 0 ' ,99 ,3 ,3, 3
471 ,465, 453, '353 387 320 418 295 308 342 281 ' ,'0 0 0 0 0 0 0 0 ' ,153 ,1 ,3, 3
394 ,463, 374, '337 339 328 329 301 272 302 271 ' ,'0 0 0 0 0 0 0 0 ' ,95 ,1 ,3, 2
416 ,384, 396, '389 351 325 357 321 318 312 271 ' ,'0 0 0 0 0 0 0 0 ' ,111 ,1 ,2, 2
428 ,409, 406, '337 363 307 400 336 335 271 290 ' ,'0 0 0 0 0 0 0 0 ' ,119 ,1 ,2, 1
368 ,414, 350, '321 333 312 339 287 310 312 257 ' ,'0 0 0 0 0 0 0 0 ' ,85 ,2 ,2, 2
412 ,362, 392, '346 343 334 348 289 366 289 272 ' ,'0 0 0 0 0 0 0 0 ' ,115 ,1 ,2, 1
457 ,404, 438, '351 348 276 379 314 285 351 271 ' ,'0 0 0 0 0 0 0 0 ' ,131 ,1 ,1, 1
396 ,445, 377, '359 299 302 318 268 280 268 282 ' ,'0 0 0 0 0 0 0 0 ' ,99 ,11 ,3, 2
457 ,390, 422, '296 411 296 302 275 271 349 259 ' ,'0 0 0 0 0 0 0 0 ' ,157 ,2 ,2, 2
345 ,448, 319, '306 291 311 294 283 263 271 271 ' ,'0 0 0 0 0 0 0 0 ' ,51 ,1 ,1, 1
369 ,338, 353, '338 319 287 294 245 284 283 267 ' ,'0 0 0 0 0 0 0 0 ' ,99 ,1 ,3, 2
354 ,361, 329, '274 275 270 304 238 231 250 263 ' ,'0 0 0 0 0 0 0 0 ' ,89 ,1 ,1, 1
366 ,345, 350, '341 319 263 290 287 328 252 246 ' ,'0 0 0 0 0 0 0 0 ' ,92 ,1 ,2, 1
344 ,406, 319, '321 291 261 288 255 247 248 243 ' ,'0 0 0 0 0 0 0 0 ' ,71 ,1 ,2, 1
340 ,336, 324, '283 316 296 276 252 256 243 243 ' ,'0 0 0 0 0 0 0 0 ' ,68 ,1 ,1, 1
336 ,332, 319, '263 310 265 284 231 288 263 255 ' ,'0 0 0 0 0 0 0 0 ' ,50 ,2 ,2, 2
396 ,328, 380, '321 368 278 365 270 276 251 254 ' ,'0 0 0 0 0 0 0 0 ' ,118 ,1 ,2, 2
439 ,390, 424, '333 307 315 411 290 329 278 275 ' ,'0 0 0 0 0 0 0 0 ' ,136 ,1 ,3, 3
386 ,434, 363, '354 352 322 340 323 319 297 301 ' ,'0 0 0 0 0 0 0 0 ' ,55 ,1 ,2, 2
383 ,378, 366, '353 350 338 331 329 312 303 301 ' ,'0 0 0 0 0 0 0 0 ' ,47 ,2 ,2, 2
400 ,373, 386, '375 344 327 349 329 312 309 291 ' ,'0 0 0 0 0 0 0 0 ' ,87 ,1 ,4, 3
402 ,396, 381, '351 338 308 310 372 299 294 306 ' ,'0 0 0 0 0 0 0 0 ' ,74 ,1 ,1, 1
368 ,388, 352, '336 335 316 326 299 295 300 291 ' ,'0 0 0 0 0 0 0 0 ' ,53 ,1 ,3, 2
370 ,360, 350, '338 330 305 302 274 305 258 257 ' ,'0 0 0 0 0 0 0 0 ' ,87 ,2 ,3, 3
355 ,363, 336, '332 312 263 316 296 313 230 254 ' ,'0 0 0 0 0 0 0 0 ' ,94 ,1 ,2, 1
400 ,350, 380, '355 368 290 314 289 337 301 284 ' ,'0 0 0 0 0 0 0 0 ' ,87 ,1 ,2, 2
384 ,392, 369, '359 360 306 334 296 285 290 284 ' ,'0 0 0 0 0 0 0 0 ' ,74 ,2 ,2, 2
372 ,378, 344, '336 324 314 312 335 298 306 266 ' ,'0 0 0 0 0 0 0 0 ' ,75 ,1 ,1, 1
353 ,367, 332, '320 318 310 302 304 294 310 276 ' ,'0 0 0 0 0 0 0 0 ' ,47 ,1 ,3, 2
337 ,341, 318, '307 308 295 296 258 270 267 260 ' ,'0 0 0 0 0 0 0 0 ' ,53 ,0 ,2, 1
421 ,336, 405, '394 291 292 327 244 365 238 271 ' ,'0 0 0 0 0 0 0 0 ' ,128 ,2 ,3, 2
404 ,413, 384, '292 302 276 377 253 240 262 251 ' ,'0 0 0 0 0 0 0 0 ' ,132 ,1 ,3, 2
359 ,397, 339, '332 295 293 288 250 276 260 248 ' ,'0 0 0 0 0 0 0 0 ' ,85 ,1 ,2, 2
399 ,348, 379, '370 355 276 284 276 289 278 254 ' ,'0 0 0 0 0 0 0 0 ' ,112 ,1 ,3, 2
346 ,392, 322, '282 273 308 277 278 263 294 245 ' ,'0 0 0 0 0 0 0 0 ' ,52 ,1 ,3, 3
434 ,332, 414, '405 322 312 276 285 376 271 271 ' ,'0 0 0 0 0 0 0 0 ' ,134 ,1 ,2, 2
408 ,424, 391, '367 319 320 380 308 375 282 269 ' ,'0 0 0 0 0 0 0 0 ' ,109 ,1 ,3, 2
460 ,398, 439, '345 356 302 431 299 323 291 267 ' ,'0 0 0 0 0 0 0 0 ' ,153 ,1 ,2, 2
417 ,491, 403, '391 380 324 319 342 315 327 255 ' ,'0 0 0 0 0 0 0 0 ' ,140 ,1 ,2, 2
367 ,412, 347, '309 330 334 336 286 292 275 272 ' ,'0 0 0 0 0 0 0 0 ' ,53 ,1 ,2, 2
376 ,360, 357, '346 340 336 311 294 301 293 277 ' ,'0 0 0 0 0 0 0 0 ' ,69 ,2 ,3, 3
386 ,367, 360, '332 324 349 331 292 298 278 291 ' ,'0 0 0 0 0 0 0 0 ' ,73 ,2 ,3, 3
381 ,376, 366, '336 351 334 342 278 310 281 313 ' ,'0 0 0 0 0 0 0 0 ' ,42 ,1 ,8, 8
408 ,371, 387, '340 324 292 373 284 319 319 304 ' ,'0 0 0 0 0 0 0 0 ' ,85 ,2 ,2, 2
380 ,394, 365, '331 322 331 356 300 293 288 296 ' ,'0 0 0 0 0 0 0 0 ' ,69 ,1 ,2, 1
403 ,374, 373, '365 320 319 348 319 296 259 283 ' ,'0 0 0 0 0 0 0 0 ' ,107 ,1 ,1, 1
350 ,387, 332, '320 290 261 322 277 269 234 264 ' ,'0 0 0 0 0 0 0 0 ' ,75 ,2 ,2, 2
327 ,341, 307, '297 284 296 280 281 249 266 253 ' ,'0 0 0 0 0 0 0 0 ' ,49 ,1 ,2, 2
379 ,317, 355, '314 294 290 345 264 258 257 259 ' ,'0 0 0 0 0 0 0 0 ' ,88 ,2 ,2, 2
321 ,368, 305, '296 268 289 281 245 247 253 260 ' ,'0 0 0 0 0 0 0 0 ' ,52 ,1 ,2, 2
349 ,315, 333, '323 297 280 298 257 270 252 260 ' ,'0 0 0 0 0 0 0 0 ' ,52 ,2 ,2, 2
364 ,341, 346, '307 323 275 326 282 307 286 264 ' ,'0 0 0 0 0 0 0 0 ' ,65 ,1 ,2, 2
335 ,356, 315, '307 286 287 296 256 250 300 248 ' ,'0 0 0 0 0 0 0 0 ' ,61 ,1 ,2, 1
327 ,331, 305, '293 299 274 279 265 254 264 258 ' ,'0 0 0 0 0 0 0 0 ' ,48 ,1 ,2, 2
374 ,320, 356, '334 321 285 348 275 307 282 274 ' ,'0 0 0 0 0 0 0 0 ' ,48 ,1 ,2, 1
389 ,366, 365, '357 341 308 341 236 326 300 283 ' ,'0 0 0 0 0 0 0 0 ' ,109 ,1 ,2, 2
387 ,377, 369, '329 357 317 329 277 272 269 285 ' ,'0 0 0 0 0 0 0 0 ' ,88 ,2 ,3, 3
399 ,379, 381, '339 369 308 334 286 276 283 299 ' ,'0 0 0 0 0 0 0 0 ' ,95 ,2 ,2, 2
392 ,392, 377, '320 366 300 336 272 282 318 297 ' ,'0 0 0 0 0 0 0 0 ' ,91 ,1 ,3, 3
425 ,383, 410, '352 342 299 394 271 275 289 285 ' ,'0 0 0 0 0 0 0 0 ' ,121 ,1 ,7, 6
397 ,415, 373, '362 293 288 358 305 292 274 270 ' ,'0 0 0 0 0 0 0 0 ' ,95 ,1 ,2, 2
333 ,388, 316, '292 306 290 286 270 271 267 267 ' ,'0 0 0 0 0 0 0 0 ' ,42 ,2 ,2, 1
408 ,322, 393, '284 301 292 319 276 277 273 259 ' ,'0 0 0 0 0 0 0 0 ' ,86 ,1 ,3, 3
352 ,400, 338, '307 300 272 329 256 317 277 260 ' ,'0 0 0 0 0 0 0 0 ' ,35 ,1 ,2, 1
350 ,345, 324, '267 313 290 306 268 248 279 254 ' ,'0 0 0 0 0 0 0 0 ' ,68 ,1 ,2, 2
521 ,342, 498, '489 313 301 352 249 403 240 231 ' ,'0 0 0 0 0 0 0 0 ' ,218 ,1 ,3, 3
370 ,517, 346, '289 272 291 298 240 247 265 254 ' ,'0 0 0 0 0 0 0 0 ' ,95 ,5 ,2, 2
384 ,363, 364, '294 272 309 347 240 259 263 254 ' ,'0 0 0 0 0 0 0 0 ' ,107 ,2 ,3, 3
418 ,371, 399, '304 383 302 334 297 270 242 241 ' ,'0 0 0 0 0 0 0 0 ' ,141 ,1 ,3, 2
361 ,409, 342, '333 334 306 331 262 280 287 273 ' ,'0 0 0 0 0 0 0 0 ' ,61 ,1 ,2, 2
414 ,353, 396, '386 314 322 310 291 327 275 286 ' ,'0 0 0 0 0 0 0 0 ' ,111 ,2 ,2, 1
371 ,409, 356, '329 322 335 328 271 299 279 282 ' ,'0 0 0 0 0 0 0 0 ' ,67 ,1 ,2, 2
485 ,362, 466, '445 338 345 453 269 409 299 314 ' ,'0 0 0 0 0 0 0 0 ' ,162 ,1 ,2, 1
434 ,478, 420, '350 319 318 406 294 286 284 290 ' ,'0 0 0 0 0 0 0 0 ' ,116 ,2 ,2, 1
356 ,427, 341, '309 329 289 305 268 282 285 277 ' ,'0 0 0 0 0 0 0 0 ' ,42 ,1 ,2, 2
389 ,347, 373, '364 303 318 311 283 308 252 286 ' ,'0 0 0 0 0 0 0 0 ' ,73 ,1 ,1, 1
331 ,381, 313, '304 287 284 288 259 256 236 281 ' ,'0 0 0 0 0 0 0 0 ' ,68 ,1 ,2, 2
386 ,323, 365, '355 278 279 312 227 250 247 266 ' ,'0 0 0 0 0 0 0 0 ' ,123 ,2 ,2, 2
347 ,375, 332, '274 259 277 323 255 276 231 237 ' ,'0 0 0 0 0 0 0 0 ' ,75 ,2 ,2, 2
383 ,338, 356, '314 296 281 337 259 291 241 248 ' ,'0 0 0 0 0 0 0 0 ' ,98 ,1 ,2, 2
420 ,375, 405, '332 295 297 371 266 328 240 227 ' ,'0 0 0 0 0 0 0 0 ' ,160 ,2 ,2, 2
354 ,413, 332, '321 284 283 311 242 298 265 240 ' ,'0 0 0 0 0 0 0 0 ' ,67 ,2 ,2, 2
374 ,347, 351, '310 308 283 341 241 295 273 245 ' ,'0 0 0 0 0 0 0 0 ' ,90 ,2 ,1, 1
359 ,361, 339, '328 294 249 312 231 248 234 226 ' ,'0 0 0 0 0 0 0 0 ' ,105 ,2 ,2, 2
349 ,350, 333, '296 321 305 288 246 282 262 272 ' ,'0 0 0 0 0 0 0 0 ' ,62 ,1 ,2, 2
417 ,347, 394, '382 341 312 352 300 337 297 255 ' ,'0 0 0 0 0 0 0 0 ' ,123 ,2 ,3, 3
393 ,407, 369, '346 356 293 310 294 274 289 283 ' ,'0 0 0 0 0 0 0 0 ' ,85 ,2 ,2, 2
462 ,377, 440, '388 352 323 421 272 383 304 296 ' ,'0 0 0 0 0 0 0 0 ' ,155 ,1 ,4, 4
383 ,452, 362, '339 352 327 332 278 310 306 342 ' ,'0 0 0 0 0 0 0 0 ' ,58 ,1 ,2, 2
395 ,377, 380, '339 368 301 360 307 318 305 314 ' ,'0 0 0 0 0 0 0 0 ' ,68 ,1 ,2, 2
407 ,388, 375, '365 352 318 359 292 322 341 303 ' ,'0 0 0 0 0 0 0 0 ' ,73 ,2 ,2, 2
422 ,386, 386, '350 336 338 350 305 314 375 301 ' ,'0 0 0 0 0 0 0 0 ' ,59 ,1 ,3, 3
483 ,407, 405, '359 390 332 332 329 334 321 285 ' ,'0 0 0 0 0 0 0 0 ' ,56 ,2 ,4, 4
477 ,411, 463, '343 315 329 336 270 452 272 313 ' ,'0 0 0 0 0 0 0 0 ' ,174 ,1 ,2, 2
372 ,473, 353, '342 319 299 329 265 279 273 293 ' ,'0 0 0 0 0 0 0 0 ' ,69 ,2 ,2, 2
360 ,362, 344, '335 315 291 333 273 287 275 273 ' ,'0 0 0 0 0 0 0 0 ' ,64 ,1 ,2, 1
370 ,354, 349, '312 299 283 340 254 328 250 270 ' ,'0 0 0 0 0 0 0 0 ' ,81 ,1 ,2, 2
379 ,361, 355, '319 282 337 272 252 285 236 339 ' ,'0 0 0 0 0 0 0 0 ' ,102 ,1 ,2, 2
371 ,369, 357, '347 289 318 303 282 271 271 286 ' ,'0 0 0 0 0 0 0 0 ' ,77 ,1 ,2, 2
334 ,473, 313, '302 285 271 297 238 253 260 265 ' ,'0 0 0 0 0 0 0 0 ' ,61 ,3 ,2, 2
410 ,323, 389, '373 314 289 317 237 338 299 255 ' ,'0 0 0 0 0 0 0 0 ' ,140 ,2 ,3, 2
355 ,402, 336, '325 297 296 285 247 256 266 248 ' ,'0 0 0 0 0 0 0 0 ' ,48 ,1 ,1, 1
368 ,347, 347, '296 333 303 320 298 258 270 234 ' ,'0 0 0 0 0 0 0 0 ' ,102 ,2 ,2, 2
431 ,355, 416, '306 343 374 405 248 248 321 296 ' ,'0 0 0 0 0 0 0 0 ' ,155 ,1 ,2, 1
359 ,423, 338, '323 317 312 301 250 261 280 257 ' ,'0 0 0 0 0 0 0 0 ' ,73 ,1 ,1, 1
395 ,350, 378, '368 305 308 326 253 338 283 282 ' ,'0 0 0 0 0 0 0 0 ' ,105 ,1 ,2, 2
423 ,385, 403, '326 389 317 367 340 360 332 276 ' ,'0 0 0 0 0 0 0 0 ' ,106 ,1 ,3, 3
385 ,413, 361, '307 330 309 345 255 298 298 280 ' ,'0 0 0 0 0 0 0 0 ' ,74 ,2 ,4, 3
544 ,377, 526, '417 345 344 404 269 388 284 267 ' ,'0 0 0 0 0 0 0 0 ' ,217 ,99 ,2, 2
465 ,535, 446, '338 324 336 428 271 271 309 310 ' ,'0 0 0 0 0 0 0 0 ' ,163 ,2 ,3, 2
388 ,451, 374, '361 346 316 346 285 311 281 278 ' ,'0 0 0 0 0 0 0 0 ' ,83 ,1 ,2, 2
371 ,380, 357, '305 309 314 345 290 309 261 284 ' ,'0 0 0 0 0 0 0 0 ' ,70 ,2 ,2, 2
378 ,365, 362, '324 347 294 334 283 281 287 283 ' ,'0 0 0 0 0 0 0 0 ' ,72 ,2 ,3, 3
382 ,370, 355, '346 316 324 310 253 341 266 281 ' ,'0 0 0 0 0 0 0 0 ' ,76 ,1 ,2, 1
360 ,373, 334, '303 321 262 311 295 286 300 247 ' ,'0 0 0 0 0 0 0 0 ' ,77 ,2 ,3, 3
359 ,344, 342, '304 304 288 330 272 267 306 262 ' ,'0 0 0 0 0 0 0 0 ' ,69 ,2 ,2, 2
378 ,351, 358, '318 319 274 347 257 281 260 249 ' ,'0 0 0 0 0 0 0 0 ' ,100 ,1 ,3, 2
386 ,369, 362, '319 290 295 349 229 311 265 250 ' ,'0 0 0 0 0 0 0 0 ' ,113 ,2 ,1, 1
404 ,375, 382, '307 310 326 370 257 277 260 279 ' ,'0 0 0 0 0 0 0 0 ' ,114 ,1 ,3, 2
340 ,395, 324, '307 299 309 290 294 264 259 275 ' ,'0 0 0 0 0 0 0 0 ' ,53 ,2 ,2, 2
395 ,330, 377, '365 316 290 326 298 286 277 275 ' ,'0 0 0 0 0 0 0 0 ' ,87 ,2 ,2, 2
392 ,385, 375, '363 346 325 344 292 286 271 285 ' ,'0 0 0 0 0 0 0 0 ' ,93 ,2 ,3, 3
461 ,382, 437, '355 424 339 384 323 328 315 285 ' ,'0 0 0 0 0 0 0 0 ' ,142 ,2 ,2, 2
459 ,452, 430, '398 372 344 367 319 420 345 304 ' ,'0 0 0 0 0 0 0 0 ' ,104 ,1 ,2, 2
368 ,452, 352, '317 327 321 342 302 302 300 306 ' ,'0 0 0 0 0 0 0 0 ' ,42 ,1 ,2, 2
395 ,360, 375, '363 322 313 349 302 302 282 282 ' ,'0 0 0 0 0 0 0 0 ' ,85 ,2 ,2, 2
399 ,387, 385, '357 347 335 375 297 336 283 276 ' ,'0 0 0 0 0 0 0 0 ' ,100 ,1 ,2, 2
464 ,392, 443, '434 314 282 428 296 424 283 305 ' ,'0 0 0 0 0 0 0 0 ' ,139 ,1 ,2, 2
347 ,456, 327, '302 298 311 308 269 302 297 298 ' ,'0 0 0 0 0 0 0 0 ' ,40 ,1 ,4, 4
374 ,338, 359, '346 325 300 314 271 316 267 266 ' ,'0 0 0 0 0 0 0 0 ' ,82 ,2 ,2, 2
374 ,375, 355, '337 281 284 271 261 303 235 263 ' ,'0 0 0 0 0 0 0 0 ' ,97 ,1 ,2, 1
345 ,364, 326, '317 289 294 273 247 269 248 246 ' ,'0 0 0 0 0 0 0 0 ' ,50 ,1 ,2, 2
340 ,337, 319, '308 273 295 289 241 263 265 252 ' ,'0 0 0 0 0 0 0 0 ' ,49 ,1 ,2, 2
430 ,332, 411, '375 392 316 293 268 235 343 275 ' ,'0 0 0 0 0 0 0 0 ' ,165 ,1 ,3, 2
358 ,421, 337, '326 326 317 326 274 280 284 262 ' ,'0 0 0 0 0 0 0 0 ' ,66 ,2 ,2, 1
433 ,387, 416, '402 292 303 352 304 356 270 286 ' ,'0 0 0 0 0 0 0 0 ' ,131 ,1 ,3, 3
380 ,422, 364, '342 332 342 347 293 281 294 299 ' ,'0 0 0 0 0 0 0 0 ' ,72 ,2 ,3, 3
575 ,372, 552, '335 318 344 355 511 306 342 305 ' ,'0 0 0 0 0 0 0 0 ' ,237 ,2 ,3, 3
395 ,569, 380, '364 344 347 326 333 308 320 286 ' ,'0 0 0 0 0 0 0 0 ' ,79 ,2 ,2, 2
377 ,385, 361, '351 346 318 324 292 293 300 300 ' ,'0 0 0 0 0 0 0 0 ' ,59 ,1 ,2, 2
471 ,398, 455, '444 373 298 320 303 349 332 281 ' ,'0 0 0 0 0 0 0 0 ' ,118 ,1 ,2, 2
375 ,464, 352, '337 306 308 331 306 253 280 278 ' ,'0 0 0 0 0 0 0 0 ' ,84 ,1 ,2, 2
340 ,363, 312, '271 303 304 305 266 251 281 250 ' ,'0 0 0 0 0 0 0 0 ' ,62 ,2 ,2, 1
387 ,329, 373, '330 327 294 357 299 279 260 266 ' ,'0 0 0 0 0 0 0 0 ' ,83 ,1 ,2, 2
368 ,377, 331, '300 314 291 293 277 243 259 261 ' ,'0 0 0 0 0 0 0 0 ' ,71 ,2 ,3, 2
397 ,340, 371, '361 275 266 311 278 300 264 270 ' ,'0 0 0 0 0 0 0 0 ' ,94 ,1 ,1, 1
347 ,389, 326, '305 298 310 282 277 257 269 243 ' ,'0 0 0 0 0 0 0 0 ' ,72 ,1 ,3, 2
382 ,335, 356, '315 325 304 334 277 347 278 253 ' ,'0 0 0 0 0 0 0 0 ' ,89 ,2 ,2, 2
495 ,365, 477, '448 280 324 462 368 308 355 285 ' ,'0 0 0 0 0 0 0 0 ' ,169 ,2 ,2, 2
400 ,483, 380, '365 352 340 356 302 288 289 304 ' ,'0 0 0 0 0 0 0 0 ' ,79 ,2 ,5, 4
417 ,392, 395, '383 356 330 358 310 316 311 291 ' ,'0 0 0 0 0 0 0 0 ' ,95 ,2 ,3, 3
411 ,403, 394, '372 359 328 374 333 303 307 294 ' ,'0 0 0 0 0 0 0 0 ' ,82 ,1 ,10, 3
411 ,401, 389, '378 349 313 352 324 304 315 307 ' ,'0 0 0 0 0 0 0 0 ' ,71 ,2 ,2, 1
399 ,403, 384, '361 354 356 320 294 307 347 303 ' ,'0 0 0 0 0 0 0 0 ' ,69 ,2 ,3, 3
370 ,391, 349, '326 336 331 287 271 307 271 301 ' ,'0 0 0 0 0 0 0 0 ' ,67 ,2 ,1, 1
389 ,359, 367, '353 305 306 277 277 317 242 268 ' ,'0 0 0 0 0 0 0 0 ' ,112 ,2 ,3, 2
333 ,381, 310, '284 297 278 294 269 255 255 249 ' ,'0 0 0 0 0 0 0 0 ' ,52 ,2 ,2, 2
336 ,324, 320, '303 292 274 292 278 308 269 268 ' ,'0 0 0 0 0 0 0 0 ' ,40 ,1 ,2, 1
430 ,327, 394, '311 299 315 295 270 309 315 259 ' ,'0 0 0 0 0 0 0 0 ' ,120 ,2 ,3, 2
343 ,402, 325, '282 313 286 292 293 273 297 266 ' ,'0 0 0 0 0 0 0 0 ' ,29 ,2 ,2, 1
375 ,336, 354, '341 342 315 315 291 321 299 283 ' ,'0 0 0 0 0 0 0 0 ' ,62 ,2 ,2, 2
380 ,369, 357, '287 340 309 328 304 306 283 272 ' ,'0 0 0 0 0 0 0 0 ' ,71 ,1 ,3, 3
374 ,370, 361, '341 339 328 320 278 315 275 273 ' ,'0 0 0 0 0 0 0 0 ' ,70 ,2 ,8, 8
641 ,365, 623, '505 359 345 410 305 609 304 308 ' ,'0 0 0 0 0 0 0 0 ' ,23 ,1 ,2, 1
422 ,636, 396, '344 382 336 334 346 289 364 299 ' ,'0 0 0 0 0 0 0 0 ' ,96 ,1 ,2, 2
448 ,409, 398, '385 326 329 343 317 313 295 267 ' ,'0 0 0 0 0 0 0 0 ' ,114 ,1 ,3, 2
385 ,413, 368, '329 341 350 320 299 311 320 280 ' ,'0 0 0 0 0 0 0 0 ' ,68 ,2 ,3, 3
543 ,373, 495, '332 341 460 350 298 335 315 449 ' ,'0 0 0 0 0 0 0 0 ' ,166 ,2 ,6, 2
515 ,533, 496, '391 333 331 356 316 459 350 290 ' ,'0 0 0 0 0 0 0 0 ' ,172 ,2 ,2, 2
364 ,508, 341, '296 305 284 326 264 245 270 265 ' ,'0 0 0 0 0 0 0 0 ' ,87 ,2 ,2, 2
367 ,363, 340, '331 298 285 311 229 323 259 258 ' ,'0 0 0 0 0 0 0 0 ' ,86 ,1 ,1, 1
345 ,355, 326, '289 312 270 298 247 261 261 234 ' ,'0 0 0 0 0 0 0 0 ' ,84 ,2 ,2, 2
350 ,334, 330, '265 299 279 314 233 254 256 257 ' ,'0 0 0 0 0 0 0 0 ' ,70 ,2 ,2, 1
362 ,342, 346, '335 309 292 290 310 285 278 262 ' ,'0 0 0 0 0 0 0 0 ' ,73 ,1 ,2, 2
380 ,417, 361, '282 347 267 294 277 261 253 246 ' ,'0 0 0 0 0 0 0 0 ' ,105 ,1 ,3, 2
401 ,371, 382, '366 316 314 307 268 309 248 266 ' ,'0 0 0 0 0 0 0 0 ' ,123 ,3 ,3, 3
337 ,391, 318, '285 300 299 276 264 269 262 252 ' ,'0 0 0 0 0 0 0 0 ' ,55 ,2 ,2, 1
390 ,324, 364, '303 347 281 323 285 272 292 265 ' ,'0 0 0 0 0 0 0 0 ' ,75 ,2 ,4, 3
467 ,378, 442, '319 327 319 403 279 320 278 265 ' ,'0 0 0 0 0 0 0 0 ' ,164 ,1 ,2, 1
612 ,460, 584, '332 357 315 399 271 326 292 290 ' ,'0 0 0 0 0 0 0 0 ' ,273 ,2 ,4, 4
395 ,602, 379, '367 341 321 339 296 336 297 310 ' ,'0 0 0 0 0 0 0 0 ' ,65 ,1 ,2, 2
389 ,386, 372, '309 329 301 362 287 290 301 295 ' ,'0 0 0 0 0 0 0 0 ' ,72 ,2 ,4, 3
389 ,381, 372, '315 320 295 354 307 322 274 283 ' ,'0 0 0 0 0 0 0 0 ' ,44 ,2 ,2, 2
383 ,384, 359, '348 331 310 332 272 341 279 274 ' ,'0 0 0 0 0 0 0 0 ' ,45 ,1 ,3, 2
367 ,368, 314, '315 307 316 323 291 309 285 267 ' ,'0 0 0 0 0 0 0 0 ' ,42 ,1 ,1, 1
330 ,355, 310, '301 280 273 276 255 290 268 243 ' ,'0 0 0 0 0 0 0 0 ' ,60 ,2 ,2, 1
360 ,317, 342, '297 282 275 290 328 250 314 255 ' ,'0 0 0 0 0 0 0 0 ' ,83 ,2 ,1, 1
397 ,352, 380, '369 283 283 292 251 307 265 263 ' ,'0 0 0 0 0 0 0 0 ' ,118 ,1 ,2, 2
343 ,387, 325, '287 293 272 301 264 281 282 249 ' ,'0 0 0 0 0 0 0 0 ' ,64 ,1 ,3, 3
369 ,330, 353, '267 320 278 341 277 278 252 259 ' ,'0 0 0 0 0 0 0 0 ' ,91 ,1 ,2, 2
410 ,360, 392, '369 336 307 339 299 307 256 260 ' ,'0 0 0 0 0 0 0 0 ' ,114 ,1 ,2, 2
388 ,405, 362, '292 346 311 339 316 302 314 236 ' ,'0 0 0 0 0 0 0 0 ' ,89 ,1 ,3, 2
361 ,379, 343, '335 323 309 308 258 320 293 271 ' ,'0 0 0 0 0 0 0 0 ' ,75 ,1 ,2, 2
395 ,351, 371, '293 356 325 343 307 289 300 278 ' ,'0 0 0 0 0 0 0 0 ' ,70 ,2 ,2, 2
409 ,387, 392, '369 334 314 379 293 317 305 280 ' ,'0 0 0 0 0 0 0 0 ' ,101 ,1 ,3, 3
415 ,400, 387, '343 336 306 348 308 329 297 303 ' ,'0 0 0 0 0 0 0 0 ' ,63 ,1 ,3, 3
375 ,401, 356, '331 335 283 343 287 290 242 277 ' ,'0 0 0 0 0 0 0 0 ' ,97 ,2 ,3, 3
402 ,364, 364, '354 313 309 347 292 294 289 274 ' ,'0 0 0 0 0 0 0 0 ' ,79 ,1 ,2, 2
386 ,400, 362, '351 317 291 307 290 279 240 253 ' ,'0 0 0 0 0 0 0 0 ' ,90 ,2 ,3, 2
327 ,375, 310, '300 285 268 274 244 265 261 255 ' ,'0 0 0 0 0 0 0 0 ' ,49 ,1 ,2, 2
430 ,318, 414, '403 300 271 330 246 347 228 249 ' ,'0 0 0 0 0 0 0 0 ' ,162 ,1 ,3, 2
334 ,422, 316, '302 288 267 294 218 262 246 251 ' ,'0 0 0 0 0 0 0 0 ' ,88 ,1 ,2, 2
328 ,327, 312, '295 293 299 277 244 260 242 243 ' ,'0 0 0 0 0 0 0 0 ' ,57 ,2 ,2, 2
350 ,320, 332, '299 301 282 310 258 269 268 257 ' ,'0 0 0 0 0 0 0 0 ' ,64 ,1 ,2, 2
368 ,341, 354, '335 281 300 344 247 296 286 261 ' ,'0 0 0 0 0 0 0 0 ' ,96 ,1 ,3, 3
495 ,361, 449, '438 337 308 331 305 360 298 296 ' ,'0 0 0 0 0 0 0 0 ' ,76 ,2 ,2, 1
366 ,479, 346, '288 322 306 336 284 298 287 305 ' ,'0 0 0 0 0 0 0 0 ' ,54 ,2 ,3, 3
396 ,358, 375, '363 348 302 319 364 288 360 249 ' ,'0 0 0 0 0 0 0 0 ' ,118 ,1 ,2, 2
378 ,389, 360, '331 343 287 331 283 271 311 326 ' ,'0 0 0 0 0 0 0 0 ' ,78 ,2 ,5, 4
530 ,370, 507, '351 322 350 409 276 495 310 323 ' ,'0 0 0 0 0 0 0 0 ' ,142 ,1 ,3, 3
494 ,523, 479, '419 335 336 430 312 463 305 334 ' ,'0 0 0 0 0 0 0 0 ' ,146 ,3 ,3, 3
399 ,486, 385, '325 345 290 370 304 257 296 318 ' ,'0 0 0 0 0 0 0 0 ' ,117 ,1 ,5, 3
447 ,390, 432, '343 316 324 424 293 398 336 315 ' ,'0 0 0 0 0 0 0 0 ' ,120 ,0 ,3, 2
442 ,440, 414, '372 319 327 391 285 275 299 294 ' ,'0 0 0 0 0 0 0 0 ' ,127 ,1 ,6, 5
378 ,433, 358, '313 313 259 348 275 259 280 278 ' ,'0 0 0 0 0 0 0 0 ' ,90 ,2 ,2, 2
355 ,365, 335, '321 325 303 324 315 268 306 256 ' ,'0 0 0 0 0 0 0 0 ' ,50 ,2 ,1, 1
350 ,347, 326, '316 294 292 296 257 249 248 258 ' ,'0 0 0 0 0 0 0 0 ' ,70 ,1 ,2, 2
360 ,342, 335, '327 291 279 292 234 239 254 255 ' ,'0 0 0 0 0 0 0 0 ' ,91 ,2 ,3, 2
371 ,351, 351, '333 321 277 311 338 263 328 251 ' ,'0 0 0 0 0 0 0 0 ' ,89 ,2 ,2, 2
351 ,362, 337, '278 323 302 316 280 281 271 267 ' ,'0 0 0 0 0 0 0 0 ' ,47 ,1 ,2, 1
408 ,342, 394, '378 294 288 311 259 289 255 272 ' ,'0 0 0 0 0 0 0 0 ' ,74 ,2 ,2, 2
615 ,399, 583, '385 310 325 568 245 298 273 273 ' ,'0 0 0 195847 0 0 0 0 ' ,321 ,1 ,3, 3
374 ,607, 360, '342 330 327 344 269 314 299 294 ' ,'0 0 0 0 0 0 0 0 ' ,78 ,1 ,3, 3
379 ,364, 359, '343 319 333 348 295 328 263 309 ' ,'0 0 0 0 0 0 0 0 ' ,82 ,2 ,3, 3
395 ,372, 373, '332 335 338 364 308 281 298 319 ' ,'0 0 0 0 0 0 0 0 ' ,84 ,1 ,1, 1
389 ,389, 362, '314 349 325 339 307 289 295 281 ' ,'0 0 0 0 0 0 0 0 ' ,71 ,1 ,3, 3
478 ,380, 461, '284 332 298 302 289 258 288 267 ' ,'0 0 0 0 0 0 0 0 ' ,188 ,2 ,4, 3
377 ,469, 357, '311 340 322 339 279 279 285 281 ' ,'0 0 0 0 0 0 0 0 ' ,70 ,1 ,3, 2
333 ,368, 317, '305 284 303 305 276 244 276 268 ' ,'0 0 0 0 0 0 0 0 ' ,64 ,1 ,3, 2
584 ,323, 568, '296 309 289 263 271 311 238 267 ' ,'224590 0 0 0 0 0 0 0 ' ,308 ,1 ,1, 1
360 ,576, 336, '305 321 295 277 238 252 297 258 ' ,'0 0 0 0 0 0 0 0 ' ,76 ,2 ,2, 2
627 ,352, 552, '450 296 279 476 241 544 249 252 ' ,'0 0 0 0 0 0 0 0 ' ,253 ,1 ,2, 1
556 ,599, 509, '447 299 294 371 237 384 267 267 ' ,'0 0 0 0 0 0 0 0 ' ,238 ,2 ,3, 3
588 ,522, 573, '563 275 308 378 226 503 252 251 ' ,'0 0 0 0 0 0 0 0 ' ,335 ,1 ,3, 3
501 ,581, 482, '472 273 277 323 267 369 231 264 ' ,'0 0 0 0 0 0 0 0 ' ,237 ,1 ,2, 1
463 ,494, 433, '416 329 288 394 296 400 258 222 ' ,'0 0 0 0 0 0 0 0 ' ,198 ,1 ,2, 1
515 ,457, 474, '460 276 290 435 207 278 261 244 ' ,'0 0 0 0 0 0 0 0 ' ,13 ,1 ,2, 2
683 ,490, 656, '602 287 285 405 300 331 295 254 ' ,'0 0 0 0 0 0 0 0 ' ,252 ,1 ,2, 1
501 ,669, 476, '458 306 304 356 241 347 259 232 ' ,'0 0 0 0 0 0 0 0 ' ,225 ,1 ,2, 2
585 ,492, 566, '555 334 328 376 360 396 264 266 ' ,'0 0 0 0 0 0 0 0 ' ,218 ,1 ,2, 2
429 ,576, 412, '350 396 300 344 256 356 322 292 ' ,'0 0 0 0 0 0 0 0 ' ,147 ,2 ,4, 4
462 ,420, 448, '368 355 340 428 275 291 279 275 ' ,'0 0 0 0 0 0 0 0 ' ,151 ,1 ,9, 8
603 ,451, 580, '345 375 311 356 276 309 305 302 ' ,'0 0 0 0 0 0 0 0 ' ,288 ,2 ,4, 4
454 ,591, 439, '323 353 326 357 311 293 258 418 ' ,'0 0 0 0 0 0 0 0 ' ,155 ,2 ,3, 3
368 ,446, 354, '290 334 270 339 280 270 243 277 ' ,'0 0 0 0 0 0 0 0 ' ,94 ,1 ,3, 3
401 ,361, 384, '372 334 259 342 302 329 340 256 ' ,'0 0 0 0 0 0 0 0 ' ,108 ,2 ,2, 2
380 ,393, 351, '307 318 287 340 281 310 242 242 ' ,'0 0 0 0 0 0 0 0 ' ,100 ,2 ,2, 1
350 ,367, 334, '288 288 261 323 277 258 266 233 ' ,'0 0 0 0 0 0 0 0 ' ,92 ,1 ,2, 2
355 ,340, 331, '321 288 277 308 293 267 285 265 ' ,'0 0 0 0 0 0 0 0 ' ,57 ,2 ,2, 1
331 ,355, 312, '288 297 263 256 278 260 243 249 ' ,'0 0 0 0 0 0 0 0 ' ,50 ,1 ,3, 3
334 ,321, 320, '307 301 282 300 233 272 267 234 ' ,'0 0 0 0 0 0 0 0 ' ,77 ,2 ,1, 1
358 ,492, 333, '294 315 295 306 242 281 231 241 ' ,'0 0 0 0 0 0 0 0 ' ,73 ,2 ,3, 2
430 ,347, 417, '329 328 397 342 276 284 272 281 ' ,'0 0 0 0 0 0 0 0 ' ,132 ,1 ,4, 3
401 ,421, 387, '328 341 320 370 286 326 307 269 ' ,'0 0 0 0 0 0 0 0 ' ,105 ,2 ,2, 2
416 ,392, 396, '312 352 332 380 298 312 286 290 ' ,'0 0 0 0 0 0 0 0 ' ,97 ,2 ,2, 2
558 ,408, 507, '418 356 358 406 279 355 345 319 ' ,'0 0 0 0 0 184733 0 0 ' ,210 ,2 ,3, 3
382 ,517, 363, '322 342 343 350 307 302 307 310 ' ,'0 0 0 0 0 0 0 0 ' ,40 ,1 ,2, 2
429 ,371, 413, '350 369 307 399 301 399 355 308 ' ,'0 0 0 0 0 0 0 0 ' ,99 ,1 ,2, 2
376 ,417, 357, '303 315 328 343 312 332 280 290 ' ,'0 0 0 0 0 0 0 0 ' ,59 ,2 ,2, 2
496 ,367, 483, '297 309 364 310 301 272 284 326 ' ,'0 0 0 0 0 0 0 0 ' ,196 ,2 ,6, 5
374 ,489, 354, '308 305 302 341 271 281 294 266 ' ,'0 0 0 0 0 0 0 0 ' ,78 ,2 ,2, 1
414 ,366, 399, '361 305 309 388 287 325 262 262 ' ,'0 0 0 0 0 0 0 0 ' ,128 ,1 ,2, 2
433 ,406, 418, '371 290 283 400 255 310 259 244 ' ,'0 0 0 0 0 0 0 0 ' ,159 ,3 ,2, 1
356 ,424, 341, '295 319 296 310 318 259 279 261 ' ,'0 0 0 0 0 0 0 0 ' ,72 ,2 ,2, 2
360 ,351, 344, '288 310 322 325 263 238 263 270 ' ,'0 0 0 0 0 0 0 0 ' ,89 ,1 ,4, 3
324 ,351, 306, '296 281 269 267 253 250 245 235 ' ,'0 0 0 0 0 0 0 0 ' ,57 ,1 ,2, 1
358 ,316, 324, '280 271 321 310 254 245 266 231 ' ,'0 0 0 0 0 0 0 0 ' ,83 ,2 ,6, 5
448 ,349, 430, '304 311 288 409 260 323 261 235 ' ,'0 0 0 0 0 0 0 0 ' ,111 ,2 ,5, 5
363 ,435, 349, '306 327 299 284 248 300 281 240 ' ,'0 0 0 0 0 0 0 0 ' ,80 ,2 ,6, 5
398 ,354, 383, '369 333 345 346 272 303 277 288 ' ,'0 0 0 0 0 0 0 0 ' ,71 ,1 ,2, 2
403 ,390, 386, '376 346 307 358 288 332 298 299 ' ,'0 0 0 0 0 0 0 0 ' ,80 ,1 ,2, 2
422 ,391, 399, '388 361 328 333 264 286 282 307 ' ,'0 0 0 0 0 0 0 0 ' ,123 ,1 ,2, 2
517 ,416, 496, '358 351 319 485 310 336 290 298 ' ,'0 0 0 0 0 0 0 0 ' ,170 ,2 ,3, 3
437 ,503, 414, '348 377 339 355 300 306 379 296 ' ,'0 0 0 0 0 0 0 0 ' ,106 ,2 ,2, 2
455 ,429, 432, '345 414 381 328 310 279 364 329 ' ,'0 0 0 0 0 0 0 0 ' ,140 ,2 ,4, 4
473 ,451, 451, '437 350 363 400 298 403 317 324 ' ,'0 0 0 0 0 0 0 0 ' ,99 ,1 ,2, 2
401 ,458, 385, '330 339 366 366 343 330 365 303 ' ,'0 0 0 0 0 0 0 0 ' ,72 ,3 ,2, 2
378 ,393, 357, '343 333 346 345 282 281 271 297 ' ,'0 0 0 0 0 0 0 0 ' ,78 ,1 ,2, 2
447 ,370, 426, '414 387 314 321 304 325 319 290 ' ,'0 0 0 0 0 0 0 0 ' ,120 ,2 ,3, 2
358 ,431, 338, '323 314 324 322 284 293 250 307 ' ,'0 0 0 0 0 0 0 0 ' ,76 ,2 ,2, 2
391 ,344, 378, '298 290 298 326 249 272 270 259 ' ,'0 0 0 0 0 0 0 0 ' ,79 ,1 ,39, 3
344 ,381, 325, '281 305 293 295 275 237 242 265 ' ,'0 0 0 0 0 0 0 0 ' ,70 ,2 ,2, 1
367 ,334, 336, '306 305 313 314 291 274 277 280 ' ,'0 0 0 0 0 0 0 0 ' ,38 ,2 ,2, 2
341 ,357, 316, '302 293 296 296 277 261 252 268 ' ,'0 0 0 0 0 0 0 0 ' ,47 ,2 ,1, 1
