27
12
15
11
11
11
11
10
11
10
11
12
10
10
10
10
13
10
10
10
11
10
10
10
10
10
10
10
10
11
11
10
11
11
10
10
10
10
10
17
9
73
14
11
10
11
10
11
11
11
11
11
11
11
10
11
10
11
10
11
11
11
13
10
10
10
11
12
10
11
11
11
11
11
12
10
9
11
10
17
11
13
11
10
11
15
10
11
11
11
12
34
11
11
21
10
10
11
12
11
13
11
11
10
9
10
9
10
10
10
11
10
10
10
10
11
10
12
11
11
10
10
10
11
10
9
15
11
11
10
11
10
11
10
11
10
10
10
9
9
11
29
9
10
9
10
9
10
9
10
11
11
10
10
10
9
9
10
10
10
11
9
10
9
10
12
10
9
8
10
9
9
10
10
11
10
10
10
10
10
10
10
10
11
10
12
9
10
10
10
9
23
14
10
10
19
10
11
9
12
10
11
10
10
9
10
10
10
10
12
10
11
10
11
11
11
10
15
11
11
11
10
9
10
10
10
10
10
10
11
11
16
27
15
22
9
64
20
23
9
12
26
8
11
14
30
8
9
9
15
14
16
10
18
11
14
9
9
12
11
10
14
19
9
9
11
10
9
10
9
9
10
16
9
9
9
17
10
9
14
9
24
10
13
9
9
9
24
9
14
8
28
21
9
9
47
10
9
11
20
10
10
10
16
13
9
16
9
11
44
9
12
39
9
11
10
26
32
12
44
31
9
21
10
9
14
9
10
9
10
10
9
22
13
9
21
19
9
11
9
28
24
8
9
8
79
12
9
11
9
9
9
10
10
9
13
9
10
9
9
9
8
10
9
9
11
9
8
9
9
11
8
11
21
14
10
9
10
12
9
9
9
10
8
9
8
9
8
9
10
9
29
10
10
9
9
8
9
9
22
9
9
9
10
8
9
8
9
15
12
9
8
17
8
8
8
9
9
9
14
9
9
9
9
13
9
9
8
9
8
10
10
10
9
9
9
10
10
9
10
10
26
8
8
9
25
11
9
9
26
10
12
9
12
9
10
12
9
9
10
9
9
9
9
9
9
8
9
9
10
10
10
9
9
9
10
9
10
11
9
9
9
9
9
9
10
9
10
10
10
10
13
9
9
10
17
9
13
14
10
