28447
53
2281
13323
4537
4936
49
31
17
17
16
18
16
18
19
16
16
17
16
15
14
14
13
15
14
14
16
15
15
22
15
16
27
14
15
14
14
13
16
14
14
16
14
13
14
13
26
14
15
14
16
15
14
14
14
17
14
13
14
15
16
13
14
14
14
17
16
16
14
13
46
97
15
13
14
16
14
14
13
27
14
14
14
14
14
14
15
14
15
18
15
14
15
17
15
15
16
17
15
18
14
15
16
18
13
13
15
15
15
14
15
237
14
14
18
13
14
14
15
15
16
17
16
14
18
14
13
28
13
18
19
25
13
15
13
15
13
13
14
14
23
18
13
15
23
14
14
15
17
15
15
18
13
14
17
14
16
19
15
22
22
16
76
14
14
15
17
15
14
16
27
14
16
18
19
15
14
26
13
13
14
15
13
12
13
13
14
14
14
14
13
12
14
12
20
14
16
14
13
18
14
14
15
14
17
14
14
14
14
12
13
16
13
14
16
12
15
14
15
13
13
13
13
14
14
17
12
31
13
16
13
13
16
15
13
16
14
11
15
13
16
13
14
15
13
13
13
16
16
14
13
13
12
13
17
15
13
