35
18
21
20
16
16
19
15
16
16
17
15
16
30
20
16
18
17
15
15
17
18
16
28
19
16
18
16
16
15
15
19
19
18
16
18
18
18
18
18
18
18
18
17
19
19
22
18
17
19
19
21
18
18
23
19
17
19
24
18
22
18
21
35
18
20
20
18
19
22
21
20
22
24
129
6066
14
18
15
19
15
14
18
19
14
14
12
14
13
14
14
14
20
14
15
14
15
14
13
14
18
12
14
14
15
13
13
16
38
16
18
14
14
14
13
13
16
14
17
14
14
15
15
13
14
14
16
14
13
16
16
15
13
19
15
13
14
14
34
13
12
13
16
13
14
14
17
15
14
15
13
12
17
13
14
14
16
16
25
14
14
14
13
20
14
13
13
15
14
13
13
14
15
14
14
13
13
13
13
13
14
13
13
13
13
15
14
12
31
15
12
14
11
14
12
13
16
13
14
16
17
13
15
14
13
15
14
12
21
14
14
15
13
14
13
15
13
13
40
16
14
13
15
14
18
13
14
14
14
12
15
13
18
14
14
18
15
12
14
14
15
14
16
13
14
13
14
14
15
13
13
13
14
12
12
15
13
13
28
13
23
14
14
14
14
15
12
12
14
14
15
13
13
14
14
22
15
22
20
14
13
14
13
14
19
11
11
14
15
14
12
12
13
13
16
12
12
15
13
14
12
15
15
13
13
13
13
13
27
15
15
13
13
15
15
16
14
25
13
18
12
14
15
13
12
14
14
15
12
13
12
13
17
13
16
15
13
12
16
13
34
12
12
13
13
16
16
15
11
12
11
12
13
15
12
12
12
15
23
12
13
15
21
13
17
14
14
15
17
16
15
14
14
15
15
18
17
15
16
16
16
15
16
17
17
16
17
17
27
15
36
16
15
16
16
16
18
21
16
16
17
18
16
16
17
16
16
16
32
16
16
18
18
16
17
17
16
18
17
23
17
18
17
17
17
17
334
