58
54
61
35
34
46
47
39
49
40
42
44
35
44
46
47
68
49
50
41
42
42
44
45
45
46
38
39
40
97
47
48
48
49
40
41
42
43
44
66
48
38
39
41
40
42
53
43
55
45
47
48
39
51
53
53
54
46
47
48
39
40
41
45
43
34
39
40
42
42
44
46
47
37
39
40
42
42
53
44
45
36
36
37
49
40
50
51
53
54
44
46
37
38
39
51
41
32
44
37
38
40
51
32
33
34
45
46
48
49
41
40
83
44
45
46
58
48
40
41
42
44
45
46
36
38
39
40
42
42
44
45
46
46
48
49
51
52
54
45
45
46
37
39
40
42
43
45
36
38
38
40
42
43
55
45
47
38
50
51
51
52
74
34
35
38
39
50
41
42
43
33
35
36
37
38
39
40
42
32
44
44
45
47
48
48
39
41
42
43
45
45
57
48
39
40
42
42
44
45
47
46
37
49
50
51
51
52
54
59
39
40
41
42
44
45
45
46
38
39
42
43
43
45
46
37
37
38
40
41
42
42
44
35
47
38
48
49
51
52
42
43
45
49
47
48
47
54
45
46
47
38
38
40
41
42
42
43
45
36
38
39
49
40
52
43
34
35
35
36
48
49
39
30
31
33
34
45
46
37
28
29
29
41
42
43
45
46
36
37
38
40
41
42
44
44
38
36
38
49
50
52
53
43
34
46
47
41
42
43
33
34
45
46
37
37
39
