37
29
28
26
27
26
29
30
29
27
28
27
26
37
33
31
28
235
28
28
27
28
27
29
31
29
27
30
24
29
34
28
26
26
28
26
32
26
49
28
27
37
25
29
27
37
32
230
229
26
27
25
29
30
26
26
29
42
27
26
26
27
27
25
25
26
25
27
23
29
30
28
26
31
30
25
27
26
27
29
29
27
29
26
25
26
25
26
26
27
33
46
32
30
26
28
26
28
27
25
221
27
228
27
35
28
26
28
27
34
28
29
28
27
28
31
31
240
31
30
26
25
29
29
25
25
29
26
28
29
26
28
25
25
29
26
38
25
31
23
30
26
228
249
26
28
30
37
27
27
28
26
28
25
26
28
27
28
29
27
27
28
26
24
28
25
23
26
25
29
24
37
24
31
229
26
29
27
28
27
28
29
28
27
25
28
26
28
26
226
29
229
225
28
30
31
26
25
31
28
29
26
28
27
27
27
26
27
28
250
29
30
28
26
28
27
28
28
24
28
25
28
24
29
24
28
26
24
29
28
29
24
27
25
25
26
25
24
41
243
29
29
226
227
32
27
27
41
25
25
25
25
237
27
35
25
222
27
29
29
26
28
27
28
28
27
226
28
31
33
29
27
26
30
30
29
26
27
31
28
28
28
26
231
29
28
28
231
38
28
28
27
26
26
30
27
25
30
26
27
25
240
28
28
27
26
32
27
27
29
27
27
25
28
27
25
28
231
28
28
26
27
28
29
27
28
27
26
28
245
30
30
27
28
26
26
25
28
26
25
26
24
27
25
25
24
226
35
43
49
30
29
25
27
30
25
25
24
27
25
26
25
32
26
45
27
27
32
26
31
26
26
26
30
244
40
39
29
26
226
28
28
31
26
28
26
241
28
30
29
26
26
26
25
26
25
29
28
28
28
27
28
27
27
29
26
27
25
37
26
26
25
28
27
25
26
25
27
44
25
26
24
26
224
225
29
26
28
27
30
43
27
27
26
30
27
24
26
25
25
