20
17
16
16
14
14
13
15
15
14
14
13
13
13
13
13
13
14
14
13
13
37
18
14
13
13
14
13
14
29
14
13
14
14
14
14
14
14
13
13
13
12
13
13
13
13
14
13
13
13
14
17
13
13
13
14
13
12
13
14
13
14
13
13
14
13
13
13
18
13
12
13
14
13
14
16
13
13
13
27
14
12
14
13
12
12
15
13
12
13
13
19
12
12
14
14
14
13
13
12
14
13
13
12
13
13
14
13
17
12
12
13
13
13
13
13
14
12
14
13
13
14
12
13
13
13
14
18
13
16
13
18
12
13
15
17
18
18
14
13
14
12
14
14
12
13
13
13
13
15
13
14
13
14
13
13
12
15
13
13
13
13
12
12
12
12
13
13
14
13
13
12
13
25
12
13
12
12
13
25
12
13
14
14
13
13
12
13
13
13
17
12
13
12
13
12
14
13
13
12
14
14
13
13
13
15
13
12
13
12
12
13
15
13
13
13
12
12
13
13
14
18
13
13
14
12
12
13
14
31
13
13
13
13
12
12
17
13
13
14
15
13
12
18
13
14
13
12
13
13
14
13
12
12
13
13
13
13
12
13
14
13
13
12
13
13
13
14
12
12
13
13
12
12
13
13
13
13
12
34
13
14
14
12
13
13
16
13
13
14
14
13
12
11
16
14
13
13
14
14
14
13
12
13
13
13
13
13
13
13
16
13
17
13
14
13
13
13
13
13
12
13
14
14
17
36
13
13
14
31
12
14
16
13
13
13
13
12
13
13
14
13
12
13
14
13
16
13
15
13
14
17
14
13
13
16
18
14
13
13
13
14
14
12
14
14
13
13
13
13
14
12
16
11
12
13
13
13
14
18
12
13
13
13
12
13
13
12
13
12
12
12
12
13
12
13
12
13
13
13
14
14
14
13
14
13
14
13
13
12
13
13
13
13
12
13
14
13
14
13
13
12
12
13
12
17
13
13
12
35
12
13
13
14
13
13
13
15
14
13
13
13
11
13
12
12
13
12
13
43
14
12
15
12
12
12
14
13
13
13
13
14
13
14
12
12
23
12
17
14
13
15
13
13
13
29
12
17
14
25
14
14
12
15
13
13
12
14
15
14
13
37
14
14
15
13
18
15
13
14
