31
22
22
20
19
20
25
17
17
16
17
16
17
64
17
17
16
19
37
16
18
16
18
16
16
17
16
17
18
19
16
17
17
21
16
16
16
17
18
17
16
17
40
16
18
15
16
21
17
17
18
18
15
17
20
15
20
19
17
17
22
16
17
15
19
19
18
20
20
18
20
15
16
19
17
18
18
18
17
17
19
16
18
17
16
17
19
14
16
19
19
19
20
19
21
18
16
15
22
18
17
16
16
16
18
21
15
17
15
16
17
15
15
16
16
17
16
17
19
16
15
17
20
21
25
15
21
17
23
20
41
20
26
22
34
24
27
55
30
34
26
27
46
23
30
41
26
28
49
29
26
17
121
36
45
26
27
15
15
20
21
40
20
42
34
24
28
28
26
28
29
27
32
53
56
15
37
16
22
20
20
19
20
40
19
34
24
62
33
25
20
28
48
29
16
20
16
49
63
28
24
37
28
43
34
148
26
18
27
24
30
21
26
17
68
28
42
24
29
44
39
39
48
19
27
24
20
26
20
16
26
38
18
21
28
24
48
20
25
28
29
41
21
24
26
28
27
22
26
24
20
40
48
24
24
27
17
32
24
52
31
23
75
25
19
35
79
23
29
23
43
41
35
37
36
24
17
18
16
22
26
30
20
23
17
18
26
21
127
21
24
26
104
26
35
20
24
34
40
18
29
18
25
30
27
37
18
17
19
23
37
23
17
26
34
36
45
58
23
21
34
15
14
16
71
24
158
22
17
19
23
537
21
16
23
21
24
17
22
25
17
32
38
19
19
22
22
31
26
18
42
31
42
21
18
41
28
44
26
28
28
17
22
17
25
16
57
19
29
18
29
17
21
26
24
23
31
20
29
28
32
39
59
21
42
18
27
23
24
32
22
21
32
26
23
23
21
21
36
34
23
19
25
30
51
39
61
17
64
25
23
22
21
17
20
17
18
18
15
17
15
16
20
17
17
19
16
15
17
16
16
18
17
17
18
16
16
17
15
22
16
18
17
15
23
17
16
16
15
17
16
21
17
15
19
14
19
21
16
18
17
16
15
19
15
15
14
16
17
16
17
17
16
15
15
16
15
18
17
15
15
15
16
16
16
15
15
15
16
41
16
