24
16
13
14
12
12
17
13
13
13
14
13
12
12
12
12
12
13
13
13
12
12
12
12
13
13
12
12
12
12
12
17
12
12
12
12
13
12
31
13
11
12
12
13
13
13
12
11
11
12
13
14
11
11
13
12
12
12
12
11
12
12
12
11
12
12
11
12
11
12
14
12
12
11
12
11
12
13
13
12
13
12
12
12
11
11
12
13
13
12
12
11
12
12
12
12
12
12
12
11
12
11
11
12
15
14
12
16
11
12
12
12
12
13
13
11
16
13
12
11
78
13
13
12
17
13
11
11
11
12
12
12
15
12
12
15
12
11
31
12
11
11
11
12
12
12
12
12
12
12
12
12
11
11
14
12
12
12
11
11
12
11
12
12
12
12
12
12
14
26
13
12
12
12
13
13
11
12
12
13
13
13
13
12
12
11
11
13
30
13
12
12
11
13
12
12
12
11
13
13
12
12
12
12
13
17
12
12
12
13
11
12
11
13
13
12
12
12
13
12
11
12
12
11
12
13
12
12
12
11
11
12
12
12
13
12
12
12
29
13
11
13
11
12
12
12
12
13
12
12
13
12
11
12
12
12
12
11
11
12
12
11
11
11
11
12
11
11
12
12
24
11
11
11
11
13
13
12
12
12
12
12
12
12
12
11
11
12
28
12
12
12
12
11
11
12
13
11
12
12
13
13
13
12
12
12
12
12
12
11
11
12
11
12
12
12
12
12
12
11
18
11
12
11
12
12
11
12
12
12
11
12
11
11
11
11
11
11
29
11
12
12
11
12
11
17
12
11
12
11
13
10
11
11
13
12
12
11
11
11
12
12
11
12
12
11
12
12
12
13
28
11
12
13
12
12
12
12
12
12
11
12
11
12
12
12
12
12
23
13
11
12
11
12
12
11
11
12
11
11
12
12
12
11
11
11
12
12
13
12
12
11
11
12
12
12
12
11
11
11
24
12
11
12
11
11
11
10
11
14
12
12
12
13
12
12
12
11
23
12
11
12
11
11
11
16
12
12
11
11
12
12
12
12
12
13
12
11
13
12
11
11
12
12
11
13
11
17
11
13
22
11
12
12
12
11
12
13
11
12
12
12
11
12
12
12
12
12
30
12
12
12
12
12
12
12
12
14
11
11
