24
16
15
26
14
15
13
12
17
13
13
12
14
13
13
14
14
14
14
14
50
14
14
13
13
13
12
12
12
14
12
13
12
12
12
13
13
13
13
13
14
13
12
12
12
13
12
13
12
14
14
13
13
25
14
12
12
13
13
13
13
13
13
13
13
13
12
13
12
13
23
12
13
12
13
12
12
12
12
13
13
13
12
12
12
12
18
13
12
12
12
12
12
13
13
12
12
13
12
12
12
12
12
21
12
13
13
12
13
12
14
12
11
11
13
13
12
12
12
13
32
13
12
12
16
12
12
12
13
12
12
12
12
17
17
13
14
12
13
12
13
12
12
12
12
14
13
12
12
13
12
12
12
12
12
14
13
14
13
13
13
13
13
13
13
12
13
13
14
12
27
12
13
12
13
14
12
12
12
12
13
13
12
13
12
13
12
12
12
11
12
12
12
12
14
14
13
13
13
13
14
13
12
12
18
13
13
13
12
13
13
13
13
12
12
12
13
12
13
12
12
12
13
12
13
12
12
12
12
12
13
13
13
13
13
13
13
12
11
11
13
12
12
13
14
14
13
12
13
13
14
12
13
12
12
12
13
12
13
13
13
13
12
12
13
13
13
12
12
12
26
13
12
15
13
13
13
12
12
13
14
13
13
13
12
16
13
12
12
14
12
13
13
13
13
13
12
13
14
13
13
12
12
12
13
17
13
12
12
12
11
12
12
12
12
13
11
13
13
14
27
13
12
13
13
14
14
13
14
12
13
13
13
13
13
12
12
12
13
12
12
11
12
12
12
13
12
12
12
12
14
12
12
12
12
14
13
15
13
12
14
13
12
13
13
14
13
14
12
13
34
12
13
13
13
14
13
12
13
13
13
12
12
12
13
13
11
13
13
13
12
12
18
11
17
11
11
12
12
12
13
12
13
13
12
13
37
13
14
15
13
12
13
14
13
13
12
12
12
12
37
14
12
11
12
14
13
12
12
13
13
12
12
12
12
12
12
13
13
13
13
13
13
12
12
13
12
13
12
13
13
12
12
15
13
12
11
13
12
13
13
15
15
12
13
12
11
12
12
13
33
13
12
12
13
12
12
12
14
13
13
16
13
13
13
12
13
12
11
13
13
13
12
12
12
12
13
13
12
13
