27
16
16
15
14
14
14
13
13
14
14
14
14
14
14
12
13
26
13
15
14
15
13
14
14
13
13
14
13
14
13
13
14
13
13
13
15
13
13
14
14
13
13
13
13
13
13
13
13
13
14
14
13
13
14
15
14
14
14
14
14
13
13
14
13
14
13
24
13
13
13
13
14
13
13
14
13
14
14
14
13
12
14
13
13
13
11
12
19
14
13
13
14
14
14
13
14
14
14
13
14
14
14
13
13
13
13
13
13
13
13
14
16
13
13
13
14
31
14
13
13
14
14
13
17
14
14
13
99
14
13
13
13
13
14
14
13
15
14
13
13
15
13
13
16
13
14
13
13
13
14
13
13
14
14
13
14
14
14
14
13
13
13
13
13
13
13
29
13
13
13
13
14
13
14
13
13
13
13
34
13
13
13
13
12
13
12
13
12
13
13
13
13
13
13
13
12
14
13
13
15
14
13
15
13
14
14
13
12
13
14
13
13
13
14
13
13
23
13
15
13
16
18
13
13
13
12
13
13
13
13
18
14
13
13
13
13
14
13
14
16
13
14
14
14
13
14
13
13
13
14
13
13
13
12
12
13
14
13
13
14
13
13
14
13
13
13
22
14
14
13
14
14
13
13
14
13
14
13
15
13
13
14
14
14
13
14
14
14
13
13
13
14
13
13
13
12
13
13
13
14
13
13
13
13
13
13
14
14
12
13
12
14
13
13
13
13
24
12
13
13
13
15
13
13
13
13
13
13
12
12
12
13
13
14
13
13
13
13
12
13
15
13
12
12
12
12
12
13
12
12
12
12
14
22
28
17
13
12
12
13
13
13
15
13
13
14
30
13
13
13
13
13
13
13
12
12
13
13
12
12
12
13
12
12
66
12
12
13
12
16
13
12
14
13
13
13
13
13
12
13
12
12
13
12
13
13
12
13
13
12
13
13
13
13
13
12
22
13
13
12
12
12
12
13
13
13
13
13
13
12
13
14
12
12
12
13
13
13
13
14
13
13
13
16
13
14
13
12
13
13
14
13
13
13
12
27
17
13
14
13
17
13
13
13
13
13
21
14
14
13
13
12
13
12
12
13
12
13
13
12
12
14
12
134
13
13
11
13
12
13
13
14
12
13
13
13
16
22
