29
22
22
24
20
20
19
20
20
18
21
19
28
18
24
20
19
21
19
17
20
21
18
19
21
18
18
19
19
20
19
18
18
33
21
17
18
18
17
21
18
21
17
247
28
20
20
18
21
18
18
23
18
20
18
20
18
19
19
22
17
18
32
18
19
20
17
17
18
18
19
18
19
18
19
17
17
19
18
23
20
21
19
18
19
18
17
16
18
18
20
19
18
18
18
19
18
18
18
19
19
18
19
19
20
19
26
20
18
28
18
18
19
18
17
17
17
18
18
18
20
19
18
17
18
18
18
17
17
18
18
20
18
18
18
18
19
19
18
18
18
19
21
20
17
19
20
17
20
19
18
18
18
19
241
21
20
18
18
19
20
19
21
19
19
19
20
20
19
20
21
19
19
18
18
19
18
23
19
19
18
21
18
19
234
22
28
17
18
19
18
19
19
21
22
17
19
19
19
18
18
18
17
23
20
19
19
19
18
19
18
18
19
19
18
18
19
18
18
19
19
19
19
20
18
18
18
19
19
18
18
18
17
21
18
18
18
17
18
17
18
17
18
31
21
17
17
18
17
18
17
17
19
18
17
16
18
18
23
18
18
45
25
18
23
24
44
51
44
23
23
31
23
18
19
23
27
16
26
16
26
17
37
30
26
51
65
18
68
28
35
23
26
18
31
38
24
23
18
36
41
23
39
38
28
31
48
25
236
20
40
34
29
20
22
21
19
21
33
30
49
30
22
35
37
24
95
24
37
82
23
35
32
19
37
24
20
52
22
18
35
234
53
22
26
32
75
24
33
26
24
24
30
21
40
34
24
21
45
32
25
30
37
18
19
31
33
59
18
20
30
67
18
21
17
24
27
27
24
28
26
29
25
24
30
26
27
33
19
52
29
24
31
71
31
34
19
64
30
27
34
29
52
34
22
24
20
31
28
51
24
38
27
29
18
21
34
32
27
25
23
17
33
25
19
29
24
35
26
31
30
25
80
26
34
31
32
130
26
25
33
39
51
38
29
29
23
60
40
45
25
26
71
18
41
30
20
27
43
43
23
54
55
28
30
25
19
33
23
21
24
24
53
21
18
25
34
24
16
30
21
19
26
24
22
19
26
30
24
