25
16
16
26
14
15
14
14
14
14
14
14
15
14
14
14
14
13
13
14
14
14
14
12
13
12
14
13
13
13
13
13
15
14
15
13
13
13
13
14
14
13
13
13
13
14
13
14
14
14
15
15
13
29
14
14
14
14
14
15
14
15
14
14
14
14
13
14
12
13
14
14
13
13
13
13
14
13
13
14
13
14
13
13
13
13
16
12
13
12
13
13
14
14
13
13
15
13
14
52
14
14
13
34
15
14
14
13
14
14
14
13
12
12
12
12
12
12
13
12
12
13
12
12
12
13
14
14
13
13
13
13
13
13
13
13
13
13
14
13
14
16
13
34
32
13
13
13
14
13
15
13
13
29
14
13
13
13
14
14
14
12
12
12
13
12
12
12
13
13
14
14
13
13
13
13
12
13
14
13
13
13
13
13
13
15
13
14
14
14
14
14
14
13
13
12
11
13
14
13
15
13
14
24
13
15
14
14
13
13
14
13
14
14
14
12
11
13
14
13
13
15
14
13
14
12
12
12
13
13
13
13
13
13
13
13
14
14
14
14
13
13
12
13
14
13
13
13
12
13
14
13
12
28
13
13
14
13
13
13
13
13
13
12
13
12
13
13
13
13
13
13
12
13
13
12
13
13
14
13
14
13
13
13
13
13
12
13
13
13
14
14
14
13
12
13
13
13
15
13
14
13
13
39
13
13
13
13
12
13
12
13
13
12
12
13
13
13
13
16
13
12
13
13
13
13
14
13
13
14
13
18
13
13
13
13
13
12
14
13
13
13
24
12
12
15
13
13
14
13
14
13
14
13
12
13
13
13
13
13
13
13
14
13
14
12
13
14
15
15
14
14
14
14
14
13
14
13
13
14
13
13
16
14
14
14
13
13
17
14
12
13
14
13
14
14
12
13
14
14
14
13
13
13
14
13
13
13
12
16
13
14
14
13
13
13
13
13
13
13
13
13
13
14
14
12
13
14
13
13
14
14
13
14
13
14
14
13
14
17
15
13
14
14
14
16
14
13
13
14
14
13
37
12
13
13
13
13
13
13
13
14
14
13
14
13
12
13
13
17
13
12
13
13
13
12
13
13
13
12
12
13
13
13
13
13
13
12
13
13
13
13
13
13
13
12
14
18
13
12
