34
16
17
15
15
15
14
15
16
14
16
15
14
15
15
15
15
14
14
14
14
14
14
14
14
14
14
14
13
14
14
14
15
14
14
14
13
14
22
13
13
13
15
14
14
14
13
15
13
14
22
15
14
14
15
14
17
14
14
13
14
15
13
13
13
13
13
13
42
13
14
14
13
14
13
13
16
15
13
14
13
16
14
14
17
15
13
14
13
13
13
13
13
15
15
15
13
14
14
13
30
15
14
13
15
29
15
14
14
15
15
14
13
14
14
14
14
14
15
13
14
14
14
15
15
13
85
13
13
14
13
14
14
14
15
17
14
13
13
14
15
14
14
13
14
14
13
13
18
15
21
14
13
13
14
14
14
14
14
13
14
14
13
14
14
13
14
16
16
14
14
13
13
13
13
14
13
13
14
14
14
14
13
14
14
14
13
14
28
14
14
13
14
14
14
14
14
14
13
15
18
14
13
14
14
14
12
13
14
13
12
13
12
13
13
14
13
14
13
13
13
13
13
13
14
14
13
14
14
13
13
13
13
13
13
14
13
13
13
14
14
13
13
14
14
14
13
14
13
14
25
13
13
14
14
13
16
14
14
13
13
13
13
14
15
14
14
13
13
15
14
14
13
14
17
14
15
14
14
14
14
14
13
18
15
12
15
14
16
24
14
14
14
14
14
14
14
14
13
14
28
14
15
16
14
15
15
17
13
13
13
13
14
14
14
13
13
14
13
14
14
14
13
14
13
13
13
14
13
13
13
13
14
14
14
14
14
14
14
14
14
14
14
13
14
14
14
14
14
13
23
17
14
14
13
15
14
14
15
14
14
14
15
13
15
14
14
14
18
14
17
14
14
14
14
14
14
14
14
14
15
14
15
13
13
13
34
13
14
25
14
14
15
14
13
14
13
13
13
14
20
14
13
13
13
13
14
13
16
14
14
14
13
14
13
13
14
13
14
13
14
14
13
14
13
13
13
13
14
13
14
13
13
14
13
13
14
14
14
26
13
13
14
14
14
15
14
15
14
14
29
14
13
17
13
14
13
13
13
13
13
14
13
13
13
14
14
14
17
13
13
14
13
13
13
13
13
14
13
12
13
14
14
14
17
14
14
14
14
14
14
14
14
14
14
14
14
15
15
14
