34
27
29
27
29
34
24
24
24
26
23
25
24
24
24
22
25
23
24
235
24
22
23
27
257
23
24
25
24
24
22
247
29
30
241
27
25
42
25
240
26
27
23
23
24
26
24
233
25
25
23
24
24
24
23
24
23
23
24
24
24
23
24
23
24
24
22
23
24
23
23
25
24
23
24
23
23
27
24
24
27
23
24
24
25
23
23
23
24
25
23
24
24
23
24
22
22
29
23
22
23
23
25
22
23
26
22
24
23
25
23
23
23
24
23
36
23
23
23
24
22
23
23
22
23
23
22
23
22
23
23
25
24
23
26
23
22
22
24
24
23
23
22
32
23
22
23
21
23
22
23
24
23
24
26
23
23
23
23
24
22
22
22
23
22
23
23
23
22
23
23
23
22
23
22
23
239
28
24
24
23
24
23
22
27
24
24
27
23
23
24
27
24
23
24
22
23
25
24
23
23
23
23
23
22
23
22
23
23
22
23
22
22
22
23
24
22
24
23
22
23
23
22
22
22
22
22
22
24
22
22
22
22
21
25
24
23
24
21
24
22
33
23
22
240
26
23
24
24
25
22
24
32
23
22
24
23
23
23
23
25
22
23
22
22
22
24
23
24
23
22
22
25
23
23
23
24
22
24
24
25
22
22
23
23
23
23
23
22
25
22
22
22
23
24
22
22
22
22
24
26
22
22
237
25
23
23
24
24
472
24
22
22
22
23
22
23
25
24
22
28
22
22
22
23
22
23
21
23
240
25
29
22
22
238
24
26
23
22
27
23
23
23
238
28
26
28
125
24
25
23
24
24
24
23
24
26
22
26
22
22
22
23
22
23
22
22
44
22
253
26
253
28
33
25
23
27
23
24
24
25
25
24
24
23
24
237
26
28
32
24
29
30
23
23
24
23
23
28
23
23
25
29
23
22
27
24
24
25
23
23
23
22
22
24
24
24
23
23
23
28
23
24
22
24
24
24
23
24
22
22
24
22
22
22
22
24
22
22
22
23
22
27
24
23
23
22
22
22
22
239
26
27
23
23
24
24
236
23
25
24
