222 ,0, 95, '32 30 25 30 ' ,'0 0 0 0 ' ,19 ,6 ,15, 15
187 ,125, 172, '154 145 136 147 ' ,'0 0 0 0 ' ,22 ,1 ,4, 4
983 ,182, 108, '75 95 73 76 ' ,'0 0 0 0 ' ,19 ,1 ,3, 3
139 ,972, 125, '82 82 76 102 ' ,'0 0 0 0 ' ,35 ,1 ,1, 1
114 ,131, 102, '86 85 87 85 ' ,'0 0 0 0 ' ,8 ,0 ,2, 2
121 ,112, 108, '85 90 90 92 ' ,'0 0 0 0 ' ,13 ,1 ,1, 1
126 ,120, 113, '88 87 91 98 ' ,'0 0 0 0 ' ,13 ,1 ,2, 2
132 ,120, 122, '90 92 85 106 ' ,'0 0 0 0 ' ,25 ,1 ,2, 2
119 ,127, 102, '88 89 87 96 ' ,'0 0 0 0 ' ,10 ,0 ,1, 1
115 ,114, 102, '90 78 74 83 ' ,'0 0 0 0 ' ,20 ,1 ,1, 1
105 ,109, 92, '76 75 70 80 ' ,'0 0 0 0 ' ,13 ,1 ,2, 2
112 ,97, 102, '90 74 76 78 ' ,'0 0 0 0 ' ,16 ,1 ,1, 1
110 ,105, 94, '72 76 71 84 ' ,'0 0 0 0 ' ,16 ,1 ,1, 1
107 ,101, 95, '78 76 74 80 ' ,'0 0 0 0 ' ,13 ,2 ,1, 1
114 ,100, 102, '90 91 83 89 ' ,'0 0 0 0 ' ,10 ,1 ,1, 1
114 ,110, 99, '88 86 93 92 ' ,'0 0 0 0 ' ,4 ,1 ,1, 1
122 ,107, 111, '88 93 91 89 ' ,'0 0 0 0 ' ,8 ,1 ,2, 2
120 ,118, 107, '85 91 91 95 ' ,'0 0 0 0 ' ,14 ,0 ,2, 2
129 ,111, 117, '88 103 89 94 ' ,'0 0 0 0 ' ,19 ,0 ,2, 2
123 ,123, 111, '90 86 88 98 ' ,'0 0 0 0 ' ,14 ,1 ,2, 2
121 ,116, 110, '96 83 93 84 ' ,'0 0 0 0 ' ,15 ,0 ,1, 1
127 ,114, 115, '86 90 105 89 ' ,'0 0 0 0 ' ,21 ,0 ,2, 2
118 ,120, 106, '93 94 95 83 ' ,'0 0 0 0 ' ,16 ,1 ,1, 1
118 ,113, 107, '95 86 85 84 ' ,'0 0 0 0 ' ,14 ,4 ,1, 1
108 ,113, 96, '88 84 88 89 ' ,'0 0 0 0 ' ,6 ,1 ,1, 1
136 ,103, 125, '76 82 90 84 ' ,'0 0 0 0 ' ,42 ,27 ,1, 1
107 ,131, 97, '86 84 84 87 ' ,'0 0 0 0 ' ,6 ,1 ,1, 1
102 ,103, 90, '77 80 78 75 ' ,'0 0 0 0 ' ,7 ,2 ,1, 1
96 ,95, 85, '73 75 73 75 ' ,'0 0 0 0 ' ,2 ,1 ,2, 2
108 ,90, 97, '79 79 81 72 ' ,'0 0 0 0 ' ,16 ,1 ,2, 1
116 ,102, 105, '80 75 80 77 ' ,'0 0 0 0 ' ,21 ,17 ,1, 1
105 ,109, 92, '81 79 80 76 ' ,'0 0 0 0 ' ,8 ,1 ,2, 2
104 ,98, 92, '82 81 78 81 ' ,'0 0 0 0 ' ,3 ,0 ,2, 2
147 ,98, 135, '94 82 82 84 ' ,'0 0 0 0 ' ,43 ,1 ,1, 1
116 ,140, 104, '93 90 91 87 ' ,'0 0 0 0 ' ,10 ,1 ,1, 1
159 ,111, 139, '93 96 99 90 ' ,'0 0 0 0 ' ,41 ,32 ,2, 2
127 ,146, 115, '102 102 101 96 ' ,'0 0 0 0 ' ,11 ,1 ,2, 2
122 ,121, 111, '102 95 91 96 ' ,'0 0 0 0 ' ,12 ,1 ,1, 1
118 ,118, 103, '94 88 85 91 ' ,'0 0 0 0 ' ,10 ,0 ,2, 2
118 ,108, 106, '93 92 88 87 ' ,'0 0 0 0 ' ,6 ,0 ,6, 6
160 ,112, 148, '88 92 87 97 ' ,'0 0 0 0 ' ,52 ,41 ,2, 2
113 ,153, 103, '94 91 87 89 ' ,'0 0 0 0 ' ,5 ,1 ,1, 1
114 ,106, 103, '91 94 87 91 ' ,'0 0 0 0 ' ,8 ,1 ,1, 1
108 ,108, 93, '85 82 82 84 ' ,'0 0 0 0 ' ,4 ,0 ,2, 1
111 ,99, 97, '78 89 84 89 ' ,'0 0 0 0 ' ,12 ,0 ,1, 1
122 ,102, 109, '85 82 82 85 ' ,'0 0 0 0 ' ,20 ,16 ,2, 2
107 ,115, 95, '87 83 79 82 ' ,'0 0 0 0 ' ,7 ,1 ,1, 1
106 ,102, 94, '75 73 77 84 ' ,'0 0 0 0 ' ,13 ,1 ,2, 2
100 ,100, 86, '76 77 74 77 ' ,'0 0 0 0 ' ,5 ,0 ,1, 1
112 ,92, 99, '89 76 80 77 ' ,'0 0 0 0 ' ,15 ,1 ,1, 1
142 ,105, 129, '88 78 80 91 ' ,'0 0 0 0 ' ,42 ,30 ,2, 2
108 ,133, 96, '82 78 81 87 ' ,'0 0 0 0 ' ,9 ,0 ,2, 2
114 ,101, 100, '85 84 91 91 ' ,'0 0 0 0 ' ,7 ,0 ,2, 2
120 ,105, 108, '98 88 92 88 ' ,'0 0 0 0 ' ,13 ,2 ,1, 1
114 ,114, 101, '90 90 88 95 ' ,'0 0 0 0 ' ,6 ,1 ,1, 1
138 ,108, 126, '88 91 93 92 ' ,'0 0 0 0 ' ,30 ,25 ,2, 2
116 ,132, 105, '92 96 93 97 ' ,'0 0 0 0 ' ,6 ,1 ,1, 1
140 ,112, 126, '98 94 97 117 ' ,'0 0 0 0 ' ,25 ,1 ,2, 2
117 ,131, 105, '94 98 94 93 ' ,'0 0 0 0 ' ,7 ,1 ,1, 1
126 ,111, 115, '99 101 104 95 ' ,'0 0 0 0 ' ,12 ,0 ,2, 2
145 ,119, 132, '102 94 100 88 ' ,'0 0 0 0 ' ,36 ,20 ,2, 2
112 ,140, 100, '80 91 85 88 ' ,'0 0 0 0 ' ,12 ,1 ,2, 2
106 ,106, 92, '82 84 76 83 ' ,'0 0 0 0 ' ,10 ,1 ,1, 1
108 ,97, 96, '83 81 79 80 ' ,'0 0 0 0 ' ,9 ,1 ,2, 2
106 ,101, 93, '85 82 77 75 ' ,'0 0 0 0 ' ,13 ,1 ,0, 0
102 ,99, 89, '74 79 79 79 ' ,'0 0 0 0 ' ,8 ,1 ,1, 1
103 ,97, 88, '76 79 76 82 ' ,'0 0 0 0 ' ,6 ,1 ,1, 1
104 ,95, 91, '83 81 83 84 ' ,'0 0 0 0 ' ,4 ,1 ,0, 0
99 ,99, 87, '78 77 79 76 ' ,'0 0 0 0 ' ,3 ,0 ,2, 2
99 ,93, 88, '74 81 73 79 ' ,'0 0 0 0 ' ,8 ,0 ,1, 0
100 ,95, 90, '80 82 80 80 ' ,'0 0 0 0 ' ,2 ,0 ,2, 2
120 ,95, 109, '87 86 96 91 ' ,'0 0 0 0 ' ,16 ,0 ,1, 1
115 ,115, 99, '88 92 91 91 ' ,'0 0 0 0 ' ,10 ,0 ,1, 1
112 ,110, 99, '89 90 87 90 ' ,'0 0 0 0 ' ,4 ,1 ,2, 2
107 ,105, 96, '88 83 85 83 ' ,'0 0 0 0 ' ,4 ,0 ,2, 2
108 ,100, 96, '83 82 82 89 ' ,'0 0 0 0 ' ,7 ,1 ,1, 1
112 ,103, 100, '82 76 81 92 ' ,'0 0 0 0 ' ,16 ,0 ,1, 1
104 ,105, 93, '77 84 78 81 ' ,'0 0 0 0 ' ,9 ,1 ,1, 1
103 ,99, 91, '80 78 79 78 ' ,'0 0 0 0 ' ,5 ,0 ,2, 2
109 ,96, 97, '78 82 78 87 ' ,'0 0 0 0 ' ,10 ,1 ,2, 2
113 ,101, 101, '90 88 83 84 ' ,'0 0 0 0 ' ,9 ,1 ,2, 2
107 ,107, 94, '82 82 85 86 ' ,'0 0 0 0 ' ,4 ,1 ,2, 2
105 ,100, 93, '83 78 82 84 ' ,'0 0 0 0 ' ,6 ,0 ,2, 2
109 ,97, 97, '85 85 87 82 ' ,'0 0 0 0 ' ,8 ,1 ,2, 2
109 ,102, 97, '81 84 85 84 ' ,'0 0 0 0 ' ,6 ,1 ,2, 2
115 ,102, 103, '94 83 86 85 ' ,'0 0 0 0 ' ,12 ,1 ,2, 2
110 ,110, 98, '88 85 84 86 ' ,'0 0 0 0 ' ,5 ,1 ,2, 2
112 ,102, 101, '83 85 93 91 ' ,'0 0 0 0 ' ,11 ,0 ,1, 1
119 ,107, 108, '86 91 99 100 ' ,'0 0 0 0 ' ,15 ,1 ,1, 1
119 ,114, 107, '95 88 98 89 ' ,'0 0 0 0 ' ,12 ,1 ,2, 2
123 ,112, 111, '81 89 101 87 ' ,'0 0 0 0 ' ,21 ,1 ,2, 2
106 ,116, 94, '71 81 84 84 ' ,'0 0 0 0 ' ,15 ,1 ,1, 1
104 ,99, 91, '75 81 79 81 ' ,'0 0 0 0 ' ,8 ,1 ,1, 1
103 ,97, 92, '76 83 85 83 ' ,'0 0 0 0 ' ,9 ,1 ,1, 1
105 ,98, 93, '78 83 81 85 ' ,'0 0 0 0 ' ,5 ,1 ,2, 2
106 ,98, 93, '75 77 83 81 ' ,'0 0 0 0 ' ,10 ,1 ,1, 1
103 ,98, 93, '81 84 80 80 ' ,'0 0 0 0 ' ,5 ,1 ,1, 1
102 ,97, 90, '78 78 78 80 ' ,'0 0 0 0 ' ,5 ,1 ,1, 1
105 ,97, 93, '79 78 79 79 ' ,'0 0 0 0 ' ,6 ,1 ,2, 2
106 ,98, 93, '78 78 75 86 ' ,'0 0 0 0 ' ,10 ,1 ,2, 2
107 ,99, 95, '86 80 84 83 ' ,'0 0 0 0 ' ,8 ,0 ,2, 2
115 ,100, 103, '95 89 89 91 ' ,'0 0 0 0 ' ,6 ,1 ,2, 2
116 ,109, 105, '91 94 91 88 ' ,'0 0 0 0 ' ,8 ,1 ,2, 2
126 ,110, 112, '102 93 91 95 ' ,'0 0 0 0 ' ,12 ,1 ,2, 2
118 ,119, 105, '92 97 94 95 ' ,'0 0 0 0 ' ,4 ,1 ,1, 1
122 ,112, 109, '97 96 92 97 ' ,'0 0 0 0 ' ,9 ,1 ,2, 2
119 ,114, 108, '93 94 93 96 ' ,'0 0 0 0 ' ,5 ,1 ,2, 2
116 ,113, 105, '92 97 90 97 ' ,'0 0 0 0 ' ,7 ,1 ,1, 1
117 ,112, 106, '93 94 92 92 ' ,'0 0 0 0 ' ,5 ,1 ,2, 2
122 ,111, 112, '85 93 85 104 ' ,'0 0 0 0 ' ,19 ,1 ,2, 2
107 ,117, 97, '79 88 88 86 ' ,'0 0 0 0 ' ,11 ,0 ,1, 1
119 ,101, 107, '81 80 83 100 ' ,'0 0 0 0 ' ,21 ,1 ,1, 1
110 ,113, 98, '86 84 87 84 ' ,'0 0 0 0 ' ,6 ,1 ,2, 2
109 ,103, 96, '88 84 83 83 ' ,'0 0 0 0 ' ,5 ,0 ,1, 1
111 ,101, 101, '78 92 79 88 ' ,'0 0 0 0 ' ,16 ,1 ,1, 1
102 ,109, 91, '82 77 80 78 ' ,'0 0 0 0 ' ,7 ,1 ,1, 1
105 ,98, 93, '80 81 85 81 ' ,'0 0 0 0 ' ,4 ,1 ,1, 1
102 ,100, 90, '84 78 78 78 ' ,'0 0 0 0 ' ,6 ,0 ,1, 1
103 ,96, 92, '82 81 80 80 ' ,'0 0 0 0 ' ,3 ,0 ,2, 2
115 ,96, 104, '93 82 84 80 ' ,'0 0 0 0 ' ,14 ,0 ,2, 1
111 ,109, 100, '84 90 87 90 ' ,'0 0 0 0 ' ,7 ,1 ,1, 1
110 ,106, 98, '89 80 85 82 ' ,'0 0 0 0 ' ,8 ,0 ,2, 2
111 ,102, 100, '89 90 85 86 ' ,'0 0 0 0 ' ,7 ,1 ,2, 2
120 ,105, 109, '99 93 91 87 ' ,'0 0 0 0 ' ,13 ,0 ,2, 2
129 ,114, 117, '109 92 88 96 ' ,'0 0 0 0 ' ,20 ,0 ,2, 2
116 ,122, 104, '86 89 94 86 ' ,'0 0 0 0 ' ,11 ,1 ,2, 2
111 ,110, 99, '89 86 86 88 ' ,'0 0 0 0 ' ,5 ,1 ,2, 2
111 ,105, 99, '89 87 90 85 ' ,'0 0 0 0 ' ,8 ,0 ,2, 2
117 ,105, 103, '93 90 94 88 ' ,'0 0 0 0 ' ,9 ,1 ,1, 1
119 ,109, 107, '86 94 96 84 ' ,'0 0 0 0 ' ,14 ,1 ,1, 1
107 ,112, 96, '83 88 84 86 ' ,'0 0 0 0 ' ,5 ,1 ,1, 1
119 ,101, 104, '83 83 92 84 ' ,'0 0 0 0 ' ,11 ,1 ,2, 2
114 ,109, 101, '91 92 84 82 ' ,'0 0 0 0 ' ,12 ,1 ,0, 0
101 ,109, 90, '78 79 81 78 ' ,'0 0 0 0 ' ,3 ,1 ,1, 1
106 ,95, 96, '76 81 76 88 ' ,'0 0 0 0 ' ,13 ,1 ,1, 1
109 ,101, 97, '77 84 82 89 ' ,'0 0 0 0 ' ,12 ,1 ,1, 1
123 ,104, 112, '88 87 85 104 ' ,'0 0 0 0 ' ,18 ,0 ,1, 1
113 ,117, 102, '88 89 85 96 ' ,'0 0 0 0 ' ,9 ,0 ,2, 2
119 ,106, 107, '94 89 95 99 ' ,'0 0 0 0 ' ,10 ,1 ,2, 2
121 ,113, 109, '90 89 95 98 ' ,'0 0 0 0 ' ,11 ,1 ,2, 2
122 ,113, 109, '100 90 100 96 ' ,'0 0 0 0 ' ,10 ,0 ,2, 2
117 ,115, 105, '93 92 95 91 ' ,'0 0 0 0 ' ,6 ,1 ,1, 1
119 ,112, 107, '88 89 90 100 ' ,'0 0 0 0 ' ,12 ,1 ,1, 1
121 ,114, 109, '89 85 90 100 ' ,'0 0 0 0 ' ,15 ,1 ,1, 1
126 ,115, 112, '93 87 102 91 ' ,'0 0 0 0 ' ,18 ,1 ,1, 1
107 ,120, 95, '85 78 86 81 ' ,'0 0 0 0 ' ,10 ,1 ,1, 1
116 ,101, 104, '81 82 86 81 ' ,'0 0 0 0 ' ,15 ,9 ,1, 1
104 ,112, 91, '83 82 81 77 ' ,'0 0 0 0 ' ,8 ,1 ,1, 1
106 ,98, 94, '83 80 79 83 ' ,'0 0 0 0 ' ,6 ,1 ,1, 1
109 ,99, 97, '88 81 82 84 ' ,'0 0 0 0 ' ,8 ,1 ,1, 1
110 ,101, 99, '87 89 82 88 ' ,'0 0 0 0 ' ,7 ,1 ,1, 1
156 ,106, 145, '90 86 83 90 ' ,'0 0 0 0 ' ,54 ,45 ,2, 2
115 ,152, 103, '92 93 88 95 ' ,'0 0 0 0 ' ,8 ,1 ,1, 1
118 ,109, 108, '96 94 94 89 ' ,'0 0 0 0 ' ,10 ,1 ,2, 2
121 ,112, 109, '96 97 97 95 ' ,'0 0 0 0 ' ,7 ,1 ,1, 1
113 ,115, 101, '85 87 91 81 ' ,'0 0 0 0 ' ,12 ,1 ,2, 2
127 ,106, 116, '87 81 90 79 ' ,'0 0 0 0 ' ,28 ,17 ,1, 1
111 ,121, 100, '90 86 84 76 ' ,'0 0 0 0 ' ,18 ,1 ,1, 1
109 ,105, 98, '86 75 81 77 ' ,'0 0 0 0 ' ,13 ,1 ,1, 1
107 ,102, 95, '86 81 83 77 ' ,'0 0 0 0 ' ,11 ,1 ,1, 1
106 ,101, 95, '85 79 79 78 ' ,'0 0 0 0 ' ,9 ,1 ,1, 1
133 ,101, 121, '86 88 84 81 ' ,'0 0 0 0 ' ,33 ,23 ,1, 1
111 ,127, 100, '90 81 79 82 ' ,'0 0 0 0 ' ,12 ,1 ,1, 1
109 ,104, 98, '84 86 80 85 ' ,'0 0 0 0 ' ,10 ,2 ,1, 1
120 ,105, 108, '93 96 87 87 ' ,'0 0 0 0 ' ,10 ,1 ,3, 3
121 ,113, 109, '99 95 87 95 ' ,'0 0 0 0 ' ,12 ,1 ,2, 2
155 ,114, 143, '94 103 91 98 ' ,'0 0 0 0 ' ,40 ,31 ,2, 2
122 ,149, 111, '94 90 97 103 ' ,'0 0 0 0 ' ,13 ,1 ,1, 1
124 ,117, 114, '104 92 94 96 ' ,'0 0 0 0 ' ,14 ,1 ,1, 1
122 ,119, 111, '98 90 89 94 ' ,'0 0 0 0 ' ,11 ,1 ,2, 2
113 ,115, 102, '90 81 91 86 ' ,'0 0 0 0 ' ,13 ,1 ,1, 1
135 ,107, 124, '98 83 81 84 ' ,'0 0 0 0 ' ,33 ,18 ,1, 1
111 ,131, 99, '88 74 82 75 ' ,'0 0 0 0 ' ,17 ,1 ,2, 2
107 ,103, 96, '77 85 78 84 ' ,'0 0 0 0 ' ,11 ,2 ,1, 1
107 ,101, 96, '84 79 82 84 ' ,'0 0 0 0 ' ,8 ,1 ,2, 2
119 ,101, 106, '97 84 78 92 ' ,'0 0 0 0 ' ,20 ,1 ,1, 1
158 ,113, 147, '87 86 85 87 ' ,'0 0 0 0 ' ,54 ,50 ,1, 1
239 ,153, 227, '94 91 85 96 ' ,'0 0 0 0 ' ,130 ,2 ,2, 2
119 ,232, 109, '87 87 89 101 ' ,'0 0 0 0 ' ,14 ,2 ,1, 1
124 ,115, 113, '101 96 85 97 ' ,'0 0 0 0 ' ,20 ,1 ,1, 1
120 ,121, 108, '90 94 90 95 ' ,'0 0 0 0 ' ,8 ,1 ,2, 2
150 ,114, 139, '107 93 90 95 ' ,'0 0 0 0 ' ,37 ,22 ,2, 2
119 ,143, 107, '93 95 95 92 ' ,'0 0 0 0 ' ,7 ,1 ,1, 1
118 ,114, 107, '97 93 94 89 ' ,'0 0 0 0 ' ,8 ,1 ,2, 2
117 ,113, 104, '94 92 91 88 ' ,'0 0 0 0 ' ,7 ,1 ,2, 2
107 ,109, 94, '83 80 83 79 ' ,'0 0 0 0 ' ,7 ,1 ,1, 1
101 ,100, 89, '77 79 77 83 ' ,'0 0 0 0 ' ,4 ,0 ,0, 0
113 ,96, 102, '80 79 91 81 ' ,'0 0 0 0 ' ,16 ,1 ,1, 1
116 ,106, 104, '81 82 92 83 ' ,'0 0 0 0 ' ,15 ,0 ,2, 2
107 ,109, 93, '83 77 82 81 ' ,'0 0 0 0 ' ,8 ,0 ,1, 1
107 ,99, 95, '80 84 85 82 ' ,'0 0 0 0 ' ,6 ,0 ,2, 2
117 ,102, 106, '94 81 82 83 ' ,'0 0 0 0 ' ,15 ,1 ,2, 2
113 ,111, 100, '90 85 79 85 ' ,'0 0 0 0 ' ,12 ,1 ,0, 0
128 ,106, 115, '85 81 104 88 ' ,'0 0 0 0 ' ,25 ,0 ,1, 1
125 ,120, 112, '89 89 100 88 ' ,'0 0 0 0 ' ,15 ,1 ,2, 2
130 ,118, 118, '106 89 92 90 ' ,'0 0 0 0 ' ,19 ,1 ,2, 2
121 ,124, 110, '98 97 95 95 ' ,'0 0 0 0 ' ,6 ,1 ,2, 2
127 ,115, 116, '94 98 103 90 ' ,'0 0 0 0 ' ,15 ,1 ,3, 3
115 ,120, 104, '86 85 93 78 ' ,'0 0 0 0 ' ,16 ,1 ,2, 2
115 ,109, 103, '85 85 92 77 ' ,'0 0 0 0 ' ,18 ,1 ,1, 1
106 ,108, 94, '79 84 81 79 ' ,'0 0 0 0 ' ,7 ,1 ,2, 2
104 ,100, 93, '82 78 78 69 ' ,'0 0 0 0 ' ,13 ,1 ,2, 2
109 ,99, 96, '80 87 79 79 ' ,'0 0 0 0 ' ,10 ,0 ,1, 1
108 ,102, 97, '77 78 83 81 ' ,'0 0 0 0 ' ,11 ,1 ,1, 1
111 ,102, 99, '85 81 83 91 ' ,'0 0 0 0 ' ,10 ,1 ,0, 0
111 ,104, 99, '90 82 86 85 ' ,'0 0 0 0 ' ,8 ,1 ,2, 2
122 ,104, 109, '89 88 92 101 ' ,'0 0 0 0 ' ,9 ,0 ,2, 2
113 ,114, 102, '89 88 90 89 ' ,'0 0 0 0 ' ,5 ,1 ,1, 1
117 ,107, 105, '92 89 85 96 ' ,'0 0 0 0 ' ,12 ,1 ,1, 1
119 ,110, 108, '97 90 94 90 ' ,'0 0 0 0 ' ,8 ,1 ,2, 2
126 ,113, 114, '96 103 95 94 ' ,'0 0 0 0 ' ,11 ,0 ,2, 2
291 ,119, 279, '91 94 100 266 ' ,'0 0 0 0 ' ,173 ,1 ,3, 3
121 ,283, 110, '88 100 91 93 ' ,'0 0 0 0 ' ,12 ,0 ,2, 1
116 ,117, 104, '84 92 94 94 ' ,'0 0 0 0 ' ,12 ,0 ,1, 1
111 ,109, 100, '90 88 90 86 ' ,'0 0 0 0 ' ,6 ,0 ,1, 1
110 ,105, 99, '77 85 85 78 ' ,'0 0 0 0 ' ,13 ,1 ,2, 2
108 ,104, 96, '88 80 79 74 ' ,'0 0 0 0 ' ,16 ,1 ,1, 1
107 ,102, 95, '75 80 84 81 ' ,'0 0 0 0 ' ,12 ,1 ,2, 2
108 ,100, 98, '81 87 83 79 ' ,'0 0 0 0 ' ,10 ,1 ,1, 1
111 ,103, 98, '87 82 86 83 ' ,'0 0 0 0 ' ,7 ,1 ,2, 2
124 ,104, 112, '100 85 88 88 ' ,'0 0 0 0 ' ,17 ,1 ,2, 2
118 ,117, 106, '92 93 91 97 ' ,'0 0 0 0 ' ,6 ,1 ,2, 1
131 ,111, 118, '105 91 95 94 ' ,'0 0 0 0 ' ,18 ,1 ,1, 1
122 ,123, 110, '94 96 96 91 ' ,'0 0 0 0 ' ,8 ,0 ,2, 2
118 ,115, 107, '92 93 94 91 ' ,'0 0 0 0 ' ,8 ,1 ,2, 2
120 ,112, 109, '91 99 94 100 ' ,'0 0 0 0 ' ,7 ,1 ,2, 2
127 ,114, 114, '98 101 105 101 ' ,'0 0 0 0 ' ,6 ,1 ,1, 1
135 ,120, 122, '95 97 110 93 ' ,'0 0 0 0 ' ,20 ,1 ,2, 2
117 ,128, 105, '92 93 93 91 ' ,'0 0 0 0 ' ,5 ,0 ,2, 2
111 ,109, 99, '85 88 87 87 ' ,'0 0 0 0 ' ,5 ,1 ,1, 1
108 ,105, 98, '85 80 87 83 ' ,'0 0 0 0 ' ,8 ,1 ,1, 1
111 ,103, 99, '80 83 87 81 ' ,'0 0 0 0 ' ,7 ,1 ,2, 2
109 ,104, 96, '85 75 82 78 ' ,'0 0 0 0 ' ,10 ,1 ,1, 1
108 ,102, 97, '86 78 83 83 ' ,'0 0 0 0 ' ,9 ,0 ,2, 2
114 ,102, 103, '91 86 83 83 ' ,'0 0 0 0 ' ,11 ,1 ,1, 1
125 ,107, 113, '86 87 90 93 ' ,'0 0 0 0 ' ,17 ,1 ,2, 2
127 ,118, 114, '95 91 96 88 ' ,'0 0 0 0 ' ,18 ,1 ,1, 1
122 ,123, 111, '101 93 90 97 ' ,'0 0 0 0 ' ,13 ,0 ,1, 1
124 ,116, 111, '100 94 91 94 ' ,'0 0 0 0 ' ,10 ,1 ,2, 2
127 ,118, 113, '99 97 95 94 ' ,'0 0 0 0 ' ,11 ,1 ,2, 2
122 ,118, 106, '91 94 95 86 ' ,'0 0 0 0 ' ,13 ,1 ,2, 2
116 ,111, 104, '84 89 91 83 ' ,'0 0 0 0 ' ,13 ,0 ,2, 2
112 ,110, 100, '83 81 88 81 ' ,'0 0 0 0 ' ,8 ,1 ,2, 2
109 ,105, 97, '86 86 84 86 ' ,'0 0 0 0 ' ,4 ,1 ,1, 1
112 ,103, 99, '82 87 87 81 ' ,'0 0 0 0 ' ,9 ,0 ,2, 2
106 ,106, 93, '78 83 84 82 ' ,'0 0 0 0 ' ,7 ,1 ,1, 1
106 ,98, 94, '76 80 84 86 ' ,'0 0 0 0 ' ,9 ,1 ,1, 1
105 ,100, 93, '79 82 78 86 ' ,'0 0 0 0 ' ,6 ,1 ,1, 1
107 ,98, 94, '79 80 79 81 ' ,'0 0 0 0 ' ,5 ,1 ,2, 2
108 ,100, 96, '81 83 79 87 ' ,'0 0 0 0 ' ,6 ,0 ,1, 1
109 ,101, 96, '84 80 82 81 ' ,'0 0 0 0 ' ,6 ,1 ,2, 2
114 ,103, 101, '87 82 87 87 ' ,'0 0 0 0 ' ,11 ,1 ,2, 2
107 ,106, 95, '83 81 82 80 ' ,'0 0 0 0 ' ,8 ,1 ,1, 1
104 ,100, 93, '80 83 79 83 ' ,'0 0 0 0 ' ,6 ,1 ,1, 1
109 ,98, 96, '85 79 80 84 ' ,'0 0 0 0 ' ,10 ,1 ,1, 1
114 ,102, 103, '87 88 83 94 ' ,'0 0 0 0 ' ,10 ,1 ,2, 2
121 ,108, 108, '97 92 92 91 ' ,'0 0 0 0 ' ,6 ,1 ,2, 2
127 ,114, 116, '104 98 99 101 ' ,'0 0 0 0 ' ,6 ,0 ,2, 2
123 ,121, 111, '94 96 101 94 ' ,'0 0 0 0 ' ,8 ,0 ,1, 1
115 ,116, 105, '87 94 90 95 ' ,'0 0 0 0 ' ,8 ,0 ,3, 3
124 ,109, 110, '99 81 87 82 ' ,'0 0 0 0 ' ,20 ,0 ,2, 2
114 ,115, 102, '82 87 92 85 ' ,'0 0 0 0 ' ,11 ,0 ,1, 1
113 ,107, 101, '78 84 90 82 ' ,'0 0 0 0 ' ,15 ,1 ,1, 1
120 ,108, 108, '91 88 94 85 ' ,'0 0 0 0 ' ,13 ,1 ,2, 2
115 ,112, 103, '93 91 90 93 ' ,'0 0 0 0 ' ,4 ,1 ,1, 1
107 ,110, 95, '75 80 85 81 ' ,'0 0 0 0 ' ,11 ,1 ,2, 2
108 ,100, 95, '77 76 77 86 ' ,'0 0 0 0 ' ,9 ,0 ,1, 1
110 ,100, 98, '88 84 77 84 ' ,'0 0 0 0 ' ,10 ,1 ,2, 2
120 ,103, 107, '88 87 87 100 ' ,'0 0 0 0 ' ,8 ,1 ,1, 1
126 ,113, 113, '102 95 97 97 ' ,'0 0 0 0 ' ,10 ,1 ,2, 2
128 ,118, 116, '93 103 94 108 ' ,'0 0 0 0 ' ,13 ,1 ,2, 2
125 ,122, 113, '100 95 95 99 ' ,'0 0 0 0 ' ,6 ,1 ,2, 1
128 ,118, 116, '93 103 104 97 ' ,'0 0 0 0 ' ,13 ,1 ,2, 2
130 ,123, 118, '105 97 100 96 ' ,'0 0 0 0 ' ,12 ,1 ,2, 2
124 ,124, 112, '93 86 99 88 ' ,'0 0 0 0 ' ,14 ,0 ,2, 2
116 ,117, 104, '87 83 93 83 ' ,'0 0 0 0 ' ,13 ,1 ,2, 2
122 ,110, 110, '84 86 99 93 ' ,'0 0 0 0 ' ,14 ,0 ,2, 2
115 ,115, 103, '78 81 92 85 ' ,'0 0 0 0 ' ,12 ,1 ,1, 1
119 ,108, 108, '80 82 96 83 ' ,'0 0 0 0 ' ,15 ,1 ,2, 2
109 ,113, 98, '85 80 84 82 ' ,'0 0 0 0 ' ,9 ,1 ,2, 2
107 ,102, 96, '80 81 79 87 ' ,'0 0 0 0 ' ,8 ,0 ,1, 1
111 ,102, 100, '85 79 83 79 ' ,'0 0 0 0 ' ,11 ,1 ,1, 1
112 ,105, 102, '81 86 80 89 ' ,'0 0 0 0 ' ,11 ,3 ,1, 1
115 ,107, 103, '93 78 81 78 ' ,'0 0 0 0 ' ,17 ,1 ,0, 0
116 ,110, 105, '90 88 90 87 ' ,'0 0 0 0 ' ,7 ,1 ,2, 2
113 ,110, 102, '92 87 90 89 ' ,'0 0 0 0 ' ,5 ,0 ,1, 1
117 ,110, 106, '95 92 88 92 ' ,'0 0 0 0 ' ,8 ,1 ,1, 0
153 ,111, 141, '100 91 94 94 ' ,'0 0 0 0 ' ,39 ,31 ,2, 2
129 ,147, 117, '105 97 95 98 ' ,'0 0 0 0 ' ,12 ,1 ,2, 2
201 ,123, 191, '95 96 99 182 ' ,'0 0 0 0 ' ,85 ,1 ,3, 3
129 ,195, 117, '104 103 96 97 ' ,'0 0 0 0 ' ,9 ,1 ,2, 2
135 ,123, 124, '108 100 103 100 ' ,'0 0 0 0 ' ,13 ,1 ,3, 3
157 ,130, 146, '98 99 100 92 ' ,'0 0 0 0 ' ,42 ,31 ,2, 2
123 ,153, 111, '91 96 98 91 ' ,'0 0 0 0 ' ,11 ,1 ,2, 2
119 ,118, 108, '90 91 92 85 ' ,'0 0 0 0 ' ,15 ,1 ,2, 2
109 ,114, 97, '83 82 83 81 ' ,'0 0 0 0 ' ,7 ,1 ,1, 1
117 ,102, 105, '89 77 91 75 ' ,'0 0 0 0 ' ,20 ,1 ,2, 2
154 ,111, 144, '82 81 83 80 ' ,'0 0 0 0 ' ,54 ,30 ,2, 2
109 ,149, 96, '83 82 84 82 ' ,'0 0 0 0 ' ,7 ,1 ,1, 1
112 ,102, 101, '87 80 84 81 ' ,'0 0 0 0 ' ,12 ,1 ,2, 2
