1160 ,0, 414, '32 29 33 35 31 28 184 33 33 33 43 169 ' ,'0 0 0 0 0 0 0 0 0 0 0 0 ' ,326 ,13 ,15, 15
317 ,1274, 278, '207 209 160 150 156 256 196 154 165 198 222 226 ' ,'0 0 0 0 0 0 0 0 0 0 0 0 ' ,107 ,2 ,5, 5
152 ,299, 126, '84 92 91 90 88 83 86 97 84 105 97 89 ' ,'0 0 0 0 0 0 0 0 0 0 0 0 ' ,28 ,2 ,6, 6
164 ,150, 130, '90 89 87 89 86 92 94 84 83 109 89 93 ' ,'0 0 0 0 0 0 0 0 0 0 0 0 ' ,34 ,2 ,2, 2
138 ,149, 113, '79 83 84 78 79 79 78 80 75 85 77 71 ' ,'0 0 0 0 0 0 0 0 0 0 0 0 ' ,26 ,2 ,2, 2
117 ,135, 97, '80 73 67 75 74 69 77 67 67 79 69 73 ' ,'0 0 0 0 0 0 0 0 0 0 0 0 ' ,19 ,1 ,2, 2
125 ,106, 104, '72 75 75 73 74 76 71 84 70 81 86 80 ' ,'0 0 0 0 0 0 0 0 0 0 0 0 ' ,25 ,3 ,2, 2
363 ,126, 124, '82 91 87 88 88 99 84 80 83 99 82 89 ' ,'0 0 0 0 0 0 0 0 0 0 0 0 ' ,27 ,3 ,2, 2
149 ,144, 122, '82 95 96 102 84 88 86 93 93 96 98 96 ' ,'0 0 0 0 0 0 0 0 0 0 0 0 ' ,30 ,2 ,1, 1
157 ,138, 137, '93 89 96 103 88 91 97 96 87 112 104 89 ' ,'0 0 0 0 0 0 0 0 0 0 0 0 ' ,36 ,3 ,3, 3
139 ,149, 115, '91 85 83 88 82 84 83 98 85 97 85 91 ' ,'0 0 0 0 0 0 0 0 0 0 0 0 ' ,23 ,1 ,1, 1
141 ,131, 119, '84 87 77 97 85 81 86 81 90 94 86 83 ' ,'0 0 0 0 0 0 0 0 0 0 0 0 ' ,28 ,2 ,2, 2
143 ,129, 122, '98 76 83 82 102 77 91 82 103 85 76 79 ' ,'0 0 0 0 0 0 0 0 0 0 0 0 ' ,37 ,2 ,3, 2
129 ,136, 105, '89 79 83 89 78 83 75 77 77 78 76 77 ' ,'0 0 0 0 0 0 0 0 0 0 0 0 ' ,17 ,3 ,3, 3
155 ,114, 139, '110 110 95 75 82 80 74 103 88 83 116 124 ' ,'0 0 0 0 0 0 0 0 0 0 0 0 ' ,57 ,1 ,2, 1
127 ,150, 113, '76 73 88 81 82 99 74 80 79 93 87 82 ' ,'0 0 0 0 0 0 0 0 0 0 0 0 ' ,30 ,2 ,2, 2
122 ,146, 105, '83 82 89 83 84 82 95 96 78 91 83 85 ' ,'0 0 0 0 0 0 0 0 0 0 0 0 ' ,20 ,1 ,0, 0
135 ,117, 117, '95 87 94 99 93 84 81 85 83 99 85 85 ' ,'0 0 0 0 0 0 0 0 0 0 0 0 ' ,27 ,2 ,2, 2
141 ,129, 118, '101 92 88 97 101 88 80 99 81 100 90 85 ' ,'0 0 0 0 0 0 0 0 0 0 0 0 ' ,28 ,1 ,1, 1
149 ,135, 129, '88 86 89 92 111 79 83 93 81 103 92 80 ' ,'0 0 0 0 0 0 0 0 0 0 0 0 ' ,43 ,1 ,2, 2
137 ,148, 120, '89 100 84 99 102 86 86 98 103 88 86 86 ' ,'0 0 0 0 0 0 0 0 0 0 0 0 ' ,26 ,1 ,2, 2
124 ,135, 102, '88 85 82 91 82 75 81 90 83 87 79 88 ' ,'0 0 0 0 0 0 0 0 0 0 0 0 ' ,19 ,1 ,2, 2
126 ,118, 102, '88 76 82 80 72 70 74 92 82 83 74 68 ' ,'0 0 0 0 0 0 0 0 0 0 0 0 ' ,25 ,1 ,1, 1
116 ,121, 98, '82 70 78 89 75 72 76 78 80 77 85 73 ' ,'0 0 0 0 0 0 0 0 0 0 0 0 ' ,21 ,1 ,1, 1
125 ,111, 107, '91 83 82 82 83 77 76 72 83 90 74 74 ' ,'0 0 0 0 0 0 0 0 0 0 0 0 ' ,24 ,1 ,3, 2
127 ,119, 108, '88 81 82 79 80 85 79 73 95 91 80 79 ' ,'0 0 0 0 0 0 0 0 0 0 0 0 ' ,26 ,2 ,3, 3
142 ,122, 119, '92 85 86 81 86 86 91 105 89 105 83 87 ' ,'0 0 0 0 0 0 0 0 0 0 0 0 ' ,28 ,1 ,1, 1
134 ,132, 117, '93 90 89 83 88 87 82 100 86 99 94 88 ' ,'0 0 0 0 0 0 0 0 0 0 0 0 ' ,24 ,1 ,2, 2
151 ,127, 128, '102 95 92 94 101 90 86 96 115 103 87 103 ' ,'0 0 0 0 0 0 0 0 0 0 0 0 ' ,30 ,2 ,2, 2
157 ,140, 138, '89 97 90 92 89 89 84 88 84 114 86 91 ' ,'0 0 0 0 0 0 0 0 0 0 0 0 ' ,46 ,1 ,1, 1
136 ,151, 116, '84 86 88 85 79 88 82 86 93 95 80 80 ' ,'0 0 0 0 0 0 0 0 0 0 0 0 ' ,26 ,1 ,2, 2
128 ,128, 108, '74 71 72 80 76 81 80 78 75 88 76 67 ' ,'0 0 0 0 0 0 0 0 0 0 0 0 ' ,33 ,2 ,2, 2
121 ,121, 105, '82 76 77 93 89 76 80 81 78 81 73 84 ' ,'0 0 0 0 0 0 0 0 0 0 0 0 ' ,21 ,1 ,2, 2
114 ,114, 99, '71 76 85 76 82 78 88 81 84 78 82 80 ' ,'0 0 0 0 0 0 0 0 0 0 0 0 ' ,15 ,1 ,1, 1
118 ,107, 104, '76 79 82 85 92 94 84 79 81 78 76 93 ' ,'0 0 0 0 0 0 0 0 0 0 0 0 ' ,20 ,2 ,2, 2
128 ,111, 109, '94 96 86 80 91 86 76 83 89 83 85 84 ' ,'0 0 0 0 0 0 0 0 0 0 0 0 ' ,27 ,0 ,1, 1
135 ,122, 117, '94 95 85 79 89 74 93 81 92 94 79 85 ' ,'0 0 0 0 0 0 0 0 0 0 0 0 ' ,34 ,1 ,1, 1
128 ,128, 109, '86 79 79 75 80 70 75 80 89 87 79 79 ' ,'0 0 0 0 0 0 0 0 0 0 0 0 ' ,32 ,1 ,2, 2
123 ,122, 103, '75 84 75 82 75 79 79 80 93 80 77 74 ' ,'0 0 0 0 0 0 0 0 0 0 0 0 ' ,25 ,1 ,1, 1
121 ,125, 98, '76 73 76 72 77 82 74 80 87 77 88 81 ' ,'0 0 0 0 0 0 0 0 0 0 0 0 ' ,17 ,1 ,1, 1
128 ,114, 108, '73 74 78 77 83 93 84 91 84 81 88 84 ' ,'0 0 0 0 0 0 0 0 0 0 0 0 ' ,26 ,1 ,1, 1
155 ,119, 133, '93 81 83 82 82 89 83 90 96 85 107 88 ' ,'0 0 0 0 0 0 0 0 0 0 0 0 ' ,44 ,15 ,1, 1
132 ,145, 111, '99 82 83 101 83 83 94 84 81 88 84 91 ' ,'0 0 0 0 0 0 0 0 0 0 0 0 ' ,21 ,0 ,1, 1
154 ,125, 131, '86 87 97 97 86 85 87 79 80 107 93 79 ' ,'0 0 0 0 0 0 0 0 0 0 0 0 ' ,42 ,1 ,2, 2
134 ,145, 106, '96 91 93 90 86 82 86 91 85 85 83 77 ' ,'0 0 0 0 0 0 0 0 0 0 0 0 ' ,25 ,1 ,2, 2
219 ,128, 199, '78 76 88 92 79 77 73 78 191 85 75 73 ' ,'0 0 0 0 0 0 0 0 0 0 0 0 ' ,118 ,0 ,2, 2
125 ,212, 108, '73 76 75 92 76 94 75 88 90 87 73 78 ' ,'0 0 0 0 0 0 0 0 0 0 0 0 ' ,26 ,1 ,2, 2
122 ,121, 103, '75 86 77 79 78 83 77 84 85 84 79 78 ' ,'0 0 0 0 0 0 0 0 0 0 0 0 ' ,22 ,0 ,1, 1
132 ,119, 108, '78 76 77 83 87 82 82 83 79 80 79 89 ' ,'0 0 0 0 0 0 0 0 0 0 0 0 ' ,25 ,2 ,1, 1
135 ,119, 116, '72 75 88 81 83 83 78 81 81 95 76 85 ' ,'0 0 0 0 0 0 0 0 0 0 0 0 ' ,36 ,1 ,2, 2
123 ,126, 105, '85 91 91 85 95 90 94 90 81 96 92 82 ' ,'0 0 0 0 0 0 0 0 0 0 0 0 ' ,12 ,2 ,1, 1
129 ,118, 115, '85 89 102 94 88 85 85 87 104 100 96 76 ' ,'0 0 0 0 0 0 0 0 0 0 0 0 ' ,29 ,2 ,2, 2
130 ,127, 115, '90 86 91 92 103 85 89 82 99 97 93 77 ' ,'0 0 0 0 0 0 0 0 0 0 0 0 ' ,27 ,1 ,2, 2
164 ,123, 138, '127 92 89 91 92 86 84 83 95 101 125 81 ' ,'0 0 0 0 0 0 0 0 0 0 0 0 ' ,49 ,2 ,1, 1
135 ,155, 117, '93 82 88 93 79 87 77 90 88 96 77 74 ' ,'0 0 0 0 0 0 0 0 0 0 0 0 ' ,32 ,1 ,2, 2
148 ,130, 126, '79 88 75 79 82 76 75 94 116 100 80 85 ' ,'0 0 0 0 0 0 0 0 0 0 0 0 ' ,44 ,2 ,1, 1
223 ,135, 195, '86 83 83 83 88 79 75 85 93 83 81 81 ' ,'0 0 0 0 0 0 0 0 0 0 0 0 ' ,116 ,1 ,2, 2
132 ,216, 109, '92 79 77 73 86 84 82 91 96 86 84 85 ' ,'0 0 0 0 0 0 0 0 0 0 0 0 ' ,29 ,1 ,1, 1
833 ,122, 182, '81 86 81 88 73 173 76 78 84 92 80 82 ' ,'0 0 0 0 0 0 0 0 0 0 0 0 ' ,98 ,1 ,2, 2
142 ,193, 116, '76 73 81 77 78 105 81 84 93 87 83 91 ' ,'0 0 0 0 0 0 0 0 0 0 0 0 ' ,36 ,2 ,1, 1
131 ,128, 110, '80 78 79 86 79 100 90 86 90 85 85 85 ' ,'0 0 0 0 0 0 0 0 0 0 0 0 ' ,23 ,0 ,2, 2
237 ,122, 211, '97 79 91 97 189 93 97 75 84 93 89 82 ' ,'0 0 0 0 0 0 0 0 0 0 0 0 ' ,128 ,1 ,2, 2
175 ,226, 153, '93 87 88 89 130 96 85 85 88 94 81 89 ' ,'0 0 0 0 0 0 0 0 0 0 0 0 ' ,61 ,1 ,3, 3
168 ,165, 152, '96 83 85 86 89 82 71 87 84 91 86 139 ' ,'0 0 0 0 0 0 0 0 0 0 0 0 ' ,75 ,1 ,1, 1
1556 ,169, 136, '96 93 85 82 85 79 74 85 94 88 74 121 ' ,'0 0 0 0 0 0 0 0 0 0 0 0 ' ,51 ,1 ,2, 2
144 ,147, 121, '81 82 79 82 89 97 76 89 101 97 78 87 ' ,'0 0 0 0 0 0 0 0 0 0 0 0 ' ,37 ,1 ,2, 2
121 ,134, 102, '86 75 77 78 77 81 73 80 87 77 74 83 ' ,'0 0 0 0 0 0 0 0 0 0 0 0 ' ,24 ,2 ,1, 1
133 ,114, 109, '75 81 79 78 74 87 88 87 85 82 85 98 ' ,'0 0 0 0 0 0 0 0 0 0 0 0 ' ,26 ,1 ,2, 2
120 ,119, 106, '81 81 84 95 84 82 90 78 82 79 96 81 ' ,'0 0 0 0 0 0 0 0 0 0 0 0 ' ,20 ,1 ,2, 2
120 ,115, 104, '86 83 81 96 84 95 89 91 90 92 84 77 ' ,'0 0 0 0 0 0 0 0 0 0 0 0 ' ,20 ,1 ,1, 1
189 ,115, 174, '87 94 83 81 90 102 82 91 82 99 84 80 ' ,'0 0 0 0 0 0 0 0 0 0 0 0 ' ,86 ,63 ,2, 2
122 ,183, 106, '93 84 91 91 87 88 84 89 83 95 91 84 ' ,'0 0 0 0 0 0 0 0 0 0 0 0 ' ,16 ,2 ,2, 2
130 ,114, 110, '86 81 80 86 76 87 74 95 90 90 75 82 ' ,'0 0 0 0 0 0 0 0 0 0 0 0 ' ,29 ,1 ,1, 1
124 ,124, 100, '74 78 80 77 73 84 82 83 83 80 82 88 ' ,'0 0 0 0 0 0 0 0 0 0 0 0 ' ,22 ,1 ,1, 1
985 ,117, 104, '77 86 83 86 84 85 87 75 92 79 87 86 ' ,'0 0 0 0 0 0 0 0 0 0 0 0 ' ,20 ,2 ,1, 1
259 ,118, 231, '97 85 89 85 90 89 86 82 89 93 94 87 ' ,'0 0 0 0 0 0 0 0 0 0 0 0 ' ,136 ,1 ,2, 1
127 ,243, 107, '85 87 89 92 87 91 98 83 83 84 98 82 ' ,'0 0 0 0 0 0 0 0 0 0 0 0 ' ,16 ,1 ,2, 2
148 ,121, 125, '81 86 80 91 109 78 83 91 96 92 93 83 ' ,'0 0 0 0 0 0 0 0 0 0 0 0 ' ,41 ,0 ,1, 1
134 ,140, 112, '89 79 83 86 78 82 80 80 80 89 77 82 ' ,'0 0 0 0 0 0 0 0 0 0 0 0 ' ,25 ,1 ,2, 2
170 ,125, 150, '90 82 75 80 80 87 82 82 84 90 78 82 ' ,'0 0 0 0 0 0 0 0 0 0 0 0 ' ,65 ,34 ,1, 1
126 ,160, 107, '77 87 86 87 80 89 88 87 82 83 92 81 ' ,'0 0 0 0 0 0 0 0 0 0 0 0 ' ,20 ,0 ,1, 1
154 ,120, 133, '80 81 86 90 82 89 89 84 94 109 103 90 ' ,'0 0 0 0 0 0 0 0 0 0 0 0 ' ,46 ,1 ,2, 2
142 ,149, 118, '81 88 83 93 97 96 93 91 89 87 88 85 ' ,'0 0 0 0 0 0 0 0 0 0 0 0 ' ,31 ,1 ,1, 1
133 ,136, 114, '85 88 86 91 95 87 98 97 89 93 89 82 ' ,'0 0 0 0 0 0 0 0 0 0 0 0 ' ,25 ,1 ,1, 1
139 ,129, 119, '94 90 84 97 102 99 82 88 88 100 88 93 ' ,'0 0 0 0 0 0 0 0 0 0 0 0 ' ,30 ,1 ,1, 1
117 ,133, 104, '82 84 80 95 78 82 84 85 89 92 88 95 ' ,'0 0 0 0 0 0 0 0 0 0 0 0 ' ,18 ,1 ,1, 1
114 ,117, 100, '78 80 80 74 81 82 82 90 87 80 86 83 ' ,'0 0 0 0 0 0 0 0 0 0 0 0 ' ,18 ,1 ,2, 2
116 ,108, 102, '84 79 83 76 89 92 87 92 91 83 87 85 ' ,'0 0 0 0 0 0 0 0 0 0 0 0 ' ,19 ,1 ,2, 2
184 ,108, 170, '75 83 87 87 90 89 162 89 106 82 93 90 ' ,'0 0 0 0 0 0 0 0 0 0 0 0 ' ,87 ,0 ,1, 1
125 ,185, 111, '79 85 94 95 88 101 94 89 94 97 87 85 ' ,'0 0 0 0 0 0 0 0 0 0 0 0 ' ,25 ,1 ,2, 2
131 ,121, 116, '92 85 88 100 91 87 97 86 91 94 89 86 ' ,'0 0 0 0 0 0 0 0 0 0 0 0 ' ,23 ,0 ,2, 2
214 ,128, 123, '82 93 81 96 95 96 89 93 90 95 86 90 ' ,'0 0 0 0 0 0 0 0 0 0 0 0 ' ,32 ,1 ,3, 2
176 ,134, 155, '82 143 83 83 84 84 81 94 86 86 88 90 ' ,'0 0 0 0 0 0 0 0 0 0 0 0 ' ,66 ,1 ,2, 2
126 ,168, 109, '83 92 74 81 81 83 80 88 102 78 85 94 ' ,'0 0 0 0 0 0 0 0 0 0 0 0 ' ,27 ,0 ,1, 1
133 ,119, 114, '84 91 78 80 81 88 82 87 87 92 98 81 ' ,'0 0 0 0 0 0 0 0 0 0 0 0 ' ,29 ,0 ,1, 1
139 ,130, 117, '78 77 79 89 83 89 83 79 92 95 83 81 ' ,'0 0 0 0 0 0 0 0 0 0 0 0 ' ,32 ,2 ,1, 1
133 ,133, 116, '83 86 88 87 90 92 91 84 105 88 90 88 ' ,'0 0 0 0 0 0 0 0 0 0 0 0 ' ,23 ,0 ,2, 2
134 ,132, 114, '77 87 88 98 96 79 95 96 94 92 99 92 ' ,'0 0 0 0 0 0 0 0 0 0 0 0 ' ,30 ,1 ,2, 2
142 ,128, 122, '84 101 97 93 98 89 86 83 92 93 85 90 ' ,'0 0 0 0 0 0 0 0 0 0 0 0 ' ,31 ,1 ,1, 1
149 ,133, 126, '90 93 79 83 86 80 87 87 96 98 89 87 ' ,'0 0 0 0 0 0 0 0 0 0 0 0 ' ,42 ,1 ,2, 2
132 ,143, 109, '89 88 81 76 78 84 87 88 87 83 80 88 ' ,'0 0 0 0 0 0 0 0 0 0 0 0 ' ,26 ,1 ,1, 1
149 ,125, 126, '81 84 80 79 96 85 89 86 100 89 86 91 ' ,'0 0 0 0 0 0 0 0 0 0 0 0 ' ,39 ,1 ,1, 1
147 ,140, 127, '77 86 84 85 86 95 94 84 80 94 83 95 ' ,'0 0 0 0 0 0 0 0 0 0 0 0 ' ,44 ,1 ,2, 2
140 ,142, 121, '81 84 85 107 95 109 99 88 82 91 89 96 ' ,'0 0 0 0 0 0 0 0 0 0 0 0 ' ,34 ,1 ,1, 1
138 ,135, 119, '79 87 97 97 86 87 102 78 88 94 87 87 ' ,'0 0 0 0 0 0 0 0 0 0 0 0 ' ,32 ,1 ,2, 2
155 ,131, 132, '87 91 95 95 89 85 88 92 86 103 90 91 ' ,'0 0 0 0 0 0 0 0 0 0 0 0 ' ,36 ,1 ,1, 1
120 ,153, 106, '96 90 84 93 96 83 96 97 90 90 80 83 ' ,'0 0 0 0 0 0 0 0 0 0 0 0 ' ,18 ,0 ,0, 0
120 ,114, 108, '83 84 90 91 83 90 86 84 84 96 76 85 ' ,'0 0 0 0 0 0 0 0 0 0 0 0 ' ,21 ,1 ,1, 1
120 ,118, 109, '83 82 82 76 80 99 85 91 96 95 86 84 ' ,'0 0 0 0 0 0 0 0 0 0 0 0 ' ,25 ,1 ,1, 1
137 ,118, 115, '78 81 80 89 87 92 100 81 89 90 89 89 ' ,'0 0 0 0 0 0 0 0 0 0 0 0 ' ,30 ,1 ,1, 1
166 ,130, 147, '81 90 87 85 90 91 83 86 80 91 137 79 ' ,'0 0 0 0 0 0 0 0 0 0 0 0 ' ,59 ,1 ,2, 2
150 ,157, 133, '86 87 97 94 100 93 83 84 87 90 93 83 ' ,'0 0 0 0 0 0 0 0 0 0 0 0 ' ,39 ,1 ,2, 2
166 ,147, 147, '101 86 85 102 117 85 81 91 83 92 86 90 ' ,'0 0 0 0 0 0 0 0 0 0 0 0 ' ,58 ,0 ,1, 1
140 ,163, 120, '100 92 95 94 86 89 90 87 98 89 103 102 ' ,'0 0 0 0 0 0 0 0 0 0 0 0 ' ,22 ,1 ,2, 2
143 ,134, 124, '97 99 83 97 87 97 81 86 94 99 94 84 ' ,'0 0 0 0 0 0 0 0 0 0 0 0 ' ,37 ,1 ,2, 2
147 ,141, 129, '95 91 83 78 84 101 79 82 104 98 90 81 ' ,'0 0 0 0 0 0 0 0 0 0 0 0 ' ,43 ,1 ,2, 2
136 ,138, 118, '86 79 89 77 81 97 78 83 94 90 92 80 ' ,'0 0 0 0 0 0 0 0 0 0 0 0 ' ,35 ,1 ,1, 1
133 ,131, 115, '91 92 90 79 84 92 85 87 90 86 94 87 ' ,'0 0 0 0 0 0 0 0 0 0 0 0 ' ,26 ,1 ,2, 2
140 ,128, 120, '74 86 95 90 88 89 84 85 93 88 94 86 ' ,'0 0 0 0 0 0 0 0 0 0 0 0 ' ,39 ,1 ,2, 2
138 ,135, 118, '75 93 93 98 93 89 90 87 95 90 95 103 ' ,'0 0 0 0 0 0 0 0 0 0 0 0 ' ,36 ,1 ,1, 1
244 ,131, 225, '86 83 85 90 99 78 94 88 92 196 83 84 ' ,'0 0 0 0 0 0 0 0 0 0 0 0 ' ,139 ,1 ,2, 2
136 ,241, 117, '96 84 81 91 84 93 87 75 96 84 81 91 ' ,'0 0 0 0 0 0 0 0 0 0 0 0 ' ,32 ,0 ,2, 2
149 ,250, 134, '93 86 82 76 83 97 101 79 104 105 81 102 ' ,'0 0 0 0 0 0 0 0 0 0 0 0 ' ,50 ,2 ,1, 1
553 ,332, 533, '86 208 87 84 83 92 94 82 84 94 79 84 ' ,'0 0 0 0 0 0 0 0 0 0 0 0 ' ,446 ,2 ,2, 2
120 ,547, 107, '91 80 85 85 81 96 89 78 97 88 80 93 ' ,'0 0 0 0 0 0 0 0 0 0 0 0 ' ,18 ,1 ,2, 2
123 ,115, 109, '90 82 93 87 83 102 87 89 97 87 93 92 ' ,'0 0 0 0 0 0 0 0 0 0 0 0 ' ,19 ,1 ,1, 1
128 ,116, 116, '85 84 83 81 84 95 87 81 103 100 87 91 ' ,'0 0 0 0 0 0 0 0 0 0 0 0 ' ,27 ,1 ,2, 2
211 ,122, 192, '78 81 99 108 101 95 78 85 83 90 87 87 ' ,'0 0 0 0 0 0 0 0 0 0 0 0 ' ,106 ,64 ,2, 2
208 ,202, 187, '94 96 87 87 99 89 78 95 99 89 90 86 ' ,'0 0 0 0 164 0 0 0 0 0 0 0 ' ,98 ,0 ,2, 2
132 ,198, 114, '82 89 96 87 81 80 83 84 87 83 82 94 ' ,'0 0 0 0 0 0 0 0 0 0 0 0 ' ,24 ,1 ,1, 1
221 ,127, 202, '94 191 83 78 88 92 85 91 89 92 81 85 ' ,'0 0 0 0 0 0 0 0 0 0 0 0 ' ,111 ,1 ,2, 2
133 ,209, 118, '88 87 83 82 82 88 101 80 103 86 84 90 ' ,'0 0 0 0 0 0 0 0 0 0 0 0 ' ,27 ,0 ,3, 3
674 ,127, 116, '97 82 82 78 85 89 97 79 90 91 84 93 ' ,'0 0 0 0 0 0 0 0 0 0 0 0 ' ,28 ,1 ,2, 2
137 ,126, 115, '85 90 97 84 78 91 79 83 98 89 95 85 ' ,'0 0 0 0 0 0 0 0 0 0 0 0 ' ,29 ,1 ,2, 2
203 ,129, 183, '174 89 92 110 82 89 77 87 91 80 97 83 ' ,'0 0 0 0 0 0 0 0 0 0 0 0 ' ,98 ,1 ,2, 2
278 ,194, 258, '82 92 85 117 103 89 83 157 239 84 94 87 ' ,'0 0 0 161 0 0 0 0 0 0 0 0 ' ,167 ,2 ,2, 2
154 ,267, 135, '87 101 95 100 103 95 87 85 98 80 86 91 ' ,'0 0 0 0 0 0 0 0 0 0 0 0 ' ,40 ,1 ,2, 2
146 ,144, 127, '92 90 80 84 98 86 87 85 86 79 80 93 ' ,'0 0 0 0 0 0 0 0 0 0 0 0 ' ,38 ,1 ,1, 1
979 ,140, 957, '97 89 86 86 83 97 90 90 83 88 96 85 ' ,'0 0 0 0 0 0 0 0 0 0 0 0 ' ,860 ,1 ,2, 2
152 ,969, 130, '91 93 80 78 84 93 95 85 81 88 99 90 ' ,'0 0 0 0 0 0 0 0 0 0 0 0 ' ,44 ,1 ,2, 2
153 ,143, 127, '86 76 85 87 91 89 96 96 83 102 96 83 ' ,'0 0 0 0 0 0 0 0 0 0 0 0 ' ,45 ,1 ,1, 1
159 ,151, 142, '87 82 87 76 110 100 82 83 82 94 103 82 ' ,'0 0 0 0 0 0 0 0 0 0 0 0 ' ,58 ,1 ,3, 3
137 ,156, 125, '88 93 90 99 83 87 85 91 88 94 86 83 ' ,'0 0 0 0 0 0 0 0 0 0 0 0 ' ,29 ,15 ,2, 2
134 ,131, 120, '87 88 100 93 88 94 89 90 100 88 106 92 ' ,'0 0 0 0 0 0 0 0 0 0 0 0 ' ,26 ,2 ,1, 1
164 ,127, 151, '84 91 139 97 98 98 86 94 101 85 91 93 ' ,'0 0 0 0 0 0 0 0 0 0 0 0 ' ,58 ,1 ,2, 2
153 ,160, 134, '89 86 89 93 104 88 98 91 93 97 99 90 ' ,'0 0 0 0 0 0 0 0 0 0 0 0 ' ,39 ,1 ,3, 3
149 ,146, 129, '103 88 94 91 96 92 88 90 91 86 89 99 ' ,'0 0 0 0 0 0 0 0 0 0 0 0 ' ,28 ,1 ,2, 2
139 ,141, 121, '107 83 83 79 83 88 99 85 103 97 86 83 ' ,'0 0 0 0 0 0 0 0 0 0 0 0 ' ,35 ,1 ,2, 2
135 ,132, 117, '89 78 90 89 90 91 90 84 85 88 85 81 ' ,'0 0 0 0 0 0 0 0 0 0 0 0 ' ,32 ,0 ,1, 1
152 ,129, 133, '98 83 79 81 82 98 89 82 94 100 86 93 ' ,'0 0 0 0 0 0 0 0 0 0 0 0 ' ,42 ,1 ,2, 2
