38
34
35
35
37
39
40
43
34
35
37
39
41
42
34
36
38
41
32
34
26
28
29
31
43
45
37
38
39
42
43
96
47
39
39
42
33
45
37
29
31
33
45
47
48
40
41
174
45
48
39
42
43
44
46
38
40
42
44
45
48
48
40
31
33
35
37
38
39
41
43
35
37
38
30
31
33
35
36
37
29
30
31
33
37
38
29
30
33
44
465
492
480
263
472
664
687
495
466
293
278
477
468
669
678
660
487
892
456
269
892
693
1138
471
489
884
274
453
470
283
688
454
676
669
898
1086
490
691
886
888
697
1282
461
499
486
472
870
466
672
896
276
471
671
478
667
483
868
678
475
696
677
1082
471
678
