48
43
33
54
35
36
38
29
32
33
34
36
27
29
29
30
34
34
37
38
30
32
65
35
37
38
30
32
33
37
36
37
29
31
32
33
35
37
29
30
31
34
35
48
40
31
33
34
36
36
29
30
32
34
35
37
41
20
23
24
26
28
28
21
23
34
36
38
29
21
23
24
57
29
31
22
24
27
28
29
21
23
25
26
28
21
22
23
26
27
40
21
22
35
37
38
30
31
34
36
37
39
30
31
33
34
36
18
19
31
33
35
38
29
20
22
23
36
27
28
30
32
55
36
29
28
30
32
34
36
28
30
42
33
35
27
39
31
31
34
35
27
28
30
32
33
25
28
29
31
33
35
36
29
30
32
35
36
28
29
31
34
36
37
28
30
31
34
36
29
30
33
44
36
38
29
31
33
34
25
27
30
31
43
24
26
28
30
31
23
24
25
28
39
40
45
43
34
35
36
39
30
32
54
35
37
38
29
30
32
33
36
27
100
31
32
34
25
27
28
30
31
53
24
25
28
67
37
38
30
32
33
35
37
31
32
34
25
27
30
21
22
25
26
28
19
21
25
36
38
40
31
33
44
36
39
30
31
33
36
48
39
20
22
22
23
36
37
29
31
32
31
44
37
37
27
33
31
32
33
36
38
29
31
33
34
35
26
28
29
32
33
25
27
28
31
32
33
26
27
29
31
32
24
35
27
29
31
23
25
27
29
31
33
34
25
28
30
32
33
25
28
50
32
33
35
27
28
29
31
32
24
26
28
30
32
24
26
28
30
31
32
35
36
39
40
30
32
34
37
28
19
22
23
46
27
29
31
32
35
36
38
39
40
42
44
26
29
30
31
34
25
46
29
81
42
34
36
38
39
40
42
33
36
37
38
41
32
35
36
38
39
30
32
34
35
37
29
30
32
34
25
27
29
51
32
34
25
27
28
29
32
23
25
27
39
31
33
25
27
28
30
53
33
25
27
29
31
32
37
30
32
34
35
36
39
30
32
35
36
39
29
31
34
35
37
38
31
32
24
26
36
39
20
43
24
35
37
31
32
33
34
37
38
30
31
43
35
36
28
30
33
45
37
39
31
33
35
38
39
31
33
35
36
38
29
31
43
34
36
39
29
31
32
33
45
37
39
39
41
