53
31
32
34
36
37
38
39
41
43
34
35
37
38
40
42
43
44
48
40
33
34
46
48
49
40
42
43
45
46
48
39
41
43
44
46
37
38
40
41
43
45
37
38
39
42
44
46
37
39
42
43
44
36
38
40
41
53
45
36
38
40
41
33
34
37
38
40
42
35
35
36
38
41
43
34
36
39
40
33
34
35
37
39
41
32
34
36
48
40
41
32
34
35
38
39
31
32
34
35
37
28
31
32
35
37
40
31
33
36
39
42
44
36
37
39
40
42
33
35
36
38
40
42
44
35
37
39
41
32
35
36
38
39
42
43
40
42
33
36
37
39
41
33
34
36
38
39
41
43
35
37
38
41
43
34
36
37
39
41
43
45
36
38
40
42
33
35
37
39
41
42
34
38
39
42
43
45
36
39
40
42
43
46
37
39
40
42
44
46
37
39
40
42
43
46
37
38
40
41
44
35
37
38
41
42
44
35
38
39
41
43
34
36
38
41
41
33
34
36
37
40
41
44
55
37
39
41
33
35
36
38
40
71
37
38
40
41
44
36
38
39
41
42
44
36
38
40
41
43
45
35
37
39
40
43
36
29
43
32
35
46
39
40
42
43
54
36
27
39
32
32
33
36
37
40
41
44
44
26
38
29
31
33
34
27
39
30
32
36
27
28
30
42
44
34
37
38
41
42
45
35
37
38
41
44
36
38
40
41
44
45
37
38
41
43
56
38
31
32
34
36
39
41
42
34
35
37
48
31
32
34
35
37
39
30
32
34
35
38
38
30
32
34
36
38
39
31
33
35
47
38
30
31
34
45
37
49
40
42
44
45
46
38
39
42
43
45
46
38
40
82
44
35
37
39
41
43
44
36
39
39
41
43
44
36
38
40
41
43
45
37
38
41
43
44
45
37
29
31
42
45
47
29
40
33
35
37
40
34
34
36
38
40
31
33
35
37
38
30
32
34
35
38
29
31
38
35
38
43
41
42
44
46
38
29
31
44
35
37
40
30
32
33
37
39
31
32
35
36
39
31
33
35
39
41
45
35
37
38
41
43
34
37
38
40
41
34
35
37
38
41
31
24
36
27
30
20
33
25
37
38
30
31
33
46
47
48
40
42
44
46
49
39
40
43
44
47
48
40
