51
48
60
40
49
40
42
42
43
47
48
50
50
51
41
42
43
44
45
45
46
47
48
48
48
50
39
41
42
42
43
45
46
46
48
48
48
39
41
41
42
43
54
55
45
46
37
38
39
50
62
41
43
44
44
45
36
48
38
39
40
41
42
43
43
44
44
36
36
38
38
39
40
41
42
43
35
36
36
37
37
38
39
41
42
42
43
44
45
44
45
46
46
47
48
49
49
50
51
45
46
45
46
48
49
40
41
42
42
43
46
46
46
37
38
38
40
41
42
43
44
45
47
49
38
39
41
43
44
45
46
47
48
39
40
51
48
39
39
41
42
43
44
45
45
36
38
39
39
40
45
43
44
44
45
46
48
39
40
41
52
43
34
36
37
39
39
40
42
43
34
34
35
37
38
37
49
51
52
53
44
44
45
47
38
39
50
51
52
42
43
44
45
45
47
49
49
49
50
41
42
44
44
45
46
48
48
49
39
41
41
42
43
44
45
46
37
38
39
39
43
42
59
39
39
40
41
42
42
43
43
45
46
36
37
38
39
40
41
42
33
34
35
35
37
38
39
45
46
47
49
50
51
52
42
43
44
46
46
47
263
50
41
42
44
45
45
47
48
48
58
39
40
40
41
42
42
43
44
36
37
38
45
40
41
42
43
44
35
36
37
38
38
39
40
42
53
43
44
35
36
38
38
39
50
41
42
43
44
34
36
37
38
39
39
40
42
43
34
34
35
36
69
49
49
39
40
42
42
43
43
45
46
46
36
38
38
39
40
50
41
53
54
45
35
37
40
40
41
41
42
43
44
45
46
36
47
39
40
41
42
258
37
37
38
39
40
42
43
43
51
46
37
39
39
40
41
42
44
35
36
37
39
39
39
41
42
44
34
34
35
36
38
46
46
47
47
48
49
49
50
41
42
42
53
44
45
46
47
74
45
46
47
47
49
50
51
51
52
53
44
45
46
47
48
49
49
50
41
42
43
43
44
45
36
37
38
39
40
41
42
43
55
36
47
48
49
50
51
52
54
54
35
46
47
49
50
51
51
54
44
44
46
47
48
50
51
52
42
34
35
36
37
38
49
40
42
32
34
34
35
46
47
47
48
40
30
31
34
36
37
38
39
50
51
42
