191
972
473
853
460
652
243
647
855
662
373
53
443
44
240
246
47
244
44
250
253
33
35
38
38
40
32
33
34
37
39
41
32
35
37
39
31
33
34
35
38
39
31
33
35
36
39
29
32
34
46
37
30
31
34
36
39
40
32
33
34
37
27
30
31
34
46
27
29
32
54
35
40
28
31
33
36
37
29
30
234
445
3706
445
442
41
34
35
38
39
51
43
45
46
49
51
44
45
47
48
51
42
45
46
48
49
41
43
45
48
48
39
40
42
43
46
37
39
40
43
44
36
38
51
42
45
36
38
40
52
44
35
37
39
41
42
30
31
34
35
37
40
31
33
35
39
38
31
32
34
36
38
40
41
34
35
38
39
42
33
36
37
40
41
34
55
36
38
30
32
34
36
37
29
40
43
44
47
38
49
42
44
35
46
38
41
43
44
46
37
39
40
43
37
38
41
42
45
46
38
29
42
44
45
36
40
41
43
45
26
29
30
42
43
35
47
39
39
42
34
35
38
39
41
33
35
36
38
39
34
33
46
36
38
40
32
33
35
37
40
41
32
33
35
37
39
30
32
33
36
37
30
31
43
34
36
37
36
27
28
30
32
34
26
27
30
32
44
34
37
38
40
42
34
36
38
39
42
33
55
36
38
39
31
32
34
35
37
28
40
41
33
45
47
38
41
42
34
46
49
30
42
44
46
47
29
30
33
44
47
49
30
42
44
35
27
39
31
32
34
35
38
39
33
24
27
28
30
33
55
26
27
30
41
32
35
37
38
29
20
43
44
47
47
39
40
43
44
46
48
41
42
44
45
37
40
41
43
44
46
37
39
40
43
45
37
38
41
41
48
35
39
40
42
46
39
40
41
44
55
47
38
41
42
44
46
38
39
41
42
45
36
38
39
42
43
35
36
39
41
43
35
