40
34
34
37
52
49
40
42
43
34
35
36
38
40
41
44
33
36
38
29
32
34
25
28
29
40
31
33
45
37
38
39
40
42
43
34
37
38
40
41
43
34
35
38
38
50
51
44
34
35
37
38
40
42
43
34
35
38
39
41
42
33
35
39
38
39
41
43
33
35
37
39
40
42
34
35
41
32
33
25
25
37
38
39
40
42
43
35
37
38
39
42
33
34
36
37
39
42
23
25
36
38
39
49
39
30
32
33
34
46
47
39
41
42
43
46
37
38
39
41
42
43
35
36
39
39
40
41
33
34
36
39
40
41
33
35
36
37
39
41
42
33
35
36
38
59
71
32
32
45
36
37
39
30
31
34
35
39
40
42
44
46
47
39
40
41
43
45
46
38
40
41
43
44
35
36
38
40
41
43
45
36
37
40
41
63
45
59
40
43
43
43
51
47
38
40
41
42
44
46
38
39
40
43
44
36
37
38
41
43
44
35
37
38
39
41
43
44
35
36
38
40
41
32
34
38
36
39
40
41
32
34
36
37
39
41
42
35
36
38
39
41
42
44
35
47
38
39
41
42
43
34
36
37
39
41
43
45
36
37
38
40
41
42
55
36
37
39
40
41
42
35
36
37
38
39
42
43
35
37
38
39
41
43
34
35
37
38
40
41
33
35
36
39
40
42
43
35
36
38
40
41
49
30
31
32
33
36
27
28
30
32
33
35
36
28
29
31
32
34
34
26
27
28
28
31
32
23
26
27
38
30
31
22
23
25
37
27
40
39
40
37
33
34
37
38
39
31
32
34
35
38
39
30
33
35
37
39
40
31
33
33
34
36
38
28
40
42
33
44
35
48
39
40
42
44
45
46
48
29
31
32
43
45
39
40
42
44
45
36
38
39
40
42
54
35
37
38
40
42
43
34
36
37
38
41
44
35
48
39
39
41
42
44
46
37
38
41
42
43
46
37
29
42
43
45
47
3442
