35
44
45
35
37
29
30
31
43
46
47
48
40
41
62
43
33
36
37
39
40
42
42
33
35
37
41
41
44
45
46
37
39
40
41
42
45
46
47
39
40
41
43
45
46
37
39
40
42
44
46
47
38
40
40
42
43
45
36
36
37
39
41
42
43
33
49
40
41
43
45
35
37
39
40
42
53
45
36
37
38
39
42
44
45
36
38
40
41
43
44
35
37
39
41
42
43
35
36
37
40
40
41
32
34
35
36
38
40
42
32
33
47
39
193
33
34
25
26
29
30
32
34
35
37
38
29
41
42
43
45
37
37
39
41
41
44
35
35
38
38
40
41
54
35
46
48
49
41
42
44
45
46
51
43
34
35
47
38
40
42
33
33
34
47
48
40
41
43
44
45
48
49
40
40
51
43
45
46
48
39
40
42
43
45
46
38
39
41
42
44
46
46
38
40
41
42
43
45
37
37
40
41
42
43
35
36
37
38
40
41
32
45
76
37
40
49
51
42
43
46
40
42
43
37
37
39
40
41
43
45
36
41
42
44
46
48
49
41
43
43
45
46
46
47
38
40
41
41
44
43
44
37
38
39
40
43
43
465
4743
