134060
6615
947
1583
748
7213
41
43
43
44
35
38
39
40
42
43
44
45
37
38
39
41
43
44
127
38
39
40
43
34
35
37
38
42
43
46
37
48
45
26
57
38
40
41
42
33
26
27
38
40
42
33
44
36
38
49
40
41
33
44
46
47
111
50
52
44
34
46
47
50
51
42
43
45
46
48
50
52
43
44
45
47
48
49
50
41
43
44
46
47
48
51
42
33
44
45
47
48
39
40
43
44
127
44
45
46
52
43
33
45
47
49
40
31
43
44
45
46
48
39
44
42
43
45
48
49
40
42
43
44
46
47
39
40
42
43
44
45
37
38
39
41
42
43
45
49
48
49
41
45
46
119
57
37
40
41
42
43
34
36
37
38
40
52
42
45
45
46
48
50
41
42
65
35
36
38
40
41
42
44
35
37
38
40
41
42
40
41
33
34
35
38
39
40
41
42
34
36
37
38
40
143
33
34
35
37
38
38
30
32
33
34
45
46
48
39
40
41
42
44
45
36
37
39
40
41
43
34
35
37
38
40
42
41
33
34
36
37
42
40
32
33
34
35
38
39
40
32
33
34
36
37
38
33
34
35
38
39
39
31
33
34
35
37
39
39
31
32
34
35
36
47
27
30
41
42
43
46
51
37
38
39
40
42
43
44
35
37
38
42
71
41
43
34
35
38
49
40
41
43
34
66
38
39
39
41
33
34
66
46
48
49
51
41
43
44
47
48
39
41
43
44
45
46
48
39
40
41
64
44
