58582
39
31
31
33
35
36
38
40
51
32
34
35
38
39
30
32
34
35
35
37
29
30
33
34
35
36
38
31
31
52
44
35
26
37
40
42
43
44
35
37
38
39
41
43
44
46
37
48
39
42
42
44
34
37
38
39
41
42
44
35
36
37
40
41
42
33
35
37
39
40
41
44
34
35
38
38
40
42
33
45
36
37
38
40
37
38
40
39
31
37
35
36
38
39
41
32
34
35
37
38
40
41
32
34
36
37
49
40
32
33
34
36
38
39
30
33
34
35
46
38
38
41
42
43
44
47
37
38
39
41
43
44
45
37
38
40
41
43
44
45
46
39
40
43
42
44
35
36
37
39
41
31
43
32
34
36
37
40
40
31
33
35
36
38
39
30
31
32
35
36
28
40
31
43
34
36
37
29
31
32
33
35
37
38
29
29
29
31
31
44
44
35
37
39
39
42
33
34
37
38
40
32
34
35
36
39
40
41
43
46
46
48
49
41
33
34
46
47
39
39
30
32
33
35
47
38
29
32
33
34
35
37
28
30
41
32
44
35
36
38
40
41
43
35
36
37
40
41
42
43
35
35
39
40
41
32
34
36
37
39
40
31
33
35
37
38
31
32
43
35
46
37
29
31
32
34
37
38
39
41
43
44
45
47
37
40
41
42
44
46
47
38
40
41
43
44
47
38
40
41
43
44
45
36
38
39
40
43
45
25
38
39
30
42
43
34
35
38
40
30
31
33
24
25
27
48
50
42
33
45
47
48
78
39
41
42
44
45
37
38
39
40
42
42
44
36
40
39
41
43
44
35
36
38
39
41
43
44
45
38
39
41
41
43
44
46
37
39
41
43
44
36
37
39
40
41
43
44
36
68
39
41
42
44
35
37
39
41
44
45
36
37
39
40
42
44
35
37
38
41
42
43
34
37
38
39
40
42
43
34
36
37
38
40
42
33
35
36
38
39
40
32
33
45
36
39
40
31
34
35
36
38
29
30
31
