14257
1316
1494
1415
1305
1117
1527
1296
46
48
49
50
51
42
43
46
46
48
48
40
41
42
42
43
44
45
36
38
40
41
42
43
44
46
36
39
40
41
41
54
34
46
57
49
50
50
52
53
43
45
48
49
47
48
49
50
53
34
45
107
37
38
49
41
43
44
45
46
47
48
49
50
32
43
44
45
46
48
203
42
43
44
46
48
48
49
40
42
43
44
46
47
69
40
51
43
35
36
36
37
28
30
32
33
35
36
39
39
30
205
44
34
36
37
38
29
40
31
42
43
45
48
39
40
45
43
44
36
38
28
40
41
42
43
34
35
37
31
32
33
34
37
38
39
30
32
32
45
36
47
39
40
42
43
46
45
46
37
99
39
50
40
52
43
34
36
36
36
49
39
44
44
36
37
38
39
153
43
34
36
38
39
40
52
49
50
51
43
45
45
46
58
49
52
42
43
44
35
37
49
50
40
31
44
35
47
47
49
40
31
43
43
47
38
49
52
33
34
36
47
65
46
47
39
43
41
42
44
44
47
38
39
40
41
43
44
46
37
39
39
41
42
54
45
46
37
39
40
41
42
34
36
37
38
49
51
52
95
45
36
37
49
50
51
42
43
45
46
49
49
50
41
42
43
44
45
46
48
50
41
35
46
38
41
52
43
33
36
47
37
38
40
52
34
35
36
37
39
40
51
42
33
44
46
47
48
50
31
42
43
44
46
47
48
39
40
42
43
44
46
46
48
47
37
38
29
31
33
34
35
26
38
40
41
42
43
45
46
36
38
38
40
52
43
44
35
47
41
41
43
45
46
37
38
39
41
42
43
35
46
47
49
40
42
43
34
36
37
1275
