55
52
42
43
44
45
45
36
38
49
50
51
42
43
44
45
46
46
47
50
50
49
50
51
32
43
45
46
48
48
50
51
42
42
44
44
45
46
47
38
40
40
41
45
43
44
45
36
37
39
71
51
53
54
44
45
46
47
48
49
50
52
53
34
36
46
48
48
78
47
38
39
40
41
53
33
39
36
36
38
49
50
51
42
43
44
48
39
40
42
43
44
45
36
36
47
48
49
50
51
52
43
44
45
46
47
49
50
41
42
42
46
55
46
47
47
38
50
44
45
45
46
47
49
40
40
42
43
48
49
50
41
42
55
48
51
51
42
43
45
46
46
47
48
40
40
42
43
44
45
46
47
38
49
40
51
52
54
45
56
47
38
60
40
42
42
43
46
48
39
40
42
43
44
45
46
37
49
40
40
52
32
46
36
37
38
40
41
42
56
37
37
39
40
41
42
43
34
46
46
37
39
40
51
43
44
44
35
35
36
38
49
50
40
42
43
44
45
46
38
40
40
41
42
53
44
45
56
47
37
38
39
40
41
53
45
34
36
36
37
38
39
40
41
31
44
46
47
38
39
40
41
54
45
46
47
48
49
39
41
42
43
44
45
45
47
47
48
39
40
52
49
40
42
43
44
45
47
48
39
40
41
42
43
44
46
36
50
41
42
43
45
46
37
38
39
40
41
44
45
46
46
36
37
38
39
41
42
53
47
38
39
40
51
52
53
44
46
48
38
39
51
31
32
45
46
47
47
48
39
40
41
42
45
46
47
38
40
41
42
43
44
46
47
38
39
52
42
43
55
45
46
37
38
39
40
41
42
43
43
44
35
36
36
38
39
40
43
55
55
36
37
38
49
50
51
42
42
45
44
46
48
192
51
52
43
44
45
46
47
48
50
42
32
44
44
45
46
47
48
39
40
41
42
44
44
45
46
37
38
49
39
40
51
43
45
45
46
47
48
49
50
41
42
43
45
46
47
38
39
51
43
44
45
50
47
39
40
41
42
44
45
47
47
49
50
51
52
53
53
54
60
37
38
49
50
51
52
52
54
55
46
37
130
52
52
53
64
46
57
41
40
41
42
43
44
45
46
37
39
40
61
42
43
44
35
36
37
37
50
41
72
42
43
45
46
47
49
