104764
56
47
48
50
51
42
44
44
45
46
48
49
42
43
37
37
38
39
41
44
45
47
48
39
30
33
34
45
47
50
41
52
43
44
45
46
48
49
49
50
40
41
42
43
46
48
48
49
40
41
42
44
55
45
48
48
40
40
41
43
44
66
48
59
40
42
48
49
47
59
50
41
52
53
43
44
45
47
48
50
51
42
63
43
45
46
47
48
49
284
52
44
44
45
46
36
38
39
40
42
53
54
45
46
46
47
49
50
51
42
43
44
46
47
48
49
40
42
43
43
43
45
46
48
60
40
41
43
44
45
56
47
38
40
41
42
43
43
45
46
36
37
39
41
42
53
44
35
46
47
48
49
50
53
43
34
45
46
58
49
49
41
42
43
44
46
47
49
40
40
43
43
44
66
67
47
39
40
62
43
54
45
46
47
38
39
40
41
42
43
44
