65
52
53
43
43
45
46
47
48
50
40
40
41
42
43
43
45
46
77
47
48
49
50
51
73
53
44
45
46
47
49
69
50
51
42
42
44
44
46
47
48
48
49
40
40
42
43
44
45
46
46
47
38
38
41
41
46
47
48
49
50
40
43
44
44
46
58
49
50
52
43
45
46
46
47
38
50
40
52
54
35
56
37
49
39
41
51
42
34
44
35
36
37
38
39
43
43
43
46
46
37
37
48
38
50
256
45
35
45
46
47
48
49
50
41
56
46
46
47
49
60
44
45
46
47
56
47
48
39
39
40
41
42
42
44
44
45
35
37
38
39
50
50
51
42
42
44
44
45
46
47
47
48
39
40
42
42
43
44
44
45
46
36
37
38
38
40
41
40
41
42
43
44
45
46
47
58
48
58
40
41
42
43
64
55
57
47
38
39
40
41
42
43
44
35
36
37
38
39
51
41
42
36
242
52
53
43
44
35
36
37
48
39
50
41
42
43
55
45
45
46
48
49
50
51
52
43
44
45
46
48
49
48
49
50
40
41
42
43
53
45
45
35
37
37
38
39
39
40
41
42
43
44
45
46
46
47
48
49
49
50
41
43
43
45
46
57
58
59
50
51
51
41
43
44
45
46
47
50
39
40
41
42
44
45
55
46
38
39
40
51
52
49
49
50
51
51
52
54
45
35
36
48
48
50
51
42
43
43
43
44
45
47
47
38
39
41
42
42
54
46
37
38
39
41
41
43
44
46
36
37
38
39
50
51
52
53
54
45
45
46
49
48
50
51
62
53
64
34
35
36
36
37
38
55
46
46
47
38
39
40
41
42
53
52
53
44
45
46
47
48
50
51
52
53
54
44
45
46
36
37
36
48
49
50
31
31
43
44
45
46
47
48
49
39
40
41
42
43
43
44
45
56
46
58
46
47
48
48
49
51
51
52
53
44
45
46
48
47
48
49
50
52
42
44
44
45
46
50
51
52
53
44
57
48
49
50
61
52
53
44
44
45
44
46
47
48
49
50
41
42
43
43
44
45
46
47
48
39
40
40
40
42
43
44
45
47
36
37
39
40
76
46
47
67
48
49
50
45
46
47
48
49
50
51
53
44
54
46
47
48
49
50
52
53
44
