56
43
44
46
45
46
47
48
39
30
41
42
43
34
45
36
48
39
39
40
42
43
44
45
46
36
37
38
39
40
41
41
43
43
34
36
36
36
48
49
50
51
51
42
43
44
45
47
47
48
49
51
41
42
43
45
46
47
48
49
49
41
42
42
44
43
45
47
47
38
38
39
40
41
43
53
53
34
45
36
36
47
48
50
52
43
44
44
36
47
39
41
42
42
43
259
48
39
40
42
54
54
45
56
47
58
39
50
34
35
36
37
38
49
40
40
31
32
50
41
42
53
44
45
35
36
37
38
39
39
40
51
42
43
54
43
44
44
45
47
68
49
61
51
62
42
44
44
46
47
47
74
53
54
55
46
47
48
49
53
33
45
46
47
47
47
49
50
40
41
43
43
44
45
46
48
49
40
41
43
43
44
46
47
48
53
42
42
43
44
44
46
47
39
41
41
42
43
44
45
46
48
39
39
40
41
43
44
45
46
37
38
39
40
52
53
63
55
46
47
48
50
50
51
52
53
55
46
48
48
48
50
51
52
43
45
46
36
38
39
40
41
42
44
45
36
38
39
39
40
41
43
44
66
36
36
37
38
39
40
41
42
33
33
35
36
52
43
34
270
49
28
40
41
42
42
43
44
35
37
38
48
52
51
53
54
44
46
46
47
49
50
51
52
53
45
45
47
49
40
40
44
42
33
44
44
45
49
38
48
49
50
40
41
43
44
45
46
47
48
39
81
41
43
46
46
60
41
32
32
34
35
35
36
38
39
40
41
42
33
35
35
36
37
39
39
30
31
32
33
33
53
43
43
45
45
47
48
38
39
41
44
44
44
50
41
42
33
44
35
38
38
49
40
52
31
43
44
45
46
48
49
50
40
42
43
44
46
47
48
49
40
41
42
42
44
44
46
47
58
49
51
42
42
43
44
45
47
47
48
50
40
41
43
44
45
45
46
37
38
40
41
42
43
44
44
45
36
37
38
49
35
36
37
39
40
51
44
42
43
36
39
40
41
41
43
44
44
35
36
38
69
39
41
41
53
43
44
46
47
38
40
41
42
44
44
35
36
37
38
40
31
42
32
44
45
46
37
39
40
41
41
32
258
48
38
38
39
41
43
44
45
36
36
