60
261
45
55
45
55
56
56
57
58
49
49
60
42
43
43
44
55
45
49
60
52
53
53
53
55
56
57
46
232
70
41
41
53
54
55
61
52
53
53
43
44
44
45
47
51
52
53
55
45
56
47
48
48
50
51
51
51
51
52
53
54
54
44
45
56
45
46
262
51
50
51
41
41
42
44
44
45
147
47
38
45
47
47
48
49
51
52
54
54
259
49
49
60
41
41
53
54
55
45
47
57
51
51
52
53
44
44
45
46
47
48
49
50
50
51
42
43
43
264
52
42
54
54
55
46
47
47
48
49
50
51
42
42
44
46
48
49
50
51
62
63
53
44
45
46
54
55
56
57
58
58
48
69
50
51
52
53
54
45
55
46
37
38
39
40
42
52
53
55
46
48
49
50
41
51
52
53
268
57
58
49
51
52
46
47
49
80
61
61
62
259
48
49
259
57
58
49
50
51
73
53
53
54
54
56
55
270
49
49
51
51
52
52
56
54
45
57
47
48
48
50
51
51
42
43
44
44
55
46
47
48
49
49
51
51
52
44
45
36
37
47
48
49
50
61
46
47
48
48
49
49
50
41
42
43
44
45
50
50
50
51
52
53
44
55
56
56
57
58
59
49
50
40
41
43
44
44
56
58
49
60
271
49
40
41
52
53
54
55
46
67
58
48
71
51
41
42
43
48
253
52
43
53
54
45
45
57
47
59
49
50
62
51
63
53
55
45
46
48
49
264
51
53
44
45
46
47
47
48
48
49
60
40
41
257
44
56
46
47
48
49
49
50
51
51
52
53
54
45
86
47
47
47
48
49
50
51
52
43
44
45
63
43
44
46
50
51
52
53
43
45
46
46
47
79
49
50
50
51
52
43
43
45
45
45
47
47
49
50
41
42
53
54
55
55
260
58
305
256
51
52
43
54
54
55
46
47
59
49
51
50
50
51
52
43
44
55
44
56
57
58
59
49
51
51
52
53
54
55
57
58
48
48
49
51
54
54
54
56
47
50
50
77
48
49
50
50
41
42
73
43
44
44
45
46
47
49
60
51
41
42
43
45
55
46
46
47
