56
52
53
53
53
45
46
47
47
49
40
51
62
54
33
44
36
47
58
48
51
53
54
45
46
47
47
56
47
48
49
50
50
42
43
45
46
46
48
48
49
50
51
42
44
45
46
46
37
49
50
50
51
41
42
43
45
45
47
48
49
40
52
42
43
44
45
47
48
39
40
41
41
53
43
43
45
46
47
48
49
40
52
42
43
44
46
39
37
38
40
41
42
53
44
44
45
87
37
37
38
49
51
52
53
44
54
45
36
57
46
47
48
39
39
40
41
42
43
45
45
47
48
39
40
51
52
73
53
54
55
56
98
58
49
49
50
51
42
54
43
55
46
37
38
40
41
280
37
38
39
40
41
42
44
35
36
36
38
49
52
53
44
54
45
53
43
45
47
48
49
50
41
41
43
44
45
45
46
47
38
39
41
52
53
54
56
46
47
48
48
50
51
52
43
55
46
48
48
48
51
51
42
43
45
45
45
47
48
49
40
41
42
42
44
45
48
39
40
52
43
43
44
45
46
48
39
40
40
42
43
44
45
46
58
39
39
40
41
42
43
45
48
49
51
133
53
54
45
46
46
47
49
50
41
42
43
44
45
46
46
48
39
48
40
52
44
45
42
44
44
45
46
48
50
51
52
42
43
44
46
47
38
49
51
61
52
43
44
53
44
56
57
47
47
39
51
51
52
53
54
55
57
60
41
42
53
53
44
45
36
37
49
46
52
42
43
45
35
46
47
38
50
40
42
43
46
45
46
47
39
51
52
54
45
47
48
49
50
52
53
44
45
66
46
49
50
51
53
38
39
40
41
32
33
45
46
47
48
48
49
41
42
43
44
45
47
47
48
39
40
42
42
44
45
46
57
39
40
40
41
42
43
55
45
46
36
38
39
40
51
52
53
187
45
47
47
48
50
50
41
42
43
45
46
44
45
45
47
48
49
40
41
43
45
46
47
47
50
42
44
45
46
48
48
50
51
51
53
40
41
42
44
45
46
47
48
49
41
42
43
45
66
62
43
44
45
45
47
51
42
43
44
46
47
48
69
40
41
41
43
47
47
