10938 ,0, 87, '22 32 24 27 ' ,'0 0 0 0 ' ,19 ,6 ,14, 14
362 ,119, 342, '220 236 206 227 ' ,'0 0 0 0 ' ,37 ,1 ,85, 4
349 ,347, 326, '273 278 262 296 ' ,'0 0 0 0 ' ,39 ,2 ,12, 3
234 ,338, 211, '181 183 191 192 ' ,'0 0 0 0 ' ,11 ,0 ,7, 1
396 ,218, 343, '189 214 244 185 ' ,'0 0 0 0 ' ,64 ,1 ,79, 1
385 ,405, 333, '205 194 281 212 ' ,'0 0 0 0 ' ,122 ,24 ,11, 2
733 ,346, 682, '238 202 255 201 ' ,'0 0 0 0 ' ,463 ,1 ,6, 1
327 ,807, 279, '215 218 247 209 ' ,'0 0 0 0 ' ,47 ,0 ,10, 1
526 ,293, 256, '202 237 231 211 ' ,'0 0 0 0 ' ,254 ,2 ,6, 1
344 ,492, 287, '186 208 226 218 ' ,'0 0 0 0 ' ,54 ,1 ,32, 1
417 ,371, 312, '217 234 264 216 ' ,'0 0 0 0 ' ,80 ,25 ,3, 1
558 ,323, 507, '201 208 221 224 ' ,'0 0 0 0 ' ,286 ,2 ,7, 1
276 ,522, 224, '188 201 200 203 ' ,'0 0 0 0 ' ,21 ,0 ,4, 1
329 ,234, 267, '200 219 236 169 ' ,'0 0 0 0 ' ,76 ,2 ,3, 1
867 ,285, 848, '194 209 197 193 ' ,'0 0 0 0 ' ,640 ,1 ,6, 1
250 ,858, 232, '197 218 191 190 ' ,'0 0 0 0 ' ,30 ,1 ,3, 1
1095 ,241, 1075, '191 207 226 194 ' ,'0 0 0 0 ' ,33 ,3 ,835, 1
237 ,1081, 201, '162 182 180 180 ' ,'0 0 0 0 ' ,28 ,2 ,4, 1
459 ,219, 428, '196 197 195 185 ' ,'0 0 0 0 ' ,229 ,1 ,6, 1
269 ,466, 244, '187 233 188 189 ' ,'0 0 0 0 ' ,45 ,1 ,4, 1
246 ,259, 223, '210 182 181 172 ' ,'0 0 0 0 ' ,41 ,1 ,5, 2
236 ,230, 214, '188 193 200 183 ' ,'0 0 0 0 ' ,21 ,2 ,5, 1
875 ,221, 238, '207 226 213 211 ' ,'0 0 0 0 ' ,633 ,2 ,5, 1
746 ,899, 262, '196 227 215 228 ' ,'0 0 0 0 ' ,34 ,1 ,29, 1
256 ,301, 227, '212 208 206 213 ' ,'0 0 0 0 ' ,7 ,1 ,9, 2
1071 ,249, 1050, '220 231 217 211 ' ,'0 0 0 0 ' ,821 ,2 ,7, 2
2890 ,1063, 487, '224 291 254 211 ' ,'0 0 0 0 ' ,264 ,2 ,3, 1
256 ,497, 236, '219 182 195 167 ' ,'0 0 0 0 ' ,49 ,2 ,5, 1
270 ,306, 234, '207 211 201 198 ' ,'0 0 0 0 ' ,13 ,1 ,8, 1
932 ,250, 875, '207 178 183 184 ' ,'0 0 0 0 ' ,684 ,2 ,5, 1
307 ,958, 260, '212 246 218 210 ' ,'0 0 0 0 ' ,37 ,1 ,6, 1
355 ,276, 307, '224 201 238 204 ' ,'0 0 0 0 ' ,94 ,43 ,5, 2
520 ,327, 475, '227 206 189 196 ' ,'0 0 0 0 ' ,255 ,1 ,16, 1
337 ,496, 274, '252 177 189 164 ' ,'0 0 0 0 ' ,97 ,0 ,5, 2
269 ,294, 226, '171 212 188 194 ' ,'0 0 0 0 ' ,35 ,1 ,3, 1
329 ,1376, 282, '207 189 237 186 ' ,'0 0 0 0 ' ,70 ,1 ,19, 1
323 ,833, 269, '249 232 180 189 ' ,'0 0 0 0 ' ,61 ,1 ,10, 1
294 ,494, 258, '207 220 243 212 ' ,'0 0 0 0 ' ,36 ,1 ,5, 1
272 ,267, 241, '195 226 208 217 ' ,'0 0 0 0 ' ,28 ,1 ,4, 2
285 ,288, 265, '227 254 213 204 ' ,'0 0 0 0 ' ,52 ,1 ,4, 1
255 ,274, 235, '218 202 190 201 ' ,'0 0 0 0 ' ,31 ,1 ,3, 0
462 ,917, 431, '201 214 207 206 ' ,'0 0 0 0 ' ,217 ,1 ,4, 1
254 ,445, 232, '214 217 213 203 ' ,'0 0 0 0 ' ,20 ,1 ,5, 2
447 ,244, 425, '198 233 227 224 ' ,'0 0 0 0 ' ,190 ,1 ,6, 2
278 ,435, 257, '217 245 222 235 ' ,'0 0 0 0 ' ,23 ,1 ,5, 2
672 ,267, 651, '219 284 216 203 ' ,'0 0 0 0 ' ,438 ,1 ,5, 1
455 ,664, 433, '226 249 208 200 ' ,'0 0 0 0 ' ,221 ,1 ,5, 2
279 ,442, 254, '229 220 213 222 ' ,'0 0 0 0 ' ,30 ,1 ,5, 1
675 ,262, 653, '219 207 197 170 ' ,'0 0 0 0 ' ,473 ,1 ,6, 1
245 ,682, 225, '204 213 197 206 ' ,'0 0 0 0 ' ,18 ,0 ,5, 2
249 ,236, 230, '203 220 195 195 ' ,'0 0 0 0 ' ,25 ,1 ,4, 1
436 ,242, 418, '186 226 197 196 ' ,'0 0 0 0 ' ,211 ,1 ,5, 1
261 ,428, 239, '213 197 191 203 ' ,'0 0 0 0 ' ,36 ,1 ,7, 1
246 ,282, 217, '184 204 187 173 ' ,'0 0 0 0 ' ,34 ,1 ,5, 1
661 ,231, 642, '202 208 193 184 ' ,'0 0 0 0 ' ,446 ,1 ,6, 1
257 ,870, 241, '155 218 190 202 ' ,'0 0 0 0 ' ,54 ,1 ,16, 1
669 ,266, 651, '212 220 208 204 ' ,'0 0 0 0 ' ,436 ,1 ,6, 1
276 ,862, 258, '228 231 216 228 ' ,'0 0 0 0 ' ,30 ,1 ,5, 1
927 ,277, 882, '196 230 212 198 ' ,'0 0 0 0 ' ,652 ,1 ,9, 2
962 ,941, 895, '231 246 212 226 ' ,'0 0 0 0 ' ,647 ,1 ,15, 1
306 ,1143, 247, '203 197 191 178 ' ,'0 0 0 0 ' ,52 ,1 ,8, 1
300 ,310, 256, '205 234 206 207 ' ,'0 0 0 0 ' ,29 ,1 ,13, 1
296 ,271, 250, '189 229 189 191 ' ,'0 0 0 0 ' ,42 ,1 ,12, 1
308 ,270, 261, '185 203 228 196 ' ,'0 0 0 0 ' ,58 ,1 ,11, 1
319 ,280, 272, '200 170 231 185 ' ,'0 0 0 0 ' ,84 ,0 ,13, 2
270 ,286, 225, '185 207 169 202 ' ,'0 0 0 0 ' ,25 ,1 ,9, 2
323 ,250, 276, '200 203 238 184 ' ,'0 0 0 0 ' ,71 ,1 ,15, 2
236 ,296, 216, '204 191 187 201 ' ,'0 0 0 0 ' ,19 ,1 ,5, 1
229 ,222, 211, '184 199 199 200 ' ,'0 0 0 0 ' ,18 ,0 ,3, 1
242 ,219, 224, '190 211 209 177 ' ,'0 0 0 0 ' ,36 ,1 ,6, 1
245 ,229, 226, '200 215 176 187 ' ,'0 0 0 0 ' ,39 ,1 ,4, 1
277 ,233, 258, '201 245 216 197 ' ,'0 0 0 0 ' ,47 ,1 ,7, 2
253 ,263, 234, '208 206 213 221 ' ,'0 0 0 0 ' ,16 ,1 ,5, 2
271 ,239, 250, '232 231 236 231 ' ,'0 0 0 0 ' ,8 ,1 ,6, 1
287 ,255, 268, '251 247 211 233 ' ,'0 0 0 0 ' ,47 ,1 ,5, 2
275 ,496, 251, '222 213 205 198 ' ,'0 0 0 0 ' ,26 ,1 ,23, 2
265 ,492, 241, '212 229 193 220 ' ,'0 0 0 0 ' ,38 ,1 ,5, 2
256 ,256, 234, '191 190 187 212 ' ,'0 0 0 0 ' ,26 ,0 ,16, 2
668 ,257, 645, '184 164 206 208 ' ,'0 0 0 0 ' ,470 ,1 ,6, 2
438 ,657, 413, '174 170 166 184 ' ,'0 0 0 0 ' ,236 ,1 ,7, 2
460 ,623, 439, '184 213 179 165 ' ,'0 0 0 0 ' ,263 ,2 ,6, 1
263 ,451, 242, '196 180 168 212 ' ,'0 0 0 0 ' ,54 ,1 ,6, 1
254 ,254, 234, '184 181 192 174 ' ,'0 0 0 0 ' ,48 ,1 ,7, 2
266 ,252, 244, '209 219 168 178 ' ,'0 0 0 0 ' ,64 ,1 ,6, 1
244 ,254, 221, '171 204 201 183 ' ,'0 0 0 0 ' ,23 ,1 ,10, 2
643 ,232, 625, '185 201 192 205 ' ,'0 0 0 0 ' ,422 ,1 ,5, 1
285 ,858, 264, '211 251 203 217 ' ,'0 0 0 0 ' ,48 ,1 ,6, 2
483 ,278, 460, '212 269 231 238 ' ,'0 0 0 0 ' ,208 ,1 ,16, 2
284 ,704, 265, '223 235 211 226 ' ,'0 0 0 0 ' ,44 ,1 ,6, 2
558 ,286, 510, '242 236 235 239 ' ,'0 0 0 0 ' ,249 ,1 ,18, 2
407 ,529, 359, '233 242 316 210 ' ,'0 0 0 0 ' ,125 ,1 ,19, 2
301 ,774, 260, '217 230 214 225 ' ,'0 0 0 0 ' ,9 ,1 ,19, 2
572 ,281, 519, '231 238 245 208 ' ,'0 0 0 0 ' ,254 ,1 ,50, 2
904 ,544, 835, '259 223 210 231 ' ,'0 0 0 0 ' ,511 ,1 ,85, 1
568 ,848, 514, '255 214 221 197 ' ,'0 0 0 0 ' ,293 ,1 ,17, 2
837 ,538, 773, '209 247 249 215 ' ,'0 0 0 0 ' ,539 ,1 ,12, 2
1412 ,1318, 1367, '202 206 204 197 ' ,'0 0 0 0 ' ,1144 ,1 ,19, 2
486 ,1807, 464, '179 199 190 195 ' ,'0 0 0 0 ' ,256 ,1 ,7, 2
436 ,476, 412, '192 193 177 165 ' ,'0 0 0 0 ' ,233 ,1 ,8, 2
471 ,423, 449, '193 201 185 202 ' ,'0 0 0 0 ' ,246 ,1 ,9, 2
444 ,459, 203, '205 198 186 179 ' ,'0 0 0 0 ' ,206 ,1 ,9, 2
312 ,431, 274, '196 249 199 206 ' ,'0 0 0 0 ' ,45 ,1 ,18, 1
491 ,685, 444, '192 198 207 192 ' ,'0 0 0 0 ' ,230 ,0 ,15, 2
297 ,1135, 250, '195 216 207 198 ' ,'0 0 0 0 ' ,24 ,1 ,21, 2
309 ,266, 267, '214 238 209 226 ' ,'0 0 0 0 ' ,16 ,1 ,22, 2
358 ,639, 302, '222 274 238 224 ' ,'0 0 0 0 ' ,51 ,1 ,19, 1
1137 ,4036, 1056, '172 178 177 184 ' ,'0 0 0 0 ' ,857 ,0 ,17, 2
265 ,1086, 244, '209 197 229 203 ' ,'0 0 0 0 ' ,34 ,1 ,7, 1
239 ,1923, 218, '199 203 187 177 ' ,'0 0 0 0 ' ,26 ,1 ,7, 1
235 ,232, 212, '154 165 186 198 ' ,'0 0 0 0 ' ,41 ,1 ,7, 1
259 ,225, 229, '187 216 197 203 ' ,'0 0 0 0 ' ,25 ,1 ,6, 1
331 ,244, 268, '185 227 219 188 ' ,'0 0 0 0 ' ,47 ,1 ,27, 1
382 ,650, 324, '211 201 263 208 ' ,'0 0 0 0 ' ,87 ,1 ,29, 0
330 ,624, 272, '214 220 219 234 ' ,'0 0 0 0 ' ,21 ,1 ,25, 1
558 ,291, 285, '215 225 237 227 ' ,'0 0 0 0 ' ,27 ,1 ,25, 1
339 ,314, 288, '217 249 242 220 ' ,'0 0 0 0 ' ,37 ,1 ,24, 2
439 ,507, 388, '245 247 289 232 ' ,'0 0 0 0 ' ,72 ,1 ,76, 3
374 ,400, 326, '242 220 283 226 ' ,'0 0 0 0 ' ,78 ,1 ,21, 2
941 ,551, 264, '260 227 302 230 ' ,'0 0 0 0 ' ,614 ,1 ,25, 2
360 ,914, 314, '226 242 260 232 ' ,'0 0 0 0 ' ,57 ,1 ,17, 2
354 ,854, 284, '205 211 218 191 ' ,'0 0 0 0 ' ,60 ,1 ,24, 1
266 ,514, 237, '199 220 189 193 ' ,'0 0 0 0 ' ,31 ,1 ,8, 2
883 ,269, 859, '194 212 203 189 ' ,'0 0 0 0 ' ,656 ,1 ,7, 2
236 ,875, 220, '176 170 189 209 ' ,'0 0 0 0 ' ,38 ,1 ,6, 0
649 ,234, 211, '198 206 209 188 ' ,'0 0 0 0 ' ,402 ,3 ,13, 2
261 ,637, 232, '204 206 203 194 ' ,'0 0 0 0 ' ,25 ,1 ,8, 1
277 ,474, 259, '198 241 225 200 ' ,'0 0 0 0 ' ,45 ,1 ,9, 2
256 ,264, 237, '212 221 216 200 ' ,'0 0 0 0 ' ,22 ,0 ,9, 1
259 ,242, 241, '178 221 216 211 ' ,'0 0 0 0 ' ,46 ,1 ,11, 2
274 ,247, 256, '223 232 216 219 ' ,'0 0 0 0 ' ,16 ,1 ,17, 2
343 ,260, 297, '235 239 241 217 ' ,'0 0 0 0 ' ,48 ,1 ,23, 2
396 ,312, 348, '243 243 301 235 ' ,'0 0 0 0 ' ,87 ,1 ,19, 2
404 ,374, 354, '233 249 301 226 ' ,'0 0 0 0 ' ,100 ,1 ,20, 2
324 ,370, 278, '228 245 216 215 ' ,'0 0 0 0 ' ,32 ,1 ,23, 1
282 ,288, 239, '191 201 187 185 ' ,'0 0 0 0 ' ,21 ,1 ,26, 2
338 ,253, 292, '203 196 236 200 ' ,'0 0 0 0 ' ,68 ,1 ,21, 0
351 ,311, 286, '200 207 249 202 ' ,'0 0 0 0 ' ,62 ,1 ,22, 1
310 ,335, 261, '217 206 211 222 ' ,'0 0 0 0 ' ,26 ,1 ,21, 1
306 ,282, 269, '174 228 213 210 ' ,'0 0 0 0 ' ,66 ,1 ,22, 2
890 ,285, 230, '189 214 196 183 ' ,'0 0 0 0 ' ,635 ,1 ,8, 2
278 ,863, 257, '207 226 232 199 ' ,'0 0 0 0 ' ,31 ,2 ,16, 2
1579 ,272, 1538, '239 224 242 216 ' ,'0 0 0 0 ' ,1089 ,1 ,217, 1
1227 ,1552, 720, '258 279 263 228 ' ,'0 0 0 0 ' ,887 ,1 ,41, 2
588 ,1188, 504, '217 237 243 239 ' ,'0 0 0 0 ' ,221 ,1 ,42, 1
569 ,530, 504, '229 233 236 227 ' ,'0 0 0 0 ' ,234 ,1 ,40, 1
595 ,530, 283, '227 256 221 205 ' ,'0 0 0 0 ' ,282 ,1 ,33, 1
617 ,553, 325, '202 191 258 208 ' ,'0 0 0 0 ' ,334 ,1 ,36, 1
752 ,582, 669, '195 234 228 202 ' ,'0 0 0 0 ' ,448 ,1 ,34, 0
345 ,713, 262, '194 192 190 187 ' ,'0 0 0 0 ' ,40 ,2 ,39, 0
264 ,480, 226, '185 197 211 194 ' ,'0 0 0 0 ' ,27 ,1 ,7, 1
275 ,466, 254, '227 212 189 193 ' ,'0 0 0 0 ' ,50 ,1 ,10, 2
440 ,636, 424, '187 219 203 210 ' ,'0 0 0 0 ' ,205 ,1 ,9, 2
1239 ,440, 1201, '221 212 257 200 ' ,'0 0 0 0 ' ,953 ,1 ,37, 0
861 ,1436, 805, '223 276 285 201 ' ,'0 0 0 0 ' ,559 ,1 ,37, 0
1140 ,856, 843, '234 208 289 227 ' ,'0 0 0 0 ' ,818 ,0 ,34, 1
947 ,1764, 878, '239 241 268 240 ' ,'0 0 0 0 ' ,45 ,1 ,581, 1
561 ,911, 502, '243 243 250 234 ' ,'0 0 0 0 ' ,221 ,1 ,40, 1
526 ,1746, 259, '185 185 186 209 ' ,'0 0 0 0 ' ,238 ,2 ,18, 1
248 ,4745, 223, '162 209 178 142 ' ,'0 0 0 0 ' ,74 ,1 ,6, 1
270 ,273, 235, '201 190 192 194 ' ,'0 0 0 0 ' ,31 ,1 ,9, 1
232 ,250, 210, '174 188 186 201 ' ,'0 0 0 0 ' ,14 ,0 ,7, 1
1188 ,226, 1130, '186 240 221 207 ' ,'0 0 0 0 ' ,893 ,1 ,22, 1
415 ,1161, 359, '270 220 229 239 ' ,'0 0 0 0 ' ,103 ,1 ,26, 2
817 ,581, 331, '222 243 239 236 ' ,'0 0 0 0 ' ,265 ,1 ,35, 2
781 ,927, 714, '195 181 211 209 ' ,'0 0 0 0 ' ,454 ,1 ,70, 1
707 ,1315, 653, '204 241 190 191 ' ,'0 0 0 0 ' ,304 ,2 ,151, 1
726 ,2674, 708, '222 229 192 152 ' ,'0 0 0 0 ' ,496 ,3 ,13, 1
907 ,1080, 885, '212 195 209 226 ' ,'0 0 0 0 ' ,676 ,1 ,9, 1
1767 ,902, 1026, '219 253 235 212 ' ,'0 0 0 0 ' ,1388 ,1 ,38, 1
649 ,3154, 572, '217 199 249 221 ' ,'0 0 0 0 ' ,315 ,1 ,75, 1
1438 ,1456, 1380, '236 226 262 220 ' ,'0 0 0 0 ' ,67 ,1 ,1082, 1
