245 ,0, 121, '91 62 82 61 66 91 77 86 36 37 50 53 ' ,'0 0 0 0 0 0 0 0 0 0 0 0 ' ,52 ,2 ,2, 2
159 ,196, 143, '109 116 87 93 92 83 128 89 67 63 93 75 ' ,'0 0 0 0 0 0 0 0 0 0 0 0 ' ,73 ,0 ,1, 1
777 ,150, 760, '19 15 18 17 14 19 16 17 11 9 13 9 ' ,'0 0 0 0 0 0 0 0 0 0 0 0 ' ,743 ,0 ,1, 1
59 ,768, 41, '27 18 20 32 19 19 17 15 14 9 10 12 ' ,'0 0 0 0 0 0 0 0 0 0 0 0 ' ,23 ,0 ,2, 1
75 ,48, 22, '12 18 17 20 16 15 18 11 12 12 9 12 ' ,'0 0 0 0 0 0 0 0 0 0 0 0 ' ,16 ,0 ,1, 1
46 ,39, 31, '14 17 19 19 21 15 16 18 15 11 9 10 ' ,'0 0 0 0 0 0 0 0 0 0 0 0 ' ,15 ,1 ,1, 1
47 ,37, 30, '14 11 18 16 16 15 10 19 11 13 9 11 ' ,'0 0 0 0 0 0 0 0 0 0 0 0 ' ,14 ,0 ,1, 1
44 ,37, 30, '18 15 15 17 14 19 13 16 10 13 12 7 ' ,'0 0 0 0 0 0 0 0 0 0 0 0 ' ,15 ,1 ,1, 1
44 ,36, 26, '13 16 12 16 16 13 16 13 10 11 8 8 ' ,'0 0 0 0 0 0 0 0 0 0 0 0 ' ,13 ,0 ,1, 1
86 ,35, 63, '21 14 18 14 51 17 12 12 9 39 13 8 ' ,'0 0 0 0 0 0 0 0 0 0 0 0 ' ,44 ,0 ,1, 1
60 ,76, 37, '15 12 12 26 11 12 11 15 14 7 7 7 ' ,'0 0 0 0 0 0 0 0 0 0 0 0 ' ,25 ,1 ,1, 1
46 ,46, 28, '12 14 15 14 14 12 13 15 8 8 10 7 ' ,'0 0 0 0 0 0 0 0 0 0 0 0 ' ,11 ,0 ,1, 1
84 ,35, 68, '58 18 13 18 17 48 15 11 11 12 42 11 ' ,'0 0 0 0 0 0 0 0 0 0 0 0 ' ,51 ,1 ,1, 0
50 ,75, 31, '14 20 16 23 20 13 15 13 12 10 10 10 ' ,'0 0 0 0 0 0 0 0 0 0 0 0 ' ,16 ,1 ,1, 1
77 ,43, 58, '18 21 22 15 47 16 14 11 6 40 7 10 ' ,'0 0 0 0 0 0 0 0 0 0 0 0 ' ,43 ,1 ,1, 1
42 ,64, 26, '16 12 19 14 13 15 11 15 9 8 12 6 ' ,'0 0 0 0 0 0 0 0 0 0 0 0 ' ,12 ,1 ,0, 0
55 ,34, 36, '16 20 13 26 16 16 15 14 19 11 8 9 ' ,'0 0 0 0 0 0 0 0 0 0 0 0 ' ,21 ,1 ,1, 1
76 ,45, 60, '49 15 13 21 17 49 17 11 12 13 44 8 ' ,'0 0 0 0 0 0 0 0 0 0 0 0 ' ,37 ,0 ,1, 1
55 ,67, 37, '25 22 16 21 15 21 27 17 12 14 14 14 ' ,'0 0 0 0 0 0 0 0 0 0 0 0 ' ,16 ,0 ,1, 0
73 ,46, 53, '15 17 14 26 45 14 20 10 12 38 9 11 ' ,'0 0 0 0 0 0 0 0 0 0 0 0 ' ,36 ,2 ,1, 1
42 ,64, 28, '14 17 12 16 20 12 16 13 10 10 7 9 ' ,'0 0 0 0 0 0 0 0 0 0 0 0 ' ,13 ,0 ,0, 0
48 ,34, 29, '14 11 16 16 16 16 18 11 12 12 9 11 ' ,'0 0 0 0 0 0 0 0 0 0 0 0 ' ,14 ,1 ,1, 0
69 ,36, 53, '44 23 15 23 19 42 16 17 11 10 36 19 ' ,'0 0 0 0 0 0 0 0 0 0 0 0 ' ,34 ,2 ,1, 1
52 ,59, 31, '15 16 13 17 17 16 16 13 12 12 7 10 ' ,'0 0 0 0 0 0 0 0 0 0 0 0 ' ,13 ,2 ,0, 0
70 ,38, 52, '19 20 14 22 43 18 19 14 15 38 12 13 ' ,'0 0 0 0 0 0 0 0 0 0 0 0 ' ,35 ,2 ,0, 0
41 ,61, 26, '17 18 13 19 17 19 17 13 12 11 11 10 ' ,'0 0 0 0 0 0 0 0 0 0 0 0 ' ,9 ,1 ,0, 0
46 ,35, 30, '11 17 11 13 18 11 20 11 7 12 6 12 ' ,'0 0 0 0 0 0 0 0 0 0 0 0 ' ,19 ,1 ,0, 0
55 ,38, 38, '31 19 15 17 21 29 16 12 13 10 21 9 ' ,'0 0 0 0 0 0 0 0 0 0 0 0 ' ,23 ,1 ,0, 0
46 ,45, 31, '14 23 13 17 21 14 19 13 9 19 11 16 ' ,'0 0 0 0 0 0 0 0 0 0 0 0 ' ,13 ,1 ,0, 0
65 ,36, 49, '21 15 21 18 38 21 20 20 11 34 14 10 ' ,'0 0 0 0 0 0 0 0 0 0 0 0 ' ,32 ,2 ,0, 0
52 ,56, 32, '20 17 11 23 17 19 16 11 12 11 9 10 ' ,'0 0 0 0 0 0 0 0 0 0 0 0 ' ,16 ,0 ,1, 0
44 ,43, 27, '20 20 11 22 14 17 19 10 10 9 12 8 ' ,'0 0 0 0 0 0 0 0 0 0 0 0 ' ,12 ,0 ,0, 0
60 ,36, 43, '37 19 15 17 19 33 17 13 11 13 30 11 ' ,'0 0 0 0 0 0 0 0 0 0 0 0 ' ,26 ,0 ,0, 0
51 ,52, 32, '17 21 15 22 13 19 17 15 15 14 11 11 ' ,'0 0 0 0 0 0 0 0 0 0 0 0 ' ,12 ,0 ,0, 0
85 ,41, 67, '16 17 12 17 33 14 17 13 11 25 9 10 ' ,'0 0 0 0 0 0 0 0 0 0 0 0 ' ,52 ,1 ,0, 0
43 ,76, 25, '15 18 10 17 12 16 19 11 6 6 11 12 ' ,'0 0 0 0 0 0 0 0 0 0 0 0 ' ,12 ,0 ,0, 0
46 ,33, 32, '14 17 11 16 23 13 16 11 13 11 8 10 ' ,'0 0 0 0 0 0 0 0 0 0 0 0 ' ,17 ,0 ,0, 0
54 ,38, 25, '18 25 16 17 18 29 20 14 9 9 22 13 ' ,'0 0 0 0 0 0 0 0 0 0 0 0 ' ,15 ,0 ,1, 1
41 ,45, 27, '19 14 12 17 18 16 14 12 13 11 8 10 ' ,'0 0 0 0 0 0 0 0 0 0 0 0 ' ,11 ,0 ,0, 0
68 ,34, 53, '19 19 13 14 46 15 20 13 8 33 12 12 ' ,'0 0 0 0 0 0 0 0 0 0 0 0 ' ,37 ,0 ,1, 0
43 ,58, 28, '16 16 11 18 14 20 14 12 10 8 9 7 ' ,'0 0 0 0 0 0 0 0 0 0 0 0 ' ,14 ,0 ,0, 0
48 ,35, 33, '26 18 13 20 19 16 18 12 12 13 11 12 ' ,'0 0 0 0 0 0 0 0 0 0 0 0 ' ,14 ,1 ,0, 0
75 ,40, 54, '47 22 20 15 19 44 19 12 8 13 35 13 ' ,'0 0 0 0 0 0 0 0 0 0 0 0 ' ,40 ,0 ,1, 1
44 ,65, 24, '17 14 11 15 14 13 16 9 11 9 9 7 ' ,'0 0 0 0 0 0 0 0 0 0 0 0 ' ,12 ,0 ,0, 0
58 ,37, 38, '9 15 10 19 34 11 12 10 12 27 14 6 ' ,'0 0 0 0 0 0 0 0 0 0 0 0 ' ,24 ,0 ,0, 0
45 ,48, 28, '15 20 11 19 22 18 16 10 11 11 9 12 ' ,'0 0 0 0 0 0 0 0 0 0 0 0 ' ,11 ,0 ,1, 1
51 ,38, 34, '23 14 9 15 11 28 9 13 7 12 11 7 ' ,'0 0 0 0 0 0 0 0 0 0 0 0 ' ,19 ,0 ,1, 1
82 ,42, 63, '51 11 10 18 15 57 10 10 13 11 45 5 ' ,'0 0 0 0 0 0 0 0 0 0 0 0 ' ,52 ,1 ,0, 0
46 ,74, 23, '13 19 12 15 18 12 18 11 9 9 13 12 ' ,'0 0 0 0 0 0 0 0 0 0 0 0 ' ,12 ,0 ,0, 0
67 ,33, 51, '16 18 21 19 43 16 12 21 14 38 11 7 ' ,'0 0 0 0 0 0 0 0 0 0 0 0 ' ,35 ,1 ,0, 0
47 ,58, 32, '18 17 22 20 24 16 17 22 13 17 9 9 ' ,'0 0 0 0 0 0 0 0 0 0 0 0 ' ,16 ,0 ,0, 0
41 ,39, 24, '14 11 9 11 18 15 9 10 7 11 9 5 ' ,'0 0 0 0 0 0 0 0 0 0 0 0 ' ,13 ,0 ,0, 0
53 ,32, 37, '31 16 12 19 16 27 14 14 10 10 25 9 ' ,'0 0 0 0 0 0 0 0 0 0 0 0 ' ,22 ,1 ,0, 0
41 ,43, 29, '18 15 13 14 19 18 18 12 9 12 17 6 ' ,'0 0 0 0 0 0 0 0 0 0 0 0 ' ,13 ,0 ,1, 0
58 ,34, 40, '11 15 9 17 34 11 12 11 10 29 6 8 ' ,'0 0 0 0 0 0 0 0 0 0 0 0 ' ,28 ,1 ,0, 0
42 ,47, 26, '15 16 11 19 19 20 10 11 7 11 19 6 ' ,'0 0 0 0 0 0 0 0 0 0 0 0 ' ,12 ,0 ,1, 0
54 ,35, 38, '16 23 22 21 22 14 33 21 15 11 8 6 ' ,'0 0 0 0 0 0 0 0 0 0 0 0 ' ,21 ,1 ,0, 0
62 ,45, 45, '39 20 10 14 14 38 19 13 8 11 32 11 ' ,'0 0 0 0 0 0 0 0 0 0 0 0 ' ,32 ,0 ,1, 0
46 ,53, 25, '17 15 12 18 15 16 19 13 11 11 7 10 ' ,'0 0 0 0 0 0 0 0 0 0 0 0 ' ,12 ,0 ,0, 0
82 ,34, 66, '17 13 16 16 55 11 12 20 10 44 14 7 ' ,'0 0 0 0 0 0 0 0 0 0 0 0 ' ,52 ,0 ,1, 1
46 ,72, 27, '15 16 20 19 21 14 17 10 12 11 10 10 ' ,'0 0 0 0 0 0 0 0 0 0 0 0 ' ,12 ,0 ,0, 0
50 ,35, 27, '14 15 9 19 10 14 16 10 10 6 10 13 ' ,'0 0 0 0 0 0 0 0 0 0 0 0 ' ,14 ,0 ,0, 0
62 ,38, 46, '35 12 11 15 18 39 17 11 7 10 28 6 ' ,'0 0 0 0 0 0 0 0 0 0 0 0 ' ,30 ,0 ,1, 1
41 ,53, 21, '13 14 9 15 15 14 14 9 12 13 8 9 ' ,'0 0 0 0 0 0 0 0 0 0 0 0 ' ,7 ,0 ,1, 1
62 ,27, 36, '14 18 12 17 35 15 16 12 9 24 6 7 ' ,'0 0 0 0 0 0 0 0 0 0 0 0 ' ,24 ,0 ,1, 1
38 ,53, 21, '13 15 11 16 16 13 14 9 9 11 9 9 ' ,'0 0 0 0 0 0 0 0 0 0 0 0 ' ,8 ,0 ,0, 0
42 ,29, 27, '15 15 12 20 15 12 16 12 11 10 6 7 ' ,'0 0 0 0 0 0 0 0 0 0 0 0 ' ,13 ,0 ,0, 0
67 ,33, 23, '17 12 15 15 13 38 13 12 9 8 11 8 ' ,'0 0 0 0 0 0 0 0 0 0 0 0 ' ,28 ,1 ,0, 0
42 ,59, 27, '16 16 21 18 17 13 15 17 11 11 8 10 ' ,'0 0 0 0 0 0 0 0 0 0 0 0 ' ,12 ,0 ,1, 1
79 ,33, 63, '16 13 14 17 56 20 19 13 8 50 11 7 ' ,'0 0 0 0 0 0 0 0 0 0 0 0 ' ,49 ,0 ,1, 1
51 ,68, 28, '15 17 17 19 17 20 11 10 9 12 6 5 ' ,'0 0 0 0 0 0 0 0 0 0 0 0 ' ,16 ,1 ,0, 0
43 ,36, 28, '12 10 16 17 17 11 12 11 10 12 6 6 ' ,'0 0 0 0 0 0 0 0 0 0 0 0 ' ,16 ,1 ,1, 1
55 ,35, 34, '27 11 11 18 20 29 24 13 11 11 23 7 ' ,'0 0 0 0 0 0 0 0 0 0 0 0 ' ,18 ,0 ,0, 0
47 ,48, 26, '10 21 9 19 13 10 13 9 11 7 5 6 ' ,'0 0 0 0 0 0 0 0 0 0 0 0 ' ,16 ,1 ,0, 0
54 ,39, 40, '18 20 11 25 33 23 19 12 12 24 11 11 ' ,'0 0 0 0 0 0 0 0 0 0 0 0 ' ,22 ,1 ,1, 1
42 ,46, 28, '17 18 12 20 19 16 17 20 14 12 10 12 ' ,'0 0 0 0 0 0 0 0 0 0 0 0 ' ,13 ,0 ,0, 0
42 ,37, 27, '22 21 21 21 16 19 17 12 13 9 14 8 ' ,'0 0 0 0 0 0 0 0 0 0 0 0 ' ,12 ,0 ,0, 0
62 ,34, 47, '36 16 13 10 17 41 16 13 5 11 31 11 ' ,'0 0 0 0 0 0 0 0 0 0 0 0 ' ,36 ,0 ,0, 0
48 ,55, 24, '19 15 9 12 11 15 15 9 7 7 10 6 ' ,'0 0 0 0 0 0 0 0 0 0 0 0 ' ,13 ,0 ,0, 0
70 ,33, 55, '16 18 12 23 34 16 21 11 12 47 12 12 ' ,'0 0 0 0 0 0 0 0 0 0 0 0 ' ,39 ,1 ,1, 0
41 ,63, 22, '10 13 20 15 15 12 11 9 9 10 9 7 ' ,'0 0 0 0 0 0 0 0 0 0 0 0 ' ,12 ,0 ,0, 0
47 ,33, 30, '15 17 11 19 20 14 13 11 12 11 10 6 ' ,'0 0 0 0 0 0 0 0 0 0 0 0 ' ,14 ,0 ,0, 0
72 ,39, 57, '52 17 11 16 18 50 17 17 10 11 45 10 ' ,'0 0 0 0 0 0 0 0 0 0 0 0 ' ,41 ,0 ,0, 0
37 ,64, 21, '15 13 11 14 15 11 13 10 9 8 6 7 ' ,'0 0 0 0 0 0 0 0 0 0 0 0 ' ,10 ,0 ,0, 0
75 ,28, 60, '15 20 12 14 55 17 17 10 7 46 10 12 ' ,'0 0 0 0 0 0 0 0 0 0 0 0 ' ,48 ,1 ,1, 1
38 ,66, 22, '12 14 9 15 14 11 13 9 10 9 7 8 ' ,'0 0 0 0 0 0 0 0 0 0 0 0 ' ,10 ,0 ,0, 0
46 ,28, 26, '18 11 11 11 20 14 11 14 6 13 9 10 ' ,'0 0 0 0 0 0 0 0 0 0 0 0 ' ,12 ,0 ,0, 0
63 ,35, 47, '39 18 16 17 16 39 16 18 11 11 33 9 ' ,'0 0 0 0 0 0 0 0 0 0 0 0 ' ,29 ,0 ,1, 0
43 ,55, 28, '22 18 17 16 15 21 19 17 10 9 12 8 ' ,'0 0 0 0 0 0 0 0 0 0 0 0 ' ,13 ,1 ,1, 0
64 ,37, 47, '15 17 17 16 41 16 15 17 5 35 9 11 ' ,'0 0 0 0 0 0 0 0 0 0 0 0 ' ,36 ,1 ,0, 0
39 ,56, 24, '13 15 19 10 16 12 14 10 7 9 8 9 ' ,'0 0 0 0 0 0 0 0 0 0 0 0 ' ,12 ,0 ,0, 0
41 ,32, 25, '17 20 12 14 19 16 17 14 8 11 12 12 ' ,'0 0 0 0 0 0 0 0 0 0 0 0 ' ,11 ,1 ,0, 0
60 ,32, 43, '38 18 13 17 19 37 16 13 12 12 31 10 ' ,'0 0 0 0 0 0 0 0 0 0 0 0 ' ,28 ,1 ,1, 0
46 ,51, 26, '17 15 13 17 20 18 15 14 7 10 10 8 ' ,'0 0 0 0 0 0 0 0 0 0 0 0 ' ,13 ,0 ,1, 0
63 ,31, 48, '15 18 12 19 40 14 16 10 13 33 8 10 ' ,'0 0 0 0 0 0 0 0 0 0 0 0 ' ,32 ,0 ,0, 0
43 ,54, 27, '15 20 10 16 15 15 16 10 12 9 7 7 ' ,'0 0 0 0 0 0 0 0 0 0 0 0 ' ,12 ,0 ,0, 0
42 ,34, 26, '17 18 14 13 18 19 12 10 9 7 7 10 ' ,'0 0 0 0 0 0 0 0 0 0 0 0 ' ,13 ,1 ,1, 1
82 ,36, 66, '57 14 10 17 14 55 15 18 9 9 49 9 ' ,'0 0 0 0 0 0 0 0 0 0 0 0 ' ,52 ,0 ,1, 0
46 ,74, 25, '17 17 10 17 15 19 16 16 9 8 8 7 ' ,'0 0 0 0 0 0 0 0 0 0 0 0 ' ,13 ,0 ,0, 0
65 ,32, 49, '18 17 13 24 43 15 16 15 13 37 10 12 ' ,'0 0 0 0 0 0 0 0 0 0 0 0 ' ,34 ,1 ,0, 0
36 ,56, 20, '10 13 15 14 15 11 10 14 10 10 6 5 ' ,'0 0 0 0 0 0 0 0 0 0 0 0 ' ,10 ,0 ,0, 0
39 ,28, 22, '14 16 13 11 10 15 16 13 8 6 10 9 ' ,'0 0 0 0 0 0 0 0 0 0 0 0 ' ,11 ,0 ,0, 0
46 ,31, 32, '26 17 19 19 17 24 15 10 12 11 18 11 ' ,'0 0 0 0 0 0 0 0 0 0 0 0 ' ,15 ,0 ,1, 1
45 ,38, 32, '17 13 12 15 10 14 14 12 5 7 11 4 ' ,'0 0 0 0 0 0 0 0 0 0 0 0 ' ,17 ,0 ,0, 0
60 ,36, 42, '16 17 18 20 37 12 15 19 9 29 7 11 ' ,'0 0 0 0 0 0 0 0 0 0 0 0 ' ,29 ,1 ,0, 0
53 ,48, 23, '11 14 11 18 13 11 13 10 9 9 7 8 ' ,'0 0 0 0 0 0 0 0 0 0 0 0 ' ,12 ,0 ,0, 0
51 ,46, 26, '15 17 13 22 18 18 18 14 11 13 12 12 ' ,'0 0 0 0 0 0 0 0 0 0 0 0 ' ,13 ,0 ,0, 0
48 ,42, 31, '22 14 9 15 15 25 14 16 10 9 17 9 ' ,'0 0 0 0 0 0 0 0 0 0 0 0 ' ,18 ,1 ,0, 0
44 ,39, 25, '17 18 10 14 15 17 17 10 8 8 13 10 ' ,'0 0 0 0 0 0 0 0 0 0 0 0 ' ,9 ,0 ,1, 0
74 ,36, 54, '13 19 15 17 48 14 16 16 11 41 9 9 ' ,'0 0 0 0 0 0 0 0 0 0 0 0 ' ,39 ,0 ,1, 1
54 ,64, 26, '14 15 18 20 16 14 13 18 12 11 8 10 ' ,'0 0 0 0 0 0 0 0 0 0 0 0 ' ,12 ,0 ,1, 1
38 ,36, 18, '12 18 12 12 18 16 17 13 9 11 10 11 ' ,'0 0 0 0 0 0 0 0 0 0 0 0 ' ,9 ,0 ,1, 1
66 ,30, 49, '43 14 16 15 13 43 13 16 9 10 36 9 ' ,'0 0 0 0 0 0 0 0 0 0 0 0 ' ,35 ,0 ,1, 0
44 ,56, 25, '16 17 11 14 17 15 17 10 6 8 11 11 ' ,'0 0 0 0 0 0 0 0 0 0 0 0 ' ,12 ,1 ,0, 0
62 ,35, 48, '15 16 13 19 42 15 16 11 12 36 9 9 ' ,'0 0 0 0 0 0 0 0 0 0 0 0 ' ,33 ,1 ,0, 0
43 ,55, 25, '17 14 16 14 13 16 12 16 9 9 11 8 ' ,'0 0 0 0 0 0 0 0 0 0 0 0 ' ,12 ,0 ,0, 0
40 ,35, 27, '15 18 20 14 17 15 16 20 11 10 10 11 ' ,'0 0 0 0 0 0 0 0 0 0 0 0 ' ,11 ,1 ,1, 1
71 ,33, 54, '48 15 12 15 15 49 15 11 6 12 43 9 ' ,'0 0 0 0 0 0 0 0 0 0 0 0 ' ,44 ,0 ,0, 0
45 ,61, 27, '19 19 14 17 14 22 19 13 8 9 11 13 ' ,'0 0 0 0 0 0 0 0 0 0 0 0 ' ,14 ,0 ,0, 0
74 ,34, 58, '13 14 9 18 51 13 13 9 10 43 8 9 ' ,'0 0 0 0 0 0 0 0 0 0 0 0 ' ,46 ,1 ,1, 0
37 ,65, 22, '15 11 9 16 11 15 11 10 11 8 11 8 ' ,'0 0 0 0 0 0 0 0 0 0 0 0 ' ,10 ,1 ,0, 0
38 ,27, 25, '15 17 10 11 17 17 16 11 7 11 12 11 ' ,'0 0 0 0 0 0 0 0 0 0 0 0 ' ,12 ,0 ,1, 1
50 ,29, 34, '28 16 9 16 13 28 12 10 9 9 20 6 ' ,'0 0 0 0 0 0 0 0 0 0 0 0 ' ,21 ,1 ,1, 1
40 ,41, 20, '12 18 14 16 15 16 14 14 13 8 9 10 ' ,'0 0 0 0 0 0 0 0 0 0 0 0 ' ,8 ,0 ,0, 0
52 ,32, 30, '18 16 13 16 24 18 20 12 9 20 10 9 ' ,'0 0 0 0 0 0 0 0 0 0 0 0 ' ,16 ,0 ,0, 0
45 ,43, 26, '16 17 12 14 11 15 14 12 8 7 11 11 ' ,'0 0 0 0 0 0 0 0 0 0 0 0 ' ,14 ,1 ,0, 0
55 ,37, 40, '25 29 32 28 28 28 29 29 17 18 15 20 ' ,'0 0 0 0 0 0 0 0 0 0 0 0 ' ,19 ,1 ,1, 1
85 ,46, 64, '53 24 26 29 26 57 28 30 15 13 42 19 ' ,'0 0 0 0 0 0 0 0 0 0 0 0 ' ,42 ,0 ,1, 1
57 ,70, 41, '29 29 22 26 31 35 28 26 15 20 18 18 ' ,'0 0 0 0 0 0 0 0 0 0 0 0 ' ,22 ,1 ,0, 0
78 ,48, 63, '31 24 35 32 55 32 33 36 20 41 15 18 ' ,'0 0 0 0 0 0 0 0 0 0 0 0 ' ,38 ,0 ,1, 1
193 ,70, 178, '132 147 120 92 116 168 170 125 96 104 66 120 ' ,'0 0 0 0 0 0 0 0 0 0 0 0 ' ,102 ,1 ,1, 1
101 ,183, 83, '33 69 28 43 24 28 74 26 74 47 65 76 ' ,'0 0 0 0 0 0 0 0 0 0 0 0 ' ,52 ,1 ,1, 1
73 ,89, 52, '48 28 25 42 30 48 28 25 19 12 37 17 ' ,'0 0 0 0 0 0 0 0 0 0 0 0 ' ,36 ,0 ,1, 1
62 ,59, 44, '22 26 25 34 28 28 25 30 22 21 15 19 ' ,'0 0 0 0 0 0 0 0 0 0 0 0 ' ,22 ,0 ,1, 1
73 ,53, 52, '26 33 31 23 46 31 36 22 15 36 16 19 ' ,'0 0 0 0 0 0 0 0 0 0 0 0 ' ,33 ,1 ,1, 1
63 ,59, 47, '35 32 24 24 24 29 33 28 16 20 21 18 ' ,'0 0 0 0 0 0 0 0 0 0 0 0 ' ,21 ,1 ,1, 1
55 ,54, 40, '26 31 23 33 32 24 29 20 16 20 17 19 ' ,'0 0 0 0 0 0 0 0 0 0 0 0 ' ,18 ,1 ,1, 1
79 ,47, 62, '53 34 28 26 22 54 38 28 17 12 48 21 ' ,'0 0 0 0 0 0 0 0 0 0 0 0 ' ,43 ,0 ,1, 1
59 ,67, 42, '33 34 30 28 33 38 31 33 14 17 20 20 ' ,'0 0 0 0 0 0 0 0 0 0 0 0 ' ,24 ,0 ,0, 0
76 ,51, 56, '22 31 22 37 49 30 34 27 23 40 17 19 ' ,'0 0 0 0 0 0 0 0 0 0 0 0 ' ,33 ,1 ,1, 1
59 ,62, 44, '24 34 31 36 33 33 37 26 16 19 19 23 ' ,'0 0 0 0 0 0 0 0 0 0 0 0 ' ,20 ,0 ,0, 0
59 ,52, 43, '30 24 30 38 33 27 31 22 29 12 12 16 ' ,'0 0 0 0 0 0 0 0 0 0 0 0 ' ,29 ,1 ,0, 0
70 ,51, 51, '46 35 25 32 28 44 32 26 17 17 35 15 ' ,'0 0 0 0 0 0 0 0 0 0 0 0 ' ,31 ,0 ,0, 0
69 ,58, 45, '37 34 25 25 30 37 35 22 13 19 11 13 ' ,'0 0 0 0 0 0 0 0 0 0 0 0 ' ,28 ,0 ,0, 0
70 ,57, 55, '26 30 21 36 49 35 30 29 21 43 15 14 ' ,'0 0 0 0 0 0 0 0 0 0 0 0 ' ,35 ,0 ,0, 0
65 ,60, 49, '30 35 26 33 32 33 42 30 17 26 18 23 ' ,'0 0 0 0 0 0 0 0 0 0 0 0 ' ,27 ,0 ,0, 0
69 ,56, 54, '27 34 28 45 30 32 38 34 22 17 18 22 ' ,'0 0 0 0 0 0 0 0 0 0 0 0 ' ,29 ,0 ,0, 0
348 ,60, 331, '293 218 280 178 201 323 228 271 40 40 106 35 ' ,'0 0 0 106 0 0 0 0 0 0 0 0 ' ,291 ,0 ,0, 0
61 ,337, 41, '29 35 32 36 33 33 34 30 23 22 20 21 ' ,'0 0 0 0 0 0 0 0 0 0 0 0 ' ,21 ,0 ,1, 1
87 ,55, 70, '29 32 38 35 65 29 32 32 24 50 17 19 ' ,'0 0 0 0 0 0 0 0 0 0 0 0 ' ,50 ,1 ,0, 0
57 ,80, 42, '32 27 27 25 33 32 36 26 18 20 19 22 ' ,'0 0 0 0 0 0 0 0 0 0 0 0 ' ,20 ,0 ,0, 0
55 ,49, 40, '28 33 32 30 31 31 25 27 15 16 17 17 ' ,'0 0 0 0 0 0 0 0 0 0 0 0 ' ,20 ,1 ,0, 0
92 ,45, 76, '69 32 28 30 30 61 43 39 15 14 51 23 ' ,'0 0 0 0 0 0 0 0 0 0 0 0 ' ,56 ,1 ,1, 1
71 ,82, 54, '31 28 30 38 28 34 48 33 17 21 18 22 ' ,'0 0 0 0 0 0 0 0 0 0 0 0 ' ,33 ,0 ,0, 0
89 ,63, 70, '31 32 30 43 61 28 38 29 25 47 15 25 ' ,'0 0 0 0 0 0 0 0 0 0 0 0 ' ,52 ,1 ,1, 1
62 ,81, 45, '27 32 27 38 37 34 36 32 20 18 17 17 ' ,'0 0 0 0 0 0 0 0 0 0 0 0 ' ,26 ,0 ,0, 0
60 ,54, 45, '27 35 31 36 25 33 24 32 22 15 18 20 ' ,'0 0 0 0 0 0 0 0 0 0 0 0 ' ,22 ,1 ,1, 1
103 ,54, 87, '80 27 30 34 26 82 34 44 19 16 72 13 ' ,'0 0 0 0 0 0 0 0 0 0 0 0 ' ,66 ,1 ,0, 0
65 ,93, 49, '35 34 42 42 30 44 37 40 21 21 16 20 ' ,'0 0 0 0 0 0 0 0 0 0 0 0 ' ,28 ,1 ,0, 0
98 ,58, 81, '31 34 33 34 67 32 33 26 17 53 22 17 ' ,'0 0 0 0 0 0 0 0 0 0 0 0 ' ,49 ,1 ,0, 0
67 ,91, 51, '27 27 28 42 30 34 37 25 23 16 17 21 ' ,'0 0 0 0 0 0 0 0 0 0 0 0 ' ,27 ,1 ,0, 0
62 ,59, 44, '26 34 32 38 23 25 34 30 20 19 15 13 ' ,'0 0 0 0 0 0 0 0 0 0 0 0 ' ,26 ,1 ,1, 1
107 ,54, 89, '78 41 24 31 37 81 37 28 17 22 69 23 ' ,'0 0 0 0 0 0 0 0 0 0 0 0 ' ,66 ,0 ,0, 0
63 ,100, 48, '28 34 36 40 33 29 41 39 22 19 16 15 ' ,'0 0 0 0 0 0 0 0 0 0 0 0 ' ,23 ,0 ,1, 1
80 ,54, 64, '37 28 24 20 57 35 30 27 19 44 22 17 ' ,'0 0 0 0 0 0 0 0 0 0 0 0 ' ,40 ,0 ,0, 0
62 ,72, 47, '31 37 30 41 25 39 38 32 20 19 18 22 ' ,'0 0 0 0 0 0 0 0 0 0 0 0 ' ,21 ,0 ,1, 0
59 ,55, 44, '22 32 35 37 39 30 31 37 20 19 16 21 ' ,'0 0 0 0 0 0 0 0 0 0 0 0 ' ,24 ,0 ,1, 0
62 ,53, 43, '32 25 31 29 27 36 31 25 11 16 19 22 ' ,'0 0 0 0 0 0 0 0 0 0 0 0 ' ,26 ,0 ,0, 0
62 ,53, 46, '33 30 20 36 31 40 33 20 14 19 24 23 ' ,'0 0 0 0 0 0 0 0 0 0 0 0 ' ,28 ,1 ,1, 0
82 ,53, 62, '36 34 33 41 55 34 30 38 23 31 19 21 ' ,'0 0 0 0 0 0 0 0 0 0 0 0 ' ,38 ,1 ,0, 0
62 ,69, 46, '33 34 29 36 29 37 36 35 26 16 18 23 ' ,'0 0 0 0 0 0 0 0 0 0 0 0 ' ,24 ,0 ,0, 0
63 ,54, 44, '23 33 29 37 30 26 23 32 20 19 16 19 ' ,'0 0 0 0 0 0 0 0 0 0 0 0 ' ,23 ,1 ,1, 1
83 ,55, 62, '54 34 22 34 38 55 39 30 18 17 35 22 ' ,'0 0 0 0 0 0 0 0 0 0 0 0 ' ,40 ,1 ,1, 1
65 ,73, 43, '29 26 21 37 27 27 27 31 25 20 17 17 ' ,'0 0 0 0 0 0 0 0 0 0 0 0 ' ,22 ,0 ,1, 0
80 ,50, 65, '31 36 26 30 59 26 32 35 16 42 19 13 ' ,'0 0 0 0 0 0 0 0 0 0 0 0 ' ,46 ,0 ,0, 0
58 ,71, 41, '29 26 24 34 32 28 35 35 23 22 13 20 ' ,'0 0 0 0 0 0 0 0 0 0 0 0 ' ,24 ,0 ,0, 0
67 ,51, 50, '16 35 21 21 44 25 29 22 14 18 14 20 ' ,'0 0 0 0 0 0 0 0 0 0 0 0 ' ,33 ,0 ,0, 0
59 ,59, 39, '37 22 14 18 27 33 25 12 9 13 27 14 ' ,'0 0 0 0 0 0 0 0 0 0 0 0 ' ,30 ,0 ,1, 0
48 ,51, 30, '16 22 22 16 22 16 22 23 14 14 10 11 ' ,'0 0 0 0 0 0 0 0 0 0 0 0 ' ,14 ,0 ,1, 1
49 ,41, 31, '21 17 17 16 19 21 17 18 10 25 17 11 ' ,'0 0 0 0 0 0 0 0 0 0 0 0 ' ,16 ,0 ,0, 0
43 ,37, 28, '18 18 16 21 21 16 17 14 14 13 9 13 ' ,'0 0 0 0 0 0 0 0 0 0 0 0 ' ,14 ,0 ,0, 0
47 ,35, 32, '18 22 18 23 16 21 20 16 13 14 15 11 ' ,'0 0 0 0 0 0 0 0 0 0 0 0 ' ,13 ,1 ,0, 0
79 ,39, 63, '52 19 17 12 19 55 20 16 6 8 44 14 ' ,'0 0 0 0 0 0 0 0 0 0 0 0 ' ,51 ,1 ,1, 1
52 ,72, 27, '15 18 14 21 16 15 18 17 11 10 9 9 ' ,'0 0 0 0 0 0 0 0 0 0 0 0 ' ,12 ,0 ,0, 0
59 ,32, 45, '17 17 18 16 15 19 20 15 11 39 11 5 ' ,'0 0 0 0 0 0 0 0 0 0 0 0 ' ,31 ,0 ,1, 1
46 ,52, 31, '14 20 22 18 25 17 17 19 10 13 9 12 ' ,'0 0 0 0 0 0 0 0 0 0 0 0 ' ,14 ,0 ,1, 1
43 ,39, 28, '18 16 17 20 16 20 16 13 10 10 14 8 ' ,'0 0 0 0 0 0 0 0 0 0 0 0 ' ,13 ,1 ,0, 0
89 ,34, 73, '66 14 19 24 28 65 14 14 17 11 60 7 ' ,'0 0 0 0 0 0 0 0 0 0 0 0 ' ,60 ,0 ,1, 0
40 ,80, 25, '14 18 13 16 15 17 19 14 12 10 10 13 ' ,'0 0 0 0 0 0 0 0 0 0 0 0 ' ,10 ,1 ,1, 0
48 ,31, 32, '17 20 20 14 21 17 17 14 10 15 13 12 ' ,'0 0 0 0 0 0 0 0 0 0 0 0 ' ,15 ,1 ,1, 1
46 ,39, 29, '20 19 24 22 22 21 22 23 16 14 13 13 ' ,'0 0 0 0 0 0 0 0 0 0 0 0 ' ,13 ,0 ,0, 0
45 ,38, 29, '20 20 12 19 22 18 19 15 10 9 14 9 ' ,'0 0 0 0 0 0 0 0 0 0 0 0 ' ,15 ,1 ,1, 0
66 ,36, 48, '42 19 19 17 18 42 18 20 10 11 35 14 ' ,'0 0 0 0 0 0 0 0 0 0 0 0 ' ,34 ,1 ,1, 0
45 ,55, 29, '21 20 24 22 21 21 16 22 13 14 11 10 ' ,'0 0 0 0 0 0 0 0 0 0 0 0 ' ,13 ,0 ,1, 0
59 ,37, 43, '19 21 18 15 36 18 22 19 8 29 11 11 ' ,'0 0 0 0 0 0 0 0 0 0 0 0 ' ,31 ,0 ,1, 0
41 ,51, 26, '16 17 19 18 18 19 17 22 11 10 10 10 ' ,'0 0 0 0 0 0 0 0 0 0 0 0 ' ,11 ,1 ,0, 0
46 ,33, 29, '18 13 15 19 15 19 15 17 12 9 15 9 ' ,'0 0 0 0 0 0 0 0 0 0 0 0 ' ,13 ,0 ,1, 0
64 ,35, 48, '38 25 13 26 19 42 17 16 14 11 35 13 ' ,'0 0 0 0 0 0 0 0 0 0 0 0 ' ,31 ,1 ,1, 0
46 ,55, 28, '11 19 12 17 21 13 19 12 9 8 9 8 ' ,'0 0 0 0 0 0 0 0 0 0 0 0 ' ,15 ,1 ,0, 0
55 ,34, 39, '12 22 11 14 32 15 21 16 15 27 7 15 ' ,'0 0 0 0 0 0 0 0 0 0 0 0 ' ,28 ,1 ,0, 0
51 ,47, 35, '20 17 13 29 17 17 19 14 10 12 9 10 ' ,'0 0 0 0 0 0 0 0 0 0 0 0 ' ,20 ,1 ,1, 1
46 ,41, 27, '17 21 14 19 22 21 18 15 11 13 11 12 ' ,'0 0 0 0 0 0 0 0 0 0 0 0 ' ,10 ,0 ,0, 0
60 ,33, 46, '40 19 14 25 19 39 23 15 16 11 30 14 ' ,'0 0 0 0 0 0 0 0 0 0 0 0 ' ,27 ,0 ,0, 0
45 ,51, 31, '12 19 22 23 16 15 17 25 10 8 9 7 ' ,'0 0 0 0 0 0 0 0 0 0 0 0 ' ,18 ,1 ,0, 0
63 ,38, 46, '19 22 16 26 39 23 21 17 15 27 13 12 ' ,'0 0 0 0 0 0 0 0 0 0 0 0 ' ,29 ,1 ,1, 0
41 ,51, 27, '14 20 16 21 16 19 17 21 15 11 8 10 ' ,'0 0 0 0 0 0 0 0 0 0 0 0 ' ,14 ,0 ,0, 0
66 ,33, 35, '24 24 23 30 22 23 21 25 16 16 13 14 ' ,'0 0 0 0 0 0 0 0 0 0 0 0 ' ,18 ,0 ,1, 1
61 ,42, 44, '37 20 21 23 19 40 18 26 14 15 33 13 ' ,'0 0 0 0 0 0 0 0 0 0 0 0 ' ,28 ,0 ,1, 1
48 ,51, 30, '17 22 12 16 20 19 20 14 9 13 13 14 ' ,'0 0 0 0 0 0 0 0 0 0 0 0 ' ,15 ,1 ,0, 0
59 ,36, 42, '16 17 18 22 34 18 16 19 12 26 10 11 ' ,'0 0 0 0 0 0 0 0 0 0 0 0 ' ,25 ,1 ,1, 1
42 ,46, 26, '13 16 17 21 17 15 18 17 13 11 13 9 ' ,'0 0 0 0 0 0 0 0 0 0 0 0 ' ,12 ,0 ,0, 0
46 ,33, 29, '18 19 13 17 13 19 21 19 9 9 13 10 ' ,'0 0 0 0 0 0 0 0 0 0 0 0 ' ,16 ,1 ,1, 1
70 ,36, 55, '46 18 18 20 20 49 20 21 15 12 43 12 ' ,'0 0 0 0 0 0 0 0 0 0 0 0 ' ,40 ,1 ,0, 0
43 ,62, 28, '18 16 18 16 17 21 16 17 11 7 11 9 ' ,'0 0 0 0 0 0 0 0 0 0 0 0 ' ,16 ,1 ,0, 0
89 ,34, 68, '11 14 17 15 61 16 14 17 10 56 8 7 ' ,'0 0 0 0 0 0 0 0 0 0 0 0 ' ,54 ,1 ,1, 1
42 ,75, 28, '14 16 21 22 14 16 22 18 9 10 8 10 ' ,'0 0 0 0 0 0 0 0 0 0 0 0 ' ,15 ,0 ,0, 0
50 ,35, 35, '16 22 16 29 21 20 16 15 13 15 13 14 ' ,'0 0 0 0 0 0 0 0 0 0 0 0 ' ,17 ,0 ,0, 0
59 ,42, 45, '36 16 20 18 17 36 17 19 14 12 30 10 ' ,'0 0 0 0 0 0 0 0 0 0 0 0 ' ,28 ,0 ,1, 1
48 ,52, 33, '16 15 16 20 15 19 15 13 15 10 12 7 ' ,'0 0 0 0 0 0 0 0 0 0 0 0 ' ,16 ,0 ,1, 0
72 ,39, 53, '18 19 12 17 46 17 20 13 12 39 10 12 ' ,'0 0 0 0 0 0 0 0 0 0 0 0 ' ,39 ,1 ,0, 0
38 ,64, 23, '13 17 12 17 14 16 16 13 11 10 8 9 ' ,'0 0 0 0 0 0 0 0 0 0 0 0 ' ,11 ,0 ,0, 0
48 ,30, 33, '17 20 14 15 17 18 21 11 12 10 15 9 ' ,'0 0 0 0 0 0 0 0 0 0 0 0 ' ,18 ,0 ,0, 0
84 ,41, 69, '61 16 12 18 17 61 17 14 12 11 55 8 ' ,'0 0 0 0 0 0 0 0 0 0 0 0 ' ,54 ,1 ,0, 0
43 ,77, 27, '19 20 21 16 21 19 20 15 8 15 12 13 ' ,'0 0 0 0 0 0 0 0 0 0 0 0 ' ,14 ,0 ,0, 0
92 ,34, 77, '28 33 35 32 70 31 32 26 16 58 14 17 ' ,'0 0 0 0 0 0 0 0 0 0 0 0 ' ,58 ,1 ,0, 0
71 ,83, 48, '27 34 32 40 41 29 28 31 20 20 15 17 ' ,'0 0 0 0 0 0 0 0 0 0 0 0 ' ,27 ,0 ,1, 1
71 ,52, 54, '30 36 39 48 35 35 29 32 23 22 21 21 ' ,'0 0 0 0 0 0 0 0 0 0 0 0 ' ,28 ,0 ,1, 0
92 ,60, 71, '60 34 36 43 37 65 36 35 19 25 48 19 ' ,'0 0 0 0 0 0 0 0 0 0 0 0 ' ,47 ,1 ,0, 0
59 ,82, 46, '34 35 34 34 29 35 29 36 17 18 20 15 ' ,'0 0 0 0 0 0 0 0 0 0 0 0 ' ,23 ,0 ,1, 1
82 ,52, 67, '34 39 32 38 59 30 42 39 21 40 20 22 ' ,'0 0 0 0 0 0 0 0 0 0 0 0 ' ,42 ,0 ,0, 0
64 ,73, 48, '31 31 30 36 39 33 31 32 19 25 11 20 ' ,'0 0 0 0 0 0 0 0 0 0 0 0 ' ,30 ,0 ,0, 0
69 ,57, 52, '30 34 34 37 40 37 44 29 22 18 20 23 ' ,'0 0 0 0 0 0 0 0 0 0 0 0 ' ,29 ,1 ,0, 0
102 ,61, 86, '76 28 25 36 34 79 36 39 20 20 57 15 ' ,'0 0 0 0 0 0 0 0 0 0 0 0 ' ,65 ,0 ,0, 0
101 ,91, 51, '34 30 31 40 35 38 39 32 23 24 16 23 ' ,'0 0 0 0 0 0 0 0 0 0 0 0 ' ,25 ,1 ,1, 0
120 ,91, 99, '35 40 34 35 92 32 36 36 19 77 18 19 ' ,'0 0 0 0 0 0 0 0 0 0 0 0 ' ,74 ,0 ,0, 0
60 ,110, 45, '37 25 34 34 29 36 35 33 20 22 20 16 ' ,'0 0 0 0 0 0 0 0 0 0 0 0 ' ,23 ,1 ,0, 0
69 ,53, 49, '29 31 35 37 34 37 39 38 19 20 19 26 ' ,'0 0 0 0 0 0 0 0 0 0 0 0 ' ,24 ,1 ,0, 0
70 ,55, 54, '41 33 35 35 31 49 29 28 20 14 35 16 ' ,'0 0 0 0 0 0 0 0 0 0 0 0 ' ,34 ,0 ,1, 1
63 ,62, 46, '33 39 35 28 37 34 36 25 17 16 20 22 ' ,'0 0 0 0 0 0 0 0 0 0 0 0 ' ,25 ,1 ,0, 0
61 ,57, 48, '31 38 25 39 42 28 29 29 16 30 18 22 ' ,'0 0 0 0 0 0 0 0 0 0 0 0 ' ,27 ,0 ,1, 0
65 ,54, 42, '28 28 27 27 34 29 24 34 18 13 18 25 ' ,'0 0 0 0 0 0 0 0 0 0 0 0 ' ,20 ,0 ,1, 1
60 ,50, 43, '28 35 32 31 32 30 33 36 16 19 15 14 ' ,'0 0 0 0 0 0 0 0 0 0 0 0 ' ,22 ,0 ,0, 0
109 ,51, 95, '86 25 34 32 28 86 32 26 14 18 73 14 ' ,'0 0 0 0 0 0 0 0 0 0 0 0 ' ,76 ,0 ,1, 1
59 ,100, 43, '28 30 28 34 24 32 29 29 22 20 15 20 ' ,'0 0 0 0 0 0 0 0 0 0 0 0 ' ,24 ,0 ,0, 0
75 ,51, 60, '30 33 27 28 53 24 27 29 20 38 12 16 ' ,'0 0 0 0 0 0 0 0 0 0 0 0 ' ,42 ,0 ,1, 0
52 ,67, 35, '22 27 22 30 26 24 23 25 17 15 23 16 ' ,'0 0 0 0 0 0 0 0 0 0 0 0 ' ,15 ,0 ,0, 0
53 ,43, 38, '28 28 29 30 28 23 26 32 17 19 16 14 ' ,'0 0 0 0 0 0 0 0 0 0 0 0 ' ,16 ,0 ,1, 0
66 ,44, 51, '43 30 23 30 25 44 30 28 19 17 34 18 ' ,'0 0 0 0 0 0 0 0 0 0 0 0 ' ,29 ,1 ,0, 0
57 ,57, 41, '30 30 20 21 34 33 22 22 10 15 16 20 ' ,'0 0 0 0 0 0 0 0 0 0 0 0 ' ,27 ,0 ,1, 0
71 ,47, 57, '24 27 18 30 50 20 27 18 17 34 12 17 ' ,'0 0 0 0 0 0 0 0 0 0 0 0 ' ,41 ,1 ,1, 0
54 ,64, 37, '30 22 19 24 27 27 25 23 14 14 14 13 ' ,'0 0 0 0 0 0 0 0 0 0 0 0 ' ,19 ,1 ,1, 0
67 ,47, 51, '27 26 26 32 32 28 36 29 20 21 17 18 ' ,'0 0 0 0 0 0 0 0 0 0 0 0 ' ,20 ,0 ,1, 1
62 ,59, 46, '40 22 25 27 23 38 28 18 15 10 31 17 ' ,'0 0 0 0 0 0 0 0 0 0 0 0 ' ,31 ,0 ,1, 0
78 ,52, 63, '24 30 27 28 56 16 27 24 22 16 15 21 ' ,'0 0 0 0 0 0 0 0 0 0 0 0 ' ,42 ,1 ,1, 1
87 ,69, 72, '32 27 22 28 65 25 35 22 15 54 13 18 ' ,'0 0 0 0 0 0 0 0 0 0 0 0 ' ,54 ,1 ,1, 1
52 ,79, 39, '31 19 17 31 22 27 23 31 11 15 16 10 ' ,'0 0 0 0 0 0 0 0 0 0 0 0 ' ,22 ,0 ,0, 0
49 ,44, 34, '25 22 21 24 25 22 28 25 16 18 11 19 ' ,'0 0 0 0 0 0 0 0 0 0 0 0 ' ,19 ,1 ,0, 0
82 ,40, 66, '60 29 25 26 27 57 27 30 16 12 50 11 ' ,'0 0 0 0 0 0 0 0 0 0 0 0 ' ,48 ,0 ,0, 0
53 ,74, 36, '22 30 28 25 27 25 25 14 20 14 11 19 ' ,'0 0 0 0 0 0 0 0 0 0 0 0 ' ,18 ,1 ,0, 0
100 ,43, 85, '23 19 20 16 78 23 23 25 18 62 10 15 ' ,'0 0 0 0 0 0 0 0 0 0 0 0 ' ,69 ,0 ,1, 0
55 ,91, 41, '27 32 25 27 29 28 34 22 12 15 14 16 ' ,'0 0 0 0 0 0 0 0 0 0 0 0 ' ,23 ,0 ,0, 0
55 ,47, 40, '22 26 31 28 31 25 34 31 16 17 12 15 ' ,'0 0 0 0 0 0 0 0 0 0 0 0 ' ,22 ,0 ,0, 0
88 ,47, 73, '67 21 21 28 21 65 27 29 11 16 64 13 ' ,'0 0 0 0 0 0 0 0 0 0 0 0 ' ,58 ,1 ,0, 0
54 ,79, 40, '27 28 32 26 28 24 32 22 15 19 20 11 ' ,'0 0 0 0 0 0 0 0 0 0 0 0 ' ,19 ,0 ,0, 0
69 ,47, 55, '21 28 18 28 48 20 23 24 14 39 15 16 ' ,'0 0 0 0 0 0 0 0 0 0 0 0 ' ,37 ,1 ,1, 0
54 ,61, 40, '28 28 32 23 27 28 33 24 10 14 23 19 ' ,'0 0 0 0 0 0 0 0 0 0 0 0 ' ,24 ,0 ,0, 0
55 ,46, 37, '19 27 32 24 27 26 25 27 18 12 14 13 ' ,'0 0 0 0 0 0 0 0 0 0 0 0 ' ,17 ,1 ,1, 1
92 ,46, 67, '46 32 18 23 26 55 34 27 15 16 42 21 ' ,'0 0 0 0 0 0 0 0 0 0 0 0 ' ,41 ,0 ,1, 0
65 ,82, 47, '40 37 24 29 32 27 38 31 21 14 10 18 ' ,'0 0 0 0 0 0 0 0 0 0 0 0 ' ,29 ,0 ,0, 0
64 ,57, 47, '26 27 34 31 40 24 37 21 14 34 14 12 ' ,'0 0 0 0 0 0 0 0 0 0 0 0 ' ,29 ,1 ,1, 0
54 ,54, 40, '26 29 21 31 30 33 30 26 9 15 14 19 ' ,'0 0 0 0 0 0 0 0 0 0 0 0 ' ,26 ,1 ,0, 0
54 ,46, 40, '33 26 29 33 29 19 28 18 19 16 15 18 ' ,'0 0 0 0 0 0 0 0 0 0 0 0 ' ,21 ,1 ,0, 0
77 ,46, 59, '48 32 27 33 28 52 32 20 15 22 41 17 ' ,'0 0 0 0 0 0 0 0 0 0 0 0 ' ,39 ,1 ,0, 0
60 ,64, 45, '25 37 19 32 31 31 37 30 22 15 16 19 ' ,'0 0 0 0 0 0 0 0 0 0 0 0 ' ,25 ,0 ,0, 0
75 ,52, 61, '31 21 23 27 54 31 26 35 17 37 20 13 ' ,'0 0 0 0 0 0 0 0 0 0 0 0 ' ,41 ,0 ,0, 0
58 ,66, 42, '28 33 35 21 34 31 25 32 16 19 18 15 ' ,'0 0 0 0 0 0 0 0 0 0 0 0 ' ,21 ,0 ,0, 0
63 ,48, 47, '30 26 22 34 28 30 29 41 21 17 15 15 ' ,'0 0 0 0 0 0 0 0 0 0 0 0 ' ,26 ,0 ,1, 0
72 ,55, 60, '51 22 19 32 24 45 26 22 15 16 37 15 ' ,'0 0 0 0 0 0 0 0 0 0 0 0 ' ,37 ,0 ,1, 1
70 ,63, 55, '25 28 23 29 27 30 39 21 20 17 15 19 ' ,'0 0 0 0 0 0 0 0 0 0 0 0 ' ,28 ,0 ,0, 0
72 ,62, 58, '25 22 32 23 51 33 30 23 12 37 17 14 ' ,'0 0 0 0 0 0 0 0 0 0 0 0 ' ,41 ,0 ,0, 0
58 ,67, 42, '25 33 16 29 27 26 28 20 21 17 14 18 ' ,'0 0 0 0 0 0 0 0 0 0 0 0 ' ,22 ,0 ,0, 0
60 ,47, 42, '26 29 29 36 27 25 31 23 19 17 16 22 ' ,'0 0 0 0 0 0 0 0 0 0 0 0 ' ,21 ,1 ,0, 0
65 ,51, 49, '43 36 26 30 26 42 31 25 9 12 31 15 ' ,'0 0 0 0 0 0 0 0 0 0 0 0 ' ,36 ,0 ,0, 0
83 ,59, 41, '26 34 20 27 28 23 26 26 18 15 12 18 ' ,'0 0 0 0 0 0 0 0 0 0 0 0 ' ,23 ,0 ,0, 0
84 ,47, 69, '25 27 21 21 61 24 28 21 12 44 18 15 ' ,'0 0 0 0 0 0 0 0 0 0 0 0 ' ,49 ,0 ,1, 0
57 ,74, 41, '29 31 27 34 29 34 30 36 16 24 18 20 ' ,'0 0 0 0 0 0 0 0 0 0 0 0 ' ,22 ,0 ,0, 0
66 ,48, 46, '23 26 23 41 33 31 30 32 24 15 13 13 ' ,'0 0 0 0 0 0 0 0 0 0 0 0 ' ,31 ,0 ,0, 0
96 ,59, 82, '75 19 22 29 26 74 25 22 12 13 63 15 ' ,'0 0 0 0 0 0 0 0 0 0 0 0 ' ,64 ,0 ,1, 1
144 ,88, 128, '24 26 20 36 121 29 28 22 20 112 17 8 ' ,'0 0 0 0 0 0 0 0 0 0 0 0 ' ,113 ,0 ,1, 0
83 ,134, 69, '35 32 18 27 62 33 39 24 13 50 18 23 ' ,'0 0 0 0 0 0 0 0 0 0 0 0 ' ,49 ,1 ,1, 0
55 ,77, 37, '21 29 19 29 30 27 29 27 15 20 18 18 ' ,'0 0 0 0 0 0 0 0 0 0 0 0 ' ,15 ,1 ,0, 0
53 ,47, 38, '29 28 32 27 26 25 24 21 26 13 10 15 ' ,'0 0 0 0 0 0 0 0 0 0 0 0 ' ,23 ,1 ,1, 0
117 ,44, 99, '91 25 28 30 21 90 25 40 16 12 73 15 ' ,'0 0 0 0 0 0 0 0 0 0 0 0 ' ,82 ,0 ,1, 1
57 ,110, 44, '20 34 27 34 26 21 36 26 17 19 12 16 ' ,'0 0 0 0 0 0 0 0 0 0 0 0 ' ,26 ,0 ,1, 1
82 ,49, 65, '34 28 30 32 58 31 29 24 17 47 19 16 ' ,'0 0 0 0 0 0 0 0 0 0 0 0 ' ,44 ,0 ,0, 0
58 ,74, 34, '22 26 18 31 20 23 32 28 19 16 17 21 ' ,'0 0 0 0 0 0 0 0 0 0 0 0 ' ,20 ,1 ,0, 0
56 ,51, 41, '25 29 24 35 22 23 33 29 16 12 15 16 ' ,'0 0 0 0 0 0 0 0 0 0 0 0 ' ,23 ,0 ,0, 0
90 ,48, 73, '67 39 23 23 28 64 34 24 13 19 54 20 ' ,'0 0 0 0 0 0 0 0 0 0 0 0 ' ,57 ,0 ,0, 0
58 ,81, 43, '27 34 24 34 37 27 34 22 19 19 11 19 ' ,'0 0 0 0 0 0 0 0 0 0 0 0 ' ,27 ,0 ,0, 0
81 ,49, 65, '30 36 34 26 57 38 34 21 17 43 16 15 ' ,'0 0 0 0 0 0 0 0 0 0 0 0 ' ,43 ,0 ,0, 0
67 ,71, 50, '40 30 36 27 25 25 25 33 20 16 17 18 ' ,'0 0 0 0 0 0 0 0 0 0 0 0 ' ,25 ,0 ,1, 0
90 ,56, 72, '24 25 40 34 26 30 31 32 13 17 15 17 ' ,'0 0 0 0 0 0 0 0 0 0 0 0 ' ,28 ,0 ,0, 0
80 ,83, 64, '50 27 28 28 36 58 33 36 15 19 45 19 ' ,'0 0 0 0 0 0 0 0 0 0 0 0 ' ,45 ,1 ,1, 0
59 ,71, 43, '26 25 25 37 30 23 36 27 16 18 14 16 ' ,'0 0 0 0 0 0 0 0 0 0 0 0 ' ,23 ,1 ,0, 0
66 ,51, 50, '26 36 30 35 44 31 35 27 18 36 26 9 ' ,'0 0 0 0 0 0 0 0 0 0 0 0 ' ,35 ,0 ,0, 0
63 ,57, 34, '28 31 26 31 32 25 30 22 16 16 14 14 ' ,'0 0 0 0 0 0 0 0 0 0 0 0 ' ,25 ,1 ,0, 0
53 ,52, 36, '27 27 25 26 30 26 31 32 17 17 15 15 ' ,'0 0 0 0 0 0 0 0 0 0 0 0 ' ,19 ,0 ,0, 0
90 ,46, 68, '58 26 25 38 24 66 33 33 20 18 53 17 ' ,'0 0 0 0 0 0 0 0 0 0 0 0 ' ,48 ,1 ,0, 0
54 ,77, 40, '26 31 28 28 25 23 32 28 17 17 22 17 ' ,'0 0 0 0 0 0 0 0 0 0 0 0 ' ,18 ,1 ,1, 0
94 ,46, 74, '31 25 31 34 69 29 26 24 12 49 20 18 ' ,'0 0 0 0 0 0 0 0 0 0 0 0 ' ,57 ,0 ,0, 0
57 ,86, 43, '31 30 29 31 29 27 30 35 21 17 15 19 ' ,'0 0 0 0 0 0 0 0 0 0 0 0 ' ,22 ,1 ,1, 0
55 ,49, 40, '25 30 25 33 29 30 27 28 20 18 14 17 ' ,'0 0 0 0 0 0 0 0 0 0 0 0 ' ,16 ,0 ,0, 0
76 ,47, 61, '55 39 28 21 35 49 28 23 16 21 39 18 ' ,'0 0 0 0 0 0 0 0 0 0 0 0 ' ,41 ,0 ,0, 0
58 ,68, 35, '36 27 25 35 24 27 29 31 16 18 13 12 ' ,'0 0 0 0 0 0 0 0 0 0 0 0 ' ,23 ,1 ,0, 0
74 ,47, 58, '32 29 32 30 52 34 32 33 16 39 16 13 ' ,'0 0 0 0 0 0 0 0 0 0 0 0 ' ,40 ,0 ,0, 0
60 ,65, 45, '26 29 29 35 34 29 35 36 24 20 13 21 ' ,'0 0 0 0 0 0 0 0 0 0 0 0 ' ,24 ,0 ,0, 0
58 ,50, 41, '22 26 23 30 31 31 32 23 19 17 13 16 ' ,'0 0 0 0 0 0 0 0 0 0 0 0 ' ,23 ,0 ,0, 0
77 ,50, 58, '50 26 30 36 33 51 27 33 18 15 38 18 ' ,'0 0 0 0 0 0 0 0 0 0 0 0 ' ,39 ,1 ,1, 1
64 ,64, 42, '30 33 30 40 33 26 32 34 12 18 16 14 ' ,'0 0 0 0 0 0 0 0 0 0 0 0 ' ,28 ,1 ,0, 0
85 ,56, 66, '36 37 27 32 61 33 39 29 20 48 20 16 ' ,'0 0 0 0 0 0 0 0 0 0 0 0 ' ,46 ,1 ,0, 0
66 ,78, 50, '33 36 36 44 32 35 35 43 15 14 18 16 ' ,'0 0 0 0 0 0 0 0 0 0 0 0 ' ,30 ,0 ,0, 0
58 ,57, 42, '29 32 30 33 30 27 32 33 19 12 15 14 ' ,'0 0 0 0 0 0 0 0 0 0 0 0 ' ,24 ,1 ,0, 0
103 ,49, 89, '74 38 31 32 33 81 31 26 16 19 61 20 ' ,'0 0 0 0 0 0 0 0 0 0 0 0 ' ,68 ,0 ,1, 0
156 ,94, 140, '29 35 32 36 133 34 37 27 19 114 17 16 ' ,'0 0 0 0 0 0 0 0 0 0 0 0 ' ,120 ,0 ,0, 0
87 ,149, 72, '30 24 29 36 66 35 28 29 21 52 14 14 ' ,'0 0 0 0 0 0 0 0 0 0 0 0 ' ,54 ,1 ,0, 0
64 ,79, 49, '27 36 37 34 35 29 35 27 22 15 17 16 ' ,'0 0 0 0 0 0 0 0 0 0 0 0 ' ,23 ,0 ,1, 0
58 ,54, 42, '26 21 28 36 25 34 31 34 21 17 18 22 ' ,'0 0 0 0 0 0 0 0 0 0 0 0 ' ,19 ,0 ,0, 0
108 ,50, 93, '72 36 27 35 30 81 34 28 27 18 65 20 ' ,'0 0 0 0 0 0 0 0 0 0 0 0 ' ,65 ,0 ,0, 0
66 ,100, 53, '33 28 32 41 34 45 35 28 23 14 20 20 ' ,'0 0 0 0 0 0 0 0 0 0 0 0 ' ,34 ,1 ,1, 0
90 ,58, 74, '29 34 27 44 66 28 39 33 15 15 18 21 ' ,'0 0 0 0 0 0 0 0 0 0 0 0 ' ,52 ,1 ,0, 0
59 ,79, 41, '30 34 31 28 26 37 26 27 17 16 17 16 ' ,'0 0 0 0 0 0 0 0 0 0 0 0 ' ,19 ,1 ,1, 1
62 ,51, 42, '30 34 32 31 29 22 28 31 20 11 16 16 ' ,'0 0 0 0 0 0 0 0 0 0 0 0 ' ,22 ,1 ,0, 0
62 ,54, 49, '38 37 29 34 36 42 31 29 18 17 28 20 ' ,'0 0 0 0 0 0 0 0 0 0 0 0 ' ,26 ,1 ,0, 0
57 ,54, 41, '28 30 21 36 27 26 32 30 18 18 17 20 ' ,'0 0 0 0 0 0 0 0 0 0 0 0 ' ,20 ,0 ,1, 1
77 ,47, 59, '32 35 32 31 52 35 33 27 22 38 18 19 ' ,'0 0 0 0 0 0 0 0 0 0 0 0 ' ,32 ,0 ,0, 0
56 ,65, 43, '25 36 30 26 36 32 32 30 16 14 16 17 ' ,'0 0 0 0 0 0 0 0 0 0 0 0 ' ,22 ,0 ,0, 0
