245 ,0, 137, '94 97 101 84 58 70 61 71 ' ,'0 0 0 0 0 0 0 0 ' ,47 ,3 ,4, 4
130 ,172, 109, '101 93 103 88 84 86 88 92 ' ,'0 0 0 0 0 0 0 0 ' ,18 ,0 ,1, 1
516 ,163, 35, '19 22 17 23 12 15 17 12 ' ,'0 0 0 0 0 0 0 0 ' ,17 ,0 ,2, 1
55 ,1011, 37, '21 25 17 19 16 23 17 12 ' ,'0 0 0 0 0 0 0 0 ' ,16 ,1 ,2, 2
62 ,44, 40, '25 27 27 22 20 20 14 19 ' ,'0 0 0 0 0 0 0 0 ' ,19 ,0 ,1, 1
94 ,99, 44, '17 29 18 34 21 13 18 11 ' ,'0 0 0 0 0 0 0 0 ' ,26 ,0 ,2, 1
59 ,54, 41, '24 29 24 31 21 19 20 18 ' ,'0 0 0 0 0 0 0 0 ' ,19 ,0 ,2, 2
56 ,50, 35, '15 20 24 20 14 20 13 15 ' ,'0 0 0 0 0 0 0 0 ' ,15 ,0 ,1, 1
60 ,43, 45, '23 29 23 31 16 16 18 19 ' ,'0 0 0 0 0 0 0 0 ' ,20 ,1 ,2, 1
54 ,50, 35, '24 18 20 15 12 16 10 11 ' ,'0 0 0 0 0 0 0 0 ' ,18 ,1 ,1, 1
58 ,46, 40, '21 21 20 31 19 15 18 12 ' ,'0 0 0 0 0 0 0 0 ' ,21 ,1 ,1, 1
55 ,47, 39, '22 23 16 28 20 18 19 11 ' ,'0 0 0 0 0 0 0 0 ' ,21 ,1 ,2, 2
55 ,45, 36, '20 24 20 24 16 14 22 18 ' ,'0 0 0 0 0 0 0 0 ' ,12 ,1 ,2, 1
57 ,46, 41, '22 27 22 32 14 17 23 16 ' ,'0 0 0 0 0 0 0 0 ' ,19 ,0 ,1, 1
45 ,47, 29, '15 17 19 18 17 14 14 18 ' ,'0 0 0 0 0 0 0 0 ' ,9 ,1 ,1, 0
65 ,37, 47, '23 33 32 36 20 16 20 23 ' ,'0 0 0 0 0 0 0 0 ' ,19 ,1 ,2, 1
50 ,57, 34, '24 16 19 21 14 19 12 12 ' ,'0 0 0 0 0 0 0 0 ' ,15 ,1 ,1, 1
56 ,40, 42, '22 32 21 23 19 16 17 15 ' ,'0 0 0 0 0 0 0 0 ' ,18 ,1 ,2, 1
55 ,47, 40, '23 31 20 20 13 18 13 16 ' ,'0 0 0 0 0 0 0 0 ' ,19 ,2 ,0, 0
56 ,45, 40, '22 27 30 30 18 17 18 21 ' ,'0 0 0 0 0 0 0 0 ' ,19 ,1 ,0, 0
47 ,47, 31, '20 23 17 17 12 16 17 12 ' ,'0 0 0 0 0 0 0 0 ' ,12 ,1 ,1, 1
59 ,39, 39, '27 28 20 25 23 21 16 14 ' ,'0 0 0 0 0 0 0 0 ' ,17 ,1 ,1, 1
55 ,49, 38, '24 24 20 28 19 17 19 13 ' ,'0 0 0 0 0 0 0 0 ' ,17 ,1 ,0, 0
52 ,46, 36, '23 19 27 26 21 20 13 16 ' ,'0 0 0 0 0 0 0 0 ' ,15 ,1 ,0, 0
50 ,42, 35, '22 20 23 24 16 13 16 19 ' ,'0 0 0 0 0 0 0 0 ' ,12 ,1 ,1, 0
53 ,41, 35, '22 27 26 27 19 18 19 19 ' ,'0 0 0 0 0 0 0 0 ' ,12 ,1 ,0, 0
53 ,41, 32, '16 20 20 22 16 20 15 14 ' ,'0 0 0 0 0 0 0 0 ' ,9 ,1 ,0, 0
52 ,42, 36, '24 27 24 27 14 18 20 15 ' ,'0 0 0 0 0 0 0 0 ' ,16 ,2 ,0, 0
51 ,43, 35, '18 27 21 21 16 18 24 18 ' ,'0 0 0 0 0 0 0 0 ' ,11 ,1 ,1, 1
48 ,41, 31, '23 17 16 18 12 15 12 14 ' ,'0 0 0 0 0 0 0 0 ' ,15 ,1 ,0, 0
47 ,40, 30, '17 20 20 13 18 11 13 14 ' ,'0 0 0 0 0 0 0 0 ' ,11 ,0 ,1, 1
52 ,36, 37, '21 22 29 19 18 16 20 12 ' ,'0 0 0 0 0 0 0 0 ' ,18 ,0 ,1, 1
60 ,42, 40, '20 21 22 33 22 20 18 17 ' ,'0 0 0 0 0 0 0 0 ' ,17 ,1 ,1, 1
51 ,46, 31, '19 21 22 21 15 12 15 16 ' ,'0 0 0 0 0 0 0 0 ' ,11 ,1 ,1, 1
47 ,42, 27, '20 16 17 16 12 17 11 12 ' ,'0 0 0 0 0 0 0 0 ' ,9 ,0 ,0, 0
48 ,35, 32, '21 22 16 28 15 15 16 11 ' ,'0 0 0 0 0 0 0 0 ' ,15 ,0 ,1, 1
41 ,41, 26, '17 16 16 19 13 12 12 10 ' ,'0 0 0 0 0 0 0 0 ' ,11 ,1 ,0, 0
53 ,34, 35, '21 28 27 25 18 16 18 20 ' ,'0 0 0 0 0 0 0 0 ' ,15 ,0 ,0, 0
49 ,42, 35, '24 19 18 28 20 17 14 13 ' ,'0 0 0 0 0 0 0 0 ' ,15 ,0 ,0, 0
46 ,41, 31, '21 23 16 23 11 15 12 22 ' ,'0 0 0 0 0 0 0 0 ' ,14 ,1 ,0, 0
52 ,39, 34, '21 27 18 24 18 17 11 13 ' ,'0 0 0 0 0 0 0 0 ' ,15 ,0 ,1, 1
49 ,43, 34, '19 22 22 26 12 15 16 19 ' ,'0 0 0 0 0 0 0 0 ' ,15 ,0 ,1, 1
47 ,40, 33, '21 21 19 17 12 17 12 10 ' ,'0 0 0 0 0 0 0 0 ' ,16 ,0 ,1, 0
50 ,38, 33, '16 25 15 20 19 11 13 10 ' ,'0 0 0 0 0 0 0 0 ' ,17 ,0 ,1, 1
41 ,38, 27, '18 21 14 15 17 14 16 9 ' ,'0 0 0 0 0 0 0 0 ' ,8 ,0 ,1, 1
42 ,33, 28, '17 21 15 20 15 12 14 10 ' ,'0 0 0 0 0 0 0 0 ' ,10 ,1 ,1, 1
43 ,34, 30, '23 24 23 24 19 19 20 14 ' ,'0 0 0 0 0 0 0 0 ' ,10 ,0 ,1, 1
51 ,35, 34, '19 29 20 25 16 14 15 18 ' ,'0 0 0 0 0 0 0 0 ' ,15 ,1 ,0, 0
46 ,42, 30, '23 23 21 19 22 18 16 13 ' ,'0 0 0 0 0 0 0 0 ' ,7 ,0 ,0, 0
51 ,38, 35, '29 23 25 26 19 25 15 14 ' ,'0 0 0 0 0 0 0 0 ' ,15 ,0 ,1, 0
44 ,40, 29, '20 23 19 16 18 15 17 12 ' ,'0 0 0 0 0 0 0 0 ' ,12 ,1 ,1, 1
40 ,35, 24, '18 19 14 19 14 11 13 9 ' ,'0 0 0 0 0 0 0 0 ' ,7 ,0 ,0, 0
43 ,30, 29, '22 19 16 15 10 15 15 9 ' ,'0 0 0 0 0 0 0 0 ' ,14 ,0 ,1, 1
49 ,35, 32, '23 15 26 19 13 19 11 16 ' ,'0 0 0 0 0 0 0 0 ' ,16 ,0 ,0, 0
48 ,41, 34, '24 21 27 20 14 18 14 15 ' ,'0 0 0 0 0 0 0 0 ' ,13 ,1 ,1, 1
47 ,39, 32, '18 28 18 21 14 14 13 11 ' ,'0 0 0 0 0 0 0 0 ' ,14 ,0 ,0, 0
44 ,41, 29, '22 20 15 23 17 14 10 22 ' ,'0 0 0 0 0 0 0 0 ' ,12 ,0 ,0, 0
43 ,35, 28, '21 20 22 22 15 13 16 10 ' ,'0 0 0 0 0 0 0 0 ' ,12 ,0 ,0, 0
49 ,35, 33, '23 19 23 22 14 19 14 16 ' ,'0 0 0 0 0 0 0 0 ' ,13 ,0 ,1, 1
45 ,38, 29, '19 21 23 22 17 15 15 17 ' ,'0 0 0 0 0 0 0 0 ' ,10 ,1 ,0, 0
44 ,36, 27, '21 18 17 16 13 11 13 12 ' ,'0 0 0 0 0 0 0 0 ' ,10 ,0 ,1, 0
52 ,32, 34, '21 25 24 28 19 18 16 15 ' ,'0 0 0 0 0 0 0 0 ' ,17 ,1 ,1, 1
44 ,45, 25, '14 16 13 20 13 11 12 9 ' ,'0 0 0 0 0 0 0 0 ' ,12 ,0 ,0, 0
43 ,32, 28, '22 17 17 18 20 17 12 11 ' ,'0 0 0 0 0 0 0 0 ' ,13 ,1 ,1, 0
42 ,34, 26, '16 19 21 19 16 13 15 17 ' ,'0 0 0 0 0 0 0 0 ' ,9 ,1 ,1, 0
43 ,33, 27, '15 16 14 21 13 11 11 9 ' ,'0 0 0 0 0 0 0 0 ' ,13 ,0 ,0, 0
46 ,33, 29, '18 24 21 14 16 14 16 11 ' ,'0 0 0 0 0 0 0 0 ' ,14 ,0 ,0, 0
47 ,36, 33, '22 24 25 27 18 16 17 19 ' ,'0 0 0 0 0 0 0 0 ' ,12 ,0 ,1, 0
49 ,38, 33, '21 25 19 18 14 18 19 15 ' ,'0 0 0 0 0 0 0 0 ' ,15 ,1 ,1, 1
49 ,39, 25, '19 14 14 18 11 15 10 12 ' ,'0 0 0 0 0 0 0 0 ' ,10 ,0 ,0, 0
44 ,34, 24, '17 21 16 16 16 16 12 11 ' ,'0 0 0 0 0 0 0 0 ' ,10 ,0 ,1, 0
41 ,32, 24, '17 14 14 19 14 13 9 10 ' ,'0 0 0 0 0 0 0 0 ' ,11 ,0 ,0, 0
46 ,32, 30, '23 19 16 21 14 18 14 10 ' ,'0 0 0 0 0 0 0 0 ' ,13 ,1 ,0, 0
48 ,36, 33, '20 21 25 25 17 15 18 16 ' ,'0 0 0 0 0 0 0 0 ' ,11 ,0 ,1, 1
49 ,39, 32, '16 17 20 26 14 13 14 15 ' ,'0 0 0 0 0 0 0 0 ' ,14 ,1 ,0, 0
47 ,38, 31, '23 25 20 20 19 17 19 12 ' ,'0 0 0 0 0 0 0 0 ' ,15 ,0 ,0, 0
46 ,37, 29, '16 19 19 23 15 12 13 15 ' ,'0 0 0 0 0 0 0 0 ' ,12 ,0 ,1, 0
41 ,35, 25, '19 15 13 19 11 15 10 9 ' ,'0 0 0 0 0 0 0 0 ' ,8 ,0 ,0, 0
59 ,31, 35, '25 28 21 28 15 19 14 15 ' ,'0 0 0 0 0 0 0 0 ' ,14 ,0 ,0, 0
48 ,40, 31, '22 19 20 21 12 16 11 15 ' ,'0 0 0 0 0 0 0 0 ' ,13 ,1 ,0, 0
45 ,36, 31, '22 23 19 18 12 17 19 11 ' ,'0 0 0 0 0 0 0 0 ' ,14 ,0 ,1, 1
46 ,37, 29, '18 19 19 24 16 13 15 12 ' ,'0 0 0 0 0 0 0 0 ' ,13 ,0 ,0, 0
48 ,35, 32, '21 22 15 18 20 16 18 11 ' ,'0 0 0 0 0 0 0 0 ' ,12 ,0 ,1, 0
42 ,38, 25, '17 19 16 21 15 13 14 11 ' ,'0 0 0 0 0 0 0 0 ' ,10 ,1 ,0, 0
42 ,34, 24, '13 17 13 16 12 11 12 9 ' ,'0 0 0 0 0 0 0 0 ' ,11 ,1 ,1, 0
45 ,33, 28, '18 17 15 22 16 22 14 11 ' ,'0 0 0 0 0 0 0 0 ' ,13 ,1 ,1, 1
40 ,37, 27, '17 18 13 19 13 14 13 9 ' ,'0 0 0 0 0 0 0 0 ' ,10 ,1 ,1, 0
39 ,30, 26, '20 19 17 18 12 17 12 10 ' ,'0 0 0 0 0 0 0 0 ' ,8 ,0 ,0, 0
67 ,31, 52, '45 18 23 19 15 34 14 17 ' ,'0 0 0 0 0 0 0 0 ' ,32 ,1 ,1, 1
43 ,59, 26, '20 16 14 20 12 15 12 15 ' ,'0 0 0 0 0 0 0 0 ' ,9 ,0 ,0, 0
47 ,36, 31, '20 23 25 25 16 16 18 20 ' ,'0 0 0 0 0 0 0 0 ' ,11 ,0 ,1, 0
54 ,40, 30, '20 22 18 24 18 16 18 11 ' ,'0 0 0 0 0 0 0 0 ' ,18 ,0 ,1, 0
51 ,41, 36, '26 28 25 31 16 20 23 15 ' ,'0 0 0 0 0 0 0 0 ' ,16 ,0 ,0, 0
54 ,42, 39, '32 18 13 18 14 29 14 10 ' ,'0 0 0 0 0 0 0 0 ' ,24 ,0 ,1, 1
51 ,45, 28, '20 19 22 19 16 14 15 9 ' ,'0 0 0 0 0 0 0 0 ' ,14 ,1 ,1, 0
45 ,36, 30, '15 21 20 25 17 11 15 9 ' ,'0 0 0 0 0 0 0 0 ' ,14 ,0 ,0, 0
46 ,35, 27, '19 22 18 17 12 16 17 10 ' ,'0 0 0 0 0 0 0 0 ' ,11 ,0 ,0, 0
48 ,35, 33, '21 19 21 19 12 16 15 17 ' ,'0 0 0 0 0 0 0 0 ' ,16 ,1 ,0, 0
72 ,41, 58, '53 26 13 18 14 49 13 8 ' ,'0 0 0 0 0 0 0 0 ' ,43 ,0 ,0, 0
49 ,63, 24, '18 15 12 17 17 14 16 17 ' ,'0 0 0 0 0 0 0 0 ' ,8 ,0 ,1, 1
46 ,41, 30, '17 19 21 24 15 13 18 8 ' ,'0 0 0 0 0 0 0 0 ' ,16 ,0 ,1, 0
44 ,37, 26, '19 15 14 17 13 16 12 9 ' ,'0 0 0 0 0 0 0 0 ' ,11 ,1 ,0, 0
40 ,33, 26, '17 21 12 15 10 14 16 12 ' ,'0 0 0 0 0 0 0 0 ' ,11 ,0 ,1, 0
58 ,31, 42, '36 17 12 20 13 32 14 18 ' ,'0 0 0 0 0 0 0 0 ' ,25 ,1 ,1, 0
44 ,49, 29, '23 20 19 20 14 18 14 12 ' ,'0 0 0 0 0 0 0 0 ' ,14 ,0 ,1, 0
83 ,35, 34, '25 30 26 26 18 23 20 12 ' ,'0 0 0 0 0 0 0 0 ' ,20 ,0 ,1, 0
42 ,42, 26, '21 17 18 19 10 17 13 13 ' ,'0 0 0 0 0 0 0 0 ' ,11 ,0 ,0, 0
50 ,31, 31, '24 21 24 21 11 20 15 16 ' ,'0 0 0 0 0 0 0 0 ' ,15 ,0 ,1, 0
48 ,36, 34, '28 19 14 20 13 23 14 14 ' ,'0 0 0 0 0 0 0 0 ' ,15 ,0 ,0, 0
50 ,40, 34, '25 26 24 22 21 19 20 17 ' ,'0 0 0 0 0 0 0 0 ' ,12 ,0 ,0, 0
59 ,41, 45, '16 18 21 21 39 13 14 18 ' ,'0 0 0 0 0 0 0 0 ' ,28 ,0 ,0, 0
45 ,50, 26, '21 18 19 19 19 16 13 13 ' ,'0 0 0 0 0 0 0 0 ' ,8 ,0 ,0, 0
43 ,31, 29, '17 21 22 21 16 14 17 15 ' ,'0 0 0 0 0 0 0 0 ' ,10 ,0 ,1, 1
70 ,36, 54, '48 20 15 22 15 43 15 17 ' ,'0 0 0 0 0 0 0 0 ' ,34 ,1 ,0, 0
47 ,60, 28, '17 20 12 22 16 13 14 14 ' ,'0 0 0 0 0 0 0 0 ' ,12 ,0 ,1, 1
75 ,36, 57, '16 17 21 18 50 11 14 9 ' ,'0 0 0 0 0 0 0 0 ' ,42 ,0 ,0, 0
44 ,66, 27, '20 15 13 16 11 14 11 9 ' ,'0 0 0 0 0 0 0 0 ' ,12 ,0 ,0, 0
51 ,36, 31, '18 23 22 24 16 15 18 10 ' ,'0 0 0 0 0 0 0 0 ' ,16 ,0 ,0, 0
54 ,37, 38, '31 16 16 22 12 29 12 14 ' ,'0 0 0 0 0 0 0 0 ' ,20 ,0 ,1, 0
55 ,46, 30, '18 19 25 23 16 14 15 17 ' ,'0 0 0 0 0 0 0 0 ' ,10 ,0 ,0, 0
58 ,39, 41, '14 17 14 21 36 11 12 9 ' ,'0 0 0 0 0 0 0 0 ' ,25 ,0 ,0, 0
154 ,47, 139, '15 15 128 20 13 10 12 10 ' ,'0 117 0 0 0 0 0 0 ' ,124 ,0 ,0, 0
47 ,147, 29, '18 16 19 22 15 13 14 16 ' ,'0 0 0 0 0 0 0 0 ' ,11 ,0 ,1, 1
195 ,39, 171, '35 17 23 22 13 31 13 16 ' ,'0 0 0 0 0 0 0 0 ' ,22 ,0 ,130, 0
42 ,183, 27, '19 22 18 17 17 15 14 14 ' ,'0 0 0 0 0 0 0 0 ' ,8 ,1 ,1, 1
74 ,34, 55, '33 37 33 49 34 26 26 27 ' ,'0 0 0 0 0 0 0 0 ' ,23 ,1 ,1, 1
71 ,62, 57, '33 37 31 44 23 30 20 23 ' ,'0 0 0 0 0 0 0 0 ' ,27 ,0 ,1, 1
72 ,62, 46, '30 33 38 35 19 19 23 19 ' ,'0 0 0 0 0 0 0 0 ' ,23 ,0 ,1, 1
83 ,53, 66, '59 40 33 41 32 47 29 27 ' ,'0 0 0 0 0 0 0 0 ' ,33 ,1 ,1, 1
201 ,70, 186, '108 167 106 180 165 83 92 86 ' ,'0 0 0 0 0 0 0 0 ' ,98 ,1 ,2, 1
65 ,191, 51, '40 34 42 38 43 26 30 23 ' ,'0 0 0 0 0 0 0 0 ' ,21 ,1 ,2, 1
61 ,56, 48, '41 36 36 39 33 23 25 28 ' ,'0 0 0 0 0 0 0 0 ' ,21 ,0 ,1, 1
78 ,54, 60, '32 39 56 42 32 30 29 26 ' ,'0 0 0 0 0 0 0 0 ' ,31 ,0 ,1, 1
81 ,67, 64, '57 41 44 39 23 42 29 26 ' ,'0 0 0 0 0 0 0 0 ' ,34 ,0 ,1, 1
66 ,72, 51, '41 40 27 39 26 31 23 35 ' ,'0 0 0 0 0 0 0 0 ' ,18 ,1 ,1, 1
76 ,56, 60, '40 44 31 53 49 30 29 19 ' ,'0 0 0 0 0 0 0 0 ' ,35 ,0 ,1, 0
71 ,66, 56, '48 38 42 40 22 29 30 26 ' ,'0 0 0 0 0 0 0 0 ' ,27 ,1 ,1, 1
66 ,63, 51, '34 41 27 45 29 20 25 22 ' ,'0 0 0 0 0 0 0 0 ' ,24 ,0 ,1, 1
78 ,58, 62, '56 35 34 42 31 42 30 22 ' ,'0 0 0 0 0 0 0 0 ' ,26 ,1 ,1, 0
68 ,69, 54, '48 39 41 37 34 34 30 32 ' ,'0 0 0 0 0 0 0 0 ' ,17 ,1 ,1, 0
73 ,59, 59, '40 40 48 34 51 25 22 33 ' ,'0 0 0 0 0 0 0 0 ' ,28 ,1 ,1, 1
75 ,64, 60, '40 40 39 53 24 33 29 38 ' ,'0 0 0 0 0 0 0 0 ' ,29 ,0 ,1, 1
68 ,65, 54, '45 42 46 43 29 31 23 36 ' ,'0 0 0 0 0 0 0 0 ' ,24 ,0 ,1, 0
95 ,59, 80, '73 47 31 44 34 61 29 28 ' ,'0 0 0 0 0 0 0 0 ' ,46 ,0 ,1, 1
75 ,86, 56, '42 44 36 52 33 30 27 44 ' ,'0 0 0 0 0 0 0 0 ' ,25 ,1 ,0, 0
74 ,62, 60, '37 46 36 41 53 26 24 23 ' ,'0 0 0 0 0 0 0 0 ' ,29 ,0 ,1, 1
225 ,64, 208, '99 88 90 83 174 102 201 80 ' ,'0 0 0 0 0 0 0 0 ' ,122 ,0 ,0, 0
70 ,216, 55, '42 48 47 45 33 31 33 29 ' ,'0 0 0 0 0 0 0 0 ' ,22 ,1 ,1, 1
227 ,61, 209, '82 46 42 53 28 69 36 29 ' ,'0 0 0 0 0 0 0 0 ' ,54 ,0 ,121, 0
72 ,215, 58, '36 49 44 51 33 29 30 34 ' ,'0 0 0 0 0 0 0 0 ' ,22 ,0 ,1, 1
77 ,64, 61, '42 45 46 44 55 27 27 23 ' ,'0 0 0 0 0 0 0 0 ' ,34 ,1 ,0, 0
71 ,68, 52, '45 42 44 42 26 26 32 36 ' ,'0 0 0 0 0 0 0 0 ' ,21 ,0 ,0, 0
71 ,57, 53, '48 43 45 47 29 35 32 24 ' ,'0 0 0 0 0 0 0 0 ' ,24 ,0 ,0, 0
107 ,61, 86, '77 50 50 42 28 67 35 31 ' ,'0 0 0 0 0 0 0 0 ' ,53 ,0 ,0, 0
72 ,92, 56, '41 41 48 50 29 21 30 38 ' ,'0 0 0 0 0 0 0 0 ' ,30 ,0 ,0, 0
139 ,64, 122, '47 40 54 45 115 31 22 25 ' ,'0 0 0 0 0 0 0 0 ' ,94 ,1 ,0, 0
76 ,128, 59, '53 51 43 39 35 29 27 26 ' ,'0 0 0 0 0 0 0 0 ' ,28 ,1 ,0, 0
72 ,66, 54, '46 49 49 43 33 26 28 36 ' ,'0 0 0 0 0 0 0 0 ' ,25 ,0 ,0, 0
107 ,61, 87, '81 43 48 51 31 59 35 37 ' ,'0 0 0 0 0 0 0 0 ' ,50 ,0 ,0, 0
83 ,94, 65, '46 39 60 44 28 26 33 34 ' ,'0 0 0 0 0 0 0 0 ' ,35 ,1 ,0, 0
75 ,72, 60, '45 44 50 50 53 36 25 30 ' ,'0 0 0 0 0 0 0 0 ' ,29 ,1 ,1, 1
90 ,65, 74, '36 47 67 51 36 26 35 32 ' ,'0 0 0 0 0 0 0 0 ' ,43 ,1 ,0, 0
67 ,81, 49, '44 38 40 45 32 28 33 29 ' ,'0 0 0 0 0 0 0 0 ' ,18 ,0 ,0, 0
88 ,59, 68, '62 50 49 40 40 33 32 29 ' ,'0 0 0 0 0 0 0 0 ' ,36 ,1 ,0, 0
75 ,80, 60, '42 45 50 55 38 26 34 25 ' ,'0 0 0 0 0 0 0 0 ' ,29 ,0 ,0, 0
77 ,66, 62, '35 41 36 47 54 28 31 26 ' ,'0 0 0 0 0 0 0 0 ' ,32 ,1 ,0, 0
74 ,69, 59, '52 40 54 43 30 40 26 35 ' ,'0 0 0 0 0 0 0 0 ' ,29 ,0 ,0, 0
77 ,66, 61, '37 55 37 45 31 33 30 33 ' ,'0 0 0 0 0 0 0 0 ' ,26 ,1 ,1, 1
88 ,67, 72, '65 44 43 46 37 53 36 35 ' ,'0 0 0 0 0 0 0 0 ' ,32 ,1 ,1, 1
72 ,77, 57, '40 49 51 48 30 28 32 34 ' ,'0 0 0 0 0 0 0 0 ' ,26 ,1 ,0, 0
77 ,64, 59, '47 38 46 43 54 33 28 28 ' ,'0 0 0 0 0 0 0 0 ' ,27 ,0 ,0, 0
68 ,66, 51, '40 46 45 47 26 27 29 29 ' ,'0 0 0 0 0 0 0 0 ' ,21 ,0 ,0, 0
72 ,59, 56, '49 50 46 42 34 33 23 28 ' ,'0 0 0 0 0 0 0 0 ' ,28 ,1 ,0, 0
83 ,64, 68, '63 49 36 40 35 48 23 26 ' ,'0 0 0 0 0 0 0 0 ' ,40 ,0 ,1, 1
78 ,73, 59, '51 54 47 47 34 30 38 28 ' ,'0 0 0 0 0 0 0 0 ' ,27 ,0 ,0, 0
72 ,64, 54, '51 28 43 42 49 22 27 18 ' ,'0 0 0 0 0 0 0 0 ' ,32 ,1 ,0, 0
51 ,64, 35, '26 27 30 31 20 19 26 14 ' ,'0 0 0 0 0 0 0 0 ' ,15 ,0 ,0, 0
49 ,42, 34, '29 25 20 30 18 20 17 16 ' ,'0 0 0 0 0 0 0 0 ' ,15 ,0 ,1, 1
57 ,41, 40, '33 26 21 38 22 26 19 14 ' ,'0 0 0 0 0 0 0 0 ' ,24 ,0 ,0, 0
51 ,48, 36, '21 25 26 32 24 15 16 13 ' ,'0 0 0 0 0 0 0 0 ' ,18 ,1 ,1, 1
52 ,42, 32, '25 27 21 22 28 18 14 16 ' ,'0 0 0 0 0 0 0 0 ' ,13 ,0 ,0, 0
48 ,42, 34, '23 27 20 28 18 15 16 22 ' ,'0 0 0 0 0 0 0 0 ' ,13 ,0 ,0, 0
50 ,39, 31, '25 23 23 26 20 18 13 12 ' ,'0 0 0 0 0 0 0 0 ' ,13 ,0 ,0, 0
78 ,39, 63, '57 28 21 27 19 47 18 17 ' ,'0 0 0 0 0 0 0 0 ' ,43 ,1 ,0, 0
52 ,69, 37, '22 23 23 30 16 16 15 12 ' ,'0 0 0 0 0 0 0 0 ' ,20 ,1 ,1, 1
61 ,44, 44, '27 26 22 22 39 18 21 14 ' ,'0 0 0 0 0 0 0 0 ' ,26 ,1 ,0, 0
53 ,52, 35, '23 24 22 29 25 15 16 12 ' ,'0 0 0 0 0 0 0 0 ' ,20 ,1 ,0, 0
50 ,43, 34, '28 22 19 24 21 18 14 13 ' ,'0 0 0 0 0 0 0 0 ' ,17 ,1 ,0, 0
79 ,42, 62, '55 25 18 27 18 49 19 20 ' ,'0 0 0 0 0 0 0 0 ' ,38 ,1 ,0, 0
52 ,67, 36, '26 25 29 28 21 18 20 17 ' ,'0 0 0 0 0 0 0 0 ' ,14 ,0 ,0, 0
61 ,43, 46, '26 27 20 23 39 20 21 15 ' ,'0 0 0 0 0 0 0 0 ' ,27 ,1 ,0, 0
49 ,53, 32, '21 25 21 26 18 17 18 15 ' ,'0 0 0 0 0 0 0 0 ' ,14 ,1 ,1, 1
67 ,39, 39, '28 32 27 28 26 23 24 22 ' ,'0 0 0 0 0 0 0 0 ' ,11 ,0 ,0, 0
81 ,45, 65, '57 24 18 27 18 51 17 15 ' ,'0 0 0 0 0 0 0 0 ' ,43 ,1 ,0, 0
51 ,70, 36, '20 21 20 30 15 12 14 12 ' ,'0 0 0 0 0 0 0 0 ' ,19 ,0 ,0, 0
65 ,43, 41, '22 21 17 24 35 20 15 13 ' ,'0 0 0 0 0 0 0 0 ' ,24 ,1 ,0, 0
50 ,56, 35, '25 20 18 28 19 15 24 13 ' ,'0 0 0 0 0 0 0 0 ' ,16 ,0 ,0, 0
45 ,42, 31, '20 22 25 22 22 14 11 18 ' ,'0 0 0 0 0 0 0 0 ' ,14 ,0 ,0, 0
69 ,36, 49, '42 22 25 31 18 39 15 12 ' ,'0 0 0 0 0 0 0 0 ' ,32 ,1 ,0, 0
55 ,61, 34, '21 22 18 30 15 15 13 11 ' ,'0 0 0 0 0 0 0 0 ' ,17 ,0 ,0, 0
77 ,41, 61, '25 30 27 26 56 19 18 14 ' ,'0 0 0 0 0 0 0 0 ' ,43 ,1 ,1, 1
54 ,68, 33, '23 26 25 27 16 14 16 17 ' ,'0 0 0 0 0 0 0 0 ' ,12 ,0 ,1, 1
58 ,40, 36, '24 26 20 29 15 17 19 12 ' ,'0 0 0 0 0 0 0 0 ' ,20 ,0 ,0, 0
64 ,50, 47, '41 34 32 30 22 32 21 23 ' ,'0 0 0 0 0 0 0 0 ' ,21 ,1 ,0, 0
50 ,55, 35, '25 27 24 22 16 19 15 19 ' ,'0 0 0 0 0 0 0 0 ' ,16 ,0 ,0, 0
59 ,41, 38, '28 35 30 35 36 19 20 17 ' ,'0 0 0 0 0 0 0 0 ' ,19 ,1 ,0, 0
61 ,50, 37, '23 33 25 29 22 17 18 13 ' ,'0 0 0 0 0 0 0 0 ' ,20 ,0 ,1, 1
55 ,44, 31, '24 18 22 23 15 18 12 14 ' ,'0 0 0 0 0 0 0 0 ' ,12 ,0 ,0, 0
51 ,37, 36, '31 25 19 28 17 24 15 18 ' ,'0 0 0 0 0 0 0 0 ' ,15 ,0 ,0, 0
47 ,42, 32, '25 23 20 21 14 18 13 13 ' ,'0 0 0 0 0 0 0 0 ' ,14 ,0 ,0, 0
48 ,37, 32, '22 24 19 25 19 15 17 12 ' ,'0 0 0 0 0 0 0 0 ' ,17 ,1 ,0, 0
50 ,40, 34, '27 21 18 21 15 20 16 11 ' ,'0 0 0 0 0 0 0 0 ' ,19 ,0 ,0, 0
56 ,42, 37, '25 28 31 26 18 17 17 23 ' ,'0 0 0 0 0 0 0 0 ' ,17 ,0 ,0, 0
65 ,45, 50, '43 24 26 27 17 35 17 20 ' ,'0 0 0 0 0 0 0 0 ' ,27 ,0 ,0, 0
51 ,55, 35, '25 27 19 24 16 19 21 17 ' ,'0 0 0 0 0 0 0 0 ' ,12 ,0 ,1, 1
63 ,43, 48, '21 24 21 27 42 15 17 14 ' ,'0 0 0 0 0 0 0 0 ' ,30 ,0 ,0, 0
52 ,54, 36, '25 23 29 21 15 20 14 20 ' ,'0 0 0 0 0 0 0 0 ' ,16 ,0 ,0, 0
55 ,42, 36, '22 27 18 24 18 15 16 12 ' ,'0 0 0 0 0 0 0 0 ' ,18 ,0 ,0, 0
77 ,41, 56, '50 21 20 27 17 46 14 13 ' ,'0 0 0 0 0 0 0 0 ' ,38 ,0 ,1, 1
49 ,62, 34, '25 28 19 23 14 20 20 14 ' ,'0 0 0 0 0 0 0 0 ' ,15 ,1 ,1, 1
67 ,40, 51, '21 26 21 29 44 16 18 20 ' ,'0 0 0 0 0 0 0 0 ' ,30 ,0 ,0, 0
50 ,58, 34, '24 24 25 22 21 20 16 14 ' ,'0 0 0 0 0 0 0 0 ' ,12 ,0 ,0, 0
49 ,41, 34, '22 26 18 26 19 17 19 12 ' ,'0 0 0 0 0 0 0 0 ' ,15 ,1 ,0, 0
93 ,42, 78, '70 41 48 48 32 51 31 32 ' ,'0 0 0 0 0 0 0 0 ' ,41 ,0 ,0, 0
77 ,83, 60, '42 53 38 44 37 28 36 25 ' ,'0 0 0 0 0 0 0 0 ' ,30 ,0 ,0, 0
77 ,65, 61, '47 51 46 49 55 26 35 28 ' ,'0 0 0 0 0 0 0 0 ' ,30 ,0 ,0, 0
75 ,68, 60, '53 49 47 54 36 38 33 28 ' ,'0 0 0 0 0 0 0 0 ' ,23 ,0 ,0, 0
77 ,65, 62, '50 55 51 51 36 35 30 34 ' ,'0 0 0 0 0 0 0 0 ' ,25 ,0 ,0, 0
93 ,69, 79, '69 50 42 50 32 57 31 25 ' ,'0 0 0 0 0 0 0 0 ' ,46 ,0 ,1, 1
78 ,84, 63, '46 55 47 48 23 37 29 34 ' ,'0 0 0 0 0 0 0 0 ' ,34 ,0 ,0, 0
83 ,70, 68, '48 44 61 57 59 29 34 39 ' ,'0 0 0 0 0 0 0 0 ' ,34 ,1 ,1, 1
80 ,74, 65, '50 48 40 58 35 35 33 35 ' ,'0 0 0 0 0 0 0 0 ' ,25 ,0 ,0, 0
73 ,72, 59, '42 54 38 51 35 27 32 36 ' ,'0 0 0 0 0 0 0 0 ' ,28 ,1 ,0, 0
99 ,65, 80, '74 45 49 60 30 60 37 28 ' ,'0 0 0 0 0 0 0 0 ' ,49 ,1 ,0, 0
77 ,87, 58, '48 54 34 49 35 33 32 28 ' ,'0 0 0 0 0 0 0 0 ' ,30 ,1 ,0, 0
74 ,67, 57, '46 51 42 53 43 33 33 26 ' ,'0 0 0 0 0 0 0 0 ' ,25 ,1 ,0, 0
74 ,65, 59, '40 52 47 43 31 35 27 34 ' ,'0 0 0 0 0 0 0 0 ' ,26 ,1 ,1, 1
77 ,65, 62, '48 51 42 56 29 32 36 29 ' ,'0 0 0 0 0 0 0 0 ' ,26 ,0 ,0, 0
89 ,69, 74, '43 42 51 48 30 68 28 25 ' ,'0 0 0 0 0 0 0 0 ' ,46 ,1 ,0, 0
73 ,81, 58, '46 50 45 39 36 30 27 37 ' ,'0 0 0 0 0 0 0 0 ' ,25 ,2 ,0, 0
77 ,66, 63, '44 41 44 45 56 30 27 29 ' ,'0 0 0 0 0 0 0 0 ' ,30 ,0 ,0, 0
68 ,69, 54, '42 40 43 36 29 31 31 30 ' ,'0 0 0 0 0 0 0 0 ' ,20 ,1 ,0, 0
67 ,61, 50, '33 43 39 41 27 27 26 32 ' ,'0 0 0 0 0 0 0 0 ' ,20 ,1 ,0, 0
85 ,58, 65, '57 35 39 42 30 40 28 27 ' ,'0 0 0 0 0 0 0 0 ' ,33 ,0 ,1, 1
68 ,77, 52, '41 42 37 46 30 32 25 27 ' ,'0 0 0 0 0 0 0 0 ' ,20 ,0 ,1, 1
75 ,58, 59, '29 41 33 37 52 22 26 20 ' ,'0 0 0 0 0 0 0 0 ' ,34 ,1 ,1, 1
66 ,64, 51, '38 42 45 37 26 21 29 20 ' ,'0 0 0 0 0 0 0 0 ' ,27 ,1 ,0, 0
72 ,58, 56, '34 40 37 50 26 21 25 23 ' ,'0 0 0 0 0 0 0 0 ' ,30 ,1 ,0, 0
67 ,65, 52, '43 30 36 34 26 47 18 22 ' ,'0 0 0 0 0 0 0 0 ' ,29 ,0 ,0, 0
65 ,58, 46, '32 38 26 39 20 21 26 19 ' ,'0 0 0 0 0 0 0 0 ' ,21 ,1 ,0, 0
69 ,52, 53, '32 38 36 46 45 19 28 29 ' ,'0 0 0 0 0 0 0 0 ' ,28 ,0 ,0, 0
68 ,60, 51, '29 38 28 46 23 27 32 16 ' ,'0 0 0 0 0 0 0 0 ' ,30 ,1 ,0, 0
64 ,59, 50, '32 37 43 38 25 27 28 28 ' ,'0 0 0 0 0 0 0 0 ' ,20 ,1 ,1, 1
100 ,56, 85, '77 33 43 38 24 66 25 30 ' ,'0 0 0 0 0 0 0 0 ' ,54 ,0 ,0, 0
64 ,91, 49, '32 41 35 41 22 35 27 35 ' ,'0 0 0 0 0 0 0 0 ' ,22 ,0 ,1, 1
64 ,56, 50, '35 35 41 27 29 28 25 20 ' ,'0 0 0 0 0 0 0 0 ' ,23 ,1 ,0, 0
69 ,56, 54, '41 37 48 31 27 22 25 26 ' ,'0 0 0 0 0 0 0 0 ' ,28 ,1 ,0, 0
68 ,60, 50, '42 35 29 29 17 26 24 28 ' ,'0 0 0 0 0 0 0 0 ' ,26 ,0 ,0, 0
78 ,58, 61, '54 40 32 30 26 47 35 29 ' ,'0 0 0 0 0 0 0 0 ' ,29 ,0 ,0, 0
68 ,66, 54, '35 42 35 46 24 29 27 28 ' ,'0 0 0 0 0 0 0 0 ' ,23 ,1 ,0, 0
69 ,59, 50, '29 46 38 38 35 21 22 26 ' ,'0 0 0 0 0 0 0 0 ' ,29 ,1 ,0, 0
73 ,60, 56, '38 39 34 40 24 27 31 23 ' ,'0 0 0 0 0 0 0 0 ' ,21 ,0 ,0, 0
66 ,63, 46, '34 38 32 39 19 22 22 28 ' ,'0 0 0 0 0 0 0 0 ' ,21 ,1 ,0, 0
69 ,51, 53, '48 44 34 39 31 43 28 24 ' ,'0 0 0 0 0 0 0 0 ' ,25 ,1 ,0, 0
70 ,60, 55, '37 42 43 47 25 25 26 31 ' ,'0 0 0 0 0 0 0 0 ' ,25 ,0 ,0, 0
67 ,60, 51, '31 34 36 42 34 25 28 26 ' ,'0 0 0 0 0 0 0 0 ' ,19 ,1 ,0, 0
193 ,60, 177, '44 36 37 28 27 29 26 27 ' ,'0 0 0 0 0 0 0 0 ' ,141 ,122 ,0, 0
66 ,183, 51, '37 42 43 41 26 27 27 25 ' ,'0 0 0 0 0 0 0 0 ' ,22 ,0 ,0, 0
69 ,58, 54, '48 44 34 37 28 37 32 25 ' ,'0 0 0 0 0 0 0 0 ' ,24 ,0 ,0, 0
67 ,61, 51, '44 34 36 42 31 33 38 19 ' ,'0 0 0 0 0 0 0 0 ' ,26 ,0 ,0, 0
69 ,57, 50, '36 35 38 26 43 26 27 23 ' ,'0 0 0 0 0 0 0 0 ' ,23 ,1 ,1, 1
70 ,59, 54, '39 43 41 47 32 29 29 26 ' ,'0 0 0 0 0 0 0 0 ' ,24 ,1 ,0, 0
67 ,63, 52, '44 41 44 47 26 34 27 33 ' ,'0 0 0 0 0 0 0 0 ' ,22 ,1 ,0, 0
86 ,59, 67, '59 45 27 37 30 49 26 32 ' ,'0 0 0 0 0 0 0 0 ' ,37 ,0 ,0, 0
72 ,77, 57, '33 40 31 50 32 25 31 24 ' ,'0 0 0 0 0 0 0 0 ' ,27 ,1 ,0, 0
65 ,65, 52, '40 33 39 35 47 30 24 30 ' ,'0 0 0 0 0 0 0 0 ' ,24 ,1 ,0, 0
69 ,58, 53, '40 44 31 47 28 30 24 21 ' ,'0 0 0 0 0 0 0 0 ' ,28 ,0 ,0, 0
70 ,62, 56, '36 48 39 45 27 28 31 19 ' ,'0 0 0 0 0 0 0 0 ' ,32 ,1 ,0, 0
88 ,62, 70, '63 40 42 37 27 51 32 35 ' ,'0 0 0 0 0 0 0 0 ' ,38 ,1 ,1, 1
73 ,75, 58, '48 37 43 44 28 29 28 37 ' ,'0 0 0 0 0 0 0 0 ' ,21 ,0 ,1, 1
73 ,66, 59, '43 35 33 36 53 29 25 24 ' ,'0 0 0 0 0 0 0 0 ' ,29 ,0 ,1, 1
67 ,63, 51, '30 39 41 45 26 27 29 24 ' ,'0 0 0 0 0 0 0 0 ' ,21 ,0 ,1, 1
77 ,57, 59, '38 36 39 47 37 19 24 29 ' ,'0 0 0 0 0 0 0 0 ' ,25 ,0 ,1, 0
72 ,64, 57, '49 45 42 34 26 40 28 31 ' ,'0 0 0 0 0 0 0 0 ' ,24 ,0 ,0, 0
67 ,64, 53, '38 43 34 48 22 30 26 23 ' ,'0 0 0 0 0 0 0 0 ' ,26 ,0 ,0, 0
64 ,59, 49, '40 41 38 38 40 34 21 25 ' ,'0 0 0 0 0 0 0 0 ' ,22 ,1 ,0, 0
66 ,56, 52, '36 41 26 45 32 25 26 25 ' ,'0 0 0 0 0 0 0 0 ' ,21 ,1 ,1, 0
74 ,57, 54, '38 41 34 46 22 35 23 27 ' ,'0 0 0 0 0 0 0 0 ' ,25 ,1 ,1, 1
119 ,66, 104, '97 37 31 50 31 76 29 26 ' ,'0 0 0 0 0 0 0 0 ' ,72 ,0 ,0, 0
68 ,109, 43, '42 37 32 44 28 26 26 20 ' ,'0 0 0 0 0 0 0 0 ' ,25 ,0 ,0, 0
66 ,56, 50, '43 41 38 37 33 24 30 23 ' ,'0 0 0 0 0 0 0 0 ' ,21 ,0 ,0, 0
70 ,56, 54, '39 45 38 41 26 29 24 27 ' ,'0 0 0 0 0 0 0 0 ' ,23 ,0 ,1, 1
72 ,62, 58, '39 48 45 45 30 25 36 24 ' ,'0 0 0 0 0 0 0 0 ' ,26 ,0 ,0, 0
94 ,64, 80, '72 38 43 41 29 59 31 31 ' ,'0 0 0 0 0 0 0 0 ' ,46 ,0 ,0, 0
66 ,86, 53, '44 36 40 41 22 25 31 29 ' ,'0 0 0 0 0 0 0 0 ' ,24 ,0 ,0, 0
68 ,58, 54, '30 46 39 38 40 21 31 27 ' ,'0 0 0 0 0 0 0 0 ' ,28 ,0 ,0, 0
75 ,60, 60, '34 33 40 53 23 29 22 27 ' ,'0 0 0 0 0 0 0 0 ' ,31 ,0 ,0, 0
79 ,67, 62, '52 49 43 43 27 30 26 32 ' ,'0 0 0 0 0 0 0 0 ' ,26 ,0 ,1, 1
93 ,70, 75, '66 38 50 46 25 47 30 34 ' ,'0 0 0 0 0 0 0 0 ' ,44 ,0 ,0, 0
64 ,82, 47, '39 33 27 35 26 37 24 24 ' ,'0 0 0 0 0 0 0 0 ' ,17 ,0 ,1, 1
72 ,57, 59, '44 46 39 40 53 30 33 28 ' ,'0 0 0 0 0 0 0 0 ' ,25 ,1 ,1, 1
69 ,63, 54, '38 39 48 42 30 27 30 32 ' ,'0 0 0 0 0 0 0 0 ' ,22 ,0 ,0, 0
76 ,61, 62, '38 38 54 34 23 23 25 33 ' ,'0 0 0 0 0 0 0 0 ' ,34 ,0 ,0, 0
81 ,67, 66, '57 45 44 44 23 43 28 26 ' ,'0 0 0 0 0 0 0 0 ' ,36 ,0 ,1, 0
69 ,72, 55, '39 43 47 45 26 27 23 29 ' ,'0 0 0 0 0 0 0 0 ' ,26 ,0 ,0, 0
72 ,59, 58, '42 51 46 40 48 29 35 32 ' ,'0 0 0 0 0 0 0 0 ' ,24 ,1 ,0, 0
74 ,64, 53, '43 45 42 41 33 29 26 27 ' ,'0 0 0 0 0 0 0 0 ' ,22 ,1 ,0, 0
73 ,66, 57, '38 46 36 51 32 33 26 22 ' ,'0 0 0 0 0 0 0 0 ' ,30 ,1 ,1, 1
88 ,64, 74, '65 49 46 44 31 58 34 35 ' ,'0 0 0 0 0 0 0 0 ' ,37 ,1 ,1, 1
69 ,80, 55, '34 45 45 29 35 27 23 22 ' ,'0 0 0 0 0 0 0 0 ' ,27 ,1 ,0, 0
76 ,60, 61, '43 53 40 41 51 29 35 23 ' ,'0 0 0 0 0 0 0 0 ' ,33 ,1 ,0, 0
75 ,67, 57, '41 46 39 52 30 30 32 23 ' ,'0 0 0 0 0 0 0 0 ' ,31 ,0 ,0, 0
78 ,65, 64, '34 56 42 44 36 28 35 32 ' ,'0 0 0 0 0 0 0 0 ' ,32 ,1 ,1, 1
89 ,71, 73, '65 45 42 40 33 52 33 35 ' ,'0 0 0 0 0 0 0 0 ' ,33 ,1 ,0, 0
66 ,80, 52, '41 37 46 45 30 25 30 24 ' ,'0 0 0 0 0 0 0 0 ' ,23 ,0 ,1, 1
64 ,58, 51, '40 34 45 45 29 30 25 24 ' ,'0 0 0 0 0 0 0 0 ' ,20 ,0 ,0, 0
80 ,58, 65, '43 44 39 44 26 24 32 18 ' ,'0 0 0 0 0 0 0 0 ' ,36 ,1 ,0, 0
73 ,71, 61, '30 44 43 45 35 29 35 24 ' ,'0 0 0 0 0 0 0 0 ' ,26 ,0 ,0, 0
92 ,66, 74, '67 47 35 43 24 50 31 28 ' ,'0 0 0 0 0 0 0 0 ' ,44 ,0 ,0, 0
79 ,84, 65, '45 35 48 56 34 19 32 30 ' ,'0 0 0 0 0 0 0 0 ' ,39 ,0 ,0, 0
71 ,70, 58, '48 42 47 46 50 28 24 36 ' ,'0 0 0 0 0 0 0 0 ' ,27 ,0 ,1, 0
72 ,63, 57, '40 44 43 51 31 23 33 33 ' ,'0 0 0 0 0 0 0 0 ' ,30 ,0 ,0, 0
73 ,64, 57, '48 48 43 48 23 29 32 29 ' ,'0 0 0 0 0 0 0 0 ' ,27 ,0 ,1, 1
98 ,62, 82, '73 44 38 44 29 65 30 31 ' ,'0 0 0 0 0 0 0 0 ' ,48 ,1 ,1, 0
74 ,88, 60, '51 41 45 47 28 30 35 29 ' ,'0 0 0 0 0 0 0 0 ' ,25 ,0 ,1, 1
96 ,64, 81, '43 50 43 51 73 35 34 27 ' ,'0 0 0 0 0 0 0 0 ' ,51 ,1 ,1, 1
77 ,88, 65, '43 56 46 45 34 29 34 33 ' ,'0 0 0 0 0 0 0 0 ' ,29 ,1 ,1, 1
79 ,69, 65, '40 41 54 44 29 26 30 32 ' ,'0 0 0 0 0 0 0 0 ' ,33 ,1 ,0, 0
82 ,70, 68, '53 45 58 42 34 45 35 38 ' ,'0 0 0 0 0 0 0 0 ' ,26 ,1 ,0, 0
72 ,75, 57, '43 48 37 39 34 32 31 41 ' ,'0 0 0 0 0 0 0 0 ' ,20 ,1 ,0, 0
75 ,62, 60, '45 47 47 41 32 33 34 27 ' ,'0 0 0 0 0 0 0 0 ' ,23 ,1 ,0, 0
64 ,65, 50, '42 38 36 42 29 27 33 29 ' ,'0 0 0 0 0 0 0 0 ' ,17 ,0 ,1, 1
71 ,55, 56, '44 45 42 44 26 37 30 28 ' ,'0 0 0 0 0 0 0 0 ' ,22 ,0 ,1, 1
88 ,63, 74, '67 49 43 48 35 53 29 22 ' ,'0 0 0 0 0 0 0 0 ' ,47 ,0 ,0, 0
75 ,80, 59, '42 36 38 51 31 21 29 24 ' ,'0 0 0 0 0 0 0 0 ' ,31 ,0 ,1, 1
