314 ,0, 246, '154 176 151 181 113 173 176 124 192 141 145 196 108 144 114 129 ' ,'0 0 0 0 0 0 0 0 0 0 0 0 0 0 0 0 ' ,90 ,2 ,2, 2
234 ,271, 215, '189 121 141 94 128 173 133 138 101 161 191 160 145 132 122 170 ' ,'0 0 0 0 0 0 0 0 0 0 0 0 0 0 0 0 ' ,100 ,1 ,2, 1
501 ,223, 480, '34 29 26 30 30 31 29 23 32 30 26 29 17 32 23 25 ' ,'0 0 0 0 0 0 0 0 0 0 0 0 0 0 0 0 ' ,26 ,1 ,2, 2
849 ,492, 826, '30 27 27 33 810 28 26 29 29 804 27 26 24 22 798 25 ' ,'0 0 0 0 0 0 0 0 0 0 0 0 0 0 0 0 ' ,790 ,1 ,2, 2
123 ,845, 106, '89 25 28 27 24 87 24 30 25 22 83 25 24 20 18 84 ' ,'0 0 0 0 0 0 0 0 0 0 0 0 0 0 0 0 ' ,75 ,1 ,1, 1
84 ,114, 68, '29 33 26 33 43 31 31 26 27 28 23 33 20 20 36 19 ' ,'0 0 0 0 0 0 0 0 0 0 0 0 0 0 0 0 ' ,42 ,1 ,3, 2
61 ,78, 47, '27 21 25 30 26 27 23 25 22 27 24 19 15 17 21 22 ' ,'0 0 0 0 0 0 0 0 0 0 0 0 0 0 0 0 ' ,17 ,0 ,2, 2
71 ,52, 52, '41 26 38 34 26 21 39 25 40 36 24 28 20 23 19 32 ' ,'0 0 0 0 0 0 0 0 0 0 0 0 0 0 0 0 ' ,25 ,1 ,2, 2
106 ,61, 80, '25 24 30 31 28 33 26 25 29 25 26 26 19 24 75 24 ' ,'0 0 0 0 0 0 0 0 0 0 0 0 0 0 0 0 ' ,57 ,2 ,2, 1
123 ,98, 99, '81 28 23 25 25 77 32 34 26 26 85 29 17 20 22 75 ' ,'0 0 0 0 0 0 0 0 0 0 0 0 0 0 0 0 ' ,73 ,2 ,2, 2
60 ,112, 42, '33 28 23 26 27 25 22 25 25 21 25 25 17 17 16 18 ' ,'0 0 0 0 0 0 0 0 0 0 0 0 0 0 0 0 ' ,18 ,1 ,1, 1
66 ,52, 48, '25 28 38 24 22 25 26 20 26 28 22 26 15 18 17 20 ' ,'0 0 0 0 0 0 0 0 0 0 0 0 0 0 0 0 ' ,21 ,2 ,2, 2
63 ,56, 42, '26 22 22 27 24 23 22 25 31 22 22 29 15 21 19 21 ' ,'0 0 0 0 0 0 0 0 0 0 0 0 0 0 0 0 ' ,18 ,2 ,2, 2
117 ,51, 94, '29 33 28 29 83 36 32 33 32 83 35 35 18 20 75 24 ' ,'0 0 0 0 0 0 0 0 0 0 0 0 0 0 0 0 ' ,68 ,3 ,2, 1
86 ,105, 66, '51 28 21 26 23 54 27 24 23 21 52 27 15 19 18 50 ' ,'0 0 0 0 0 0 0 0 0 0 0 0 0 0 0 0 ' ,44 ,3 ,0, 0
96 ,78, 76, '21 23 23 26 24 20 23 31 25 23 21 23 28 20 18 30 ' ,'0 0 134 0 0 0 0 0 0 0 0 0 0 0 0 0 ' ,51 ,3 ,1, 1
64 ,87, 47, '27 28 40 30 33 33 27 30 30 33 24 28 23 23 26 21 ' ,'0 0 0 0 0 0 0 0 0 0 0 0 0 0 0 0 ' ,18 ,0 ,1, 0
144 ,54, 122, '25 21 29 26 31 24 30 29 26 28 23 26 15 22 15 21 ' ,'0 0 0 0 0 0 0 0 0 127434 0 0 0 0 0 0 ' ,95 ,0 ,1, 1
83 ,134, 62, '28 28 39 27 53 27 25 32 40 44 26 24 24 22 37 24 ' ,'0 0 0 0 0 0 0 0 0 0 0 0 0 0 0 0 ' ,36 ,1 ,1, 1
68 ,77, 55, '41 25 20 28 25 45 22 22 32 23 37 25 19 23 22 30 ' ,'0 0 0 0 0 0 0 0 0 0 0 0 0 0 0 0 ' ,21 ,1 ,1, 1
62 ,60, 45, '27 36 24 25 35 27 29 37 26 29 30 28 18 19 24 23 ' ,'0 0 0 0 0 0 0 0 0 0 0 0 0 0 0 0 ' ,18 ,0 ,1, 0
63 ,53, 47, '22 37 27 26 23 23 27 27 32 24 25 23 14 21 19 17 ' ,'0 0 0 0 0 0 0 0 0 0 0 0 0 0 0 0 ' ,23 ,1 ,0, 0
66 ,55, 46, '33 34 30 36 38 30 39 30 41 35 32 39 27 29 28 29 ' ,'0 0 0 0 0 0 0 0 0 0 0 0 0 0 0 0 ' ,18 ,1 ,1, 0
75 ,57, 57, '30 31 25 32 52 26 27 24 32 46 24 25 21 22 41 20 ' ,'0 0 0 0 0 0 0 0 0 0 0 0 0 0 0 0 ' ,34 ,1 ,0, 0
78 ,67, 59, '46 25 29 42 29 48 28 27 33 32 48 24 20 24 27 42 ' ,'0 0 0 0 0 0 0 0 0 0 0 0 0 0 0 0 ' ,27 ,1 ,1, 0
59 ,68, 41, '35 28 27 31 31 26 29 29 28 27 26 26 32 23 21 20 ' ,'0 0 0 0 0 0 0 0 0 0 0 0 0 0 0 0 ' ,15 ,0 ,1, 1
64 ,52, 40, '22 36 23 24 21 23 27 20 22 21 25 27 27 19 16 20 ' ,'0 0 0 0 0 0 0 0 0 0 0 0 0 0 0 0 ' ,25 ,1 ,1, 1
63 ,56, 45, '28 30 25 35 26 25 28 33 36 22 27 28 27 24 18 20 ' ,'0 0 0 0 0 0 0 0 0 0 0 0 0 0 0 0 ' ,20 ,1 ,1, 0
79 ,53, 56, '30 29 34 41 50 28 29 29 28 50 31 28 23 36 43 21 ' ,'0 0 0 0 0 0 0 0 0 0 0 0 0 0 0 0 ' ,36 ,1 ,1, 1
70 ,69, 52, '41 32 31 29 34 46 32 27 27 36 40 38 20 21 28 36 ' ,'0 0 0 0 0 0 0 0 0 0 0 0 0 0 0 0 ' ,26 ,1 ,1, 1
53 ,62, 41, '23 25 27 28 27 24 23 27 28 25 24 23 21 21 17 18 ' ,'0 0 0 0 0 0 0 0 0 0 0 0 0 0 0 0 ' ,16 ,1 ,1, 1
67 ,46, 47, '23 27 22 28 28 24 37 22 21 29 30 27 23 19 22 21 ' ,'0 0 0 0 0 0 0 0 0 0 0 0 0 0 0 0 ' ,17 ,0 ,0, 0
61 ,60, 47, '25 34 33 36 31 31 35 30 30 32 27 29 27 23 21 27 ' ,'0 0 0 0 0 0 0 0 0 0 0 0 0 0 0 0 ' ,17 ,1 ,1, 0
78 ,53, 63, '28 38 38 34 53 27 28 32 33 50 32 30 22 25 48 31 ' ,'0 0 0 0 0 0 0 0 0 0 0 0 0 0 0 0 ' ,29 ,1 ,1, 0
105 ,69, 86, '42 27 44 33 30 79 28 26 51 38 42 44 35 39 21 68 ' ,'0 0 0 0 0 0 0 0 0 0 0 0 0 0 0 0 ' ,58 ,0 ,0, 0
104 ,93, 88, '24 20 27 24 28 30 25 24 23 29 26 20 18 17 20 20 ' ,'0 0 0 0 0 0 0 0 0 0 0 0 0 0 0 0 ' ,62 ,0 ,1, 1
160 ,96, 29, '20 24 20 32 25 28 26 21 24 23 29 22 16 18 18 23 ' ,'138139 0 0 0 0 0 0 0 0 0 0 0 0 0 0 0 ' ,118 ,0 ,0, 0
62 ,170, 48, '28 28 26 39 30 32 28 28 31 30 27 28 20 24 21 24 ' ,'0 0 0 0 0 0 0 0 0 0 0 0 0 0 0 0 ' ,20 ,0 ,0, 0
93 ,53, 71, '26 30 27 26 30 36 29 30 25 61 24 29 20 41 41 22 ' ,'0 0 0 0 0 0 0 0 0 0 0 0 0 0 0 0 ' ,44 ,1 ,1, 0
59 ,78, 44, '36 27 26 26 29 36 25 28 30 26 34 23 19 21 20 31 ' ,'0 0 0 0 0 0 0 0 0 0 0 0 0 0 0 0 ' ,13 ,1 ,1, 1
52 ,50, 37, '22 26 24 30 26 28 26 26 25 24 26 24 18 19 17 18 ' ,'0 0 0 0 0 0 0 0 0 0 0 0 0 0 0 0 ' ,16 ,0 ,1, 0
60 ,44, 42, '25 36 35 37 30 28 30 28 36 28 26 24 22 28 23 21 ' ,'0 0 0 0 0 0 0 0 0 0 0 0 0 0 0 0 ' ,19 ,1 ,1, 1
60 ,50, 45, '34 26 22 33 25 39 30 26 28 27 28 23 19 20 18 24 ' ,'0 0 0 0 0 0 0 0 0 0 0 0 0 0 0 0 ' ,20 ,0 ,1, 1
61 ,52, 44, '21 26 25 31 35 23 23 26 23 36 28 21 13 20 29 32 ' ,'0 0 0 0 0 0 0 0 0 0 0 0 0 0 0 0 ' ,17 ,0 ,1, 0
102 ,53, 86, '75 22 23 24 20 74 20 23 25 18 77 19 26 17 13 70 ' ,'0 0 0 0 0 0 0 0 0 0 0 0 0 0 0 0 ' ,65 ,0 ,1, 1
59 ,94, 44, '25 27 26 26 30 34 25 22 20 25 35 24 17 17 21 28 ' ,'0 0 0 0 0 0 0 0 0 0 0 0 0 0 0 0 ' ,19 ,0 ,1, 1
50 ,50, 34, '18 19 24 24 21 20 23 25 22 28 20 19 19 18 17 16 ' ,'0 0 0 0 0 0 0 0 0 0 0 0 0 0 0 0 ' ,15 ,1 ,1, 0
61 ,42, 42, '23 24 33 25 27 22 23 18 25 25 22 21 15 29 19 18 ' ,'0 0 0 0 0 0 0 0 0 0 0 0 0 0 0 0 ' ,17 ,0 ,1, 0
110 ,50, 88, '42 36 22 29 82 37 25 26 41 69 23 26 28 21 68 29 ' ,'0 0 0 0 0 0 0 0 0 0 0 0 0 0 0 0 ' ,62 ,1 ,0, 0
87 ,102, 70, '62 30 23 32 29 63 25 34 28 29 63 23 18 27 30 60 ' ,'0 0 0 0 0 0 0 0 0 0 0 0 0 0 0 0 ' ,45 ,1 ,1, 0
69 ,79, 54, '30 29 29 34 35 34 30 30 38 32 30 31 25 28 26 25 ' ,'0 0 0 0 0 0 0 0 0 0 0 0 0 0 0 0 ' ,25 ,0 ,1, 1
49 ,61, 33, '23 25 23 20 24 25 24 20 20 23 22 24 14 15 19 18 ' ,'0 0 0 0 0 0 0 0 0 0 0 0 0 0 0 0 ' ,12 ,0 ,0, 0
61 ,42, 46, '24 27 31 34 26 24 27 27 25 27 23 26 16 22 20 20 ' ,'0 0 0 0 0 0 0 0 0 0 0 0 0 0 0 0 ' ,18 ,1 ,1, 1
65 ,53, 44, '33 28 25 28 34 38 23 24 25 37 22 21 18 22 28 26 ' ,'0 0 0 0 0 0 0 0 0 0 0 0 0 0 0 0 ' ,20 ,1 ,0, 0
53 ,61, 37, '27 24 22 27 23 25 24 18 31 24 25 18 13 23 15 20 ' ,'0 0 0 0 0 0 0 0 0 0 0 0 0 0 0 0 ' ,17 ,1 ,1, 1
87 ,43, 54, '47 23 41 26 30 49 31 27 39 34 48 20 29 17 37 60 ' ,'0 0 0 0 0 0 0 0 0 0 0 0 0 0 0 0 ' ,49 ,0 ,0, 0
71 ,80, 51, '35 23 38 38 32 34 37 31 30 41 33 22 25 36 32 29 ' ,'0 0 0 0 0 0 0 0 0 0 0 0 0 0 0 0 ' ,22 ,1 ,0, 0
62 ,62, 37, '21 35 25 27 27 27 21 21 27 29 21 27 15 21 17 16 ' ,'0 0 0 0 0 0 0 0 0 0 0 0 0 0 0 0 ' ,17 ,1 ,1, 0
76 ,51, 60, '27 26 31 31 53 23 27 28 28 52 23 27 22 23 47 21 ' ,'0 0 0 0 0 0 0 0 0 0 0 0 0 0 0 0 ' ,36 ,1 ,1, 1
79 ,68, 64, '57 22 30 24 30 56 26 26 25 29 54 21 19 19 24 51 ' ,'0 0 0 0 0 0 0 0 0 0 0 0 0 0 0 0 ' ,38 ,0 ,1, 1
58 ,70, 42, '26 27 23 22 32 24 27 22 22 26 25 30 16 16 21 23 ' ,'0 0 0 0 0 0 0 0 0 0 0 0 0 0 0 0 ' ,21 ,1 ,1, 0
49 ,50, 31, '24 18 21 18 24 22 18 27 22 21 19 17 16 17 16 17 ' ,'0 0 0 0 0 0 0 0 0 0 0 0 0 0 0 0 ' ,14 ,0 ,0, 0
57 ,43, 38, '25 30 25 24 28 22 26 20 23 27 24 25 15 17 22 20 ' ,'0 0 0 0 0 0 0 0 0 0 0 0 0 0 0 0 ' ,16 ,1 ,0, 0
77 ,47, 56, '18 23 26 28 49 22 22 24 26 46 23 21 17 21 49 21 ' ,'0 0 0 0 0 0 0 0 0 0 0 0 0 0 0 0 ' ,32 ,1 ,1, 1
65 ,67, 48, '41 24 31 29 24 35 25 28 27 23 32 24 22 20 26 30 ' ,'0 0 0 0 0 0 0 0 0 0 0 0 0 0 0 0 ' ,23 ,0 ,1, 1
50 ,55, 34, '23 24 25 29 24 22 25 21 27 24 22 23 16 23 19 18 ' ,'0 0 0 0 0 0 0 0 0 0 0 0 0 0 0 0 ' ,13 ,0 ,0, 0
57 ,41, 42, '24 24 27 36 24 29 25 26 32 29 27 25 21 26 19 18 ' ,'0 0 0 0 0 0 0 0 0 0 0 0 0 0 0 0 ' ,18 ,0 ,1, 1
55 ,48, 37, '27 31 24 22 23 26 21 19 26 20 25 21 18 18 15 21 ' ,'0 0 0 0 0 0 0 0 0 0 0 0 0 0 0 0 ' ,16 ,0 ,1, 0
77 ,48, 63, '31 24 29 35 52 39 28 31 28 48 25 22 21 26 42 21 ' ,'0 0 0 0 0 0 0 0 0 0 0 0 0 0 0 0 ' ,36 ,1 ,1, 1
70 ,67, 49, '40 23 28 31 22 40 26 24 35 24 41 21 19 25 18 37 ' ,'0 0 0 0 0 0 0 0 0 0 0 0 0 0 0 0 ' ,25 ,1 ,0, 0
130 ,61, 106, '19 26 20 33 27 29 23 20 29 26 22 24 20 23 21 24 ' ,'0 0 0 0 0 0 0 0 0 0 0 0 0 0 0 0 ' ,89 ,1 ,1, 1
61 ,121, 40, '25 27 23 26 19 25 19 23 24 22 29 31 23 19 16 22 ' ,'0 0 0 0 0 0 0 0 0 0 0 0 0 0 0 0 ' ,20 ,1 ,1, 0
54 ,49, 37, '24 26 21 29 25 25 29 31 21 25 25 20 14 17 21 19 ' ,'0 0 0 0 0 0 0 0 0 0 0 0 0 0 0 0 ' ,15 ,1 ,1, 1
67 ,47, 47, '19 25 27 27 40 20 19 23 32 35 21 25 17 19 31 18 ' ,'0 0 0 0 0 0 0 0 0 0 0 0 0 0 0 0 ' ,26 ,1 ,0, 0
77 ,55, 58, '46 32 24 25 23 47 28 23 23 24 46 33 16 18 18 44 ' ,'0 0 0 0 0 0 0 0 0 0 0 0 0 0 0 0 ' ,31 ,1 ,1, 1
64 ,64, 49, '27 29 32 31 30 27 34 27 43 30 24 32 18 26 23 23 ' ,'0 0 0 0 0 0 0 0 0 0 0 0 0 0 0 0 ' ,23 ,1 ,1, 0
59 ,55, 44, '28 34 26 38 25 24 29 26 27 26 30 33 21 22 20 20 ' ,'0 0 0 0 0 0 0 0 0 0 0 0 0 0 0 0 ' ,18 ,1 ,0, 0
54 ,50, 35, '25 29 26 24 28 24 30 21 25 26 25 26 14 17 21 21 ' ,'0 0 0 0 0 0 0 0 0 0 0 0 0 0 0 0 ' ,15 ,1 ,1, 0
66 ,44, 48, '23 20 21 27 44 31 20 17 22 34 22 29 14 18 29 16 ' ,'0 0 0 0 0 0 0 0 0 0 0 0 0 0 0 0 ' ,31 ,1 ,1, 0
102 ,57, 86, '74 26 28 26 27 75 23 24 25 23 79 23 24 19 18 77 ' ,'0 0 0 0 0 0 0 0 0 0 0 0 0 0 0 0 ' ,61 ,0 ,1, 0
51 ,92, 35, '23 21 18 24 22 19 21 24 24 22 18 21 19 18 16 16 ' ,'0 0 0 0 0 0 0 0 0 0 0 0 0 0 0 0 ' ,13 ,1 ,1, 1
52 ,41, 34, '23 28 28 24 25 23 24 23 26 24 22 25 20 22 18 16 ' ,'0 0 0 0 0 0 0 0 0 0 0 0 0 0 0 0 ' ,11 ,0 ,0, 0
55 ,44, 38, '23 25 23 32 23 24 24 24 32 24 25 25 14 22 20 19 ' ,'0 0 0 0 0 0 0 0 0 0 0 0 0 0 0 0 ' ,15 ,0 ,0, 0
94 ,46, 75, '29 22 22 27 70 24 20 19 23 68 26 20 15 18 62 22 ' ,'0 0 0 0 0 0 0 0 0 0 0 0 0 0 0 0 ' ,54 ,0 ,1, 1
110 ,82, 75, '66 23 19 24 26 65 20 21 23 20 66 20 17 18 15 62 ' ,'0 0 0 0 0 0 0 0 0 0 0 0 0 0 0 0 ' ,52 ,1 ,1, 1
55 ,102, 36, '19 20 23 24 22 23 25 24 20 23 17 19 15 17 17 14 ' ,'0 0 0 0 0 0 0 0 0 0 0 0 0 0 0 0 ' ,16 ,1 ,1, 1
57 ,42, 42, '19 21 23 23 35 22 22 20 28 24 17 27 15 20 17 17 ' ,'0 0 0 0 0 0 0 0 0 0 0 0 0 0 0 0 ' ,20 ,0 ,1, 0
61 ,48, 44, '24 25 19 39 26 23 25 21 31 24 23 24 15 29 20 17 ' ,'0 0 0 0 0 0 0 0 0 0 0 0 0 0 0 0 ' ,24 ,1 ,1, 1
86 ,53, 61, '20 28 20 18 55 25 21 19 23 55 24 20 15 14 49 23 ' ,'0 0 0 0 0 0 0 0 0 0 0 0 0 0 0 0 ' ,43 ,1 ,1, 1
63 ,78, 47, '40 27 20 26 27 39 26 22 22 27 40 27 16 17 22 35 ' ,'0 0 0 0 0 0 0 0 0 0 0 0 0 0 0 0 ' ,25 ,1 ,0, 0
60 ,54, 42, '21 23 21 27 24 28 23 26 32 23 23 23 20 20 20 19 ' ,'0 0 0 0 0 0 0 0 0 0 0 0 0 0 0 0 ' ,17 ,1 ,0, 0
54 ,49, 40, '25 33 23 24 22 22 29 22 26 29 22 29 16 19 24 18 ' ,'0 0 0 0 0 0 0 0 0 0 0 0 0 0 0 0 ' ,16 ,0 ,0, 0
77 ,45, 58, '29 30 38 40 29 26 28 28 31 29 27 26 32 24 24 23 ' ,'0 0 0 0 0 0 0 0 0 0 0 0 0 0 0 0 ' ,23 ,0 ,0, 0
90 ,73, 68, '30 26 27 30 65 35 25 34 29 63 34 27 20 22 56 24 ' ,'0 0 0 0 0 0 0 0 0 0 0 0 0 0 0 0 ' ,44 ,0 ,1, 0
78 ,81, 62, '52 24 21 30 24 54 25 25 32 26 55 27 15 22 20 50 ' ,'0 0 0 0 0 0 0 0 0 0 0 0 0 0 0 0 ' ,39 ,0 ,1, 1
67 ,69, 52, '22 20 20 42 27 23 24 22 25 25 24 25 16 26 19 19 ' ,'0 0 0 0 0 0 0 0 0 0 0 0 0 0 0 0 ' ,24 ,1 ,1, 1
60 ,57, 41, '27 29 24 23 22 26 27 21 27 25 25 33 15 18 16 22 ' ,'0 0 0 0 0 0 0 0 0 0 0 0 0 0 0 0 ' ,21 ,0 ,0, 0
59 ,52, 39, '20 22 18 36 21 20 24 18 29 25 22 21 13 19 18 18 ' ,'0 0 0 0 0 0 0 0 0 0 0 0 0 0 0 0 ' ,23 ,0 ,0, 0
65 ,185, 48, '20 23 20 28 41 27 22 21 34 41 22 24 15 20 30 17 ' ,'0 0 0 0 0 0 0 0 0 0 0 0 0 0 0 0 ' ,29 ,1 ,0, 0
67 ,56, 50, '42 29 23 34 29 40 27 26 30 28 39 30 16 19 22 36 ' ,'0 0 0 0 0 0 0 0 0 0 0 0 0 0 0 0 ' ,24 ,0 ,0, 0
118 ,55, 103, '20 21 22 19 24 20 21 18 17 23 21 20 13 14 18 17 ' ,'0 0 0 0 0 0 0 0 0 0 0 0 0 0 0 0 ' ,82 ,0 ,1, 1
45 ,110, 31, '20 19 17 22 20 18 24 19 22 21 18 19 13 18 15 15 ' ,'0 0 0 0 0 0 0 0 0 0 0 0 0 0 0 0 ' ,10 ,0 ,0, 0
52 ,37, 38, '26 31 27 29 29 27 27 22 28 27 24 26 16 25 24 22 ' ,'0 0 0 0 0 0 0 0 0 0 0 0 0 0 0 0 ' ,16 ,1 ,0, 0
71 ,44, 56, '21 26 21 24 45 17 19 17 21 47 18 25 14 17 40 19 ' ,'0 0 0 0 0 0 0 0 0 0 0 0 0 0 0 0 ' ,34 ,1 ,0, 0
84 ,62, 70, '63 32 20 21 21 61 32 21 22 26 60 31 14 16 15 56 ' ,'0 0 0 0 0 0 0 0 0 0 0 0 0 0 0 0 ' ,49 ,0 ,1, 0
52 ,75, 35, '23 23 23 30 26 21 25 20 26 23 22 22 15 24 18 17 ' ,'0 0 0 0 0 0 0 0 0 0 0 0 0 0 0 0 ' ,14 ,0 ,0, 0
56 ,43, 42, '32 33 30 26 26 31 31 29 26 26 30 31 21 20 17 25 ' ,'0 0 0 0 0 0 0 0 0 0 0 0 0 0 0 0 ' ,14 ,1 ,0, 0
55 ,47, 37, '20 22 17 26 23 19 21 17 32 22 17 21 12 22 16 18 ' ,'0 0 0 0 0 0 0 0 0 0 0 0 0 0 0 0 ' ,18 ,1 ,1, 1
88 ,47, 66, '22 25 22 22 54 21 25 20 21 56 20 27 14 15 48 16 ' ,'0 0 0 0 0 0 0 0 0 0 0 0 0 0 0 0 ' ,47 ,1 ,0, 0
72 ,80, 51, '42 22 19 24 24 42 23 22 25 23 44 22 15 19 19 37 ' ,'0 0 0 0 0 0 0 0 0 0 0 0 0 0 0 0 ' ,29 ,1 ,0, 0
55 ,60, 38, '30 24 22 29 25 23 25 25 30 26 21 25 20 21 20 22 ' ,'0 0 0 0 0 0 0 0 0 0 0 0 0 0 0 0 ' ,11 ,0 ,1, 1
70 ,46, 51, '24 26 21 41 28 29 27 20 31 27 24 25 14 21 22 19 ' ,'0 0 0 0 0 0 0 0 0 0 0 0 0 0 0 0 ' ,27 ,1 ,1, 1
58 ,62, 43, '26 23 22 25 22 29 21 18 36 22 21 22 13 26 27 17 ' ,'0 0 0 0 0 0 0 0 0 0 0 0 0 0 0 0 ' ,23 ,1 ,1, 1
75 ,49, 53, '20 21 21 27 46 22 21 23 26 45 20 21 15 29 40 16 ' ,'0 0 0 0 0 0 0 0 0 0 0 0 0 0 0 0 ' ,35 ,1 ,1, 1
96 ,67, 80, '71 27 30 32 28 71 28 25 39 33 70 26 18 23 22 67 ' ,'0 0 0 0 0 0 0 0 0 0 0 0 0 0 0 0 ' ,55 ,2 ,0, 0
55 ,89, 36, '20 24 24 22 23 22 22 25 31 23 20 22 18 20 17 16 ' ,'0 0 0 0 0 0 0 0 0 0 0 0 0 0 0 0 ' ,17 ,1 ,0, 0
53 ,45, 37, '26 26 21 24 29 26 25 23 21 25 24 28 14 16 23 20 ' ,'0 0 0 0 0 0 0 0 0 0 0 0 0 0 0 0 ' ,16 ,1 ,0, 0
52 ,43, 36, '24 27 24 25 29 24 28 27 22 27 27 24 16 18 21 18 ' ,'0 0 0 0 0 0 0 0 0 0 0 0 0 0 0 0 ' ,14 ,1 ,0, 0
103 ,42, 80, '28 31 29 26 73 31 32 36 24 74 32 32 21 21 72 27 ' ,'0 0 0 0 0 0 0 0 0 0 0 0 0 0 0 0 ' ,55 ,1 ,0, 0
82 ,88, 65, '57 22 20 25 25 58 23 23 24 22 57 21 13 22 18 54 ' ,'0 0 0 0 0 0 0 0 0 0 0 0 0 0 0 0 ' ,46 ,1 ,1, 0
50 ,74, 33, '19 20 24 23 26 18 20 21 26 27 21 19 14 17 24 18 ' ,'0 0 0 0 0 0 0 0 0 0 0 0 0 0 0 0 ' ,13 ,0 ,1, 1
63 ,40, 35, '20 22 21 26 22 22 22 21 27 23 21 23 15 19 18 17 ' ,'0 0 0 0 0 0 0 0 0 0 0 0 0 0 0 0 ' ,14 ,1 ,1, 1
53 ,49, 37, '20 21 28 24 25 21 22 25 26 22 19 21 13 19 18 16 ' ,'0 0 0 0 0 0 0 0 0 0 0 0 0 0 0 0 ' ,15 ,0 ,0, 0
114 ,45, 96, '32 26 23 23 51 28 24 37 21 53 23 26 18 15 46 19 ' ,'0 0 0 0 0 0 0 0 0 0 0 0 118 0 0 0 ' ,75 ,1 ,1, 0
72 ,103, 57, '47 29 34 34 30 50 29 29 31 29 47 28 23 24 23 43 ' ,'0 0 0 0 0 0 0 0 0 0 0 0 0 0 0 0 ' ,28 ,1 ,0, 0
55 ,63, 41, '35 23 24 23 23 28 23 26 26 22 20 21 18 19 18 16 ' ,'0 0 0 0 0 0 0 0 0 0 0 0 0 0 0 0 ' ,21 ,0 ,0, 0
95 ,47, 70, '48 52 55 50 49 60 46 53 58 55 43 49 30 33 37 36 ' ,'0 0 0 0 0 0 0 0 0 0 0 0 0 0 0 0 ' ,32 ,1 ,0, 0
98 ,87, 78, '48 45 47 57 45 48 64 51 61 47 46 35 38 31 39 32 ' ,'0 0 0 0 0 0 0 0 0 0 0 0 0 0 0 0 ' ,45 ,1 ,0, 0
105 ,90, 82, '42 48 52 54 74 41 59 48 48 69 49 54 30 38 59 41 ' ,'0 0 0 0 0 0 0 0 0 0 0 0 0 0 0 0 ' ,47 ,1 ,1, 1
102 ,93, 86, '75 54 69 72 55 79 59 53 59 55 71 59 46 46 44 59 ' ,'0 0 0 0 0 0 0 0 0 0 0 0 0 0 0 0 ' ,36 ,0 ,0, 0
286 ,93, 268, '178 183 223 238 228 198 162 150 138 260 217 168 180 149 145 191 ' ,'0 0 0 0 0 0 0 0 0 0 0 0 0 0 0 0 ' ,124 ,1 ,1, 1
92 ,278, 70, '52 59 62 63 46 54 54 57 59 53 59 55 44 53 47 43 ' ,'0 0 0 0 0 0 0 0 0 0 0 0 0 0 0 0 ' ,29 ,1 ,1, 1
102 ,84, 86, '52 54 70 68 59 58 49 55 49 46 51 52 44 42 40 45 ' ,'0 0 0 0 0 0 0 0 0 0 0 0 0 0 0 0 ' ,33 ,1 ,1, 0
96 ,93, 80, '59 54 47 55 67 54 59 59 66 60 51 50 32 49 50 39 ' ,'0 0 0 0 0 0 0 0 0 0 0 0 0 0 0 0 ' ,36 ,1 ,1, 1
109 ,84, 88, '66 59 47 76 51 69 46 59 51 59 72 45 44 44 38 61 ' ,'0 0 0 0 0 0 0 0 0 0 0 0 0 0 0 0 ' ,50 ,1 ,0, 0
84 ,100, 68, '52 57 50 61 47 53 55 54 51 53 40 56 30 46 33 36 ' ,'0 0 0 0 0 0 0 0 0 0 0 0 0 0 0 0 ' ,30 ,0 ,1, 0
85 ,80, 69, '53 48 55 57 57 51 60 61 61 61 54 46 43 60 41 34 ' ,'0 0 0 0 0 0 0 0 0 0 0 0 0 0 0 0 ' ,33 ,0 ,1, 1
83 ,77, 67, '46 54 53 58 48 56 52 54 56 57 59 45 33 46 36 44 ' ,'0 0 0 0 0 0 0 0 0 0 0 0 0 0 0 0 ' ,27 ,1 ,1, 1
106 ,73, 94, '51 68 56 58 86 47 44 40 52 81 45 50 38 42 64 42 ' ,'0 0 0 0 0 0 0 0 0 0 0 0 0 0 0 0 ' ,46 ,0 ,1, 1
106 ,98, 88, '72 54 59 59 52 72 56 52 57 62 79 52 41 36 40 63 ' ,'0 0 0 0 0 0 0 0 0 0 0 0 0 0 0 0 ' ,45 ,1 ,1, 1
157 ,95, 142, '65 58 63 63 56 54 50 54 55 63 68 56 43 36 44 41 ' ,'0 0 0 0 0 0 0 0 0 0 0 0 0 0 0 0 ' ,17 ,1 ,1, 1
87 ,149, 73, '53 58 64 59 62 56 55 56 63 54 46 60 42 46 42 46 ' ,'0 0 0 0 0 0 0 0 0 0 0 0 0 0 0 0 ' ,24 ,0 ,1, 1
95 ,78, 78, '55 64 52 54 52 60 53 67 56 57 57 56 41 45 39 51 ' ,'0 0 0 0 0 0 0 0 0 0 0 0 0 0 0 0 ' ,33 ,1 ,1, 1
144 ,85, 125, '54 49 60 73 101 57 45 63 63 116 60 55 38 50 87 43 ' ,'0 0 0 0 0 0 0 0 0 0 0 0 0 0 0 0 ' ,79 ,1 ,1, 1
98 ,134, 83, '73 62 47 59 55 75 55 54 70 57 69 54 47 46 35 66 ' ,'0 0 0 0 0 0 0 0 0 0 0 0 0 0 0 0 ' ,41 ,1 ,1, 1
97 ,88, 82, '58 64 55 67 57 73 61 56 71 55 56 54 41 44 46 39 ' ,'0 0 0 0 0 0 0 0 0 0 0 0 0 0 0 0 ' ,39 ,1 ,1, 1
87 ,88, 73, '47 49 58 65 50 56 60 56 62 51 46 55 42 54 43 43 ' ,'0 0 0 0 0 0 0 0 0 0 0 0 0 0 0 0 ' ,26 ,1 ,0, 0
177 ,80, 160, '139 131 139 126 106 132 143 112 121 113 150 139 106 98 87 142 ' ,'0 0 0 0 0 0 0 0 0 0 0 0 0 0 0 0 ' ,66 ,1 ,1, 1
109 ,172, 91, '57 52 52 71 74 55 51 60 70 79 54 62 40 51 75 55 ' ,'0 0 0 0 0 0 0 0 0 0 0 0 0 0 0 0 ' ,41 ,1 ,0, 0
126 ,100, 110, '99 43 54 78 60 91 53 55 78 57 99 61 46 47 42 86 ' ,'0 0 0 0 0 0 0 0 0 0 0 0 0 0 0 0 ' ,61 ,1 ,1, 1
98 ,120, 79, '53 63 57 59 56 58 51 57 55 57 52 46 41 51 52 62 ' ,'0 0 0 0 0 0 0 0 0 0 0 0 0 0 0 0 ' ,21 ,0 ,0, 0
88 ,86, 74, '57 56 58 68 58 55 51 51 58 53 60 56 56 44 45 40 ' ,'0 0 0 0 0 0 0 0 0 0 0 0 0 0 0 0 ' ,29 ,1 ,0, 0
96 ,81, 75, '56 62 59 60 64 53 68 50 54 42 42 58 38 49 37 48 ' ,'0 0 0 0 0 0 0 0 0 0 0 0 0 0 0 0 ' ,33 ,1 ,1, 1
148 ,85, 133, '65 54 51 74 114 56 66 46 62 119 58 62 53 47 98 46 ' ,'0 0 0 0 0 0 0 0 0 0 0 0 0 0 0 0 ' ,79 ,1 ,0, 0
147 ,140, 127, '112 56 63 51 62 109 58 61 59 59 120 54 45 48 44 103 ' ,'0 0 0 0 0 0 0 0 0 0 0 0 0 0 0 0 ' ,81 ,1 ,1, 1
111 ,138, 96, '59 62 63 62 57 56 61 56 88 60 58 52 35 65 42 41 ' ,'0 0 0 0 0 0 0 0 0 0 0 0 0 0 0 0 ' ,51 ,0 ,0, 0
103 ,102, 87, '59 58 62 79 60 61 56 59 62 45 62 56 52 42 55 48 ' ,'0 0 0 0 0 0 0 0 0 0 0 0 0 0 0 0 ' ,37 ,0 ,0, 0
88 ,95, 70, '59 64 53 47 52 55 52 54 61 57 54 63 44 42 41 47 ' ,'0 0 0 0 0 0 0 0 0 0 0 0 0 0 0 0 ' ,26 ,1 ,0, 0
114 ,80, 99, '62 71 62 78 89 61 60 62 62 73 59 64 49 48 67 42 ' ,'0 0 0 0 0 0 0 0 0 0 0 0 0 0 0 0 ' ,50 ,1 ,0, 0
104 ,105, 87, '79 59 49 71 62 76 57 73 60 60 78 63 45 46 47 65 ' ,'0 0 0 0 0 0 0 0 0 0 0 0 0 0 0 0 ' ,36 ,1 ,0, 0
96 ,96, 83, '56 64 63 56 56 63 63 62 67 72 69 62 58 40 46 43 ' ,'0 0 0 0 0 0 0 0 0 0 0 0 0 0 0 0 ' ,35 ,1 ,0, 0
99 ,87, 85, '61 73 56 59 61 58 51 54 57 57 50 58 41 41 48 46 ' ,'0 0 0 0 0 0 0 0 0 0 0 0 0 0 0 0 ' ,35 ,0 ,1, 0
102 ,94, 87, '61 64 62 57 72 78 63 59 73 53 56 51 49 56 43 53 ' ,'0 0 0 0 0 0 0 0 0 0 0 0 0 0 0 0 ' ,33 ,1 ,0, 0
117 ,92, 102, '57 62 66 70 88 64 60 69 59 88 61 63 44 46 62 38 ' ,'0 0 0 0 0 0 0 0 0 0 0 0 0 0 0 0 ' ,56 ,1 ,1, 1
113 ,106, 93, '87 62 48 51 77 79 57 57 66 54 81 54 43 40 45 68 ' ,'0 0 0 0 0 0 0 0 0 0 0 0 0 0 0 0 ' ,44 ,0 ,0, 0
100 ,103, 84, '62 66 72 58 65 48 57 62 64 63 60 50 42 48 39 45 ' ,'0 0 0 0 0 0 0 0 0 0 0 0 0 0 0 0 ' ,34 ,5 ,1, 0
95 ,91, 82, '56 52 64 67 64 56 67 65 49 54 57 56 50 41 55 43 ' ,'0 0 0 0 0 0 0 0 0 0 0 0 0 0 0 0 ' ,32 ,1 ,1, 0
94 ,86, 82, '66 67 65 67 68 63 59 72 60 57 57 59 46 46 50 49 ' ,'0 0 0 0 0 0 0 0 0 0 0 0 0 0 0 0 ' ,26 ,0 ,1, 0
117 ,86, 102, '45 61 78 72 79 59 70 59 65 91 62 57 50 54 66 46 ' ,'0 0 0 0 0 0 0 0 0 0 0 0 0 0 0 0 ' ,50 ,1 ,1, 0
125 ,107, 106, '96 69 56 74 56 88 61 61 63 59 80 58 39 48 53 81 ' ,'0 0 0 0 0 0 0 0 0 0 0 0 0 0 0 0 ' ,60 ,1 ,0, 0
98 ,112, 84, '53 65 63 64 64 63 59 63 76 61 61 67 41 53 43 48 ' ,'0 0 0 0 0 0 0 0 0 0 0 0 0 0 0 0 ' ,36 ,0 ,1, 1
99 ,92, 81, '58 56 64 75 58 50 59 60 48 53 61 51 43 42 44 32 ' ,'0 0 0 0 0 0 0 0 0 0 0 0 0 0 0 0 ' ,46 ,1 ,0, 0
105 ,91, 83, '63 66 79 54 61 62 66 58 59 60 62 59 38 62 46 43 ' ,'0 0 0 0 0 0 0 0 0 0 0 0 0 0 0 0 ' ,40 ,1 ,1, 1
108 ,95, 93, '49 60 71 60 82 58 63 62 59 86 49 56 60 56 78 49 ' ,'0 0 0 0 0 0 0 0 0 0 0 0 0 0 0 0 ' ,41 ,0 ,1, 1
107 ,101, 91, '81 66 82 60 64 71 62 59 51 55 74 68 33 42 32 62 ' ,'0 0 0 0 0 0 0 0 0 0 0 0 0 0 0 0 ' ,53 ,1 ,1, 1
105 ,100, 89, '54 43 69 70 65 37 60 60 57 79 63 64 55 52 49 54 ' ,'0 0 0 0 0 0 0 0 0 0 0 0 0 0 0 0 ' ,43 ,1 ,1, 1
82 ,95, 67, '55 47 42 38 49 42 47 49 56 59 40 58 48 39 33 38 ' ,'0 0 0 0 0 0 0 0 0 0 0 0 0 0 0 0 ' ,29 ,1 ,0, 0
63 ,74, 48, '36 33 37 35 40 30 41 28 39 35 35 31 22 30 25 37 ' ,'0 0 0 0 0 0 0 0 0 0 0 0 0 0 0 0 ' ,20 ,0 ,1, 1
82 ,55, 67, '36 33 38 37 30 29 31 33 43 58 35 34 28 26 50 29 ' ,'0 0 0 0 0 0 0 0 0 0 0 0 0 0 0 0 ' ,33 ,1 ,1, 1
80 ,74, 63, '56 30 31 33 29 52 32 30 39 32 54 32 34 22 20 48 ' ,'0 0 0 0 0 0 0 0 0 0 0 0 0 0 0 0 ' ,37 ,0 ,0, 0
61 ,76, 46, '28 33 27 34 32 30 29 29 38 30 31 29 18 28 23 26 ' ,'0 0 0 0 0 0 0 0 0 0 0 0 0 0 0 0 ' ,22 ,0 ,0, 0
62 ,53, 46, '33 28 39 35 26 26 26 35 27 30 27 28 23 32 22 19 ' ,'0 0 0 0 0 0 0 0 0 0 0 0 0 0 0 0 ' ,23 ,0 ,1, 1
63 ,55, 46, '30 36 40 30 30 29 30 35 32 37 30 32 27 29 29 26 ' ,'0 0 0 0 0 0 0 0 0 0 0 0 0 0 0 0 ' ,17 ,0 ,0, 0
75 ,54, 61, '29 31 32 30 53 26 30 31 36 49 33 27 22 37 42 20 ' ,'0 0 0 0 0 0 0 0 0 0 0 0 0 0 0 0 ' ,34 ,0 ,1, 1
93 ,67, 78, '70 34 30 29 34 68 29 24 33 32 63 29 22 21 26 61 ' ,'0 0 0 0 0 0 0 0 0 0 0 0 0 0 0 0 ' ,52 ,1 ,1, 1
64 ,84, 47, '33 31 31 31 25 34 26 35 33 40 28 31 22 24 28 24 ' ,'0 0 0 0 0 0 0 0 0 0 0 0 0 0 0 0 ' ,21 ,0 ,0, 0
63 ,56, 46, '27 37 30 33 27 25 32 27 34 34 29 35 20 24 34 30 ' ,'0 0 0 0 0 0 0 0 0 0 0 0 0 0 0 0 ' ,21 ,1 ,0, 0
63 ,54, 48, '31 33 33 33 34 31 40 26 38 33 33 33 28 28 24 24 ' ,'0 0 0 0 0 0 0 0 0 0 0 0 0 0 0 0 ' ,18 ,1 ,0, 0
104 ,54, 86, '37 37 35 41 78 28 25 37 40 75 32 31 23 27 66 21 ' ,'0 0 0 0 0 0 0 0 0 0 0 0 0 0 0 0 ' ,61 ,1 ,1, 1
95 ,94, 77, '65 39 31 40 32 70 33 29 33 36 66 33 26 26 27 62 ' ,'0 0 0 0 0 0 0 0 0 0 0 0 0 0 0 0 ' ,46 ,1 ,1, 1
71 ,86, 52, '36 43 32 43 37 37 41 34 46 39 35 41 30 29 29 28 ' ,'0 0 0 0 0 0 0 0 0 0 0 0 0 0 0 0 ' ,22 ,1 ,0, 0
71 ,63, 52, '30 31 29 35 28 30 31 29 33 30 41 32 20 25 20 31 ' ,'0 0 0 0 0 0 0 0 0 0 0 0 0 0 0 0 ' ,22 ,1 ,1, 0
71 ,63, 55, '28 36 35 36 33 29 27 25 46 24 36 28 22 27 27 27 ' ,'0 0 0 0 0 0 0 0 0 0 0 0 0 0 0 0 ' ,21 ,0 ,1, 1
98 ,60, 82, '35 40 48 42 74 33 35 31 38 72 52 47 33 30 61 35 ' ,'0 0 0 0 0 0 0 0 0 0 0 0 0 0 0 0 ' ,46 ,0 ,1, 0
79 ,90, 60, '52 27 37 32 36 50 31 31 36 30 49 29 25 24 23 47 ' ,'0 0 0 0 0 0 0 0 0 0 0 0 0 0 0 0 ' ,33 ,1 ,0, 0
94 ,68, 77, '28 27 27 25 28 24 25 22 35 30 29 27 20 20 23 25 ' ,'0 0 0 0 0 0 0 0 0 0 0 0 0 0 0 0 ' ,51 ,0 ,0, 0
58 ,84, 42, '28 34 28 29 31 30 29 26 33 24 24 33 21 21 21 22 ' ,'0 0 0 0 0 0 0 0 0 0 0 0 0 0 0 0 ' ,17 ,0 ,0, 0
63 ,49, 42, '30 31 33 31 32 33 28 28 36 29 28 28 18 22 21 25 ' ,'0 0 0 0 0 0 0 0 0 0 0 0 0 0 0 0 ' ,20 ,0 ,0, 0
74 ,56, 55, '30 36 27 30 48 32 31 25 36 48 34 32 21 25 41 28 ' ,'0 0 0 0 0 0 0 0 0 0 0 0 0 0 0 0 ' ,27 ,0 ,0, 0
94 ,63, 76, '69 30 29 29 32 70 28 29 39 28 63 29 22 28 23 62 ' ,'0 0 0 0 0 0 0 0 0 0 0 0 0 0 0 0 ' ,48 ,1 ,0, 0
59 ,85, 43, '25 34 27 28 32 26 25 30 26 32 27 28 20 18 24 23 ' ,'0 0 0 0 0 0 0 0 0 0 0 0 0 0 0 0 ' ,21 ,1 ,1, 1
79 ,51, 54, '31 35 33 30 32 26 30 47 37 30 33 31 37 23 18 20 ' ,'0 0 0 0 0 0 0 0 0 0 0 0 0 0 0 0 ' ,28 ,0 ,1, 1
75 ,66, 51, '27 30 31 33 32 33 29 32 39 31 41 30 24 26 24 36 ' ,'0 0 0 0 0 0 0 0 0 0 0 0 0 0 0 0 ' ,20 ,0 ,0, 0
77 ,68, 63, '23 25 38 35 55 34 28 26 25 51 31 28 19 23 47 22 ' ,'0 0 0 0 0 0 0 0 0 0 0 0 0 0 0 0 ' ,38 ,1 ,1, 1
89 ,72, 69, '60 39 46 47 50 59 36 36 43 41 60 40 36 35 31 57 ' ,'0 0 0 0 0 0 0 0 0 0 0 0 0 0 0 0 ' ,32 ,1 ,1, 1
73 ,76, 53, '44 29 30 29 29 25 25 36 32 30 22 28 22 22 22 19 ' ,'0 0 0 0 0 0 0 0 0 0 0 0 0 0 0 0 ' ,30 ,1 ,1, 1
75 ,61, 59, '47 40 42 43 52 40 35 39 38 43 34 31 26 30 33 32 ' ,'0 0 0 0 0 0 0 0 0 0 0 0 0 0 0 0 ' ,23 ,1 ,0, 0
61 ,67, 43, '30 31 33 33 34 28 31 29 31 34 26 30 17 28 22 24 ' ,'0 0 0 0 0 0 0 0 0 0 0 0 0 0 0 0 ' ,20 ,0 ,0, 0
88 ,55, 71, '27 33 29 38 63 28 30 27 42 61 36 34 19 26 55 33 ' ,'0 0 0 0 0 0 0 0 0 0 0 0 0 0 0 0 ' ,47 ,1 ,0, 0
68 ,83, 51, '41 32 30 34 29 40 28 27 29 28 43 40 16 27 24 34 ' ,'0 0 0 0 0 0 0 0 0 0 0 0 0 0 0 0 ' ,28 ,1 ,0, 0
68 ,60, 45, '32 32 25 34 27 25 29 21 37 27 28 24 21 27 23 19 ' ,'0 0 0 0 0 0 0 0 0 0 0 0 0 0 0 0 ' ,22 ,0 ,0, 0
58 ,54, 44, '33 30 28 23 34 26 32 22 31 31 30 28 17 21 24 26 ' ,'0 0 0 0 0 0 0 0 0 0 0 0 0 0 0 0 ' ,19 ,1 ,1, 1
64 ,50, 46, '29 30 26 35 26 23 25 28 40 34 28 27 20 22 23 22 ' ,'0 0 0 0 0 0 0 0 0 0 0 0 0 0 0 0 ' ,22 ,1 ,0, 0
74 ,53, 58, '28 25 28 31 50 29 29 26 32 50 28 22 18 20 44 28 ' ,'0 0 0 0 0 0 0 0 0 0 0 0 0 0 0 0 ' ,34 ,1 ,1, 1
77 ,65, 59, '46 30 25 37 31 45 27 33 30 26 49 25 17 21 24 40 ' ,'0 0 0 0 0 0 0 0 0 0 0 0 0 0 0 0 ' ,33 ,1 ,1, 1
75 ,67, 45, '23 26 29 38 30 29 26 26 30 29 28 28 23 26 22 17 ' ,'0 0 0 0 0 0 0 0 0 0 0 0 0 0 0 0 ' ,25 ,1 ,0, 0
61 ,66, 44, '26 30 29 37 34 31 36 27 37 31 28 27 22 27 24 23 ' ,'0 0 0 0 0 0 0 0 0 0 0 0 0 0 0 0 ' ,20 ,0 ,0, 0
72 ,53, 54, '23 30 26 31 26 27 31 37 31 30 31 24 20 22 23 28 ' ,'0 0 0 0 0 0 0 0 0 0 0 0 0 0 0 0 ' ,26 ,1 ,0, 0
76 ,65, 57, '30 32 26 34 45 36 27 27 28 44 42 32 21 27 29 27 ' ,'0 0 0 0 0 0 0 0 0 0 0 0 0 0 0 0 ' ,30 ,1 ,0, 0
110 ,65, 93, '80 29 26 37 31 82 29 28 32 30 77 30 17 29 26 76 ' ,'0 0 0 0 0 0 0 0 0 0 0 0 0 0 0 0 ' ,66 ,1 ,0, 0
76 ,101, 41, '26 26 27 33 35 24 29 29 29 33 30 26 20 23 28 20 ' ,'0 0 0 0 0 0 0 0 0 0 0 0 0 0 0 0 ' ,21 ,0 ,0, 0
58 ,51, 42, '27 22 31 29 33 29 27 28 31 34 36 26 17 23 24 25 ' ,'0 0 0 0 0 0 0 0 0 0 0 0 0 0 0 0 ' ,21 ,1 ,0, 0
66 ,51, 44, '26 32 24 33 28 31 33 26 29 32 26 34 17 18 25 23 ' ,'0 0 0 0 0 0 0 0 0 0 0 0 0 0 0 0 ' ,21 ,0 ,0, 0
97 ,52, 83, '31 32 25 27 28 28 31 25 27 64 35 25 19 16 59 25 ' ,'0 0 0 0 0 0 0 0 0 0 0 0 0 0 0 0 ' ,53 ,1 ,0, 0
120 ,89, 103, '96 58 59 63 65 84 51 53 74 43 91 59 48 47 43 73 ' ,'0 0 0 0 0 0 0 0 0 0 0 0 0 0 0 0 ' ,54 ,1 ,1, 1
99 ,110, 78, '63 59 65 58 54 69 67 63 63 67 57 57 42 52 41 50 ' ,'0 0 0 0 0 0 0 0 0 0 0 0 0 0 0 0 ' ,31 ,1 ,1, 1
101 ,85, 80, '68 64 66 75 66 60 71 61 77 56 61 56 47 52 51 46 ' ,'0 0 0 0 0 0 0 0 0 0 0 0 0 0 0 0 ' ,33 ,0 ,1, 1
108 ,93, 91, '56 76 69 83 68 66 63 77 68 68 64 66 47 52 53 44 ' ,'0 0 0 0 0 0 0 0 0 0 0 0 0 0 0 0 ' ,41 ,1 ,1, 1
138 ,100, 123, '65 76 67 57 106 60 58 65 74 112 62 69 46 47 88 46 ' ,'0 0 0 0 0 0 0 0 0 0 0 0 0 0 0 0 ' ,73 ,1 ,0, 0
120 ,130, 102, '90 50 78 83 68 82 62 57 70 62 72 61 49 52 51 76 ' ,'0 0 0 0 0 0 0 0 0 0 0 0 0 0 0 0 ' ,42 ,1 ,1, 0
96 ,110, 83, '66 64 66 73 58 61 70 62 67 64 53 59 41 46 49 52 ' ,'0 0 0 0 0 0 0 0 0 0 0 0 0 0 0 0 ' ,31 ,0 ,1, 1
107 ,87, 91, '53 73 71 74 73 57 66 70 79 64 75 64 53 52 49 48 ' ,'0 0 0 0 0 0 0 0 0 0 0 0 0 0 0 0 ' ,36 ,1 ,1, 0
101 ,99, 88, '64 59 71 77 59 59 65 50 69 71 42 65 49 52 46 50 ' ,'0 0 0 0 0 0 0 0 0 0 0 0 0 0 0 0 ' ,38 ,1 ,1, 1
116 ,91, 103, '61 71 68 56 90 52 57 61 59 77 63 62 42 42 63 46 ' ,'0 0 0 0 0 0 0 0 0 0 0 0 0 0 0 0 ' ,51 ,1 ,1, 1
111 ,107, 93, '68 63 71 69 65 82 67 70 72 73 73 53 53 47 47 61 ' ,'0 0 0 0 0 0 0 0 0 0 0 0 0 0 0 0 ' ,36 ,0 ,0, 0
108 ,103, 90, '54 52 66 69 63 57 66 54 79 64 74 59 44 54 49 45 ' ,'0 0 0 0 0 0 0 0 0 0 0 0 0 0 0 0 ' ,37 ,1 ,1, 0
100 ,96, 88, '74 71 68 74 75 59 65 65 54 59 62 64 46 45 48 44 ' ,'0 0 0 0 0 0 0 0 0 0 0 0 0 0 0 0 ' ,37 ,1 ,1, 1
111 ,92, 98, '54 63 65 84 67 54 68 59 53 68 70 65 43 41 48 47 ' ,'0 0 0 0 0 0 0 0 0 0 0 0 0 0 0 0 ' ,45 ,1 ,1, 1
98 ,103, 86, '54 59 60 73 66 59 61 64 74 73 68 57 52 54 55 49 ' ,'0 0 0 0 0 0 0 0 0 0 0 0 0 0 0 0 ' ,30 ,1 ,1, 1
110 ,89, 97, '71 55 68 82 53 86 60 68 55 55 74 59 44 57 45 68 ' ,'0 0 0 0 0 0 0 0 0 0 0 0 0 0 0 0 ' ,44 ,1 ,0, 0
87 ,101, 74, '56 60 54 62 50 64 48 59 59 53 58 52 42 49 43 49 ' ,'0 0 0 0 0 0 0 0 0 0 0 0 0 0 0 0 ' ,23 ,1 ,0, 0
104 ,78, 90, '42 57 81 63 71 55 52 46 48 60 44 62 65 52 34 37 ' ,'0 0 0 0 0 0 0 0 0 0 0 0 0 0 0 0 ' ,48 ,1 ,1, 1
87 ,95, 73, '46 56 52 60 51 54 52 49 60 63 50 48 36 43 40 44 ' ,'0 0 0 0 0 0 0 0 0 0 0 0 0 0 0 0 ' ,28 ,1 ,0, 0
92 ,78, 78, '52 61 50 52 50 47 53 43 68 64 55 51 33 37 53 40 ' ,'0 0 0 0 0 0 0 0 0 0 0 0 0 0 0 0 ' ,36 ,1 ,1, 0
101 ,83, 88, '76 54 53 61 54 70 67 49 51 54 67 53 38 47 44 59 ' ,'0 0 0 0 0 0 0 0 0 0 0 0 0 0 0 0 ' ,39 ,1 ,0, 0
91 ,94, 77, '53 56 69 67 48 54 54 61 52 48 57 53 39 41 33 34 ' ,'0 0 0 0 0 0 0 0 0 0 0 0 0 0 0 0 ' ,36 ,1 ,0, 0
86 ,83, 73, '46 38 57 51 64 53 48 47 54 49 47 54 38 51 42 34 ' ,'0 0 0 0 0 0 0 0 0 0 0 0 0 0 0 0 ' ,34 ,0 ,1, 1
93 ,79, 73, '54 51 61 55 63 49 54 53 51 58 47 53 32 48 44 46 ' ,'0 0 0 0 0 0 0 0 0 0 0 0 0 0 0 0 ' ,32 ,0 ,1, 1
106 ,80, 90, '50 59 56 60 80 42 51 47 58 77 50 54 35 49 68 41 ' ,'0 0 0 0 0 0 0 0 0 0 0 0 0 0 0 0 ' ,47 ,1 ,0, 0
97 ,95, 78, '66 40 51 46 43 69 45 48 49 59 62 48 57 45 34 59 ' ,'0 0 0 0 0 0 0 0 0 0 0 0 0 0 0 0 ' ,39 ,1 ,1, 1
80 ,88, 65, '45 53 41 51 43 49 52 46 42 43 54 51 45 36 36 36 ' ,'0 0 0 0 0 0 0 0 0 0 0 0 0 0 0 0 ' ,24 ,1 ,0, 0
80 ,72, 66, '41 55 49 53 46 57 49 46 44 52 46 37 35 40 33 34 ' ,'0 0 0 0 0 0 0 0 0 0 0 0 0 0 0 0 ' ,26 ,0 ,1, 1
75 ,300, 61, '39 46 51 40 43 45 37 45 53 43 37 41 40 46 29 34 ' ,'0 0 0 0 0 0 0 0 0 0 0 0 0 0 0 0 ' ,24 ,1 ,0, 0
102 ,67, 87, '47 42 48 60 71 50 53 45 55 75 40 45 39 36 66 34 ' ,'0 0 0 0 0 0 0 0 0 0 0 0 0 0 0 0 ' ,44 ,1 ,1, 1
130 ,92, 114, '102 56 64 59 47 101 42 58 39 52 98 40 38 29 30 87 ' ,'0 0 0 0 0 0 0 0 0 0 0 0 0 0 0 0 ' ,76 ,0 ,1, 1
82 ,119, 67, '37 53 46 52 53 51 47 38 44 42 54 55 38 37 39 38 ' ,'0 0 0 0 0 0 0 0 0 0 0 0 0 0 0 0 ' ,24 ,1 ,1, 1
85 ,73, 72, '45 43 50 57 47 42 40 63 43 48 46 45 33 37 32 35 ' ,'0 0 0 0 0 0 0 0 0 0 0 0 0 0 0 0 ' ,34 ,1 ,0, 0
85 ,78, 72, '36 51 51 64 40 39 56 49 49 49 40 48 35 45 33 33 ' ,'0 0 0 0 0 0 0 0 0 0 0 0 0 0 0 0 ' ,33 ,1 ,1, 1
126 ,77, 112, '38 36 43 54 90 37 50 37 42 101 38 45 31 41 81 50 ' ,'0 0 0 0 0 0 0 0 0 0 0 0 0 0 0 0 ' ,72 ,1 ,1, 1
99 ,117, 84, '62 46 41 47 38 76 35 43 42 43 61 50 35 33 34 69 ' ,'0 0 0 0 0 0 0 0 0 0 0 0 0 0 0 0 ' ,45 ,1 ,0, 0
90 ,90, 73, '43 47 42 65 52 55 48 54 49 52 51 43 35 53 38 36 ' ,'0 0 0 0 0 0 0 0 0 0 0 0 0 0 0 0 ' ,31 ,0 ,0, 0
83 ,79, 70, '47 51 51 57 56 44 53 58 44 52 51 44 34 37 37 36 ' ,'0 0 0 0 0 0 0 0 0 0 0 0 0 0 0 0 ' ,28 ,1 ,1, 1
89 ,76, 74, '62 48 55 58 46 46 49 48 49 38 45 51 38 38 35 39 ' ,'0 0 0 0 0 0 0 0 0 0 0 0 0 0 0 0 ' ,29 ,1 ,0, 0
122 ,80, 73, '53 42 46 46 46 54 49 41 52 50 45 61 34 39 48 45 ' ,'0 0 0 0 0 0 0 0 0 0 0 0 0 0 0 0 ' ,28 ,1 ,0, 0
95 ,115, 80, '70 52 51 71 48 70 50 51 44 45 64 54 40 43 43 63 ' ,'0 0 0 0 0 0 0 0 0 0 0 0 0 0 0 0 ' ,31 ,0 ,1, 1
97 ,86, 81, '52 49 63 56 58 49 56 49 75 48 62 50 41 47 40 35 ' ,'0 0 0 0 0 0 0 0 0 0 0 0 0 0 0 0 ' ,43 ,1 ,0, 0
85 ,91, 71, '57 48 48 65 54 46 50 51 50 43 46 59 46 45 33 37 ' ,'0 0 0 0 0 0 0 0 0 0 0 0 0 0 0 0 ' ,30 ,1 ,0, 0
88 ,78, 74, '53 53 50 61 48 49 45 45 44 54 51 62 31 39 31 43 ' ,'0 0 0 0 0 0 0 0 0 0 0 0 0 0 0 0 ' ,33 ,1 ,1, 1
190 ,79, 172, '71 163 52 55 64 52 65 77 65 61 53 93 41 46 52 40 ' ,'0 106 0 0 0 0 0 101 0 0 0 0 99 0 0 0 ' ,122 ,1 ,0, 0
99 ,180, 82, '68 64 43 53 59 73 53 45 49 48 67 49 32 42 37 55 ' ,'0 0 0 0 0 0 0 0 0 0 0 0 0 0 0 0 ' ,43 ,1 ,0, 0
86 ,88, 71, '49 55 45 46 48 44 53 57 48 58 53 50 45 49 43 33 ' ,'0 0 0 0 0 0 0 0 0 0 0 0 0 0 0 0 ' ,31 ,1 ,1, 1
86 ,78, 72, '38 48 51 54 43 45 49 54 42 40 38 59 38 33 34 33 ' ,'0 0 0 0 0 0 0 0 0 0 0 0 0 0 0 0 ' ,34 ,1 ,1, 1
83 ,78, 70, '45 50 44 49 54 51 51 54 56 51 43 52 39 50 35 46 ' ,'0 0 0 0 0 0 0 0 0 0 0 0 0 0 0 0 ' ,24 ,0 ,0, 0
113 ,75, 95, '51 53 56 57 85 60 52 61 49 66 45 60 39 33 34 43 ' ,'0 0 0 0 0 0 0 0 0 0 0 0 0 0 0 0 ' ,52 ,1 ,1, 0
108 ,105, 93, '63 49 42 54 54 72 48 41 53 50 58 49 41 37 47 51 ' ,'0 0 0 0 0 0 0 0 0 0 0 0 0 0 0 0 ' ,29 ,1 ,1, 1
82 ,101, 62, '47 53 40 50 51 48 46 53 57 45 52 40 41 41 39 39 ' ,'0 0 0 0 0 0 0 0 0 0 0 0 0 0 0 0 ' ,20 ,0 ,0, 0
92 ,73, 77, '58 47 49 55 47 47 67 51 58 47 57 47 33 35 30 42 ' ,'0 0 0 0 0 0 0 0 0 0 0 0 0 0 0 0 ' ,39 ,1 ,0, 0
84 ,86, 69, '50 58 48 53 55 49 53 42 62 54 52 44 29 40 41 46 ' ,'0 0 0 0 0 0 0 0 0 0 0 0 0 0 0 0 ' ,32 ,0 ,1, 1
119 ,76, 82, '56 42 58 43 54 52 56 52 37 58 61 47 48 43 51 36 ' ,'0 0 0 0 0 0 0 0 0 0 0 0 0 0 0 0 ' ,40 ,1 ,1, 1
84 ,107, 69, '54 54 51 61 48 46 48 52 50 56 55 35 41 38 30 50 ' ,'0 0 0 0 0 0 0 0 0 0 0 0 0 0 0 0 ' ,32 ,1 ,0, 0
85 ,76, 64, '49 47 49 46 45 49 45 58 45 47 48 47 50 40 43 41 ' ,'0 0 0 0 0 0 0 0 0 0 0 0 0 0 0 0 ' ,20 ,1 ,1, 1
242 ,72, 228, '37 43 55 50 59 217 48 56 56 55 213 51 30 37 37 33 ' ,'0 0 0 0 0 0 0 0 0 0 0 0 0 0 0 0 ' ,188 ,2 ,0, 0
87 ,235, 72, '52 48 57 61 43 55 58 50 61 52 49 58 36 49 48 47 ' ,'0 0 0 0 0 0 0 0 0 0 0 0 0 0 0 0 ' ,27 ,1 ,1, 1
87 ,78, 70, '49 57 48 46 60 42 49 55 48 58 55 57 35 38 51 40 ' ,'0 0 0 0 0 0 0 0 0 0 0 0 0 0 0 0 ' ,27 ,0 ,0, 0
134 ,78, 120, '94 46 54 51 49 109 48 49 52 51 97 46 46 41 40 90 ' ,'0 0 0 0 0 0 0 0 0 0 0 0 0 0 0 0 ' ,72 ,1 ,1, 1
99 ,125, 84, '54 51 57 58 50 56 69 50 47 49 64 52 52 42 39 38 ' ,'0 0 0 0 0 0 0 0 0 0 0 0 0 0 0 0 ' ,37 ,1 ,0, 0
96 ,91, 81, '58 55 67 53 50 62 56 53 46 52 43 54 31 36 39 44 ' ,'0 0 0 0 0 0 0 0 0 0 0 0 0 0 0 0 ' ,35 ,1 ,0, 0
91 ,86, 74, '42 50 50 54 43 54 63 55 47 51 47 45 46 44 36 44 ' ,'0 0 0 0 0 0 0 0 0 0 0 0 0 0 0 0 ' ,32 ,1 ,0, 0
96 ,82, 81, '43 50 50 59 66 56 50 50 49 72 53 51 30 39 48 40 ' ,'0 0 0 0 0 0 0 0 0 0 0 0 0 0 0 0 ' ,43 ,1 ,0, 0
118 ,89, 104, '88 57 50 63 52 88 60 51 48 58 85 57 39 33 39 72 ' ,'0 0 0 0 0 0 0 0 0 0 0 0 0 0 0 0 ' ,65 ,1 ,0, 0
90 ,109, 76, '51 46 67 59 51 49 57 47 49 48 49 48 36 50 43 38 ' ,'0 0 0 0 0 0 0 0 0 0 0 0 0 0 0 0 ' ,31 ,1 ,1, 1
95 ,81, 75, '53 64 46 51 52 54 51 42 59 59 49 50 46 38 35 42 ' ,'0 0 0 0 0 0 0 0 0 0 0 0 0 0 0 0 ' ,32 ,1 ,0, 0
93 ,81, 78, '56 55 49 70 56 42 42 46 54 52 65 49 33 44 38 46 ' ,'0 0 0 0 0 0 0 0 0 0 0 0 0 0 0 0 ' ,33 ,1 ,1, 1
123 ,84, 104, '55 49 43 52 93 58 56 54 49 91 50 56 45 47 79 39 ' ,'0 0 0 0 0 0 0 0 0 0 0 0 0 0 0 0 ' ,61 ,1 ,0, 0
114 ,111, 100, '82 52 55 48 49 89 46 35 37 52 88 52 28 40 47 65 ' ,'0 0 0 0 0 0 0 0 0 0 0 0 0 0 0 0 ' ,64 ,1 ,1, 1
81 ,107, 66, '39 53 44 56 42 42 35 54 53 48 40 48 37 35 39 48 ' ,'0 0 0 0 0 0 0 0 0 0 0 0 0 0 0 0 ' ,25 ,1 ,0, 0
91 ,72, 77, '53 62 53 69 47 46 46 49 52 52 46 67 31 26 49 44 ' ,'0 0 0 0 0 0 0 0 0 0 0 0 0 0 0 0 ' ,45 ,1 ,1, 0
94 ,83, 73, '51 53 44 61 43 46 50 40 61 41 36 50 40 32 35 41 ' ,'0 0 0 0 0 0 0 0 0 0 0 0 0 0 0 0 ' ,34 ,1 ,0, 0
109 ,80, 88, '58 53 53 68 81 48 61 45 75 79 58 54 36 44 39 46 ' ,'0 0 0 0 0 0 0 0 0 0 0 0 0 0 0 0 ' ,46 ,2 ,1, 1
99 ,99, 84, '70 55 55 65 56 73 57 64 51 61 71 55 55 42 38 62 ' ,'0 0 0 0 0 0 0 0 0 0 0 0 0 0 0 0 ' ,37 ,1 ,0, 0
93 ,91, 79, '44 42 54 47 48 65 46 47 48 54 49 55 39 37 35 45 ' ,'0 0 0 0 0 0 0 0 0 0 0 0 0 0 0 0 ' ,33 ,1 ,1, 1
95 ,83, 76, '49 48 58 57 53 50 50 53 61 57 43 54 40 46 37 65 ' ,'0 0 0 0 0 0 0 0 0 0 0 0 0 0 0 0 ' ,25 ,1 ,1, 0
93 ,86, 71, '51 57 53 57 62 37 54 54 62 56 50 57 41 48 40 43 ' ,'0 0 0 0 0 0 0 0 0 0 0 0 0 0 0 0 ' ,27 ,1 ,0, 0
110 ,87, 88, '55 51 49 44 80 37 43 50 54 43 51 43 40 42 57 47 ' ,'0 0 0 0 0 0 0 0 0 0 0 0 0 0 0 0 ' ,40 ,0 ,0, 0
133 ,101, 117, '65 59 45 54 53 68 58 52 72 51 106 50 39 33 46 98 ' ,'0 0 0 0 0 0 0 0 0 0 0 0 0 0 0 0 ' ,78 ,1 ,1, 1
83 ,125, 61, '49 44 52 50 54 53 55 50 48 49 44 52 33 42 31 48 ' ,'0 0 0 0 0 0 0 0 0 0 0 0 0 0 0 0 ' ,30 ,1 ,0, 0
93 ,75, 71, '54 59 41 64 56 58 60 50 55 43 56 48 30 43 47 46 ' ,'0 0 0 0 0 0 0 0 0 0 0 0 0 0 0 0 ' ,34 ,1 ,0, 0
85 ,79, 71, '52 58 42 63 48 57 45 58 55 47 52 55 32 51 50 40 ' ,'0 0 0 0 0 0 0 0 0 0 0 0 0 0 0 0 ' ,31 ,1 ,1, 1
101 ,77, 84, '54 61 44 66 72 51 54 54 61 75 50 49 36 44 61 39 ' ,'0 0 0 0 0 0 0 0 0 0 0 0 0 0 0 0 ' ,43 ,1 ,0, 0
88 ,92, 73, '62 59 57 48 53 53 56 63 55 58 59 54 47 39 54 57 ' ,'0 0 0 0 0 0 0 0 0 0 0 0 0 0 0 0 ' ,29 ,1 ,0, 0
94 ,81, 78, '52 49 60 68 43 53 47 48 52 50 52 54 34 34 53 32 ' ,'0 0 0 0 0 0 0 0 0 0 0 0 0 0 0 0 ' ,37 ,1 ,0, 0
96 ,86, 81, '51 54 54 67 61 51 56 51 57 54 49 58 40 40 42 55 ' ,'0 0 0 0 0 0 0 0 0 0 0 0 0 0 0 0 ' ,32 ,1 ,0, 0
91 ,87, 77, '50 66 59 66 53 50 43 56 57 59 54 59 43 51 36 44 ' ,'0 0 0 0 0 0 0 0 0 0 0 0 0 0 0 0 ' ,31 ,2 ,1, 1
116 ,81, 100, '48 63 49 55 74 52 50 48 53 87 50 54 37 32 67 37 ' ,'0 0 0 0 0 0 0 0 0 0 0 0 0 0 0 0 ' ,62 ,2 ,0, 0
93 ,107, 80, '52 60 60 60 57 51 58 53 45 44 57 62 39 50 45 46 ' ,'0 0 0 0 0 0 0 0 0 0 0 0 0 0 0 0 ' ,32 ,1 ,1, 1
97 ,85, 82, '51 40 49 75 62 51 56 58 61 54 45 53 36 57 43 33 ' ,'0 0 0 0 0 0 0 0 0 0 0 0 0 0 0 0 ' ,44 ,1 ,0, 0
189 ,90, 129, '94 48 58 59 48 88 52 45 52 46 40 41 39 41 41 164 ' ,'0 0 0 0 0 0 0 0 0 0 0 0 0 0 0 0 ' ,116 ,1 ,0, 0
102 ,180, 76, '49 57 60 68 57 53 60 50 53 61 43 51 42 45 42 46 ' ,'0 0 0 0 0 0 0 0 0 0 0 0 0 0 0 0 ' ,28 ,1 ,0, 0
93 ,96, 78, '67 63 52 64 69 64 44 65 69 59 56 61 40 45 63 39 ' ,'0 0 0 0 0 0 0 0 0 0 0 0 0 0 0 0 ' ,33 ,1 ,1, 1
120 ,85, 105, '96 59 57 80 60 94 62 66 55 58 87 55 49 44 50 77 ' ,'0 0 0 0 0 0 0 0 0 0 0 0 0 0 0 0 ' ,56 ,1 ,0, 0
95 ,112, 79, '61 53 59 71 56 55 59 62 69 57 55 68 42 41 43 41 ' ,'0 0 0 0 0 0 0 0 0 0 0 0 0 0 0 0 ' ,35 ,1 ,0, 0
90 ,86, 76, '52 47 58 69 61 62 51 66 59 62 54 56 43 50 41 40 ' ,'0 0 0 0 0 0 0 0 0 0 0 0 0 0 0 0 ' ,29 ,1 ,0, 0
96 ,82, 80, '53 68 55 65 62 65 55 70 58 49 55 63 44 43 44 51 ' ,'0 0 0 0 0 0 0 0 0 0 0 0 0 0 0 0 ' ,32 ,1 ,0, 0
131 ,89, 117, '54 54 82 70 106 54 52 60 63 100 47 54 40 41 89 46 ' ,'0 0 0 0 0 0 0 0 0 0 0 0 0 0 0 0 ' ,71 ,1 ,0, 0
135 ,124, 117, '89 60 58 53 56 108 47 64 72 48 94 52 51 48 48 87 ' ,'0 0 0 0 0 0 0 0 0 0 0 0 0 0 0 0 ' ,64 ,1 ,0, 0
90 ,124, 74, '56 59 55 66 48 48 52 49 49 50 61 59 45 49 48 45 ' ,'0 0 0 0 0 0 0 0 0 0 0 0 0 0 0 0 ' ,24 ,0 ,1, 0
101 ,82, 74, '53 68 60 52 59 54 51 55 63 61 57 55 44 36 39 51 ' ,'0 0 0 0 0 0 0 0 0 0 0 0 0 0 0 0 ' ,32 ,1 ,0, 0
98 ,93, 78, '63 56 68 69 52 59 49 65 58 59 55 49 47 43 53 46 ' ,'0 0 0 0 0 0 0 0 0 0 0 0 0 0 0 0 ' ,29 ,1 ,1, 1
116 ,91, 100, '55 60 63 70 91 60 55 58 69 57 58 52 38 47 78 41 ' ,'0 0 0 0 0 0 0 0 0 0 0 0 0 0 0 0 ' ,56 ,1 ,0, 0
97 ,108, 78, '63 49 72 70 54 69 52 55 65 60 65 56 51 45 40 54 ' ,'0 0 0 0 0 0 0 0 0 0 0 0 0 0 0 0 ' ,34 ,1 ,1, 1
99 ,89, 82, '56 71 66 67 60 59 56 64 71 48 51 58 45 39 38 42 ' ,'0 0 0 0 0 0 0 0 0 0 0 0 0 0 0 0 ' ,38 ,1 ,1, 1
95 ,92, 79, '54 67 63 58 60 62 60 54 56 58 67 53 42 54 37 47 ' ,'0 0 0 0 0 0 0 0 0 0 0 0 0 0 0 0 ' ,34 ,1 ,1, 1
95 ,89, 79, '54 56 71 52 51 50 52 55 67 53 52 61 31 46 40 43 ' ,'0 0 0 0 0 0 0 0 0 0 0 0 0 0 0 0 ' ,39 ,1 ,0, 0
102 ,90, 86, '57 50 62 67 57 55 48 54 67 73 60 50 46 40 63 41 ' ,'0 0 0 0 0 0 0 0 0 0 0 0 0 0 0 0 ' ,38 ,1 ,1, 1
101 ,91, 87, '57 70 55 60 58 63 62 59 63 65 58 59 45 41 48 52 ' ,'0 0 0 0 0 0 0 0 0 0 0 0 0 0 0 0 ' ,39 ,1 ,0, 0
85 ,94, 71, '39 53 51 59 60 58 61 55 48 50 56 52 28 45 36 40 ' ,'0 0 0 0 0 0 0 0 0 0 0 0 0 0 0 0 ' ,34 ,1 ,1, 0
