222 ,0, 126, '70 59 72 78 44 43 44 34 38 37 40 35 35 38 36 77 ' ,'0 0 0 0 0 0 0 0 0 0 0 0 0 0 0 0 ' ,83 ,10 ,2, 2
173 ,181, 154, '145 111 113 106 65 128 102 76 74 94 125 101 64 115 75 61 ' ,'0 0 0 0 0 0 0 0 0 0 0 0 0 0 0 0 ' ,87 ,1 ,1, 1
100 ,161, 29, '14 19 16 20 12 7 14 9 16 11 7 12 10 14 11 8 ' ,'0 0 0 0 0 0 0 0 0 0 0 0 0 0 0 0 ' ,18 ,1 ,1, 1
100 ,82, 25, '13 20 17 23 12 8 13 8 8 6 8 10 8 8 6 12 ' ,'0 0 0 0 0 0 0 0 0 0 0 0 0 0 0 0 ' ,28 ,1 ,1, 1
89 ,60, 55, '18 15 10 20 9 12 11 6 11 8 6 10 8 11 8 6 ' ,'0 0 0 0 0 0 0 0 0 0 0 0 0 0 0 0 ' ,35 ,1 ,2, 2
67 ,73, 32, '13 14 12 15 12 8 7 8 11 12 7 8 7 11 11 16 ' ,'0 0 0 0 0 0 0 0 0 0 0 0 0 0 0 0 ' ,16 ,1 ,1, 1
88 ,44, 35, '12 14 11 20 6 8 6 8 6 6 8 11 6 8 5 6 ' ,'0 0 0 0 0 0 0 0 0 0 0 0 0 0 0 0 ' ,20 ,0 ,0, 0
72 ,61, 29, '14 16 13 19 6 12 12 12 10 9 7 11 7 15 6 8 ' ,'0 0 0 0 0 0 0 0 0 0 0 0 0 0 0 0 ' ,19 ,1 ,1, 1
95 ,47, 45, '13 21 18 34 6 6 10 7 15 7 17 9 7 13 6 12 ' ,'0 0 0 0 0 0 0 0 0 0 0 0 0 0 0 0 ' ,27 ,0 ,0, 0
78 ,57, 31, '19 12 12 11 6 11 7 7 11 15 7 11 6 13 7 16 ' ,'0 0 0 0 0 0 0 0 0 0 0 0 0 0 0 0 ' ,20 ,1 ,1, 1
73 ,50, 31, '12 12 13 22 9 8 10 7 10 7 7 13 12 12 12 6 ' ,'0 0 0 0 0 0 0 0 0 0 0 0 0 0 0 0 ' ,19 ,1 ,0, 0
69 ,43, 23, '12 15 14 16 12 6 10 5 12 12 9 6 10 11 11 12 ' ,'0 0 0 0 0 0 0 0 0 0 0 0 0 0 0 0 ' ,16 ,1 ,0, 0
60 ,47, 36, '20 19 18 25 10 11 12 11 10 11 9 6 11 12 11 10 ' ,'0 0 0 0 0 0 0 0 0 0 0 0 0 0 0 0 ' ,18 ,1 ,1, 1
51 ,48, 29, '19 23 17 13 12 8 15 10 14 8 7 13 10 8 11 7 ' ,'0 0 0 0 0 0 0 0 0 0 0 0 0 0 0 0 ' ,16 ,1 ,1, 1
49 ,41, 31, '22 15 18 23 6 11 7 11 11 10 7 6 13 16 7 9 ' ,'0 0 0 0 0 0 0 0 0 0 0 0 0 0 0 0 ' ,15 ,1 ,1, 1
76 ,39, 21, '9 15 11 15 11 5 9 12 8 5 6 7 6 7 5 5 ' ,'0 0 0 0 0 0 0 0 0 0 0 0 0 0 0 0 ' ,19 ,2 ,1, 1
97 ,49, 36, '14 20 13 17 12 8 8 8 13 8 8 9 14 10 10 7 ' ,'0 0 0 0 0 0 0 0 0 0 0 0 0 0 0 0 ' ,22 ,2 ,1, 1
96 ,59, 48, '16 12 11 15 6 13 6 9 10 6 7 6 7 9 12 6 ' ,'0 0 0 0 0 0 0 0 0 0 0 0 0 0 0 0 ' ,30 ,4 ,0, 0
76 ,62, 32, '12 12 14 16 10 7 9 10 9 7 7 13 11 9 17 6 ' ,'0 0 0 0 0 0 0 0 0 0 0 0 0 0 0 0 ' ,21 ,1 ,0, 0
82 ,45, 23, '11 13 12 13 12 6 6 8 9 9 6 11 6 8 6 14 ' ,'0 0 0 0 0 0 0 0 0 0 0 0 0 0 0 0 ' ,14 ,1 ,0, 0
73 ,56, 30, '15 18 12 18 10 8 8 7 7 10 7 13 16 7 8 6 ' ,'0 0 0 0 0 0 0 0 0 0 0 0 0 0 0 0 ' ,17 ,1 ,1, 1
90 ,42, 38, '12 19 15 16 12 6 17 7 8 7 7 6 9 17 13 6 ' ,'0 0 0 0 0 0 0 0 0 0 0 0 0 0 0 0 ' ,27 ,1 ,1, 1
78 ,64, 29, '20 19 18 21 10 12 10 8 11 8 8 10 13 16 14 16 ' ,'0 0 0 0 0 0 0 0 0 0 0 0 0 0 0 0 ' ,19 ,1 ,1, 1
86 ,55, 33, '22 20 14 16 12 11 14 10 9 8 19 12 10 11 7 13 ' ,'0 0 0 0 0 0 0 0 0 0 0 0 0 0 0 0 ' ,23 ,1 ,0, 0
84 ,58, 36, '18 21 13 21 10 10 14 20 13 15 7 14 7 8 8 15 ' ,'0 0 0 0 0 0 0 0 0 0 0 0 0 0 0 0 ' ,17 ,1 ,1, 1
49 ,61, 28, '15 22 18 19 9 7 14 12 10 8 9 14 10 9 8 13 ' ,'0 0 0 0 0 0 0 0 0 0 0 0 0 0 0 0 ' ,18 ,1 ,1, 1
76 ,39, 51, '11 13 20 17 6 7 8 14 9 13 14 7 11 10 6 10 ' ,'0 0 0 0 0 0 0 0 0 0 0 0 0 0 0 0 ' ,36 ,24 ,1, 1
56 ,62, 33, '20 21 16 19 7 6 13 11 13 8 11 12 8 15 7 14 ' ,'0 0 0 0 0 0 0 0 0 0 0 0 0 0 0 0 ' ,17 ,2 ,1, 1
91 ,46, 38, '19 17 16 16 11 20 9 19 11 17 18 8 14 14 10 8 ' ,'0 0 0 0 0 0 0 0 0 0 0 0 0 0 0 0 ' ,26 ,1 ,0, 0
81 ,54, 34, '14 17 19 26 15 10 10 18 11 9 8 11 8 11 17 13 ' ,'0 0 0 0 0 0 0 0 0 0 0 0 0 0 0 0 ' ,22 ,1 ,0, 0
103 ,55, 50, '14 18 15 18 11 8 12 13 12 7 6 9 31 15 6 6 ' ,'0 0 0 0 0 0 0 0 0 0 0 0 0 0 0 0 ' ,44 ,1 ,0, 0
99 ,72, 48, '11 17 17 17 12 6 12 6 12 9 6 9 7 11 6 12 ' ,'0 0 0 0 0 0 0 0 0 0 0 0 0 0 0 0 ' ,35 ,19 ,0, 0
67 ,71, 37, '14 19 13 22 7 12 11 11 13 10 8 15 17 12 7 7 ' ,'0 0 0 0 0 0 0 0 0 0 0 0 0 0 0 0 ' ,24 ,1 ,0, 0
87 ,51, 36, '24 23 14 20 13 12 14 7 10 8 16 13 8 9 8 9 ' ,'0 0 0 0 0 0 0 0 0 0 0 0 0 0 0 0 ' ,29 ,0 ,1, 1
82 ,58, 39, '22 13 17 23 7 12 8 7 15 7 8 9 6 13 7 9 ' ,'0 0 0 0 0 0 0 0 0 0 0 0 0 0 0 0 ' ,18 ,0 ,0, 0
79 ,54, 26, '11 10 14 15 6 6 12 9 11 11 11 10 12 10 5 6 ' ,'0 0 0 0 0 0 0 0 0 0 0 0 0 0 0 0 ' ,20 ,0 ,0, 0
106 ,53, 64, '16 15 14 20 12 7 9 7 14 11 7 7 9 14 11 12 ' ,'0 0 0 0 0 0 0 0 0 0 0 0 0 0 0 0 ' ,51 ,40 ,0, 0
69 ,81, 33, '13 26 17 18 14 7 12 7 12 13 12 10 7 15 15 8 ' ,'0 0 0 0 0 0 0 0 0 0 0 0 0 0 0 0 ' ,22 ,1 ,1, 1
49 ,45, 32, '18 19 18 20 13 12 9 12 14 12 11 10 14 14 18 12 ' ,'0 0 0 0 0 0 0 0 0 0 0 0 0 0 0 0 ' ,17 ,0 ,0, 0
51 ,40, 33, '26 16 13 19 6 12 9 6 8 5 14 8 6 9 11 14 ' ,'0 0 0 0 0 0 0 0 0 0 0 0 0 0 0 0 ' ,18 ,1 ,1, 1
47 ,41, 30, '16 20 23 20 10 13 10 11 9 11 7 6 10 11 6 11 ' ,'0 0 0 0 0 0 0 0 0 0 0 0 0 0 0 0 ' ,12 ,1 ,0, 0
88 ,37, 55, '15 18 12 15 12 12 12 7 9 11 7 10 16 8 9 7 ' ,'0 0 0 0 0 0 0 0 0 0 0 0 0 0 0 0 ' ,40 ,21 ,0, 0
137 ,66, 27, '12 20 13 19 7 6 12 12 15 14 7 10 9 13 7 14 ' ,'0 0 0 0 0 0 0 0 0 0 0 0 0 0 0 0 ' ,18 ,1 ,1, 1
113 ,108, 72, '24 16 14 12 10 11 12 10 6 6 6 12 13 9 6 6 ' ,'0 0 0 0 0 0 0 0 0 0 0 0 0 0 0 0 ' ,56 ,38 ,1, 1
75 ,86, 29, '13 12 9 13 5 5 8 9 8 5 11 5 9 7 5 5 ' ,'0 0 0 0 0 0 0 0 0 0 0 0 0 0 0 0 ' ,25 ,1 ,0, 0
72 ,53, 30, '16 20 12 17 14 6 11 6 17 7 13 9 6 11 11 6 ' ,'0 0 0 0 0 0 0 0 0 0 0 0 0 0 0 0 ' ,18 ,0 ,0, 0
134 ,46, 86, '23 10 30 13 17 26 6 5 8 9 45 13 11 8 10 26 ' ,'0 0 0 0 0 0 0 0 0 0 0 0 0 0 0 0 ' ,79 ,32 ,0, 0
66 ,107, 24, '9 13 14 18 14 6 6 5 11 11 6 6 5 10 5 5 ' ,'0 0 0 0 0 0 0 0 0 0 0 0 0 0 0 0 ' ,15 ,1 ,0, 0
81 ,40, 36, '12 20 12 18 12 7 13 6 13 13 6 12 6 10 11 14 ' ,'0 0 0 0 0 0 0 0 0 0 0 0 0 0 0 0 ' ,17 ,1 ,0, 0
88 ,52, 41, '12 18 15 18 12 8 13 6 12 12 8 11 10 10 17 7 ' ,'0 0 0 0 0 0 0 0 0 0 0 0 0 0 0 0 ' ,35 ,1 ,0, 0
89 ,60, 34, '17 20 15 19 9 8 15 12 15 11 8 15 23 15 9 8 ' ,'0 0 0 0 0 0 0 0 0 0 0 0 0 0 0 0 ' ,30 ,0 ,0, 0
54 ,54, 29, '10 22 14 16 6 5 10 11 7 5 6 10 5 8 9 5 ' ,'0 0 0 0 0 0 0 0 0 0 0 0 0 0 0 0 ' ,23 ,2 ,0, 0
50 ,43, 26, '19 14 20 22 6 14 7 8 13 7 10 11 8 7 6 12 ' ,'0 0 0 0 0 0 0 0 0 0 0 0 0 0 0 0 ' ,13 ,1 ,0, 0
64 ,41, 33, '27 14 17 17 6 19 11 9 18 8 18 10 10 11 11 27 ' ,'0 0 0 0 0 0 0 0 0 0 0 0 0 0 0 0 ' ,20 ,1 ,0, 0
79 ,48, 30, '17 15 15 19 11 13 15 6 10 10 8 5 5 14 5 7 ' ,'0 0 0 0 0 0 0 0 0 0 0 0 0 0 0 0 ' ,16 ,0 ,1, 1
130 ,56, 36, '11 14 12 14 7 5 10 6 7 7 14 12 9 9 8 10 ' ,'0 0 0 0 0 0 0 0 0 0 0 0 0 0 0 0 ' ,38 ,0 ,0, 0
76 ,91, 38, '28 21 12 26 20 8 15 6 12 8 6 11 11 20 11 17 ' ,'0 0 0 0 0 0 0 0 0 0 0 0 0 0 0 0 ' ,29 ,0 ,0, 0
67 ,56, 30, '14 19 15 17 6 5 11 6 7 6 11 9 6 8 6 5 ' ,'0 0 0 0 0 0 0 0 0 0 0 0 0 0 0 0 ' ,12 ,0 ,0, 0
74 ,45, 28, '21 19 12 17 10 6 6 10 11 8 6 10 14 12 6 6 ' ,'0 0 0 0 0 0 0 0 0 0 0 0 0 0 0 0 ' ,20 ,1 ,0, 0
67 ,43, 28, '15 17 10 14 5 6 8 6 8 13 6 8 6 9 11 5 ' ,'0 0 0 0 0 0 0 0 0 0 0 0 0 0 0 0 ' ,16 ,0 ,0, 0
84 ,43, 36, '11 11 12 16 6 5 6 6 14 5 5 6 11 10 11 7 ' ,'0 0 0 0 0 0 0 0 0 0 0 0 0 0 0 0 ' ,27 ,1 ,0, 0
64 ,52, 25, '10 10 10 10 13 5 5 5 5 9 5 5 5 5 8 6 ' ,'0 0 0 0 0 0 0 0 0 0 0 0 0 0 0 0 ' ,14 ,1 ,0, 0
77 ,35, 32, '14 28 14 17 8 5 18 6 7 9 6 11 6 8 5 6 ' ,'0 0 0 0 0 0 0 0 0 0 0 0 0 0 0 0 ' ,25 ,1 ,0, 0
70 ,48, 28, '11 17 9 15 8 4 5 5 19 7 10 9 7 12 7 5 ' ,'0 0 0 0 0 0 0 0 0 0 0 0 0 0 0 0 ' ,10 ,1 ,0, 0
50 ,40, 27, '12 20 15 19 8 7 12 8 12 9 7 12 9 13 6 7 ' ,'0 0 0 0 0 0 0 0 0 0 0 0 0 0 0 0 ' ,13 ,1 ,0, 0
45 ,37, 25, '11 15 17 15 11 4 9 6 7 4 10 11 9 6 9 6 ' ,'0 0 0 0 0 0 0 0 0 0 0 0 0 0 0 0 ' ,13 ,0 ,0, 0
45 ,39, 24, '11 13 15 18 6 6 9 10 9 6 7 7 10 8 7 7 ' ,'0 0 0 0 0 0 0 0 0 0 0 0 0 0 0 0 ' ,14 ,1 ,0, 0
69 ,38, 23, '11 11 12 15 8 7 7 5 9 6 6 5 8 9 12 5 ' ,'0 0 0 0 0 0 0 0 0 0 0 0 0 0 0 0 ' ,24 ,1 ,0, 0
83 ,47, 43, '13 13 15 23 6 5 7 6 10 16 6 7 7 15 12 7 ' ,'0 0 0 0 0 0 0 0 0 0 0 0 0 0 0 0 ' ,29 ,1 ,1, 1
45 ,53, 23, '15 10 14 14 5 10 5 9 7 5 10 6 7 7 11 13 ' ,'0 0 0 0 0 0 0 0 0 0 0 0 0 0 0 0 ' ,14 ,1 ,0, 0
104 ,37, 83, '16 13 11 23 9 9 12 10 10 8 8 6 14 15 15 12 ' ,'0 0 0 0 0 0 0 0 0 0 0 0 0 0 0 0 ' ,67 ,1 ,0, 0
42 ,94, 27, '15 17 17 14 10 7 7 10 7 12 7 7 9 8 10 11 ' ,'0 0 0 0 0 0 0 0 0 0 0 0 0 0 0 0 ' ,11 ,1 ,1, 0
45 ,33, 32, '19 13 19 10 11 11 7 8 11 14 11 10 9 8 17 10 ' ,'0 0 0 0 0 0 0 0 0 0 0 0 0 0 0 0 ' ,16 ,1 ,1, 1
56 ,36, 16, '9 14 16 17 10 4 7 5 13 10 10 5 7 10 8 4 ' ,'0 0 0 0 0 0 0 0 0 0 0 0 0 0 0 0 ' ,22 ,1 ,0, 0
69 ,42, 24, '15 17 13 14 10 5 8 5 7 10 8 10 9 6 12 11 ' ,'0 0 0 0 0 0 0 0 0 0 0 0 0 0 0 0 ' ,16 ,1 ,0, 0
72 ,45, 36, '14 26 13 24 13 8 12 7 11 20 7 11 7 10 13 7 ' ,'0 0 0 0 0 0 0 0 0 0 0 0 0 0 0 0 ' ,27 ,0 ,1, 0
72 ,51, 28, '20 14 14 15 14 11 7 8 9 11 6 10 8 10 11 14 ' ,'0 0 0 0 0 0 0 0 0 0 0 0 0 0 0 0 ' ,16 ,0 ,0, 0
73 ,46, 29, '13 14 12 18 12 13 5 6 12 11 5 7 5 11 10 11 ' ,'0 0 0 0 0 0 0 0 0 0 0 0 0 0 0 0 ' ,17 ,0 ,1, 1
80 ,43, 24, '14 10 10 14 6 6 5 6 9 10 12 5 4 10 6 5 ' ,'0 0 0 0 0 0 0 0 0 0 0 0 0 0 0 0 ' ,34 ,1 ,0, 0
68 ,58, 33, '12 12 11 12 10 9 16 7 6 12 9 12 6 8 9 6 ' ,'0 0 0 0 0 0 0 0 0 0 0 0 0 0 0 0 ' ,23 ,0 ,1, 1
71 ,49, 32, '14 18 11 17 5 8 10 5 7 4 5 9 5 13 5 5 ' ,'0 0 0 0 0 0 0 0 0 0 0 0 0 0 0 0 ' ,20 ,1 ,0, 0
84 ,48, 40, '16 15 13 15 14 6 9 6 7 5 6 6 6 9 7 7 ' ,'0 0 0 0 0 0 0 0 0 0 0 0 0 0 0 0 ' ,17 ,0 ,0, 0
81 ,51, 45, '10 10 10 17 10 12 5 7 6 6 8 5 5 7 6 11 ' ,'0 0 0 0 0 0 0 0 0 0 0 0 0 0 0 0 ' ,21 ,0 ,0, 0
63 ,51, 28, '11 10 10 17 6 6 5 5 12 5 6 10 8 13 13 5 ' ,'0 0 0 0 0 0 0 0 0 0 0 0 0 0 0 0 ' ,17 ,0 ,0, 0
66 ,41, 27, '11 10 11 18 12 5 6 6 11 5 10 5 6 9 5 6 ' ,'0 0 0 0 0 0 0 0 0 0 0 0 0 0 0 0 ' ,16 ,1 ,0, 0
72 ,39, 26, '10 15 13 14 5 7 11 7 10 6 5 9 5 13 8 4 ' ,'0 0 0 0 0 0 0 0 0 0 0 0 0 0 0 0 ' ,12 ,0 ,0, 0
68 ,39, 24, '10 14 10 13 5 6 10 5 10 7 5 9 5 11 7 5 ' ,'0 0 0 0 0 0 0 0 0 0 0 0 0 0 0 0 ' ,16 ,0 ,0, 0
64 ,44, 23, '14 12 11 15 6 5 5 6 8 5 5 6 5 8 8 8 ' ,'0 0 0 0 0 0 0 0 0 0 0 0 0 0 0 0 ' ,12 ,1 ,0, 0
83 ,37, 39, '12 16 15 17 5 6 11 6 12 10 7 10 9 10 5 6 ' ,'0 0 0 0 0 0 0 0 0 0 0 0 0 0 0 0 ' ,29 ,1 ,0, 0
66 ,55, 24, '15 11 11 17 11 5 6 6 11 5 6 7 6 10 7 5 ' ,'0 0 0 0 0 0 0 0 0 0 0 0 0 0 0 0 ' ,13 ,1 ,0, 0
65 ,35, 23, '10 16 12 13 11 8 10 6 9 10 6 8 5 7 7 5 ' ,'0 0 0 0 0 0 0 0 0 0 0 0 0 0 0 0 ' ,14 ,1 ,0, 0
72 ,38, 27, '14 12 12 15 6 10 6 7 10 11 7 7 7 11 7 13 ' ,'0 0 0 0 0 0 0 0 0 0 0 0 0 0 0 0 ' ,17 ,1 ,0, 0
73 ,42, 21, '13 16 13 15 8 9 10 6 12 6 11 12 9 9 12 8 ' ,'0 0 0 0 0 0 0 0 0 0 0 0 0 0 0 0 ' ,21 ,0 ,1, 0
69 ,46, 30, '19 19 13 18 12 10 12 8 12 14 8 13 6 12 6 12 ' ,'0 0 0 0 0 0 0 0 0 0 0 0 0 0 0 0 ' ,15 ,0 ,0, 0
68 ,45, 29, '17 14 10 22 12 5 8 8 15 10 6 8 6 10 6 6 ' ,'0 0 0 0 0 0 0 0 0 0 0 0 0 0 0 0 ' ,19 ,1 ,0, 0
83 ,45, 22, '12 19 16 21 5 12 13 10 10 6 6 13 5 10 6 15 ' ,'0 0 0 0 0 0 0 0 0 0 0 0 0 0 0 0 ' ,11 ,0 ,1, 1
70 ,44, 27, '19 16 11 16 5 5 16 6 9 6 6 11 6 10 12 13 ' ,'0 0 0 0 0 0 0 0 0 0 0 0 0 0 0 0 ' ,13 ,0 ,1, 1
75 ,42, 37, '10 12 15 13 11 5 6 5 7 5 4 7 6 7 10 8 ' ,'0 0 0 0 0 0 0 0 0 0 0 0 0 0 0 0 ' ,18 ,0 ,1, 1
75 ,43, 28, '10 18 13 17 11 8 12 5 10 5 10 11 6 13 14 6 ' ,'0 0 0 0 0 0 0 0 0 0 0 0 0 0 0 0 ' ,16 ,0 ,0, 0
72 ,40, 32, '11 11 17 15 7 6 7 6 10 11 6 7 6 12 6 6 ' ,'0 0 0 0 0 0 0 0 0 0 0 0 0 0 0 0 ' ,23 ,1 ,0, 0
73 ,49, 19, '10 21 9 10 6 5 9 5 4 7 11 10 5 5 11 5 ' ,'0 0 0 0 0 0 0 0 0 0 0 0 0 0 0 0 ' ,21 ,0 ,0, 0
69 ,51, 23, '13 16 13 15 5 7 6 5 7 5 4 5 5 8 5 5 ' ,'0 0 0 0 0 0 0 0 0 0 0 0 0 0 0 0 ' ,13 ,0 ,0, 0
66 ,40, 27, '13 14 13 19 12 8 11 6 10 6 9 10 6 9 6 12 ' ,'0 0 0 0 0 0 0 0 0 0 0 0 0 0 0 0 ' ,14 ,1 ,0, 0
42 ,45, 21, '11 9 15 11 9 5 4 10 5 4 8 10 10 7 9 7 ' ,'0 0 0 0 0 0 0 0 0 0 0 0 0 0 0 0 ' ,13 ,1 ,0, 0
44 ,34, 23, '11 11 16 13 10 11 5 10 8 6 6 6 8 8 5 5 ' ,'0 0 0 0 0 0 0 0 0 0 0 0 0 0 0 0 ' ,15 ,1 ,0, 0
48 ,37, 21, '15 11 16 15 6 6 6 11 7 6 8 5 9 11 5 8 ' ,'0 0 0 0 0 0 0 0 0 0 0 0 0 0 0 0 ' ,13 ,0 ,0, 0
42 ,39, 25, '14 19 16 22 7 11 12 9 12 9 7 13 8 16 10 10 ' ,'0 0 0 0 0 0 0 0 0 0 0 0 0 0 0 0 ' ,15 ,1 ,0, 0
71 ,33, 25, '10 18 9 13 9 5 9 9 14 7 5 9 5 14 11 5 ' ,'0 0 0 0 0 0 0 0 0 0 0 0 0 0 0 0 ' ,20 ,1 ,1, 1
64 ,43, 30, '16 13 10 17 10 13 8 7 11 5 6 7 5 7 12 6 ' ,'0 0 0 0 0 0 0 0 0 0 0 0 0 0 0 0 ' ,20 ,1 ,0, 0
65 ,44, 31, '13 17 12 22 10 6 9 7 11 9 9 11 6 14 8 6 ' ,'0 0 0 0 0 0 0 0 0 0 0 0 0 0 0 0 ' ,19 ,1 ,1, 1
61 ,39, 26, '15 18 11 18 8 6 10 6 10 8 6 10 6 13 7 8 ' ,'0 0 0 0 0 0 0 0 0 0 0 0 0 0 0 0 ' ,13 ,1 ,0, 0
64 ,37, 26, '11 10 12 12 9 5 6 6 5 7 6 7 6 5 5 6 ' ,'0 0 0 0 0 0 0 0 0 0 0 0 0 0 0 0 ' ,22 ,2 ,0, 0
72 ,45, 27, '12 15 11 17 11 6 5 5 10 9 5 11 5 10 6 17 ' ,'0 0 0 0 0 0 0 0 0 0 0 0 0 0 0 0 ' ,15 ,1 ,0, 0
76 ,45, 30, '17 19 10 11 9 13 12 10 7 6 6 10 8 7 6 6 ' ,'0 0 0 0 0 0 0 0 0 0 0 0 0 0 0 0 ' ,16 ,1 ,1, 1
77 ,43, 26, '13 14 10 25 7 6 12 7 13 12 6 8 11 12 8 6 ' ,'0 0 0 0 0 0 0 0 0 0 0 0 0 0 0 0 ' ,20 ,1 ,0, 0
67 ,47, 31, '14 15 10 22 7 5 11 5 8 11 8 9 5 10 5 7 ' ,'0 0 0 0 0 0 0 0 0 0 0 0 0 0 0 0 ' ,19 ,1 ,0, 0
72 ,40, 27, '14 22 11 17 12 7 11 6 11 6 7 10 5 14 5 6 ' ,'0 0 0 0 0 0 0 0 0 0 0 0 0 0 0 0 ' ,21 ,1 ,0, 0
82 ,44, 23, '11 18 11 20 10 6 9 6 12 9 6 6 7 16 6 6 ' ,'0 0 0 0 0 0 0 0 0 0 0 0 0 0 0 0 ' ,20 ,1 ,1, 0
75 ,42, 33, '14 19 12 18 7 6 14 7 13 7 8 6 8 13 7 8 ' ,'0 0 0 0 0 0 0 0 0 0 0 0 0 0 0 0 ' ,17 ,1 ,0, 0
65 ,45, 27, '9 16 9 15 5 5 9 5 15 12 5 12 5 10 6 5 ' ,'0 0 0 0 0 0 0 0 0 0 0 0 0 0 0 0 ' ,15 ,1 ,0, 0
68 ,40, 24, '10 15 9 12 5 5 9 5 8 5 5 8 7 9 6 5 ' ,'0 0 0 0 0 0 0 0 0 0 0 0 0 0 0 0 ' ,16 ,0 ,0, 0
87 ,45, 32, '13 17 16 16 9 7 11 6 10 6 14 10 6 18 8 11 ' ,'0 0 0 0 0 0 0 0 0 0 0 0 0 0 0 0 ' ,23 ,1 ,0, 0
85 ,49, 39, '9 15 9 13 5 5 9 5 9 6 5 10 8 9 4 5 ' ,'0 0 0 0 0 0 0 0 0 0 0 0 0 0 0 0 ' ,21 ,1 ,0, 0
63 ,57, 26, '15 14 10 19 6 6 8 9 9 6 6 7 5 13 6 6 ' ,'0 0 0 0 0 0 0 0 0 0 0 0 0 0 0 0 ' ,15 ,1 ,0, 0
74 ,39, 29, '16 19 15 17 7 7 13 7 12 7 7 12 13 12 13 10 ' ,'0 0 0 0 0 0 0 0 0 0 0 0 0 0 0 0 ' ,17 ,1 ,0, 0
74 ,43, 24, '11 16 10 13 10 5 7 5 8 7 5 8 5 8 6 14 ' ,'0 0 0 0 0 0 0 0 0 0 0 0 0 0 0 0 ' ,17 ,1 ,0, 0
83 ,43, 39, '26 28 24 27 13 25 19 9 24 17 17 20 17 18 9 25 ' ,'0 0 0 0 0 0 0 0 0 0 0 0 0 0 0 0 ' ,21 ,0 ,0, 0
83 ,52, 43, '30 22 25 24 11 14 15 13 10 15 13 15 10 16 11 25 ' ,'0 0 0 0 0 0 0 0 0 0 0 0 0 0 0 0 ' ,25 ,1 ,0, 0
108 ,52, 56, '29 24 23 40 11 10 18 12 16 16 23 10 15 13 15 16 ' ,'0 0 0 0 0 0 0 0 0 0 0 0 0 0 0 0 ' ,37 ,1 ,0, 0
93 ,68, 53, '26 33 29 33 21 12 23 28 22 12 20 24 11 23 17 28 ' ,'0 0 0 0 0 0 0 0 0 0 0 0 0 0 0 0 ' ,29 ,0 ,0, 0
327 ,65, 289, '280 143 176 122 171 101 95 204 160 121 262 128 211 138 79 175 ' ,'0 0 0 0 0 0 0 0 0 0 0 0 0 0 0 0 ' ,199 ,1 ,0, 0
149 ,306, 109, '64 26 24 31 26 60 87 32 10 70 82 12 16 64 83 26 ' ,'0 0 0 0 0 0 0 0 0 0 0 0 0 0 0 0 ' ,77 ,1 ,1, 1
89 ,123, 50, '26 28 30 38 14 20 22 14 21 12 11 18 12 28 26 13 ' ,'0 0 0 0 0 0 0 0 0 0 0 0 0 0 0 0 ' ,31 ,1 ,0, 0
101 ,61, 57, '23 32 28 28 11 17 21 15 28 13 17 19 20 24 16 10 ' ,'0 0 0 0 0 0 0 0 0 0 0 0 0 0 0 0 ' ,40 ,1 ,1, 1
99 ,66, 63, '24 27 27 26 10 18 17 16 12 9 12 19 15 17 24 14 ' ,'0 0 0 0 0 0 0 0 0 0 0 0 0 0 0 0 ' ,42 ,1 ,0, 0
93 ,81, 50, '29 29 25 29 22 24 15 14 17 15 14 12 13 15 12 10 ' ,'0 0 0 0 0 0 0 0 0 0 0 0 0 0 0 0 ' ,32 ,1 ,1, 1
94 ,60, 58, '27 20 36 30 14 28 14 12 13 14 14 13 19 15 26 28 ' ,'0 0 0 0 0 0 0 0 0 0 0 0 0 0 0 0 ' ,36 ,1 ,0, 0
70 ,67, 50, '27 23 27 29 16 13 16 21 11 15 12 17 14 16 8 15 ' ,'0 0 0 0 0 0 0 0 0 0 0 0 0 0 0 0 ' ,29 ,11 ,0, 0
58 ,58, 39, '25 28 31 30 23 17 12 16 14 9 13 12 20 21 13 21 ' ,'0 0 0 0 0 0 0 0 0 0 0 0 0 0 0 0 ' ,20 ,0 ,0, 0
70 ,48, 52, '31 36 29 42 18 22 28 20 19 17 13 19 11 23 10 17 ' ,'0 0 0 0 0 0 0 0 0 0 0 0 0 0 0 0 ' ,31 ,1 ,0, 0
69 ,62, 47, '29 37 25 35 27 17 14 17 20 19 19 19 17 19 16 24 ' ,'0 0 0 0 0 0 0 0 0 0 0 0 0 0 0 0 ' ,22 ,1 ,0, 0
59 ,58, 46, '25 25 31 38 7 16 12 21 15 15 22 18 18 19 20 12 ' ,'0 0 0 0 0 0 0 0 0 0 0 0 0 0 0 0 ' ,32 ,0 ,0, 0
82 ,50, 64, '25 35 30 38 19 16 23 15 25 11 18 21 17 22 14 19 ' ,'0 0 0 0 0 0 0 0 0 0 0 0 0 0 0 0 ' ,45 ,14 ,1, 0
93 ,72, 54, '26 33 20 49 18 12 23 15 33 17 10 19 30 26 18 15 ' ,'0 0 0 0 0 0 0 0 0 0 0 0 0 0 0 0 ' ,42 ,1 ,0, 0
85 ,67, 47, '27 32 24 30 18 28 16 22 26 11 16 18 17 21 19 13 ' ,'0 0 0 0 0 0 0 0 0 0 0 0 0 0 0 0 ' ,23 ,1 ,1, 1
96 ,58, 55, '39 43 31 33 18 18 15 30 18 19 38 19 23 19 20 37 ' ,'0 0 0 0 0 0 0 0 0 0 0 0 0 0 0 0 ' ,37 ,0 ,1, 1
144 ,70, 54, '26 34 26 46 15 29 20 18 19 21 11 22 17 16 17 17 ' ,'0 0 0 0 0 0 0 0 0 0 0 0 0 0 0 0 ' ,31 ,0 ,0, 0
263 ,64, 222, '208 189 106 210 47 41 47 37 51 41 40 49 41 51 44 38 ' ,'114 0 0 0 0 0 0 0 0 0 0 0 0 0 0 0 ' ,180 ,0 ,1, 1
99 ,236, 54, '29 37 27 46 27 16 19 15 23 19 22 12 20 15 16 27 ' ,'0 0 0 0 0 0 0 0 0 0 0 0 0 0 0 0 ' ,36 ,1 ,0, 0
84 ,79, 46, '34 20 26 27 17 16 15 18 14 19 27 18 16 18 19 22 ' ,'0 0 0 0 0 0 0 0 0 0 0 0 0 0 0 0 ' ,26 ,1 ,1, 1
84 ,62, 48, '31 31 33 37 17 12 25 15 18 16 19 16 16 15 8 12 ' ,'0 0 0 0 0 0 0 0 0 0 0 0 0 0 0 0 ' ,28 ,1 ,0, 0
96 ,210, 41, '23 38 26 24 11 11 17 24 15 20 19 17 27 15 18 12 ' ,'0 0 0 0 0 0 0 0 0 0 0 0 0 0 0 0 ' ,34 ,1 ,0, 0
89 ,65, 45, '32 31 28 38 13 28 18 14 25 13 16 14 16 21 18 24 ' ,'0 0 0 0 0 0 0 0 0 0 0 0 0 0 0 0 ' ,25 ,1 ,0, 0
98 ,62, 54, '41 26 28 31 18 17 16 14 19 10 16 18 21 23 16 33 ' ,'0 0 0 0 0 0 0 0 0 0 0 0 0 0 0 0 ' ,33 ,1 ,0, 0
91 ,69, 44, '28 30 31 33 20 16 16 14 21 13 16 18 15 24 17 16 ' ,'0 0 0 0 0 0 0 0 0 0 0 0 0 0 0 0 ' ,30 ,1 ,1, 1
95 ,79, 46, '32 41 25 26 21 19 20 12 21 14 21 19 24 19 22 15 ' ,'0 0 0 0 0 0 0 0 0 0 0 0 0 0 0 0 ' ,27 ,0 ,0, 0
102 ,72, 55, '33 39 32 46 13 31 22 13 26 11 21 12 13 28 16 16 ' ,'0 0 0 0 0 0 0 0 0 0 0 0 0 0 0 0 ' ,36 ,0 ,0, 0
93 ,70, 59, '30 33 42 31 24 11 14 16 21 17 27 16 15 17 21 18 ' ,'0 0 0 0 0 0 0 0 0 0 0 0 0 0 0 0 ' ,42 ,1 ,0, 0
97 ,75, 58, '32 35 45 25 13 16 27 13 18 20 27 23 16 18 14 16 ' ,'0 0 0 0 0 0 0 0 0 0 0 0 0 0 0 0 ' ,42 ,1 ,0, 0
102 ,73, 54, '24 29 42 31 13 25 17 23 23 20 14 16 15 25 27 12 ' ,'0 0 0 0 0 0 0 0 0 0 0 0 0 0 0 0 ' ,45 ,1 ,0, 0
102 ,72, 52, '42 32 33 32 14 16 15 18 23 14 14 16 16 22 26 29 ' ,'0 0 0 0 0 0 0 0 0 0 0 0 0 0 0 0 ' ,40 ,1 ,0, 0
94 ,75, 44, '38 38 23 30 18 9 21 13 17 17 17 20 16 19 18 16 ' ,'0 0 0 0 0 0 0 0 0 0 0 0 0 0 0 0 ' ,26 ,0 ,0, 0
85 ,66, 43, '29 37 26 34 22 12 25 15 21 17 20 28 20 17 16 12 ' ,'0 0 0 0 0 0 0 0 0 0 0 0 0 0 0 0 ' ,29 ,1 ,0, 0
98 ,57, 50, '46 33 30 36 18 33 21 17 23 25 12 15 17 25 16 14 ' ,'0 0 0 0 0 0 0 0 0 0 0 0 0 0 0 0 ' ,33 ,0 ,0, 0
107 ,64, 66, '40 29 40 30 19 44 9 11 20 27 17 17 14 19 13 51 ' ,'0 0 0 0 0 0 0 0 0 0 0 0 0 0 0 0 ' ,52 ,1 ,0, 0
90 ,80, 50, '29 31 29 34 19 10 18 17 20 22 16 12 11 14 21 23 ' ,'0 0 0 0 0 0 0 0 0 0 0 0 0 0 0 0 ' ,32 ,1 ,0, 0
90 ,60, 48, '26 30 32 30 19 12 13 15 18 14 11 17 19 20 16 29 ' ,'0 0 0 0 0 0 0 0 0 0 0 0 0 0 0 0 ' ,31 ,1 ,0, 0
88 ,62, 46, '32 30 23 32 24 15 15 16 18 23 16 16 18 19 13 12 ' ,'0 0 0 0 0 0 0 0 0 0 0 0 0 0 0 0 ' ,27 ,0 ,0, 0
78 ,62, 42, '26 33 21 33 16 15 24 17 17 16 17 15 16 19 13 12 ' ,'0 0 0 0 0 0 0 0 0 0 0 0 0 0 0 0 ' ,29 ,1 ,0, 0
101 ,57, 58, '38 28 44 37 21 27 20 17 18 23 13 13 8 18 18 26 ' ,'0 0 0 0 0 0 0 0 0 0 0 0 0 0 0 0 ' ,40 ,1 ,0, 0
97 ,78, 49, '30 33 32 39 19 13 16 23 21 9 24 20 21 25 21 18 ' ,'0 0 0 0 0 0 0 0 0 0 0 0 0 0 0 0 ' ,33 ,1 ,0, 0
85 ,65, 45, '30 33 32 28 19 17 19 18 21 33 16 15 17 22 20 20 ' ,'0 0 0 0 0 0 0 0 0 0 0 0 0 0 0 0 ' ,27 ,1 ,0, 0
101 ,63, 60, '40 40 24 37 13 17 23 17 20 20 15 11 11 20 18 16 ' ,'0 0 0 0 0 0 0 0 0 0 0 0 0 0 0 0 ' ,28 ,0 ,0, 0
61 ,75, 39, '35 31 28 34 14 21 19 15 22 22 21 13 17 16 13 16 ' ,'0 0 0 0 0 0 0 0 0 0 0 0 0 0 0 0 ' ,23 ,1 ,0, 0
66 ,54, 36, '37 32 35 35 20 17 18 20 19 20 13 12 17 11 18 8 ' ,'0 0 0 0 0 0 0 0 0 0 0 0 0 0 0 0 ' ,31 ,1 ,0, 0
110 ,56, 79, '36 35 36 43 17 16 15 22 29 20 18 16 19 22 19 14 ' ,'0 0 0 0 0 0 0 0 0 0 0 0 0 0 0 0 ' ,62 ,1 ,0, 0
57 ,95, 39, '22 32 30 32 12 7 23 17 20 18 12 14 12 17 15 30 ' ,'0 0 0 0 0 0 0 0 0 0 0 0 0 0 0 0 ' ,24 ,1 ,0, 0
52 ,49, 32, '20 18 18 28 19 11 20 13 17 15 6 11 14 12 17 9 ' ,'0 0 0 0 0 0 0 0 0 0 0 0 0 0 0 0 ' ,21 ,1 ,0, 0
50 ,44, 27, '22 19 15 21 11 11 15 8 14 9 11 11 6 15 11 13 ' ,'0 0 0 0 0 0 0 0 0 0 0 0 0 0 0 0 ' ,18 ,1 ,0, 0
50 ,38, 28, '17 20 23 20 8 9 17 15 14 9 10 13 15 12 11 10 ' ,'0 0 0 0 0 0 0 0 0 0 0 0 0 0 0 0 ' ,16 ,1 ,0, 0
47 ,43, 32, '25 17 22 23 14 13 10 11 10 11 12 9 12 11 15 18 ' ,'0 0 0 0 0 0 0 0 0 0 0 0 0 0 0 0 ' ,18 ,1 ,0, 0
56 ,39, 31, '19 24 18 17 11 13 14 11 9 12 12 18 11 10 19 14 ' ,'0 0 0 0 0 0 0 0 0 0 0 0 0 0 0 0 ' ,18 ,1 ,0, 0
53 ,42, 29, '19 24 16 21 7 12 14 10 14 10 10 11 9 14 10 11 ' ,'0 0 0 0 0 0 0 0 0 0 0 0 0 0 0 0 ' ,15 ,1 ,0, 0
57 ,44, 28, '13 13 15 21 9 7 7 10 15 10 7 7 8 14 6 12 ' ,'0 0 0 0 0 0 0 0 0 0 0 0 0 0 0 0 ' ,17 ,1 ,0, 0
47 ,40, 22, '13 17 18 15 11 7 8 11 10 11 11 9 9 11 6 9 ' ,'0 0 0 0 0 0 0 0 0 0 0 0 0 0 0 0 ' ,13 ,0 ,0, 0
54 ,35, 30, '13 24 18 25 7 8 13 11 14 9 11 12 7 15 7 6 ' ,'0 0 0 0 0 0 0 0 0 0 0 0 0 0 0 0 ' ,22 ,1 ,0, 0
45 ,46, 23, '18 21 19 17 14 13 13 14 12 10 10 12 10 11 7 11 ' ,'0 0 0 0 0 0 0 0 0 0 0 0 0 0 0 0 ' ,12 ,0 ,0, 0
50 ,38, 26, '19 21 21 20 6 7 11 14 10 9 9 15 14 13 11 10 ' ,'0 0 0 0 0 0 0 0 0 0 0 0 0 0 0 0 ' ,14 ,0 ,0, 0
50 ,41, 30, '18 18 19 25 6 14 12 13 11 7 7 13 13 12 9 11 ' ,'0 0 0 0 0 0 0 0 0 0 0 0 0 0 0 0 ' ,17 ,0 ,0, 0
60 ,44, 33, '22 19 16 25 8 15 10 10 17 8 17 9 7 13 8 15 ' ,'0 0 0 0 0 0 0 0 0 0 0 0 0 0 0 0 ' ,20 ,1 ,0, 0
52 ,49, 31, '21 26 24 25 12 11 17 10 16 9 17 16 19 19 10 13 ' ,'0 0 0 0 0 0 0 0 0 0 0 0 0 0 0 0 ' ,16 ,1 ,0, 0
55 ,43, 28, '15 25 18 26 7 9 10 11 17 7 9 10 9 9 11 8 ' ,'0 0 0 0 0 0 0 0 0 0 0 0 0 0 0 0 ' ,21 ,1 ,0, 0
49 ,45, 29, '14 23 16 20 8 13 19 10 8 7 9 13 8 8 15 19 ' ,'0 0 0 0 0 0 0 0 0 0 0 0 0 0 0 0 ' ,17 ,1 ,0, 0
64 ,41, 31, '22 17 22 22 18 14 15 16 13 17 8 9 14 11 8 9 ' ,'0 0 0 0 0 0 0 0 0 0 0 0 0 0 0 0 ' ,22 ,1 ,1, 1
51 ,48, 27, '19 18 22 24 7 8 9 9 9 8 5 7 13 7 7 10 ' ,'0 0 0 0 0 0 0 0 0 0 0 0 0 0 0 0 ' ,18 ,0 ,0, 0
50 ,40, 26, '19 18 18 19 6 13 14 10 9 6 12 10 11 11 14 11 ' ,'0 0 0 0 0 0 0 0 0 0 0 0 0 0 0 0 ' ,14 ,1 ,0, 0
48 ,40, 26, '12 15 19 18 12 12 9 7 9 9 8 10 12 11 8 7 ' ,'0 0 0 0 0 0 0 0 0 0 0 0 0 0 0 0 ' ,14 ,1 ,0, 0
53 ,38, 27, '16 20 21 21 9 7 13 13 10 6 8 10 13 12 12 13 ' ,'0 0 0 0 0 0 0 0 0 0 0 0 0 0 0 0 ' ,17 ,1 ,0, 0
47 ,43, 24, '14 18 16 17 14 6 14 13 12 14 8 14 11 11 13 7 ' ,'0 0 0 0 0 0 0 0 0 0 0 0 0 0 0 0 ' ,15 ,1 ,1, 1
54 ,36, 33, '16 23 14 16 6 8 9 9 11 8 8 7 8 9 12 11 ' ,'0 0 0 0 0 0 0 0 0 0 0 0 0 0 0 0 ' ,21 ,0 ,0, 0
54 ,45, 31, '13 18 18 19 14 14 12 13 13 7 7 9 12 11 15 9 ' ,'0 0 0 0 0 0 0 0 0 0 0 0 0 0 0 0 ' ,18 ,1 ,0, 0
54 ,45, 27, '22 24 17 20 10 19 13 13 11 9 12 5 9 8 11 16 ' ,'0 0 0 0 0 0 0 0 0 0 0 0 0 0 0 0 ' ,17 ,1 ,0, 0
57 ,45, 32, '14 23 14 25 8 15 15 8 13 7 7 20 9 15 8 10 ' ,'0 0 0 0 0 0 0 0 0 0 0 0 0 0 0 0 ' ,20 ,1 ,0, 0
63 ,46, 31, '17 16 15 14 7 13 10 12 10 15 18 7 13 9 10 16 ' ,'0 0 0 0 0 0 0 0 0 0 0 0 0 0 0 0 ' ,18 ,1 ,1, 0
53 ,49, 32, '25 22 19 21 10 13 10 12 12 20 16 9 14 14 13 20 ' ,'0 0 0 0 0 0 0 0 0 0 0 0 0 0 0 0 ' ,19 ,1 ,0, 0
96 ,43, 53, '15 22 25 19 9 6 12 8 12 10 8 7 14 14 6 7 ' ,'0 0 0 0 0 0 0 0 0 0 0 0 0 0 0 0 ' ,36 ,1 ,1, 1
76 ,70, 23, '16 21 18 19 9 9 9 8 10 12 9 13 10 16 12 9 ' ,'0 0 0 0 0 0 0 0 0 0 0 0 0 0 0 0 ' ,19 ,0 ,0, 0
72 ,47, 33, '21 19 13 21 16 20 9 7 12 11 13 11 8 8 7 12 ' ,'0 0 0 0 0 0 0 0 0 0 0 0 0 0 0 0 ' ,20 ,1 ,0, 0
75 ,48, 34, '17 22 17 24 12 14 15 8 15 10 9 13 8 13 11 10 ' ,'0 0 0 0 0 0 0 0 0 0 0 0 0 0 0 0 ' ,17 ,1 ,0, 0
75 ,46, 31, '14 19 11 19 9 6 16 7 11 10 7 14 8 10 11 24 ' ,'0 0 0 0 0 0 0 0 0 0 0 0 0 0 0 0 ' ,15 ,1 ,0, 0
66 ,44, 29, '15 14 16 16 8 9 11 7 11 10 7 7 6 13 8 11 ' ,'0 0 0 0 0 0 0 0 0 0 0 0 0 0 0 0 ' ,18 ,1 ,0, 0
71 ,43, 31, '12 19 13 18 13 9 14 6 19 12 5 11 8 12 16 8 ' ,'0 0 0 0 0 0 0 0 0 0 0 0 0 0 0 0 ' ,23 ,1 ,0, 0
74 ,45, 32, '12 17 19 16 15 11 10 7 8 14 14 9 16 9 13 6 ' ,'0 0 0 0 0 0 0 0 0 0 0 0 0 0 0 0 ' ,19 ,0 ,0, 0
66 ,53, 30, '12 18 13 22 8 6 13 14 13 10 7 12 9 10 11 6 ' ,'0 0 0 0 0 0 0 0 0 0 0 0 0 0 0 0 ' ,19 ,1 ,0, 0
70 ,41, 28, '15 20 12 21 11 7 10 12 11 14 12 8 15 12 14 17 ' ,'0 0 0 0 0 0 0 0 0 0 0 0 0 0 0 0 ' ,15 ,1 ,0, 0
72 ,45, 32, '13 18 13 21 10 6 13 5 17 11 9 12 7 13 12 5 ' ,'0 0 0 0 0 0 0 0 0 0 0 0 0 0 0 0 ' ,24 ,1 ,0, 0
79 ,51, 28, '14 17 11 16 14 7 8 6 12 14 7 6 8 10 22 8 ' ,'0 0 0 0 0 0 0 0 0 0 0 0 0 0 0 0 ' ,21 ,0 ,0, 0
77 ,58, 33, '12 19 17 16 11 6 12 5 10 8 15 12 8 8 8 8 ' ,'0 0 0 0 0 0 0 0 0 0 0 0 0 0 0 0 ' ,21 ,1 ,0, 0
66 ,48, 23, '14 23 14 13 13 8 12 5 10 7 7 11 5 7 6 7 ' ,'0 0 0 0 0 0 0 0 0 0 0 0 0 0 0 0 ' ,19 ,1 ,0, 0
83 ,46, 40, '12 19 15 22 6 8 7 7 12 6 7 9 10 14 10 10 ' ,'0 0 0 0 0 0 0 0 0 0 0 0 0 0 0 0 ' ,31 ,1 ,0, 0
67 ,58, 27, '13 17 14 19 13 7 10 9 14 11 8 8 10 9 10 11 ' ,'0 0 0 0 0 0 0 0 0 0 0 0 0 0 0 0 ' ,17 ,1 ,0, 0
71 ,44, 32, '22 14 12 18 10 12 11 6 14 7 11 9 6 13 5 8 ' ,'0 0 0 0 0 0 0 0 0 0 0 0 0 0 0 0 ' ,16 ,0 ,0, 0
76 ,48, 36, '13 19 13 16 10 17 7 8 9 9 8 11 12 9 7 8 ' ,'0 0 0 0 0 0 0 0 0 0 0 0 0 0 0 0 ' ,20 ,0 ,0, 0
75 ,51, 30, '14 23 11 18 14 8 13 9 11 7 7 14 6 11 7 9 ' ,'0 0 0 0 0 0 0 0 0 0 0 0 0 0 0 0 ' ,18 ,0 ,0, 0
95 ,44, 52, '36 33 32 28 16 12 20 17 20 17 16 17 20 22 15 14 ' ,'0 0 0 0 0 0 0 0 0 0 0 0 0 0 0 0 ' ,33 ,1 ,1, 1
86 ,74, 38, '32 31 32 28 16 14 26 30 18 19 25 12 22 19 30 10 ' ,'0 0 0 0 0 0 0 0 0 0 0 0 0 0 0 0 ' ,21 ,1 ,0, 0
92 ,65, 51, '38 39 31 40 15 17 23 13 22 17 17 21 18 26 18 25 ' ,'0 0 0 0 0 0 0 0 0 0 0 0 0 0 0 0 ' ,31 ,1 ,0, 0
93 ,65, 50, '32 32 33 36 26 26 16 24 23 17 24 18 17 24 18 12 ' ,'0 0 0 0 0 0 0 0 0 0 0 0 0 0 0 0 ' ,35 ,1 ,1, 1
99 ,72, 53, '34 33 35 33 17 15 16 17 20 18 12 20 17 18 13 17 ' ,'0 0 0 0 0 0 0 0 0 0 0 0 0 0 0 0 ' ,33 ,1 ,0, 0
106 ,67, 64, '42 31 33 36 15 25 18 22 22 19 17 19 15 17 21 19 ' ,'0 0 0 0 0 0 0 0 0 0 0 0 0 0 0 0 ' ,42 ,1 ,0, 0
106 ,78, 63, '42 35 46 35 16 16 17 13 19 22 19 17 17 19 22 18 ' ,'0 0 0 0 0 0 0 0 0 0 0 0 0 0 0 0 ' ,44 ,1 ,0, 0
100 ,80, 45, '35 38 34 35 19 17 22 17 21 17 26 18 16 24 16 19 ' ,'0 0 0 0 0 0 0 0 0 0 0 0 0 0 0 0 ' ,25 ,0 ,0, 0
93 ,74, 52, '33 39 31 41 20 19 26 24 22 16 27 24 24 24 16 17 ' ,'0 0 0 0 0 0 0 0 0 0 0 0 0 0 0 0 ' ,24 ,1 ,0, 0
95 ,64, 42, '38 37 29 38 19 28 15 16 24 15 18 17 15 17 20 15 ' ,'0 0 0 0 0 0 0 0 0 0 0 0 0 0 0 0 ' ,31 ,1 ,0, 0
86 ,72, 46, '27 32 32 39 14 26 18 17 20 16 15 11 14 23 22 20 ' ,'0 0 0 0 0 0 0 0 0 0 0 0 0 0 0 0 ' ,29 ,2 ,0, 0
71 ,61, 46, '32 35 31 41 15 15 16 17 23 16 28 16 18 20 20 18 ' ,'0 0 0 0 0 0 0 0 0 0 0 0 0 0 0 0 ' ,27 ,1 ,0, 0
75 ,58, 52, '36 31 30 44 11 19 22 22 33 34 21 16 21 31 8 20 ' ,'0 0 0 0 0 0 0 0 0 0 0 0 0 0 0 0 ' ,31 ,1 ,0, 0
75 ,61, 50, '44 32 30 35 18 18 12 27 18 17 16 15 19 19 22 28 ' ,'0 0 0 0 0 0 0 0 0 0 0 0 0 0 0 0 ' ,37 ,1 ,1, 0
64 ,67, 42, '26 37 33 33 19 19 16 15 23 17 16 21 19 29 18 22 ' ,'0 0 0 0 0 0 0 0 0 0 0 0 0 0 0 0 ' ,23 ,1 ,0, 0
68 ,55, 43, '35 39 33 36 19 23 14 17 14 15 25 10 16 14 18 28 ' ,'0 0 0 0 0 0 0 0 0 0 0 0 0 0 0 0 ' ,29 ,1 ,0, 0
70 ,55, 46, '34 34 26 41 16 19 22 21 25 14 25 15 18 23 17 14 ' ,'0 0 0 0 0 0 0 0 0 0 0 0 0 0 0 0 ' ,26 ,0 ,0, 0
62 ,61, 39, '31 30 32 34 14 16 15 21 19 12 16 15 18 22 10 15 ' ,'0 0 0 0 0 0 0 0 0 0 0 0 0 0 0 0 ' ,24 ,1 ,0, 0
62 ,59, 44, '29 27 29 24 12 14 15 19 17 12 15 15 22 22 16 14 ' ,'0 0 0 0 0 0 0 0 0 0 0 0 0 0 0 0 ' ,25 ,1 ,1, 1
61 ,54, 36, '28 30 27 26 16 14 16 20 15 14 15 22 20 28 10 10 ' ,'0 0 0 0 0 0 0 0 0 0 0 0 0 0 0 0 ' ,23 ,0 ,0, 0
58 ,45, 39, '24 33 33 25 13 15 21 18 19 18 20 18 13 19 14 14 ' ,'0 0 0 0 0 0 0 0 0 0 0 0 0 0 0 0 ' ,22 ,1 ,0, 0
77 ,49, 45, '37 23 26 34 12 11 15 26 22 14 11 21 17 21 11 9 ' ,'0 0 0 0 0 0 0 0 0 0 0 0 0 0 0 0 ' ,31 ,1 ,0, 0
73 ,58, 35, '21 26 18 22 21 9 10 15 15 20 11 17 13 17 15 11 ' ,'0 0 0 0 0 0 0 0 0 0 0 0 0 0 0 0 ' ,21 ,1 ,0, 0
99 ,178, 56, '33 30 21 24 18 10 14 10 11 18 23 27 12 10 16 14 ' ,'0 0 0 0 0 0 0 0 0 0 0 0 0 0 0 0 ' ,41 ,1 ,0, 0
126 ,65, 89, '25 28 23 31 9 13 6 19 16 14 8 14 14 18 19 20 ' ,'0 0 0 0 0 0 0 0 0 0 0 0 0 0 122 0 ' ,77 ,1 ,0, 0
68 ,100, 40, '29 21 19 22 16 8 15 13 13 8 19 12 11 12 13 19 ' ,'0 0 0 0 0 0 0 0 0 0 0 0 0 0 0 0 ' ,24 ,0 ,0, 0
78 ,52, 43, '18 27 27 21 15 16 17 13 13 17 17 20 16 15 17 13 ' ,'0 0 0 0 0 0 0 0 0 0 0 0 0 0 0 0 ' ,24 ,0 ,0, 0
63 ,55, 39, '24 23 28 32 9 11 13 12 14 12 13 16 11 21 13 9 ' ,'0 0 0 0 0 0 0 0 0 0 0 0 0 0 0 0 ' ,26 ,1 ,1, 1
60 ,49, 40, '22 27 27 30 16 8 18 17 12 10 22 19 14 15 17 6 ' ,'0 0 0 0 0 0 0 0 0 0 0 0 0 0 0 0 ' ,27 ,3 ,0, 0
102 ,51, 76, '31 29 25 32 16 17 21 10 19 10 12 18 14 19 15 20 ' ,'0 0 0 0 0 0 0 0 0 0 0 0 0 0 0 0 ' ,59 ,39 ,0, 0
78 ,93, 45, '23 30 26 32 17 16 19 12 17 22 23 17 15 22 16 14 ' ,'0 0 0 0 0 0 0 0 0 0 0 0 0 0 0 0 ' ,31 ,1 ,0, 0
100 ,58, 49, '20 30 30 34 14 24 10 13 15 16 12 16 19 17 13 22 ' ,'0 0 0 0 0 0 0 0 0 0 0 0 0 0 0 0 ' ,31 ,1 ,0, 0
84 ,66, 40, '24 21 24 27 14 11 17 13 20 19 10 12 12 15 13 13 ' ,'0 0 0 0 0 0 0 0 0 0 0 0 0 0 0 0 ' ,29 ,0 ,0, 0
93 ,60, 53, '29 24 22 25 9 23 13 13 18 22 18 12 12 15 9 16 ' ,'0 0 0 0 0 0 0 0 0 0 0 0 0 0 0 0 ' ,36 ,1 ,0, 0
129 ,68, 89, '19 23 29 27 19 6 14 12 12 18 9 14 31 16 21 11 ' ,'0 0 0 0 0 0 0 0 0 0 0 0 0 0 0 0 ' ,77 ,41 ,1, 1
80 ,105, 37, '19 28 19 32 14 11 10 9 19 16 10 17 12 18 7 13 ' ,'0 0 0 0 0 0 0 0 0 0 0 0 0 0 0 0 ' ,24 ,0 ,0, 0
58 ,51, 38, '23 24 23 31 8 13 11 14 18 21 9 19 16 20 16 14 ' ,'0 0 0 0 0 0 0 0 0 0 0 0 0 0 0 0 ' ,24 ,1 ,1, 1
60 ,47, 37, '18 22 28 28 9 18 17 20 17 16 9 13 16 16 22 11 ' ,'0 0 0 0 0 0 0 0 0 0 0 0 0 0 0 0 ' ,24 ,1 ,0, 0
61 ,51, 34, '30 21 26 20 14 12 20 14 13 13 11 12 15 16 11 15 ' ,'0 0 0 0 0 0 0 0 0 0 0 0 0 0 0 0 ' ,23 ,1 ,0, 0
55 ,52, 33, '25 24 25 27 15 12 14 12 19 12 15 16 14 24 10 16 ' ,'0 0 0 0 0 0 0 0 0 0 0 0 0 0 0 0 ' ,18 ,0 ,0, 0
58 ,49, 38, '32 26 29 23 21 8 15 16 15 17 12 11 15 19 20 11 ' ,'0 0 0 0 0 0 0 0 0 0 0 0 0 0 0 0 ' ,26 ,1 ,0, 0
66 ,50, 45, '28 27 28 26 13 12 13 14 17 15 15 13 13 11 9 11 ' ,'0 0 0 0 0 0 0 0 0 0 0 0 0 0 0 0 ' ,20 ,1 ,0, 0
68 ,57, 43, '25 32 31 30 15 16 12 19 18 18 16 12 13 18 14 15 ' ,'0 0 0 0 0 0 0 0 0 0 0 0 0 0 0 0 ' ,27 ,1 ,0, 0
58 ,59, 37, '27 31 21 27 15 12 11 26 18 14 14 18 14 12 14 15 ' ,'0 0 0 0 0 0 0 0 0 0 0 0 0 0 0 0 ' ,22 ,1 ,0, 0
57 ,48, 36, '25 33 28 23 15 20 21 17 15 16 13 19 11 17 14 20 ' ,'0 0 0 0 0 0 0 0 0 0 0 0 0 0 0 0 ' ,23 ,1 ,0, 0
58 ,50, 36, '26 27 20 26 14 14 14 20 21 12 13 21 14 19 19 19 ' ,'0 0 0 0 0 0 0 0 0 0 0 0 0 0 0 0 ' ,21 ,1 ,0, 0
65 ,46, 45, '36 22 26 29 18 10 12 16 18 21 13 11 17 20 18 14 ' ,'0 0 0 0 0 0 0 0 0 0 0 0 0 0 0 0 ' ,27 ,1 ,1, 0
63 ,56, 40, '25 28 21 34 14 10 10 16 23 11 15 9 13 15 9 12 ' ,'0 0 0 0 0 0 0 0 0 0 0 0 0 0 0 0 ' ,29 ,1 ,0, 0
68 ,56, 46, '29 23 31 24 22 10 9 18 17 15 14 13 13 11 19 18 ' ,'0 0 0 0 0 0 0 0 0 0 0 0 0 0 0 0 ' ,35 ,1 ,1, 1
150 ,62, 130, '27 31 29 32 17 11 20 16 19 21 18 22 123 20 15 11 ' ,'0 0 0 0 0 0 0 0 0 0 0 0 0 0 0 0 ' ,117 ,1 ,1, 1
57 ,142, 39, '22 33 30 31 7 17 16 20 22 12 14 11 21 16 16 17 ' ,'0 0 0 0 0 0 0 0 0 0 0 0 0 0 0 0 ' ,22 ,1 ,0, 0
67 ,52, 40, '22 36 28 31 20 9 20 17 14 19 17 18 17 21 19 9 ' ,'0 0 0 0 0 0 0 0 0 0 0 0 0 0 0 0 ' ,30 ,0 ,0, 0
66 ,60, 45, '33 26 31 38 14 17 8 21 20 18 16 15 20 19 16 16 ' ,'0 0 0 0 0 0 0 0 0 0 0 0 0 0 0 0 ' ,33 ,1 ,0, 0
63 ,54, 44, '30 29 27 38 9 11 11 15 21 15 18 13 17 19 9 11 ' ,'0 0 0 0 0 0 0 0 0 0 0 0 0 0 0 0 ' ,30 ,1 ,0, 0
59 ,55, 35, '31 22 30 27 13 15 11 22 20 17 20 8 17 24 16 22 ' ,'0 0 0 0 0 0 0 0 0 0 0 0 0 0 0 0 ' ,22 ,1 ,0, 0
70 ,48, 42, '23 37 30 29 15 9 13 9 20 15 10 12 11 23 15 15 ' ,'0 0 0 0 0 0 0 0 0 0 0 0 0 0 0 0 ' ,31 ,1 ,0, 0
56 ,58, 37, '25 31 28 26 18 17 15 14 13 18 13 12 15 16 16 18 ' ,'0 0 0 0 0 0 0 0 0 0 0 0 0 0 0 0 ' ,19 ,1 ,0, 0
53 ,56, 38, '22 31 26 17 19 16 17 18 17 14 17 23 17 20 20 9 ' ,'0 0 0 0 0 0 0 0 0 0 0 0 0 0 0 0 ' ,23 ,1 ,0, 0
55 ,45, 38, '31 28 32 36 22 15 22 14 18 11 14 18 17 23 13 14 ' ,'0 0 0 0 0 0 0 0 0 0 0 0 0 0 0 0 ' ,26 ,1 ,0, 0
52 ,47, 36, '24 30 28 29 24 14 16 16 21 14 19 13 13 22 21 10 ' ,'0 0 0 0 0 0 0 0 0 0 0 0 0 0 0 0 ' ,26 ,0 ,0, 0
52 ,44, 37, '27 28 29 29 20 30 18 16 16 15 26 18 13 13 17 21 ' ,'0 0 0 0 0 0 0 0 0 0 0 0 0 0 0 0 ' ,20 ,0 ,0, 0
53 ,43, 38, '25 29 32 33 21 14 19 15 17 11 12 18 21 18 15 14 ' ,'0 0 0 0 0 0 0 0 0 0 0 0 0 0 0 0 ' ,23 ,1 ,0, 0
83 ,45, 44, '31 30 27 25 16 11 9 13 13 14 11 16 19 15 19 19 ' ,'0 0 0 0 0 0 0 0 0 0 0 0 0 0 0 0 ' ,28 ,0 ,0, 0
81 ,56, 35, '26 29 26 30 14 14 17 12 18 12 11 16 16 23 8 22 ' ,'0 0 0 0 0 0 0 0 0 0 0 0 0 0 0 0 ' ,20 ,0 ,0, 0
87 ,56, 42, '26 23 20 35 19 15 16 16 21 11 15 9 16 24 8 11 ' ,'0 0 0 0 0 0 0 0 0 0 0 0 0 0 0 0 ' ,27 ,0 ,0, 0
95 ,61, 40, '31 30 25 24 11 26 14 14 19 11 20 14 19 7 14 14 ' ,'0 0 0 0 0 0 0 0 0 0 0 0 0 0 0 0 ' ,28 ,1 ,1, 1
110 ,61, 69, '39 26 30 35 13 16 14 7 20 14 31 17 11 14 18 15 ' ,'0 0 0 0 0 0 0 0 0 0 0 0 0 0 0 0 ' ,50 ,1 ,0, 0
90 ,80, 43, '24 29 33 27 17 11 13 23 13 16 15 14 11 19 15 16 ' ,'0 0 0 0 0 0 0 0 0 0 0 0 0 0 0 0 ' ,33 ,1 ,0, 0
71 ,66, 41, '25 27 30 30 26 21 14 14 33 12 15 14 16 15 14 22 ' ,'0 0 0 0 0 0 0 0 0 0 0 0 0 0 0 0 ' ,24 ,1 ,0, 0
67 ,55, 45, '31 37 30 37 24 15 21 16 15 20 16 15 13 18 16 19 ' ,'0 0 0 0 0 0 0 0 0 0 0 0 0 0 0 0 ' ,29 ,1 ,0, 0
63 ,60, 42, '29 27 34 37 22 17 12 21 25 11 14 12 15 16 15 17 ' ,'0 0 0 0 0 0 0 0 0 0 0 0 0 0 0 0 ' ,28 ,1 ,0, 0
89 ,56, 39, '23 36 24 29 13 8 18 21 21 19 16 15 19 14 11 14 ' ,'0 0 0 0 0 0 0 0 0 0 0 0 0 0 0 0 ' ,23 ,1 ,0, 0
84 ,53, 41, '26 28 20 28 19 14 17 21 15 17 21 16 14 16 13 16 ' ,'0 0 0 0 0 0 0 0 0 0 0 0 0 0 0 0 ' ,22 ,0 ,0, 0
91 ,58, 51, '27 24 33 34 12 15 12 15 18 19 24 11 11 13 16 14 ' ,'0 0 0 0 0 0 0 0 0 0 0 0 0 0 0 0 ' ,35 ,0 ,0, 0
106 ,64, 45, '38 35 26 27 13 20 17 10 18 15 21 9 21 15 13 26 ' ,'0 0 0 0 0 0 0 0 0 0 0 0 0 0 0 0 ' ,30 ,1 ,0, 0
87 ,76, 48, '36 27 25 28 15 16 18 14 18 11 23 21 13 12 11 28 ' ,'0 0 0 0 0 0 0 0 0 0 0 0 0 0 0 0 ' ,30 ,1 ,0, 0
97 ,63, 47, '35 25 33 33 22 21 10 14 18 12 11 15 13 20 10 14 ' ,'0 0 0 0 0 0 0 0 0 0 0 0 0 0 0 0 ' ,36 ,1 ,0, 0
61 ,66, 41, '31 17 28 23 14 19 21 15 16 13 20 12 14 15 25 18 ' ,'0 0 0 0 0 0 0 0 0 0 0 0 0 0 0 0 ' ,22 ,0 ,0, 0
64 ,54, 37, '34 25 30 22 15 23 14 19 16 19 14 9 13 10 19 29 ' ,'0 0 0 0 0 0 0 0 0 0 0 0 0 0 0 0 ' ,28 ,1 ,0, 0
61 ,52, 41, '34 31 33 27 14 9 18 23 29 14 12 15 17 26 20 9 ' ,'0 0 0 0 0 0 0 0 0 0 0 0 0 0 0 0 ' ,27 ,0 ,0, 0
92 ,51, 55, '31 22 29 50 19 17 29 15 34 15 17 17 15 25 13 21 ' ,'0 0 0 0 0 0 0 0 0 0 0 0 0 0 0 0 ' ,33 ,1 ,0, 0
80 ,71, 42, '27 26 24 27 13 14 16 18 17 19 9 15 20 16 15 12 ' ,'0 0 0 0 0 0 0 0 0 0 0 0 0 0 0 0 ' ,28 ,1 ,0, 0
88 ,59, 49, '27 30 31 33 15 15 15 25 20 17 20 20 11 21 13 9 ' ,'0 0 0 0 0 0 0 0 0 0 0 0 0 0 0 0 ' ,29 ,1 ,1, 1
86 ,71, 48, '27 23 27 39 20 15 13 14 21 16 21 14 14 19 11 15 ' ,'0 0 0 0 0 0 0 0 0 0 0 0 0 0 0 0 ' ,29 ,0 ,1, 1
153 ,59, 48, '26 36 22 31 17 22 20 13 20 18 12 20 22 20 21 23 ' ,'0 0 0 0 0 0 0 0 0 0 0 0 0 0 0 0 ' ,23 ,1 ,1, 1
83 ,59, 42, '27 37 27 35 18 15 23 8 21 12 19 21 14 16 15 10 ' ,'0 0 0 0 0 0 0 0 0 0 0 0 0 0 0 0 ' ,27 ,0 ,0, 0
68 ,57, 46, '27 34 33 39 19 16 18 14 18 13 12 23 14 24 11 20 ' ,'0 0 0 0 0 0 0 0 0 0 0 0 0 0 0 0 ' ,29 ,1 ,0, 0
65 ,57, 44, '35 30 28 39 15 15 16 19 16 16 14 11 20 17 14 17 ' ,'0 0 0 0 0 0 0 0 0 0 0 0 0 0 0 0 ' ,28 ,0 ,0, 0
64 ,57, 41, '31 29 25 35 19 22 16 15 10 10 21 11 15 18 14 17 ' ,'0 0 0 0 0 0 0 0 0 0 0 0 0 0 0 0 ' ,27 ,1 ,0, 0
68 ,55, 43, '16 22 24 37 18 21 9 15 16 19 20 21 18 20 17 17 ' ,'0 0 0 0 0 0 0 0 0 0 0 0 0 0 0 0 ' ,26 ,0 ,0, 0
68 ,57, 48, '28 25 35 29 20 7 15 21 23 20 18 14 16 22 30 22 ' ,'0 0 0 0 0 0 0 0 0 0 0 0 0 0 0 0 ' ,32 ,1 ,0, 0
65 ,60, 36, '26 33 31 29 10 12 12 17 20 14 14 13 13 25 18 20 ' ,'0 0 0 0 0 0 0 0 0 0 0 0 0 0 0 0 ' ,27 ,1 ,0, 0
82 ,58, 40, '19 27 28 32 20 15 18 13 26 18 14 13 14 15 14 8 ' ,'0 0 0 0 0 0 0 0 0 0 0 0 0 0 0 0 ' ,35 ,1 ,1, 1
78 ,60, 47, '29 31 31 35 17 9 18 22 18 18 26 20 29 14 22 19 ' ,'0 0 0 0 0 0 0 0 0 0 0 0 0 0 0 0 ' ,31 ,0 ,0, 0
113 ,63, 56, '26 26 28 34 17 23 27 11 22 15 15 29 16 20 12 22 ' ,'0 0 0 0 0 0 0 0 0 0 0 0 0 0 0 0 ' ,38 ,1 ,0, 0
96 ,88, 56, '36 30 32 35 18 23 19 14 16 17 15 19 20 16 17 15 ' ,'0 0 0 0 0 0 0 0 0 0 0 0 0 0 0 0 ' ,36 ,1 ,1, 1
95 ,73, 52, '30 32 28 38 18 16 16 20 20 20 23 11 21 16 16 26 ' ,'0 0 0 0 0 0 0 0 0 0 0 0 0 0 0 0 ' ,35 ,1 ,0, 0
96 ,65, 54, '31 30 33 33 8 15 16 17 18 18 12 8 19 26 17 23 ' ,'0 0 0 0 0 0 0 0 0 0 0 0 0 0 0 0 ' ,40 ,1 ,0, 0
72 ,66, 48, '29 30 42 35 18 24 12 18 18 15 21 12 18 17 14 24 ' ,'0 0 0 0 0 0 0 0 0 0 0 0 0 0 0 0 ' ,33 ,0 ,0, 0
71 ,60, 40, '34 27 36 30 16 19 17 22 15 17 20 10 19 22 24 24 ' ,'0 0 0 0 0 0 0 0 0 0 0 0 0 0 0 0 ' ,29 ,1 ,0, 0
63 ,59, 42, '30 30 35 34 17 14 10 22 16 20 17 14 18 21 15 18 ' ,'0 0 0 0 0 0 0 0 0 0 0 0 0 0 0 0 ' ,28 ,1 ,1, 1
70 ,53, 45, '26 28 35 40 10 13 16 19 23 11 27 11 15 20 14 15 ' ,'0 0 0 0 0 0 0 0 0 0 0 0 0 0 0 0 ' ,30 ,0 ,0, 0
94 ,56, 44, '31 30 23 34 21 16 17 14 16 16 16 14 16 20 12 9 ' ,'0 0 0 0 0 0 0 0 0 0 0 0 0 0 0 0 ' ,35 ,1 ,1, 1
95 ,62, 52, '42 27 32 30 16 27 15 21 21 23 20 14 20 18 16 16 ' ,'0 0 0 0 0 0 0 0 0 0 0 0 0 0 0 0 ' ,30 ,1 ,0, 0
107 ,63, 55, '35 36 41 34 10 23 18 16 17 20 11 16 25 20 9 15 ' ,'0 0 0 0 0 0 0 0 0 0 0 0 0 0 0 0 ' ,44 ,1 ,0, 0
97 ,75, 31, '31 34 31 40 17 33 11 19 24 13 24 13 11 21 16 23 ' ,'0 0 0 0 0 0 0 0 0 0 0 0 0 0 0 0 ' ,40 ,0 ,0, 0
104 ,68, 59, '29 25 35 31 14 20 17 16 18 13 20 9 14 19 12 11 ' ,'0 0 0 0 0 0 0 0 0 0 0 0 0 0 0 0 ' ,36 ,0 ,0, 0
97 ,73, 47, '29 38 27 36 13 25 19 16 23 19 23 22 11 22 18 14 ' ,'0 0 0 0 0 0 0 0 0 0 0 0 0 0 0 0 ' ,26 ,1 ,0, 0
63 ,64, 39, '21 32 30 28 21 10 24 18 18 20 13 12 26 19 20 17 ' ,'0 0 0 0 0 0 0 0 0 0 0 0 0 0 0 0 ' ,27 ,1 ,0, 0
64 ,55, 42, '25 36 33 35 22 18 21 23 19 13 9 16 23 18 18 17 ' ,'0 0 0 0 0 0 0 0 0 0 0 0 0 0 0 0 ' ,28 ,1 ,0, 0
63 ,53, 43, '30 34 36 33 15 15 21 19 19 11 9 22 21 20 15 27 ' ,'0 0 0 0 0 0 0 0 0 0 0 0 0 0 0 0 ' ,29 ,1 ,0, 0
72 ,55, 42, '26 30 30 35 21 17 13 23 22 16 21 22 11 22 15 20 ' ,'0 0 0 0 0 0 0 0 0 0 0 0 0 0 0 0 ' ,24 ,0 ,1, 1
