234 ,0, 132, '53 53 52 47 55 53 50 55 ' ,'0 0 0 0 0 0 0 0 ' ,27 ,2 ,17, 16
579 ,165, 556, '483 535 508 486 458 499 533 488 ' ,'0 0 0 0 0 0 0 0 ' ,81 ,1 ,4, 4
543 ,611, 524, '504 498 480 475 459 469 419 448 ' ,'0 0 0 0 0 0 0 0 ' ,88 ,2 ,4, 4
754 ,534, 736, '521 517 553 557 489 490 490 506 ' ,'0 0 0 0 0 0 0 0 ' ,73 ,1 ,5, 5
582 ,747, 565, '548 536 520 508 509 447 522 485 ' ,'0 0 0 0 0 0 0 0 ' ,101 ,2 ,6, 5
607 ,576, 585, '498 546 560 552 483 490 496 487 ' ,'0 0 0 0 0 0 0 0 ' ,81 ,6 ,5, 5
646 ,592, 630, '608 557 582 593 498 552 510 503 ' ,'0 0 0 0 0 0 0 0 ' ,114 ,2 ,5, 5
639 ,638, 624, '522 555 544 607 522 536 505 573 ' ,'0 0 0 0 0 0 0 0 ' ,105 ,2 ,5, 5
623 ,663, 608, '521 534 589 574 499 501 496 502 ' ,'0 0 0 0 0 0 0 0 ' ,99 ,3 ,5, 5
594 ,614, 575, '549 467 529 512 487 471 485 456 ' ,'0 0 0 0 0 0 0 0 ' ,105 ,1 ,4, 4
548 ,585, 532, '498 505 491 482 454 425 450 457 ' ,'0 0 0 0 0 0 0 0 ' ,93 ,3 ,4, 4
520 ,539, 501, '468 443 474 487 414 376 467 412 ' ,'0 0 0 0 0 0 0 0 ' ,110 ,2 ,4, 3
530 ,512, 514, '492 498 478 503 436 430 456 435 ' ,'0 0 0 0 0 0 0 0 ' ,72 ,0 ,2, 2
527 ,522, 508, '474 470 469 487 434 400 443 457 ' ,'0 0 0 0 0 0 0 0 ' ,97 ,2 ,5, 4
585 ,514, 560, '538 546 534 539 475 485 503 475 ' ,'0 0 0 0 0 0 0 0 ' ,75 ,1 ,3, 3
578 ,568, 561, '542 544 506 538 467 505 488 509 ' ,'0 0 0 0 0 0 0 0 ' ,77 ,1 ,5, 5
594 ,569, 577, '540 539 547 560 468 516 544 508 ' ,'0 0 0 0 0 0 0 0 ' ,94 ,1 ,6, 5
609 ,584, 594, '515 580 552 553 488 444 484 512 ' ,'0 0 0 0 0 0 0 0 ' ,136 ,1 ,6, 5
651 ,600, 635, '538 623 549 517 464 499 465 474 ' ,'0 0 0 0 0 0 0 0 ' ,157 ,1 ,5, 4
626 ,641, 606, '539 582 552 592 514 518 529 577 ' ,'0 0 0 0 0 0 0 0 ' ,76 ,1 ,6, 6
595 ,611, 579, '537 556 552 532 486 565 521 556 ' ,'0 0 0 0 0 0 0 0 ' ,80 ,1 ,4, 4
593 ,587, 576, '478 559 555 516 490 485 526 550 ' ,'0 0 0 0 0 0 0 0 ' ,85 ,1 ,6, 6
564 ,582, 549, '478 459 534 508 443 450 485 473 ' ,'0 0 0 0 0 0 0 0 ' ,92 ,1 ,6, 6
569 ,555, 554, '536 529 540 527 464 474 484 488 ' ,'0 0 0 0 0 0 0 0 ' ,78 ,1 ,6, 6
614 ,560, 597, '498 583 525 489 457 461 496 485 ' ,'0 0 0 0 0 0 0 0 ' ,127 ,1 ,5, 5
586 ,603, 570, '553 541 533 503 462 430 450 476 ' ,'0 0 0 0 0 0 0 0 ' ,123 ,1 ,5, 5
558 ,578, 539, '496 486 527 456 450 470 496 492 ' ,'0 0 0 0 0 0 0 0 ' ,79 ,1 ,5, 5
523 ,549, 506, '459 463 492 486 456 463 432 459 ' ,'0 0 0 0 0 0 0 0 ' ,64 ,1 ,5, 5
514 ,515, 497, '455 473 485 453 395 413 461 442 ' ,'0 0 0 0 0 0 0 0 ' ,94 ,1 ,4, 4
549 ,505, 533, '510 483 525 480 443 444 453 467 ' ,'0 0 0 0 0 0 0 0 ' ,82 ,1 ,2, 2
542 ,544, 523, '511 481 475 510 417 409 435 445 ' ,'0 0 0 0 0 0 0 0 ' ,103 ,1 ,5, 5
502 ,533, 486, '473 469 442 443 415 431 435 453 ' ,'0 0 0 0 0 0 0 0 ' ,60 ,1 ,4, 4
533 ,496, 514, '480 497 493 498 425 432 431 501 ' ,'0 0 0 0 0 0 0 0 ' ,79 ,1 ,4, 4
628 ,521, 612, '597 574 533 492 450 513 491 511 ' ,'0 0 0 0 0 0 0 0 ' ,150 ,1 ,6, 6
609 ,618, 590, '536 562 577 579 491 543 525 517 ' ,'0 0 0 0 0 0 0 0 ' ,90 ,1 ,3, 3
612 ,601, 595, '537 545 580 528 525 533 533 566 ' ,'0 0 0 0 0 0 0 0 ' ,59 ,1 ,6, 6
647 ,601, 630, '608 569 615 561 524 537 505 545 ' ,'0 0 0 0 0 0 0 0 ' ,112 ,1 ,6, 6
625 ,637, 609, '567 582 595 579 532 561 533 501 ' ,'0 0 0 0 0 0 0 0 ' ,96 ,1 ,5, 5
618 ,618, 602, '570 517 578 592 449 492 540 500 ' ,'0 0 0 0 0 0 0 0 ' ,143 ,1 ,3, 3
694 ,612, 678, '486 535 512 517 664 506 439 501 ' ,'0 0 0 0 0 0 0 0 ' ,227 ,1 ,5, 5
573 ,684, 554, '473 490 540 523 463 492 523 501 ' ,'0 0 0 0 0 0 0 0 ' ,79 ,1 ,5, 5
576 ,563, 559, '541 543 508 546 474 479 502 517 ' ,'0 0 0 0 0 0 0 0 ' ,74 ,1 ,6, 6
671 ,566, 654, '641 579 478 531 454 418 496 477 ' ,'0 0 0 0 0 0 0 0 ' ,226 ,1 ,5, 5
580 ,663, 560, '544 554 539 504 470 476 477 510 ' ,'0 0 0 0 0 0 0 0 ' ,85 ,2 ,3, 3
644 ,573, 625, '509 545 534 506 614 447 447 489 ' ,'0 0 0 0 0 0 0 0 ' ,169 ,1 ,4, 4
593 ,636, 577, '497 567 510 488 470 451 434 498 ' ,'0 0 0 0 0 0 0 0 ' ,135 ,1 ,5, 5
546 ,584, 524, '473 512 508 514 448 434 457 419 ' ,'0 0 0 0 0 0 0 0 ' ,97 ,1 ,2, 2
544 ,579, 525, '462 488 512 489 462 428 458 461 ' ,'0 0 0 0 0 0 0 0 ' ,88 ,1 ,5, 5
536 ,535, 519, '501 475 491 512 468 428 450 469 ' ,'0 0 0 0 0 0 0 0 ' ,84 ,0 ,2, 2
527 ,529, 511, '461 493 497 495 429 457 476 458 ' ,'0 0 0 0 0 0 0 0 ' ,71 ,1 ,5, 5
554 ,517, 539, '486 524 502 496 454 448 467 453 ' ,'0 0 0 0 0 0 0 0 ' ,78 ,1 ,4, 4
581 ,545, 565, '518 539 516 501 489 481 491 471 ' ,'0 0 0 0 0 0 0 0 ' ,69 ,1 ,18, 5
675 ,571, 659, '538 643 522 579 494 487 512 497 ' ,'0 0 0 0 0 0 0 0 ' ,156 ,0 ,8, 7
619 ,662, 603, '536 590 548 554 498 499 528 508 ' ,'0 0 0 0 0 0 0 0 ' ,93 ,1 ,6, 5
622 ,613, 604, '505 531 508 537 489 463 591 497 ' ,'0 0 0 0 0 0 0 0 ' ,129 ,0 ,6, 6
626 ,610, 609, '555 596 555 533 489 457 498 519 ' ,'0 0 0 0 0 0 0 0 ' ,140 ,1 ,6, 6
617 ,616, 602, '582 547 588 551 525 540 549 534 ' ,'0 0 0 0 0 0 0 0 ' ,64 ,1 ,6, 6
609 ,609, 593, '526 550 581 566 494 485 536 525 ' ,'0 0 0 0 0 0 0 0 ' ,97 ,1 ,4, 3
610 ,600, 592, '524 578 545 539 479 505 521 501 ' ,'0 0 0 0 0 0 0 0 ' ,101 ,0 ,5, 5
600 ,600, 583, '564 540 554 569 527 521 553 548 ' ,'0 0 0 0 0 0 0 0 ' ,51 ,1 ,6, 5
635 ,589, 618, '540 517 603 541 474 474 533 496 ' ,'0 0 0 0 0 0 0 0 ' ,133 ,1 ,5, 5
602 ,626, 585, '530 549 517 511 478 497 518 491 ' ,'0 0 0 0 0 0 0 0 ' ,71 ,1 ,28, 4
546 ,594, 530, '492 516 495 485 453 447 468 487 ' ,'0 0 0 0 0 0 0 0 ' ,69 ,1 ,5, 5
563 ,536, 548, '487 512 526 535 450 470 454 459 ' ,'0 0 0 0 0 0 0 0 ' ,83 ,0 ,5, 5
525 ,553, 507, '474 497 494 487 419 459 446 451 ' ,'0 0 0 0 0 0 0 0 ' ,79 ,0 ,3, 2
537 ,529, 518, '500 508 494 485 467 442 471 485 ' ,'0 0 0 0 0 0 0 0 ' ,64 ,1 ,4, 4
567 ,527, 551, '537 528 516 531 451 455 457 449 ' ,'0 0 0 0 0 0 0 0 ' ,88 ,1 ,5, 5
563 ,557, 545, '494 481 513 531 430 432 492 498 ' ,'0 0 0 0 0 0 0 0 ' ,103 ,1 ,4, 4
580 ,552, 564, '549 516 514 547 446 472 494 455 ' ,'0 0 0 0 0 0 0 0 ' ,105 ,0 ,5, 5
557 ,571, 538, '503 500 520 527 432 488 476 478 ' ,'0 0 0 0 0 0 0 0 ' ,95 ,1 ,3, 3
579 ,546, 563, '450 548 474 537 420 514 480 502 ' ,'0 0 0 0 0 0 0 0 ' ,127 ,1 ,5, 5
716 ,571, 700, '528 670 556 550 518 508 523 515 ' ,'0 0 0 0 0 0 0 0 ' ,164 ,0 ,21, 5
638 ,706, 623, '567 520 584 608 480 502 486 471 ' ,'0 0 0 0 0 0 0 0 ' ,139 ,0 ,6, 6
625 ,629, 606, '564 541 590 567 446 546 512 486 ' ,'0 0 0 0 0 0 0 0 ' ,147 ,1 ,6, 6
586 ,611, 567, '549 499 552 505 459 506 512 518 ' ,'0 0 0 0 0 0 0 0 ' ,94 ,1 ,6, 5
564 ,661, 538, '516 527 495 515 456 482 471 503 ' ,'0 0 0 0 0 0 0 0 ' ,71 ,1 ,6, 5
556 ,555, 539, '523 483 499 490 433 460 453 500 ' ,'0 0 0 0 0 0 0 0 ' ,91 ,1 ,5, 5
544 ,545, 529, '497 490 510 457 448 463 455 449 ' ,'0 0 0 0 0 0 0 0 ' ,63 ,1 ,5, 5
542 ,533, 525, '487 498 510 498 433 415 440 412 ' ,'0 0 0 0 0 0 0 0 ' ,102 ,1 ,5, 5
553 ,532, 536, '459 492 512 525 471 490 458 438 ' ,'0 0 0 0 0 0 0 0 ' ,86 ,1 ,5, 4
549 ,543, 532, '489 509 504 517 428 452 457 487 ' ,'0 0 0 0 0 0 0 0 ' ,90 ,1 ,7, 7
564 ,539, 548, '468 503 506 518 460 419 532 441 ' ,'0 0 0 0 0 0 0 0 ' ,115 ,1 ,6, 6
582 ,553, 562, '535 549 504 496 420 451 469 440 ' ,'0 0 0 0 0 0 0 0 ' ,131 ,1 ,3, 3
558 ,569, 543, '500 470 530 512 461 471 478 463 ' ,'0 0 0 0 0 0 0 0 ' ,71 ,1 ,3, 3
542 ,550, 526, '466 485 510 507 460 419 466 447 ' ,'0 0 0 0 0 0 0 0 ' ,94 ,1 ,5, 4
552 ,532, 538, '521 495 522 481 453 483 482 508 ' ,'0 0 0 0 0 0 0 0 ' ,72 ,0 ,4, 3
606 ,544, 589, '527 538 573 555 501 521 490 509 ' ,'0 0 0 0 0 0 0 0 ' ,88 ,1 ,5, 5
615 ,597, 600, '583 555 562 574 508 490 527 485 ' ,'0 0 0 0 0 0 0 0 ' ,101 ,1 ,6, 5
614 ,605, 598, '575 580 562 580 501 535 526 528 ' ,'0 0 0 0 0 0 0 0 ' ,83 ,1 ,6, 6
637 ,604, 621, '551 564 606 544 538 531 528 556 ' ,'0 0 0 0 0 0 0 0 ' ,80 ,1 ,6, 5
636 ,627, 618, '531 605 556 511 465 510 500 502 ' ,'0 0 0 0 0 0 0 0 ' ,139 ,1 ,4, 4
582 ,626, 566, '509 549 546 540 461 525 489 464 ' ,'0 0 0 0 0 0 0 0 ' ,92 ,1 ,6, 5
593 ,573, 571, '489 473 515 471 478 455 557 461 ' ,'0 0 0 0 0 0 0 0 ' ,102 ,1 ,5, 5
554 ,578, 537, '460 461 486 457 445 428 523 447 ' ,'0 0 0 0 0 0 0 0 ' ,96 ,1 ,5, 4
508 ,545, 492, '438 458 451 480 403 399 447 429 ' ,'0 0 0 0 0 0 0 0 ' ,82 ,1 ,4, 4
544 ,500, 527, '449 512 493 448 417 470 407 434 ' ,'0 0 0 0 0 0 0 0 ' ,107 ,1 ,5, 4
523 ,536, 506, '432 475 487 486 427 445 442 446 ' ,'0 0 0 0 0 0 0 0 ' ,64 ,1 ,5, 5
571 ,514, 553, '495 493 482 482 454 448 538 490 ' ,'0 0 0 0 0 0 0 0 ' ,90 ,1 ,5, 4
567 ,559, 551, '533 496 474 501 467 416 467 481 ' ,'0 0 0 0 0 0 0 0 ' ,118 ,1 ,5, 5
545 ,556, 525, '470 511 458 513 420 439 422 434 ' ,'0 0 0 0 0 0 0 0 ' ,91 ,0 ,4, 4
574 ,534, 554, '508 526 537 498 392 473 470 509 ' ,'0 0 0 0 0 0 0 0 ' ,148 ,1 ,8, 8
604 ,564, 582, '527 564 521 564 474 509 566 504 ' ,'0 0 0 0 0 0 0 0 ' ,92 ,1 ,8, 7
615 ,591, 591, '544 572 530 556 487 518 528 546 ' ,'0 0 0 0 0 0 0 0 ' ,91 ,1 ,5, 5
628 ,602, 612, '539 580 518 591 495 517 559 500 ' ,'0 0 0 0 0 0 0 0 ' ,96 ,1 ,6, 6
634 ,617, 617, '506 569 571 597 547 495 586 524 ' ,'0 0 0 0 0 0 0 0 ' ,105 ,1 ,6, 6
670 ,626, 655, '621 639 567 601 547 534 543 566 ' ,'0 0 0 0 0 0 0 0 ' ,107 ,1 ,5, 5
612 ,662, 595, '540 552 577 538 511 557 554 562 ' ,'0 0 0 0 0 0 0 0 ' ,67 ,1 ,6, 6
649 ,600, 633, '579 619 579 587 514 561 504 554 ' ,'0 0 0 0 0 0 0 0 ' ,115 ,0 ,5, 4
595 ,640, 577, '529 561 486 543 494 505 510 499 ' ,'0 0 0 0 0 0 0 0 ' ,76 ,1 ,5, 4
588 ,586, 570, '518 537 553 533 476 543 526 481 ' ,'0 0 0 0 0 0 0 0 ' ,81 ,2 ,4, 4
594 ,577, 579, '561 552 505 550 474 521 516 555 ' ,'0 0 0 0 0 0 0 0 ' ,92 ,1 ,5, 4
595 ,585, 573, '495 551 513 531 493 459 559 474 ' ,'0 0 0 0 0 0 0 0 ' ,102 ,1 ,4, 4
562 ,579, 547, '488 505 530 471 464 491 534 453 ' ,'0 0 0 0 0 0 0 0 ' ,81 ,1 ,4, 4
541 ,552, 525, '470 466 458 509 425 408 442 448 ' ,'0 0 0 0 0 0 0 0 ' ,104 ,2 ,5, 4
593 ,530, 576, '485 561 461 430 419 421 437 456 ' ,'0 0 0 0 0 0 0 0 ' ,143 ,1 ,5, 5
547 ,582, 530, '512 461 466 498 429 415 464 455 ' ,'0 0 0 0 0 0 0 0 ' ,101 ,1 ,5, 4
603 ,538, 585, '511 568 502 483 396 444 439 442 ' ,'0 0 0 0 0 0 0 0 ' ,173 ,1 ,5, 4
564 ,592, 549, '533 522 486 494 399 487 495 484 ' ,'0 0 0 0 0 0 0 0 ' ,134 ,2 ,4, 4
586 ,555, 569, '510 491 552 480 386 464 452 470 ' ,'0 0 0 0 0 0 0 0 ' ,168 ,0 ,4, 4
568 ,575, 550, '528 510 531 511 437 460 437 460 ' ,'0 0 0 0 0 0 0 0 ' ,97 ,0 ,5, 5
549 ,556, 534, '485 486 508 519 435 458 427 463 ' ,'0 0 0 0 0 0 0 0 ' ,92 ,1 ,4, 4
596 ,540, 581, '554 517 563 508 443 470 476 506 ' ,'0 0 0 0 0 0 0 0 ' ,123 ,2 ,5, 4
667 ,587, 644, '559 632 558 535 490 523 509 517 ' ,'0 0 0 0 0 0 0 0 ' ,143 ,1 ,5, 5
618 ,657, 601, '550 583 585 553 522 521 510 555 ' ,'0 0 0 0 0 0 0 0 ' ,79 ,1 ,3, 3
632 ,609, 614, '534 596 574 551 493 532 562 550 ' ,'0 0 0 0 0 0 0 0 ' ,104 ,1 ,7, 6
628 ,624, 612, '581 596 590 587 513 593 546 569 ' ,'0 0 0 0 0 0 0 0 ' ,83 ,1 ,6, 6
773 ,618, 756, '548 650 550 572 455 527 505 507 ' ,'0 0 0 0 0 0 0 0 ' ,284 ,89 ,5, 5
611 ,762, 596, '579 564 566 450 494 480 514 512 ' ,'0 0 0 0 0 0 0 0 ' ,132 ,0 ,3, 3
610 ,604, 594, '525 575 508 524 488 524 487 501 ' ,'0 0 0 0 0 0 0 0 ' ,94 ,1 ,5, 5
589 ,600, 574, '463 556 525 490 434 455 518 480 ' ,'0 0 0 0 0 0 0 0 ' ,122 ,1 ,6, 5
594 ,580, 577, '465 470 505 487 435 444 562 455 ' ,'0 0 0 0 0 0 0 0 ' ,129 ,1 ,5, 5
555 ,583, 539, '523 528 476 454 434 428 443 483 ' ,'0 0 0 0 0 0 0 0 ' ,100 ,1 ,3, 2
526 ,547, 510, '496 482 453 452 422 465 437 439 ' ,'0 0 0 0 0 0 0 0 ' ,75 ,1 ,3, 3
535 ,519, 513, '499 487 484 448 413 492 454 474 ' ,'0 0 0 0 0 0 0 0 ' ,85 ,1 ,3, 2
592 ,523, 571, '446 555 518 499 451 483 472 463 ' ,'0 0 0 0 0 0 0 0 ' ,110 ,1 ,5, 4
587 ,576, 572, '495 555 494 517 462 479 482 484 ' ,'0 0 0 0 0 0 0 0 ' ,92 ,1 ,5, 5
596 ,577, 575, '526 564 555 518 495 478 520 539 ' ,'0 0 0 0 0 0 0 0 ' ,86 ,1 ,6, 5
609 ,588, 594, '579 559 557 569 459 536 554 513 ' ,'0 0 0 0 0 0 0 0 ' ,122 ,1 ,4, 3
631 ,602, 616, '556 550 595 584 507 496 565 561 ' ,'0 0 0 0 0 0 0 0 ' ,103 ,1 ,6, 6
637 ,621, 620, '563 555 601 590 496 575 589 568 ' ,'0 0 0 0 0 0 0 0 ' ,109 ,1 ,6, 5
646 ,627, 629, '610 584 564 551 534 521 567 539 ' ,'0 0 0 0 0 0 0 0 ' ,94 ,2 ,5, 5
653 ,636, 636, '546 571 597 620 474 527 568 501 ' ,'0 0 0 0 0 0 0 0 ' ,144 ,1 ,6, 5
672 ,646, 647, '627 549 563 556 503 504 591 520 ' ,'0 0 0 0 0 0 0 0 ' ,129 ,2 ,6, 6
598 ,662, 575, '519 502 555 538 451 495 485 499 ' ,'0 0 0 0 0 0 0 0 ' ,107 ,1 ,5, 5
586 ,581, 571, '551 534 506 528 481 478 478 510 ' ,'0 0 0 0 0 0 0 0 ' ,79 ,1 ,6, 5
563 ,577, 549, '438 530 456 484 463 492 479 419 ' ,'0 0 0 0 0 0 0 0 ' ,113 ,1 ,6, 5
598 ,554, 581, '459 563 499 499 464 489 427 484 ' ,'0 0 0 0 0 0 0 0 ' ,138 ,1 ,5, 4
546 ,586, 531, '513 475 501 518 434 466 493 460 ' ,'0 0 0 0 0 0 0 0 ' ,82 ,1 ,4, 4
559 ,537, 543, '521 524 484 498 441 466 470 483 ' ,'0 0 0 0 0 0 0 0 ' ,85 ,1 ,5, 5
567 ,552, 551, '530 505 476 527 449 447 536 521 ' ,'0 0 0 0 0 0 0 0 ' ,90 ,1 ,3, 3
623 ,560, 606, '502 589 551 552 494 503 497 490 ' ,'0 0 0 0 0 0 0 0 ' ,102 ,1 ,6, 6
613 ,612, 594, '527 578 525 558 496 457 498 526 ' ,'0 0 0 0 0 0 0 0 ' ,123 ,1 ,3, 3
656 ,603, 633, '603 575 545 587 497 612 501 529 ' ,'0 0 0 0 0 0 0 0 ' ,115 ,1 ,5, 5
650 ,641, 633, '537 616 577 566 517 582 529 550 ' ,'0 0 0 0 0 0 0 0 ' ,101 ,1 ,5, 5
757 ,640, 740, '721 641 550 590 543 566 567 496 ' ,'132836 0 0 0 0 0 0 0 ' ,228 ,2 ,5, 5
792 ,747, 776, '554 760 591 570 540 498 540 523 ' ,'0 154 0 0 0 0 0 0 ' ,264 ,1 ,5, 5
592 ,783, 576, '523 546 556 522 471 492 479 464 ' ,'0 0 0 0 0 0 0 0 ' ,97 ,1 ,5, 5
549 ,584, 533, '512 504 519 498 460 486 464 473 ' ,'0 0 0 0 0 0 0 0 ' ,60 ,1 ,2, 2
542 ,542, 523, '505 488 501 448 415 448 421 429 ' ,'0 0 0 0 0 0 0 0 ' ,93 ,1 ,4, 4
590 ,528, 570, '467 518 557 491 449 495 455 461 ' ,'0 0 0 0 0 0 0 0 ' ,108 ,0 ,2, 2
558 ,578, 543, '473 523 527 494 465 486 467 481 ' ,'0 0 0 0 0 0 0 0 ' ,64 ,1 ,3, 3
596 ,550, 572, '497 498 515 488 445 498 556 479 ' ,'0 0 0 0 0 0 0 0 ' ,111 ,1 ,4, 4
594 ,580, 577, '559 540 525 498 429 480 520 483 ' ,'0 0 0 0 0 0 0 0 ' ,132 ,1 ,4, 4
761 ,584, 745, '546 628 528 730 486 486 476 488 ' ,'0 0 0 139 0 0 0 0 ' ,254 ,1 ,5, 5
750 ,751, 735, '525 611 716 549 501 565 515 533 ' ,'0 0 0 0 0 0 0 0 ' ,220 ,1 ,3, 3
732 ,748, 713, '612 600 595 589 535 674 566 521 ' ,'0 0 0 0 0 144876 0 0 ' ,178 ,1 ,5, 5
680 ,720, 664, '572 647 598 543 481 561 549 545 ' ,'0 0 0 0 0 0 0 0 ' ,167 ,1 ,5, 5
663 ,670, 645, '624 587 591 551 530 588 627 541 ' ,'0 0 0 0 0 0 0 0 ' ,99 ,1 ,5, 5
673 ,652, 656, '603 594 566 619 505 549 641 592 ' ,'0 0 0 0 0 0 0 0 ' ,138 ,1 ,5, 5
649 ,664, 632, '556 615 582 556 507 582 566 481 ' ,'0 0 0 0 0 0 0 0 ' ,134 ,1 ,6, 6
584 ,639, 566, '546 507 521 552 503 508 539 508 ' ,'0 0 0 0 0 0 0 0 ' ,48 ,1 ,2, 2
605 ,578, 587, '514 511 504 518 472 535 572 486 ' ,'0 0 0 0 0 0 0 0 ' ,100 ,1 ,5, 5
554 ,594, 532, '474 471 478 521 469 448 471 502 ' ,'0 0 0 0 0 0 0 0 ' ,72 ,1 ,2, 2
644 ,541, 627, '468 498 501 509 421 458 441 601 ' ,'0 0 0 0 0 0 0 0 ' ,193 ,1 ,3, 3
619 ,637, 602, '504 585 517 523 460 437 444 509 ' ,'0 0 0 0 0 0 0 0 ' ,151 ,2 ,4, 4
585 ,610, 567, '493 525 531 551 487 466 480 502 ' ,'0 0 0 0 0 0 0 0 ' ,85 ,1 ,4, 4
614 ,575, 595, '570 574 538 548 507 498 512 521 ' ,'0 0 0 0 0 0 0 0 ' ,79 ,1 ,5, 5
642 ,601, 626, '606 590 575 503 498 550 536 498 ' ,'0 0 0 0 0 0 0 0 ' ,113 ,1 ,4, 4
596 ,633, 579, '561 550 536 539 515 487 515 542 ' ,'0 0 0 0 0 0 0 0 ' ,78 ,1 ,4, 4
615 ,587, 598, '574 580 582 579 528 577 539 515 ' ,'0 0 0 0 0 0 0 0 ' ,67 ,1 ,5, 5
624 ,607, 609, '546 564 568 596 525 551 556 535 ' ,'0 0 0 0 0 0 0 0 ' ,70 ,1 ,4, 4
633 ,617, 617, '554 598 560 573 538 536 528 553 ' ,'0 0 0 0 0 0 0 0 ' ,72 ,1 ,6, 6
688 ,623, 673, '654 620 592 619 529 546 529 563 ' ,'0 0 0 0 0 0 0 0 ' ,128 ,2 ,6, 6
660 ,680, 644, '625 558 591 578 520 542 567 600 ' ,'0 0 0 0 0 0 0 0 ' ,108 ,1 ,5, 5
661 ,653, 645, '569 624 583 549 498 504 531 506 ' ,'0 0 0 0 0 0 0 0 ' ,130 ,1 ,5, 5
638 ,652, 623, '515 605 506 543 464 497 498 513 ' ,'0 0 0 0 0 0 0 0 ' ,141 ,1 ,4, 4
557 ,631, 537, '505 499 495 477 457 443 523 471 ' ,'0 0 0 0 0 0 0 0 ' ,79 ,1 ,3, 3
625 ,544, 608, '486 591 477 479 446 525 409 456 ' ,'0 0 0 0 0 0 0 0 ' ,184 ,1 ,4, 4
557 ,615, 540, '521 500 513 485 455 431 452 458 ' ,'0 0 0 0 0 0 0 0 ' ,92 ,1 ,4, 4
539 ,547, 522, '464 506 492 483 437 443 460 465 ' ,'0 0 0 0 0 0 0 0 ' ,71 ,1 ,2, 2
546 ,531, 529, '500 444 468 515 459 449 433 397 ' ,'0 0 0 0 0 0 0 0 ' ,118 ,2 ,4, 4
582 ,537, 566, '520 549 484 504 422 467 465 481 ' ,'0 0 0 0 0 0 0 0 ' ,128 ,2 ,4, 4
543 ,572, 528, '511 495 502 471 470 501 498 454 ' ,'0 0 0 0 0 0 0 0 ' ,57 ,1 ,4, 4
581 ,533, 562, '519 533 516 547 463 521 491 491 ' ,'0 0 0 0 0 0 0 0 ' ,82 ,2 ,4, 4
678 ,575, 660, '640 600 599 591 487 502 526 498 ' ,'0 0 0 0 0 0 0 0 ' ,157 ,1 ,4, 4
654 ,669, 639, '572 565 567 623 548 532 549 520 ' ,'0 0 0 0 0 0 0 0 ' ,101 ,2 ,5, 5
686 ,645, 670, '584 586 605 654 538 556 532 537 ' ,'0 0 0 0 0 0 0 0 ' ,118 ,1 ,5, 5
644 ,678, 622, '544 597 598 591 542 597 542 480 ' ,'0 0 0 0 0 0 0 0 ' ,123 ,1 ,5, 5
578 ,630, 558, '455 504 523 545 453 503 512 459 ' ,'0 0 0 0 0 0 0 0 ' ,90 ,1 ,4, 4
608 ,571, 590, '544 518 555 490 438 520 492 460 ' ,'0 0 0 0 0 0 0 0 ' ,135 ,17 ,4, 4
547 ,597, 532, '479 515 504 469 426 456 502 429 ' ,'0 0 0 0 0 0 0 0 ' ,88 ,1 ,5, 5
533 ,537, 517, '431 501 477 500 472 442 470 431 ' ,'0 0 0 0 0 0 0 0 ' ,70 ,1 ,4, 4
571 ,526, 555, '534 487 477 509 415 478 494 453 ' ,'0 0 0 0 0 0 0 0 ' ,124 ,1 ,4, 4
546 ,562, 532, '455 511 486 513 388 417 445 424 ' ,'0 0 0 0 0 0 0 0 ' ,126 ,1 ,4, 4
555 ,537, 539, '518 508 456 495 403 435 452 479 ' ,'0 0 0 0 0 0 0 0 ' ,120 ,1 ,4, 4
611 ,545, 594, '534 496 516 580 445 429 507 447 ' ,'0 0 0 0 0 0 0 0 ' ,148 ,1 ,4, 4
583 ,601, 565, '517 516 483 551 488 519 473 521 ' ,'0 0 0 0 0 0 0 0 ' ,76 ,1 ,5, 4
611 ,573, 594, '567 573 533 580 496 567 503 486 ' ,'0 0 0 0 0 0 0 0 ' ,92 ,2 ,5, 5
568 ,601, 553, '533 512 489 539 477 515 463 509 ' ,'0 0 0 0 0 0 0 0 ' ,77 ,2 ,4, 4
648 ,560, 632, '614 578 595 603 522 517 525 492 ' ,'0 0 0 0 0 0 0 0 ' ,128 ,2 ,3, 3
663 ,641, 646, '613 568 625 586 523 525 573 555 ' ,'0 0 0 0 0 0 0 0 ' ,106 ,1 ,6, 6
667 ,656, 647, '598 598 604 617 556 625 534 498 ' ,'0 0 0 0 0 0 0 0 ' ,133 ,1 ,5, 5
627 ,655, 611, '505 542 555 531 468 590 496 543 ' ,'0 0 0 0 0 0 0 0 ' ,124 ,2 ,6, 6
607 ,618, 589, '566 540 541 545 469 504 493 484 ' ,'0 0 0 0 0 0 0 0 ' ,102 ,2 ,5, 5
617 ,595, 601, '498 529 535 587 496 564 431 517 ' ,'0 0 0 0 0 0 0 0 ' ,156 ,1 ,4, 4
560 ,609, 542, '476 520 508 470 484 513 460 441 ' ,'0 0 0 0 0 0 0 0 ' ,85 ,2 ,5, 5
534 ,548, 520, '462 474 500 502 426 452 437 447 ' ,'0 0 0 0 0 0 0 0 ' ,79 ,1 ,4, 4
563 ,527, 548, '513 530 492 515 423 471 435 471 ' ,'0 0 0 0 0 0 0 0 ' ,108 ,2 ,4, 4
541 ,554, 526, '467 448 504 468 430 438 493 425 ' ,'0 0 0 0 0 0 0 0 ' ,85 ,2 ,5, 5
633 ,531, 614, '479 597 518 520 484 440 460 475 ' ,'0 0 0 0 0 0 0 0 ' ,157 ,1 ,4, 4
607 ,623, 591, '481 569 570 551 525 529 533 497 ' ,'0 0 0 0 0 0 0 0 ' ,97 ,1 ,3, 3
660 ,599, 644, '554 622 599 603 469 514 577 538 ' ,'0 0 0 0 0 0 0 0 ' ,157 ,1 ,5, 5
676 ,652, 659, '635 605 553 566 487 568 519 548 ' ,'0 0 0 0 0 0 0 0 ' ,158 ,4 ,5, 5
650 ,666, 635, '565 612 587 552 555 605 563 533 ' ,'0 0 0 0 0 0 0 0 ' ,85 ,1 ,5, 5
666 ,642, 651, '548 567 590 639 526 541 529 518 ' ,'0 0 0 0 0 0 0 0 ' ,118 ,1 ,4, 4
670 ,659, 654, '570 617 636 555 595 563 571 510 ' ,'0 0 0 0 0 0 0 0 ' ,127 ,1 ,4, 4
663 ,663, 647, '551 539 591 578 545 535 628 506 ' ,'0 0 0 0 0 0 0 0 ' ,124 ,2 ,6, 6
653 ,656, 637, '613 583 612 557 529 555 532 553 ' ,'0 0 0 0 0 0 0 0 ' ,92 ,1 ,6, 6
636 ,643, 621, '599 565 589 584 493 469 518 531 ' ,'0 0 0 0 0 0 0 0 ' ,134 ,1 ,5, 5
626 ,627, 608, '591 565 574 582 457 507 497 522 ' ,'0 0 0 0 0 0 0 0 ' ,139 ,2 ,3, 3
576 ,620, 560, '487 515 534 538 496 494 506 476 ' ,'0 0 0 0 0 0 0 0 ' ,66 ,1 ,5, 5
576 ,566, 560, '480 532 540 504 479 471 450 425 ' ,'0 0 0 0 0 0 0 0 ' ,118 ,2 ,4, 4
548 ,568, 530, '511 455 483 511 425 488 449 452 ' ,'0 0 0 0 0 0 0 0 ' ,89 ,1 ,3, 3
553 ,540, 537, '495 479 516 500 464 462 496 456 ' ,'0 0 0 0 0 0 0 0 ' ,65 ,1 ,4, 4
587 ,548, 571, '548 502 548 485 460 449 486 466 ' ,'0 0 0 0 0 0 0 0 ' ,106 ,1 ,3, 3
594 ,580, 579, '555 511 528 484 483 462 460 483 ' ,'0 0 0 0 0 0 0 0 ' ,104 ,2 ,5, 5
619 ,585, 600, '557 559 502 586 441 457 471 519 ' ,'0 0 0 0 0 0 0 0 ' ,142 ,2 ,4, 4
635 ,608, 621, '554 600 515 556 509 540 512 513 ' ,'0 0 0 0 0 0 0 0 ' ,93 ,2 ,5, 5
620 ,626, 601, '526 583 525 536 517 481 487 573 ' ,'0 0 0 0 0 0 0 0 ' ,104 ,2 ,5, 5
682 ,609, 666, '552 605 645 590 575 583 577 524 ' ,'0 0 0 0 0 0 0 0 ' ,125 ,2 ,5, 5
658 ,675, 631, '485 480 600 613 498 598 515 505 ' ,'0 0 0 0 0 0 0 0 ' ,137 ,2 ,6, 6
574 ,642, 557, '502 486 527 540 454 492 472 518 ' ,'0 0 0 0 0 0 0 0 ' ,86 ,2 ,4, 4
601 ,567, 575, '523 551 548 502 461 508 448 457 ' ,'0 0 0 0 0 0 0 0 ' ,112 ,2 ,4, 4
649 ,585, 632, '506 612 519 555 433 451 479 434 ' ,'0 0 0 0 0 0 0 0 ' ,181 ,2 ,5, 5
552 ,641, 536, '507 480 514 496 440 431 450 421 ' ,'0 0 0 0 0 0 0 0 ' ,99 ,1 ,5, 5
533 ,542, 518, '455 449 490 447 471 446 498 481 ' ,'0 0 0 0 0 0 0 0 ' ,55 ,2 ,5, 5
589 ,524, 572, '447 487 542 506 450 465 467 428 ' ,'0 0 0 0 0 0 0 0 ' ,125 ,2 ,4, 4
578 ,579, 561, '541 490 491 497 460 445 436 442 ' ,'0 0 0 0 0 0 0 0 ' ,111 ,2 ,2, 2
535 ,571, 518, '463 480 496 488 449 436 464 434 ' ,'0 0 0 0 0 0 0 0 ' ,66 ,2 ,4, 4
537 ,526, 518, '451 468 500 492 417 418 423 433 ' ,'0 0 0 0 0 0 0 0 ' ,84 ,2 ,3, 3
532 ,527, 515, '431 454 449 499 462 460 472 459 ' ,'0 0 0 0 0 0 0 0 ' ,69 ,1 ,4, 4
518 ,523, 500, '455 455 458 429 392 401 434 478 ' ,'0 0 0 0 0 0 0 0 ' ,89 ,1 ,4, 4
548 ,508, 532, '503 504 456 462 380 441 414 450 ' ,'0 0 0 0 0 0 0 0 ' ,130 ,2 ,4, 4
551 ,537, 532, '510 450 507 462 442 422 469 480 ' ,'0 0 0 0 0 0 0 0 ' ,93 ,1 ,3, 3
534 ,540, 517, '494 466 463 482 438 442 426 394 ' ,'0 0 0 0 0 0 0 0 ' ,107 ,2 ,5, 5
577 ,524, 562, '497 545 513 510 512 510 480 518 ' ,'0 0 0 0 0 0 0 0 ' ,68 ,2 ,3, 3
649 ,570, 631, '566 551 608 594 486 516 498 545 ' ,'0 0 0 0 0 0 0 0 ' ,128 ,2 ,5, 5
630 ,643, 615, '579 595 587 522 520 540 548 491 ' ,'0 0 0 0 0 0 0 0 ' ,107 ,2 ,4, 4
659 ,622, 642, '613 550 596 627 474 532 612 569 ' ,'0 0 0 0 0 0 0 0 ' ,151 ,2 ,6, 6
604 ,650, 588, '517 560 547 544 500 490 569 534 ' ,'0 0 0 0 0 0 0 0 ' ,81 ,2 ,4, 4
575 ,596, 561, '484 485 531 510 488 539 458 453 ' ,'0 0 0 0 0 0 0 0 ' ,91 ,1 ,5, 5
585 ,566, 570, '549 472 523 522 450 485 435 473 ' ,'0 0 0 0 0 0 0 0 ' ,120 ,1 ,5, 5
573 ,576, 555, '523 539 474 494 456 484 487 421 ' ,'0 0 0 0 0 0 0 0 ' ,119 ,1 ,2, 2
535 ,565, 521, '495 477 496 473 451 461 474 411 ' ,'0 0 0 0 0 0 0 0 ' ,89 ,2 ,4, 4
592 ,528, 575, '553 515 521 533 439 448 542 401 ' ,'0 0 0 0 0 0 0 0 ' ,158 ,2 ,4, 4
519 ,583, 498, '452 469 453 465 453 445 449 480 ' ,'0 0 0 0 0 0 0 0 ' ,38 ,2 ,2, 2
532 ,513, 516, '455 466 493 485 455 433 497 443 ' ,'0 0 0 0 0 0 0 0 ' ,68 ,1 ,3, 3
560 ,525, 542, '492 517 494 490 485 508 520 499 ' ,'0 0 0 0 0 0 0 0 ' ,36 ,1 ,5, 5
626 ,549, 610, '549 549 590 580 484 509 542 486 ' ,'0 0 0 0 0 0 0 0 ' ,108 ,2 ,5, 5
629 ,617, 613, '517 564 593 583 468 555 520 538 ' ,'0 0 0 0 0 0 0 0 ' ,128 ,2 ,5, 5
685 ,621, 669, '565 620 597 649 555 533 503 558 ' ,'0 0 0 0 0 0 0 0 ' ,147 ,2 ,6, 6
669 ,675, 653, '602 603 632 581 550 523 516 555 ' ,'0 0 0 0 0 0 0 0 ' ,122 ,1 ,5, 5
636 ,660, 621, '588 547 597 561 507 562 536 534 ' ,'0 0 0 0 0 0 0 0 ' ,93 ,2 ,5, 5
633 ,628, 616, '558 562 593 588 536 499 516 525 ' ,'0 0 0 0 0 0 0 0 ' ,101 ,2 ,5, 5
585 ,624, 570, '546 484 538 497 465 478 520 531 ' ,'0 0 0 0 0 0 0 0 ' ,85 ,2 ,5, 5
622 ,577, 608, '540 517 536 592 473 511 498 536 ' ,'0 0 0 0 0 0 0 0 ' ,115 ,2 ,5, 5
559 ,613, 544, '465 445 519 528 490 493 484 491 ' ,'0 0 0 0 0 0 0 0 ' ,84 ,2 ,4, 4
597 ,552, 581, '533 478 558 527 433 529 477 462 ' ,'0 0 0 0 0 0 0 0 ' ,132 ,2 ,3, 3
551 ,590, 532, '493 485 510 492 398 452 478 469 ' ,'0 0 0 0 0 0 0 0 ' ,119 ,2 ,4, 4
544 ,542, 529, '454 447 507 481 462 446 437 463 ' ,'0 0 0 0 0 0 0 0 ' ,79 ,2 ,2, 2
555 ,539, 540, '516 489 499 492 420 416 423 438 ' ,'0 0 0 0 0 0 0 0 ' ,106 ,2 ,4, 4
544 ,550, 524, '502 437 495 491 451 424 424 443 ' ,'0 0 0 0 0 0 0 0 ' ,86 ,1 ,4, 4
569 ,534, 550, '526 484 516 506 452 458 480 457 ' ,'0 0 0 0 0 0 0 0 ' ,81 ,2 ,4, 4
551 ,555, 535, '447 473 513 449 436 417 459 431 ' ,'0 0 0 0 0 0 0 0 ' ,101 ,1 ,4, 4
614 ,541, 597, '521 576 524 553 474 437 469 517 ' ,'0 0 0 0 0 0 0 0 ' ,141 ,2 ,5, 5
618 ,604, 603, '563 571 559 580 562 450 546 508 ' ,'0 0 0 0 0 0 0 0 ' ,133 ,2 ,5, 5
606 ,609, 589, '548 569 481 552 515 537 488 546 ' ,'0 0 0 0 0 0 0 0 ' ,90 ,2 ,5, 5
642 ,597, 626, '580 595 543 609 546 559 504 558 ' ,'0 0 0 0 0 0 0 0 ' ,107 ,2 ,5, 5
648 ,632, 632, '600 607 555 610 511 507 553 586 ' ,'0 0 0 0 0 0 0 0 ' ,106 ,2 ,5, 5
672 ,640, 656, '597 623 633 583 514 534 522 511 ' ,'0 0 0 0 0 0 0 0 ' ,125 ,2 ,5, 5
685 ,666, 669, '588 646 564 616 545 541 556 575 ' ,'0 0 0 0 0 0 0 0 ' ,109 ,1 ,5, 5
618 ,676, 602, '572 556 577 573 456 517 505 565 ' ,'0 0 0 0 0 0 0 0 ' ,126 ,1 ,5, 5
627 ,610, 612, '561 590 587 576 517 507 538 529 ' ,'0 0 0 0 0 0 0 0 ' ,84 ,1 ,6, 5
642 ,618, 628, '529 596 536 611 546 586 500 536 ' ,'0 0 0 0 0 0 0 0 ' ,110 ,1 ,5, 5
623 ,635, 609, '567 535 585 569 477 496 511 491 ' ,'0 0 0 0 0 0 0 0 ' ,111 ,2 ,5, 5
571 ,613, 555, '484 514 512 455 532 485 504 423 ' ,'0 0 0 0 0 0 0 0 ' ,112 ,1 ,4, 4
551 ,561, 534, '486 490 511 503 477 407 441 451 ' ,'0 0 0 0 0 0 0 0 ' ,106 ,2 ,2, 2
548 ,543, 532, '445 513 501 480 443 498 457 459 ' ,'0 0 0 0 0 0 0 0 ' ,74 ,2 ,2, 2
542 ,541, 523, '453 487 498 480 426 457 458 454 ' ,'0 0 0 0 0 0 0 0 ' ,78 ,2 ,5, 5
542 ,529, 527, '488 499 502 474 404 448 415 455 ' ,'0 0 0 0 0 0 0 0 ' ,101 ,2 ,4, 4
