1061 ,0, 978, '46 39 47 42 938 29 35 23 49 923 42 39 27 36 926 66 35 40 37 945 ' ,'0 0 0 0 0 0 0 0 0 0 0 0 0 0 0 0 0 0 0 0 ' ,922 ,2 ,6, 6
1085 ,1025, 1063, '339 780 267 263 297 334 757 326 343 326 317 191 337 289 300 337 1045 296 376 256 ' ,'0 0 0 0 0 0 0 0 0 0 0 0 0 0 0 0 0 0 0 0 ' ,791 ,1 ,5, 5
211 ,1537, 195, '133 110 125 124 116 121 131 94 117 125 124 134 153 107 129 112 115 156 118 115 ' ,'0 0 0 0 0 0 0 0 0 0 0 0 0 0 0 0 0 0 0 0 ' ,69 ,1 ,19, 18
189 ,202, 159, '152 137 121 130 140 144 121 148 129 131 135 132 128 147 110 120 142 123 109 106 ' ,'0 0 0 0 0 0 0 0 0 0 0 0 0 0 0 0 0 0 0 0 ' ,50 ,1 ,4, 4
317 ,274, 285, '134 134 135 159 266 118 142 119 132 270 138 148 174 129 261 120 131 183 110 280 ' ,'0 0 0 0 0 0 0 0 0 0 0 0 0 0 0 0 0 0 0 0 ' ,166 ,1 ,3, 2
223 ,316, 202, '140 152 135 109 152 143 139 145 136 115 121 187 125 138 144 133 152 144 149 150 ' ,'0 0 0 0 0 0 0 0 0 0 0 0 0 0 0 0 0 0 0 0 ' ,81 ,1 ,2, 2
203 ,213, 178, '136 141 118 149 142 125 147 146 124 141 110 163 146 125 128 117 138 137 129 130 ' ,'0 0 0 0 0 0 0 0 0 0 0 0 0 0 0 0 0 0 0 0 ' ,55 ,2 ,1, 1
228 ,195, 209, '105 137 148 138 121 100 111 144 124 132 126 139 148 181 135 113 122 108 201 129 ' ,'0 0 0 0 0 0 0 0 0 0 0 0 0 0 0 0 0 0 0 0 ' ,102 ,3 ,1, 1
189 ,219, 170, '135 159 115 112 136 126 103 122 122 111 133 122 124 130 126 110 115 137 138 117 ' ,'0 0 0 0 0 0 0 0 0 0 0 0 0 0 0 0 0 0 0 0 ' ,60 ,2 ,1, 1
199 ,181, 175, '108 139 100 113 159 138 107 106 112 166 128 120 107 109 157 112 104 124 109 147 ' ,'0 0 0 0 0 0 0 0 0 0 0 0 0 0 0 0 0 0 0 0 ' ,71 ,1 ,1, 0
183 ,189, 155, '118 122 131 121 129 113 121 128 121 125 121 127 132 113 135 98 144 118 121 111 ' ,'0 0 0 0 0 0 0 0 0 0 0 0 0 0 0 0 0 0 0 0 ' ,49 ,3 ,1, 0
177 ,175, 155, '126 107 136 112 91 112 109 120 146 118 119 132 130 125 125 109 126 103 130 125 ' ,'0 0 0 0 0 0 0 0 0 0 0 0 0 0 0 0 0 0 0 0 ' ,57 ,1 ,0, 0
197 ,169, 177, '142 134 146 116 118 170 133 136 162 142 123 146 135 139 146 152 152 144 111 161 ' ,'0 0 0 0 0 0 0 0 0 0 0 0 0 0 0 0 0 0 0 0 ' ,61 ,2 ,1, 1
247 ,187, 226, '173 196 139 162 197 139 196 165 143 151 175 208 148 213 158 150 164 160 151 148 ' ,'0 0 0 0 0 0 0 0 0 0 0 0 0 0 0 0 0 0 0 0 ' ,80 ,1 ,1, 1
245 ,240, 222, '168 198 204 162 182 180 181 154 160 186 189 163 185 171 199 160 162 209 121 209 ' ,'0 0 0 0 0 0 0 0 0 0 0 0 0 0 0 0 0 0 0 0 ' ,96 ,1 ,1, 1
219 ,238, 188, '163 147 166 160 153 132 177 154 152 154 146 168 152 154 163 148 158 125 128 140 ' ,'0 0 0 0 0 0 0 0 0 0 0 0 0 0 0 0 0 0 0 0 ' ,54 ,1 ,2, 2
342 ,201, 312, '197 297 224 231 243 203 284 229 222 162 226 295 220 162 179 215 262 195 146 216 ' ,'0 0 0 0 0 0 0 0 0 0 0 0 0 0 0 0 0 0 0 0 ' ,156 ,0 ,2, 2
204 ,334, 185, '164 146 177 154 144 142 174 136 160 155 172 142 151 124 167 177 140 143 131 161 ' ,'0 0 0 0 0 0 0 0 0 0 0 0 0 0 0 0 0 0 0 0 ' ,49 ,1 ,2, 1
196 ,194, 173, '157 139 131 129 157 135 146 128 144 145 131 134 139 131 165 140 143 126 153 157 ' ,'0 0 0 0 0 0 0 0 0 0 0 0 0 0 0 0 0 0 0 0 ' ,44 ,0 ,1, 1
213 ,186, 195, '133 135 145 159 174 163 139 150 134 150 134 150 111 136 154 183 97 149 147 186 ' ,'0 0 0 0 0 0 0 0 0 0 0 0 0 0 0 0 0 0 0 0 ' ,84 ,0 ,0, 0
177 ,205, 152, '120 146 130 130 146 123 126 130 137 128 135 136 125 131 124 140 135 112 125 138 ' ,'0 0 0 0 0 0 0 0 0 0 0 0 0 0 0 0 0 0 0 0 ' ,32 ,1 ,2, 2
183 ,168, 162, '126 153 124 132 127 105 117 126 114 90 120 119 114 130 115 118 96 101 129 130 ' ,'0 0 0 0 0 0 0 0 0 0 0 0 0 0 0 0 0 0 0 0 ' ,57 ,1 ,2, 2
188 ,171, 168, '155 160 138 147 146 111 141 132 152 109 125 136 142 111 108 125 114 125 146 119 ' ,'0 0 0 0 0 0 0 0 0 0 0 0 0 0 0 0 0 0 0 0 ' ,52 ,1 ,1, 1
176 ,180, 155, '138 149 130 140 119 148 139 120 132 109 126 131 131 97 131 131 129 124 141 122 ' ,'0 0 0 0 0 0 0 0 0 0 0 0 0 0 0 0 0 0 0 0 ' ,49 ,0 ,1, 1
203 ,167, 181, '135 144 138 171 149 170 157 134 119 155 124 113 121 124 161 119 128 113 153 148 ' ,'0 0 0 0 0 0 0 0 0 0 0 0 0 0 0 0 0 0 0 0 ' ,61 ,0 ,1, 1
180 ,192, 163, '126 150 114 126 105 108 120 132 122 125 119 136 117 127 104 128 120 123 126 116 ' ,'0 0 0 0 0 0 0 0 0 0 0 0 0 0 0 0 0 0 0 0 ' ,52 ,1 ,1, 1
192 ,171, 172, '135 133 135 123 135 130 99 91 141 113 111 147 110 114 117 133 122 119 111 120 ' ,'0 0 0 0 0 0 0 0 0 0 0 0 0 0 0 0 0 0 0 0 ' ,73 ,1 ,1, 1
178 ,181, 160, '142 142 127 117 141 139 136 145 117 117 146 127 139 126 134 134 143 118 133 144 ' ,'0 0 0 0 0 0 0 0 0 0 0 0 0 0 0 0 0 0 0 0 ' ,36 ,1 ,1, 1
170 ,169, 149, '122 125 126 135 144 148 141 108 127 100 121 116 120 130 107 132 125 124 119 97 ' ,'0 0 0 0 0 0 0 0 0 0 0 0 0 0 0 0 0 0 0 0 ' ,42 ,1 ,1, 1
202 ,163, 178, '124 108 124 111 164 152 105 120 125 148 120 97 109 133 163 132 126 117 105 137 ' ,'0 0 0 0 0 0 0 0 0 0 0 0 0 0 0 0 0 0 0 0 ' ,71 ,1 ,1, 1
166 ,189, 149, '102 139 120 124 122 126 113 117 118 118 131 135 105 124 113 143 117 125 120 128 ' ,'0 0 0 0 0 0 0 0 0 0 0 0 0 0 0 0 0 0 0 0 ' ,37 ,1 ,1, 1
184 ,156, 162, '149 132 134 122 151 142 135 123 138 139 106 136 145 120 115 133 135 145 116 112 ' ,'0 0 0 0 0 0 0 0 0 0 0 0 0 0 0 0 0 0 0 0 ' ,48 ,0 ,0, 0
206 ,175, 186, '141 141 133 138 142 178 128 145 146 122 158 144 150 143 143 174 122 142 135 133 ' ,'0 0 0 0 0 0 0 0 0 0 0 0 0 0 0 0 0 0 0 0 ' ,58 ,1 ,1, 1
185 ,196, 168, '145 138 130 114 145 142 147 138 137 146 155 158 141 140 138 123 126 143 123 143 ' ,'0 0 0 0 0 0 0 0 0 0 0 0 0 0 0 0 0 0 0 0 ' ,47 ,1 ,1, 1
222 ,177, 204, '149 116 152 146 199 149 135 133 146 164 146 152 147 140 191 142 142 148 129 176 ' ,'0 0 0 0 0 0 0 0 0 0 0 0 0 0 0 0 0 0 0 0 ' ,84 ,1 ,1, 1
185 ,213, 168, '155 142 138 159 120 138 137 143 148 131 138 157 129 152 139 141 143 141 150 151 ' ,'0 0 0 0 0 0 0 0 0 0 0 0 0 0 0 0 0 0 0 0 ' ,38 ,1 ,1, 1
215 ,175, 195, '131 154 185 189 120 141 120 158 123 115 145 140 131 161 106 118 145 146 113 121 ' ,'0 0 0 0 0 0 0 0 0 0 0 0 0 0 0 0 0 0 0 0 ' ,82 ,1 ,1, 1
195 ,207, 176, '146 133 128 144 124 127 127 166 140 128 152 109 129 150 125 148 105 164 137 96 ' ,'0 0 0 0 0 0 0 0 0 0 0 0 0 0 0 0 0 0 0 0 ' ,74 ,1 ,1, 1
175 ,188, 156, '111 127 133 139 125 119 104 132 146 121 128 129 115 135 109 110 119 123 138 104 ' ,'0 0 0 0 0 0 0 0 0 0 0 0 0 0 0 0 0 0 0 0 ' ,45 ,0 ,2, 2
215 ,167, 196, '138 130 119 153 190 141 122 133 130 170 143 118 121 141 169 122 109 162 137 181 ' ,'0 0 0 0 0 0 0 0 0 0 0 0 0 0 0 0 0 0 0 0 ' ,78 ,1 ,2, 2
173 ,208, 156, '141 139 146 116 106 124 127 137 132 123 119 113 123 126 115 150 121 118 136 105 ' ,'0 0 0 0 0 0 0 0 0 0 0 0 0 0 0 0 0 0 0 0 ' ,46 ,1 ,1, 1
178 ,165, 161, '137 147 146 146 106 135 123 119 126 131 152 140 138 123 121 125 113 129 143 119 ' ,'0 0 0 0 0 0 0 0 0 0 0 0 0 0 0 0 0 0 0 0 ' ,49 ,0 ,1, 1
191 ,170, 173, '147 143 120 130 123 162 139 146 137 108 166 131 143 126 120 160 121 126 138 93 ' ,'0 0 0 0 0 0 0 0 0 0 0 0 0 0 0 0 0 0 0 0 ' ,75 ,1 ,1, 1
172 ,180, 153, '110 142 128 146 126 126 114 127 130 122 146 129 134 120 117 117 119 120 137 99 ' ,'0 0 0 0 0 0 0 0 0 0 0 0 0 0 0 0 0 0 0 0 ' ,48 ,1 ,1, 1
191 ,166, 173, '138 111 133 150 167 113 132 122 117 153 144 120 113 129 146 126 121 116 119 159 ' ,'0 0 0 0 0 0 0 0 0 0 0 0 0 0 0 0 0 0 0 0 ' ,59 ,1 ,1, 1
176 ,182, 157, '128 103 138 139 127 134 120 119 143 105 108 126 110 118 123 117 132 128 120 121 ' ,'0 0 0 0 0 0 0 0 0 0 0 0 0 0 0 0 0 0 0 0 ' ,45 ,0 ,1, 1
193 ,167, 175, '159 128 134 139 139 127 136 122 128 107 139 162 132 122 120 102 139 121 133 105 ' ,'0 0 0 0 0 0 0 0 0 0 0 0 0 0 0 0 0 0 0 0 ' ,68 ,0 ,1, 1
192 ,184, 173, '155 152 155 136 120 141 120 159 130 124 128 131 113 140 117 169 141 142 127 113 ' ,'0 0 0 0 0 0 0 0 0 0 0 0 0 0 0 0 0 0 0 0 ' ,54 ,0 ,0, 0
178 ,183, 159, '120 130 118 101 117 114 114 132 137 125 121 137 104 129 120 144 145 109 134 103 ' ,'0 0 0 0 0 0 0 0 0 0 0 0 0 0 0 0 0 0 0 0 ' ,44 ,1 ,1, 1
180 ,169, 162, '122 126 121 133 143 139 143 136 147 137 138 127 139 118 152 132 151 127 127 131 ' ,'0 0 0 0 0 0 0 0 0 0 0 0 0 0 0 0 0 0 0 0 ' ,36 ,1 ,1, 1
210 ,171, 191, '149 125 144 109 149 126 135 182 151 120 136 135 142 146 138 106 149 149 140 113 ' ,'0 0 0 0 0 0 0 0 0 0 0 0 0 0 0 0 0 0 0 0 ' ,82 ,1 ,0, 0
196 ,203, 177, '148 121 148 161 139 132 157 158 136 121 123 127 168 155 101 145 136 150 141 143 ' ,'0 0 0 0 0 0 0 0 0 0 0 0 0 0 0 0 0 0 0 0 ' ,64 ,1 ,1, 1
177 ,185, 160, '149 120 121 139 129 141 149 139 139 112 139 145 122 134 129 129 134 148 138 120 ' ,'0 0 0 0 0 0 0 0 0 0 0 0 0 0 0 0 0 0 0 0 ' ,40 ,1 ,1, 1
181 ,170, 164, '138 131 155 124 148 123 124 143 123 117 138 148 137 148 111 144 154 121 147 145 ' ,'0 0 0 0 0 0 0 0 0 0 0 0 0 0 0 0 0 0 0 0 ' ,43 ,1 ,1, 1
209 ,173, 190, '145 153 148 122 182 131 141 156 146 144 141 172 158 155 147 130 135 137 121 134 ' ,'0 0 0 0 0 0 0 0 0 0 0 0 0 0 0 0 0 0 0 0 ' ,58 ,0 ,0, 0
189 ,200, 168, '145 125 149 117 136 159 119 134 149 138 126 145 159 132 129 140 158 129 126 133 ' ,'0 0 0 0 0 0 0 0 0 0 0 0 0 0 0 0 0 0 0 0 ' ,49 ,1 ,1, 1
186 ,181, 169, '154 157 127 132 116 118 145 151 116 146 138 150 115 161 126 140 152 149 155 152 ' ,'0 0 0 0 0 0 0 0 0 0 0 0 0 0 0 0 0 0 0 0 ' ,46 ,1 ,0, 0
195 ,177, 176, '172 151 160 141 144 157 165 139 114 146 145 148 161 157 142 168 145 110 152 144 ' ,'0 0 0 0 0 0 0 0 0 0 0 0 0 0 0 0 0 0 0 0 ' ,59 ,1 ,0, 0
184 ,186, 167, '109 144 131 148 160 146 143 156 134 127 150 156 147 138 144 138 132 119 155 124 ' ,'0 0 0 0 0 0 0 0 0 0 0 0 0 0 0 0 0 0 0 0 ' ,51 ,0 ,1, 1
179 ,176, 163, '142 145 120 158 151 132 133 139 139 138 128 136 128 114 140 123 112 129 147 152 ' ,'0 0 0 0 0 0 0 0 0 0 0 0 0 0 0 0 0 0 0 0 ' ,43 ,1 ,1, 1
175 ,172, 151, '130 147 116 130 110 125 95 135 122 121 127 127 108 136 124 122 141 132 126 103 ' ,'0 0 0 0 0 0 0 0 0 0 0 0 0 0 0 0 0 0 0 0 ' ,51 ,0 ,1, 1
168 ,168, 150, '121 146 132 126 118 133 129 129 122 121 117 131 125 138 125 115 109 116 108 99 ' ,'0 0 0 0 0 0 0 0 0 0 0 0 0 0 0 0 0 0 0 0 ' ,46 ,1 ,1, 1
179 ,158, 160, '140 154 126 133 115 141 132 117 133 110 149 151 121 121 107 122 129 119 117 118 ' ,'0 0 0 0 0 0 0 0 0 0 0 0 0 0 0 0 0 0 0 0 ' ,47 ,1 ,0, 0
172 ,170, 155, '122 149 145 111 116 109 110 133 120 119 127 116 131 128 93 127 121 131 119 114 ' ,'0 0 0 0 0 0 0 0 0 0 0 0 0 0 0 0 0 0 0 0 ' ,50 ,1 ,1, 1
172 ,163, 155, '122 138 122 114 132 128 121 119 109 136 109 146 129 131 122 94 125 130 117 149 ' ,'0 0 0 0 0 0 0 0 0 0 0 0 0 0 0 0 0 0 0 0 ' ,60 ,1 ,1, 1
175 ,165, 158, '131 135 108 123 121 131 111 135 125 92 122 147 134 133 125 114 132 121 127 121 ' ,'0 0 0 0 0 0 0 0 0 0 0 0 0 0 0 0 0 0 0 0 ' ,56 ,1 ,1, 1
226 ,167, 209, '131 141 137 131 117 120 201 135 128 113 108 176 115 138 138 117 136 128 133 134 ' ,'0 0 0 0 0 0 0 0 0 0 0 0 0 0 0 0 0 0 0 0 ' ,92 ,1 ,1, 1
206 ,217, 190, '163 118 141 112 132 160 120 146 112 119 137 141 179 124 113 146 109 133 110 127 ' ,'0 0 0 0 0 0 0 0 0 0 0 0 0 0 0 0 0 0 0 0 ' ,72 ,0 ,1, 1
179 ,197, 160, '144 130 135 130 142 141 111 132 144 120 139 150 139 115 121 124 109 123 117 110 ' ,'0 0 0 0 0 0 0 0 0 0 0 0 0 0 0 0 0 0 0 0 ' ,46 ,0 ,1, 1
201 ,171, 181, '122 113 146 128 175 151 124 148 105 164 148 136 145 132 160 131 137 130 118 143 ' ,'0 0 0 0 0 0 0 0 0 0 0 0 0 0 0 0 0 0 0 0 ' ,67 ,1 ,1, 1
181 ,190, 159, '133 125 153 139 129 149 143 148 131 121 129 149 132 155 111 142 133 142 125 109 ' ,'0 0 0 0 0 0 0 0 0 0 0 0 0 0 0 0 0 0 0 0 ' ,49 ,1 ,0, 0
193 ,172, 170, '145 164 106 117 129 143 152 133 117 125 129 140 129 137 130 129 135 137 147 107 ' ,'0 0 0 0 0 0 0 0 0 0 0 0 0 0 0 0 0 0 0 0 ' ,58 ,1 ,1, 1
192 ,185, 169, '148 129 148 140 122 130 163 107 129 115 142 137 130 138 111 138 123 124 129 130 ' ,'0 0 0 0 0 0 0 0 0 0 0 0 0 0 0 0 0 0 0 0 ' ,56 ,1 ,0, 0
190 ,185, 170, '126 142 127 156 117 133 154 129 134 120 133 140 127 107 124 133 128 134 114 112 ' ,'0 0 0 0 0 0 0 0 0 0 0 0 0 0 0 0 0 0 0 0 ' ,56 ,1 ,1, 1
210 ,182, 190, '123 127 130 147 172 117 141 120 132 179 107 128 122 121 159 118 137 127 104 170 ' ,'0 0 0 0 0 0 0 0 0 0 0 0 0 0 0 0 0 0 0 0 ' ,80 ,0 ,1, 1
178 ,203, 160, '140 121 104 133 129 119 122 126 104 118 112 148 121 115 110 109 151 123 91 128 ' ,'0 0 0 0 0 0 0 0 0 0 0 0 0 0 0 0 0 0 0 0 ' ,64 ,1 ,1, 1
189 ,170, 173, '88 168 103 124 134 135 143 117 120 121 119 161 119 133 112 102 151 131 110 121 ' ,'0 0 0 0 0 0 0 0 0 0 0 0 0 0 0 0 0 0 0 0 ' ,80 ,0 ,1, 1
189 ,182, 171, '152 123 139 110 116 157 129 126 113 135 163 122 133 120 136 153 132 137 130 120 ' ,'0 0 0 0 0 0 0 0 0 0 0 0 0 0 0 0 0 0 0 0 ' ,54 ,0 ,1, 1
185 ,180, 161, '117 134 127 128 134 115 106 129 138 147 100 113 123 125 120 133 126 100 120 107 ' ,'0 0 0 0 0 0 0 0 0 0 0 0 0 0 0 0 0 0 0 0 ' ,51 ,1 ,1, 1
217 ,171, 199, '145 127 120 137 191 133 138 130 109 159 124 139 121 134 131 124 135 111 136 157 ' ,'0 0 0 0 0 0 0 0 0 0 0 0 0 0 0 0 0 0 0 0 ' ,79 ,0 ,0, 0
171 ,210, 152, '117 115 128 129 121 107 119 121 130 136 114 131 127 106 130 135 128 134 125 125 ' ,'0 0 0 0 0 0 0 0 0 0 0 0 0 0 0 0 0 0 0 0 ' ,36 ,0 ,1, 1
244 ,164, 225, '125 124 141 151 132 127 133 128 134 123 111 125 109 138 114 151 126 118 115 130 ' ,'0 0 0 0 0 0 0 0 0 0 0 0 0 0 0 0 0 0 0 0 ' ,109 ,1 ,1, 1
191 ,235, 172, '142 119 134 132 114 153 123 111 141 123 121 130 130 119 135 168 135 106 111 121 ' ,'0 0 0 0 0 0 0 0 0 0 0 0 0 0 0 0 0 0 0 0 ' ,60 ,1 ,1, 0
179 ,184, 161, '124 113 141 143 119 130 123 151 148 96 126 145 138 131 117 114 137 124 138 135 ' ,'0 0 0 0 0 0 0 0 0 0 0 0 0 0 0 0 0 0 0 0 ' ,55 ,1 ,1, 1
198 ,170, 175, '131 138 127 141 140 104 137 135 139 158 141 141 128 128 165 117 150 124 134 170 ' ,'0 0 0 0 0 0 0 0 0 0 0 0 0 0 0 0 0 0 0 0 ' ,66 ,1 ,1, 1
198 ,189, 177, '140 127 156 114 140 137 130 141 144 129 79 148 140 147 130 148 172 145 117 150 ' ,'0 0 0 0 0 0 0 0 0 0 0 0 0 0 0 0 0 0 0 0 ' ,93 ,0 ,0, 0
204 ,192, 182, '159 132 136 143 146 129 150 118 156 123 137 170 135 104 118 142 156 143 126 131 ' ,'0 0 0 0 0 0 0 0 0 0 0 0 0 0 0 0 0 0 0 0 ' ,73 ,1 ,1, 1
223 ,194, 206, '117 174 153 145 149 154 155 141 146 139 136 191 185 136 136 141 142 144 149 128 ' ,'0 0 0 0 0 0 0 0 0 0 0 0 0 0 0 0 0 0 0 0 ' ,81 ,0 ,1, 1
179 ,215, 161, '133 136 142 123 139 135 143 116 133 147 124 147 143 103 121 126 108 131 131 129 ' ,'0 0 0 0 0 0 0 0 0 0 0 0 0 0 0 0 0 0 0 0 ' ,52 ,1 ,0, 0
194 ,170, 172, '116 133 127 121 102 137 128 137 142 162 106 125 113 126 159 112 138 143 117 148 ' ,'0 0 0 0 0 0 0 0 0 0 0 0 0 0 0 0 0 0 0 0 ' ,63 ,0 ,2, 2
181 ,184, 160, '121 138 124 117 109 88 146 137 111 121 120 152 134 121 126 111 97 110 111 115 ' ,'0 0 0 0 0 0 0 0 0 0 0 0 0 0 0 0 0 0 0 0 ' ,68 ,1 ,0, 0
167 ,172, 148, '115 119 127 134 117 117 106 126 138 102 103 116 104 141 120 113 127 116 116 124 ' ,'0 0 0 0 0 0 0 0 0 0 0 0 0 0 0 0 0 0 0 0 ' ,39 ,0 ,1, 1
169 ,158, 147, '133 115 123 134 111 131 131 119 104 104 112 114 113 141 114 94 143 101 106 122 ' ,'0 0 0 0 0 0 0 0 0 0 0 0 0 0 0 0 0 0 0 0 ' ,51 ,0 ,1, 1
157 ,159, 140, '106 106 115 98 126 111 109 122 130 115 118 123 112 119 109 127 117 122 101 101 ' ,'0 0 0 0 0 0 0 0 0 0 0 0 0 0 0 0 0 0 0 0 ' ,34 ,0 ,1, 1
180 ,149, 159, '116 128 140 115 116 129 123 107 126 114 128 125 124 126 141 116 107 121 100 151 ' ,'0 0 0 0 0 0 0 0 0 0 0 0 0 0 0 0 0 0 0 0 ' ,50 ,1 ,1, 1
190 ,170, 170, '104 124 131 126 126 117 122 121 131 119 100 92 120 163 117 105 128 104 156 132 ' ,'0 0 0 0 0 0 0 0 0 0 0 0 0 0 0 0 0 0 0 0 ' ,68 ,0 ,1, 1
202 ,179, 174, '111 121 119 118 127 119 166 116 124 113 92 127 124 117 118 123 131 121 123 124 ' ,'0 0 0 0 0 0 0 0 0 0 0 0 0 0 0 0 0 0 0 0 ' ,76 ,0 ,1, 1
205 ,186, 185, '116 121 170 112 127 135 133 122 120 111 132 114 159 112 98 116 122 176 119 112 ' ,'0 0 0 0 0 0 0 0 0 0 0 0 0 0 0 0 0 0 0 0 ' ,81 ,1 ,0, 0
169 ,198, 148, '117 134 139 136 133 137 114 130 144 112 113 109 121 120 111 112 136 109 111 133 ' ,'0 0 0 0 0 0 0 0 0 0 0 0 0 0 0 0 0 0 0 0 ' ,35 ,0 ,1, 1
191 ,160, 175, '130 118 118 131 163 143 118 153 165 148 135 149 140 151 133 111 145 138 135 151 ' ,'0 0 0 0 0 0 0 0 0 0 0 0 0 0 0 0 0 0 0 0 ' ,55 ,1 ,2, 1
209 ,185, 193, '133 121 143 124 143 127 152 143 164 137 117 137 132 182 127 101 126 134 132 143 ' ,'0 0 0 0 0 0 0 0 0 0 0 0 0 0 0 0 0 0 0 0 ' ,87 ,0 ,2, 2
223 ,201, 182, '149 131 153 151 144 129 136 154 133 126 125 133 166 136 136 132 124 144 128 140 ' ,'0 0 0 0 0 0 0 0 0 0 0 0 0 0 0 0 0 0 0 0 ' ,49 ,1 ,2, 2
189 ,188, 172, '156 130 148 143 115 118 152 156 125 149 159 136 142 163 158 164 154 154 142 142 ' ,'0 0 0 0 0 0 0 0 0 0 0 0 0 0 0 0 0 0 0 0 ' ,49 ,0 ,2, 2
197 ,181, 177, '127 146 147 144 148 149 125 142 173 155 157 166 128 156 141 142 140 150 153 125 ' ,'0 0 0 0 0 0 0 0 0 0 0 0 0 0 0 0 0 0 0 0 ' ,50 ,0 ,0, 0
192 ,188, 172, '116 143 135 112 139 129 159 145 155 164 132 127 129 144 143 147 140 148 137 159 ' ,'0 0 0 0 0 0 0 0 0 0 0 0 0 0 0 0 0 0 0 0 ' ,57 ,0 ,1, 1
191 ,182, 170, '156 126 133 139 131 116 143 133 129 132 135 151 131 143 127 107 118 162 151 122 ' ,'0 0 0 0 0 0 0 0 0 0 0 0 0 0 0 0 0 0 0 0 ' ,60 ,1 ,1, 1
188 ,181, 167, '136 144 145 132 138 136 162 119 126 132 138 132 115 152 127 143 144 129 158 122 ' ,'0 0 0 0 0 0 0 0 0 0 0 0 0 0 0 0 0 0 0 0 ' ,47 ,1 ,2, 2
190 ,180, 173, '128 159 116 124 113 143 138 116 112 125 135 124 138 133 117 129 132 165 109 127 ' ,'0 0 0 0 0 0 0 0 0 0 0 0 0 0 0 0 0 0 0 0 ' ,58 ,0 ,1, 1
180 ,182, 160, '120 133 137 144 123 135 152 123 147 138 126 140 133 128 114 134 129 109 130 135 ' ,'0 0 0 0 0 0 0 0 0 0 0 0 0 0 0 0 0 0 0 0 ' ,44 ,0 ,2, 2
223 ,171, 205, '145 135 137 114 193 116 128 107 140 197 122 136 122 148 193 118 132 121 115 196 ' ,'0 0 0 0 0 0 0 0 0 0 0 0 0 0 0 0 0 0 0 0 ' ,86 ,0 ,1, 1
169 ,214, 150, '118 124 115 128 124 118 120 123 143 132 108 109 123 131 114 105 139 131 136 129 ' ,'0 0 0 0 0 0 0 0 0 0 0 0 0 0 0 0 0 0 0 0 ' ,39 ,1 ,2, 2
173 ,161, 155, '115 133 106 109 122 130 131 118 144 108 115 102 104 125 107 127 98 108 131 108 ' ,'0 0 0 0 0 0 0 0 0 0 0 0 0 0 0 0 0 0 0 0 ' ,49 ,1 ,1, 1
183 ,164, 165, '152 137 135 146 110 153 133 127 106 134 133 151 97 129 106 157 103 106 107 105 ' ,'0 0 0 0 0 0 0 0 0 0 0 0 0 0 0 0 0 0 0 0 ' ,52 ,1 ,1, 1
175 ,175, 157, '111 104 127 126 130 105 115 129 128 111 120 132 107 113 116 106 149 118 92 135 ' ,'0 0 0 0 0 0 0 0 0 0 0 0 0 0 0 0 0 0 0 0 ' ,58 ,1 ,1, 1
193 ,165, 175, '142 121 135 121 167 120 119 114 130 166 112 112 114 134 161 124 144 147 131 154 ' ,'0 0 0 0 0 0 0 0 0 0 0 0 0 0 0 0 0 0 0 0 ' ,57 ,1 ,1, 1
187 ,184, 161, '115 115 123 122 122 119 130 127 126 131 105 132 107 129 125 132 136 131 154 129 ' ,'0 0 0 0 0 0 0 0 0 0 0 0 0 0 0 0 0 0 0 0 ' ,49 ,1 ,1, 1
208 ,179, 185, '116 125 128 115 144 134 117 119 138 125 111 114 125 178 115 125 152 121 169 111 ' ,'0 0 0 0 0 0 0 0 0 0 0 0 0 0 0 0 0 0 0 0 ' ,70 ,0 ,0, 0
201 ,196, 177, '156 109 131 113 130 159 133 121 132 119 150 115 135 142 125 141 139 134 102 124 ' ,'0 0 0 0 0 0 0 0 0 0 0 0 0 0 0 0 0 0 0 0 ' ,59 ,1 ,1, 1
203 ,184, 182, '120 107 123 133 117 135 106 135 174 119 121 131 137 173 110 123 122 97 120 107 ' ,'0 0 0 0 0 0 0 0 0 0 0 0 0 0 0 0 0 0 0 0 ' ,78 ,0 ,1, 1
193 ,195, 173, '120 116 157 134 165 135 126 138 140 161 130 145 154 151 149 128 149 111 147 133 ' ,'0 0 0 0 0 0 0 0 0 0 0 0 0 0 0 0 0 0 0 0 ' ,56 ,1 ,0, 0
200 ,184, 183, '137 152 115 123 143 111 114 135 171 129 130 143 154 158 137 133 147 123 114 132 ' ,'0 0 0 0 0 0 0 0 0 0 0 0 0 0 0 0 0 0 0 0 ' ,66 ,1 ,0, 0
213 ,193, 168, '125 138 144 119 151 143 148 126 151 147 95 159 140 154 143 159 139 160 145 128 ' ,'0 0 0 0 0 0 0 0 0 0 0 0 0 0 0 0 0 0 0 0 ' ,68 ,1 ,1, 1
188 ,177, 171, '128 139 133 131 141 157 152 140 143 140 160 159 132 136 111 164 127 129 130 126 ' ,'0 0 0 0 0 0 0 0 0 0 0 0 0 0 0 0 0 0 0 0 ' ,52 ,0 ,2, 2
207 ,182, 185, '126 152 115 177 133 168 159 132 148 130 137 138 143 176 140 178 127 141 145 127 ' ,'0 0 0 0 0 0 0 0 0 0 0 0 0 0 0 0 0 0 0 0 ' ,65 ,1 ,0, 0
179 ,192, 160, '115 147 98 153 148 141 140 122 124 139 128 145 125 119 132 140 143 143 126 129 ' ,'0 0 0 0 0 0 0 0 0 0 0 0 0 0 0 0 0 0 0 0 ' ,56 ,1 ,1, 1
183 ,169, 165, '121 158 134 154 121 129 136 125 141 141 142 152 101 159 108 125 135 121 136 135 ' ,'0 0 0 0 0 0 0 0 0 0 0 0 0 0 0 0 0 0 0 0 ' ,56 ,1 ,1, 1
171 ,176, 155, '125 145 135 148 112 131 126 123 127 108 138 121 112 120 103 123 138 127 138 128 ' ,'0 0 0 0 0 0 0 0 0 0 0 0 0 0 0 0 0 0 0 0 ' ,44 ,1 ,1, 1
176 ,163, 153, '123 144 111 141 102 141 142 137 116 125 141 125 124 108 125 134 146 145 100 128 ' ,'0 0 0 0 0 0 0 0 0 0 0 0 0 0 0 0 0 0 0 0 ' ,49 ,1 ,1, 1
163 ,161, 147, '134 119 108 116 106 122 120 120 126 105 105 137 121 117 108 110 114 138 98 127 ' ,'0 0 0 0 0 0 0 0 0 0 0 0 0 0 0 0 0 0 0 0 ' ,43 ,1 ,1, 1
167 ,156, 148, '123 103 100 118 142 101 102 109 130 138 113 139 116 94 142 134 119 122 114 137 ' ,'0 0 0 0 0 0 0 0 0 0 0 0 0 0 0 0 0 0 0 0 ' ,48 ,1 ,0, 0
169 ,160, 141, '113 136 120 125 117 117 118 110 125 119 121 125 101 105 94 106 119 114 128 114 ' ,'0 0 0 0 0 0 0 0 0 0 0 0 0 0 0 0 0 0 0 0 ' ,43 ,1 ,1, 1
171 ,152, 149, '127 109 114 122 108 142 138 128 131 103 125 123 128 117 130 117 85 130 131 108 ' ,'0 0 0 0 0 0 0 0 0 0 0 0 0 0 0 0 0 0 0 0 ' ,56 ,1 ,0, 0
197 ,161, 168, '163 106 123 126 128 166 140 116 120 131 144 120 118 107 119 137 116 117 104 133 ' ,'0 0 0 0 0 0 0 0 0 0 0 0 0 0 0 0 0 0 0 0 ' ,63 ,1 ,1, 1
174 ,189, 145, '110 140 121 128 130 123 112 133 133 141 110 134 143 128 91 112 92 130 144 135 ' ,'0 0 0 0 0 0 0 0 0 0 0 0 0 0 0 0 0 0 0 0 ' ,54 ,1 ,1, 1
190 ,161, 171, '126 116 144 130 164 139 128 142 146 163 135 120 136 102 132 107 140 131 147 151 ' ,'0 0 0 0 0 0 0 0 0 0 0 0 0 0 0 0 0 0 0 0 ' ,63 ,1 ,1, 1
185 ,180, 167, '140 156 151 115 133 145 140 136 147 123 106 149 148 146 126 128 146 137 138 140 ' ,'0 0 0 0 0 0 0 0 0 0 0 0 0 0 0 0 0 0 0 0 ' ,54 ,1 ,2, 2
196 ,175, 180, '144 137 107 131 155 109 123 143 165 141 134 161 138 147 140 140 165 149 138 125 ' ,'0 0 0 0 0 0 0 0 0 0 0 0 0 0 0 0 0 0 0 0 ' ,64 ,0 ,2, 2
195 ,187, 170, '136 153 131 149 150 156 125 152 152 146 161 144 129 105 140 164 153 146 147 129 ' ,'0 0 0 0 0 0 0 0 0 0 0 0 0 0 0 0 0 0 0 0 ' ,61 ,1 ,1, 1
192 ,187, 171, '146 137 148 117 124 153 150 130 142 138 130 151 140 123 140 148 137 142 147 144 ' ,'0 0 0 0 0 0 0 0 0 0 0 0 0 0 0 0 0 0 0 0 ' ,40 ,0 ,1, 1
202 ,178, 184, '134 136 160 132 171 145 141 124 120 175 146 141 141 131 160 125 141 148 140 165 ' ,'0 0 0 0 0 0 0 0 0 0 0 0 0 0 0 0 0 0 0 0 ' ,57 ,0 ,1, 1
174 ,194, 152, '136 147 125 139 129 133 142 126 131 124 135 135 117 135 120 111 133 128 133 119 ' ,'0 0 0 0 0 0 0 0 0 0 0 0 0 0 0 0 0 0 0 0 ' ,32 ,0 ,2, 2
170 ,160, 154, '138 140 134 137 105 111 140 124 119 111 126 137 129 134 124 124 120 111 147 121 ' ,'0 0 0 0 0 0 0 0 0 0 0 0 0 0 0 0 0 0 0 0 ' ,43 ,0 ,1, 1
177 ,162, 157, '141 153 152 145 105 148 146 136 138 116 140 149 121 109 105 121 136 126 134 131 ' ,'0 0 0 0 0 0 0 0 0 0 0 0 0 0 0 0 0 0 0 0 ' ,48 ,0 ,1, 1
196 ,167, 163, '134 157 126 100 109 129 124 125 105 118 118 136 112 111 104 117 109 119 133 117 ' ,'0 0 0 0 0 0 0 0 0 0 0 0 0 0 0 0 0 0 0 0 ' ,57 ,1 ,1, 1
193 ,170, 175, '138 127 118 117 134 127 113 105 127 170 131 143 111 107 163 113 119 113 123 158 ' ,'0 0 0 0 0 0 0 0 0 0 0 0 0 0 0 0 0 0 0 0 ' ,66 ,1 ,0, 0
178 ,186, 160, '108 133 136 123 122 130 149 127 131 127 110 131 117 103 114 125 118 124 135 128 ' ,'0 0 0 0 0 0 0 0 0 0 0 0 0 0 0 0 0 0 0 0 ' ,49 ,0 ,1, 1
172 ,168, 152, '135 123 104 121 112 128 147 115 136 113 124 142 104 133 115 116 131 110 136 120 ' ,'0 0 0 0 0 0 0 0 0 0 0 0 0 0 0 0 0 0 0 0 ' ,43 ,1 ,1, 1
214 ,163, 196, '172 147 135 117 102 179 132 133 118 124 168 139 135 104 118 151 145 145 128 137 ' ,'0 0 0 0 0 0 0 0 0 0 0 0 0 0 0 0 0 0 0 0 ' ,79 ,1 ,1, 1
189 ,206, 170, '135 146 142 146 133 141 122 126 161 109 136 151 127 147 124 133 154 138 122 120 ' ,'0 0 0 0 0 0 0 0 0 0 0 0 0 0 0 0 0 0 0 0 ' ,54 ,0 ,2, 2
223 ,181, 205, '143 152 158 143 167 116 152 137 151 195 122 134 127 140 191 141 153 137 133 196 ' ,'0 0 0 0 0 0 0 0 0 0 0 0 0 0 0 0 0 0 0 0 ' ,83 ,1 ,1, 1
183 ,213, 161, '127 139 145 150 145 139 115 134 145 144 131 130 149 118 109 129 150 131 133 127 ' ,'0 0 0 0 0 0 0 0 0 0 0 0 0 0 0 0 0 0 0 0 ' ,46 ,0 ,2, 2
186 ,170, 170, '162 156 162 114 127 145 160 150 135 155 149 149 125 134 141 137 152 142 115 134 ' ,'0 0 0 0 0 0 0 0 0 0 0 0 0 0 0 0 0 0 0 0 ' ,50 ,1 ,0, 0
229 ,179, 205, '172 155 150 129 123 158 167 109 135 149 180 160 143 196 121 168 157 144 145 120 ' ,'0 0 0 0 0 0 0 0 0 0 0 0 0 0 0 0 0 0 0 0 ' ,89 ,1 ,2, 2
234 ,216, 215, '144 122 138 208 171 138 157 113 131 149 146 147 126 129 177 120 162 147 189 169 ' ,'0 0 0 0 0 0 0 0 0 0 0 0 0 0 0 0 0 0 0 0 ' ,96 ,0 ,2, 2
199 ,225, 177, '148 149 148 124 137 120 158 107 132 167 136 118 126 132 158 145 139 140 153 147 ' ,'0 0 0 0 0 0 0 0 0 0 0 0 0 0 0 0 0 0 0 0 ' ,62 ,1 ,2, 2
202 ,188, 184, '129 178 134 117 132 141 155 107 142 132 130 136 109 119 116 108 129 132 147 122 ' ,'0 0 0 0 0 0 0 0 0 0 0 0 0 0 0 0 0 0 0 0 ' ,74 ,1 ,0, 0
178 ,195, 159, '126 141 92 122 132 127 128 115 153 125 115 148 130 136 124 98 108 106 118 119 ' ,'0 0 0 0 0 0 0 0 0 0 0 0 0 0 0 0 0 0 0 0 ' ,66 ,1 ,1, 1
179 ,171, 162, '155 124 119 130 111 134 155 116 135 121 150 133 133 144 146 152 132 123 114 101 ' ,'0 0 0 0 0 0 0 0 0 0 0 0 0 0 0 0 0 0 0 0 ' ,55 ,0 ,0, 0
176 ,170, 150, '115 124 132 120 143 138 128 128 129 123 122 133 113 134 126 127 145 126 128 119 ' ,'0 0 0 0 0 0 0 0 0 0 0 0 0 0 0 0 0 0 0 0 ' ,39 ,0 ,1, 1
191 ,167, 172, '112 129 141 129 164 138 150 129 138 144 133 137 104 142 119 121 120 131 124 158 ' ,'0 0 0 0 0 0 0 0 0 0 0 0 0 0 0 0 0 0 0 0 ' ,54 ,0 ,1, 1
177 ,182, 161, '154 148 128 129 144 122 141 128 120 113 123 123 131 120 124 119 141 125 122 126 ' ,'0 0 0 0 0 0 0 0 0 0 0 0 0 0 0 0 0 0 0 0 ' ,38 ,1 ,1, 1
192 ,168, 169, '134 133 144 124 139 137 154 106 143 114 122 160 150 109 142 122 118 144 137 120 ' ,'0 0 0 0 0 0 0 0 0 0 0 0 0 0 0 0 0 0 0 0 ' ,63 ,0 ,1, 1
199 ,182, 177, '148 156 128 126 151 153 150 130 141 142 136 131 135 153 140 171 148 125 120 125 ' ,'0 0 0 0 0 0 0 0 0 0 0 0 0 0 0 0 0 0 0 0 ' ,51 ,1 ,1, 1
195 ,193, 176, '142 137 147 158 139 123 170 134 150 131 131 152 152 149 141 142 147 145 131 113 ' ,'0 0 0 0 0 0 0 0 0 0 0 0 0 0 0 0 0 0 0 0 ' ,55 ,1 ,1, 1
259 ,190, 235, '143 143 132 140 182 128 155 161 152 168 152 163 116 118 168 130 125 156 140 176 ' ,'0 0 0 0 0 0 0 0 0 0 0 0 0 0 0 0 0 0 0 0 ' ,112 ,49 ,1, 1
196 ,249, 175, '142 107 118 134 114 161 145 127 168 140 145 139 134 145 141 140 142 137 133 152 ' ,'0 0 0 0 0 0 0 0 0 0 0 0 0 0 0 0 0 0 0 0 ' ,66 ,1 ,1, 1
192 ,187, 173, '147 144 139 116 121 124 145 148 152 134 159 152 130 153 136 143 140 132 147 134 ' ,'0 0 0 0 0 0 0 0 0 0 0 0 0 0 0 0 0 0 0 0 ' ,48 ,1 ,2, 2
207 ,184, 188, '161 133 160 136 149 132 181 147 146 126 136 158 135 128 146 141 128 113 148 139 ' ,'0 0 0 0 0 0 0 0 0 0 0 0 0 0 0 0 0 0 0 0 ' ,69 ,1 ,0, 0
194 ,201, 178, '127 167 149 119 110 133 148 124 126 131 121 134 132 143 131 121 129 141 118 125 ' ,'0 0 0 0 0 0 0 0 0 0 0 0 0 0 0 0 0 0 0 0 ' ,57 ,1 ,1, 1
187 ,187, 169, '129 164 105 103 137 134 150 102 137 150 125 142 145 121 139 142 122 136 115 157 ' ,'0 0 0 0 0 0 0 0 0 0 0 0 0 0 0 0 0 0 0 0 ' ,60 ,1 ,0, 0
176 ,179, 154, '124 138 133 122 94 110 133 108 107 122 114 124 125 147 117 140 134 127 139 126 ' ,'0 0 0 0 0 0 0 0 0 0 0 0 0 0 0 0 0 0 0 0 ' ,47 ,0 ,1, 1
180 ,167, 155, '102 134 136 122 121 134 119 123 126 125 111 146 143 101 100 128 107 122 127 126 ' ,'0 0 0 0 0 0 0 0 0 0 0 0 0 0 0 0 0 0 0 0 ' ,49 ,1 ,1, 1
180 ,171, 156, '140 138 124 115 143 150 122 120 143 129 139 126 123 143 110 135 114 141 125 111 ' ,'0 0 0 0 0 0 0 0 0 0 0 0 0 0 0 0 0 0 0 0 ' ,40 ,1 ,1, 1
231 ,167, 213, '130 130 140 135 119 118 134 141 131 118 111 199 132 135 124 137 181 120 138 110 ' ,'0 0 0 0 0 0 0 0 0 0 0 0 0 0 0 0 0 0 0 0 ' ,96 ,1 ,1, 1
243 ,221, 227, '129 142 142 124 146 138 164 138 146 146 105 206 146 119 153 148 164 130 154 150 ' ,'0 0 0 0 0 0 0 0 0 0 0 0 0 0 0 0 0 0 0 0 ' ,113 ,1 ,1, 1
188 ,235, 172, '117 128 139 138 136 137 166 146 151 136 118 125 155 144 126 122 158 134 149 120 ' ,'0 0 0 0 0 0 0 0 0 0 0 0 0 0 0 0 0 0 0 0 ' ,48 ,1 ,1, 1
193 ,181, 177, '166 153 124 124 126 147 133 126 136 142 123 125 140 170 138 125 153 118 158 140 ' ,'0 0 0 0 0 0 0 0 0 0 0 0 0 0 0 0 0 0 0 0 ' ,51 ,0 ,1, 1
230 ,185, 210, '146 134 167 115 147 157 141 153 147 204 126 167 121 119 120 149 136 153 128 139 ' ,'0 0 0 0 0 0 0 0 0 0 0 0 0 0 0 0 0 0 0 0 ' ,91 ,1 ,1, 1
188 ,222, 169, '132 147 149 148 125 158 155 140 131 133 149 136 133 131 122 108 162 140 127 115 ' ,'0 0 0 0 0 0 0 0 0 0 0 0 0 0 0 0 0 0 0 0 ' ,57 ,0 ,1, 1
258 ,181, 240, '126 144 150 207 202 103 139 115 228 183 104 140 152 124 190 138 156 145 166 179 ' ,'0 0 0 0 0 0 0 0 0 0 0 0 0 0 0 0 0 0 0 0 ' ,131 ,0 ,1, 1
245 ,250, 228, '216 156 139 156 127 217 148 135 163 145 120 143 134 150 145 215 144 143 170 120 ' ,'0 0 0 0 0 0 0 0 0 0 0 0 0 0 0 0 0 0 0 0 ' ,100 ,1 ,1, 1
223 ,236, 206, '171 162 133 150 142 151 139 142 173 137 152 153 113 141 125 144 198 167 144 120 ' ,'0 0 0 0 0 0 0 0 0 0 0 0 0 0 0 0 0 0 0 0 ' ,81 ,1 ,1, 1
213 ,214, 193, '188 157 123 116 123 166 134 117 130 133 182 125 117 149 88 169 144 142 152 125 ' ,'0 0 0 0 0 0 0 0 0 0 0 0 0 0 0 0 0 0 0 0 ' ,95 ,1 ,1, 1
164 ,204, 147, '115 120 118 137 130 117 128 113 137 123 126 135 119 121 114 94 131 128 136 112 ' ,'0 0 0 0 0 0 0 0 0 0 0 0 0 0 0 0 0 0 0 0 ' ,48 ,1 ,0, 0
207 ,156, 189, '109 146 120 105 179 114 120 131 150 127 112 129 120 115 83 142 125 112 108 118 ' ,'0 0 0 0 0 0 0 0 0 0 0 0 0 0 0 0 0 0 0 0 ' ,100 ,0 ,1, 1
165 ,199, 148, '88 103 127 138 111 131 135 114 113 107 122 116 129 139 94 116 112 121 125 119 ' ,'0 0 0 0 0 0 0 0 0 0 0 0 0 0 0 0 0 0 0 0 ' ,52 ,0 ,1, 1
172 ,156, 155, '109 148 121 120 126 123 132 129 139 125 112 125 126 124 120 118 109 137 145 129 ' ,'0 0 0 0 0 0 0 0 0 0 0 0 0 0 0 0 0 0 0 0 ' ,41 ,1 ,1, 1
182 ,165, 163, '156 106 135 128 117 143 134 118 139 109 153 113 123 135 117 156 122 142 137 108 ' ,'0 0 0 0 0 0 0 0 0 0 0 0 0 0 0 0 0 0 0 0 ' ,54 ,1 ,1, 1
169 ,173, 150, '114 123 114 127 117 135 126 109 141 111 112 119 114 121 123 114 127 137 125 110 ' ,'0 0 0 0 0 0 0 0 0 0 0 0 0 0 0 0 0 0 0 0 ' ,34 ,1 ,1, 1
189 ,158, 169, '132 119 113 124 149 123 115 123 131 159 90 111 117 117 149 104 122 137 142 142 ' ,'0 0 0 0 0 0 0 0 0 0 0 0 0 0 0 0 0 0 0 0 ' ,76 ,1 ,1, 1
168 ,180, 149, '138 124 127 134 146 104 141 110 127 121 131 99 115 134 122 109 123 120 114 134 ' ,'0 0 0 0 0 0 0 0 0 0 0 0 0 0 0 0 0 0 0 0 ' ,44 ,1 ,1, 1
180 ,162, 162, '125 120 119 141 130 126 129 131 139 144 111 136 119 116 132 152 122 151 132 120 ' ,'0 0 0 0 0 0 0 0 0 0 0 0 0 0 0 0 0 0 0 0 ' ,46 ,1 ,1, 1
189 ,171, 172, '160 144 132 129 135 167 142 140 163 135 144 141 106 123 133 149 160 107 154 149 ' ,'0 0 0 0 0 0 0 0 0 0 0 0 0 0 0 0 0 0 0 0 ' ,58 ,1 ,2, 2
190 ,181, 171, '130 128 157 115 143 105 147 130 127 121 121 134 161 133 120 137 104 149 137 110 ' ,'0 0 0 0 0 0 0 0 0 0 0 0 0 0 0 0 0 0 0 0 ' ,60 ,1 ,1, 1
232 ,182, 214, '152 126 118 201 140 152 138 112 152 178 151 152 128 149 151 115 137 150 171 158 ' ,'0 0 0 0 0 0 0 0 0 0 0 0 0 0 0 0 0 0 0 0 ' ,94 ,1 ,2, 2
196 ,223, 179, '134 172 134 106 137 145 100 119 133 146 132 133 149 143 147 150 123 152 150 117 ' ,'0 0 0 0 0 0 0 0 0 0 0 0 0 0 0 0 0 0 0 0 ' ,75 ,0 ,1, 1
206 ,188, 181, '126 143 122 140 142 134 156 113 132 122 109 116 125 166 135 136 128 139 175 134 ' ,'0 0 0 0 0 0 0 0 0 0 0 0 0 0 0 0 0 0 0 0 ' ,70 ,0 ,2, 2
180 ,196, 164, '127 113 117 138 128 119 151 127 126 142 156 146 117 140 143 134 155 134 144 134 ' ,'0 0 0 0 0 0 0 0 0 0 0 0 0 0 0 0 0 0 0 0 ' ,46 ,1 ,1, 1
190 ,171, 167, '118 131 120 133 159 127 166 111 122 133 121 121 115 106 127 99 126 133 132 117 ' ,'0 0 0 0 0 0 0 0 0 0 0 0 0 0 0 0 0 0 0 0 ' ,67 ,1 ,0, 0
190 ,182, 173, '123 117 136 147 144 164 145 101 123 117 127 124 111 108 154 117 108 106 130 145 ' ,'0 0 0 0 0 0 0 0 0 0 0 0 0 0 0 0 0 0 0 0 ' ,62 ,1 ,1, 1
204 ,182, 188, '111 131 135 182 112 133 102 100 134 114 112 153 134 153 109 105 158 109 144 119 ' ,'0 0 0 0 0 0 0 0 0 0 0 0 0 0 0 0 0 0 0 0 ' ,82 ,1 ,1, 1
243 ,198, 213, '135 140 95 135 112 147 119 157 152 107 137 124 193 131 102 120 125 174 129 109 ' ,'0 0 0 0 0 0 0 0 0 0 0 0 0 0 0 0 0 0 0 0 ' ,103 ,1 ,1, 1
236 ,230, 205, '200 111 135 98 127 184 116 139 158 107 125 120 165 152 101 142 133 187 105 140 ' ,'0 0 0 0 0 0 0 0 0 0 0 0 0 0 0 0 0 0 0 0 ' ,111 ,0 ,1, 1
291 ,225, 257, '118 107 187 113 114 117 103 224 131 108 100 146 191 99 121 102 117 138 127 134 ' ,'0 0 0 0 0 0 0 0 0 0 0 0 0 0 0 0 0 0 0 0 ' ,143 ,1 ,1, 1
357 ,265, 277, '131 112 305 119 144 124 122 249 140 134 105 131 224 115 136 109 123 168 130 153 ' ,'0 0 0 0 0 0 0 0 0 0 0 0 0 0 0 0 0 0 0 0 ' ,207 ,1 ,0, 0
285 ,337, 257, '111 152 227 144 129 129 137 123 143 140 121 132 182 125 124 136 123 138 137 136 ' ,'0 0 0 0 0 0 0 0 0 0 0 0 0 0 0 0 0 0 0 0 ' ,138 ,1 ,1, 1
293 ,267, 263, '113 153 228 140 138 127 122 173 132 120 134 137 215 139 129 133 152 137 142 136 ' ,'0 0 0 0 0 0 0 0 0 0 0 0 0 0 0 0 0 0 0 0 ' ,134 ,0 ,0, 0
373 ,272, 326, '149 102 309 147 139 158 132 213 137 137 124 136 294 117 136 160 145 237 125 149 ' ,'0 0 0 0 0 0 0 0 0 0 0 0 0 0 0 0 0 0 0 0 ' ,221 ,1 ,1, 1
351 ,345, 332, '140 139 222 131 143 112 174 273 145 129 122 147 169 116 133 164 110 316 123 148 ' ,'0 0 0 0 0 0 0 0 0 0 0 0 0 0 0 0 0 0 0 0 ' ,215 ,1 ,1, 1
304 ,344, 288, '152 145 148 117 139 131 152 256 160 165 129 158 180 118 154 146 110 138 127 109 ' ,'0 0 0 0 0 0 0 0 0 0 0 0 0 0 0 0 0 0 0 0 ' ,166 ,1 ,8, 8
267 ,295, 247, '137 150 140 126 128 128 151 162 149 119 122 152 219 151 118 132 122 147 129 109 ' ,'0 0 0 0 0 0 0 0 0 0 0 0 0 0 0 0 0 0 0 0 ' ,128 ,1 ,1, 1
305 ,257, 218, '150 155 196 113 108 119 149 119 133 134 139 151 167 123 131 137 132 187 113 116 ' ,'0 0 0 0 0 0 0 0 0 0 0 0 0 0 0 0 0 0 0 0 ' ,128 ,0 ,1, 1
227 ,257, 199, '123 155 121 133 111 132 144 103 121 146 139 144 179 120 137 130 100 160 132 114 ' ,'0 0 0 0 0 0 0 0 0 0 0 0 0 0 0 0 0 0 0 0 ' ,90 ,1 ,1, 1
225 ,456, 202, '110 172 186 131 93 104 131 152 135 106 106 132 144 109 121 117 110 157 117 102 ' ,'0 0 0 0 0 0 0 0 0 0 0 0 0 0 0 0 0 0 0 0 ' ,107 ,1 ,1, 1
260 ,217, 213, '123 111 140 114 109 127 125 115 129 178 136 124 115 113 189 135 101 188 104 188 ' ,'0 0 0 0 0 0 0 0 0 0 0 0 0 0 0 0 0 0 0 0 ' ,113 ,1 ,0, 0
272 ,240, 239, '201 119 120 124 133 202 119 137 135 124 183 106 197 142 100 205 95 177 128 109 ' ,'0 0 0 0 0 0 0 0 0 0 0 0 0 0 0 0 0 0 0 0 ' ,132 ,1 ,1, 1
250 ,250, 218, '109 108 202 136 137 120 121 194 151 110 108 137 148 138 137 106 119 134 140 120 ' ,'0 0 0 0 0 0 0 0 0 0 0 0 0 0 0 0 0 0 0 0 ' ,111 ,1 ,0, 0
332 ,235, 259, '162 106 256 136 100 161 140 185 141 120 161 127 185 141 114 160 130 226 125 104 ' ,'0 0 0 0 0 0 0 0 0 0 0 0 0 0 0 0 0 0 0 0 ' ,189 ,1 ,1, 1
324 ,313, 291, '137 122 273 156 145 150 134 208 147 117 91 118 113 125 118 137 123 133 152 138 ' ,'0 0 0 0 0 0 0 0 0 0 0 0 0 0 0 0 0 0 0 0 ' ,200 ,1 ,0, 0
308 ,317, 264, '127 128 262 134 192 141 115 177 146 178 143 103 182 127 155 141 123 132 155 182 ' ,'0 0 0 0 0 0 0 0 0 0 0 0 0 0 0 0 0 0 0 0 ' ,161 ,0 ,1, 1
355 ,294, 328, '116 134 275 155 148 135 133 229 119 118 113 133 232 148 154 132 152 309 141 147 ' ,'0 0 0 0 0 0 0 0 0 0 0 0 0 0 0 0 0 0 0 0 ' ,207 ,1 ,1, 1
189 ,343, 172, '158 134 142 94 133 145 149 146 139 142 121 149 153 137 149 107 123 163 144 133 ' ,'0 0 0 0 0 0 0 0 0 0 0 0 0 0 0 0 0 0 0 0 ' ,70 ,0 ,1, 1
202 ,181, 187, '157 132 149 162 129 126 134 154 119 149 157 161 139 140 134 161 107 148 176 152 ' ,'0 0 0 0 0 0 0 0 0 0 0 0 0 0 0 0 0 0 0 0 ' ,70 ,1 ,2, 2
183 ,194, 167, '115 138 141 151 147 143 119 158 148 122 104 111 138 141 131 127 154 141 152 116 ' ,'0 0 0 0 0 0 0 0 0 0 0 0 0 0 0 0 0 0 0 0 ' ,55 ,0 ,1, 1
207 ,178, 190, '117 144 155 124 181 131 148 159 131 166 142 123 120 133 178 158 157 151 152 157 ' ,'0 0 0 0 0 0 0 0 0 0 0 0 0 0 0 0 0 0 0 0 ' ,62 ,1 ,1, 1
189 ,198, 169, '125 158 145 139 147 131 128 144 120 149 152 147 131 100 135 121 139 160 159 116 ' ,'0 0 0 0 0 0 0 0 0 0 0 0 0 0 0 0 0 0 0 0 ' ,62 ,1 ,1, 1
185 ,177, 168, '134 158 125 124 125 112 146 147 128 122 147 132 115 160 148 115 138 134 156 133 ' ,'0 0 0 0 0 0 0 0 0 0 0 0 0 0 0 0 0 0 0 0 ' ,49 ,1 ,1, 1
190 ,176, 173, '122 166 131 131 141 156 139 125 100 98 157 128 117 100 146 158 114 128 151 128 ' ,'0 0 0 0 0 0 0 0 0 0 0 0 0 0 0 0 0 0 0 0 ' ,69 ,1 ,2, 2
212 ,181, 197, '141 153 142 186 130 150 159 94 155 131 138 112 106 137 109 108 101 144 134 116 ' ,'0 0 0 0 0 0 0 0 0 0 0 0 0 0 0 0 0 0 0 0 ' ,92 ,1 ,1, 1
176 ,205, 157, '129 142 126 144 149 144 152 119 133 131 143 127 115 139 133 108 140 115 125 139 ' ,'0 0 0 0 0 0 0 0 0 0 0 0 0 0 0 0 0 0 0 0 ' ,48 ,1 ,1, 1
168 ,168, 148, '116 136 127 130 123 125 121 100 112 121 126 125 109 140 106 121 90 114 133 121 ' ,'0 0 0 0 0 0 0 0 0 0 0 0 0 0 0 0 0 0 0 0 ' ,50 ,1 ,1, 1
162 ,160, 145, '121 134 126 124 131 96 134 118 109 116 116 135 113 132 123 121 113 116 103 111 ' ,'0 0 0 0 0 0 0 0 0 0 0 0 0 0 0 0 0 0 0 0 ' ,43 ,1 ,2, 2
177 ,153, 161, '135 153 127 131 123 135 131 119 118 120 122 130 117 115 106 138 120 99 133 117 ' ,'0 0 0 0 0 0 0 0 0 0 0 0 0 0 0 0 0 0 0 0 ' ,55 ,1 ,0, 0
172 ,169, 156, '115 148 128 149 134 128 135 131 123 139 105 120 120 114 115 132 135 114 140 128 ' ,'0 0 0 0 0 0 0 0 0 0 0 0 0 0 0 0 0 0 0 0 ' ,42 ,0 ,1, 1
187 ,163, 169, '130 132 141 118 162 129 133 130 153 129 124 119 121 127 141 125 141 131 133 146 ' ,'0 0 0 0 0 0 0 0 0 0 0 0 0 0 0 0 0 0 0 0 ' ,38 ,0 ,1, 1
186 ,178, 167, '118 129 122 115 148 132 147 135 147 138 138 135 130 115 126 134 129 137 161 148 ' ,'0 0 0 0 0 0 0 0 0 0 0 0 0 0 0 0 0 0 0 0 ' ,47 ,1 ,0, 0
189 ,177, 171, '162 147 123 113 123 129 158 149 135 113 148 148 128 144 137 154 159 132 128 142 ' ,'0 0 0 0 0 0 0 0 0 0 0 0 0 0 0 0 0 0 0 0 ' ,50 ,1 ,1, 1
192 ,181, 171, '128 144 131 160 152 144 154 160 144 133 145 162 134 135 150 147 160 136 113 135 ' ,'0 0 0 0 0 0 0 0 0 0 0 0 0 0 0 0 0 0 0 0 ' ,53 ,1 ,1, 1
185 ,186, 167, '123 146 118 115 103 131 156 150 124 148 112 144 103 135 140 145 123 155 127 134 ' ,'0 0 0 0 0 0 0 0 0 0 0 0 0 0 0 0 0 0 0 0 ' ,55 ,1 ,1, 1
200 ,176, 183, '104 130 102 156 152 129 101 124 171 133 135 139 128 130 168 108 147 153 160 169 ' ,'0 0 0 0 0 0 0 0 0 0 0 0 0 0 0 0 0 0 0 0 ' ,75 ,1 ,2, 1
187 ,190, 171, '128 139 118 119 111 121 130 112 145 128 142 151 122 131 134 108 98 137 163 109 ' ,'0 0 0 0 0 0 0 0 0 0 0 0 0 0 0 0 0 0 0 0 ' ,65 ,1 ,1, 1
190 ,179, 174, '132 124 119 106 126 121 137 110 144 122 135 129 120 160 130 124 106 153 167 94 ' ,'0 0 0 0 0 0 0 0 0 0 0 0 0 0 0 0 0 0 17 0 ' ,72 ,0 ,1, 1
225 ,181, 205, '127 134 129 140 127 151 141 111 113 114 149 119 112 120 129 103 111 133 126 132 ' ,'0 0 0 0 0 0 0 0 0 0 0 0 0 0 0 0 0 0 0 0 ' ,96 ,1 ,1, 1
174 ,217, 153, '115 139 106 124 131 122 116 125 126 90 131 135 105 137 129 100 111 116 106 110 ' ,'0 0 0 0 0 0 0 0 0 0 0 0 0 0 0 0 0 0 0 0 ' ,46 ,1 ,0, 0
209 ,164, 167, '133 123 105 112 160 124 113 118 99 140 141 101 121 113 152 114 133 129 110 149 ' ,'0 0 0 0 0 0 0 0 0 0 0 0 0 0 0 0 0 0 0 0 ' ,62 ,1 ,0, 0
170 ,201, 154, '111 129 133 129 123 122 121 116 101 115 143 91 105 131 104 116 138 125 148 126 ' ,'0 0 0 0 0 0 0 0 0 0 0 0 0 0 0 0 0 0 0 0 ' ,45 ,1 ,1, 1
177 ,162, 158, '118 108 108 124 120 120 138 112 117 120 108 121 105 108 100 143 128 121 103 112 ' ,'0 0 0 0 0 0 0 0 0 0 0 0 0 0 0 0 0 0 0 0 ' ,40 ,1 ,1, 1
285 ,167, 267, '96 110 122 108 91 124 118 106 116 140 108 117 112 106 108 113 140 115 94 139 ' ,'0 0 0 0 0 0 0 0 0 0 0 0 0 0 0 0 0 0 0 0 ' ,168 ,1 ,1, 1
167 ,281, 152, '103 124 115 110 100 111 124 133 113 117 104 116 115 135 106 106 121 119 135 100 ' ,'0 0 0 0 0 0 0 0 0 0 0 0 0 0 0 0 0 0 0 0 ' ,46 ,1 ,1, 1
209 ,161, 188, '113 122 135 105 180 100 122 135 113 134 112 130 112 123 157 109 88 90 141 165 ' ,'0 0 0 0 0 0 0 0 0 0 0 0 0 0 0 0 0 0 0 0 ' ,94 ,1 ,1, 1
179 ,195, 155, '114 114 127 115 115 114 144 120 97 107 104 148 104 122 116 133 90 114 117 122 ' ,'0 0 0 0 0 0 0 0 0 0 0 0 0 0 0 0 0 0 0 0 ' ,60 ,1 ,1, 1
206 ,172, 187, '109 137 106 110 121 123 177 129 119 115 125 168 141 125 111 103 103 103 135 120 ' ,'0 0 0 0 0 0 0 0 0 0 0 0 0 0 0 0 0 0 0 0 ' ,80 ,1 ,1, 1
184 ,196, 158, '117 132 105 121 94 109 115 108 139 128 99 154 125 116 90 117 121 101 118 107 ' ,'0 0 0 0 0 0 0 0 0 0 0 0 0 0 0 0 0 0 0 0 ' ,67 ,1 ,0, 0
164 ,174, 147, '114 113 107 125 131 131 115 102 110 118 134 128 126 139 112 109 121 111 124 136 ' ,'0 0 0 0 0 0 0 0 0 0 0 0 0 0 0 0 0 0 0 0 ' ,37 ,1 ,1, 1
221 ,157, 204, '139 144 106 127 141 122 130 124 127 185 131 149 131 104 165 141 141 137 147 195 ' ,'0 0 0 0 0 0 0 0 0 0 0 0 0 0 0 0 0 0 0 0 ' ,94 ,1 ,1, 1
192 ,214, 177, '125 148 121 130 99 156 148 148 152 136 110 135 133 120 150 130 167 132 164 110 ' ,'0 0 0 0 0 0 0 0 0 0 0 0 0 0 0 0 0 0 0 0 ' ,71 ,1 ,1, 1
184 ,184, 169, '127 149 131 155 93 158 141 146 121 125 127 139 98 136 153 132 145 111 139 143 ' ,'0 0 0 0 0 0 0 0 0 0 0 0 0 0 0 0 0 0 0 0 ' ,63 ,1 ,2, 2
185 ,177, 166, '126 154 109 99 108 127 149 118 127 118 110 129 126 143 155 144 123 137 118 107 ' ,'0 0 0 0 0 0 0 0 0 0 0 0 0 0 0 0 0 0 0 0 ' ,60 ,1 ,1, 1
171 ,174, 154, '98 136 126 116 95 112 122 110 103 120 132 141 98 96 130 126 122 123 109 127 ' ,'0 0 0 0 0 0 0 0 0 0 0 0 0 0 0 0 0 0 0 0 ' ,54 ,1 ,1, 1
206 ,162, 177, '125 175 127 118 141 124 118 122 136 146 127 122 128 149 117 128 118 131 136 157 ' ,'0 0 0 0 0 0 0 0 0 0 0 0 0 0 0 0 0 0 0 0 ' ,59 ,1 ,1, 1
163 ,193, 148, '125 121 133 114 114 115 115 118 123 110 133 138 122 122 117 131 114 124 104 106 ' ,'0 0 0 0 0 0 0 0 0 0 0 0 0 0 0 0 0 0 0 0 ' ,38 ,1 ,0, 0
171 ,155, 147, '119 135 130 120 114 114 129 132 130 101 127 126 123 123 121 108 134 118 120 123 ' ,'0 0 0 0 0 0 0 0 0 0 0 0 0 0 0 0 0 0 0 0 ' ,36 ,0 ,0, 0
181 ,160, 167, '116 146 134 105 123 132 103 109 115 94 139 155 119 141 114 119 101 128 126 121 ' ,'0 0 0 0 0 0 0 0 0 0 0 0 0 0 0 0 0 0 0 0 ' ,64 ,1 ,1, 1
170 ,174, 142, '126 137 122 118 110 123 115 126 123 104 135 133 112 102 102 110 105 108 112 93 ' ,'0 0 0 0 0 0 0 0 0 0 0 0 0 0 0 0 0 0 0 0 ' ,55 ,1 ,0, 0
272 ,161, 252, '111 124 106 85 131 116 103 96 123 131 125 135 124 111 164 111 84 118 124 244 ' ,'0 0 0 0 0 0 0 0 0 0 0 0 0 0 0 0 0 0 0 108899 ' ,160 ,1 ,2, 2
400 ,327, 279, '113 123 123 124 97 267 172 110 135 101 113 144 127 116 111 121 168 123 126 140 ' ,'0 150 0 0 0 92747 199 0 0 0 0 0 0 0 0 0 197 0 0 0 ' ,172 ,1 ,2, 0
184 ,490, 168, '134 156 122 141 150 119 135 133 125 127 129 148 132 152 110 135 129 116 121 128 ' ,'0 0 0 0 0 0 0 0 0 0 0 0 0 0 0 0 0 0 0 0 ' ,46 ,1 ,1, 1
204 ,177, 189, '151 134 143 153 129 167 137 140 150 122 139 144 127 142 129 131 166 132 160 141 ' ,'0 0 0 0 0 0 0 0 0 0 0 0 0 0 0 0 0 0 0 0 ' ,58 ,1 ,2, 2
174 ,196, 158, '143 145 150 131 131 151 130 139 130 110 134 125 126 138 130 143 117 131 138 120 ' ,'0 0 0 0 0 0 0 0 0 0 0 0 0 0 0 0 0 0 0 0 ' ,42 ,0 ,1, 1
197 ,165, 182, '117 123 145 141 171 135 149 154 131 169 109 159 133 133 153 126 175 140 149 143 ' ,'0 0 0 0 0 0 0 0 0 0 0 0 0 0 0 0 0 0 0 0 ' ,65 ,1 ,1, 1
188 ,190, 168, '151 164 117 135 137 119 164 130 153 129 132 151 121 148 145 132 122 153 126 108 ' ,'0 0 0 0 0 0 0 0 0 0 0 0 0 0 0 0 0 0 0 0 ' ,56 ,1 ,1, 1
189 ,180, 172, '128 145 96 155 123 135 163 105 144 121 145 136 143 131 121 141 138 122 135 119 ' ,'0 0 0 0 0 0 0 0 0 0 0 0 0 0 0 0 0 0 0 0 ' ,69 ,1 ,0, 0
185 ,180, 168, '118 126 116 126 103 137 159 146 100 111 118 145 124 116 108 132 122 124 114 98 ' ,'0 0 0 0 0 0 0 0 0 0 0 0 0 0 0 0 0 0 0 0 ' ,62 ,1 ,1, 1
177 ,177, 151, '128 138 133 110 92 136 149 137 126 131 141 126 123 130 136 136 115 132 102 113 ' ,'0 0 0 0 0 0 0 0 0 0 0 0 0 0 0 0 0 0 0 0 ' ,56 ,2 ,1, 1
189 ,167, 168, '102 145 141 132 122 116 134 130 128 131 120 137 139 121 159 120 133 121 125 157 ' ,'0 0 0 0 0 0 0 0 0 0 0 0 0 0 0 0 0 0 0 0 ' ,58 ,1 ,1, 1
186 ,175, 160, '95 121 127 123 104 119 141 107 98 116 97 142 122 123 140 133 113 131 87 120 ' ,'0 0 0 0 0 0 0 0 0 0 0 0 0 0 0 0 0 0 0 0 ' ,58 ,0 ,0, 0
236 ,172, 219, '104 210 119 109 98 121 140 127 126 110 133 198 116 134 106 113 125 123 101 120 ' ,'0 0 0 0 0 0 0 0 0 0 0 0 0 0 0 0 0 0 0 0 ' ,114 ,1 ,1, 1
233 ,226, 216, '107 208 134 111 112 114 129 96 137 104 127 158 122 121 102 108 157 106 111 130 ' ,'0 0 0 0 0 0 0 0 0 0 0 0 0 0 0 0 0 0 0 0 ' ,113 ,1 ,1, 1
187 ,225, 171, '94 162 124 107 114 128 123 117 120 124 118 124 118 86 100 120 119 138 119 124 ' ,'0 0 0 0 0 0 0 0 0 0 0 0 0 0 0 0 0 0 0 0 ' ,79 ,1 ,1, 1
185 ,178, 166, '115 119 122 119 115 110 137 98 124 146 141 142 151 116 157 112 104 129 112 136 ' ,'0 0 0 0 0 0 0 0 0 0 0 0 0 0 0 0 0 0 0 0 ' ,61 ,1 ,1, 1
160 ,175, 142, '125 138 118 134 126 129 126 100 96 116 119 116 133 125 101 127 106 127 136 102 ' ,'0 0 0 0 0 0 0 0 0 0 0 0 0 0 0 0 0 0 0 0 ' ,43 ,0 ,1, 1
164 ,152, 147, '124 113 129 113 118 129 128 115 139 116 114 134 118 120 108 101 114 117 97 105 ' ,'0 0 0 0 0 0 0 0 0 0 0 0 0 0 0 0 0 0 0 0 ' ,43 ,1 ,1, 1
419 ,156, 404, '111 118 129 146 284 152 109 108 144 128 99 112 146 108 241 128 124 125 138 282 ' ,'0 0 0 0 0 0 0 0 0 0 0 0 0 0 153901 0 0 0 0 0 ' ,297 ,1 ,1, 1
184 ,410, 165, '126 116 127 162 121 137 129 107 128 129 129 146 132 112 132 144 134 152 143 118 ' ,'0 0 0 0 0 0 0 0 0 0 0 0 0 0 0 0 0 0 0 0 ' ,56 ,1 ,1, 1
254 ,175, 202, '101 128 142 121 192 121 124 121 142 177 131 135 128 118 192 148 142 132 156 164 ' ,'0 0 0 0 0 0 0 0 0 0 0 0 0 0 0 0 0 0 0 0 ' ,95 ,1 ,1, 1
264 ,244, 244, '186 127 139 137 121 203 140 109 154 119 237 125 134 114 148 192 116 141 153 138 ' ,'0 0 0 0 0 0 0 0 0 0 0 0 0 0 0 0 0 0 0 0 ' ,129 ,1 ,1, 1
195 ,256, 181, '142 138 146 159 129 131 168 120 155 143 129 149 137 133 142 145 127 156 117 152 ' ,'0 0 0 0 0 0 0 0 0 0 0 0 0 0 0 0 0 0 0 0 ' ,57 ,1 ,1, 1
191 ,191, 176, '125 147 150 137 141 138 165 161 159 140 122 134 109 128 135 117 133 164 120 113 ' ,'0 0 0 0 0 0 0 0 0 0 0 0 0 0 0 0 0 0 0 0 ' ,55 ,1 ,1, 1
192 ,182, 172, '124 157 132 120 156 132 143 156 145 132 119 157 137 150 136 160 135 154 149 138 ' ,'0 0 0 0 0 0 0 0 0 0 0 0 0 0 0 0 0 0 0 0 ' ,45 ,1 ,1, 1
221 ,183, 206, '120 158 159 130 180 141 156 155 124 190 128 143 135 131 195 135 111 168 136 195 ' ,'0 0 0 0 0 0 0 0 0 0 0 0 0 0 0 0 0 0 0 0 ' ,79 ,2 ,1, 1
199 ,213, 178, '160 139 118 134 143 133 140 154 147 128 120 168 151 143 130 145 147 135 125 98 ' ,'0 0 0 0 0 0 0 0 0 0 0 0 0 0 0 0 0 0 0 0 ' ,73 ,1 ,1, 1
188 ,191, 174, '136 166 136 116 133 126 110 147 148 118 132 135 128 142 128 147 121 152 115 133 ' ,'0 0 0 0 0 0 0 0 0 0 0 0 0 0 0 0 0 0 0 0 ' ,56 ,1 ,1, 1
179 ,181, 165, '119 148 133 130 125 139 136 137 139 141 119 134 111 154 133 146 110 150 132 123 ' ,'0 0 0 0 0 0 0 0 0 0 0 0 0 0 0 0 0 0 0 0 ' ,48 ,1 ,0, 0
179 ,173, 162, '131 136 149 110 131 117 130 134 134 123 122 144 118 145 121 125 100 138 123 117 ' ,'0 0 0 0 0 0 0 0 0 0 0 0 0 0 0 0 0 0 0 0 ' ,52 ,1 ,1, 1
172 ,169, 151, '121 148 131 126 150 112 112 129 135 129 110 125 107 109 125 121 101 92 131 131 ' ,'0 0 0 0 0 0 0 0 0 0 0 0 0 0 0 0 0 0 0 0 ' ,51 ,1 ,1, 1
175 ,185, 160, '111 132 151 119 131 111 101 119 131 110 119 117 145 127 105 128 112 117 126 139 ' ,'0 0 0 0 0 0 0 0 0 0 0 0 0 0 0 0 0 0 0 0 ' ,47 ,2 ,1, 1
167 ,167, 152, '101 121 118 134 117 108 120 117 100 105 126 143 132 111 121 111 130 134 130 115 ' ,'0 0 0 0 0 0 0 0 0 0 0 0 0 0 0 0 0 0 0 0 ' ,47 ,2 ,1, 1
171 ,160, 155, '111 143 98 129 118 122 110 119 120 116 142 127 137 139 95 107 147 123 106 118 ' ,'0 0 0 0 0 0 0 0 0 0 0 0 0 0 0 0 0 0 0 0 ' ,51 ,2 ,0, 0
