188 ,0, 88, '25 19 18 22 14 18 20 19 15 18 14 16 ' ,'0 0 0 0 0 0 0 0 0 0 0 0 ' ,36 ,9 ,11, 11
1574 ,147, 1539, '245 210 180 185 177 202 218 200 129 139 160 134 ' ,'0 0 0 0 0 0 0 0 0 0 0 0 ' ,1390 ,1 ,10, 2
339 ,2080, 299, '234 75 97 66 51 139 101 118 72 87 50 63 ' ,'0 0 0 0 0 0 0 0 0 0 0 0 ' ,180 ,1 ,53, 2
173 ,407, 137, '105 113 76 88 85 78 104 97 55 46 56 62 ' ,'0 0 0 0 0 0 0 0 0 0 0 0 ' ,59 ,2 ,8, 4
306 ,152, 274, '98 105 151 132 80 83 98 120 42 33 251 47 ' ,'0 0 0 0 0 0 0 0 0 0 0 0 ' ,215 ,1 ,13, 3
149 ,383, 126, '106 106 107 109 102 95 82 98 37 65 40 62 ' ,'0 0 0 0 0 0 0 0 0 0 0 0 ' ,75 ,1 ,4, 2
204 ,237, 180, '89 93 115 97 104 85 85 95 44 53 70 42 ' ,'0 0 0 0 0 0 0 0 0 0 0 0 ' ,73 ,1 ,54, 2
324 ,234, 303, '92 114 87 87 119 74 126 91 53 31 41 60 ' ,'0 0 0 0 0 0 0 0 0 0 0 0 ' ,96 ,1 ,157, 1
305 ,307, 283, '82 192 92 233 105 118 88 68 42 53 66 62 ' ,'0 0 0 0 0 0 0 0 0 0 0 0 ' ,194 ,2 ,40, 1
156 ,337, 132, '86 79 104 102 89 108 93 111 52 45 46 56 ' ,'0 0 0 0 0 0 0 0 0 0 0 0 ' ,71 ,1 ,5, 1
160 ,201, 136, '100 102 124 105 62 72 90 91 40 66 32 59 ' ,'0 0 0 0 0 0 0 0 0 0 0 0 ' ,89 ,1 ,5, 1
160 ,151, 141, '63 132 89 114 98 85 73 127 47 57 81 42 ' ,'0 0 0 0 0 0 0 0 0 0 0 0 ' ,89 ,1 ,3, 1
196 ,201, 180, '115 104 168 104 133 113 89 114 74 53 69 49 ' ,'0 0 0 0 0 0 0 0 0 0 0 0 ' ,120 ,1 ,3, 0
162 ,262, 144, '86 130 116 98 86 99 108 104 62 41 54 56 ' ,'0 0 0 0 0 0 0 0 0 0 0 0 ' ,91 ,1 ,5, 1
144 ,154, 124, '109 113 89 109 116 113 85 88 44 104 41 42 ' ,'0 0 0 0 0 0 0 0 0 0 0 0 ' ,75 ,1 ,2, 0
151 ,136, 135, '92 121 96 77 105 88 107 122 60 35 57 40 ' ,'0 0 0 0 0 0 0 0 0 0 0 0 ' ,87 ,1 ,4, 1
198 ,144, 163, '133 133 90 107 93 122 134 81 55 57 93 100 ' ,'0 0 0 0 0 0 0 0 0 0 0 0 ' ,103 ,2 ,7, 0
177 ,183, 159, '134 109 125 129 126 113 116 144 54 92 59 69 ' ,'0 0 0 0 0 0 0 0 0 0 0 0 ' ,93 ,2 ,6, 1
167 ,165, 137, '104 102 107 107 121 107 103 94 60 59 65 61 ' ,'0 0 0 0 0 0 0 0 0 0 0 0 ' ,73 ,0 ,2, 0
177 ,152, 153, '110 97 98 126 103 101 86 98 80 52 55 52 ' ,'0 0 0 0 0 0 0 0 0 0 0 0 ' ,92 ,18 ,4, 1
137 ,168, 104, '92 74 82 75 87 95 93 89 38 43 27 39 ' ,'0 0 0 0 0 0 0 0 0 0 0 0 ' ,73 ,3 ,1, 1
188 ,125, 161, '102 88 89 110 79 90 75 90 56 36 50 51 ' ,'0 0 0 0 0 0 0 0 0 0 0 0 ' ,71 ,1 ,36, 0
176 ,195, 140, '118 76 90 93 75 132 91 76 68 52 49 48 ' ,'0 0 0 0 0 0 0 0 0 0 0 0 ' ,86 ,2 ,1, 0
156 ,156, 128, '107 106 93 101 94 82 90 115 41 49 29 47 ' ,'0 0 0 0 0 0 0 0 0 0 0 0 ' ,86 ,2 ,1, 0
165 ,139, 140, '98 87 79 83 105 93 88 75 37 55 63 72 ' ,'0 0 0 0 0 0 0 0 0 0 0 0 ' ,91 ,14 ,5, 0
134 ,214, 110, '84 96 79 89 68 90 76 98 48 45 40 39 ' ,'0 0 0 0 0 0 0 0 0 0 0 0 ' ,60 ,1 ,5, 0
255 ,169, 228, '83 218 72 65 121 86 80 63 38 54 36 29 ' ,'0 0 0 0 0 0 0 0 0 0 0 0 ' ,188 ,1 ,2, 1
199 ,242, 167, '93 103 140 95 147 83 116 74 53 46 63 64 ' ,'0 0 0 0 0 0 0 0 0 0 0 0 ' ,105 ,2 ,1, 1
151 ,179, 131, '108 75 90 93 92 81 83 104 41 57 40 50 ' ,'0 0 0 0 0 0 0 0 0 0 0 0 ' ,70 ,1 ,10, 1
138 ,160, 109, '91 78 60 91 74 82 83 68 46 32 48 43 ' ,'0 0 0 0 0 0 0 0 0 0 0 0 ' ,54 ,2 ,7, 1
255 ,118, 224, '93 76 107 83 84 66 98 79 40 52 34 50 ' ,'0 0 0 0 0 0 0 0 0 0 0 0 ' ,157 ,1 ,28, 1
178 ,239, 152, '74 123 108 138 87 115 109 142 49 38 63 52 ' ,'0 0 0 0 0 0 0 0 0 0 0 0 ' ,101 ,1 ,2, 1
182 ,161, 144, '116 87 140 55 123 120 94 90 61 50 52 47 ' ,'0 0 0 0 0 0 0 0 0 0 0 0 ' ,90 ,2 ,2, 1
169 ,211, 138, '106 86 94 87 120 107 88 90 54 50 54 51 ' ,'0 0 0 0 0 0 0 0 0 0 0 0 ' ,72 ,1 ,8, 1
162 ,152, 137, '88 72 121 99 112 78 116 88 63 41 74 48 ' ,'0 0 0 0 0 0 0 0 0 0 0 0 ' ,72 ,0 ,7, 1
182 ,145, 154, '104 119 122 141 97 121 102 113 66 55 85 50 ' ,'0 0 0 0 0 0 0 0 0 0 0 0 ' ,92 ,1 ,1, 1
161 ,163, 132, '88 90 86 101 102 94 82 119 46 62 44 53 ' ,'0 0 0 0 0 0 0 0 0 0 0 0 ' ,75 ,1 ,1, 1
138 ,141, 110, '88 101 95 87 89 97 81 94 62 57 50 52 ' ,'0 0 0 0 0 0 0 0 0 0 0 0 ' ,52 ,0 ,3, 1
143 ,128, 119, '86 105 90 91 101 89 81 73 40 46 46 67 ' ,'0 0 0 0 0 0 0 0 0 0 0 0 ' ,67 ,1 ,4, 1
138 ,127, 114, '75 95 102 76 84 86 77 82 37 41 42 48 ' ,'0 0 0 0 0 0 0 0 0 0 0 0 ' ,61 ,1 ,5, 1
338 ,127, 309, '83 86 72 97 84 72 95 88 38 39 61 41 ' ,'0 0 0 0 0 0 0 0 0 0 0 0 ' ,256 ,197 ,7, 1
178 ,406, 155, '93 103 142 114 113 98 99 111 42 52 62 48 ' ,'0 0 0 0 0 0 0 0 0 0 0 0 ' ,101 ,1 ,6, 1
163 ,162, 137, '92 78 124 77 85 116 97 99 46 73 44 67 ' ,'0 0 0 0 0 0 0 0 0 0 0 0 ' ,81 ,1 ,5, 1
165 ,146, 140, '103 102 101 109 110 129 101 94 49 55 45 47 ' ,'0 0 0 0 0 0 0 0 0 0 0 0 ' ,81 ,1 ,5, 0
150 ,152, 127, '99 103 112 96 113 97 96 90 62 58 60 66 ' ,'0 0 0 0 0 0 0 0 0 0 0 0 ' ,57 ,0 ,3, 0
197 ,138, 173, '90 94 160 87 131 115 109 110 92 48 64 51 ' ,'0 0 0 0 0 0 0 0 0 0 0 0 ' ,109 ,1 ,5, 1
200 ,187, 175, '117 163 111 128 88 111 126 135 76 96 65 59 ' ,'0 0 0 0 0 0 0 0 0 0 0 0 ' ,105 ,1 ,4, 1
211 ,186, 188, '87 103 126 106 106 100 96 176 60 43 48 53 ' ,'0 0 0 0 0 0 0 0 0 0 0 0 ' ,130 ,1 ,5, 1
147 ,198, 127, '99 106 109 83 87 113 114 103 40 41 41 45 ' ,'0 0 0 0 0 0 0 0 0 0 0 0 ' ,75 ,1 ,3, 0
200 ,133, 178, '89 111 167 101 100 87 97 101 60 50 48 49 ' ,'0 0 0 0 0 0 0 0 0 0 0 0 ' ,119 ,1 ,3, 1
155 ,187, 140, '123 119 127 104 115 122 93 100 40 64 62 43 ' ,'0 0 0 0 0 0 0 0 0 0 0 0 ' ,89 ,1 ,5, 1
156 ,146, 138, '110 117 125 98 95 100 111 126 49 41 55 64 ' ,'0 0 0 0 0 0 0 0 0 0 0 0 ' ,87 ,1 ,5, 1
136 ,145, 117, '106 78 96 92 82 93 96 93 42 43 52 34 ' ,'0 0 0 0 0 0 0 0 0 0 0 0 ' ,71 ,1 ,3, 1
142 ,123, 123, '110 99 92 94 78 78 92 104 61 39 46 55 ' ,'0 0 0 0 0 0 0 0 0 0 0 0 ' ,71 ,1 ,3, 0
162 ,132, 141, '99 98 94 109 109 106 127 92 43 34 50 56 ' ,'0 0 0 0 0 0 0 0 0 0 0 0 ' ,92 ,1 ,5, 1
153 ,149, 128, '87 100 90 105 111 98 79 96 35 60 52 52 ' ,'0 0 0 0 0 0 0 0 0 0 0 0 ' ,82 ,1 ,3, 1
160 ,139, 136, '123 105 97 120 96 125 101 98 62 37 59 64 ' ,'0 0 0 0 0 0 0 0 0 0 0 0 ' ,83 ,1 ,5, 1
165 ,150, 143, '125 80 99 86 92 91 116 131 58 68 47 43 ' ,'0 0 0 0 0 0 0 0 0 0 0 0 ' ,90 ,1 ,3, 1
173 ,154, 148, '100 136 87 117 100 100 87 103 43 57 61 48 ' ,'0 0 0 0 0 0 0 0 0 0 0 0 ' ,96 ,1 ,4, 0
166 ,163, 141, '90 120 108 118 128 75 112 121 48 40 65 48 ' ,'0 0 0 0 0 0 0 0 0 0 0 0 ' ,84 ,1 ,4, 1
162 ,154, 143, '123 110 126 130 117 102 129 126 69 34 81 75 ' ,'0 0 0 0 0 0 0 0 0 0 0 0 ' ,95 ,1 ,4, 1
177 ,151, 149, '102 104 93 98 97 98 144 116 73 45 95 84 ' ,'0 0 0 0 0 0 0 0 0 0 0 0 ' ,94 ,1 ,3, 1
144 ,171, 120, '97 89 92 109 79 78 108 94 65 37 48 75 ' ,'0 0 0 0 0 0 0 0 0 0 0 0 ' ,67 ,1 ,5, 1
154 ,134, 128, '97 111 107 81 91 79 120 90 59 41 67 47 ' ,'0 0 0 0 0 0 0 0 0 0 0 0 ' ,73 ,1 ,3, 1
207 ,147, 181, '164 106 131 110 125 173 171 113 75 33 59 47 ' ,'0 0 0 0 0 0 0 0 0 0 0 0 ' ,135 ,1 ,2, 0
173 ,196, 144, '133 84 86 116 92 109 115 115 62 43 34 56 ' ,'0 0 0 0 0 0 0 0 0 0 0 0 ' ,102 ,1 ,4, 0
190 ,157, 160, '116 91 113 138 91 73 95 145 53 34 34 65 ' ,'0 0 0 0 0 0 0 0 0 0 0 0 ' ,118 ,1 ,3, 1
195 ,238, 171, '93 87 163 110 58 107 113 71 77 47 52 57 ' ,'0 0 0 0 0 0 0 0 0 0 0 0 ' ,111 ,1 ,3, 1
158 ,268, 133, '93 114 99 121 114 122 101 122 28 64 68 45 ' ,'0 0 0 0 0 0 0 0 0 0 0 0 ' ,96 ,1 ,3, 0
167 ,171, 147, '118 92 102 130 93 131 123 92 62 60 66 42 ' ,'0 0 0 0 0 0 0 0 0 0 0 0 ' ,89 ,1 ,7, 1
960 ,177, 935, '125 96 95 78 921 90 98 107 38 51 42 49 ' ,'0 0 0 0 0 0 0 0 0 0 0 0 ' ,887 ,1 ,4, 1
160 ,949, 138, '123 114 106 118 88 127 83 119 50 62 64 38 ' ,'0 0 0 0 0 0 0 0 0 0 0 0 ' ,90 ,0 ,4, 1
157 ,151, 135, '123 118 98 109 80 118 84 102 50 56 56 50 ' ,'0 0 0 0 0 0 0 0 0 0 0 0 ' ,75 ,1 ,4, 1
166 ,146, 141, '111 127 87 117 122 102 121 124 79 54 57 45 ' ,'0 0 0 0 0 0 0 0 0 0 0 0 ' ,83 ,1 ,4, 1
246 ,150, 223, '145 112 102 166 204 109 124 133 62 55 49 76 ' ,'0 0 0 0 0 0 0 0 0 0 0 0 ' ,158 ,1 ,6, 1
298 ,232, 276, '87 96 131 125 125 95 108 88 47 41 41 47 ' ,'0 0 0 0 0 0 0 0 0 0 0 0 ' ,225 ,131 ,4, 1
163 ,290, 140, '78 129 102 110 119 99 74 92 57 38 65 58 ' ,'0 0 0 0 0 0 0 0 0 0 0 0 ' ,92 ,1 ,4, 0
199 ,152, 175, '88 158 108 85 135 120 84 105 53 77 111 62 ' ,'0 0 0 0 0 0 0 0 0 0 0 0 ' ,109 ,1 ,8, 0
196 ,186, 173, '125 98 161 95 97 121 93 74 56 74 40 53 ' ,'0 0 0 0 0 0 0 0 0 0 0 0 ' ,122 ,2 ,5, 1
145 ,184, 117, '98 86 84 96 90 73 101 93 68 53 65 45 ' ,'0 0 0 0 0 0 0 0 0 0 0 0 ' ,57 ,1 ,5, 1
178 ,131, 157, '85 87 104 96 131 85 91 89 41 37 65 58 ' ,'0 0 0 0 0 0 0 0 0 0 0 0 ' ,106 ,1 ,2, 1
162 ,174, 136, '111 78 111 91 106 92 79 92 59 39 46 42 ' ,'0 0 0 0 0 0 0 0 0 0 0 0 ' ,83 ,1 ,4, 1
146 ,148, 120, '95 94 96 108 83 74 67 79 41 50 41 34 ' ,'0 0 0 0 0 0 0 0 0 0 0 0 ' ,74 ,1 ,6, 1
150 ,135, 126, '82 114 97 83 93 97 88 102 49 56 46 35 ' ,'0 0 0 0 0 0 0 0 0 0 0 0 ' ,81 ,1 ,3, 0
165 ,135, 147, '100 118 104 95 93 91 138 102 45 76 34 44 ' ,'0 0 0 0 0 0 0 0 0 0 0 0 ' ,102 ,1 ,2, 0
167 ,156, 150, '109 100 116 139 102 87 109 97 55 68 70 62 ' ,'0 0 0 0 0 0 0 0 0 0 0 0 ' ,85 ,1 ,4, 1
143 ,157, 127, '116 104 114 110 98 109 89 83 58 40 52 61 ' ,'0 0 0 0 0 0 0 0 0 0 0 0 ' ,78 ,1 ,3, 1
151 ,136, 135, '96 103 114 121 96 117 108 108 72 49 55 72 ' ,'0 0 0 0 0 0 0 0 0 0 0 0 ' ,73 ,0 ,5, 0
159 ,140, 141, '101 123 127 119 95 110 114 111 57 67 64 56 ' ,'0 0 0 0 0 0 0 0 0 0 0 0 ' ,73 ,1 ,4, 1
161 ,148, 144, '118 115 109 112 127 98 111 110 47 46 52 73 ' ,'0 0 0 0 0 0 0 0 0 0 0 0 ' ,81 ,1 ,7, 1
135 ,150, 115, '96 103 98 102 86 102 89 80 42 54 50 41 ' ,'0 0 0 0 0 0 0 0 0 0 0 0 ' ,63 ,1 ,4, 1
141 ,126, 116, '76 84 95 78 88 95 91 95 42 42 55 34 ' ,'0 0 0 0 0 0 0 0 0 0 0 0 ' ,70 ,1 ,3, 1
128 ,131, 102, '69 84 79 85 71 90 77 82 38 30 54 37 ' ,'0 0 0 0 0 0 0 0 0 0 0 0 ' ,57 ,1 ,4, 1
125 ,113, 104, '87 79 87 89 77 78 81 82 58 55 43 47 ' ,'0 0 0 0 0 0 0 0 0 0 0 0 ' ,48 ,1 ,7, 0
136 ,111, 108, '69 81 91 89 84 69 87 84 55 51 38 47 ' ,'0 0 0 0 0 0 0 0 0 0 0 0 ' ,59 ,0 ,2, 1
169 ,120, 146, '130 93 71 70 125 104 117 91 37 50 77 51 ' ,'0 0 0 0 0 0 0 0 0 0 0 0 ' ,97 ,1 ,4, 1
155 ,155, 130, '102 83 101 95 91 118 100 82 36 49 43 52 ' ,'0 0 0 0 0 0 0 0 0 0 0 0 ' ,84 ,1 ,5, 1
139 ,141, 118, '84 88 79 94 91 74 88 102 53 41 36 48 ' ,'0 0 0 0 0 0 0 0 0 0 0 0 ' ,73 ,1 ,2, 0
137 ,131, 118, '83 99 103 94 67 102 104 63 54 45 57 36 ' ,'0 0 0 0 0 0 0 0 0 0 0 0 ' ,68 ,1 ,5, 1
173 ,125, 147, '97 104 96 84 81 115 134 125 47 59 67 52 ' ,'0 0 0 0 0 0 0 0 0 0 0 0 ' ,91 ,1 ,3, 0
176 ,160, 148, '134 105 107 104 115 85 138 109 60 71 57 62 ' ,'0 0 0 0 0 0 0 0 0 0 0 0 ' ,83 ,1 ,3, 1
166 ,165, 144, '104 106 100 106 96 106 118 133 47 56 57 48 ' ,'0 0 0 0 0 0 0 0 0 0 0 0 ' ,88 ,1 ,1, 0
195 ,153, 170, '114 111 121 100 131 106 154 122 60 61 54 55 ' ,'0 0 0 0 0 0 0 0 0 0 0 0 ' ,101 ,1 ,12, 0
200 ,181, 173, '98 100 119 102 146 122 104 78 70 64 64 59 ' ,'0 0 0 0 0 0 0 0 0 0 0 0 ' ,101 ,1 ,6, 1
162 ,186, 137, '100 100 115 102 111 103 113 103 54 56 65 57 ' ,'0 0 0 0 0 0 0 0 0 0 0 0 ' ,67 ,1 ,7, 0
154 ,150, 129, '79 94 93 117 100 111 112 113 47 54 41 66 ' ,'0 0 0 0 0 0 0 0 0 0 0 0 ' ,81 ,0 ,4, 1
139 ,140, 117, '100 102 88 88 95 99 105 98 47 39 48 63 ' ,'0 0 0 0 0 0 0 0 0 0 0 0 ' ,60 ,0 ,4, 1
155 ,127, 137, '97 87 71 67 86 116 91 79 60 64 58 41 ' ,'0 0 0 0 0 0 0 0 0 0 0 0 ' ,76 ,1 ,14, 1
174 ,146, 153, '106 106 83 103 130 98 112 87 44 44 50 46 ' ,'0 0 0 0 0 0 0 0 0 0 0 0 ' ,97 ,1 ,6, 0
183 ,161, 162, '149 77 110 88 91 122 82 99 41 55 81 59 ' ,'0 0 0 0 0 0 0 0 0 0 0 0 ' ,109 ,1 ,4, 1
175 ,171, 148, '96 98 88 89 89 88 99 76 74 44 45 38 ' ,'0 0 0 0 0 0 0 0 0 0 0 0 ' ,97 ,35 ,7, 1
172 ,158, 148, '88 87 88 80 96 134 76 72 33 48 53 36 ' ,'0 0 0 0 0 0 0 0 0 0 0 0 ' ,103 ,1 ,4, 0
139 ,169, 115, '80 95 89 75 89 91 96 78 56 53 53 46 ' ,'0 0 0 0 0 0 0 0 0 0 0 0 ' ,60 ,1 ,4, 0
132 ,128, 105, '94 78 94 86 85 74 75 89 42 40 39 42 ' ,'0 0 0 0 0 0 0 0 0 0 0 0 ' ,55 ,0 ,5, 0
145 ,117, 122, '111 89 109 90 97 82 100 85 47 49 49 36 ' ,'0 0 0 0 0 0 0 0 0 0 0 0 ' ,77 ,1 ,2, 0
208 ,134, 184, '104 107 120 141 152 109 66 107 45 47 48 60 ' ,'0 0 0 0 0 0 0 0 0 0 0 0 ' ,126 ,9 ,2, 1
160 ,191, 136, '97 99 120 108 97 76 76 93 51 74 45 35 ' ,'0 0 0 0 0 0 0 0 0 0 0 0 ' ,86 ,1 ,10, 0
145 ,211, 120, '97 64 106 89 81 97 84 93 54 38 31 60 ' ,'0 0 0 0 0 0 0 0 0 0 0 0 ' ,77 ,2 ,6, 0
141 ,137, 118, '95 87 84 97 90 102 106 93 40 69 49 42 ' ,'0 0 0 0 0 0 0 0 0 0 0 0 ' ,69 ,1 ,5, 1
137 ,132, 115, '84 87 92 84 91 86 104 85 63 33 34 49 ' ,'0 0 0 0 0 0 0 0 0 0 0 0 ' ,67 ,1 ,4, 1
158 ,129, 142, '78 97 91 95 129 124 98 124 46 63 51 44 ' ,'0 0 0 0 0 0 0 0 0 0 0 0 ' ,86 ,1 ,5, 1
149 ,150, 131, '113 118 103 79 102 113 89 120 60 68 64 41 ' ,'0 0 0 0 0 0 0 0 0 0 0 0 ' ,80 ,1 ,2, 0
153 ,181, 138, '113 110 83 109 110 107 126 103 70 60 64 53 ' ,'0 0 0 0 0 0 0 0 0 0 0 0 ' ,73 ,1 ,4, 1
211 ,167, 190, '107 170 111 178 112 112 132 141 64 61 67 57 ' ,'0 0 0 0 0 0 0 0 0 0 0 0 ' ,120 ,1 ,4, 1
151 ,223, 135, '123 113 110 100 114 118 107 90 47 52 52 49 ' ,'0 0 0 0 0 0 0 0 0 0 0 0 ' ,78 ,1 ,4, 0
144 ,141, 128, '82 85 97 108 98 102 108 108 37 58 40 50 ' ,'0 0 0 0 0 0 0 0 0 0 0 0 ' ,73 ,1 ,13, 1
143 ,135, 121, '103 72 103 100 95 93 94 96 38 42 52 60 ' ,'0 0 0 0 0 0 0 0 0 0 0 0 ' ,69 ,1 ,7, 1
159 ,132, 135, '104 89 84 112 106 107 102 91 56 56 43 33 ' ,'0 0 0 0 0 0 0 0 0 0 0 0 ' ,90 ,1 ,5, 0
174 ,152, 148, '62 94 99 84 75 131 101 77 54 33 50 59 ' ,'0 0 0 0 0 0 0 0 0 0 0 0 ' ,95 ,1 ,9, 1
164 ,161, 137, '81 114 90 99 87 68 97 123 44 48 49 47 ' ,'0 0 0 0 0 0 0 0 0 0 0 0 ' ,81 ,0 ,5, 0
126 ,150, 106, '80 75 95 83 66 73 77 66 45 40 51 35 ' ,'0 0 0 0 0 0 0 0 0 0 0 0 ' ,61 ,1 ,5, 1
152 ,120, 131, '86 105 84 116 99 117 88 99 70 37 40 53 ' ,'0 0 0 0 0 0 0 0 0 0 0 0 ' ,80 ,1 ,5, 1
176 ,144, 149, '135 92 111 104 92 85 118 103 64 57 58 62 ' ,'0 0 0 0 0 0 0 0 0 0 0 0 ' ,78 ,1 ,7, 0
178 ,164, 152, '87 140 84 111 115 84 75 77 51 41 34 52 ' ,'0 0 0 0 0 0 0 0 0 0 0 0 ' ,107 ,1 ,6, 0
204 ,169, 181, '130 165 148 96 123 132 167 106 72 54 80 55 ' ,'0 0 0 0 0 0 0 0 0 0 0 0 ' ,113 ,1 ,6, 1
179 ,202, 154, '86 94 97 140 126 143 105 97 59 56 68 63 ' ,'0 0 0 0 0 0 0 0 0 0 0 0 ' ,86 ,1 ,5, 1
165 ,181, 143, '128 127 96 81 124 125 104 113 56 39 65 57 ' ,'0 0 0 0 0 0 0 0 0 0 0 0 ' ,91 ,1 ,5, 0
215 ,163, 190, '138 160 117 161 135 111 138 175 88 78 104 80 ' ,'0 0 0 0 0 0 0 0 0 0 0 0 ' ,94 ,1 ,5, 1
175 ,203, 152, '118 137 119 105 107 109 107 121 40 64 65 74 ' ,'0 0 0 0 0 0 0 0 0 0 0 0 ' ,104 ,1 ,3, 1
157 ,174, 135, '103 91 84 119 100 99 81 111 71 69 69 56 ' ,'0 0 0 0 0 0 0 0 0 0 0 0 ' ,63 ,1 ,10, 1
156 ,154, 126, '73 102 112 110 88 101 105 114 56 46 49 48 ' ,'0 0 0 0 0 0 0 0 0 0 0 0 ' ,67 ,1 ,7, 1
158 ,142, 137, '69 86 81 68 106 103 75 101 40 43 41 44 ' ,'0 0 0 0 0 0 0 0 0 0 0 0 ' ,77 ,0 ,13, 1
138 ,156, 118, '82 102 78 98 93 93 96 93 49 34 50 41 ' ,'0 0 0 0 0 0 0 0 0 0 0 0 ' ,68 ,1 ,6, 0
161 ,135, 129, '99 91 97 109 110 83 79 92 55 32 41 53 ' ,'0 0 0 0 0 0 0 0 0 0 0 0 ' ,86 ,1 ,2, 1
165 ,156, 141, '77 90 88 99 70 127 95 76 44 37 35 42 ' ,'0 0 0 0 0 0 0 0 0 0 0 0 ' ,94 ,0 ,6, 1
178 ,154, 154, '102 99 118 103 124 100 86 89 54 43 48 75 ' ,'0 0 0 0 0 0 0 0 0 0 0 0 ' ,95 ,1 ,4, 1
154 ,173, 129, '112 102 97 107 88 112 114 94 47 52 52 48 ' ,'0 0 0 0 0 0 0 0 0 0 0 0 ' ,67 ,0 ,9, 1
168 ,140, 147, '100 87 81 107 123 121 94 95 60 42 43 47 ' ,'0 0 0 0 0 0 0 0 0 0 0 0 ' ,93 ,1 ,6, 1
182 ,167, 159, '106 128 143 111 124 137 94 132 76 46 59 74 ' ,'0 0 0 0 0 0 0 0 0 0 0 0 ' ,94 ,1 ,9, 1
191 ,233, 168, '126 96 107 127 118 156 103 120 46 56 67 77 ' ,'0 0 0 0 0 0 0 0 0 0 0 0 ' ,112 ,1 ,3, 1
176 ,206, 153, '132 84 107 85 119 123 112 116 58 45 48 38 ' ,'0 0 0 0 0 0 0 0 0 0 0 0 ' ,94 ,1 ,14, 1
787 ,167, 765, '111 122 106 96 111 135 751 111 70 60 63 81 ' ,'0 0 0 0 0 0 0 0 0 0 0 0 ' ,690 ,1 ,7, 1
194 ,778, 170, '155 131 131 125 105 147 127 156 66 62 97 57 ' ,'0 0 0 0 0 0 0 0 0 0 0 0 ' ,103 ,1 ,6, 0
184 ,189, 165, '114 146 137 150 106 129 101 145 75 63 53 80 ' ,'0 0 0 0 0 0 0 0 0 0 0 0 ' ,97 ,0 ,6, 0
170 ,184, 148, '94 78 91 113 123 84 98 103 71 63 30 48 ' ,'0 0 0 0 0 0 0 0 0 0 0 0 ' ,108 ,1 ,5, 0
139 ,186, 117, '82 96 83 96 82 91 102 84 69 50 65 50 ' ,'0 0 0 0 0 0 0 0 0 0 0 0 ' ,50 ,1 ,7, 0
165 ,129, 151, '122 113 91 80 104 125 95 125 46 71 48 51 ' ,'0 0 0 0 0 0 0 0 0 0 0 0 ' ,79 ,1 ,5, 1
163 ,157, 146, '106 80 119 107 125 121 103 130 57 51 39 62 ' ,'0 0 0 0 0 0 0 0 0 0 0 0 ' ,95 ,1 ,8, 1
150 ,153, 131, '120 79 91 94 104 73 113 77 42 75 62 48 ' ,'0 0 0 0 0 0 0 0 0 0 0 0 ' ,81 ,1 ,5, 0
154 ,145, 136, '126 88 102 107 97 83 92 77 44 56 43 69 ' ,'0 0 0 0 0 0 0 0 0 0 0 0 ' ,84 ,1 ,4, 1
138 ,148, 114, '74 84 105 98 88 81 105 83 42 43 47 53 ' ,'0 0 0 0 0 0 0 0 0 0 0 0 ' ,62 ,1 ,4, 1
165 ,123, 149, '126 115 137 134 112 127 105 112 126 53 73 51 ' ,'0 0 0 0 0 0 0 0 0 0 0 0 ' ,87 ,0 ,3, 1
252 ,158, 229, '132 216 132 131 137 139 107 147 58 106 66 39 ' ,'0 0 0 0 0 0 0 0 0 0 0 0 ' ,178 ,1 ,4, 1
162 ,250, 139, '100 115 105 91 106 93 99 114 73 40 63 62 ' ,'0 0 0 0 0 0 0 0 0 0 0 0 ' ,69 ,1 ,9, 0
185 ,158, 159, '90 86 101 114 127 115 104 94 43 57 35 38 ' ,'0 0 0 0 0 0 0 0 0 0 0 0 ' ,109 ,2 ,6, 0
161 ,179, 138, '103 89 125 115 99 123 108 101 67 63 78 41 ' ,'0 0 0 0 0 0 0 0 0 0 0 0 ' ,85 ,1 ,7, 1
177 ,156, 141, '87 114 80 106 108 126 108 78 61 67 44 54 ' ,'0 0 0 0 0 0 0 0 0 0 0 0 ' ,87 ,4 ,5, 1
867 ,162, 841, '284 102 121 89 123 828 102 102 74 54 65 70 ' ,'0 0 0 0 0 0 0 0 0 0 0 0 ' ,766 ,1 ,4, 0
150 ,870, 128, '86 103 116 100 96 113 101 93 40 50 38 63 ' ,'0 0 0 0 0 0 0 0 0 0 0 0 ' ,79 ,0 ,5, 1
188 ,143, 166, '118 146 92 127 102 88 102 95 56 51 59 40 ' ,'0 0 0 0 0 0 0 0 0 0 0 0 ' ,107 ,3 ,6, 1
154 ,177, 135, '84 93 84 89 93 118 107 111 51 68 58 54 ' ,'0 0 0 0 0 0 0 0 0 0 0 0 ' ,66 ,1 ,9, 1
178 ,150, 157, '85 104 93 87 84 78 84 116 36 78 41 39 ' ,'0 0 0 0 0 0 0 0 0 0 0 0 ' ,82 ,1 ,32, 0
146 ,163, 127, '92 96 87 68 97 96 99 62 43 50 53 43 ' ,'0 0 0 0 0 0 0 0 0 0 0 0 ' ,73 ,1 ,6, 1
169 ,152, 145, '118 81 91 86 109 109 130 131 49 52 53 55 ' ,'0 0 0 0 0 0 0 0 0 0 0 0 ' ,83 ,0 ,8, 0
171 ,158, 147, '106 81 133 101 95 91 89 98 105 62 51 60 ' ,'0 0 0 0 0 0 0 0 0 0 0 0 ' ,84 ,1 ,7, 0
172 ,164, 149, '110 100 78 101 123 108 95 85 72 56 66 47 ' ,'0 0 0 0 0 0 0 0 0 0 0 0 ' ,90 ,1 ,5, 1
149 ,170, 125, '89 103 104 105 102 92 100 94 49 38 54 56 ' ,'0 0 0 0 0 0 0 0 0 0 0 0 ' ,63 ,1 ,5, 1
176 ,139, 156, '142 103 137 129 99 114 104 123 60 47 71 70 ' ,'0 0 0 0 0 0 0 0 0 0 0 0 ' ,90 ,1 ,5, 1
159 ,169, 132, '117 87 100 97 105 81 104 98 47 43 50 53 ' ,'0 0 0 0 0 0 0 0 0 0 0 0 ' ,72 ,0 ,7, 0
169 ,145, 147, '108 92 118 109 119 107 97 131 40 67 48 48 ' ,'0 0 0 0 0 0 0 0 0 0 0 0 ' ,93 ,1 ,7, 1
171 ,163, 147, '99 118 108 107 104 115 100 121 52 56 61 53 ' ,'0 0 0 0 0 0 0 0 0 0 0 0 ' ,72 ,1 ,10, 1
232 ,169, 209, '177 117 162 104 188 93 90 99 52 64 81 47 ' ,'0 0 0 0 0 0 0 0 0 0 0 0 ' ,152 ,1 ,6, 1
165 ,230, 141, '75 122 95 108 115 92 86 80 39 64 57 42 ' ,'0 0 0 0 0 0 0 0 0 0 0 0 ' ,91 ,0 ,7, 1
147 ,161, 129, '106 83 114 114 103 101 100 103 56 91 81 64 ' ,'0 0 0 0 0 0 0 0 0 0 0 0 ' ,60 ,1 ,7, 1
150 ,147, 127, '97 109 109 104 87 111 80 90 66 59 64 60 ' ,'0 0 0 0 0 0 0 0 0 0 0 0 ' ,54 ,1 ,7, 1
139 ,136, 116, '82 82 84 85 89 67 70 86 43 41 41 47 ' ,'0 0 0 0 0 0 0 0 0 0 0 0 ' ,60 ,1 ,4, 1
146 ,131, 123, '81 105 106 102 98 74 81 77 41 38 40 52 ' ,'0 0 0 0 0 0 0 0 0 0 0 0 ' ,70 ,0 ,4, 1
189 ,146, 165, '103 86 76 99 142 105 97 90 70 37 64 47 ' ,'0 0 0 0 0 0 0 0 0 0 0 0 ' ,108 ,0 ,5, 1
145 ,183, 119, '98 91 95 85 98 86 94 83 43 47 52 58 ' ,'0 0 0 0 0 0 0 0 0 0 0 0 ' ,68 ,1 ,4, 0
141 ,143, 119, '101 81 92 92 86 77 102 106 31 81 43 61 ' ,'0 0 0 0 0 0 0 0 0 0 0 0 ' ,77 ,0 ,5, 1
149 ,133, 126, '85 111 98 94 84 74 86 82 39 50 37 48 ' ,'0 0 0 0 0 0 0 0 0 0 0 0 ' ,74 ,0 ,9, 0
170 ,191, 152, '139 84 93 107 102 116 112 118 53 54 44 54 ' ,'0 0 0 0 0 0 0 0 0 0 0 0 ' ,98 ,1 ,5, 1
177 ,165, 159, '145 122 83 92 127 112 107 105 57 103 68 62 ' ,'0 0 0 0 0 0 0 0 0 0 0 0 ' ,88 ,1 ,6, 0
209 ,168, 192, '104 128 88 95 118 120 96 112 44 43 68 63 ' ,'0 0 0 0 0 0 0 0 0 0 0 0 ' ,90 ,1 ,53, 0
225 ,199, 209, '112 90 102 120 190 131 110 112 82 74 59 55 ' ,'0 0 0 0 0 0 0 0 0 0 0 0 ' ,136 ,1 ,10, 1
185 ,215, 169, '116 114 154 130 139 138 116 155 57 54 54 68 ' ,'0 0 0 0 0 0 0 0 0 0 0 0 ' ,103 ,1 ,7, 1
151 ,212, 136, '101 79 98 91 102 112 120 116 62 53 54 53 ' ,'0 0 0 0 0 0 0 0 0 0 0 0 ' ,68 ,1 ,9, 1
162 ,174, 142, '132 99 113 106 118 93 86 105 65 63 58 74 ' ,'0 0 0 0 0 0 0 0 0 0 0 0 ' ,76 ,1 ,6, 1
154 ,153, 129, '98 73 105 106 92 87 115 85 38 51 52 35 ' ,'0 0 0 0 0 0 0 0 0 0 0 0 ' ,81 ,1 ,7, 1
158 ,148, 132, '109 84 87 87 95 90 120 85 46 43 50 38 ' ,'0 0 0 0 0 0 0 0 0 0 0 0 ' ,81 ,1 ,4, 0
178 ,157, 155, '94 96 76 73 97 140 106 83 51 62 52 50 ' ,'0 0 0 0 0 0 0 0 0 0 0 0 ' ,89 ,1 ,10, 1
146 ,169, 123, '96 87 67 86 92 103 99 90 42 50 49 39 ' ,'0 0 0 0 0 0 0 0 0 0 0 0 ' ,72 ,0 ,6, 1
139 ,143, 116, '62 71 75 75 85 93 72 84 57 44 39 26 ' ,'0 0 0 0 0 0 0 0 0 0 0 0 ' ,73 ,0 ,7, 0
142 ,130, 120, '95 93 72 96 91 104 102 89 54 55 41 44 ' ,'0 0 0 0 0 0 0 0 0 0 0 0 ' ,63 ,1 ,9, 0
168 ,135, 145, '127 123 88 96 94 87 103 123 51 46 60 59 ' ,'0 0 0 0 0 0 0 0 0 0 0 0 ' ,81 ,1 ,8, 1
177 ,165, 155, '85 104 106 100 132 114 79 84 55 66 43 60 ' ,'0 0 0 0 0 0 0 0 0 0 0 0 ' ,104 ,1 ,5, 0
195 ,174, 165, '139 83 104 121 137 107 107 94 48 48 65 81 ' ,'0 0 0 0 0 0 0 0 0 0 0 0 ' ,105 ,1 ,6, 0
204 ,179, 182, '121 130 145 130 128 170 131 135 50 63 48 60 ' ,'0 0 0 0 0 0 0 0 0 0 0 0 ' ,121 ,1 ,6, 1
227 ,203, 204, '126 123 115 110 181 127 127 122 62 52 93 77 ' ,'0 0 0 0 0 0 0 0 0 0 0 0 ' ,128 ,1 ,7, 1
212 ,225, 189, '116 164 136 132 97 176 104 129 67 113 82 96 ' ,'0 0 0 0 0 0 0 0 0 0 0 0 ' ,110 ,1 ,5, 0
185 ,266, 164, '84 115 106 110 141 96 131 116 45 63 55 38 ' ,'0 0 0 0 0 0 0 0 0 0 0 0 ' ,113 ,1 ,7, 0
166 ,185, 141, '86 113 113 124 108 126 121 94 60 53 50 66 ' ,'0 0 0 0 0 0 0 0 0 0 0 0 ' ,78 ,1 ,4, 1
183 ,154, 160, '110 99 129 115 96 89 143 95 48 44 104 58 ' ,'0 0 0 0 0 0 0 0 0 0 0 0 ' ,99 ,1 ,9, 1
171 ,183, 145, '110 101 91 128 95 92 104 99 51 50 51 66 ' ,'0 0 0 0 0 0 0 0 0 0 0 0 ' ,78 ,1 ,9, 1
147 ,157, 129, '92 102 89 97 96 85 91 87 33 42 47 44 ' ,'0 0 0 0 0 0 0 0 0 0 0 0 ' ,79 ,1 ,11, 1
198 ,145, 173, '80 88 91 158 92 84 96 92 27 43 48 60 ' ,'0 0 0 0 0 0 0 0 0 0 0 0 ' ,133 ,1 ,8, 0
138 ,190, 112, '96 99 88 86 76 93 88 91 54 40 57 39 ' ,'0 0 0 0 0 0 0 0 0 0 0 0 ' ,60 ,1 ,7, 1
171 ,125, 152, '119 117 119 98 125 102 107 92 46 53 49 48 ' ,'0 0 0 0 0 0 0 0 0 0 0 0 ' ,93 ,1 ,7, 1
176 ,168, 149, '120 106 121 123 103 132 110 104 71 66 63 55 ' ,'0 0 0 0 0 0 0 0 0 0 0 0 ' ,78 ,1 ,11, 1
179 ,160, 156, '106 134 101 115 119 123 114 137 64 70 70 48 ' ,'0 0 0 0 0 0 0 0 0 0 0 0 ' ,89 ,1 ,9, 1
190 ,177, 170, '107 152 120 103 121 109 136 103 62 54 75 68 ' ,'0 0 0 0 0 0 0 0 0 0 0 0 ' ,93 ,1 ,10, 0
197 ,181, 175, '154 151 95 134 137 153 146 108 61 69 60 52 ' ,'0 0 0 0 0 0 0 0 0 0 0 0 ' ,103 ,0 ,13, 1
189 ,209, 165, '126 132 118 152 135 109 109 133 71 64 59 39 ' ,'0 0 0 0 0 0 0 0 0 0 0 0 ' ,114 ,1 ,6, 1
186 ,191, 165, '135 151 102 103 145 92 146 129 57 76 62 58 ' ,'0 0 0 0 0 0 0 0 0 0 0 0 ' ,96 ,0 ,5, 0
196 ,179, 172, '138 119 141 119 92 118 139 110 80 46 45 55 ' ,'0 0 0 0 0 0 0 0 0 0 0 0 ' ,98 ,1 ,23, 1
198 ,181, 173, '109 103 114 132 146 109 137 101 55 78 60 56 ' ,'0 0 0 0 0 0 0 0 0 0 0 0 ' ,104 ,1 ,9, 1
203 ,184, 181, '98 93 139 116 116 115 115 92 52 47 53 53 ' ,'0 0 0 0 0 0 0 0 0 0 0 0 ' ,115 ,29 ,7, 1
192 ,202, 166, '150 86 107 102 115 110 122 109 47 54 50 51 ' ,'0 0 0 0 0 0 0 0 0 0 0 0 ' ,105 ,1 ,7, 1
188 ,205, 171, '108 89 100 93 108 87 154 151 59 61 41 57 ' ,'0 0 0 0 0 0 0 0 0 0 0 0 ' ,116 ,1 ,7, 1
157 ,179, 140, '97 129 119 84 93 89 88 88 47 41 48 50 ' ,'0 0 0 0 0 0 0 0 0 0 0 0 ' ,87 ,1 ,6, 1
214 ,151, 196, '91 79 95 85 96 87 78 89 40 59 36 59 ' ,'0 0 0 0 0 0 0 0 0 0 0 0 ' ,143 ,0 ,7, 1
220 ,203, 202, '159 83 114 96 107 93 115 118 35 75 49 50 ' ,'0 0 0 0 0 0 0 0 0 0 0 0 ' ,154 ,30 ,7, 0
135 ,212, 119, '98 95 100 88 85 82 68 91 47 57 48 50 ' ,'0 0 0 0 0 0 0 0 0 0 0 0 ' ,55 ,1 ,10, 1
141 ,125, 126, '87 107 86 69 89 81 108 89 44 60 37 29 ' ,'0 0 0 0 0 0 0 0 0 0 0 0 ' ,77 ,1 ,11, 1
198 ,130, 176, '91 105 108 109 147 99 109 82 64 42 56 53 ' ,'0 0 0 0 0 0 0 0 0 0 0 0 ' ,108 ,1 ,8, 0
231 ,192, 209, '126 94 107 134 184 144 141 160 71 63 113 60 ' ,'0 0 0 0 0 0 0 0 0 0 0 0 ' ,137 ,1 ,7, 1
207 ,230, 179, '83 114 142 123 116 118 122 98 57 48 75 53 ' ,'0 0 0 0 0 0 0 0 0 0 0 0 ' ,114 ,25 ,5, 1
196 ,202, 174, '122 106 136 131 139 145 135 132 60 67 74 52 ' ,'0 0 0 0 0 0 0 0 0 0 0 0 ' ,103 ,1 ,11, 1
207 ,189, 183, '117 124 128 164 101 125 125 109 59 55 63 65 ' ,'0 0 0 0 0 0 0 0 0 0 0 0 ' ,107 ,1 ,12, 0
204 ,197, 185, '108 141 104 108 135 122 125 101 62 76 40 68 ' ,'0 0 0 0 0 0 0 0 0 0 0 0 ' ,110 ,0 ,28, 1
180 ,201, 157, '105 117 98 138 117 111 117 141 134 73 43 52 ' ,'0 0 0 0 0 0 0 0 0 0 0 0 ' ,101 ,1 ,7, 1
166 ,211, 141, '111 102 88 100 96 121 103 86 48 58 49 43 ' ,'0 0 0 0 0 0 0 0 0 0 0 0 ' ,79 ,1 ,13, 1
151 ,153, 126, '104 112 88 81 98 98 90 76 42 46 55 50 ' ,'0 0 0 0 0 0 0 0 0 0 0 0 ' ,72 ,1 ,6, 0
157 ,139, 132, '64 92 104 100 103 71 68 95 53 42 38 48 ' ,'0 0 0 0 0 0 0 0 0 0 0 0 ' ,78 ,1 ,11, 1
169 ,145, 145, '87 83 85 108 117 57 78 81 50 48 53 49 ' ,'0 0 0 0 0 0 0 0 0 0 0 0 ' ,80 ,1 ,9, 0
151 ,157, 124, '110 83 73 93 72 103 85 94 54 87 82 60 ' ,'0 0 0 0 0 0 0 0 0 0 0 0 ' ,58 ,1 ,6, 1
134 ,142, 110, '72 73 76 77 77 84 91 79 50 35 47 38 ' ,'0 0 0 0 0 0 0 0 0 0 0 0 ' ,51 ,0 ,8, 1
129 ,130, 108, '89 81 88 81 78 74 83 72 56 43 42 38 ' ,'0 0 0 0 0 0 0 0 0 0 0 0 ' ,52 ,1 ,10, 0
134 ,223, 111, '76 64 85 83 68 78 95 91 57 40 47 49 ' ,'0 0 0 0 0 0 0 0 0 0 0 0 ' ,50 ,1 ,7, 0
145 ,285, 121, '83 82 101 87 75 89 88 71 41 27 38 33 ' ,'0 0 0 0 0 0 0 0 0 0 0 0 ' ,75 ,0 ,6, 1
165 ,144, 126, '76 89 73 113 78 82 87 97 55 47 39 38 ' ,'0 0 0 0 0 0 0 0 0 0 0 0 ' ,79 ,1 ,6, 0
157 ,160, 132, '74 82 66 98 100 92 88 83 44 38 43 42 ' ,'0 0 0 0 0 0 0 0 0 0 0 0 ' ,70 ,1 ,14, 1
168 ,141, 141, '99 117 71 79 91 79 111 90 64 37 45 29 ' ,'0 0 0 0 0 0 0 0 0 0 0 0 ' ,89 ,0 ,17, 0
235 ,150, 205, '113 138 116 78 167 119 129 141 93 39 71 54 ' ,'0 0 0 0 0 0 0 0 0 0 0 0 ' ,133 ,1 ,16, 0
271 ,238, 243, '125 148 227 128 91 133 105 133 69 77 77 43 ' ,'0 0 0 0 0 0 0 0 0 0 0 0 ' ,185 ,1 ,6, 0
313 ,267, 287, '120 126 158 126 165 258 142 103 67 203 106 42 ' ,'0 0 0 0 0 0 0 0 0 0 0 0 ' ,216 ,1 ,17, 1
230 ,294, 203, '123 134 112 104 103 118 139 180 95 56 48 46 ' ,'0 0 0 0 0 0 0 0 0 0 0 0 ' ,134 ,1 ,14, 1
248 ,211, 223, '153 143 143 138 180 202 154 197 77 64 68 34 ' ,'0 0 0 0 0 112 0 0 0 0 0 0 ' ,166 ,1 ,13, 1
199 ,262, 170, '134 118 119 113 109 156 86 117 94 53 54 72 ' ,'0 0 0 0 0 0 0 0 0 0 0 0 ' ,104 ,1 ,7, 1
146 ,192, 121, '74 86 84 91 82 73 104 95 43 41 44 43 ' ,'0 0 0 0 0 0 0 0 0 0 0 0 ' ,62 ,1 ,7, 0
155 ,138, 127, '71 86 81 84 95 97 81 90 46 37 35 45 ' ,'0 0 0 0 0 0 0 0 0 0 0 0 ' ,72 ,1 ,7, 0
167 ,146, 140, '113 81 104 73 91 98 74 92 37 49 50 47 ' ,'0 0 0 0 0 0 0 0 0 0 0 0 ' ,78 ,1 ,17, 1
157 ,149, 130, '80 79 92 85 97 94 90 103 69 38 54 43 ' ,'0 0 0 0 0 0 0 0 0 0 0 0 ' ,64 ,1 ,16, 1
177 ,138, 146, '79 72 94 77 113 115 88 95 34 46 52 44 ' ,'0 0 0 0 0 0 0 0 0 0 0 0 ' ,95 ,1 ,16, 0
141 ,162, 124, '81 109 72 94 99 79 95 100 46 61 42 49 ' ,'0 0 0 0 0 0 0 0 0 0 0 136 ' ,72 ,1 ,5, 0
148 ,134, 133, '89 84 76 119 97 96 117 93 62 49 80 57 ' ,'0 0 0 0 0 0 0 0 0 0 0 0 ' ,73 ,1 ,6, 0
159 ,237, 140, '101 119 121 116 103 121 117 128 111 77 121 52 ' ,'0 0 0 0 0 0 0 0 0 0 0 0 ' ,77 ,1 ,6, 1
204 ,152, 188, '133 117 110 105 114 99 175 109 47 46 73 68 ' ,'0 0 0 0 0 0 0 0 0 0 0 0 ' ,131 ,1 ,5, 0
181 ,197, 166, '106 102 115 92 120 127 105 143 60 99 54 59 ' ,'0 0 0 0 0 0 0 0 0 0 0 0 ' ,93 ,1 ,13, 1
230 ,172, 214, '117 158 131 174 117 165 139 198 77 49 74 67 ' ,'0 0 0 0 0 0 0 0 0 0 0 0 ' ,152 ,0 ,8, 1
231 ,225, 214, '136 131 167 120 125 194 157 153 103 88 77 81 ' ,'0 0 0 0 0 0 0 0 0 0 0 0 ' ,117 ,1 ,7, 1
193 ,227, 168, '95 145 114 128 136 135 132 120 79 48 38 60 ' ,'0 0 0 0 0 0 0 0 0 0 0 0 ' ,119 ,1 ,3, 0
181 ,190, 157, '145 123 110 105 95 134 107 115 45 48 50 72 ' ,'0 0 0 0 0 0 0 0 0 0 0 0 ' ,104 ,1 ,4, 0
179 ,183, 162, '107 102 90 98 98 125 115 149 59 35 45 47 ' ,'0 0 0 0 0 0 0 0 0 0 0 0 ' ,106 ,1 ,3, 1
163 ,195, 140, '122 88 119 120 92 116 92 92 48 53 54 55 ' ,'0 0 0 0 0 0 0 0 0 0 0 0 ' ,75 ,1 ,11, 1
146 ,152, 125, '109 109 108 76 82 73 95 94 30 47 53 40 ' ,'0 0 0 0 0 0 0 0 0 0 0 0 ' ,81 ,0 ,9, 1
187 ,142, 159, '96 80 89 81 89 96 148 90 28 55 48 65 ' ,'0 0 0 0 0 0 0 0 0 0 0 0 ' ,117 ,1 ,5, 0
131 ,187, 109, '72 96 90 90 90 93 76 94 52 39 45 42 ' ,'0 0 0 0 0 0 0 0 0 0 0 0 ' ,59 ,1 ,3, 1
182 ,135, 162, '68 77 97 148 86 106 103 113 36 60 42 60 ' ,'0 0 0 0 0 0 0 0 0 0 0 0 ' ,114 ,1 ,7, 1
137 ,178, 113, '101 82 69 75 85 96 69 102 36 30 46 44 ' ,'0 0 0 0 0 0 0 0 0 0 0 0 ' ,68 ,0 ,4, 0
146 ,133, 120, '82 91 75 76 63 86 76 70 39 28 48 46 ' ,'0 0 0 0 0 0 0 0 0 0 0 0 ' ,55 ,1 ,21, 1
141 ,137, 118, '98 94 71 106 84 81 80 105 46 57 57 47 ' ,'0 0 0 0 0 0 0 0 0 0 0 0 ' ,61 ,1 ,7, 1
215 ,143, 192, '134 121 122 176 124 107 140 122 71 43 76 43 ' ,'0 0 0 0 0 0 0 0 0 0 0 0 ' ,135 ,1 ,7, 1
221 ,216, 198, '185 130 144 152 128 126 133 141 82 107 74 116 ' ,'0 0 0 0 0 0 0 0 0 0 0 0 ' ,113 ,1 ,6, 1
184 ,217, 160, '83 109 147 133 131 90 135 127 76 79 52 72 ' ,'0 0 0 0 0 0 0 0 0 0 0 0 ' ,96 ,0 ,4, 0
177 ,182, 154, '96 126 114 142 98 110 77 99 54 45 40 58 ' ,'0 0 0 0 0 0 0 0 0 0 0 0 ' ,105 ,1 ,5, 1
165 ,179, 142, '98 87 84 125 119 80 87 87 48 82 59 49 ' ,'0 0 0 0 0 0 0 0 0 0 0 0 ' ,84 ,1 ,4, 1
193 ,167, 171, '155 127 101 147 114 140 102 123 66 117 72 60 ' ,'0 0 0 0 0 0 0 0 0 0 0 0 ' ,97 ,1 ,8, 1
188 ,194, 166, '112 136 117 148 141 139 138 147 55 93 49 59 ' ,'0 0 0 0 0 0 0 0 0 0 0 0 ' ,104 ,1 ,8, 1
195 ,193, 171, '155 151 143 101 125 108 101 119 67 44 42 124 ' ,'0 0 0 0 0 0 0 0 0 0 0 0 ' ,118 ,1 ,7, 1
185 ,193, 155, '120 142 139 129 105 93 88 121 79 56 84 73 ' ,'0 0 0 0 0 0 0 0 0 0 0 0 ' ,71 ,1 ,7, 1
256 ,174, 153, '106 94 134 120 115 115 91 85 50 63 55 60 ' ,'0 0 0 0 0 0 0 0 0 0 0 0 ' ,90 ,1 ,8, 1
156 ,174, 133, '118 91 94 108 84 84 88 110 43 43 53 42 ' ,'0 0 0 0 0 0 0 0 0 0 0 0 ' ,79 ,0 ,6, 1
167 ,161, 137, '117 116 97 84 110 107 103 104 51 51 62 64 ' ,'0 0 0 0 0 0 0 0 0 0 0 0 ' ,75 ,1 ,6, 1
154 ,161, 126, '77 93 109 100 88 89 75 99 27 60 52 49 ' ,'0 0 0 0 0 0 0 0 0 0 0 0 ' ,85 ,1 ,8, 0
172 ,145, 149, '118 99 79 109 125 94 80 90 51 59 54 61 ' ,'0 0 0 0 0 0 0 0 0 0 0 0 ' ,83 ,1 ,5, 0
137 ,168, 117, '68 104 73 92 78 78 83 80 48 45 44 40 ' ,'0 0 0 0 0 0 0 0 0 0 0 0 ' ,65 ,1 ,4, 0
143 ,138, 119, '104 81 101 73 67 72 97 96 42 54 40 48 ' ,'0 0 0 0 0 0 0 0 0 0 0 0 ' ,67 ,1 ,5, 0
