642 ,0, 559, '500 444 387 334 396 480 448 362 312 404 515 437 ' ,'213 187 165 148 191 221 224 141 130 195 235 208 ' ,207 ,9 ,8, 7
249 ,629, 221, '176 194 125 123 137 202 145 118 130 126 173 151 ' ,'0 0 0 0 0 0 0 0 0 0 0 0 ' ,92 ,2 ,3, 3
121 ,234, 86, '49 57 58 60 51 45 47 51 43 54 49 51 ' ,'0 0 0 0 0 0 0 0 0 0 0 0 ' ,29 ,1 ,5, 5
111 ,102, 85, '64 63 58 66 53 51 58 52 70 52 54 62 ' ,'0 0 0 0 0 0 0 0 0 0 0 0 ' ,24 ,1 ,3, 3
94 ,104, 73, '43 54 48 47 44 41 47 40 42 40 40 40 ' ,'0 0 0 0 0 0 0 0 0 0 0 0 ' ,24 ,2 ,2, 2
117 ,90, 83, '60 58 54 56 49 47 52 48 56 66 46 50 ' ,'0 0 0 0 0 0 0 0 0 0 0 0 ' ,28 ,2 ,2, 2
169 ,104, 141, '51 52 51 55 43 45 40 39 44 40 50 44 ' ,'0 0 0 0 0 0 0 0 0 0 0 0 ' ,87 ,3 ,1, 1
105 ,219, 80, '46 59 57 59 43 42 46 52 49 54 50 47 ' ,'0 0 0 0 0 0 0 0 0 0 0 0 ' ,30 ,1 ,1, 1
95 ,99, 75, '51 56 50 54 45 48 59 46 45 44 48 45 ' ,'0 0 0 0 0 0 0 0 0 0 0 0 ' ,18 ,3 ,0, 0
726 ,86, 68, '48 50 49 51 45 43 46 50 45 42 46 42 ' ,'0 0 0 0 0 0 0 0 0 0 0 0 ' ,20 ,3 ,1, 1
101 ,81, 71, '55 59 56 48 54 50 44 43 45 50 47 45 ' ,'0 0 0 0 0 0 0 0 0 0 0 0 ' ,16 ,4 ,0, 0
718 ,90, 69, '50 52 44 55 39 40 43 41 41 41 41 40 ' ,'0 0 0 0 0 0 0 0 0 0 0 0 ' ,18 ,3 ,2, 2
87 ,82, 67, '51 48 50 54 45 42 43 47 43 48 49 46 ' ,'0 0 0 0 0 0 0 0 0 0 0 0 ' ,10 ,1 ,2, 2
102 ,77, 78, '64 62 51 63 47 55 52 53 57 47 47 54 ' ,'0 0 0 0 0 0 0 0 0 0 0 0 ' ,17 ,2 ,1, 1
92 ,91, 70, '52 52 54 43 38 58 51 43 41 40 43 46 ' ,'0 0 0 0 0 0 0 0 0 0 0 0 ' ,18 ,1 ,1, 1
84 ,81, 59, '40 49 38 43 42 36 51 38 41 34 35 42 ' ,'0 0 0 0 0 0 0 0 0 0 0 0 ' ,16 ,1 ,1, 1
131 ,72, 104, '55 68 56 59 50 50 61 51 53 48 59 52 ' ,'0 0 0 0 0 0 0 0 0 0 0 0 ' ,47 ,29 ,1, 1
88 ,124, 64, '49 53 53 44 44 54 44 43 54 44 45 47 ' ,'0 0 0 0 0 0 0 0 0 0 0 0 ' ,12 ,1 ,1, 1
98 ,75, 83, '71 68 61 49 63 48 48 51 53 49 47 44 ' ,'0 0 0 0 0 0 0 0 0 0 0 0 ' ,27 ,1 ,2, 1
85 ,89, 69, '48 53 53 52 52 40 43 39 41 45 47 52 ' ,'0 0 0 0 0 0 0 0 0 0 0 0 ' ,20 ,1 ,1, 1
96 ,77, 77, '63 65 61 54 45 50 59 48 67 57 46 48 ' ,'0 0 0 0 0 0 0 0 0 0 0 0 ' ,25 ,1 ,1, 1
113 ,84, 95, '46 45 61 49 42 46 49 42 39 42 38 50 ' ,'0 0 0 0 0 0 0 0 0 0 0 0 ' ,47 ,26 ,2, 1
101 ,103, 83, '65 74 71 67 62 60 61 63 71 65 70 59 ' ,'0 0 0 0 0 0 0 0 0 0 0 0 ' ,16 ,1 ,0, 0
94 ,92, 77, '58 64 61 56 65 55 47 55 47 53 67 58 ' ,'0 0 0 0 0 0 0 0 0 0 0 0 ' ,20 ,1 ,0, 0
101 ,85, 80, '61 70 60 52 55 55 53 62 60 64 46 47 ' ,'0 0 0 0 0 0 0 0 0 0 0 0 ' ,26 ,1 ,1, 1
1263 ,88, 103, '63 63 59 59 65 51 53 54 52 57 55 58 ' ,'0 0 0 0 0 0 0 0 0 0 0 0 ' ,43 ,21 ,1, 1
100 ,114, 78, '45 44 59 42 43 36 37 51 38 52 40 38 ' ,'0 0 0 0 0 0 0 0 0 0 0 0 ' ,35 ,1 ,2, 2
116 ,92, 95, '67 82 49 64 44 44 45 57 45 61 46 48 ' ,'0 0 0 0 0 0 0 0 0 0 0 0 ' ,41 ,2 ,1, 1
595 ,103, 80, '63 59 66 69 58 55 53 56 58 54 54 60 ' ,'0 0 0 0 0 0 0 0 0 0 0 0 ' ,17 ,1 ,0, 0
94 ,89, 70, '61 54 55 51 46 46 54 47 55 53 43 44 ' ,'0 0 0 0 0 0 0 0 0 0 0 0 ' ,18 ,1 ,1, 1
93 ,88, 71, '58 62 60 63 44 44 50 45 55 55 42 50 ' ,'0 0 0 0 0 0 0 0 0 0 0 0 ' ,23 ,0 ,0, 0
457 ,87, 79, '62 64 58 53 51 56 47 52 55 52 52 54 ' ,'0 0 0 0 0 0 0 0 0 0 0 0 ' ,21 ,2 ,2, 2
104 ,91, 85, '67 66 75 60 56 58 62 55 58 59 60 61 ' ,'0 0 0 0 0 0 0 0 0 0 0 0 ' ,21 ,2 ,1, 0
133 ,93, 104, '51 53 50 56 45 45 44 45 46 48 50 53 ' ,'0 0 0 0 0 0 0 0 0 0 0 0 ' ,52 ,3 ,1, 1
87 ,118, 65, '49 46 46 48 50 42 41 40 41 39 42 41 ' ,'0 0 0 0 0 0 0 0 0 0 0 0 ' ,19 ,1 ,1, 1
91 ,79, 67, '46 48 48 47 46 42 39 39 40 42 38 41 ' ,'0 0 0 0 0 0 0 0 0 0 0 0 ' ,20 ,1 ,1, 1
96 ,78, 75, '52 50 68 51 49 61 43 52 44 52 43 43 ' ,'0 0 0 0 0 0 0 0 0 0 0 0 ' ,26 ,0 ,1, 1
87 ,91, 66, '54 58 54 55 44 44 46 47 48 44 45 46 ' ,'0 0 0 0 0 0 0 0 0 0 0 0 ' ,14 ,0 ,1, 1
88 ,81, 63, '48 49 49 53 42 41 43 44 43 40 43 43 ' ,'0 0 0 0 0 0 0 0 0 0 0 0 ' ,15 ,0 ,1, 1
103 ,77, 78, '61 56 49 52 51 53 50 44 55 53 52 56 ' ,'0 0 0 0 0 0 0 0 0 0 0 0 ' ,27 ,2 ,1, 1
97 ,94, 77, '54 56 58 51 50 48 43 48 43 48 47 43 ' ,'0 0 0 0 0 0 0 0 0 0 0 0 ' ,26 ,2 ,1, 1
95 ,89, 71, '48 54 50 55 55 53 46 45 44 41 44 49 ' ,'0 0 0 0 0 0 0 0 0 0 0 0 ' ,21 ,1 ,1, 1
105 ,85, 77, '58 56 53 69 47 52 48 47 51 51 51 45 ' ,'0 0 0 0 0 0 0 0 0 0 0 0 ' ,24 ,1 ,1, 1
763 ,89, 78, '55 56 53 48 41 51 43 59 51 58 46 49 ' ,'0 0 0 0 0 0 0 0 0 0 0 0 ' ,26 ,2 ,2, 2
90 ,93, 68, '50 60 54 44 46 43 46 43 39 41 42 44 ' ,'0 0 0 0 0 0 0 0 0 0 0 0 ' ,22 ,2 ,1, 1
82 ,82, 56, '45 46 45 38 38 37 36 41 34 36 33 35 ' ,'0 0 0 0 0 0 0 0 0 0 0 0 ' ,15 ,1 ,1, 1
85 ,70, 64, '38 45 56 52 40 34 36 55 38 43 41 34 ' ,'0 0 0 0 0 0 0 0 0 0 0 0 ' ,22 ,1 ,1, 1
93 ,78, 68, '59 50 52 53 44 44 45 50 51 48 49 51 ' ,'0 0 0 0 0 0 0 0 0 0 0 0 ' ,17 ,2 ,1, 1
91 ,83, 71, '54 50 51 48 49 51 42 49 42 46 45 52 ' ,'0 0 0 0 0 0 0 0 0 0 0 0 ' ,18 ,1 ,1, 1
112 ,87, 89, '68 67 62 82 56 58 60 56 59 68 60 57 ' ,'0 0 0 0 0 0 0 0 0 0 0 0 ' ,27 ,1 ,1, 1
79 ,105, 58, '49 46 44 39 36 38 43 38 34 35 41 39 ' ,'0 0 0 0 0 0 0 0 0 0 0 0 ' ,18 ,1 ,1, 1
315 ,71, 75, '53 57 50 49 43 51 46 41 41 47 52 48 ' ,'0 0 0 0 0 0 0 0 0 0 0 0 ' ,25 ,1 ,1, 1
193 ,88, 73, '56 55 54 65 48 46 48 53 58 44 45 47 ' ,'0 0 0 0 0 0 0 0 0 0 0 0 ' ,19 ,1 ,2, 2
103 ,88, 78, '51 46 41 56 34 61 38 43 45 42 63 44 ' ,'0 0 0 0 0 0 0 0 0 0 0 0 ' ,34 ,1 ,1, 1
82 ,94, 66, '50 58 42 47 40 41 41 43 41 40 39 47 ' ,'0 0 0 0 0 0 0 0 0 0 0 0 ' ,19 ,1 ,1, 1
84 ,73, 66, '51 54 49 57 51 53 52 44 47 48 55 47 ' ,'0 0 0 0 0 0 0 0 0 0 0 0 ' ,17 ,1 ,1, 1
86 ,75, 66, '51 59 48 54 42 51 45 48 55 41 38 37 ' ,'0 0 0 0 0 0 0 0 0 0 0 0 ' ,17 ,0 ,1, 1
87 ,75, 70, '57 48 62 50 52 50 42 51 42 53 46 44 ' ,'0 0 0 0 0 0 0 0 0 0 0 0 ' ,22 ,1 ,1, 1
80 ,78, 62, '47 53 48 54 41 42 41 42 53 41 49 42 ' ,'0 0 0 0 0 0 0 0 0 0 0 0 ' ,14 ,1 ,1, 1
86 ,70, 65, '49 46 55 52 45 40 41 45 42 43 40 42 ' ,'0 0 0 0 0 0 0 0 0 0 0 0 ' ,18 ,1 ,1, 1
77 ,73, 61, '50 49 44 47 39 39 42 42 52 38 38 36 ' ,'0 0 0 0 0 0 0 0 0 0 0 0 ' ,16 ,1 ,1, 1
91 ,68, 70, '44 47 46 46 45 39 49 43 40 39 45 37 ' ,'0 0 0 0 0 0 0 0 0 0 0 0 ' ,24 ,1 ,1, 1
86 ,84, 61, '43 42 51 46 34 41 37 34 36 42 38 37 ' ,'0 0 0 0 0 0 0 0 0 0 0 0 ' ,19 ,1 ,0, 0
90 ,76, 68, '50 50 50 51 47 49 45 44 47 42 48 42 ' ,'0 0 0 0 0 0 0 0 0 0 0 0 ' ,19 ,1 ,1, 1
93 ,77, 70, '40 50 40 48 46 37 39 43 44 37 35 37 ' ,'0 0 0 0 0 0 0 0 0 0 0 0 ' ,25 ,2 ,1, 1
93 ,84, 70, '53 53 49 54 51 43 46 43 45 43 51 44 ' ,'0 0 0 0 0 0 0 0 0 0 0 0 ' ,21 ,2 ,0, 0
85 ,79, 63, '48 45 55 43 41 44 40 45 45 39 48 38 ' ,'0 0 0 0 0 0 0 0 0 0 0 0 ' ,16 ,1 ,1, 1
90 ,75, 61, '47 51 49 54 46 51 45 45 49 50 43 42 ' ,'0 0 0 0 0 0 0 0 0 0 0 0 ' ,16 ,1 ,0, 0
88 ,81, 65, '50 46 52 48 39 43 44 46 39 39 43 39 ' ,'0 0 0 0 0 0 0 0 0 0 0 0 ' ,17 ,1 ,1, 1
88 ,78, 68, '48 51 44 53 43 46 44 47 44 37 42 50 ' ,'0 0 0 0 0 0 0 0 0 0 0 0 ' ,14 ,1 ,1, 1
87 ,77, 66, '51 46 54 48 43 45 47 39 46 38 44 39 ' ,'0 0 0 0 0 0 0 0 0 0 0 0 ' ,21 ,0 ,0, 0
103 ,80, 76, '46 49 51 51 42 40 43 40 47 55 38 42 ' ,'0 0 0 0 0 0 0 0 0 0 0 0 ' ,30 ,1 ,1, 1
85 ,90, 64, '41 43 40 50 39 35 42 41 38 38 35 38 ' ,'0 0 0 0 0 0 0 0 0 0 0 0 ' ,22 ,1 ,1, 1
87 ,77, 66, '49 46 49 44 41 51 36 45 39 41 42 39 ' ,'0 0 0 0 0 0 0 0 0 0 0 0 ' ,19 ,1 ,0, 0
97 ,78, 73, '55 57 59 65 52 54 52 49 49 49 48 55 ' ,'0 0 0 0 0 0 0 0 0 0 0 0 ' ,18 ,1 ,1, 1
104 ,83, 76, '66 59 56 67 53 55 52 58 53 47 51 50 ' ,'0 0 0 0 0 0 0 0 0 0 0 0 ' ,18 ,1 ,1, 1
92 ,91, 66, '46 47 57 49 43 44 44 48 43 41 40 43 ' ,'0 0 0 0 0 0 0 0 0 0 0 0 ' ,18 ,2 ,1, 1
95 ,80, 74, '43 45 48 50 47 36 37 42 38 40 39 37 ' ,'0 0 0 0 0 0 0 0 0 0 0 0 ' ,31 ,1 ,1, 1
100 ,85, 71, '54 56 54 57 46 53 49 48 47 43 46 51 ' ,'0 0 0 0 0 0 0 0 0 0 0 0 ' ,17 ,1 ,1, 1
90 ,87, 65, '40 41 44 47 37 45 37 34 42 36 46 36 ' ,'0 0 0 0 0 0 0 0 0 0 0 0 ' ,20 ,0 ,0, 0
99 ,77, 77, '55 55 59 56 51 47 44 50 42 42 47 45 ' ,'0 0 0 0 0 0 0 0 0 0 0 0 ' ,27 ,1 ,1, 1
97 ,90, 75, '48 49 47 49 44 44 43 42 47 45 42 42 ' ,'0 0 0 0 0 0 0 0 0 0 0 0 ' ,26 ,2 ,1, 1
100 ,90, 82, '47 57 50 49 40 40 41 40 48 47 47 41 ' ,'0 0 0 0 0 0 0 0 0 0 0 0 ' ,34 ,2 ,1, 1
110 ,93, 85, '55 44 51 47 46 43 45 41 38 54 46 38 ' ,'0 0 0 0 0 0 0 0 0 0 0 0 ' ,37 ,2 ,2, 2
104 ,96, 78, '46 44 42 44 50 36 40 36 39 34 35 38 ' ,'0 0 0 0 0 0 0 0 0 0 0 0 ' ,36 ,2 ,1, 1
90 ,92, 67, '43 46 38 40 42 42 40 33 34 36 39 48 ' ,'0 0 0 0 0 0 0 0 0 0 0 0 ' ,24 ,1 ,2, 2
99 ,82, 78, '49 48 65 58 40 51 41 41 46 48 39 40 ' ,'0 0 0 0 0 0 0 0 0 0 0 0 ' ,29 ,1 ,1, 1
86 ,89, 67, '49 45 49 53 40 40 42 40 41 39 40 41 ' ,'0 0 0 0 0 0 0 0 0 0 0 0 ' ,21 ,1 ,1, 1
227 ,81, 203, '50 49 47 45 44 45 84 43 38 42 43 44 ' ,'0 141 0 0 0 0 0 0 0 0 0 0 ' ,158 ,2 ,1, 1
759 ,211, 66, '43 50 51 47 38 37 38 57 50 44 37 40 ' ,'0 0 0 0 0 0 0 0 0 0 0 0 ' ,23 ,1 ,0, 0
184 ,81, 162, '52 54 62 50 49 41 42 50 49 42 43 41 ' ,'0 0 0 0 0 0 0 0 0 0 0 0 ' ,112 ,1 ,2, 2
106 ,169, 83, '70 68 53 59 53 57 52 50 58 49 51 50 ' ,'0 0 0 0 0 0 0 0 0 0 0 0 ' ,22 ,0 ,1, 1
104 ,92, 80, '54 58 59 56 60 55 50 51 65 50 46 47 ' ,'0 0 0 0 0 0 0 0 0 0 0 0 ' ,20 ,2 ,1, 1
78 ,97, 55, '45 44 37 40 35 42 37 41 36 36 40 35 ' ,'0 0 0 0 0 0 0 0 0 0 0 0 ' ,18 ,1 ,1, 1
86 ,69, 69, '58 53 51 56 47 56 47 54 47 46 46 49 ' ,'0 0 0 0 0 0 0 0 0 0 0 0 ' ,10 ,1 ,1, 1
79 ,77, 62, '50 46 45 54 44 43 48 39 44 41 39 41 ' ,'0 0 0 0 0 0 0 0 0 0 0 0 ' ,15 ,1 ,0, 0
79 ,70, 62, '48 38 49 46 43 42 34 48 36 39 43 35 ' ,'0 0 0 0 0 0 0 0 0 0 0 0 ' ,18 ,1 ,1, 1
96 ,70, 71, '53 48 44 44 45 52 39 47 38 43 44 42 ' ,'0 0 0 0 0 0 0 0 0 0 0 0 ' ,25 ,2 ,1, 1
97 ,84, 73, '54 55 50 53 48 60 55 62 48 44 48 49 ' ,'0 0 0 0 0 0 0 0 0 0 0 0 ' ,16 ,1 ,1, 1
97 ,87, 73, '43 44 44 42 35 45 37 37 37 46 38 38 ' ,'0 0 0 0 0 0 0 0 0 0 0 0 ' ,29 ,1 ,1, 1
760 ,84, 68, '42 41 40 43 35 39 33 36 41 35 35 33 ' ,'0 0 0 0 0 0 0 0 0 0 0 0 ' ,27 ,1 ,1, 1
99 ,80, 77, '59 60 51 53 47 53 50 46 41 44 49 46 ' ,'0 0 0 0 0 0 0 0 0 0 0 0 ' ,30 ,2 ,1, 1
91 ,91, 63, '44 52 43 37 42 44 40 47 40 42 38 40 ' ,'0 0 0 0 0 0 0 0 0 0 0 0 ' ,20 ,2 ,1, 1
2052 ,77, 65, '43 49 50 44 39 39 45 45 58 41 40 42 ' ,'0 0 0 0 0 0 0 0 0 0 0 0 ' ,20 ,1 ,0, 0
112 ,78, 90, '51 47 55 47 40 40 38 47 42 55 39 48 ' ,'0 0 0 0 0 0 0 0 0 0 0 0 ' ,42 ,1 ,1, 1
490 ,106, 72, '60 46 49 46 39 45 48 43 43 42 43 37 ' ,'0 0 0 0 0 0 0 0 0 0 0 0 ' ,22 ,1 ,0, 0
92 ,83, 72, '47 50 46 45 45 49 44 46 49 45 42 44 ' ,'0 0 0 0 0 0 0 0 0 0 0 0 ' ,22 ,2 ,1, 1
96 ,86, 71, '53 52 50 57 42 43 47 45 43 46 43 45 ' ,'0 0 0 0 0 0 0 0 0 0 0 0 ' ,22 ,1 ,1, 1
103 ,85, 74, '47 52 50 57 38 42 45 42 52 42 41 49 ' ,'0 0 0 0 0 0 0 0 0 0 0 0 ' ,24 ,1 ,1, 1
88 ,88, 65, '40 41 40 53 38 36 35 35 41 38 41 35 ' ,'0 0 0 0 0 0 0 0 0 0 0 0 ' ,21 ,2 ,1, 1
383 ,75, 97, '59 48 50 45 48 45 41 47 41 40 42 38 ' ,'0 0 0 0 0 0 0 0 0 0 0 0 ' ,48 ,1 ,0, 0
95 ,110, 75, '57 53 52 62 54 48 46 45 50 46 44 44 ' ,'0 0 0 0 0 0 0 0 0 0 0 0 ' ,20 ,1 ,1, 1
811 ,86, 71, '44 45 49 61 41 42 42 45 47 39 43 40 ' ,'0 0 0 0 0 0 0 0 0 0 0 0 ' ,23 ,1 ,1, 1
95 ,86, 74, '49 51 48 51 45 46 38 43 43 41 46 44 ' ,'0 0 0 0 0 0 0 0 0 0 0 0 ' ,26 ,1 ,1, 1
161 ,85, 138, '48 58 51 56 43 44 45 46 53 44 50 44 ' ,'0 0 140 0 0 0 0 0 0 0 0 0 ' ,85 ,1 ,1, 1
105 ,149, 82, '56 66 58 55 52 55 54 62 47 49 51 53 ' ,'0 0 0 0 0 0 0 0 0 0 0 0 ' ,29 ,2 ,1, 1
1641 ,92, 67, '38 42 40 46 34 35 35 38 37 40 40 35 ' ,'0 0 0 0 0 0 0 0 0 0 0 0 ' ,24 ,2 ,1, 1
99 ,81, 77, '55 46 46 50 47 44 40 38 44 44 44 40 ' ,'0 0 0 0 0 0 0 0 0 0 0 0 ' ,31 ,1 ,1, 1
119 ,89, 97, '46 41 43 43 38 43 37 37 39 36 34 37 ' ,'0 0 0 0 0 0 0 0 0 0 0 0 ' ,52 ,33 ,1, 1
90 ,113, 71, '53 46 50 43 40 45 39 51 52 40 48 40 ' ,'0 0 0 0 0 0 0 0 0 0 0 0 ' ,24 ,1 ,1, 1
110 ,79, 83, '62 56 59 58 52 49 48 47 48 52 47 47 ' ,'0 0 0 0 0 0 0 0 0 0 0 0 ' ,26 ,2 ,1, 1
100 ,96, 77, '49 49 59 44 44 51 42 44 38 41 43 38 ' ,'0 0 0 0 0 0 0 0 0 0 0 0 ' ,29 ,1 ,1, 1
171 ,89, 148, '121 113 122 116 119 108 95 107 88 97 102 98 ' ,'0 0 0 0 0 0 0 0 0 0 0 0 ' ,53 ,2 ,1, 1
272 ,162, 246, '106 122 127 124 99 107 111 98 113 115 99 109 ' ,'0 0 0 0 0 0 0 0 118 0 0 0 ' ,137 ,2 ,1, 1
232 ,254, 214, '117 139 110 106 82 93 93 96 90 91 101 84 ' ,'0 0 0 0 0 0 0 0 0 0 0 0 ' ,121 ,1 ,1, 1
210 ,221, 194, '123 144 159 164 181 93 137 112 132 148 113 112 ' ,'0 0 0 0 0 0 0 0 0 0 0 0 ' ,92 ,1 ,1, 1
383 ,202, 365, '352 318 186 207 168 337 312 225 194 319 275 347 ' ,'0 0 0 0 0 0 0 0 0 0 0 0 ' ,186 ,2 ,2, 2
158 ,374, 142, '113 113 116 132 104 120 127 122 117 112 93 123 ' ,'0 0 0 0 0 0 0 0 0 0 0 0 ' ,37 ,1 ,2, 2
298 ,149, 277, '123 136 127 116 102 92 108 260 102 114 103 112 ' ,'0 0 0 0 0 0 0 133 0 0 0 0 ' ,174 ,2 ,3, 3
191 ,286, 169, '127 157 104 111 129 106 100 112 118 97 103 106 ' ,'0 0 0 0 0 0 0 0 0 0 0 0 ' ,62 ,2 ,2, 2
184 ,181, 165, '126 127 128 156 96 115 94 113 123 85 106 103 ' ,'0 0 0 0 0 0 0 0 0 0 0 0 ' ,66 ,2 ,1, 1
299 ,173, 273, '115 117 107 118 91 91 80 115 91 94 85 257 ' ,'0 0 0 0 0 0 0 0 0 0 0 123 ' ,184 ,2 ,2, 2
425 ,285, 173, '138 134 126 113 119 123 123 128 163 103 106 107 ' ,'0 0 0 0 0 0 0 0 0 0 0 0 ' ,57 ,1 ,1, 1
258 ,186, 231, '126 123 105 172 103 98 119 106 106 121 127 130 ' ,'0 0 0 0 0 0 0 0 0 0 0 0 ' ,125 ,23 ,1, 1
201 ,241, 178, '122 128 114 138 102 106 93 114 103 140 129 113 ' ,'0 0 0 0 0 0 0 0 0 0 0 0 ' ,77 ,2 ,1, 1
230 ,189, 209, '160 135 166 137 137 124 140 113 126 133 153 196 ' ,'0 0 0 0 0 0 0 0 0 0 0 0 ' ,88 ,2 ,1, 1
186 ,221, 157, '129 137 135 109 125 127 113 105 121 113 121 103 ' ,'0 0 0 0 0 0 0 0 0 0 0 0 ' ,47 ,1 ,1, 0
191 ,169, 156, '112 118 114 143 118 115 131 106 94 114 124 143 ' ,'0 0 0 0 0 0 0 0 0 0 0 0 ' ,56 ,1 ,1, 1
243 ,170, 216, '157 144 155 154 122 137 177 130 133 137 114 112 ' ,'0 0 0 0 0 0 0 0 0 0 0 0 ' ,96 ,28 ,1, 1
270 ,229, 250, '128 142 145 141 122 121 119 118 165 124 134 122 ' ,'0 0 0 0 0 0 0 0 0 0 0 0 ' ,124 ,1 ,1, 1
240 ,260, 214, '151 144 130 128 179 116 123 119 122 147 140 110 ' ,'0 0 0 0 0 0 0 0 0 0 0 0 ' ,94 ,1 ,1, 1
215 ,227, 194, '147 121 129 185 127 137 132 130 102 152 103 102 ' ,'0 0 0 0 0 0 0 0 0 0 0 0 ' ,83 ,0 ,1, 1
210 ,207, 186, '121 127 138 165 150 131 119 129 133 121 104 137 ' ,'0 0 0 0 0 0 0 0 0 0 0 0 ' ,73 ,1 ,1, 1
1261 ,197, 588, '347 263 299 232 525 260 318 254 212 551 483 259 ' ,'0 0 0 0 232 0 0 0 0 283 222 0 ' ,368 ,1 ,1, 1
233 ,600, 208, '179 159 192 186 153 115 194 160 159 134 132 150 ' ,'0 0 0 0 0 0 0 0 0 0 0 0 ' ,82 ,2 ,1, 1
223 ,223, 200, '141 154 132 126 107 117 188 116 118 113 104 130 ' ,'0 0 0 0 0 0 0 0 0 0 0 0 ' ,86 ,1 ,1, 1
188 ,210, 165, '148 139 145 158 110 140 131 112 92 110 153 121 ' ,'0 0 0 0 0 0 0 0 0 0 0 0 ' ,65 ,0 ,2, 2
192 ,178, 168, '119 158 158 148 118 116 105 121 147 100 148 119 ' ,'0 0 0 0 0 0 0 0 0 0 0 0 ' ,56 ,1 ,1, 1
911 ,184, 227, '147 151 167 156 145 147 110 149 126 175 124 128 ' ,'0 0 0 0 0 0 0 0 0 0 0 0 ' ,100 ,2 ,1, 1
215 ,238, 193, '166 175 121 150 141 150 143 135 123 143 161 136 ' ,'0 0 0 0 0 0 0 0 0 0 0 0 ' ,58 ,2 ,2, 2
184 ,208, 161, '136 146 142 128 117 116 112 102 115 105 116 122 ' ,'0 0 0 0 0 0 0 0 0 0 0 0 ' ,48 ,2 ,2, 2
216 ,171, 191, '133 180 142 141 107 113 136 133 117 127 118 128 ' ,'0 0 0 0 0 0 0 0 0 0 0 0 ' ,67 ,2 ,1, 1
210 ,201, 188, '125 174 159 163 128 99 118 125 116 100 144 143 ' ,'0 0 0 0 0 0 0 0 0 0 0 0 ' ,78 ,2 ,2, 2
266 ,201, 245, '185 183 149 150 203 124 120 139 210 161 143 137 ' ,'0 0 0 0 0 0 0 0 0 0 0 0 ' ,116 ,1 ,1, 1
202 ,252, 181, '169 140 143 156 126 118 119 160 151 136 135 136 ' ,'0 0 0 0 0 0 0 0 0 0 0 0 ' ,54 ,1 ,1, 1
211 ,194, 190, '179 137 133 143 124 114 138 135 126 135 136 143 ' ,'0 0 0 0 0 0 0 0 0 0 0 0 ' ,67 ,1 ,0, 0
460 ,200, 435, '145 425 166 148 149 124 200 122 103 133 129 244 ' ,'0 297 0 0 0 0 0 0 0 0 0 0 ' ,323 ,1 ,1, 1
221 ,448, 199, '172 155 129 139 102 123 145 166 126 163 125 108 ' ,'0 0 0 0 0 0 0 0 0 0 0 0 ' ,81 ,2 ,1, 1
233 ,211, 208, '186 193 133 156 140 141 109 180 179 111 150 164 ' ,'0 0 0 0 0 0 0 0 0 0 0 0 ' ,87 ,2 ,1, 1
238 ,218, 213, '167 146 174 153 110 111 154 155 164 174 154 128 ' ,'0 0 0 0 0 0 0 0 0 0 0 0 ' ,94 ,2 ,0, 0
213 ,226, 198, '151 170 155 142 182 115 132 137 111 143 150 141 ' ,'0 0 0 0 0 0 0 0 0 0 0 0 ' ,76 ,2 ,2, 2
196 ,202, 179, '161 162 162 152 147 132 117 144 137 131 115 111 ' ,'0 0 0 0 0 0 0 0 0 0 0 0 ' ,58 ,1 ,1, 1
255 ,186, 236, '165 164 223 160 137 102 151 116 133 141 139 159 ' ,'0 0 0 0 0 0 0 0 0 0 0 0 ' ,125 ,1 ,1, 1
201 ,246, 185, '136 165 138 170 163 151 140 120 152 130 128 134 ' ,'0 0 0 0 0 0 0 0 0 0 0 0 ' ,54 ,1 ,2, 2
194 ,191, 179, '135 150 127 166 113 116 157 137 106 143 114 112 ' ,'0 0 0 0 0 0 0 0 0 0 0 0 ' ,64 ,2 ,1, 1
225 ,185, 210, '135 156 170 201 148 153 120 157 111 125 184 133 ' ,'0 0 0 0 0 0 0 0 0 0 0 0 ' ,90 ,2 ,2, 2
250 ,216, 229, '217 169 194 142 138 131 152 192 184 124 135 120 ' ,'0 0 0 0 0 0 0 0 0 0 0 0 ' ,99 ,1 ,1, 1
244 ,240, 217, '159 203 143 136 121 124 206 123 152 138 106 121 ' ,'0 0 0 0 0 0 0 0 0 0 0 0 ' ,103 ,2 ,1, 1
226 ,228, 202, '127 194 116 132 163 160 111 137 120 133 183 147 ' ,'0 0 0 0 0 0 0 0 0 0 0 0 ' ,88 ,1 ,1, 1
230 ,217, 207, '167 130 135 147 151 132 147 128 109 176 126 112 ' ,'0 0 0 0 0 0 0 0 0 0 0 0 ' ,87 ,1 ,2, 2
276 ,218, 251, '148 148 159 142 218 164 121 134 198 112 129 184 ' ,'0 0 0 0 0 0 0 0 0 0 0 0 ' ,122 ,2 ,1, 1
169 ,263, 145, '121 92 130 114 109 97 91 83 86 95 107 81 ' ,'0 0 0 0 0 0 0 0 0 0 0 0 ' ,52 ,1 ,2, 2
126 ,153, 104, '75 67 69 80 57 67 60 61 61 61 63 65 ' ,'0 0 0 0 0 0 0 0 0 0 0 0 ' ,33 ,1 ,2, 2
130 ,113, 108, '61 67 68 76 64 68 61 63 57 68 63 63 ' ,'0 0 0 0 0 0 0 0 0 0 0 0 ' ,40 ,1 ,2, 2
345 ,117, 103, '66 70 66 67 56 62 65 60 67 65 58 61 ' ,'0 0 0 0 0 0 0 0 0 0 0 0 ' ,34 ,1 ,1, 1
134 ,115, 111, '70 63 69 63 54 66 68 55 59 72 59 55 ' ,'0 0 0 0 0 0 0 0 0 0 0 0 ' ,44 ,1 ,2, 2
118 ,120, 99, '70 70 70 65 61 58 66 55 55 59 63 55 ' ,'0 0 0 0 0 0 0 0 0 0 0 0 ' ,33 ,1 ,2, 2
120 ,110, 99, '60 65 73 67 53 68 57 59 58 63 58 52 ' ,'0 0 0 0 0 0 0 0 0 0 0 0 ' ,35 ,2 ,0, 0
111 ,113, 91, '66 67 61 66 49 59 55 55 63 49 52 65 ' ,'0 0 0 0 0 0 0 0 0 0 0 0 ' ,28 ,1 ,1, 1
121 ,102, 98, '67 64 59 65 55 56 65 57 78 58 58 59 ' ,'0 0 0 0 0 0 0 0 0 0 0 0 ' ,33 ,2 ,1, 1
120 ,111, 100, '57 65 64 73 53 59 63 53 58 53 68 57 ' ,'0 0 0 0 0 0 0 0 0 0 0 0 ' ,34 ,2 ,1, 1
121 ,109, 99, '68 70 65 59 56 70 53 55 54 55 55 51 ' ,'0 0 0 0 0 0 0 0 0 0 0 0 ' ,37 ,1 ,1, 1
133 ,110, 114, '58 59 69 77 73 64 54 65 60 58 57 63 ' ,'0 0 0 0 0 0 0 0 0 0 0 0 ' ,48 ,2 ,1, 1
122 ,123, 100, '61 61 65 67 53 56 58 57 56 59 66 58 ' ,'0 0 0 0 0 0 0 0 0 0 0 0 ' ,34 ,2 ,1, 1
124 ,109, 101, '66 77 65 66 51 59 59 59 72 56 66 58 ' ,'0 0 0 0 0 0 0 0 0 0 0 0 ' ,32 ,2 ,1, 1
375 ,112, 125, '94 88 81 91 74 76 79 74 75 87 74 74 ' ,'0 0 0 0 0 0 0 0 0 0 0 0 ' ,41 ,2 ,0, 0
126 ,137, 105, '57 63 62 63 57 63 62 60 53 63 53 61 ' ,'0 0 0 0 0 0 0 0 0 0 0 0 ' ,43 ,2 ,1, 1
124 ,119, 103, '74 76 62 75 56 58 57 63 66 59 57 55 ' ,'0 0 0 0 0 0 0 0 0 0 0 0 ' ,36 ,1 ,1, 1
130 ,114, 110, '78 88 75 82 68 78 71 76 72 71 71 76 ' ,'0 0 0 0 0 0 0 0 0 0 0 0 ' ,32 ,1 ,1, 1
124 ,125, 104, '63 68 57 69 59 51 59 70 62 59 51 61 ' ,'0 0 0 0 0 0 0 0 0 0 0 0 ' ,42 ,2 ,1, 1
130 ,114, 106, '61 63 55 60 56 58 49 49 50 67 51 61 ' ,'0 0 0 0 0 0 0 0 0 0 0 0 ' ,47 ,1 ,1, 1
121 ,119, 96, '63 67 67 56 56 57 58 60 62 47 53 59 ' ,'0 0 0 0 0 0 0 0 0 0 0 0 ' ,34 ,2 ,1, 1
346 ,108, 104, '54 60 67 68 52 55 55 54 55 59 52 55 ' ,'0 0 0 0 0 0 0 0 0 0 0 0 ' ,39 ,1 ,1, 1
123 ,111, 104, '55 56 57 62 58 54 52 54 57 51 57 53 ' ,'0 0 0 0 0 0 0 0 0 0 0 0 ' ,40 ,5 ,0, 0
118 ,118, 99, '74 59 55 54 55 56 50 55 47 51 54 49 ' ,'0 0 0 0 0 0 0 0 0 0 0 0 ' ,44 ,1 ,2, 2
125 ,108, 108, '61 64 61 64 55 56 57 65 56 61 60 55 ' ,'0 0 0 0 0 0 0 0 0 0 0 0 ' ,43 ,2 ,1, 1
97 ,117, 82, '63 63 65 63 64 59 57 59 67 55 61 56 ' ,'0 0 0 0 0 0 0 0 0 0 0 0 ' ,16 ,3 ,0, 0
95 ,89, 79, '58 64 56 64 55 58 49 61 56 56 65 52 ' ,'0 0 0 0 0 0 0 0 0 0 0 0 ' ,20 ,1 ,2, 2
97 ,85, 78, '67 62 68 63 57 55 70 60 53 54 54 58 ' ,'0 0 0 0 0 0 0 0 0 0 0 0 ' ,22 ,1 ,1, 1
122 ,91, 105, '79 92 84 84 71 74 75 84 72 77 84 71 ' ,'0 0 0 0 0 0 0 0 0 0 0 0 ' ,22 ,1 ,1, 1
99 ,111, 80, '60 65 66 61 52 55 57 54 65 53 52 58 ' ,'0 0 0 0 0 0 0 0 0 0 0 0 ' ,16 ,1 ,1, 0
116 ,88, 100, '87 85 79 83 72 74 76 82 80 68 81 71 ' ,'0 0 0 0 0 0 0 0 0 0 0 0 ' ,21 ,1 ,1, 1
318 ,106, 299, '62 72 62 62 57 64 60 57 49 54 65 60 ' ,'0 0 0 0 0 0 0 0 0 0 0 0 ' ,240 ,2 ,2, 2
128 ,311, 106, '55 67 60 65 65 55 55 56 53 54 53 50 ' ,'0 0 0 0 0 0 0 0 0 0 0 0 ' ,47 ,1 ,1, 1
131 ,120, 106, '60 66 61 59 60 52 56 54 61 56 50 56 ' ,'0 0 0 0 0 0 0 0 0 0 0 0 ' ,45 ,1 ,1, 1
117 ,119, 96, '61 63 59 66 50 58 56 58 60 57 49 56 ' ,'0 0 0 0 0 0 0 0 0 0 0 0 ' ,34 ,2 ,1, 1
129 ,108, 105, '56 60 56 69 50 63 60 53 55 56 56 54 ' ,'0 0 0 0 0 0 0 0 0 0 0 0 ' ,40 ,2 ,1, 1
126 ,294, 104, '65 66 65 61 52 54 56 56 68 60 52 55 ' ,'0 0 0 0 0 0 0 0 0 0 0 0 ' ,40 ,1 ,1, 1
116 ,115, 97, '72 53 59 59 50 50 56 50 48 55 55 51 ' ,'0 0 0 0 0 0 0 0 0 0 0 0 ' ,39 ,2 ,1, 1
345 ,109, 323, '65 59 63 60 52 52 55 50 47 52 60 58 ' ,'0 0 0 0 0 0 0 0 0 0 0 0 ' ,265 ,2 ,2, 2
134 ,333, 102, '58 62 54 60 45 51 53 54 55 53 56 59 ' ,'0 0 0 0 0 0 0 0 0 0 0 0 ' ,38 ,1 ,1, 1
124 ,121, 102, '63 63 60 54 57 58 61 54 47 54 49 54 ' ,'0 0 0 0 0 0 0 0 0 0 0 0 ' ,45 ,2 ,2, 2
125 ,109, 100, '61 54 61 58 48 57 55 51 60 50 46 53 ' ,'0 0 0 0 0 0 0 0 0 0 0 0 ' ,42 ,1 ,1, 1
126 ,109, 98, '53 63 68 63 50 54 56 56 44 55 50 56 ' ,'0 0 0 0 0 0 0 0 0 0 0 0 ' ,43 ,1 ,2, 2
122 ,111, 93, '67 65 61 55 56 58 52 51 49 50 49 52 ' ,'0 0 0 0 0 0 0 0 0 0 0 0 ' ,34 ,2 ,1, 1
116 ,109, 97, '57 66 59 68 55 71 52 55 51 52 59 54 ' ,'0 0 0 0 0 0 0 0 0 0 0 0 ' ,34 ,2 ,2, 2
123 ,108, 101, '68 60 60 67 51 61 55 55 53 52 57 66 ' ,'0 0 0 0 0 0 0 0 0 0 0 0 ' ,41 ,2 ,1, 1
118 ,112, 99, '59 62 61 64 49 68 62 55 52 55 55 55 ' ,'0 0 0 0 0 0 0 0 0 0 0 0 ' ,40 ,2 ,1, 1
132 ,110, 108, '59 61 54 64 49 46 64 52 50 57 59 52 ' ,'0 0 0 0 0 0 0 0 0 0 0 0 ' ,51 ,2 ,1, 1
240 ,119, 215, '125 200 155 149 102 129 123 114 170 149 121 126 ' ,'0 0 0 0 0 0 0 0 0 0 0 0 ' ,90 ,2 ,1, 1
492 ,229, 247, '166 134 168 213 167 150 120 153 151 200 142 166 ' ,'0 0 0 0 0 0 0 0 0 0 0 0 ' ,115 ,2 ,1, 1
255 ,260, 232, '156 186 184 207 156 171 133 155 222 170 147 171 ' ,'0 0 0 0 0 0 0 0 0 0 0 0 ' ,88 ,1 ,2, 2
282 ,245, 260, '182 159 213 206 179 205 216 210 187 212 145 164 ' ,'0 0 0 0 0 0 0 0 0 0 0 0 ' ,99 ,2 ,1, 1
254 ,272, 234, '171 175 148 187 140 132 169 154 132 194 140 125 ' ,'0 0 0 0 0 0 0 0 0 0 0 0 ' ,98 ,2 ,1, 1
860 ,243, 619, '157 157 267 185 153 134 118 124 187 141 147 128 ' ,'0 0 0 0 0 0 0 0 0 0 0 0 ' ,488 ,2 ,2, 2
251 ,626, 226, '156 168 170 159 165 179 128 166 164 124 128 150 ' ,'0 0 0 0 0 0 0 0 0 0 0 0 ' ,86 ,2 ,2, 2
273 ,241, 249, '191 168 163 144 188 177 192 163 158 151 147 144 ' ,'0 0 0 0 0 0 0 0 0 0 0 0 ' ,95 ,2 ,1, 1
269 ,261, 244, '187 200 178 145 178 138 139 171 146 178 183 118 ' ,'0 0 0 0 0 0 0 0 0 0 0 0 ' ,112 ,2 ,1, 1
245 ,257, 224, '208 156 127 176 150 130 143 155 157 149 175 177 ' ,'0 0 0 0 0 0 0 0 0 0 0 0 ' ,85 ,2 ,1, 1
269 ,233, 247, '214 162 159 235 133 181 149 173 146 157 141 141 ' ,'0 0 0 0 0 0 0 0 0 0 0 0 ' ,96 ,2 ,1, 1
270 ,257, 248, '177 152 187 143 200 156 156 147 191 173 134 141 ' ,'0 0 0 0 0 0 0 0 0 0 0 0 ' ,100 ,3 ,1, 1
232 ,259, 214, '179 161 171 136 160 154 144 155 141 161 160 130 ' ,'0 0 0 0 0 0 0 0 0 0 0 0 ' ,71 ,2 ,1, 1
220 ,223, 204, '143 172 180 158 136 165 121 188 125 141 146 165 ' ,'0 0 0 0 0 0 0 0 0 0 0 0 ' ,71 ,2 ,1, 1
206 ,211, 191, '178 130 152 169 139 143 142 151 150 127 126 129 ' ,'0 0 0 0 0 0 0 0 0 0 0 0 ' ,52 ,2 ,1, 1
197 ,196, 181, '128 165 129 134 110 148 135 149 130 123 138 111 ' ,'0 0 0 0 0 0 0 0 0 0 0 0 ' ,62 ,2 ,1, 1
197 ,191, 180, '131 138 150 129 103 112 114 116 135 134 166 129 ' ,'0 0 0 0 0 0 0 0 0 0 0 0 ' ,68 ,2 ,1, 1
174 ,187, 154, '132 142 107 113 116 104 110 120 107 123 104 115 ' ,'0 0 0 0 0 0 0 0 0 0 0 0 ' ,42 ,2 ,2, 1
158 ,166, 142, '124 125 115 122 103 105 98 103 90 101 119 109 ' ,'0 0 0 0 0 0 0 0 0 0 0 0 ' ,43 ,1 ,1, 1
230 ,150, 208, '120 99 123 121 99 117 97 118 93 138 112 114 ' ,'0 0 0 0 0 0 0 0 0 0 0 0 ' ,104 ,20 ,1, 1
199 ,224, 177, '112 129 117 141 110 97 114 87 117 129 122 114 ' ,'0 0 0 0 0 0 0 0 0 0 0 0 ' ,78 ,3 ,1, 1
258 ,185, 235, '116 132 148 124 139 130 111 108 111 183 117 101 ' ,'0 0 0 0 0 0 0 0 0 0 0 0 ' ,122 ,3 ,1, 1
168 ,245, 141, '95 94 93 94 80 95 73 89 90 93 119 93 ' ,'0 0 0 0 0 0 0 0 0 0 0 0 ' ,57 ,2 ,1, 1
205 ,151, 179, '139 124 113 133 92 101 96 116 108 127 104 107 ' ,'0 0 0 0 0 0 0 0 0 0 0 0 ' ,72 ,2 ,1, 1
175 ,187, 154, '131 104 85 85 86 93 92 108 92 101 99 90 ' ,'0 0 0 0 0 0 0 0 0 0 0 0 ' ,60 ,2 ,1, 1
196 ,164, 173, '108 106 136 96 84 131 111 118 96 119 116 84 ' ,'0 0 0 0 0 0 0 0 0 0 0 0 ' ,75 ,2 ,2, 1
182 ,187, 160, '103 107 129 120 118 98 84 111 82 101 129 79 ' ,'0 0 0 0 0 0 0 0 0 0 0 0 ' ,69 ,1 ,0, 0
221 ,173, 196, '149 132 99 124 89 111 115 82 96 145 164 112 ' ,'0 0 0 0 0 0 0 0 0 0 0 0 ' ,102 ,2 ,1, 1
174 ,206, 154, '134 120 102 125 85 102 117 89 113 102 97 76 ' ,'0 0 0 0 0 0 0 0 0 0 0 0 ' ,66 ,2 ,1, 1
164 ,163, 137, '117 101 91 95 91 99 89 80 96 89 95 92 ' ,'0 0 0 0 0 0 0 0 0 0 0 0 ' ,49 ,2 ,1, 1
169 ,150, 147, '130 123 98 102 94 92 97 108 115 97 83 109 ' ,'0 0 0 0 0 0 0 0 0 0 0 0 ' ,53 ,2 ,0, 0
186 ,160, 167, '111 90 97 134 116 111 92 99 95 98 114 84 ' ,'0 0 0 0 0 0 0 0 0 0 0 0 ' ,70 ,2 ,1, 1
183 ,177, 161, '84 111 108 126 106 84 118 90 96 96 87 89 ' ,'0 0 0 0 0 0 0 0 0 0 0 0 ' ,67 ,3 ,0, 0
175 ,172, 158, '109 106 96 111 101 97 111 90 90 87 92 105 ' ,'0 0 0 0 0 0 0 0 0 0 0 0 ' ,59 ,2 ,1, 1
178 ,168, 157, '100 102 104 89 92 102 94 93 97 107 79 88 ' ,'0 0 0 0 0 0 0 0 0 0 0 0 ' ,66 ,3 ,0, 0
1215 ,168, 967, '133 98 87 96 100 87 85 81 80 112 83 86 ' ,'0 0 0 0 0 0 0 0 0 0 0 0 ' ,878 ,2 ,1, 1
418 ,978, 168, '111 101 112 108 100 83 98 106 107 96 90 129 ' ,'0 0 0 0 0 0 0 0 0 0 0 0 ' ,74 ,2 ,0, 0
185 ,180, 162, '99 130 98 93 87 119 90 98 99 103 101 94 ' ,'0 0 0 0 0 0 0 0 0 0 0 0 ' ,61 ,2 ,1, 1
182 ,171, 163, '114 105 109 108 102 89 102 114 101 100 96 98 ' ,'0 0 0 0 0 0 0 0 0 0 0 0 ' ,62 ,2 ,1, 1
217 ,169, 189, '102 97 103 120 88 88 83 86 99 143 97 99 ' ,'0 0 0 0 0 0 0 0 0 0 0 0 ' ,93 ,2 ,1, 1
1108 ,203, 866, '98 124 107 99 105 113 89 115 111 92 90 88 ' ,'0 0 0 0 0 0 0 0 0 0 0 0 ' ,767 ,3 ,1, 1
454 ,877, 207, '132 159 141 127 106 125 102 102 95 135 113 97 ' ,'0 0 0 0 0 0 0 0 0 0 0 0 ' ,102 ,2 ,1, 1
357 ,218, 335, '96 106 103 136 130 97 101 100 97 109 110 99 ' ,'0 0 0 0 0 0 0 0 419 0 0 0 ' ,225 ,3 ,1, 1
196 ,347, 171, '132 118 100 90 110 93 102 92 94 119 103 117 ' ,'0 0 0 0 0 0 0 196 0 0 0 0 ' ,70 ,3 ,1, 1
549 ,180, 130, '216 118 89 149 110 113 114 119 88 108 120 99 ' ,'0 0 0 0 0 526 0 0 0 0 506 0 ' ,428 ,3 ,1, 1
212 ,533, 183, '117 137 120 118 111 110 102 112 109 133 110 121 ' ,'0 0 0 0 0 0 0 0 0 0 0 0 ' ,70 ,3 ,1, 1
186 ,196, 161, '105 127 110 128 106 113 94 103 93 97 99 91 ' ,'0 0 0 0 0 0 0 0 0 0 0 0 ' ,61 ,2 ,1, 1
210 ,171, 183, '110 104 101 91 131 106 108 88 98 90 111 108 ' ,'0 0 0 0 0 0 0 0 0 0 0 0 ' ,83 ,2 ,1, 1
185 ,195, 166, '148 130 123 112 114 116 128 111 126 94 126 117 ' ,'0 0 0 0 0 0 0 0 0 0 0 0 ' ,45 ,2 ,1, 1
175 ,176, 159, '137 133 103 145 109 110 121 133 92 110 108 109 ' ,'0 0 0 0 0 0 0 0 0 0 0 0 ' ,58 ,2 ,1, 1
172 ,166, 158, '117 115 142 131 91 131 108 106 100 103 121 110 ' ,'0 0 0 0 0 0 0 0 0 0 0 0 ' ,55 ,2 ,1, 1
151 ,164, 136, '93 108 115 97 101 101 96 98 87 95 93 100 ' ,'0 0 0 0 0 0 0 0 0 0 0 0 ' ,28 ,1 ,1, 1
185 ,141, 168, '131 108 112 109 102 116 106 152 89 99 85 111 ' ,'0 0 0 0 0 0 0 0 0 0 0 0 ' ,72 ,2 ,1, 1
171 ,177, 152, '113 138 121 117 102 114 122 112 95 87 105 107 ' ,'0 0 0 0 0 0 0 0 0 0 0 0 ' ,52 ,2 ,1, 1
181 ,159, 165, '117 139 109 150 146 116 92 86 110 87 118 116 ' ,'0 0 0 0 0 0 0 0 0 0 0 0 ' ,67 ,3 ,1, 1
186 ,173, 163, '109 97 146 136 100 143 98 107 85 102 93 115 ' ,'0 0 0 0 0 0 0 0 0 0 0 0 ' ,71 ,3 ,1, 1
412 ,178, 168, '127 110 118 133 112 125 94 103 73 96 114 100 ' ,'0 0 0 0 0 0 0 0 0 0 0 0 ' ,83 ,2 ,1, 1
201 ,182, 180, '96 113 107 121 126 128 106 83 104 116 98 126 ' ,'0 0 0 0 0 0 0 0 0 0 0 0 ' ,86 ,2 ,1, 1
215 ,189, 189, '167 109 117 158 111 121 106 112 82 96 108 125 ' ,'0 0 0 0 0 0 0 0 0 0 0 0 ' ,96 ,2 ,0, 0
168 ,198, 145, '117 115 115 127 87 104 102 99 87 91 113 81 ' ,'0 0 0 0 0 0 0 0 0 0 0 0 ' ,51 ,2 ,1, 1
195 ,153, 174, '115 126 106 124 103 105 97 93 103 116 107 89 ' ,'0 0 0 0 0 0 0 0 0 0 0 0 ' ,72 ,2 ,1, 1
174 ,182, 155, '116 105 124 128 97 134 135 111 93 95 99 116 ' ,'0 0 0 0 0 0 0 0 0 0 0 0 ' ,55 ,2 ,1, 1
178 ,167, 160, '124 143 104 137 87 123 110 125 104 94 120 117 ' ,'0 0 0 0 0 0 0 0 0 0 0 0 ' ,49 ,2 ,0, 0
212 ,174, 188, '114 136 128 111 132 90 104 113 101 106 82 107 ' ,'0 0 0 0 0 0 0 0 0 0 0 0 ' ,94 ,2 ,1, 1
180 ,200, 160, '124 98 121 144 97 91 92 87 114 77 91 99 ' ,'0 0 0 0 0 0 0 0 0 0 0 0 ' ,58 ,2 ,1, 1
218 ,170, 189, '119 111 127 150 131 100 95 99 99 104 115 137 ' ,'0 0 0 0 0 0 0 0 0 0 0 0 ' ,84 ,3 ,2, 2
200 ,203, 177, '135 141 146 126 114 129 107 97 139 114 117 104 ' ,'0 0 0 0 0 0 0 0 0 0 0 0 ' ,65 ,2 ,1, 1
187 ,186, 167, '118 119 104 125 108 128 94 103 96 105 94 119 ' ,'0 0 0 0 0 0 0 0 0 0 0 0 ' ,61 ,1 ,1, 1
215 ,175, 189, '110 162 125 112 135 119 118 105 118 129 131 106 ' ,'0 0 0 0 0 0 0 0 0 0 0 0 ' ,71 ,2 ,1, 1
225 ,204, 203, '127 131 185 163 96 115 161 135 130 110 139 109 ' ,'0 0 0 0 0 0 0 0 0 0 0 0 ' ,81 ,2 ,1, 1
198 ,214, 174, '105 108 120 135 122 111 94 127 98 109 103 96 ' ,'0 0 0 0 0 0 0 0 0 0 0 0 ' ,67 ,2 ,1, 1
178 ,183, 160, '100 136 104 102 105 116 106 102 106 100 94 100 ' ,'0 0 0 0 0 0 0 0 0 0 0 0 ' ,53 ,2 ,1, 1
188 ,167, 170, '118 118 115 159 103 86 98 101 106 97 119 111 ' ,'0 0 0 0 0 0 0 0 0 0 0 0 ' ,72 ,2 ,0, 0
182 ,182, 160, '139 120 108 144 96 113 93 108 132 100 97 90 ' ,'0 0 0 0 0 0 0 0 0 0 0 0 ' ,56 ,2 ,1, 1
236 ,171, 213, '167 136 105 157 125 129 117 169 99 148 145 112 ' ,'0 0 0 0 0 0 0 0 0 0 0 0 ' ,105 ,3 ,1, 1
193 ,222, 175, '91 140 121 112 117 133 112 153 117 111 125 119 ' ,'0 0 0 0 0 0 0 0 0 0 0 0 ' ,60 ,3 ,1, 1
204 ,188, 183, '141 105 123 118 118 111 106 98 122 129 123 95 ' ,'0 0 0 0 0 0 0 0 0 0 0 0 ' ,77 ,3 ,0, 0
203 ,190, 183, '132 149 161 128 108 110 138 103 127 120 121 166 ' ,'0 0 0 0 0 0 0 0 0 0 0 0 ' ,66 ,2 ,1, 1
249 ,189, 228, '169 113 145 155 170 114 111 148 131 150 139 154 ' ,'0 0 0 0 0 0 0 0 0 0 0 0 ' ,105 ,3 ,1, 1
203 ,236, 181, '144 115 104 121 113 98 98 118 106 91 112 84 ' ,'0 0 0 0 0 0 0 0 0 0 0 0 ' ,83 ,2 ,1, 1
216 ,194, 192, '156 135 145 146 101 123 131 119 122 134 132 89 ' ,'0 0 0 0 0 0 0 0 0 0 0 0 ' ,90 ,3 ,0, 0
192 ,203, 175, '128 131 147 100 109 137 110 98 99 113 118 98 ' ,'0 0 0 0 0 0 0 0 0 0 0 0 ' ,65 ,3 ,0, 0
221 ,183, 199, '144 132 133 164 130 124 123 130 96 139 109 156 ' ,'0 0 0 0 0 0 0 0 0 0 0 0 ' ,90 ,2 ,1, 1
220 ,207, 198, '141 170 149 178 112 125 137 100 131 140 107 123 ' ,'0 0 0 0 0 0 0 0 0 0 0 0 ' ,85 ,3 ,1, 1
228 ,208, 207, '155 166 139 134 91 138 137 151 89 145 128 115 ' ,'0 0 0 0 0 0 0 0 0 0 0 0 ' ,109 ,2 ,1, 1
197 ,216, 173, '145 157 121 128 150 103 98 111 104 128 158 109 ' ,'0 0 0 0 0 0 0 0 0 0 0 0 ' ,66 ,2 ,1, 1
201 ,181, 183, '135 166 161 130 93 117 98 120 110 103 108 115 ' ,'0 0 0 0 0 0 0 0 0 0 0 0 ' ,78 ,3 ,1, 1
205 ,190, 183, '165 148 121 100 118 115 100 117 150 136 129 104 ' ,'0 0 0 0 0 0 0 0 0 0 0 0 ' ,74 ,3 ,1, 1
207 ,190, 187, '129 145 125 120 133 173 132 145 165 122 156 132 ' ,'0 0 0 0 0 0 0 0 0 0 0 0 ' ,53 ,2 ,1, 1
211 ,198, 195, '158 141 172 181 107 163 105 131 109 126 167 109 ' ,'0 0 0 0 0 0 0 0 0 0 0 0 ' ,79 ,3 ,1, 1
226 ,202, 202, '170 146 125 121 129 147 141 142 104 119 182 100 ' ,'0 0 0 0 0 0 0 0 0 0 0 0 ' ,90 ,6 ,1, 1
240 ,211, 216, '119 157 152 206 110 157 112 118 121 176 163 156 ' ,'0 0 0 0 0 0 0 0 0 0 0 0 ' ,96 ,2 ,1, 1
233 ,233, 213, '145 145 139 122 159 103 105 174 123 111 130 112 ' ,'0 0 0 0 0 0 0 0 0 0 0 0 ' ,102 ,2 ,1, 1
494 ,226, 244, '185 140 136 217 186 127 130 179 231 139 110 120 ' ,'0 0 0 0 0 0 0 0 0 0 0 0 ' ,124 ,2 ,0, 0
205 ,260, 181, '158 158 137 138 115 110 154 128 108 121 124 115 ' ,'0 0 0 0 0 0 0 0 0 0 0 0 ' ,64 ,2 ,1, 1
484 ,193, 231, '118 148 131 164 170 137 119 134 119 140 141 135 ' ,'0 0 0 0 0 0 0 0 0 0 0 0 ' ,100 ,3 ,1, 1
251 ,245, 232, '167 164 170 195 174 161 165 164 137 139 150 166 ' ,'0 0 0 0 0 0 0 0 0 0 0 0 ' ,84 ,3 ,2, 2
224 ,242, 206, '166 146 171 146 138 101 126 161 113 147 131 133 ' ,'0 0 0 0 0 0 0 0 0 0 0 0 ' ,93 ,3 ,1, 1
264 ,216, 245, '139 156 157 168 125 157 160 130 130 184 139 149 ' ,'0 0 0 0 0 0 0 0 0 0 0 0 ' ,103 ,2 ,1, 1
229 ,259, 207, '123 160 187 124 115 135 135 116 117 124 142 134 ' ,'0 0 0 0 0 0 0 0 0 0 0 0 ' ,78 ,3 ,1, 1
295 ,220, 270, '145 149 123 156 161 120 118 107 122 182 114 124 ' ,'0 0 0 0 0 0 0 0 0 0 0 0 ' ,150 ,33 ,1, 1
272 ,284, 250, '138 146 173 139 123 115 124 139 156 192 131 140 ' ,'0 0 0 0 0 0 0 0 0 0 0 0 ' ,123 ,3 ,1, 1
246 ,260, 217, '148 171 181 206 125 135 131 159 133 147 176 129 ' ,'0 0 0 0 0 0 0 0 0 0 0 0 ' ,77 ,2 ,1, 1
262 ,230, 241, '160 131 178 155 116 126 94 145 167 184 136 127 ' ,'0 0 0 0 0 0 0 0 0 0 0 0 ' ,135 ,3 ,1, 1
250 ,251, 225, '175 136 163 135 125 153 118 139 147 165 137 142 ' ,'0 0 0 0 0 0 0 0 0 0 0 0 ' ,95 ,2 ,2, 2
234 ,238, 206, '155 145 138 142 135 116 149 129 191 117 118 175 ' ,'0 0 0 0 0 0 0 0 0 0 0 0 ' ,80 ,3 ,1, 1
282 ,217, 261, '243 120 146 161 184 141 126 163 145 138 161 125 ' ,'0 0 0 0 0 0 0 0 0 0 0 0 ' ,131 ,3 ,1, 1
235 ,274, 216, '163 173 109 147 132 126 127 118 138 149 123 144 ' ,'0 0 0 0 0 0 0 0 0 0 0 0 ' ,93 ,3 ,1, 1
243 ,229, 216, '141 204 131 160 152 106 160 177 143 140 137 195 ' ,'0 0 0 0 0 0 0 0 0 0 0 0 ' ,103 ,2 ,2, 2
255 ,229, 226, '142 149 134 159 164 127 174 145 156 119 109 138 ' ,'0 0 0 0 0 0 0 0 0 0 0 0 ' ,106 ,3 ,1, 1
242 ,239, 217, '173 194 185 138 128 109 126 133 155 148 121 169 ' ,'0 0 0 0 0 0 0 0 0 0 0 0 ' ,96 ,3 ,1, 1
237 ,227, 219, '175 193 180 163 107 76 121 132 123 152 113 115 ' ,'0 0 0 0 0 0 0 0 0 0 0 0 ' ,131 ,2 ,1, 1
