236 ,0, 121, '77 81 63 62 63 67 84 66 37 33 34 43 ' ,'0 0 0 0 0 0 0 0 0 0 0 0 ' ,47 ,10 ,3, 3
160 ,162, 137, '97 125 90 82 101 127 106 92 58 73 68 81 ' ,'0 0 0 0 0 0 0 0 0 0 0 0 ' ,73 ,1 ,1, 1
48 ,185, 29, '15 16 15 20 13 16 17 14 9 8 9 7 ' ,'0 0 0 0 0 0 0 0 0 0 0 0 ' ,13 ,1 ,1, 1
576 ,323, 556, '17 19 19 17 17 19 18 17 9 11 545 14 ' ,'0 0 0 0 0 0 0 0 0 0 0 0 ' ,538 ,1 ,1, 1
43 ,565, 28, '16 14 13 18 18 13 18 13 12 7 11 10 ' ,'0 0 0 0 0 0 0 0 0 0 0 0 ' ,12 ,0 ,1, 1
47 ,34, 29, '22 18 17 21 16 16 18 16 13 9 9 11 ' ,'0 0 0 0 0 0 0 0 0 0 0 0 ' ,13 ,1 ,1, 1
125 ,37, 102, '14 12 23 16 15 17 14 14 8 11 11 11 ' ,'0 0 0 0 0 0 0 0 0 0 0 0 ' ,19 ,0 ,1, 1
50 ,113, 32, '17 17 15 25 12 15 17 15 13 6 8 10 ' ,'0 0 0 0 0 0 0 0 0 0 0 0 ' ,18 ,1 ,1, 1
50 ,42, 31, '20 18 20 19 20 17 18 19 13 11 11 12 ' ,'0 0 0 0 0 0 0 0 0 0 0 0 ' ,13 ,1 ,1, 1
59 ,41, 32, '21 16 14 24 17 11 21 21 13 8 7 9 ' ,'0 0 0 0 0 0 0 0 0 0 0 0 ' ,18 ,1 ,1, 1
53 ,56, 37, '20 19 13 26 16 17 19 11 12 11 10 9 ' ,'0 0 0 0 0 0 0 0 0 0 0 0 ' ,17 ,1 ,1, 1
45 ,42, 23, '16 13 18 15 17 16 13 18 10 12 6 8 ' ,'0 0 0 0 0 0 0 0 0 0 0 0 ' ,15 ,1 ,0, 0
46 ,37, 29, '13 16 16 19 13 14 17 21 12 7 14 10 ' ,'0 0 0 0 0 0 0 0 0 0 0 0 ' ,13 ,0 ,1, 1
46 ,36, 28, '18 20 19 16 17 21 16 18 12 12 13 10 ' ,'0 0 0 0 0 0 0 0 0 0 0 0 ' ,13 ,1 ,0, 0
49 ,36, 27, '14 18 19 17 18 12 18 18 10 11 12 8 ' ,'0 0 0 0 0 0 0 0 0 0 0 0 ' ,10 ,0 ,1, 1
45 ,36, 27, '14 14 14 16 12 14 19 13 11 11 7 10 ' ,'0 0 0 0 0 0 0 0 0 0 0 0 ' ,10 ,1 ,0, 0
56 ,34, 37, '20 16 23 16 20 19 16 19 11 14 14 9 ' ,'0 0 0 0 0 0 0 0 0 0 0 0 ' ,22 ,2 ,1, 1
51 ,45, 27, '18 15 16 14 16 15 14 12 13 10 11 6 ' ,'0 0 0 0 0 0 0 0 0 0 0 0 ' ,12 ,0 ,0, 0
57 ,36, 39, '18 14 27 15 17 18 14 22 9 11 12 13 ' ,'0 0 0 0 0 0 0 0 0 0 0 0 ' ,23 ,2 ,1, 1
53 ,48, 31, '17 16 17 16 20 19 18 16 7 11 12 7 ' ,'0 0 0 0 0 0 0 0 0 0 0 0 ' ,15 ,1 ,1, 1
70 ,44, 52, '21 18 17 20 16 17 21 16 13 11 11 13 ' ,'0 0 0 0 0 0 0 0 0 0 0 0 ' ,34 ,22 ,1, 1
48 ,59, 33, '12 16 20 18 12 13 15 19 11 7 8 10 ' ,'0 0 0 0 0 0 0 0 0 0 0 0 ' ,19 ,2 ,0, 0
49 ,38, 31, '16 21 20 24 18 17 22 19 16 12 8 15 ' ,'0 0 0 0 0 0 0 0 0 0 0 0 ' ,15 ,2 ,0, 0
51 ,39, 27, '16 23 20 16 18 18 22 17 8 11 12 14 ' ,'0 0 0 0 0 0 0 0 0 0 0 0 ' ,16 ,1 ,0, 0
49 ,41, 32, '16 18 19 24 15 19 20 15 13 9 9 11 ' ,'0 0 0 0 0 0 0 0 0 0 0 0 ' ,16 ,1 ,1, 1
87 ,40, 68, '19 23 19 22 17 18 21 18 15 13 13 14 ' ,'0 0 0 0 0 0 0 0 0 0 0 0 ' ,49 ,35 ,1, 1
52 ,76, 35, '25 15 13 15 18 15 15 13 10 12 6 8 ' ,'0 0 0 0 0 0 0 0 0 0 0 0 ' ,18 ,2 ,1, 1
49 ,43, 32, '18 21 17 14 17 23 20 20 9 11 12 13 ' ,'0 0 0 0 0 0 0 0 0 0 0 0 ' ,17 ,2 ,1, 1
51 ,38, 33, '14 18 20 19 25 19 18 21 12 13 8 14 ' ,'0 0 0 0 0 0 0 0 0 0 0 0 ' ,17 ,1 ,0, 0
55 ,42, 39, '20 15 22 18 26 22 17 21 10 13 13 9 ' ,'0 0 0 0 0 0 0 0 0 0 0 0 ' ,23 ,2 ,0, 0
62 ,45, 47, '15 22 13 16 18 19 15 13 11 12 11 9 ' ,'0 0 0 0 0 0 0 0 0 0 0 0 ' ,30 ,17 ,1, 1
47 ,54, 28, '16 21 15 17 12 18 17 13 11 8 14 9 ' ,'0 0 0 0 0 0 0 0 0 0 0 0 ' ,12 ,0 ,0, 0
57 ,34, 41, '14 16 17 18 26 14 17 16 11 12 12 7 ' ,'0 0 0 0 0 0 0 0 0 0 0 0 ' ,24 ,0 ,0, 0
50 ,48, 32, '17 19 18 16 16 18 27 19 9 10 10 13 ' ,'0 0 0 0 0 0 0 0 0 0 0 0 ' ,17 ,1 ,0, 0
49 ,41, 30, '11 22 20 23 19 12 19 15 6 10 7 11 ' ,'0 0 0 0 0 0 0 0 0 0 0 0 ' ,13 ,0 ,0, 0
82 ,40, 65, '20 17 16 12 17 15 16 15 6 9 10 11 ' ,'0 0 0 0 0 0 0 0 0 0 0 0 ' ,51 ,37 ,0, 0
60 ,73, 40, '18 18 26 13 18 19 13 16 8 11 10 16 ' ,'0 0 0 0 0 0 0 0 0 0 0 0 ' ,25 ,1 ,0, 0
50 ,51, 31, '14 15 17 22 19 17 18 15 13 9 9 10 ' ,'0 0 0 0 0 0 0 0 0 0 0 0 ' ,17 ,1 ,0, 0
49 ,39, 26, '16 15 19 18 15 18 12 16 14 7 11 10 ' ,'0 0 0 0 0 0 0 0 0 0 0 0 ' ,9 ,0 ,0, 0
319 ,36, 295, '15 17 16 15 20 19 14 13 7 12 8 8 ' ,'0 0 0 0 0 0 0 0 0 0 0 0 ' ,281 ,0 ,0, 0
84 ,303, 65, '16 18 17 19 20 16 21 16 14 12 11 12 ' ,'0 0 0 0 0 0 0 0 0 0 0 0 ' ,48 ,38 ,1, 1
46 ,76, 28, '14 16 14 18 18 14 15 14 13 12 9 12 ' ,'0 0 0 0 0 0 0 0 0 0 0 0 ' ,14 ,1 ,0, 0
45 ,37, 29, '19 19 17 22 17 16 19 16 8 11 11 11 ' ,'0 0 0 0 0 0 0 0 0 0 0 0 ' ,13 ,0 ,1, 1
45 ,39, 27, '11 12 11 14 16 20 14 10 9 10 11 8 ' ,'0 0 0 0 0 0 0 0 0 0 0 0 ' ,13 ,0 ,0, 0
38 ,35, 22, '13 16 15 13 15 12 12 16 8 10 8 6 ' ,'0 0 0 0 0 0 0 0 0 0 0 0 ' ,10 ,0 ,0, 0
72 ,30, 50, '17 15 16 15 16 21 13 16 8 11 11 7 ' ,'0 0 0 0 0 0 0 0 0 0 0 0 ' ,36 ,23 ,0, 0
44 ,58, 30, '21 11 19 16 17 22 18 14 8 10 17 17 ' ,'0 0 0 0 0 0 0 0 0 0 0 0 ' ,16 ,0 ,0, 0
42 ,36, 26, '10 15 12 20 12 10 15 13 13 8 6 10 ' ,'0 0 0 0 0 0 0 0 0 0 0 0 ' ,14 ,0 ,0, 0
44 ,36, 28, '19 21 17 21 18 16 20 15 9 11 10 11 ' ,'0 0 0 0 0 0 0 0 0 0 0 0 ' ,13 ,0 ,0, 0
52 ,36, 30, '22 18 12 17 18 19 24 13 9 13 14 10 ' ,'0 0 0 0 0 0 0 0 0 0 0 0 ' ,12 ,0 ,0, 0
67 ,39, 41, '22 17 16 19 24 16 17 16 13 14 8 10 ' ,'0 0 0 0 0 0 0 0 0 0 0 0 ' ,32 ,13 ,0, 0
42 ,54, 25, '14 16 14 15 18 17 15 13 8 7 8 10 ' ,'0 0 0 0 0 0 0 0 0 0 0 0 ' ,11 ,1 ,0, 0
48 ,33, 34, '20 14 25 14 17 18 16 18 9 11 11 7 ' ,'0 0 0 0 0 0 0 0 0 0 0 0 ' ,19 ,1 ,1, 1
48 ,39, 29, '20 16 15 19 14 14 17 13 12 7 8 10 ' ,'0 0 0 0 0 0 0 0 0 0 0 0 ' ,15 ,1 ,1, 1
48 ,40, 22, '16 18 12 12 15 17 17 9 8 10 6 10 ' ,'0 0 0 0 0 0 0 0 0 0 0 0 ' ,17 ,0 ,0, 0
77 ,38, 56, '21 19 20 17 19 17 33 16 11 8 9 10 ' ,'0 0 0 0 0 0 0 0 0 0 0 0 ' ,43 ,13 ,1, 1
54 ,66, 31, '24 22 18 19 18 23 25 22 16 10 10 13 ' ,'0 0 0 0 0 0 0 0 0 0 0 0 ' ,16 ,0 ,0, 0
48 ,42, 31, '16 15 14 24 13 20 17 14 11 10 9 15 ' ,'0 0 0 0 0 0 0 0 0 0 0 0 ' ,15 ,1 ,1, 0
51 ,39, 28, '22 16 13 16 19 21 15 11 9 11 11 8 ' ,'0 0 0 0 0 0 0 0 0 0 0 0 ' ,13 ,0 ,0, 0
48 ,42, 27, '14 20 16 19 15 16 23 15 10 9 10 10 ' ,'0 0 0 0 0 0 0 0 0 0 0 0 ' ,13 ,1 ,0, 0
49 ,41, 28, '17 14 14 17 13 13 23 12 5 7 8 9 ' ,'0 0 0 0 0 0 0 0 0 0 0 0 ' ,16 ,1 ,0, 0
44 ,35, 26, '9 12 16 13 19 10 13 16 8 9 8 8 ' ,'0 0 0 0 0 0 0 0 0 0 0 0 ' ,15 ,1 ,0, 0
46 ,34, 25, '17 18 13 17 11 18 14 20 11 6 7 9 ' ,'0 0 0 0 0 0 0 0 0 0 0 0 ' ,13 ,1 ,0, 0
43 ,36, 24, '16 12 16 14 16 15 12 15 7 13 9 7 ' ,'0 0 0 0 0 0 0 0 0 0 0 0 ' ,10 ,1 ,0, 0
46 ,30, 27, '17 14 19 13 19 19 12 15 8 14 10 10 ' ,'0 0 0 0 0 0 0 0 0 0 0 0 ' ,13 ,1 ,0, 0
45 ,33, 28, '11 12 18 14 19 20 14 15 9 15 9 8 ' ,'0 0 0 0 0 0 0 0 0 0 0 0 ' ,13 ,1 ,0, 0
49 ,33, 30, '21 13 22 13 18 16 15 17 10 11 7 7 ' ,'0 0 0 0 0 0 0 0 0 0 0 0 ' ,17 ,0 ,0, 0
42 ,40, 26, '19 16 14 19 16 21 22 14 10 7 9 8 ' ,'0 0 0 0 0 0 0 0 0 0 0 0 ' ,13 ,1 ,0, 0
49 ,34, 29, '23 13 17 13 16 20 14 18 14 10 16 6 ' ,'0 0 0 0 0 0 0 0 0 0 0 0 ' ,17 ,1 ,0, 0
59 ,41, 42, '15 17 15 19 16 15 17 17 11 9 9 10 ' ,'0 0 0 0 0 0 0 0 0 0 0 0 ' ,25 ,1 ,0, 0
46 ,49, 25, '17 14 13 16 20 18 14 12 10 10 7 7 ' ,'0 0 0 0 0 0 0 0 0 0 0 0 ' ,12 ,1 ,0, 0
41 ,36, 25, '16 17 12 16 16 16 18 10 7 10 10 11 ' ,'0 0 0 0 0 0 0 0 0 0 0 0 ' ,11 ,1 ,0, 0
43 ,32, 24, '16 15 14 16 12 15 14 13 10 6 8 9 ' ,'0 0 0 0 0 0 0 0 0 0 0 0 ' ,9 ,1 ,0, 0
50 ,34, 27, '9 19 12 12 16 14 21 11 7 9 5 5 ' ,'0 0 0 0 0 0 0 0 0 0 0 0 ' ,15 ,0 ,0, 0
322 ,35, 305, '15 17 18 18 16 15 20 16 12 10 10 11 ' ,'0 0 0 0 0 0 0 0 0 0 0 0 ' ,289 ,1 ,1, 1
44 ,313, 28, '21 15 16 19 18 20 16 15 10 13 12 9 ' ,'0 0 0 0 0 0 0 0 0 0 0 0 ' ,12 ,1 ,0, 0
51 ,36, 32, '20 20 27 20 22 17 20 17 8 11 11 13 ' ,'0 0 0 0 0 0 0 0 0 0 0 0 ' ,18 ,0 ,0, 0
45 ,41, 26, '18 17 14 20 12 14 15 13 10 7 8 9 ' ,'0 0 0 0 0 0 0 0 0 0 0 0 ' ,12 ,1 ,1, 1
43 ,33, 28, '11 20 16 11 15 13 17 14 7 11 5 10 ' ,'0 0 0 0 0 0 0 0 0 0 0 0 ' ,16 ,1 ,0, 0
40 ,32, 25, '17 19 16 18 15 16 17 14 13 9 10 12 ' ,'0 0 0 0 0 0 0 0 0 0 0 0 ' ,9 ,0 ,0, 0
41 ,32, 23, '10 13 11 15 17 12 13 12 9 9 7 7 ' ,'0 0 0 0 0 0 0 0 0 0 0 0 ' ,11 ,0 ,0, 0
52 ,33, 32, '17 18 17 25 17 19 18 16 12 12 12 12 ' ,'0 0 0 0 0 0 0 0 0 0 0 0 ' ,15 ,1 ,0, 0
43 ,44, 26, '17 16 13 14 11 12 14 12 10 11 6 9 ' ,'0 0 0 0 0 0 0 0 0 0 0 0 ' ,10 ,1 ,0, 0
41 ,33, 26, '16 12 17 12 15 16 16 16 8 10 10 6 ' ,'0 0 0 0 0 0 0 0 0 0 0 0 ' ,13 ,1 ,0, 0
46 ,31, 25, '17 16 15 16 19 14 15 20 11 11 8 10 ' ,'0 0 0 0 0 0 0 0 0 0 0 0 ' ,11 ,0 ,0, 0
41 ,34, 22, '9 18 17 11 15 11 16 17 5 10 5 7 ' ,'0 0 0 0 0 0 0 0 0 0 0 0 ' ,14 ,1 ,0, 0
42 ,32, 23, '13 17 15 11 15 14 16 13 6 9 9 8 ' ,'0 0 0 0 0 0 0 0 0 0 0 0 ' ,12 ,1 ,0, 0
42 ,34, 25, '14 14 14 16 13 14 20 11 11 9 9 10 ' ,'0 0 0 0 0 0 0 0 0 0 0 0 ' ,12 ,1 ,0, 0
49 ,32, 29, '16 17 16 12 15 16 18 15 6 10 10 10 ' ,'0 0 0 0 0 0 0 0 0 0 0 0 ' ,11 ,0 ,1, 1
42 ,39, 23, '13 18 15 17 15 15 15 12 11 13 7 9 ' ,'0 0 0 0 0 0 0 0 0 0 0 0 ' ,11 ,1 ,0, 0
42 ,39, 24, '13 12 18 15 16 12 10 17 9 10 7 17 ' ,'0 0 0 0 0 0 0 0 0 0 0 0 ' ,13 ,0 ,0, 0
43 ,33, 27, '15 20 17 18 15 16 13 16 13 10 10 7 ' ,'0 0 0 0 0 0 0 0 0 0 0 0 ' ,12 ,1 ,0, 0
43 ,34, 28, '14 13 17 19 21 17 21 16 12 13 10 8 ' ,'0 0 0 0 0 0 0 0 0 0 0 0 ' ,12 ,0 ,0, 0
50 ,33, 34, '18 16 20 20 18 20 18 18 13 8 12 13 ' ,'0 0 0 0 0 0 0 0 0 0 0 0 ' ,17 ,1 ,0, 0
45 ,42, 28, '21 15 16 18 17 19 21 13 11 7 8 9 ' ,'0 0 0 0 0 0 0 0 0 0 0 0 ' ,13 ,0 ,0, 0
52 ,35, 30, '16 22 12 18 18 15 26 10 11 9 11 13 ' ,'0 0 0 0 0 0 0 0 0 0 0 0 ' ,16 ,1 ,0, 0
51 ,39, 28, '13 23 14 16 12 10 17 12 12 7 8 11 ' ,'0 0 0 0 0 0 0 0 0 0 0 0 ' ,16 ,1 ,0, 0
46 ,42, 28, '10 17 12 18 16 9 13 10 10 6 5 6 ' ,'0 0 0 0 0 0 0 0 0 0 0 0 ' ,12 ,0 ,0, 0
47 ,37, 31, '25 23 16 18 14 19 23 22 7 10 10 10 ' ,'0 0 0 0 0 0 0 0 0 0 0 0 ' ,18 ,1 ,0, 0
45 ,38, 27, '16 15 17 20 13 13 18 14 13 8 9 8 ' ,'0 0 0 0 0 0 0 0 0 0 0 0 ' ,13 ,1 ,0, 0
39 ,36, 22, '14 13 15 11 14 15 12 14 7 9 9 4 ' ,'0 0 0 0 0 0 0 0 0 0 0 0 ' ,8 ,0 ,0, 0
46 ,29, 27, '12 14 14 16 17 20 16 12 10 8 8 9 ' ,'0 0 0 0 0 0 0 0 0 0 0 0 ' ,11 ,1 ,1, 1
50 ,34, 36, '16 19 19 16 18 21 19 18 9 12 6 9 ' ,'0 0 0 0 0 0 0 0 0 0 0 0 ' ,16 ,1 ,0, 0
52 ,43, 32, '17 16 23 21 15 16 17 14 7 9 10 5 ' ,'0 0 0 0 0 0 0 0 0 0 0 0 ' ,15 ,1 ,0, 0
39 ,40, 22, '14 14 13 14 12 16 14 11 12 7 7 7 ' ,'0 0 0 0 0 0 0 0 0 0 0 0 ' ,9 ,0 ,1, 1
47 ,28, 26, '14 16 18 20 17 16 18 14 10 9 10 10 ' ,'0 0 0 0 0 0 0 0 0 0 0 0 ' ,12 ,1 ,0, 0
43 ,35, 27, '16 18 16 21 15 17 17 16 14 9 10 12 ' ,'0 0 0 0 0 0 0 0 0 0 0 0 ' ,13 ,1 ,0, 0
39 ,36, 24, '17 14 18 16 15 15 11 16 9 9 9 6 ' ,'0 0 0 0 0 0 0 0 0 0 0 0 ' ,9 ,1 ,0, 0
44 ,30, 26, '16 16 17 16 14 17 17 14 12 8 9 10 ' ,'0 0 0 0 0 0 0 0 0 0 0 0 ' ,12 ,1 ,0, 0
235 ,32, 218, '16 15 18 16 21 10 14 20 10 12 6 8 ' ,'0 0 0 0 0 0 0 0 0 0 0 0 ' ,205 ,1 ,0, 0
45 ,231, 25, '16 16 15 17 14 13 17 14 12 8 8 11 ' ,'0 0 0 0 0 0 0 0 0 0 0 0 ' ,11 ,1 ,0, 0
51 ,32, 25, '13 14 15 14 16 14 15 11 10 7 7 8 ' ,'0 0 0 0 0 0 0 0 0 0 0 0 ' ,11 ,1 ,0, 0
40 ,32, 24, '13 11 15 14 16 12 12 15 8 10 6 7 ' ,'0 0 0 0 0 0 0 0 0 0 0 0 ' ,13 ,0 ,0, 0
44 ,30, 26, '19 16 15 17 14 14 16 13 11 8 8 10 ' ,'0 0 0 0 0 0 0 0 0 0 0 0 ' ,13 ,1 ,1, 1
44 ,34, 26, '18 15 21 15 18 21 18 18 11 12 12 9 ' ,'0 0 0 0 0 0 0 0 0 0 0 0 ' ,12 ,0 ,0, 0
47 ,34, 31, '17 12 23 17 14 14 12 14 9 7 5 5 ' ,'0 0 0 0 0 0 0 0 0 0 0 0 ' ,14 ,1 ,0, 0
46 ,38, 25, '15 15 13 19 20 12 16 12 11 10 8 9 ' ,'0 0 0 0 0 0 0 0 0 0 0 0 ' ,12 ,1 ,0, 0
40 ,37, 25, '18 13 18 14 17 17 14 17 13 12 11 8 ' ,'0 0 0 0 0 0 0 0 0 0 0 0 ' ,11 ,0 ,0, 0
46 ,31, 30, '18 18 23 20 20 17 18 16 13 9 10 10 ' ,'0 0 0 0 0 0 0 0 0 0 0 0 ' ,13 ,1 ,0, 0
42 ,36, 24, '11 12 12 14 9 12 16 10 9 9 6 6 ' ,'0 0 0 0 0 0 0 0 0 0 0 0 ' ,12 ,0 ,1, 1
44 ,33, 23, '12 15 15 11 20 13 15 13 4 9 9 9 ' ,'0 0 0 0 0 0 0 0 0 0 0 0 ' ,15 ,0 ,0, 0
47 ,36, 27, '18 15 13 19 12 19 16 11 10 7 10 7 ' ,'0 0 0 0 0 0 0 0 0 0 0 0 ' ,15 ,1 ,0, 0
39 ,37, 24, '17 11 16 12 14 15 12 14 8 10 9 8 ' ,'0 0 0 0 0 0 0 0 0 0 0 0 ' ,10 ,1 ,0, 0
47 ,30, 28, '13 15 13 17 13 15 15 14 11 8 9 8 ' ,'0 0 0 0 0 0 0 0 0 0 0 0 ' ,13 ,1 ,1, 1
51 ,37, 34, '13 12 20 26 19 20 16 19 13 12 7 9 ' ,'0 0 0 0 0 0 0 0 0 0 0 0 ' ,22 ,3 ,0, 0
41 ,41, 25, '15 17 16 11 14 15 17 15 6 9 9 10 ' ,'0 0 0 0 0 0 0 0 0 0 0 0 ' ,13 ,1 ,0, 0
94 ,33, 68, '20 28 35 38 32 32 34 25 21 21 19 14 ' ,'0 0 0 0 0 0 0 0 0 0 0 0 ' ,50 ,26 ,0, 0
60 ,84, 42, '28 30 30 19 32 29 32 26 22 17 19 21 ' ,'0 0 0 0 0 0 0 0 0 0 0 0 ' ,20 ,1 ,0, 0
63 ,50, 45, '27 25 25 35 17 23 26 26 26 10 20 20 ' ,'0 0 0 0 0 0 0 0 0 0 0 0 ' ,28 ,1 ,0, 0
79 ,51, 61, '44 41 54 50 30 33 38 37 18 19 25 32 ' ,'0 0 0 0 0 0 0 0 0 0 0 0 ' ,37 ,1 ,0, 0
240 ,69, 218, '159 187 199 106 81 149 209 110 96 139 176 146 ' ,'0 0 0 0 0 0 0 0 0 0 0 0 ' ,130 ,1 ,1, 1
122 ,226, 102, '25 41 32 39 34 47 28 42 15 18 15 69 ' ,'0 0 0 0 0 0 0 0 0 0 0 0 ' ,81 ,27 ,0, 0
61 ,111, 43, '27 26 35 30 27 28 35 32 11 21 18 19 ' ,'0 0 0 0 0 0 0 0 0 0 0 0 ' ,27 ,1 ,0, 0
75 ,54, 53, '25 29 34 27 40 31 33 25 14 17 18 16 ' ,'0 0 0 0 0 0 0 0 0 0 0 0 ' ,34 ,1 ,0, 0
72 ,65, 50, '37 39 33 32 26 42 30 30 20 18 30 17 ' ,'0 0 0 0 0 0 0 0 0 0 0 0 ' ,27 ,0 ,1, 1
70 ,60, 47, '39 25 27 24 23 22 24 39 18 10 20 13 ' ,'0 0 0 0 0 0 0 0 0 0 0 0 ' ,30 ,1 ,0, 0
303 ,59, 72, '36 37 23 35 25 63 30 24 19 17 19 15 ' ,'0 0 0 0 0 0 0 0 0 0 0 0 ' ,49 ,1 ,1, 1
78 ,86, 56, '29 41 23 42 37 26 24 27 15 16 14 20 ' ,'0 0 0 0 0 0 0 0 0 0 0 0 ' ,36 ,0 ,0, 0
75 ,64, 55, '38 28 32 27 40 32 28 29 14 12 27 24 ' ,'0 0 0 0 0 0 0 0 0 0 0 0 ' ,33 ,1 ,0, 0
76 ,67, 54, '38 40 49 41 34 34 29 24 25 16 24 21 ' ,'0 0 0 0 0 0 0 0 0 0 0 0 ' ,29 ,1 ,0, 0
76 ,64, 55, '26 24 37 36 37 25 30 32 16 21 21 14 ' ,'0 0 0 0 0 0 0 0 0 0 0 0 ' ,33 ,0 ,0, 0
79 ,68, 53, '36 47 32 33 36 32 38 38 21 22 11 14 ' ,'0 0 0 0 0 0 0 0 0 0 0 0 ' ,35 ,0 ,0, 0
71 ,66, 45, '27 32 31 30 24 29 32 28 23 24 18 14 ' ,'0 0 0 0 0 0 0 0 0 0 0 0 ' ,24 ,1 ,0, 0
88 ,60, 62, '33 38 27 31 46 56 42 40 19 29 32 23 ' ,'0 0 0 0 0 0 0 0 0 0 0 0 ' ,39 ,1 ,1, 1
153 ,72, 132, '27 28 38 42 29 32 33 25 20 8 19 15 ' ,'0 0 0 0 0 0 0 0 0 0 0 0 ' ,112 ,0 ,0, 0
69 ,143, 47, '37 31 33 40 25 40 25 36 14 16 20 14 ' ,'0 0 0 0 0 0 0 0 0 0 0 0 ' ,27 ,1 ,0, 0
90 ,56, 61, '44 30 27 39 21 40 43 53 19 10 20 27 ' ,'0 0 0 0 0 0 0 0 0 0 0 0 ' ,40 ,0 ,0, 0
299 ,77, 279, '195 237 271 166 198 87 253 229 44 46 34 39 ' ,'0 0 134 101 113 0 159 133 0 0 0 0 ' ,235 ,1 ,1, 1
79 ,288, 53, '45 44 46 48 35 37 29 31 21 14 28 37 ' ,'0 0 0 0 0 0 0 0 0 0 0 0 ' ,29 ,0 ,0, 0
114 ,70, 93, '34 41 52 38 70 37 33 54 37 20 14 13 ' ,'0 0 0 0 0 0 0 0 0 0 0 0 ' ,75 ,1 ,0, 0
79 ,101, 59, '43 46 34 34 33 32 47 48 25 12 13 15 ' ,'0 0 0 0 0 0 0 0 0 0 0 0 ' ,39 ,1 ,1, 1
63 ,69, 44, '36 30 39 25 26 34 33 31 23 18 17 15 ' ,'0 0 0 0 0 0 0 0 0 0 0 0 ' ,24 ,1 ,1, 1
86 ,56, 63, '19 31 32 37 43 29 33 29 24 13 11 19 ' ,'0 0 0 0 0 0 0 0 0 0 0 0 ' ,40 ,1 ,0, 0
78 ,77, 54, '31 38 39 30 39 34 43 32 29 13 13 20 ' ,'0 0 0 0 0 0 0 0 0 0 0 0 ' ,32 ,1 ,0, 0
90 ,67, 66, '30 48 40 45 47 52 41 32 22 22 14 16 ' ,'0 0 0 0 0 0 0 0 0 0 0 0 ' ,46 ,1 ,1, 1
79 ,79, 53, '37 46 25 24 29 29 27 32 13 15 19 21 ' ,'0 0 0 0 0 0 0 0 0 0 0 0 ' ,35 ,1 ,1, 1
99 ,63, 63, '39 34 25 36 46 40 34 37 9 15 23 18 ' ,'0 0 0 0 0 0 0 0 0 0 0 0 ' ,49 ,1 ,0, 0
78 ,79, 57, '43 34 49 31 33 35 24 31 18 11 28 23 ' ,'0 0 0 0 0 0 0 0 0 0 0 0 ' ,34 ,1 ,1, 0
70 ,73, 51, '32 35 43 37 28 39 27 44 11 21 24 37 ' ,'0 0 0 0 0 0 0 0 0 0 0 0 ' ,34 ,1 ,0, 0
70 ,63, 49, '43 42 35 38 27 43 37 25 29 27 40 18 ' ,'0 0 0 0 0 0 0 0 0 0 0 0 ' ,25 ,1 ,1, 1
69 ,60, 48, '35 32 40 41 31 29 38 40 36 15 14 15 ' ,'0 0 0 0 0 0 0 0 0 0 0 0 ' ,29 ,1 ,1, 1
75 ,60, 52, '34 30 40 32 24 31 45 33 16 26 16 26 ' ,'0 0 0 0 0 0 0 0 0 0 0 0 ' ,31 ,1 ,0, 0
86 ,64, 59, '43 32 53 26 34 31 40 48 16 26 16 21 ' ,'0 0 0 0 0 0 0 0 0 0 0 0 ' ,40 ,1 ,0, 0
64 ,73, 47, '37 42 41 31 39 23 34 30 19 23 15 30 ' ,'0 0 0 0 0 0 0 0 0 0 0 0 ' ,28 ,1 ,0, 0
83 ,55, 64, '33 59 38 42 30 28 56 45 11 28 19 16 ' ,'0 0 0 0 0 0 0 0 0 0 0 0 ' ,49 ,0 ,1, 1
76 ,73, 59, '44 54 25 22 30 32 34 51 23 19 18 21 ' ,'0 0 0 0 0 0 0 0 0 0 0 0 ' ,37 ,1 ,1, 1
77 ,67, 61, '30 32 38 41 27 36 31 54 11 22 23 12 ' ,'0 0 0 0 0 0 0 0 0 0 0 0 ' ,45 ,1 ,1, 1
74 ,68, 58, '41 51 33 33 44 32 32 38 22 21 16 25 ' ,'0 0 0 0 0 0 0 0 0 0 0 0 ' ,34 ,1 ,1, 1
70 ,64, 53, '46 32 31 36 32 30 23 39 36 27 32 14 ' ,'0 0 0 0 0 0 0 0 0 0 0 0 ' ,34 ,1 ,0, 0
100 ,60, 71, '69 42 35 48 44 43 34 31 18 14 27 22 ' ,'0 0 0 0 0 0 0 0 0 0 0 0 ' ,53 ,1 ,0, 0
104 ,91, 76, '42 36 41 28 64 38 45 39 20 28 27 19 ' ,'0 0 0 0 0 0 0 0 0 0 0 0 ' ,54 ,1 ,0, 0
94 ,93, 73, '29 42 26 41 23 38 65 46 14 25 21 30 ' ,'0 0 0 0 0 0 0 0 0 0 0 0 ' ,53 ,0 ,1, 1
94 ,82, 71, '25 35 47 38 38 35 29 65 11 28 14 10 ' ,'0 0 0 0 0 0 0 0 0 0 0 0 ' ,56 ,1 ,1, 1
87 ,80, 63, '36 47 30 54 24 48 40 54 16 19 15 27 ' ,'0 0 0 0 0 0 0 0 0 0 0 0 ' ,42 ,1 ,1, 1
90 ,73, 66, '26 37 26 38 50 20 32 28 41 19 25 21 ' ,'0 0 0 0 0 0 0 0 0 0 0 0 ' ,45 ,1 ,0, 0
88 ,83, 68, '41 40 45 45 37 59 39 44 24 8 16 23 ' ,'0 0 0 0 0 0 0 0 0 0 0 0 ' ,47 ,1 ,1, 0
80 ,79, 56, '22 21 29 27 34 24 30 22 17 7 14 17 ' ,'0 0 0 0 0 0 0 0 0 0 0 0 ' ,36 ,1 ,0, 0
58 ,70, 38, '18 16 30 20 23 21 20 13 14 14 10 10 ' ,'0 0 0 0 0 0 0 0 0 0 0 0 ' ,24 ,1 ,0, 0
59 ,51, 36, '22 22 22 28 19 21 23 16 15 7 15 15 ' ,'0 0 0 0 0 0 0 0 0 0 0 0 ' ,18 ,1 ,0, 0
63 ,49, 44, '17 20 17 21 24 16 22 17 13 8 11 12 ' ,'0 0 0 0 0 0 0 0 0 0 0 0 ' ,29 ,1 ,0, 0
57 ,53, 37, '19 18 20 25 19 16 19 20 14 8 9 11 ' ,'0 0 0 0 0 0 0 0 0 0 0 0 ' ,22 ,1 ,1, 1
68 ,45, 44, '14 15 21 15 23 12 19 20 5 6 6 9 ' ,'0 0 0 0 0 0 0 0 0 0 0 0 ' ,35 ,1 ,0, 0
80 ,62, 55, '17 17 20 17 21 14 24 18 12 14 7 10 ' ,'0 0 0 0 0 0 0 0 0 0 0 0 ' ,29 ,1 ,1, 1
56 ,71, 34, '18 16 16 18 14 17 19 13 12 9 10 9 ' ,'0 0 0 0 0 0 0 0 0 0 0 0 ' ,19 ,1 ,1, 1
51 ,46, 29, '23 20 23 15 19 14 19 17 8 6 8 7 ' ,'0 0 0 0 0 0 0 0 0 0 0 0 ' ,17 ,1 ,1, 1
52 ,48, 30, '16 19 16 21 13 24 19 14 14 7 9 13 ' ,'0 0 0 0 0 0 0 0 0 0 0 0 ' ,14 ,0 ,0, 0
62 ,41, 43, '17 19 16 18 21 18 16 15 13 6 7 11 ' ,'0 0 0 0 0 0 0 0 0 0 0 0 ' ,29 ,1 ,0, 0
58 ,57, 37, '20 14 19 17 18 18 21 16 9 8 15 6 ' ,'0 0 0 0 0 0 0 0 0 0 0 0 ' ,25 ,1 ,0, 0
49 ,51, 28, '22 18 17 18 14 24 20 15 13 7 18 10 ' ,'0 0 0 0 0 0 0 0 0 0 0 0 ' ,13 ,1 ,0, 0
65 ,42, 43, '21 14 18 18 24 22 17 17 12 12 20 7 ' ,'0 0 0 0 0 0 0 0 0 0 0 0 ' ,31 ,1 ,1, 1
58 ,56, 32, '22 17 18 25 19 19 17 19 13 10 13 9 ' ,'0 0 0 0 0 0 0 0 0 0 0 0 ' ,22 ,1 ,1, 1
53 ,47, 31, '21 16 20 17 16 23 18 20 12 12 13 7 ' ,'0 0 0 0 0 0 0 0 0 0 0 0 ' ,16 ,0 ,0, 0
52 ,43, 28, '22 18 19 21 14 17 19 20 15 7 12 12 ' ,'0 0 0 0 0 0 0 0 0 0 0 0 ' ,12 ,0 ,1, 1
64 ,44, 39, '22 21 23 28 26 21 22 25 22 9 12 10 ' ,'0 0 0 0 0 0 0 0 0 0 0 0 ' ,25 ,0 ,0, 0
51 ,56, 29, '19 21 21 19 16 19 20 16 9 7 13 15 ' ,'0 0 0 0 0 0 0 0 0 0 0 0 ' ,14 ,1 ,1, 1
49 ,37, 26, '14 17 15 18 13 18 14 15 11 7 8 9 ' ,'0 0 0 0 0 0 0 0 0 0 0 0 ' ,13 ,0 ,1, 1
53 ,39, 31, '18 26 18 15 12 21 19 20 11 8 14 7 ' ,'0 0 0 0 0 0 0 0 0 0 0 0 ' ,19 ,1 ,1, 1
1597 ,42, 702, '17 22 21 26 20 18 16 18 9 9 14 8 ' ,'0 0 0 0 0 0 0 0 0 0 0 0 ' ,688 ,1 ,0, 0
43 ,718, 27, '19 19 14 16 20 21 17 13 11 14 15 10 ' ,'0 0 0 0 0 0 0 0 0 0 0 0 ' ,11 ,0 ,0, 0
43 ,34, 28, '17 15 23 15 20 17 14 17 9 11 13 8 ' ,'0 0 0 0 0 0 0 0 0 0 0 0 ' ,14 ,0 ,0, 0
46 ,35, 27, '18 20 16 21 15 13 17 17 12 8 10 12 ' ,'0 0 0 0 0 0 0 0 0 0 0 0 ' ,15 ,1 ,1, 1
46 ,40, 29, '21 17 22 22 18 18 13 18 9 14 8 7 ' ,'0 0 0 0 0 0 0 0 0 0 0 0 ' ,15 ,1 ,0, 0
50 ,37, 32, '17 21 20 25 17 17 19 16 12 11 15 13 ' ,'0 0 0 0 0 0 0 0 0 0 0 0 ' ,16 ,1 ,1, 1
51 ,41, 35, '27 29 19 28 20 26 19 20 15 10 17 10 ' ,'0 0 0 0 0 0 0 0 0 0 0 0 ' ,21 ,1 ,0, 0
61 ,43, 36, '15 16 19 24 20 18 21 21 9 13 7 8 ' ,'0 0 0 0 0 0 0 0 0 0 0 0 ' ,23 ,0 ,0, 0
63 ,47, 41, '25 20 24 24 24 24 17 21 11 15 14 9 ' ,'0 0 0 0 0 0 0 0 0 0 0 0 ' ,26 ,1 ,1, 1
75 ,55, 53, '19 18 17 19 15 18 21 20 12 8 11 11 ' ,'0 0 0 0 0 0 0 0 0 0 0 0 ' ,38 ,23 ,0, 0
51 ,65, 32, '21 18 15 18 16 21 18 15 12 9 11 12 ' ,'0 0 0 0 0 0 0 0 0 0 0 0 ' ,17 ,1 ,0, 0
57 ,45, 34, '19 20 17 25 16 17 18 16 13 10 10 11 ' ,'0 0 0 0 0 0 0 0 0 0 0 0 ' ,17 ,1 ,0, 0
55 ,45, 29, '16 15 13 22 14 14 16 14 12 13 6 8 ' ,'0 0 0 0 0 0 0 0 0 0 0 0 ' ,19 ,1 ,0, 0
62 ,46, 37, '17 18 16 24 18 19 20 18 13 11 11 15 ' ,'0 0 0 0 0 0 0 0 0 0 0 0 ' ,22 ,0 ,0, 0
86 ,50, 67, '19 20 20 29 13 16 18 17 14 7 12 13 ' ,'0 0 0 0 0 0 0 0 0 0 0 0 ' ,45 ,28 ,0, 0
56 ,77, 33, '18 15 16 22 21 14 15 18 10 7 11 12 ' ,'0 0 0 0 0 0 0 0 0 0 0 0 ' ,19 ,1 ,0, 0
63 ,45, 33, '21 15 18 20 14 19 15 17 10 6 11 9 ' ,'0 0 0 0 0 0 0 0 0 0 0 0 ' ,20 ,1 ,0, 0
55 ,47, 32, '16 18 14 20 17 16 16 13 10 6 8 9 ' ,'0 0 0 0 0 0 0 0 0 0 0 0 ' ,20 ,1 ,0, 0
62 ,46, 36, '16 18 17 24 18 19 21 15 13 8 10 12 ' ,'0 0 0 0 0 0 0 0 0 0 0 0 ' ,21 ,1 ,0, 0
85 ,53, 59, '16 15 14 15 12 14 17 13 11 11 8 8 ' ,'0 0 0 0 0 0 0 0 0 0 0 0 ' ,45 ,28 ,1, 0
57 ,73, 35, '20 16 21 21 17 20 15 17 9 6 13 7 ' ,'0 0 0 0 0 0 0 0 0 0 0 0 ' ,21 ,1 ,0, 0
57 ,48, 34, '25 20 18 22 13 19 17 16 10 9 11 11 ' ,'0 0 0 0 0 0 0 0 0 0 0 0 ' ,16 ,1 ,1, 1
60 ,47, 38, '15 18 20 17 15 20 17 16 10 16 8 10 ' ,'0 0 0 0 0 0 0 0 0 0 0 0 ' ,22 ,1 ,0, 0
55 ,52, 30, '18 12 17 18 12 15 13 16 12 12 10 12 ' ,'0 0 0 0 0 0 0 0 0 0 0 0 ' ,15 ,0 ,0, 0
86 ,48, 62, '20 17 13 18 13 19 16 16 13 6 15 9 ' ,'0 0 0 0 0 0 0 0 0 0 0 0 ' ,50 ,33 ,1, 1
62 ,76, 34, '21 13 19 14 16 16 18 18 9 12 11 9 ' ,'0 0 0 0 0 0 0 0 0 0 0 0 ' ,21 ,1 ,1, 1
71 ,50, 50, '33 33 44 31 27 35 27 35 17 26 14 21 ' ,'0 0 0 0 0 0 0 0 0 0 0 0 ' ,29 ,1 ,0, 0
94 ,64, 71, '46 43 50 42 40 53 27 41 26 57 16 32 ' ,'0 0 0 0 0 0 0 0 0 0 0 0 ' ,49 ,1 ,1, 1
98 ,85, 76, '35 39 69 31 32 45 47 39 33 17 29 20 ' ,'0 0 0 0 0 0 0 0 0 0 0 0 ' ,50 ,0 ,0, 0
121 ,89, 101, '54 52 42 37 36 56 40 61 24 60 17 27 ' ,'0 0 0 0 0 0 0 0 0 0 0 0 ' ,78 ,29 ,0, 0
111 ,110, 82, '35 52 33 57 36 78 48 25 23 20 20 35 ' ,'0 0 0 0 0 0 0 0 0 0 0 0 ' ,60 ,1 ,0, 0
82 ,98, 63, '51 37 53 44 46 53 32 35 18 26 23 21 ' ,'0 0 0 0 0 0 0 0 0 0 0 0 ' ,40 ,0 ,0, 0
90 ,77, 70, '46 52 43 63 34 42 49 38 20 22 18 20 ' ,'0 0 0 0 0 0 0 0 0 0 0 0 ' ,47 ,1 ,0, 0
131 ,85, 107, '60 100 44 70 62 66 42 48 23 16 19 20 ' ,'0 0 0 0 0 0 0 0 0 0 0 0 ' ,81 ,1 ,0, 0
154 ,118, 136, '30 30 36 68 37 28 37 38 24 20 12 28 ' ,'0 0 0 0 0 0 0 0 0 0 0 0 ' ,112 ,58 ,0, 0
124 ,142, 104, '34 47 30 32 27 45 97 46 24 18 19 13 ' ,'0 0 0 0 0 0 0 0 0 0 0 0 ' ,85 ,1 ,0, 0
79 ,118, 59, '41 45 52 42 40 42 43 31 24 14 20 21 ' ,'0 0 0 0 0 0 0 0 0 0 0 0 ' ,35 ,0 ,0, 0
103 ,75, 85, '68 40 36 73 37 38 51 34 19 38 17 20 ' ,'0 0 0 0 0 0 0 0 0 0 0 0 ' ,57 ,1 ,1, 1
84 ,92, 69, '43 29 63 47 53 61 40 29 34 17 11 23 ' ,'0 0 0 0 0 0 0 0 0 0 0 0 ' ,52 ,1 ,1, 1
84 ,76, 62, '39 39 57 48 37 49 55 21 15 29 28 21 ' ,'0 0 0 0 0 0 0 0 0 0 0 0 ' ,42 ,1 ,1, 1
78 ,69, 54, '41 23 28 37 40 49 22 35 22 24 21 17 ' ,'0 0 0 0 0 0 0 0 0 0 0 0 ' ,32 ,1 ,0, 0
77 ,63, 61, '51 39 37 56 39 37 28 32 24 19 20 12 ' ,'0 0 0 0 0 0 0 0 0 0 0 0 ' ,44 ,1 ,0, 0
71 ,68, 52, '34 36 43 47 31 39 31 45 22 22 25 21 ' ,'0 0 0 0 0 0 0 0 0 0 0 0 ' ,28 ,0 ,0, 0
66 ,63, 50, '22 24 40 37 22 40 37 41 13 8 16 14 ' ,'0 0 0 0 0 0 0 0 0 0 0 0 ' ,37 ,1 ,1, 1
502 ,64, 61, '29 23 28 34 43 37 23 19 15 19 26 14 ' ,'0 0 0 0 0 0 0 0 0 0 0 0 ' ,39 ,1 ,0, 0
68 ,76, 45, '37 38 22 32 20 33 32 31 21 24 21 22 ' ,'0 0 0 0 0 0 0 0 0 0 0 0 ' ,20 ,0 ,0, 0
83 ,59, 63, '27 35 26 30 46 28 31 38 18 14 13 25 ' ,'0 0 0 0 0 0 0 0 0 0 0 0 ' ,45 ,1 ,0, 0
72 ,75, 52, '25 28 31 23 33 30 25 33 24 13 40 16 ' ,'0 0 0 0 0 0 0 0 0 0 0 0 ' ,31 ,1 ,0, 0
68 ,63, 45, '31 27 28 27 20 25 27 24 14 14 12 19 ' ,'0 0 0 0 0 0 0 0 0 0 0 0 ' ,23 ,1 ,0, 0
66 ,58, 47, '26 33 29 38 27 24 32 40 22 19 13 17 ' ,'0 0 0 0 0 0 0 0 0 0 0 0 ' ,27 ,1 ,0, 0
75 ,62, 50, '27 25 43 25 16 31 26 42 19 13 19 21 ' ,'0 0 0 0 0 0 0 0 0 0 0 0 ' ,27 ,1 ,0, 0
173 ,61, 155, '21 25 24 26 20 28 27 27 25 12 16 16 ' ,'0 0 0 0 0 0 0 0 0 0 0 0 ' ,132 ,1 ,1, 0
65 ,164, 36, '23 26 36 30 21 27 29 23 23 15 15 13 ' ,'0 0 0 0 0 0 0 0 0 0 0 0 ' ,23 ,0 ,0, 0
67 ,52, 47, '37 34 24 41 27 29 30 31 13 16 15 8 ' ,'0 0 0 0 0 0 0 0 0 0 0 0 ' ,32 ,1 ,0, 0
67 ,61, 46, '39 26 18 27 24 29 31 18 13 13 14 12 ' ,'0 0 0 0 0 0 0 0 0 0 0 0 ' ,28 ,1 ,0, 0
78 ,58, 56, '41 44 28 18 20 29 31 24 11 12 13 15 ' ,'0 0 0 0 0 0 0 0 0 0 0 0 ' ,41 ,1 ,0, 0
78 ,70, 55, '36 21 22 49 19 27 26 20 17 13 26 14 ' ,'0 0 0 0 0 0 0 0 0 0 0 0 ' ,35 ,1 ,0, 0
76 ,71, 51, '30 32 29 36 20 47 30 33 29 16 10 14 ' ,'0 0 0 0 0 0 0 0 0 0 0 0 ' ,34 ,1 ,1, 1
69 ,67, 45, '24 23 17 22 27 24 23 26 18 12 12 20 ' ,'0 0 0 0 0 0 0 0 0 0 0 0 ' ,26 ,1 ,0, 0
88 ,55, 55, '23 25 23 34 39 33 22 27 13 9 19 17 ' ,'0 0 0 0 0 0 0 0 0 0 0 0 ' ,39 ,1 ,1, 1
63 ,76, 45, '31 25 29 27 26 32 16 25 12 10 17 18 ' ,'0 0 0 0 0 0 0 0 0 0 0 0 ' ,30 ,1 ,0, 0
60 ,57, 39, '22 24 23 34 18 24 27 21 13 16 29 18 ' ,'0 0 0 0 0 0 0 0 0 0 0 0 ' ,22 ,0 ,0, 0
71 ,49, 49, '21 19 23 30 29 20 29 32 20 15 12 11 ' ,'0 0 0 0 0 0 0 0 0 0 0 0 ' ,32 ,1 ,0, 0
75 ,64, 49, '23 41 35 27 29 28 36 29 15 19 11 22 ' ,'0 0 0 0 0 0 0 0 0 0 0 0 ' ,32 ,1 ,0, 0
71 ,63, 46, '21 23 37 29 24 25 25 25 14 13 16 12 ' ,'0 0 0 0 0 0 0 0 0 0 0 0 ' ,27 ,1 ,1, 1
87 ,57, 55, '25 28 27 36 32 44 47 31 20 9 16 19 ' ,'0 0 0 0 0 0 0 0 0 0 0 0 ' ,35 ,0 ,0, 0
61 ,64, 44, '30 29 24 38 23 23 28 33 25 13 15 18 ' ,'0 0 0 0 0 0 0 0 0 0 0 0 ' ,25 ,1 ,0, 0
68 ,57, 47, '35 21 27 22 29 24 25 33 12 14 19 8 ' ,'0 0 0 0 0 0 0 0 0 0 0 0 ' ,30 ,0 ,1, 1
71 ,60, 48, '25 31 19 27 24 33 36 21 16 29 19 22 ' ,'0 0 0 0 0 0 0 0 0 0 0 0 ' ,28 ,1 ,0, 0
699 ,56, 666, '31 34 26 20 25 27 23 28 23 21 20 12 ' ,'0 0 0 0 0 0 0 0 0 0 0 0 ' ,650 ,1 ,0, 0
147 ,813, 129, '50 44 30 30 29 37 28 27 21 20 21 20 ' ,'0 0 0 0 0 0 0 0 0 0 0 0 ' ,104 ,1 ,1, 1
70 ,138, 53, '31 33 28 38 25 26 43 45 16 13 14 22 ' ,'0 0 0 0 0 0 0 0 0 0 0 0 ' ,33 ,1 ,1, 1
75 ,62, 54, '33 31 38 30 31 31 35 23 13 21 18 20 ' ,'0 0 0 0 0 0 0 0 0 0 0 0 ' ,36 ,1 ,0, 0
61 ,67, 36, '33 25 28 24 29 19 32 26 24 10 10 21 ' ,'0 0 0 0 0 0 0 0 0 0 0 0 ' ,24 ,0 ,0, 0
65 ,52, 48, '35 28 29 33 40 33 36 30 21 19 14 19 ' ,'0 0 0 0 0 0 0 0 0 0 0 0 ' ,29 ,1 ,0, 0
62 ,56, 47, '25 37 40 30 30 30 28 37 17 17 13 13 ' ,'0 0 0 0 0 0 0 0 0 0 0 0 ' ,28 ,1 ,0, 0
64 ,53, 44, '33 26 23 36 32 26 29 28 17 21 15 20 ' ,'0 0 0 0 0 0 0 0 0 0 0 0 ' ,24 ,1 ,1, 1
62 ,55, 45, '28 30 38 32 27 30 28 32 27 20 14 16 ' ,'0 0 0 0 0 0 0 0 0 0 0 0 ' ,23 ,0 ,0, 0
76 ,53, 59, '40 25 33 26 30 54 25 30 15 16 22 19 ' ,'0 0 0 0 0 0 0 0 0 0 0 0 ' ,40 ,1 ,0, 0
62 ,65, 45, '31 36 22 33 31 28 29 28 19 19 24 15 ' ,'0 0 0 0 0 0 0 0 0 0 0 0 ' ,23 ,1 ,0, 0
62 ,51, 44, '26 26 34 32 26 27 33 33 12 8 16 8 ' ,'0 0 0 0 0 0 0 0 0 0 0 0 ' ,30 ,1 ,0, 0
76 ,57, 49, '27 30 35 23 30 26 37 28 13 12 13 9 ' ,'0 0 0 0 0 0 0 0 0 0 0 0 ' ,33 ,1 ,0, 0
77 ,61, 53, '22 24 31 25 34 26 38 39 17 17 14 11 ' ,'0 0 0 0 0 0 0 0 0 0 0 0 ' ,36 ,1 ,0, 0
155 ,67, 131, '22 35 19 37 37 31 32 31 15 12 12 22 ' ,'0 0 0 0 0 0 0 0 0 0 0 0 ' ,115 ,1 ,0, 0
66 ,145, 45, '33 35 27 26 27 28 29 36 16 12 12 17 ' ,'0 0 0 0 0 0 0 0 0 0 0 0 ' ,29 ,1 ,0, 0
1613 ,58, 42, '25 33 29 23 23 24 32 33 20 9 10 23 ' ,'0 0 0 0 0 0 0 0 0 0 0 0 ' ,25 ,0 ,1, 1
66 ,54, 45, '26 38 32 28 22 29 30 26 16 16 13 17 ' ,'0 0 0 0 0 0 0 0 0 0 0 0 ' ,26 ,0 ,1, 1
74 ,54, 50, '23 27 27 44 29 29 36 24 22 22 16 12 ' ,'0 0 0 0 0 0 0 0 0 0 0 0 ' ,33 ,1 ,0, 0
78 ,63, 52, '24 28 42 21 31 33 33 29 20 16 22 11 ' ,'0 0 0 0 0 0 0 0 0 0 0 0 ' ,34 ,1 ,0, 0
66 ,64, 44, '25 29 29 21 23 38 27 26 15 18 30 16 ' ,'0 0 0 0 0 0 0 0 0 0 0 0 ' ,25 ,1 ,0, 0
73 ,58, 54, '32 26 29 34 24 35 48 22 18 17 15 13 ' ,'0 0 0 0 0 0 0 0 0 0 0 0 ' ,36 ,0 ,0, 0
68 ,67, 50, '28 27 36 30 31 25 25 24 14 15 17 9 ' ,'0 0 0 0 0 0 0 0 0 0 0 0 ' ,35 ,1 ,1, 0
76 ,62, 48, '35 23 21 30 31 41 34 24 18 18 30 11 ' ,'0 0 0 0 0 0 0 0 0 0 0 0 ' ,31 ,1 ,0, 0
88 ,67, 61, '23 32 30 25 37 40 20 33 15 20 9 13 ' ,'0 0 0 0 0 0 0 0 0 0 0 0 ' ,41 ,1 ,1, 1
67 ,75, 43, '34 35 33 33 28 37 35 28 23 15 9 16 ' ,'0 0 0 0 0 0 0 0 0 0 0 0 ' ,27 ,1 ,1, 1
70 ,56, 50, '45 27 26 34 24 38 25 19 16 11 25 24 ' ,'0 0 0 0 0 0 0 0 0 0 0 0 ' ,31 ,0 ,0, 0
79 ,60, 53, '31 34 42 28 30 38 36 31 24 24 22 19 ' ,'0 0 0 0 0 0 0 0 0 0 0 0 ' ,29 ,1 ,0, 0
73 ,64, 51, '26 35 43 26 22 25 32 35 30 8 11 17 ' ,'0 0 0 0 0 0 0 0 0 0 0 0 ' ,35 ,1 ,0, 0
65 ,68, 43, '30 37 28 34 19 34 26 24 19 15 15 12 ' ,'0 0 0 0 0 0 0 0 0 0 0 0 ' ,26 ,0 ,0, 0
105 ,57, 81, '39 24 28 35 39 73 41 52 26 21 23 12 ' ,'0 0 0 0 0 0 0 0 0 0 0 0 ' ,63 ,1 ,1, 1
73 ,94, 51, '22 34 37 35 33 30 33 25 20 18 11 12 ' ,'0 0 0 0 0 0 0 0 0 0 0 0 ' ,36 ,0 ,0, 0
67 ,66, 45, '18 31 35 26 15 37 25 35 19 13 15 32 ' ,'0 0 0 0 0 0 0 0 0 0 0 0 ' ,25 ,1 ,1, 1
1622 ,56, 48, '38 21 39 35 25 32 41 28 11 19 27 18 ' ,'0 0 0 0 0 0 0 0 0 0 0 0 ' ,32 ,1 ,0, 0
80 ,58, 50, '33 30 28 41 32 36 36 30 18 17 11 16 ' ,'0 0 0 0 0 0 0 0 0 0 0 0 ' ,32 ,0 ,1, 1
72 ,65, 52, '43 35 27 39 38 42 33 38 26 13 23 17 ' ,'0 0 0 0 0 0 0 0 0 0 0 0 ' ,29 ,1 ,0, 0
69 ,67, 51, '42 28 40 36 18 43 36 37 18 19 18 17 ' ,'0 0 0 0 0 0 0 0 0 0 0 0 ' ,26 ,1 ,0, 0
84 ,62, 56, '24 28 26 37 41 24 28 29 23 35 16 16 ' ,'0 0 0 0 0 0 0 0 0 0 0 0 ' ,35 ,0 ,0, 0
77 ,71, 58, '26 25 35 37 43 25 39 38 13 12 14 21 ' ,'0 0 0 0 0 0 0 0 0 0 0 0 ' ,39 ,0 ,0, 0
98 ,64, 81, '28 75 28 35 26 26 35 33 27 24 11 19 ' ,'0 0 0 0 0 0 0 0 0 0 0 0 ' ,65 ,1 ,1, 0
70 ,90, 51, '38 44 34 26 33 32 27 35 18 14 16 16 ' ,'0 0 0 0 0 0 0 0 0 0 0 0 ' ,32 ,1 ,0, 0
72 ,61, 52, '25 36 35 19 28 37 47 31 17 17 14 17 ' ,'0 0 0 0 0 0 0 0 0 0 0 0 ' ,33 ,1 ,0, 0
83 ,64, 63, '34 26 30 37 25 38 30 55 18 38 15 23 ' ,'0 0 0 0 0 0 0 0 0 0 0 0 ' ,43 ,1 ,0, 0
84 ,74, 66, '40 43 35 40 40 40 59 32 25 19 17 24 ' ,'0 0 0 0 0 0 0 0 0 0 0 0 ' ,44 ,1 ,0, 0
90 ,75, 68, '35 40 32 51 26 61 39 27 17 30 21 24 ' ,'0 0 0 0 0 0 0 0 0 0 0 0 ' ,46 ,1 ,0, 0
87 ,75, 65, '36 38 25 38 45 47 50 33 20 25 22 24 ' ,'0 0 0 0 0 0 0 0 0 0 0 0 ' ,39 ,0 ,1, 0
81 ,78, 63, '28 43 32 37 34 26 32 31 27 41 33 22 ' ,'0 0 0 0 0 0 0 0 0 0 0 0 ' ,35 ,1 ,0, 0
102 ,76, 78, '36 46 23 29 37 22 26 36 26 20 12 19 ' ,'0 0 0 0 0 0 0 0 0 0 0 0 ' ,60 ,1 ,0, 0
82 ,91, 58, '28 27 34 25 38 29 30 39 28 15 20 13 ' ,'0 0 0 0 0 0 0 0 0 0 0 0 ' ,39 ,1 ,0, 0
103 ,72, 74, '46 29 67 31 44 40 30 26 24 14 25 18 ' ,'0 0 0 0 0 0 0 0 0 0 0 0 ' ,50 ,1 ,0, 0
89 ,86, 70, '37 30 32 52 51 36 34 31 63 8 16 16 ' ,'0 0 0 0 0 0 0 0 0 0 0 0 ' ,50 ,1 ,1, 1
82 ,85, 60, '54 35 34 37 32 43 29 27 20 22 28 26 ' ,'0 0 0 0 0 0 0 0 0 0 0 0 ' ,36 ,1 ,0, 0
76 ,70, 52, '23 23 27 36 32 38 29 36 19 30 28 27 ' ,'0 0 0 0 0 0 0 0 0 0 0 0 ' ,28 ,1 ,0, 0
85 ,63, 60, '28 30 32 42 36 37 53 50 27 22 19 16 ' ,'0 0 0 0 0 0 0 0 0 0 0 0 ' ,40 ,1 ,0, 0
74 ,75, 53, '37 29 33 25 27 46 28 34 17 31 26 22 ' ,'0 0 0 0 0 0 0 0 0 0 0 0 ' ,32 ,1 ,1, 1
1640 ,67, 54, '26 46 36 30 21 38 43 24 17 21 19 22 ' ,'0 0 0 0 0 0 0 0 0 0 0 0 ' ,32 ,1 ,0, 0
97 ,68, 69, '53 61 30 31 28 45 52 38 25 18 19 14 ' ,'0 0 0 0 0 0 0 0 0 0 0 0 ' ,50 ,1 ,1, 1
97 ,78, 76, '25 68 26 31 54 23 28 37 17 28 12 42 ' ,'0 0 0 0 0 0 0 0 0 0 0 0 ' ,59 ,1 ,0, 0
94 ,87, 69, '34 30 30 43 28 62 33 35 29 21 22 15 ' ,'0 0 0 0 0 0 0 0 0 0 0 0 ' ,49 ,1 ,1, 1
100 ,85, 75, '30 47 43 37 52 41 34 26 27 16 23 13 ' ,'0 0 0 0 0 0 0 0 0 0 0 0 ' ,55 ,1 ,0, 0
88 ,92, 65, '26 34 46 41 33 31 24 57 21 22 22 48 ' ,'0 0 0 0 0 0 0 0 0 0 0 0 ' ,40 ,1 ,0, 0
152 ,74, 123, '32 32 29 54 106 36 31 47 22 24 28 15 ' ,'0 0 0 0 0 0 0 0 0 0 0 0 ' ,103 ,1 ,0, 0
66 ,141, 45, '34 26 27 23 27 37 38 29 19 21 26 21 ' ,'0 0 0 0 0 0 0 0 0 0 0 0 ' ,20 ,0 ,0, 0
108 ,58, 79, '40 37 42 32 43 37 40 37 33 14 24 20 ' ,'0 0 0 0 0 0 0 0 0 0 0 0 ' ,53 ,18 ,0, 0
88 ,96, 59, '30 32 41 37 30 42 44 51 24 21 24 20 ' ,'0 0 0 0 0 0 0 0 0 0 0 0 ' ,34 ,1 ,0, 0
106 ,72, 79, '48 26 33 33 53 40 36 35 18 14 18 34 ' ,'0 0 0 0 0 0 0 0 0 0 0 0 ' ,55 ,1 ,0, 0
