325 ,0, 248, '151 122 121 203 131 133 151 132 198 124 143 120 96 143 130 105 ' ,'0 0 0 0 0 0 0 0 0 0 0 0 0 0 0 0 ' ,126 ,6 ,5, 5
233 ,291, 204, '163 114 158 135 184 159 164 140 144 150 182 135 96 105 135 136 ' ,'0 0 0 0 0 0 0 0 0 0 0 0 0 0 0 0 ' ,96 ,2 ,1, 1
325 ,224, 285, '23 25 24 29 30 26 27 23 29 30 26 25 23 19 18 19 ' ,'0 0 0 0 0 0 0 0 0 0 0 0 0 0 0 0 ' ,260 ,1 ,2, 2
294 ,300, 64, '30 33 32 31 29 28 32 29 44 27 31 30 22 25 22 22 ' ,'0 0 0 0 0 0 0 0 0 0 0 0 0 0 0 0 ' ,34 ,1 ,1, 1
57 ,74, 35, '21 27 22 27 27 20 26 27 28 24 26 21 17 19 22 21 ' ,'0 0 0 0 0 0 0 0 0 0 0 0 0 0 0 0 ' ,13 ,1 ,1, 1
172 ,56, 153, '27 30 44 23 34 30 32 30 24 28 30 31 18 19 28 27 ' ,'0 0 0 0 0 0 0 0 0 0 0 0 0 0 0 0 ' ,122 ,2 ,1, 1
61 ,163, 43, '23 24 27 34 23 19 21 20 28 20 22 20 15 24 17 22 ' ,'0 0 0 0 0 0 0 0 0 0 0 0 0 0 0 0 ' ,18 ,2 ,2, 2
73 ,52, 56, '22 28 27 31 33 23 38 31 42 39 39 26 21 37 27 18 ' ,'0 0 0 0 0 0 0 0 0 0 0 0 0 0 0 0 ' ,31 ,1 ,1, 1
65 ,66, 45, '27 32 26 29 34 27 28 26 28 35 30 29 20 26 25 23 ' ,'0 0 0 0 0 0 0 0 0 0 0 0 0 0 0 0 ' ,18 ,1 ,1, 1
70 ,55, 49, '30 27 26 40 32 28 26 38 28 22 23 23 18 31 23 21 ' ,'0 0 0 0 0 0 0 0 0 0 0 0 0 0 0 0 ' ,20 ,1 ,1, 1
103 ,65, 72, '31 29 27 21 23 24 27 24 34 30 31 22 21 34 32 24 ' ,'0 0 0 0 0 0 0 0 0 0 0 0 0 0 0 0 ' ,47 ,20 ,1, 1
81 ,93, 52, '26 22 28 24 25 22 21 27 23 26 22 22 22 18 21 16 ' ,'0 0 0 0 0 0 0 0 0 0 0 0 0 0 0 0 ' ,27 ,5 ,1, 1
77 ,69, 48, '29 29 25 36 25 27 27 24 27 29 23 26 20 22 21 24 ' ,'0 0 0 0 0 0 0 0 0 0 0 0 0 0 0 0 ' ,17 ,2 ,1, 1
73 ,60, 53, '29 30 30 31 36 26 28 28 38 30 37 28 22 33 21 22 ' ,'0 0 0 0 0 0 0 0 0 0 0 0 0 0 0 0 ' ,21 ,1 ,1, 1
66 ,65, 47, '28 22 32 24 25 26 27 28 22 24 25 20 19 15 18 24 ' ,'0 0 0 0 0 0 0 0 0 0 0 0 0 0 0 0 ' ,21 ,2 ,0, 0
93 ,60, 67, '28 26 23 20 30 21 25 22 19 20 22 24 18 15 14 18 ' ,'0 0 0 0 0 0 0 0 0 0 0 0 0 0 0 0 ' ,43 ,24 ,0, 0
74 ,75, 49, '28 39 31 26 29 43 31 27 37 25 33 29 22 28 25 23 ' ,'0 0 0 0 0 0 0 0 0 0 0 0 0 0 0 0 ' ,22 ,0 ,0, 0
68 ,64, 48, '31 22 20 21 27 26 23 34 22 29 23 27 17 18 18 24 ' ,'0 0 0 0 0 0 0 0 0 0 0 0 0 0 0 0 ' ,19 ,1 ,1, 1
69 ,58, 48, '27 29 30 30 24 26 26 25 36 23 28 36 22 24 18 21 ' ,'0 0 0 0 0 0 0 0 0 0 0 0 0 0 0 0 ' ,21 ,1 ,0, 0
70 ,58, 47, '23 26 23 33 21 22 25 26 38 21 25 24 20 22 16 17 ' ,'0 0 0 0 0 0 0 0 0 0 0 0 0 0 0 0 ' ,23 ,0 ,1, 1
121 ,56, 91, '30 27 30 28 24 35 23 28 26 27 33 24 23 24 18 20 ' ,'0 0 0 0 0 0 0 0 0 0 0 0 0 0 0 0 ' ,67 ,48 ,0, 0
83 ,108, 58, '24 25 23 28 21 22 24 27 28 28 29 25 16 18 19 18 ' ,'0 0 0 0 0 0 0 0 0 0 0 0 0 0 0 0 ' ,26 ,0 ,0, 0
94 ,70, 73, '31 33 29 32 36 31 35 29 29 38 38 31 23 25 39 23 ' ,'0 0 0 0 0 0 0 0 0 0 0 0 0 0 0 0 ' ,43 ,1 ,1, 1
69 ,83, 46, '31 30 28 32 26 29 32 29 36 34 27 29 27 24 22 24 ' ,'0 0 0 0 0 0 0 0 0 0 0 0 0 0 0 0 ' ,17 ,0 ,0, 0
79 ,61, 60, '42 28 29 33 27 28 26 31 36 38 30 30 24 27 31 26 ' ,'0 0 0 0 0 0 0 0 0 0 0 0 0 0 0 0 ' ,27 ,1 ,0, 0
92 ,71, 62, '34 30 29 32 25 34 28 30 36 28 30 27 24 26 30 25 ' ,'0 0 0 0 0 0 0 0 0 0 0 0 0 0 0 0 ' ,34 ,17 ,1, 1
72 ,78, 50, '26 29 21 30 35 26 27 23 27 22 24 25 16 22 19 22 ' ,'0 0 0 0 0 0 0 0 0 0 0 0 0 0 0 0 ' ,23 ,1 ,0, 0
66 ,61, 42, '29 26 27 26 25 33 25 24 34 27 31 24 18 27 18 24 ' ,'0 0 0 0 0 0 0 0 0 0 0 0 0 0 0 0 ' ,16 ,1 ,1, 1
76 ,55, 54, '37 31 35 35 25 31 34 28 35 37 30 32 22 25 29 31 ' ,'0 0 0 0 0 0 0 0 0 0 0 0 0 0 0 0 ' ,19 ,0 ,1, 1
78 ,65, 54, '29 31 30 39 38 31 30 31 29 36 36 29 22 25 20 24 ' ,'0 0 0 0 0 0 0 0 0 0 0 0 0 0 0 0 ' ,27 ,1 ,0, 0
60 ,69, 43, '27 23 30 21 24 26 23 32 24 25 26 23 21 18 17 21 ' ,'0 0 0 0 0 0 0 0 0 0 0 0 0 0 0 0 ' ,19 ,1 ,1, 1
75 ,57, 42, '21 26 26 32 22 22 27 25 38 27 29 27 20 18 16 32 ' ,'0 0 0 0 0 0 0 0 0 0 0 0 0 0 0 0 ' ,21 ,1 ,0, 0
76 ,58, 51, '31 27 32 36 28 38 31 31 39 39 31 24 23 24 22 26 ' ,'0 0 0 0 0 0 0 0 0 0 0 0 0 0 0 0 ' ,25 ,2 ,1, 1
68 ,69, 46, '33 26 28 28 31 30 27 28 27 26 31 27 21 21 21 25 ' ,'0 0 0 0 0 0 0 0 0 0 0 0 0 0 0 0 ' ,16 ,1 ,1, 1
92 ,57, 66, '44 43 30 30 23 54 31 52 49 42 41 50 44 39 50 34 ' ,'0 0 0 0 0 0 0 0 0 0 0 0 0 0 0 0 ' ,36 ,1 ,1, 1
62 ,84, 37, '25 23 30 22 27 26 23 25 23 21 27 26 19 20 19 23 ' ,'0 0 0 0 0 0 0 0 0 0 0 0 0 0 0 0 ' ,13 ,0 ,0, 0
64 ,55, 41, '23 27 25 29 25 25 26 24 29 27 26 30 18 21 18 21 ' ,'0 0 0 0 0 0 0 0 0 0 0 0 0 0 0 0 ' ,17 ,1 ,0, 0
72 ,52, 49, '25 24 34 26 22 32 37 31 26 33 24 27 23 19 28 20 ' ,'0 0 0 0 0 0 0 0 0 0 0 0 0 0 0 0 ' ,25 ,1 ,0, 0
76 ,65, 42, '24 27 37 31 27 25 30 26 29 26 26 28 17 21 20 23 ' ,'0 0 0 0 0 0 0 0 0 0 0 0 0 0 0 0 ' ,19 ,1 ,0, 0
72 ,63, 44, '26 29 24 27 26 27 29 23 33 30 24 25 20 22 15 20 ' ,'0 0 0 0 0 0 0 0 0 0 0 0 0 0 0 0 ' ,21 ,1 ,0, 0
63 ,58, 45, '28 40 28 22 37 30 29 29 28 28 28 32 21 17 23 25 ' ,'0 0 0 0 0 0 0 0 0 0 0 0 0 0 0 0 ' ,23 ,1 ,1, 1
60 ,53, 46, '39 27 31 29 26 23 27 33 32 25 24 25 19 22 20 31 ' ,'0 0 0 0 0 0 0 0 0 0 0 0 0 0 0 0 ' ,15 ,1 ,1, 1
57 ,52, 39, '29 22 29 28 28 27 32 28 23 27 28 31 21 25 22 24 ' ,'0 0 0 0 0 0 0 0 0 0 0 0 0 0 0 0 ' ,12 ,1 ,1, 1
53 ,48, 33, '21 22 19 19 18 23 22 23 25 28 20 23 16 24 18 23 ' ,'0 0 0 0 0 0 0 0 0 0 0 0 0 0 0 0 ' ,11 ,0 ,0, 0
55 ,45, 37, '22 18 31 21 26 24 19 26 21 24 23 22 18 16 21 21 ' ,'0 0 0 0 0 0 0 0 0 0 0 0 0 0 0 0 ' ,15 ,1 ,0, 0
53 ,48, 37, '23 24 24 29 24 25 24 22 30 22 25 25 19 22 18 18 ' ,'0 0 0 0 0 0 0 0 0 0 0 0 0 0 0 0 ' ,14 ,1 ,1, 1
60 ,46, 37, '24 19 20 23 22 24 22 27 22 17 20 21 15 18 14 19 ' ,'0 0 0 0 0 0 0 0 0 0 0 0 0 0 0 0 ' ,14 ,1 ,1, 1
66 ,49, 39, '23 19 27 20 18 23 25 31 22 17 31 18 19 16 14 20 ' ,'0 0 0 0 0 0 0 0 0 0 0 0 0 0 0 0 ' ,18 ,1 ,0, 0
78 ,54, 53, '23 32 33 45 31 45 21 32 36 30 22 32 16 19 17 27 ' ,'0 124 0 0 0 0 0 0 0 0 0 0 0 0 0 0 ' ,30 ,0 ,1, 1
65 ,66, 42, '31 30 28 24 27 22 28 26 25 27 27 30 22 18 23 21 ' ,'0 0 0 0 0 0 0 0 0 0 0 0 0 0 0 0 ' ,18 ,1 ,0, 0
70 ,51, 41, '30 32 31 34 34 38 37 28 36 30 28 35 22 27 28 30 ' ,'0 0 0 0 0 0 0 0 0 0 0 0 0 0 0 0 ' ,18 ,1 ,0, 0
57 ,57, 36, '25 21 26 23 24 28 25 24 22 19 24 23 21 23 14 21 ' ,'0 0 0 0 0 0 0 0 0 0 0 0 0 0 0 0 ' ,11 ,1 ,0, 0
69 ,56, 42, '23 24 29 26 27 23 26 28 29 25 22 29 24 20 26 19 ' ,'0 0 0 0 0 0 0 0 0 0 0 0 0 0 0 0 ' ,18 ,1 ,1, 1
74 ,50, 49, '37 32 30 31 24 29 32 26 35 32 27 26 21 24 19 24 ' ,'0 0 0 0 0 0 0 0 0 0 0 0 0 0 0 0 ' ,18 ,1 ,1, 1
62 ,60, 43, '22 30 19 32 22 26 27 17 27 22 28 19 15 26 22 23 ' ,'0 0 0 0 0 0 0 0 0 0 0 0 0 0 0 0 ' ,18 ,1 ,0, 0
88 ,54, 65, '26 41 50 24 31 21 48 42 47 48 41 41 28 47 29 42 ' ,'0 0 0 0 0 0 0 0 0 0 0 0 0 0 0 0 ' ,33 ,1 ,0, 0
79 ,79, 49, '27 26 35 36 30 31 38 22 42 37 37 22 27 19 20 32 ' ,'0 0 0 0 0 0 0 0 0 0 0 0 0 0 0 0 ' ,25 ,1 ,0, 0
75 ,68, 50, '28 25 27 24 30 25 20 26 23 22 28 22 25 21 16 21 ' ,'0 0 0 0 0 0 0 0 0 0 0 0 0 0 0 0 ' ,26 ,1 ,0, 0
75 ,67, 46, '23 27 28 27 26 26 27 23 28 32 27 33 19 25 22 20 ' ,'0 0 0 0 0 0 0 0 0 0 0 0 0 0 0 0 ' ,24 ,1 ,0, 0
68 ,63, 42, '19 26 27 22 23 20 25 26 22 25 26 23 20 17 25 24 ' ,'0 0 0 0 0 0 0 0 0 0 0 0 0 0 0 0 ' ,20 ,0 ,1, 1
77 ,55, 52, '24 25 25 30 29 30 27 31 24 23 24 25 19 21 23 24 ' ,'0 0 0 0 0 0 0 0 0 0 0 0 0 0 0 0 ' ,24 ,1 ,1, 1
72 ,60, 46, '19 31 21 27 24 20 25 21 27 28 22 22 16 21 21 18 ' ,'0 0 0 0 0 0 0 0 0 0 0 0 0 0 0 0 ' ,29 ,1 ,0, 0
71 ,63, 47, '24 27 26 30 23 25 28 24 26 24 26 26 19 24 15 23 ' ,'0 0 0 0 0 0 0 0 0 0 0 0 0 0 0 0 ' ,21 ,0 ,1, 1
74 ,63, 54, '27 25 23 32 18 29 25 23 26 33 17 16 17 21 13 14 ' ,'0 0 0 0 0 0 0 0 0 0 0 0 0 0 0 0 ' ,30 ,1 ,1, 1
72 ,67, 44, '30 25 24 32 22 28 25 22 31 24 23 24 24 21 19 18 ' ,'0 0 0 0 0 0 0 0 0 0 0 0 0 0 0 0 ' ,20 ,1 ,0, 0
65 ,56, 42, '24 19 28 20 24 23 27 27 20 25 23 19 31 15 17 20 ' ,'0 0 0 0 0 0 0 0 0 0 0 0 0 0 0 0 ' ,23 ,1 ,0, 0
83 ,62, 57, '28 26 23 27 29 31 25 23 32 26 29 23 17 21 44 24 ' ,'0 0 0 0 0 0 0 0 0 0 0 0 0 0 125 0 ' ,33 ,1 ,0, 0
74 ,68, 51, '26 19 30 30 23 30 29 30 38 29 26 27 21 22 26 20 ' ,'0 0 0 0 0 0 0 0 0 0 0 0 0 0 0 0 ' ,25 ,1 ,1, 1
72 ,63, 50, '30 29 30 28 29 25 32 29 36 23 32 26 23 23 19 21 ' ,'0 0 0 0 0 0 0 0 0 0 0 0 0 0 0 0 ' ,26 ,1 ,1, 1
72 ,64, 44, '20 24 23 34 24 20 26 22 29 22 20 22 16 25 16 16 ' ,'0 0 0 0 0 0 0 0 0 0 0 0 0 0 0 0 ' ,23 ,1 ,1, 1
79 ,63, 56, '28 24 23 30 22 24 36 20 27 20 21 22 14 23 16 19 ' ,'0 0 0 0 0 0 0 0 0 0 0 0 0 0 0 0 ' ,30 ,2 ,1, 1
81 ,68, 59, '22 23 28 24 22 24 24 19 26 19 22 23 17 21 16 19 ' ,'0 0 0 0 0 0 0 0 0 0 0 0 0 0 0 0 ' ,38 ,1 ,0, 0
67 ,73, 47, '20 24 29 29 24 20 36 24 27 25 21 20 20 17 17 16 ' ,'0 0 0 0 0 0 0 0 0 0 0 0 0 0 0 0 ' ,27 ,1 ,0, 0
62 ,60, 38, '20 21 19 26 19 25 22 20 26 22 26 22 13 19 14 17 ' ,'0 0 0 0 0 0 0 0 0 0 0 0 0 0 0 0 ' ,20 ,1 ,0, 0
76 ,55, 50, '28 25 29 27 29 27 23 29 23 29 26 21 21 19 23 26 ' ,'0 0 0 0 0 0 0 0 0 0 0 0 0 0 0 0 ' ,24 ,2 ,0, 0
73 ,64, 53, '31 26 29 27 27 31 25 31 26 29 29 24 23 20 22 24 ' ,'0 0 0 0 0 0 0 0 0 0 0 0 0 0 0 0 ' ,27 ,2 ,1, 1
57 ,66, 38, '28 31 33 29 31 29 31 25 30 29 28 30 27 27 24 25 ' ,'0 0 0 0 0 0 0 0 0 0 0 0 0 0 0 0 ' ,12 ,1 ,0, 0
54 ,47, 37, '30 23 28 26 23 22 24 29 24 21 20 22 25 17 18 24 ' ,'0 0 0 0 0 0 0 0 0 0 0 0 0 0 0 0 ' ,14 ,0 ,1, 1
54 ,44, 36, '28 22 26 29 23 23 18 23 18 23 23 20 18 16 19 20 ' ,'0 0 0 0 0 0 0 0 0 0 0 0 0 0 0 0 ' ,15 ,1 ,0, 0
61 ,44, 37, '25 27 36 28 33 26 28 26 28 28 23 27 18 24 19 29 ' ,'0 0 0 0 0 0 0 0 0 0 0 0 0 0 0 0 ' ,14 ,1 ,1, 1
54 ,52, 39, '27 20 28 24 22 24 19 24 31 18 26 18 17 27 14 16 ' ,'0 0 0 0 0 0 0 0 0 0 0 0 0 0 0 0 ' ,18 ,1 ,0, 0
57 ,45, 39, '24 27 28 29 27 29 27 27 33 26 25 27 20 23 20 23 ' ,'0 0 0 0 0 0 0 0 0 0 0 0 0 0 0 0 ' ,14 ,1 ,0, 0
55 ,50, 36, '20 29 22 28 22 23 30 21 25 21 27 22 24 20 17 21 ' ,'0 0 0 0 0 0 0 0 0 0 0 0 0 0 0 0 ' ,14 ,1 ,0, 0
62 ,47, 40, '23 25 30 24 24 24 25 19 35 22 30 24 14 22 19 20 ' ,'0 0 0 0 0 0 0 0 0 0 0 0 0 0 0 0 ' ,20 ,1 ,0, 0
64 ,51, 41, '26 31 29 22 21 26 26 28 22 22 24 26 19 15 19 21 ' ,'0 0 0 0 0 0 0 0 0 0 0 0 0 0 0 0 ' ,19 ,1 ,0, 0
64 ,54, 39, '21 21 23 20 21 20 23 21 27 21 20 22 16 18 18 17 ' ,'0 0 0 0 0 0 0 0 0 0 0 0 0 0 0 0 ' ,20 ,1 ,0, 0
68 ,52, 36, '22 24 24 26 19 23 25 24 33 19 18 24 19 20 15 14 ' ,'0 0 0 0 0 0 0 0 0 0 0 0 0 0 0 0 ' ,23 ,0 ,0, 0
74 ,51, 49, '30 25 23 19 26 30 23 22 21 27 22 24 19 15 16 23 ' ,'0 0 0 0 0 0 0 0 0 0 0 0 0 0 0 0 ' ,26 ,1 ,0, 0
66 ,63, 43, '23 23 22 33 21 21 24 22 32 23 24 21 17 19 21 20 ' ,'0 0 0 0 0 0 0 0 0 0 0 0 0 0 0 0 ' ,19 ,1 ,0, 0
63 ,55, 46, '21 24 26 38 21 21 24 20 35 20 21 21 20 23 18 20 ' ,'0 0 0 0 0 0 0 0 0 0 0 0 0 0 0 0 ' ,18 ,1 ,0, 0
79 ,55, 60, '26 29 24 40 30 26 26 24 34 37 23 26 19 24 25 20 ' ,'0 0 0 0 0 0 0 0 0 0 0 0 0 0 0 0 ' ,33 ,1 ,0, 0
77 ,73, 55, '26 24 29 33 29 28 24 34 25 31 26 22 22 18 18 22 ' ,'0 0 0 0 0 0 0 0 0 0 0 0 0 0 0 0 ' ,24 ,1 ,1, 1
135 ,69, 50, '25 25 31 30 27 30 26 31 25 25 27 25 26 18 22 39 ' ,'0 0 0 0 0 0 0 0 0 0 0 0 0 0 0 96 ' ,35 ,1 ,0, 0
77 ,72, 52, '31 29 37 29 31 29 26 30 28 33 30 26 28 21 23 32 ' ,'0 0 0 0 0 0 0 0 0 0 0 0 0 0 0 0 ' ,26 ,1 ,0, 0
68 ,67, 52, '22 31 21 25 28 23 23 19 32 21 23 22 14 19 22 18 ' ,'0 0 0 0 0 0 0 0 0 0 0 0 0 0 0 0 ' ,29 ,0 ,0, 0
76 ,64, 46, '21 23 23 20 22 22 23 21 27 25 21 22 19 15 17 16 ' ,'0 0 0 0 0 0 0 0 0 0 0 0 0 0 0 0 ' ,25 ,1 ,0, 0
96 ,59, 49, '22 24 25 25 33 23 22 27 23 26 19 22 20 17 24 16 ' ,'0 0 0 0 0 0 0 0 0 0 0 0 0 0 0 0 ' ,29 ,1 ,1, 1
72 ,62, 54, '20 20 28 20 18 18 20 19 20 28 32 19 14 15 20 22 ' ,'0 0 0 0 0 0 0 0 0 0 0 0 0 0 0 0 ' ,31 ,1 ,1, 1
69 ,65, 47, '23 28 20 27 20 21 21 26 23 20 21 28 21 24 18 17 ' ,'0 0 0 0 0 0 0 0 0 0 0 0 0 0 0 0 ' ,24 ,2 ,0, 0
81 ,59, 55, '21 24 28 24 34 21 23 27 26 24 27 23 24 19 25 30 ' ,'0 0 0 0 0 0 0 0 0 0 0 0 0 0 0 0 ' ,30 ,1 ,0, 0
71 ,67, 45, '25 21 22 25 24 21 21 20 22 24 23 19 13 18 14 17 ' ,'0 0 0 0 0 0 0 0 0 0 0 0 0 0 0 0 ' ,25 ,1 ,1, 1
64 ,58, 44, '21 20 28 25 23 24 21 21 19 19 18 21 15 15 13 22 ' ,'0 0 0 0 0 0 0 0 0 0 0 0 0 0 0 0 ' ,22 ,1 ,0, 0
75 ,55, 49, '28 28 30 31 26 26 27 29 30 29 29 27 22 23 22 28 ' ,'0 0 0 0 0 0 0 0 0 0 0 0 0 0 0 0 ' ,25 ,1 ,0, 0
68 ,65, 42, '24 20 27 23 23 22 20 27 31 23 20 18 20 16 21 17 ' ,'0 0 0 0 0 0 0 0 0 0 0 0 0 0 0 0 ' ,23 ,1 ,0, 0
79 ,57, 51, '32 27 29 25 21 25 25 24 26 20 28 25 19 21 27 31 ' ,'0 0 0 0 0 0 0 0 0 0 0 0 0 0 0 0 ' ,25 ,1 ,0, 0
72 ,67, 48, '23 26 24 36 32 23 25 29 25 22 23 24 18 21 15 18 ' ,'0 0 0 0 0 0 0 0 0 0 0 0 0 0 0 0 ' ,24 ,1 ,0, 0
72 ,63, 51, '24 27 24 28 25 27 26 27 26 31 24 26 26 22 19 20 ' ,'0 0 0 0 0 0 0 0 0 0 0 0 0 0 0 0 ' ,27 ,2 ,1, 1
68 ,63, 46, '28 23 23 27 20 22 23 17 34 19 23 22 13 26 18 18 ' ,'0 0 0 0 0 0 0 0 0 0 0 0 0 0 0 0 ' ,25 ,2 ,1, 1
67 ,59, 44, '21 21 25 26 24 19 21 21 30 24 20 21 15 14 20 17 ' ,'0 0 0 0 0 0 0 0 0 0 0 0 0 0 0 0 ' ,24 ,1 ,1, 1
73 ,57, 45, '23 25 24 25 23 25 25 24 29 24 23 25 19 21 17 19 ' ,'0 0 0 0 0 0 0 0 0 0 0 0 0 0 0 0 ' ,22 ,1 ,1, 1
70 ,58, 51, '27 29 28 30 25 27 31 29 29 30 28 29 21 24 20 22 ' ,'0 0 0 0 0 0 0 0 0 0 0 0 0 0 0 0 ' ,23 ,1 ,1, 1
76 ,64, 53, '26 22 27 23 28 27 23 25 26 28 26 22 21 17 21 22 ' ,'0 0 0 0 0 0 0 0 0 0 0 0 0 0 0 0 ' ,29 ,1 ,0, 0
75 ,66, 50, '20 21 18 25 29 22 21 17 32 26 18 22 20 21 13 17 ' ,'0 0 0 0 0 0 0 0 0 0 0 0 0 0 0 0 ' ,27 ,2 ,0, 0
77 ,62, 53, '22 25 29 23 20 30 22 27 23 30 24 22 22 18 16 30 ' ,'0 0 0 0 0 0 0 0 0 0 0 0 0 0 0 0 ' ,29 ,1 ,0, 0
66 ,66, 46, '25 26 25 38 24 25 26 24 25 31 29 25 18 21 20 29 ' ,'0 0 0 0 0 0 0 0 0 0 0 0 0 0 0 0 ' ,20 ,2 ,1, 1
64 ,51, 43, '24 26 26 30 37 25 26 25 21 30 29 25 20 22 21 21 ' ,'0 0 0 0 0 0 0 0 0 0 0 0 0 0 0 0 ' ,21 ,1 ,0, 0
54 ,54, 39, '23 27 27 33 22 23 25 23 26 22 24 28 18 21 18 19 ' ,'0 0 0 0 0 0 0 0 0 0 0 0 0 0 0 0 ' ,15 ,1 ,1, 1
59 ,45, 42, '29 28 30 27 32 30 26 30 25 28 29 25 24 21 24 25 ' ,'0 0 0 0 0 0 0 0 0 0 0 0 0 0 0 0 ' ,15 ,1 ,1, 1
59 ,49, 42, '28 34 26 32 34 29 30 31 30 30 28 30 21 26 21 24 ' ,'0 0 0 0 0 0 0 0 0 0 0 0 0 0 0 0 ' ,13 ,0 ,1, 1
53 ,51, 36, '21 22 20 29 20 19 21 26 26 19 18 21 15 18 16 23 ' ,'0 0 0 0 0 0 0 0 0 0 0 0 0 0 0 0 ' ,15 ,1 ,0, 0
62 ,43, 43, '25 19 27 19 27 23 23 24 21 23 23 19 20 15 20 20 ' ,'0 0 0 0 0 0 0 0 0 0 0 0 0 0 0 0 ' ,21 ,1 ,1, 1
73 ,53, 53, '22 22 28 28 32 23 22 27 25 28 21 21 21 20 25 17 ' ,'0 0 0 0 0 0 0 0 0 0 0 0 0 0 0 0 ' ,32 ,1 ,0, 0
73 ,65, 44, '19 20 20 26 22 18 20 20 22 23 18 21 14 19 20 15 ' ,'0 0 0 0 0 0 0 0 0 0 0 0 0 0 0 0 ' ,25 ,2 ,0, 0
94 ,57, 49, '20 24 22 29 32 22 24 21 37 29 26 22 15 20 26 17 ' ,'0 0 0 0 0 0 0 0 0 0 0 0 0 0 0 0 ' ,31 ,1 ,1, 1
75 ,83, 43, '23 31 30 42 26 28 31 29 32 30 30 30 22 24 20 26 ' ,'0 0 0 0 0 0 0 0 0 0 0 0 0 0 0 0 ' ,21 ,1 ,1, 1
68 ,63, 48, '22 24 24 31 21 22 24 22 25 22 22 24 17 20 17 19 ' ,'0 0 0 0 0 0 0 0 0 0 0 0 0 0 0 0 ' ,23 ,1 ,1, 1
116 ,58, 90, '43 54 54 51 69 63 62 56 54 58 44 43 41 39 32 32 ' ,'0 0 0 0 0 0 0 0 0 0 0 0 0 0 0 0 ' ,49 ,1 ,0, 0
114 ,103, 85, '49 63 48 48 56 55 50 40 66 66 42 42 35 49 46 30 ' ,'0 0 0 0 0 0 0 0 0 0 0 0 0 0 0 0 ' ,51 ,1 ,0, 0
105 ,98, 73, '57 60 56 63 38 52 50 49 61 41 45 47 36 43 55 39 ' ,'0 0 0 0 0 0 0 0 0 0 0 0 0 0 0 0 ' ,30 ,1 ,0, 0
132 ,90, 107, '67 47 77 85 89 78 65 52 56 93 56 81 41 52 46 62 ' ,'0 0 0 0 0 0 0 0 0 0 0 0 0 0 0 0 ' ,59 ,0 ,0, 0
360 ,122, 340, '251 163 137 231 234 221 283 208 158 241 216 178 172 264 312 232 ' ,'0 0 0 0 0 0 0 0 0 0 0 0 0 0 0 0 ' ,192 ,1 ,1, 1
119 ,353, 98, '68 58 48 64 55 51 49 47 56 78 56 53 58 42 43 62 ' ,'0 0 0 0 0 0 0 0 0 0 0 0 0 0 0 0 ' ,50 ,2 ,1, 1
134 ,114, 107, '75 57 54 77 61 43 72 52 62 82 66 71 58 42 29 48 ' ,'0 0 0 0 0 0 0 0 0 0 0 0 0 0 0 0 ' ,60 ,2 ,1, 1
113 ,121, 93, '68 53 58 63 56 64 64 51 49 67 73 59 40 43 33 43 ' ,'0 0 0 0 0 0 0 0 0 0 0 0 0 0 0 0 ' ,46 ,1 ,1, 1
101 ,107, 78, '50 47 48 57 48 67 71 58 69 58 53 60 52 37 39 66 ' ,'0 0 0 0 0 0 0 0 0 0 0 0 0 0 0 0 ' ,36 ,1 ,0, 0
105 ,90, 82, '60 44 42 52 50 43 64 51 51 64 41 43 35 41 35 40 ' ,'0 0 0 0 0 0 0 0 0 0 0 0 0 0 0 0 ' ,39 ,1 ,0, 0
131 ,97, 109, '56 57 74 58 51 51 52 50 62 85 65 63 41 43 25 41 ' ,'0 0 0 0 0 0 0 0 0 0 0 0 0 0 0 0 ' ,67 ,1 ,1, 1
120 ,124, 91, '43 76 57 78 68 62 65 58 53 52 59 80 57 37 69 42 ' ,'0 0 0 0 0 0 0 0 0 0 0 0 0 0 0 0 ' ,51 ,2 ,0, 0
109 ,114, 88, '72 62 49 74 60 54 50 49 60 65 64 74 43 36 34 55 ' ,'0 0 0 0 0 0 0 0 0 0 0 0 0 0 0 0 ' ,45 ,1 ,1, 1
128 ,100, 104, '69 67 59 68 69 62 67 68 72 83 85 70 43 49 63 64 ' ,'0 0 0 0 0 0 0 0 0 0 0 0 0 0 0 0 ' ,53 ,2 ,1, 1
125 ,117, 97, '49 51 56 71 65 60 65 75 90 69 68 65 46 38 46 69 ' ,'0 0 0 0 0 0 0 0 0 0 0 0 0 0 0 0 ' ,53 ,1 ,0, 0
134 ,113, 110, '55 78 81 68 71 93 61 50 83 88 66 56 51 71 56 43 ' ,'0 0 0 0 0 0 0 0 0 0 0 0 0 0 0 0 ' ,57 ,1 ,0, 0
127 ,121, 108, '66 68 56 76 43 53 62 49 64 55 43 76 30 100 54 71 ' ,'0 0 0 0 0 0 0 0 0 0 0 0 0 0 0 0 ' ,71 ,1 ,1, 1
129 ,116, 110, '73 63 60 71 78 54 56 98 63 69 68 48 60 44 85 58 ' ,'0 0 0 0 0 0 0 0 0 0 0 0 0 0 0 0 ' ,58 ,1 ,0, 0
136 ,120, 116, '72 60 54 70 71 82 48 54 70 76 75 104 36 100 50 53 ' ,'0 0 0 0 0 0 0 0 0 0 0 0 0 0 0 0 ' ,71 ,1 ,1, 1
128 ,129, 101, '62 73 79 87 60 61 58 87 69 66 64 75 54 66 39 56 ' ,'0 0 0 0 0 0 0 0 0 0 0 0 0 0 0 0 ' ,47 ,1 ,0, 0
113 ,114, 86, '51 61 63 56 54 52 43 50 61 65 64 68 54 38 50 39 ' ,'0 0 0 0 0 0 0 0 0 0 0 0 0 0 0 0 ' ,40 ,1 ,0, 0
187 ,100, 166, '153 109 128 131 132 134 119 115 135 117 114 110 101 98 144 119 ' ,'0 0 0 0 0 0 0 0 0 0 0 0 0 0 0 0 ' ,57 ,1 ,1, 1
143 ,180, 123, '80 64 69 61 73 71 92 90 107 54 73 76 66 114 78 105 ' ,'0 0 0 0 0 0 0 0 0 0 0 0 0 0 0 0 ' ,55 ,1 ,1, 1
139 ,134, 119, '77 93 84 84 94 63 61 58 71 95 58 75 43 86 52 37 ' ,'0 0 0 0 0 0 0 0 0 0 0 0 0 0 0 0 ' ,75 ,1 ,1, 1
126 ,126, 109, '71 54 58 50 92 55 100 54 55 54 54 77 61 54 40 43 ' ,'0 0 0 0 0 0 0 0 0 0 0 0 0 0 0 0 ' ,63 ,2 ,0, 0
100 ,116, 83, '52 52 66 73 71 66 65 53 75 68 62 59 54 51 52 54 ' ,'0 0 0 0 0 0 0 0 0 0 0 0 0 0 0 0 ' ,24 ,1 ,0, 0
99 ,92, 82, '72 63 74 62 61 52 55 62 68 56 62 61 45 69 51 48 ' ,'0 0 0 0 0 0 0 0 0 0 0 0 0 0 0 0 ' ,30 ,1 ,1, 1
110 ,90, 89, '81 71 58 64 72 64 84 75 64 52 70 53 57 76 51 64 ' ,'0 0 0 0 0 0 0 0 0 0 0 0 0 0 0 0 ' ,30 ,1 ,1, 1
145 ,100, 128, '117 91 74 84 73 87 70 90 86 71 52 87 75 65 56 51 ' ,'0 0 0 0 0 0 0 0 0 0 0 0 0 0 0 0 ' ,71 ,1 ,1, 1
111 ,135, 90, '55 77 82 54 69 61 55 44 60 67 68 73 68 46 44 67 ' ,'0 0 0 0 0 0 0 0 0 0 0 0 0 0 0 0 ' ,38 ,2 ,0, 0
116 ,100, 94, '77 60 61 88 57 90 65 57 72 55 64 57 64 46 67 49 ' ,'0 0 0 0 0 0 0 0 0 0 0 0 0 0 0 0 ' ,46 ,1 ,0, 0
103 ,105, 82, '64 52 69 55 61 67 57 62 71 54 56 53 39 39 62 59 ' ,'0 0 0 0 0 0 0 0 0 0 0 0 0 0 0 0 ' ,37 ,2 ,0, 0
164 ,94, 131, '77 84 78 78 76 92 69 62 85 105 55 75 47 48 69 70 ' ,'0 0 0 0 0 0 0 0 0 0 0 0 0 0 0 0 ' ,78 ,2 ,0, 0
128 ,151, 106, '74 54 74 86 88 62 67 79 68 74 66 83 44 68 61 38 ' ,'0 0 0 0 0 0 0 0 0 0 0 0 0 0 0 0 ' ,66 ,2 ,0, 0
112 ,118, 92, '76 63 73 71 58 54 69 65 85 69 73 66 67 55 40 40 ' ,'0 0 0 0 0 0 0 0 0 0 0 0 0 0 0 0 ' ,42 ,2 ,1, 1
152 ,101, 130, '63 49 50 74 100 70 67 102 77 73 90 63 60 55 57 38 ' ,'0 0 0 0 0 0 0 0 0 0 0 0 0 0 0 0 ' ,89 ,2 ,0, 0
124 ,142, 100, '66 69 56 60 81 58 71 81 57 64 54 63 56 42 36 74 ' ,'0 0 0 0 0 0 0 0 0 0 0 0 0 0 0 0 ' ,54 ,1 ,0, 0
133 ,115, 111, '63 68 65 86 83 79 60 82 78 49 63 81 56 68 53 66 ' ,'0 0 0 0 0 0 0 0 0 0 0 0 0 0 0 0 ' ,48 ,1 ,0, 0
140 ,124, 117, '75 76 66 110 54 56 88 98 79 81 66 63 63 52 53 66 ' ,'0 0 0 0 0 0 0 0 0 0 0 0 0 0 0 0 ' ,58 ,1 ,1, 1
122 ,129, 103, '66 60 73 65 81 66 52 79 76 68 57 92 80 70 65 49 ' ,'0 0 0 0 0 0 0 0 0 0 0 0 0 0 0 0 ' ,49 ,2 ,1, 0
214 ,114, 189, '74 73 77 76 66 58 60 81 105 77 100 86 52 56 37 41 ' ,'0 0 0 0 0 0 0 0 0 0 0 0 0 0 0 0 ' ,147 ,3 ,1, 1
150 ,205, 128, '77 71 64 94 96 56 64 59 66 73 75 78 48 62 78 74 ' ,'0 0 0 0 0 0 0 0 0 0 0 0 0 0 0 0 ' ,72 ,1 ,1, 0
139 ,140, 114, '67 57 61 77 85 102 89 70 65 57 71 71 55 90 49 49 ' ,'0 0 0 0 0 0 0 0 0 0 0 0 0 0 0 0 ' ,61 ,2 ,1, 1
161 ,859, 135, '69 77 74 61 93 101 73 102 74 67 80 91 102 51 70 45 ' ,'0 0 0 0 0 0 0 0 0 0 0 0 0 0 0 0 ' ,89 ,1 ,1, 1
156 ,154, 127, '64 69 59 91 84 62 46 116 80 73 81 93 58 47 70 59 ' ,'0 0 0 0 0 0 0 0 0 0 0 0 0 0 0 0 ' ,74 ,1 ,1, 1
142 ,747, 115, '70 105 70 55 71 80 74 79 50 78 62 62 48 49 53 50 ' ,'0 0 0 0 0 0 0 0 0 0 0 0 0 0 0 0 ' ,63 ,1 ,1, 0
148 ,763, 127, '100 67 74 79 72 78 119 84 97 96 78 91 59 55 51 54 ' ,'0 0 0 0 0 0 0 0 0 0 0 0 0 0 0 0 ' ,71 ,2 ,1, 1
144 ,139, 123, '86 72 70 115 79 71 77 75 61 74 65 69 71 71 62 58 ' ,'0 0 0 0 0 0 0 0 0 0 0 0 0 0 0 0 ' ,63 ,1 ,0, 0
151 ,139, 126, '50 66 73 83 71 64 70 72 78 96 59 54 42 63 100 45 ' ,'0 0 0 0 0 0 0 0 0 0 0 0 0 0 0 0 ' ,78 ,1 ,1, 1
157 ,140, 130, '60 68 59 63 101 67 72 103 77 79 70 91 35 68 48 45 ' ,'0 0 0 0 0 0 0 0 0 0 0 0 0 0 0 0 ' ,87 ,1 ,1, 1
131 ,146, 96, '43 36 78 54 48 58 43 43 40 75 40 50 34 40 31 34 ' ,'0 0 0 0 0 0 0 0 0 0 0 0 0 0 0 0 ' ,64 ,2 ,1, 1
80 ,605, 50, '33 36 37 40 26 33 33 34 26 27 36 31 28 23 25 30 ' ,'0 0 0 0 0 0 0 0 0 0 0 0 0 0 0 0 ' ,25 ,1 ,0, 0
100 ,65, 76, '31 31 36 32 45 34 39 38 40 38 30 35 26 24 35 30 ' ,'0 0 0 0 0 0 0 0 0 0 0 0 0 0 0 0 ' ,46 ,1 ,0, 0
90 ,88, 66, '33 26 39 43 36 31 37 35 32 37 28 28 28 23 29 26 ' ,'0 0 0 0 0 0 0 0 0 0 0 0 0 0 0 0 ' ,38 ,1 ,1, 1
87 ,82, 66, '26 33 35 30 30 37 37 37 31 36 32 33 27 23 25 26 ' ,'0 0 0 0 0 0 0 0 0 0 0 0 0 0 0 0 ' ,38 ,2 ,0, 0
84 ,78, 60, '34 31 31 33 35 29 35 34 38 37 35 30 22 27 33 20 ' ,'0 0 0 0 0 0 0 0 0 0 0 0 0 0 0 0 ' ,36 ,1 ,0, 0
87 ,74, 65, '30 32 34 33 32 26 29 32 35 34 26 31 27 23 25 26 ' ,'0 0 0 0 0 0 0 0 0 0 0 0 0 0 0 0 ' ,37 ,1 ,1, 1
80 ,77, 56, '29 30 34 53 27 28 33 32 45 30 41 34 28 27 23 26 ' ,'0 0 0 0 0 0 0 0 0 0 0 0 0 0 0 0 ' ,28 ,1 ,1, 1
86 ,69, 63, '27 29 24 36 34 31 27 27 33 37 29 32 22 27 29 26 ' ,'0 0 0 0 0 0 0 0 0 0 0 0 0 0 0 0 ' ,34 ,0 ,0, 0
85 ,76, 65, '34 29 30 38 37 33 28 33 29 29 32 26 27 20 23 24 ' ,'0 0 0 0 0 0 0 0 0 0 0 0 0 0 0 0 ' ,39 ,1 ,1, 1
84 ,78, 63, '29 37 29 39 28 34 31 36 36 30 30 28 22 23 26 25 ' ,'0 0 0 0 0 0 0 0 0 0 0 0 0 0 0 0 ' ,32 ,1 ,1, 0
97 ,73, 81, '31 29 33 36 29 27 33 28 31 30 27 30 23 28 24 24 ' ,'0 0 0 0 0 0 0 0 0 0 0 0 0 0 0 0 ' ,52 ,36 ,1, 1
63 ,89, 46, '34 26 34 32 34 31 30 33 26 29 31 29 26 23 26 29 ' ,'0 0 0 0 0 0 0 0 0 0 0 0 0 0 0 0 ' ,17 ,1 ,0, 0
67 ,54, 51, '36 31 31 34 36 31 35 32 28 35 31 33 24 20 32 26 ' ,'0 0 0 0 0 0 0 0 0 0 0 0 0 0 0 0 ' ,25 ,5 ,0, 0
67 ,60, 50, '37 37 38 37 33 40 36 31 40 41 36 35 27 32 33 35 ' ,'0 0 0 0 0 0 0 0 0 0 0 0 0 0 0 0 ' ,16 ,1 ,0, 0
69 ,59, 50, '29 30 34 32 32 29 30 29 40 42 30 35 23 28 25 25 ' ,'0 0 0 0 0 0 0 0 0 0 0 0 0 0 0 0 ' ,19 ,0 ,0, 0
171 ,59, 152, '29 27 30 30 30 31 30 32 36 32 28 30 20 24 24 21 ' ,'0 0 0 0 0 0 0 0 0 0 0 0 0 0 0 0 ' ,127 ,1 ,1, 1
83 ,161, 63, '52 54 43 50 39 44 37 38 37 37 38 36 30 31 28 34 ' ,'0 0 0 0 0 0 0 0 0 0 0 0 0 0 0 0 ' ,25 ,1 ,1, 1
85 ,75, 61, '26 27 28 33 28 33 30 27 33 35 27 26 20 27 35 22 ' ,'0 0 0 0 0 0 0 0 0 0 0 0 0 0 0 0 ' ,36 ,1 ,0, 0
82 ,76, 62, '31 32 32 32 31 29 32 33 38 28 29 31 26 28 34 26 ' ,'0 0 0 0 0 0 0 0 0 0 0 0 0 0 0 0 ' ,33 ,1 ,0, 0
88 ,78, 65, '28 28 27 28 27 29 30 32 30 33 25 27 21 24 22 22 ' ,'0 0 0 0 0 0 0 0 0 0 0 0 0 0 0 0 ' ,40 ,2 ,0, 0
175 ,79, 147, '32 27 31 30 41 31 33 38 29 29 26 32 34 21 24 24 ' ,'0 0 0 0 0 0 0 0 0 0 0 0 0 0 0 0 ' ,118 ,79 ,1, 1
84 ,381, 59, '39 28 38 33 26 34 34 29 27 30 29 28 20 22 24 24 ' ,'0 0 0 0 0 0 0 0 0 0 0 0 0 0 0 0 ' ,33 ,2 ,1, 1
81 ,69, 60, '37 27 32 31 28 29 25 31 29 32 37 26 28 23 29 25 ' ,'0 0 0 0 0 0 0 0 0 0 0 0 0 0 0 0 ' ,31 ,1 ,1, 0
80 ,73, 61, '29 31 29 29 29 34 34 31 25 28 33 31 27 21 23 20 ' ,'0 0 0 0 0 0 0 0 0 0 0 0 0 0 0 0 ' ,30 ,1 ,1, 1
86 ,71, 67, '38 29 29 34 30 41 30 29 36 37 25 30 23 27 19 23 ' ,'0 0 0 0 0 0 0 0 0 0 0 0 0 0 0 0 ' ,39 ,1 ,1, 1
79 ,78, 55, '32 28 30 33 28 45 30 34 31 29 32 30 25 25 25 33 ' ,'0 0 0 0 0 0 0 0 0 0 0 0 0 0 0 0 ' ,25 ,1 ,0, 0
88 ,69, 59, '25 27 37 40 34 29 28 28 32 25 36 25 26 26 32 38 ' ,'0 0 0 0 0 0 0 0 0 0 0 0 0 0 0 0 ' ,35 ,2 ,1, 1
89 ,78, 65, '43 35 44 40 39 42 49 40 42 42 39 38 31 34 40 34 ' ,'0 0 0 0 0 0 0 0 0 0 0 0 0 0 0 0 ' ,28 ,1 ,1, 1
79 ,82, 57, '30 44 29 35 29 44 40 28 32 26 32 40 25 25 20 25 ' ,'0 0 0 0 0 0 0 0 0 0 0 0 0 0 0 0 ' ,28 ,1 ,0, 0
95 ,70, 68, '36 38 54 35 43 42 42 40 38 40 32 40 30 26 33 42 ' ,'0 0 0 0 0 0 0 0 0 0 0 0 0 0 0 0 ' ,36 ,1 ,0, 0
71 ,81, 47, '26 29 28 34 26 28 32 35 31 25 28 32 24 29 23 25 ' ,'0 0 0 0 0 0 0 0 0 0 0 0 0 0 0 0 ' ,19 ,1 ,1, 1
95 ,62, 58, '30 31 28 35 28 31 29 26 29 24 35 35 22 24 27 27 ' ,'0 0 0 0 0 0 0 0 0 0 0 0 0 0 0 0 ' ,28 ,1 ,1, 1
83 ,83, 58, '31 27 29 34 38 29 23 30 27 25 39 24 21 41 20 23 ' ,'0 0 0 0 0 0 0 0 0 0 0 0 0 0 0 0 ' ,36 ,2 ,1, 1
81 ,75, 56, '30 30 32 35 28 34 35 24 35 28 34 27 23 21 19 27 ' ,'0 0 0 0 0 0 0 0 0 0 0 0 0 0 0 0 ' ,30 ,1 ,0, 0
87 ,72, 67, '36 27 33 32 36 30 28 25 32 24 29 27 22 24 25 40 ' ,'0 0 0 0 0 0 0 0 0 0 0 0 0 0 0 0 ' ,37 ,1 ,0, 0
91 ,76, 70, '36 32 30 30 27 33 33 35 27 39 36 31 26 21 23 26 ' ,'0 0 0 0 0 0 0 0 0 0 0 0 0 0 0 0 ' ,44 ,1 ,0, 0
1532 ,402, 68, '26 28 42 30 37 25 29 28 27 37 26 26 22 25 17 20 ' ,'0 0 0 0 0 0 0 0 0 0 0 0 0 0 0 0 ' ,43 ,2 ,0, 0
81 ,82, 52, '30 31 30 32 34 27 32 21 28 28 32 25 19 21 21 24 ' ,'0 0 0 0 0 0 0 0 0 0 0 0 0 0 0 0 ' ,33 ,1 ,1, 1
81 ,74, 61, '30 30 30 24 26 31 27 28 34 34 27 27 24 18 19 26 ' ,'0 0 0 0 0 0 0 0 0 0 0 0 0 0 0 0 ' ,37 ,1 ,1, 1
92 ,73, 70, '34 25 35 29 42 42 26 31 30 36 28 35 31 20 18 24 ' ,'0 0 0 0 0 0 0 0 0 0 0 0 0 0 0 0 ' ,42 ,2 ,1, 1
81 ,84, 58, '30 28 27 46 27 27 33 32 31 30 27 30 26 24 20 24 ' ,'0 0 0 0 0 0 0 0 0 0 0 0 0 0 0 0 ' ,33 ,2 ,0, 0
85 ,74, 62, '31 32 41 35 35 29 33 34 32 31 29 33 24 27 20 24 ' ,'0 0 0 0 0 0 0 0 0 0 0 0 0 0 0 0 ' ,34 ,0 ,1, 1
80 ,75, 60, '29 28 30 38 33 33 30 29 32 29 30 27 22 25 24 26 ' ,'0 0 0 0 0 0 0 0 0 0 0 0 0 0 0 0 ' ,29 ,1 ,1, 1
85 ,76, 62, '35 26 36 28 33 33 25 30 31 30 31 28 25 20 20 25 ' ,'0 0 0 0 0 0 0 0 0 0 0 0 0 0 0 0 ' ,35 ,1 ,1, 0
81 ,434, 62, '31 28 29 29 31 30 26 28 26 34 36 32 26 22 26 24 ' ,'0 0 0 0 0 0 0 0 0 0 0 0 0 0 0 0 ' ,34 ,2 ,1, 1
81 ,740, 57, '30 31 33 30 40 28 36 30 34 46 27 31 22 27 23 23 ' ,'0 0 0 0 0 0 0 0 0 0 0 0 0 0 0 0 ' ,33 ,1 ,0, 0
123 ,72, 105, '66 69 70 74 80 75 67 53 68 60 95 44 78 36 48 58 ' ,'0 0 0 0 0 0 0 0 0 0 0 0 0 0 0 0 ' ,62 ,1 ,0, 0
124 ,115, 101, '84 69 67 88 68 88 93 67 84 55 89 89 70 65 47 60 ' ,'0 0 0 0 0 0 0 0 0 0 0 0 0 0 0 0 ' ,48 ,2 ,1, 1
155 ,111, 138, '89 129 74 69 106 73 80 127 71 62 96 88 60 95 70 59 ' ,'0 0 0 0 0 0 0 0 0 0 0 0 0 0 0 0 ' ,76 ,1 ,0, 0
172 ,148, 153, '67 70 80 91 145 116 70 77 95 71 84 92 55 58 63 53 ' ,'0 0 0 0 0 0 0 0 0 0 0 0 0 0 0 0 ' ,98 ,1 ,1, 0
126 ,164, 109, '96 82 87 67 75 76 87 75 95 62 84 81 73 46 70 53 ' ,'0 0 0 0 0 0 0 0 0 0 0 0 0 0 0 0 ' ,57 ,1 ,1, 1
131 ,117, 114, '71 78 103 79 84 74 62 82 72 60 101 64 70 58 73 88 ' ,'0 0 0 0 0 0 0 0 0 0 0 0 0 0 0 0 ' ,50 ,2 ,1, 1
132 ,123, 110, '76 99 90 73 77 63 77 54 76 80 77 67 66 77 58 43 ' ,'0 0 0 0 0 0 0 0 0 0 0 0 0 0 0 0 ' ,63 ,2 ,1, 1
153 ,124, 131, '66 57 74 115 69 58 78 70 96 105 94 82 99 83 50 76 ' ,'0 0 0 0 0 0 0 0 0 0 0 0 0 0 0 0 ' ,67 ,1 ,1, 1
155 ,145, 134, '58 72 99 101 109 85 82 96 82 73 98 95 51 85 43 61 ' ,'0 0 0 0 0 0 0 0 0 0 0 0 0 0 0 0 ' ,73 ,1 ,0, 0
134 ,147, 110, '62 58 94 72 70 72 65 79 80 75 102 78 51 69 77 59 ' ,'0 0 0 0 0 0 0 0 0 0 0 0 0 0 0 0 ' ,51 ,1 ,1, 1
175 ,124, 149, '85 67 79 98 76 132 71 60 85 69 92 108 57 54 65 57 ' ,'0 0 0 0 0 0 0 0 0 0 0 0 0 0 0 0 ' ,89 ,1 ,0, 0
155 ,165, 132, '101 61 68 53 72 118 75 63 105 84 76 73 55 80 80 53 ' ,'0 0 0 0 0 0 0 0 0 0 0 0 0 0 0 0 ' ,71 ,1 ,0, 0
192 ,144, 159, '69 57 75 67 134 88 98 78 77 56 50 78 51 45 48 64 ' ,'0 0 0 0 0 0 0 0 0 0 0 0 0 0 0 0 ' ,115 ,2 ,1, 1
167 ,177, 145, '72 72 87 92 75 62 91 68 103 79 73 69 49 139 66 55 ' ,'0 0 0 0 0 0 0 0 0 0 0 0 0 80 0 0 ' ,89 ,2 ,0, 0
149 ,165, 121, '73 70 77 64 92 63 78 98 77 91 62 60 58 53 68 52 ' ,'0 0 0 0 0 0 0 0 0 0 0 0 0 0 0 0 ' ,64 ,2 ,1, 1
135 ,136, 110, '61 66 67 86 51 81 62 59 70 78 66 57 44 65 49 45 ' ,'0 0 0 0 0 0 0 0 0 0 0 0 0 0 0 0 ' ,62 ,1 ,1, 1
762 ,124, 109, '71 72 79 81 77 89 69 65 59 67 63 63 49 56 49 75 ' ,'0 0 0 0 0 0 0 0 0 0 0 0 0 0 0 0 ' ,47 ,2 ,1, 1
124 ,126, 93, '64 52 53 81 61 64 77 60 63 62 66 62 40 53 42 39 ' ,'0 0 0 0 0 0 0 0 0 0 0 0 0 0 0 0 ' ,55 ,1 ,1, 1
115 ,112, 90, '51 64 68 69 63 71 67 62 52 53 57 56 31 40 35 40 ' ,'0 0 0 0 0 0 0 0 0 0 0 0 0 0 0 0 ' ,51 ,1 ,0, 0
112 ,105, 92, '68 49 61 49 54 52 57 54 48 62 62 44 47 33 32 34 ' ,'0 0 0 0 0 0 0 0 0 0 0 0 0 0 0 0 ' ,52 ,2 ,1, 1
117 ,103, 93, '68 61 51 57 51 70 79 65 47 64 68 67 42 63 40 44 ' ,'0 0 0 0 0 0 0 0 0 0 0 0 0 0 0 0 ' ,43 ,1 ,1, 1
106 ,104, 86, '59 70 54 54 57 67 63 68 52 56 61 46 30 51 45 54 ' ,'0 0 0 0 0 0 0 0 0 0 0 0 0 0 0 0 ' ,47 ,1 ,1, 1
103 ,98, 80, '45 49 48 53 44 61 41 48 74 43 58 34 49 41 50 50 ' ,'0 0 0 0 0 0 0 0 0 0 0 0 0 0 0 0 ' ,38 ,1 ,0, 0
111 ,91, 89, '59 48 54 52 49 82 68 51 72 58 61 64 54 40 42 42 ' ,'0 0 0 0 0 0 0 0 0 0 0 0 0 0 0 0 ' ,45 ,2 ,0, 0
111 ,106, 90, '53 42 51 52 60 45 69 49 78 62 43 37 43 35 35 45 ' ,'0 0 0 0 0 0 0 0 0 0 0 0 0 0 0 0 ' ,48 ,2 ,0, 0
97 ,102, 78, '54 42 49 48 48 55 49 45 66 40 45 60 48 34 40 34 ' ,'0 0 0 0 0 0 0 0 0 0 0 0 0 0 0 0 ' ,39 ,2 ,0, 0
108 ,87, 77, '48 41 65 50 49 69 61 46 51 54 39 42 36 37 47 46 ' ,'0 0 0 0 0 0 0 0 0 0 0 0 0 0 0 0 ' ,39 ,2 ,0, 0
126 ,92, 104, '81 42 50 47 53 50 76 65 77 77 40 49 32 29 43 47 ' ,'0 0 0 0 0 0 0 0 0 0 0 0 0 0 0 0 ' ,70 ,2 ,1, 1
110 ,116, 83, '55 47 62 51 43 67 58 43 46 44 42 49 34 37 27 35 ' ,'0 0 0 0 0 0 0 0 0 0 0 0 0 0 0 0 ' ,44 ,1 ,0, 0
205 ,95, 184, '50 43 46 39 61 67 62 41 46 55 57 51 41 39 46 43 ' ,'0 0 0 0 0 0 0 0 0 0 0 0 0 0 0 0 ' ,139 ,1 ,0, 0
109 ,198, 83, '53 42 60 42 56 49 54 44 74 53 54 61 35 37 41 42 ' ,'0 0 0 0 0 0 0 0 0 0 0 0 0 0 0 0 ' ,45 ,2 ,1, 1
836 ,101, 813, '49 48 46 51 40 47 53 58 56 52 78 56 24 37 784 33 ' ,'0 0 0 0 0 0 0 0 0 0 0 0 0 0 0 0 ' ,782 ,2 ,0, 0
631 ,824, 606, '52 50 49 55 39 37 40 49 56 566 62 48 28 32 32 68 ' ,'0 0 0 0 0 0 0 0 0 0 0 0 0 0 0 0 ' ,569 ,2 ,1, 1
122 ,618, 101, '43 64 58 50 62 59 39 62 43 59 40 47 39 33 30 36 ' ,'0 0 0 0 0 0 0 0 0 0 0 0 0 0 0 0 ' ,63 ,2 ,1, 1
188 ,113, 164, '56 46 48 54 53 50 42 42 59 51 50 42 38 43 40 35 ' ,'0 0 0 0 0 0 0 0 0 0 0 0 0 0 0 0 ' ,125 ,1 ,0, 0
88 ,176, 71, '45 49 47 42 41 43 46 44 63 42 54 51 34 34 40 30 ' ,'0 0 0 0 0 0 0 0 0 0 0 0 0 0 0 0 ' ,33 ,1 ,0, 0
112 ,81, 93, '50 47 61 56 55 60 53 53 54 43 50 53 37 31 36 40 ' ,'0 0 0 0 0 0 0 0 0 0 0 0 0 0 0 0 ' ,58 ,9 ,0, 0
92 ,104, 76, '61 50 65 67 43 57 48 42 39 55 64 46 39 49 41 35 ' ,'0 0 0 0 0 0 0 0 0 0 0 0 0 0 0 0 ' ,36 ,2 ,0, 0
95 ,82, 74, '45 48 49 58 36 61 42 62 48 49 47 42 31 35 50 35 ' ,'0 0 0 0 0 0 0 0 0 0 0 0 0 0 0 0 ' ,34 ,1 ,0, 0
105 ,81, 89, '60 42 52 79 50 47 52 50 49 46 45 45 39 37 40 43 ' ,'0 0 0 0 0 0 0 0 0 0 0 0 0 0 0 0 ' ,46 ,1 ,1, 1
99 ,96, 80, '66 43 53 46 48 52 62 46 64 56 48 43 44 38 37 56 ' ,'0 0 0 0 0 0 0 0 0 0 0 0 0 0 0 0 ' ,34 ,1 ,1, 1
102 ,86, 85, '56 65 58 56 61 55 60 62 69 74 41 52 53 63 42 45 ' ,'0 0 0 0 0 0 0 0 0 0 0 0 0 0 0 0 ' ,37 ,1 ,0, 0
876 ,92, 842, '42 56 51 55 48 48 52 58 83 58 62 59 50 37 823 52 ' ,'0 0 0 0 0 0 0 0 0 0 0 0 0 0 0 0 ' ,803 ,1 ,0, 0
213 ,866, 188, '58 56 53 46 50 68 47 51 43 52 68 54 29 31 45 35 ' ,'0 0 0 0 99 0 0 0 0 0 0 0 0 0 0 0 ' ,153 ,2 ,1, 1
262 ,254, 229, '57 52 56 63 82 63 86 55 65 53 66 217 58 72 52 44 ' ,'0 0 0 0 0 0 0 0 0 0 0 144 0 0 0 0 ' ,182 ,1 ,1, 1
120 ,246, 93, '64 63 54 64 60 55 55 69 46 61 51 59 46 60 47 64 ' ,'0 0 0 0 0 0 0 0 0 0 0 0 0 0 0 0 ' ,45 ,1 ,0, 0
112 ,113, 92, '59 45 41 66 57 56 51 61 44 53 42 64 44 44 38 35 ' ,'0 0 0 0 0 0 0 0 0 0 0 0 0 0 0 0 ' ,55 ,2 ,0, 0
123 ,109, 90, '49 47 64 50 53 61 67 46 57 55 54 54 30 39 32 43 ' ,'0 0 0 0 0 0 0 0 0 0 0 0 0 0 0 0 ' ,51 ,1 ,1, 1
123 ,105, 99, '50 50 56 53 61 55 68 53 77 66 58 51 43 52 35 49 ' ,'0 0 0 0 0 0 0 0 0 0 0 0 0 0 0 0 ' ,50 ,2 ,0, 0
116 ,112, 96, '54 59 59 58 48 59 47 54 64 63 72 63 54 43 48 42 ' ,'0 0 0 0 0 0 0 0 0 0 0 0 0 0 0 0 ' ,52 ,1 ,0, 0
125 ,112, 100, '56 45 64 74 52 53 52 47 83 68 56 55 36 35 38 38 ' ,'0 0 0 0 0 0 0 0 0 0 0 0 0 0 0 0 ' ,60 ,2 ,0, 0
125 ,115, 101, '40 44 53 42 68 55 61 38 58 51 55 55 39 50 63 55 ' ,'0 0 0 0 0 0 0 0 0 0 0 0 0 0 0 0 ' ,54 ,3 ,0, 0
757 ,113, 108, '48 60 52 67 61 54 48 62 62 74 56 71 53 46 47 37 ' ,'0 0 0 0 0 0 0 0 0 0 0 0 0 0 0 0 ' ,67 ,2 ,0, 0
122 ,121, 102, '53 61 70 68 51 60 59 56 46 68 56 58 56 33 38 42 ' ,'0 0 0 0 0 0 0 0 0 0 0 0 0 0 0 0 ' ,65 ,1 ,0, 0
726 ,116, 702, '43 58 72 58 667 48 45 54 60 48 37 52 44 44 47 26 ' ,'0 0 0 0 0 0 0 0 0 0 0 0 0 0 0 0 ' ,673 ,1 ,0, 0
117 ,719, 89, '41 44 71 44 52 47 68 55 42 48 49 56 53 33 35 39 ' ,'0 0 0 0 0 0 0 0 0 0 0 0 0 0 0 0 ' ,52 ,1 ,1, 0
128 ,104, 95, '52 73 50 85 58 60 61 51 55 58 42 67 46 56 50 31 ' ,'0 0 0 0 0 0 0 0 0 0 0 0 0 0 0 0 ' ,65 ,2 ,1, 1
111 ,112, 87, '52 70 51 45 54 58 58 42 54 49 73 57 49 53 40 45 ' ,'0 0 0 0 0 0 0 0 0 0 0 0 0 0 0 0 ' ,40 ,1 ,1, 1
572 ,101, 551, '52 102 50 48 57 64 54 49 56 74 77 50 45 39 527 52 ' ,'0 0 0 0 0 0 0 0 0 0 0 0 0 0 0 0 ' ,508 ,2 ,1, 1
127 ,565, 102, '52 56 51 62 50 61 45 64 47 53 60 54 47 48 76 41 ' ,'0 0 0 0 0 0 0 0 0 0 0 0 0 0 0 0 ' ,57 ,2 ,1, 1
120 ,115, 97, '75 60 53 69 56 55 52 55 44 56 58 58 40 50 37 38 ' ,'0 0 0 0 0 0 0 0 0 0 0 0 0 0 0 0 ' ,54 ,1 ,1, 1
128 ,106, 107, '56 69 66 75 65 46 70 53 51 51 55 41 46 37 31 36 ' ,'0 0 0 0 0 0 0 0 0 0 0 0 0 0 0 0 ' ,66 ,1 ,1, 1
140 ,119, 112, '60 49 67 66 66 61 59 53 55 74 69 45 56 41 63 46 ' ,'0 0 0 0 0 0 0 0 0 0 0 0 0 0 0 0 ' ,62 ,2 ,0, 0
116 ,131, 89, '62 50 65 66 59 54 54 56 69 60 61 59 44 52 32 47 ' ,'0 0 0 0 0 0 0 0 0 0 0 0 0 0 0 0 ' ,42 ,1 ,0, 0
123 ,106, 96, '50 52 60 90 56 61 55 51 63 58 49 60 37 52 58 37 ' ,'0 0 0 0 0 0 0 0 0 0 0 0 0 0 0 0 ' ,55 ,1 ,1, 1
530 ,112, 509, '63 71 58 59 46 74 57 52 38 63 54 60 43 49 59 34 ' ,'0 0 0 0 0 0 0 0 0 0 0 0 0 0 0 0 ' ,469 ,1 ,1, 1
403 ,520, 380, '43 65 46 65 82 55 51 46 57 40 74 69 44 44 47 40 ' ,'0 0 0 0 0 0 0 0 0 0 0 0 0 0 0 0 ' ,335 ,1 ,1, 1
212 ,394, 189, '75 48 52 67 52 74 55 45 56 61 48 43 51 47 34 43 ' ,'0 0 0 0 0 0 0 0 0 0 0 0 0 0 0 0 ' ,143 ,2 ,0, 0
109 ,203, 89, '60 54 52 63 54 66 66 48 59 47 54 57 77 41 55 43 ' ,'0 0 0 0 0 0 0 0 0 0 0 0 0 0 0 0 ' ,43 ,1 ,0, 0
122 ,104, 103, '61 59 67 71 60 63 47 92 79 68 59 56 36 49 44 61 ' ,'0 0 0 0 0 0 0 0 0 0 0 0 0 0 0 0 ' ,60 ,2 ,0, 0
524 ,115, 502, '46 42 48 101 73 54 61 54 71 41 50 54 31 42 46 54 ' ,'0 0 0 0 0 0 0 0 0 0 0 0 0 0 0 0 ' ,463 ,1 ,1, 1
130 ,515, 99, '41 45 72 60 63 40 43 37 44 34 47 51 41 34 28 49 ' ,'0 0 0 0 0 0 0 0 0 0 0 0 0 0 0 0 ' ,59 ,2 ,1, 1
125 ,112, 103, '53 70 64 53 51 56 63 91 49 58 42 67 44 40 34 50 ' ,'0 0 0 0 0 0 0 0 0 0 0 0 0 0 0 0 ' ,62 ,2 ,0, 0
99 ,110, 83, '58 51 54 47 69 55 41 62 61 55 62 52 43 40 45 73 ' ,'0 0 0 0 0 0 0 0 0 0 0 0 0 0 0 0 ' ,38 ,1 ,0, 0
115 ,90, 95, '49 64 52 82 66 49 56 61 55 61 76 72 50 39 52 52 ' ,'0 0 0 0 0 0 0 0 0 0 0 0 0 0 0 0 ' ,53 ,5 ,0, 0
109 ,106, 91, '81 69 43 41 51 69 59 44 50 60 56 46 43 62 42 49 ' ,'0 0 0 0 0 0 0 0 0 0 0 0 0 0 0 0 ' ,45 ,2 ,0, 0
112 ,99, 90, '66 64 58 81 58 53 54 74 51 49 64 49 54 28 41 53 ' ,'0 0 0 0 0 0 0 0 0 0 0 0 0 0 0 0 ' ,57 ,2 ,1, 1
138 ,100, 116, '70 67 104 72 70 42 54 51 47 81 52 45 75 43 47 48 ' ,'0 0 0 0 0 0 0 0 0 0 0 0 0 0 0 0 ' ,66 ,2 ,1, 1
110 ,128, 94, '59 85 67 73 76 63 47 44 68 71 51 58 49 44 56 41 ' ,'0 0 0 0 0 0 0 0 0 0 0 0 0 0 0 0 ' ,48 ,1 ,1, 1
222 ,101, 195, '55 49 51 63 52 68 73 50 52 80 45 48 40 56 62 52 ' ,'0 0 0 0 0 0 0 0 0 0 0 0 0 0 0 0 ' ,145 ,81 ,0, 0
131 ,212, 98, '58 59 64 57 61 55 70 62 73 64 62 57 32 50 36 36 ' ,'0 0 0 0 0 0 0 0 0 0 0 0 0 0 0 0 ' ,61 ,2 ,0, 0
118 ,114, 94, '59 50 49 63 55 52 57 57 59 43 53 70 44 57 46 40 ' ,'0 0 0 0 0 0 0 0 0 0 0 0 0 0 0 0 ' ,48 ,2 ,1, 1
111 ,105, 92, '78 52 68 61 58 65 72 49 68 56 62 71 50 52 44 57 ' ,'0 0 0 0 0 0 0 0 0 0 0 0 0 0 0 0 ' ,36 ,2 ,1, 1
584 ,102, 95, '45 67 58 67 52 58 54 80 51 62 82 64 55 62 47 50 ' ,'0 0 0 0 0 0 0 0 0 0 0 0 0 0 0 0 ' ,46 ,2 ,0, 0
160 ,111, 138, '66 66 57 55 72 57 78 56 57 50 71 50 37 36 45 59 ' ,'0 0 0 0 0 0 0 0 0 0 0 0 0 0 0 0 ' ,96 ,35 ,0, 0
734 ,152, 103, '80 53 81 74 47 80 70 75 66 71 64 45 39 50 70 48 ' ,'0 0 0 0 0 0 0 0 0 0 0 0 0 0 0 0 ' ,56 ,2 ,0, 0
509 ,114, 106, '72 69 62 73 54 51 96 53 72 64 50 60 64 62 73 72 ' ,'0 0 0 0 0 0 0 0 0 0 0 0 0 0 0 0 ' ,50 ,2 ,0, 0
124 ,119, 102, '79 84 66 70 58 50 46 54 63 71 50 51 51 49 72 50 ' ,'0 0 0 0 0 0 0 0 0 0 0 0 0 0 0 0 ' ,49 ,1 ,0, 0
145 ,116, 126, '69 64 73 59 74 66 60 114 79 54 49 52 53 57 66 62 ' ,'0 0 0 0 0 0 0 0 0 0 0 0 0 0 0 0 ' ,69 ,2 ,1, 1
172 ,135, 151, '77 55 91 50 81 78 64 71 68 53 53 71 44 61 54 60 ' ,'0 0 0 0 0 0 0 0 0 0 0 0 0 0 0 0 ' ,99 ,30 ,0, 0
140 ,165, 118, '57 83 89 52 50 67 72 59 70 71 52 50 46 110 70 45 ' ,'0 0 0 0 0 0 0 0 0 0 0 0 0 0 0 0 ' ,70 ,2 ,0, 0
144 ,129, 121, '72 46 60 80 66 91 75 55 84 85 91 93 65 41 62 50 ' ,'0 0 0 0 0 0 0 0 0 0 0 0 0 0 0 0 ' ,73 ,2 ,1, 1
439 ,453, 121, '69 46 84 75 66 48 110 50 58 70 73 55 34 44 38 68 ' ,'0 0 0 0 0 0 0 0 0 0 0 0 0 0 0 0 ' ,78 ,2 ,1, 1
251 ,132, 106, '48 70 49 65 73 48 40 53 86 52 65 59 65 49 39 58 ' ,'0 0 0 0 0 0 0 0 0 0 0 0 0 0 0 0 ' ,57 ,2 ,0, 0
785 ,115, 108, '66 69 61 61 72 57 81 56 66 62 77 60 52 42 39 47 ' ,'0 0 0 0 0 0 0 0 0 0 0 0 0 0 0 0 ' ,57 ,1 ,1, 1
652 ,118, 106, '70 60 54 94 71 67 87 79 74 58 60 87 47 45 47 50 ' ,'0 0 0 0 0 0 0 0 0 0 0 0 0 0 0 0 ' ,58 ,2 ,1, 1
143 ,123, 124, '66 95 68 61 73 52 112 55 58 53 71 69 71 32 45 48 ' ,'0 0 0 0 0 0 0 0 0 0 0 0 0 0 0 0 ' ,85 ,1 ,1, 1
155 ,138, 127, '67 81 51 86 60 75 78 58 97 93 62 67 73 57 42 51 ' ,'0 0 0 0 0 0 0 0 0 0 0 0 0 0 0 0 ' ,71 ,1 ,1, 0
133 ,138, 111, '89 68 63 99 62 85 74 70 77 72 89 97 76 62 60 52 ' ,'0 0 0 0 0 0 0 0 0 0 0 0 0 0 0 0 ' ,55 ,2 ,1, 1
660 ,123, 126, '65 110 73 81 92 57 59 53 60 89 93 71 49 63 46 45 ' ,'0 0 0 0 0 0 0 0 0 0 0 0 0 0 0 0 ' ,76 ,2 ,1, 1
115 ,136, 94, '50 55 65 62 60 59 79 58 65 52 74 69 70 40 40 71 ' ,'0 0 0 0 0 0 0 0 0 0 0 0 0 0 0 0 ' ,48 ,1 ,0, 0
210 ,107, 89, '58 60 62 68 48 78 68 68 48 47 70 73 58 33 55 52 ' ,'0 0 0 0 0 0 0 0 0 0 0 0 0 0 0 0 ' ,51 ,2 ,0, 0
221 ,101, 199, '70 63 82 85 64 46 92 64 53 63 85 186 76 72 47 46 ' ,'0 0 0 0 0 0 0 0 0 0 0 0 0 0 0 0 ' ,145 ,2 ,1, 1
169 ,213, 145, '62 49 98 66 111 103 68 65 105 75 96 62 53 49 54 60 ' ,'0 0 0 0 0 0 0 0 0 0 0 0 0 0 0 0 ' ,91 ,3 ,0, 0
402 ,157, 104, '63 58 77 95 61 69 61 53 67 54 62 90 73 80 48 52 ' ,'0 0 0 0 0 0 0 0 0 0 0 0 0 0 0 0 ' ,48 ,2 ,0, 0
135 ,114, 115, '60 57 88 52 68 81 104 75 64 74 72 84 60 41 48 59 ' ,'0 0 0 0 0 0 0 0 0 0 0 0 0 0 0 0 ' ,70 ,2 ,1, 1
201 ,128, 173, '60 89 81 68 60 79 165 56 87 63 75 47 51 34 77 54 ' ,'0 0 0 0 0 0 0 0 0 0 0 0 0 0 0 0 ' ,132 ,1 ,1, 1
198 ,188, 127, '65 73 66 55 77 55 85 69 87 93 87 49 66 61 42 42 ' ,'0 0 0 0 0 0 0 0 0 0 0 0 0 0 0 0 ' ,80 ,2 ,0, 0
139 ,138, 107, '51 60 86 92 65 65 41 55 64 68 73 81 51 53 52 64 ' ,'0 0 0 0 0 0 0 0 0 0 0 0 0 0 0 0 ' ,63 ,1 ,0, 0
114 ,125, 95, '63 54 84 70 66 64 48 51 64 42 62 67 47 50 63 68 ' ,'0 0 0 0 0 0 0 0 0 0 0 0 0 0 0 0 ' ,49 ,1 ,0, 0
142 ,107, 125, '70 56 48 87 68 74 113 85 63 55 75 76 43 46 87 48 ' ,'0 0 0 0 0 0 0 0 0 0 0 0 0 0 0 0 ' ,75 ,1 ,1, 1
121 ,132, 104, '80 93 64 89 73 59 54 56 64 52 58 59 44 54 50 56 ' ,'0 0 0 0 0 0 0 0 0 0 0 0 0 0 0 0 ' ,52 ,2 ,1, 1
