2256 ,0, 91, '18 15 15 24 36 15 18 19 16 14 25 16 27 15 33 33 26 31 32 18 ' ,'0 0 0 0 0 0 0 0 0 0 0 0 0 0 0 0 0 0 0 0 ' ,49 ,2 ,2, 2
976 ,200, 913, '182 170 420 214 552 137 129 211 117 860 249 250 413 206 759 243 213 390 124 552 ' ,'0 0 0 0 0 0 0 0 0 0 0 0 0 0 0 0 0 0 0 0 ' ,784 ,1 ,2, 2
196 ,986, 153, '49 52 130 50 50 64 50 110 77 107 50 47 67 58 125 27 68 73 60 117 ' ,'0 0 0 0 0 0 0 0 0 0 0 0 0 0 0 0 0 0 0 0 ' ,103 ,1 ,2, 2
164 ,183, 143, '48 52 56 50 73 45 82 99 76 94 68 55 114 63 115 50 46 117 73 48 ' ,'0 0 0 0 0 0 0 0 0 0 0 0 0 0 0 0 0 0 0 0 ' ,85 ,1 ,2, 2
239 ,164, 98, '56 67 116 42 115 74 42 100 52 52 51 40 70 28 70 55 72 143 85 174 ' ,'0 0 0 0 0 0 0 0 0 0 0 0 0 0 0 0 0 0 0 0 ' ,181 ,1 ,2, 1
182 ,233, 157, '96 58 78 55 88 75 42 136 61 69 55 75 58 60 125 67 38 107 43 97 ' ,'0 0 0 0 0 0 0 0 0 0 0 0 0 0 0 0 0 0 0 0 ' ,106 ,1 ,1, 1
225 ,175, 206, '51 65 107 53 177 53 55 83 42 94 48 60 153 51 116 48 53 157 48 53 ' ,'0 0 0 0 0 0 0 0 0 0 0 0 0 0 0 0 0 0 0 0 ' ,156 ,1 ,1, 1
246 ,218, 213, '74 67 66 50 110 43 43 100 62 89 56 50 97 59 108 47 45 51 25 77 ' ,'0 0 0 0 0 0 0 0 0 0 0 0 0 0 0 0 0 0 0 0 ' ,179 ,1 ,2, 1
222 ,229, 207, '42 44 143 68 50 55 48 59 58 94 72 39 81 64 93 55 67 68 47 75 ' ,'0 0 0 0 0 0 0 0 0 0 0 0 0 0 0 0 0 0 0 0 ' ,153 ,1 ,2, 2
416 ,213, 367, '31 43 121 52 159 45 52 244 25 126 38 47 93 37 107 59 50 297 20 65 ' ,'0 0 0 0 0 0 0 0 0 0 0 0 0 0 0 0 0 0 0 0 ' ,328 ,2 ,1, 1
163 ,385, 145, '56 56 84 53 40 82 48 77 46 73 47 40 65 55 89 33 45 62 35 102 ' ,'0 0 0 0 0 0 0 0 0 0 0 0 0 0 0 0 0 0 0 0 ' ,82 ,1 ,1, 1
196 ,151, 149, '23 42 69 63 64 58 55 113 69 87 47 52 40 47 72 53 35 125 54 52 ' ,'0 0 0 0 0 0 0 0 0 0 0 0 0 0 0 0 0 0 0 0 ' ,115 ,1 ,1, 1
217 ,186, 194, '56 35 148 63 69 71 89 133 71 80 55 45 59 68 157 57 35 106 56 30 ' ,'0 0 0 0 0 0 0 0 0 0 0 0 0 0 0 0 0 0 0 0 ' ,149 ,3 ,2, 1
210 ,213, 195, '132 43 164 80 107 77 69 164 85 140 79 68 96 60 168 60 42 48 78 173 ' ,'0 0 0 0 0 0 0 0 0 0 0 0 0 0 0 0 0 0 0 0 ' ,146 ,2 ,1, 1
407 ,211, 378, '76 51 106 51 163 85 58 146 58 120 49 63 45 67 123 130 46 123 45 62 ' ,'0 0 0 0 0 0 0 0 0 0 0 0 0 0 0 0 0 0 0 0 ' ,315 ,2 ,1, 1
353 ,397, 333, '88 50 176 112 157 118 127 147 118 86 92 104 147 87 202 99 75 114 81 251 ' ,'0 0 0 0 0 0 0 0 0 0 0 0 0 0 0 0 0 0 0 0 ' ,211 ,0 ,48, 48
313 ,340, 294, '108 92 279 115 191 121 113 187 134 200 75 109 179 90 193 118 89 173 79 179 ' ,'0 0 0 0 0 0 0 0 0 0 0 0 0 0 0 0 0 0 0 0 ' ,199 ,2 ,1, 1
222 ,303, 203, '44 61 61 67 84 58 61 134 66 127 70 73 57 53 151 83 46 69 54 41 ' ,'0 0 0 0 0 0 0 0 0 0 0 0 0 0 0 0 0 0 0 0 ' ,150 ,2 ,0, 0
192 ,214, 151, '97 70 116 71 98 85 49 45 61 35 61 57 79 26 81 64 44 40 58 86 ' ,'0 0 0 0 0 0 0 0 0 0 0 0 0 0 0 0 0 0 0 0 ' ,118 ,2 ,1, 0
199 ,182, 179, '52 36 161 49 57 59 52 133 86 120 47 41 155 52 96 60 46 95 51 74 ' ,'0 0 0 0 0 0 0 0 0 0 0 0 0 0 0 0 0 0 0 0 ' ,134 ,2 ,1, 1
184 ,193, 166, '60 41 90 61 127 53 48 59 38 66 53 43 131 61 115 74 35 30 42 70 ' ,'0 0 0 0 0 0 0 0 0 0 0 0 0 0 0 0 0 0 0 0 ' ,122 ,2 ,1, 0
165 ,178, 140, '24 39 56 45 59 29 49 33 53 85 37 41 73 59 100 55 31 43 31 61 ' ,'0 0 0 0 0 0 0 0 0 0 0 0 0 0 0 0 0 0 0 0 ' ,109 ,2 ,0, 0
145 ,159, 122, '54 45 42 52 96 54 74 45 35 98 45 39 65 42 85 64 34 49 45 84 ' ,'0 0 0 0 0 0 0 0 0 0 0 0 0 0 0 0 0 0 0 0 ' ,84 ,2 ,0, 0
236 ,138, 200, '51 63 87 95 180 89 68 63 44 76 41 25 106 42 52 107 45 67 79 127 ' ,'0 0 0 0 0 0 0 0 0 0 0 0 0 0 0 0 0 0 0 0 ' ,168 ,2 ,1, 0
218 ,230, 192, '69 38 123 78 157 71 54 111 83 130 45 41 100 64 56 37 26 117 36 123 ' ,'0 0 0 0 0 0 0 0 0 0 0 0 0 0 0 0 0 0 0 0 ' ,151 ,2 ,1, 0
175 ,214, 130, '41 39 85 57 39 49 40 54 93 100 45 54 73 66 119 45 47 76 43 33 ' ,'0 0 0 0 0 0 0 0 0 0 0 0 0 0 0 0 0 0 0 0 ' ,91 ,1 ,0, 0
191 ,168, 150, '37 22 74 47 45 46 49 113 92 108 46 44 115 31 129 38 56 79 54 43 ' ,'0 0 0 0 0 0 0 0 0 0 0 0 0 0 0 0 0 0 0 0 ' ,122 ,2 ,1, 0
165 ,185, 141, '46 40 48 23 102 79 61 80 39 114 42 64 70 33 94 63 57 94 44 75 ' ,'0 0 0 0 0 0 0 0 0 0 0 0 0 0 0 0 0 0 0 0 ' ,111 ,2 ,1, 0
168 ,156, 146, '127 83 51 57 40 135 58 36 27 50 105 42 61 40 88 127 62 40 62 41 ' ,'0 0 0 0 0 0 0 0 0 0 0 0 0 0 0 0 0 0 0 0 ' ,110 ,2 ,1, 0
205 ,162, 181, '44 34 146 30 108 40 57 111 53 47 60 43 80 32 33 53 33 105 24 40 ' ,'0 0 0 0 0 0 0 0 0 0 0 0 0 0 0 0 0 0 0 0 ' ,148 ,2 ,1, 1
167 ,199, 138, '65 38 39 44 48 46 36 104 51 50 36 44 74 48 69 49 44 74 59 59 ' ,'0 0 0 0 0 0 0 0 0 0 0 0 0 0 0 0 0 0 0 0 ' ,101 ,0 ,1, 1
327 ,194, 276, '135 37 50 60 134 73 47 117 69 94 82 59 89 60 81 100 59 78 119 48 ' ,'0 0 0 0 0 0 0 0 0 0 0 0 0 0 0 0 0 0 0 0 ' ,196 ,1 ,1, 1
173 ,379, 139, '59 71 37 60 126 44 42 59 119 107 40 38 91 139 129 52 48 72 60 106 ' ,'0 0 0 0 0 0 0 0 0 0 0 0 0 0 0 0 0 0 0 0 ' ,109 ,2 ,0, 0
181 ,166, 163, '61 59 142 47 55 68 52 136 56 78 61 89 138 54 89 53 60 109 61 117 ' ,'0 0 0 0 0 0 0 0 0 0 0 0 0 0 0 0 0 0 0 0 ' ,115 ,1 ,0, 0
213 ,185, 183, '63 40 132 54 85 61 55 109 72 45 46 50 104 47 128 42 48 92 65 139 ' ,'0 0 0 0 0 0 0 0 0 0 0 0 0 0 0 0 0 0 0 0 ' ,124 ,1 ,0, 0
179 ,209, 149, '53 55 59 38 76 62 46 118 67 86 77 61 95 57 100 65 49 122 77 76 ' ,'0 0 0 0 0 0 0 0 0 0 0 0 0 0 0 0 0 0 0 0 ' ,106 ,1 ,0, 0
128 ,177, 111, '35 47 94 45 54 62 76 56 64 57 48 78 95 49 74 50 59 48 71 88 ' ,'0 0 0 0 0 0 0 0 0 0 0 0 0 0 0 0 0 0 0 0 ' ,65 ,1 ,0, 0
168 ,125, 137, '52 36 57 74 90 28 44 74 75 131 49 63 54 73 73 52 57 79 80 99 ' ,'0 0 0 0 0 0 0 0 0 0 0 0 0 0 0 0 0 0 0 0 ' ,113 ,0 ,1, 0
142 ,175, 120, '63 64 46 47 72 49 61 71 71 70 48 70 64 52 37 66 62 64 39 46 ' ,'0 0 0 0 0 0 0 0 0 0 0 0 0 0 0 0 0 0 0 0 ' ,78 ,1 ,0, 0
156 ,135, 141, '45 48 72 53 52 43 59 69 46 34 53 57 83 48 109 35 46 75 41 123 ' ,'0 0 0 0 0 0 0 0 0 0 0 0 0 0 0 0 0 0 0 0 ' ,103 ,0 ,0, 0
181 ,156, 161, '35 49 105 41 83 51 77 69 58 55 40 57 79 44 48 23 56 74 63 61 ' ,'0 0 0 0 0 0 0 0 0 0 0 0 0 0 0 0 0 0 0 0 ' ,134 ,1 ,0, 0
156 ,173, 139, '42 70 78 74 71 51 81 35 38 48 39 48 123 54 75 30 103 102 67 82 ' ,'0 0 0 0 0 0 0 0 0 0 0 0 0 0 0 0 0 0 0 0 ' ,105 ,1 ,1, 0
188 ,160, 170, '45 89 95 65 105 70 80 86 85 126 52 47 85 102 114 47 87 150 58 68 ' ,'0 0 0 0 0 0 0 0 0 0 0 0 0 0 0 0 0 0 0 0 ' ,121 ,1 ,1, 0
212 ,182, 147, '98 69 139 61 58 107 58 72 50 106 82 59 31 43 94 94 57 72 61 92 ' ,'0 0 0 0 0 0 0 0 0 0 0 0 0 0 0 0 0 0 0 0 ' ,100 ,1 ,0, 0
189 ,158, 142, '39 59 119 60 103 51 32 85 43 93 38 44 101 42 128 61 45 62 43 72 ' ,'0 0 0 0 0 0 0 0 0 0 0 0 0 0 0 0 0 0 0 0 ' ,104 ,0 ,1, 1
218 ,186, 175, '55 65 55 60 55 54 71 62 106 96 42 43 49 31 113 60 68 142 91 130 ' ,'0 0 0 0 0 0 0 0 0 0 0 0 0 0 0 0 0 0 0 0 ' ,133 ,1 ,1, 1
277 ,189, 244, '54 53 90 71 62 59 30 68 69 128 91 90 118 47 52 44 27 141 51 128 ' ,'0 0 0 0 0 0 0 0 0 0 0 0 0 0 0 0 0 0 0 0 ' ,144 ,2 ,67, 0
200 ,259, 168, '59 46 70 123 66 51 61 72 158 103 44 55 42 135 98 51 36 70 140 47 ' ,'0 0 0 0 0 0 0 0 0 0 0 0 0 0 0 0 0 0 0 0 ' ,123 ,1 ,1, 0
173 ,194, 156, '67 91 148 52 102 61 86 70 61 98 48 89 64 54 93 31 37 124 62 60 ' ,'0 0 0 0 0 0 0 0 0 0 0 0 0 0 0 0 0 0 0 0 ' ,120 ,0 ,1, 0
202 ,168, 175, '58 39 146 78 117 20 46 113 53 101 66 57 166 67 119 49 39 122 65 49 ' ,'0 0 0 0 0 0 0 0 0 0 0 0 0 0 0 0 0 0 0 0 ' ,143 ,1 ,1, 0
216 ,196, 199, '37 57 118 60 96 90 53 56 37 51 57 62 123 80 112 44 80 137 57 139 ' ,'0 0 0 0 0 0 0 0 0 0 0 0 0 0 0 0 0 0 0 0 ' ,150 ,1 ,1, 1
185 ,221, 169, '53 34 159 45 78 52 59 40 49 79 48 39 106 60 93 54 53 124 34 38 ' ,'0 0 0 0 0 0 0 0 0 0 0 0 0 0 0 0 0 0 0 0 ' ,127 ,1 ,1, 0
146 ,177, 128, '59 39 63 90 111 54 50 69 108 66 38 49 70 92 81 59 43 93 89 88 ' ,'0 0 0 0 0 0 0 0 0 0 0 0 0 0 0 0 0 0 0 0 ' ,87 ,1 ,0, 0
164 ,139, 148, '110 78 46 43 87 110 41 58 49 60 110 84 95 28 55 50 82 59 56 113 ' ,'0 0 0 0 0 0 0 0 0 0 0 0 0 0 0 0 0 0 0 0 ' ,107 ,1 ,1, 1
166 ,162, 146, '57 44 46 56 110 38 55 99 57 97 51 55 123 54 92 45 53 94 42 119 ' ,'0 0 0 0 0 0 0 0 0 0 0 0 0 0 0 0 0 0 0 0 ' ,103 ,1 ,1, 1
145 ,170, 118, '59 50 71 55 62 46 45 79 40 88 62 48 95 55 85 51 63 40 44 55 ' ,'0 0 0 0 0 0 0 0 0 0 0 0 0 0 0 0 0 0 0 0 ' ,73 ,1 ,0, 0
149 ,137, 132, '53 43 124 67 82 56 58 60 47 74 62 62 84 60 60 75 62 41 41 119 ' ,'0 0 0 0 0 0 0 0 0 0 0 0 0 0 0 0 0 0 0 0 ' ,84 ,1 ,1, 0
168 ,145, 149, '66 49 102 60 58 43 48 55 78 116 76 58 48 79 124 76 46 53 69 139 ' ,'0 0 0 0 0 0 0 0 0 0 0 0 0 0 0 0 0 0 0 0 ' ,98 ,0 ,1, 0
