1304 ,0, 95, '36 44 49 39 ' ,'0 0 0 0 ' ,18 ,2 ,11, 11
477 ,120, 437, '259 306 366 423 ' ,'0 0 0 0 ' ,167 ,1 ,4, 4
622 ,462, 549, '314 517 247 196 ' ,'0 0 0 0 ' ,337 ,2 ,7, 6
605 ,560, 297, '269 238 246 284 ' ,'0 0 0 0 ' ,41 ,1 ,3, 3
268 ,595, 253, '240 227 229 204 ' ,'0 0 0 0 ' ,41 ,2 ,2, 2
291 ,258, 277, '244 213 263 226 ' ,'0 0 0 0 ' ,53 ,1 ,2, 2
294 ,281, 277, '242 200 221 264 ' ,'0 0 0 0 ' ,68 ,2 ,2, 2
262 ,282, 247, '220 234 212 225 ' ,'0 0 0 0 ' ,23 ,2 ,1, 1
294 ,258, 277, '226 218 229 175 ' ,'0 0 0 0 ' ,56 ,1 ,2, 2
240 ,283, 223, '204 180 210 212 ' ,'0 0 0 0 ' ,33 ,0 ,1, 1
255 ,231, 228, '178 199 217 166 ' ,'0 0 0 0 ' ,52 ,1 ,1, 0
264 ,244, 249, '233 206 234 202 ' ,'0 0 0 0 ' ,34 ,1 ,2, 2
248 ,254, 234, '207 177 215 204 ' ,'0 0 0 0 ' ,49 ,1 ,1, 1
578 ,239, 560, '548 208 214 245 ' ,'0 0 0 0 ' ,344 ,1 ,3, 2
287 ,569, 272, '218 258 250 234 ' ,'0 0 0 0 ' ,37 ,2 ,3, 2
255 ,276, 239, '226 229 212 217 ' ,'0 0 0 0 ' ,13 ,1 ,1, 1
254 ,247, 240, '222 217 201 186 ' ,'0 0 0 0 ' ,46 ,8 ,2, 2
255 ,245, 241, '222 224 196 174 ' ,'0 0 0 0 ' ,55 ,1 ,2, 1
350 ,247, 296, '285 215 230 221 ' ,'0 0 0 0 ' ,73 ,1 ,2, 2
294 ,305, 279, '266 226 236 252 ' ,'0 0 0 0 ' ,47 ,2 ,1, 1
261 ,288, 246, '177 234 185 213 ' ,'0 0 0 0 ' ,59 ,1 ,3, 2
237 ,251, 220, '180 208 197 175 ' ,'0 0 0 0 ' ,34 ,2 ,2, 2
252 ,229, 235, '224 200 200 180 ' ,'0 0 0 0 ' ,45 ,2 ,2, 2
365 ,245, 306, '247 195 210 276 ' ,'0 0 0 0 ' ,85 ,2 ,2, 1
364 ,372, 351, '268 229 288 343 ' ,'0 0 0 0 ' ,116 ,0 ,1, 1
281 ,356, 267, '231 255 243 234 ' ,'0 0 0 0 ' ,30 ,1 ,1, 1
257 ,272, 242, '173 233 205 204 ' ,'0 0 0 0 ' ,58 ,2 ,1, 0
253 ,249, 239, '214 227 220 208 ' ,'0 0 0 0 ' ,23 ,2 ,2, 2
267 ,249, 253, '181 194 221 242 ' ,'0 0 0 0 ' ,65 ,1 ,2, 1
262 ,258, 248, '224 216 235 200 ' ,'0 0 0 0 ' ,40 ,2 ,2, 2
240 ,253, 223, '179 189 195 215 ' ,'0 0 0 0 ' ,36 ,1 ,1, 0
259 ,232, 244, '194 201 183 234 ' ,'0 0 0 0 ' ,50 ,1 ,2, 1
423 ,249, 410, '398 215 252 255 ' ,'0 0 0 0 ' ,184 ,1 ,2, 2
330 ,415, 311, '213 202 301 212 ' ,'0 0 0 0 ' ,100 ,1 ,2, 1
275 ,318, 254, '228 234 226 242 ' ,'0 0 0 0 ' ,19 ,1 ,2, 2
327 ,259, 313, '240 217 249 306 ' ,'0 0 0 0 ' ,86 ,1 ,2, 2
272 ,319, 252, '198 235 244 231 ' ,'0 0 0 0 ' ,47 ,0 ,2, 2
264 ,261, 249, '215 207 237 205 ' ,'0 0 0 0 ' ,36 ,1 ,1, 1
267 ,258, 253, '220 189 169 243 ' ,'0 0 0 0 ' ,74 ,1 ,3, 2
225 ,257, 210, '186 184 199 181 ' ,'0 0 0 0 ' ,21 ,1 ,3, 3
247 ,215, 231, '200 192 221 177 ' ,'0 0 0 0 ' ,48 ,1 ,2, 2
216 ,236, 202, '184 186 193 190 ' ,'0 0 0 0 ' ,11 ,1 ,2, 1
263 ,207, 247, '239 219 222 204 ' ,'0 0 0 0 ' ,36 ,1 ,2, 2
295 ,254, 282, '193 271 251 230 ' ,'0 0 0 0 ' ,80 ,1 ,3, 2
301 ,286, 285, '199 232 276 202 ' ,'0 0 0 0 ' ,80 ,1 ,1, 1
229 ,291, 215, '178 197 175 207 ' ,'0 0 0 0 ' ,34 ,1 ,1, 1
302 ,219, 288, '215 267 184 280 ' ,'0 0 0 0 ' ,97 ,1 ,2, 2
320 ,292, 305, '294 217 253 275 ' ,'0 0 0 0 ' ,79 ,1 ,2, 2
254 ,311, 236, '205 195 228 178 ' ,'0 0 0 0 ' ,51 ,1 ,1, 1
249 ,241, 228, '206 175 219 188 ' ,'0 0 0 0 ' ,48 ,1 ,1, 1
291 ,240, 276, '245 228 241 271 ' ,'0 0 0 0 ' ,42 ,0 ,1, 1
303 ,283, 284, '258 271 210 232 ' ,'0 0 0 0 ' ,63 ,1 ,2, 2
287 ,297, 272, '261 246 209 227 ' ,'0 0 0 0 ' ,55 ,1 ,2, 2
239 ,277, 219, '204 203 197 212 ' ,'0 0 0 0 ' ,15 ,1 ,1, 1
270 ,228, 248, '223 237 238 228 ' ,'0 0 0 0 ' ,16 ,1 ,2, 1
245 ,258, 230, '205 208 205 223 ' ,'0 0 0 0 ' ,20 ,0 ,1, 1
249 ,236, 230, '205 202 213 221 ' ,'0 0 0 0 ' ,21 ,1 ,2, 1
286 ,237, 270, '261 178 225 244 ' ,'0 0 0 0 ' ,85 ,1 ,2, 2
282 ,276, 267, '221 222 245 257 ' ,'0 0 0 0 ' ,39 ,0 ,3, 2
248 ,270, 231, '207 222 210 193 ' ,'0 0 0 0 ' ,32 ,1 ,2, 2
252 ,237, 233, '189 223 203 225 ' ,'0 0 0 0 ' ,37 ,0 ,2, 2
361 ,244, 345, '268 335 246 303 ' ,'0 0 0 0 ' ,89 ,1 ,2, 2
283 ,354, 269, '235 259 244 211 ' ,'0 0 0 0 ' ,51 ,2 ,2, 2
324 ,274, 290, '241 201 280 176 ' ,'0 0 0 0 ' ,106 ,2 ,2, 2
297 ,296, 248, '198 198 211 203 ' ,'0 0 0 0 ' ,40 ,2 ,1, 1
314 ,271, 300, '266 237 291 218 ' ,'0 0 0 0 ' ,77 ,1 ,1, 1
280 ,305, 267, '258 256 230 210 ' ,'0 0 0 0 ' ,51 ,1 ,2, 2
282 ,271, 269, '259 237 242 230 ' ,'0 0 0 0 ' ,30 ,1 ,1, 1
277 ,274, 263, '253 196 195 211 ' ,'0 0 0 0 ' ,60 ,1 ,2, 2
268 ,267, 253, '201 230 244 230 ' ,'0 0 0 0 ' ,44 ,1 ,2, 2
310 ,258, 289, '283 237 264 281 ' ,'0 0 0 0 ' ,46 ,0 ,2, 2
271 ,298, 256, '166 225 247 217 ' ,'0 0 0 0 ' ,84 ,1 ,2, 2
340 ,262, 325, '220 241 214 317 ' ,'0 0 0 0 ' ,104 ,1 ,2, 2
291 ,330, 273, '262 227 239 192 ' ,'0 0 0 0 ' ,73 ,1 ,2, 2
345 ,279, 330, '231 263 321 271 ' ,'0 0 0 0 ' ,91 ,1 ,2, 2
275 ,335, 258, '181 248 171 183 ' ,'0 0 0 0 ' ,80 ,1 ,2, 1
278 ,264, 261, '232 222 251 202 ' ,'0 0 0 0 ' ,51 ,1 ,1, 1
310 ,269, 295, '216 211 286 187 ' ,'0 0 0 0 ' ,101 ,1 ,2, 1
300 ,300, 280, '272 271 245 189 ' ,'0 0 0 0 ' ,85 ,1 ,2, 1
286 ,290, 271, '232 261 188 233 ' ,'0 0 0 0 ' ,75 ,1 ,2, 2
264 ,276, 245, '188 185 219 236 ' ,'0 0 0 0 ' ,52 ,1 ,2, 2
282 ,254, 266, '253 208 200 187 ' ,'0 0 0 0 ' ,72 ,0 ,2, 2
231 ,273, 217, '205 188 186 196 ' ,'0 0 0 0 ' ,25 ,5 ,1, 1
305 ,224, 291, '167 282 187 257 ' ,'0 0 0 0 ' ,117 ,1 ,1, 1
314 ,296, 301, '221 195 217 291 ' ,'0 0 0 0 ' ,97 ,1 ,3, 2
259 ,306, 245, '208 224 216 238 ' ,'0 0 0 0 ' ,30 ,1 ,1, 1
300 ,251, 285, '228 258 198 277 ' ,'0 0 0 0 ' ,79 ,1 ,2, 2
303 ,290, 287, '217 217 238 278 ' ,'0 0 0 0 ' ,64 ,1 ,2, 2
353 ,293, 337, '195 279 327 252 ' ,'0 0 0 0 ' ,134 ,1 ,2, 2
284 ,344, 266, '226 210 257 182 ' ,'0 0 0 0 ' ,77 ,1 ,2, 2
293 ,272, 270, '181 261 244 189 ' ,'0 0 0 0 ' ,82 ,1 ,2, 2
299 ,276, 282, '181 205 271 226 ' ,'0 0 0 0 ' ,95 ,1 ,2, 2
253 ,287, 239, '162 228 199 170 ' ,'0 0 0 0 ' ,69 ,1 ,2, 2
247 ,252, 229, '160 218 152 208 ' ,'0 0 0 0 ' ,69 ,1 ,2, 1
230 ,234, 206, '194 174 198 181 ' ,'0 0 0 0 ' ,27 ,1 ,1, 0
253 ,211, 235, '184 209 227 222 ' ,'0 0 0 0 ' ,45 ,1 ,1, 1
231 ,243, 215, '205 205 191 179 ' ,'0 0 0 0 ' ,28 ,1 ,2, 2
287 ,220, 272, '260 214 235 262 ' ,'0 0 0 0 ' ,49 ,1 ,2, 1
291 ,277, 275, '265 217 196 204 ' ,'0 0 0 0 ' ,72 ,1 ,2, 1
275 ,282, 258, '247 238 213 244 ' ,'0 0 0 0 ' ,36 ,1 ,2, 2
317 ,267, 304, '243 294 289 219 ' ,'0 0 0 0 ' ,79 ,1 ,1, 1
317 ,310, 297, '209 253 195 288 ' ,'0 0 0 0 ' ,93 ,1 ,2, 2
277 ,304, 263, '241 250 250 213 ' ,'0 0 0 0 ' ,42 ,2 ,3, 3
390 ,266, 375, '252 238 273 363 ' ,'0 0 0 0 ' ,128 ,1 ,3, 2
345 ,382, 330, '285 319 243 269 ' ,'0 0 0 0 ' ,79 ,2 ,2, 2
304 ,337, 292, '243 271 204 282 ' ,'0 0 0 0 ' ,80 ,2 ,3, 2
281 ,295, 254, '210 244 225 215 ' ,'0 0 0 0 ' ,33 ,2 ,2, 2
278 ,263, 262, '202 206 236 252 ' ,'0 0 0 0 ' ,52 ,1 ,2, 1
313 ,268, 295, '258 280 225 286 ' ,'0 0 0 0 ' ,60 ,1 ,2, 2
283 ,304, 265, '255 252 223 221 ' ,'0 0 0 0 ' ,33 ,1 ,3, 2
263 ,269, 249, '204 237 216 211 ' ,'0 0 0 0 ' ,37 ,1 ,3, 2
241 ,254, 225, '189 216 200 182 ' ,'0 0 0 0 ' ,37 ,1 ,1, 1
222 ,232, 205, '156 193 194 167 ' ,'0 0 0 0 ' ,42 ,1 ,2, 2
331 ,209, 314, '184 286 219 305 ' ,'0 0 0 0 ' ,123 ,1 ,2, 2
280 ,319, 258, '178 176 248 191 ' ,'0 0 0 0 ' ,73 ,1 ,2, 2
240 ,264, 224, '181 187 215 184 ' ,'0 0 0 0 ' ,37 ,1 ,1, 1
284 ,230, 269, '195 228 260 186 ' ,'0 0 0 0 ' ,76 ,1 ,1, 1
235 ,276, 220, '175 191 186 213 ' ,'0 0 0 0 ' ,38 ,0 ,2, 1
265 ,225, 247, '236 217 192 180 ' ,'0 0 0 0 ' ,59 ,1 ,2, 2
284 ,255, 269, '220 183 260 228 ' ,'0 0 0 0 ' ,79 ,1 ,1, 1
251 ,275, 230, '212 219 209 222 ' ,'0 0 0 0 ' ,14 ,1 ,2, 2
350 ,238, 335, '323 273 245 234 ' ,'0 0 0 0 ' ,94 ,1 ,2, 2
317 ,339, 303, '185 291 246 214 ' ,'0 0 0 0 ' ,108 ,1 ,3, 2
319 ,307, 305, '191 296 213 235 ' ,'0 0 0 0 ' ,107 ,1 ,2, 2
411 ,310, 396, '282 254 386 324 ' ,'0 0 0 0 ' ,134 ,1 ,2, 1
291 ,401, 268, '166 258 252 203 ' ,'0 0 0 0 ' ,95 ,2 ,1, 1
249 ,283, 235, '186 220 208 225 ' ,'0 0 0 0 ' ,41 ,1 ,2, 2
250 ,240, 234, '221 217 216 192 ' ,'0 0 0 0 ' ,31 ,0 ,2, 1
256 ,238, 238, '196 229 223 210 ' ,'0 0 0 0 ' ,36 ,1 ,1, 1
243 ,244, 230, '192 219 192 209 ' ,'0 0 0 0 ' ,29 ,1 ,2, 2
257 ,235, 243, '193 205 182 233 ' ,'0 0 0 0 ' ,52 ,1 ,2, 2
213 ,247, 199, '189 159 186 179 ' ,'0 0 0 0 ' ,31 ,1 ,2, 1
285 ,205, 270, '214 216 259 168 ' ,'0 0 0 0 ' ,95 ,1 ,2, 2
342 ,276, 328, '232 320 256 251 ' ,'0 0 0 0 ' ,89 ,1 ,1, 1
317 ,334, 302, '248 204 290 224 ' ,'0 0 0 0 ' ,89 ,2 ,2, 2
342 ,308, 325, '295 300 271 315 ' ,'0 0 0 0 ' ,45 ,1 ,2, 2
323 ,334, 305, '229 193 295 295 ' ,'0 0 0 0 ' ,102 ,1 ,1, 1
370 ,310, 353, '336 342 274 294 ' ,'0 0 0 0 ' ,70 ,1 ,3, 2
365 ,362, 348, '210 337 299 306 ' ,'0 0 0 0 ' ,130 ,1 ,3, 2
313 ,352, 298, '254 285 261 236 ' ,'0 0 0 0 ' ,53 ,1 ,3, 2
272 ,303, 258, '235 248 243 232 ' ,'0 0 0 0 ' ,19 ,1 ,1, 1
313 ,264, 300, '283 265 219 187 ' ,'0 0 0 0 ' ,101 ,1 ,2, 2
240 ,305, 226, '206 181 215 198 ' ,'0 0 0 0 ' ,36 ,1 ,3, 2
277 ,231, 259, '200 247 191 215 ' ,'0 0 0 0 ' ,59 ,1 ,3, 2
269 ,266, 255, '244 192 206 242 ' ,'0 0 0 0 ' ,54 ,1 ,2, 1
263 ,260, 249, '197 188 238 154 ' ,'0 0 0 0 ' ,88 ,1 ,2, 1
272 ,254, 253, '228 237 242 173 ' ,'0 0 0 0 ' ,75 ,1 ,2, 1
302 ,260, 284, '193 274 245 266 ' ,'0 0 0 0 ' ,83 ,1 ,2, 2
336 ,289, 318, '212 306 245 237 ' ,'0 0 0 0 ' ,98 ,1 ,2, 2
410 ,322, 393, '381 303 286 275 ' ,'0 0 0 0 ' ,110 ,1 ,3, 2
372 ,397, 359, '348 247 263 216 ' ,'0 0 0 0 ' ,134 ,1 ,2, 2
338 ,364, 325, '251 299 311 253 ' ,'0 0 0 0 ' ,62 ,1 ,3, 2
348 ,329, 330, '257 319 249 217 ' ,'0 0 0 0 ' ,105 ,1 ,2, 1
509 ,339, 490, '236 384 353 481 ' ,'0 0 0 0 ' ,244 ,0 ,2, 2
317 ,500, 305, '280 293 262 276 ' ,'0 0 0 0 ' ,32 ,1 ,2, 2
268 ,308, 254, '168 245 228 228 ' ,'0 0 0 0 ' ,77 ,0 ,2, 2
255 ,259, 241, '190 166 208 230 ' ,'0 0 0 0 ' ,66 ,0 ,2, 2
335 ,246, 320, '193 188 228 310 ' ,'0 0 0 0 ' ,122 ,1 ,2, 1
294 ,326, 280, '260 254 241 215 ' ,'0 0 0 0 ' ,49 ,2 ,1, 1
289 ,285, 274, '204 176 262 190 ' ,'0 0 0 0 ' ,90 ,1 ,2, 2
326 ,279, 313, '207 177 302 208 ' ,'0 0 0 0 ' ,126 ,2 ,1, 1
319 ,318, 302, '224 211 215 292 ' ,'0 0 0 0 ' ,83 ,1 ,2, 1
280 ,307, 266, '231 237 254 236 ' ,'0 0 0 0 ' ,24 ,2 ,2, 2
342 ,270, 327, '245 312 210 314 ' ,'0 0 0 0 ' ,107 ,2 ,3, 2
317 ,334, 301, '287 229 251 231 ' ,'0 0 0 0 ' ,62 ,2 ,2, 2
345 ,309, 330, '319 229 269 265 ' ,'0 0 0 0 ' ,92 ,2 ,3, 2
310 ,336, 295, '281 172 230 238 ' ,'0 0 0 0 ' ,113 ,2 ,2, 2
317 ,300, 300, '234 270 289 250 ' ,'0 0 0 0 ' ,58 ,2 ,1, 1
282 ,306, 268, '256 233 193 254 ' ,'0 0 0 0 ' ,67 ,1 ,3, 2
286 ,273, 271, '234 225 259 227 ' ,'0 0 0 0 ' ,38 ,2 ,1, 1
264 ,277, 248, '238 223 186 227 ' ,'0 0 0 0 ' ,54 ,1 ,1, 1
236 ,256, 220, '187 190 174 210 ' ,'0 0 0 0 ' ,36 ,2 ,2, 2
278 ,228, 263, '215 250 208 248 ' ,'0 0 0 0 ' ,48 ,1 ,2, 2
290 ,270, 275, '233 261 194 222 ' ,'0 0 0 0 ' ,69 ,1 ,2, 2
291 ,281, 276, '256 228 262 250 ' ,'0 0 0 0 ' ,39 ,1 ,2, 2
430 ,281, 415, '213 286 240 405 ' ,'0 0 0 0 ' ,193 ,1 ,2, 2
271 ,419, 257, '247 217 231 234 ' ,'0 0 0 0 ' ,30 ,1 ,2, 2
314 ,262, 300, '234 267 232 290 ' ,'0 0 0 0 ' ,58 ,1 ,3, 2
413 ,304, 397, '250 222 264 387 ' ,'0 0 0 0 ' ,164 ,1 ,3, 2
299 ,452, 285, '255 235 273 228 ' ,'0 0 0 0 ' ,49 ,1 ,2, 2
271 ,290, 258, '227 247 237 232 ' ,'0 0 0 0 ' ,19 ,2 ,2, 2
287 ,263, 273, '258 228 217 230 ' ,'0 0 0 0 ' ,44 ,1 ,3, 2
335 ,278, 322, '220 240 238 313 ' ,'0 0 0 0 ' ,93 ,1 ,2, 2
253 ,327, 240, '159 226 224 229 ' ,'0 0 0 0 ' ,71 ,1 ,3, 2
318 ,244, 303, '278 247 291 226 ' ,'0 0 0 0 ' ,68 ,1 ,2, 1
275 ,311, 261, '182 180 249 212 ' ,'0 0 0 0 ' ,72 ,1 ,2, 2
300 ,265, 284, '273 180 205 208 ' ,'0 0 0 0 ' ,98 ,2 ,2, 1
265 ,290, 252, '201 152 239 170 ' ,'0 0 0 0 ' ,91 ,2 ,2, 1
418 ,257, 403, '224 241 256 392 ' ,'0 0 0 0 ' ,169 ,1 ,2, 2
288 ,407, 253, '217 171 225 240 ' ,'0 0 0 0 ' ,71 ,1 ,2, 2
332 ,262, 312, '201 160 196 301 ' ,'0 0 0 0 ' ,143 ,1 ,2, 1
240 ,321, 226, '171 196 202 215 ' ,'0 0 0 0 ' ,45 ,1 ,2, 1
304 ,231, 287, '274 248 238 271 ' ,'0 0 0 0 ' ,36 ,1 ,2, 2
419 ,291, 405, '253 299 270 394 ' ,'0 0 0 0 ' ,142 ,1 ,2, 1
323 ,410, 304, '223 241 237 293 ' ,'0 0 0 0 ' ,67 ,1 ,3, 2
333 ,308, 318, '198 226 301 222 ' ,'0 0 0 0 ' ,111 ,1 ,2, 2
344 ,324, 330, '317 246 290 321 ' ,'0 0 0 0 ' ,76 ,2 ,1, 1
273 ,336, 258, '248 208 217 195 ' ,'0 0 0 0 ' ,55 ,1 ,2, 1
290 ,264, 276, '172 260 222 250 ' ,'0 0 0 0 ' ,92 ,1 ,4, 4
267 ,280, 250, '218 241 173 184 ' ,'0 0 0 0 ' ,66 ,1 ,2, 2
261 ,255, 245, '229 195 180 170 ' ,'0 0 0 0 ' ,66 ,2 ,2, 2
254 ,251, 240, '187 226 227 175 ' ,'0 0 0 0 ' ,57 ,2 ,1, 1
252 ,245, 238, '195 176 227 182 ' ,'0 0 0 0 ' ,54 ,2 ,2, 1
264 ,244, 250, '173 203 208 243 ' ,'0 0 0 0 ' ,69 ,1 ,1, 1
224 ,255, 209, '194 194 188 175 ' ,'0 0 0 0 ' ,26 ,2 ,2, 2
284 ,213, 263, '230 250 223 225 ' ,'0 0 0 0 ' ,29 ,2 ,3, 2
367 ,272, 352, '185 340 230 268 ' ,'0 0 0 0 ' ,160 ,2 ,2, 2
302 ,358, 284, '235 232 238 274 ' ,'0 0 0 0 ' ,43 ,1 ,2, 2
339 ,294, 321, '240 261 195 308 ' ,'0 0 0 0 ' ,116 ,1 ,3, 2
367 ,330, 337, '253 279 278 326 ' ,'0 0 0 0 ' ,73 ,1 ,3, 2
307 ,355, 294, '281 187 240 264 ' ,'0 0 0 0 ' ,97 ,2 ,2, 2
257 ,299, 244, '217 230 220 188 ' ,'0 0 0 0 ' ,45 ,1 ,2, 2
267 ,249, 253, '230 229 242 152 ' ,'0 0 0 0 ' ,91 ,0 ,2, 1
309 ,259, 286, '268 260 203 218 ' ,'0 0 0 0 ' ,72 ,1 ,2, 2
276 ,339, 259, '218 194 198 212 ' ,'0 0 0 0 ' ,28 ,2 ,29, 1
247 ,263, 231, '220 178 217 194 ' ,'0 0 0 0 ' ,43 ,2 ,1, 0
248 ,238, 229, '210 162 216 187 ' ,'0 0 0 0 ' ,61 ,1 ,2, 1
256 ,237, 237, '196 209 175 229 ' ,'0 0 0 0 ' ,52 ,1 ,2, 1
286 ,242, 269, '209 256 179 249 ' ,'0 0 0 0 ' ,79 ,1 ,2, 2
443 ,277, 427, '246 225 256 416 ' ,'0 0 0 0 ' ,192 ,2 ,2, 2
471 ,431, 455, '233 170 443 270 ' ,'0 0 0 0 ' ,274 ,1 ,3, 2
314 ,461, 293, '248 253 189 285 ' ,'0 0 0 0 ' ,94 ,1 ,2, 2
350 ,303, 333, '319 253 269 307 ' ,'0 0 0 0 ' ,69 ,2 ,2, 2
366 ,341, 351, '338 301 273 323 ' ,'0 0 0 0 ' ,66 ,1 ,3, 2
336 ,356, 311, '299 261 248 248 ' ,'0 0 0 0 ' ,54 ,2 ,2, 2
342 ,317, 324, '310 252 259 285 ' ,'0 0 0 0 ' ,63 ,2 ,2, 2
384 ,332, 370, '237 287 248 357 ' ,'0 0 0 0 ' ,122 ,1 ,2, 2
260 ,375, 246, '230 233 207 222 ' ,'0 0 0 0 ' ,28 ,1 ,2, 1
301 ,251, 288, '271 273 232 230 ' ,'0 0 0 0 ' ,50 ,2 ,2, 2
280 ,293, 265, '248 228 199 254 ' ,'0 0 0 0 ' ,55 ,1 ,2, 2
291 ,269, 272, '250 200 260 208 ' ,'0 0 0 0 ' ,61 ,1 ,2, 2
239 ,284, 225, '187 160 213 208 ' ,'0 0 0 0 ' ,56 ,2 ,1, 1
255 ,230, 230, '221 188 182 212 ' ,'0 0 0 0 ' ,36 ,1 ,1, 1
255 ,236, 241, '206 194 187 229 ' ,'0 0 0 0 ' ,44 ,2 ,2, 2
282 ,245, 266, '245 223 207 255 ' ,'0 0 0 0 ' ,49 ,2 ,3, 2
303 ,272, 287, '231 275 200 270 ' ,'0 0 0 0 ' ,76 ,2 ,2, 1
262 ,293, 247, '227 230 229 222 ' ,'0 0 0 0 ' ,15 ,1 ,2, 1
284 ,254, 270, '254 205 214 172 ' ,'0 0 0 0 ' ,88 ,1 ,3, 2
377 ,275, 362, '207 347 322 300 ' ,'0 0 0 0 ' ,144 ,2 ,3, 2
318 ,368, 304, '289 268 218 182 ' ,'0 0 0 0 ' ,112 ,1 ,3, 3
311 ,309, 296, '253 227 285 177 ' ,'0 0 0 0 ' ,110 ,2 ,1, 1
289 ,301, 273, '259 256 243 241 ' ,'0 0 0 0 ' ,22 ,2 ,2, 2
259 ,279, 245, '229 229 217 206 ' ,'0 0 0 0 ' ,28 ,2 ,2, 2
280 ,250, 267, '208 235 253 240 ' ,'0 0 0 0 ' ,47 ,1 ,2, 2
244 ,271, 229, '215 207 187 170 ' ,'0 0 0 0 ' ,48 ,1 ,2, 2
257 ,233, 239, '223 224 184 189 ' ,'0 0 0 0 ' ,44 ,1 ,2, 1
254 ,247, 239, '218 227 188 181 ' ,'0 0 0 0 ' ,50 ,1 ,2, 2
284 ,245, 270, '256 236 168 228 ' ,'0 0 0 0 ' ,91 ,2 ,2, 2
296 ,274, 279, '264 213 184 184 ' ,'0 0 0 0 ' ,85 ,2 ,2, 2
283 ,284, 268, '251 175 227 168 ' ,'0 0 0 0 ' ,91 ,3 ,2, 1
220 ,273, 201, '188 171 186 173 ' ,'0 0 0 0 ' ,19 ,1 ,1, 1
256 ,206, 241, '228 168 201 169 ' ,'0 0 0 0 ' ,64 ,1 ,2, 2
242 ,280, 228, '193 201 174 217 ' ,'0 0 0 0 ' ,40 ,2 ,2, 2
301 ,233, 282, '199 270 181 185 ' ,'0 0 0 0 ' ,88 ,1 ,2, 2
347 ,294, 333, '266 211 318 221 ' ,'0 0 0 0 ' ,109 ,1 ,2, 1
313 ,339, 297, '283 234 220 189 ' ,'0 0 0 0 ' ,100 ,2 ,2, 2
365 ,303, 352, '266 338 282 276 ' ,'0 0 0 0 ' ,75 ,1 ,2, 2
328 ,357, 315, '258 222 302 215 ' ,'0 0 0 0 ' ,89 ,1 ,3, 2
631 ,320, 616, '230 331 249 329 ' ,'0 0 0 0 ' ,376 ,276 ,3, 2
280 ,622, 264, '250 246 229 209 ' ,'0 0 0 0 ' ,44 ,1 ,2, 2
280 ,269, 266, '223 210 254 198 ' ,'0 0 0 0 ' ,59 ,1 ,2, 2
240 ,271, 226, '191 215 182 154 ' ,'0 0 0 0 ' ,65 ,1 ,2, 2
237 ,232, 223, '204 188 211 189 ' ,'0 0 0 0 ' ,25 ,1 ,2, 2
292 ,229, 278, '198 233 240 269 ' ,'0 0 0 0 ' ,71 ,1 ,1, 1
287 ,284, 272, '259 182 187 172 ' ,'0 0 0 0 ' ,91 ,2 ,2, 2
260 ,279, 246, '222 223 234 183 ' ,'0 0 0 0 ' ,55 ,1 ,1, 0
297 ,252, 285, '208 172 204 273 ' ,'0 0 0 0 ' ,102 ,1 ,3, 2
439 ,289, 420, '382 400 253 411 ' ,'0 114958 0 145611 ' ,156 ,1 ,3, 2
351 ,430, 337, '263 307 323 247 ' ,'0 0 0 0 ' ,80 ,1 ,3, 2
306 ,341, 291, '208 280 262 232 ' ,'0 0 0 0 ' ,76 ,2 ,1, 1
320 ,301, 304, '247 257 290 277 ' ,'0 0 0 0 ' ,47 ,1 ,2, 2
365 ,309, 346, '237 263 332 266 ' ,'0 0 0 0 ' ,99 ,1 ,2, 2
297 ,353, 285, '219 255 272 239 ' ,'0 0 0 0 ' ,55 ,1 ,3, 2
285 ,288, 272, '230 219 231 263 ' ,'0 0 0 0 ' ,42 ,1 ,2, 2
281 ,276, 263, '230 253 232 223 ' ,'0 0 0 0 ' ,31 ,2 ,2, 2
350 ,272, 336, '247 175 195 325 ' ,'0 0 0 0 ' ,149 ,1 ,2, 2
260 ,342, 246, '234 206 190 199 ' ,'0 0 0 0 ' ,47 ,1 ,2, 2
259 ,250, 244, '233 183 179 177 ' ,'0 0 0 0 ' ,59 ,1 ,2, 2
253 ,250, 239, '223 171 201 226 ' ,'0 0 0 0 ' ,57 ,1 ,2, 2
238 ,245, 222, '191 194 209 192 ' ,'0 0 0 0 ' ,22 ,1 ,2, 1
245 ,228, 218, '183 179 192 209 ' ,'0 0 0 0 ' ,31 ,0 ,2, 1
240 ,232, 222, '212 185 163 184 ' ,'0 0 0 0 ' ,50 ,0 ,2, 2
250 ,231, 234, '193 184 222 191 ' ,'0 0 0 0 ' ,40 ,1 ,2, 2
368 ,239, 355, '340 265 215 298 ' ,'0 0 0 0 ' ,130 ,1 ,2, 2
381 ,358, 365, '351 236 228 237 ' ,'0 0 0 0 ' ,127 ,2 ,2, 2
303 ,374, 288, '175 260 253 279 ' ,'0 0 0 0 ' ,104 ,1 ,2, 2
332 ,295, 314, '235 301 248 259 ' ,'0 0 0 0 ' ,68 ,1 ,3, 2
283 ,324, 270, '255 229 236 224 ' ,'0 0 0 0 ' ,35 ,1 ,3, 2
344 ,274, 331, '226 284 262 322 ' ,'0 0 0 0 ' ,95 ,1 ,2, 1
322 ,337, 307, '240 242 292 237 ' ,'0 0 0 0 ' ,62 ,1 ,3, 2
361 ,312, 344, '331 234 307 241 ' ,'0 0 0 0 ' ,100 ,1 ,2, 2
331 ,351, 310, '296 249 267 217 ' ,'0 0 0 0 ' ,83 ,2 ,2, 2
281 ,324, 265, '243 255 238 235 ' ,'0 0 0 0 ' ,24 ,1 ,1, 1
530 ,272, 515, '240 305 242 312 ' ,'0 0 0 0 ' ,263 ,193 ,2, 2
278 ,520, 259, '247 163 236 210 ' ,'0 0 0 0 ' ,87 ,1 ,2, 1
237 ,264, 221, '177 188 183 212 ' ,'0 0 0 0 ' ,35 ,1 ,2, 1
271 ,228, 254, '177 173 205 243 ' ,'0 0 0 0 ' ,72 ,2 ,2, 2
251 ,258, 237, '196 183 199 226 ' ,'0 0 0 0 ' ,45 ,2 ,2, 1
269 ,241, 256, '182 243 208 203 ' ,'0 0 0 0 ' ,64 ,1 ,2, 2
