1218 ,0, 1125, '100 115 121 109 ' ,'0 0 0 0 ' ,971 ,3 ,8, 7
1462 ,1153, 1442, '865 876 878 843 ' ,'0 0 0 0 ' ,570 ,1 ,8, 8
960 ,1452, 943, '895 894 861 911 ' ,'0 0 0 0 ' ,59 ,3 ,11, 10
1055 ,949, 1018, '942 985 970 973 ' ,'0 0 0 0 ' ,46 ,1 ,8, 6
1065 ,1048, 1001, '954 933 973 919 ' ,'0 0 0 0 ' ,49 ,1 ,11, 11
1036 ,1006, 1008, '923 925 981 911 ' ,'0 0 0 0 ' ,70 ,3 ,10, 9
850 ,1067, 836, '717 802 786 744 ' ,'0 0 0 0 ' ,97 ,3 ,8, 8
847 ,841, 824, '803 801 769 788 ' ,'0 0 0 0 ' ,42 ,2 ,8, 8
891 ,839, 878, '822 831 854 843 ' ,'0 0 0 0 ' ,38 ,3 ,7, 6
1024 ,883, 1004, '837 833 955 849 ' ,'0 0 0 0 ' ,154 ,32 ,7, 7
976 ,1018, 958, '896 851 933 874 ' ,'0 0 0 0 ' ,86 ,4 ,11, 10
994 ,963, 978, '945 922 956 936 ' ,'0 0 0 0 ' ,41 ,3 ,7, 7
1059 ,989, 1047, '981 974 944 1029 ' ,'0 0 0 0 ' ,80 ,1 ,8, 7
1084 ,1063, 1065, '940 1036 981 963 ' ,'0 0 0 0 ' ,106 ,2 ,8, 7
998 ,1075, 965, '938 923 944 901 ' ,'0 0 0 0 ' ,46 ,2 ,6, 5
1022 ,982, 998, '972 926 977 965 ' ,'0 0 0 0 ' ,54 ,1 ,11, 11
1005 ,1020, 975, '918 946 931 872 ' ,'0 0 0 0 ' ,83 ,1 ,9, 8
1104 ,978, 1002, '855 908 938 987 ' ,'0 0 0 0 ' ,132 ,1 ,7, 7
960 ,1097, 946, '884 896 924 884 ' ,'0 0 0 0 ' ,44 ,1 ,9, 9
899 ,950, 887, '787 838 869 844 ' ,'0 0 0 0 ' ,79 ,1 ,9, 9
892 ,892, 877, '861 814 834 860 ' ,'0 0 0 0 ' ,49 ,1 ,5, 5
904 ,883, 866, '852 842 823 876 ' ,'0 0 0 0 ' ,54 ,1 ,6, 6
918 ,896, 902, '883 844 826 856 ' ,'0 0 0 0 ' ,60 ,2 ,7, 7
943 ,910, 924, '859 802 893 907 ' ,'0 0 0 0 ' ,109 ,2 ,8, 7
949 ,934, 934, '904 900 914 890 ' ,'0 0 0 0 ' ,27 ,2 ,6, 6
1039 ,941, 1027, '1007 932 964 979 ' ,'0 0 0 0 ' ,77 ,2 ,9, 8
996 ,1032, 982, '966 958 890 943 ' ,'0 0 0 0 ' ,76 ,1 ,7, 7
1056 ,990, 1044, '1008 1026 983 991 ' ,'0 0 0 0 ' ,45 ,1 ,8, 7
1063 ,1050, 1022, '944 1002 935 973 ' ,'0 0 0 0 ' ,71 ,2 ,9, 8
994 ,1055, 978, '942 955 957 959 ' ,'0 0 0 0 ' ,20 ,1 ,8, 8
984 ,986, 947, '945 938 904 905 ' ,'0 0 0 0 ' ,49 ,2 ,10, 10
1014 ,975, 1000, '980 881 916 946 ' ,'0 0 0 0 ' ,102 ,2 ,11, 10
911 ,1005, 892, '838 874 829 836 ' ,'0 0 0 0 ' ,50 ,2 ,7, 7
936 ,905, 920, '900 898 896 899 ' ,'0 0 0 0 ' ,4 ,1 ,9, 8
945 ,929, 929, '867 856 876 913 ' ,'0 0 0 0 ' ,56 ,2 ,9, 9
897 ,935, 880, '819 851 863 859 ' ,'0 0 0 0 ' ,45 ,2 ,6, 6
914 ,889, 901, '884 883 825 862 ' ,'0 0 0 0 ' ,63 ,2 ,6, 5
933 ,909, 916, '896 882 863 883 ' ,'0 0 0 0 ' ,38 ,2 ,8, 7
927 ,926, 915, '893 894 884 896 ' ,'0 0 0 0 ' ,14 ,2 ,8, 8
1014 ,922, 985, '971 915 897 922 ' ,'0 0 0 0 ' ,76 ,1 ,7, 7
1000 ,994, 985, '954 957 964 969 ' ,'0 0 0 0 ' ,18 ,2 ,7, 7
1062 ,993, 1047, '971 1029 984 956 ' ,'0 0 0 0 ' ,76 ,2 ,7, 7
1057 ,1070, 1043, '1020 999 1019 961 ' ,'0 0 0 0 ' ,65 ,2 ,10, 10
1072 ,1048, 1053, '1028 995 983 954 ' ,'0 0 0 0 ' ,82 ,2 ,10, 10
1070 ,1057, 1055, '1033 1030 998 1016 ' ,'0 0 0 0 ' ,36 ,2 ,12, 11
946 ,1061, 932, '876 859 908 908 ' ,'0 0 0 0 ' ,55 ,1 ,8, 8
979 ,939, 955, '885 855 935 935 ' ,'0 0 0 0 ' ,83 ,1 ,10, 9
932 ,961, 918, '901 870 894 877 ' ,'0 0 0 0 ' ,33 ,1 ,8, 8
947 ,923, 930, '871 875 846 915 ' ,'0 0 0 0 ' ,68 ,1 ,8, 7
971 ,936, 958, '911 867 912 946 ' ,'0 0 0 0 ' ,79 ,1 ,5, 5
966 ,967, 952, '873 884 932 873 ' ,'0 0 0 0 ' ,63 ,2 ,8, 7
1014 ,958, 999, '889 829 866 979 ' ,'0 0 0 0 ' ,149 ,2 ,10, 9
905 ,1004, 891, '842 830 871 862 ' ,'0 0 0 0 ' ,46 ,2 ,9, 9
974 ,898, 957, '938 859 876 882 ' ,'0 0 0 0 ' ,83 ,1 ,8, 7
1044 ,966, 1031, '1015 945 907 947 ' ,'0 0 0 0 ' ,108 ,1 ,7, 7
983 ,1039, 969, '900 888 922 954 ' ,'0 0 0 0 ' ,64 ,1 ,8, 8
1144 ,974, 1129, '940 960 1109 945 ' ,'0 0 0 0 ' ,174 ,1 ,8, 8
886 ,1138, 872, '825 825 810 855 ' ,'0 0 0 0 ' ,44 ,0 ,9, 9
909 ,877, 895, '875 809 873 863 ' ,'0 0 0 0 ' ,71 ,1 ,8, 8
918 ,900, 904, '846 866 885 870 ' ,'0 0 0 0 ' ,41 ,1 ,7, 7
928 ,910, 914, '863 877 874 895 ' ,'0 0 0 0 ' ,23 ,2 ,9, 9
950 ,919, 933, '864 819 863 914 ' ,'0 0 0 0 ' ,99 ,2 ,9, 8
955 ,939, 940, '893 863 895 920 ' ,'0 0 0 0 ' ,58 ,2 ,10, 9
1572 ,945, 1555, '1536 872 869 889 ' ,'609158 0 0 0 ' ,667 ,2 ,8, 7
943 ,1566, 929, '909 848 889 874 ' ,'0 0 0 0 ' ,66 ,2 ,8, 7
985 ,934, 967, '923 899 940 947 ' ,'0 0 0 0 ' ,49 ,2 ,9, 9
1010 ,976, 992, '973 939 950 976 ' ,'0 0 0 0 ' ,39 ,2 ,7, 6
1021 ,1000, 1005, '983 918 972 945 ' ,'0 0 0 0 ' ,70 ,3 ,9, 9
907 ,1011, 888, '853 856 864 861 ' ,'0 0 0 0 ' ,18 ,2 ,9, 9
978 ,899, 965, '926 920 865 949 ' ,'0 0 0 0 ' ,85 ,2 ,7, 7
1643 ,973, 1619, '871 862 891 1603 ' ,'0 0 0 686826 ' ,740 ,2 ,9, 8
901 ,1630, 887, '833 835 815 868 ' ,'0 0 0 0 ' ,53 ,2 ,9, 8
904 ,893, 881, '833 837 817 843 ' ,'0 0 0 0 ' ,30 ,3 ,8, 7
1512 ,896, 1499, '880 831 1479 787 ' ,'0 0 625053 0 ' ,698 ,2 ,7, 7
912 ,1505, 891, '869 805 873 862 ' ,'0 0 0 0 ' ,70 ,1 ,8, 7
940 ,896, 926, '903 846 883 898 ' ,'0 0 0 0 ' ,63 ,2 ,8, 7
957 ,930, 940, '916 838 830 920 ' ,'0 0 0 0 ' ,93 ,3 ,8, 7
1008 ,948, 980, '927 928 956 920 ' ,'0 0 0 0 ' ,43 ,2 ,10, 9
1058 ,985, 1043, '1022 925 877 939 ' ,'0 0 0 0 ' ,149 ,1 ,11, 10
1046 ,1049, 1029, '987 876 981 1010 ' ,'0 0 0 0 ' ,136 ,2 ,8, 7
1691 ,1034, 1675, '965 1651 998 950 ' ,'0 703974 0 0 ' ,705 ,2 ,11, 11
1034 ,1683, 1010, '986 907 962 963 ' ,'0 0 0 0 ' ,86 ,2 ,9, 8
1034 ,1020, 1017, '895 852 982 898 ' ,'0 0 0 0 ' ,146 ,1 ,10, 10
923 ,1023, 907, '849 871 865 888 ' ,'0 0 0 0 ' ,39 ,1 ,10, 9
915 ,914, 901, '874 855 826 850 ' ,'0 0 0 0 ' ,54 ,2 ,9, 9
928 ,907, 908, '836 861 883 839 ' ,'0 0 0 0 ' ,62 ,2 ,7, 7
960 ,919, 945, '818 833 919 847 ' ,'0 0 0 0 ' ,112 ,9 ,6, 6
916 ,952, 903, '851 881 834 847 ' ,'0 0 0 0 ' ,50 ,1 ,9, 9
926 ,907, 911, '856 887 884 864 ' ,'0 0 0 0 ' ,37 ,2 ,9, 8
1046 ,918, 1033, '885 869 846 1014 ' ,'0 0 0 0 ' ,168 ,2 ,8, 8
995 ,1040, 979, '910 900 801 940 ' ,'0 0 0 0 ' ,160 ,22 ,8, 8
961 ,986, 948, '911 909 914 927 ' ,'0 0 0 0 ' ,21 ,2 ,9, 8
1030 ,954, 1015, '986 919 955 961 ' ,'0 0 0 0 ' ,74 ,1 ,10, 10
1052 ,1031, 1035, '1007 893 945 943 ' ,'0 0 0 0 ' ,122 ,2 ,10, 9
1005 ,1041, 988, '902 911 946 965 ' ,'0 0 0 0 ' ,68 ,3 ,10, 9
987 ,993, 976, '900 907 952 903 ' ,'0 0 0 0 ' ,56 ,2 ,10, 10
988 ,979, 974, '950 894 876 944 ' ,'0 0 0 0 ' ,79 ,2 ,8, 8
1017 ,978, 1004, '864 877 978 925 ' ,'0 0 0 0 ' ,122 ,2 ,8, 8
952 ,1008, 934, '874 841 908 864 ' ,'0 0 0 0 ' ,74 ,2 ,9, 8
952 ,943, 939, '917 913 879 912 ' ,'0 0 0 0 ' ,41 ,3 ,7, 7
912 ,943, 893, '858 868 862 859 ' ,'0 0 0 0 ' ,17 ,6 ,6, 6
912 ,899, 898, '786 826 838 876 ' ,'0 0 0 0 ' ,93 ,1 ,9, 9
948 ,902, 935, '884 899 913 862 ' ,'0 0 0 0 ' ,55 ,1 ,6, 6
1036 ,941, 1022, '996 915 925 940 ' ,'0 0 0 0 ' ,89 ,3 ,9, 8
994 ,1027, 980, '910 857 958 922 ' ,'0 0 0 0 ' ,106 ,3 ,8, 8
1023 ,989, 1009, '975 922 975 950 ' ,'0 0 0 0 ' ,66 ,3 ,10, 10
1006 ,1026, 992, '872 838 970 932 ' ,'0 0 0 0 ' ,137 ,2 ,7, 7
1058 ,999, 1046, '1024 979 951 1018 ' ,'0 0 0 0 ' ,75 ,1 ,9, 8
950 ,1050, 936, '908 909 885 889 ' ,'0 0 0 0 ' ,29 ,2 ,9, 9
946 ,941, 935, '886 911 877 906 ' ,'0 0 0 0 ' ,38 ,2 ,8, 8
937 ,940, 919, '838 878 893 873 ' ,'0 0 0 0 ' ,60 ,2 ,9, 9
916 ,929, 901, '850 832 873 850 ' ,'0 0 0 0 ' ,49 ,2 ,9, 9
928 ,907, 912, '857 860 829 892 ' ,'0 0 0 0 ' ,64 ,3 ,7, 6
958 ,918, 943, '888 919 884 906 ' ,'0 0 0 0 ' ,41 ,2 ,7, 7
1020 ,949, 1007, '984 897 974 898 ' ,'0 0 0 0 ' ,90 ,2 ,8, 7
1063 ,1030, 1045, '1017 917 899 908 ' ,'0 0 0 0 ' ,127 ,2 ,8, 7
1069 ,1053, 1052, '992 974 988 1027 ' ,'0 0 0 0 ' ,58 ,2 ,10, 10
969 ,1082, 955, '886 929 921 890 ' ,'0 0 0 0 ' ,47 ,2 ,9, 8
951 ,964, 937, '880 913 881 910 ' ,'0 0 0 0 ' ,38 ,2 ,9, 8
934 ,943, 919, '881 831 892 868 ' ,'0 0 0 0 ' ,69 ,3 ,9, 9
958 ,924, 942, '865 833 914 867 ' ,'0 0 0 0 ' ,90 ,3 ,9, 8
984 ,950, 971, '881 940 941 891 ' ,'0 0 0 0 ' ,70 ,1 ,10, 9
993 ,976, 980, '870 912 906 962 ' ,'0 0 0 0 ' ,92 ,2 ,8, 8
992 ,985, 980, '954 904 898 891 ' ,'0 0 0 0 ' ,70 ,2 ,9, 8
984 ,984, 968, '938 918 902 950 ' ,'0 0 0 0 ' ,45 ,2 ,8, 8
1158 ,977, 1136, '910 935 924 1055 ' ,'0 0 0 0 ' ,176 ,2 ,10, 10
1087 ,1140, 1030, '963 864 985 973 ' ,'0 0 0 0 ' ,137 ,1 ,11, 11
1210 ,1034, 1071, '1044 1000 1048 1029 ' ,'0 0 0 0 ' ,48 ,2 ,7, 7
1388 ,1077, 1354, '932 911 948 1294 ' ,'0 0 0 0 ' ,403 ,3 ,8, 8
1075 ,1372, 1061, '838 1032 857 940 ' ,'0 0 0 0 ' ,200 ,3 ,10, 10
919 ,1066, 903, '799 867 812 855 ' ,'0 0 0 0 ' ,76 ,4 ,9, 9
997 ,911, 982, '849 861 824 829 ' ,'0 0 0 0 ' ,133 ,1 ,9, 8
965 ,987, 953, '877 853 924 845 ' ,'0 0 0 0 ' ,87 ,2 ,9, 8
1025 ,958, 1010, '955 883 929 987 ' ,'0 0 0 0 ' ,108 ,1 ,9, 8
1004 ,1014, 989, '963 900 933 922 ' ,'0 0 0 0 ' ,71 ,2 ,8, 8
1091 ,995, 1075, '1047 978 990 1023 ' ,'0 0 0 0 ' ,75 ,2 ,10, 9
971 ,1080, 955, '925 920 913 855 ' ,'0 0 0 0 ' ,78 ,5 ,11, 10
1033 ,960, 1018, '990 951 973 908 ' ,'0 0 0 0 ' ,89 ,2 ,10, 10
1023 ,1024, 1011, '917 908 983 952 ' ,'0 0 0 0 ' ,82 ,2 ,11, 10
893 ,1016, 877, '776 822 809 854 ' ,'0 0 0 0 ' ,80 ,1 ,9, 9
999 ,882, 986, '867 882 843 817 ' ,'0 0 0 0 ' ,150 ,82 ,8, 8
959 ,993, 945, '867 913 866 927 ' ,'0 0 0 0 ' ,59 ,1 ,8, 7
991 ,951, 971, '944 860 913 909 ' ,'0 0 0 0 ' ,92 ,3 ,7, 7
945 ,981, 932, '904 894 857 877 ' ,'0 0 0 0 ' ,51 ,3 ,8, 7
984 ,937, 970, '925 890 886 947 ' ,'0 0 0 0 ' ,59 ,2 ,9, 9
993 ,975, 980, '952 951 920 868 ' ,'0 0 0 0 ' ,92 ,2 ,8, 8
1008 ,985, 993, '971 933 921 943 ' ,'0 0 0 0 ' ,47 ,1 ,9, 9
991 ,1000, 976, '923 938 948 904 ' ,'0 0 0 0 ' ,53 ,2 ,9, 9
1051 ,980, 1038, '966 945 970 986 ' ,'0 0 0 0 ' ,73 ,32 ,7, 6
950 ,1046, 937, '876 885 908 815 ' ,'0 0 0 0 ' ,98 ,2 ,10, 10
1000 ,941, 988, '879 958 941 867 ' ,'0 0 0 0 ' ,100 ,2 ,11, 11
955 ,992, 942, '862 900 916 915 ' ,'0 0 0 0 ' ,56 ,2 ,9, 9
1001 ,946, 989, '934 924 879 963 ' ,'0 0 0 0 ' ,85 ,2 ,9, 9
986 ,992, 973, '877 944 865 851 ' ,'0 0 0 0 ' ,99 ,2 ,8, 8
947 ,976, 935, '906 863 844 898 ' ,'0 0 0 0 ' ,70 ,3 ,8, 8
942 ,939, 927, '899 882 832 847 ' ,'0 0 0 0 ' ,75 ,2 ,7, 7
969 ,935, 955, '927 887 875 890 ' ,'0 0 0 0 ' ,59 ,4 ,5, 5
959 ,965, 947, '907 920 866 878 ' ,'0 0 0 0 ' ,61 ,1 ,9, 8
1002 ,954, 988, '847 953 885 890 ' ,'0 0 0 0 ' ,118 ,2 ,10, 9
1023 ,992, 1012, '938 986 945 921 ' ,'0 0 0 0 ' ,70 ,2 ,7, 7
1037 ,1016, 1022, '949 969 993 931 ' ,'0 0 0 0 ' ,69 ,2 ,9, 9
1024 ,1026, 1010, '886 815 975 875 ' ,'0 0 0 0 ' ,170 ,3 ,11, 11
943 ,1014, 930, '835 797 900 899 ' ,'0 0 0 0 ' ,105 ,2 ,10, 10
1041 ,939, 1023, '994 858 952 962 ' ,'0 0 0 0 ' ,145 ,2 ,10, 9
943 ,1032, 927, '812 874 839 904 ' ,'0 0 0 0 ' ,92 ,3 ,9, 8
885 ,931, 872, '846 835 828 801 ' ,'0 0 0 0 ' ,48 ,2 ,9, 8
953 ,876, 936, '909 863 838 909 ' ,'0 0 0 0 ' ,74 ,2 ,8, 8
967 ,940, 951, '918 922 871 872 ' ,'0 0 0 0 ' ,57 ,3 ,9, 9
944 ,956, 930, '900 899 774 907 ' ,'0 0 0 0 ' ,132 ,1 ,8, 7
979 ,935, 961, '924 936 922 929 ' ,'0 0 0 0 ' ,12 ,2 ,8, 8
1007 ,966, 994, '929 966 949 917 ' ,'0 0 0 0 ' ,54 ,2 ,7, 7
1033 ,1000, 1019, '989 954 962 959 ' ,'0 0 0 0 ' ,41 ,1 ,10, 9
998 ,1023, 986, '955 833 945 903 ' ,'0 0 0 0 ' ,130 ,2 ,9, 9
1098 ,993, 1079, '1021 1011 1045 1047 ' ,'0 0 0 0 ' ,40 ,2 ,11, 10
1103 ,1084, 1083, '873 944 1045 935 ' ,'0 0 0 0 ' ,181 ,3 ,14, 13
985 ,1088, 971, '881 892 943 874 ' ,'0 0 0 0 ' ,74 ,2 ,9, 9
1014 ,974, 998, '915 968 958 943 ' ,'0 0 0 0 ' ,58 ,2 ,10, 10
964 ,1003, 948, '794 913 811 876 ' ,'0 0 0 0 ' ,130 ,2 ,9, 9
926 ,960, 909, '824 859 877 878 ' ,'0 0 0 0 ' ,59 ,1 ,9, 8
922 ,917, 908, '882 870 855 842 ' ,'0 0 0 0 ' ,44 ,2 ,9, 8
1002 ,913, 989, '919 900 957 942 ' ,'0 0 0 0 ' ,67 ,2 ,7, 7
1040 ,994, 1023, '980 993 924 877 ' ,'0 0 0 0 ' ,126 ,1 ,7, 7
983 ,1028, 969, '934 877 935 868 ' ,'0 0 0 0 ' ,75 ,2 ,9, 9
1085 ,975, 1073, '894 950 1021 941 ' ,'0 0 0 0 ' ,156 ,22 ,8, 8
964 ,1080, 948, '859 790 865 924 ' ,'0 0 0 0 ' ,131 ,1 ,8, 8
1006 ,955, 993, '887 872 956 877 ' ,'0 0 0 0 ' ,90 ,2 ,10, 10
1051 ,996, 1038, '859 884 1003 930 ' ,'0 0 0 0 ' ,155 ,2 ,8, 8
950 ,1044, 937, '880 908 880 901 ' ,'0 0 0 0 ' ,34 ,2 ,8, 8
946 ,942, 932, '871 893 902 878 ' ,'0 0 0 0 ' ,37 ,1 ,9, 9
965 ,935, 948, '892 913 827 898 ' ,'0 0 0 0 ' ,95 ,2 ,11, 10
929 ,953, 916, '850 872 884 839 ' ,'0 0 0 0 ' ,52 ,2 ,9, 9
990 ,920, 977, '943 866 911 880 ' ,'0 0 0 0 ' ,87 ,2 ,9, 9
995 ,980, 985, '936 956 864 930 ' ,'0 0 0 0 ' ,93 ,2 ,8, 7
989 ,988, 972, '938 886 915 892 ' ,'0 0 0 0 ' ,60 ,2 ,9, 9
983 ,979, 969, '888 941 853 884 ' ,'0 0 0 0 ' ,94 ,2 ,8, 8
1016 ,973, 1003, '914 955 830 974 ' ,'0 0 0 0 ' ,147 ,2 ,9, 8
939 ,1007, 925, '890 845 853 858 ' ,'0 0 0 0 ' ,56 ,2 ,10, 10
1005 ,930, 990, '921 852 958 872 ' ,'0 0 0 0 ' ,113 ,2 ,10, 10
994 ,995, 982, '909 936 947 899 ' ,'0 0 0 0 ' ,52 ,2 ,15, 14
1035 ,986, 1017, '969 869 983 944 ' ,'0 0 0 0 ' ,109 ,2 ,16, 15
922 ,1022, 907, '791 868 872 817 ' ,'0 0 0 0 ' ,91 ,2 ,10, 10
1035 ,914, 1019, '922 971 982 954 ' ,'0 0 0 0 ' ,71 ,1 ,10, 10
1020 ,1024, 1005, '948 870 972 895 ' ,'0 0 0 0 ' ,112 ,2 ,9, 9
949 ,1009, 936, '848 896 886 852 ' ,'0 0 0 0 ' ,61 ,4 ,9, 9
965 ,941, 951, '916 799 791 861 ' ,'0 0 0 0 ' ,129 ,2 ,10, 9
964 ,956, 951, '887 864 832 923 ' ,'0 0 0 0 ' ,89 ,3 ,9, 9
1006 ,955, 993, '917 898 915 964 ' ,'0 0 0 0 ' ,66 ,2 ,10, 10
1050 ,998, 1035, '1001 951 947 979 ' ,'0 0 0 0 ' ,65 ,2 ,8, 8
1021 ,1042, 997, '960 935 885 960 ' ,'0 0 0 0 ' ,83 ,3 ,11, 11
1358 ,1005, 1332, '1041 938 986 995 ' ,'0 0 0 0 ' ,370 ,3 ,8, 8
1002 ,1339, 985, '943 910 914 956 ' ,'0 0 0 0 ' ,51 ,2 ,10, 10
1058 ,992, 1039, '931 886 1012 1004 ' ,'0 0 0 0 ' ,127 ,2 ,9, 9
986 ,1044, 973, '896 917 937 947 ' ,'0 0 0 0 ' ,52 ,2 ,11, 10
1003 ,977, 988, '929 906 931 961 ' ,'0 0 0 0 ' ,58 ,2 ,9, 9
964 ,991, 952, '864 920 898 869 ' ,'0 0 0 0 ' ,63 ,2 ,8, 7
989 ,957, 964, '931 875 875 905 ' ,'0 0 0 0 ' ,64 ,2 ,9, 9
1037 ,970, 1024, '994 942 904 903 ' ,'0 0 0 0 ' ,97 ,2 ,8, 7
1243 ,1283, 1229, '886 922 817 891 ' ,'0 0 0 0 ' ,383 ,2 ,7, 7
1154 ,1235, 1140, '893 914 1111 892 ' ,'0 0 285102 0 ' ,228 ,2 ,8, 7
1030 ,1147, 1017, '905 971 899 988 ' ,'0 0 0 0 ' ,92 ,2 ,9, 9
998 ,1022, 983, '927 928 948 953 ' ,'0 0 0 0 ' ,28 ,3 ,10, 10
1046 ,988, 1030, '1002 938 965 992 ' ,'0 0 0 0 ' ,69 ,2 ,8, 8
1063 ,1037, 1049, '956 941 1015 1012 ' ,'0 0 0 0 ' ,82 ,2 ,11, 11
995 ,1054, 964, '929 864 934 861 ' ,'0 0 0 0 ' ,85 ,1 ,9, 9
1032 ,988, 1006, '854 893 970 893 ' ,'0 0 0 0 ' ,130 ,5 ,8, 7
954 ,1013, 940, '899 865 842 898 ' ,'0 0 0 0 ' ,59 ,1 ,21, 9
986 ,944, 967, '939 925 906 935 ' ,'0 0 0 0 ' ,33 ,2 ,9, 9
985 ,972, 973, '920 944 856 878 ' ,'0 0 0 0 ' ,86 ,1 ,9, 8
