325 ,0, 207, '17 15 19 17 32 16 24 26 19 49 18 13 ' ,'0 0 0 0 0 0 0 0 0 0 0 0 ' ,116 ,2 ,17, 17
2369 ,311, 2345, '410 299 144 357 379 379 434 165 250 308 343 417 ' ,'0 0 0 0 0 0 0 0 0 0 0 0 ' ,269 ,1 ,141, 3
211 ,2354, 177, '123 47 84 168 118 85 87 64 58 91 45 103 ' ,'0 0 0 0 0 0 0 0 0 0 0 0 ' ,98 ,1 ,2, 2
402 ,195, 182, '75 125 74 151 117 134 147 91 67 85 99 65 ' ,'0 0 0 0 0 0 0 0 0 0 0 0 ' ,90 ,1 ,3, 2
180 ,203, 165, '102 137 89 154 128 139 79 91 42 45 40 62 ' ,'0 0 0 0 0 0 0 0 0 0 0 0 ' ,109 ,1 ,2, 2
176 ,320, 161, '105 88 81 85 86 119 137 86 57 40 96 83 ' ,'0 0 0 0 0 0 0 0 0 0 0 0 ' ,94 ,1 ,3, 3
228 ,169, 150, '82 112 77 112 79 101 123 86 64 34 46 88 ' ,'0 0 0 0 0 0 0 0 0 0 0 0 ' ,82 ,1 ,1, 1
322 ,168, 293, '63 112 79 286 69 79 101 97 248 34 50 65 ' ,'0 0 0 0 0 0 0 0 0 0 0 0 ' ,256 ,1 ,2, 2
189 ,331, 161, '78 110 72 70 154 91 97 74 43 64 88 71 ' ,'0 0 0 0 0 0 0 0 0 0 0 0 ' ,104 ,1 ,1, 1
194 ,175, 166, '61 78 73 62 98 89 100 61 71 29 43 75 ' ,'0 0 0 0 0 0 0 0 0 0 0 0 ' ,127 ,0 ,0, 0
284 ,188, 256, '119 103 76 79 132 91 98 68 79 38 38 57 ' ,'0 0 0 0 0 0 0 0 0 0 0 0 ' ,182 ,0 ,0, 0
172 ,274, 148, '79 141 74 78 135 68 108 71 85 37 37 38 ' ,'0 0 0 0 0 0 0 0 0 0 0 0 ' ,64 ,1 ,1, 0
264 ,169, 242, '122 80 64 111 126 71 61 67 120 32 77 63 ' ,'0 0 0 0 0 0 0 0 0 0 0 0 ' ,167 ,1 ,1, 0
175 ,257, 151, '127 133 84 98 90 101 79 87 63 54 76 87 ' ,'0 0 0 0 0 0 0 0 0 0 0 0 ' ,86 ,0 ,1, 1
281 ,168, 248, '141 100 69 199 144 159 129 83 138 81 84 79 ' ,'0 0 0 0 0 0 0 0 0 0 0 0 ' ,121 ,0 ,1, 1
287 ,268, 249, '123 194 87 174 132 176 161 88 199 161 134 133 ' ,'0 0 0 0 0 0 0 0 0 0 0 0 ' ,129 ,1 ,1, 0
281 ,343, 265, '207 197 92 226 120 258 233 94 83 87 159 157 ' ,'0 0 0 0 0 0 0 0 0 0 0 0 ' ,141 ,1 ,1, 1
193 ,274, 178, '126 156 93 163 89 102 102 84 104 43 43 52 ' ,'0 0 0 0 0 0 0 0 0 0 0 0 ' ,122 ,1 ,0, 0
182 ,185, 161, '154 142 68 98 83 113 75 67 78 43 36 25 ' ,'0 0 0 0 0 0 0 0 0 0 0 0 ' ,105 ,2 ,1, 0
239 ,174, 193, '102 131 79 85 113 88 141 61 36 92 48 69 ' ,'0 0 0 0 0 0 0 0 0 0 0 0 ' ,142 ,1 ,1, 1
194 ,234, 171, '161 115 71 80 109 121 124 87 108 63 83 53 ' ,'0 0 0 0 0 0 0 0 0 0 0 0 ' ,89 ,2 ,1, 1
170 ,188, 157, '149 78 72 91 117 101 129 83 69 64 79 92 ' ,'0 0 0 0 0 0 0 0 0 0 0 0 ' ,59 ,1 ,2, 1
252 ,163, 226, '133 121 83 213 82 84 135 82 158 41 43 45 ' ,'0 0 0 0 0 0 0 0 0 0 0 0 ' ,180 ,2 ,1, 1
469 ,245, 424, '138 92 74 69 447 137 122 78 46 381 82 30 ' ,'0 0 0 0 0 0 0 0 0 0 0 0 ' ,385 ,1 ,1, 1
168 ,464, 141, '117 103 69 73 109 110 126 77 47 40 122 43 ' ,'0 0 0 0 0 0 0 0 0 0 0 0 ' ,86 ,2 ,1, 1
157 ,160, 135, '114 124 77 68 132 90 103 75 42 23 94 47 ' ,'0 0 0 0 0 0 0 0 0 0 0 0 ' ,88 ,1 ,1, 1
198 ,152, 161, '74 133 76 100 107 136 101 66 39 35 82 55 ' ,'0 0 0 0 0 0 0 0 0 0 0 0 ' ,84 ,1 ,1, 1
154 ,191, 134, '63 77 69 83 88 102 94 49 92 39 39 97 ' ,'0 0 0 0 0 0 0 0 0 0 0 0 ' ,63 ,1 ,1, 1
183 ,141, 161, '109 138 65 77 122 119 120 72 41 41 40 93 ' ,'0 0 0 0 0 0 0 0 0 0 0 0 ' ,107 ,1 ,1, 0
165 ,178, 147, '94 128 70 71 85 81 131 78 49 59 71 91 ' ,'0 0 0 0 0 0 0 0 0 0 0 0 ' ,67 ,1 ,1, 1
199 ,155, 180, '81 140 76 120 130 109 116 72 64 122 33 69 ' ,'0 0 0 0 0 0 0 0 0 0 0 0 ' ,134 ,1 ,1, 1
178 ,187, 162, '75 106 78 109 99 120 96 85 36 43 56 80 ' ,'0 0 0 0 0 0 0 0 0 0 0 0 ' ,87 ,1 ,0, 0
198 ,174, 179, '126 137 82 168 62 140 119 80 88 41 84 85 ' ,'0 0 0 0 0 0 0 0 0 0 0 0 ' ,82 ,0 ,2, 1
161 ,190, 145, '124 136 84 65 122 130 119 109 41 70 89 76 ' ,'0 0 0 0 0 0 0 0 0 0 0 0 ' ,71 ,1 ,1, 1
191 ,155, 176, '119 104 91 84 77 122 138 93 84 82 72 63 ' ,'0 0 0 0 0 0 0 0 0 0 0 0 ' ,86 ,1 ,0, 0
198 ,189, 177, '90 142 91 98 124 144 126 82 46 74 47 116 ' ,'0 0 0 0 0 0 0 0 0 0 0 0 ' ,101 ,1 ,1, 1
277 ,190, 253, '141 113 86 84 93 98 138 84 44 57 47 126 ' ,'0 0 0 0 0 0 0 0 0 0 0 0 ' ,205 ,1 ,1, 1
185 ,271, 167, '143 107 78 90 84 101 98 73 104 55 47 72 ' ,'0 0 0 0 0 0 0 0 0 0 0 0 ' ,83 ,1 ,1, 1
385 ,179, 355, '126 79 87 78 345 69 113 85 23 273 62 99 ' ,'0 0 0 0 0 0 0 0 0 0 0 0 ' ,313 ,1 ,1, 1
309 ,370, 290, '186 96 79 67 84 72 90 82 98 44 105 58 ' ,'0 0 0 0 0 0 0 0 0 0 0 0 ' ,224 ,1 ,0, 0
170 ,300, 157, '98 149 84 92 80 83 137 79 36 65 37 94 ' ,'0 0 0 0 0 0 0 0 0 0 0 0 ' ,73 ,1 ,1, 1
195 ,163, 175, '94 159 84 84 96 91 135 103 45 45 80 107 ' ,'0 0 0 0 0 0 0 0 0 0 0 0 ' ,119 ,1 ,1, 1
225 ,186, 193, '153 116 76 109 69 109 140 79 119 48 58 48 ' ,'0 0 0 0 0 0 0 0 0 0 0 0 ' ,127 ,1 ,1, 0
194 ,217, 151, '74 151 65 100 128 109 106 88 48 76 36 55 ' ,'0 0 0 0 0 0 0 0 0 0 0 0 ' ,75 ,1 ,1, 1
194 ,184, 172, '114 138 63 95 73 91 146 85 77 56 46 58 ' ,'0 0 0 0 0 0 0 0 0 0 0 0 ' ,112 ,1 ,1, 1
196 ,183, 179, '115 115 80 99 52 90 90 69 56 39 54 38 ' ,'0 0 0 0 0 0 0 0 0 0 0 0 ' ,123 ,1 ,1, 0
167 ,189, 147, '82 118 103 78 79 76 96 99 34 69 62 92 ' ,'0 0 0 0 0 0 0 0 0 0 0 0 ' ,72 ,0 ,1, 1
177 ,158, 155, '94 149 79 133 79 111 111 60 126 44 35 82 ' ,'0 0 0 0 0 0 0 0 0 0 0 0 ' ,103 ,1 ,1, 1
604 ,166, 589, '73 110 73 88 572 100 150 74 37 534 76 69 ' ,'0 0 0 0 0 0 0 0 0 0 0 0 ' ,538 ,1 ,1, 1
163 ,599, 146, '102 125 89 88 92 120 127 81 53 40 73 50 ' ,'0 0 0 0 0 0 0 0 0 0 0 0 ' ,87 ,1 ,1, 1
196 ,154, 181, '140 145 81 143 67 135 132 81 58 58 79 81 ' ,'0 0 0 0 0 0 0 0 0 0 0 0 ' ,88 ,1 ,1, 1
437 ,190, 400, '156 127 83 127 99 181 136 78 41 92 406 29 ' ,'0 0 0 0 0 0 0 0 0 0 0 0 ' ,372 ,0 ,2, 1
200 ,429, 170, '74 125 92 108 109 139 162 89 53 46 121 56 ' ,'0 0 0 0 0 0 0 0 0 0 0 0 ' ,114 ,0 ,1, 1
151 ,192, 131, '78 116 83 84 117 99 116 75 107 97 99 99 ' ,'0 0 0 0 0 0 0 0 0 0 0 0 ' ,35 ,1 ,1, 1
186 ,144, 168, '143 154 83 116 112 106 118 91 81 55 126 49 ' ,'0 0 0 0 0 0 0 0 0 0 0 0 ' ,87 ,1 ,2, 1
226 ,178, 206, '113 132 83 78 98 123 160 94 64 58 47 61 ' ,'0 0 0 0 0 0 0 0 0 0 0 0 ' ,148 ,0 ,2, 2
175 ,216, 155, '116 99 122 109 99 141 109 99 25 48 89 46 ' ,'0 0 0 0 0 0 0 0 0 0 0 0 ' ,118 ,1 ,1, 0
216 ,166, 200, '111 86 97 194 96 149 132 83 88 37 105 47 ' ,'0 0 0 0 0 0 0 0 0 0 0 0 ' ,133 ,1 ,1, 1
202 ,206, 173, '98 157 81 87 122 90 147 83 44 30 89 106 ' ,'0 0 0 0 0 0 0 0 0 0 0 0 ' ,101 ,1 ,1, 1
214 ,186, 191, '146 151 84 83 85 119 118 83 47 37 95 36 ' ,'0 0 0 0 0 0 0 0 0 0 0 0 ' ,148 ,1 ,1, 1
175 ,207, 149, '108 98 72 78 133 92 127 78 102 53 53 60 ' ,'0 0 0 0 0 0 0 0 0 0 0 0 ' ,66 ,1 ,1, 0
155 ,167, 135, '118 76 90 81 81 128 117 109 52 63 98 56 ' ,'0 0 0 0 0 0 0 0 0 0 0 0 ' ,72 ,1 ,1, 1
215 ,145, 172, '83 100 69 97 77 105 86 84 72 92 58 44 ' ,'0 0 0 0 0 0 0 0 0 0 0 0 ' ,120 ,21 ,1, 1
145 ,207, 131, '119 118 72 92 83 121 70 68 34 42 70 74 ' ,'0 0 0 0 0 0 0 0 0 0 0 0 ' ,70 ,1 ,1, 1
166 ,137, 146, '98 138 84 78 71 93 104 70 54 80 45 85 ' ,'0 0 0 0 0 0 0 0 0 0 0 0 ' ,71 ,1 ,1, 1
153 ,157, 134, '87 126 80 93 89 110 88 75 60 72 39 120 ' ,'0 0 0 0 0 0 0 0 0 0 0 0 ' ,73 ,2 ,1, 0
418 ,144, 396, '123 151 86 99 112 127 71 80 44 59 48 94 ' ,'0 0 0 0 0 0 0 0 0 0 0 0 ' ,318 ,1 ,1, 0
176 ,411, 135, '74 110 85 112 89 129 118 78 38 52 40 66 ' ,'0 0 0 0 0 0 0 0 0 0 0 0 ' ,74 ,1 ,1, 1
190 ,157, 153, '132 149 85 106 102 87 114 63 44 72 57 93 ' ,'0 0 0 0 0 0 0 0 0 0 0 0 ' ,78 ,1 ,1, 0
331 ,183, 306, '133 95 87 92 96 134 127 76 44 90 49 43 ' ,'0 0 0 0 0 0 0 0 0 0 0 0 ' ,253 ,2 ,1, 0
188 ,322, 161, '130 99 86 90 96 156 119 78 45 43 64 36 ' ,'0 0 0 0 0 0 0 0 0 0 0 0 ' ,106 ,1 ,1, 1
187 ,179, 168, '97 157 101 86 122 121 135 104 65 104 88 79 ' ,'0 0 0 0 0 0 0 0 0 0 0 0 ' ,96 ,1 ,1, 1
196 ,187, 170, '143 71 105 94 109 107 117 85 21 72 134 97 ' ,'0 0 0 0 0 0 0 0 0 0 0 0 ' ,146 ,21 ,1, 1
185 ,190, 164, '127 128 78 115 76 91 138 83 58 72 101 83 ' ,'0 0 0 0 0 0 0 0 0 0 0 0 ' ,88 ,1 ,1, 1
169 ,177, 140, '97 114 101 111 67 144 85 110 49 57 115 98 ' ,'0 0 0 0 0 0 0 0 0 0 0 0 ' ,71 ,1 ,1, 1
157 ,161, 135, '110 106 64 97 101 71 111 81 75 45 66 41 ' ,'0 0 0 0 0 0 0 0 0 0 0 0 ' ,84 ,1 ,1, 1
182 ,148, 146, '64 129 116 98 95 74 119 102 86 38 38 81 ' ,'0 0 0 0 0 0 0 0 0 0 0 0 ' ,97 ,1 ,1, 1
194 ,174, 161, '153 113 75 86 83 76 64 69 79 49 78 51 ' ,'0 0 0 0 0 0 0 0 0 0 0 0 ' ,79 ,0 ,0, 0
195 ,195, 174, '160 117 78 105 99 134 136 77 67 48 58 82 ' ,'0 0 0 0 0 0 0 0 0 0 0 0 ' ,101 ,1 ,1, 1
154 ,190, 131, '99 86 75 119 87 98 112 76 54 68 47 68 ' ,'0 0 0 0 0 0 0 0 0 0 0 0 ' ,65 ,1 ,1, 0
157 ,147, 137, '88 113 85 96 98 105 123 73 54 34 89 41 ' ,'0 0 0 0 0 0 0 0 0 0 0 0 ' ,67 ,1 ,1, 1
190 ,154, 165, '76 113 156 91 73 119 91 137 57 41 24 34 ' ,'0 0 0 0 0 0 0 0 0 0 0 0 ' ,132 ,1 ,0, 0
290 ,182, 276, '192 133 78 82 100 94 129 81 46 42 79 78 ' ,'0 0 0 0 0 0 0 0 0 0 0 0 ' ,230 ,76 ,1, 0
191 ,287, 157, '131 106 78 78 90 84 142 58 61 89 59 87 ' ,'0 0 0 0 0 0 0 0 0 0 0 0 ' ,93 ,2 ,1, 1
153 ,183, 138, '95 122 72 100 107 126 115 74 35 51 68 61 ' ,'0 0 0 0 0 0 0 0 0 0 0 0 ' ,66 ,1 ,1, 1
176 ,145, 157, '93 131 74 101 96 137 90 90 63 89 65 67 ' ,'0 0 0 0 0 0 0 0 0 0 0 0 ' ,79 ,1 ,0, 0
331 ,177, 296, '117 258 86 106 94 291 144 115 30 55 79 54 ' ,'0 0 0 0 0 0 0 0 0 0 0 0 ' ,263 ,1 ,1, 1
183 ,325, 162, '126 123 88 97 101 133 148 87 54 73 48 52 ' ,'0 0 0 0 0 0 0 0 0 0 0 0 ' ,107 ,1 ,0, 0
177 ,316, 159, '138 119 92 84 76 145 104 102 42 41 64 47 ' ,'0 0 0 0 0 0 0 0 0 0 0 0 ' ,102 ,1 ,1, 1
165 ,187, 136, '88 122 72 104 88 113 117 56 53 61 47 62 ' ,'0 0 0 0 0 0 0 0 0 0 0 0 ' ,82 ,1 ,1, 1
159 ,155, 139, '132 93 73 84 122 78 112 85 66 38 63 49 ' ,'0 0 0 0 0 0 0 0 0 0 0 0 ' ,69 ,1 ,1, 1
197 ,150, 164, '97 146 91 112 82 98 113 98 46 84 95 83 ' ,'0 0 0 0 0 0 0 0 0 0 0 0 ' ,73 ,2 ,1, 1
179 ,190, 164, '117 69 67 98 95 83 153 80 61 39 91 90 ' ,'0 0 0 0 0 0 0 0 0 0 0 0 ' ,96 ,1 ,1, 1
156 ,170, 113, '92 79 54 61 82 81 94 85 42 54 51 48 ' ,'0 0 0 0 0 0 0 0 0 0 0 0 ' ,65 ,1 ,1, 1
161 ,146, 137, '128 64 78 78 81 133 74 85 44 39 83 67 ' ,'0 0 0 0 0 0 0 0 0 0 0 0 ' ,81 ,1 ,0, 0
188 ,152, 162, '154 100 69 96 95 135 121 78 65 44 84 41 ' ,'0 0 0 0 0 0 0 0 0 0 0 0 ' ,117 ,2 ,1, 1
491 ,181, 465, '145 114 76 88 90 103 95 99 55 46 39 64 ' ,'0 0 0 0 0 0 0 0 0 0 0 0 ' ,416 ,2 ,1, 0
186 ,480, 164, '123 89 79 91 96 141 66 72 41 45 90 77 ' ,'0 0 0 0 0 0 0 0 0 0 0 0 ' ,102 ,1 ,1, 1
196 ,176, 177, '92 144 53 132 115 164 125 70 76 54 95 57 ' ,'0 0 0 0 0 0 0 0 0 0 0 0 ' ,85 ,1 ,1, 1
179 ,193, 141, '131 136 69 103 113 87 103 76 28 41 23 69 ' ,'0 0 0 0 0 0 0 0 0 0 0 0 ' ,85 ,1 ,1, 0
176 ,173, 162, '137 89 90 90 97 151 106 86 39 67 121 46 ' ,'0 0 0 0 0 0 0 0 0 0 0 0 ' ,62 ,1 ,2, 1
201 ,168, 183, '124 152 94 133 112 72 123 89 44 68 94 118 ' ,'0 0 0 0 0 0 0 0 0 0 0 0 ' ,101 ,1 ,1, 0
284 ,196, 256, '206 128 89 94 89 75 146 88 40 43 62 250 ' ,'0 0 0 0 0 0 0 0 0 0 0 0 ' ,199 ,0 ,1, 1
178 ,277, 161, '121 124 75 101 81 134 134 90 29 78 76 49 ' ,'0 0 0 0 0 0 0 0 0 0 0 0 ' ,109 ,1 ,1, 1
180 ,194, 160, '125 119 95 125 105 93 133 96 32 85 93 88 ' ,'0 0 0 0 0 0 0 0 0 0 0 0 ' ,123 ,1 ,1, 1
193 ,172, 175, '164 91 86 94 123 163 90 80 47 45 92 77 ' ,'0 0 0 0 0 0 0 0 0 0 0 0 ' ,108 ,0 ,1, 1
177 ,184, 149, '130 122 97 98 95 128 97 118 63 82 45 103 ' ,'0 0 0 0 0 0 0 0 0 0 0 0 ' ,90 ,0 ,1, 0
193 ,168, 162, '93 109 75 116 115 152 115 84 42 72 53 148 ' ,'0 0 0 0 0 0 0 0 0 0 0 0 ' ,100 ,1 ,2, 1
193 ,184, 144, '144 84 72 120 96 145 128 79 67 43 66 72 ' ,'0 0 0 0 0 0 0 0 0 0 0 0 ' ,73 ,0 ,1, 1
245 ,161, 226, '98 101 215 74 112 89 105 218 46 41 53 70 ' ,'0 0 0 0 0 0 0 0 0 0 0 0 ' ,158 ,1 ,1, 1
196 ,243, 169, '131 104 77 78 74 162 89 80 45 59 76 109 ' ,'0 0 0 0 0 0 0 0 0 0 0 0 ' ,123 ,1 ,1, 1
153 ,190, 134, '119 116 104 90 102 113 76 100 44 65 103 70 ' ,'0 0 0 0 0 0 0 0 0 0 0 0 ' ,56 ,1 ,0, 0
163 ,146, 141, '107 109 80 94 117 135 77 80 57 40 68 33 ' ,'0 0 0 0 0 0 0 0 0 0 0 0 ' ,73 ,1 ,1, 0
151 ,155, 137, '71 125 72 99 104 116 83 73 81 86 95 89 ' ,'0 0 0 0 0 0 0 0 0 0 0 0 ' ,58 ,2 ,1, 1
170 ,145, 145, '125 96 79 95 95 129 111 84 50 69 90 31 ' ,'0 0 0 0 0 0 0 0 0 0 0 0 ' ,102 ,1 ,1, 0
195 ,160, 175, '132 131 66 89 91 166 75 57 59 67 98 81 ' ,'0 0 0 0 0 0 0 0 0 0 0 0 ' ,111 ,1 ,1, 0
554 ,187, 535, '512 70 64 112 90 67 513 87 78 110 78 73 ' ,'0 0 0 0 0 0 0 0 0 0 0 0 ' ,458 ,1 ,1, 0
255 ,567, 239, '111 62 81 161 77 119 106 57 71 39 22 70 ' ,'0 0 0 0 0 0 0 0 0 0 0 0 ' ,156 ,40 ,1, 0
177 ,248, 146, '95 137 76 114 113 137 110 63 45 71 38 58 ' ,'0 0 0 0 0 0 0 0 0 0 0 0 ' ,82 ,2 ,1, 0
193 ,157, 169, '118 147 85 124 161 108 103 59 42 120 86 90 ' ,'0 0 0 0 0 0 0 0 0 0 0 0 ' ,103 ,1 ,1, 1
192 ,188, 161, '154 88 102 102 97 152 74 88 47 42 104 44 ' ,'0 0 0 0 0 0 0 0 0 0 0 0 ' ,103 ,1 ,1, 1
200 ,186, 180, '140 85 133 95 118 169 123 134 42 47 42 108 ' ,'0 0 0 0 0 0 0 0 0 0 0 0 ' ,126 ,1 ,2, 1
171 ,191, 148, '95 140 90 107 92 138 118 93 45 47 92 64 ' ,'0 0 0 0 0 0 0 0 0 0 0 0 ' ,93 ,1 ,2, 1
190 ,161, 171, '107 113 82 128 94 116 136 102 46 53 52 76 ' ,'0 0 0 0 0 0 0 0 0 0 0 0 ' ,97 ,1 ,1, 1
159 ,185, 142, '136 99 81 94 82 117 107 89 57 64 89 86 ' ,'0 0 0 0 0 0 0 0 0 0 0 0 ' ,72 ,0 ,1, 1
181 ,153, 162, '155 86 75 97 83 136 94 85 54 35 117 46 ' ,'0 0 0 0 0 0 0 0 0 0 0 0 ' ,120 ,1 ,1, 1
530 ,172, 509, '95 156 94 98 99 124 135 101 61 47 66 29 ' ,'0 0 0 0 0 0 0 0 0 0 0 0 ' ,442 ,1 ,1, 0
176 ,523, 152, '78 80 75 86 63 120 104 79 57 32 65 94 ' ,'0 0 0 0 0 0 0 0 0 0 0 0 ' ,91 ,1 ,1, 1
151 ,170, 125, '67 90 59 115 89 103 100 69 83 50 49 88 ' ,'0 0 0 0 0 0 0 0 0 0 0 0 ' ,49 ,1 ,1, 1
175 ,145, 142, '117 124 66 111 136 94 108 73 51 78 98 44 ' ,'0 0 0 0 0 0 0 0 0 0 0 0 ' ,85 ,1 ,1, 1
158 ,165, 138, '131 70 58 84 81 119 49 76 107 51 86 76 ' ,'0 0 0 0 0 0 0 0 0 0 0 0 ' ,65 ,1 ,1, 1
182 ,152, 152, '116 111 99 76 79 97 90 70 44 63 61 35 ' ,'0 0 0 0 0 0 0 0 0 0 0 0 ' ,75 ,1 ,1, 0
160 ,171, 133, '100 114 80 85 79 107 107 67 37 54 53 43 ' ,'0 0 0 0 0 0 0 0 0 0 0 0 ' ,89 ,1 ,0, 0
168 ,156, 146, '132 108 85 89 80 108 102 78 51 54 57 126 ' ,'0 0 0 0 0 0 0 0 0 0 0 0 ' ,75 ,1 ,0, 0
206 ,162, 182, '135 122 87 105 118 99 127 88 69 42 49 87 ' ,'0 0 0 0 0 0 0 0 0 0 0 0 ' ,108 ,1 ,0, 0
239 ,198, 215, '159 137 99 96 129 189 158 72 49 45 143 68 ' ,'0 0 0 0 0 0 0 0 0 0 0 0 ' ,119 ,1 ,1, 1
556 ,230, 518, '123 92 103 82 95 106 100 85 39 35 77 443 ' ,'0 0 0 0 0 0 0 0 0 0 0 0 ' ,450 ,1 ,1, 1
271 ,524, 254, '129 122 88 112 108 162 87 85 29 70 75 52 ' ,'0 0 0 0 0 0 0 0 0 0 0 0 ' ,178 ,1 ,1, 0
213 ,262, 194, '120 167 84 108 95 144 145 85 80 59 93 98 ' ,'0 0 0 0 0 0 0 0 0 0 0 0 ' ,109 ,1 ,1, 1
222 ,205, 195, '138 137 76 110 81 89 129 88 51 48 83 117 ' ,'0 0 0 0 0 0 0 0 0 0 0 0 ' ,140 ,1 ,1, 0
212 ,215, 192, '182 84 85 117 123 153 136 90 47 47 141 62 ' ,'0 0 0 0 0 0 0 0 0 0 0 0 ' ,134 ,1 ,1, 0
156 ,206, 136, '68 114 83 85 105 115 121 87 52 34 51 58 ' ,'0 0 0 0 0 0 0 0 0 0 0 0 ' ,97 ,1 ,0, 0
172 ,147, 150, '128 82 88 83 83 116 124 92 49 65 101 58 ' ,'0 0 0 0 0 0 0 0 0 0 0 0 ' ,88 ,1 ,0, 0
158 ,159, 128, '103 121 78 59 96 118 81 83 80 47 72 70 ' ,'0 0 0 0 0 0 0 0 0 0 0 0 ' ,61 ,1 ,1, 1
170 ,151, 130, '116 68 65 113 102 96 75 61 55 59 68 87 ' ,'0 0 0 0 0 0 0 0 0 0 0 0 ' ,62 ,1 ,0, 0
168 ,157, 146, '128 84 72 117 96 128 110 70 35 98 104 51 ' ,'0 0 0 0 0 0 0 0 0 0 0 0 ' ,74 ,2 ,1, 1
503 ,172, 480, '330 120 131 105 115 99 449 127 65 56 44 52 ' ,'0 0 0 0 0 0 0 0 0 0 0 0 ' ,393 ,2 ,1, 1
178 ,496, 153, '137 115 78 111 93 111 106 77 56 59 36 93 ' ,'0 0 0 0 0 0 0 0 0 0 0 0 ' ,90 ,1 ,1, 1
191 ,169, 150, '124 142 87 94 104 104 115 72 45 42 46 67 ' ,'0 0 0 0 0 0 0 0 0 0 0 0 ' ,90 ,0 ,1, 0
196 ,159, 171, '146 133 93 119 76 102 123 77 147 67 42 63 ' ,'0 0 0 0 0 0 0 0 0 0 0 0 ' ,73 ,1 ,1, 1
186 ,185, 165, '157 104 86 112 118 137 113 74 53 53 111 39 ' ,'0 0 0 0 0 0 0 0 0 0 0 0 ' ,85 ,1 ,1, 1
551 ,177, 526, '132 144 107 132 142 511 149 72 42 53 94 75 ' ,'0 0 0 0 0 0 0 0 0 0 0 0 ' ,451 ,2 ,1, 1
223 ,542, 193, '145 106 75 105 115 144 167 92 67 53 50 101 ' ,'0 0 0 0 0 0 0 0 0 0 0 0 ' ,112 ,1 ,1, 0
244 ,210, 198, '173 126 83 140 88 91 141 95 83 80 36 99 ' ,'0 0 0 0 0 0 0 0 0 0 0 0 ' ,98 ,1 ,1, 0
234 ,219, 197, '110 142 92 100 114 112 123 77 39 34 62 44 ' ,'0 0 0 0 0 0 0 0 0 0 0 0 ' ,154 ,1 ,1, 1
181 ,228, 150, '150 97 70 83 98 118 88 72 40 42 117 49 ' ,'0 0 0 0 0 0 0 0 0 0 0 0 ' ,116 ,2 ,1, 1
248 ,169, 228, '106 216 84 79 97 81 182 85 48 96 39 177 ' ,'0 0 0 0 0 0 0 0 0 0 0 0 ' ,172 ,1 ,1, 1
245 ,236, 184, '76 123 82 175 145 65 105 68 95 38 38 90 ' ,'0 0 0 0 0 0 0 0 0 0 0 0 ' ,139 ,0 ,0, 0
342 ,232, 269, '123 86 83 221 129 156 116 73 167 79 36 105 ' ,'0 0 0 0 0 0 0 0 0 0 0 0 ' ,127 ,1 ,1, 1
205 ,285, 168, '86 136 87 158 132 84 73 82 106 71 82 88 ' ,'0 0 0 0 0 0 0 0 0 0 0 0 ' ,68 ,0 ,1, 0
258 ,177, 231, '184 128 84 184 155 137 101 70 173 195 135 60 ' ,'0 0 0 0 0 0 0 0 0 0 0 0 ' ,110 ,1 ,1, 1
218 ,251, 171, '104 150 108 106 102 117 144 101 37 86 87 76 ' ,'0 0 0 0 0 0 0 0 0 0 0 0 ' ,88 ,1 ,1, 1
430 ,190, 214, '91 168 79 169 108 85 117 72 153 75 40 71 ' ,'0 0 0 0 0 0 0 0 0 0 0 0 ' ,139 ,1 ,1, 1
215 ,374, 199, '154 144 79 152 107 153 159 62 76 54 75 81 ' ,'0 0 0 0 0 0 0 0 0 0 0 0 ' ,112 ,1 ,1, 0
191 ,208, 167, '100 166 76 118 90 146 140 89 62 46 119 50 ' ,'0 0 0 0 0 0 0 0 0 0 0 0 ' ,111 ,1 ,1, 1
186 ,182, 141, '109 162 68 84 82 138 132 91 63 48 104 82 ' ,'0 0 0 0 0 0 0 0 0 0 0 0 ' ,80 ,1 ,0, 0
212 ,176, 187, '170 187 100 92 118 179 135 111 108 71 123 102 ' ,'0 0 0 0 0 0 0 0 0 0 0 0 ' ,66 ,2 ,0, 0
177 ,203, 164, '147 139 81 109 93 121 125 71 122 36 65 62 ' ,'0 0 0 0 0 0 0 0 0 0 0 0 ' ,116 ,2 ,1, 1
164 ,172, 145, '124 99 77 98 82 82 115 73 82 58 71 82 ' ,'0 0 0 0 0 0 0 0 0 0 0 0 ' ,70 ,1 ,1, 1
248 ,155, 170, '110 94 71 128 93 140 99 76 61 62 57 67 ' ,'0 0 0 0 0 0 0 0 0 0 0 0 ' ,79 ,1 ,1, 0
177 ,241, 159, '112 85 81 108 94 124 104 82 36 62 85 53 ' ,'0 0 0 0 0 0 0 0 0 0 0 0 ' ,83 ,1 ,1, 0
187 ,170, 163, '99 108 114 96 116 130 71 105 28 55 63 54 ' ,'0 0 0 0 0 0 0 0 0 0 0 0 ' ,127 ,1 ,1, 0
187 ,203, 150, '77 137 75 90 101 130 84 77 51 68 33 29 ' ,'0 0 0 0 0 0 0 0 0 0 0 0 ' ,95 ,1 ,1, 1
194 ,185, 170, '132 143 96 161 91 123 81 89 32 74 54 66 ' ,'0 0 0 0 0 0 0 0 0 0 0 0 ' ,100 ,1 ,1, 1
179 ,187, 155, '86 135 93 92 69 126 89 82 41 40 57 80 ' ,'0 0 0 0 0 0 0 0 0 0 0 0 ' ,99 ,1 ,1, 1
230 ,164, 205, '116 142 81 94 101 182 89 80 49 63 34 87 ' ,'0 0 0 0 0 0 0 0 0 0 0 0 ' ,145 ,2 ,1, 1
173 ,223, 150, '81 104 130 83 83 82 136 127 66 49 76 42 ' ,'0 0 0 0 0 0 0 0 0 0 0 0 ' ,72 ,1 ,1, 1
171 ,489, 153, '123 136 87 90 124 143 144 75 46 51 45 72 ' ,'0 0 0 0 0 0 0 0 0 0 0 0 ' ,81 ,1 ,0, 0
214 ,163, 195, '91 101 92 107 169 84 113 93 72 73 34 38 ' ,'0 0 0 0 0 0 0 0 0 0 0 0 ' ,111 ,24 ,1, 1
215 ,207, 192, '98 124 86 104 121 86 115 88 37 47 112 110 ' ,'0 0 0 0 0 0 0 0 0 0 0 0 ' ,133 ,1 ,1, 0
192 ,207, 175, '137 143 76 94 110 143 136 82 94 48 95 79 ' ,'0 0 0 0 0 0 0 0 0 0 0 0 ' ,109 ,1 ,1, 1
224 ,184, 189, '125 130 133 81 75 82 174 138 68 64 42 101 ' ,'0 0 0 0 0 0 0 0 0 0 0 0 ' ,110 ,1 ,1, 1
205 ,234, 166, '93 107 76 113 122 127 123 60 108 102 54 38 ' ,'0 0 0 0 0 0 0 0 0 0 0 0 ' ,90 ,1 ,1, 1
183 ,191, 152, '134 133 84 79 97 133 103 76 76 53 93 45 ' ,'0 0 0 0 0 0 0 0 0 0 0 0 ' ,87 ,1 ,1, 1
315 ,163, 287, '78 95 75 85 79 116 67 64 48 42 46 60 ' ,'0 0 0 0 0 0 0 0 0 0 0 0 ' ,214 ,1 ,1, 0
157 ,297, 126, '111 119 83 84 81 120 81 69 67 56 68 35 ' ,'0 0 0 0 0 0 0 0 0 0 0 0 ' ,84 ,1 ,0, 0
149 ,149, 130, '107 79 99 77 94 92 119 72 64 24 36 81 ' ,'0 0 0 0 0 0 0 0 0 0 0 0 ' ,53 ,1 ,1, 0
273 ,141, 241, '92 107 75 233 77 125 87 79 228 50 35 79 ' ,'0 0 0 0 0 0 0 0 0 0 0 0 ' ,195 ,1 ,1, 0
154 ,268, 131, '109 119 85 102 78 122 106 74 39 40 44 57 ' ,'0 0 0 0 0 0 0 0 0 0 0 0 ' ,74 ,1 ,1, 1
150 ,146, 120, '112 103 64 102 93 94 78 75 50 50 35 49 ' ,'0 0 0 0 0 0 0 0 0 0 0 0 ' ,65 ,2 ,1, 1
150 ,143, 136, '98 86 93 77 105 70 95 71 70 54 30 106 ' ,'0 0 0 0 0 0 0 0 0 0 0 0 ' ,88 ,0 ,1, 1
262 ,141, 188, '107 93 102 82 77 105 98 91 70 40 53 67 ' ,'0 0 0 0 0 0 0 0 0 0 0 0 ' ,91 ,1 ,1, 1
188 ,256, 169, '142 117 86 122 116 163 113 90 41 61 45 96 ' ,'0 0 0 0 0 0 0 0 0 0 0 0 ' ,101 ,1 ,1, 1
185 ,181, 167, '124 84 87 93 110 126 113 71 65 44 80 57 ' ,'0 0 0 0 0 0 0 0 0 0 0 0 ' ,66 ,1 ,0, 0
199 ,177, 170, '93 94 70 126 108 141 126 95 26 35 76 76 ' ,'0 0 0 0 0 0 0 0 0 0 0 0 ' ,85 ,1 ,1, 1
168 ,192, 148, '84 108 85 114 76 117 136 82 39 42 87 106 ' ,'0 0 0 0 0 0 0 0 0 0 0 0 ' ,89 ,1 ,1, 1
191 ,162, 176, '80 143 90 81 106 103 121 100 49 37 113 96 ' ,'0 0 0 0 0 0 0 0 0 0 0 0 ' ,122 ,1 ,1, 1
168 ,183, 150, '103 98 74 127 64 117 117 81 33 62 39 61 ' ,'0 0 0 0 0 0 0 0 0 0 0 0 ' ,82 ,1 ,1, 0
182 ,173, 140, '105 84 74 95 105 91 113 70 50 65 94 81 ' ,'0 0 0 0 0 0 0 0 0 0 0 0 ' ,52 ,1 ,3, 1
182 ,161, 166, '117 159 77 101 70 121 120 68 39 68 124 93 ' ,'0 0 0 0 0 0 0 0 0 0 0 0 ' ,98 ,0 ,1, 1
158 ,176, 125, '104 79 72 101 72 111 111 63 33 56 39 81 ' ,'0 0 0 0 0 0 0 0 0 0 0 0 ' ,85 ,1 ,0, 0
206 ,152, 189, '117 118 94 73 82 108 96 79 43 34 76 41 ' ,'0 0 0 0 0 0 0 0 0 0 0 0 ' ,136 ,1 ,1, 1
155 ,197, 128, '68 120 66 100 75 104 110 77 56 45 63 43 ' ,'0 0 0 0 0 0 0 0 0 0 0 0 ' ,76 ,2 ,1, 1
140 ,147, 122, '83 98 81 114 95 114 112 86 44 38 107 57 ' ,'0 0 0 0 0 0 0 0 0 0 0 0 ' ,76 ,2 ,0, 0
243 ,132, 155, '88 145 80 79 90 105 98 83 61 43 92 89 ' ,'0 0 0 0 0 0 0 0 0 0 0 0 ' ,81 ,0 ,1, 0
155 ,188, 117, '78 117 98 106 97 121 102 59 53 76 69 57 ' ,'0 0 0 0 0 0 0 0 0 0 0 0 ' ,66 ,1 ,0, 0
226 ,146, 206, '90 142 108 116 116 82 140 85 70 42 74 101 ' ,'0 0 0 0 0 0 0 0 0 0 0 0 ' ,86 ,2 ,56, 0
167 ,213, 150, '96 131 94 117 83 135 109 68 49 66 38 74 ' ,'0 0 0 0 0 0 0 0 0 0 0 0 ' ,95 ,1 ,0, 0
193 ,157, 181, '146 153 90 92 95 94 165 93 63 73 58 48 ' ,'0 0 0 0 0 0 0 0 0 0 0 0 ' ,109 ,1 ,1, 0
178 ,186, 160, '114 91 84 110 104 122 128 80 36 70 27 87 ' ,'0 0 0 0 0 0 0 0 0 0 0 0 ' ,123 ,1 ,0, 0
187 ,167, 141, '135 124 81 106 82 137 133 84 37 44 96 49 ' ,'0 0 0 0 0 0 0 0 0 0 0 0 ' ,113 ,1 ,1, 1
203 ,179, 181, '157 82 97 99 115 169 91 86 73 43 109 69 ' ,'0 0 0 0 0 0 0 0 0 0 0 0 ' ,106 ,1 ,1, 1
186 ,196, 149, '103 93 80 102 79 112 116 74 49 79 56 58 ' ,'0 0 0 0 0 0 0 0 0 0 0 0 ' ,71 ,1 ,1, 1
205 ,177, 128, '92 106 78 99 90 104 74 80 48 36 49 64 ' ,'0 0 0 0 0 0 0 0 0 0 0 0 ' ,132 ,1 ,0, 0
162 ,194, 142, '91 122 66 93 84 87 135 75 35 39 47 86 ' ,'0 0 0 0 0 0 0 0 0 0 0 0 ' ,101 ,0 ,0, 0
191 ,162, 156, '117 144 66 91 88 83 127 61 60 63 32 90 ' ,'0 0 0 0 0 0 0 0 0 0 0 0 ' ,116 ,2 ,1, 1
321 ,182, 297, '129 110 107 87 85 236 73 88 41 80 85 65 ' ,'0 0 0 0 0 0 0 0 0 0 0 0 ' ,209 ,1 ,2, 1
149 ,311, 127, '94 114 84 85 106 64 108 89 41 48 63 120 ' ,'0 0 0 0 0 0 0 0 0 0 0 0 ' ,67 ,0 ,1, 1
201 ,140, 183, '140 90 87 110 109 80 108 80 37 42 110 104 ' ,'0 0 0 0 0 0 0 0 0 0 0 0 ' ,131 ,2 ,1, 1
192 ,192, 171, '157 131 97 88 93 163 127 88 58 79 77 73 ' ,'0 0 0 0 0 0 0 0 0 0 0 0 ' ,73 ,1 ,0, 0
186 ,185, 163, '155 94 92 87 115 136 132 90 73 64 48 61 ' ,'0 0 0 0 0 0 0 0 0 0 0 0 ' ,84 ,1 ,1, 0
231 ,181, 193, '141 138 130 102 102 185 126 144 49 62 128 45 ' ,'0 0 0 0 0 0 0 0 0 0 0 0 ' ,139 ,1 ,1, 1
187 ,204, 159, '143 77 78 101 144 113 129 96 55 39 85 84 ' ,'0 0 0 0 0 0 0 0 0 0 0 0 ' ,94 ,1 ,1, 1
196 ,174, 162, '105 97 80 96 106 126 135 94 36 61 59 87 ' ,'0 0 0 0 0 0 0 0 0 0 0 0 ' ,128 ,1 ,1, 1
208 ,194, 121, '114 162 77 89 108 100 73 102 51 46 52 46 ' ,'0 0 0 0 0 0 0 0 0 0 0 0 ' ,113 ,1 ,1, 1
196 ,195, 176, '139 145 75 83 115 154 168 82 96 71 129 119 ' ,'0 0 0 0 0 0 0 0 0 0 0 0 ' ,76 ,0 ,1, 0
197 ,189, 178, '157 96 91 110 80 168 101 96 55 59 108 111 ' ,'0 0 0 0 0 0 0 0 0 0 0 0 ' ,114 ,1 ,1, 1
198 ,189, 180, '66 144 71 111 99 86 171 82 49 51 55 120 ' ,'0 0 0 0 0 0 0 0 0 0 0 0 ' ,115 ,1 ,1, 1
189 ,188, 166, '148 163 67 88 129 106 123 76 47 60 44 124 ' ,'0 0 0 0 0 0 0 0 0 0 0 0 ' ,114 ,1 ,1, 0
201 ,181, 173, '85 98 72 80 79 156 149 81 49 43 42 108 ' ,'0 0 0 0 0 0 0 0 0 0 0 0 ' ,120 ,1 ,1, 1
182 ,189, 155, '117 67 83 67 106 144 89 81 27 48 62 78 ' ,'0 0 0 0 0 0 0 0 0 0 0 0 ' ,115 ,1 ,1, 0
169 ,174, 141, '131 63 100 101 102 128 64 99 42 45 98 37 ' ,'0 0 0 0 0 0 0 0 0 0 0 0 ' ,84 ,1 ,1, 1
437 ,153, 413, '107 406 70 102 68 108 381 86 45 35 62 108 ' ,'0 0 0 0 0 0 0 0 0 0 0 0 ' ,375 ,1 ,1, 1
165 ,430, 146, '128 95 83 120 90 62 140 84 43 89 52 42 ' ,'0 0 0 0 0 0 0 0 0 0 0 0 ' ,77 ,1 ,1, 1
197 ,158, 145, '103 104 96 128 87 163 97 92 48 94 70 40 ' ,'0 0 0 0 0 0 0 0 0 0 0 0 ' ,103 ,1 ,1, 1
186 ,179, 158, '73 132 78 74 155 119 147 91 39 93 38 38 ' ,'0 0 0 0 0 0 0 0 0 0 0 0 ' ,115 ,1 ,0, 0
209 ,177, 185, '176 91 93 111 112 166 120 97 74 48 140 76 ' ,'0 0 0 0 0 0 0 0 0 0 0 0 ' ,104 ,1 ,1, 0
258 ,201, 228, '172 127 88 93 129 121 127 92 87 86 35 99 ' ,'0 0 0 0 0 0 0 0 0 0 0 0 ' ,130 ,1 ,0, 0
154 ,251, 138, '129 93 72 70 80 115 93 75 66 102 75 118 ' ,'0 0 0 0 0 0 0 0 0 0 0 0 ' ,64 ,1 ,1, 1
193 ,146, 178, '90 131 53 86 112 160 120 76 50 41 72 110 ' ,'0 0 0 0 0 0 0 0 0 0 0 0 ' ,117 ,2 ,0, 0
173 ,185, 151, '143 78 69 87 78 80 104 77 77 56 95 88 ' ,'0 0 0 0 0 0 0 0 0 0 0 0 ' ,75 ,1 ,0, 0
196 ,163, 175, '166 85 100 81 78 151 104 98 50 93 120 48 ' ,'0 0 0 0 0 0 0 0 0 0 0 0 ' ,91 ,1 ,0, 0
323 ,189, 310, '111 87 76 136 153 84 286 72 77 105 105 113 ' ,'0 0 0 0 0 0 0 0 0 0 0 0 ' ,189 ,0 ,2, 1
170 ,314, 149, '98 140 76 95 119 124 122 69 61 46 44 44 ' ,'0 0 0 0 0 0 0 0 0 0 0 0 ' ,74 ,1 ,1, 0
186 ,159, 165, '128 149 83 81 103 127 133 79 45 41 44 81 ' ,'0 0 0 0 0 0 0 0 0 0 0 0 ' ,91 ,1 ,3, 0
170 ,175, 132, '120 112 84 81 79 60 91 75 49 61 66 59 ' ,'0 0 0 0 0 0 0 0 0 0 0 0 ' ,94 ,1 ,1, 1
274 ,164, 255, '143 116 91 76 85 245 74 99 57 80 93 31 ' ,'0 0 0 0 0 0 0 0 0 0 0 0 ' ,199 ,1 ,0, 0
234 ,267, 218, '109 131 63 109 79 80 130 62 51 62 57 130 ' ,'0 0 0 0 0 0 0 0 0 0 0 0 ' ,160 ,1 ,1, 0
156 ,225, 133, '111 120 72 126 92 105 104 68 52 70 33 71 ' ,'0 0 0 0 0 0 0 0 0 0 0 0 ' ,56 ,0 ,1, 1
142 ,139, 125, '95 78 74 74 74 116 86 71 67 28 45 88 ' ,'0 0 0 0 0 0 0 0 0 0 0 0 ' ,70 ,1 ,1, 0
195 ,134, 177, '70 92 76 100 107 134 77 76 68 75 29 72 ' ,'0 0 0 0 0 0 0 0 0 0 0 0 ' ,73 ,1 ,0, 0
233 ,185, 213, '156 84 97 90 95 144 97 92 52 43 112 69 ' ,'0 0 0 0 0 0 0 0 0 0 0 0 ' ,146 ,1 ,1, 1
193 ,225, 163, '86 143 87 83 71 72 113 77 37 61 70 73 ' ,'0 0 0 0 0 0 0 0 0 0 0 0 ' ,101 ,1 ,1, 0
168 ,172, 144, '135 95 87 82 114 122 101 87 83 39 63 68 ' ,'0 0 0 0 0 0 0 0 0 0 0 0 ' ,69 ,1 ,1, 1
195 ,161, 169, '84 134 67 133 129 143 154 91 142 49 108 42 ' ,'0 0 0 0 0 0 0 0 0 0 0 0 ' ,119 ,1 ,0, 0
185 ,186, 158, '144 128 90 95 102 135 124 86 46 72 51 42 ' ,'0 0 0 0 0 0 0 0 0 0 0 0 ' ,105 ,1 ,1, 1
202 ,181, 188, '177 87 107 107 71 177 81 112 82 47 102 51 ' ,'0 0 0 0 0 0 0 0 0 0 0 0 ' ,118 ,2 ,1, 1
189 ,194, 164, '100 111 70 101 97 116 149 86 61 43 50 120 ' ,'0 0 0 0 0 0 0 0 0 0 0 0 ' ,106 ,1 ,1, 1
193 ,183, 171, '119 121 84 83 124 106 150 76 105 33 99 44 ' ,'0 0 0 0 0 0 0 0 0 0 0 0 ' ,96 ,1 ,0, 0
188 ,186, 124, '101 100 71 78 88 88 90 84 53 37 55 39 ' ,'0 0 0 0 0 0 0 0 0 0 0 0 ' ,99 ,2 ,1, 1
206 ,193, 174, '80 127 83 101 82 107 152 80 44 80 79 49 ' ,'0 0 0 0 0 0 0 0 0 0 0 0 ' ,114 ,1 ,0, 0
183 ,194, 168, '153 73 94 121 83 152 108 96 42 42 114 61 ' ,'0 0 0 0 0 0 0 0 0 0 0 0 ' ,103 ,1 ,1, 1
168 ,174, 104, '89 66 70 87 86 108 120 81 51 68 74 35 ' ,'0 0 0 0 0 0 0 0 0 0 0 0 ' ,74 ,1 ,1, 1
148 ,158, 127, '78 104 72 69 97 107 118 89 51 40 74 44 ' ,'0 0 0 0 0 0 0 0 0 0 0 0 ' ,82 ,1 ,0, 0
191 ,140, 151, '114 147 93 136 92 73 100 74 121 53 71 68 ' ,'0 0 0 0 0 0 0 0 0 0 0 0 ' ,39 ,1 ,1, 1
204 ,173, 150, '108 154 79 76 80 125 107 72 43 60 71 48 ' ,'0 0 0 0 0 0 0 0 0 0 0 0 ' ,113 ,1 ,1, 0
188 ,197, 160, '129 96 102 95 78 151 143 112 32 54 127 50 ' ,'0 0 0 0 0 0 0 0 0 0 0 0 ' ,118 ,1 ,1, 1
214 ,178, 173, '142 101 87 108 81 78 144 91 80 73 69 80 ' ,'0 0 0 0 0 0 0 0 0 0 0 0 ' ,89 ,1 ,1, 1
189 ,197, 157, '115 113 79 99 104 142 153 81 75 63 80 49 ' ,'0 0 0 0 0 0 0 0 0 0 0 0 ' ,94 ,1 ,1, 1
205 ,182, 175, '127 130 89 136 90 157 153 76 61 48 52 100 ' ,'0 0 0 0 0 0 0 0 0 0 0 0 ' ,114 ,0 ,1, 1
196 ,198, 179, '161 138 67 94 134 167 140 74 50 98 125 82 ' ,'0 0 0 0 0 0 0 0 0 0 0 0 ' ,103 ,1 ,1, 1
228 ,190, 199, '180 114 86 60 88 188 143 86 55 48 71 102 ' ,'0 0 0 0 0 0 0 0 0 0 0 0 ' ,143 ,1 ,0, 0
191 ,207, 173, '144 119 73 95 91 133 148 77 70 47 77 45 ' ,'0 0 0 0 0 0 0 0 0 0 0 0 ' ,82 ,1 ,2, 1
202 ,198, 178, '169 125 78 114 69 157 128 84 109 67 87 40 ' ,'0 0 0 0 0 0 0 0 0 0 0 0 ' ,89 ,1 ,1, 1
172 ,192, 143, '135 122 75 127 90 117 122 87 78 44 55 54 ' ,'0 0 0 0 0 0 0 0 0 0 0 0 ' ,99 ,1 ,1, 1
203 ,169, 157, '118 123 68 94 104 122 126 89 55 23 88 50 ' ,'0 0 0 0 0 0 0 0 0 0 0 0 ' ,90 ,1 ,1, 1
210 ,194, 173, '151 98 145 78 62 108 75 159 70 38 87 35 ' ,'0 0 0 0 0 0 0 0 0 0 0 0 ' ,123 ,2 ,1, 1
176 ,204, 136, '93 116 72 88 78 68 104 82 47 28 64 85 ' ,'0 0 0 0 0 0 0 0 0 0 0 0 ' ,86 ,1 ,1, 1
156 ,152, 138, '86 95 61 95 103 98 109 70 61 42 46 78 ' ,'0 0 0 0 0 0 0 0 0 0 0 0 ' ,77 ,1 ,1, 0
270 ,150, 252, '74 123 69 91 82 113 79 77 75 39 70 119 ' ,'0 0 0 0 0 0 0 0 0 0 0 0 ' ,205 ,1 ,0, 0
205 ,262, 167, '92 100 77 96 159 149 132 77 46 84 72 26 ' ,'0 0 0 0 0 0 0 0 0 0 0 0 ' ,121 ,2 ,1, 0
246 ,260, 169, '87 70 107 95 82 148 121 111 34 26 187 37 ' ,'0 0 0 0 0 0 0 0 0 0 0 0 ' ,169 ,1 ,1, 1
279 ,222, 244, '68 125 79 78 120 114 97 61 56 51 40 87 ' ,'0 0 0 197434 0 0 0 0 0 0 0 0 ' ,172 ,1 ,1, 1
163 ,303, 143, '133 108 88 121 94 116 110 99 48 74 41 31 ' ,'0 0 0 0 0 0 0 0 0 0 0 0 ' ,92 ,1 ,1, 1
212 ,156, 194, '91 127 73 89 86 172 106 66 64 46 112 106 ' ,'0 0 0 0 0 0 0 0 0 0 0 0 ' ,125 ,3 ,3, 3
187 ,202, 133, '125 106 73 93 115 119 124 93 49 53 116 52 ' ,'0 0 0 0 0 0 0 0 0 0 0 0 ' ,106 ,1 ,0, 0
211 ,181, 191, '184 146 144 103 122 87 138 80 104 75 77 50 ' ,'0 0 0 0 0 0 0 0 0 0 0 0 ' ,78 ,0 ,1, 1
214 ,204, 183, '166 156 86 106 132 137 169 83 60 81 107 93 ' ,'0 0 0 0 0 0 0 0 0 0 0 0 ' ,93 ,1 ,1, 1
214 ,206, 160, '150 109 84 83 104 146 101 93 35 82 80 94 ' ,'0 0 0 0 0 0 0 0 0 0 0 0 ' ,108 ,1 ,1, 1
211 ,204, 171, '68 163 73 147 93 140 80 91 114 33 48 109 ' ,'0 0 0 0 0 0 0 0 0 0 0 0 ' ,120 ,1 ,1, 0
307 ,198, 292, '85 141 83 81 190 142 129 84 36 85 100 99 ' ,'0 0 0 0 0 0 0 0 0 0 0 0 ' ,242 ,1 ,1, 1
223 ,298, 140, '126 97 181 98 81 102 106 186 51 51 128 53 ' ,'0 0 0 0 0 0 0 0 0 0 0 0 ' ,137 ,1 ,1, 0
161 ,216, 143, '136 132 58 75 120 101 132 80 68 70 88 52 ' ,'0 0 0 0 0 0 0 0 0 0 0 0 ' ,80 ,1 ,1, 1
178 ,155, 151, '98 130 62 71 94 89 110 87 28 51 62 46 ' ,'0 0 0 0 0 0 0 0 0 0 0 0 ' ,109 ,1 ,1, 0
165 ,170, 149, '124 90 101 75 82 89 88 66 44 42 57 41 ' ,'0 0 0 0 0 0 0 0 0 0 0 0 ' ,63 ,1 ,1, 1
259 ,160, 183, '174 154 124 72 138 139 91 85 46 87 59 93 ' ,'0 0 0 0 0 0 0 0 0 0 0 0 ' ,187 ,1 ,0, 0
184 ,252, 145, '109 150 58 108 87 134 86 89 38 32 111 52 ' ,'0 0 0 0 0 0 0 0 0 0 0 0 ' ,117 ,4 ,1, 1
178 ,176, 157, '109 110 78 76 118 77 112 73 57 54 89 69 ' ,'0 0 0 0 0 0 0 0 0 0 0 0 ' ,79 ,1 ,1, 1
