843 ,0, 776, '207 491 253 230 250 145 497 237 483 353 201 472 424 482 540 286 485 410 438 495 ' ,'0 305 0 0 0 0 0 0 0 0 0 0 0 208 213 143 0 165 224 202 ' ,188 ,10 ,3, 3
289 ,799, 256, '182 164 205 183 201 200 147 191 222 183 192 195 184 195 231 185 181 208 210 205 ' ,'0 0 0 0 0 0 0 0 0 0 0 0 0 0 0 0 0 0 0 0 ' ,96 ,1 ,3, 3
91 ,270, 63, '30 32 35 45 43 35 34 31 33 32 29 27 29 36 28 45 29 29 38 36 ' ,'0 0 0 0 0 0 0 0 0 0 0 0 0 0 0 0 0 0 0 0 ' ,23 ,1 ,2, 2
115 ,706, 90, '37 37 39 41 46 42 32 37 30 31 36 39 44 42 46 40 35 41 30 61 ' ,'0 0 0 0 0 0 0 0 0 0 0 0 0 0 0 0 0 0 0 0 ' ,47 ,2 ,2, 2
80 ,237, 56, '28 26 28 30 30 28 26 29 40 25 33 29 28 30 24 25 25 27 35 36 ' ,'0 0 0 0 0 0 0 0 0 0 0 0 0 0 0 0 0 0 0 0 ' ,22 ,1 ,2, 2
100 ,65, 67, '38 34 35 38 28 35 35 35 35 39 36 39 32 37 31 53 39 33 34 48 ' ,'0 0 0 0 0 0 0 0 0 0 0 0 0 0 0 0 0 0 0 0 ' ,25 ,1 ,2, 2
87 ,87, 56, '26 25 28 35 26 24 25 28 30 40 33 26 28 29 32 25 27 31 39 30 ' ,'0 0 0 0 0 0 0 0 0 0 0 0 0 0 0 0 0 0 0 0 ' ,21 ,2 ,1, 1
165 ,77, 140, '27 36 31 39 42 27 36 29 31 27 31 32 26 45 28 43 35 30 42 33 ' ,'0 0 0 0 0 0 0 0 0 0 0 0 0 0 0 0 0 0 0 0 ' ,105 ,4 ,2, 2
97 ,154, 64, '36 43 36 33 39 32 31 33 32 26 38 33 41 29 29 34 33 30 30 42 ' ,'0 0 0 0 0 0 0 0 0 0 0 0 0 0 0 0 0 0 0 0 ' ,27 ,6 ,2, 2
76 ,81, 55, '34 30 32 39 39 30 30 31 32 42 33 31 35 37 30 28 28 31 30 29 ' ,'0 0 0 0 0 0 0 0 0 0 0 0 0 0 0 0 0 0 0 0 ' ,18 ,2 ,2, 2
79 ,66, 49, '28 30 39 37 28 45 36 32 31 29 33 30 31 30 28 30 30 35 30 28 ' ,'0 0 0 0 0 0 0 0 0 0 0 0 0 0 0 0 0 0 0 0 ' ,22 ,2 ,2, 2
102 ,73, 81, '32 32 28 28 30 31 33 34 29 31 29 30 32 33 34 37 32 27 26 29 ' ,'0 0 0 0 0 0 0 0 0 0 0 0 0 0 0 0 0 0 0 0 ' ,50 ,22 ,1, 1
80 ,91, 54, '24 27 26 29 37 35 32 34 30 33 24 27 29 40 25 32 25 28 38 26 ' ,'0 0 0 0 0 0 0 0 0 0 0 0 0 0 0 0 0 0 0 0 ' ,22 ,0 ,1, 1
81 ,71, 58, '43 34 36 35 31 43 36 39 36 40 47 29 41 34 33 37 37 33 34 31 ' ,'0 0 0 0 0 0 0 0 0 0 0 0 0 0 0 0 0 0 0 0 ' ,19 ,1 ,0, 0
87 ,70, 61, '29 31 33 50 42 27 30 31 38 32 35 32 32 32 35 33 28 29 52 27 ' ,'0 0 0 0 0 0 0 0 0 0 0 0 0 0 0 0 0 0 0 0 ' ,24 ,1 ,0, 0
77 ,72, 57, '26 31 29 25 26 27 31 33 25 34 25 29 23 28 29 24 32 33 25 26 ' ,'0 0 0 0 0 0 0 0 0 0 0 0 0 0 0 0 0 0 0 0 ' ,25 ,1 ,1, 1
125 ,69, 97, '32 38 40 34 36 45 42 43 32 50 36 39 37 35 36 35 36 37 31 34 ' ,'0 0 0 0 0 0 0 0 0 0 0 0 0 0 0 0 0 0 0 0 ' ,56 ,26 ,1, 1
74 ,115, 54, '38 30 30 32 33 27 30 37 28 31 29 28 25 32 32 35 26 35 29 26 ' ,'0 0 0 0 0 0 0 0 0 0 0 0 0 0 0 0 0 0 0 0 ' ,21 ,1 ,1, 0
100 ,69, 74, '61 35 34 33 38 53 34 34 33 31 32 38 35 45 30 66 34 44 36 29 ' ,'0 0 0 0 0 0 0 0 0 0 0 0 0 0 0 0 0 0 0 0 ' ,33 ,2 ,0, 0
81 ,89, 55, '35 44 32 28 40 40 33 28 36 32 42 27 32 27 29 45 33 26 43 25 ' ,'0 0 0 0 0 0 0 0 0 0 0 0 0 0 0 0 0 0 0 0 ' ,23 ,1 ,0, 0
100 ,74, 79, '50 35 43 33 33 37 33 30 32 50 33 35 39 39 39 41 43 28 36 33 ' ,'0 0 0 0 0 0 0 0 0 0 0 0 0 0 0 0 0 0 0 0 ' ,31 ,1 ,1, 0
118 ,90, 94, '60 39 31 33 32 45 31 38 29 29 29 27 28 29 37 29 31 31 31 25 ' ,'0 0 0 0 0 0 0 0 0 0 0 0 0 0 0 0 0 0 0 0 ' ,53 ,21 ,1, 1
96 ,106, 71, '41 40 38 37 52 36 35 40 37 40 49 47 38 45 36 42 36 39 37 39 ' ,'0 0 0 0 0 0 0 0 0 0 0 0 0 0 0 0 0 0 0 0 ' ,26 ,1 ,1, 1
96 ,87, 70, '34 31 37 37 39 33 31 35 40 53 37 36 35 35 54 37 51 35 38 45 ' ,'0 0 0 0 0 0 0 0 0 0 0 0 0 0 0 0 0 0 0 0 ' ,35 ,0 ,0, 0
86 ,89, 59, '44 37 33 34 47 37 36 44 33 41 36 43 35 37 34 32 36 31 33 34 ' ,'0 0 0 0 0 0 0 0 0 0 0 0 0 0 0 0 0 0 0 0 ' ,25 ,1 ,1, 1
90 ,77, 62, '35 35 38 49 51 33 32 38 40 36 30 32 30 34 39 34 34 34 35 31 ' ,'0 0 0 0 0 0 0 0 0 0 0 0 0 0 0 0 0 0 0 0 ' ,24 ,1 ,0, 0
73 ,84, 51, '28 38 33 30 36 28 31 28 31 26 25 40 28 28 26 29 36 28 27 33 ' ,'0 0 0 0 0 0 0 0 0 0 0 0 0 0 0 0 0 0 0 0 ' ,18 ,1 ,0, 0
120 ,65, 91, '71 60 56 33 75 80 48 63 51 69 53 65 49 70 60 58 59 60 82 75 ' ,'0 0 0 0 0 0 0 0 0 0 0 0 0 0 0 0 0 0 0 0 ' ,50 ,0 ,0, 0
80 ,105, 52, '30 32 38 36 39 37 30 34 45 39 31 32 32 35 42 32 36 47 43 35 ' ,'0 0 0 0 0 0 0 0 0 0 0 0 0 0 0 0 0 0 0 0 ' ,19 ,1 ,1, 1
86 ,70, 70, '48 43 40 49 45 38 37 41 39 38 37 34 42 37 39 39 38 57 35 33 ' ,'0 0 0 0 0 0 0 0 0 0 0 0 0 0 0 0 0 0 0 0 ' ,26 ,1 ,1, 1
65 ,78, 49, '27 38 43 34 32 29 29 30 31 26 26 27 32 32 27 29 26 39 30 26 ' ,'0 0 0 0 0 0 0 0 0 0 0 0 0 0 0 0 0 0 0 0 ' ,16 ,1 ,1, 1
89 ,57, 58, '26 36 28 30 29 24 39 28 28 26 27 32 25 32 36 34 27 28 29 41 ' ,'0 0 0 0 0 0 0 0 0 0 0 0 0 0 0 0 0 0 0 0 ' ,25 ,1 ,1, 1
293 ,74, 255, '30 32 45 44 38 38 36 39 58 43 32 35 46 36 40 44 46 41 44 56 ' ,'0 0 0 0 0 0 0 0 0 0 0 0 0 0 0 0 0 0 0 0 ' ,217 ,1 ,1, 1
86 ,278, 63, '32 33 34 35 35 30 35 37 33 34 31 43 35 34 30 46 34 36 32 45 ' ,'0 0 0 0 0 0 0 0 0 0 0 0 0 0 0 0 0 0 0 0 ' ,23 ,1 ,1, 1
95 ,72, 75, '32 30 32 35 31 38 47 35 35 51 32 29 37 34 31 34 32 46 35 41 ' ,'0 0 0 0 0 0 0 0 0 0 0 0 0 0 0 0 0 0 0 0 ' ,35 ,2 ,0, 0
88 ,84, 59, '33 43 35 33 33 30 49 36 28 31 29 29 36 27 37 34 26 32 27 29 ' ,'0 0 0 0 0 0 0 0 0 0 0 0 0 0 0 0 0 0 0 0 ' ,28 ,1 ,0, 0
89 ,77, 60, '27 31 30 28 28 27 30 37 32 41 25 30 26 27 30 27 31 33 28 25 ' ,'0 0 0 0 0 0 0 0 0 0 0 0 0 0 0 0 0 0 0 0 ' ,26 ,1 ,1, 1
83 ,75, 58, '32 30 44 33 37 36 44 31 37 37 41 31 31 46 29 42 29 39 38 44 ' ,'0 0 0 0 0 0 0 0 0 0 0 0 0 0 0 0 0 0 0 0 ' ,23 ,1 ,0, 0
87 ,73, 56, '29 29 49 28 30 32 40 46 53 28 31 41 33 32 31 32 32 44 54 40 ' ,'0 0 0 0 0 0 0 0 0 0 0 0 0 0 0 0 0 0 0 0 ' ,28 ,2 ,1, 1
83 ,78, 61, '41 28 30 40 28 47 26 29 32 30 26 31 29 53 25 27 28 27 35 34 ' ,'0 0 0 0 0 0 0 0 0 0 0 0 0 0 0 0 0 0 0 0 ' ,29 ,1 ,1, 1
88 ,77, 61, '35 35 40 39 39 32 36 32 34 34 41 32 32 33 35 46 32 33 43 46 ' ,'0 0 0 0 0 0 0 0 0 0 0 0 0 0 0 0 0 0 0 0 ' ,25 ,1 ,1, 1
87 ,86, 64, '30 30 32 34 36 29 28 33 32 33 40 29 29 30 43 36 29 31 29 29 ' ,'0 0 0 0 0 0 0 0 0 0 0 0 0 0 0 0 0 0 0 0 ' ,28 ,1 ,0, 0
80 ,80, 56, '32 33 33 35 33 40 36 35 28 30 30 31 33 39 41 40 31 31 31 29 ' ,'0 0 0 0 0 0 0 0 0 0 0 0 0 0 0 0 0 0 0 0 ' ,22 ,1 ,1, 1
77 ,66, 54, '28 25 22 25 25 31 21 30 24 24 21 24 27 32 25 29 23 33 23 32 ' ,'0 0 0 0 0 0 0 0 0 0 0 0 0 0 0 0 0 0 0 0 ' ,23 ,1 ,1, 1
80 ,67, 56, '28 25 22 27 22 27 26 23 22 28 26 25 23 23 23 27 26 25 22 22 ' ,'0 0 0 0 0 0 0 0 0 0 0 0 0 0 0 0 0 0 0 0 ' ,28 ,2 ,1, 1
75 ,69, 55, '29 31 26 26 47 28 30 26 26 29 27 29 25 27 41 29 34 27 34 30 ' ,'0 0 0 0 0 0 0 0 0 0 0 0 0 0 0 0 0 0 0 0 ' ,21 ,1 ,1, 1
79 ,67, 59, '26 26 26 30 26 30 31 31 27 27 23 24 28 26 53 26 24 26 26 24 ' ,'0 0 0 0 0 0 0 0 0 0 0 0 0 0 0 0 0 0 0 0 ' ,30 ,1 ,1, 1
61 ,70, 41, '30 28 24 26 29 27 31 24 29 29 25 24 23 29 27 25 29 23 28 27 ' ,'0 0 0 0 0 0 0 0 0 0 0 0 0 0 0 0 0 0 0 0 ' ,13 ,1 ,0, 0
82 ,52, 60, '33 30 31 42 37 35 30 32 35 28 34 29 33 41 31 34 28 29 27 27 ' ,'0 0 0 0 0 0 0 0 0 0 0 0 0 0 0 0 0 0 0 0 ' ,30 ,2 ,0, 0
86 ,75, 62, '30 31 32 33 38 29 40 31 30 29 30 28 30 37 28 29 45 37 31 34 ' ,'0 0 0 0 0 0 0 0 0 0 0 0 0 0 0 0 0 0 0 0 ' ,26 ,0 ,1, 1
106 ,75, 82, '53 55 35 37 40 44 42 38 37 44 41 41 40 38 54 43 44 39 40 54 ' ,'0 0 0 0 0 0 0 0 0 0 0 0 0 0 0 0 0 0 0 0 ' ,41 ,1 ,0, 0
83 ,100, 58, '23 25 30 29 39 29 31 28 27 23 23 24 25 33 23 27 42 26 29 23 ' ,'0 0 0 0 0 0 0 0 0 0 0 0 0 0 0 0 0 0 0 0 ' ,29 ,1 ,1, 1
89 ,74, 67, '34 35 30 37 38 34 35 31 30 43 34 40 29 41 28 32 34 29 28 28 ' ,'0 0 0 0 0 0 0 0 0 0 0 0 0 0 0 0 0 0 0 0 ' ,35 ,1 ,0, 0
95 ,83, 67, '34 35 30 45 46 32 27 37 49 42 28 29 29 33 38 29 30 31 36 28 ' ,'0 0 0 0 0 0 0 0 0 0 0 0 0 0 0 0 0 0 0 0 ' ,33 ,1 ,0, 0
144 ,86, 119, '44 52 46 37 85 40 45 40 54 93 41 57 52 46 42 50 64 45 45 69 ' ,'0 0 0 0 0 0 0 0 0 0 0 0 0 0 0 0 0 0 0 0 ' ,76 ,1 ,1, 1
76 ,138, 53, '27 31 25 31 29 30 24 30 38 36 26 32 25 40 29 39 24 24 43 30 ' ,'0 0 0 0 0 0 0 0 0 0 0 0 0 0 0 0 0 0 0 0 ' ,22 ,0 ,0, 0
101 ,68, 62, '29 34 43 45 31 42 44 32 39 44 51 37 28 37 58 39 48 45 29 48 ' ,'0 0 0 0 0 0 0 0 0 0 0 0 0 0 0 0 0 0 0 0 ' ,40 ,0 ,0, 0
81 ,92, 52, '24 26 29 38 30 34 27 30 32 33 28 32 29 30 31 26 27 28 33 35 ' ,'0 0 0 0 0 0 0 0 0 0 0 0 0 0 0 0 0 0 0 0 ' ,22 ,0 ,0, 0
81 ,68, 60, '30 36 31 31 35 41 30 33 30 30 28 35 33 32 27 28 31 39 36 40 ' ,'0 0 0 0 0 0 0 0 0 0 0 0 0 0 0 0 0 0 0 0 ' ,25 ,0 ,1, 1
86 ,70, 66, '24 36 27 31 42 24 28 33 32 37 27 32 25 28 30 25 30 27 26 25 ' ,'0 0 0 0 0 0 0 0 0 0 0 0 0 0 0 0 0 0 0 0 ' ,35 ,1 ,1, 1
88 ,80, 62, '26 25 28 31 35 31 30 28 30 33 25 31 26 37 42 35 32 31 28 28 ' ,'0 0 0 0 0 0 0 0 0 0 0 0 0 0 0 0 0 0 0 0 ' ,29 ,0 ,1, 1
91 ,78, 63, '33 27 29 28 32 29 29 35 30 40 25 25 36 32 26 26 25 27 43 23 ' ,'0 0 0 0 0 0 0 0 0 0 0 0 0 0 0 0 0 0 0 0 ' ,32 ,1 ,1, 1
75 ,80, 56, '34 29 38 34 33 31 32 33 29 26 32 26 29 35 23 27 33 29 30 24 ' ,'0 0 0 0 0 0 0 0 0 0 0 0 0 0 0 0 0 0 0 0 ' ,21 ,1 ,0, 0
80 ,71, 58, '22 30 24 26 26 23 23 27 31 23 25 21 23 28 36 24 28 25 26 29 ' ,'0 0 0 0 0 0 0 0 0 0 0 0 0 0 0 0 0 0 0 0 ' ,31 ,1 ,1, 1
63 ,74, 44, '34 34 30 28 36 32 34 37 29 34 34 28 36 34 36 37 29 35 30 33 ' ,'0 0 0 0 0 0 0 0 0 0 0 0 0 0 0 0 0 0 0 0 ' ,11 ,0 ,0, 0
65 ,54, 50, '27 37 38 24 32 24 22 22 22 29 27 29 31 32 25 26 41 23 23 30 ' ,'0 0 0 0 0 0 0 0 0 0 0 0 0 0 0 0 0 0 0 0 ' ,21 ,1 ,0, 0
59 ,58, 42, '27 30 33 31 29 26 29 31 32 32 28 26 27 34 29 35 30 31 35 28 ' ,'0 0 0 0 0 0 0 0 0 0 0 0 0 0 0 0 0 0 0 0 ' ,10 ,1 ,1, 1
83 ,51, 57, '26 39 30 42 28 27 35 28 42 25 26 29 27 43 27 28 48 26 39 30 ' ,'0 0 0 0 0 0 0 0 0 0 0 0 0 0 0 0 0 0 0 0 ' ,25 ,1 ,1, 1
89 ,67, 70, '29 29 36 57 42 28 27 36 51 31 28 28 48 43 36 29 33 33 27 30 ' ,'0 0 0 0 0 0 0 0 0 0 0 0 0 0 0 0 0 0 0 0 ' ,34 ,0 ,1, 1
84 ,78, 59, '26 31 30 36 41 28 29 31 30 29 30 28 29 31 29 28 32 34 30 24 ' ,'0 0 0 0 0 0 0 0 0 0 0 0 0 0 0 0 0 0 0 0 ' ,27 ,1 ,0, 0
77 ,74, 49, '24 29 29 30 35 37 30 33 31 25 27 28 31 31 39 29 29 27 28 24 ' ,'0 0 0 0 0 0 0 0 0 0 0 0 0 0 0 0 0 0 0 0 ' ,24 ,0 ,0, 0
80 ,69, 53, '26 25 30 37 29 30 25 28 31 27 28 24 24 35 28 31 24 24 32 35 ' ,'0 0 0 0 0 0 0 0 0 0 0 0 0 0 0 0 0 0 0 0 ' ,27 ,1 ,0, 0
88 ,68, 59, '28 27 30 29 34 25 27 27 31 37 25 28 28 31 28 27 26 27 29 31 ' ,'0 0 0 0 0 0 0 0 0 0 0 0 0 0 0 0 0 0 0 0 ' ,26 ,1 ,0, 0
71 ,74, 52, '24 26 26 25 24 22 21 33 23 28 22 27 24 28 23 29 23 25 25 21 ' ,'0 0 0 0 0 0 0 0 0 0 0 0 0 0 0 0 0 0 0 0 ' ,20 ,1 ,1, 1
91 ,61, 64, '29 29 32 32 33 27 28 31 31 35 35 28 31 39 27 29 32 32 37 33 ' ,'0 0 0 0 0 0 0 0 0 0 0 0 0 0 0 0 0 0 0 0 ' ,32 ,1 ,1, 1
84 ,78, 62, '41 40 36 35 31 29 37 34 39 40 38 38 33 38 33 39 32 33 35 36 ' ,'0 0 0 0 0 0 0 0 0 0 0 0 0 0 0 0 0 0 0 0 ' ,27 ,1 ,1, 1
88 ,78, 69, '30 40 32 46 36 31 37 34 33 33 29 42 30 34 39 29 35 31 41 48 ' ,'0 0 0 0 0 0 0 0 0 0 0 0 0 0 0 0 0 0 0 0 ' ,31 ,1 ,1, 1
87 ,84, 54, '24 26 28 32 39 24 28 30 31 25 28 31 26 34 31 28 25 27 32 27 ' ,'0 0 0 0 0 0 0 0 0 0 0 0 0 0 0 0 0 0 0 0 ' ,24 ,1 ,0, 0
79 ,68, 52, '28 31 27 33 29 30 23 25 29 23 27 22 26 25 25 27 22 24 24 36 ' ,'0 0 0 0 0 0 0 0 0 0 0 0 0 0 0 0 0 0 0 0 ' ,30 ,1 ,0, 0
96 ,74, 73, '29 34 39 38 34 30 33 37 32 27 30 28 41 35 51 28 29 31 39 37 ' ,'0 0 0 0 0 0 0 0 0 0 0 0 0 0 0 0 0 0 0 0 ' ,37 ,1 ,1, 1
82 ,88, 57, '21 32 24 34 29 20 27 25 25 26 30 27 25 24 39 28 28 24 25 21 ' ,'0 0 0 0 0 0 0 0 0 0 0 0 0 0 0 0 0 0 0 0 ' ,29 ,1 ,1, 1
71 ,74, 56, '48 28 30 37 31 29 34 29 30 33 28 27 28 32 29 30 27 34 29 26 ' ,'0 0 0 0 0 0 0 0 0 0 0 0 0 0 0 0 0 0 0 0 ' ,22 ,1 ,0, 0
70 ,64, 49, '28 29 33 36 44 30 30 37 30 39 26 27 31 31 28 31 34 31 35 32 ' ,'0 0 0 0 0 0 0 0 0 0 0 0 0 0 0 0 0 0 0 0 ' ,18 ,1 ,0, 0
70 ,60, 51, '28 30 30 28 36 33 29 30 29 31 26 26 28 46 28 28 27 35 38 26 ' ,'0 0 0 0 0 0 0 0 0 0 0 0 0 0 0 0 0 0 0 0 ' ,20 ,1 ,0, 0
73 ,63, 55, '32 32 30 27 34 27 29 29 26 29 29 28 30 24 27 29 27 34 24 27 ' ,'0 0 0 0 0 0 0 0 0 0 0 0 0 0 0 0 0 0 0 0 ' ,26 ,1 ,0, 0
75 ,70, 56, '24 21 27 41 37 24 24 29 29 28 23 30 25 31 30 22 32 27 42 27 ' ,'0 0 0 0 0 0 0 0 0 0 0 0 0 0 0 0 0 0 0 0 ' ,31 ,1 ,0, 0
80 ,72, 53, '26 27 28 28 25 25 32 34 27 25 22 23 25 31 36 26 30 27 28 25 ' ,'0 0 0 0 0 0 0 0 0 0 0 0 0 0 0 0 0 0 0 0 ' ,24 ,1 ,0, 0
89 ,65, 67, '27 42 29 31 43 25 43 28 27 35 26 25 29 31 29 25 34 28 32 33 ' ,'0 0 0 0 0 0 0 0 0 0 0 0 0 0 0 0 0 0 0 0 ' ,32 ,0 ,1, 1
94 ,85, 71, '29 29 26 36 32 33 26 25 24 38 31 25 28 25 31 32 27 34 24 24 ' ,'0 0 0 0 0 0 0 0 0 0 0 0 0 0 0 0 0 0 0 0 ' ,41 ,1 ,0, 0
94 ,87, 69, '27 27 30 29 45 26 27 37 27 33 28 30 30 28 36 33 29 29 32 30 ' ,'0 0 0 0 0 0 0 0 0 0 0 0 0 0 0 0 0 0 0 0 ' ,35 ,1 ,0, 0
83 ,82, 57, '31 34 32 26 38 30 33 34 26 32 29 29 31 26 31 30 30 31 26 37 ' ,'0 0 0 0 0 0 0 0 0 0 0 0 0 0 0 0 0 0 0 0 ' ,29 ,1 ,0, 0
98 ,74, 67, '28 30 33 32 37 27 30 31 39 41 30 28 30 44 33 31 39 31 42 53 ' ,'0 0 0 0 0 0 0 0 0 0 0 0 0 0 0 0 0 0 0 0 ' ,34 ,1 ,1, 1
109 ,86, 73, '32 41 37 38 37 40 34 42 40 39 32 33 35 36 38 36 33 35 40 53 ' ,'0 0 0 0 0 0 0 0 0 0 0 0 0 0 0 0 0 0 0 0 ' ,37 ,1 ,0, 0
91 ,90, 68, '41 35 39 35 35 34 36 31 31 46 39 36 31 36 36 35 37 31 36 34 ' ,'0 0 0 0 0 0 0 0 0 0 0 0 0 0 0 0 0 0 0 0 ' ,31 ,0 ,1, 1
87 ,84, 59, '34 31 31 35 28 27 28 30 34 30 29 30 34 34 29 33 29 36 35 36 ' ,'0 0 0 0 0 0 0 0 0 0 0 0 0 0 0 0 0 0 0 0 ' ,26 ,2 ,0, 0
99 ,79, 74, '29 34 28 26 25 33 24 26 35 28 29 26 29 27 27 30 25 28 31 35 ' ,'0 0 0 0 0 0 0 0 0 0 0 0 0 0 0 0 0 0 0 0 ' ,40 ,2 ,0, 0
86 ,89, 61, '26 28 31 36 39 30 31 30 37 26 30 29 28 35 28 28 29 29 31 39 ' ,'0 0 0 0 0 0 0 0 0 0 0 0 0 0 0 0 0 0 0 0 ' ,28 ,2 ,1, 1
83 ,80, 60, '24 30 26 25 29 22 28 25 30 37 23 27 23 32 22 23 26 24 30 36 ' ,'0 0 0 0 0 0 0 0 0 0 0 0 0 0 0 0 0 0 0 0 ' ,34 ,1 ,1, 1
80 ,77, 53, '29 30 32 34 30 35 30 30 38 36 27 29 30 30 27 28 28 31 33 25 ' ,'0 0 0 0 0 0 0 0 0 0 0 0 0 0 0 0 0 0 0 0 ' ,24 ,1 ,0, 0
83 ,74, 63, '30 43 39 33 29 38 40 30 34 32 30 28 33 30 31 38 45 44 33 41 ' ,'0 0 0 0 0 0 0 0 0 0 0 0 0 0 0 0 0 0 0 0 ' ,29 ,1 ,1, 1
65 ,81, 47, '23 27 21 33 30 24 25 22 39 23 27 27 24 34 24 31 25 28 38 28 ' ,'0 0 0 0 0 0 0 0 0 0 0 0 0 0 0 0 0 0 0 0 ' ,22 ,0 ,1, 1
61 ,59, 45, '21 28 26 29 29 21 29 26 36 27 22 27 31 24 29 22 29 24 24 28 ' ,'0 0 0 0 0 0 0 0 0 0 0 0 0 0 0 0 0 0 0 0 ' ,18 ,1 ,0, 0
69 ,55, 52, '29 33 37 34 46 34 29 35 39 31 28 32 36 33 37 33 30 35 34 34 ' ,'0 0 0 0 0 0 0 0 0 0 0 0 0 0 0 0 0 0 0 0 ' ,16 ,1 ,0, 0
83 ,61, 54, '27 28 29 29 24 26 34 34 32 35 27 31 32 28 25 38 26 25 35 23 ' ,'0 0 0 0 0 0 0 0 0 0 0 0 0 0 0 0 0 0 0 0 ' ,22 ,1 ,1, 1
85 ,70, 63, '27 27 28 37 41 26 31 29 32 24 29 26 25 29 25 29 27 29 34 26 ' ,'0 0 0 0 0 0 0 0 0 0 0 0 0 0 0 0 0 0 0 0 ' ,27 ,1 ,0, 0
94 ,75, 69, '29 32 32 39 43 29 28 31 25 38 28 28 30 26 36 31 32 30 31 29 ' ,'0 0 0 0 0 0 0 0 0 0 0 0 0 0 0 0 0 0 0 0 ' ,35 ,2 ,1, 1
88 ,83, 66, '33 35 35 36 49 32 32 34 35 35 32 32 39 35 32 32 37 34 43 30 ' ,'0 0 0 0 0 0 0 0 0 0 0 0 0 0 0 0 0 0 0 0 ' ,27 ,1 ,0, 0
82 ,81, 62, '23 29 30 28 28 28 21 25 27 32 22 23 22 30 23 29 27 24 28 26 ' ,'0 0 0 0 0 0 0 0 0 0 0 0 0 0 0 0 0 0 0 0 ' ,33 ,1 ,1, 1
86 ,78, 59, '26 29 30 33 34 27 33 34 32 39 27 30 33 31 24 28 30 32 31 26 ' ,'0 0 0 0 0 0 0 0 0 0 0 0 0 0 0 0 0 0 0 0 ' ,31 ,1 ,1, 1
82 ,73, 55, '27 27 28 34 30 25 35 37 37 28 26 25 30 46 24 28 32 30 50 34 ' ,'0 0 0 0 0 0 0 0 0 0 0 0 0 0 0 0 0 0 0 0 ' ,24 ,1 ,0, 0
86 ,71, 57, '29 33 28 30 28 31 31 27 40 34 28 33 33 29 45 26 38 27 29 33 ' ,'0 0 0 0 0 0 0 0 0 0 0 0 0 0 0 0 0 0 0 0 ' ,28 ,1 ,1, 1
86 ,74, 62, '27 27 28 30 30 37 29 30 43 30 25 25 27 35 39 28 29 31 26 26 ' ,'0 0 0 0 0 0 0 0 0 0 0 0 0 0 0 0 0 0 0 0 ' ,29 ,1 ,0, 0
82 ,74, 56, '22 22 24 38 31 21 28 24 30 30 21 27 23 35 22 22 28 27 36 27 ' ,'0 0 0 0 0 0 0 0 0 0 0 0 0 0 0 0 0 0 0 0 ' ,29 ,1 ,1, 1
90 ,67, 58, '27 29 29 32 28 25 27 30 37 34 27 25 33 36 26 30 28 34 33 25 ' ,'0 0 0 0 0 0 0 0 0 0 0 0 0 0 0 0 0 0 0 0 ' ,26 ,1 ,0, 0
85 ,71, 62, '28 34 37 34 32 28 27 31 33 36 29 30 29 46 27 27 37 31 40 31 ' ,'0 0 0 0 0 0 0 0 0 0 0 0 0 0 0 0 0 0 0 0 ' ,27 ,1 ,1, 1
92 ,75, 66, '34 30 35 28 28 27 31 31 28 36 28 29 33 28 24 34 32 33 30 32 ' ,'0 0 0 0 0 0 0 0 0 0 0 0 0 0 0 0 0 0 0 0 ' ,35 ,1 ,1, 1
84 ,84, 62, '27 31 30 35 28 31 28 31 32 25 26 27 27 34 37 28 27 29 38 26 ' ,'0 0 0 0 0 0 0 0 0 0 0 0 0 0 0 0 0 0 0 0 ' ,29 ,1 ,0, 0
97 ,74, 79, '29 30 40 33 29 33 33 32 32 30 36 31 33 37 31 30 30 32 49 30 ' ,'0 0 0 0 0 0 0 0 0 0 0 0 0 0 0 0 0 0 0 0 ' ,45 ,20 ,0, 0
68 ,89, 51, '37 32 35 33 37 35 38 33 36 37 38 29 33 35 40 37 39 31 34 36 ' ,'0 0 0 0 0 0 0 0 0 0 0 0 0 0 0 0 0 0 0 0 ' ,13 ,1 ,0, 0
67 ,59, 50, '25 33 28 43 28 26 27 32 39 27 26 34 26 35 24 33 26 26 36 25 ' ,'0 0 0 0 0 0 0 0 0 0 0 0 0 0 0 0 0 0 0 0 ' ,18 ,1 ,1, 1
77 ,57, 56, '22 25 23 24 22 21 31 32 27 26 23 24 23 25 27 22 23 23 24 24 ' ,'0 0 0 0 0 0 0 0 0 0 0 0 0 0 0 0 0 0 0 0 ' ,26 ,1 ,1, 1
93 ,69, 68, '25 32 27 27 31 24 26 27 29 36 26 26 29 32 42 26 30 29 30 29 ' ,'0 0 0 0 0 0 0 0 0 0 0 0 0 0 0 0 0 0 0 0 ' ,37 ,1 ,1, 1
118 ,83, 90, '27 27 26 25 31 26 26 28 22 29 25 27 27 25 26 30 30 35 26 26 ' ,'0 0 0 0 0 0 0 0 0 0 0 0 0 0 0 0 0 0 0 0 ' ,62 ,34 ,1, 1
90 ,104, 67, '27 29 29 37 28 26 28 32 35 40 27 27 29 32 34 36 29 32 32 27 ' ,'0 0 0 0 0 0 0 0 0 0 0 0 0 0 0 0 0 0 0 0 ' ,34 ,1 ,0, 0
99 ,82, 76, '39 33 33 36 35 36 40 33 37 46 43 33 32 32 33 39 30 32 33 38 ' ,'0 0 0 0 0 0 0 0 0 0 0 0 0 0 0 0 0 0 0 0 ' ,38 ,2 ,0, 0
95 ,88, 74, '32 39 31 38 25 31 29 34 24 25 29 27 32 24 30 39 32 31 39 44 ' ,'0 0 0 0 0 0 0 0 0 0 0 0 0 0 0 0 0 0 0 0 ' ,40 ,1 ,1, 1
154 ,86, 124, '70 51 59 65 99 53 63 59 61 54 61 73 68 83 65 77 74 64 75 71 ' ,'0 0 0 0 0 0 0 0 0 0 0 0 0 0 0 0 0 0 0 0 ' ,68 ,1 ,0, 0
152 ,137, 124, '63 58 65 62 73 77 68 69 77 61 51 48 56 68 58 69 80 81 50 78 ' ,'0 0 0 0 0 0 0 0 0 0 0 0 0 0 0 0 0 0 0 0 ' ,71 ,24 ,0, 0
132 ,143, 101, '57 73 57 65 68 61 50 62 65 53 67 51 52 79 73 68 49 69 86 61 ' ,'0 0 0 0 0 0 0 0 0 0 0 0 0 0 0 0 0 0 0 0 ' ,44 ,2 ,1, 1
165 ,115, 143, '69 91 82 98 101 66 97 95 99 88 82 81 99 85 91 76 91 96 85 114 ' ,'0 0 0 0 0 0 0 0 0 0 0 0 0 0 0 0 0 0 0 0 ' ,72 ,1 ,0, 0
432 ,159, 406, '309 384 237 241 246 253 366 370 337 290 236 315 354 248 377 317 217 304 204 352 ' ,'0 0 0 0 0 0 0 0 0 0 0 0 0 0 0 0 0 0 0 0 ' ,199 ,1 ,1, 1
146 ,424, 122, '65 62 68 60 80 56 71 63 65 65 70 80 94 54 87 66 67 62 62 66 ' ,'0 0 0 0 0 0 0 0 0 0 0 0 0 0 0 0 0 0 0 0 ' ,58 ,1 ,1, 1
195 ,134, 173, '78 79 73 86 68 72 69 67 58 64 71 74 67 87 94 92 53 71 53 101 ' ,'0 0 0 0 0 0 0 0 0 0 0 0 0 0 0 0 0 0 0 0 ' ,114 ,45 ,1, 1
138 ,186, 115, '82 66 75 84 77 66 79 86 70 67 49 66 59 71 77 63 66 64 87 89 ' ,'0 0 0 0 0 0 0 0 0 0 0 0 0 0 0 0 0 0 0 0 ' ,56 ,1 ,0, 0
158 ,127, 130, '56 74 61 63 87 68 70 63 67 99 70 63 48 78 73 64 63 63 77 84 ' ,'0 0 0 0 0 0 0 0 0 0 0 0 0 0 0 0 0 0 0 0 ' ,69 ,1 ,1, 1
147 ,145, 117, '71 75 60 64 64 57 69 66 61 61 60 59 55 59 94 56 68 56 66 75 ' ,'0 0 0 0 0 0 0 0 0 0 0 0 0 0 0 0 0 0 0 0 ' ,59 ,1 ,1, 1
117 ,135, 100, '78 63 64 77 61 56 59 74 91 64 62 55 61 67 86 77 72 79 84 53 ' ,'0 0 0 0 0 0 0 0 0 0 0 0 0 0 0 0 0 0 0 0 ' ,36 ,1 ,0, 0
179 ,108, 162, '70 89 91 94 59 75 124 59 62 81 69 106 90 64 82 70 77 66 104 96 ' ,'0 0 0 0 0 0 0 0 0 0 0 0 0 0 0 0 0 0 0 0 ' ,95 ,21 ,1, 1
131 ,170, 113, '104 64 80 108 75 76 68 101 64 69 94 94 86 62 74 77 70 68 67 75 ' ,'0 0 0 0 0 0 0 0 0 0 0 0 0 0 0 0 0 0 0 0 ' ,47 ,1 ,1, 1
213 ,120, 177, '83 100 82 126 106 65 72 86 90 96 117 93 79 70 149 86 68 84 77 90 ' ,'0 0 0 0 0 0 0 0 0 0 0 0 0 0 0 0 0 0 0 0 ' ,111 ,1 ,1, 1
132 ,197, 112, '73 81 66 61 56 65 80 84 69 52 86 71 94 66 78 89 77 78 76 80 ' ,'0 0 0 0 0 0 0 0 0 0 0 0 0 0 0 0 0 0 0 0 ' ,44 ,1 ,0, 0
157 ,128, 134, '99 98 90 75 89 75 80 82 70 88 72 88 76 77 75 59 68 65 88 81 ' ,'0 0 0 0 0 0 0 0 0 0 0 0 0 0 0 0 0 0 0 0 ' ,66 ,2 ,1, 1
230 ,149, 208, '77 91 65 80 75 84 108 67 67 103 127 78 123 65 59 126 81 67 106 81 ' ,'0 0 0 0 0 0 0 0 0 0 0 0 0 0 0 0 0 0 0 0 ' ,136 ,72 ,1, 1
158 ,218, 137, '62 98 92 91 93 123 87 96 125 87 70 82 117 79 74 89 79 81 98 108 ' ,'0 0 0 0 0 0 0 0 0 0 0 0 0 0 0 0 0 0 0 0 ' ,67 ,2 ,1, 1
165 ,149, 135, '80 64 84 86 114 89 63 113 96 78 98 63 79 86 70 77 94 83 97 86 ' ,'0 0 0 0 0 0 0 0 0 0 0 0 0 0 0 0 0 0 0 0 ' ,67 ,1 ,1, 1
174 ,154, 143, '69 93 102 102 71 84 68 88 80 114 69 77 103 94 68 99 117 90 56 62 ' ,'0 0 0 0 0 0 0 0 0 0 0 0 0 0 0 0 0 0 0 0 ' ,76 ,2 ,1, 1
172 ,157, 140, '71 71 75 89 89 61 88 80 93 58 73 73 90 74 112 112 61 63 77 70 ' ,'0 0 0 0 0 0 0 0 0 0 0 0 0 0 0 0 0 0 0 0 ' ,74 ,2 ,0, 0
281 ,157, 252, '147 140 187 167 169 157 174 163 181 181 174 167 190 196 229 151 130 184 160 179 ' ,'0 0 0 0 0 0 0 0 0 0 0 0 0 0 0 0 0 0 0 0 ' ,115 ,1 ,1, 1
191 ,270, 166, '130 116 104 77 94 122 104 136 94 79 127 114 117 90 134 110 102 122 75 84 ' ,'0 0 0 0 0 0 0 0 0 0 0 0 0 0 0 0 0 0 0 0 ' ,88 ,2 ,1, 1
167 ,183, 143, '80 92 95 88 89 90 96 105 78 107 133 114 119 66 72 111 70 81 63 109 ' ,'0 0 0 0 0 0 0 0 0 0 0 0 0 0 0 0 0 0 0 0 ' ,76 ,2 ,1, 1
164 ,158, 139, '80 81 76 74 108 59 98 81 59 107 85 77 88 67 71 77 60 95 123 65 ' ,'0 0 0 0 0 0 0 0 0 0 0 0 0 0 0 0 0 0 0 0 ' ,71 ,2 ,1, 1
185 ,150, 157, '89 91 94 90 122 78 83 85 65 87 94 76 85 63 78 85 75 61 89 56 ' ,'0 0 0 0 0 0 0 0 0 0 0 0 0 0 0 0 0 0 0 0 ' ,89 ,1 ,0, 0
182 ,171, 154, '93 116 69 86 70 115 65 76 94 108 79 90 88 92 109 95 81 80 88 98 ' ,'0 0 0 0 0 0 0 0 0 0 0 0 0 0 0 0 0 0 0 0 ' ,84 ,2 ,1, 1
138 ,170, 120, '79 85 79 90 79 93 90 83 80 85 105 91 84 66 75 88 85 69 73 94 ' ,'0 0 0 0 0 0 0 0 0 0 0 0 0 0 0 0 0 0 0 0 ' ,49 ,1 ,0, 0
251 ,127, 234, '102 93 90 105 75 83 66 125 87 106 84 89 181 89 111 109 96 223 83 84 ' ,'0 0 0 0 0 0 0 0 0 0 0 0 0 0 0 0 0 135 0 0 ' ,161 ,1 ,0, 0
135 ,243, 109, '80 67 68 84 81 88 51 68 81 84 72 74 75 64 71 75 72 102 68 77 ' ,'0 0 0 0 0 0 0 0 0 0 0 0 0 0 0 0 0 0 0 0 ' ,53 ,1 ,1, 1
218 ,126, 189, '106 73 80 87 78 73 82 73 103 68 75 111 100 90 112 67 82 88 119 74 ' ,'0 0 0 0 0 0 0 0 0 0 0 0 0 0 0 0 0 0 0 0 ' ,113 ,1 ,1, 1
208 ,200, 175, '69 104 119 95 139 74 78 76 70 77 80 104 69 83 78 61 91 79 90 68 ' ,'0 0 0 0 0 0 0 0 0 0 0 0 0 0 0 0 0 0 0 0 ' ,109 ,2 ,1, 1
156 ,189, 121, '81 74 99 98 90 91 109 105 86 90 102 77 94 99 77 77 94 89 81 82 ' ,'0 0 0 0 0 0 0 0 0 0 0 0 0 0 0 0 0 0 0 0 ' ,41 ,2 ,1, 1
168 ,134, 137, '76 87 122 107 80 98 85 91 85 85 88 102 96 88 67 78 78 79 80 109 ' ,'0 0 0 0 0 0 0 0 0 0 0 0 0 0 0 0 0 0 0 0 ' ,53 ,1 ,0, 0
160 ,150, 129, '108 77 85 78 91 82 66 91 100 71 70 85 80 66 102 92 103 72 81 80 ' ,'0 0 0 0 0 0 0 0 0 0 0 0 0 0 0 0 0 0 0 0 ' ,53 ,1 ,1, 1
186 ,142, 158, '95 82 77 102 87 86 96 150 71 92 87 76 78 125 72 84 61 96 75 92 ' ,'0 0 0 0 0 0 0 0 0 0 0 0 0 0 0 0 0 0 0 0 ' ,91 ,1 ,0, 0
252 ,171, 220, '76 106 121 107 71 59 77 80 99 90 65 91 91 83 119 87 74 85 63 98 ' ,'0 0 0 0 0 0 0 0 0 0 0 0 0 0 0 0 0 0 0 0 ' ,157 ,1 ,0, 0
179 ,235, 148, '82 81 105 125 116 116 109 77 81 80 69 114 108 80 97 86 105 108 75 87 ' ,'0 0 0 0 0 0 0 0 0 0 0 0 0 0 0 0 0 0 0 0 ' ,72 ,2 ,1, 1
204 ,162, 170, '101 104 91 72 99 89 123 108 105 143 75 87 79 83 89 63 71 73 109 82 ' ,'0 0 0 0 0 0 0 0 0 0 0 0 0 0 0 0 0 0 0 0 ' ,101 ,2 ,1, 1
203 ,189, 163, '86 121 88 89 100 72 110 77 160 90 64 73 73 73 76 80 80 59 83 95 ' ,'0 0 0 0 0 0 0 0 0 0 0 0 0 0 0 0 0 0 0 0 ' ,103 ,1 ,0, 0
164 ,186, 135, '80 73 62 99 103 106 111 103 96 107 90 88 80 78 80 79 60 93 70 80 ' ,'0 0 0 0 0 0 0 0 0 0 0 0 0 0 0 0 0 0 0 0 ' ,69 ,1 ,1, 1
166 ,150, 139, '112 101 82 73 82 73 114 90 77 110 67 92 77 89 94 81 76 84 115 113 ' ,'0 0 0 0 0 0 0 0 0 0 0 0 0 0 0 0 0 0 0 0 ' ,63 ,2 ,0, 0
178 ,147, 150, '100 77 80 147 67 101 89 82 85 105 91 74 107 78 94 91 91 79 126 61 ' ,'0 0 0 0 0 0 0 0 0 0 0 0 0 0 0 0 0 0 0 0 ' ,71 ,1 ,0, 0
166 ,169, 128, '94 67 65 76 70 122 83 80 75 83 99 72 87 82 76 82 102 71 89 104 ' ,'0 0 0 0 0 0 0 0 0 0 0 0 0 0 0 0 0 0 0 0 ' ,62 ,1 ,0, 0
180 ,149, 148, '90 84 87 105 104 99 93 91 76 88 91 67 111 108 102 75 76 119 143 84 ' ,'0 0 0 0 0 0 0 0 0 0 0 0 0 0 0 0 0 0 0 0 ' ,74 ,2 ,1, 1
208 ,161, 181, '55 99 89 120 77 113 69 117 70 85 83 61 91 86 112 95 165 93 85 98 ' ,'0 0 0 0 0 0 0 0 0 0 0 0 0 0 0 0 0 0 0 0 ' ,116 ,2 ,1, 1
150 ,194, 134, '76 101 82 107 109 111 75 89 96 75 94 70 106 125 68 82 93 79 70 120 ' ,'0 0 0 0 0 0 0 0 0 0 0 0 0 0 0 0 0 0 0 0 ' ,59 ,2 ,0, 0
143 ,142, 119, '107 74 76 88 92 94 95 73 98 108 84 94 110 87 83 66 87 83 108 82 ' ,'0 0 0 0 0 0 0 0 0 0 0 0 0 0 0 0 0 0 0 0 ' ,56 ,1 ,0, 0
149 ,134, 129, '73 80 64 105 87 93 75 77 82 86 82 76 87 94 95 80 97 121 115 96 ' ,'0 0 0 0 0 0 0 0 0 0 0 0 0 0 0 0 0 0 0 0 ' ,58 ,1 ,0, 0
265 ,140, 231, '115 95 75 77 86 105 108 114 157 112 101 75 86 75 85 72 80 161 137 112 ' ,'0 0 0 0 0 0 0 0 0 0 0 0 131 0 0 0 0 0 0 0 ' ,152 ,2 ,1, 1
146 ,240, 115, '67 79 68 64 55 83 85 59 49 75 64 69 54 50 61 59 61 61 68 51 ' ,'0 0 0 0 0 0 0 0 0 0 0 0 0 0 0 0 0 0 0 0 ' ,60 ,1 ,1, 1
111 ,129, 80, '48 39 34 44 38 40 44 38 44 42 43 39 37 37 37 39 36 38 33 49 ' ,'0 0 0 0 0 0 0 0 0 0 0 0 0 0 0 0 0 0 0 0 ' ,43 ,2 ,1, 1
119 ,91, 90, '44 38 41 48 35 43 46 48 40 52 47 43 39 40 48 37 39 42 48 44 ' ,'0 0 0 0 0 0 0 0 0 0 0 0 0 0 0 0 0 0 0 0 ' ,46 ,1 ,0, 0
114 ,103, 75, '38 47 37 42 43 61 38 47 49 41 53 45 41 49 48 37 41 43 42 40 ' ,'0 0 0 0 0 0 0 0 0 0 0 0 0 0 0 0 0 0 0 0 ' ,42 ,1 ,0, 0
98 ,95, 71, '39 47 39 38 29 32 36 40 53 47 36 40 33 55 38 35 36 39 32 35 ' ,'0 0 0 0 0 0 0 0 0 0 0 0 0 0 0 0 0 0 0 0 ' ,33 ,1 ,1, 1
148 ,86, 114, '41 39 40 38 33 33 40 50 60 36 37 44 33 40 53 40 50 35 57 33 ' ,'0 0 0 0 0 0 0 0 0 0 0 0 0 0 0 0 0 0 0 0 ' ,79 ,2 ,0, 0
120 ,135, 95, '51 42 37 34 35 36 36 39 35 57 52 38 40 38 39 37 34 40 35 35 ' ,'0 0 0 0 0 0 0 0 0 0 0 0 0 0 0 0 0 0 0 0 ' ,51 ,1 ,1, 1
106 ,105, 73, '42 37 33 35 37 34 40 37 37 33 29 32 35 38 35 38 32 33 36 39 ' ,'0 0 0 0 0 0 0 0 0 0 0 0 0 0 0 0 0 0 0 0 ' ,33 ,1 ,1, 1
102 ,89, 72, '43 40 37 34 40 43 39 43 52 39 36 36 38 34 35 39 39 42 35 44 ' ,'0 0 0 0 0 0 0 0 0 0 0 0 0 0 0 0 0 0 0 0 ' ,30 ,1 ,1, 1
117 ,84, 88, '39 32 38 37 39 53 39 37 36 33 32 36 32 37 33 51 36 36 41 38 ' ,'0 0 0 0 0 0 0 0 0 0 0 0 0 0 0 0 0 0 0 0 ' ,47 ,2 ,1, 1
101 ,99, 68, '37 36 35 37 40 42 42 39 36 36 43 41 35 32 42 37 39 31 32 39 ' ,'0 0 0 0 0 0 0 0 0 0 0 0 0 0 0 0 0 0 0 0 ' ,35 ,2 ,0, 0
117 ,85, 71, '43 38 40 45 37 36 31 39 47 42 44 32 39 36 34 44 40 39 54 38 ' ,'0 0 0 0 0 0 0 0 0 0 0 0 0 0 0 0 0 0 0 0 ' ,42 ,1 ,1, 1
73 ,98, 55, '44 42 41 35 41 42 47 39 33 37 40 37 37 38 33 39 34 41 39 37 ' ,'0 0 0 0 0 0 0 0 0 0 0 0 0 0 0 0 0 0 0 0 ' ,17 ,1 ,0, 0
77 ,63, 55, '42 37 39 38 35 40 44 35 38 39 37 42 33 33 41 40 44 38 35 43 ' ,'0 0 0 0 0 0 0 0 0 0 0 0 0 0 0 0 0 0 0 0 ' ,16 ,1 ,0, 0
98 ,64, 71, '57 57 41 64 51 53 55 49 45 53 48 48 47 58 48 54 66 55 46 53 ' ,'0 0 0 0 0 0 0 0 0 0 0 0 0 0 0 0 0 0 0 0 ' ,26 ,2 ,1, 1
103 ,83, 76, '35 42 45 38 39 36 36 38 40 41 30 33 34 39 38 38 35 34 33 36 ' ,'0 0 0 0 0 0 0 0 0 0 0 0 0 0 0 0 0 0 0 0 ' ,38 ,2 ,1, 1
108 ,89, 80, '45 37 34 54 34 37 39 43 37 49 49 38 36 47 41 40 42 42 46 38 ' ,'0 0 0 0 0 0 0 0 0 0 0 0 0 0 0 0 0 0 0 0 ' ,38 ,1 ,0, 0
111 ,92, 85, '43 48 49 56 51 42 48 38 44 48 47 43 48 61 50 47 44 50 49 48 ' ,'0 0 0 0 0 0 0 0 0 0 0 0 0 0 0 0 0 0 0 0 ' ,40 ,2 ,1, 1
105 ,96, 75, '39 40 35 38 40 42 34 37 34 32 35 39 36 33 40 48 37 33 32 34 ' ,'0 0 0 0 0 0 0 0 0 0 0 0 0 0 0 0 0 0 0 0 ' ,40 ,2 ,1, 1
106 ,88, 78, '33 40 40 49 34 34 37 39 33 37 34 33 35 48 48 37 33 32 37 33 ' ,'0 0 0 0 0 0 0 0 0 0 0 0 0 0 0 0 0 0 0 0 ' ,37 ,2 ,1, 1
119 ,92, 86, '33 40 35 35 48 37 40 35 35 50 27 42 33 38 44 36 40 31 39 34 ' ,'0 0 0 0 0 0 0 0 0 0 0 0 0 0 0 0 0 0 0 0 ' ,53 ,2 ,0, 0
95 ,104, 67, '35 39 36 42 33 35 40 40 44 35 38 34 41 40 40 37 40 36 36 35 ' ,'0 0 0 0 0 0 0 0 0 0 0 0 0 0 0 0 0 0 0 0 ' ,26 ,3 ,0, 0
187 ,80, 155, '38 35 34 35 60 43 35 34 44 64 35 35 34 37 37 40 32 35 45 64 ' ,'0 0 0 0 0 0 0 0 0 0 0 0 0 0 148 0 0 0 0 0 ' ,115 ,2 ,0, 0
105 ,169, 81, '36 38 34 44 28 33 36 37 34 48 41 30 33 33 33 41 33 33 32 36 ' ,'0 0 0 0 0 0 0 0 0 0 0 0 0 0 0 0 0 0 0 0 ' ,46 ,2 ,0, 0
116 ,93, 86, '37 40 36 54 33 38 41 39 60 50 31 30 33 35 45 34 31 34 35 35 ' ,'0 0 0 0 0 0 0 0 0 0 0 0 0 0 0 0 0 0 0 0 ' ,47 ,1 ,1, 1
118 ,98, 79, '60 39 40 33 35 61 38 37 32 45 40 37 33 33 47 66 55 33 36 29 ' ,'0 0 0 0 0 0 0 0 0 0 0 0 0 0 0 0 0 0 0 0 ' ,47 ,2 ,0, 0
101 ,104, 75, '38 37 40 36 37 38 40 42 54 40 54 36 49 35 36 37 36 58 49 34 ' ,'0 0 0 0 0 0 0 0 0 0 0 0 0 0 0 0 0 0 0 0 ' ,34 ,1 ,1, 1
117 ,88, 91, '50 33 38 41 36 28 54 38 37 56 35 45 31 39 33 46 33 37 33 42 ' ,'0 0 0 0 0 0 0 0 0 0 0 0 0 0 0 0 0 0 0 0 ' ,52 ,1 ,1, 1
122 ,104, 98, '45 52 54 43 64 42 48 44 43 47 54 48 45 42 51 47 51 48 47 54 ' ,'0 0 0 0 0 0 0 0 0 0 0 0 0 0 0 0 0 0 0 0 ' ,44 ,2 ,1, 1
119 ,111, 88, '42 34 36 43 50 35 33 37 36 38 30 28 31 34 41 40 33 34 32 40 ' ,'0 0 0 0 0 0 0 0 0 0 0 0 0 0 0 0 0 0 0 0 ' ,52 ,2 ,1, 1
138 ,102, 108, '57 64 47 49 64 50 54 44 43 48 45 53 48 38 50 49 49 46 42 61 ' ,'0 0 0 0 0 0 0 0 0 0 0 0 0 0 0 0 0 0 0 0 ' ,65 ,2 ,1, 1
127 ,121, 94, '33 41 36 43 45 34 33 39 36 56 40 34 35 33 41 48 38 32 33 40 ' ,'0 0 0 0 0 0 0 0 0 0 0 0 0 0 0 0 0 0 0 0 ' ,53 ,2 ,1, 1
117 ,108, 83, '37 44 41 37 34 39 37 41 35 38 40 35 48 33 47 39 40 37 34 34 ' ,'0 0 0 0 0 0 0 0 0 0 0 0 0 0 0 0 0 0 0 0 ' ,45 ,2 ,1, 1
72 ,98, 55, '39 33 34 40 32 42 37 37 31 36 33 38 33 35 36 33 33 34 40 37 ' ,'0 0 0 0 0 0 0 0 0 0 0 0 0 0 0 0 0 0 0 0 ' ,17 ,1 ,0, 0
70 ,142, 55, '43 38 39 33 31 44 36 41 41 34 34 37 40 34 32 37 35 37 29 30 ' ,'0 0 0 0 0 0 0 0 0 0 0 0 0 0 0 0 0 0 0 0 ' ,16 ,1 ,1, 1
72 ,63, 54, '33 37 37 47 34 34 37 43 31 34 31 37 32 41 40 40 32 36 36 35 ' ,'0 0 0 0 0 0 0 0 0 0 0 0 0 0 0 0 0 0 0 0 ' ,18 ,1 ,0, 0
117 ,63, 89, '39 42 38 47 39 37 37 50 35 45 41 36 41 40 44 34 37 41 38 41 ' ,'0 0 0 0 0 0 0 0 0 0 0 0 0 0 0 0 0 0 0 0 ' ,48 ,2 ,1, 1
113 ,103, 82, '32 38 34 42 31 36 36 33 36 45 30 36 34 32 34 32 35 34 44 44 ' ,'0 0 0 0 0 0 0 0 0 0 0 0 0 0 0 0 0 0 0 0 ' ,47 ,2 ,0, 0
113 ,100, 80, '38 41 38 31 30 38 38 36 32 47 35 36 37 31 34 37 33 38 32 35 ' ,'0 0 0 0 0 0 0 0 0 0 0 0 0 0 0 0 0 0 0 0 ' ,46 ,2 ,0, 0
117 ,96, 86, '43 35 34 43 49 39 35 41 34 38 38 31 32 35 34 34 31 37 34 43 ' ,'0 0 0 0 0 0 0 0 0 0 0 0 0 0 0 0 0 0 0 0 ' ,47 ,2 ,1, 1
147 ,96, 120, '35 34 43 39 39 36 37 37 30 38 32 38 44 33 33 41 39 39 37 41 ' ,'0 0 0 0 0 0 0 0 0 0 0 0 0 0 0 0 0 0 0 0 ' ,79 ,3 ,1, 0
107 ,130, 79, '34 36 35 48 46 33 32 35 28 35 33 42 32 34 43 34 38 35 51 36 ' ,'0 0 0 0 0 0 0 0 0 0 0 0 0 0 0 0 0 0 0 0 ' ,39 ,1 ,0, 0
119 ,91, 96, '34 35 40 34 34 38 39 39 34 31 35 32 33 36 53 34 29 34 46 46 ' ,'0 0 0 0 0 0 0 0 0 0 0 0 0 0 0 0 0 0 0 0 ' ,54 ,2 ,1, 1
110 ,107, 84, '32 35 34 45 33 32 37 37 52 29 35 35 35 56 47 30 40 34 42 32 ' ,'0 0 0 0 0 0 0 0 0 0 0 0 0 0 0 0 0 0 0 0 ' ,45 ,2 ,1, 1
119 ,94, 84, '41 40 47 39 32 36 39 35 33 31 35 37 40 46 36 41 38 36 36 42 ' ,'0 0 0 0 0 0 0 0 0 0 0 0 0 0 0 0 0 0 0 0 ' ,44 ,2 ,1, 1
118 ,102, 91, '39 45 54 31 47 37 37 34 33 32 36 37 29 34 32 35 36 39 37 42 ' ,'0 0 0 0 0 0 0 0 0 0 0 0 0 0 0 0 0 0 0 0 ' ,50 ,2 ,1, 1
124 ,105, 97, '37 37 35 40 53 34 34 34 32 32 32 33 33 38 45 36 38 36 33 34 ' ,'0 0 0 0 0 0 0 0 0 0 0 0 0 0 0 0 0 0 0 0 ' ,57 ,2 ,1, 1
110 ,109, 78, '34 36 37 47 37 33 34 39 43 32 40 34 34 36 37 47 34 37 37 35 ' ,'0 0 0 0 0 0 0 0 0 0 0 0 0 0 0 0 0 0 0 0 ' ,34 ,2 ,0, 0
173 ,93, 152, '90 97 80 71 66 75 76 95 81 97 75 70 96 105 62 70 71 82 66 104 ' ,'0 0 0 0 0 0 0 0 0 0 0 0 0 0 0 0 0 0 0 0 ' ,76 ,2 ,0, 0
203 ,162, 172, '82 90 84 96 91 116 121 104 143 59 91 88 74 134 85 127 73 92 79 125 ' ,'0 0 0 0 0 0 0 0 0 0 0 0 0 0 0 0 0 0 0 0 ' ,92 ,2 ,1, 1
186 ,187, 169, '120 72 123 126 98 87 74 130 98 98 96 85 98 115 112 108 97 104 77 146 ' ,'0 0 0 0 0 0 0 0 0 0 0 0 0 0 0 0 0 0 0 0 ' ,82 ,2 ,1, 1
228 ,177, 204, '148 114 127 122 101 112 129 100 120 114 104 169 117 115 132 121 106 107 120 115 ' ,'0 0 0 0 0 0 0 0 0 0 0 0 0 0 0 0 0 0 0 0 ' ,96 ,2 ,1, 1
163 ,213, 145, '130 118 65 106 120 110 78 116 92 97 90 115 95 92 101 86 133 104 89 106 ' ,'0 0 0 0 0 0 0 0 0 0 0 0 0 0 0 0 0 0 0 0 ' ,72 ,2 ,1, 1
211 ,153, 183, '70 93 119 76 108 89 102 110 128 102 104 103 90 88 147 154 72 116 79 127 ' ,'0 0 0 0 0 0 0 0 0 0 0 0 0 0 0 0 0 0 0 0 ' ,99 ,2 ,1, 1
302 ,197, 272, '82 101 256 122 96 95 161 114 106 93 75 85 94 102 97 125 132 85 85 104 ' ,'0 0 0 0 0 0 0 0 0 0 0 0 0 0 0 0 0 0 0 0 ' ,187 ,2 ,1, 1
207 ,287, 177, '80 101 96 103 102 95 101 82 104 73 104 110 128 89 132 122 139 89 120 110 ' ,'0 0 0 0 0 0 0 0 0 0 0 0 0 0 0 0 0 0 0 0 ' ,89 ,2 ,0, 0
308 ,190, 281, '94 96 107 95 116 81 84 107 141 96 88 109 97 59 106 96 105 93 269 76 ' ,'0 0 0 0 0 0 0 0 0 0 0 0 0 0 0 0 0 0 154 0 ' ,215 ,1 ,0, 0
173 ,295, 144, '89 129 99 92 81 78 86 92 126 93 91 77 82 106 80 98 85 84 93 94 ' ,'0 0 0 0 0 0 0 0 0 0 0 0 0 0 0 0 0 0 0 0 ' ,55 ,3 ,1, 1
185 ,157, 155, '109 102 108 110 120 114 76 117 107 117 89 122 74 100 82 100 77 102 91 107 ' ,'0 0 0 0 0 0 0 0 0 0 0 0 0 0 0 0 0 0 0 0 ' ,73 ,2 ,0, 0
236 ,169, 205, '116 81 75 80 160 93 110 100 122 88 75 101 83 135 103 114 77 92 96 128 ' ,'0 0 0 0 0 0 0 0 0 0 0 0 0 0 0 0 0 0 0 0 ' ,116 ,2 ,0, 0
299 ,220, 273, '88 132 261 84 80 112 155 112 70 116 94 74 88 111 98 86 81 74 99 123 ' ,'0 0 143 0 0 0 0 0 0 0 0 0 0 0 0 0 0 0 0 0 ' ,196 ,2 ,1, 1
182 ,285, 154, '99 85 82 124 75 92 101 101 113 121 96 85 78 92 98 117 67 99 74 90 ' ,'0 0 0 0 0 0 0 0 0 0 0 0 0 0 0 0 0 0 0 0 ' ,82 ,2 ,1, 1
229 ,172, 191, '101 86 70 96 155 95 92 79 107 81 99 89 71 85 79 110 78 79 67 69 ' ,'0 0 0 0 0 0 0 0 0 0 0 0 0 0 0 0 0 0 0 0 ' ,123 ,2 ,0, 0
167 ,211, 140, '97 87 68 88 102 81 95 86 84 48 76 73 67 94 71 85 81 82 98 77 ' ,'0 0 0 0 0 0 0 0 0 0 0 0 0 0 0 0 0 0 0 0 ' ,65 ,2 ,1, 1
150 ,153, 128, '91 63 70 64 96 80 81 92 85 72 77 81 79 83 87 108 79 75 72 74 ' ,'0 0 0 0 0 0 0 0 0 0 0 0 0 0 0 0 0 0 0 0 ' ,61 ,2 ,0, 0
147 ,142, 120, '69 94 94 82 71 70 69 85 77 76 94 80 80 92 77 74 63 82 95 81 ' ,'0 0 0 0 0 0 0 0 0 0 0 0 0 0 0 0 0 0 0 0 ' ,53 ,2 ,1, 1
167 ,140, 142, '76 70 74 67 70 70 63 67 63 60 61 81 70 72 85 62 73 63 68 106 ' ,'0 0 0 0 0 0 0 0 0 0 0 0 0 0 0 0 0 0 0 0 ' ,76 ,3 ,0, 0
148 ,155, 118, '73 65 81 71 64 74 72 78 62 69 60 67 68 66 88 72 64 67 71 55 ' ,'0 0 0 0 0 0 0 0 0 0 0 0 0 0 0 0 0 0 0 0 ' ,51 ,2 ,0, 0
252 ,134, 232, '72 100 86 73 63 84 220 82 77 54 82 63 69 72 72 69 84 83 82 63 ' ,'0 0 0 0 0 0 144 0 0 0 0 0 0 0 0 0 0 0 0 0 ' ,163 ,3 ,0, 0
223 ,429, 203, '192 57 78 81 84 98 61 66 90 56 101 76 111 66 72 71 111 87 89 74 ' ,'100 0 0 0 0 0 0 0 0 0 0 0 0 0 0 0 0 0 0 0 ' ,139 ,3 ,0, 0
108 ,213, 92, '52 64 59 65 56 59 57 56 73 81 74 69 61 61 59 59 53 53 69 60 ' ,'0 0 0 0 0 0 0 0 0 0 0 0 0 0 0 0 0 0 0 0 ' ,33 ,2 ,1, 1
135 ,99, 114, '76 88 75 76 69 72 91 71 66 82 67 71 61 70 103 103 81 90 74 96 ' ,'0 0 0 0 0 0 0 0 0 0 0 0 0 0 0 0 0 0 0 0 ' ,44 ,2 ,0, 0
283 ,126, 257, '71 67 63 65 75 77 50 85 77 46 50 60 70 94 150 67 75 93 94 126 ' ,'0 0 0 0 0 0 0 0 0 0 0 0 0 0 0 0 0 0 0 0 ' ,199 ,2 ,1, 1
146 ,267, 122, '63 90 93 57 59 47 64 54 72 63 63 61 72 75 51 56 56 56 93 81 ' ,'0 0 0 0 0 0 0 0 0 0 0 0 0 0 0 0 0 0 0 0 ' ,67 ,2 ,1, 1
158 ,135, 135, '82 64 55 109 49 70 86 57 73 47 80 75 60 87 48 66 68 91 68 99 ' ,'0 0 0 0 0 0 0 0 0 0 0 0 0 0 0 0 0 0 0 0 ' ,75 ,2 ,1, 1
164 ,145, 141, '63 69 86 81 88 72 132 66 67 62 48 62 53 68 69 64 57 80 75 67 ' ,'0 0 0 0 0 0 0 0 0 0 0 0 0 0 0 0 0 0 0 0 ' ,87 ,2 ,0, 0
165 ,203, 143, '56 72 54 49 57 66 59 73 61 73 53 50 65 72 63 92 52 60 54 107 ' ,'0 0 0 0 0 0 0 0 0 0 0 0 0 0 0 0 0 0 0 0 ' ,89 ,2 ,1, 1
132 ,158, 105, '68 69 58 73 80 52 58 58 57 66 50 54 68 98 61 70 71 59 82 58 ' ,'0 0 0 0 0 0 0 0 0 0 0 0 0 0 0 0 0 0 0 0 ' ,52 ,1 ,1, 1
143 ,123, 115, '67 49 53 62 49 73 75 66 70 64 75 58 69 69 55 63 85 49 78 86 ' ,'0 0 0 0 0 0 0 0 0 0 0 0 0 0 0 0 0 0 0 0 ' ,64 ,2 ,0, 0
140 ,133, 116, '58 71 60 75 62 75 58 67 57 53 73 75 54 54 68 85 102 70 65 78 ' ,'0 0 0 0 0 0 0 0 0 0 0 0 0 0 0 0 0 0 0 0 ' ,57 ,2 ,1, 1
143 ,130, 118, '59 65 60 52 61 71 72 57 37 85 52 61 54 48 53 68 54 55 51 73 ' ,'0 0 0 0 0 0 0 0 0 0 0 0 0 0 0 0 0 0 0 0 ' ,72 ,2 ,1, 1
187 ,133, 148, '68 85 75 64 75 53 67 61 76 69 68 62 59 58 107 90 54 57 52 68 ' ,'0 0 0 0 0 0 0 0 0 0 0 0 0 0 0 0 0 0 0 0 ' ,85 ,2 ,1, 1
147 ,162, 123, '56 62 45 59 58 43 55 69 80 64 52 67 57 57 63 63 59 59 71 51 ' ,'0 0 0 0 0 0 0 0 0 0 0 0 0 0 0 0 0 0 0 0 ' ,74 ,29 ,1, 1
132 ,136, 107, '56 51 59 65 76 53 62 82 57 67 69 49 69 51 53 67 65 53 48 55 ' ,'0 0 0 0 0 0 0 0 0 0 0 0 0 0 0 0 0 0 0 0 ' ,52 ,2 ,0, 0
131 ,124, 110, '57 67 62 78 61 63 61 58 103 70 65 63 68 56 67 68 78 63 62 60 ' ,'0 0 0 0 0 0 0 0 0 0 0 0 0 0 0 0 0 0 0 0 ' ,49 ,2 ,0, 0
128 ,123, 104, '52 55 61 61 59 58 53 79 72 48 60 69 62 66 54 57 62 74 64 70 ' ,'0 0 0 0 0 0 0 0 0 0 0 0 0 0 0 0 0 0 0 0 ' ,45 ,2 ,1, 1
116 ,117, 93, '52 63 72 65 75 57 68 70 61 71 45 58 76 66 64 64 64 60 84 80 ' ,'0 0 0 0 0 0 0 0 0 0 0 0 0 0 0 0 0 0 0 0 ' ,41 ,2 ,0, 0
116 ,107, 98, '70 67 74 59 84 82 83 61 69 60 61 70 55 73 61 49 71 61 77 67 ' ,'0 0 0 0 0 0 0 0 0 0 0 0 0 0 0 0 0 0 0 0 ' ,41 ,2 ,1, 1
112 ,108, 96, '64 65 51 50 69 61 72 64 59 64 72 64 50 52 58 62 73 71 64 82 ' ,'0 0 0 0 0 0 0 0 0 0 0 0 0 0 0 0 0 0 0 0 ' ,38 ,1 ,0, 0
160 ,104, 133, '56 81 64 85 70 76 66 51 59 74 62 68 64 76 99 88 82 82 73 74 ' ,'0 0 0 0 0 0 0 0 0 0 0 0 0 0 0 0 0 0 0 0 ' ,75 ,2 ,1, 1
141 ,146, 115, '47 60 61 56 61 74 59 76 84 67 76 51 59 101 64 61 57 63 104 85 ' ,'0 0 0 0 0 0 0 0 0 0 0 0 0 0 0 0 0 0 0 0 ' ,60 ,1 ,1, 1
153 ,132, 130, '60 68 83 60 90 71 72 64 56 59 72 77 71 78 78 68 75 68 78 72 ' ,'0 0 0 0 0 0 0 0 0 0 0 0 0 0 0 0 0 0 0 0 ' ,68 ,1 ,0, 0
186 ,141, 158, '68 117 100 102 68 64 86 73 88 76 69 99 79 65 94 60 69 65 78 80 ' ,'0 0 0 0 0 0 0 0 0 0 0 0 0 0 0 0 0 0 0 0 ' ,94 ,24 ,1, 1
143 ,170, 116, '71 86 75 72 83 69 93 67 70 68 77 60 87 78 63 72 78 85 65 64 ' ,'0 0 0 0 0 0 0 0 0 0 0 0 0 0 0 0 0 0 0 0 ' ,52 ,2 ,1, 0
153 ,133, 124, '70 60 65 82 93 86 77 61 57 53 51 72 91 67 76 74 66 72 54 72 ' ,'0 0 0 0 0 0 0 0 0 0 0 0 0 0 0 0 0 0 0 0 ' ,69 ,3 ,0, 0
136 ,144, 114, '60 74 71 73 55 59 69 67 78 78 71 68 88 58 54 57 64 63 46 59 ' ,'0 0 0 0 0 0 0 0 0 0 0 0 0 0 0 0 0 0 0 0 ' ,64 ,2 ,1, 1
168 ,126, 137, '73 98 65 94 84 66 72 71 77 73 64 77 72 76 65 85 74 80 78 103 ' ,'0 0 0 0 0 0 0 0 0 0 0 0 0 0 0 0 0 0 0 0 ' ,67 ,2 ,0, 0
1285 ,151, 1256, '75 71 84 77 80 74 72 70 75 79 66 91 74 75 90 77 78 73 65 114 ' ,'0 0 0 0 0 0 0 0 0 0 0 0 0 0 0 0 0 0 0 0 ' ,1186 ,2 ,1, 1
773 ,1274, 133, '68 94 63 83 73 68 66 64 76 100 73 65 73 80 66 56 73 74 77 72 ' ,'0 0 0 0 0 0 0 0 0 0 0 0 0 0 0 0 0 0 0 0 ' ,72 ,2 ,1, 1
142 ,146, 121, '78 67 58 56 80 58 91 62 55 82 57 69 70 70 71 66 84 73 53 58 ' ,'0 0 0 0 0 0 0 0 0 0 0 0 0 0 0 0 0 0 0 0 ' ,63 ,2 ,1, 1
145 ,131, 119, '82 67 98 67 80 65 65 62 71 61 69 81 73 63 78 78 68 54 73 73 ' ,'0 0 0 0 0 0 0 0 0 0 0 0 0 0 0 0 0 0 0 0 ' ,58 ,2 ,1, 1
169 ,135, 144, '57 75 94 66 55 52 65 60 65 62 95 78 69 60 74 68 63 78 70 95 ' ,'0 0 0 0 0 0 0 0 0 0 0 0 0 0 0 0 0 0 0 0 ' ,82 ,2 ,0, 0
137 ,159, 116, '66 101 80 70 54 68 71 66 71 76 55 73 64 59 56 84 63 64 81 68 ' ,'0 0 0 0 0 0 0 0 0 0 0 0 0 0 0 0 0 0 0 0 ' ,51 ,2 ,0, 0
142 ,129, 118, '75 78 53 56 60 50 72 55 98 79 63 55 64 74 77 84 60 59 74 62 ' ,'0 0 0 0 0 0 0 0 0 0 0 0 0 0 0 0 0 0 0 0 ' ,61 ,3 ,0, 0
149 ,133, 127, '83 85 63 65 51 54 74 74 72 71 56 55 68 94 62 69 73 52 54 86 ' ,'0 0 0 0 0 0 0 0 0 0 0 0 0 0 0 0 0 0 0 0 ' ,70 ,3 ,0, 0
122 ,138, 103, '85 60 89 70 84 70 62 77 49 71 60 60 91 64 79 68 80 87 80 78 ' ,'0 0 0 0 0 0 0 0 0 0 0 0 0 0 0 0 0 0 0 0 ' ,46 ,2 ,0, 0
117 ,113, 100, '77 81 63 73 74 60 69 80 66 73 85 59 62 80 68 63 60 65 93 70 ' ,'0 0 0 0 0 0 0 0 0 0 0 0 0 0 0 0 0 0 0 0 ' ,31 ,2 ,1, 1
122 ,108, 106, '94 61 60 68 69 72 57 90 62 58 58 63 53 53 64 74 64 59 72 75 ' ,'0 0 0 0 0 0 0 0 0 0 0 0 0 0 0 0 0 0 0 0 ' ,48 ,3 ,0, 0
158 ,114, 134, '74 87 82 88 58 72 56 55 84 92 71 66 70 78 66 58 62 79 77 57 ' ,'0 0 0 0 0 0 0 0 0 0 0 0 0 0 0 0 0 0 0 0 ' ,73 ,3 ,0, 0
158 ,149, 137, '89 70 78 106 63 77 90 66 80 66 82 62 63 71 63 94 86 68 129 80 ' ,'0 0 0 0 0 0 0 0 0 0 0 0 0 0 0 0 0 0 0 0 ' ,65 ,2 ,1, 1
155 ,150, 132, '58 77 62 66 76 65 54 66 71 93 62 67 69 69 56 89 82 54 67 67 ' ,'0 0 0 0 0 0 0 0 0 0 0 0 0 0 0 0 0 0 0 0 ' ,68 ,2 ,1, 1
158 ,145, 136, '57 85 68 53 71 86 100 63 78 75 78 64 65 67 93 65 68 75 53 61 ' ,'0 0 0 0 0 0 0 0 0 0 0 0 0 0 0 0 0 0 0 0 ' ,77 ,2 ,0, 0
152 ,149, 129, '59 69 60 89 81 56 55 64 70 60 70 73 65 63 83 66 66 58 62 61 ' ,'0 0 0 0 0 0 0 0 0 0 0 0 0 0 0 0 0 0 0 0 ' ,63 ,2 ,0, 0
202 ,140, 174, '92 62 90 56 73 80 96 52 63 62 63 58 71 65 55 97 59 84 62 119 ' ,'0 0 0 0 0 0 0 0 0 0 0 0 0 0 0 0 0 0 0 0 ' ,119 ,3 ,1, 1
171 ,192, 143, '66 66 88 80 91 61 67 70 79 62 64 70 61 73 66 67 76 64 57 78 ' ,'0 0 0 0 0 0 0 0 0 0 0 0 0 0 0 0 0 0 0 0 ' ,79 ,3 ,1, 1
162 ,157, 132, '83 78 76 74 61 71 64 70 63 69 77 69 59 91 80 76 89 95 59 76 ' ,'0 0 0 0 0 0 0 0 0 0 0 0 0 0 0 0 0 0 0 0 ' ,69 ,2 ,0, 0
181 ,148, 147, '64 80 76 77 88 68 75 66 63 68 90 74 62 58 107 87 55 82 62 62 ' ,'0 0 0 0 0 0 0 0 0 0 0 0 0 0 0 0 0 0 0 0 ' ,94 ,2 ,0, 0
163 ,173, 139, '107 72 110 59 80 64 63 93 78 70 70 78 88 66 94 80 60 71 73 77 ' ,'0 0 0 0 0 0 0 0 0 0 0 0 0 0 0 0 0 0 0 0 ' ,72 ,2 ,1, 1
147 ,151, 124, '45 92 70 47 63 58 66 49 94 73 48 53 54 71 58 70 68 59 86 86 ' ,'0 0 0 0 0 0 0 0 0 0 0 0 0 0 0 0 0 0 0 0 ' ,72 ,2 ,1, 1
171 ,139, 145, '54 71 58 71 73 61 100 61 84 54 53 47 54 84 61 76 62 61 74 105 ' ,'0 0 0 0 0 0 0 0 0 0 0 0 0 0 0 0 0 0 0 0 ' ,88 ,2 ,0, 0
129 ,161, 110, '77 68 68 72 65 96 67 78 50 69 68 61 70 80 69 67 64 96 93 71 ' ,'0 0 0 0 0 0 0 0 0 0 0 0 0 0 0 0 0 0 0 0 ' ,52 ,2 ,1, 1
131 ,118, 113, '58 53 72 100 58 77 87 49 69 57 71 73 55 76 61 48 57 66 95 68 ' ,'0 0 0 0 0 0 0 0 0 0 0 0 0 0 0 0 0 0 0 0 ' ,60 ,3 ,0, 0
149 ,122, 129, '89 105 72 82 79 119 82 90 103 71 91 92 64 99 65 76 99 102 120 86 ' ,'0 0 0 0 0 0 0 0 0 0 0 0 0 0 0 0 0 0 0 0 ' ,57 ,2 ,0, 0
164 ,141, 138, '77 88 85 73 68 75 74 63 75 53 81 78 70 93 97 83 69 62 69 74 ' ,'0 0 0 0 0 0 0 0 0 0 0 0 0 0 0 0 0 0 0 0 ' ,67 ,2 ,0, 0
158 ,149, 128, '82 61 74 57 63 72 65 64 58 73 61 68 78 72 63 63 69 113 64 60 ' ,'0 0 0 0 0 0 0 0 0 0 0 0 0 0 0 0 0 0 0 0 ' ,64 ,3 ,1, 1
200 ,818, 170, '85 67 84 75 125 83 67 72 73 88 52 79 78 64 117 107 87 87 86 95 ' ,'0 0 0 0 0 0 0 0 0 0 0 0 0 0 0 0 0 0 0 0 ' ,107 ,2 ,0, 0
171 ,818, 149, '70 84 66 56 72 89 117 83 78 104 65 82 104 73 82 103 69 82 85 76 ' ,'0 0 0 0 0 0 0 0 0 0 0 0 0 0 0 0 0 0 0 0 ' ,89 ,3 ,1, 1
144 ,164, 120, '77 60 88 79 81 60 76 65 78 74 61 59 70 84 71 70 56 85 65 60 ' ,'0 0 0 0 0 0 0 0 0 0 0 0 0 0 0 0 0 0 0 0 ' ,57 ,2 ,0, 0
169 ,133, 150, '71 69 70 63 102 72 64 74 65 81 60 54 68 133 69 75 74 71 90 60 ' ,'0 0 0 0 0 0 0 0 0 0 0 0 0 0 0 0 0 0 0 0 ' ,83 ,3 ,0, 0
166 ,164, 148, '71 66 76 60 85 71 72 74 54 67 69 61 67 73 74 75 73 66 82 100 ' ,'0 0 0 0 0 0 0 0 0 0 0 0 0 0 0 0 0 0 0 0 ' ,85 ,3 ,0, 0
163 ,160, 140, '65 79 63 77 71 79 76 90 77 74 90 81 79 84 81 76 84 81 64 94 ' ,'0 0 0 0 0 0 0 0 0 0 0 0 0 0 0 0 0 0 0 0 ' ,72 ,3 ,0, 0
152 ,151, 122, '82 71 79 77 70 87 66 86 90 75 69 58 66 89 76 92 58 66 75 71 ' ,'0 0 0 0 0 0 0 0 0 0 0 0 0 0 0 0 0 0 0 0 ' ,54 ,2 ,1, 1
196 ,139, 176, '60 88 80 62 128 73 74 92 76 83 106 76 92 77 95 84 94 82 73 118 ' ,'0 0 0 0 0 0 0 0 0 0 0 0 0 0 0 0 0 0 0 0 ' ,106 ,3 ,0, 0
226 ,184, 200, '76 74 59 80 144 70 83 83 100 101 103 75 80 74 111 124 83 76 86 75 ' ,'0 0 0 0 0 0 0 0 0 0 0 0 0 0 0 0 0 0 0 0 ' ,131 ,2 ,0, 0
167 ,215, 144, '79 76 68 87 65 76 74 69 92 72 67 71 91 101 93 93 82 86 77 80 ' ,'0 0 0 0 0 0 0 0 0 0 0 0 0 0 0 0 0 0 0 0 ' ,65 ,5 ,1, 1
159 ,157, 138, '75 67 66 98 91 76 98 64 92 79 72 70 96 70 80 67 67 87 64 91 ' ,'0 0 0 0 0 0 0 0 0 0 0 0 0 0 0 0 0 0 0 0 ' ,70 ,2 ,0, 0
178 ,152, 160, '107 83 86 101 81 75 68 90 91 74 69 69 122 105 78 113 111 81 86 113 ' ,'0 0 0 0 0 0 0 0 0 0 0 0 0 0 0 0 0 0 0 0 ' ,80 ,3 ,1, 1
183 ,173, 160, '78 77 76 73 83 96 76 63 75 71 56 96 67 117 119 78 75 90 56 66 ' ,'0 0 0 0 0 0 0 0 0 0 0 0 0 0 0 0 0 0 0 0 ' ,99 ,2 ,0, 0
183 ,173, 163, '75 71 79 93 71 107 85 79 76 80 72 69 64 108 66 77 63 99 86 123 ' ,'0 0 0 0 0 0 0 0 0 0 0 0 0 0 0 0 0 0 0 0 ' ,91 ,3 ,0, 0
204 ,172, 182, '109 84 86 86 67 89 97 71 99 87 111 103 73 78 141 84 74 71 63 97 ' ,'0 0 0 0 0 0 0 0 0 0 0 0 0 0 0 0 0 0 0 0 ' ,114 ,3 ,1, 1
147 ,190, 126, '57 64 84 107 79 68 69 73 73 59 72 91 92 68 76 69 68 79 54 62 ' ,'0 0 0 0 0 0 0 0 0 0 0 0 0 0 0 0 0 0 0 0 ' ,67 ,3 ,1, 1
175 ,141, 147, '77 63 82 72 102 67 97 71 86 68 80 81 74 103 75 78 79 75 69 69 ' ,'0 0 0 0 0 0 0 0 0 0 0 0 0 0 0 0 0 0 0 0 ' ,75 ,3 ,1, 1
189 ,163, 162, '72 69 61 90 115 88 85 118 71 61 71 80 99 106 76 72 92 116 100 100 ' ,'0 0 0 0 0 0 0 0 0 0 0 0 0 0 0 0 0 0 0 0 ' ,91 ,3 ,0, 0
154 ,176, 137, '87 68 89 90 74 66 94 71 96 67 62 64 101 84 77 67 115 121 76 92 ' ,'0 0 0 0 0 0 0 0 0 0 0 0 0 0 0 0 0 0 0 0 ' ,64 ,3 ,1, 1
153 ,145, 136, '91 92 94 106 97 102 65 84 64 118 78 66 62 98 73 74 73 64 89 76 ' ,'0 0 0 0 0 0 0 0 0 0 0 0 0 0 0 0 0 0 0 0 ' ,65 ,3 ,1, 1
154 ,144, 137, '91 88 84 106 82 114 76 93 74 61 73 85 75 71 86 84 81 108 85 74 ' ,'0 0 0 0 0 0 0 0 0 0 0 0 0 0 0 0 0 0 0 0 ' ,67 ,2 ,1, 1
184 ,145, 158, '72 79 107 86 75 103 101 86 109 108 85 99 125 77 92 99 92 114 130 73 ' ,'0 0 0 0 0 0 0 0 0 0 0 0 0 0 0 0 0 0 0 0 ' ,82 ,3 ,1, 1
209 ,174, 189, '112 121 82 95 82 85 75 95 99 113 93 111 70 77 142 109 90 91 83 95 ' ,'0 0 0 0 0 0 0 0 0 0 0 0 0 0 0 0 0 0 0 0 ' ,109 ,3 ,1, 1
165 ,201, 149, '96 74 102 101 84 114 69 62 95 66 67 67 70 75 95 65 93 71 83 88 ' ,'0 0 0 0 0 0 0 0 0 0 0 0 0 0 0 0 0 0 0 0 ' ,72 ,2 ,0, 0
209 ,161, 186, '93 101 79 84 141 87 82 96 109 87 64 84 74 97 60 76 91 97 77 69 ' ,'0 0 0 0 0 0 0 0 0 0 0 0 0 0 0 0 0 0 0 0 ' ,113 ,2 ,1, 1
205 ,198, 182, '99 97 95 79 124 80 95 63 103 104 71 95 104 90 75 108 104 70 78 130 ' ,'0 0 0 0 0 0 0 0 0 0 0 0 0 0 0 0 0 0 0 0 ' ,108 ,2 ,1, 1
190 ,196, 168, '106 102 88 58 121 90 78 74 77 76 123 120 123 118 102 100 74 120 138 80 ' ,'0 0 0 0 0 0 0 0 0 0 0 0 0 0 0 0 0 0 0 0 ' ,103 ,3 ,0, 0
187 ,181, 169, '102 121 98 81 74 80 83 79 117 88 84 67 80 121 68 104 96 95 98 122 ' ,'0 0 0 0 0 0 0 0 0 0 0 0 0 0 0 0 0 0 0 0 ' ,90 ,3 ,1, 1
177 ,184, 158, '72 69 124 96 106 109 75 102 85 98 104 82 124 97 95 71 118 77 68 84 ' ,'0 0 0 0 0 0 0 0 0 0 0 0 0 0 0 0 0 0 0 0 ' ,83 ,3 ,0, 0
207 ,172, 186, '109 138 87 94 74 74 95 88 72 95 80 76 78 82 95 96 94 75 115 111 ' ,'0 0 0 0 0 0 0 0 0 0 0 0 0 0 0 0 0 0 0 0 ' ,105 ,33 ,1, 1
219 ,198, 196, '110 70 87 80 76 89 64 92 94 144 87 98 94 88 106 85 88 120 91 78 ' ,'0 0 0 0 0 0 0 0 0 0 0 0 0 0 0 0 0 0 0 0 ' ,118 ,3 ,0, 0
196 ,208, 166, '74 86 109 83 121 89 102 82 84 86 94 101 69 105 88 110 85 90 122 81 ' ,'0 0 0 0 0 0 0 0 0 0 0 0 0 0 0 0 0 0 0 0 ' ,87 ,2 ,1, 1
198 ,180, 172, '80 82 86 83 94 69 104 82 94 87 83 65 77 76 77 119 109 105 70 126 ' ,'0 0 0 0 0 0 0 0 0 0 0 0 0 0 0 0 0 0 0 0 ' ,96 ,3 ,1, 1
180 ,183, 158, '85 99 111 128 88 81 92 60 93 116 90 61 109 89 79 75 78 99 74 104 ' ,'0 0 0 0 0 0 0 0 0 0 0 0 0 0 0 0 0 0 0 0 ' ,88 ,2 ,1, 1
176 ,170, 149, '71 70 83 98 78 83 84 97 86 77 85 83 81 71 60 71 81 118 77 98 ' ,'0 0 0 0 0 0 0 0 0 0 0 0 0 0 0 0 0 0 0 0 ' ,71 ,3 ,0, 0
