226 ,0, 144, '108 74 93 78 54 73 33 48 38 50 65 39 52 43 66 112 ' ,'0 0 0 0 0 0 0 0 0 0 0 0 0 0 0 0 ' ,82 ,7 ,2, 2
510 ,189, 476, '144 116 112 121 103 102 81 109 118 89 122 89 79 66 84 71 ' ,'0 0 0 0 0 0 0 0 0 0 0 0 0 0 0 0 ' ,400 ,321 ,1, 1
68 ,1316, 37, '14 19 22 24 7 11 13 13 10 7 11 8 12 15 7 17 ' ,'0 0 0 0 0 0 0 0 0 0 0 0 0 0 0 0 ' ,24 ,1 ,1, 1
64 ,928, 31, '12 20 13 22 7 7 11 9 18 15 6 12 8 12 10 7 ' ,'0 0 0 0 0 0 0 0 0 0 0 0 0 0 0 0 ' ,21 ,1 ,1, 1
58 ,50, 33, '20 21 19 22 12 10 9 12 11 8 10 10 11 18 9 9 ' ,'0 0 0 0 0 0 0 0 0 0 0 0 0 0 0 0 ' ,16 ,1 ,2, 2
89 ,47, 37, '20 15 12 16 9 8 10 12 11 8 8 8 10 14 8 40 ' ,'0 0 0 0 0 0 0 0 0 0 0 0 0 0 0 0 ' ,45 ,1 ,1, 1
58 ,94, 32, '15 19 19 17 7 11 10 9 7 8 7 10 9 8 6 6 ' ,'0 0 0 0 0 0 0 0 0 0 0 0 0 0 0 0 ' ,21 ,0 ,0, 0
60 ,47, 38, '17 16 16 23 18 10 9 7 13 12 9 9 7 9 9 12 ' ,'0 0 0 0 0 0 0 0 0 0 0 0 0 0 0 0 ' ,23 ,0 ,1, 1
65 ,52, 41, '18 26 17 19 13 10 11 10 7 10 13 13 9 9 7 13 ' ,'0 0 0 0 0 0 0 0 0 0 0 0 0 0 0 0 ' ,21 ,1 ,1, 1
54 ,53, 30, '13 14 22 23 12 8 9 14 16 7 14 6 11 17 9 8 ' ,'0 0 0 0 0 0 0 0 0 0 0 0 0 0 0 0 ' ,16 ,1 ,0, 0
47 ,42, 26, '18 19 21 15 12 16 12 12 9 12 11 12 8 10 12 18 ' ,'0 0 0 0 0 0 0 0 0 0 0 0 0 0 0 0 ' ,12 ,0 ,1, 1
46 ,39, 28, '21 16 21 20 11 11 12 11 17 12 10 10 12 8 11 15 ' ,'0 0 0 0 0 0 0 0 0 0 0 0 0 0 0 0 ' ,13 ,0 ,0, 0
52 ,37, 32, '24 21 25 23 13 16 13 16 11 13 16 12 18 10 13 16 ' ,'0 0 0 0 0 0 0 0 0 0 0 0 0 0 0 0 ' ,14 ,1 ,0, 0
55 ,40, 20, '12 19 18 18 8 13 11 7 9 7 17 7 12 10 8 12 ' ,'0 0 0 0 0 0 0 0 0 0 0 0 0 0 0 0 ' ,13 ,1 ,1, 1
55 ,46, 24, '16 17 13 17 7 11 6 7 9 12 11 7 8 10 5 12 ' ,'0 0 0 0 0 0 0 0 0 0 0 0 0 0 0 0 ' ,12 ,1 ,0, 0
59 ,44, 35, '17 21 15 18 7 11 14 13 8 7 11 13 7 10 7 14 ' ,'0 0 0 0 0 0 0 0 0 0 0 0 0 0 0 0 ' ,18 ,1 ,0, 0
55 ,51, 28, '18 18 13 17 7 13 8 7 11 10 13 10 15 11 6 12 ' ,'0 0 0 0 0 0 0 0 0 0 0 0 0 0 0 0 ' ,15 ,1 ,1, 1
62 ,45, 35, '17 18 24 21 7 10 6 12 7 7 10 9 7 13 10 11 ' ,'0 0 0 0 0 0 0 0 0 0 0 0 0 0 0 0 ' ,20 ,1 ,0, 0
54 ,53, 28, '11 17 15 17 12 5 11 9 10 11 6 12 12 12 10 7 ' ,'0 0 0 0 0 0 0 0 0 0 0 0 0 0 0 0 ' ,16 ,1 ,1, 1
57 ,42, 32, '20 19 21 17 10 16 12 13 7 9 16 12 13 11 15 13 ' ,'0 0 0 0 0 0 0 0 0 0 0 0 0 0 0 0 ' ,13 ,1 ,0, 0
55 ,43, 34, '25 14 16 19 16 13 9 10 10 8 13 9 9 9 9 15 ' ,'0 0 0 0 0 0 0 0 0 0 0 0 0 0 0 0 ' ,16 ,2 ,1, 1
69 ,50, 41, '17 18 20 22 11 10 11 14 9 11 9 13 8 14 14 13 ' ,'0 0 0 0 0 0 0 0 0 0 0 0 0 0 0 0 ' ,26 ,1 ,1, 1
57 ,51, 32, '19 20 24 17 12 14 12 8 11 10 12 12 14 11 14 14 ' ,'0 0 0 0 0 0 0 0 0 0 0 0 0 0 0 0 ' ,18 ,2 ,1, 1
68 ,43, 29, '15 23 26 22 12 7 12 15 15 7 8 13 7 13 8 9 ' ,'0 0 0 0 0 0 0 0 0 0 0 0 0 0 0 0 ' ,19 ,2 ,0, 0
59 ,51, 30, '18 17 17 20 11 14 13 12 9 9 12 11 8 10 15 14 ' ,'0 0 0 0 0 0 0 0 0 0 0 0 0 0 0 0 ' ,16 ,1 ,0, 0
60 ,46, 36, '14 15 17 19 11 8 13 10 11 7 7 15 10 12 8 7 ' ,'0 0 0 0 0 0 0 0 0 0 0 0 0 0 0 0 ' ,19 ,2 ,0, 0
54 ,51, 30, '15 17 20 18 15 10 11 13 8 10 13 12 14 7 12 12 ' ,'0 0 0 0 0 0 0 0 0 0 0 0 0 0 0 0 ' ,15 ,1 ,1, 1
58 ,44, 27, '17 17 14 15 9 12 12 7 6 9 11 11 8 9 9 14 ' ,'0 0 0 0 0 0 0 0 0 0 0 0 0 0 0 0 ' ,16 ,1 ,1, 1
61 ,40, 31, '14 24 16 22 11 11 12 10 10 16 8 14 10 17 21 8 ' ,'0 0 0 0 0 0 0 0 0 0 0 0 0 0 0 0 ' ,25 ,1 ,1, 1
49 ,53, 27, '15 14 20 21 8 9 10 12 13 9 12 6 11 12 7 9 ' ,'0 0 0 0 0 0 0 0 0 0 0 0 0 0 0 0 ' ,15 ,1 ,0, 0
56 ,42, 37, '18 21 15 18 17 11 11 8 12 10 13 11 7 15 7 14 ' ,'0 0 0 0 0 0 0 0 0 0 0 0 0 0 0 0 ' ,21 ,1 ,0, 0
67 ,50, 37, '18 28 16 21 17 13 7 10 11 9 14 13 9 11 12 14 ' ,'0 0 0 0 0 0 0 0 0 0 0 0 0 0 0 0 ' ,22 ,1 ,0, 0
56 ,51, 34, '25 28 26 16 7 20 13 14 19 9 16 12 15 17 17 17 ' ,'0 0 0 0 0 0 0 0 0 0 0 0 0 0 0 0 ' ,16 ,0 ,0, 0
56 ,48, 30, '18 19 19 19 13 12 11 8 12 11 10 12 13 9 11 10 ' ,'0 0 0 0 0 0 0 0 0 0 0 0 0 0 0 0 ' ,15 ,1 ,1, 0
51 ,43, 21, '12 17 18 15 11 9 8 11 13 9 8 6 11 12 9 9 ' ,'0 0 0 0 0 0 0 0 0 0 0 0 0 0 0 0 ' ,13 ,1 ,0, 0
61 ,42, 33, '16 18 15 14 6 12 13 10 9 9 9 8 7 8 9 14 ' ,'0 0 0 0 0 0 0 0 0 0 0 0 0 0 0 0 ' ,16 ,1 ,1, 1
46 ,46, 27, '18 21 15 19 13 10 14 13 10 12 11 10 13 11 11 14 ' ,'0 0 0 0 0 0 0 0 0 0 0 0 0 0 0 0 ' ,11 ,0 ,0, 0
47 ,35, 22, '11 14 16 14 10 16 8 8 6 12 8 8 7 8 11 9 ' ,'0 0 0 0 0 0 0 0 0 0 0 0 0 0 0 0 ' ,15 ,0 ,0, 0
52 ,37, 31, '19 15 18 17 18 12 7 7 11 9 16 9 12 12 10 11 ' ,'0 0 0 0 0 0 0 0 0 0 0 0 0 0 0 0 ' ,21 ,1 ,0, 0
55 ,50, 31, '12 17 14 17 10 12 6 11 20 12 15 7 6 11 12 6 ' ,'0 0 0 0 0 0 0 0 0 0 0 0 0 0 0 0 ' ,21 ,1 ,0, 0
50 ,43, 26, '14 17 14 21 6 9 9 8 11 8 10 6 7 20 6 10 ' ,'0 0 0 0 0 0 0 0 0 0 0 0 0 0 0 0 ' ,16 ,1 ,0, 0
58 ,46, 32, '23 22 15 20 10 8 13 8 14 6 15 16 8 13 8 9 ' ,'0 0 0 0 0 0 0 0 0 0 0 0 0 0 0 0 ' ,22 ,1 ,1, 1
52 ,48, 26, '13 10 19 19 6 14 14 5 11 7 8 8 8 9 6 11 ' ,'0 0 0 0 0 0 0 0 0 0 0 0 0 0 0 0 ' ,15 ,0 ,0, 0
50 ,42, 24, '13 10 16 10 5 5 12 10 13 9 9 5 9 6 11 6 ' ,'0 0 0 0 0 0 0 0 0 0 0 0 0 0 0 0 ' ,15 ,1 ,0, 0
91 ,37, 67, '16 14 21 13 6 10 12 12 7 13 11 9 12 8 12 13 ' ,'0 0 0 0 0 0 0 0 0 0 0 0 0 0 0 0 ' ,54 ,1 ,0, 0
53 ,80, 28, '22 22 22 19 8 13 13 11 13 11 14 13 9 11 8 13 ' ,'0 0 0 0 0 0 0 0 0 0 0 0 0 0 0 0 ' ,12 ,1 ,0, 0
71 ,41, 50, '43 24 24 13 10 23 11 13 14 8 9 21 10 22 12 35 ' ,'0 0 0 0 0 0 0 0 0 0 0 0 0 0 0 0 ' ,33 ,1 ,1, 1
51 ,64, 29, '20 19 23 17 9 7 10 11 19 11 9 11 10 13 11 9 ' ,'0 0 0 0 0 0 0 0 0 0 0 0 0 0 0 0 ' ,15 ,0 ,1, 1
47 ,41, 27, '19 19 16 22 8 12 10 8 8 9 12 12 8 9 7 13 ' ,'0 0 0 0 0 0 0 0 0 0 0 0 0 0 0 0 ' ,10 ,1 ,0, 0
51 ,41, 27, '14 16 17 16 15 8 7 14 12 9 8 7 10 13 8 10 ' ,'0 0 0 0 0 0 0 0 0 0 0 0 0 0 0 0 ' ,16 ,1 ,0, 0
76 ,45, 32, '15 24 17 17 9 9 9 9 13 5 9 8 10 8 5 9 ' ,'0 0 0 0 0 0 0 0 0 0 0 0 0 0 0 0 ' ,20 ,1 ,0, 0
51 ,60, 27, '11 18 16 19 5 13 10 8 13 11 5 11 8 11 5 6 ' ,'0 0 0 0 0 0 0 0 0 0 0 0 0 0 0 0 ' ,14 ,0 ,0, 0
41 ,39, 24, '11 14 16 13 10 7 9 10 10 10 7 6 9 11 10 7 ' ,'0 0 0 0 0 0 0 0 0 0 0 0 0 0 0 0 ' ,12 ,0 ,0, 0
44 ,32, 25, '16 15 11 14 13 5 10 6 8 10 14 10 5 8 13 11 ' ,'0 0 0 0 0 0 0 0 0 0 0 0 0 0 0 0 ' ,13 ,1 ,0, 0
48 ,37, 29, '18 13 23 19 10 14 8 7 13 11 5 11 10 17 6 9 ' ,'0 0 0 0 0 0 0 0 0 0 0 0 0 0 0 0 ' ,14 ,1 ,0, 0
678 ,37, 34, '16 23 15 22 11 15 18 9 20 10 6 22 6 27 12 15 ' ,'0 0 0 0 0 0 0 0 0 0 0 0 0 0 0 0 ' ,22 ,1 ,0, 0
671 ,48, 32, '25 24 19 16 9 22 9 15 19 5 12 19 5 8 7 14 ' ,'0 0 0 0 0 0 0 0 0 0 0 0 0 0 0 0 ' ,17 ,1 ,0, 0
50 ,47, 26, '14 16 18 16 8 9 9 19 13 13 9 11 15 9 6 9 ' ,'0 0 0 0 0 0 0 0 0 0 0 0 0 0 0 0 ' ,12 ,1 ,1, 1
52 ,37, 28, '16 11 22 16 5 10 6 11 11 12 6 7 8 14 5 9 ' ,'0 0 0 0 0 0 0 0 0 0 0 0 0 0 0 0 ' ,16 ,0 ,1, 1
46 ,43, 26, '15 21 22 23 7 7 9 10 8 8 11 9 6 10 8 14 ' ,'0 0 0 0 0 0 0 0 0 0 0 0 0 0 0 0 ' ,14 ,1 ,0, 0
46 ,45, 25, '18 13 16 18 8 8 9 10 10 5 8 9 14 11 9 11 ' ,'0 0 0 0 0 0 0 0 0 0 0 0 0 0 0 0 ' ,12 ,1 ,0, 0
49 ,42, 22, '13 16 18 13 10 11 12 10 7 5 9 12 11 6 11 10 ' ,'0 0 0 0 0 0 0 0 0 0 0 0 0 0 0 0 ' ,10 ,0 ,1, 1
47 ,38, 27, '20 16 18 17 9 10 10 11 6 5 11 9 11 6 5 11 ' ,'0 0 0 0 0 0 0 0 0 0 0 0 0 0 0 0 ' ,15 ,1 ,0, 0
52 ,40, 24, '16 15 15 12 6 12 8 12 12 7 18 7 7 10 6 14 ' ,'0 0 0 0 0 0 0 0 0 0 0 0 0 0 0 0 ' ,15 ,1 ,1, 1
50 ,48, 23, '12 10 9 9 8 7 4 9 5 10 8 5 4 11 8 13 ' ,'0 0 0 0 0 0 0 0 0 0 0 0 0 0 0 0 ' ,15 ,1 ,0, 0
262 ,40, 22, '14 13 10 16 7 5 5 8 8 6 6 5 5 9 6 12 ' ,'0 0 0 0 0 0 0 0 0 0 0 0 0 0 0 0 ' ,9 ,1 ,0, 0
61 ,33, 37, '15 18 18 14 9 12 6 12 5 10 16 6 6 5 6 15 ' ,'0 0 0 0 0 0 0 0 0 0 0 0 0 0 0 0 ' ,25 ,11 ,1, 0
54 ,56, 35, '16 20 20 17 6 10 11 13 7 6 11 11 7 11 7 13 ' ,'0 0 0 0 0 0 0 0 0 0 0 0 0 0 0 0 ' ,20 ,1 ,1, 1
43 ,49, 28, '16 15 18 19 11 17 9 10 10 10 9 9 12 10 10 10 ' ,'0 0 0 0 0 0 0 0 0 0 0 0 0 0 0 0 ' ,9 ,1 ,1, 1
45 ,35, 25, '18 19 21 21 13 12 7 10 11 11 7 11 10 11 12 7 ' ,'0 0 0 0 0 0 0 0 0 0 0 0 0 0 0 0 ' ,15 ,1 ,0, 0
44 ,35, 28, '17 17 18 18 10 9 10 11 7 7 12 6 10 10 10 16 ' ,'0 0 0 0 0 0 0 0 0 0 0 0 0 0 0 0 ' ,14 ,1 ,0, 0
77 ,34, 57, '18 18 15 17 11 11 10 6 9 11 10 10 7 9 9 12 ' ,'0 0 0 0 0 0 0 0 0 0 0 0 0 0 0 0 ' ,41 ,30 ,0, 0
48 ,69, 26, '18 13 17 17 7 10 7 10 14 6 12 7 11 11 5 8 ' ,'0 0 0 0 0 0 0 0 0 0 0 0 0 0 0 0 ' ,11 ,1 ,0, 0
55 ,37, 28, '15 16 14 13 5 12 10 8 8 13 10 12 6 8 11 12 ' ,'0 0 0 0 0 0 0 0 0 0 0 0 0 0 0 0 ' ,16 ,1 ,0, 0
53 ,40, 30, '17 17 18 23 10 10 10 14 19 11 11 10 15 13 7 12 ' ,'0 0 0 0 0 0 0 0 0 0 0 0 0 0 0 0 ' ,16 ,1 ,1, 1
50 ,43, 27, '15 19 16 17 10 7 11 10 15 8 6 8 8 11 7 8 ' ,'0 0 0 0 0 0 0 0 0 0 0 0 0 0 0 0 ' ,17 ,0 ,0, 0
87 ,40, 63, '15 14 17 13 10 9 8 15 5 6 9 8 10 6 9 10 ' ,'0 0 0 0 0 0 0 0 0 0 0 0 0 0 0 0 ' ,46 ,35 ,1, 1
55 ,74, 25, '18 13 10 16 12 9 5 14 8 4 16 4 9 7 5 14 ' ,'0 0 0 0 0 0 0 0 0 0 0 0 0 0 0 0 ' ,17 ,1 ,0, 0
55 ,37, 30, '24 26 23 20 7 13 12 9 10 13 12 13 9 10 8 19 ' ,'0 0 0 0 0 0 0 0 0 0 0 0 0 0 0 0 ' ,15 ,0 ,0, 0
48 ,44, 24, '18 13 16 19 5 10 8 10 10 11 10 7 9 16 7 9 ' ,'0 0 0 0 0 0 0 0 0 0 0 0 0 0 0 0 ' ,12 ,1 ,0, 0
49 ,44, 25, '16 20 15 15 11 11 10 9 11 12 11 13 9 10 11 10 ' ,'0 0 0 0 0 0 0 0 0 0 0 0 0 0 0 0 ' ,12 ,0 ,0, 0
46 ,41, 22, '15 16 13 11 10 11 10 8 5 12 12 10 6 7 9 13 ' ,'0 0 0 0 0 0 0 0 0 0 0 0 0 0 0 0 ' ,10 ,1 ,0, 0
51 ,38, 29, '14 19 17 19 9 7 8 11 11 5 8 7 10 10 5 8 ' ,'0 0 0 0 0 0 0 0 0 0 0 0 0 0 0 0 ' ,14 ,3 ,1, 1
48 ,42, 23, '12 19 19 15 12 10 12 9 10 13 7 10 8 11 11 8 ' ,'0 0 0 0 0 0 0 0 0 0 0 0 0 0 0 0 ' ,15 ,1 ,0, 0
48 ,40, 21, '12 13 16 15 4 7 8 10 11 5 8 8 9 4 5 9 ' ,'0 0 0 0 0 0 0 0 0 0 0 0 0 0 0 0 ' ,12 ,1 ,0, 0
44 ,33, 23, '15 13 16 16 10 8 8 9 9 10 7 7 10 12 5 9 ' ,'0 0 0 0 0 0 0 0 0 0 0 0 0 0 0 0 ' ,8 ,0 ,0, 0
53 ,33, 28, '14 14 17 22 10 10 10 11 12 9 10 6 10 11 6 12 ' ,'0 0 0 0 0 0 0 0 0 0 0 0 0 0 0 0 ' ,14 ,0 ,0, 0
48 ,43, 25, '18 19 17 20 10 9 14 12 6 15 8 10 16 6 8 8 ' ,'0 0 0 0 0 0 0 0 0 0 0 0 0 0 0 0 ' ,15 ,0 ,1, 0
47 ,41, 25, '16 11 12 20 7 11 7 8 9 6 11 7 5 11 6 14 ' ,'0 0 0 0 0 0 0 0 0 0 0 0 0 0 0 0 ' ,14 ,1 ,0, 0
39 ,41, 24, '19 18 15 15 7 8 8 10 7 6 10 8 6 6 5 7 ' ,'0 0 0 0 0 0 0 0 0 0 0 0 0 0 0 0 ' ,13 ,1 ,0, 0
49 ,35, 33, '16 19 14 23 6 11 11 9 14 6 11 11 6 13 6 11 ' ,'0 0 0 0 0 0 0 0 0 0 0 0 0 0 0 0 ' ,20 ,1 ,1, 1
41 ,42, 25, '15 16 15 19 9 8 9 9 14 8 8 9 9 12 9 9 ' ,'0 0 0 0 0 0 0 0 0 0 0 0 0 0 0 0 ' ,12 ,0 ,0, 0
57 ,35, 31, '18 22 20 18 8 12 12 7 9 7 11 11 7 9 7 10 ' ,'0 0 0 0 0 0 0 0 0 0 0 0 0 0 0 0 ' ,17 ,1 ,0, 0
41 ,48, 23, '13 13 14 17 6 7 9 9 12 5 6 7 8 10 8 11 ' ,'0 0 0 0 0 0 0 0 0 0 0 0 0 0 0 0 ' ,12 ,1 ,0, 0
53 ,37, 24, '18 15 19 17 11 13 8 9 10 7 12 8 11 10 10 12 ' ,'0 0 0 0 0 0 0 0 0 0 0 0 0 0 0 0 ' ,11 ,0 ,1, 1
49 ,35, 31, '16 15 24 21 6 9 6 12 14 15 13 6 12 12 6 9 ' ,'0 0 0 0 0 0 0 0 0 0 0 0 0 0 0 0 ' ,17 ,1 ,0, 0
45 ,44, 24, '17 18 14 15 11 13 12 8 9 7 11 11 8 8 6 11 ' ,'0 0 0 0 0 0 0 0 0 0 0 0 0 0 0 0 ' ,9 ,0 ,1, 1
51 ,38, 29, '14 21 22 21 7 6 9 15 10 11 8 12 10 13 7 10 ' ,'0 0 0 0 0 0 0 0 0 0 0 0 0 0 0 0 ' ,10 ,0 ,0, 0
47 ,41, 27, '18 20 12 18 6 11 10 16 8 11 11 10 12 8 5 10 ' ,'0 0 0 0 0 0 0 0 0 0 0 0 0 0 0 0 ' ,11 ,0 ,0, 0
48 ,37, 25, '15 10 15 18 7 6 5 9 9 6 8 5 10 10 5 8 ' ,'0 0 0 0 0 0 0 0 0 0 0 0 0 0 0 0 ' ,14 ,0 ,1, 1
49 ,43, 23, '11 12 11 16 8 11 5 6 12 7 7 5 6 11 6 7 ' ,'0 0 0 0 0 0 0 0 0 0 0 0 0 0 0 0 ' ,12 ,0 ,0, 0
50 ,38, 27, '15 17 21 15 10 7 7 10 8 11 9 6 10 10 7 10 ' ,'0 0 0 0 0 0 0 0 0 0 0 0 0 0 0 0 ' ,13 ,1 ,0, 0
40 ,37, 23, '15 16 18 13 13 11 10 7 9 13 10 11 7 8 11 11 ' ,'0 0 0 0 0 0 0 0 0 0 0 0 0 0 0 0 ' ,12 ,1 ,0, 0
39 ,32, 19, '10 13 15 18 8 8 6 10 10 6 7 6 7 9 8 9 ' ,'0 0 0 0 0 0 0 0 0 0 0 0 0 0 0 0 ' ,11 ,0 ,0, 0
45 ,30, 27, '17 22 19 14 12 11 12 8 9 13 12 11 7 10 12 15 ' ,'0 0 0 0 0 0 0 0 0 0 0 0 0 0 0 0 ' ,14 ,0 ,0, 0
55 ,37, 31, '18 23 13 17 7 11 26 14 10 6 12 15 6 10 6 13 ' ,'0 0 0 0 0 0 0 0 0 0 0 0 0 0 0 0 ' ,20 ,1 ,0, 0
59 ,45, 34, '14 19 14 16 12 8 26 7 11 10 8 12 11 11 12 15 ' ,'0 0 0 0 0 0 0 0 0 0 0 0 0 0 0 0 ' ,21 ,1 ,0, 0
51 ,50, 25, '17 11 14 20 13 6 6 12 10 12 10 13 8 15 12 7 ' ,'0 0 0 0 0 0 0 0 0 0 0 0 0 0 0 0 ' ,16 ,1 ,0, 0
41 ,39, 21, '16 15 12 14 9 14 11 7 9 6 11 11 7 8 6 15 ' ,'0 0 0 0 0 0 0 0 0 0 0 0 0 0 0 0 ' ,9 ,0 ,1, 1
52 ,32, 29, '13 15 17 22 13 11 9 12 13 12 12 8 10 16 11 14 ' ,'0 0 0 0 0 0 0 0 0 0 0 0 0 0 0 0 ' ,14 ,1 ,0, 0
45 ,42, 22, '16 17 13 11 6 11 11 13 10 10 12 8 6 10 10 10 ' ,'0 0 0 0 0 0 0 0 0 0 0 0 0 0 0 0 ' ,9 ,1 ,0, 0
49 ,36, 27, '15 15 21 18 9 10 9 18 11 8 8 8 10 12 10 9 ' ,'0 0 0 0 0 0 0 0 0 0 0 0 0 0 0 0 ' ,13 ,1 ,0, 0
52 ,43, 27, '16 10 13 15 10 10 12 12 10 6 9 5 8 9 9 17 ' ,'0 0 0 0 0 0 0 0 0 0 0 0 0 0 0 0 ' ,12 ,1 ,0, 0
61 ,42, 32, '13 16 23 12 6 9 6 8 6 7 13 6 7 6 6 14 ' ,'0 0 0 0 0 0 0 0 0 0 0 0 0 0 0 0 ' ,23 ,0 ,0, 0
46 ,50, 23, '14 11 13 16 8 9 6 7 10 6 9 6 11 13 6 10 ' ,'0 0 0 0 0 0 0 0 0 0 0 0 0 0 0 0 ' ,12 ,0 ,0, 0
50 ,36, 27, '19 11 11 20 7 10 13 7 9 7 11 6 7 10 6 14 ' ,'0 0 0 0 0 0 0 0 0 0 0 0 0 0 0 0 ' ,13 ,0 ,0, 0
49 ,39, 29, '14 17 10 12 5 9 10 7 5 5 10 11 6 9 6 13 ' ,'0 0 0 0 0 0 0 0 0 0 0 0 0 0 0 0 ' ,21 ,0 ,0, 0
57 ,46, 30, '14 15 16 18 6 6 11 6 6 6 11 7 15 11 6 6 ' ,'0 0 0 0 0 0 0 0 0 0 0 0 0 0 0 0 ' ,23 ,1 ,1, 1
45 ,48, 22, '15 15 11 14 6 10 8 6 9 5 8 10 6 7 4 9 ' ,'0 0 0 0 0 0 0 0 0 0 0 0 0 0 0 0 ' ,10 ,0 ,0, 0
53 ,31, 26, '14 12 15 20 5 6 7 8 15 7 7 6 9 9 4 8 ' ,'0 0 0 0 0 0 0 0 0 0 0 0 0 0 0 0 ' ,15 ,1 ,0, 0
53 ,41, 23, '14 16 16 14 5 8 9 12 9 10 6 10 5 11 5 7 ' ,'0 0 0 0 0 0 0 0 0 0 0 0 0 0 0 0 ' ,12 ,1 ,0, 0
53 ,39, 29, '15 15 23 22 6 9 10 14 15 6 9 13 15 12 7 12 ' ,'0 0 0 0 0 0 0 0 0 0 0 0 0 0 0 0 ' ,13 ,1 ,0, 0
49 ,43, 26, '19 17 17 18 4 11 6 8 7 5 9 8 6 9 13 14 ' ,'0 0 0 0 0 0 0 0 0 0 0 0 0 0 0 0 ' ,13 ,1 ,0, 0
54 ,39, 29, '16 17 23 14 7 10 11 16 8 10 14 11 13 9 13 12 ' ,'0 0 0 0 0 0 0 0 0 0 0 0 0 0 0 0 ' ,16 ,1 ,0, 0
51 ,42, 24, '14 18 14 14 6 6 10 12 10 6 9 12 9 10 6 7 ' ,'0 0 0 0 0 0 0 0 0 0 0 0 0 0 0 0 ' ,14 ,1 ,0, 0
68 ,36, 42, '26 29 25 25 16 18 20 20 10 20 15 23 18 16 25 35 ' ,'0 0 0 0 0 0 0 0 0 0 0 0 0 0 0 0 ' ,24 ,0 ,0, 0
209 ,53, 184, '32 35 30 30 17 14 17 22 23 13 18 15 19 25 10 16 ' ,'0 0 0 0 0 0 0 0 0 0 0 0 0 0 0 0 ' ,161 ,1 ,0, 0
69 ,200, 44, '33 23 38 29 18 9 13 18 18 18 16 14 8 23 29 11 ' ,'0 0 0 0 0 0 0 0 0 0 0 0 0 0 0 0 ' ,33 ,1 ,0, 0
76 ,60, 58, '24 35 35 40 20 14 30 20 20 30 12 18 21 27 27 16 ' ,'0 0 0 0 0 0 0 0 0 0 0 0 0 0 0 0 ' ,32 ,1 ,0, 0
249 ,65, 232, '193 201 170 129 69 123 109 225 120 163 209 155 108 68 95 193 ' ,'0 0 0 0 0 0 0 0 0 0 0 0 0 0 0 0 ' ,157 ,1 ,1, 1
143 ,240, 120, '113 33 29 30 77 106 16 18 25 16 91 20 18 89 78 90 ' ,'0 0 0 0 0 0 0 0 0 0 0 0 0 0 0 0 ' ,99 ,0 ,0, 0
76 ,130, 50, '45 32 28 35 20 21 13 25 27 18 16 13 18 17 25 18 ' ,'0 0 0 0 0 0 0 0 0 0 0 0 0 0 0 0 ' ,34 ,1 ,0, 0
280 ,64, 46, '25 41 35 42 19 14 20 23 13 15 22 21 26 11 16 33 ' ,'0 0 0 0 0 0 0 0 0 0 0 0 0 0 0 0 ' ,31 ,1 ,0, 0
99 ,62, 74, '45 28 59 17 11 18 16 20 9 16 18 22 16 13 14 15 ' ,'0 0 0 0 0 0 0 0 0 0 0 0 0 0 0 0 ' ,57 ,1 ,1, 1
58 ,86, 36, '26 26 31 26 12 16 21 17 22 8 12 11 17 23 20 15 ' ,'0 0 0 0 0 0 0 0 0 0 0 0 0 0 0 0 ' ,21 ,1 ,0, 0
79 ,52, 53, '44 36 35 42 12 22 17 17 14 14 11 16 22 19 16 19 ' ,'0 0 0 0 0 0 0 0 0 0 0 0 0 0 0 0 ' ,39 ,2 ,0, 0
68 ,65, 44, '31 32 29 31 16 26 20 23 20 21 15 20 13 16 32 18 ' ,'0 0 0 0 0 0 0 0 0 0 0 0 0 0 0 0 ' ,25 ,1 ,0, 0
63 ,55, 42, '32 35 24 35 19 21 21 25 21 21 32 22 13 17 24 25 ' ,'0 0 0 0 0 0 0 0 0 0 0 0 0 0 0 0 ' ,22 ,1 ,0, 0
89 ,55, 60, '29 31 31 56 12 22 15 39 34 26 28 29 20 13 19 27 ' ,'0 0 0 0 0 0 0 0 0 0 0 0 0 0 0 0 ' ,43 ,1 ,0, 0
75 ,75, 50, '35 43 20 30 18 27 11 14 20 20 32 13 17 12 15 27 ' ,'0 0 0 0 0 0 0 0 0 0 0 0 0 0 0 0 ' ,33 ,0 ,0, 0
793 ,63, 128, '51 34 21 29 18 23 26 119 31 14 20 25 11 27 27 21 ' ,'0 0 0 0 0 0 0 0 0 0 0 0 0 0 0 0 ' ,107 ,1 ,1, 1
81 ,142, 58, '28 50 29 25 15 16 29 18 14 10 21 17 16 15 16 22 ' ,'0 0 0 0 0 0 0 0 0 0 0 0 0 0 0 0 ' ,37 ,1 ,0, 0
73 ,74, 46, '34 30 18 40 13 17 15 15 16 21 24 20 25 19 21 22 ' ,'0 0 0 0 0 0 0 0 0 0 0 0 0 0 0 0 ' ,27 ,1 ,0, 0
75 ,58, 54, '38 40 47 41 20 32 25 15 19 10 24 26 13 18 9 19 ' ,'0 0 0 0 0 0 0 0 0 0 0 0 0 0 0 0 ' ,33 ,1 ,1, 1
95 ,70, 67, '37 58 37 46 11 23 20 26 17 17 27 24 20 11 18 22 ' ,'0 0 0 0 0 0 0 0 0 0 0 0 0 0 0 0 ' ,45 ,1 ,0, 0
73 ,77, 52, '30 43 39 45 18 11 21 15 15 22 28 21 21 28 26 28 ' ,'0 0 0 0 0 0 0 0 0 0 0 0 0 0 0 0 ' ,35 ,0 ,1, 1
256 ,62, 237, '232 211 186 209 48 77 41 50 39 50 71 40 48 47 51 86 ' ,'0 0 0 0 0 0 0 0 0 0 0 0 0 0 0 0 ' ,190 ,1 ,0, 0
83 ,248, 68, '41 50 47 60 24 29 19 31 17 21 29 25 14 23 14 19 ' ,'0 0 0 0 0 0 0 0 0 0 0 0 0 0 0 0 ' ,43 ,0 ,0, 0
98 ,74, 75, '31 68 43 34 13 17 14 32 12 18 21 17 31 17 21 29 ' ,'0 0 0 0 0 0 0 0 0 0 0 0 0 0 0 0 ' ,57 ,1 ,0, 0
73 ,87, 51, '33 42 42 26 15 18 16 22 16 13 22 25 26 18 28 32 ' ,'0 0 0 0 0 0 0 0 0 0 0 0 0 0 0 0 ' ,25 ,1 ,1, 1
104 ,66, 82, '39 47 24 33 30 27 17 32 14 15 25 16 61 21 21 31 ' ,'0 0 0 0 0 0 0 0 0 0 0 0 0 0 0 0 ' ,49 ,1 ,0, 0
86 ,93, 64, '44 26 40 61 33 37 14 17 16 17 15 20 16 26 31 18 ' ,'0 0 0 0 0 0 0 0 0 0 0 0 0 0 0 0 ' ,46 ,0 ,0, 0
78 ,80, 56, '48 44 29 40 23 18 28 31 17 17 24 25 21 22 21 21 ' ,'0 0 0 0 0 0 0 0 0 0 0 0 0 0 0 0 ' ,31 ,1 ,0, 0
83 ,66, 60, '28 52 42 50 29 23 18 34 22 27 18 20 26 19 31 20 ' ,'0 0 0 0 0 0 0 0 0 0 0 0 0 0 0 0 ' ,37 ,1 ,1, 1
69 ,74, 41, '28 34 33 27 17 29 18 16 23 21 35 21 10 14 14 14 ' ,'0 0 0 0 0 0 0 0 0 0 0 0 0 0 0 0 ' ,29 ,1 ,0, 0
78 ,56, 54, '39 26 46 23 21 16 16 19 28 24 20 16 16 23 18 31 ' ,'0 0 0 0 0 0 0 0 0 0 0 0 0 0 0 0 ' ,28 ,0 ,0, 0
72 ,64, 53, '28 46 26 40 21 14 24 21 34 26 26 15 14 24 22 25 ' ,'0 0 0 0 0 0 0 0 0 0 0 0 0 0 0 0 ' ,31 ,0 ,0, 0
86 ,65, 64, '34 51 29 57 15 28 26 18 20 19 17 23 38 17 21 24 ' ,'0 0 0 0 0 0 0 0 0 0 0 0 0 0 0 0 ' ,42 ,0 ,0, 0
86 ,75, 60, '34 36 51 44 25 20 21 24 30 15 16 18 22 18 23 33 ' ,'0 0 0 0 0 0 0 0 0 0 0 0 0 0 0 0 ' ,39 ,1 ,0, 0
86 ,75, 63, '46 45 41 35 23 29 23 29 20 19 17 54 15 22 20 20 ' ,'0 0 0 0 0 0 0 0 0 0 0 0 0 0 0 0 ' ,40 ,1 ,0, 0
86 ,75, 61, '36 53 38 26 26 32 20 18 19 20 20 17 16 22 31 20 ' ,'0 0 0 0 0 0 0 0 0 0 0 0 0 0 0 0 ' ,34 ,1 ,1, 1
69 ,74, 43, '29 34 35 32 22 16 22 24 23 26 12 22 10 22 27 20 ' ,'0 0 0 0 0 0 0 0 0 0 0 0 0 0 0 0 ' ,24 ,1 ,0, 0
88 ,56, 68, '29 58 36 46 25 23 13 21 17 12 56 34 13 31 39 12 ' ,'0 0 0 0 0 0 0 0 0 0 0 0 0 0 0 0 ' ,49 ,1 ,0, 0
90 ,78, 65, '50 47 40 32 18 25 20 15 13 18 25 19 23 16 22 27 ' ,'0 0 0 0 0 0 0 0 0 0 0 0 0 0 0 0 ' ,44 ,1 ,1, 0
78 ,80, 61, '28 48 30 50 26 20 14 27 11 25 23 16 17 15 21 19 ' ,'0 0 0 0 0 0 0 0 0 0 0 0 0 0 0 0 ' ,42 ,0 ,0, 0
82 ,70, 57, '27 45 38 28 15 19 19 19 16 11 21 30 13 24 8 20 ' ,'0 0 0 0 0 0 0 0 0 0 0 0 0 0 0 0 ' ,36 ,0 ,1, 1
81 ,70, 57, '31 31 40 32 18 29 16 14 20 18 19 14 18 28 19 13 ' ,'0 0 0 0 0 0 0 0 0 0 0 0 0 0 0 0 ' ,37 ,0 ,0, 0
82 ,70, 53, '46 37 43 30 18 17 17 33 10 13 26 26 29 16 20 17 ' ,'0 0 0 0 0 0 0 0 0 0 0 0 0 0 0 0 ' ,43 ,1 ,0, 0
69 ,71, 48, '43 33 37 34 34 39 24 12 15 22 36 35 14 17 19 18 ' ,'0 0 0 0 0 0 0 0 0 0 0 0 0 0 0 0 ' ,31 ,0 ,0, 0
108 ,60, 79, '47 31 35 33 13 15 14 28 29 18 21 12 19 28 18 74 ' ,'0 0 0 0 0 0 0 0 0 0 0 0 0 0 0 0 ' ,60 ,0 ,0, 0
106 ,97, 83, '28 76 33 26 8 15 27 30 23 29 28 13 26 15 10 19 ' ,'0 0 0 0 0 0 0 0 0 0 0 0 0 0 0 0 ' ,62 ,1 ,1, 0
70 ,92, 50, '42 39 36 34 20 13 14 21 28 13 18 12 16 22 29 13 ' ,'0 0 0 0 0 0 0 0 0 0 0 0 0 0 0 0 ' ,31 ,0 ,1, 1
98 ,57, 79, '44 37 72 40 23 20 19 13 18 10 14 26 20 26 15 26 ' ,'0 0 0 0 0 0 0 0 0 0 0 0 0 0 0 0 ' ,61 ,1 ,0, 0
73 ,95, 55, '29 39 28 36 19 17 43 37 14 14 24 19 23 10 22 25 ' ,'0 0 0 0 0 0 0 0 0 0 0 0 0 0 0 0 ' ,38 ,0 ,0, 0
106 ,68, 87, '31 76 38 48 13 13 32 31 35 27 17 25 18 24 20 17 ' ,'0 0 0 0 0 0 0 0 0 0 0 0 0 0 0 0 ' ,70 ,1 ,0, 0
58 ,98, 40, '32 25 32 28 19 17 16 20 12 19 8 20 15 22 14 26 ' ,'0 0 0 0 0 0 0 0 0 0 0 0 0 0 0 0 ' ,23 ,1 ,1, 1
44 ,50, 28, '19 15 18 18 15 9 12 19 7 12 12 10 13 6 12 19 ' ,'0 0 0 0 0 0 0 0 0 0 0 0 0 0 0 0 ' ,16 ,1 ,1, 1
76 ,34, 51, '19 24 21 18 10 11 16 17 9 11 10 12 13 10 14 11 ' ,'0 0 0 0 0 0 0 0 0 0 0 0 0 0 0 0 ' ,36 ,20 ,0, 0
59 ,63, 32, '24 21 24 20 12 11 14 9 12 10 12 12 12 13 16 12 ' ,'0 0 0 0 0 0 0 0 0 0 0 0 0 0 0 0 ' ,17 ,1 ,0, 0
60 ,46, 34, '22 19 21 24 13 11 9 13 16 9 9 10 6 14 12 14 ' ,'0 0 0 0 0 0 0 0 0 0 0 0 0 0 0 0 ' ,18 ,0 ,0, 0
49 ,49, 27, '18 17 21 20 10 15 11 15 13 11 10 11 14 11 10 13 ' ,'0 0 0 0 0 0 0 0 0 0 0 0 0 0 0 0 ' ,13 ,0 ,0, 0
60 ,42, 35, '14 28 19 24 14 9 15 10 15 16 8 16 11 15 12 18 ' ,'0 0 0 0 0 0 0 0 0 0 0 0 0 0 0 0 ' ,22 ,0 ,0, 0
88 ,54, 62, '18 24 18 15 12 7 10 16 14 8 9 7 11 9 7 9 ' ,'0 0 0 0 0 0 0 0 0 0 0 0 0 0 0 0 ' ,45 ,29 ,0, 0
52 ,74, 29, '20 19 19 20 12 13 11 14 15 8 10 15 12 19 8 11 ' ,'0 0 0 0 0 0 0 0 0 0 0 0 0 0 0 0 ' ,13 ,0 ,0, 0
49 ,43, 30, '22 20 17 21 14 7 14 13 15 11 9 11 10 13 6 11 ' ,'0 0 0 0 0 0 0 0 0 0 0 0 0 0 0 0 ' ,16 ,1 ,0, 0
53 ,42, 33, '18 18 21 13 12 12 11 16 10 12 11 11 13 10 8 12 ' ,'0 0 0 0 0 0 0 0 0 0 0 0 0 0 0 0 ' ,10 ,0 ,1, 0
48 ,44, 27, '17 20 19 20 10 8 17 12 17 8 10 13 10 13 7 10 ' ,'0 0 0 0 0 0 0 0 0 0 0 0 0 0 0 0 ' ,15 ,0 ,0, 0
54 ,40, 30, '20 23 14 19 15 12 15 11 10 13 11 12 7 10 12 14 ' ,'0 0 0 0 0 0 0 0 0 0 0 0 0 0 0 0 ' ,14 ,0 ,0, 0
59 ,46, 33, '20 22 15 14 9 10 9 9 6 10 10 11 9 8 9 12 ' ,'0 0 0 0 0 0 0 0 0 0 0 0 0 0 0 0 ' ,23 ,1 ,0, 0
68 ,48, 42, '23 27 25 32 16 16 17 17 14 11 15 16 18 21 18 15 ' ,'0 0 0 0 0 0 0 0 0 0 0 0 0 0 0 0 ' ,23 ,1 ,1, 1
62 ,52, 31, '16 17 14 16 6 8 10 7 6 7 14 11 9 9 10 11 ' ,'0 0 0 0 0 0 0 0 0 0 0 0 0 0 0 0 ' ,18 ,1 ,0, 0
63 ,44, 32, '19 17 14 14 7 16 9 6 7 10 18 10 9 6 8 10 ' ,'0 0 0 0 0 0 0 0 0 0 0 0 0 0 0 0 ' ,18 ,0 ,1, 1
83 ,42, 55, '21 25 17 25 11 13 16 15 18 9 13 15 8 8 11 19 ' ,'0 0 0 0 0 0 0 0 0 0 0 0 0 0 0 0 ' ,45 ,27 ,0, 0
52 ,73, 27, '16 18 16 21 11 10 11 17 10 11 8 5 8 15 8 17 ' ,'0 0 0 0 0 0 0 0 0 0 0 0 0 0 0 0 ' ,14 ,1 ,0, 0
48 ,42, 29, '15 21 22 20 12 11 10 8 11 13 12 11 7 10 13 7 ' ,'0 0 0 0 0 0 0 0 0 0 0 0 0 0 0 0 ' ,19 ,0 ,0, 0
53 ,45, 33, '19 16 25 20 12 11 9 15 15 10 10 9 12 13 17 12 ' ,'0 0 0 0 0 0 0 0 0 0 0 0 0 0 0 0 ' ,18 ,1 ,0, 0
52 ,43, 28, '20 19 17 16 9 16 12 8 13 11 11 11 8 8 10 13 ' ,'0 0 0 0 0 0 0 0 0 0 0 0 0 0 0 0 ' ,14 ,0 ,1, 1
76 ,37, 55, '21 21 21 19 11 13 12 7 9 11 14 15 7 8 15 10 ' ,'0 0 0 0 0 0 0 0 0 0 0 0 0 0 0 0 ' ,42 ,25 ,0, 0
53 ,66, 28, '19 20 17 17 14 13 12 9 12 10 12 13 7 11 11 11 ' ,'0 0 0 0 0 0 0 0 0 0 0 0 0 0 0 0 ' ,13 ,1 ,1, 1
54 ,38, 31, '19 18 24 15 11 13 13 16 11 10 12 12 6 9 13 14 ' ,'0 0 0 0 0 0 0 0 0 0 0 0 0 0 0 0 ' ,16 ,1 ,0, 0
48 ,43, 33, '20 18 18 17 11 9 12 9 19 14 7 16 10 13 14 12 ' ,'0 0 0 0 0 0 0 0 0 0 0 0 0 0 0 0 ' ,18 ,0 ,0, 0
44 ,40, 29, '18 18 20 20 12 9 11 14 9 12 11 10 11 10 11 12 ' ,'0 0 0 0 0 0 0 0 0 0 0 0 0 0 0 0 ' ,13 ,0 ,0, 0
80 ,35, 57, '12 17 17 21 13 17 12 6 10 12 14 11 8 10 14 23 ' ,'0 0 0 0 0 0 0 0 0 0 0 0 0 0 0 0 ' ,45 ,27 ,0, 0
53 ,70, 38, '22 24 20 32 19 13 13 10 12 16 19 14 16 13 15 16 ' ,'0 0 0 0 0 0 0 0 0 0 0 0 0 0 0 0 ' ,22 ,0 ,0, 0
52 ,53, 28, '17 19 21 19 14 10 12 14 11 10 13 7 15 15 10 21 ' ,'0 0 0 0 0 0 0 0 0 0 0 0 0 0 0 0 ' ,13 ,1 ,0, 0
54 ,38, 31, '22 21 21 27 13 13 13 15 18 12 12 13 12 15 14 10 ' ,'0 0 0 0 0 0 0 0 0 0 0 0 0 0 0 0 ' ,16 ,0 ,0, 0
50 ,47, 29, '17 20 21 16 15 8 11 11 10 12 6 11 10 9 7 7 ' ,'0 0 0 0 0 0 0 0 0 0 0 0 0 0 0 0 ' ,17 ,0 ,0, 0
92 ,40, 66, '21 16 20 20 13 9 10 15 16 10 11 10 12 15 12 17 ' ,'0 0 0 0 0 0 0 0 0 0 0 0 0 0 0 0 ' ,49 ,35 ,0, 0
749 ,83, 32, '13 17 20 16 10 6 10 14 7 11 6 12 12 12 7 7 ' ,'0 0 0 0 0 0 0 0 0 0 0 0 0 0 0 0 ' ,23 ,0 ,0, 0
54 ,45, 32, '21 26 14 18 15 11 14 9 9 11 12 14 8 11 6 15 ' ,'0 0 0 0 0 0 0 0 0 0 0 0 0 0 0 0 ' ,18 ,0 ,0, 0
48 ,43, 29, '19 20 19 20 7 8 12 14 19 8 10 15 12 17 9 11 ' ,'0 0 0 0 0 0 0 0 0 0 0 0 0 0 0 0 ' ,13 ,1 ,0, 0
52 ,40, 27, '18 23 18 23 7 10 14 9 10 7 7 15 10 9 12 7 ' ,'0 0 0 0 0 0 0 0 0 0 0 0 0 0 0 0 ' ,16 ,1 ,0, 0
82 ,44, 62, '19 18 25 17 14 12 11 15 9 12 11 11 13 10 7 12 ' ,'0 0 0 0 0 0 0 0 0 0 0 0 0 0 0 0 ' ,48 ,33 ,0, 0
70 ,73, 37, '12 19 16 21 7 9 12 13 15 7 7 14 6 14 8 11 ' ,'0 0 0 0 0 0 0 0 0 0 0 0 0 0 0 0 ' ,30 ,1 ,0, 0
60 ,55, 29, '19 12 12 17 8 13 6 13 8 7 9 7 5 11 6 15 ' ,'0 0 0 0 0 0 0 0 0 0 0 0 0 0 0 0 ' ,17 ,0 ,0, 0
50 ,44, 29, '19 18 12 14 6 11 10 19 12 6 13 6 9 8 6 12 ' ,'0 0 0 0 0 0 0 0 0 0 0 0 0 0 0 0 ' ,13 ,0 ,0, 0
54 ,38, 32, '16 17 15 20 8 7 13 13 12 7 13 7 12 12 6 8 ' ,'0 0 0 0 0 0 0 0 0 0 0 0 0 0 0 0 ' ,15 ,0 ,0, 0
83 ,41, 60, '18 20 22 24 8 13 13 13 8 8 9 15 10 14 6 13 ' ,'0 0 0 0 0 0 0 0 0 0 0 0 0 0 0 0 ' ,47 ,23 ,0, 0
46 ,68, 30, '22 19 12 15 13 12 16 9 9 11 10 11 6 9 14 16 ' ,'0 0 0 0 0 0 0 0 0 0 0 0 0 0 0 0 ' ,15 ,1 ,0, 0
46 ,37, 27, '14 20 21 20 11 9 8 10 9 8 7 10 10 12 8 6 ' ,'0 0 0 0 0 0 0 0 0 0 0 0 0 0 0 0 ' ,12 ,0 ,0, 0
55 ,34, 35, '26 20 15 18 13 14 14 10 9 14 11 19 8 10 13 18 ' ,'0 0 0 0 0 0 0 0 0 0 0 0 0 0 0 0 ' ,20 ,1 ,1, 1
61 ,42, 38, '17 18 15 14 19 15 14 11 10 13 11 12 8 11 5 15 ' ,'0 0 0 0 0 0 0 0 0 0 0 0 0 0 0 0 ' ,20 ,1 ,0, 0
98 ,48, 75, '16 23 21 20 6 8 10 14 10 14 9 8 12 16 13 13 ' ,'0 0 0 0 0 0 0 0 0 0 0 0 0 0 0 0 ' ,60 ,44 ,0, 0
70 ,86, 44, '31 37 33 33 23 16 25 16 14 18 14 14 11 16 20 8 ' ,'0 0 0 0 0 0 0 0 0 0 0 0 0 0 0 0 ' ,31 ,0 ,1, 1
100 ,59, 72, '61 34 64 33 22 16 28 25 19 21 21 18 39 17 35 28 ' ,'0 0 0 0 0 0 0 0 0 0 0 0 0 0 0 0 ' ,49 ,1 ,1, 1
80 ,85, 57, '44 44 37 43 40 14 25 27 29 40 15 38 15 21 21 35 ' ,'0 0 0 0 0 0 0 0 0 0 0 0 0 0 0 0 ' ,37 ,1 ,0, 0
78 ,69, 55, '49 48 44 38 40 19 19 24 27 28 30 23 18 19 23 25 ' ,'0 0 0 0 0 0 0 0 0 0 0 0 0 0 0 0 ' ,32 ,0 ,0, 0
150 ,69, 127, '61 42 71 45 16 21 19 15 22 27 21 17 15 26 29 36 ' ,'0 0 0 0 0 0 0 0 0 0 0 0 0 0 0 0 ' ,108 ,50 ,1, 1
97 ,138, 73, '30 46 33 60 30 15 26 20 32 14 14 53 13 27 39 27 ' ,'0 0 0 0 0 0 0 0 0 0 0 0 0 0 0 0 ' ,53 ,1 ,0, 0
92 ,86, 65, '57 39 40 39 27 25 17 20 19 32 21 19 23 22 19 24 ' ,'0 0 0 0 0 0 0 0 0 0 0 0 0 0 0 0 ' ,43 ,1 ,0, 0
106 ,78, 84, '28 49 43 40 19 27 76 24 31 24 14 15 26 25 28 35 ' ,'0 0 0 0 0 0 0 0 0 0 0 0 0 0 0 0 ' ,65 ,1 ,0, 0
192 ,100, 57, '44 49 29 39 31 25 25 20 21 15 21 12 12 15 22 31 ' ,'0 0 0 0 0 0 0 0 0 0 0 0 0 0 0 0 ' ,40 ,1 ,0, 0
78 ,176, 49, '36 34 29 38 17 23 17 24 30 16 17 14 20 25 22 40 ' ,'0 0 0 0 0 0 0 0 0 0 0 0 0 0 0 0 ' ,29 ,1 ,0, 0
89 ,64, 67, '32 44 51 56 24 15 29 24 24 21 20 23 19 21 23 15 ' ,'0 0 0 0 0 0 0 0 0 0 0 0 0 0 0 0 ' ,48 ,1 ,0, 0
89 ,80, 69, '61 45 48 56 16 27 26 19 15 26 22 20 20 26 24 29 ' ,'0 0 0 0 0 0 0 0 0 0 0 0 0 0 0 0 ' ,47 ,0 ,1, 1
76 ,75, 59, '31 41 40 40 17 18 27 12 23 17 22 21 21 26 33 55 ' ,'0 0 0 0 0 0 0 0 0 0 0 0 0 0 0 0 ' ,43 ,1 ,0, 0
78 ,66, 63, '42 44 32 53 20 23 29 21 17 24 17 23 17 30 22 29 ' ,'0 0 0 0 0 0 0 0 0 0 0 0 0 0 0 0 ' ,38 ,1 ,0, 0
79 ,69, 65, '56 42 45 36 24 20 27 23 26 24 33 21 36 15 32 21 ' ,'0 0 0 0 0 0 0 0 0 0 0 0 0 0 0 0 ' ,40 ,0 ,0, 0
760 ,79, 79, '31 38 38 41 15 18 10 13 19 51 13 16 18 14 20 31 ' ,'0 0 0 0 0 0 0 0 0 0 0 0 0 0 0 0 ' ,63 ,1 ,1, 1
83 ,91, 56, '44 38 28 48 13 21 19 19 23 14 16 20 17 21 18 15 ' ,'0 0 0 0 0 0 0 0 0 0 0 0 0 0 0 0 ' ,39 ,1 ,1, 1
71 ,72, 45, '36 38 23 35 12 29 13 22 14 14 13 12 14 12 12 33 ' ,'0 0 0 0 0 0 0 0 0 0 0 0 0 0 0 0 ' ,27 ,1 ,0, 0
75 ,58, 52, '44 36 31 29 11 22 15 13 14 15 18 21 15 11 17 18 ' ,'0 0 0 0 0 0 0 0 0 0 0 0 0 0 0 0 ' ,35 ,0 ,0, 0
82 ,67, 55, '24 36 25 32 31 15 9 16 12 11 17 24 11 22 13 16 ' ,'0 0 0 0 0 0 0 0 0 0 0 0 0 0 0 0 ' ,39 ,1 ,0, 0
84 ,70, 63, '22 54 31 40 16 11 22 23 20 14 20 33 16 18 38 15 ' ,'0 0 0 0 0 0 0 0 0 0 0 0 0 0 0 0 ' ,44 ,1 ,0, 0
76 ,75, 53, '42 30 46 29 23 21 13 20 15 17 16 17 19 26 11 22 ' ,'0 0 0 0 0 0 0 0 0 0 0 0 0 0 0 0 ' ,34 ,1 ,0, 0
68 ,60, 45, '25 25 22 24 22 10 13 25 10 17 20 13 18 11 19 17 ' ,'0 0 0 0 0 0 0 0 0 0 0 0 0 0 0 0 ' ,25 ,0 ,0, 0
71 ,57, 50, '28 43 26 37 16 13 26 18 19 19 15 18 22 14 22 16 ' ,'0 0 0 0 0 0 0 0 0 0 0 0 0 0 0 0 ' ,32 ,1 ,0, 0
75 ,61, 50, '34 27 26 25 12 18 23 21 16 18 12 13 43 20 13 20 ' ,'0 0 0 0 0 0 0 0 0 0 0 0 0 0 0 0 ' ,34 ,1 ,0, 0
63 ,63, 43, '24 19 32 28 16 15 15 14 24 19 17 12 13 12 21 18 ' ,'0 0 0 0 0 0 0 0 0 0 0 0 0 0 0 0 ' ,24 ,1 ,0, 0
172 ,56, 152, '24 29 26 25 13 41 16 25 13 11 17 20 15 11 11 22 ' ,'0 0 0 0 0 0 0 0 0 0 0 0 0 0 0 0 ' ,134 ,1 ,0, 0
77 ,166, 61, '44 23 54 30 17 20 14 34 12 14 15 22 18 15 18 16 ' ,'0 0 0 0 0 0 0 0 0 0 0 0 0 0 0 0 ' ,43 ,0 ,1, 1
59 ,68, 37, '27 21 18 24 11 14 18 14 14 11 12 11 13 32 17 12 ' ,'0 0 0 0 0 0 0 0 0 0 0 0 0 0 0 0 ' ,21 ,1 ,0, 0
71 ,49, 47, '31 28 40 21 16 19 15 13 11 20 14 15 19 15 15 26 ' ,'0 0 0 0 0 0 0 0 0 0 0 0 0 0 0 0 ' ,31 ,1 ,0, 0
67 ,61, 44, '30 33 23 20 24 13 20 16 14 11 22 25 9 17 19 19 ' ,'0 0 0 0 0 0 0 0 0 0 0 0 0 0 0 0 ' ,25 ,0 ,1, 1
63 ,58, 40, '27 29 32 29 16 23 18 15 17 15 17 24 18 18 13 17 ' ,'0 0 0 0 0 0 0 0 0 0 0 0 0 0 0 0 ' ,18 ,0 ,1, 1
67 ,53, 46, '32 27 27 36 22 11 15 16 34 12 10 14 9 14 10 19 ' ,'0 0 0 0 0 0 0 0 0 0 0 0 0 0 0 0 ' ,26 ,0 ,0, 0
79 ,58, 58, '25 30 22 24 11 16 15 11 23 19 19 15 11 19 38 19 ' ,'0 0 0 0 0 0 0 0 0 0 0 0 0 0 0 0 ' ,42 ,1 ,0, 0
59 ,66, 39, '26 22 33 26 11 20 18 15 34 9 12 12 13 19 13 14 ' ,'0 0 0 0 0 0 0 0 0 0 0 0 0 0 0 0 ' ,22 ,1 ,0, 0
55 ,52, 34, '26 27 23 22 9 17 16 12 10 13 19 14 12 12 11 20 ' ,'0 0 0 0 0 0 0 0 0 0 0 0 0 0 0 0 ' ,18 ,1 ,1, 1
73 ,45, 45, '31 26 39 28 16 15 18 22 25 12 15 13 18 28 19 18 ' ,'0 0 0 0 0 0 0 0 0 0 0 0 0 0 0 0 ' ,25 ,1 ,0, 0
68 ,60, 44, '36 26 31 28 17 18 17 14 16 19 18 15 13 14 14 19 ' ,'0 0 0 0 0 0 0 0 0 0 0 0 0 0 0 0 ' ,25 ,1 ,1, 1
67 ,54, 50, '29 41 29 27 12 14 21 17 32 11 9 18 13 20 23 14 ' ,'0 0 0 0 0 0 0 0 0 0 0 0 0 0 0 0 ' ,33 ,1 ,1, 1
65 ,57, 48, '22 31 42 26 15 16 22 10 12 16 15 32 14 19 16 19 ' ,'0 0 0 0 0 0 0 0 0 0 0 0 0 0 0 0 ' ,33 ,1 ,0, 0
74 ,57, 59, '37 34 37 29 15 20 24 11 15 11 11 18 13 14 15 25 ' ,'0 0 0 0 0 0 0 0 0 0 0 0 0 0 0 0 ' ,41 ,0 ,0, 0
76 ,67, 54, '30 37 33 38 16 15 10 23 18 19 12 16 11 10 19 18 ' ,'0 0 0 0 0 0 0 0 0 0 0 0 0 0 0 0 ' ,35 ,1 ,0, 0
72 ,65, 49, '23 33 31 21 17 12 14 9 10 14 16 21 13 20 11 13 ' ,'0 0 0 0 0 0 0 0 0 0 0 0 0 0 0 0 ' ,33 ,1 ,1, 1
75 ,65, 51, '23 30 29 44 14 14 17 24 22 14 17 19 22 31 9 22 ' ,'0 0 0 0 0 0 0 0 0 0 0 0 0 0 0 0 ' ,28 ,1 ,0, 0
103 ,62, 83, '40 39 27 35 10 19 16 28 17 21 13 12 16 26 12 18 ' ,'0 0 0 0 0 0 0 208 0 0 0 0 348 0 0 0 ' ,63 ,1 ,0, 0
65 ,93, 45, '37 31 33 33 15 16 14 18 23 15 22 10 16 19 16 20 ' ,'0 0 0 0 0 0 0 0 0 0 0 0 0 0 0 0 ' ,29 ,1 ,0, 0
68 ,60, 43, '18 18 36 32 19 13 16 19 29 21 19 15 20 18 20 26 ' ,'0 0 0 0 0 0 0 0 0 0 0 0 0 0 0 0 ' ,23 ,0 ,0, 0
79 ,55, 47, '27 32 36 30 34 16 34 18 16 25 9 14 21 18 22 20 ' ,'0 0 0 0 0 0 0 0 0 0 0 0 0 0 0 0 ' ,36 ,0 ,0, 0
85 ,67, 50, '31 32 27 39 27 20 13 24 20 26 17 13 15 22 17 14 ' ,'0 0 0 0 0 0 0 0 0 0 0 0 0 0 0 0 ' ,33 ,1 ,0, 0
84 ,66, 59, '31 31 31 53 19 16 26 13 20 16 18 27 18 19 9 11 ' ,'0 0 0 0 0 0 0 0 0 0 0 0 0 0 0 0 ' ,45 ,0 ,0, 0
64 ,74, 46, '32 30 34 27 14 19 13 12 22 24 18 24 12 24 20 15 ' ,'0 0 0 0 0 0 0 0 0 0 0 0 0 0 0 0 ' ,27 ,0 ,0, 0
168 ,53, 145, '31 38 33 37 18 29 29 21 17 14 14 16 20 11 11 22 ' ,'0 0 0 0 0 0 0 0 0 0 0 0 0 0 0 0 ' ,129 ,101 ,0, 0
65 ,156, 43, '29 29 33 32 12 17 14 17 15 15 17 17 19 17 18 26 ' ,'0 0 0 0 0 0 0 0 0 0 0 0 0 0 0 0 ' ,21 ,1 ,1, 1
63 ,51, 44, '19 25 34 28 19 12 10 15 17 15 18 13 17 21 10 12 ' ,'0 0 0 0 0 0 0 0 0 0 0 0 0 0 0 0 ' ,27 ,1 ,0, 0
79 ,52, 57, '49 26 29 44 16 21 21 18 15 9 28 17 20 23 16 21 ' ,'0 0 0 0 0 0 0 0 0 0 0 0 0 0 0 0 ' ,36 ,1 ,0, 0
103 ,65, 83, '26 34 33 35 22 16 12 30 15 15 15 14 12 15 7 23 ' ,'0 0 0 0 128 0 0 0 0 0 0 0 0 0 0 0 ' ,65 ,1 ,0, 0
90 ,96, 46, '34 33 34 40 16 15 17 12 28 14 15 22 17 24 10 16 ' ,'0 0 0 0 0 0 0 0 0 0 0 0 0 0 0 0 ' ,30 ,0 ,0, 0
70 ,74, 50, '26 35 35 39 23 17 15 26 10 13 16 16 17 21 23 21 ' ,'0 0 0 0 0 0 0 0 0 0 0 0 0 0 0 0 ' ,31 ,1 ,0, 0
76 ,61, 53, '24 38 30 31 31 21 16 15 18 12 13 20 19 19 20 14 ' ,'0 0 0 0 0 0 0 0 0 0 0 0 0 0 0 0 ' ,35 ,0 ,0, 0
66 ,67, 46, '32 37 40 34 14 19 15 14 21 13 18 18 13 18 15 21 ' ,'0 0 0 0 0 0 0 0 0 0 0 0 0 0 0 0 ' ,27 ,0 ,0, 0
62 ,59, 43, '24 33 26 32 11 15 19 16 17 21 25 16 13 24 16 32 ' ,'0 0 0 0 0 0 0 0 0 0 0 0 0 0 0 0 ' ,23 ,1 ,0, 0
64 ,57, 40, '30 26 21 28 19 23 24 13 15 22 18 18 15 31 18 22 ' ,'0 0 0 0 0 0 0 0 0 0 0 0 0 0 0 0 ' ,22 ,1 ,0, 0
74 ,54, 53, '40 45 29 34 13 33 24 16 12 15 25 17 12 16 18 25 ' ,'0 0 0 0 0 0 0 0 0 0 0 0 0 0 0 0 ' ,35 ,0 ,1, 1
66 ,67, 48, '27 36 37 43 19 14 15 24 21 12 16 12 14 26 18 21 ' ,'0 0 0 0 0 0 0 0 0 0 0 0 0 0 0 0 ' ,30 ,0 ,0, 0
63 ,57, 40, '18 24 32 22 11 17 13 17 11 13 15 16 20 18 13 25 ' ,'0 0 0 0 0 0 0 0 0 0 0 0 0 0 0 0 ' ,25 ,1 ,0, 0
71 ,49, 47, '24 20 22 22 10 19 11 18 18 10 13 16 13 24 13 15 ' ,'0 0 0 0 0 0 0 0 0 0 0 0 0 0 0 0 ' ,32 ,1 ,0, 0
86 ,62, 61, '26 34 31 58 12 18 15 25 14 18 17 15 30 9 19 12 ' ,'0 0 0 0 0 0 0 0 0 0 0 0 0 0 0 0 ' ,49 ,1 ,0, 0
63 ,77, 47, '36 29 29 31 13 17 13 25 27 23 29 29 17 21 15 26 ' ,'0 0 0 0 0 0 0 0 0 0 0 0 0 0 0 0 ' ,28 ,1 ,0, 0
70 ,56, 57, '24 34 33 50 14 16 15 11 16 14 13 15 19 23 13 20 ' ,'0 0 0 0 0 0 0 0 0 0 0 0 0 0 0 0 ' ,38 ,0 ,0, 0
64 ,66, 49, '35 30 34 42 17 11 11 18 21 18 16 9 17 27 20 15 ' ,'0 0 0 0 0 0 0 0 0 0 0 0 0 0 0 0 ' ,34 ,1 ,0, 0
68 ,60, 47, '22 39 37 38 15 13 16 19 23 14 20 10 12 16 15 12 ' ,'0 0 0 0 0 0 0 0 0 0 0 0 0 0 0 0 ' ,30 ,1 ,1, 0
58 ,56, 39, '29 25 22 27 18 10 13 22 18 9 22 16 11 23 25 11 ' ,'0 0 0 0 0 0 0 0 0 0 0 0 0 0 0 0 ' ,26 ,1 ,0, 0
72 ,51, 54, '32 46 32 25 14 14 17 11 14 20 12 16 11 15 13 19 ' ,'0 0 0 0 0 0 0 0 0 0 0 0 0 0 0 0 ' ,37 ,1 ,0, 0
62 ,62, 42, '30 22 24 35 14 19 14 18 25 9 18 21 12 26 13 16 ' ,'0 0 0 0 0 0 0 0 0 0 0 0 0 0 0 0 ' ,23 ,0 ,0, 0
66 ,53, 42, '23 34 29 28 11 11 18 13 15 13 18 23 15 26 26 23 ' ,'0 0 0 0 0 0 0 0 0 0 0 0 0 0 0 0 ' ,21 ,1 ,0, 0
74 ,53, 44, '31 36 32 38 19 19 19 23 19 9 16 13 17 18 25 23 ' ,'0 0 0 0 0 0 0 0 0 0 0 0 0 0 0 0 ' ,25 ,1 ,0, 0
75 ,59, 55, '25 48 27 34 29 24 36 15 16 7 14 19 24 23 13 19 ' ,'0 0 0 0 0 0 0 0 0 0 0 0 0 0 0 0 ' ,36 ,1 ,0, 0
79 ,67, 54, '23 29 39 32 18 14 16 20 9 28 19 15 23 21 24 17 ' ,'0 0 0 0 0 0 0 0 0 0 0 0 0 0 0 0 ' ,39 ,1 ,0, 0
73 ,65, 54, '33 45 33 34 15 10 16 21 23 21 22 10 24 18 21 27 ' ,'0 0 0 0 0 0 0 0 0 0 0 0 0 0 0 0 ' ,39 ,0 ,1, 1
74 ,68, 43, '30 31 34 29 21 16 22 17 11 16 16 11 14 20 23 24 ' ,'0 0 0 0 0 0 0 0 0 0 0 0 0 0 0 0 ' ,25 ,1 ,1, 1
73 ,59, 49, '31 30 37 41 13 10 12 16 28 11 25 16 12 39 24 19 ' ,'0 0 0 0 0 0 0 0 0 0 0 0 0 0 0 0 ' ,33 ,0 ,1, 1
84 ,61, 59, '48 36 52 31 16 21 12 23 24 19 19 21 20 30 23 15 ' ,'0 0 0 0 0 0 0 0 0 0 0 0 0 0 0 0 ' ,42 ,1 ,0, 0
78 ,71, 53, '25 30 31 41 9 22 17 20 12 18 23 23 18 21 25 21 ' ,'0 0 0 0 0 0 0 0 0 0 0 0 0 0 0 0 ' ,31 ,1 ,1, 1
77 ,68, 60, '54 36 34 35 15 9 23 19 38 18 12 12 18 27 21 16 ' ,'0 0 0 0 0 0 0 0 0 0 0 0 0 0 0 0 ' ,41 ,1 ,0, 0
74 ,69, 60, '36 52 30 48 19 12 20 40 10 22 10 27 20 26 19 20 ' ,'0 0 0 0 0 0 0 0 0 0 0 0 0 0 0 0 ' ,43 ,0 ,0, 0
64 ,65, 47, '26 39 32 32 17 22 17 16 35 23 21 15 18 18 23 18 ' ,'0 0 0 0 0 0 0 0 0 0 0 0 0 0 0 0 ' ,27 ,1 ,1, 1
78 ,55, 45, '27 36 37 28 20 19 22 13 26 19 30 13 15 25 12 29 ' ,'0 0 0 0 0 0 0 0 0 0 0 0 0 0 0 0 ' ,26 ,1 ,0, 0
64 ,54, 48, '39 30 28 30 15 36 18 25 17 18 19 32 15 16 23 18 ' ,'0 0 0 0 0 0 0 0 0 0 0 0 0 0 0 0 ' ,26 ,1 ,0, 0
83 ,57, 60, '35 35 27 44 44 31 18 19 26 17 12 18 20 41 25 12 ' ,'0 0 0 0 0 0 0 0 0 0 0 0 0 0 0 0 ' ,43 ,0 ,0, 0
84 ,74, 62, '35 27 31 30 24 16 24 20 17 40 13 17 27 18 15 21 ' ,'0 0 0 0 0 0 0 0 0 0 0 0 0 0 0 0 ' ,41 ,0 ,0, 0
83 ,75, 62, '33 33 39 50 11 48 21 21 15 13 18 7 21 38 20 19 ' ,'0 0 0 0 0 0 0 0 0 0 0 0 0 0 0 0 ' ,43 ,1 ,1, 1
116 ,76, 90, '46 33 30 44 15 20 19 32 29 21 19 17 17 24 27 32 ' ,'0 0 0 0 0 0 0 0 0 0 0 0 0 0 0 0 ' ,66 ,1 ,1, 1
90 ,102, 59, '34 39 37 31 15 31 17 26 20 15 19 14 16 16 17 14 ' ,'0 0 0 0 0 0 0 0 0 0 0 0 0 0 0 0 ' ,40 ,1 ,1, 1
72 ,75, 54, '28 40 27 37 28 16 27 18 23 25 15 15 16 30 14 22 ' ,'0 0 0 0 0 0 0 0 0 0 0 0 0 0 0 0 ' ,35 ,1 ,1, 1
72 ,71, 49, '29 36 24 41 22 16 15 31 31 17 20 19 24 26 21 19 ' ,'0 0 0 0 0 0 0 0 0 0 0 0 0 0 0 0 ' ,29 ,1 ,0, 0
91 ,64, 61, '40 53 41 28 22 30 17 12 13 11 30 23 17 26 27 23 ' ,'0 0 0 0 0 0 0 0 0 0 0 0 0 0 0 0 ' ,45 ,1 ,1, 1
69 ,85, 46, '37 26 28 25 29 27 28 28 24 23 19 20 25 13 19 25 ' ,'0 0 0 0 0 0 0 0 0 0 0 0 0 0 0 0 ' ,28 ,1 ,0, 0
65 ,61, 46, '29 39 31 36 18 32 31 13 20 20 12 9 16 29 22 24 ' ,'0 0 0 0 0 0 0 0 0 0 0 0 0 0 0 0 ' ,29 ,0 ,0, 0
86 ,59, 67, '23 31 28 59 21 29 27 25 31 30 27 35 33 21 19 21 ' ,'0 0 0 0 0 0 0 0 0 0 0 0 0 0 0 0 ' ,43 ,1 ,0, 0
86 ,77, 63, '19 34 35 34 43 36 19 18 20 11 17 17 24 25 11 19 ' ,'0 0 0 0 0 0 0 0 0 0 0 0 0 0 0 0 ' ,42 ,1 ,0, 0
102 ,72, 79, '33 21 19 22 17 14 15 25 23 18 13 26 14 18 16 13 ' ,'0 0 0 0 0 0 0 0 0 0 0 0 0 0 0 0 ' ,62 ,39 ,0, 0
64 ,95, 40, '28 32 28 27 20 29 24 12 19 12 27 28 18 12 17 21 ' ,'0 0 0 0 0 0 0 0 0 0 0 0 0 0 0 0 ' ,24 ,1 ,0, 0
98 ,52, 71, '30 36 26 57 49 23 39 24 28 15 30 18 23 36 14 26 ' ,'0 0 0 0 0 0 0 0 0 0 0 0 0 0 0 0 ' ,44 ,1 ,0, 0
79 ,86, 58, '47 45 24 35 21 22 18 22 48 18 21 16 12 13 16 21 ' ,'0 0 0 0 0 0 0 0 0 0 0 0 0 0 0 0 ' ,40 ,0 ,0, 0
66 ,69, 51, '44 34 27 34 15 43 23 24 28 17 18 24 27 23 23 20 ' ,'0 0 0 0 0 0 0 0 0 0 0 0 0 0 0 0 ' ,31 ,0 ,0, 0
104 ,57, 89, '39 28 33 38 31 27 20 16 10 18 22 18 17 26 22 17 ' ,'0 0 0 0 0 0 0 0 0 0 0 0 0 0 0 0 ' ,71 ,41 ,1, 1
80 ,96, 65, '29 57 35 37 30 19 42 25 28 15 22 25 24 31 42 28 ' ,'0 0 0 0 0 0 0 0 0 0 0 0 0 0 0 0 ' ,39 ,1 ,1, 1
135 ,73, 117, '33 49 38 37 11 22 18 12 11 27 24 23 20 14 39 22 ' ,'0 0 0 0 0 0 0 0 0 0 0 0 0 0 141 0 ' ,101 ,1 ,0, 0
76 ,132, 50, '37 43 40 30 19 19 19 27 22 9 12 24 15 16 22 11 ' ,'0 0 0 0 0 0 0 0 0 0 0 0 0 0 0 0 ' ,35 ,1 ,0, 0
82 ,63, 60, '52 40 29 34 42 18 19 17 15 17 18 22 20 19 33 18 ' ,'0 0 0 0 0 0 0 0 0 0 0 0 0 0 0 0 ' ,41 ,1 ,1, 1
99 ,73, 77, '40 31 33 46 13 18 13 16 27 20 20 24 17 21 20 20 ' ,'0 0 0 0 0 0 0 0 0 0 0 0 0 0 0 0 ' ,58 ,25 ,0, 0
65 ,89, 41, '34 28 30 33 21 26 12 32 17 21 24 20 13 15 26 30 ' ,'0 0 0 0 0 0 0 0 0 0 0 0 0 0 0 0 ' ,23 ,1 ,0, 0
