256 ,0, 159, '113 101 96 87 109 91 66 65 ' ,'0 0 0 0 0 0 0 0 ' ,52 ,10 ,2, 2
934 ,189, 907, '86 100 99 245 87 91 90 107 ' ,'0 0 0 0 0 0 0 0 ' ,811 ,0 ,2, 2
737 ,921, 714, '24 22 21 17 20 13 17 14 ' ,'0 0 0 0 0 0 0 0 ' ,421 ,1 ,2, 2
63 ,723, 38, '22 26 22 22 12 15 20 18 ' ,'0 0 0 0 0 0 0 0 ' ,16 ,0 ,1, 1
59 ,947, 38, '20 17 18 16 11 13 12 10 ' ,'0 0 0 0 0 0 0 0 ' ,16 ,1 ,0, 0
1527 ,48, 37, '23 21 19 23 13 17 16 13 ' ,'0 0 0 0 0 0 0 0 ' ,18 ,0 ,1, 1
98 ,52, 73, '26 28 19 21 13 20 19 15 ' ,'0 0 0 0 0 0 0 0 ' ,51 ,30 ,1, 1
70 ,86, 37, '15 19 22 17 10 11 15 17 ' ,'0 0 0 0 0 0 0 0 ' ,18 ,1 ,2, 2
57 ,54, 34, '23 22 20 24 10 18 17 12 ' ,'0 0 0 0 0 0 0 0 ' ,13 ,1 ,1, 1
53 ,48, 26, '17 16 21 21 14 15 11 16 ' ,'0 0 0 0 0 0 0 0 ' ,16 ,1 ,0, 0
56 ,45, 36, '24 26 19 21 17 19 17 13 ' ,'0 0 0 0 0 0 0 0 ' ,14 ,1 ,2, 2
94 ,45, 65, '21 19 23 23 14 16 14 18 ' ,'0 0 0 0 0 0 0 0 ' ,45 ,27 ,0, 0
58 ,82, 35, '22 19 23 25 15 17 14 17 ' ,'0 0 0 0 0 0 0 0 ' ,11 ,0 ,1, 1
57 ,50, 34, '24 21 23 17 11 16 16 18 ' ,'0 0 0 0 0 0 0 0 ' ,11 ,1 ,1, 1
57 ,46, 31, '18 19 20 22 15 18 14 20 ' ,'0 0 0 0 0 0 0 0 ' ,13 ,1 ,0, 0
68 ,48, 45, '26 25 26 33 14 17 17 20 ' ,'0 0 0 0 0 0 0 0 ' ,20 ,1 ,1, 1
76 ,52, 54, '16 22 18 15 11 11 18 13 ' ,'0 0 0 0 0 0 0 0 ' ,36 ,23 ,1, 1
62 ,62, 40, '21 19 25 30 16 17 12 19 ' ,'0 0 0 0 0 0 0 0 ' ,22 ,1 ,1, 1
55 ,52, 31, '18 15 22 16 12 14 11 17 ' ,'0 0 0 0 0 0 0 0 ' ,12 ,1 ,1, 1
58 ,42, 35, '19 25 22 22 15 15 20 16 ' ,'0 0 0 0 0 0 0 0 ' ,12 ,2 ,0, 0
57 ,47, 32, '18 20 22 19 13 15 14 12 ' ,'0 0 0 0 0 0 0 0 ' ,14 ,1 ,0, 0
90 ,48, 68, '23 28 25 28 17 18 21 19 ' ,'0 0 0 0 0 0 0 0 ' ,43 ,29 ,0, 0
62 ,79, 36, '21 21 24 27 19 19 16 19 ' ,'0 0 0 0 0 0 0 0 ' ,15 ,2 ,0, 0
64 ,50, 40, '24 24 27 29 20 20 19 15 ' ,'0 0 0 0 0 0 0 0 ' ,18 ,2 ,0, 0
67 ,55, 41, '23 26 29 18 13 18 19 14 ' ,'0 0 0 0 0 0 0 0 ' ,19 ,1 ,0, 0
67 ,57, 41, '29 26 26 18 24 18 21 20 ' ,'0 0 0 0 0 0 0 0 ' ,12 ,1 ,1, 1
92 ,52, 67, '22 25 32 16 16 13 12 12 ' ,'0 0 0 0 0 0 0 0 ' ,49 ,24 ,1, 1
54 ,77, 34, '23 21 22 19 15 14 16 12 ' ,'0 0 0 0 0 0 0 0 ' ,11 ,1 ,0, 0
63 ,49, 47, '29 27 33 34 14 21 20 14 ' ,'0 0 0 0 0 0 0 0 ' ,26 ,2 ,0, 0
55 ,59, 39, '18 19 21 27 11 14 14 17 ' ,'0 0 0 0 0 0 0 0 ' ,21 ,4 ,1, 1
47 ,62, 32, '23 21 18 19 19 17 16 12 ' ,'0 0 0 0 0 0 0 0 ' ,12 ,0 ,0, 0
95 ,37, 70, '25 23 25 20 19 18 17 20 ' ,'0 0 0 0 0 0 0 0 ' ,46 ,37 ,0, 0
63 ,81, 37, '29 27 22 27 16 23 19 17 ' ,'0 0 0 0 0 0 0 0 ' ,15 ,1 ,0, 0
60 ,49, 37, '21 26 19 19 17 25 18 15 ' ,'0 0 0 0 0 0 0 0 ' ,16 ,1 ,0, 0
54 ,50, 29, '22 22 19 21 18 19 17 14 ' ,'0 0 0 0 0 0 0 0 ' ,11 ,1 ,0, 0
53 ,37, 32, '20 21 17 17 14 15 14 11 ' ,'0 0 0 0 0 0 0 0 ' ,13 ,1 ,0, 0
149 ,39, 71, '25 21 23 22 22 17 16 18 ' ,'0 0 0 0 0 0 0 0 ' ,48 ,36 ,1, 0
55 ,137, 34, '25 23 23 19 16 16 15 18 ' ,'0 0 0 0 0 0 0 0 ' ,11 ,1 ,0, 0
56 ,46, 31, '22 22 17 20 15 18 15 10 ' ,'0 0 0 0 0 0 0 0 ' ,12 ,1 ,0, 0
69 ,48, 43, '21 17 26 34 14 16 11 17 ' ,'0 0 0 0 0 0 0 0 ' ,25 ,1 ,1, 1
55 ,54, 33, '24 22 20 20 17 19 17 14 ' ,'0 0 0 0 0 0 0 0 ' ,13 ,1 ,0, 0
58 ,43, 33, '20 26 21 24 12 16 15 13 ' ,'0 0 0 0 0 0 0 0 ' ,12 ,1 ,0, 0
52 ,45, 32, '18 15 24 20 12 10 10 12 ' ,'0 0 0 0 0 0 0 0 ' ,16 ,1 ,1, 1
53 ,43, 30, '17 17 23 20 13 13 13 15 ' ,'0 0 0 0 0 0 0 0 ' ,12 ,1 ,0, 0
48 ,43, 32, '20 18 19 24 15 14 13 16 ' ,'0 0 0 0 0 0 0 0 ' ,12 ,0 ,1, 1
45 ,39, 27, '19 19 16 17 16 16 16 11 ' ,'0 0 0 0 0 0 0 0 ' ,10 ,1 ,1, 1
48 ,36, 32, '16 26 20 19 20 27 13 16 ' ,'0 0 0 0 0 0 0 0 ' ,13 ,1 ,0, 0
48 ,40, 31, '25 18 19 19 17 19 13 13 ' ,'0 0 0 0 0 0 0 0 ' ,12 ,1 ,0, 0
48 ,36, 35, '23 22 24 21 17 17 14 19 ' ,'0 0 0 0 0 0 0 0 ' ,13 ,0 ,1, 1
50 ,47, 31, '24 25 18 21 13 18 12 12 ' ,'0 0 0 0 0 0 0 0 ' ,9 ,0 ,0, 0
54 ,47, 32, '20 20 13 13 10 17 17 17 ' ,'0 0 0 0 0 0 0 0 ' ,14 ,4 ,0, 0
63 ,45, 43, '23 20 23 17 22 12 17 16 ' ,'0 0 0 0 0 0 0 0 ' ,16 ,1 ,0, 0
63 ,52, 37, '21 21 26 16 11 15 14 12 ' ,'0 0 0 0 0 0 0 0 ' ,17 ,1 ,0, 0
57 ,47, 34, '16 20 25 20 18 13 18 13 ' ,'0 0 0 0 0 0 0 0 ' ,17 ,1 ,0, 0
51 ,45, 30, '16 21 21 20 15 12 13 13 ' ,'0 0 0 0 0 0 0 0 ' ,14 ,1 ,1, 1
52 ,44, 29, '17 17 21 22 12 14 10 16 ' ,'0 0 0 0 0 0 0 0 ' ,14 ,1 ,0, 0
54 ,38, 33, '27 19 19 19 18 14 11 14 ' ,'0 0 0 0 0 0 0 0 ' ,16 ,1 ,1, 1
46 ,41, 30, '18 20 22 24 13 15 13 15 ' ,'0 0 0 0 0 0 0 0 ' ,12 ,1 ,1, 1
46 ,37, 26, '20 21 18 20 17 15 16 11 ' ,'0 0 0 0 0 0 0 0 ' ,8 ,1 ,0, 0
45 ,38, 30, '23 19 22 22 14 18 14 16 ' ,'0 0 0 0 0 0 0 0 ' ,12 ,1 ,0, 0
45 ,36, 30, '21 19 17 18 16 16 16 12 ' ,'0 0 0 0 0 0 0 0 ' ,11 ,0 ,0, 0
57 ,36, 32, '21 25 18 22 16 17 16 13 ' ,'0 0 0 0 0 0 0 0 ' ,14 ,1 ,0, 0
47 ,45, 25, '18 18 15 18 13 15 14 10 ' ,'0 0 0 0 0 0 0 0 ' ,9 ,0 ,0, 0
51 ,34, 29, '15 22 21 23 11 24 14 17 ' ,'0 0 0 0 0 0 0 0 ' ,12 ,1 ,1, 1
46 ,41, 25, '19 19 15 17 14 15 14 14 ' ,'0 0 0 0 0 0 0 0 ' ,5 ,0 ,0, 0
52 ,34, 30, '21 20 22 23 12 14 13 15 ' ,'0 0 0 0 0 0 0 0 ' ,11 ,1 ,0, 0
86 ,44, 27, '18 21 22 22 10 19 18 11 ' ,'0 0 0 0 0 0 0 0 ' ,40 ,1 ,0, 0
54 ,77, 30, '24 23 22 18 11 16 15 18 ' ,'0 0 0 0 0 0 0 0 ' ,9 ,0 ,0, 0
54 ,41, 30, '16 16 18 25 15 13 12 14 ' ,'0 0 0 0 0 0 0 0 ' ,15 ,1 ,0, 0
56 ,44, 31, '22 20 15 24 21 16 14 18 ' ,'0 0 0 0 0 0 0 0 ' ,13 ,1 ,0, 0
55 ,42, 25, '15 14 25 18 10 12 10 14 ' ,'0 0 0 0 0 0 0 0 ' ,15 ,1 ,0, 0
56 ,44, 33, '24 23 20 25 11 17 19 13 ' ,'0 0 0 0 0 0 0 0 ' ,15 ,1 ,0, 0
49 ,47, 28, '17 21 20 14 13 13 8 15 ' ,'0 0 0 0 0 0 0 0 ' ,14 ,1 ,0, 0
61 ,40, 41, '18 20 35 23 14 12 14 22 ' ,'0 0 0 0 0 0 0 0 ' ,22 ,0 ,0, 0
64 ,58, 38, '27 21 25 28 12 19 15 12 ' ,'0 0 0 0 0 0 0 0 ' ,17 ,1 ,0, 0
62 ,55, 40, '20 18 24 25 12 15 23 12 ' ,'0 0 0 0 0 0 0 0 ' ,22 ,1 ,0, 0
55 ,52, 31, '21 21 16 20 10 17 15 10 ' ,'0 0 0 0 0 0 0 0 ' ,11 ,0 ,0, 0
58 ,45, 34, '19 16 19 13 10 12 17 10 ' ,'0 0 0 0 0 0 0 0 ' ,18 ,0 ,0, 0
62 ,48, 32, '23 23 17 23 12 18 17 11 ' ,'0 0 0 0 0 0 0 0 ' ,13 ,0 ,1, 1
55 ,47, 31, '18 18 25 18 10 16 13 16 ' ,'0 0 0 0 0 0 0 0 ' ,15 ,1 ,0, 0
59 ,43, 36, '19 27 20 25 17 14 21 15 ' ,'0 0 0 0 0 0 0 0 ' ,16 ,1 ,1, 1
51 ,47, 30, '21 22 17 20 10 17 17 12 ' ,'0 0 0 0 0 0 0 0 ' ,12 ,1 ,1, 1
53 ,44, 32, '18 17 21 22 10 14 12 15 ' ,'0 0 0 0 0 0 0 0 ' ,11 ,1 ,0, 0
68 ,43, 29, '19 19 17 22 14 17 14 12 ' ,'0 0 0 0 0 0 0 0 ' ,13 ,0 ,1, 1
48 ,49, 32, '16 25 15 19 11 11 16 13 ' ,'0 0 0 0 0 0 0 0 ' ,17 ,1 ,0, 0
48 ,39, 30, '21 23 16 21 15 14 13 10 ' ,'0 0 0 0 0 0 0 0 ' ,15 ,1 ,0, 0
59 ,38, 32, '22 15 18 19 19 17 10 14 ' ,'0 0 0 0 0 0 0 0 ' ,16 ,1 ,1, 1
48 ,47, 30, '15 20 22 20 10 10 14 18 ' ,'0 0 0 0 0 0 0 0 ' ,12 ,1 ,0, 0
50 ,39, 32, '16 18 16 23 18 14 13 10 ' ,'0 0 0 0 0 0 0 0 ' ,17 ,1 ,0, 0
58 ,44, 32, '17 17 19 27 13 12 12 16 ' ,'0 0 0 0 0 0 0 0 ' ,16 ,1 ,0, 0
59 ,45, 35, '29 23 20 27 11 13 18 14 ' ,'0 0 0 0 0 0 0 0 ' ,18 ,1 ,0, 0
56 ,45, 33, '23 24 24 20 12 18 19 13 ' ,'0 0 0 0 0 0 0 0 ' ,15 ,3 ,0, 0
77 ,48, 49, '20 20 24 32 12 15 14 17 ' ,'0 0 0 0 0 0 0 0 ' ,30 ,11 ,1, 1
49 ,62, 26, '19 14 16 17 8 16 10 12 ' ,'0 0 0 0 0 0 0 0 ' ,10 ,0 ,0, 0
56 ,38, 32, '19 21 22 26 11 16 13 17 ' ,'0 0 0 0 0 0 0 0 ' ,13 ,0 ,0, 0
255 ,46, 28, '20 22 17 20 11 18 17 14 ' ,'0 0 0 0 0 0 0 0 ' ,11 ,1 ,0, 0
52 ,42, 32, '19 19 19 16 17 15 14 11 ' ,'0 0 0 0 0 0 0 0 ' ,15 ,0 ,0, 0
47 ,42, 29, '20 18 23 16 10 15 14 16 ' ,'0 0 0 0 0 0 0 0 ' ,9 ,0 ,0, 0
68 ,36, 40, '21 22 18 21 11 14 12 21 ' ,'0 0 0 0 0 0 0 0 ' ,19 ,0 ,0, 0
48 ,57, 31, '19 25 14 13 12 17 14 17 ' ,'0 0 0 0 0 0 0 0 ' ,15 ,1 ,0, 0
46 ,42, 31, '18 18 14 14 14 13 12 9 ' ,'0 0 0 0 0 0 0 0 ' ,13 ,0 ,0, 0
59 ,41, 39, '17 27 22 17 12 15 20 11 ' ,'0 0 0 0 0 0 0 0 ' ,19 ,0 ,0, 0
63 ,50, 38, '13 19 23 19 9 11 15 12 ' ,'0 0 0 0 0 0 0 0 ' ,24 ,1 ,1, 1
57 ,51, 29, '21 19 17 19 10 15 15 12 ' ,'0 0 0 0 0 0 0 0 ' ,16 ,1 ,1, 1
59 ,46, 30, '20 17 19 28 15 20 12 14 ' ,'0 0 0 0 0 0 0 0 ' ,18 ,1 ,0, 0
65 ,47, 35, '27 23 20 23 17 17 17 14 ' ,'0 0 0 0 0 0 0 0 ' ,14 ,1 ,0, 0
110 ,48, 86, '17 22 19 16 10 14 8 16 ' ,'0 0 0 0 0 0 0 0 ' ,70 ,1 ,0, 0
52 ,95, 30, '16 19 18 21 11 12 13 14 ' ,'0 0 0 0 0 0 0 0 ' ,12 ,1 ,1, 1
52 ,41, 31, '23 16 17 18 18 17 11 13 ' ,'0 0 0 0 0 0 0 0 ' ,13 ,0 ,0, 0
55 ,46, 27, '19 20 23 23 11 15 14 17 ' ,'0 0 0 0 0 0 0 0 ' ,14 ,0 ,1, 1
53 ,45, 29, '20 20 17 17 19 17 15 12 ' ,'0 0 0 0 0 0 0 0 ' ,12 ,1 ,0, 0
51 ,39, 28, '16 18 19 23 9 12 11 14 ' ,'0 0 0 0 0 0 0 0 ' ,11 ,1 ,0, 0
54 ,40, 29, '17 17 20 22 10 12 11 15 ' ,'0 0 0 0 0 0 0 0 ' ,12 ,1 ,1, 1
65 ,50, 36, '20 21 29 18 18 16 17 18 ' ,'0 0 0 0 0 0 0 0 ' ,16 ,1 ,1, 1
58 ,48, 30, '22 15 17 19 20 17 10 13 ' ,'0 0 0 0 0 0 0 0 ' ,13 ,0 ,1, 1
57 ,42, 33, '22 21 20 20 16 16 15 14 ' ,'0 0 0 0 0 0 0 0 ' ,14 ,1 ,0, 0
55 ,47, 33, '16 20 23 18 16 13 21 18 ' ,'0 0 0 0 0 0 0 0 ' ,17 ,1 ,0, 0
55 ,41, 32, '18 25 21 23 13 14 20 16 ' ,'0 0 0 0 0 0 0 0 ' ,14 ,1 ,1, 1
43 ,40, 27, '18 21 18 22 8 12 11 13 ' ,'0 0 0 0 0 0 0 0 ' ,14 ,1 ,0, 0
44 ,34, 28, '19 19 15 16 15 15 14 11 ' ,'0 0 0 0 0 0 0 0 ' ,12 ,1 ,0, 0
64 ,35, 40, '21 22 16 17 16 16 17 11 ' ,'0 0 0 0 0 0 0 0 ' ,21 ,0 ,1, 1
54 ,54, 33, '25 17 19 19 13 17 12 15 ' ,'0 0 0 0 0 0 0 0 ' ,14 ,1 ,0, 0
61 ,41, 38, '22 22 17 19 17 16 16 13 ' ,'0 0 0 0 0 0 0 0 ' ,20 ,1 ,1, 1
61 ,52, 41, '24 24 19 18 13 21 19 13 ' ,'0 0 0 0 0 0 0 0 ' ,18 ,0 ,0, 0
59 ,53, 31, '23 21 15 21 11 15 16 9 ' ,'0 0 0 0 0 0 0 0 ' ,10 ,1 ,0, 0
86 ,41, 61, '41 42 48 37 20 32 32 20 ' ,'0 0 0 0 0 0 0 0 ' ,28 ,1 ,0, 0
1553 ,76, 61, '40 39 44 37 27 32 39 20 ' ,'0 0 0 0 0 0 0 0 ' ,27 ,1 ,0, 0
66 ,75, 50, '42 39 41 39 25 26 29 18 ' ,'0 0 0 0 0 0 0 0 ' ,26 ,1 ,0, 0
223 ,58, 208, '192 124 201 127 98 118 114 113 ' ,'0 0 0 0 0 0 0 0 ' ,105 ,1 ,0, 0
195 ,214, 170, '36 34 37 44 30 28 52 22 ' ,'0 0 0 0 0 0 0 0 ' ,141 ,1 ,0, 0
91 ,183, 67, '35 61 39 55 32 31 34 28 ' ,'0 0 0 0 0 0 0 0 ' ,34 ,0 ,0, 0
219 ,80, 195, '38 187 45 47 37 36 32 34 ' ,'0 131 0 0 0 0 0 0 ' ,157 ,1 ,1, 1
72 ,207, 49, '36 39 34 35 31 31 36 25 ' ,'0 0 0 0 0 0 0 0 ' ,19 ,1 ,1, 1
77 ,61, 52, '27 34 40 41 35 26 20 36 ' ,'0 0 0 0 0 0 0 0 ' ,25 ,1 ,0, 0
76 ,62, 54, '46 37 41 36 35 28 33 31 ' ,'0 0 0 0 0 0 0 0 ' ,17 ,1 ,0, 0
85 ,65, 57, '39 40 33 31 39 32 25 26 ' ,'0 0 0 0 0 0 0 0 ' ,25 ,1 ,1, 1
86 ,70, 63, '56 37 47 37 30 27 49 22 ' ,'0 0 0 0 0 0 0 0 ' ,33 ,1 ,0, 0
111 ,75, 88, '46 79 42 46 48 38 26 34 ' ,'0 0 0 0 0 0 0 0 ' ,55 ,1 ,0, 0
92 ,99, 68, '44 61 44 39 33 26 22 54 ' ,'0 0 0 0 0 0 0 0 ' ,40 ,1 ,0, 0
86 ,81, 64, '50 42 36 42 47 59 27 38 ' ,'0 0 0 0 0 0 0 0 ' ,32 ,0 ,0, 0
107 ,73, 82, '58 50 32 75 25 31 42 32 ' ,'0 0 0 0 0 0 0 0 ' ,45 ,1 ,0, 0
122 ,94, 99, '59 45 42 50 82 36 39 32 ' ,'0 0 0 0 0 0 0 0 ' ,61 ,1 ,0, 0
92 ,112, 67, '52 59 49 47 39 40 26 30 ' ,'0 0 0 0 0 0 0 0 ' ,36 ,1 ,0, 0
109 ,79, 86, '78 43 52 63 21 27 32 52 ' ,'0 0 0 0 0 0 0 0 ' ,55 ,1 ,1, 1
81 ,99, 60, '41 38 48 53 32 28 39 33 ' ,'0 0 0 0 0 0 0 0 ' ,28 ,1 ,0, 0
322 ,74, 300, '118 103 107 82 169 292 232 126 ' ,'0 0 0 0 0 0 0 0 ' ,210 ,1 ,1, 1
91 ,313, 66, '53 59 59 59 39 47 40 52 ' ,'0 0 0 0 0 0 0 0 ' ,23 ,1 ,0, 0
108 ,80, 83, '34 72 67 41 61 32 32 36 ' ,'0 0 0 0 0 0 0 0 ' ,48 ,1 ,0, 0
119 ,95, 97, '46 38 76 47 55 24 26 29 ' ,'0 0 0 0 0 0 0 0 ' ,67 ,1 ,1, 1
222 ,109, 194, '45 64 39 58 32 29 41 177 ' ,'0 0 0 0 0 0 0 0 ' ,161 ,1 ,0, 0
84 ,208, 59, '36 50 34 42 22 27 29 22 ' ,'0 0 0 0 0 0 0 0 ' ,25 ,0 ,1, 1
107 ,71, 81, '74 72 43 58 33 37 33 34 ' ,'0 0 0 0 0 0 0 0 ' ,38 ,1 ,0, 0
130 ,93, 108, '100 43 50 63 34 34 38 40 ' ,'0 0 0 0 0 0 0 0 ' ,68 ,1 ,1, 1
96 ,122, 72, '53 38 33 64 22 34 25 36 ' ,'0 0 0 0 0 0 0 0 ' ,40 ,1 ,0, 0
82 ,84, 61, '50 42 52 44 39 38 33 43 ' ,'0 0 0 0 0 0 0 0 ' ,20 ,1 ,1, 1
110 ,73, 87, '53 52 38 80 24 30 32 26 ' ,'0 0 0 0 0 0 0 0 ' ,56 ,1 ,1, 1
86 ,92, 67, '49 37 48 45 60 32 33 42 ' ,'0 0 0 0 0 0 0 0 ' ,28 ,1 ,0, 0
82 ,73, 64, '50 47 56 54 31 35 29 25 ' ,'0 0 0 0 0 0 0 0 ' ,34 ,2 ,1, 1
94 ,72, 78, '71 59 39 44 35 30 28 34 ' ,'0 0 0 0 0 0 0 0 ' ,45 ,1 ,1, 1
89 ,86, 74, '60 65 48 49 40 36 60 48 ' ,'0 0 0 0 0 0 0 0 ' ,33 ,1 ,0, 0
76 ,80, 62, '46 54 54 42 26 40 33 29 ' ,'0 0 0 0 0 0 0 0 ' ,31 ,0 ,0, 0
101 ,68, 83, '46 69 54 76 30 34 35 32 ' ,'0 0 0 0 0 0 0 0 ' ,46 ,1 ,0, 0
102 ,92, 82, '45 53 46 76 26 33 45 28 ' ,'0 0 0 0 0 0 0 0 ' ,50 ,2 ,1, 1
91 ,96, 70, '43 39 62 52 30 40 42 26 ' ,'0 0 0 0 0 0 0 0 ' ,39 ,1 ,0, 0
104 ,80, 81, '73 59 69 45 38 33 49 29 ' ,'0 0 0 0 0 0 0 0 ' ,46 ,1 ,1, 1
100 ,91, 75, '50 61 48 68 18 34 50 35 ' ,'0 0 0 0 0 0 0 0 ' ,37 ,1 ,0, 0
84 ,89, 65, '37 57 56 36 43 31 36 42 ' ,'0 0 0 0 0 0 0 0 ' ,29 ,1 ,0, 0
76 ,77, 58, '43 51 48 36 26 43 32 38 ' ,'0 0 0 0 0 0 0 0 ' ,20 ,1 ,0, 0
116 ,71, 92, '69 55 47 87 33 44 50 38 ' ,'0 0 0 0 0 0 0 0 ' ,52 ,1 ,0, 0
123 ,110, 97, '31 67 43 91 58 56 27 45 ' ,'0 0 0 0 0 0 0 0 ' ,65 ,1 ,0, 0
729 ,112, 77, '69 54 51 41 30 46 46 23 ' ,'0 0 0 0 0 0 0 0 ' ,43 ,1 ,1, 1
132 ,89, 109, '60 102 59 48 34 55 37 38 ' ,'0 0 0 0 0 0 0 0 ' ,67 ,0 ,0, 0
132 ,122, 115, '38 106 50 33 26 29 42 32 ' ,'0 0 0 0 0 0 0 0 ' ,83 ,1 ,1, 1
94 ,129, 80, '56 66 48 73 29 38 30 34 ' ,'0 0 0 0 0 0 0 0 ' ,43 ,0 ,0, 0
64 ,91, 49, '36 42 32 34 38 18 27 21 ' ,'0 0 0 0 0 0 0 0 ' ,27 ,1 ,0, 0
72 ,60, 50, '29 25 23 27 18 18 12 15 ' ,'0 0 0 0 0 0 0 0 ' ,31 ,1 ,1, 1
63 ,60, 39, '32 24 20 31 15 20 17 14 ' ,'0 0 0 0 0 0 0 0 ' ,17 ,1 ,0, 0
56 ,54, 34, '23 23 27 24 14 19 17 21 ' ,'0 0 0 0 0 0 0 0 ' ,11 ,1 ,0, 0
65 ,44, 42, '26 23 27 20 24 18 18 15 ' ,'0 0 0 0 0 0 0 0 ' ,20 ,0 ,0, 0
64 ,49, 43, '25 23 26 21 23 18 16 19 ' ,'0 0 0 0 0 0 0 0 ' ,21 ,0 ,1, 1
60 ,52, 37, '26 29 22 23 20 20 21 18 ' ,'0 0 0 0 0 0 0 0 ' ,13 ,1 ,1, 1
64 ,48, 40, '24 24 27 23 23 20 14 20 ' ,'0 0 0 0 0 0 0 0 ' ,20 ,1 ,1, 1
59 ,47, 33, '26 27 23 24 13 22 20 18 ' ,'0 0 0 0 0 0 0 0 ' ,12 ,1 ,0, 0
58 ,45, 35, '24 26 21 25 19 22 18 13 ' ,'0 0 0 0 0 0 0 0 ' ,18 ,1 ,0, 0
60 ,46, 36, '22 24 27 29 16 18 13 20 ' ,'0 0 0 0 0 0 0 0 ' ,18 ,0 ,1, 1
66 ,46, 45, '21 18 24 38 12 16 13 19 ' ,'0 0 0 0 0 0 0 0 ' ,23 ,1 ,1, 1
60 ,57, 36, '24 25 27 20 20 16 20 20 ' ,'0 0 0 0 0 0 0 0 ' ,14 ,1 ,1, 1
57 ,44, 32, '19 22 21 26 15 14 11 15 ' ,'0 0 0 0 0 0 0 0 ' ,17 ,1 ,0, 0
74 ,40, 51, '33 30 27 31 31 21 18 21 ' ,'0 0 0 0 0 0 0 0 ' ,27 ,1 ,0, 0
61 ,59, 36, '23 23 24 20 13 17 15 15 ' ,'0 0 0 0 0 0 0 0 ' ,15 ,0 ,1, 1
49 ,49, 34, '24 23 20 27 18 17 18 25 ' ,'0 0 0 0 0 0 0 0 ' ,11 ,0 ,1, 1
64 ,42, 45, '31 32 29 33 25 25 22 20 ' ,'0 0 0 0 0 0 0 0 ' ,21 ,1 ,0, 0
73 ,59, 51, '22 21 25 27 15 15 15 17 ' ,'0 0 0 0 0 0 0 0 ' ,32 ,17 ,0, 0
61 ,62, 38, '29 23 20 22 15 19 18 13 ' ,'0 0 0 0 0 0 0 0 ' ,21 ,1 ,0, 0
58 ,46, 37, '23 21 21 25 14 17 17 16 ' ,'0 0 0 0 0 0 0 0 ' ,17 ,0 ,0, 0
67 ,46, 44, '27 27 20 28 19 20 19 18 ' ,'0 0 0 0 0 0 0 0 ' ,21 ,1 ,1, 1
60 ,51, 37, '24 24 25 29 13 17 17 21 ' ,'0 0 0 0 0 0 0 0 ' ,14 ,1 ,0, 0
74 ,45, 38, '20 26 22 26 16 14 18 16 ' ,'0 0 0 0 0 0 0 0 ' ,18 ,1 ,1, 1
48 ,55, 34, '23 21 26 26 16 17 17 19 ' ,'0 0 0 0 0 0 0 0 ' ,12 ,1 ,1, 1
56 ,39, 36, '27 26 23 23 21 22 21 15 ' ,'0 0 0 0 0 0 0 0 ' ,14 ,2 ,1, 1
50 ,40, 35, '24 25 29 25 17 18 13 22 ' ,'0 0 0 0 0 0 0 0 ' ,13 ,1 ,0, 0
52 ,42, 35, '21 21 25 30 15 21 16 18 ' ,'0 0 0 0 0 0 0 0 ' ,15 ,0 ,0, 0
85 ,43, 61, '26 30 35 29 19 23 20 23 ' ,'0 0 0 0 0 0 0 0 ' ,39 ,22 ,0, 0
60 ,77, 37, '24 26 21 20 18 20 18 15 ' ,'0 0 0 0 0 0 0 0 ' ,17 ,1 ,1, 1
63 ,48, 39, '32 27 29 32 19 19 20 22 ' ,'0 0 0 0 0 0 0 0 ' ,13 ,0 ,0, 0
66 ,50, 42, '35 26 22 24 14 19 17 14 ' ,'0 0 0 0 0 0 0 0 ' ,21 ,0 ,0, 0
59 ,54, 36, '22 24 28 26 24 18 17 20 ' ,'0 0 0 0 0 0 0 0 ' ,16 ,1 ,0, 0
55 ,52, 32, '23 26 23 24 13 13 20 17 ' ,'0 0 0 0 0 0 0 0 ' ,13 ,0 ,0, 0
74 ,44, 45, '26 21 20 37 13 20 16 13 ' ,'0 0 0 0 0 0 0 0 ' ,27 ,1 ,1, 1
57 ,57, 34, '21 20 24 27 14 18 16 17 ' ,'0 0 0 0 0 0 0 0 ' ,15 ,1 ,0, 0
62 ,45, 39, '23 32 25 25 20 18 18 20 ' ,'0 0 0 0 0 0 0 0 ' ,16 ,1 ,1, 1
62 ,54, 39, '24 22 19 26 13 18 17 14 ' ,'0 0 0 0 0 0 0 0 ' ,18 ,1 ,0, 0
53 ,52, 32, '20 20 21 23 14 16 14 16 ' ,'0 0 0 0 0 0 0 0 ' ,11 ,0 ,0, 0
59 ,40, 36, '26 25 19 31 19 17 18 14 ' ,'0 0 0 0 0 0 0 0 ' ,16 ,1 ,0, 0
59 ,52, 33, '20 20 24 23 13 16 15 15 ' ,'0 0 0 0 0 0 0 0 ' ,12 ,1 ,0, 0
66 ,47, 42, '17 23 18 19 23 18 18 16 ' ,'0 0 0 0 0 0 0 0 ' ,18 ,1 ,1, 1
59 ,50, 36, '20 23 29 26 16 17 14 18 ' ,'0 0 0 0 0 0 0 0 ' ,16 ,1 ,0, 0
58 ,50, 39, '21 23 23 29 22 17 16 16 ' ,'0 0 0 0 0 0 0 0 ' ,17 ,1 ,1, 1
66 ,46, 42, '21 26 21 21 21 21 18 15 ' ,'0 0 0 0 0 0 0 0 ' ,23 ,1 ,1, 1
67 ,53, 42, '25 27 20 26 20 17 17 13 ' ,'0 0 0 0 0 0 0 0 ' ,21 ,1 ,1, 1
57 ,54, 37, '23 22 21 18 14 19 17 16 ' ,'0 0 0 0 0 0 0 0 ' ,13 ,1 ,0, 0
62 ,48, 35, '20 25 22 20 15 15 19 15 ' ,'0 0 0 0 0 0 0 0 ' ,15 ,1 ,1, 1
82 ,45, 59, '47 50 44 43 36 30 36 36 ' ,'0 0 0 0 0 0 0 0 ' ,21 ,1 ,0, 0
85 ,73, 65, '57 59 54 54 39 33 44 25 ' ,'0 0 0 0 0 0 0 0 ' ,34 ,1 ,0, 0
117 ,78, 92, '55 48 60 53 33 85 39 28 ' ,'0 0 0 0 0 0 0 0 ' ,47 ,1 ,0, 0
112 ,103, 79, '69 67 57 71 60 33 36 45 ' ,'0 0 0 0 0 0 0 0 ' ,41 ,1 ,0, 0
115 ,91, 93, '72 37 50 84 47 41 45 43 ' ,'0 0 0 0 0 0 0 0 ' ,50 ,2 ,1, 1
105 ,108, 87, '78 55 64 60 42 40 31 32 ' ,'0 0 0 0 0 0 0 0 ' ,50 ,1 ,0, 0
116 ,98, 100, '91 61 63 61 31 58 40 30 ' ,'0 0 0 0 0 0 0 0 ' ,62 ,1 ,1, 1
106 ,109, 92, '54 85 51 62 48 51 29 47 ' ,'0 0 0 0 0 0 0 0 ' ,57 ,1 ,1, 1
105 ,97, 88, '79 72 69 50 47 39 46 45 ' ,'0 0 0 0 0 0 0 0 ' ,44 ,1 ,0, 0
87 ,97, 64, '48 50 50 56 53 34 30 33 ' ,'0 0 0 0 0 0 0 0 ' ,29 ,1 ,0, 0
93 ,78, 79, '57 68 55 60 43 45 35 40 ' ,'0 0 0 0 0 0 0 0 ' ,36 ,1 ,1, 1
102 ,85, 80, '71 55 52 53 34 44 37 36 ' ,'0 0 0 0 0 0 0 0 ' ,39 ,1 ,0, 0
112 ,91, 89, '61 43 66 81 43 40 48 49 ' ,'0 0 0 0 0 0 0 0 ' ,42 ,0 ,0, 0
106 ,102, 77, '53 69 48 38 37 44 68 35 ' ,'0 0 0 0 0 0 0 0 ' ,36 ,1 ,0, 0
95 ,92, 75, '57 44 66 56 37 43 39 33 ' ,'0 0 0 0 0 0 0 0 ' ,35 ,1 ,0, 0
96 ,89, 79, '45 70 47 49 19 25 32 48 ' ,'0 0 0 0 0 0 0 0 ' ,49 ,1 ,0, 0
83 ,93, 61, '49 45 52 48 29 34 32 42 ' ,'0 0 0 0 0 0 0 0 ' ,23 ,1 ,1, 1
95 ,73, 74, '46 48 65 45 43 57 31 41 ' ,'0 0 0 0 0 0 0 0 ' ,36 ,1 ,0, 0
83 ,86, 64, '34 43 39 41 41 17 24 31 ' ,'0 0 0 0 0 0 0 0 ' ,42 ,1 ,1, 1
73 ,77, 52, '43 34 40 37 31 44 41 27 ' ,'0 0 0 0 0 0 0 0 ' ,19 ,1 ,0, 0
89 ,65, 66, '49 40 38 51 49 30 39 26 ' ,'0 0 0 0 0 0 0 0 ' ,33 ,2 ,0, 0
83 ,77, 58, '47 47 46 48 31 35 26 41 ' ,'0 0 0 0 0 0 0 0 ' ,25 ,0 ,0, 0
69 ,68, 51, '40 36 32 37 25 24 26 44 ' ,'0 0 0 0 0 0 0 0 ' ,23 ,1 ,1, 1
64 ,56, 50, '34 39 40 37 29 25 32 29 ' ,'0 0 0 0 0 0 0 0 ' ,20 ,1 ,1, 1
70 ,55, 49, '39 40 38 39 20 30 25 27 ' ,'0 0 0 0 0 0 0 0 ' ,17 ,1 ,1, 1
88 ,61, 63, '37 54 48 33 29 21 28 33 ' ,'0 0 0 0 0 0 0 0 ' ,37 ,1 ,1, 1
84 ,74, 57, '37 32 48 42 23 21 23 23 ' ,'0 0 0 0 0 0 0 0 ' ,29 ,1 ,0, 0
124 ,70, 98, '39 35 69 40 23 40 27 21 ' ,'0 0 0 0 0 0 0 0 ' ,64 ,1 ,0, 0
85 ,108, 61, '42 40 32 33 26 27 27 20 ' ,'0 0 0 0 0 0 0 0 ' ,27 ,1 ,0, 0
88 ,74, 64, '42 35 41 40 20 24 23 22 ' ,'0 0 0 0 0 0 0 0 ' ,33 ,1 ,0, 0
80 ,76, 56, '35 37 37 39 34 25 23 29 ' ,'0 0 0 0 0 0 0 0 ' ,27 ,1 ,0, 0
98 ,70, 77, '36 38 30 43 58 24 20 17 ' ,'0 0 0 0 0 0 0 0 ' ,50 ,1 ,0, 0
75 ,89, 54, '41 42 26 37 38 32 18 22 ' ,'0 0 0 0 0 0 0 0 ' ,29 ,1 ,0, 0
76 ,62, 57, '32 37 47 30 28 34 20 22 ' ,'0 0 0 0 0 0 0 0 ' ,29 ,0 ,0, 0
76 ,68, 50, '37 34 38 39 30 29 27 22 ' ,'0 0 0 0 0 0 0 0 ' ,24 ,1 ,0, 0
84 ,67, 64, '39 37 37 56 21 35 22 28 ' ,'0 0 0 0 0 0 0 0 ' ,36 ,1 ,0, 0
73 ,75, 51, '40 36 38 46 32 18 23 32 ' ,'0 0 0 0 0 0 0 0 ' ,28 ,1 ,0, 0
77 ,63, 55, '36 35 33 44 38 28 44 18 ' ,'0 0 0 0 0 0 0 0 ' ,30 ,0 ,1, 1
81 ,67, 56, '33 30 41 40 40 20 24 23 ' ,'0 0 0 0 0 0 0 0 ' ,33 ,1 ,0, 0
72 ,72, 53, '44 30 41 48 28 27 42 25 ' ,'0 0 0 0 0 0 0 0 ' ,23 ,1 ,0, 0
65 ,61, 49, '32 30 40 44 30 29 24 32 ' ,'0 0 0 0 0 0 0 0 ' ,20 ,1 ,0, 0
80 ,55, 57, '39 33 42 50 27 26 28 30 ' ,'0 0 0 0 0 0 0 0 ' ,26 ,1 ,0, 0
78 ,68, 59, '41 31 42 45 41 25 20 30 ' ,'0 0 0 0 0 0 0 0 ' ,31 ,1 ,1, 1
98 ,70, 62, '35 39 35 55 32 32 32 29 ' ,'0 0 0 0 0 0 0 0 ' ,27 ,1 ,1, 1
160 ,73, 137, '46 42 61 52 46 27 30 22 ' ,'0 0 0 0 0 0 0 0 ' ,110 ,0 ,0, 0
84 ,151, 61, '34 43 47 37 39 33 32 26 ' ,'0 0 0 0 0 0 0 0 ' ,31 ,1 ,0, 0
81 ,75, 60, '32 40 40 52 23 27 27 34 ' ,'0 0 0 0 0 0 0 0 ' ,26 ,1 ,1, 1
83 ,70, 60, '36 46 37 47 30 30 38 30 ' ,'0 0 0 0 0 0 0 0 ' ,20 ,1 ,1, 1
88 ,69, 64, '45 51 39 57 37 34 28 39 ' ,'0 0 0 0 0 0 0 0 ' ,29 ,1 ,0, 0
84 ,79, 65, '43 50 45 40 45 42 24 45 ' ,'0 0 0 0 0 0 0 0 ' ,34 ,1 ,0, 0
82 ,77, 58, '48 42 36 34 23 24 25 32 ' ,'0 0 0 0 0 0 0 0 ' ,28 ,1 ,0, 0
82 ,74, 61, '50 49 40 54 33 29 24 34 ' ,'0 0 0 0 0 0 0 0 ' ,31 ,1 ,0, 0
103 ,70, 88, '41 46 55 55 27 33 39 35 ' ,'0 0 0 0 0 0 0 0 ' ,56 ,1 ,0, 0
88 ,98, 69, '41 47 43 34 24 28 29 26 ' ,'0 0 0 0 0 0 0 0 ' ,39 ,1 ,1, 1
74 ,76, 58, '47 38 38 44 23 39 37 41 ' ,'0 0 0 0 0 0 0 0 ' ,31 ,1 ,0, 0
96 ,68, 72, '43 31 51 46 29 46 36 38 ' ,'0 0 0 0 0 0 0 0 ' ,33 ,1 ,1, 1
94 ,83, 72, '34 41 35 51 53 28 26 27 ' ,'0 0 0 0 0 0 0 0 ' ,41 ,1 ,0, 0
78 ,82, 55, '32 42 35 48 31 37 24 25 ' ,'0 0 0 0 0 0 0 0 ' ,25 ,1 ,1, 1
134 ,69, 108, '37 99 37 50 41 25 32 35 ' ,'0 0 0 0 0 0 0 0 ' ,78 ,1 ,0, 0
88 ,120, 63, '38 44 41 57 18 26 23 25 ' ,'0 0 0 0 0 0 0 0 ' ,34 ,1 ,0, 0
79 ,74, 53, '36 42 32 42 36 29 29 22 ' ,'0 0 0 0 0 0 0 0 ' ,26 ,1 ,1, 1
82 ,68, 57, '42 48 33 47 40 31 35 34 ' ,'0 0 0 0 0 0 0 0 ' ,22 ,2 ,0, 0
93 ,68, 69, '57 48 32 62 50 28 25 28 ' ,'0 0 0 0 0 0 0 0 ' ,36 ,0 ,1, 1
85 ,81, 59, '52 37 44 51 20 28 30 28 ' ,'0 0 0 0 0 0 0 0 ' ,27 ,1 ,0, 0
84 ,73, 57, '48 38 40 49 26 25 31 20 ' ,'0 0 0 0 0 0 0 0 ' ,36 ,1 ,1, 1
76 ,75, 54, '42 40 42 40 31 26 34 24 ' ,'0 0 0 0 0 0 0 0 ' ,24 ,1 ,0, 0
84 ,65, 60, '37 52 44 48 29 37 25 37 ' ,'0 0 0 0 0 0 0 0 ' ,29 ,1 ,1, 1
79 ,72, 56, '41 37 47 44 21 27 35 32 ' ,'0 0 0 0 0 0 0 0 ' ,23 ,1 ,0, 0
78 ,67, 53, '39 43 31 42 25 23 32 24 ' ,'0 0 0 0 0 0 0 0 ' ,25 ,1 ,1, 1
85 ,65, 63, '54 41 35 34 41 36 34 26 ' ,'0 0 0 0 0 0 0 0 ' ,30 ,1 ,1, 1
86 ,74, 65, '57 41 41 35 38 25 24 36 ' ,'0 0 0 0 0 0 0 0 ' ,35 ,1 ,0, 0
92 ,74, 68, '42 38 35 39 23 20 23 25 ' ,'0 0 0 0 0 0 0 0 ' ,45 ,20 ,0, 0
117 ,82, 92, '60 40 42 51 77 27 31 35 ' ,'0 0 0 0 0 0 0 0 ' ,64 ,1 ,0, 0
88 ,107, 67, '44 57 41 54 24 31 29 24 ' ,'0 0 0 0 0 0 0 0 ' ,35 ,0 ,0, 0
92 ,78, 72, '64 35 55 35 35 41 34 28 ' ,'0 0 0 0 0 0 0 0 ' ,37 ,0 ,1, 1
90 ,84, 62, '51 43 39 55 33 32 36 41 ' ,'0 0 0 0 0 0 0 0 ' ,25 ,1 ,0, 0
101 ,78, 82, '53 37 47 50 30 26 23 37 ' ,'0 0 0 0 0 0 0 0 ' ,53 ,21 ,0, 0
101 ,91, 78, '52 39 46 51 31 39 34 21 ' ,'0 0 0 0 0 0 0 0 ' ,41 ,1 ,1, 1
89 ,90, 72, '61 55 43 42 45 34 33 31 ' ,'0 0 0 0 0 0 0 0 ' ,32 ,1 ,1, 0
110 ,81, 93, '33 35 70 51 46 34 28 40 ' ,'0 0 0 0 0 0 0 0 ' ,58 ,1 ,0, 0
80 ,102, 66, '40 54 45 43 30 27 38 35 ' ,'0 0 0 0 0 0 0 0 ' ,32 ,0 ,0, 0
114 ,76, 90, '37 35 42 38 21 45 35 19 ' ,'0 0 0 0 0 0 0 0 ' ,59 ,29 ,0, 0
97 ,101, 81, '36 59 71 54 32 28 33 33 ' ,'0 0 0 0 0 0 0 0 ' ,48 ,1 ,1, 1
90 ,89, 69, '59 41 46 51 46 37 28 36 ' ,'0 0 0 0 0 0 0 0 ' ,36 ,0 ,0, 0
98 ,84, 78, '52 69 42 46 23 28 34 36 ' ,'0 0 0 0 0 0 0 0 ' ,46 ,1 ,0, 0
84 ,91, 62, '46 34 53 42 32 36 42 42 ' ,'0 0 0 0 0 0 0 0 ' ,20 ,1 ,1, 1
108 ,75, 89, '59 41 40 47 17 38 50 30 ' ,'0 0 0 0 0 0 0 0 ' ,54 ,23 ,0, 0
80 ,101, 63, '47 50 53 48 33 44 42 33 ' ,'0 0 0 0 0 0 0 0 ' ,21 ,0 ,0, 0
88 ,70, 69, '37 59 40 39 33 37 51 41 ' ,'0 0 0 0 0 0 0 0 ' ,25 ,1 ,0, 0
99 ,77, 79, '42 50 71 49 34 36 43 34 ' ,'0 0 0 0 0 0 0 0 ' ,39 ,0 ,0, 0
100 ,92, 80, '52 42 43 48 64 25 20 28 ' ,'0 0 0 0 0 0 0 0 ' ,53 ,1 ,0, 0
135 ,92, 115, '47 68 42 49 29 41 39 36 ' ,'0 0 0 0 0 0 0 0 ' ,73 ,38 ,0, 0
100 ,128, 77, '50 67 60 30 28 31 23 36 ' ,'0 0 0 0 0 0 0 0 ' ,48 ,1 ,1, 1
89 ,89, 73, '52 48 59 44 40 32 35 27 ' ,'0 0 0 0 0 0 0 0 ' ,39 ,0 ,0, 0
101 ,80, 84, '41 68 59 47 33 26 32 28 ' ,'0 0 0 0 0 0 0 0 ' ,52 ,1 ,1, 1
88 ,92, 72, '64 59 50 52 36 34 53 33 ' ,'0 0 0 0 0 0 0 0 ' ,35 ,0 ,0, 0
138 ,80, 113, '56 52 60 33 37 36 43 30 ' ,'0 0 0 0 0 0 0 0 ' ,77 ,40 ,0, 0
91 ,127, 69, '55 47 61 43 26 36 28 40 ' ,'0 0 0 0 0 0 0 0 ' ,34 ,0 ,0, 0
100 ,82, 75, '43 43 67 49 29 41 24 43 ' ,'0 0 0 0 0 0 0 0 ' ,44 ,1 ,0, 0
88 ,89, 64, '44 35 49 41 41 33 24 24 ' ,'0 0 0 0 0 0 0 0 ' ,34 ,1 ,1, 1
88 ,72, 66, '43 58 48 43 34 35 27 39 ' ,'0 0 0 0 0 0 0 0 ' ,34 ,1 ,0, 0
133 ,79, 109, '52 66 50 48 24 39 32 30 ' ,'0 0 0 0 0 0 0 0 ' ,71 ,34 ,0, 0
138 ,123, 110, '47 101 35 48 48 42 63 32 ' ,'0 0 0 0 0 0 0 0 ' ,62 ,1 ,1, 1
106 ,123, 78, '41 55 55 68 44 46 46 27 ' ,'0 0 0 0 0 0 0 0 ' ,36 ,1 ,0, 0
100 ,95, 75, '56 52 52 67 26 31 29 25 ' ,'0 0 0 0 0 0 0 0 ' ,39 ,0 ,0, 0
98 ,89, 78, '59 40 59 59 22 32 26 42 ' ,'0 0 0 0 0 0 0 0 ' ,45 ,1 ,0, 0
159 ,90, 138, '46 57 71 50 47 34 36 26 ' ,'0 0 0 0 0 0 0 0 ' ,98 ,45 ,0, 0
106 ,147, 83, '44 47 47 73 42 55 27 30 ' ,'0 0 0 0 0 0 0 0 ' ,50 ,2 ,1, 1
95 ,93, 70, '42 42 58 40 20 63 28 24 ' ,'0 0 0 0 0 0 0 0 ' ,40 ,1 ,0, 0
92 ,85, 69, '58 45 44 41 28 46 23 29 ' ,'0 0 0 0 0 0 0 0 ' ,43 ,1 ,1, 1
87 ,79, 71, '61 39 56 44 51 33 39 34 ' ,'0 0 0 0 0 0 0 0 ' ,31 ,1 ,0, 0
79 ,78, 62, '44 46 53 40 27 36 29 43 ' ,'0 0 0 0 0 0 0 0 ' ,30 ,0 ,0, 0
