13659 ,0, 146, '93 82 70 76 ' ,'0 0 0 0 ' ,31 ,6 ,8, 8
1712 ,186, 1696, '1296 1393 1667 1418 ' ,'0 0 0 0 ' ,377 ,1 ,10, 10
1191 ,1704, 1178, '1060 1150 1136 1104 ' ,'0 0 0 0 ' ,88 ,1 ,10, 10
1407 ,1185, 1392, '1365 1315 1244 1331 ' ,'0 0 0 0 ' ,118 ,2 ,8, 7
1496 ,1401, 1469, '1299 1142 1442 1429 ' ,'0 0 0 0 ' ,306 ,3 ,7, 7
1161 ,1492, 1144, '1113 996 922 889 ' ,'0 0 0 0 ' ,224 ,1 ,7, 7
1413 ,1154, 1392, '1271 1103 1146 1364 ' ,'0 0 0 0 ' ,265 ,2 ,9, 9
7572 ,1399, 1071, '1010 1046 988 1010 ' ,'0 0 0 0 ' ,64 ,2 ,7, 7
1396 ,1077, 1375, '1352 1323 896 1299 ' ,'0 0 0 0 ' ,459 ,2 ,8, 8
4455 ,1385, 1295, '1182 1275 1188 1237 ' ,'0 0 0 0 ' ,96 ,2 ,9, 9
14753 ,1306, 1610, '1531 1298 1591 1566 ' ,'514 0 516 523 ' ,290 ,3 ,7, 7
1250 ,1621, 1229, '1180 1130 1159 1202 ' ,'0 0 0 0 ' ,80 ,4 ,9, 9
7786 ,1236, 1287, '1168 1070 1083 1257 ' ,'0 0 0 0 ' ,191 ,2 ,9, 9
2016 ,1292, 1019, '905 848 748 998 ' ,'0 0 0 0 ' ,253 ,1 ,8, 8
2584 ,1026, 1113, '1096 1028 1021 929 ' ,'0 0 0 0 ' ,168 ,2 ,8, 8
2063 ,1125, 941, '813 840 778 921 ' ,'0 0 0 0 ' ,145 ,1 ,5, 5
2487 ,948, 1131, '1105 941 986 1011 ' ,'0 0 0 0 ' ,168 ,1 ,9, 9
3840 ,1140, 1254, '1151 1089 1231 1129 ' ,'0 0 0 0 ' ,148 ,6 ,7, 7
5724 ,1260, 1133, '1110 1005 978 980 ' ,'0 0 0 0 ' ,135 ,2 ,8, 8
1073 ,1138, 1059, '927 1035 901 963 ' ,'0 0 0 0 ' ,137 ,1 ,12, 12
1184 ,1068, 1170, '897 1150 1109 951 ' ,'0 0 0 0 ' ,255 ,2 ,10, 10
1055 ,1177, 1036, '1017 941 880 868 ' ,'0 0 0 0 ' ,154 ,1 ,9, 9
991 ,1047, 970, '942 898 950 900 ' ,'0 0 0 0 ' ,53 ,1 ,10, 10
3330 ,975, 1148, '1049 1129 1082 1071 ' ,'0 0 0 0 ' ,80 ,1 ,10, 10
1099 ,1158, 1063, '980 1019 1044 953 ' ,'0 0 0 0 ' ,93 ,2 ,9, 9
1087 ,1079, 1061, '919 1004 1015 1046 ' ,'0 0 0 0 ' ,127 ,1 ,7, 7
2074 ,1074, 1122, '1097 966 1066 994 ' ,'0 0 0 0 ' ,137 ,1 ,12, 11
2749 ,1130, 1166, '1148 1094 1080 1109 ' ,'0 0 0 0 ' ,70 ,1 ,9, 9
2547 ,1176, 1070, '1052 1016 959 891 ' ,'0 0 0 0 ' ,163 ,1 ,9, 9
4814 ,1078, 974, '936 956 853 942 ' ,'0 0 0 0 ' ,107 ,1 ,8, 8
2981 ,980, 941, '817 922 831 800 ' ,'0 0 0 0 ' ,126 ,2 ,10, 10
994 ,946, 979, '834 962 770 961 ' ,'0 0 0 0 ' ,195 ,2 ,8, 7
1131 ,991, 1118, '926 1095 873 919 ' ,'0 0 0 0 ' ,228 ,2 ,12, 12
952 ,1125, 939, '920 846 847 873 ' ,'0 0 0 0 ' ,77 ,1 ,7, 7
1094 ,946, 1076, '1056 910 921 979 ' ,'0 0 0 0 ' ,149 ,2 ,9, 9
2908 ,1081, 1081, '1061 932 901 952 ' ,'0 0 0 0 ' ,163 ,1 ,9, 9
4504 ,1091, 987, '873 965 887 773 ' ,'0 0 0 0 ' ,196 ,2 ,10, 10
1077 ,993, 1050, '906 1033 856 922 ' ,'0 0 0 0 ' ,182 ,1 ,7, 7
2580 ,1063, 1030, '961 822 916 1013 ' ,'0 0 0 0 ' ,190 ,0 ,10, 10
7825 ,1039, 956, '936 916 877 896 ' ,'0 0 0 0 ' ,62 ,1 ,9, 9
981 ,962, 955, '892 931 784 834 ' ,'0 0 0 0 ' ,149 ,1 ,12, 12
1001 ,960, 975, '945 916 955 870 ' ,'0 0 0 0 ' ,88 ,2 ,10, 10
1035 ,981, 1020, '1000 937 882 825 ' ,'0 0 0 0 ' ,177 ,2 ,9, 9
1045 ,1026, 1033, '1009 927 932 795 ' ,'0 0 0 0 ' ,219 ,1 ,11, 11
1111 ,1041, 1098, '962 1079 927 891 ' ,'0 0 0 0 ' ,192 ,2 ,7, 7
1062 ,1109, 1049, '1026 997 963 940 ' ,'0 0 0 0 ' ,91 ,2 ,12, 12
1141 ,1055, 1125, '1087 1055 835 1110 ' ,'0 0 0 0 ' ,274 ,1 ,8, 8
1152 ,1133, 1133, '972 945 956 1111 ' ,'0 0 0 0 ' ,165 ,1 ,12, 12
1144 ,1137, 1125, '982 922 984 1109 ' ,'0 0 0 0 ' ,186 ,1 ,8, 8
1606 ,1130, 921, '900 849 840 853 ' ,'0 0 0 0 ' ,61 ,1 ,10, 10
1090 ,927, 1069, '980 865 983 1047 ' ,'0 0 0 0 ' ,182 ,1 ,10, 10
1324 ,1074, 1080, '956 1061 1001 1050 ' ,'0 0 0 0 ' ,108 ,1 ,8, 8
1385 ,1090, 1360, '1339 1088 1111 1147 ' ,'0 0 0 0 ' ,254 ,1 ,9, 9
2706 ,1368, 1163, '1141 1099 1046 1055 ' ,'0 0 0 0 ' ,99 ,1 ,9, 9
1760 ,1170, 1073, '935 1051 871 903 ' ,'0 0 0 0 ' ,184 ,1 ,9, 9
946 ,1080, 924, '810 883 860 906 ' ,'0 0 0 0 ' ,96 ,1 ,9, 9
1287 ,929, 991, '920 931 865 971 ' ,'0 0 0 0 ' ,107 ,1 ,10, 10
1567 ,997, 1051, '1027 1001 955 1023 ' ,'0 0 0 0 ' ,74 ,1 ,11, 11
8223 ,1055, 1114, '962 1095 981 924 ' ,'0 0 0 0 ' ,174 ,1 ,7, 7
1001 ,1122, 978, '958 930 912 953 ' ,'0 0 0 0 ' ,45 ,1 ,10, 10
1291 ,984, 1028, '1004 952 918 902 ' ,'0 0 0 0 ' ,107 ,1 ,11, 11
1311 ,1036, 1053, '888 1030 960 939 ' ,'0 0 0 0 ' ,145 ,1 ,9, 9
1467 ,1059, 1220, '1195 1039 1146 1061 ' ,'0 0 0 0 ' ,160 ,1 ,10, 10
1385 ,1225, 1130, '1092 985 1108 852 ' ,'0 0 0 0 ' ,260 ,2 ,9, 9
1139 ,1136, 1116, '1013 890 874 1095 ' ,'0 0 0 0 ' ,221 ,1 ,11, 11
2270 ,1121, 1079, '879 937 968 1061 ' ,'0 0 0 0 ' ,181 ,1 ,10, 10
18573 ,1084, 1025, '947 1002 924 907 ' ,'0 0 0 0 ' ,100 ,2 ,8, 8
1008 ,1033, 992, '970 935 932 781 ' ,'0 0 0 0 ' ,190 ,1 ,10, 10
1237 ,998, 1221, '1022 1194 1031 1047 ' ,'0 0 0 0 ' ,181 ,6 ,8, 8
973 ,1227, 954, '912 829 929 839 ' ,'0 0 0 0 ' ,102 ,1 ,11, 11
1839 ,960, 1151, '867 1128 870 894 ' ,'0 287 0 0 ' ,264 ,1 ,9, 9
2020 ,1158, 1043, '1018 907 947 988 ' ,'0 0 0 0 ' ,115 ,1 ,10, 10
1077 ,1048, 1049, '1026 1006 903 934 ' ,'0 0 0 0 ' ,128 ,2 ,8, 8
4746 ,1056, 1033, '1001 972 885 1014 ' ,'0 0 0 0 ' ,130 ,1 ,8, 8
3603 ,1041, 1006, '952 894 910 985 ' ,'0 0 0 0 ' ,92 ,2 ,9, 9
972 ,1011, 941, '912 800 914 860 ' ,'0 0 0 0 ' ,118 ,0 ,11, 11
2380 ,947, 1184, '881 785 1035 855 ' ,'0 0 251 0 ' ,379 ,1 ,10, 10
5599 ,1191, 918, '842 720 847 898 ' ,'0 0 0 0 ' ,176 ,2 ,9, 9
872 ,924, 859, '811 769 796 840 ' ,'0 0 0 0 ' ,70 ,2 ,8, 8
1123 ,865, 1111, '1068 1087 947 931 ' ,'0 0 0 0 ' ,159 ,2 ,9, 9
1132 ,1117, 1119, '976 939 939 1098 ' ,'0 0 0 0 ' ,159 ,2 ,11, 11
1170 ,1125, 1158, '900 1105 854 1139 ' ,'0 0 0 0 ' ,281 ,1 ,11, 11
1075 ,1164, 1058, '924 916 985 1040 ' ,'0 0 0 0 ' ,120 ,1 ,10, 10
1018 ,1063, 998, '970 975 831 975 ' ,'0 0 0 0 ' ,147 ,1 ,9, 9
1053 ,1004, 1034, '1011 966 891 974 ' ,'0 0 0 0 ' ,122 ,1 ,10, 10
2627 ,1039, 1007, '956 961 925 985 ' ,'0 0 0 0 ' ,59 ,1 ,11, 10
