208 ,0, 88, '11 14 21 18 24 12 18 18 12 18 19 12 10 30 13 36 26 13 16 13 ' ,'0 0 0 0 0 0 0 0 0 0 0 0 0 0 0 0 0 0 0 0 ' ,69 ,6 ,4, 4
434 ,156, 401, '198 247 281 261 319 393 254 222 274 264 195 239 286 270 276 179 230 247 187 222 ' ,'0 0 0 0 0 0 0 0 0 0 0 0 0 0 0 0 0 0 0 0 ' ,199 ,1 ,1, 1
203 ,789, 169, '162 56 66 82 62 79 41 87 52 74 68 40 55 66 81 56 28 78 61 77 ' ,'0 0 0 0 0 0 0 0 0 0 0 0 0 0 0 0 0 0 0 0 ' ,132 ,0 ,2, 2
150 ,189, 117, '69 60 65 50 42 51 59 55 50 98 40 69 47 55 79 74 71 46 63 44 ' ,'0 0 0 0 0 0 0 0 0 0 0 0 0 0 0 0 0 0 0 0 ' ,64 ,1 ,3, 3
114 ,141, 90, '61 70 29 56 40 35 42 55 48 42 75 60 68 80 60 78 62 37 75 24 ' ,'0 0 0 0 0 0 0 0 0 0 0 0 0 0 0 0 0 0 0 0 ' ,54 ,1 ,1, 1
118 ,112, 98, '59 52 47 56 55 23 51 26 58 56 40 55 36 28 80 58 41 48 47 59 ' ,'0 0 0 0 0 0 0 0 0 0 0 0 0 0 0 0 0 0 0 0 ' ,66 ,1 ,2, 2
150 ,117, 126, '68 48 49 67 61 41 34 42 71 52 98 110 65 46 29 58 53 37 56 31 ' ,'0 0 0 0 0 0 0 0 0 0 0 0 0 0 0 0 0 0 0 0 ' ,81 ,1 ,3, 1
145 ,142, 128, '46 68 49 117 71 44 44 55 68 76 66 71 50 74 46 95 64 52 74 37 ' ,'0 0 0 0 0 0 0 0 0 0 0 0 0 0 0 0 0 0 0 0 ' ,75 ,1 ,3, 3
106 ,142, 86, '49 53 64 47 61 37 48 43 39 47 58 58 43 49 72 53 53 60 52 42 ' ,'0 0 0 0 0 0 0 0 0 0 0 0 0 0 0 0 0 0 0 0 ' ,39 ,1 ,1, 1
106 ,102, 90, '79 73 54 57 75 43 72 54 62 74 70 59 64 74 43 76 37 42 31 59 ' ,'0 0 0 0 0 0 0 0 0 0 0 0 0 0 0 0 0 0 0 0 ' ,47 ,1 ,2, 2
129 ,101, 112, '90 51 66 74 72 30 80 67 71 69 86 54 79 51 46 42 70 70 59 35 ' ,'0 0 0 0 0 0 0 0 0 0 0 0 0 0 0 0 0 0 0 0 ' ,62 ,2 ,1, 1
128 ,121, 109, '64 61 51 60 49 52 68 50 62 97 51 62 51 50 65 58 51 68 84 56 ' ,'0 0 0 0 0 0 0 0 0 0 0 0 0 0 0 0 0 0 0 0 ' ,51 ,1 ,2, 2
778 ,122, 126, '54 44 48 78 56 88 46 43 63 109 37 33 31 57 73 59 71 61 37 57 ' ,'0 0 0 0 0 0 0 0 0 0 0 0 0 0 0 0 0 0 0 0 ' ,81 ,2 ,3, 3
146 ,149, 122, '91 101 102 69 90 82 48 99 94 102 74 78 75 93 59 75 58 51 85 77 ' ,'0 0 0 0 0 0 0 0 0 0 0 0 0 0 0 0 0 0 0 0 ' ,61 ,1 ,1, 1
141 ,139, 122, '46 86 74 18 52 53 28 94 51 66 66 40 42 71 91 55 60 55 52 22 ' ,'0 0 0 0 0 0 0 0 0 0 0 0 0 0 0 0 0 0 0 0 ' ,77 ,1 ,10, 10
168 ,145, 147, '86 87 90 85 91 72 72 105 104 91 90 94 103 49 111 78 119 39 54 56 ' ,'0 0 0 0 0 0 0 0 0 0 0 0 0 0 0 0 0 0 0 0 ' ,78 ,2 ,0, 0
139 ,166, 121, '40 57 86 58 76 55 55 76 105 85 65 107 75 56 65 89 41 52 64 48 ' ,'0 0 0 0 0 0 0 0 0 0 0 0 0 0 0 0 0 0 0 0 ' ,62 ,1 ,1, 1
147 ,132, 132, '82 60 70 50 58 33 44 45 41 111 75 51 51 56 49 77 55 40 64 110 ' ,'0 0 0 0 0 0 0 0 0 0 0 0 0 0 0 0 0 0 0 0 ' ,88 ,1 ,1, 1
126 ,145, 107, '79 78 63 56 77 51 35 41 49 48 67 85 49 68 59 69 65 63 62 78 ' ,'0 0 0 0 0 0 0 0 0 0 0 0 0 0 0 0 0 0 0 0 ' ,62 ,1 ,1, 1
118 ,117, 98, '74 53 49 63 40 69 63 56 52 79 70 74 55 46 37 54 57 46 51 72 ' ,'0 0 0 0 0 0 0 0 0 0 0 0 0 0 0 0 0 0 0 0 ' ,45 ,1 ,0, 0
115 ,116, 95, '53 49 52 70 45 42 47 50 52 73 58 49 46 45 46 42 69 52 57 53 ' ,'0 0 0 0 0 0 0 0 0 0 0 0 0 0 0 0 0 0 0 0 ' ,44 ,1 ,0, 0
124 ,106, 98, '60 39 47 44 65 81 56 87 42 40 67 43 36 43 39 51 51 54 54 59 ' ,'0 0 0 0 0 0 0 0 0 0 0 0 0 0 0 0 0 0 0 0 ' ,58 ,2 ,0, 0
139 ,116, 115, '37 43 57 36 81 91 35 45 74 38 26 64 91 58 51 58 51 41 34 101 ' ,'0 0 0 0 0 0 0 0 0 0 0 0 0 0 0 0 0 0 0 0 ' ,84 ,2 ,0, 0
151 ,138, 125, '44 35 54 49 57 34 115 59 34 28 53 96 46 49 44 63 86 54 76 55 ' ,'0 0 0 0 0 0 0 0 0 0 0 0 0 0 0 0 0 0 0 0 ' ,84 ,1 ,0, 0
404 ,141, 165, '88 92 161 72 50 32 27 32 49 40 15 56 27 56 90 38 43 50 30 47 ' ,'0 0 0 0 0 0 0 0 0 0 0 0 0 0 0 0 0 0 0 0 ' ,145 ,2 ,0, 0
156 ,180, 125, '28 64 59 62 59 36 86 59 73 57 64 58 38 75 36 58 39 25 65 40 ' ,'0 0 0 0 0 0 0 0 0 0 0 0 0 0 0 0 0 0 0 0 ' ,94 ,32 ,1, 1
109 ,152, 84, '66 43 40 81 51 28 57 50 51 42 34 54 59 65 46 55 65 43 77 31 ' ,'0 0 0 0 0 0 0 0 0 0 0 0 0 0 0 0 0 0 0 0 ' ,53 ,2 ,1, 1
91 ,103, 71, '59 68 50 46 52 60 56 49 56 59 25 43 35 44 38 60 50 38 53 52 ' ,'0 0 0 0 0 0 0 0 0 0 0 0 0 0 0 0 0 0 0 0 ' ,39 ,1 ,0, 0
101 ,86, 78, '42 43 57 71 65 40 52 49 72 54 62 58 43 53 48 55 46 27 41 45 ' ,'0 0 0 0 0 0 0 0 0 0 0 0 0 0 0 0 0 0 0 0 ' ,48 ,1 ,1, 1
147 ,95, 129, '66 49 44 52 42 49 75 57 57 34 55 56 53 48 116 58 62 53 74 54 ' ,'0 0 0 0 0 0 0 0 0 0 0 0 0 0 0 0 0 0 0 0 ' ,85 ,2 ,0, 0
129 ,142, 105, '70 84 26 64 84 34 48 48 62 82 32 24 37 51 34 72 25 31 29 82 ' ,'0 0 0 0 0 0 0 0 0 0 0 0 0 0 0 0 0 0 0 0 ' ,74 ,1 ,2, 2
1567 ,126, 104, '32 45 72 56 42 30 61 33 94 20 51 34 43 20 47 63 56 53 31 53 ' ,'0 0 0 0 0 0 0 0 0 0 0 0 0 0 0 0 0 0 0 0 ' ,76 ,1 ,1, 1
760 ,122, 102, '25 21 61 48 67 33 38 48 68 54 53 70 30 73 36 45 43 37 51 84 ' ,'0 0 0 0 0 0 0 0 0 0 0 0 0 0 0 0 0 0 0 0 ' ,76 ,1 ,0, 0
119 ,125, 94, '31 48 20 57 79 30 73 65 62 65 68 65 39 84 29 47 46 27 57 38 ' ,'0 0 0 0 0 0 0 0 0 0 0 0 0 0 0 0 0 0 0 0 ' ,68 ,0 ,1, 1
165 ,108, 139, '22 48 132 70 63 47 76 86 61 51 55 60 37 56 34 45 32 62 88 60 ' ,'0 0 0 0 0 0 0 0 0 0 0 0 0 0 0 0 0 0 0 0 ' ,110 ,0 ,1, 1
110 ,154, 86, '62 33 65 65 28 42 35 20 56 45 70 51 31 54 47 37 29 65 42 39 ' ,'0 0 0 0 0 0 0 0 0 0 0 0 0 0 0 0 0 0 0 0 ' ,60 ,0 ,1, 1
127 ,99, 105, '45 57 29 30 87 55 41 49 45 59 75 50 36 51 27 63 52 59 44 41 ' ,'0 0 0 0 0 0 0 0 0 0 0 0 0 0 0 0 0 0 0 0 ' ,67 ,1 ,1, 1
124 ,120, 100, '52 72 36 33 90 55 35 59 53 70 38 66 48 54 22 57 74 47 45 38 ' ,'0 0 0 0 0 0 0 0 0 0 0 0 0 0 0 0 0 0 0 0 ' ,69 ,1 ,0, 0
93 ,123, 68, '45 47 38 47 28 38 26 64 53 28 29 57 34 58 56 53 47 53 19 45 ' ,'0 0 0 0 0 0 0 0 0 0 0 0 0 0 0 0 0 0 0 0 ' ,46 ,1 ,0, 0
1615 ,86, 123, '31 62 38 47 31 55 24 93 56 56 113 59 33 51 48 58 21 52 47 48 ' ,'0 0 0 0 0 0 0 0 0 0 0 0 0 0 0 0 0 0 0 0 ' ,96 ,1 ,1, 1
125 ,137, 86, '63 47 79 69 36 30 39 29 61 22 72 44 33 86 40 45 34 64 60 37 ' ,'0 0 0 0 0 0 0 0 0 0 0 0 0 0 0 0 0 0 0 0 ' ,60 ,1 ,1, 1
209 ,111, 185, '56 45 44 64 58 55 48 39 32 67 63 55 42 68 39 37 25 55 74 35 ' ,'0 0 0 0 0 0 0 0 0 0 0 0 0 0 0 0 0 0 0 0 ' ,150 ,1 ,0, 0
130 ,205, 105, '51 58 69 63 50 61 52 47 60 65 66 94 37 51 43 51 31 43 35 33 ' ,'0 0 0 0 0 0 0 0 0 0 0 0 0 0 0 0 0 0 0 0 ' ,65 ,1 ,1, 1
1629 ,118, 133, '19 38 37 91 68 37 32 33 44 35 48 63 49 82 37 43 38 78 49 117 ' ,'0 0 0 0 0 0 0 0 0 0 0 0 0 0 0 0 0 0 0 0 ' ,106 ,1 ,1, 1
154 ,148, 127, '40 40 38 57 79 39 115 31 115 62 45 62 54 82 28 65 35 51 45 57 ' ,'0 0 0 0 0 0 0 0 0 0 0 0 0 0 0 0 0 0 0 0 ' ,87 ,1 ,0, 0
141 ,144, 125, '46 32 45 53 56 59 33 33 81 47 31 15 44 73 61 72 36 80 19 113 ' ,'0 0 0 0 0 0 0 0 0 0 0 0 0 0 0 0 0 0 0 0 ' ,99 ,1 ,0, 0
98 ,137, 84, '36 35 35 58 40 20 41 66 37 42 41 46 37 35 38 65 31 77 45 47 ' ,'0 0 0 0 0 0 0 0 0 0 0 0 0 0 0 0 0 0 0 0 ' ,58 ,1 ,1, 1
84 ,96, 68, '43 55 43 41 50 46 32 50 62 28 46 43 43 39 28 47 56 60 30 45 ' ,'0 0 0 0 0 0 0 0 0 0 0 0 0 0 0 0 0 0 0 0 ' ,34 ,0 ,0, 0
100 ,79, 78, '49 31 29 65 27 48 23 32 48 25 30 19 52 58 63 29 37 62 52 61 ' ,'0 0 0 0 0 0 0 0 0 0 0 0 0 0 0 0 0 0 0 0 ' ,51 ,1 ,0, 0
105 ,93, 87, '45 68 54 26 31 53 36 45 38 74 39 40 29 43 27 48 38 44 31 43 ' ,'0 0 0 0 0 0 0 0 0 0 0 0 0 0 0 0 0 0 0 0 ' ,54 ,1 ,0, 0
128 ,100, 104, '50 50 53 25 32 101 59 37 79 34 54 40 27 63 64 44 35 99 35 30 ' ,'0 0 0 0 0 0 0 0 0 0 0 0 0 0 0 0 0 0 0 0 ' ,71 ,1 ,0, 0
100 ,124, 78, '39 45 70 30 43 70 39 52 37 31 64 52 35 59 43 55 76 59 29 34 ' ,'0 0 0 0 0 0 0 0 0 0 0 0 0 0 0 0 0 0 0 0 ' ,49 ,0 ,1, 1
107 ,99, 81, '34 33 58 33 49 58 45 34 46 33 27 56 51 55 64 57 27 64 44 31 ' ,'0 0 0 0 0 0 0 0 0 0 0 0 0 0 0 0 0 0 0 0 ' ,49 ,1 ,1, 1
211 ,99, 188, '31 51 58 42 70 48 29 43 56 33 67 47 29 45 75 50 79 54 32 44 ' ,'0 0 0 0 0 0 0 0 0 0 0 0 0 0 0 0 0 0 0 0 ' ,145 ,1 ,0, 0
116 ,204, 96, '22 50 91 57 41 57 38 43 35 48 58 58 38 30 61 54 69 68 35 39 ' ,'0 0 0 0 0 0 0 0 0 0 0 0 0 0 0 0 0 0 0 0 ' ,70 ,1 ,1, 1
129 ,111, 111, '31 45 41 37 44 98 64 48 70 59 44 42 55 43 39 37 55 69 46 68 ' ,'0 0 0 0 0 0 0 0 0 0 0 0 0 0 0 0 0 0 0 0 ' ,72 ,1 ,1, 1
97 ,124, 76, '38 47 51 46 33 53 49 49 53 45 30 37 48 65 40 35 54 47 50 65 ' ,'0 0 0 0 0 0 0 0 0 0 0 0 0 0 0 0 0 0 0 0 ' ,41 ,1 ,0, 0
90 ,93, 66, '37 35 36 44 42 36 46 33 36 39 39 30 58 44 50 34 45 51 50 27 ' ,'0 0 0 0 0 0 0 0 0 0 0 0 0 0 0 0 0 0 0 0 ' ,32 ,1 ,0, 0
100 ,83, 78, '30 42 47 62 47 40 55 36 70 43 39 38 25 42 46 57 29 67 42 34 ' ,'0 0 0 0 0 0 0 0 0 0 0 0 0 0 0 0 0 0 0 0 ' ,45 ,1 ,0, 0
443 ,95, 101, '54 68 31 49 29 40 44 67 93 45 30 61 42 60 46 51 48 50 40 55 ' ,'0 0 0 0 0 0 0 0 0 0 0 0 0 0 0 0 0 0 0 0 ' ,66 ,0 ,0, 0
124 ,115, 92, '32 39 50 38 76 43 36 59 73 46 68 46 35 64 24 73 86 35 54 43 ' ,'0 0 0 0 0 0 0 0 0 0 0 0 0 0 0 0 0 0 0 0 ' ,57 ,0 ,0, 0
132 ,116, 112, '24 61 70 48 82 40 50 24 106 77 56 25 77 54 60 61 34 107 57 43 ' ,'0 0 0 0 0 0 0 0 0 0 0 0 0 0 0 0 0 0 0 0 ' ,86 ,1 ,0, 0
107 ,132, 87, '32 39 38 34 39 36 46 35 67 62 45 78 46 73 45 31 50 29 50 54 ' ,'0 0 0 0 0 0 0 0 0 0 0 0 0 0 0 0 0 0 0 0 ' ,54 ,1 ,0, 0
219 ,104, 202, '49 34 29 41 47 49 30 33 47 60 66 28 66 40 49 33 51 43 49 48 ' ,'0 0 0 0 0 0 0 0 0 0 0 0 0 0 0 0 0 0 0 0 ' ,166 ,0 ,0, 0
117 ,212, 101, '28 38 58 63 43 47 92 30 40 45 55 60 47 54 48 39 46 24 64 52 ' ,'0 0 0 0 0 0 0 0 0 0 0 0 0 0 0 0 0 0 0 0 ' ,72 ,1 ,1, 1
85 ,112, 67, '50 43 44 46 39 41 62 26 53 51 50 37 50 41 52 41 46 41 39 32 ' ,'0 0 0 0 0 0 0 0 0 0 0 0 0 0 0 0 0 0 0 0 ' ,37 ,1 ,1, 1
119 ,79, 95, '50 25 59 66 42 49 46 27 53 30 71 59 28 49 37 53 39 85 42 50 ' ,'0 0 0 0 0 0 0 0 0 0 0 0 0 0 0 0 0 0 0 0 ' ,65 ,1 ,0, 0
209 ,115, 180, '177 37 74 47 54 81 26 41 53 101 69 52 22 38 120 42 44 35 51 39 ' ,'0 0 0 0 0 0 0 0 0 0 0 0 0 0 0 0 0 0 0 0 ' ,156 ,1 ,0, 0
201 ,206, 178, '33 55 52 48 29 53 44 51 34 44 168 38 92 68 32 48 36 29 48 43 ' ,'0 0 0 0 0 0 0 0 0 0 0 0 0 0 0 0 0 0 0 0 ' ,143 ,1 ,1, 1
128 ,194, 107, '64 55 99 74 40 58 29 28 78 45 54 49 41 36 94 41 28 68 43 82 ' ,'0 0 0 0 0 0 0 0 0 0 0 0 0 0 0 0 0 0 0 0 ' ,74 ,1 ,1, 1
113 ,123, 86, '37 61 58 43 65 78 47 50 69 66 53 59 42 45 33 57 63 43 26 38 ' ,'0 0 0 0 0 0 0 0 0 0 0 0 0 0 0 0 0 0 0 0 ' ,53 ,0 ,2, 2
97 ,99, 69, '29 39 26 37 48 38 57 36 44 41 35 41 46 61 64 61 63 53 54 41 ' ,'0 0 0 0 0 0 0 0 0 0 0 0 0 0 0 0 0 0 0 0 ' ,44 ,1 ,1, 1
103 ,91, 78, '45 46 62 61 31 47 41 42 38 60 55 52 37 45 28 34 45 53 39 37 ' ,'0 0 0 0 0 0 0 0 0 0 0 0 0 0 0 0 0 0 0 0 ' ,43 ,1 ,0, 0
185 ,99, 159, '48 54 27 59 20 79 29 38 64 45 32 23 40 86 47 120 45 74 55 55 ' ,'0 0 0 0 0 0 0 0 0 0 0 0 0 0 0 0 0 0 0 0 ' ,130 ,37 ,0, 0
132 ,174, 109, '26 84 80 48 57 45 50 33 63 39 25 98 35 43 49 58 28 95 40 36 ' ,'0 0 0 0 0 0 0 0 0 0 0 0 0 0 0 0 0 0 0 0 ' ,79 ,1 ,1, 1
131 ,131, 111, '54 101 69 65 20 31 36 51 60 43 42 59 40 57 69 67 40 42 49 34 ' ,'0 0 0 0 0 0 0 0 0 0 0 0 0 0 0 0 0 0 0 0 ' ,73 ,0 ,0, 0
216 ,129, 83, '36 81 54 40 52 53 53 30 64 41 45 25 39 67 35 58 26 57 20 24 ' ,'0 0 0 0 0 0 0 0 0 0 0 0 0 0 0 0 0 0 0 0 ' ,60 ,1 ,1, 1
171 ,100, 155, '36 56 47 69 68 76 67 41 77 37 31 82 47 129 47 49 32 28 148 20 ' ,'0 0 0 0 0 0 0 0 0 0 0 0 0 0 0 0 0 0 0 0 ' ,122 ,0 ,1, 1
99 ,165, 78, '38 48 60 61 44 43 28 45 47 37 34 25 40 48 44 59 44 33 45 62 ' ,'0 0 0 0 0 0 0 0 0 0 0 0 0 0 0 0 0 0 0 0 ' ,45 ,0 ,1, 1
118 ,94, 96, '30 45 75 83 48 36 49 38 53 25 55 29 84 27 30 37 43 61 17 48 ' ,'0 0 0 0 0 0 0 0 0 0 0 0 0 0 0 0 0 0 0 0 ' ,72 ,1 ,0, 0
105 ,111, 81, '46 41 71 75 51 32 73 26 54 36 50 37 22 42 27 38 25 60 61 50 ' ,'0 0 0 0 0 0 0 0 0 0 0 0 0 0 0 0 0 0 0 0 ' ,55 ,1 ,0, 0
127 ,105, 113, '27 52 106 34 45 79 35 42 31 30 47 48 35 57 20 84 41 70 50 40 ' ,'0 0 0 0 0 0 0 0 0 0 0 0 0 0 0 0 0 0 0 0 ' ,78 ,1 ,1, 1
117 ,127, 98, '32 94 54 49 46 76 92 47 47 40 40 51 50 64 47 44 71 32 32 37 ' ,'0 0 0 0 0 0 0 0 0 0 0 0 0 0 0 0 0 0 0 0 ' ,66 ,0 ,0, 0
101 ,112, 86, '59 36 59 58 34 44 23 39 53 42 39 71 58 67 52 77 46 34 38 42 ' ,'0 0 0 0 0 0 0 0 0 0 0 0 0 0 0 0 0 0 0 0 ' ,57 ,1 ,1, 1
88 ,96, 68, '28 60 47 54 47 57 56 37 52 40 33 26 26 64 49 44 51 63 40 31 ' ,'0 0 0 0 0 0 0 0 0 0 0 0 0 0 0 0 0 0 0 0 ' ,39 ,0 ,0, 0
118 ,86, 92, '38 52 30 36 84 38 67 24 44 46 40 50 84 62 32 91 35 39 29 68 ' ,'0 0 0 0 0 0 0 0 0 0 0 0 0 0 0 0 0 0 0 0 ' ,70 ,0 ,0, 0
101 ,111, 83, '25 69 30 54 50 44 71 35 49 27 36 56 35 67 41 52 35 38 51 50 ' ,'0 0 0 0 0 0 0 0 0 0 0 0 0 0 0 0 0 0 0 0 ' ,50 ,0 ,4, 3
148 ,95, 129, '34 50 30 47 114 39 42 25 31 71 54 73 41 32 26 42 46 28 52 52 ' ,'0 0 0 0 0 0 0 0 0 0 0 0 0 0 0 0 0 0 0 0 ' ,101 ,1 ,0, 0
116 ,140, 100, '61 53 49 61 46 38 45 48 54 73 33 73 46 58 54 53 42 46 63 81 ' ,'0 0 0 0 0 0 0 0 0 0 0 0 0 0 0 0 0 0 0 0 ' ,60 ,1 ,0, 0
156 ,110, 130, '122 46 79 61 64 53 55 73 87 54 67 49 39 100 37 70 43 45 34 61 ' ,'0 0 0 0 0 0 0 0 0 0 0 0 0 0 0 0 0 0 0 0 ' ,91 ,1 ,1, 1
117 ,146, 98, '31 38 32 57 77 50 53 50 76 84 39 64 39 49 30 53 58 79 40 35 ' ,'0 0 0 0 0 0 0 0 0 0 0 0 0 0 0 0 0 0 0 0 ' ,60 ,1 ,0, 0
596 ,114, 107, '29 69 59 68 71 72 100 41 71 54 39 37 29 55 58 67 59 59 36 59 ' ,'0 0 0 0 0 0 0 0 0 0 0 0 0 0 0 0 0 0 0 0 ' ,72 ,1 ,1, 1
126 ,122, 101, '53 62 24 44 78 35 30 46 56 58 37 36 41 28 31 73 43 91 31 72 ' ,'0 0 0 0 0 0 0 0 0 0 0 0 0 0 0 0 0 0 0 0 ' ,71 ,1 ,1, 1
105 ,114, 87, '35 42 34 40 71 42 43 37 44 33 34 39 42 31 36 32 39 54 36 37 ' ,'0 0 0 0 0 0 0 0 0 0 0 0 0 0 0 0 0 0 0 0 ' ,48 ,1 ,1, 1
123 ,95, 104, '56 55 45 33 89 48 56 51 48 54 32 38 65 24 75 70 35 72 49 52 ' ,'0 0 0 0 0 0 0 0 0 0 0 0 0 0 0 0 0 0 0 0 ' ,71 ,1 ,0, 0
99 ,115, 76, '40 43 48 28 57 43 45 72 46 44 60 44 34 32 39 37 51 58 39 44 ' ,'0 0 0 0 0 0 0 0 0 0 0 0 0 0 0 0 0 0 0 0 ' ,41 ,1 ,0, 0
124 ,95, 102, '56 40 51 61 38 50 47 48 85 81 44 40 34 87 49 72 32 93 29 43 ' ,'0 0 0 0 0 0 0 0 0 0 0 0 0 0 0 0 0 0 0 0 ' ,67 ,1 ,2, 2
108 ,116, 82, '34 65 54 40 46 43 27 30 50 25 74 37 23 49 51 52 42 52 63 36 ' ,'0 0 0 0 0 0 0 0 0 0 0 0 0 0 0 0 0 0 0 0 ' ,51 ,0 ,0, 0
123 ,99, 105, '51 45 101 41 35 36 39 51 94 67 25 36 27 43 59 49 27 42 45 30 ' ,'0 0 0 0 0 0 0 0 0 0 0 0 0 0 0 0 0 0 0 0 ' ,72 ,0 ,1, 1
88 ,123, 77, '63 35 51 49 48 42 31 52 31 60 63 40 53 40 29 49 54 50 51 43 ' ,'0 0 0 0 0 0 0 0 0 0 0 0 0 0 0 0 0 0 0 0 ' ,37 ,0 ,0, 0
93 ,83, 81, '72 38 49 29 31 30 73 46 64 44 38 31 66 43 58 51 38 30 37 36 ' ,'0 0 0 0 0 0 0 0 0 0 0 0 0 0 0 0 0 0 0 0 ' ,47 ,0 ,1, 1
120 ,88, 108, '52 37 48 52 56 31 42 34 37 29 46 26 67 49 96 61 32 41 50 55 ' ,'0 0 0 0 0 0 0 0 0 0 0 0 0 0 0 0 0 0 0 0 ' ,72 ,1 ,0, 0
141 ,117, 122, '51 64 46 46 34 32 36 33 28 44 44 58 65 43 63 50 52 49 72 101 ' ,'0 0 0 0 0 0 0 0 0 0 0 0 0 0 0 0 0 0 0 0 ' ,81 ,1 ,1, 1
1521 ,133, 103, '44 48 29 62 69 32 62 45 82 41 23 87 91 53 35 47 38 65 45 55 ' ,'0 0 0 0 0 0 0 0 0 0 0 0 0 0 0 0 0 0 0 0 ' ,72 ,1 ,1, 1
128 ,119, 103, '38 92 26 55 45 40 35 34 47 35 30 67 25 42 35 49 42 48 28 52 ' ,'0 0 0 0 0 0 0 0 0 0 0 0 0 0 0 0 0 0 0 0 ' ,68 ,0 ,0, 0
113 ,111, 93, '21 68 82 46 43 39 27 34 83 64 44 58 33 43 50 55 44 29 44 37 ' ,'0 0 0 0 0 0 0 0 0 0 0 0 0 0 0 0 0 0 0 0 ' ,63 ,1 ,1, 1
142 ,107, 122, '58 37 45 67 57 33 39 30 37 107 56 39 33 44 35 59 36 43 46 41 ' ,'0 0 0 0 0 0 0 0 0 0 0 0 0 0 0 0 0 0 0 0 ' ,86 ,1 ,1, 1
126 ,137, 109, '49 54 32 24 92 38 35 46 26 33 51 28 43 78 38 43 50 56 27 48 ' ,'0 0 0 0 0 0 0 0 0 0 0 0 0 0 0 0 0 0 0 0 ' ,73 ,1 ,2, 2
1808 ,121, 81, '61 42 62 74 58 36 35 47 55 39 35 37 50 47 38 44 43 56 64 45 ' ,'0 0 0 0 0 0 0 0 0 0 0 0 0 0 0 0 0 0 0 0 ' ,41 ,1 ,0, 0
127 ,91, 96, '26 50 42 82 20 55 39 35 90 32 36 36 26 28 59 46 34 34 73 72 ' ,'0 0 0 0 0 0 0 0 0 0 0 0 0 0 0 0 0 0 0 0 ' ,65 ,0 ,1, 1
101 ,112, 86, '64 43 36 43 53 44 72 32 54 69 28 67 33 48 56 62 64 77 42 52 ' ,'0 0 0 0 0 0 0 0 0 0 0 0 0 0 0 0 0 0 0 0 ' ,46 ,0 ,0, 0
163 ,95, 143, '71 51 32 77 36 62 33 29 77 46 72 39 44 38 36 57 40 67 71 59 ' ,'0 0 0 0 0 0 0 0 0 0 0 0 0 0 0 0 0 0 0 0 ' ,105 ,56 ,0, 0
126 ,155, 104, '42 45 48 38 26 39 41 36 32 41 92 41 45 47 45 55 32 64 40 20 ' ,'0 0 0 0 0 0 0 0 0 0 0 0 0 0 0 0 0 0 0 0 ' ,68 ,1 ,0, 0
660 ,118, 96, '48 43 40 71 39 53 42 68 43 77 68 54 62 58 63 35 52 30 55 35 ' ,'0 0 0 0 0 0 0 0 0 0 0 0 0 0 0 0 0 0 0 0 ' ,59 ,1 ,0, 0
184 ,114, 158, '35 50 152 32 47 46 43 56 46 54 37 31 27 43 58 54 40 28 30 29 ' ,'0 0 0 0 0 0 0 0 0 0 0 0 0 0 0 0 0 0 0 0 ' ,123 ,1 ,0, 0
101 ,173, 83, '44 34 38 41 63 39 74 66 47 53 48 70 53 55 33 69 31 44 47 41 ' ,'0 0 0 0 0 0 0 0 0 0 0 0 0 0 0 0 0 0 0 0 ' ,48 ,1 ,0, 0
108 ,99, 91, '52 31 55 34 41 62 37 31 76 32 45 28 30 46 45 84 37 42 43 30 ' ,'0 0 0 0 0 0 0 0 0 0 0 0 0 0 0 0 0 0 0 0 ' ,54 ,0 ,0, 0
103 ,104, 92, '52 36 49 38 52 28 32 53 60 37 60 29 42 79 43 51 51 59 42 45 ' ,'0 0 0 0 0 0 0 0 0 0 0 0 0 0 0 0 0 0 0 0 ' ,51 ,1 ,1, 1
102 ,98, 89, '31 62 47 42 39 71 30 42 44 48 51 29 80 30 50 42 33 56 55 59 ' ,'0 0 0 0 0 0 0 0 0 0 0 0 0 0 0 0 0 0 0 0 ' ,55 ,1 ,1, 1
103 ,97, 92, '34 82 49 47 45 66 36 37 37 44 39 54 71 63 55 85 45 38 35 53 ' ,'0 0 0 0 0 0 0 0 0 0 0 0 0 0 0 0 0 0 0 0 ' ,52 ,1 ,1, 1
140 ,99, 123, '36 31 56 48 37 43 37 41 34 38 77 112 56 57 40 52 32 44 31 49 ' ,'0 0 0 0 0 0 0 0 0 0 0 0 0 0 0 0 0 0 0 0 ' ,86 ,1 ,0, 0
152 ,140, 138, '36 46 49 59 67 34 29 48 35 37 51 46 48 48 53 129 29 66 52 48 ' ,'0 0 0 0 0 0 0 0 0 0 0 0 0 0 0 0 0 0 0 0 ' ,100 ,0 ,0, 0
130 ,149, 113, '57 46 32 44 34 49 49 43 59 34 46 56 47 45 54 106 38 19 43 55 ' ,'0 0 0 0 0 0 0 0 0 0 0 0 0 0 0 0 0 0 0 0 ' ,91 ,0 ,0, 0
99 ,127, 80, '43 63 35 46 65 38 33 40 43 43 48 64 57 34 46 47 47 57 44 50 ' ,'0 0 0 0 0 0 0 0 0 0 0 0 0 0 0 0 0 0 0 0 ' ,38 ,0 ,0, 0
91 ,95, 74, '52 33 51 44 22 34 48 32 44 42 37 29 38 43 54 67 44 39 65 30 ' ,'0 0 0 0 0 0 0 0 0 0 0 0 0 0 0 0 0 0 0 0 ' ,39 ,0 ,0, 0
724 ,84, 107, '102 30 61 71 60 50 38 35 42 29 34 43 58 79 71 40 54 58 62 33 ' ,'0 0 0 0 0 0 0 0 0 0 0 0 0 0 0 0 0 0 0 0 ' ,74 ,0 ,0, 0
106 ,121, 87, '50 38 43 49 48 28 46 59 37 33 45 66 61 44 74 49 46 43 59 56 ' ,'0 0 0 0 0 0 0 0 0 0 0 0 0 0 0 0 0 0 0 0 ' ,48 ,0 ,0, 0
171 ,101, 151, '44 33 27 45 51 45 38 43 68 45 36 50 135 59 29 41 31 35 49 40 ' ,'0 0 0 0 0 0 0 0 0 0 0 0 0 0 0 0 0 0 0 0 ' ,117 ,1 ,1, 1
170 ,160, 152, '29 45 28 50 136 45 33 33 53 133 50 41 54 46 53 63 44 41 36 24 ' ,'0 0 0 0 0 0 0 0 0 0 0 0 0 0 0 0 0 0 0 0 ' ,117 ,1 ,0, 0
91 ,163, 70, '35 43 32 46 23 49 45 41 59 32 51 33 38 42 36 24 31 38 30 50 ' ,'0 0 0 0 0 0 0 0 0 0 0 0 0 0 0 0 0 0 0 0 ' ,37 ,1 ,1, 1
102 ,83, 85, '49 36 29 40 33 62 38 44 60 68 44 39 30 49 35 58 34 78 44 47 ' ,'0 0 0 0 0 0 0 0 0 0 0 0 0 0 0 0 0 0 0 0 ' ,53 ,1 ,0, 0
115 ,97, 99, '53 38 42 41 38 35 75 51 34 53 51 46 48 44 23 42 64 68 47 75 ' ,'0 0 0 0 0 0 0 0 0 0 0 0 0 0 0 0 0 0 0 0 ' ,60 ,1 ,0, 0
101 ,106, 79, '53 48 39 38 59 45 44 56 34 55 33 70 43 38 29 37 41 51 43 57 ' ,'0 0 0 0 0 0 0 0 0 0 0 0 0 0 0 0 0 0 0 0 ' ,38 ,1 ,1, 1
231 ,96, 213, '65 33 34 56 58 36 34 40 32 40 76 190 48 32 28 31 42 62 40 67 ' ,'0 0 0 0 0 0 0 0 0 0 156 121 0 0 0 0 0 0 0 0 ' ,177 ,1 ,0, 0
95 ,226, 78, '32 45 35 50 52 40 36 20 36 37 39 30 41 41 57 70 43 37 29 40 ' ,'0 0 0 0 0 0 0 0 0 0 0 0 0 0 0 0 0 0 0 0 ' ,48 ,1 ,1, 1
151 ,90, 138, '36 63 45 57 46 130 51 51 57 42 60 49 40 37 39 51 43 42 39 35 ' ,'0 0 0 0 0 0 0 0 0 0 0 0 0 0 0 0 0 0 0 0 ' ,96 ,1 ,0, 0
108 ,145, 91, '89 42 41 44 31 47 34 64 34 47 36 32 35 62 59 38 51 41 36 40 ' ,'0 0 0 0 0 0 0 0 0 0 0 0 0 0 0 0 0 0 0 0 ' ,59 ,1 ,0, 0
108 ,102, 95, '42 43 36 39 32 80 51 29 49 59 59 32 48 52 31 37 77 61 40 40 ' ,'0 0 0 0 0 0 0 0 0 0 0 0 0 0 0 0 0 0 0 0 ' ,54 ,1 ,2, 2
231 ,101, 215, '48 47 71 30 46 63 68 37 60 37 67 40 40 83 53 77 60 25 56 34 ' ,'0 0 0 0 185 0 0 0 0 169 0 0 0 0 0 0 0 0 0 0 ' ,177 ,1 ,0, 0
140 ,220, 123, '40 41 59 44 43 55 56 46 33 53 53 53 57 50 36 48 73 51 41 63 ' ,'0 0 0 0 0 0 0 0 0 0 0 0 0 0 0 0 0 0 0 0 ' ,69 ,1 ,0, 0
121 ,135, 105, '44 49 51 37 39 41 42 47 40 44 39 37 45 53 44 26 67 47 64 89 ' ,'0 0 0 0 0 0 0 0 0 0 0 0 0 0 0 0 0 0 0 0 ' ,73 ,1 ,1, 1
124 ,118, 107, '45 42 32 33 34 36 35 48 28 50 42 33 44 56 49 55 49 44 97 65 ' ,'0 0 0 0 0 0 0 0 0 0 0 0 0 0 0 0 0 0 0 0 ' ,65 ,1 ,0, 0
204 ,119, 186, '47 57 54 33 36 22 175 49 48 41 59 34 65 42 47 47 58 67 38 72 ' ,'0 0 0 0 0 0 0 0 0 0 0 0 0 0 0 0 0 0 0 0 ' ,154 ,0 ,0, 0
90 ,199, 73, '41 48 39 46 51 27 32 26 34 38 60 63 35 48 45 56 47 66 55 36 ' ,'0 0 0 0 0 0 0 0 0 0 0 0 0 0 0 0 0 0 0 0 ' ,41 ,1 ,0, 0
125 ,87, 110, '35 40 36 48 46 50 55 44 35 48 102 45 60 42 42 88 65 52 53 76 ' ,'0 0 0 0 0 0 0 0 0 0 0 0 0 0 0 0 0 0 0 0 ' ,71 ,1 ,0, 0
140 ,119, 123, '38 49 80 58 42 45 73 74 41 53 113 54 55 81 36 75 41 36 54 64 ' ,'0 0 0 0 0 0 0 0 0 0 0 0 0 0 0 0 0 0 0 0 ' ,73 ,0 ,1, 1
114 ,134, 97, '35 44 40 28 55 50 55 48 27 50 46 47 73 34 62 90 51 58 54 38 ' ,'0 0 0 0 0 0 0 0 0 0 0 0 0 0 0 0 0 0 0 0 ' ,61 ,0 ,1, 1
99 ,112, 84, '71 61 34 26 45 34 63 77 59 42 53 40 56 33 35 45 47 72 35 41 ' ,'0 0 0 0 0 0 0 0 0 0 0 0 0 0 0 0 0 0 0 0 ' ,53 ,0 ,0, 0
318 ,95, 81, '59 34 49 38 30 45 60 49 36 42 40 50 34 41 68 68 61 36 41 42 ' ,'0 0 0 0 0 0 0 0 0 0 0 0 0 0 0 0 0 0 0 0 ' ,41 ,0 ,0, 0
205 ,95, 185, '41 39 52 57 37 53 33 50 52 30 38 24 49 35 105 61 67 29 49 40 ' ,'0 0 0 0 0 0 0 0 0 0 0 0 0 0 0 0 0 0 0 0 ' ,149 ,62 ,1, 1
