29013 ,0, 82, '24 39 30 38 ' ,'0 0 0 0 ' ,14 ,6 ,16, 16
5215 ,107, 392, '271 247 181 355 ' ,'0 0 0 0 ' ,191 ,1 ,9, 8
313 ,407, 289, '268 200 146 188 ' ,'0 0 0 0 ' ,127 ,2 ,7, 7
242 ,297, 217, '209 156 163 198 ' ,'0 0 0 0 ' ,54 ,1 ,1, 1
230 ,231, 212, '193 165 191 197 ' ,'0 0 0 0 ' ,38 ,1 ,2, 2
972 ,219, 286, '220 217 275 240 ' ,'0 0 0 0 ' ,59 ,1 ,2, 2
294 ,297, 267, '196 246 192 253 ' ,'0 0 0 0 ' ,64 ,1 ,1, 1
257 ,278, 240, '226 215 202 195 ' ,'0 0 0 0 ' ,33 ,1 ,3, 3
294 ,249, 279, '221 213 211 270 ' ,'0 0 0 0 ' ,59 ,0 ,2, 2
287 ,286, 270, '230 257 196 237 ' ,'0 0 0 0 ' ,67 ,1 ,1, 1
283 ,276, 261, '214 230 239 249 ' ,'0 0 0 0 ' ,38 ,1 ,1, 1
250 ,270, 233, '220 200 191 194 ' ,'0 0 0 0 ' ,31 ,1 ,2, 2
239 ,241, 223, '208 208 183 196 ' ,'0 0 0 0 ' ,32 ,1 ,2, 2
245 ,229, 228, '204 192 197 216 ' ,'0 0 0 0 ' ,26 ,1 ,1, 1
242 ,236, 223, '185 214 204 211 ' ,'0 0 0 0 ' ,27 ,1 ,1, 1
272 ,232, 258, '245 212 206 240 ' ,'0 0 0 0 ' ,41 ,2 ,1, 1
568 ,272, 320, '196 171 308 199 ' ,'0 0 0 0 ' ,137 ,1 ,2, 2
561 ,325, 244, '201 220 232 211 ' ,'0 0 0 0 ' ,36 ,1 ,2, 2
247 ,251, 228, '204 217 203 179 ' ,'0 0 0 0 ' ,41 ,0 ,1, 1
277 ,234, 261, '217 235 208 253 ' ,'0 0 0 0 ' ,46 ,0 ,2, 2
309 ,269, 288, '278 267 240 266 ' ,'0 0 0 0 ' ,42 ,3 ,1, 1
396 ,297, 375, '364 211 203 251 ' ,'0 0 0 0 ' ,163 ,2 ,2, 2
262 ,380, 243, '232 223 187 214 ' ,'0 0 0 0 ' ,48 ,2 ,2, 2
268 ,249, 247, '188 235 214 236 ' ,'0 0 0 0 ' ,50 ,2 ,2, 2
260 ,252, 240, '229 229 188 184 ' ,'0 0 0 0 ' ,46 ,2 ,2, 2
254 ,246, 240, '228 195 227 224 ' ,'0 0 0 0 ' ,36 ,2 ,3, 3
255 ,246, 244, '185 215 201 233 ' ,'0 0 0 0 ' ,50 ,1 ,2, 2
239 ,249, 227, '205 218 209 210 ' ,'0 0 0 0 ' ,16 ,2 ,1, 1
281 ,233, 266, '256 245 178 214 ' ,'0 0 0 0 ' ,77 ,2 ,2, 2
252 ,271, 240, '222 226 192 213 ' ,'0 0 0 0 ' ,36 ,6 ,1, 1
257 ,247, 244, '230 231 230 197 ' ,'0 0 0 0 ' ,34 ,1 ,2, 2
273 ,250, 256, '192 231 216 246 ' ,'0 0 0 0 ' ,57 ,1 ,2, 2
300 ,263, 278, '219 245 213 267 ' ,'0 0 0 0 ' ,63 ,1 ,2, 2
285 ,289, 270, '261 234 251 241 ' ,'0 0 0 0 ' ,28 ,1 ,2, 2
306 ,275, 291, '255 197 281 226 ' ,'0 0 0 0 ' ,86 ,1 ,2, 2
279 ,297, 263, '204 227 203 257 ' ,'0 0 0 0 ' ,53 ,1 ,1, 1
261 ,272, 243, '234 199 235 209 ' ,'0 0 0 0 ' ,36 ,1 ,1, 1
252 ,252, 231, '221 187 218 204 ' ,'0 0 0 0 ' ,35 ,1 ,1, 1
359 ,235, 340, '332 217 212 276 ' ,'0 0 0 0 ' ,121 ,0 ,1, 1
281 ,347, 265, '199 247 183 256 ' ,'0 0 0 0 ' ,71 ,0 ,2, 2
391 ,271, 372, '363 263 339 285 ' ,'0 0 0 0 ' ,103 ,1 ,1, 1
259 ,378, 243, '234 193 224 234 ' ,'0 0 0 0 ' ,44 ,1 ,1, 1
261 ,250, 247, '180 238 235 241 ' ,'0 0 0 0 ' ,61 ,1 ,1, 1
304 ,253, 283, '273 212 202 221 ' ,'0 0 0 0 ' ,73 ,1 ,1, 1
248 ,290, 229, '214 206 221 200 ' ,'0 0 0 0 ' ,21 ,1 ,2, 2
264 ,234, 243, '235 215 190 186 ' ,'0 0 0 0 ' ,50 ,0 ,2, 2
256 ,249, 238, '211 189 226 170 ' ,'0 0 0 0 ' ,62 ,1 ,1, 1
316 ,245, 296, '270 287 250 143 ' ,'0 0 0 0 ' ,146 ,1 ,2, 2
544 ,301, 295, '208 284 225 158 ' ,'0 0 0 0 ' ,129 ,1 ,1, 1
1020 ,301, 260, '215 204 247 177 ' ,'0 0 0 0 ' ,72 ,0 ,2, 2
300 ,267, 278, '268 196 248 265 ' ,'0 0 0 0 ' ,72 ,1 ,2, 2
323 ,283, 299, '228 248 291 198 ' ,'0 0 0 0 ' ,95 ,1 ,1, 1
234 ,307, 217, '189 177 207 208 ' ,'0 0 0 0 ' ,32 ,0 ,2, 2
237 ,223, 219, '193 210 194 178 ' ,'0 0 0 0 ' ,32 ,0 ,2, 2
1537 ,225, 266, '216 183 258 170 ' ,'0 0 0 0 ' ,90 ,1 ,1, 1
334 ,273, 319, '307 235 194 175 ' ,'0 0 0 0 ' ,135 ,1 ,2, 2
276 ,324, 261, '252 208 217 209 ' ,'0 0 0 0 ' ,46 ,1 ,1, 1
303 ,267, 283, '216 235 259 275 ' ,'0 0 0 0 ' ,59 ,1 ,2, 2
287 ,288, 267, '223 223 257 258 ' ,'0 0 0 0 ' ,37 ,1 ,1, 1
256 ,273, 244, '197 221 221 235 ' ,'0 0 0 0 ' ,38 ,0 ,2, 2
271 ,249, 258, '251 199 232 188 ' ,'0 0 0 0 ' ,64 ,1 ,2, 2
339 ,265, 327, '239 319 313 168 ' ,'0 0 0 0 ' ,155 ,1 ,1, 1
234 ,333, 220, '209 202 211 204 ' ,'0 0 0 0 ' ,9 ,1 ,2, 2
216 ,224, 202, '198 176 193 187 ' ,'0 0 0 0 ' ,23 ,1 ,1, 1
212 ,214, 200, '185 189 188 163 ' ,'0 0 0 0 ' ,29 ,1 ,2, 2
1772 ,205, 227, '182 218 192 181 ' ,'0 0 0 0 ' ,39 ,1 ,2, 2
280 ,233, 265, '255 208 222 213 ' ,'0 0 0 0 ' ,48 ,1 ,2, 2
278 ,270, 258, '250 172 218 179 ' ,'0 0 0 0 ' ,78 ,0 ,1, 1
237 ,264, 220, '206 210 213 197 ' ,'0 0 0 0 ' ,17 ,0 ,1, 1
238 ,227, 220, '181 190 211 201 ' ,'0 0 0 0 ' ,31 ,1 ,1, 1
305 ,227, 285, '227 275 235 245 ' ,'0 0 0 0 ' ,52 ,1 ,2, 2
344 ,290, 323, '179 313 214 209 ' ,'0 0 0 0 ' ,136 ,1 ,2, 2
292 ,328, 276, '217 244 191 269 ' ,'0 0 0 0 ' ,79 ,1 ,1, 1
272 ,282, 255, '245 226 187 242 ' ,'0 0 0 0 ' ,60 ,1 ,2, 2
316 ,260, 299, '292 252 283 240 ' ,'0 0 0 0 ' ,54 ,1 ,1, 1
296 ,307, 280, '246 261 205 272 ' ,'0 0 0 0 ' ,67 ,1 ,2, 2
303 ,285, 287, '233 247 196 278 ' ,'0 0 0 0 ' ,84 ,1 ,2, 2
282 ,292, 264, '228 202 236 257 ' ,'0 0 0 0 ' ,54 ,0 ,1, 1
293 ,270, 277, '243 263 236 205 ' ,'0 0 0 0 ' ,62 ,1 ,2, 2
291 ,282, 274, '196 262 262 267 ' ,'0 0 0 0 ' ,71 ,1 ,2, 2
289 ,279, 270, '166 242 261 208 ' ,'0 0 0 0 ' ,98 ,1 ,1, 1
502 ,276, 250, '240 204 221 186 ' ,'0 0 0 0 ' ,54 ,1 ,2, 2
240 ,255, 217, '166 205 191 181 ' ,'0 0 0 0 ' ,45 ,1 ,1, 1
263 ,223, 239, '206 199 231 205 ' ,'0 0 0 0 ' ,31 ,1 ,1, 1
224 ,245, 203, '194 185 183 170 ' ,'0 0 0 0 ' ,25 ,1 ,1, 1
271 ,214, 254, '225 209 205 207 ' ,'0 0 0 0 ' ,41 ,20 ,2, 2
605 ,259, 359, '268 349 229 272 ' ,'0 0 0 0 ' ,121 ,1 ,2, 2
248 ,364, 223, '191 211 214 207 ' ,'0 0 0 0 ' ,25 ,1 ,1, 1
238 ,229, 220, '212 168 164 194 ' ,'0 0 0 0 ' ,49 ,1 ,2, 2
258 ,224, 238, '201 202 190 230 ' ,'0 0 0 0 ' ,40 ,1 ,2, 2
328 ,245, 312, '195 302 217 205 ' ,'0 0 0 0 ' ,110 ,1 ,1, 1
316 ,318, 293, '242 213 238 284 ' ,'0 0 0 0 ' ,72 ,1 ,2, 2
367 ,301, 348, '278 338 254 239 ' ,'0 0 0 0 ' ,100 ,1 ,2, 2
291 ,355, 273, '261 263 264 239 ' ,'0 0 0 0 ' ,26 ,1 ,1, 1
336 ,278, 324, '233 316 303 231 ' ,'0 0 0 0 ' ,86 ,1 ,1, 1
321 ,331, 310, '249 276 250 264 ' ,'0 0 0 0 ' ,52 ,25 ,2, 2
246 ,315, 234, '208 225 223 209 ' ,'0 0 0 0 ' ,20 ,1 ,0, 0
284 ,241, 271, '261 203 246 241 ' ,'0 0 0 0 ' ,61 ,1 ,1, 1
244 ,279, 232, '187 218 215 222 ' ,'0 0 0 0 ' ,36 ,1 ,2, 2
225 ,237, 213, '187 191 204 160 ' ,'0 0 0 0 ' ,46 ,1 ,2, 1
252 ,219, 234, '200 225 220 190 ' ,'0 0 0 0 ' ,37 ,1 ,1, 1
232 ,239, 215, '205 201 206 149 ' ,'0 0 0 0 ' ,61 ,1 ,1, 1
296 ,222, 276, '242 199 267 170 ' ,'0 0 0 0 ' ,99 ,0 ,2, 2
1856 ,283, 280, '271 241 224 172 ' ,'0 0 0 0 ' ,100 ,0 ,1, 1
928 ,287, 235, '226 160 207 172 ' ,'0 0 0 0 ' ,67 ,1 ,2, 2
3531 ,240, 255, '223 175 245 191 ' ,'0 0 0 0 ' ,71 ,1 ,2, 2
1101 ,261, 320, '310 225 251 176 ' ,'0 0 0 0 ' ,137 ,2 ,1, 1
5742 ,326, 297, '286 246 201 206 ' ,'0 0 0 0 ' ,87 ,0 ,2, 2
9174 ,302, 321, '164 311 130 222 ' ,'0 0 0 0 ' ,182 ,1 ,1, 1
4966 ,326, 262, '235 250 165 186 ' ,'0 0 0 0 ' ,86 ,1 ,2, 2
1000 ,267, 193, '153 182 149 181 ' ,'0 0 0 0 ' ,35 ,1 ,1, 1
899 ,197, 242, '233 212 193 197 ' ,'0 0 0 0 ' ,40 ,0 ,1, 1
254 ,246, 243, '208 194 171 232 ' ,'0 0 0 0 ' ,61 ,1 ,2, 2
388 ,247, 375, '232 222 214 288 ' ,'0 0 0 0 ' ,154 ,80 ,2, 2
341 ,381, 329, '319 187 160 200 ' ,'0 0 0 0 ' ,160 ,1 ,2, 2
242 ,335, 231, '201 214 219 199 ' ,'0 0 0 0 ' ,24 ,2 ,2, 2
329 ,236, 315, '258 231 261 307 ' ,'0 0 0 0 ' ,78 ,1 ,2, 2
329 ,323, 318, '226 282 247 308 ' ,'0 0 0 0 ' ,84 ,1 ,2, 2
305 ,322, 293, '198 238 202 231 ' ,'0 0 0 0 ' ,86 ,44 ,2, 2
358 ,297, 341, '237 237 330 234 ' ,'0 0 0 0 ' ,97 ,1 ,2, 2
283 ,346, 264, '201 238 213 254 ' ,'0 0 0 0 ' ,53 ,1 ,2, 2
283 ,269, 263, '212 181 198 255 ' ,'0 0 0 0 ' ,74 ,1 ,2, 2
230 ,269, 214, '202 203 178 186 ' ,'0 0 0 0 ' ,28 ,1 ,1, 1
252 ,219, 237, '179 212 170 227 ' ,'0 0 0 0 ' ,57 ,1 ,2, 2
263 ,242, 244, '236 183 185 181 ' ,'0 0 0 0 ' ,57 ,1 ,1, 1
271 ,250, 250, '211 240 156 134 ' ,'0 0 0 0 ' ,109 ,2 ,2, 2
293 ,256, 276, '265 191 192 190 ' ,'0 0 0 0 ' ,74 ,1 ,3, 3
316 ,281, 301, '234 206 292 204 ' ,'0 0 0 0 ' ,87 ,1 ,2, 2
991 ,307, 313, '217 283 302 183 ' ,'0 0 0 0 ' ,120 ,1 ,2, 2
320 ,318, 297, '234 285 287 229 ' ,'0 0 0 0 ' ,61 ,0 ,2, 2
299 ,302, 283, '225 190 273 255 ' ,'0 0 0 0 ' ,85 ,1 ,2, 2
288 ,290, 267, '257 204 221 245 ' ,'0 0 0 0 ' ,58 ,1 ,2, 2
263 ,276, 246, '173 196 229 234 ' ,'0 0 0 0 ' ,64 ,1 ,2, 2
286 ,250, 272, '261 210 214 230 ' ,'0 0 0 0 ' ,53 ,1 ,2, 2
296 ,277, 276, '187 222 261 244 ' ,'0 0 0 0 ' ,80 ,4 ,2, 2
935 ,281, 261, '185 248 221 171 ' ,'0 0 0 0 ' ,82 ,0 ,2, 2
280 ,266, 256, '247 214 229 226 ' ,'0 0 0 0 ' ,34 ,1 ,1, 1
265 ,262, 247, '235 163 207 182 ' ,'0 0 0 0 ' ,74 ,1 ,2, 2
241 ,252, 225, '213 213 189 168 ' ,'0 0 0 0 ' ,48 ,1 ,2, 2
270 ,232, 252, '243 216 202 194 ' ,'0 0 0 0 ' ,51 ,1 ,1, 1
503 ,259, 260, '229 244 249 193 ' ,'0 0 0 0 ' ,59 ,2 ,2, 2
300 ,265, 277, '266 196 222 214 ' ,'0 0 0 0 ' ,72 ,1 ,2, 2
290 ,282, 274, '264 197 232 181 ' ,'0 0 0 0 ' ,88 ,1 ,1, 1
230 ,281, 211, '201 197 172 169 ' ,'0 0 0 0 ' ,34 ,1 ,1, 1
332 ,216, 317, '305 225 255 178 ' ,'0 0 0 0 ' ,129 ,1 ,2, 2
979 ,321, 302, '231 289 219 284 ' ,'0 0 0 0 ' ,73 ,2 ,2, 2
283 ,307, 260, '201 189 209 250 ' ,'0 0 0 0 ' ,61 ,1 ,1, 1
291 ,267, 273, '246 257 191 237 ' ,'0 0 0 0 ' ,68 ,1 ,6, 6
488 ,278, 472, '247 259 194 224 ' ,'0 0 0 0 ' ,267 ,203 ,2, 2
258 ,476, 246, '180 234 189 208 ' ,'0 0 0 0 ' ,56 ,1 ,2, 2
259 ,250, 247, '226 235 185 226 ' ,'0 0 0 0 ' ,52 ,1 ,3, 3
268 ,251, 256, '190 244 200 176 ' ,'0 0 0 0 ' ,71 ,1 ,1, 1
236 ,264, 224, '180 183 206 215 ' ,'0 0 0 0 ' ,34 ,1 ,2, 2
479 ,230, 466, '455 242 232 199 ' ,'0 0 0 0 ' ,259 ,1 ,1, 1
289 ,473, 277, '204 221 190 268 ' ,'0 0 0 0 ' ,78 ,1 ,1, 1
237 ,285, 219, '189 208 181 181 ' ,'0 0 0 0 ' ,29 ,1 ,2, 2
249 ,225, 234, '221 170 183 193 ' ,'0 0 0 0 ' ,54 ,1 ,2, 2
273 ,240, 256, '195 245 217 233 ' ,'0 0 0 0 ' ,53 ,1 ,1, 1
291 ,261, 265, '252 228 255 229 ' ,'0 0 0 0 ' ,29 ,1 ,1, 1
346 ,272, 332, '251 304 260 321 ' ,'0 0 0 0 ' ,72 ,1 ,2, 1
269 ,337, 252, '217 238 215 233 ' ,'0 0 0 0 ' ,26 ,1 ,2, 2
302 ,255, 286, '230 226 275 208 ' ,'0 0 0 0 ' ,69 ,1 ,2, 2
675 ,292, 657, '220 495 234 249 ' ,'0 0 0 0 ' ,421 ,143 ,2, 2
256 ,662, 234, '223 197 205 197 ' ,'0 0 0 0 ' ,30 ,1 ,2, 2
258 ,239, 243, '233 218 178 215 ' ,'0 0 0 0 ' ,55 ,1 ,2, 2
292 ,248, 274, '218 262 187 216 ' ,'0 0 0 0 ' ,77 ,1 ,2, 2
251 ,279, 235, '192 224 175 218 ' ,'0 0 0 0 ' ,51 ,0 ,3, 3
1974 ,240, 399, '206 210 216 193 ' ,'0 0 0 0 ' ,197 ,1 ,2, 2
285 ,408, 272, '235 253 262 226 ' ,'0 0 0 0 ' ,39 ,0 ,2, 2
248 ,277, 230, '193 174 220 198 ' ,'0 0 0 0 ' ,45 ,1 ,2, 2
322 ,237, 307, '228 295 251 278 ' ,'0 0 0 0 ' ,69 ,1 ,2, 2
334 ,311, 317, '212 273 306 297 ' ,'0 0 0 0 ' ,96 ,0 ,2, 2
390 ,322, 375, '192 287 199 366 ' ,'0 0 0 0 ' ,174 ,0 ,2, 2
338 ,380, 320, '223 261 254 310 ' ,'0 0 0 0 ' ,87 ,1 ,2, 2
299 ,324, 279, '200 232 269 213 ' ,'0 0 0 0 ' ,71 ,1 ,2, 2
318 ,285, 304, '254 293 285 195 ' ,'0 0 0 0 ' ,100 ,1 ,2, 2
294 ,309, 278, '268 231 222 219 ' ,'0 0 0 0 ' ,50 ,1 ,1, 1
941 ,283, 257, '247 237 245 233 ' ,'0 0 0 0 ' ,14 ,1 ,1, 1
308 ,263, 288, '232 266 272 278 ' ,'0 0 0 0 ' ,48 ,1 ,2, 2
315 ,293, 301, '254 262 289 179 ' ,'0 0 0 0 ' ,113 ,1 ,2, 2
281 ,306, 264, '227 234 219 255 ' ,'0 0 0 0 ' ,35 ,1 ,1, 1
288 ,269, 273, '262 206 206 223 ' ,'0 0 0 0 ' ,58 ,1 ,2, 2
279 ,277, 261, '207 220 183 172 ' ,'0 0 0 0 ' ,80 ,32 ,1, 1
271 ,266, 255, '176 199 246 196 ' ,'0 0 0 0 ' ,71 ,1 ,1, 1
289 ,261, 276, '214 265 182 254 ' ,'0 0 0 0 ' ,85 ,1 ,2, 2
281 ,283, 269, '198 259 213 230 ' ,'0 0 0 0 ' ,61 ,1 ,2, 2
371 ,274, 251, '240 237 211 241 ' ,'0 0 0 0 ' ,33 ,1 ,1, 1
361 ,363, 348, '256 310 253 182 ' ,'0 0 0 0 ' ,158 ,27 ,2, 2
280 ,353, 269, '232 258 227 202 ' ,'0 0 0 0 ' ,60 ,1 ,2, 2
483 ,275, 471, '256 267 283 461 ' ,'0 0 0 0 ' ,205 ,1 ,2, 2
332 ,476, 316, '304 214 250 221 ' ,'0 0 0 0 ' ,93 ,1 ,2, 2
267 ,322, 252, '230 242 205 217 ' ,'0 0 0 0 ' ,37 ,1 ,2, 2
314 ,258, 297, '249 250 227 246 ' ,'0 0 0 0 ' ,62 ,39 ,1, 1
267 ,303, 249, '199 226 238 203 ' ,'0 0 0 0 ' ,41 ,1 ,2, 2
904 ,254, 229, '219 192 196 159 ' ,'0 0 0 0 ' ,62 ,1 ,2, 2
268 ,234, 244, '191 232 169 168 ' ,'0 0 0 0 ' ,68 ,0 ,1, 1
268 ,250, 251, '159 239 161 196 ' ,'0 0 0 0 ' ,83 ,0 ,2, 2
290 ,255, 273, '190 200 189 238 ' ,'0 0 0 0 ' ,76 ,27 ,2, 2
256 ,279, 236, '211 225 170 187 ' ,'0 0 0 0 ' ,58 ,1 ,2, 2
246 ,242, 231, '223 213 193 169 ' ,'0 0 0 0 ' ,56 ,1 ,1, 1
265 ,238, 245, '197 233 217 168 ' ,'0 0 0 0 ' ,69 ,1 ,2, 2
234 ,250, 213, '203 189 184 206 ' ,'0 0 0 0 ' ,21 ,0 ,1, 1
295 ,219, 282, '245 170 193 200 ' ,'0 0 0 0 ' ,102 ,27 ,1, 1
231 ,288, 209, '199 193 192 164 ' ,'0 0 0 0 ' ,38 ,1 ,1, 1
261 ,215, 242, '232 226 213 176 ' ,'0 0 0 0 ' ,60 ,1 ,1, 1
281 ,249, 263, '168 183 251 220 ' ,'0 0 0 0 ' ,87 ,1 ,2, 2
276 ,267, 260, '177 247 189 213 ' ,'0 0 0 0 ' ,72 ,1 ,2, 2
386 ,264, 368, '212 296 221 255 ' ,'0 0 0 0 ' ,144 ,60 ,2, 2
300 ,374, 279, '230 251 205 268 ' ,'0 0 0 0 ' ,65 ,1 ,2, 2
239 ,285, 224, '151 190 201 212 ' ,'0 0 0 0 ' ,61 ,1 ,2, 2
258 ,228, 243, '231 230 211 196 ' ,'0 0 0 0 ' ,41 ,1 ,1, 1
992 ,248, 307, '295 291 176 204 ' ,'0 0 0 0 ' ,122 ,1 ,2, 2
359 ,313, 332, '269 205 297 179 ' ,'0 0 0 0 ' ,144 ,24 ,2, 2
269 ,338, 251, '227 240 239 188 ' ,'0 0 0 0 ' ,56 ,1 ,1, 1
331 ,258, 317, '265 244 307 202 ' ,'0 0 0 0 ' ,108 ,1 ,1, 1
253 ,323, 239, '201 207 229 196 ' ,'0 0 0 0 ' ,36 ,1 ,1, 1
216 ,246, 200, '174 176 189 178 ' ,'0 0 0 0 ' ,15 ,0 ,2, 2
270 ,205, 253, '194 241 207 189 ' ,'0 0 0 0 ' ,56 ,1 ,1, 1
280 ,258, 261, '250 226 223 213 ' ,'0 0 0 0 ' ,39 ,1 ,2, 2
333 ,266, 318, '252 216 305 233 ' ,'0 0 0 0 ' ,90 ,1 ,3, 3
283 ,322, 271, '258 203 230 191 ' ,'0 0 0 0 ' ,71 ,1 ,3, 3
305 ,277, 292, '235 265 279 183 ' ,'0 0 0 0 ' ,99 ,1 ,3, 3
265 ,298, 253, '239 240 222 223 ' ,'0 0 0 0 ' ,21 ,1 ,3, 3
309 ,258, 297, '209 284 214 197 ' ,'0 0 0 0 ' ,92 ,1 ,2, 2
294 ,302, 280, '192 268 212 201 ' ,'0 0 0 0 ' ,79 ,1 ,2, 2
291 ,286, 279, '218 267 231 200 ' ,'0 0 0 0 ' ,69 ,1 ,2, 2
297 ,284, 285, '274 218 260 207 ' ,'0 0 0 0 ' ,72 ,1 ,1, 1
269 ,292, 251, '228 241 220 182 ' ,'0 0 0 0 ' ,61 ,1 ,1, 1
290 ,258, 269, '213 257 181 210 ' ,'0 0 0 0 ' ,79 ,1 ,2, 2
486 ,274, 233, '219 222 194 183 ' ,'0 0 0 0 ' ,43 ,0 ,1, 1
301 ,239, 278, '201 182 266 179 ' ,'0 0 0 0 ' ,89 ,1 ,2, 2
316 ,283, 297, '285 213 225 183 ' ,'0 0 0 0 ' ,106 ,1 ,2, 2
218 ,303, 198, '189 171 176 159 ' ,'0 0 0 0 ' ,31 ,0 ,1, 1
234 ,204, 217, '182 185 169 208 ' ,'0 0 0 0 ' ,36 ,1 ,2, 2
283 ,221, 268, '223 255 192 208 ' ,'0 0 0 0 ' ,65 ,1 ,2, 2
325 ,273, 305, '257 293 246 257 ' ,'0 0 0 0 ' ,50 ,1 ,2, 2
317 ,310, 302, '292 223 197 261 ' ,'0 0 0 0 ' ,95 ,1 ,2, 2
315 ,307, 295, '284 218 232 182 ' ,'0 0 0 0 ' ,105 ,1 ,2, 2
310 ,300, 288, '277 255 195 219 ' ,'0 0 0 0 ' ,86 ,1 ,1, 1
272 ,299, 254, '223 198 242 219 ' ,'0 0 0 0 ' ,45 ,1 ,2, 2
1050 ,259, 363, '275 253 267 354 ' ,'0 0 0 0 ' ,101 ,1 ,1, 1
994 ,375, 284, '270 267 239 228 ' ,'0 0 0 0 ' ,46 ,3 ,1, 1
1568 ,291, 338, '211 324 269 196 ' ,'0 0 0 0 ' ,132 ,1 ,2, 2
1279 ,344, 268, '209 254 173 247 ' ,'0 0 0 0 ' ,86 ,1 ,2, 2
286 ,273, 261, '250 204 193 190 ' ,'0 0 0 0 ' ,61 ,0 ,2, 2
272 ,266, 248, '188 192 235 186 ' ,'0 0 0 0 ' ,54 ,1 ,1, 1
261 ,252, 244, '199 225 197 235 ' ,'0 0 0 0 ' ,37 ,0 ,2, 1
228 ,251, 214, '202 183 173 199 ' ,'0 0 0 0 ' ,29 ,0 ,2, 2
