855 ,0, 101, '19 17 19 19 15 17 14 17 ' ,'0 0 0 0 0 0 0 0 ' ,27 ,6 ,12, 12
796 ,131, 557, '225 312 543 253 226 217 234 131 ' ,'0 0 0 0 0 0 0 0 ' ,416 ,1 ,3, 3
233 ,576, 209, '143 149 189 170 113 196 87 135 ' ,'0 0 0 0 0 0 0 0 ' ,110 ,1 ,4, 4
225 ,251, 203, '181 146 158 179 119 149 161 160 ' ,'0 0 0 0 0 0 0 0 ' ,68 ,0 ,3, 3
309 ,216, 289, '258 156 142 113 80 114 116 98 ' ,'0 0 0 0 0 0 0 0 ' ,184 ,1 ,3, 3
176 ,296, 156, '116 146 132 126 93 96 67 101 ' ,'0 0 0 0 0 0 0 0 ' ,80 ,1 ,0, 0
206 ,172, 188, '167 175 143 94 97 80 64 97 ' ,'0 0 0 0 0 0 0 0 ' ,115 ,1 ,1, 1
239 ,206, 209, '195 194 126 111 107 84 106 105 ' ,'0 0 0 0 0 0 0 0 ' ,118 ,1 ,1, 0
188 ,226, 167, '151 137 134 150 112 90 70 101 ' ,'0 0 0 0 0 0 0 0 ' ,89 ,1 ,1, 1
191 ,185, 179, '150 169 140 124 96 135 58 92 ' ,'0 0 0 0 0 0 0 0 ' ,113 ,1 ,1, 1
202 ,187, 189, '134 180 134 170 109 99 157 96 ' ,'0 0 0 0 0 0 0 0 ' ,87 ,1 ,1, 1
172 ,201, 159, '112 124 121 147 78 61 84 127 ' ,'0 0 0 0 0 0 0 0 ' ,91 ,2 ,2, 2
204 ,166, 187, '115 148 152 122 172 94 83 102 ' ,'0 0 0 0 0 0 0 0 ' ,95 ,1 ,1, 1
173 ,199, 149, '135 136 125 119 106 78 87 76 ' ,'0 0 0 0 0 0 0 0 ' ,66 ,1 ,1, 1
228 ,166, 209, '123 197 118 144 125 68 68 147 ' ,'0 0 0 0 0 0 0 0 ' ,131 ,2 ,2, 2
197 ,217, 177, '149 151 110 99 147 115 127 91 ' ,'0 0 0 0 0 0 0 0 ' ,63 ,2 ,1, 1
226 ,181, 206, '134 116 180 193 156 93 137 95 ' ,'0 0 0 0 0 0 0 0 ' ,107 ,3 ,1, 1
249 ,223, 224, '162 189 114 218 93 122 74 56 ' ,'0 0 0 0 0 0 0 0 ' ,165 ,2 ,2, 2
184 ,241, 168, '159 124 118 74 107 90 87 84 ' ,'0 0 0 0 0 0 0 0 ' ,86 ,2 ,0, 0
174 ,182, 148, '118 136 139 118 86 93 78 86 ' ,'0 0 0 0 0 0 0 0 ' ,62 ,2 ,1, 1
179 ,161, 157, '134 148 122 123 85 85 65 117 ' ,'0 0 0 0 0 0 0 0 ' ,91 ,2 ,1, 1
194 ,171, 175, '98 164 143 143 98 115 95 87 ' ,'0 0 0 0 0 0 0 0 ' ,80 ,2 ,1, 1
172 ,186, 152, '106 143 129 101 102 90 91 66 ' ,'0 0 0 0 0 0 0 0 ' ,79 ,2 ,1, 1
192 ,167, 176, '145 139 126 168 96 72 143 87 ' ,'0 0 0 0 0 0 0 0 ' ,98 ,2 ,1, 1
212 ,189, 190, '181 148 171 116 93 126 105 163 ' ,'0 0 0 0 0 0 0 0 ' ,84 ,2 ,1, 1
193 ,208, 169, '162 155 82 81 89 143 85 81 ' ,'0 0 0 0 0 0 0 0 ' ,84 ,2 ,1, 1
172 ,184, 153, '99 145 65 115 99 118 111 73 ' ,'0 0 0 0 0 0 0 0 ' ,82 ,1 ,0, 0
168 ,163, 156, '138 146 115 99 86 115 61 87 ' ,'0 0 0 0 0 0 0 0 ' ,86 ,2 ,3, 3
206 ,161, 192, '156 183 147 112 105 114 91 118 ' ,'0 0 0 0 0 0 0 0 ' ,95 ,2 ,1, 1
194 ,202, 181, '170 144 142 119 111 113 89 91 ' ,'0 0 0 0 0 0 0 0 ' ,84 ,1 ,1, 1
182 ,188, 163, '101 131 91 139 150 78 75 120 ' ,'0 0 0 0 0 0 0 0 ' ,82 ,1 ,1, 1
1632 ,174, 175, '105 167 117 134 101 130 65 88 ' ,'0 0 0 0 0 0 0 0 ' ,103 ,1 ,1, 1
209 ,189, 184, '175 125 117 120 93 93 75 94 ' ,'0 0 0 0 0 0 0 0 ' ,100 ,0 ,1, 1
202 ,196, 178, '154 158 170 123 87 86 123 91 ' ,'0 0 0 0 0 0 0 0 ' ,87 ,0 ,0, 0
280 ,190, 252, '128 101 201 157 236 82 109 96 ' ,'0 0 0 0 0 0 0 0 ' ,166 ,7 ,0, 0
176 ,265, 148, '103 135 97 130 72 87 105 88 ' ,'0 0 0 0 0 0 0 0 ' ,57 ,1 ,1, 1
225 ,161, 200, '142 189 148 117 115 65 97 70 ' ,'0 0 0 0 0 0 0 0 ' ,126 ,0 ,1, 1
268 ,212, 245, '235 167 127 110 137 134 102 125 ' ,'0 0 0 0 0 0 0 0 ' ,135 ,1 ,1, 1
210 ,259, 193, '184 178 103 140 114 79 80 107 ' ,'0 0 0 0 0 0 0 0 ' ,107 ,1 ,1, 1
215 ,206, 194, '124 169 118 139 184 139 75 125 ' ,'0 0 0 0 0 0 0 0 ' ,116 ,1 ,1, 1
202 ,208, 185, '121 113 105 117 126 176 88 108 ' ,'0 0 0 0 0 0 0 0 ' ,90 ,1 ,2, 2
167 ,195, 149, '141 138 137 103 98 88 60 84 ' ,'0 0 0 0 0 0 0 0 ' ,81 ,1 ,1, 1
202 ,160, 185, '125 174 101 83 104 78 76 114 ' ,'0 0 0 0 0 0 0 0 ' ,100 ,1 ,0, 0
836 ,198, 189, '142 180 116 92 99 91 86 63 ' ,'0 0 0 0 0 0 0 0 ' ,114 ,0 ,1, 1
165 ,203, 141, '132 134 101 102 76 123 57 101 ' ,'0 0 0 0 0 0 0 0 ' ,79 ,1 ,1, 1
170 ,152, 155, '118 146 106 96 104 71 70 118 ' ,'0 0 0 0 0 0 0 0 ' ,78 ,1 ,1, 1
154 ,163, 142, '100 116 125 124 134 74 80 118 ' ,'0 0 0 0 0 0 0 0 ' ,61 ,1 ,1, 1
138 ,150, 125, '98 92 107 107 71 72 117 68 ' ,'0 0 0 0 0 0 0 0 ' ,51 ,1 ,1, 1
175 ,133, 156, '148 134 103 113 95 63 73 95 ' ,'0 0 0 0 0 0 0 0 ' ,88 ,1 ,1, 1
809 ,171, 166, '156 119 105 129 98 68 101 85 ' ,'0 0 0 0 0 0 0 0 ' ,91 ,1 ,1, 1
202 ,530, 176, '143 146 166 130 120 108 79 60 ' ,'0 0 0 0 0 0 0 0 ' ,109 ,2 ,1, 1
222 ,189, 203, '178 194 127 122 96 74 73 115 ' ,'0 0 0 0 0 0 0 0 ' ,124 ,0 ,1, 1
183 ,213, 164, '153 153 142 104 135 83 76 78 ' ,'0 0 0 0 0 0 0 0 ' ,80 ,1 ,2, 2
157 ,173, 137, '117 128 116 114 86 61 91 69 ' ,'0 0 0 0 0 0 0 0 ' ,71 ,1 ,2, 2
1036 ,152, 1014, '110 140 150 130 1000 91 72 71 ' ,'0 0 0 0 0 0 0 0 ' ,936 ,1 ,1, 1
1834 ,1027, 335, '125 167 128 117 125 102 68 99 ' ,'0 0 0 0 0 0 0 0 ' ,264 ,1 ,1, 1
172 ,352, 145, '107 124 138 112 96 58 81 89 ' ,'0 0 0 0 0 0 0 0 ' ,82 ,1 ,1, 1
179 ,156, 152, '104 106 115 145 92 77 80 79 ' ,'0 0 0 0 0 0 0 0 ' ,71 ,0 ,0, 0
16513 ,166, 16487, '129 123 111 121 119 97 109 293 ' ,'0 0 0 0 0 0 0 0 ' ,198 ,0 ,1, 1
187 ,16499, 162, '84 117 130 97 136 81 81 100 ' ,'0 0 0 0 0 0 0 0 ' ,74 ,1 ,1, 1
683 ,172, 149, '102 128 97 134 131 131 115 92 ' ,'0 0 0 0 0 0 0 0 ' ,50 ,1 ,0, 0
185 ,162, 154, '132 146 146 146 123 103 82 90 ' ,'0 0 0 0 0 0 0 0 ' ,67 ,1 ,0, 0
182 ,166, 154, '146 117 99 117 138 87 61 96 ' ,'0 0 0 0 0 0 0 0 ' ,87 ,1 ,1, 1
172 ,167, 146, '116 137 122 120 83 74 73 90 ' ,'0 0 0 0 0 0 0 0 ' ,66 ,1 ,1, 1
201 ,157, 177, '130 165 100 112 107 81 89 98 ' ,'0 0 0 0 0 0 0 0 ' ,86 ,1 ,0, 0
230 ,188, 201, '195 99 118 133 108 93 87 107 ' ,'0 0 0 0 0 0 0 0 ' ,111 ,1 ,1, 1
2151 ,217, 159, '131 150 92 125 71 83 142 110 ' ,'0 0 0 0 0 0 0 0 ' ,77 ,1 ,1, 1
191 ,171, 164, '122 136 94 131 153 86 67 96 ' ,'0 0 0 0 0 0 0 0 ' ,91 ,1 ,0, 0
174 ,178, 153, '145 125 98 126 82 89 69 61 ' ,'0 0 0 0 0 0 0 0 ' ,83 ,0 ,1, 1
176 ,163, 151, '146 86 91 145 79 88 67 98 ' ,'0 0 0 0 0 0 0 0 ' ,81 ,1 ,0, 0
170 ,163, 143, '103 83 112 140 89 51 82 99 ' ,'0 0 0 0 0 0 0 0 ' ,90 ,1 ,0, 0
146 ,157, 122, '111 96 96 111 76 80 114 106 ' ,'0 0 0 0 0 0 0 0 ' ,40 ,1 ,0, 0
177 ,135, 164, '155 108 119 99 93 122 108 101 ' ,'0 0 0 0 0 0 0 0 ' ,66 ,1 ,1, 1
152 ,171, 140, '120 111 128 130 73 104 55 82 ' ,'0 0 0 0 0 0 0 0 ' ,78 ,1 ,1, 1
192 ,147, 179, '170 137 112 158 95 93 107 122 ' ,'0 0 0 0 0 0 0 0 ' ,81 ,1 ,1, 1
189 ,186, 157, '157 129 112 99 85 75 63 72 ' ,'0 0 0 0 0 0 0 0 ' ,85 ,0 ,1, 1
1782 ,174, 153, '117 131 111 146 90 93 75 60 ' ,'0 0 0 0 0 0 0 0 ' ,88 ,1 ,0, 0
194 ,165, 166, '127 146 105 129 75 135 156 69 ' ,'0 0 0 0 0 0 0 0 ' ,90 ,1 ,0, 0
177 ,177, 153, '100 145 99 135 104 96 94 82 ' ,'0 0 0 0 0 0 0 0 ' ,64 ,0 ,0, 0
3587 ,165, 302, '129 291 89 97 115 125 114 51 ' ,'0 0 0 0 0 0 0 0 ' ,241 ,1 ,1, 1
264 ,309, 239, '154 88 226 94 77 108 61 44 ' ,'0 0 0 0 0 0 0 0 ' ,176 ,1 ,2, 2
204 ,250, 183, '106 173 127 118 156 92 89 101 ' ,'0 0 0 0 0 0 0 0 ' ,85 ,1 ,1, 1
148 ,192, 126, '102 71 117 110 66 66 96 56 ' ,'0 0 0 0 0 0 0 0 ' ,68 ,5 ,1, 1
182 ,138, 157, '143 149 109 143 76 82 132 74 ' ,'0 0 0 0 0 0 0 0 ' ,76 ,1 ,0, 0
434 ,168, 172, '104 125 123 170 95 121 75 71 ' ,'0 0 0 0 0 0 0 0 ' ,99 ,1 ,0, 0
211 ,190, 180, '129 92 119 175 86 73 80 98 ' ,'0 0 0 0 0 0 0 0 ' ,104 ,0 ,1, 1
154 ,191, 131, '92 124 111 106 112 86 58 86 ' ,'0 0 0 0 0 0 0 0 ' ,67 ,0 ,1, 1
203 ,143, 177, '93 171 118 111 109 63 139 94 ' ,'0 0 0 0 0 0 0 0 ' ,109 ,0 ,0, 0
902 ,190, 208, '118 156 149 195 63 87 78 70 ' ,'0 0 0 0 0 0 0 0 ' ,128 ,1 ,0, 0
163 ,217, 149, '143 107 100 120 70 105 70 65 ' ,'0 0 0 0 0 0 0 0 ' ,80 ,1 ,0, 0
160 ,156, 146, '118 98 92 139 66 63 85 74 ' ,'0 0 0 0 0 0 0 0 ' ,79 ,1 ,1, 1
183 ,155, 169, '155 161 126 123 77 79 75 74 ' ,'0 0 0 0 0 0 0 0 ' ,89 ,0 ,1, 1
165 ,176, 139, '90 124 109 137 84 81 72 86 ' ,'0 0 0 0 0 0 0 0 ' ,67 ,1 ,0, 0
233 ,155, 210, '123 206 123 164 126 118 91 152 ' ,'0 0 0 0 0 0 0 0 ' ,115 ,1 ,1, 1
232 ,221, 204, '142 190 156 109 97 75 93 87 ' ,'0 0 0 0 0 0 0 0 ' ,122 ,1 ,0, 0
177 ,215, 155, '122 135 129 101 90 147 74 75 ' ,'0 0 0 0 0 0 0 0 ' ,71 ,0 ,1, 1
187 ,166, 164, '121 116 155 94 107 68 77 63 ' ,'0 0 0 0 0 0 0 0 ' ,94 ,1 ,1, 1
167 ,174, 144, '135 105 91 111 66 83 88 52 ' ,'0 0 0 0 0 0 0 0 ' ,79 ,1 ,1, 1
179 ,155, 156, '151 141 89 118 90 58 92 67 ' ,'0 0 0 0 0 0 0 0 ' ,93 ,0 ,0, 0
485 ,167, 153, '112 148 95 126 117 91 81 60 ' ,'0 0 0 0 0 0 0 0 ' ,89 ,1 ,0, 0
192 ,168, 165, '153 106 149 93 78 88 68 89 ' ,'0 0 0 0 0 0 0 0 ' ,89 ,0 ,1, 1
247 ,177, 225, '79 216 134 158 122 92 123 59 ' ,'0 0 0 0 0 0 0 0 ' ,159 ,0 ,1, 1
186 ,236, 158, '110 154 122 124 105 71 71 134 ' ,'0 0 0 0 0 0 0 0 ' ,86 ,1 ,1, 1
207 ,170, 184, '177 165 154 128 68 79 87 98 ' ,'0 0 0 0 0 0 0 0 ' ,100 ,2 ,1, 1
201 ,195, 174, '107 112 161 107 74 59 83 72 ' ,'0 0 0 0 0 0 0 0 ' ,107 ,0 ,1, 1
256 ,185, 229, '117 121 116 128 82 64 78 82 ' ,'0 0 0 0 0 0 0 0 ' ,155 ,1 ,1, 1
214 ,240, 185, '176 148 119 109 91 98 80 69 ' ,'0 0 0 0 0 0 0 0 ' ,110 ,1 ,0, 0
209 ,198, 195, '167 136 118 187 100 73 65 165 ' ,'0 0 0 0 0 0 0 0 ' ,123 ,0 ,1, 1
265 ,201, 253, '126 224 167 162 92 66 96 115 ' ,'0 0 0 0 0 0 0 0 ' ,180 ,20 ,1, 1
167 ,262, 154, '140 147 130 118 78 76 61 68 ' ,'0 0 0 0 0 0 0 0 ' ,86 ,0 ,1, 1
159 ,164, 138, '130 82 91 108 98 66 71 73 ' ,'0 0 0 0 0 0 0 0 ' ,67 ,1 ,1, 1
169 ,151, 147, '138 94 129 104 74 70 77 66 ' ,'0 0 0 0 0 0 0 0 ' ,72 ,1 ,0, 0
173 ,158, 149, '122 137 110 138 107 86 82 85 ' ,'0 0 0 0 0 0 0 0 ' ,56 ,0 ,0, 0
193 ,160, 170, '160 109 116 132 78 60 72 76 ' ,'0 0 0 0 0 0 0 0 ' ,103 ,1 ,1, 1
156 ,182, 131, '104 115 105 121 80 99 88 74 ' ,'0 0 0 0 0 0 0 0 ' ,45 ,1 ,1, 1
192 ,143, 168, '127 133 160 123 122 97 91 95 ' ,'0 0 0 0 0 0 0 0 ' ,68 ,0 ,1, 0
152 ,179, 130, '113 107 124 122 95 85 95 65 ' ,'0 0 0 0 0 0 0 0 ' ,62 ,1 ,0, 0
168 ,142, 145, '92 139 101 118 90 95 65 78 ' ,'0 0 0 0 0 0 0 0 ' ,75 ,1 ,1, 1
201 ,157, 179, '133 117 116 124 164 68 53 78 ' ,'0 0 0 0 0 0 0 0 ' ,119 ,1 ,2, 2
169 ,189, 146, '137 93 140 86 64 57 77 73 ' ,'0 0 0 0 0 0 0 0 ' ,86 ,0 ,0, 0
424 ,158, 165, '154 111 116 95 90 97 95 72 ' ,'0 0 0 0 0 0 0 0 ' ,86 ,1 ,1, 1
193 ,177, 162, '129 153 146 119 81 70 101 75 ' ,'0 0 0 0 0 0 0 0 ' ,86 ,1 ,1, 1
297 ,175, 271, '112 129 263 110 97 89 79 53 ' ,'0 0 140 0 0 0 0 0 ' ,213 ,1 ,2, 2
172 ,283, 145, '135 112 127 117 54 79 93 57 ' ,'0 0 0 0 0 0 0 0 ' ,80 ,1 ,1, 1
228 ,157, 203, '100 104 192 86 85 86 83 79 ' ,'0 0 0 0 0 0 0 0 ' ,114 ,1 ,1, 1
150 ,213, 137, '112 128 123 111 75 110 92 53 ' ,'0 0 0 0 0 0 0 0 ' ,77 ,1 ,1, 1
178 ,143, 164, '102 119 119 157 78 97 92 140 ' ,'0 0 0 0 0 0 0 0 ' ,80 ,1 ,1, 0
201 ,171, 184, '120 175 150 136 80 66 95 96 ' ,'0 0 0 0 0 0 0 0 ' ,116 ,0 ,1, 1
