242 ,0, 128, '50 59 52 58 ' ,'0 0 0 0 ' ,17 ,6 ,15, 14
1413 ,160, 1390, '959 1073 776 1361 ' ,'0 0 0 0 ' ,591 ,3 ,6, 6
800 ,1400, 780, '647 759 748 715 ' ,'0 0 0 0 ' ,113 ,2 ,5, 5
976 ,797, 951, '804 892 803 937 ' ,'0 0 0 0 ' ,134 ,1 ,7, 7
755 ,970, 737, '568 654 714 703 ' ,'0 0 0 0 ' ,149 ,2 ,7, 7
699 ,748, 684, '627 545 644 662 ' ,'0 0 0 0 ' ,125 ,2 ,5, 4
701 ,692, 680, '559 653 634 585 ' ,'0 0 0 0 ' ,100 ,2 ,5, 5
848 ,689, 824, '704 684 808 737 ' ,'0 0 0 0 ' ,126 ,2 ,4, 4
692 ,839, 679, '636 600 657 635 ' ,'0 0 0 0 ' ,60 ,2 ,6, 6
809 ,689, 798, '708 647 773 777 ' ,'0 0 0 0 ' ,134 ,1 ,4, 4
842 ,810, 830, '727 575 682 809 ' ,'0 0 0 0 ' ,243 ,2 ,4, 4
687 ,837, 665, '647 595 562 621 ' ,'0 0 0 0 ' ,90 ,3 ,6, 6
936 ,671, 921, '899 634 646 811 ' ,'0 0 0 0 ' ,266 ,2 ,6, 6
698 ,929, 680, '626 560 663 552 ' ,'0 0 0 0 ' ,114 ,3 ,6, 6
705 ,685, 685, '650 665 628 639 ' ,'0 0 0 0 ' ,41 ,3 ,5, 5
720 ,690, 699, '619 678 528 601 ' ,'0 0 0 0 ' ,155 ,3 ,4, 4
843 ,706, 825, '759 712 807 698 ' ,'0 0 0 0 ' ,112 ,3 ,5, 5
2206 ,832, 724, '708 660 678 603 ' ,'0 0 0 0 ' ,109 ,1 ,7, 7
876 ,730, 860, '635 846 795 597 ' ,'0 0 0 0 ' ,248 ,1 ,6, 6
691 ,867, 674, '630 647 596 664 ' ,'0 0 0 0 ' ,66 ,0 ,3, 3
1355 ,684, 716, '613 666 695 638 ' ,'0 0 0 0 ' ,90 ,1 ,5, 5
802 ,722, 777, '763 643 704 635 ' ,'0 0 0 0 ' ,128 ,1 ,5, 5
800 ,783, 777, '761 656 676 672 ' ,'0 0 0 0 ' ,109 ,1 ,5, 5
756 ,783, 734, '576 719 609 634 ' ,'0 0 0 0 ' ,144 ,1 ,6, 6
719 ,739, 702, '567 668 661 688 ' ,'0 0 0 0 ' ,121 ,1 ,4, 4
809 ,708, 796, '665 670 781 718 ' ,'0 0 0 0 ' ,118 ,1 ,6, 6
752 ,802, 741, '729 665 584 619 ' ,'0 0 0 0 ' ,145 ,1 ,4, 4
734 ,749, 721, '706 637 641 690 ' ,'0 0 0 0 ' ,72 ,1 ,5, 5
755 ,728, 742, '718 660 706 727 ' ,'0 0 0 0 ' ,68 ,1 ,8, 8
773 ,748, 754, '738 616 666 627 ' ,'0 0 0 0 ' ,123 ,1 ,6, 6
807 ,761, 786, '760 771 707 515 ' ,'0 0 0 0 ' ,258 ,1 ,6, 6
1424 ,792, 768, '591 725 579 758 ' ,'0 0 0 0 ' ,184 ,1 ,4, 4
977 ,781, 740, '726 686 582 677 ' ,'0 0 0 0 ' ,145 ,1 ,6, 6
1378 ,746, 723, '711 704 616 621 ' ,'0 0 0 0 ' ,96 ,1 ,6, 6
1108 ,730, 872, '632 682 855 647 ' ,'0 0 0 0 ' ,228 ,2 ,6, 6
868 ,877, 840, '715 638 630 825 ' ,'0 0 0 0 ' ,198 ,2 ,6, 6
1405 ,848, 750, '736 620 600 610 ' ,'0 0 0 0 ' ,138 ,1 ,5, 5
696 ,757, 671, '582 656 588 574 ' ,'0 0 0 0 ' ,84 ,1 ,7, 7
1572 ,677, 915, '720 845 622 554 ' ,'0 0 0 0 ' ,349 ,56 ,6, 6
779 ,922, 752, '737 732 724 655 ' ,'0 0 0 0 ' ,85 ,1 ,6, 6
721 ,758, 702, '633 584 599 688 ' ,'0 0 0 0 ' ,104 ,1 ,6, 6
1457 ,708, 803, '615 788 667 604 ' ,'0 0 0 0 ' ,189 ,1 ,6, 6
3859 ,809, 721, '600 699 668 711 ' ,'0 0 0 0 ' ,111 ,0 ,4, 4
678 ,730, 666, '542 651 528 510 ' ,'0 0 0 0 ' ,143 ,1 ,7, 6
697 ,670, 683, '667 572 532 545 ' ,'0 0 0 0 ' ,137 ,1 ,5, 5
600 ,690, 588, '533 573 481 484 ' ,'0 0 0 0 ' ,95 ,1 ,5, 5
682 ,595, 662, '588 648 532 615 ' ,'0 0 0 0 ' ,119 ,1 ,6, 6
628 ,667, 607, '595 505 526 516 ' ,'0 0 0 0 ' ,90 ,1 ,6, 6
652 ,615, 635, '585 606 536 620 ' ,'0 0 0 0 ' ,86 ,2 ,6, 6
704 ,640, 685, '629 627 523 670 ' ,'0 0 0 0 ' ,149 ,1 ,6, 6
1950 ,692, 1298, '576 1281 651 542 ' ,'0 608 0 0 ' ,743 ,1 ,6, 6
708 ,1856, 689, '507 674 628 496 ' ,'0 0 0 0 ' ,180 ,1 ,6, 6
2131 ,695, 648, '635 575 577 526 ' ,'0 0 0 0 ' ,110 ,1 ,7, 6
639 ,655, 618, '602 502 563 520 ' ,'0 0 0 0 ' ,104 ,1 ,5, 5
1313 ,625, 665, '618 681 555 653 ' ,'0 0 0 726 ' ,729 ,2 ,4, 4
1399 ,1303, 1382, '1367 604 697 517 ' ,'669 0 0 0 ' ,852 ,2 ,7, 7
828 ,1388, 777, '621 563 602 764 ' ,'0 0 0 0 ' ,202 ,1 ,4, 4
711 ,788, 695, '629 678 572 686 ' ,'0 0 0 0 ' ,113 ,1 ,4, 4
785 ,703, 772, '755 612 584 545 ' ,'0 0 0 0 ' ,213 ,2 ,7, 6
695 ,778, 683, '666 566 556 607 ' ,'0 0 0 0 ' ,112 ,1 ,7, 7
682 ,689, 669, '511 577 556 658 ' ,'0 0 0 0 ' ,146 ,1 ,4, 4
651 ,678, 638, '622 575 607 561 ' ,'0 0 0 0 ' ,66 ,1 ,6, 6
2133 ,645, 678, '659 626 582 521 ' ,'0 0 0 0 ' ,141 ,1 ,10, 10
835 ,684, 814, '643 802 662 620 ' ,'0 0 0 0 ' ,183 ,1 ,6, 6
671 ,827, 651, '600 633 571 559 ' ,'0 0 0 0 ' ,78 ,2 ,7, 7
770 ,657, 755, '624 623 741 598 ' ,'0 0 0 0 ' ,145 ,1 ,6, 6
607 ,762, 590, '575 543 564 563 ' ,'0 0 0 0 ' ,34 ,1 ,6, 6
623 ,598, 603, '588 574 526 562 ' ,'0 0 0 0 ' ,64 ,1 ,6, 6
675 ,609, 655, '567 593 545 643 ' ,'0 0 0 0 ' ,99 ,1 ,4, 4
3833 ,663, 670, '561 654 649 563 ' ,'0 0 0 0 ' ,96 ,1 ,6, 6
825 ,677, 805, '659 788 643 577 ' ,'0 0 0 0 ' ,215 ,2 ,6, 6
651 ,812, 633, '608 607 536 592 ' ,'0 0 0 0 ' ,77 ,1 ,8, 8
629 ,638, 612, '527 587 550 598 ' ,'0 0 0 0 ' ,71 ,1 ,5, 5
639 ,618, 625, '561 609 530 549 ' ,'0 0 0 0 ' ,82 ,1 ,5, 5
654 ,631, 641, '625 584 585 572 ' ,'0 0 0 0 ' ,55 ,1 ,6, 6
724 ,646, 712, '689 695 610 624 ' ,'0 0 0 0 ' ,89 ,2 ,7, 7
776 ,718, 762, '745 730 628 646 ' ,'0 0 0 0 ' ,117 ,1 ,6, 6
756 ,768, 743, '728 678 578 643 ' ,'0 0 0 0 ' ,153 ,1 ,4, 4
731 ,751, 715, '699 674 611 555 ' ,'0 0 0 0 ' ,146 ,1 ,5, 5
688 ,722, 668, '614 653 464 555 ' ,'0 0 0 0 ' ,193 ,1 ,3, 3
672 ,677, 655, '638 569 497 531 ' ,'0 0 0 0 ' ,145 ,1 ,5, 5
787 ,664, 771, '661 606 554 756 ' ,'0 0 0 0 ' ,203 ,1 ,7, 7
774 ,776, 755, '739 668 609 663 ' ,'0 0 0 0 ' ,132 ,1 ,6, 6
718 ,760, 698, '655 681 613 615 ' ,'0 0 0 0 ' ,70 ,1 ,6, 6
675 ,703, 655, '634 633 556 627 ' ,'0 0 0 0 ' ,84 ,1 ,7, 7
736 ,660, 716, '494 610 678 696 ' ,'0 0 0 0 ' ,202 ,1 ,11, 11
645 ,720, 624, '511 529 607 541 ' ,'0 0 0 0 ' ,98 ,1 ,7, 7
582 ,629, 563, '454 479 514 547 ' ,'0 0 0 0 ' ,93 ,1 ,6, 6
715 ,567, 697, '680 552 527 575 ' ,'0 0 0 0 ' ,156 ,1 ,4, 4
613 ,702, 596, '547 565 579 534 ' ,'0 0 0 0 ' ,47 ,1 ,5, 5
715 ,602, 695, '678 635 598 586 ' ,'0 0 0 0 ' ,95 ,1 ,6, 6
746 ,702, 730, '670 712 651 518 ' ,'0 0 0 0 ' ,197 ,1 ,6, 6
744 ,737, 727, '674 708 635 524 ' ,'0 0 0 0 ' ,189 ,1 ,6, 6
597 ,733, 584, '491 566 466 540 ' ,'0 0 0 0 ' ,102 ,1 ,6, 6
656 ,589, 644, '553 501 610 628 ' ,'0 0 0 0 ' ,126 ,1 ,6, 6
633 ,650, 621, '602 601 584 567 ' ,'0 0 0 0 ' ,41 ,2 ,5, 5
675 ,628, 655, '615 558 636 580 ' ,'0 0 0 0 ' ,82 ,1 ,6, 6
892 ,661, 876, '783 575 857 783 ' ,'0 0 0 0 ' ,284 ,1 ,6, 6
684 ,880, 666, '557 645 601 554 ' ,'0 0 0 0 ' ,95 ,1 ,7, 7
769 ,671, 749, '513 728 523 635 ' ,'0 0 0 0 ' ,218 ,2 ,7, 7
631 ,753, 613, '473 592 545 567 ' ,'0 0 0 0 ' ,123 ,1 ,7, 7
603 ,621, 587, '563 490 522 571 ' ,'0 0 0 0 ' ,81 ,1 ,6, 6
660 ,593, 642, '531 596 562 627 ' ,'0 0 0 0 ' ,96 ,2 ,5, 5
718 ,649, 702, '548 536 535 510 ' ,'0 0 0 0 ' ,178 ,1 ,6, 6
723 ,707, 707, '689 624 599 567 ' ,'0 0 0 0 ' ,129 ,1 ,5, 5
800 ,714, 781, '471 760 536 538 ' ,'0 0 0 0 ' ,292 ,1 ,7, 7
1331 ,786, 679, '662 653 617 590 ' ,'0 0 0 0 ' ,72 ,1 ,7, 7
694 ,685, 671, '654 640 638 604 ' ,'0 0 0 0 ' ,52 ,1 ,6, 6
675 ,676, 656, '582 544 574 639 ' ,'0 0 0 0 ' ,95 ,1 ,7, 7
584 ,662, 564, '513 493 513 546 ' ,'0 0 0 0 ' ,55 ,1 ,5, 5
614 ,570, 595, '526 578 568 550 ' ,'0 0 0 0 ' ,57 ,1 ,4, 4
656 ,604, 643, '541 578 625 540 ' ,'0 0 0 0 ' ,87 ,1 ,6, 6
682 ,650, 668, '649 570 542 604 ' ,'0 0 0 0 ' ,108 ,1 ,6, 6
613 ,675, 600, '444 510 508 583 ' ,'0 0 0 0 ' ,139 ,1 ,6, 6
659 ,605, 640, '460 563 621 545 ' ,'0 0 0 0 ' ,162 ,1 ,6, 6
735 ,646, 684, '518 486 539 667 ' ,'0 0 0 0 ' ,180 ,1 ,6, 6
735 ,689, 720, '701 519 613 605 ' ,'0 0 0 0 ' ,186 ,1 ,5, 5
602 ,728, 587, '531 543 529 570 ' ,'0 0 0 0 ' ,39 ,2 ,7, 7
698 ,591, 680, '662 526 482 626 ' ,'0 0 0 0 ' ,181 ,1 ,6, 6
763 ,686, 742, '726 641 583 676 ' ,'0 0 0 0 ' ,144 ,1 ,4, 4
632 ,749, 615, '591 598 501 579 ' ,'0 0 0 0 ' ,97 ,1 ,5, 5
670 ,621, 650, '516 634 562 543 ' ,'0 0 0 0 ' ,119 ,1 ,3, 3
739 ,659, 721, '590 701 530 501 ' ,'0 0 0 0 ' ,205 ,1 ,6, 6
638 ,727, 618, '546 577 598 513 ' ,'0 0 0 0 ' ,90 ,1 ,7, 7
628 ,624, 611, '588 569 595 589 ' ,'0 0 0 0 ' ,26 ,1 ,5, 5
742 ,618, 725, '667 668 636 709 ' ,'0 0 0 0 ' ,74 ,1 ,6, 6
863 ,731, 629, '608 528 528 594 ' ,'0 0 0 0 ' ,81 ,1 ,7, 7
652 ,634, 633, '560 479 479 617 ' ,'0 0 0 0 ' ,137 ,1 ,6, 6
644 ,638, 626, '509 501 486 609 ' ,'0 0 0 0 ' ,123 ,1 ,7, 7
684 ,632, 671, '627 653 641 606 ' ,'0 0 0 0 ' ,50 ,1 ,6, 6
712 ,677, 699, '598 546 540 681 ' ,'0 0 0 0 ' ,142 ,1 ,6, 6
672 ,705, 660, '630 639 533 534 ' ,'0 0 0 0 ' ,109 ,1 ,6, 6
659 ,665, 641, '577 607 590 624 ' ,'0 0 0 0 ' ,47 ,1 ,6, 6
638 ,650, 620, '565 599 501 582 ' ,'0 0 0 0 ' ,101 ,1 ,6, 6
634 ,625, 612, '595 527 569 583 ' ,'0 0 0 0 ' ,70 ,1 ,3, 3
634 ,622, 613, '509 573 547 597 ' ,'0 0 0 0 ' ,84 ,1 ,6, 6
3891 ,618, 730, '584 711 684 688 ' ,'0 0 0 0 ' ,132 ,1 ,5, 5
708 ,738, 691, '528 673 633 586 ' ,'0 0 0 0 ' ,148 ,1 ,4, 4
689 ,699, 668, '610 649 600 612 ' ,'0 0 0 0 ' ,49 ,1 ,5, 5
694 ,675, 676, '563 605 657 583 ' ,'0 0 0 0 ' ,95 ,1 ,6, 6
749 ,682, 732, '551 630 712 618 ' ,'0 0 0 0 ' ,164 ,2 ,6, 6
604 ,738, 586, '560 560 544 528 ' ,'0 0 0 0 ' ,43 ,7 ,5, 5
657 ,592, 638, '609 557 552 621 ' ,'0 0 0 0 ' ,68 ,1 ,5, 5
