276 ,0, 162, '93 81 87 94 ' ,'0 0 0 0 ' ,23 ,6 ,10, 9
1966 ,237, 1946, '1780 1779 1893 1913 ' ,'272 283 252 299 ' ,137 ,2 ,13, 13
1856 ,1956, 1830, '1443 1564 1584 1779 ' ,'58 73 83 95 ' ,343 ,7 ,15, 15
1744 ,1843, 1719, '1588 1684 1431 1612 ' ,'105 113 49 53 ' ,256 ,1 ,13, 13
1771 ,1733, 1751, '1696 1719 1587 1688 ' ,'32 41 46 53 ' ,132 ,2 ,14, 14
1513 ,1758, 1491, '1267 1369 1392 1358 ' ,'43 38 42 42 ' ,141 ,5 ,55, 8
1590 ,1623, 1564, '1487 1538 1463 1485 ' ,'66 105 235 67 ' ,79 ,3 ,9, 9
1855 ,1578, 1833, '1691 1348 1370 1206 ' ,'71 49 31 27 ' ,495 ,4 ,108, 6
2407 ,1872, 2387, '2363 1703 1562 1417 ' ,'203 71 27 55 ' ,945 ,4 ,11, 11
1497 ,2393, 1478, '1448 1365 1452 1192 ' ,'9 10 14 36 ' ,261 ,1 ,13, 13
1442 ,1483, 1422, '1351 1377 1284 1392 ' ,'13 95 13 25 ' ,117 ,4 ,14, 14
1813 ,1428, 1794, '1554 1392 1649 1766 ' ,'7 10 18 47 ' ,382 ,3 ,13, 13
1540 ,1803, 1521, '1412 1332 1359 1495 ' ,'27 23 24 46 ' ,165 ,1 ,16, 16
1546 ,1524, 1522, '1421 1346 1242 1282 ' ,'21 15 13 16 ' ,181 ,2 ,88, 12
1891 ,1644, 1877, '1714 1849 1488 1592 ' ,'123 104 63 129 ' ,366 ,2 ,15, 15
1516 ,1882, 1497, '1475 1414 1218 1465 ' ,'20 32 30 34 ' ,257 ,1 ,15, 15
1645 ,1501, 1628, '1307 1216 1194 1507 ' ,'12 40 23 38 ' ,317 ,3 ,104, 7
1544 ,1647, 1525, '1331 1325 1395 1502 ' ,'39 88 62 73 ' ,181 ,2 ,13, 13
2011 ,1528, 1993, '1463 1973 1548 1518 ' ,'35 46 35 13 ' ,514 ,1 ,10, 10
1774 ,2001, 1755, '1186 1516 1509 1737 ' ,'16 33 51 28 ' ,556 ,3 ,8, 8
1534 ,1769, 1518, '1346 1469 1492 1475 ' ,'16 45 26 15 ' ,152 ,1 ,14, 14
1432 ,1527, 1406, '1337 1272 1376 1287 ' ,'18 21 29 16 ' ,108 ,2 ,22, 11
1447 ,1492, 1426, '1250 1160 1402 1183 ' ,'51 45 163 15 ' ,246 ,2 ,14, 14
1420 ,1433, 1396, '1374 1246 1233 1184 ' ,'20 12 16 8 ' ,196 ,2 ,11, 11
1270 ,1409, 1249, '1225 1134 1218 1195 ' ,'19 14 19 13 ' ,92 ,1 ,15, 15
1787 ,1253, 1768, '1748 1397 1696 1311 ' ,'19 23 30 17 ' ,435 ,1 ,12, 12
1739 ,1777, 1717, '1597 1694 1519 1598 ' ,'34 41 25 23 ' ,176 ,2 ,14, 14
1908 ,1722, 1886, '1713 1863 1604 1589 ' ,'30 39 39 21 ' ,278 ,1 ,11, 11
1733 ,1892, 1716, '1576 1693 1561 1332 ' ,'32 29 30 22 ' ,363 ,1 ,15, 15
1937 ,1722, 1919, '1297 1854 1383 1375 ' ,'20 30 25 12 ' ,564 ,2 ,53, 11
1726 ,1989, 1706, '1674 1682 1669 1511 ' ,'42 169 117 93 ' ,174 ,1 ,15, 15
1640 ,1711, 1618, '1592 1323 1335 1369 ' ,'27 18 19 43 ' ,269 ,1 ,15, 15
1534 ,1624, 1514, '1462 1353 1483 1491 ' ,'11 9 11 34 ' ,139 ,2 ,15, 15
1565 ,1519, 1547, '1520 1332 1479 1400 ' ,'15 9 21 16 ' ,191 ,2 ,17, 17
1670 ,1553, 1648, '1630 1579 1452 1427 ' ,'36 27 24 47 ' ,206 ,1 ,9, 9
1950 ,1663, 1929, '1781 1871 1505 1317 ' ,'38 35 22 53 ' ,559 ,1 ,48, 8
1870 ,1966, 1851, '1528 1831 1453 1590 ' ,'75 135 81 65 ' ,380 ,2 ,10, 10
1854 ,1860, 1833, '1771 1436 1611 1813 ' ,'21 23 35 61 ' ,378 ,2 ,11, 11
1856 ,1838, 1834, '1807 1272 1347 1632 ' ,'24 19 25 88 ' ,541 ,2 ,14, 14
1575 ,1840, 1552, '1397 1343 1300 1533 ' ,'13 11 20 30 ' ,232 ,2 ,12, 12
1613 ,1560, 1597, '1502 1209 1461 1515 ' ,'32 15 48 45 ' ,313 ,3 ,66, 8
1911 ,1631, 1890, '1601 1439 1757 1868 ' ,'108 48 100 169 ' ,429 ,1 ,16, 16
1787 ,1899, 1767, '1739 1217 1405 1427 ' ,'29 21 72 31 ' ,528 ,4 ,14, 14
1674 ,1771, 1651, '1546 1497 1625 1356 ' ,'13 31 53 19 ' ,273 ,1 ,14, 14
1578 ,1657, 1555, '1235 1143 1525 1267 ' ,'14 17 48 14 ' ,390 ,1 ,15, 15
1429 ,1561, 1407, '1315 1282 1243 1272 ' ,'9 26 34 19 ' ,74 ,1 ,82, 9
1944 ,1519, 1923, '1542 1357 1901 1454 ' ,'112 77 280 79 ' ,545 ,1 ,11, 11
1548 ,1932, 1524, '1326 1312 1500 1506 ' ,'15 29 16 19 ' ,193 ,1 ,11, 11
1600 ,1536, 1576, '1431 1439 1283 1552 ' ,'14 47 33 37 ' ,270 ,2 ,16, 16
2893 ,1583, 2869, '1676 1528 1512 1384 ' ,'32 37 31 30 ' ,294 ,2 ,1182, 9
1595 ,2875, 1576, '1369 1365 1549 1376 ' ,'24 37 103 134 ' ,189 ,4 ,12, 12
1415 ,1579, 1394, '1255 1237 1369 1248 ' ,'15 21 22 27 ' ,139 ,1 ,9, 9
1415 ,1406, 1396, '1322 1365 1315 1283 ' ,'17 18 21 20 ' ,90 ,1 ,15, 15
1731 ,1401, 1711, '1686 1210 1115 1186 ' ,'20 14 19 20 ' ,572 ,1 ,14, 14
1515 ,1717, 1499, '1476 1322 1274 1360 ' ,'17 24 14 26 ' ,203 ,2 ,13, 13
1786 ,1505, 1767, '1248 1509 1197 1742 ' ,'7 26 18 23 ' ,547 ,2 ,12, 12
1545 ,1774, 1526, '1283 1502 1364 1480 ' ,'14 20 36 26 ' ,223 ,1 ,13, 13
1508 ,1531, 1487, '1458 1424 1455 1466 ' ,'13 22 17 24 ' ,41 ,1 ,12, 12
1564 ,1497, 1543, '1316 1443 1339 1525 ' ,'17 8 25 14 ' ,208 ,0 ,11, 11
1454 ,1554, 1429, '1372 1351 1406 1327 ' ,'12 23 23 16 ' ,81 ,1 ,13, 13
1542 ,1438, 1520, '1255 1333 1255 1458 ' ,'14 14 24 26 ' ,206 ,2 ,50, 15
1626 ,2500, 1606, '1286 1481 1579 1455 ' ,'24 20 164 128 ' ,293 ,1 ,14, 14
1447 ,1612, 1424, '1344 1269 1207 1403 ' ,'25 25 27 21 ' ,195 ,1 ,11, 11
1322 ,1432, 1302, '1241 1241 1273 1207 ' ,'19 18 23 16 ' ,66 ,2 ,13, 12
1390 ,1306, 1369, '1233 1198 1343 1223 ' ,'11 19 19 17 ' ,145 ,1 ,13, 13
1317 ,1375, 1295, '1271 1209 1238 1248 ' ,'14 12 19 23 ' ,63 ,1 ,12, 12
1520 ,1301, 1499, '1257 1449 1405 1472 ' ,'14 26 26 19 ' ,221 ,1 ,13, 13
1430 ,1506, 1410, '1305 1258 1345 1388 ' ,'11 17 31 16 ' ,128 ,0 ,14, 14
1517 ,1415, 1495, '1306 1306 1279 1472 ' ,'14 22 25 26 ' ,190 ,1 ,13, 13
1540 ,1502, 1523, '1247 1416 1260 1497 ' ,'11 14 36 22 ' ,247 ,1 ,17, 17
1502 ,1528, 1487, '1369 1375 1460 1387 ' ,'13 27 40 12 ' ,96 ,1 ,13, 13
1591 ,1496, 1571, '1267 1426 1425 1547 ' ,'17 13 25 24 ' ,280 ,1 ,14, 14
1646 ,1577, 1624, '1396 1322 1594 1356 ' ,'11 25 30 21 ' ,276 ,1 ,15, 15
1452 ,1633, 1432, '1338 1407 1395 1263 ' ,'15 21 26 21 ' ,149 ,1 ,12, 12
1379 ,1440, 1359, '1336 1174 1311 1243 ' ,'17 15 17 17 ' ,164 ,1 ,11, 11
1391 ,1366, 1371, '1335 1181 1340 1294 ' ,'14 17 16 22 ' ,165 ,1 ,14, 14
1505 ,1377, 1480, '1122 1242 1452 1191 ' ,'11 19 19 13 ' ,337 ,2 ,14, 14
1443 ,1493, 1420, '1214 1160 1363 1245 ' ,'15 24 17 21 ' ,209 ,2 ,40, 15
1596 ,4348, 1574, '1430 1531 1346 1546 ' ,'29 1748 35 151 ' ,201 ,2 ,16, 16
1400 ,1579, 1378, '1348 1317 1320 1269 ' ,'16 44 30 34 ' ,85 ,1 ,17, 17
1505 ,1382, 1483, '1290 1415 1414 1459 ' ,'12 24 18 14 ' ,169 ,2 ,13, 13
1660 ,1490, 1639, '1611 1333 1445 1352 ' ,'20 19 12 23 ' ,280 ,1 ,14, 14
1507 ,1646, 1486, '1214 1455 1423 1438 ' ,'8 20 14 20 ' ,241 ,1 ,17, 17
1327 ,1491, 1306, '1278 1271 1265 1229 ' ,'11 18 12 15 ' ,51 ,1 ,14, 14
1495 ,1313, 1473, '1295 1279 1446 1363 ' ,'13 13 18 12 ' ,167 ,1 ,12, 12
1405 ,1482, 1387, '1265 1211 1273 1363 ' ,'16 24 15 18 ' ,151 ,1 ,15, 15
1480 ,1395, 1465, '1363 1439 1416 1346 ' ,'14 20 27 23 ' ,101 ,1 ,12, 12
1537 ,1474, 1521, '1207 1488 1232 1312 ' ,'12 21 28 20 ' ,293 ,2 ,11, 11
1512 ,1528, 1493, '1451 1198 1465 1388 ' ,'25 21 23 25 ' ,270 ,1 ,13, 13
1605 ,1498, 1583, '1240 1418 1462 1339 ' ,'23 25 26 18 ' ,312 ,1 ,16, 16
1662 ,1588, 1639, '1147 1517 1612 1225 ' ,'6 15 21 12 ' ,462 ,2 ,13, 13
1683 ,1648, 1661, '1493 1631 1465 1458 ' ,'10 19 26 24 ' ,179 ,2 ,15, 15
1480 ,1668, 1460, '1357 1393 1291 1440 ' ,'26 26 19 29 ' ,146 ,1 ,10, 10
1437 ,1469, 1418, '1296 1387 1372 1315 ' ,'13 18 16 28 ' ,96 ,1 ,14, 14
1430 ,1423, 1407, '1260 1370 1239 1383 ' ,'15 14 20 18 ' ,145 ,1 ,11, 11
1438 ,1416, 1417, '1178 1332 1387 1361 ' ,'13 17 22 26 ' ,214 ,1 ,14, 14
1618 ,1423, 1592, '1299 1291 1565 1430 ' ,'14 17 22 23 ' ,274 ,1 ,14, 14
1471 ,1597, 1452, '1424 1364 1218 1303 ' ,'18 23 19 17 ' ,208 ,1 ,12, 12
1481 ,1462, 1460, '1430 1355 1300 1194 ' ,'9 23 23 20 ' ,244 ,1 ,14, 14
1524 ,1465, 1505, '1348 1473 1291 1325 ' ,'13 16 14 17 ' ,184 ,1 ,17, 17
1439 ,1510, 1420, '1392 1310 1302 1256 ' ,'15 12 12 21 ' ,139 ,2 ,16, 16
1436 ,1426, 1416, '1344 1383 1349 1305 ' ,'13 13 12 21 ' ,85 ,1 ,18, 17
1656 ,1420, 1636, '1255 1257 1609 1581 ' ,'8 12 16 19 ' ,355 ,0 ,13, 13
1447 ,1644, 1432, '1360 1402 1314 1304 ' ,'11 14 21 24 ' ,105 ,1 ,13, 13
1396 ,1439, 1381, '1276 1236 1279 1354 ' ,'19 14 23 22 ' ,114 ,1 ,15, 15
1370 ,1387, 1355, '1240 1326 1244 1333 ' ,'21 24 18 16 ' ,93 ,1 ,11, 11
1497 ,1364, 1478, '1298 1344 1447 1380 ' ,'20 20 20 22 ' ,153 ,1 ,16, 16
1426 ,1481, 1407, '1286 1279 1374 1358 ' ,'12 17 19 22 ' ,100 ,1 ,15, 15
4311 ,1412, 4288, '1501 1654 1291 1255 ' ,'17 16 18 15 ' ,415 ,2 ,2612, 11
1497 ,4294, 1477, '1351 1329 1365 1407 ' ,'66 95 114 90 ' ,115 ,39 ,17, 17
1428 ,1482, 1407, '1159 1236 1201 1379 ' ,'7 16 24 30 ' ,219 ,2 ,18, 18
1575 ,1412, 1552, '1439 1516 1353 1185 ' ,'9 24 30 15 ' ,332 ,1 ,18, 18
1345 ,1559, 1320, '1192 1238 1289 1257 ' ,'8 11 35 12 ' ,105 ,2 ,14, 14
1498 ,1328, 1474, '1255 1366 1442 1389 ' ,'11 13 21 26 ' ,191 ,1 ,15, 15
1561 ,1485, 1540, '1507 1285 1285 1379 ' ,'32 19 20 24 ' ,224 ,1 ,16, 16
1607 ,1547, 1586, '1558 1341 1342 1254 ' ,'13 17 35 38 ' ,310 ,2 ,13, 13
1476 ,1593, 1453, '1408 1204 1243 1428 ' ,'9 16 23 24 ' ,223 ,1 ,12, 12
1381 ,1459, 1362, '1333 1317 1206 1268 ' ,'14 21 16 15 ' ,127 ,1 ,11, 11
1545 ,1370, 1525, '1276 1254 1286 1498 ' ,'15 17 17 16 ' ,245 ,2 ,13, 13
1410 ,1533, 1387, '1259 1356 1281 1332 ' ,'16 20 24 24 ' ,102 ,2 ,14, 14
1427 ,1392, 1407, '1146 1088 1300 1380 ' ,'8 14 18 17 ' ,288 ,1 ,16, 16
1619 ,1416, 1598, '1223 1567 1392 1391 ' ,'16 28 22 19 ' ,346 ,1 ,15, 14
1376 ,1605, 1359, '1320 1308 1306 1247 ' ,'16 15 17 24 ' ,80 ,1 ,21, 21
1641 ,1364, 1619, '1455 1431 1418 1593 ' ,'16 16 28 30 ' ,172 ,1 ,13, 13
1345 ,1629, 1324, '1302 1274 1174 1299 ' ,'11 14 26 29 ' ,124 ,1 ,10, 10
1446 ,1335, 1426, '1254 1378 1150 1396 ' ,'21 14 21 18 ' ,241 ,1 ,17, 17
1453 ,1429, 1431, '1266 1391 1403 1209 ' ,'66 16 27 22 ' ,198 ,1 ,12, 12
1529 ,1440, 1509, '1230 1471 1203 1314 ' ,'19 20 17 19 ' ,274 ,2 ,16, 16
1490 ,1512, 1469, '1360 1159 1356 1440 ' ,'14 20 23 21 ' ,276 ,1 ,16, 16
1364 ,1473, 1346, '1284 1245 1193 1301 ' ,'12 16 19 16 ' ,125 ,22 ,11, 11
1473 ,1353, 1454, '1228 1272 1417 1291 ' ,'7 14 26 16 ' ,194 ,1 ,17, 17
1467 ,1458, 1446, '1203 1333 1387 1422 ' ,'11 14 18 14 ' ,219 ,2 ,13, 13
1493 ,1453, 1472, '1369 1438 1390 1367 ' ,'10 14 22 12 ' ,77 ,1 ,17, 17
1354 ,1476, 1333, '1279 1190 1301 1294 ' ,'23 8 16 11 ' ,115 ,2 ,14, 14
1485 ,1341, 1463, '1324 1250 1302 1438 ' ,'9 15 16 17 ' ,184 ,1 ,14, 14
1424 ,1471, 1403, '1368 1293 1355 1383 ' ,'13 19 17 15 ' ,85 ,1 ,11, 11
1534 ,1414, 1508, '1477 1213 1273 1304 ' ,'9 13 30 19 ' ,269 ,1 ,14, 14
1549 ,1517, 1527, '1443 1331 1496 1335 ' ,'15 15 23 22 ' ,168 ,1 ,14, 14
1530 ,1535, 1502, '1343 1470 1340 1461 ' ,'14 27 25 22 ' ,133 ,1 ,13, 13
1422 ,1511, 1402, '1367 1317 1312 1301 ' ,'18 16 23 18 ' ,76 ,1 ,14, 14
1518 ,1408, 1496, '1209 1379 1466 1307 ' ,'7 14 20 19 ' ,260 ,4 ,10, 10
1404 ,1509, 1382, '1264 1208 1347 1191 ' ,'11 10 27 15 ' ,164 ,2 ,15, 15
1426 ,1387, 1402, '1297 1262 1222 1372 ' ,'12 13 22 13 ' ,148 ,1 ,16, 16
1392 ,1407, 1371, '1167 1219 1282 1342 ' ,'8 10 13 17 ' ,173 ,1 ,15, 15
1571 ,1375, 1544, '1292 1457 1511 1445 ' ,'12 15 14 13 ' ,220 ,2 ,16, 16
1455 ,1555, 1435, '1196 1400 1405 1404 ' ,'12 10 17 9 ' ,216 ,2 ,11, 11
1609 ,1448, 1589, '1373 1311 1558 1441 ' ,'11 10 18 12 ' ,252 ,2 ,11, 11
1549 ,1603, 1527, '1275 1491 1412 1261 ' ,'14 19 25 18 ' ,236 ,1 ,17, 17
1468 ,1534, 1448, '1251 1218 1301 1417 ' ,'10 17 23 16 ' ,199 ,2 ,17, 17
3255 ,1453, 3232, '1280 1460 1309 1403 ' ,'16 15 15 20 ' ,183 ,2 ,1753, 10
1638 ,3701, 1618, '1494 1587 1205 1511 ' ,'3602 170 62 133 ' ,383 ,2 ,12, 12
1509 ,1625, 1482, '1290 1164 1263 1462 ' ,'8 25 17 21 ' ,292 ,1 ,11, 11
1487 ,1494, 1461, '1172 1309 1308 1430 ' ,'14 10 17 15 ' ,259 ,2 ,16, 16
1445 ,1468, 1426, '1288 1185 1387 1325 ' ,'12 14 17 18 ' ,206 ,2 ,18, 18
1380 ,1431, 1365, '1231 1324 1331 1331 ' ,'12 17 14 10 ' ,108 ,1 ,13, 13
1409 ,1372, 1393, '1263 1307 1350 1268 ' ,'12 15 13 23 ' ,96 ,2 ,16, 16
1516 ,1398, 1501, '1302 1466 1119 1359 ' ,'20 26 14 18 ' ,351 ,1 ,15, 15
1741 ,1507, 1725, '1234 1405 1348 1697 ' ,'13 19 22 30 ' ,460 ,1 ,14, 14
1412 ,1734, 1393, '1129 1298 1357 1240 ' ,'12 22 25 19 ' ,233 ,1 ,14, 14
1404 ,1397, 1383, '1146 1347 1298 1208 ' ,'11 22 17 16 ' ,201 ,1 ,17, 17
1398 ,1389, 1377, '1258 1256 1170 1355 ' ,'16 17 15 20 ' ,178 ,1 ,12, 12
1527 ,1386, 1506, '1373 1242 1280 1479 ' ,'11 10 17 22 ' ,235 ,2 ,15, 15
1335 ,1513, 1314, '1246 1159 1282 1235 ' ,'20 16 19 15 ' ,130 ,1 ,12, 12
1417 ,1322, 1393, '1133 1284 1359 1193 ' ,'15 22 19 20 ' ,230 ,2 ,12, 12
1530 ,1403, 1510, '1358 1324 1390 1486 ' ,'30 11 24 22 ' ,155 ,2 ,9, 9
1493 ,1518, 1473, '1440 1410 1204 1189 ' ,'10 24 23 18 ' ,260 ,1 ,15, 15
1479 ,1479, 1460, '1266 1339 1421 1330 ' ,'11 17 17 20 ' ,159 ,1 ,18, 18
1542 ,1464, 1520, '1486 1408 1289 1284 ' ,'9 22 16 28 ' ,210 ,1 ,14, 14
1671 ,1528, 1649, '1613 1241 1319 1369 ' ,'19 15 18 18 ' ,379 ,2 ,16, 15
1445 ,1656, 1417, '1275 1279 1283 1388 ' ,'10 20 23 24 ' ,108 ,1 ,15, 15
1668 ,1424, 1646, '1261 1609 1523 1445 ' ,'22 20 23 16 ' ,353 ,2 ,16, 16
1491 ,1652, 1468, '1270 1302 1356 1441 ' ,'15 16 25 18 ' ,170 ,2 ,11, 11
1390 ,1477, 1376, '1186 1253 1348 1348 ' ,'19 15 19 20 ' ,163 ,2 ,9, 9
1449 ,1386, 1432, '1342 1216 1206 1408 ' ,'10 20 15 15 ' ,197 ,2 ,12, 12
1433 ,1440, 1419, '1357 1223 1373 1387 ' ,'14 18 24 21 ' ,164 ,2 ,17, 17
1530 ,1423, 1516, '1436 1478 1387 1212 ' ,'16 22 18 16 ' ,276 ,2 ,16, 16
1524 ,1521, 1502, '1372 1463 1341 1425 ' ,'15 29 21 25 ' ,125 ,2 ,18, 17
1690 ,1508, 1668, '1365 1294 1265 1637 ' ,'12 13 21 19 ' ,366 ,2 ,17, 17
1460 ,1675, 1442, '1319 1342 1405 1323 ' ,'14 19 18 29 ' ,87 ,1 ,17, 17
1614 ,1448, 1593, '1178 1513 1560 1415 ' ,'13 23 28 14 ' ,384 ,1 ,13, 13
1482 ,1601, 1460, '1311 1360 1384 1436 ' ,'13 15 24 31 ' ,120 ,1 ,11, 11
1346 ,1469, 1325, '1127 1236 1290 1232 ' ,'11 14 18 12 ' ,169 ,1 ,11, 11
1328 ,1333, 1307, '1033 1248 1268 1275 ' ,'11 20 20 21 ' ,248 ,4 ,9, 9
1449 ,1318, 1429, '1229 1354 1391 1158 ' ,'12 22 20 25 ' ,246 ,2 ,15, 15
1435 ,1433, 1415, '1103 1288 1375 1306 ' ,'11 15 14 13 ' ,282 ,2 ,16, 15
1415 ,1418, 1396, '1364 1301 1310 1254 ' ,'12 16 20 19 ' ,118 ,2 ,11, 10
1518 ,1407, 1500, '1195 1259 1272 1471 ' ,'9 21 17 28 ' ,275 ,1 ,13, 13
1720 ,1507, 1702, '1351 1674 1231 1439 ' ,'14 18 26 21 ' ,438 ,1 ,11, 11
2628 ,1711, 2588, '1361 1582 1328 1585 ' ,'10 18 14 21 ' ,261 ,2 ,979, 10
1839 ,2814, 1824, '1463 1405 1407 1795 ' ,'14 101 114 76 ' ,389 ,2 ,13, 13
1494 ,1832, 1477, '1286 1378 1439 1352 ' ,'15 18 21 25 ' ,156 ,2 ,16, 16
1489 ,1481, 1474, '1302 1432 1408 1409 ' ,'17 14 18 21 ' ,141 ,2 ,17, 17
1509 ,1479, 1488, '1309 1246 1437 1407 ' ,'19 19 16 22 ' ,212 ,2 ,11, 11
1492 ,1500, 1464, '1266 1326 1271 1438 ' ,'10 20 15 22 ' ,169 ,2 ,11, 11
1523 ,1480, 1502, '1155 1314 1464 1325 ' ,'15 27 18 19 ' ,318 ,1 ,14, 14
1385 ,1511, 1363, '1275 1302 1327 1327 ' ,'11 13 21 24 ' ,62 ,2 ,13, 13
1443 ,1369, 1426, '1119 1290 1344 1399 ' ,'17 20 17 25 ' ,276 ,2 ,14, 14
1342 ,1431, 1320, '1186 1283 1253 1239 ' ,'13 16 20 23 ' ,99 ,2 ,14, 14
