25840 ,0, 25716, '25182 1803 25558 1897 ' ,'24651980 1332748 25063861 1436670 ' ,23750 ,2 ,14, 7
432 ,25774, 388, '345 248 359 241 ' ,'0 0 0 0 ' ,134 ,2 ,5, 5
231 ,424, 203, '171 176 190 183 ' ,'0 0 0 0 ' ,21 ,2 ,2, 2
231 ,219, 214, '191 133 145 133 ' ,'0 0 0 0 ' ,65 ,2 ,3, 3
263 ,223, 241, '226 148 165 143 ' ,'0 5311086 0 5385468 ' ,72 ,2 ,3, 2
198 ,303, 183, '163 128 131 124 ' ,'0 0 0 0 ' ,42 ,2 ,2, 2
276 ,191, 251, '116 110 109 117 ' ,'0 0 0 0 ' ,14 ,2 ,2, 2
245 ,260, 227, '205 152 165 160 ' ,'0 0 0 0 ' ,59 ,2 ,2, 2
209 ,237, 197, '170 169 163 170 ' ,'0 0 0 0 ' ,13 ,2 ,3, 2
199 ,200, 184, '132 128 146 131 ' ,'0 0 0 0 ' ,44 ,3 ,2, 2
157 ,189, 135, '110 117 110 126 ' ,'0 0 0 0 ' ,12 ,2 ,3, 2
176 ,252, 157, '143 130 133 130 ' ,'0 0 0 0 ' ,15 ,2 ,2, 2
383 ,168, 368, '132 133 282 125 ' ,'0 0 0 0 ' ,231 ,62 ,3, 2
221 ,373, 206, '192 157 160 152 ' ,'0 0 0 0 ' ,44 ,2 ,3, 3
170 ,214, 159, '134 126 149 128 ' ,'0 0 0 0 ' ,23 ,1 ,2, 2
179 ,163, 143, '133 126 119 112 ' ,'0 0 0 0 ' ,43 ,1 ,2, 2
200 ,171, 185, '147 128 132 138 ' ,'0 0 0 0 ' ,48 ,0 ,3, 3
187 ,307, 171, '154 159 155 147 ' ,'0 0 0 0 ' ,17 ,2 ,2, 2
277 ,177, 252, '243 102 102 97 ' ,'0 0 0 0 ' ,147 ,1 ,2, 2
186 ,281, 174, '138 141 140 139 ' ,'0 0 0 0 ' ,15 ,1 ,2, 2
150 ,177, 133, '113 120 117 124 ' ,'0 0 0 0 ' ,12 ,1 ,2, 2
147 ,138, 131, '118 103 105 106 ' ,'0 0 0 0 ' ,19 ,1 ,2, 2
149 ,135, 133, '116 119 114 112 ' ,'0 0 0 0 ' ,12 ,2 ,4, 4
193 ,254, 180, '170 131 131 128 ' ,'0 0 0 0 ' ,43 ,1 ,2, 2
160 ,185, 139, '130 133 128 133 ' ,'0 0 0 0 ' ,8 ,1 ,2, 1
227 ,147, 212, '181 188 174 203 ' ,'0 0 0 0 ' ,26 ,1 ,2, 2
167 ,218, 151, '142 115 120 117 ' ,'0 0 0 0 ' ,26 ,1 ,2, 2
203 ,155, 188, '119 116 176 108 ' ,'0 0 0 0 ' ,74 ,2 ,2, 1
145 ,193, 133, '115 116 114 124 ' ,'0 0 0 0 ' ,11 ,1 ,2, 2
158 ,253, 144, '130 133 128 132 ' ,'0 0 0 0 ' ,9 ,2 ,2, 2
145 ,150, 132, '121 118 119 114 ' ,'0 0 0 0 ' ,11 ,1 ,2, 2
151 ,137, 138, '128 105 106 105 ' ,'0 0 0 0 ' ,26 ,1 ,2, 2
284 ,144, 267, '102 130 115 108 ' ,'0 0 0 0 ' ,156 ,3 ,3, 2
140 ,274, 128, '117 108 112 100 ' ,'0 0 0 0 ' ,19 ,2 ,2, 2
149 ,132, 136, '124 124 114 118 ' ,'0 0 0 0 ' ,14 ,1 ,3, 2
166 ,263, 149, '134 138 125 125 ' ,'0 0 0 0 ' ,17 ,2 ,2, 1
154 ,157, 140, '126 107 106 106 ' ,'0 0 0 0 ' ,23 ,2 ,2, 2
219 ,148, 207, '121 194 119 115 ' ,'0 0 0 0 ' ,85 ,2 ,2, 1
167 ,212, 115, '101 109 116 106 ' ,'5442327 0 0 0 ' ,36 ,2 ,4, 3
184 ,159, 171, '122 135 122 124 ' ,'0 0 0 0 ' ,18 ,3 ,2, 2
284 ,175, 265, '253 105 112 104 ' ,'0 0 0 0 ' ,153 ,2 ,2, 2
183 ,270, 161, '133 148 129 130 ' ,'0 0 0 0 ' ,29 ,2 ,3, 3
200 ,176, 171, '142 159 125 121 ' ,'0 0 0 0 ' ,41 ,1 ,3, 3
166 ,198, 148, '133 132 138 123 ' ,'0 0 0 0 ' ,18 ,1 ,2, 2
173 ,154, 152, '127 133 127 123 ' ,'0 0 0 0 ' ,22 ,2 ,2, 2
185 ,157, 131, '97 108 97 108 ' ,'0 0 0 0 ' ,15 ,1 ,2, 2
198 ,136, 180, '112 125 117 153 ' ,'0 0 0 0 ' ,7 ,1 ,2, 2
195 ,199, 182, '119 170 117 112 ' ,'0 0 0 0 ' ,62 ,1 ,3, 3
175 ,186, 158, '131 129 132 126 ' ,'0 0 0 0 ' ,4 ,1 ,2, 2
166 ,168, 151, '140 120 118 113 ' ,'0 0 0 0 ' ,25 ,2 ,2, 2
193 ,156, 175, '130 132 140 125 ' ,'0 0 0 0 ' ,32 ,1 ,2, 2
153 ,180, 140, '104 104 129 103 ' ,'0 0 0 0 ' ,28 ,2 ,2, 2
208 ,145, 195, '155 179 159 145 ' ,'0 0 0 0 ' ,23 ,1 ,4, 4
135 ,200, 115, '99 101 102 101 ' ,'0 0 0 0 ' ,5 ,1 ,2, 2
148 ,124, 133, '113 116 111 116 ' ,'0 0 0 0 ' ,13 ,2 ,2, 2
149 ,141, 123, '111 117 110 115 ' ,'0 0 0 0 ' ,10 ,1 ,2, 2
180 ,139, 167, '119 118 149 115 ' ,'0 0 0 0 ' ,43 ,1 ,3, 3
163 ,170, 150, '118 135 115 115 ' ,'0 0 0 0 ' ,24 ,1 ,2, 2
156 ,156, 141, '117 111 116 123 ' ,'0 0 0 0 ' ,19 ,1 ,2, 2
207 ,146, 195, '100 183 103 102 ' ,'0 5340477 0 0 ' ,68 ,1 ,3, 2
227 ,200, 215, '199 120 125 118 ' ,'5428479 0 0 0 ' ,88 ,2 ,2, 2
147 ,221, 129, '101 98 102 103 ' ,'0 0 0 0 ' ,6 ,2 ,14, 4
315 ,132, 301, '127 152 124 132 ' ,'0 0 0 0 ' ,31 ,1 ,2, 2
150 ,306, 137, '119 122 120 112 ' ,'0 0 0 0 ' ,15 ,1 ,2, 2
152 ,141, 133, '113 113 124 121 ' ,'0 0 0 0 ' ,14 ,1 ,2, 2
141 ,143, 130, '116 99 103 101 ' ,'0 0 0 0 ' ,18 ,2 ,2, 2
200 ,134, 180, '141 132 150 128 ' ,'0 0 0 0 ' ,26 ,1 ,19, 9
251 ,188, 225, '173 159 210 142 ' ,'0 0 5358906 0 ' ,78 ,3 ,4, 3
187 ,235, 173, '155 157 152 150 ' ,'0 0 0 0 ' ,13 ,1 ,3, 3
297 ,178, 277, '101 103 265 98 ' ,'0 0 0 0 ' ,169 ,1 ,2, 2
153 ,284, 142, '117 125 120 121 ' ,'0 0 0 0 ' ,5 ,1 ,3, 2
157 ,145, 136, '119 122 111 118 ' ,'0 0 0 0 ' ,8 ,2 ,2, 2
141 ,142, 127, '101 107 101 106 ' ,'0 0 0 0 ' ,12 ,2 ,4, 4
132 ,141, 119, '98 102 99 103 ' ,'0 0 0 0 ' ,6 ,1 ,2, 2
150 ,124, 139, '120 115 123 123 ' ,'0 5411068 0 0 ' ,7 ,1 ,2, 2
151 ,144, 139, '118 116 117 118 ' ,'0 0 0 0 ' ,8 ,1 ,3, 3
297 ,144, 277, '102 263 101 113 ' ,'0 0 0 0 ' ,167 ,2 ,5, 3
180 ,303, 166, '120 149 118 118 ' ,'0 0 0 0 ' ,36 ,2 ,3, 3
190 ,171, 174, '154 140 143 142 ' ,'0 0 0 0 ' ,23 ,2 ,2, 2
198 ,184, 186, '107 110 97 174 ' ,'0 0 0 5470908 ' ,75 ,1 ,3, 3
173 ,190, 161, '148 137 138 130 ' ,'0 0 0 0 ' ,20 ,2 ,2, 2
234 ,167, 222, '207 119 119 124 ' ,'5365972 0 0 0 ' ,91 ,2 ,2, 2
155 ,307, 135, '99 118 105 108 ' ,'0 0 0 0 ' ,21 ,1 ,4, 3
383 ,140, 370, '99 103 104 105 ' ,'0 0 0 0 ' ,88 ,1 ,170, 170
194 ,374, 175, '139 145 145 161 ' ,'0 0 0 0 ' ,17 ,1 ,2, 2
166 ,179, 153, '137 125 136 130 ' ,'0 0 0 0 ' ,15 ,1 ,4, 4
167 ,158, 148, '131 128 129 133 ' ,'0 0 0 0 ' ,6 ,1 ,2, 2
174 ,157, 161, '113 142 114 118 ' ,'0 0 0 0 ' ,32 ,1 ,2, 2
153 ,166, 138, '117 119 119 120 ' ,'0 0 0 0 ' ,6 ,0 ,3, 2
232 ,143, 218, '139 141 136 204 ' ,'0 0 0 0 ' ,70 ,2 ,2, 2
185 ,224, 134, '112 116 113 117 ' ,'0 0 0 0 ' ,6 ,1 ,3, 2
202 ,139, 176, '98 105 98 99 ' ,'0 0 0 0 ' ,64 ,1 ,3, 2
184 ,195, 172, '127 156 130 137 ' ,'0 0 0 0 ' ,33 ,1 ,2, 2
204 ,175, 168, '133 130 133 129 ' ,'0 0 0 0 ' ,6 ,2 ,2, 1
258 ,177, 186, '116 120 116 141 ' ,'0 0 0 5531477 ' ,58 ,2 ,2, 2
145 ,191, 131, '111 110 102 110 ' ,'0 0 0 0 ' ,10 ,2 ,3, 3
325 ,137, 310, '102 107 98 285 ' ,'0 0 0 0 ' ,196 ,2 ,4, 3
167 ,351, 154, '133 130 129 129 ' ,'0 0 0 0 ' ,7 ,1 ,3, 3
335 ,158, 154, '136 132 127 128 ' ,'0 0 0 0 ' ,157 ,3 ,2, 2
162 ,305, 138, '117 113 118 120 ' ,'0 0 0 0 ' ,10 ,1 ,2, 1
205 ,147, 169, '150 130 128 124 ' ,'0 0 0 0 ' ,35 ,2 ,3, 2
377 ,197, 363, '277 277 342 276 ' ,'0 0 0 0 ' ,76 ,2 ,3, 3
335 ,367, 321, '254 307 272 276 ' ,'0 0 0 0 ' ,52 ,1 ,2, 2
553 ,327, 539, '255 261 500 261 ' ,'0 0 5547471 0 ' ,226 ,2 ,25, 3
346 ,544, 333, '281 286 275 319 ' ,'0 0 0 0 ' ,45 ,2 ,3, 3
665 ,337, 624, '369 366 597 429 ' ,'0 0 0 0 ' ,234 ,2 ,4, 4
361 ,654, 344, '294 286 313 272 ' ,'0 0 0 0 ' ,59 ,1 ,4, 4
383 ,356, 371, '326 353 334 307 ' ,'0 0 0 0 ' ,52 ,2 ,3, 2
386 ,375, 369, '291 291 334 263 ' ,'0 0 0 0 ' ,94 ,3 ,2, 2
407 ,377, 393, '374 293 331 313 ' ,'0 0 0 0 ' ,81 ,2 ,4, 3
480 ,397, 283, '294 263 275 267 ' ,'0 0 0 0 ' ,173 ,2 ,3, 2
630 ,472, 409, '265 374 280 284 ' ,'0 5447743 0 0 ' ,128 ,2 ,4, 3
531 ,412, 513, '275 495 287 292 ' ,'0 0 0 0 ' ,222 ,3 ,2, 2
564 ,524, 540, '287 295 335 277 ' ,'0 0 0 0 ' ,251 ,3 ,4, 3
364 ,551, 349, '309 290 331 291 ' ,'0 0 0 0 ' ,46 ,3 ,3, 3
367 ,354, 356, '332 294 312 278 ' ,'0 0 0 0 ' ,63 ,2 ,4, 3
377 ,359, 365, '345 300 305 310 ' ,'0 0 0 0 ' ,49 ,3 ,4, 4
335 ,372, 323, '299 308 298 298 ' ,'0 0 0 0 ' ,10 ,2 ,2, 2
349 ,327, 337, '308 308 321 308 ' ,'0 0 0 0 ' ,19 ,2 ,2, 2
502 ,344, 490, '326 314 342 311 ' ,'0 0 0 0 ' ,167 ,2 ,4, 4
397 ,494, 383, '355 308 333 329 ' ,'0 0 0 0 ' ,61 ,3 ,4, 3
349 ,388, 336, '316 294 319 294 ' ,'0 0 0 0 ' ,31 ,1 ,2, 2
2030 ,340, 2018, '2004 1708 1879 1420 ' ,'3703699 3914965 5958648 739426 ' ,588 ,1 ,3, 3
330 ,2024, 313, '286 293 290 287 ' ,'0 0 0 0 ' ,12 ,1 ,4, 3
510 ,318, 495, '361 293 427 277 ' ,'0 0 559894 0 ' ,204 ,3 ,4, 4
515 ,499, 312, '276 400 284 297 ' ,'0 0 0 0 ' ,211 ,3 ,4, 3
364 ,507, 350, '306 300 301 329 ' ,'0 0 0 0 ' ,21 ,2 ,2, 2
432 ,359, 421, '404 316 330 358 ' ,'5388455 0 0 0 ' ,89 ,2 ,3, 2
362 ,427, 348, '295 299 278 337 ' ,'0 0 0 0 ' ,56 ,2 ,2, 2
528 ,355, 515, '495 309 302 306 ' ,'0 0 0 0 ' ,195 ,2 ,4, 4
344 ,519, 332, '297 311 310 301 ' ,'0 0 0 0 ' ,21 ,2 ,3, 3
372 ,337, 360, '324 331 339 317 ' ,'0 0 0 0 ' ,30 ,4 ,4, 3
361 ,364, 347, '319 324 321 323 ' ,'0 0 0 0 ' ,12 ,2 ,3, 3
362 ,351, 346, '297 326 322 319 ' ,'0 0 0 0 ' ,34 ,2 ,2, 2
583 ,353, 572, '288 380 319 315 ' ,'0 0 0 0 ' ,272 ,3 ,2, 2
368 ,577, 357, '314 298 319 340 ' ,'0 0 0 0 ' ,45 ,1 ,4, 3
373 ,361, 361, '316 336 335 322 ' ,'0 0 0 0 ' ,29 ,3 ,4, 3
365 ,364, 346, '313 317 309 312 ' ,'0 0 0 0 ' ,22 ,2 ,3, 2
419 ,351, 408, '314 332 304 390 ' ,'0 0 0 5613544 ' ,90 ,2 ,3, 2
366 ,412, 349, '325 320 330 312 ' ,'0 0 0 0 ' ,21 ,2 ,3, 3
608 ,354, 595, '305 323 320 584 ' ,'0 0 0 0 ' ,276 ,2 ,2, 2
369 ,602, 355, '304 314 308 339 ' ,'0 0 0 0 ' ,32 ,3 ,4, 3
449 ,360, 437, '421 313 309 345 ' ,'5560239 0 0 0 ' ,111 ,1 ,3, 3
364 ,442, 351, '316 315 332 327 ' ,'0 0 0 0 ' ,10 ,2 ,3, 2
372 ,356, 360, '313 319 327 309 ' ,'0 0 0 0 ' ,36 ,2 ,3, 3
365 ,364, 353, '320 325 330 336 ' ,'0 0 0 0 ' ,20 ,2 ,3, 2
362 ,358, 350, '321 326 313 329 ' ,'0 0 0 0 ' ,22 ,2 ,3, 3
406 ,356, 349, '275 284 326 293 ' ,'0 0 5557176 0 ' ,59 ,2 ,4, 4
398 ,388, 335, '300 309 301 324 ' ,'0 0 0 0 ' ,71 ,1 ,2, 2
572 ,390, 555, '274 369 536 255 ' ,'0 0 0 0 ' ,284 ,2 ,4, 4
218 ,561, 206, '160 184 176 179 ' ,'0 0 0 0 ' ,32 ,1 ,2, 2
223 ,211, 210, '175 167 183 193 ' ,'0 0 0 0 ' ,27 ,3 ,4, 3
303 ,215, 291, '161 163 174 172 ' ,'0 0 0 0 ' ,110 ,3 ,4, 4
229 ,295, 213, '155 159 189 173 ' ,'0 0 0 0 ' ,41 ,3 ,4, 4
201 ,219, 190, '161 166 163 164 ' ,'0 0 0 0 ' ,13 ,2 ,3, 3
244 ,193, 230, '188 162 209 168 ' ,'0 0 0 0 ' ,46 ,2 ,4, 4
201 ,234, 182, '152 160 150 165 ' ,'0 0 0 0 ' ,16 ,1 ,2, 2
208 ,189, 196, '157 153 178 165 ' ,'0 0 0 0 ' ,28 ,2 ,3, 3
197 ,200, 182, '148 151 161 168 ' ,'0 0 0 0 ' ,19 ,1 ,3, 3
332 ,191, 317, '166 155 157 174 ' ,'0 0 0 0 ' ,146 ,2 ,2, 2
233 ,328, 213, '194 151 189 153 ' ,'0 0 0 0 ' ,48 ,2 ,4, 3
190 ,220, 177, '149 151 160 153 ' ,'0 0 0 0 ' ,11 ,2 ,2, 2
307 ,182, 295, '149 161 269 163 ' ,'0 0 0 0 ' ,114 ,1 ,3, 3
492 ,298, 222, '205 204 206 203 ' ,'0 0 0 0 ' ,255 ,2 ,4, 3
199 ,485, 186, '168 154 161 154 ' ,'0 0 0 0 ' ,19 ,1 ,4, 3
246 ,192, 232, '166 155 212 175 ' ,'5573509 0 0 0 ' ,61 ,1 ,2, 2
239 ,238, 227, '194 203 204 211 ' ,'0 0 0 0 ' ,14 ,2 ,3, 3
403 ,232, 391, '374 158 153 156 ' ,'0 0 0 0 ' ,224 ,2 ,3, 2
188 ,397, 171, '146 145 143 148 ' ,'0 0 0 0 ' ,10 ,1 ,2, 2
188 ,181, 175, '156 149 157 148 ' ,'0 0 0 0 ' ,15 ,1 ,2, 2
219 ,182, 205, '163 158 182 154 ' ,'0 0 0 0 ' ,34 ,2 ,3, 3
195 ,238, 183, '147 158 159 144 ' ,'0 0 0 0 ' ,25 ,1 ,4, 4
356 ,187, 343, '144 143 147 154 ' ,'0 5561224 0 0 ' ,183 ,2 ,4, 4
198 ,347, 181, '160 145 149 153 ' ,'0 0 0 0 ' ,18 ,2 ,2, 2
399 ,189, 387, '159 366 160 164 ' ,'0 0 0 0 ' ,210 ,2 ,4, 4
241 ,391, 227, '159 156 206 150 ' ,'0 0 0 0 ' ,64 ,2 ,4, 3
318 ,232, 302, '146 149 156 289 ' ,'0 0 0 0 ' ,139 ,1 ,3, 3
248 ,307, 236, '205 199 213 209 ' ,'0 0 0 0 ' ,18 ,1 ,4, 4
197 ,239, 182, '150 162 152 147 ' ,'0 0 0 0 ' ,19 ,2 ,4, 3
367 ,187, 354, '334 210 201 244 ' ,'5631920 0 0 0 ' ,127 ,1 ,2, 2
200 ,360, 187, '150 153 165 165 ' ,'0 0 0 0 ' ,11 ,1 ,2, 2
196 ,201, 183, '156 143 161 153 ' ,'0 0 0 0 ' ,23 ,2 ,3, 3
192 ,189, 173, '151 141 145 160 ' ,'0 0 0 0 ' ,15 ,2 ,3, 2
189 ,185, 174, '138 151 150 157 ' ,'0 0 0 0 ' ,22 ,2 ,2, 2
183 ,181, 169, '149 147 142 145 ' ,'0 0 0 0 ' ,11 ,1 ,2, 2
351 ,177, 336, '145 144 312 148 ' ,'0 0 5685700 0 ' ,173 ,2 ,3, 3
435 ,342, 164, '139 148 146 152 ' ,'0 0 0 0 ' ,270 ,1 ,2, 2
313 ,430, 295, '146 271 156 140 ' ,'0 0 0 0 ' ,141 ,1 ,3, 3
197 ,500, 182, '150 154 152 148 ' ,'0 0 0 0 ' ,21 ,1 ,3, 2
359 ,189, 346, '143 150 152 142 ' ,'0 0 0 0 ' ,185 ,1 ,2, 2
216 ,352, 202, '145 150 176 147 ' ,'0 0 0 0 ' ,38 ,2 ,4, 4
238 ,206, 198, '149 146 156 185 ' ,'0 0 0 0 ' ,55 ,1 ,2, 2
195 ,227, 179, '137 154 148 152 ' ,'0 0 0 0 ' ,24 ,2 ,3, 3
208 ,187, 183, '135 151 143 155 ' ,'0 0 0 0 ' ,26 ,3 ,3, 3
200 ,196, 162, '141 141 147 150 ' ,'0 0 0 0 ' ,30 ,1 ,2, 2
395 ,195, 380, '138 139 147 142 ' ,'0 0 0 0 ' ,219 ,1 ,3, 3
305 ,388, 289, '138 143 140 146 ' ,'0 0 0 0 ' ,131 ,2 ,4, 4
353 ,296, 341, '287 308 307 326 ' ,'0 0 0 0 ' ,36 ,1 ,3, 3
390 ,347, 375, '323 331 345 359 ' ,'0 0 0 0 ' ,35 ,2 ,3, 3
531 ,387, 514, '361 339 353 499 ' ,'0 0 0 5709212 ' ,141 ,2 ,2, 2
388 ,523, 375, '330 352 351 350 ' ,'0 0 0 0 ' ,16 ,3 ,3, 3
759 ,381, 744, '495 513 337 325 ' ,'5743815 0 0 0 ' ,188 ,1 ,3, 2
390 ,748, 373, '308 332 315 350 ' ,'0 0 0 0 ' ,42 ,2 ,4, 4
648 ,377, 635, '611 338 362 349 ' ,'0 0 0 0 ' ,270 ,2 ,4, 3
382 ,640, 371, '348 335 340 338 ' ,'0 0 0 0 ' ,19 ,2 ,3, 3
409 ,379, 393, '326 336 359 362 ' ,'0 0 0 0 ' ,43 ,1 ,9, 8
480 ,407, 447, '423 354 333 330 ' ,'0 0 0 0 ' ,102 ,1 ,2, 2
499 ,471, 364, '335 340 347 343 ' ,'0 0 0 5749876 ' ,100 ,2 ,4, 4
606 ,458, 589, '353 328 559 400 ' ,'0 5642448 5777254 0 ' ,204 ,3 ,4, 4
706 ,594, 690, '323 319 327 677 ' ,'5697263 0 0 0 ' ,349 ,1 ,2, 2
630 ,699, 609, '326 591 336 346 ' ,'0 0 0 0 ' ,266 ,2 ,2, 2
658 ,737, 643, '615 320 334 346 ' ,'0 0 0 0 ' ,302 ,2 ,4, 4
421 ,647, 387, '357 296 341 328 ' ,'0 0 0 0 ' ,67 ,3 ,5, 4
418 ,391, 399, '327 340 328 381 ' ,'0 0 0 0 ' ,59 ,2 ,3, 2
359 ,408, 340, '283 295 302 322 ' ,'0 0 0 0 ' ,36 ,2 ,2, 2
342 ,349, 318, '279 257 289 294 ' ,'0 0 0 0 ' ,37 ,2 ,2, 2
535 ,327, 317, '283 287 300 294 ' ,'0 0 5797183 0 ' ,212 ,3 ,4, 3
339 ,699, 324, '267 288 263 305 ' ,'0 0 0 0 ' ,33 ,3 ,2, 2
711 ,329, 697, '292 295 671 311 ' ,'0 0 0 0 ' ,386 ,3 ,2, 2
388 ,704, 374, '348 259 267 265 ' ,'0 0 0 0 ' ,95 ,2 ,3, 3
433 ,378, 421, '282 283 401 287 ' ,'0 0 0 0 ' ,121 ,2 ,2, 2
319 ,430, 306, '254 259 279 293 ' ,'0 0 0 0 ' ,34 ,1 ,2, 2
297 ,312, 285, '253 245 241 266 ' ,'0 0 0 0 ' ,17 ,2 ,5, 4
300 ,289, 287, '261 251 251 265 ' ,'0 0 0 0 ' ,16 ,1 ,2, 2
547 ,293, 513, '505 248 251 255 ' ,'5760464 0 0 0 ' ,256 ,1 ,2, 2
277 ,538, 265, '228 233 245 237 ' ,'0 0 0 0 ' ,18 ,2 ,2, 1
646 ,270, 630, '254 257 253 264 ' ,'0 0 0 0 ' ,351 ,3 ,3, 2
301 ,778, 289, '259 264 239 259 ' ,'0 0 0 0 ' ,32 ,2 ,3, 3
316 ,293, 299, '274 252 244 284 ' ,'0 0 0 0 ' ,39 ,2 ,2, 1
480 ,305, 467, '234 226 232 454 ' ,'0 0 0 0 ' ,216 ,1 ,1, 1
346 ,474, 331, '302 257 272 257 ' ,'0 0 0 0 ' ,54 ,3 ,3, 3
842 ,335, 829, '248 247 240 239 ' ,'0 5743825 0 0 ' ,231 ,2 ,2, 1
473 ,834, 462, '246 245 272 287 ' ,'5740880 0 0 0 ' ,186 ,2 ,4, 4
606 ,466, 593, '254 568 253 295 ' ,'0 0 0 0 ' ,320 ,2 ,3, 3
649 ,597, 636, '613 264 264 290 ' ,'0 0 0 0 ' ,350 ,2 ,2, 2
361 ,641, 348, '254 246 273 246 ' ,'0 0 0 0 ' ,62 ,7 ,2, 1
300 ,352, 286, '252 256 252 253 ' ,'0 0 0 0 ' ,15 ,2 ,3, 3
554 ,294, 542, '264 268 262 519 ' ,'0 0 0 5876787 ' ,260 ,3 ,3, 3
708 ,546, 696, '273 278 288 301 ' ,'0 0 0 0 ' ,36 ,2 ,3, 3
741 ,700, 543, '291 261 519 271 ' ,'0 0 5845976 0 ' ,262 ,2 ,2, 2
301 ,548, 289, '257 260 263 255 ' ,'0 0 0 0 ' ,15 ,2 ,3, 3
328 ,293, 310, '268 259 275 290 ' ,'0 0 0 0 ' ,34 ,1 ,2, 2
628 ,315, 616, '279 256 269 295 ' ,'0 0 0 0 ' ,339 ,3 ,3, 3
587 ,621, 572, '281 272 279 307 ' ,'0 0 0 0 ' ,279 ,3 ,3, 3
479 ,580, 272, '262 254 259 252 ' ,'0 0 0 5917983 ' ,111 ,1 ,2, 2
696 ,393, 683, '276 295 266 668 ' ,'0 0 0 0 ' ,399 ,1 ,2, 2
378 ,697, 305, '274 260 278 288 ' ,'0 0 0 914418 ' ,70 ,2 ,2, 1
306 ,356, 294, '275 249 266 273 ' ,'0 0 0 0 ' ,25 ,1 ,2, 2
413 ,299, 398, '297 254 284 385 ' ,'0 0 0 0 ' ,121 ,2 ,2, 2
322 ,404, 311, '269 273 292 267 ' ,'0 0 0 0 ' ,33 ,2 ,3, 2
324 ,315, 307, '284 258 262 271 ' ,'0 0 0 0 ' ,30 ,1 ,2, 2
307 ,317, 292, '258 269 244 272 ' ,'0 0 5423087 0 ' ,25 ,1 ,2, 2
302 ,301, 286, '246 247 264 260 ' ,'0 0 0 0 ' ,16 ,2 ,3, 3
371 ,297, 352, '248 262 332 278 ' ,'0 0 0 0 ' ,81 ,1 ,2, 2
314 ,360, 302, '271 260 281 264 ' ,'0 0 0 0 ' ,22 ,2 ,3, 2
325 ,307, 307, '267 278 277 265 ' ,'0 0 0 0 ' ,26 ,2 ,3, 2
308 ,310, 292, '269 261 269 254 ' ,'0 0 0 0 ' ,26 ,1 ,2, 2
331 ,299, 311, '254 265 292 268 ' ,'0 0 0 0 ' ,37 ,2 ,2, 2
322 ,324, 308, '277 263 288 274 ' ,'0 0 0 0 ' ,25 ,2 ,2, 2
318 ,313, 304, '266 257 276 266 ' ,'0 0 0 0 ' ,20 ,2 ,2, 2
310 ,309, 295, '270 262 268 267 ' ,'0 0 0 0 ' ,12 ,2 ,3, 2
317 ,304, 301, '259 270 266 284 ' ,'0 0 0 0 ' ,19 ,2 ,3, 3
333 ,310, 316, '256 261 280 292 ' ,'0 0 0 0 ' ,37 ,2 ,3, 3
331 ,319, 317, '260 270 287 302 ' ,'0 0 0 0 ' ,38 ,1 ,3, 2
329 ,325, 316, '263 279 291 270 ' ,'0 0 0 0 ' ,34 ,2 ,2, 2
348 ,320, 316, '264 280 271 273 ' ,'0 0 0 0 ' ,34 ,1 ,2, 1
398 ,352, 384, '277 296 356 280 ' ,'0 0 5526464 0 ' ,90 ,2 ,2, 2
312 ,391, 295, '262 258 253 276 ' ,'0 0 0 0 ' ,21 ,1 ,2, 2
400 ,306, 377, '270 257 350 278 ' ,'0 0 0 0 ' ,89 ,2 ,2, 2
415 ,394, 402, '257 262 372 291 ' ,'0 0 0 0 ' ,120 ,4 ,2, 2
388 ,406, 375, '264 264 345 319 ' ,'0 0 0 397091 ' ,90 ,3 ,2, 2
332 ,380, 319, '284 275 273 292 ' ,'0 0 0 0 ' ,24 ,1 ,3, 3
441 ,417, 428, '264 281 272 411 ' ,'0 0 0 0 ' ,144 ,2 ,3, 3
334 ,434, 322, '248 251 267 299 ' ,'0 0 0 0 ' ,49 ,3 ,3, 3
485 ,327, 471, '291 281 401 268 ' ,'0 0 445683 0 ' ,186 ,42 ,3, 2
331 ,477, 315, '282 274 276 287 ' ,'0 0 0 0 ' ,14 ,2 ,2, 2
446 ,319, 428, '262 251 400 283 ' ,'0 0 0 0 ' ,154 ,2 ,2, 2
494 ,435, 482, '245 266 270 361 ' ,'0 0 0 411639 ' ,213 ,2 ,3, 3
377 ,486, 363, '266 271 293 341 ' ,'0 0 0 0 ' ,73 ,3 ,3, 3
339 ,368, 327, '256 257 298 301 ' ,'0 0 442589 0 ' ,49 ,2 ,3, 3
334 ,330, 312, '271 289 268 292 ' ,'0 0 0 0 ' ,21 ,2 ,2, 2
543 ,325, 529, '285 276 497 296 ' ,'0 0 449915 0 ' ,228 ,3 ,3, 3
407 ,535, 394, '273 282 285 367 ' ,'0 0 0 439428 ' ,99 ,3 ,4, 4
325 ,401, 311, '243 278 275 271 ' ,'0 0 0 0 ' ,39 ,1 ,3, 2
455 ,319, 434, '284 277 289 419 ' ,'0 0 0 0 ' ,136 ,3 ,2, 2
361 ,440, 336, '290 293 305 287 ' ,'0 0 0 0 ' ,32 ,2 ,3, 3
480 ,343, 468, '308 275 382 273 ' ,'0 0 468804 0 ' ,174 ,3 ,4, 4
405 ,471, 320, '264 288 295 295 ' ,'0 0 0 455778 ' ,101 ,3 ,3, 3
602 ,392, 589, '284 287 288 564 ' ,'0 0 0 443414 ' ,278 ,3 ,4, 4
335 ,593, 322, '267 286 284 298 ' ,'0 0 0 0 ' ,34 ,2 ,2, 2
343 ,328, 329, '288 287 282 312 ' ,'0 0 0 0 ' ,29 ,2 ,2, 2
453 ,334, 442, '314 298 408 294 ' ,'0 0 478830 0 ' ,136 ,2 ,2, 2
510 ,448, 495, '297 312 456 324 ' ,'0 0 0 0 ' ,131 ,2 ,2, 2
689 ,500, 527, '310 328 326 495 ' ,'0 0 0 553526 ' ,324 ,3 ,3, 2
405 ,669, 359, '315 328 318 320 ' ,'0 0 0 0 ' ,23 ,2 ,3, 2
481 ,373, 471, '334 324 437 336 ' ,'0 0 509561 0 ' ,97 ,2 ,2, 2
535 ,476, 401, '329 299 319 377 ' ,'0 0 0 598393 ' ,145 ,1 ,2, 2
790 ,482, 762, '314 303 480 683 ' ,'0 0 0 567708 ' ,380 ,2 ,3, 2
339 ,775, 327, '294 285 296 300 ' ,'0 0 0 0 ' ,15 ,2 ,4, 4
370 ,332, 354, '305 320 322 306 ' ,'0 0 0 0 ' ,28 ,2 ,2, 2
480 ,360, 468, '304 319 433 442 ' ,'0 0 505512 495875 ' ,143 ,2 ,3, 3
374 ,471, 358, '300 312 319 333 ' ,'0 0 0 0 ' ,37 ,2 ,3, 2
546 ,365, 533, '293 310 469 499 ' ,'0 0 0 0 ' ,219 ,2 ,2, 2
359 ,540, 347, '308 315 309 322 ' ,'0 0 0 0 ' ,14 ,2 ,4, 4
467 ,351, 451, '295 297 316 427 ' ,'0 0 0 508667 ' ,133 ,3 ,3, 3
512 ,455, 499, '293 293 468 286 ' ,'0 0 571736 0 ' ,193 ,2 ,3, 1
504 ,505, 490, '341 301 303 474 ' ,'0 0 0 0 ' ,162 ,2 ,2, 2
351 ,497, 335, '284 300 306 306 ' ,'0 0 0 0 ' ,29 ,2 ,2, 2
363 ,345, 351, '274 301 288 331 ' ,'0 0 0 0 ' ,57 ,3 ,2, 2
