250 ,0, 140, '62 50 76 56 71 53 46 55 52 61 44 44 ' ,'0 0 0 0 0 0 0 0 0 0 0 0 ' ,47 ,3 ,16, 16
1031 ,262, 992, '430 466 635 417 808 438 459 724 378 809 433 451 ' ,'0 0 0 0 0 0 0 0 0 0 0 0 ' ,492 ,5 ,91, 3
665 ,1022, 629, '384 397 463 353 438 374 314 353 319 500 308 320 ' ,'0 0 0 0 0 0 0 0 0 0 0 0 ' ,209 ,3 ,99, 1
548 ,638, 526, '445 405 494 406 389 416 398 392 357 415 358 372 ' ,'0 0 0 0 0 0 0 0 0 0 0 0 ' ,142 ,3 ,14, 1
872 ,615, 732, '423 369 564 439 426 365 366 491 402 616 365 370 ' ,'0 0 0 0 0 0 0 0 0 0 0 0 ' ,271 ,3 ,94, 2
674 ,828, 648, '402 473 530 344 410 341 369 576 390 622 328 406 ' ,'0 0 0 0 0 0 0 0 0 0 0 0 ' ,296 ,3 ,7, 2
518 ,667, 485, '393 425 422 400 398 383 400 455 399 442 448 380 ' ,'0 0 0 0 0 0 0 0 0 0 0 0 ' ,80 ,4 ,12, 2
570 ,510, 552, '437 446 408 411 400 381 326 377 345 445 346 385 ' ,'0 0 0 0 0 0 0 0 0 0 0 0 ' ,122 ,3 ,93, 1
500 ,559, 484, '414 381 459 386 359 368 323 340 340 369 369 333 ' ,'0 0 0 0 0 0 0 0 0 0 0 0 ' ,143 ,4 ,12, 2
557 ,692, 525, '444 373 393 397 368 442 362 439 326 477 325 372 ' ,'0 0 0 0 0 0 0 0 0 0 0 0 ' ,171 ,5 ,32, 10
665 ,667, 636, '421 409 393 351 521 347 314 402 324 451 295 359 ' ,'0 0 0 0 0 0 0 0 0 0 0 0 ' ,228 ,4 ,115, 2
586 ,655, 554, '387 334 401 365 491 369 308 327 258 271 321 289 ' ,'0 0 0 0 0 0 0 0 0 0 0 0 ' ,240 ,3 ,63, 1
718 ,598, 684, '411 599 405 387 436 370 517 555 347 298 368 520 ' ,'0 0 0 0 0 0 0 0 0 0 0 0 ' ,337 ,3 ,39, 2
634 ,731, 619, '362 364 391 341 575 346 317 372 321 341 288 306 ' ,'0 0 0 0 0 0 0 0 0 0 0 0 ' ,291 ,3 ,30, 1
606 ,648, 572, '454 438 438 464 464 488 446 460 389 388 397 428 ' ,'0 0 0 0 0 0 0 0 0 0 0 0 ' ,104 ,4 ,73, 2
558 ,635, 494, '437 428 418 443 334 414 370 371 361 457 422 375 ' ,'0 0 0 0 0 0 0 0 0 0 0 0 ' ,132 ,3 ,25, 1
595 ,549, 580, '449 435 498 389 473 403 400 438 355 539 378 385 ' ,'0 0 0 0 0 0 0 0 0 0 0 0 ' ,191 ,3 ,14, 3
595 ,624, 576, '406 427 556 463 385 368 358 380 361 361 384 368 ' ,'0 0 0 0 0 0 0 0 0 0 0 0 ' ,201 ,2 ,2, 1
504 ,590, 469, '381 347 388 380 381 362 306 398 322 448 330 353 ' ,'0 0 0 0 0 0 0 0 0 0 0 0 ' ,142 ,2 ,9, 2
698 ,491, 679, '459 483 587 453 484 409 464 458 408 618 426 432 ' ,'0 0 0 0 0 0 0 0 0 0 0 0 ' ,241 ,29 ,21, 3
765 ,713, 747, '411 382 539 490 544 422 379 442 356 625 337 362 ' ,'0 0 0 0 0 0 0 0 0 0 0 0 ' ,294 ,3 ,105, 1
893 ,796, 873, '442 380 474 444 853 432 364 458 378 787 397 391 ' ,'0 0 0 0 0 0 0 0 0 0 0 0 ' ,498 ,3 ,7, 1
635 ,890, 611, '374 367 507 396 584 322 348 318 334 556 302 304 ' ,'0 0 0 0 0 0 0 0 0 0 0 0 ' ,287 ,2 ,16, 1
692 ,637, 679, '389 420 438 436 539 339 322 642 320 399 340 281 ' ,'0 0 0 0 0 0 0 0 0 0 0 0 ' ,368 ,3 ,22, 2
626 ,701, 604, '354 392 539 471 539 353 393 466 282 577 349 379 ' ,'0 0 0 0 0 0 0 0 0 0 0 0 ' ,301 ,3 ,14, 1
741 ,630, 705, '360 395 536 433 678 346 362 407 329 537 375 386 ' ,'0 0 0 0 0 0 0 0 0 0 0 0 ' ,353 ,3 ,5, 2
614 ,739, 593, '405 408 540 381 555 325 372 431 315 573 335 388 ' ,'0 0 0 0 0 0 0 0 0 0 0 0 ' ,261 ,3 ,14, 4
549 ,613, 534, '342 360 508 363 438 376 311 417 346 425 317 324 ' ,'0 0 0 0 0 0 0 0 0 0 0 0 ' ,201 ,2 ,14, 1
549 ,563, 516, '313 401 468 355 377 382 356 457 334 401 351 384 ' ,'0 0 0 0 0 0 0 0 0 0 0 0 ' ,184 ,3 ,14, 2
676 ,553, 629, '384 392 561 412 597 398 365 391 334 505 337 369 ' ,'0 0 0 0 0 0 0 0 0 0 0 0 ' ,274 ,2 ,15, 2
586 ,659, 572, '357 370 411 379 490 351 317 362 297 460 331 308 ' ,'0 0 0 0 0 0 0 0 0 0 0 0 ' ,205 ,3 ,59, 1
600 ,578, 583, '363 352 357 347 452 367 275 410 333 551 311 273 ' ,'0 0 0 0 0 0 0 0 0 0 0 0 ' ,289 ,2 ,13, 2
607 ,603, 582, '390 330 546 401 531 350 310 393 274 541 323 329 ' ,'0 0 0 0 0 0 0 0 0 0 0 0 ' ,290 ,1 ,7, 2
733 ,603, 700, '428 427 447 427 592 422 383 450 331 619 393 402 ' ,'0 0 0 0 0 0 0 0 0 0 0 0 ' ,347 ,2 ,9, 2
632 ,776, 593, '441 444 373 481 552 364 428 537 368 519 401 413 ' ,'0 0 0 0 0 0 0 0 0 0 0 0 ' ,177 ,1 ,35, 3
637 ,660, 620, '446 401 558 438 385 379 414 497 366 576 350 357 ' ,'0 0 0 0 0 0 0 0 0 0 0 0 ' ,226 ,2 ,35, 3
604 ,635, 591, '466 413 539 425 544 366 385 493 377 473 387 350 ' ,'0 0 0 0 0 0 0 0 0 0 0 0 ' ,211 ,2 ,26, 3
814 ,606, 795, '423 475 737 446 683 415 382 498 361 613 455 397 ' ,'0 0 0 0 0 0 0 0 0 0 0 0 ' ,374 ,2 ,50, 3
636 ,804, 617, '431 419 460 411 471 384 372 438 339 569 361 306 ' ,'0 0 0 0 0 0 0 0 0 0 0 0 ' ,294 ,1 ,12, 3
552 ,632, 533, '372 378 447 431 499 336 335 363 343 430 300 293 ' ,'0 0 0 0 0 0 0 0 0 0 0 0 ' ,218 ,1 ,17, 4
657 ,543, 640, '314 298 467 401 506 303 315 367 298 611 286 302 ' ,'0 0 0 0 0 0 0 0 0 0 0 0 ' ,337 ,2 ,12, 3
646 ,660, 587, '379 361 567 350 469 334 357 484 297 531 302 366 ' ,'0 0 0 0 0 0 0 0 0 0 0 0 ' ,272 ,2 ,10, 3
628 ,615, 610, '363 330 589 368 511 397 323 538 326 526 299 352 ' ,'0 0 0 0 0 0 0 0 0 0 0 0 ' ,291 ,2 ,11, 2
684 ,632, 663, '547 417 633 480 544 546 361 436 362 506 546 381 ' ,'0 0 0 0 0 0 0 0 0 0 0 0 ' ,278 ,2 ,17, 2
650 ,683, 628, '494 429 600 475 544 436 392 441 389 435 393 390 ' ,'0 0 0 0 0 0 0 0 0 0 0 0 ' ,219 ,1 ,14, 3
723 ,651, 575, '380 411 510 442 543 364 362 454 380 556 352 355 ' ,'0 0 0 0 0 0 0 0 0 0 0 0 ' ,206 ,2 ,11, 3
546 ,730, 522, '388 342 488 364 373 357 308 438 278 466 309 328 ' ,'0 0 0 0 0 0 0 0 0 0 0 0 ' ,210 ,2 ,27, 2
666 ,544, 631, '419 410 612 537 534 381 378 512 524 500 439 389 ' ,'0 0 0 0 0 0 0 0 0 0 0 0 ' ,237 ,2 ,16, 2
609 ,695, 595, '435 417 446 443 533 398 369 374 376 438 354 338 ' ,'0 0 0 0 0 0 0 0 0 0 0 0 ' ,204 ,2 ,46, 1
632 ,600, 609, '389 342 563 376 589 377 323 469 338 404 331 322 ' ,'0 0 0 0 0 0 0 0 0 0 0 0 ' ,272 ,2 ,11, 2
632 ,622, 579, '366 369 540 397 543 339 357 424 319 480 348 364 ' ,'0 0 0 0 0 0 0 0 0 0 0 0 ' ,233 ,5 ,22, 1
844 ,652, 774, '453 443 614 424 529 341 400 553 377 524 417 382 ' ,'0 0 0 0 0 0 0 0 0 0 0 0 ' ,275 ,1 ,152, 2
774 ,839, 757, '472 465 664 418 578 430 375 527 386 735 407 377 ' ,'0 0 0 0 0 0 0 0 0 0 0 0 ' ,368 ,2 ,9, 2
624 ,781, 608, '434 412 559 439 504 400 372 544 369 561 343 424 ' ,'0 0 0 0 0 0 0 0 0 0 0 0 ' ,241 ,2 ,19, 3
482 ,627, 459, '383 383 438 424 443 360 353 427 327 343 376 380 ' ,'0 0 0 0 0 0 0 0 0 0 0 0 ' ,119 ,1 ,11, 2
569 ,475, 553, '401 367 514 405 532 335 391 526 353 499 326 335 ' ,'0 0 0 0 0 0 0 0 0 0 0 0 ' ,209 ,2 ,12, 2
759 ,561, 730, '469 382 440 442 683 408 375 399 347 625 343 336 ' ,'0 0 0 0 0 0 0 0 0 0 0 0 ' ,377 ,1 ,19, 2
596 ,763, 567, '410 404 496 421 545 404 349 524 317 543 357 366 ' ,'0 0 0 0 0 0 0 0 0 0 0 0 ' ,237 ,2 ,7, 2
604 ,593, 575, '429 449 498 429 506 372 339 535 399 538 369 385 ' ,'0 0 0 0 0 0 0 0 0 0 0 0 ' ,216 ,2 ,14, 2
532 ,598, 508, '410 455 385 445 467 376 372 461 363 491 392 381 ' ,'0 0 0 0 0 0 0 0 0 0 0 0 ' ,133 ,2 ,12, 2
574 ,527, 559, '430 462 417 370 455 413 356 372 381 525 403 349 ' ,'0 0 0 0 0 0 0 0 0 0 0 0 ' ,186 ,2 ,19, 3
625 ,573, 599, '429 438 582 471 579 403 411 411 398 526 385 366 ' ,'0 0 0 0 0 0 0 0 0 0 0 0 ' ,223 ,2 ,9, 3
792 ,642, 768, '452 431 706 429 666 389 386 437 392 733 421 415 ' ,'0 0 0 0 0 0 0 0 0 0 0 0 ' ,354 ,2 ,22, 2
560 ,813, 542, '417 417 412 393 380 396 371 432 367 512 378 349 ' ,'0 0 0 0 0 0 0 0 0 0 0 0 ' ,168 ,2 ,20, 3
607 ,569, 585, '371 409 410 401 554 330 373 394 357 424 356 362 ' ,'0 0 0 0 0 0 0 0 0 0 0 0 ' ,210 ,3 ,16, 1
531 ,613, 506, '434 393 383 387 407 360 351 360 360 483 373 350 ' ,'0 0 0 0 0 0 0 0 0 0 0 0 ' ,139 ,2 ,13, 3
594 ,526, 564, '447 394 492 402 394 383 391 407 366 539 389 419 ' ,'0 0 0 0 0 0 0 0 0 0 0 0 ' ,181 ,2 ,13, 1
545 ,609, 528, '366 377 469 460 474 353 374 389 361 470 363 361 ' ,'0 0 0 0 0 0 0 0 0 0 0 0 ' ,123 ,1 ,46, 2
664 ,540, 623, '455 444 468 376 489 393 399 495 385 461 362 390 ' ,'0 0 0 0 0 0 0 0 0 0 0 0 ' ,249 ,2 ,15, 2
613 ,657, 594, '466 406 571 390 446 381 350 445 316 479 412 358 ' ,'0 0 0 0 0 0 0 0 0 0 0 0 ' ,259 ,1 ,16, 2
552 ,636, 533, '427 441 451 391 470 337 360 368 383 404 409 389 ' ,'0 0 0 0 0 0 0 0 0 0 0 0 ' ,138 ,2 ,52, 1
666 ,559, 644, '449 431 439 445 458 360 399 416 389 591 406 403 ' ,'0 0 0 0 0 0 0 0 0 0 0 0 ' ,240 ,1 ,38, 2
729 ,660, 681, '383 435 642 483 545 429 403 388 334 544 351 396 ' ,'0 0 0 0 0 0 0 0 0 0 0 0 ' ,309 ,2 ,35, 3
607 ,725, 590, '523 448 538 513 560 432 397 501 408 536 398 419 ' ,'0 0 0 0 0 0 0 0 0 0 0 0 ' ,168 ,2 ,20, 4
627 ,620, 610, '514 424 529 459 587 439 367 404 363 424 405 383 ' ,'0 0 0 0 0 0 0 0 0 0 0 0 ' ,231 ,3 ,12, 3
656 ,639, 597, '440 451 575 448 450 451 394 493 358 538 461 407 ' ,'0 0 0 0 0 0 0 0 0 0 0 0 ' ,220 ,2 ,14, 2
642 ,640, 615, '448 408 577 414 588 374 394 506 351 491 396 395 ' ,'0 0 0 0 0 0 0 0 0 0 0 0 ' ,245 ,2 ,14, 2
786 ,636, 760, '413 358 553 349 569 330 359 466 352 428 360 353 ' ,'0 0 0 0 0 0 0 0 0 0 0 0 ' ,243 ,2 ,182, 1
544 ,776, 528, '468 355 507 363 458 353 343 476 364 458 420 357 ' ,'0 0 0 0 0 0 0 0 0 0 0 0 ' ,170 ,1 ,9, 3
639 ,539, 585, '410 372 459 378 379 350 337 556 389 409 366 347 ' ,'0 0 0 0 0 0 0 0 0 0 0 0 ' ,242 ,2 ,12, 3
589 ,629, 562, '411 425 450 392 534 375 294 419 350 485 358 357 ' ,'0 0 0 0 0 0 0 0 0 0 0 0 ' ,244 ,1 ,18, 3
554 ,584, 535, '426 382 499 361 388 332 293 457 314 476 351 327 ' ,'0 0 0 0 0 0 0 0 0 0 0 0 ' ,206 ,1 ,25, 2
627 ,559, 612, '373 442 510 401 382 318 450 436 397 571 347 369 ' ,'0 0 0 0 0 0 0 0 0 0 0 0 ' ,272 ,2 ,15, 3
583 ,648, 554, '379 392 474 398 418 316 277 530 323 351 319 313 ' ,'0 0 0 0 0 0 0 0 0 0 0 0 ' ,251 ,2 ,16, 3
508 ,578, 492, '329 362 472 362 441 363 358 395 309 391 349 312 ' ,'0 0 0 0 0 0 0 0 0 0 0 0 ' ,167 ,1 ,11, 2
625 ,506, 606, '433 371 444 362 578 408 361 536 357 401 453 316 ' ,'0 0 0 0 0 0 0 0 0 0 0 0 ' ,266 ,2 ,17, 1
666 ,633, 649, '404 377 516 377 617 387 305 395 361 444 424 342 ' ,'0 0 0 0 0 0 0 0 0 0 0 0 ' ,318 ,3 ,20, 3
688 ,661, 672, '457 496 607 473 605 386 387 512 401 454 385 345 ' ,'0 0 0 0 0 0 0 0 0 0 0 0 ' ,298 ,2 ,25, 2
681 ,712, 660, '501 476 628 491 590 390 430 496 427 588 387 394 ' ,'0 0 0 0 0 0 0 0 0 0 0 0 ' ,256 ,2 ,16, 4
758 ,708, 734, '451 466 633 457 662 424 389 701 407 653 446 390 ' ,'0 0 0 0 0 0 0 0 0 0 0 0 ' ,317 ,3 ,21, 3
709 ,758, 694, '451 409 649 484 572 428 368 415 387 605 412 419 ' ,'0 0 0 0 0 0 0 0 0 0 0 0 ' ,289 ,3 ,32, 11
651 ,704, 634, '478 474 601 425 548 448 432 426 409 499 446 394 ' ,'0 0 0 0 0 0 0 0 0 0 0 0 ' ,212 ,1 ,23, 4
565 ,656, 541, '429 399 520 399 473 363 369 409 354 498 375 328 ' ,'0 0 0 0 0 0 0 0 0 0 0 0 ' ,197 ,1 ,16, 3
718 ,614, 690, '344 389 650 338 481 365 389 516 289 648 299 315 ' ,'0 0 0 0 0 0 0 0 0 0 0 0 ' ,381 ,2 ,15, 1
470 ,719, 449, '342 344 406 374 343 308 303 337 293 409 313 319 ' ,'0 0 0 0 0 0 0 0 0 0 0 0 ' ,129 ,1 ,24, 2
565 ,468, 545, '366 408 471 353 486 332 297 344 320 509 342 336 ' ,'0 0 0 0 0 0 0 0 0 0 0 0 ' ,221 ,2 ,22, 3
531 ,559, 512, '362 412 357 373 484 315 349 317 288 381 308 322 ' ,'0 0 0 0 0 0 0 0 0 0 0 0 ' ,199 ,2 ,19, 3
538 ,529, 514, '403 414 451 416 474 316 358 436 314 363 381 332 ' ,'0 0 0 0 0 0 0 0 0 0 0 0 ' ,163 ,1 ,30, 2
527 ,555, 506, '419 384 458 374 463 430 304 479 332 396 341 312 ' ,'0 0 0 0 0 0 0 0 0 0 0 0 ' ,179 ,1 ,18, 1
578 ,520, 563, '383 395 470 350 346 302 344 407 293 401 346 309 ' ,'0 0 0 0 0 0 0 0 0 0 0 0 ' ,182 ,2 ,81, 2
545 ,569, 523, '391 390 491 369 409 404 355 455 340 478 379 338 ' ,'0 0 0 0 0 0 0 0 0 0 0 0 ' ,162 ,2 ,17, 2
756 ,544, 691, '440 388 515 445 566 445 398 568 393 669 453 379 ' ,'0 0 0 0 0 0 0 0 0 0 0 0 ' ,293 ,2 ,12, 1
723 ,733, 705, '516 482 665 419 607 418 378 654 379 575 409 387 ' ,'0 0 0 0 0 0 0 0 0 0 0 0 ' ,295 ,3 ,21, 3
702 ,721, 686, '472 484 420 513 431 415 401 493 400 659 418 427 ' ,'0 0 0 0 0 0 0 0 0 0 0 0 ' ,268 ,2 ,12, 2
767 ,697, 750, '544 481 522 514 723 417 458 717 401 540 400 359 ' ,'0 0 0 0 0 0 0 0 0 0 0 0 ' ,365 ,1 ,19, 2
680 ,766, 647, '576 405 466 544 572 474 437 623 417 605 517 432 ' ,'0 0 0 0 0 0 0 0 0 0 0 0 ' ,222 ,2 ,13, 3
573 ,680, 545, '450 445 520 449 454 385 386 510 364 422 449 391 ' ,'0 0 0 0 0 0 0 0 0 0 0 0 ' ,161 ,2 ,14, 2
637 ,570, 621, '428 435 508 440 498 406 434 582 350 482 416 368 ' ,'0 0 0 0 0 0 0 0 0 0 0 0 ' ,238 ,1 ,27, 3
613 ,631, 591, '468 441 566 462 351 432 351 452 398 364 413 364 ' ,'0 0 0 0 0 0 0 0 0 0 0 0 ' ,218 ,2 ,15, 3
639 ,613, 618, '537 402 493 453 462 415 351 584 326 522 434 377 ' ,'0 0 0 0 0 0 0 0 0 0 0 0 ' ,262 ,2 ,24, 3
608 ,639, 593, '543 410 466 362 531 435 373 514 366 534 430 328 ' ,'0 0 0 0 0 0 0 0 0 0 0 0 ' ,226 ,2 ,32, 2
616 ,693, 599, '379 421 406 446 566 363 341 469 339 447 366 317 ' ,'0 0 0 0 0 0 0 0 0 0 0 0 ' ,253 ,2 ,25, 3
559 ,609, 536, '376 406 404 377 462 328 362 511 316 369 300 331 ' ,'0 0 0 0 0 0 0 0 0 0 0 0 ' ,216 ,2 ,14, 3
587 ,559, 569, '386 370 459 348 470 545 330 518 294 499 546 301 ' ,'0 0 0 0 0 0 0 0 0 0 0 0 ' ,256 ,1 ,13, 1
575 ,583, 553, '400 365 517 374 436 287 318 439 322 422 328 342 ' ,'0 0 0 0 0 0 0 0 0 0 0 0 ' ,233 ,2 ,27, 2
510 ,563, 481, '459 360 450 366 435 367 305 330 285 442 376 293 ' ,'0 0 0 0 0 0 0 0 0 0 0 0 ' ,178 ,2 ,12, 2
578 ,515, 558, '411 315 409 346 525 339 363 480 325 523 351 334 ' ,'0 0 0 0 0 0 0 0 0 0 0 0 ' ,212 ,2 ,21, 2
736 ,570, 719, '373 375 393 420 685 394 368 376 412 513 432 344 ' ,'0 0 0 0 0 0 0 0 0 0 0 0 ' ,347 ,2 ,22, 2
480 ,745, 462, '390 369 440 369 424 336 337 435 398 379 376 321 ' ,'0 0 0 0 0 0 0 0 0 0 0 0 ' ,121 ,1 ,14, 2
540 ,525, 519, '402 343 373 373 490 315 304 369 291 493 305 338 ' ,'0 0 0 0 0 0 0 0 0 0 0 0 ' ,205 ,1 ,17, 2
497 ,559, 472, '436 393 397 374 394 430 388 362 331 416 407 383 ' ,'0 0 0 0 0 0 0 0 0 0 0 0 ' ,108 ,1 ,27, 2
548 ,497, 505, '375 422 458 373 412 438 361 475 361 391 422 365 ' ,'0 0 0 0 0 0 0 0 0 0 0 0 ' ,118 ,2 ,20, 2
711 ,521, 670, '619 398 554 399 561 628 374 516 383 542 498 377 ' ,'201298 0 0 0 0 183466 0 0 0 0 0 0 ' ,261 ,2 ,25, 3
685 ,824, 651, '499 421 585 517 569 439 386 564 363 487 423 382 ' ,'0 0 0 0 0 0 0 0 0 0 0 0 ' ,221 ,2 ,59, 2
775 ,690, 757, '439 418 701 467 419 421 423 594 408 602 413 416 ' ,'0 0 0 0 0 0 0 0 0 0 0 0 ' ,297 ,2 ,45, 2
829 ,766, 815, '541 415 611 445 752 431 408 544 409 612 534 451 ' ,'0 0 0 0 0 0 0 0 0 0 0 0 ' ,348 ,2 ,52, 2
798 ,827, 778, '492 437 613 399 747 402 362 555 437 644 426 375 ' ,'0 0 0 0 0 0 0 0 0 0 0 0 ' ,390 ,2 ,21, 3
725 ,789, 711, '450 371 545 405 673 352 345 675 368 580 357 357 ' ,'0 0 0 0 0 0 0 0 0 0 0 0 ' ,341 ,2 ,18, 4
646 ,728, 616, '398 413 425 426 587 326 380 387 335 449 363 372 ' ,'0 0 0 0 0 0 0 0 0 0 0 0 ' ,265 ,1 ,19, 2
533 ,643, 514, '416 359 370 359 462 371 311 399 313 441 385 361 ' ,'0 0 0 0 0 0 0 0 0 0 0 0 ' ,155 ,2 ,46, 3
537 ,631, 518, '408 355 406 340 489 377 291 430 331 399 347 363 ' ,'0 0 0 0 0 0 0 0 0 0 0 0 ' ,203 ,1 ,18, 2
692 ,536, 552, '363 397 410 389 439 361 301 430 308 524 332 304 ' ,'0 0 0 0 0 0 0 0 0 0 0 0 ' ,227 ,2 ,20, 2
473 ,709, 455, '397 313 377 402 384 296 336 317 340 415 308 317 ' ,'0 0 0 0 0 0 0 0 0 0 0 0 ' ,123 ,1 ,30, 2
583 ,466, 566, '359 385 402 375 439 389 394 496 354 405 364 386 ' ,'0 0 0 0 0 0 0 0 0 0 0 0 ' ,147 ,2 ,58, 2
632 ,713, 611, '351 368 479 368 546 422 302 360 375 572 373 378 ' ,'0 0 0 0 0 0 0 0 0 0 0 0 ' ,279 ,2 ,23, 2
612 ,629, 597, '486 372 388 378 527 392 298 367 356 470 486 341 ' ,'0 0 0 0 0 0 0 0 0 0 0 0 ' ,235 ,2 ,57, 1
637 ,602, 620, '448 471 532 429 584 435 357 444 468 427 429 385 ' ,'0 0 0 0 0 0 0 0 0 0 0 0 ' ,231 ,2 ,25, 3
604 ,644, 587, '453 446 543 493 504 461 409 511 406 515 437 370 ' ,'0 0 0 0 0 0 0 0 0 0 0 0 ' ,181 ,2 ,31, 2
739 ,608, 721, '483 471 628 486 587 464 456 501 396 686 442 409 ' ,'0 0 0 0 0 0 0 0 0 0 0 0 ' ,295 ,2 ,20, 3
863 ,731, 845, '551 532 749 554 806 443 403 579 423 673 452 431 ' ,'0 0 0 0 0 0 0 0 0 0 0 0 ' ,420 ,2 ,16, 2
734 ,864, 710, '452 417 608 463 682 449 438 682 379 638 443 369 ' ,'0 0 0 0 0 0 0 0 0 0 0 0 ' ,319 ,2 ,16, 2
694 ,725, 673, '447 451 596 431 467 405 399 526 425 640 404 345 ' ,'0 0 0 0 0 0 0 0 0 0 0 0 ' ,295 ,2 ,22, 2
623 ,686, 592, '449 431 538 427 524 374 352 479 367 530 403 368 ' ,'0 0 0 0 0 0 0 0 0 0 0 0 ' ,199 ,1 ,33, 7
591 ,614, 557, '442 420 497 382 533 412 335 512 357 431 373 327 ' ,'0 0 0 0 0 0 0 0 0 0 0 0 ' ,210 ,1 ,14, 3
562 ,594, 544, '383 375 481 409 492 353 302 354 308 412 314 350 ' ,'0 0 0 0 0 0 0 0 0 0 0 0 ' ,194 ,2 ,42, 4
494 ,550, 466, '390 392 383 386 391 337 344 355 313 429 347 349 ' ,'0 0 0 0 0 0 0 0 0 0 0 0 ' ,117 ,2 ,30, 3
572 ,486, 548, '408 338 441 366 508 364 330 353 345 508 373 344 ' ,'0 0 0 0 0 0 0 0 0 0 0 0 ' ,186 ,2 ,31, 2
734 ,571, 643, '465 402 614 380 522 450 356 456 347 468 392 395 ' ,'0 0 0 0 0 0 0 0 0 0 0 0 ' ,273 ,2 ,24, 3
531 ,660, 515, '439 404 433 410 401 434 323 468 372 415 396 377 ' ,'0 0 0 0 0 0 0 0 0 0 0 0 ' ,165 ,2 ,19, 1
576 ,530, 554, '437 418 520 363 359 415 381 391 404 445 371 373 ' ,'0 0 0 0 0 0 0 0 0 0 0 0 ' ,167 ,2 ,19, 3
603 ,568, 588, '532 405 466 401 488 510 368 544 362 430 465 370 ' ,'0 0 0 0 0 0 0 0 0 0 0 0 ' ,189 ,2 ,32, 2
762 ,677, 736, '444 424 459 402 614 418 383 460 368 648 397 338 ' ,'0 0 0 0 0 0 0 0 0 0 0 0 ' ,346 ,2 ,35, 4
710 ,755, 694, '437 414 614 400 499 429 395 620 380 454 362 462 ' ,'0 0 0 0 0 0 0 0 0 0 0 0 ' ,246 ,1 ,63, 3
715 ,801, 684, '496 452 632 389 655 504 442 635 433 595 408 416 ' ,'0 0 0 0 0 0 0 0 0 0 0 0 ' ,271 ,1 ,21, 2
742 ,729, 716, '550 469 544 442 632 508 444 498 477 676 513 440 ' ,'0 0 0 0 0 0 0 0 0 0 0 0 ' ,251 ,2 ,17, 3
730 ,737, 706, '523 469 681 496 674 470 404 645 421 631 544 401 ' ,'0 0 0 0 0 0 0 0 0 0 0 0 ' ,280 ,2 ,16, 2
603 ,735, 589, '490 463 489 458 558 431 361 463 397 543 427 408 ' ,'0 0 0 0 0 0 0 0 0 0 0 0 ' ,203 ,2 ,21, 4
629 ,612, 610, '403 427 509 434 581 366 346 410 318 420 358 396 ' ,'0 0 0 0 0 0 0 0 0 0 0 0 ' ,266 ,1 ,20, 3
548 ,629, 532, '444 380 452 404 473 300 372 491 340 461 359 348 ' ,'0 0 0 0 0 0 0 0 0 0 0 0 ' ,199 ,1 ,25, 1
675 ,541, 659, '391 400 563 381 508 362 384 479 363 561 366 354 ' ,'0 0 0 0 0 0 0 0 0 0 0 0 ' ,238 ,2 ,59, 2
638 ,671, 625, '428 384 438 403 592 382 348 348 343 527 409 335 ' ,'0 0 0 0 0 0 0 0 0 0 0 0 ' ,259 ,2 ,22, 3
772 ,637, 601, '386 377 416 381 539 354 314 410 324 354 357 387 ' ,'0 0 0 0 0 0 0 0 0 0 0 0 ' ,231 ,2 ,50, 2
533 ,754, 499, '445 356 474 355 312 362 309 357 317 361 325 316 ' ,'0 0 0 0 0 0 0 0 0 0 0 0 ' ,169 ,2 ,15, 3
618 ,535, 590, '474 401 448 375 556 424 359 442 379 508 394 392 ' ,'0 0 0 0 0 0 0 0 0 0 0 0 ' ,200 ,2 ,27, 3
651 ,617, 618, '466 495 564 439 448 497 361 532 388 575 479 404 ' ,'0 0 0 0 0 0 0 0 0 0 0 0 ' ,226 ,8 ,24, 3
727 ,663, 705, '500 495 508 337 481 413 350 594 425 634 423 375 ' ,'0 0 0 0 0 0 0 0 0 0 0 0 ' ,323 ,19 ,40, 3
636 ,732, 618, '434 419 492 396 516 414 368 327 381 569 379 426 ' ,'0 0 0 0 0 0 0 0 0 0 0 0 ' ,239 ,1 ,35, 4
638 ,634, 608, '501 463 536 358 546 478 396 438 390 561 412 376 ' ,'0 0 0 0 0 0 0 0 0 0 0 0 ' ,211 ,2 ,35, 3
663 ,645, 643, '475 505 550 370 612 413 388 484 368 438 375 342 ' ,'0 0 0 0 0 0 0 0 0 0 0 0 ' ,283 ,1 ,15, 3
665 ,696, 639, '474 473 551 386 568 470 435 579 436 602 473 387 ' ,'0 0 0 0 0 0 0 0 0 0 0 0 ' ,223 ,2 ,26, 2
669 ,690, 611, '462 422 535 463 566 415 376 400 405 500 386 368 ' ,'0 0 0 0 0 0 0 0 0 0 0 0 ' ,200 ,2 ,36, 3
728 ,682, 712, '422 404 514 420 455 351 346 607 334 674 391 386 ' ,'0 0 0 0 0 0 0 0 0 0 0 0 ' ,350 ,1 ,21, 2
574 ,734, 559, '401 395 523 359 465 340 335 392 317 485 336 363 ' ,'0 0 0 0 0 0 0 0 0 0 0 0 ' ,209 ,2 ,27, 2
582 ,581, 559, '429 410 466 389 504 365 339 429 351 520 346 320 ' ,'0 0 0 0 0 0 0 0 0 0 0 0 ' ,215 ,1 ,17, 2
637 ,600, 607, '344 358 463 370 569 408 305 425 336 430 355 353 ' ,'0 0 0 0 0 0 0 0 0 0 0 0 ' ,267 ,2 ,28, 2
655 ,637, 623, '403 367 527 359 459 380 333 502 362 572 333 358 ' ,'0 0 0 0 0 0 0 0 0 0 0 0 ' ,260 ,2 ,23, 3
632 ,650, 612, '471 411 456 399 564 402 345 529 356 454 377 302 ' ,'0 0 0 0 0 0 0 0 0 0 0 0 ' ,271 ,2 ,35, 3
518 ,632, 504, '456 412 460 393 449 357 368 323 340 459 368 341 ' ,'0 0 0 0 0 0 0 0 0 0 0 0 ' ,128 ,1 ,29, 2
575 ,513, 557, '400 407 529 351 392 342 381 427 360 483 356 367 ' ,'0 0 0 0 0 0 0 0 0 0 0 0 ' ,190 ,1 ,17, 3
753 ,574, 725, '479 372 532 359 493 393 369 577 408 692 463 371 ' ,'0 0 0 0 0 0 0 0 0 0 0 0 ' ,337 ,1 ,24, 2
611 ,768, 595, '406 455 567 437 444 409 344 518 368 482 394 479 ' ,'0 0 0 0 0 0 0 0 0 0 0 0 ' ,225 ,2 ,19, 3
670 ,619, 652, '480 440 559 381 575 418 417 552 332 615 410 366 ' ,'0 0 0 0 0 0 0 0 0 0 0 0 ' ,285 ,2 ,26, 3
697 ,672, 676, '450 396 535 400 634 416 396 546 414 639 514 431 ' ,'0 0 0 0 0 0 0 0 0 0 0 0 ' ,249 ,2 ,25, 3
790 ,691, 774, '533 452 437 498 514 456 451 552 398 714 457 391 ' ,'0 0 0 0 0 0 0 0 0 0 0 0 ' ,342 ,2 ,36, 4
634 ,784, 621, '476 408 535 496 447 441 366 536 412 572 367 419 ' ,'0 0 0 0 0 0 0 0 0 0 0 0 ' ,222 ,2 ,28, 2
649 ,635, 633, '585 410 401 417 555 512 391 392 398 463 576 345 ' ,'0 0 0 0 0 0 0 0 0 0 0 0 ' ,242 ,1 ,34, 3
579 ,646, 558, '421 386 456 425 501 324 343 362 321 491 355 346 ' ,'0 0 0 0 0 0 0 0 0 0 0 0 ' ,186 ,2 ,42, 2
600 ,575, 576, '364 365 534 387 487 376 348 424 330 423 367 322 ' ,'0 0 0 0 0 0 0 0 0 0 0 0 ' ,223 ,2 ,29, 3
632 ,595, 600, '388 333 574 373 417 348 311 435 335 412 346 339 ' ,'0 0 0 0 0 0 0 0 0 0 0 0 ' ,269 ,2 ,14, 3
527 ,623, 500, '392 361 433 384 456 286 335 311 323 335 364 347 ' ,'0 0 0 0 0 0 0 0 0 0 0 0 ' ,187 ,1 ,17, 1
617 ,521, 602, '371 427 552 352 399 405 320 398 347 400 386 326 ' ,'0 0 0 0 0 0 0 0 0 0 0 0 ' ,242 ,2 ,32, 2
620 ,616, 595, '415 384 534 366 463 340 334 521 369 526 347 369 ' ,'0 0 0 0 0 0 0 0 0 0 0 0 ' ,205 ,3 ,50, 3
545 ,616, 529, '362 339 481 360 352 357 320 434 304 386 297 344 ' ,'0 0 0 0 0 0 0 0 0 0 0 0 ' ,189 ,2 ,36, 3
569 ,552, 554, '425 386 449 348 372 398 371 443 358 512 385 363 ' ,'0 0 0 0 0 0 0 0 0 0 0 0 ' ,172 ,3 ,30, 2
708 ,566, 675, '463 402 554 356 583 395 380 597 428 636 406 363 ' ,'0 0 0 0 0 0 0 0 0 0 0 0 ' ,290 ,3 ,22, 3
606 ,718, 581, '461 439 521 450 421 423 372 507 416 512 490 382 ' ,'0 0 0 0 0 0 0 0 0 0 0 0 ' ,179 ,3 ,22, 1
933 ,612, 896, '474 497 683 397 839 447 389 654 374 812 419 436 ' ,'0 0 0 0 0 0 0 0 0 0 0 0 ' ,472 ,4 ,43, 3
759 ,926, 744, '467 485 540 451 588 452 468 461 413 688 432 453 ' ,'0 0 0 0 0 0 0 0 0 0 0 0 ' ,286 ,2 ,40, 4
626 ,755, 610, '443 425 526 424 520 399 405 557 381 545 425 384 ' ,'0 0 0 0 0 0 0 0 0 0 0 0 ' ,203 ,1 ,21, 3
763 ,643, 722, '452 426 530 387 542 392 359 685 406 586 365 381 ' ,'0 0 0 0 0 0 0 0 0 0 0 0 ' ,329 ,2 ,24, 3
614 ,761, 576, '443 416 490 415 544 367 340 412 339 441 382 383 ' ,'0 0 0 0 0 0 0 0 0 0 0 0 ' ,211 ,2 ,21, 2
600 ,606, 585, '406 396 511 405 518 414 336 487 328 393 314 373 ' ,'0 0 0 0 0 0 0 0 0 0 0 0 ' ,209 ,2 ,55, 2
603 ,597, 588, '384 380 458 331 497 327 357 464 324 544 372 386 ' ,'0 0 0 0 0 0 0 0 0 0 0 0 ' ,225 ,2 ,31, 2
575 ,612, 560, '411 350 526 390 362 359 349 393 329 444 337 333 ' ,'0 0 0 0 0 0 0 0 0 0 0 0 ' ,203 ,2 ,22, 2
508 ,577, 490, '346 356 458 373 378 367 333 411 308 450 332 303 ' ,'0 0 0 0 0 0 0 0 0 0 0 0 ' ,160 ,2 ,21, 2
590 ,516, 561, '378 382 524 344 407 370 322 425 333 474 359 347 ' ,'0 0 0 0 0 0 0 0 0 0 0 0 ' ,209 ,2 ,25, 2
489 ,584, 474, '402 379 438 375 374 344 362 413 403 320 339 412 ' ,'0 0 0 0 0 0 0 0 0 0 0 0 ' ,126 ,2 ,20, 2
574 ,495, 558, '419 393 505 320 498 428 352 387 343 417 389 324 ' ,'0 0 0 0 0 0 0 0 0 0 0 0 ' ,197 ,3 ,37, 1
674 ,565, 656, '437 369 492 351 618 361 387 518 410 604 362 325 ' ,'0 0 0 0 0 0 0 0 0 0 0 0 ' ,298 ,3 ,27, 2
792 ,667, 778, '455 456 742 386 605 485 434 568 434 579 418 422 ' ,'0 0 0 0 0 0 0 0 0 0 0 0 ' ,366 ,2 ,22, 3
688 ,792, 670, '424 431 501 369 598 469 462 638 378 578 452 437 ' ,'0 0 0 0 0 0 0 0 0 0 0 0 ' ,278 ,2 ,19, 2
772 ,699, 758, '487 433 658 442 566 412 460 555 406 635 419 422 ' ,'0 0 0 0 0 0 0 0 0 0 0 0 ' ,258 ,2 ,87, 2
719 ,763, 684, '495 370 495 522 617 486 392 520 414 594 473 448 ' ,'0 0 0 0 0 0 0 0 0 0 0 0 ' ,268 ,2 ,39, 2
643 ,722, 615, '470 394 528 385 576 359 360 414 374 411 389 372 ' ,'0 0 0 0 0 0 0 0 0 0 0 0 ' ,217 ,1 ,32, 2
738 ,667, 704, '537 401 432 429 651 369 415 515 422 648 398 384 ' ,'0 0 0 0 0 0 0 0 0 0 0 0 ' ,290 ,3 ,36, 3
530 ,738, 501, '424 436 423 470 440 430 374 383 352 436 361 401 ' ,'0 0 0 0 0 0 0 0 0 0 0 0 ' ,122 ,2 ,21, 3
579 ,522, 564, '421 362 516 411 488 379 364 503 343 419 341 366 ' ,'0 0 0 0 0 0 0 0 0 0 0 0 ' ,178 ,2 ,35, 2
567 ,571, 549, '442 396 426 356 442 317 307 460 320 491 330 336 ' ,'0 0 0 0 0 0 0 0 0 0 0 0 ' ,179 ,2 ,43, 3
546 ,559, 526, '435 351 500 372 481 365 306 489 324 401 392 335 ' ,'0 0 0 0 0 0 0 0 0 0 0 0 ' ,198 ,2 ,15, 3
678 ,554, 658, '430 425 473 361 493 358 360 489 355 597 342 342 ' ,'0 0 0 0 0 0 0 0 0 0 0 0 ' ,263 ,2 ,45, 1
697 ,673, 673, '588 403 450 373 418 483 450 429 410 619 448 381 ' ,'0 0 0 0 0 0 0 0 0 0 0 0 ' ,271 ,2 ,23, 3
599 ,696, 578, '460 501 540 396 394 387 442 397 469 359 402 424 ' ,'0 0 0 0 0 0 0 0 0 0 0 0 ' ,174 ,2 ,25, 2
634 ,601, 614, '402 393 524 361 573 396 385 391 337 378 409 364 ' ,'0 0 0 0 0 0 0 0 0 0 0 0 ' ,241 ,3 ,27, 3
697 ,636, 674, '517 418 630 354 637 400 449 585 426 628 457 422 ' ,'0 0 0 0 0 0 0 0 0 0 0 0 ' ,293 ,3 ,22, 4
709 ,729, 694, '504 427 530 436 482 401 428 470 430 600 450 415 ' ,'0 0 0 0 0 0 0 0 0 0 0 0 ' ,204 ,2 ,80, 2
729 ,701, 704, '519 408 460 381 662 480 441 519 432 559 447 481 ' ,'0 0 0 0 0 0 0 0 0 0 0 0 ' ,295 ,2 ,22, 4
802 ,730, 783, '443 408 595 465 735 464 381 688 433 589 398 426 ' ,'0 0 0 0 0 0 0 0 0 0 0 0 ' ,361 ,2 ,34, 2
652 ,800, 635, '420 420 574 425 601 390 381 416 453 540 363 414 ' ,'0 0 0 0 0 0 0 0 0 0 0 0 ' ,241 ,3 ,21, 3
710 ,653, 659, '446 391 606 349 499 342 392 451 388 530 324 371 ' ,'0 0 0 0 0 0 0 0 0 0 0 0 ' ,287 ,3 ,42, 2
677 ,728, 651, '471 333 532 419 583 402 420 504 372 612 451 337 ' ,'0 0 0 0 0 0 0 0 0 0 0 0 ' ,290 ,3 ,20, 1
659 ,696, 630, '403 395 546 411 484 451 435 455 373 581 518 422 ' ,'0 0 0 0 0 0 0 0 0 0 0 0 ' ,214 ,5 ,34, 6
529 ,665, 506, '363 425 460 393 432 381 379 440 377 383 342 328 ' ,'0 0 0 0 0 0 0 0 0 0 0 0 ' ,139 ,2 ,33, 3
524 ,532, 499, '387 365 404 357 373 313 333 339 353 462 335 381 ' ,'0 0 0 0 0 0 0 0 0 0 0 0 ' ,154 ,2 ,23, 1
638 ,527, 622, '427 445 566 403 431 364 341 444 327 464 345 351 ' ,'0 0 0 0 0 0 0 0 0 0 0 0 ' ,258 ,3 ,29, 2
578 ,634, 561, '406 388 384 328 519 367 389 322 387 503 313 402 ' ,'0 0 0 0 0 0 0 0 0 0 0 0 ' ,215 ,3 ,24, 3
567 ,573, 553, '379 389 375 349 459 381 344 332 316 383 335 341 ' ,'0 0 0 0 0 0 0 0 0 0 0 0 ' ,149 ,2 ,80, 2
626 ,565, 611, '408 396 400 382 514 352 414 412 367 426 326 364 ' ,'0 0 0 0 0 0 0 0 0 0 0 0 ' ,194 ,2 ,72, 2
887 ,619, 670, '405 434 617 356 474 343 388 578 397 427 397 338 ' ,'0 0 0 0 0 0 0 0 0 0 0 0 ' ,303 ,3 ,20, 1
701 ,901, 686, '447 454 570 425 563 399 400 541 369 624 423 409 ' ,'0 0 0 0 0 0 0 0 0 0 0 0 ' ,261 ,2 ,50, 4
778 ,692, 760, '523 390 621 429 604 424 425 685 435 694 443 381 ' ,'0 0 0 0 0 0 0 0 0 0 0 0 ' ,319 ,3 ,56, 3
616 ,774, 596, '538 469 523 387 550 438 490 553 440 515 395 422 ' ,'0 0 0 0 0 0 0 0 0 0 0 0 ' ,174 ,2 ,28, 1
721 ,624, 707, '493 453 480 452 626 412 415 434 385 532 360 394 ' ,'0 0 0 0 0 0 0 0 0 0 0 0 ' ,266 ,2 ,68, 2
645 ,713, 618, '503 398 587 382 529 405 402 498 400 544 442 400 ' ,'0 0 0 0 0 0 0 0 0 0 0 0 ' ,213 ,2 ,17, 3
598 ,664, 573, '387 363 382 374 519 335 374 407 391 426 350 329 ' ,'0 0 0 0 0 0 0 0 0 0 0 0 ' ,194 ,3 ,41, 3
586 ,593, 572, '359 393 532 403 468 332 327 475 351 456 337 306 ' ,'0 0 0 0 0 0 0 0 0 0 0 0 ' ,233 ,2 ,20, 3
610 ,590, 576, '371 380 540 356 396 371 378 351 330 512 341 337 ' ,'0 0 0 0 0 0 0 0 0 0 0 0 ' ,216 ,2 ,23, 3
531 ,611, 511, '350 375 428 375 371 320 324 413 334 467 330 311 ' ,'0 0 0 0 0 0 0 0 0 0 0 0 ' ,161 ,3 ,35, 2
538 ,532, 513, '418 389 372 340 477 326 338 451 340 428 353 296 ' ,'0 0 0 0 0 0 0 0 0 0 0 0 ' ,186 ,3 ,23, 2
551 ,539, 534, '383 381 486 339 492 341 371 384 310 454 345 341 ' ,'0 0 0 0 0 0 0 0 0 0 0 0 ' ,188 ,3 ,33, 2
552 ,546, 532, '354 363 412 355 489 309 315 363 307 376 330 349 ' ,'0 0 0 0 0 0 0 0 0 0 0 0 ' ,190 ,3 ,27, 2
519 ,542, 501, '411 351 430 334 457 293 307 371 307 378 283 325 ' ,'0 0 0 0 0 0 0 0 0 0 0 0 ' ,176 ,2 ,33, 1
442 ,527, 426, '350 352 338 324 365 337 284 371 274 368 381 280 ' ,'0 0 0 0 0 0 0 0 0 0 0 0 ' ,122 ,2 ,26, 1
463 ,450, 447, '320 365 345 343 401 289 319 391 267 373 303 282 ' ,'0 0 0 0 0 0 0 0 0 0 0 0 ' ,143 ,3 ,31, 2
623 ,465, 602, '370 364 457 322 372 324 351 323 302 465 525 316 ' ,'0 0 0 0 0 0 0 0 0 0 0 0 ' ,229 ,2 ,64, 2
558 ,625, 542, '378 368 494 353 364 383 302 369 266 440 315 320 ' ,'0 0 0 0 0 0 0 0 0 0 0 0 ' ,233 ,2 ,36, 2
653 ,553, 637, '575 460 525 421 530 518 399 480 376 478 573 387 ' ,'0 0 0 0 0 0 0 0 0 0 0 0 ' ,224 ,14 ,31, 2
647 ,666, 633, '552 432 458 475 585 488 420 584 463 523 470 408 ' ,'0 0 0 0 0 0 0 0 0 0 0 0 ' ,183 ,2 ,32, 3
1008 ,725, 971, '473 474 916 708 714 428 416 582 675 661 368 467 ' ,'0 0 0 0 0 0 0 0 0 0 0 0 ' ,524 ,2 ,39, 1
791 ,1018, 774, '401 465 546 418 682 337 310 395 384 456 411 329 ' ,'0 0 0 0 0 0 0 0 0 0 0 0 ' ,380 ,3 ,74, 1
568 ,807, 548, '471 409 490 393 504 414 425 409 359 481 439 389 ' ,'0 0 0 0 0 0 0 0 0 0 0 0 ' ,149 ,3 ,33, 2
675 ,570, 648, '382 400 606 382 544 400 345 430 379 453 396 314 ' ,'0 0 0 0 0 0 0 0 0 0 0 0 ' ,296 ,2 ,31, 1
577 ,689, 561, '363 356 446 371 481 320 348 296 335 347 365 279 ' ,'0 0 0 0 0 0 0 0 0 0 0 0 ' ,211 ,2 ,63, 2
580 ,566, 554, '382 321 447 360 462 346 321 415 317 492 314 349 ' ,'0 0 0 0 0 0 0 0 0 0 0 0 ' ,186 ,2 ,44, 2
610 ,582, 592, '326 362 410 339 509 342 367 437 355 522 296 319 ' ,'0 0 0 0 0 0 0 0 0 0 0 0 ' ,240 ,2 ,47, 3
573 ,609, 557, '448 442 451 362 320 395 418 496 358 398 363 409 ' ,'0 0 0 0 0 0 0 0 0 0 0 0 ' ,185 ,2 ,45, 2
582 ,574, 567, '367 390 516 379 365 359 336 439 376 452 370 345 ' ,'0 0 0 0 0 0 0 0 0 0 0 0 ' ,189 ,3 ,34, 1
573 ,623, 557, '413 433 420 356 479 373 345 328 320 388 373 334 ' ,'0 0 0 0 0 0 0 0 0 0 0 0 ' ,166 ,3 ,62, 3
682 ,563, 668, '472 514 582 474 546 452 408 416 404 470 403 412 ' ,'0 0 0 0 0 0 0 0 0 0 0 0 ' ,188 ,2 ,65, 2
737 ,679, 723, '484 434 420 390 665 389 419 555 399 507 427 353 ' ,'0 0 0 0 0 0 0 0 0 0 0 0 ' ,319 ,3 ,44, 3
760 ,735, 687, '422 484 626 438 603 378 391 535 379 556 446 415 ' ,'0 0 0 0 0 0 0 0 0 0 0 0 ' ,252 ,3 ,49, 2
779 ,754, 765, '478 455 592 507 676 417 386 624 442 707 430 459 ' ,'0 0 0 0 0 0 0 0 0 0 0 0 ' ,327 ,2 ,45, 2
875 ,770, 860, '568 462 565 433 648 443 496 507 461 721 425 456 ' ,'0 0 0 0 0 0 0 0 0 0 0 0 ' ,303 ,2 ,124, 1
782 ,866, 758, '496 496 451 401 442 483 449 448 367 684 362 399 ' ,'0 0 0 0 0 0 0 0 0 0 0 0 ' ,333 ,2 ,51, 3
633 ,764, 610, '510 413 499 409 520 400 366 399 369 547 410 400 ' ,'0 0 0 0 0 0 0 0 0 0 0 0 ' ,188 ,2 ,50, 4
651 ,661, 636, '448 442 432 366 572 438 334 522 363 542 442 373 ' ,'0 0 0 0 0 0 0 0 0 0 0 0 ' ,253 ,3 ,41, 3
803 ,642, 787, '360 515 683 436 507 419 353 675 375 690 326 366 ' ,'0 74497 0 0 0 0 0 0 0 0 0 0 ' ,383 ,2 ,67, 2
525 ,797, 510, '430 386 463 382 463 393 355 368 325 408 415 345 ' ,'0 0 0 0 0 0 0 0 0 0 0 0 ' ,146 ,2 ,31, 2
546 ,518, 532, '362 343 375 376 394 347 347 318 345 471 400 336 ' ,'0 0 0 0 0 0 0 0 0 0 0 0 ' ,161 ,3 ,43, 1
518 ,539, 500, '354 363 376 334 447 319 297 387 316 450 330 306 ' ,'0 0 0 0 0 0 0 0 0 0 0 0 ' ,167 ,2 ,28, 2
521 ,527, 504, '357 372 383 377 454 330 324 337 355 393 294 311 ' ,'0 0 0 0 0 0 0 0 0 0 0 0 ' ,157 ,3 ,39, 1
514 ,524, 493, '347 367 390 444 363 292 295 354 295 375 293 299 ' ,'0 0 0 0 0 0 0 0 0 0 0 0 ' ,158 ,3 ,35, 3
498 ,499, 476, '336 359 397 303 384 380 332 413 297 349 334 291 ' ,'0 0 0 0 0 0 0 0 0 0 0 0 ' ,132 ,3 ,46, 2
537 ,489, 520, '383 403 393 357 436 326 304 393 330 466 366 395 ' ,'0 0 0 0 0 0 0 0 0 0 0 0 ' ,170 ,3 ,40, 2
737 ,541, 721, '404 420 644 397 574 357 361 626 337 545 417 372 ' ,'0 0 0 0 0 0 0 0 0 0 0 0 ' ,314 ,3 ,53, 2
644 ,735, 631, '426 372 514 370 506 366 416 452 430 575 399 345 ' ,'0 0 0 0 0 0 0 0 0 0 0 0 ' ,235 ,3 ,40, 3
669 ,698, 655, '443 403 593 439 531 368 427 463 411 486 496 342 ' ,'0 0 0 0 0 0 0 0 0 0 0 0 ' ,259 ,2 ,47, 3
764 ,866, 743, '400 446 496 429 696 375 346 370 425 644 427 361 ' ,'0 0 0 0 0 0 0 0 0 0 0 0 ' ,357 ,3 ,33, 4
713 ,767, 696, '504 455 548 402 628 490 367 504 390 581 441 427 ' ,'0 0 0 0 0 0 0 0 0 0 0 0 ' ,268 ,3 ,53, 3
794 ,702, 781, '473 464 665 427 550 458 443 711 404 700 452 433 ' ,'0 0 0 0 0 0 0 0 0 0 0 0 ' ,317 ,2 ,53, 3
862 ,788, 849, '515 552 647 472 542 508 469 798 395 755 417 462 ' ,'0 0 0 0 0 0 0 0 0 0 0 0 ' ,412 ,2 ,32, 2
636 ,854, 610, '438 481 495 401 541 400 394 418 379 556 371 364 ' ,'0 0 0 0 0 0 0 0 0 0 0 0 ' ,209 ,3 ,31, 3
698 ,704, 679, '419 417 507 426 557 359 416 398 403 624 440 415 ' ,'0 0 0 0 0 0 0 0 0 0 0 0 ' ,272 ,2 ,39, 2
607 ,705, 589, '409 406 530 381 526 402 426 519 369 469 424 420 ' ,'0 0 0 0 0 0 0 0 0 0 0 0 ' ,175 ,2 ,39, 3
803 ,680, 777, '488 351 587 380 597 460 372 728 333 573 402 417 ' ,'0 0 0 0 0 0 0 179649 0 0 0 0 ' ,406 ,3 ,28, 2
672 ,831, 649, '532 434 473 408 563 503 428 393 352 574 491 393 ' ,'0 0 0 0 0 0 0 0 0 0 0 0 ' ,253 ,3 ,38, 1
609 ,679, 596, '378 387 524 369 542 356 333 445 329 427 333 319 ' ,'0 0 0 0 0 0 0 0 0 0 0 0 ' ,229 ,3 ,39, 3
703 ,604, 683, '407 408 553 342 625 300 318 441 349 460 372 352 ' ,'0 0 0 0 0 0 0 0 0 0 0 0 ' ,329 ,4 ,45, 1
490 ,706, 464, '350 338 409 402 375 374 317 364 307 423 297 289 ' ,'0 0 0 0 0 0 0 0 0 0 0 0 ' ,141 ,2 ,26, 2
558 ,488, 539, '382 360 364 388 500 339 347 376 294 439 305 323 ' ,'0 0 0 0 0 0 0 0 0 0 0 0 ' ,212 ,2 ,25, 2
