246 ,0, 154, '40 33 40 66 67 40 42 21 27 48 33 39 42 45 46 52 32 80 40 51 ' ,'0 0 0 0 0 0 0 0 0 0 0 0 0 0 0 0 0 0 0 0 ' ,86 ,1 ,6, 6
1482 ,287, 1428, '339 325 639 382 855 343 271 898 389 930 330 331 650 308 1099 357 318 815 292 597 ' ,'0 0 0 0 0 0 0 0 0 0 0 0 0 0 0 0 0 0 0 0 ' ,1068 ,3 ,52, 4
787 ,2398, 684, '158 94 194 91 170 146 111 500 168 272 121 145 182 152 388 129 122 193 151 315 ' ,'0 0 0 0 0 0 0 0 0 0 0 0 0 0 0 0 0 0 0 0 ' ,425 ,2 ,145, 8
434 ,964, 406, '135 153 153 142 329 140 142 155 137 366 167 122 354 131 295 193 161 354 130 306 ' ,'0 0 0 0 0 0 0 0 0 0 0 0 0 0 0 0 0 0 0 0 ' ,269 ,2 ,13, 2
777 ,446, 609, '152 125 355 130 248 108 141 479 137 217 136 139 373 157 270 133 139 326 139 299 ' ,'0 0 0 0 0 0 0 0 0 0 0 0 0 0 0 0 0 0 0 0 ' ,414 ,3 ,9, 2
470 ,851, 437, '139 128 315 175 142 121 126 342 112 157 118 127 304 106 398 143 147 225 141 349 ' ,'0 0 0 0 0 0 0 0 0 0 0 0 0 0 0 0 0 0 0 0 ' ,313 ,3 ,9, 0
534 ,555, 513, '142 140 206 144 356 152 134 271 124 312 143 142 331 123 302 148 150 321 151 219 ' ,'0 0 0 0 0 0 0 0 0 0 0 0 0 0 0 0 0 0 0 0 ' ,366 ,3 ,11, 1
557 ,649, 532, '137 151 169 144 239 129 105 340 142 299 155 113 333 128 338 166 141 267 124 286 ' ,'0 0 0 0 0 0 0 0 0 0 0 0 0 0 0 0 0 0 0 0 ' ,256 ,3 ,165, 1
453 ,775, 419, '118 124 148 154 291 136 113 233 126 325 126 142 321 95 309 136 175 279 132 132 ' ,'0 0 0 0 0 0 0 0 0 0 0 0 0 0 0 0 0 0 0 0 ' ,250 ,4 ,69, 1
457 ,528, 411, '145 129 331 118 270 127 151 294 149 91 217 134 260 132 289 127 107 311 117 228 ' ,'0 0 0 0 0 0 0 0 0 0 0 0 0 0 0 0 0 0 0 0 ' ,228 ,3 ,68, 0
407 ,562, 370, '114 122 285 137 314 141 151 283 161 316 151 125 210 135 305 144 123 261 123 124 ' ,'0 0 0 0 0 0 0 0 0 0 0 0 0 0 0 0 0 0 0 0 ' ,241 ,4 ,16, 1
598 ,481, 491, '143 127 136 167 231 139 115 102 140 258 141 128 290 115 363 162 146 433 125 229 ' ,'0 0 0 0 0 0 0 0 0 0 0 0 0 0 0 0 0 0 0 0 ' ,330 ,3 ,59, 4
820 ,621, 802, '126 122 191 188 353 146 139 308 126 269 163 148 407 139 182 126 135 338 113 208 ' ,'0 0 0 0 0 0 0 0 0 0 0 0 0 0 0 0 0 0 0 0 ' ,296 ,3 ,381, 1
393 ,837, 370, '149 162 324 153 227 184 129 139 158 229 140 147 234 159 206 158 153 333 137 262 ' ,'0 0 0 0 0 0 0 0 0 0 0 0 0 0 0 0 0 0 0 0 ' ,211 ,3 ,25, 1
499 ,388, 387, '221 211 283 233 193 152 140 284 166 285 181 178 320 186 174 193 146 306 168 225 ' ,'0 0 0 0 0 0 0 0 0 0 0 0 0 0 0 0 0 0 0 0 ' ,305 ,3 ,19, 1
398 ,485, 376, '170 170 208 154 306 145 151 144 141 166 145 119 344 168 336 142 140 287 164 202 ' ,'0 0 0 0 0 0 0 0 0 0 0 0 0 0 0 0 0 0 0 0 ' ,229 ,2 ,25, 0
605 ,389, 521, '203 206 462 177 475 181 200 384 216 381 202 184 201 205 306 160 199 244 188 464 ' ,'0 0 0 0 0 0 0 0 0 0 0 0 0 0 0 0 0 0 0 0 ' ,375 ,1 ,11, 1
486 ,602, 464, '148 155 151 172 223 177 161 226 170 352 170 152 229 162 216 169 156 279 163 335 ' ,'0 0 0 0 0 0 0 0 0 0 0 0 0 0 0 0 0 0 0 0 ' ,212 ,2 ,103, 0
556 ,501, 523, '182 176 208 173 162 164 141 263 179 395 168 174 353 135 369 156 120 343 151 386 ' ,'0 0 0 0 0 0 0 0 0 0 0 0 0 0 0 0 0 0 0 0 ' ,300 ,1 ,87, 1
406 ,548, 375, '164 157 354 159 120 179 112 322 127 222 138 134 214 141 192 170 132 303 159 332 ' ,'0 0 0 0 0 0 0 0 0 0 0 0 0 0 0 0 0 0 0 0 ' ,243 ,2 ,17, 0
373 ,420, 341, '139 159 169 160 231 113 130 315 139 275 125 133 260 167 278 123 136 216 136 105 ' ,'0 0 0 0 0 0 0 0 0 0 0 0 0 0 0 0 0 0 0 0 ' ,217 ,3 ,6, 0
388 ,365, 364, '128 156 351 140 318 117 127 290 142 215 119 122 286 143 182 180 136 266 176 302 ' ,'0 0 0 0 0 0 0 0 0 0 0 0 0 0 0 0 0 0 0 0 ' ,233 ,2 ,6, 0
415 ,418, 397, '116 125 244 135 229 128 99 295 135 360 130 161 313 178 288 151 117 277 170 350 ' ,'0 0 0 0 0 0 0 0 0 0 0 0 0 0 0 0 0 0 0 0 ' ,281 ,2 ,9, 1
429 ,442, 391, '140 134 334 167 260 170 140 291 161 118 136 125 246 147 270 130 143 364 182 152 ' ,'0 0 0 0 0 0 0 0 0 0 0 0 0 0 0 0 0 0 0 0 ' ,255 ,2 ,8, 1
413 ,416, 368, '116 140 260 138 346 173 135 272 185 234 157 131 314 179 196 127 140 292 230 273 ' ,'0 0 0 0 0 0 0 0 0 0 0 0 0 0 0 0 0 0 0 0 ' ,239 ,2 ,2, 1
419 ,671, 329, '119 105 111 130 105 112 146 129 150 209 146 140 311 174 283 143 135 244 153 284 ' ,'0 0 0 0 0 0 0 0 0 0 0 0 0 0 0 0 0 0 0 0 ' ,251 ,3 ,9, 0
389 ,443, 361, '134 145 317 144 340 152 100 256 110 230 130 141 248 140 258 117 109 138 197 262 ' ,'0 0 0 0 0 0 0 0 0 0 0 0 0 0 0 0 0 0 0 0 ' ,244 ,2 ,1, 1
385 ,415, 330, '160 130 194 203 212 179 150 272 223 230 130 137 308 115 235 113 133 285 139 247 ' ,'0 0 0 0 0 0 0 0 0 0 0 0 0 0 0 0 0 0 0 0 ' ,223 ,2 ,1, 1
375 ,444, 314, '114 137 222 140 302 152 119 275 137 241 165 112 266 111 227 154 146 248 133 261 ' ,'0 0 0 0 0 0 0 0 0 0 0 0 0 0 0 0 0 0 0 0 ' ,207 ,4 ,14, 1
734 ,398, 586, '144 120 254 148 286 90 102 150 165 129 164 127 106 145 249 101 132 227 98 239 ' ,'0 0 0 0 0 0 0 0 0 0 0 0 0 0 0 0 0 0 0 0 ' ,260 ,2 ,102, 1
412 ,721, 375, '140 151 121 163 255 168 107 305 148 166 109 110 277 165 225 106 117 294 131 281 ' ,'0 0 0 0 0 0 0 0 0 0 0 0 0 0 0 0 0 0 0 0 ' ,250 ,2 ,23, 0
592 ,399, 491, '134 161 258 161 200 151 150 338 152 245 148 145 452 151 258 160 158 371 166 421 ' ,'0 0 0 0 0 0 0 0 0 0 0 0 0 0 0 0 0 0 0 0 ' ,351 ,2 ,24, 1
624 ,636, 577, '231 172 364 171 452 155 151 260 188 294 162 138 251 166 353 143 143 261 150 366 ' ,'0 0 0 0 0 0 0 0 0 0 0 0 0 0 0 0 0 0 0 0 ' ,332 ,2 ,130, 1
382 ,615, 322, '168 162 318 177 228 167 175 285 146 129 166 140 291 171 265 139 134 290 141 273 ' ,'0 0 0 0 0 0 0 0 0 0 0 0 0 0 0 0 0 0 0 0 ' ,211 ,2 ,8, 1
437 ,377, 392, '200 187 359 206 364 187 126 281 157 144 201 144 358 153 328 168 162 378 141 276 ' ,'0 0 0 0 0 0 0 0 0 0 0 0 0 0 0 0 0 0 0 0 ' ,269 ,2 ,5, 2
406 ,426, 357, '201 190 291 151 178 145 139 314 161 315 196 143 298 159 322 154 171 299 167 359 ' ,'0 0 0 0 0 0 0 0 0 0 0 0 0 0 0 0 0 0 0 0 ' ,224 ,2 ,8, 1
418 ,405, 393, '168 155 136 174 278 153 146 342 131 162 141 148 323 143 343 138 120 277 134 248 ' ,'0 0 0 0 0 0 0 0 0 0 0 0 0 0 0 0 0 0 0 0 ' ,234 ,2 ,33, 1
336 ,433, 301, '126 134 187 184 227 135 121 211 162 140 114 139 283 218 219 172 105 237 156 262 ' ,'0 0 0 0 0 0 0 0 0 0 0 0 0 0 0 0 0 0 0 0 ' ,195 ,2 ,10, 2
397 ,328, 310, '129 108 236 151 286 145 146 249 125 271 125 129 275 149 130 129 114 230 134 233 ' ,'0 0 0 0 0 0 0 0 0 0 0 0 0 0 0 0 0 0 0 0 ' ,184 ,2 ,11, 1
425 ,388, 401, '128 143 355 134 129 158 131 352 146 290 113 123 230 131 261 152 111 280 150 181 ' ,'0 0 0 0 0 0 0 0 0 0 0 0 0 0 0 0 0 0 0 0 ' ,248 ,2 ,35, 1
336 ,410, 302, '102 133 208 115 231 135 113 279 119 286 120 126 258 119 215 273 125 248 124 138 ' ,'0 0 0 0 0 0 0 0 0 0 0 0 0 0 0 0 0 0 0 0 ' ,199 ,2 ,6, 0
437 ,334, 385, '146 150 154 137 272 145 159 265 165 223 131 129 347 156 329 163 134 331 148 348 ' ,'0 0 0 0 0 0 0 0 0 0 0 0 0 0 0 0 0 0 0 0 ' ,226 ,2 ,22, 0
383 ,431, 352, '176 124 149 145 143 159 117 249 169 325 131 156 206 152 242 135 118 250 162 253 ' ,'0 0 0 0 0 0 0 0 0 0 0 0 0 0 0 0 0 0 0 0 ' ,215 ,6 ,14, 1
401 ,389, 367, '127 137 198 146 277 161 148 238 142 322 162 147 351 115 276 171 140 354 120 351 ' ,'0 0 0 0 0 0 0 0 0 0 0 0 0 0 0 0 0 0 0 0 ' ,244 ,2 ,1, 0
631 ,414, 618, '117 123 267 105 129 131 137 307 133 176 141 139 309 128 276 137 109 275 144 204 ' ,'0 0 0 0 0 0 0 0 0 0 0 0 0 0 0 0 0 0 0 0 ' ,458 ,237 ,1, 1
393 ,622, 369, '140 145 180 169 254 155 119 283 157 225 160 160 266 160 297 198 161 318 153 283 ' ,'0 0 0 0 0 0 0 0 0 0 0 0 0 0 0 0 0 0 0 0 ' ,229 ,2 ,22, 0
556 ,396, 421, '154 155 347 135 161 163 160 282 129 345 161 151 307 169 319 144 159 306 163 338 ' ,'0 0 0 0 0 0 0 0 0 0 0 0 0 0 0 0 0 0 0 0 ' ,265 ,2 ,20, 1
377 ,572, 350, '127 132 288 210 102 114 161 134 203 294 131 151 259 223 273 141 139 246 182 155 ' ,'0 0 0 0 0 0 0 0 0 0 0 0 0 0 0 0 0 0 0 0 ' ,224 ,2 ,7, 1
351 ,428, 330, '169 126 250 153 150 184 120 293 172 287 142 114 125 137 308 171 128 219 151 244 ' ,'0 0 0 0 0 0 0 0 0 0 0 0 0 0 0 0 0 0 0 0 ' ,208 ,1 ,5, 1
522 ,350, 506, '166 146 125 166 255 251 139 344 149 329 166 148 306 139 167 164 152 297 130 264 ' ,'0 0 0 0 0 0 0 0 0 0 0 0 0 0 0 0 0 0 0 0 ' ,352 ,2 ,24, 1
531 ,528, 491, '219 120 432 133 404 140 139 268 144 373 171 140 186 165 333 147 144 235 131 244 ' ,'0 0 0 0 0 0 0 0 0 0 0 0 0 0 0 0 0 0 0 0 ' ,330 ,2 ,34, 1
386 ,524, 347, '175 165 141 138 229 162 120 281 144 272 137 136 283 144 290 173 147 285 140 151 ' ,'0 0 0 0 0 0 0 0 0 0 0 0 0 0 0 0 0 0 0 0 ' ,193 ,2 ,40, 1
407 ,393, 385, '134 141 154 166 316 135 128 230 171 252 112 154 291 168 300 134 147 237 130 161 ' ,'0 0 0 0 0 0 0 0 0 0 0 0 0 0 0 0 0 0 0 0 ' ,244 ,2 ,10, 1
411 ,411, 377, '167 147 284 154 212 145 156 354 145 288 176 174 323 127 134 147 125 199 153 292 ' ,'0 0 0 0 0 0 0 0 0 0 0 0 0 0 0 0 0 0 0 0 ' ,237 ,1 ,7, 1
434 ,404, 400, '163 132 360 155 195 143 134 215 139 227 167 145 262 150 227 167 137 292 168 161 ' ,'0 0 0 0 0 0 0 0 0 0 0 0 0 0 0 0 0 0 0 0 ' ,249 ,1 ,10, 1
409 ,425, 369, '135 136 141 156 322 133 151 263 131 332 108 141 253 157 316 154 178 173 161 251 ' ,'0 0 0 0 0 0 0 0 0 0 0 0 0 0 0 0 0 0 0 0 ' ,247 ,2 ,16, 0
451 ,421, 364, '177 145 174 137 116 132 134 293 146 317 152 149 267 162 272 120 158 317 164 263 ' ,'0 0 0 0 0 0 0 0 0 0 0 0 0 0 0 0 0 0 0 0 ' ,255 ,2 ,45, 5
422 ,443, 393, '144 157 194 153 296 121 160 304 174 285 137 129 317 172 256 138 161 276 207 206 ' ,'0 0 0 0 0 0 0 0 0 0 0 0 0 0 0 0 0 0 0 0 ' ,240 ,2 ,28, 1
386 ,438, 337, '206 143 213 149 277 165 145 314 108 221 162 170 337 163 284 205 137 274 145 269 ' ,'0 0 0 0 0 0 0 0 0 0 0 0 0 0 0 0 0 0 0 0 ' ,234 ,1 ,11, 1
415 ,378, 381, '149 118 258 157 171 154 148 184 182 312 142 130 333 192 341 162 113 278 168 286 ' ,'0 0 0 0 0 0 0 0 0 0 0 0 0 0 0 0 0 0 0 0 ' ,243 ,2 ,1, 1
466 ,449, 419, '132 162 231 177 342 157 152 295 151 162 157 160 249 164 342 159 150 386 156 146 ' ,'0 0 0 0 0 0 0 0 0 0 0 0 0 0 0 0 0 0 0 0 ' ,259 ,1 ,20, 1
393 ,498, 372, '179 152 276 146 328 157 150 143 127 342 170 142 293 132 291 170 128 152 106 279 ' ,'0 0 0 0 0 0 0 0 0 0 0 0 0 0 0 0 0 0 0 0 ' ,246 ,1 ,13, 1
446 ,392, 405, '173 125 167 137 382 203 125 305 141 286 183 115 302 144 340 139 134 183 169 333 ' ,'0 0 0 0 0 0 0 0 0 0 0 0 0 0 0 0 0 0 0 0 ' ,281 ,2 ,4, 0
375 ,440, 334, '187 129 134 162 242 138 119 289 124 272 187 138 242 147 292 150 139 324 126 196 ' ,'0 0 0 0 0 0 0 0 0 0 0 0 0 0 0 0 0 0 0 0 ' ,217 ,2 ,4, 1
398 ,382, 293, '148 122 153 120 220 142 138 301 153 221 155 139 210 162 306 158 155 166 97 311 ' ,'0 0 0 0 0 0 0 0 0 0 0 0 0 0 0 0 0 0 0 0 ' ,255 ,2 ,10, 1
342 ,411, 299, '150 144 230 169 248 166 145 257 162 206 152 173 249 119 271 144 129 269 154 251 ' ,'0 0 0 0 0 0 0 0 0 0 0 0 0 0 0 0 0 0 0 0 ' ,176 ,2 ,2, 0
393 ,337, 354, '128 140 255 175 245 170 155 351 163 310 139 163 252 166 306 198 163 300 141 287 ' ,'0 0 0 0 0 0 0 0 0 0 0 0 0 0 0 0 0 0 0 0 ' ,227 ,2 ,5, 1
355 ,386, 336, '135 138 163 167 279 146 157 293 144 266 156 155 277 167 248 131 151 227 129 224 ' ,'0 0 0 0 0 0 0 0 0 0 0 0 0 0 0 0 0 0 0 0 ' ,183 ,2 ,20, 12
397 ,362, 364, '128 153 302 134 144 162 167 295 161 315 129 126 281 147 297 176 142 274 149 242 ' ,'0 0 0 0 0 0 0 0 0 0 0 0 0 0 0 0 0 0 0 0 ' ,210 ,2 ,18, 0
436 ,411, 395, '156 166 354 160 175 154 160 357 140 360 149 155 334 162 303 155 173 368 170 165 ' ,'0 0 0 0 0 0 0 0 0 0 0 0 0 0 0 0 0 0 0 0 ' ,249 ,1 ,18, 1
672 ,440, 643, '176 140 114 148 127 157 168 327 163 312 156 139 319 168 353 166 153 277 187 307 ' ,'0 0 0 0 0 0 0 0 0 0 0 0 0 0 0 0 0 0 0 0 ' ,498 ,2 ,3, 1
476 ,752, 447, '154 136 374 194 341 135 199 269 160 425 172 179 248 170 339 196 142 366 178 197 ' ,'0 0 0 0 0 0 0 0 0 0 0 0 0 0 0 0 0 0 0 0 ' ,301 ,1 ,4, 1
518 ,496, 500, '128 154 452 184 241 191 170 385 172 159 183 161 319 160 461 163 170 362 160 147 ' ,'0 0 0 0 0 0 0 0 0 0 0 0 0 0 0 0 0 0 0 0 ' ,339 ,2 ,28, 1
389 ,519, 358, '246 158 334 166 166 144 167 226 134 308 164 175 247 158 301 169 162 307 147 328 ' ,'0 0 0 0 0 0 0 0 0 0 0 0 0 0 0 0 0 0 0 0 ' ,208 ,1 ,13, 1
395 ,409, 351, '151 126 231 141 147 167 133 193 117 300 160 130 296 138 304 136 156 324 144 296 ' ,'0 0 0 0 0 0 0 0 0 0 0 0 0 0 0 0 0 0 0 0 ' ,229 ,1 ,2, 1
347 ,422, 329, '198 154 112 124 241 190 154 231 128 277 289 139 292 156 287 297 163 199 128 123 ' ,'0 0 0 0 0 0 0 0 0 0 0 0 0 0 0 0 0 0 0 0 ' ,207 ,1 ,4, 1
355 ,366, 334, '127 137 260 152 219 159 160 283 126 165 136 143 275 145 226 157 156 256 149 235 ' ,'0 0 0 0 0 0 0 0 0 0 0 0 0 0 0 0 0 0 0 0 ' ,177 ,1 ,26, 1
373 ,359, 349, '193 138 102 168 270 140 190 280 172 205 149 130 177 138 198 171 140 282 162 275 ' ,'0 0 0 0 0 0 0 0 0 0 0 0 0 0 0 0 0 0 0 0 ' ,223 ,2 ,6, 1
398 ,400, 372, '169 164 282 180 270 204 159 316 174 327 178 138 176 143 163 194 150 333 139 262 ' ,'0 0 0 0 0 0 0 0 0 0 0 0 0 0 0 0 0 0 0 0 ' ,221 ,1 ,3, 1
460 ,424, 429, '133 160 273 141 300 124 136 296 116 311 137 119 260 147 205 149 157 153 160 277 ' ,'0 0 0 0 0 0 0 0 0 0 0 0 0 0 0 0 0 0 0 0 ' ,298 ,74 ,10, 1
358 ,460, 333, '139 151 289 117 220 144 113 291 125 255 150 120 282 120 256 131 167 226 155 131 ' ,'0 0 0 0 0 0 0 0 0 0 0 0 0 0 0 0 0 0 0 0 ' ,204 ,1 ,11, 0
348 ,372, 323, '126 164 209 126 287 102 142 221 160 225 173 103 109 144 305 130 158 280 146 311 ' ,'0 0 0 0 0 0 0 0 0 0 0 0 0 0 0 0 0 0 0 0 ' ,214 ,2 ,8, 1
400 ,358, 372, '128 128 149 189 267 140 137 201 153 279 152 141 229 215 120 133 126 229 240 149 ' ,'0 0 0 0 0 0 0 0 0 0 0 0 0 0 0 0 0 0 0 0 ' ,223 ,1 ,5, 1
450 ,402, 420, '201 148 232 132 227 211 188 267 138 208 177 147 262 159 280 231 134 284 144 229 ' ,'0 0 0 0 0 0 0 0 0 0 0 0 0 0 0 0 0 0 0 0 ' ,262 ,2 ,19, 1
451 ,454, 384, '122 155 292 129 256 149 143 125 143 204 144 144 313 163 156 136 149 274 167 331 ' ,'0 0 0 0 0 0 0 0 0 0 0 0 0 0 0 0 0 0 0 0 ' ,207 ,2 ,43, 1
372 ,477, 356, '152 154 282 159 331 137 187 235 236 193 184 155 262 142 291 155 187 298 188 298 ' ,'0 0 0 0 0 0 0 0 0 0 0 0 0 0 0 0 0 0 0 0 ' ,196 ,1 ,8, 1
442 ,382, 418, '166 162 161 153 207 158 154 306 139 367 134 165 235 182 314 151 170 375 162 280 ' ,'0 0 0 0 0 0 0 0 0 0 0 0 0 0 0 0 0 0 0 0 ' ,262 ,1 ,12, 2
394 ,471, 368, '222 225 299 158 275 243 154 327 213 326 213 158 269 155 336 169 193 242 208 325 ' ,'0 0 0 0 0 0 0 0 0 0 0 0 0 0 0 0 0 0 0 0 ' ,203 ,1 ,6, 1
412 ,392, 386, '163 125 250 129 245 171 152 298 158 335 175 124 280 131 305 127 125 271 173 138 ' ,'0 0 0 0 0 0 0 0 0 0 0 0 0 0 0 0 0 0 0 0 ' ,218 ,1 ,40, 1
384 ,421, 347, '147 161 291 197 159 134 140 211 183 325 192 191 296 161 231 160 149 315 139 296 ' ,'0 0 0 0 0 0 0 0 0 0 0 0 0 0 0 0 0 0 0 0 ' ,195 ,1 ,8, 0
368 ,378, 334, '123 154 319 146 318 144 136 123 136 262 130 127 267 195 282 123 142 247 132 211 ' ,'0 0 0 0 0 0 0 0 0 0 0 0 0 0 0 0 0 0 0 0 ' ,202 ,2 ,4, 0
399 ,377, 340, '121 170 294 134 284 138 128 238 102 117 166 110 200 111 287 109 130 276 127 218 ' ,'0 0 0 0 0 0 0 0 0 0 0 0 0 0 0 0 0 0 0 0 ' ,220 ,2 ,5, 1
322 ,398, 307, '143 131 269 237 221 118 134 122 197 268 107 135 175 193 170 134 90 238 186 179 ' ,'0 0 0 0 0 0 0 0 0 0 0 0 0 0 0 0 0 0 0 0 ' ,195 ,1 ,6, 1
337 ,327, 322, '152 140 123 85 222 136 127 210 135 213 142 176 221 128 186 135 126 291 109 199 ' ,'0 0 0 0 0 0 0 0 0 0 0 0 0 0 0 0 0 0 0 0 ' ,209 ,1 ,23, 1
392 ,331, 359, '149 139 149 129 214 157 134 287 139 286 119 133 263 130 277 124 131 144 125 314 ' ,'0 0 0 0 0 0 0 0 0 0 0 0 0 0 0 0 0 0 0 0 ' ,225 ,1 ,8, 1
362 ,390, 317, '142 100 252 109 144 139 165 152 139 112 170 147 255 153 250 146 146 137 141 117 ' ,'0 0 0 0 0 0 0 0 0 0 0 0 0 0 0 0 0 0 0 0 ' ,195 ,1 ,7, 1
419 ,368, 394, '130 124 234 146 274 148 128 200 140 173 151 123 270 91 258 150 129 216 130 242 ' ,'0 0 0 0 0 0 0 0 0 0 0 0 0 0 0 0 0 0 0 0 ' ,290 ,1 ,3, 0
337 ,417, 311, '120 133 233 146 218 171 128 279 153 246 114 169 276 148 201 133 131 265 212 286 ' ,'0 0 0 0 0 0 0 0 0 0 0 0 0 0 0 0 0 0 0 0 ' ,174 ,1 ,19, 1
427 ,333, 387, '181 107 112 125 336 145 115 235 127 305 145 140 367 145 299 174 111 269 120 324 ' ,'0 0 0 0 0 0 0 0 0 0 0 0 0 0 0 0 0 0 0 0 ' ,261 ,1 ,8, 0
464 ,437, 433, '149 171 192 150 180 167 155 283 170 297 144 213 281 165 225 146 147 296 175 247 ' ,'0 0 0 0 0 0 0 0 0 0 0 0 0 0 0 0 0 0 0 0 ' ,274 ,2 ,9, 0
397 ,457, 367, '158 151 312 164 305 159 153 284 163 304 182 159 329 165 345 98 180 226 188 165 ' ,'0 0 0 0 0 0 0 0 0 0 0 0 0 0 0 0 0 0 0 0 ' ,261 ,1 ,3, 1
455 ,554, 432, '158 122 286 164 173 111 156 367 125 322 151 142 258 150 320 177 153 319 159 360 ' ,'0 0 0 0 0 0 0 0 0 0 0 0 0 0 0 0 0 0 0 0 ' ,294 ,1 ,9, 1
451 ,451, 434, '148 203 303 181 364 146 162 263 143 385 163 141 295 187 178 144 178 258 170 410 ' ,'0 0 0 0 0 0 0 0 0 0 0 0 0 0 0 0 0 0 0 0 ' ,276 ,1 ,12, 2
470 ,449, 456, '165 172 428 192 349 221 146 396 147 397 164 173 329 134 152 218 225 244 169 187 ' ,'0 0 0 0 0 0 0 0 0 0 0 0 0 0 0 0 0 0 0 0 ' ,295 ,1 ,20, 2
430 ,467, 413, '200 162 337 135 318 166 140 395 128 359 191 161 343 123 230 139 137 291 125 141 ' ,'0 0 0 0 0 0 0 0 0 0 0 0 0 0 0 0 0 0 0 0 ' ,276 ,1 ,4, 1
413 ,436, 376, '174 166 270 153 320 165 167 245 135 159 137 179 160 154 274 200 127 211 135 198 ' ,'0 0 0 0 0 0 0 0 0 0 0 0 0 0 0 0 0 0 0 0 ' ,234 ,1 ,3, 1
394 ,411, 379, '154 129 292 154 129 174 135 358 135 242 141 141 334 139 307 139 128 216 149 335 ' ,'0 0 0 0 0 0 0 0 0 0 0 0 0 0 0 0 0 0 0 0 ' ,235 ,1 ,6, 1
417 ,403, 398, '139 185 221 190 148 154 142 290 194 160 244 159 350 156 294 156 122 377 142 331 ' ,'0 0 0 0 0 0 0 0 0 0 0 0 0 0 0 0 0 0 0 0 ' ,266 ,2 ,5, 0
439 ,418, 417, '117 119 322 127 138 127 141 330 143 244 161 155 216 134 146 145 146 266 151 364 ' ,'0 0 0 0 0 0 0 0 0 0 0 0 0 0 0 0 0 0 0 0 ' ,283 ,3 ,8, 0
430 ,436, 411, '146 157 234 134 123 170 168 242 145 321 131 129 297 140 370 122 170 381 117 147 ' ,'0 0 0 0 0 0 0 0 0 0 0 0 0 0 0 0 0 0 0 0 ' ,280 ,1 ,6, 1
319 ,432, 290, '166 128 272 121 135 116 128 207 94 258 183 155 211 116 121 130 126 188 142 234 ' ,'0 0 0 0 0 0 0 0 0 0 0 0 0 0 0 0 0 0 0 0 ' ,180 ,2 ,10, 0
431 ,328, 397, '108 109 220 116 320 100 136 368 118 238 114 140 162 127 246 125 112 203 108 164 ' ,'0 0 0 0 0 0 0 0 0 0 0 0 0 0 0 0 0 0 0 0 ' ,271 ,1 ,14, 1
342 ,416, 320, '104 114 186 141 103 137 122 253 177 196 116 152 223 132 242 109 104 233 144 151 ' ,'0 0 0 0 0 0 0 0 0 0 0 0 0 0 0 0 0 0 0 0 ' ,199 ,1 ,12, 1
380 ,338, 285, '265 130 271 128 206 268 104 235 154 209 244 121 171 114 118 265 110 205 139 181 ' ,'0 0 0 0 0 0 0 0 0 0 0 0 0 0 0 0 0 0 0 0 ' ,162 ,1 ,6, 1
457 ,385, 423, '126 124 245 135 198 120 121 265 122 146 105 136 245 107 240 106 100 216 93 190 ' ,'0 0 0 0 0 0 0 0 0 0 0 0 0 0 0 0 0 0 0 0 ' ,316 ,138 ,4, 1
373 ,451, 347, '123 163 150 150 217 154 139 313 163 293 135 135 257 180 170 121 152 249 235 333 ' ,'0 0 0 0 0 0 0 0 0 0 0 0 0 0 0 0 0 0 0 0 ' ,202 ,1 ,7, 1
415 ,378, 388, '173 135 260 144 258 149 139 260 174 297 106 134 242 126 286 166 149 137 164 235 ' ,'0 0 0 0 0 0 0 0 0 0 0 0 0 0 0 0 0 0 0 0 ' ,217 ,2 ,51, 1
412 ,452, 380, '98 109 270 197 277 93 127 253 208 127 140 141 276 231 247 168 125 230 188 227 ' ,'0 0 0 0 0 0 0 0 0 0 0 0 0 0 0 0 0 0 0 0 ' ,268 ,1 ,13, 1
446 ,411, 425, '213 147 313 127 290 176 163 288 138 267 155 127 361 116 402 186 137 194 112 148 ' ,'0 0 0 0 0 0 0 0 0 0 0 0 0 0 0 0 0 0 0 0 ' ,296 ,1 ,6, 1
429 ,449, 393, '166 147 295 202 257 169 135 225 160 308 127 149 311 142 292 251 192 306 141 331 ' ,'0 0 0 0 0 0 0 0 0 0 0 0 0 0 0 0 0 0 0 0 ' ,241 ,1 ,8, 1
377 ,433, 357, '139 165 176 144 173 130 149 245 158 288 157 161 283 168 315 126 142 340 145 243 ' ,'0 0 0 0 0 0 0 0 0 0 0 0 0 0 0 0 0 0 0 0 ' ,221 ,1 ,5, 1
443 ,378, 417, '149 165 384 202 265 131 154 328 176 249 159 180 131 183 272 171 174 302 178 223 ' ,'0 0 0 0 0 0 0 0 0 0 0 0 0 0 0 0 0 0 0 0 ' ,273 ,1 ,9, 1
666 ,483, 650, '164 157 289 203 357 203 180 219 175 236 133 169 455 221 289 184 182 377 181 322 ' ,'0 0 0 0 0 0 0 0 0 0 0 0 0 0 0 0 0 0 0 0 ' ,397 ,1 ,112, 1
434 ,781, 409, '175 179 310 167 301 156 162 359 190 356 199 174 307 175 310 195 182 275 162 203 ' ,'0 0 0 0 0 0 0 0 0 0 0 0 0 0 0 0 0 0 0 0 ' ,233 ,1 ,12, 1
432 ,447, 414, '148 152 276 102 304 166 157 324 163 294 143 123 219 147 277 131 153 302 164 125 ' ,'0 0 0 0 0 0 0 0 0 0 0 0 0 0 0 0 0 0 0 0 ' ,288 ,1 ,11, 0
417 ,475, 376, '193 143 242 149 249 159 144 139 144 305 149 159 301 144 293 121 129 296 134 302 ' ,'0 0 0 0 0 0 0 0 0 0 0 0 0 0 0 0 0 0 0 0 ' ,243 ,1 ,7, 1
368 ,415, 339, '144 149 263 126 314 184 151 244 142 279 135 144 252 138 243 164 131 231 170 212 ' ,'0 0 0 0 0 0 0 0 0 0 0 0 0 0 0 0 0 0 0 0 ' ,193 ,1 ,16, 1
341 ,367, 318, '145 131 188 159 185 133 151 257 209 237 157 123 134 166 238 149 143 256 171 272 ' ,'0 0 0 0 0 0 0 0 0 0 0 0 0 0 0 0 0 0 0 0 ' ,176 ,2 ,15, 1
393 ,363, 369, '146 102 193 118 128 118 127 195 124 327 149 131 192 143 274 132 103 149 140 241 ' ,'0 0 0 0 0 0 0 0 0 0 0 0 0 0 0 0 0 0 0 0 ' ,251 ,2 ,10, 1
388 ,392, 353, '109 109 131 113 238 114 110 229 104 215 112 125 146 142 233 147 166 157 103 227 ' ,'0 0 0 0 0 0 0 0 0 0 0 0 0 0 0 0 0 0 0 0 ' ,229 ,1 ,19, 1
338 ,382, 322, '92 97 211 119 242 113 115 250 152 112 119 119 250 113 205 127 96 235 132 232 ' ,'0 0 0 0 0 0 0 0 0 0 0 0 0 0 0 0 0 0 0 0 ' ,184 ,1 ,37, 1
370 ,333, 347, '135 125 125 132 235 149 151 130 135 139 155 142 331 120 268 122 137 283 143 261 ' ,'0 0 0 0 0 0 0 0 0 0 0 0 0 0 0 0 0 0 0 0 ' ,213 ,1 ,11, 1
377 ,370, 352, '159 130 180 200 305 140 153 339 198 293 121 146 181 161 246 147 139 205 161 277 ' ,'0 0 0 0 0 0 0 0 0 0 0 0 0 0 0 0 0 0 0 0 ' ,219 ,1 ,10, 1
460 ,401, 420, '101 130 294 157 285 143 119 275 146 300 138 182 262 127 366 146 103 313 124 223 ' ,'0 0 0 0 0 0 0 0 0 0 0 0 0 0 0 0 0 0 0 0 ' ,303 ,1 ,11, 1
503 ,471, 484, '175 175 355 160 396 184 162 334 177 392 176 176 369 148 349 147 149 384 134 297 ' ,'0 0 0 0 0 0 0 0 0 0 0 0 0 0 0 0 0 0 0 0 ' ,289 ,1 ,58, 1
468 ,493, 442, '133 159 420 159 175 144 185 181 128 335 163 168 306 172 161 159 189 245 162 158 ' ,'0 0 0 0 0 0 0 0 0 0 0 0 0 0 0 0 0 0 0 0 ' ,295 ,1 ,10, 0
449 ,487, 418, '179 196 380 177 378 189 191 285 189 395 141 179 339 128 299 188 154 324 133 344 ' ,'0 0 0 0 0 0 0 0 0 0 0 0 0 0 0 0 0 0 0 0 ' ,271 ,1 ,10, 1
665 ,443, 613, '232 167 504 190 454 196 186 517 240 362 163 162 542 224 357 187 175 453 176 432 ' ,'0 0 0 0 0 0 0 0 0 0 0 0 0 0 0 0 0 0 0 0 ' ,393 ,1 ,54, 2
413 ,731, 394, '224 149 184 162 280 175 126 335 152 362 234 163 148 170 351 201 120 369 163 291 ' ,'0 0 0 0 0 0 0 0 0 0 0 0 0 0 0 0 0 0 0 0 ' ,254 ,1 ,16, 0
376 ,416, 357, '147 176 341 164 222 155 171 289 127 273 155 154 250 123 320 162 174 210 162 289 ' ,'0 0 0 0 0 0 0 0 0 0 0 0 0 0 0 0 0 0 0 0 ' ,218 ,1 ,14, 1
721 ,383, 476, '142 132 185 140 196 178 154 246 140 296 148 149 219 141 212 125 156 354 121 372 ' ,'0 0 0 0 0 0 0 0 0 0 0 0 0 0 0 0 0 0 0 0 ' ,340 ,1 ,6, 0
442 ,729, 424, '143 115 215 139 306 148 149 220 158 228 131 137 307 133 193 124 158 350 151 130 ' ,'0 0 0 0 0 0 0 0 0 0 0 0 0 0 0 0 0 0 0 0 ' ,297 ,1 ,8, 1
331 ,448, 309, '154 137 217 184 250 161 123 273 198 231 157 143 245 176 142 152 140 261 229 168 ' ,'0 0 0 0 0 0 0 0 0 0 0 0 0 0 0 0 0 0 0 0 ' ,170 ,1 ,15, 1
379 ,335, 360, '157 124 120 134 242 122 139 247 127 332 151 137 197 180 266 173 133 240 147 181 ' ,'0 0 0 0 0 0 0 0 0 0 0 0 0 0 0 0 0 0 0 0 ' ,216 ,1 ,15, 2
421 ,378, 406, '167 153 289 164 347 123 155 169 132 242 148 156 223 143 250 144 136 318 136 122 ' ,'0 0 0 0 0 0 0 0 0 0 0 0 0 0 0 0 0 0 0 0 ' ,237 ,2 ,18, 1
419 ,413, 387, '126 148 359 130 119 147 151 212 149 300 261 113 294 236 150 176 160 250 171 218 ' ,'0 0 0 0 0 0 0 0 0 0 0 0 0 0 0 0 0 0 0 0 ' ,254 ,1 ,17, 1
412 ,414, 395, '145 129 346 151 309 145 149 303 160 230 159 133 189 181 244 162 169 146 143 331 ' ,'0 0 0 0 0 0 0 0 0 0 0 0 0 0 0 0 0 0 0 0 ' ,247 ,1 ,13, 1
418 ,568, 405, '149 158 118 139 138 154 139 206 157 165 154 108 236 172 232 179 149 298 173 261 ' ,'0 0 0 0 0 0 0 0 0 0 0 0 0 0 0 0 0 0 0 0 ' ,277 ,1 ,6, 1
497 ,418, 465, '183 156 111 148 398 175 166 272 126 307 158 139 207 170 308 204 136 224 162 440 ' ,'0 0 0 0 0 0 0 0 0 0 0 0 0 0 0 0 0 0 0 0 ' ,333 ,1 ,17, 1
427 ,513, 410, '172 138 179 284 361 125 154 244 280 320 181 109 297 272 245 128 162 205 271 298 ' ,'0 0 0 0 0 0 0 0 0 0 0 0 0 0 0 0 0 0 0 0 ' ,276 ,1 ,20, 2
428 ,550, 395, '136 129 386 148 343 198 177 157 161 317 157 169 247 161 277 183 168 316 167 340 ' ,'0 0 0 0 0 0 0 0 0 0 0 0 0 0 0 0 0 0 0 0 ' ,260 ,1 ,2, 1
457 ,452, 431, '164 158 357 147 172 133 147 268 161 402 178 185 378 156 395 182 134 378 169 363 ' ,'0 0 0 0 0 0 0 0 0 0 0 0 0 0 0 0 0 0 0 0 ' ,280 ,1 ,15, 1
467 ,480, 436, '185 153 412 228 282 137 139 175 219 320 200 157 418 212 396 158 199 351 196 376 ' ,'0 0 0 0 0 0 0 0 0 0 0 0 0 0 0 0 0 0 0 0 ' ,285 ,1 ,6, 2
603 ,473, 575, '236 230 217 210 334 229 263 530 222 537 209 211 374 214 510 212 230 371 165 567 ' ,'0 0 0 0 0 0 0 0 0 0 0 0 0 0 0 0 0 0 0 0 ' ,405 ,1 ,8, 2
451 ,604, 435, '124 155 300 136 239 131 143 203 152 308 121 142 317 137 362 166 132 296 139 138 ' ,'0 0 0 0 0 0 0 0 0 0 0 0 0 0 0 0 0 0 0 0 ' ,269 ,1 ,36, 1
408 ,483, 387, '148 163 271 128 171 136 120 313 126 231 140 157 298 119 316 144 139 208 132 353 ' ,'0 0 0 0 0 0 0 0 0 0 0 0 0 0 0 0 0 0 0 0 ' ,240 ,2 ,26, 1
552 ,405, 510, '112 133 311 175 116 174 154 344 118 222 150 131 264 130 272 188 107 269 116 225 ' ,'0 0 0 0 0 0 0 0 0 0 0 0 0 0 0 0 0 0 0 0 ' ,385 ,1 ,13, 1
467 ,540, 405, '134 131 311 160 365 178 142 232 221 285 148 154 230 192 129 161 148 323 150 156 ' ,'0 0 0 0 0 0 0 0 0 0 0 0 0 0 0 0 0 0 0 0 ' ,253 ,1 ,14, 1
425 ,461, 406, '136 135 143 128 356 145 131 130 135 262 138 145 142 123 290 163 140 314 124 317 ' ,'0 0 0 0 0 0 0 0 0 0 0 0 0 0 0 0 0 0 0 0 ' ,256 ,1 ,18, 1
487 ,427, 398, '150 127 337 151 326 115 136 201 106 221 115 158 300 124 292 161 130 322 119 362 ' ,'0 0 0 0 0 0 0 0 0 0 0 0 0 0 0 0 0 0 0 0 ' ,277 ,1 ,9, 1
358 ,416, 330, '132 169 113 147 188 118 116 278 119 247 114 143 248 143 279 120 148 181 104 141 ' ,'0 0 0 0 0 0 0 0 0 0 0 0 0 0 0 0 0 0 0 0 ' ,207 ,1 ,16, 1
425 ,355, 398, '166 144 128 154 351 126 177 157 143 292 215 138 231 159 339 186 140 289 154 351 ' ,'0 0 0 0 0 0 0 0 0 0 0 0 0 0 0 0 0 0 0 0 ' ,240 ,1 ,19, 1
426 ,431, 392, '158 151 225 195 301 175 177 309 181 342 144 166 319 182 335 172 163 320 128 355 ' ,'0 0 0 0 0 0 0 0 0 0 0 0 0 0 0 0 0 0 0 0 ' ,230 ,1 ,29, 0
455 ,470, 426, '203 140 179 160 393 163 153 397 142 299 233 137 204 163 359 206 153 253 128 354 ' ,'0 0 0 0 0 0 0 0 0 0 0 0 0 0 0 0 0 0 0 0 ' ,279 ,1 ,14, 1
578 ,470, 551, '162 147 329 122 241 118 167 220 148 164 129 142 267 158 416 161 144 333 174 166 ' ,'0 0 0 0 0 0 0 0 0 0 0 0 0 0 0 0 0 0 0 0 ' ,361 ,1 ,45, 1
438 ,574, 405, '187 159 175 139 336 181 180 320 158 284 193 167 256 164 307 136 161 249 163 353 ' ,'0 0 0 0 0 0 0 0 0 0 0 0 0 0 0 0 0 0 0 0 ' ,242 ,1 ,22, 1
476 ,432, 459, '190 163 155 167 321 185 177 360 186 254 177 191 352 144 199 158 233 283 143 265 ' ,'0 0 0 0 0 0 0 0 0 0 0 0 0 0 0 0 0 0 0 0 ' ,250 ,1 ,49, 1
452 ,472, 431, '134 169 243 203 322 169 140 276 137 307 184 132 331 194 182 145 172 284 193 339 ' ,'0 0 0 0 0 0 0 0 0 0 0 0 0 0 0 0 0 0 0 0 ' ,241 ,1 ,51, 2
407 ,469, 390, '211 158 148 180 327 172 146 309 145 304 167 162 355 156 234 184 148 208 156 282 ' ,'0 0 0 0 0 0 0 0 0 0 0 0 0 0 0 0 0 0 0 0 ' ,216 ,2 ,21, 2
444 ,422, 426, '161 154 300 131 341 107 149 318 166 178 167 166 285 130 258 142 156 386 141 138 ' ,'0 0 0 0 0 0 0 0 0 0 0 0 0 0 0 0 0 0 0 0 ' ,273 ,2 ,20, 1
352 ,447, 339, '136 131 120 161 231 132 118 191 135 292 120 119 279 103 255 123 116 229 111 233 ' ,'0 0 0 0 0 0 0 0 0 0 0 0 0 0 0 0 0 0 0 0 ' ,217 ,1 ,14, 1
370 ,354, 350, '137 136 217 113 268 134 146 264 153 286 156 119 146 155 197 133 125 324 140 111 ' ,'0 0 0 0 0 0 0 0 0 0 0 0 0 0 0 0 0 0 0 0 ' ,219 ,1 ,11, 1
341 ,363, 326, '105 155 259 144 263 128 132 210 131 280 106 124 260 187 268 131 143 249 167 118 ' ,'0 0 0 0 0 0 0 0 0 0 0 0 0 0 0 0 0 0 0 0 ' ,196 ,1 ,18, 1
424 ,537, 408, '169 161 298 119 320 167 144 279 137 351 185 154 232 126 130 189 145 269 138 260 ' ,'0 0 0 0 0 0 0 0 0 0 0 0 0 0 0 0 0 0 0 0 ' ,245 ,1 ,32, 1
400 ,416, 388, '151 139 284 171 284 128 156 219 126 278 164 139 322 131 299 159 147 334 132 357 ' ,'0 0 0 0 0 0 0 0 0 0 0 0 0 0 0 0 0 0 0 0 ' ,233 ,1 ,22, 1
361 ,391, 335, '153 160 307 258 198 194 151 222 121 254 201 139 146 132 280 151 174 256 156 141 ' ,'0 0 0 0 0 0 0 0 0 0 0 0 0 0 0 0 0 0 0 0 ' ,182 ,1 ,16, 1
387 ,355, 367, '133 139 294 153 296 133 149 283 187 292 159 158 224 129 308 143 161 166 128 290 ' ,'0 0 0 0 0 0 0 0 0 0 0 0 0 0 0 0 0 0 0 0 ' ,222 ,1 ,13, 0
436 ,388, 399, '114 149 298 157 273 144 145 245 176 294 126 135 342 162 274 147 179 258 133 273 ' ,'0 0 0 0 0 0 0 0 0 0 0 0 0 0 0 0 0 0 0 0 ' ,265 ,1 ,14, 0
419 ,430, 405, '175 186 193 180 348 154 158 157 150 369 191 183 209 166 315 133 166 353 148 311 ' ,'0 0 0 0 0 0 0 0 0 0 0 0 0 0 0 0 0 0 0 0 ' ,244 ,2 ,23, 2
423 ,412, 405, '151 161 268 144 323 241 166 341 165 343 129 147 277 228 290 159 171 283 162 139 ' ,'0 0 0 0 0 0 0 0 0 0 0 0 0 0 0 0 0 0 0 0 ' ,239 ,2 ,19, 1
421 ,417, 409, '210 143 368 151 150 191 161 346 142 342 168 151 322 153 291 143 135 303 164 366 ' ,'0 0 0 0 0 0 0 0 0 0 0 0 0 0 0 0 0 0 0 0 ' ,236 ,1 ,31, 1
441 ,412, 406, '199 163 234 178 283 228 186 216 186 319 179 176 356 154 305 137 135 244 147 356 ' ,'0 0 0 0 0 0 0 0 0 0 0 0 0 0 0 0 0 0 0 0 ' ,248 ,2 ,17, 1
409 ,454, 396, '132 141 168 176 332 160 122 335 168 296 154 149 314 186 242 158 152 293 175 355 ' ,'0 0 0 0 0 0 0 0 0 0 0 0 0 0 0 0 0 0 0 0 ' ,243 ,1 ,26, 1
435 ,535, 421, '226 163 278 161 272 219 192 141 164 376 227 157 317 135 282 221 159 304 145 317 ' ,'0 0 0 0 0 0 0 0 0 0 0 0 0 0 0 0 0 0 0 0 ' ,258 ,1 ,17, 1
388 ,428, 373, '140 153 180 229 279 200 123 129 141 257 168 148 342 225 327 137 152 276 216 287 ' ,'0 0 0 0 0 0 0 0 0 0 0 0 0 0 0 0 0 0 0 0 ' ,222 ,2 ,19, 0
328 ,380, 268, '156 99 172 106 239 130 99 181 118 96 115 116 235 110 212 124 139 239 134 221 ' ,'0 0 0 0 0 0 0 0 0 0 0 0 0 0 0 0 0 0 0 0 ' ,158 ,1 ,7, 1
357 ,306, 333, '127 123 312 133 239 130 139 227 124 257 116 114 257 149 270 126 113 240 139 212 ' ,'0 0 0 0 0 0 0 0 0 0 0 0 0 0 0 0 0 0 0 0 ' ,204 ,1 ,9, 1
349 ,367, 323, '142 128 304 217 243 141 112 274 184 231 148 147 205 173 249 129 114 250 175 222 ' ,'0 0 0 0 0 0 0 0 0 0 0 0 0 0 0 0 0 0 0 0 ' ,195 ,1 ,8, 0
441 ,355, 376, '194 185 269 132 342 143 159 294 114 282 152 165 179 119 273 164 181 286 129 262 ' ,'0 0 0 0 0 0 0 0 0 0 0 0 0 0 0 0 0 0 0 0 ' ,231 ,2 ,21, 1
380 ,618, 363, '150 116 253 146 287 131 109 228 135 148 120 108 205 133 304 134 114 278 126 279 ' ,'0 0 0 0 0 0 0 0 0 0 0 0 0 0 0 0 0 0 0 0 ' ,220 ,1 ,29, 1
379 ,373, 339, '137 118 212 145 239 109 89 208 144 139 127 129 217 160 193 101 156 252 126 233 ' ,'0 0 0 0 0 0 0 0 0 0 0 0 0 0 0 0 0 0 0 0 ' ,168 ,1 ,75, 1
388 ,387, 364, '145 134 285 123 308 123 136 235 114 292 139 142 274 130 315 210 158 267 131 188 ' ,'0 0 0 0 0 0 0 0 0 0 0 0 0 0 0 0 0 0 0 0 ' ,238 ,2 ,5, 0
467 ,723, 448, '151 164 265 168 339 182 146 169 212 409 170 141 408 198 277 179 144 338 181 183 ' ,'0 0 0 0 0 0 0 0 0 0 0 0 0 0 0 0 0 0 0 0 ' ,283 ,1 ,11, 0
386 ,473, 370, '152 173 259 134 286 181 179 313 144 314 148 126 263 159 332 162 175 260 141 334 ' ,'0 0 0 0 0 0 0 0 0 0 0 0 0 0 0 0 0 0 0 0 ' ,214 ,1 ,21, 1
444 ,388, 432, '144 143 343 146 353 249 131 309 158 287 135 134 200 161 287 216 172 379 135 397 ' ,'0 0 0 0 0 0 0 0 0 0 0 0 0 0 0 0 0 0 0 0 ' ,269 ,1 ,26, 1
490 ,448, 403, '177 173 242 179 340 167 146 362 166 246 147 174 337 149 340 175 169 357 98 308 ' ,'0 0 0 0 0 0 0 0 0 0 0 0 0 0 0 0 0 0 0 0 ' ,285 ,2 ,15, 1
453 ,559, 431, '139 172 180 166 365 175 176 150 161 260 132 127 326 168 161 167 134 283 170 292 ' ,'0 0 0 0 0 0 0 0 0 0 0 0 0 0 0 0 0 0 0 0 ' ,281 ,2 ,16, 1
426 ,455, 412, '198 134 166 178 385 157 157 289 160 265 158 146 321 165 220 129 122 289 155 340 ' ,'0 0 0 0 0 0 0 0 0 0 0 0 0 0 0 0 0 0 0 0 ' ,264 ,1 ,19, 1
351 ,435, 335, '195 129 292 147 103 160 124 253 144 254 148 154 284 127 273 145 153 277 140 308 ' ,'0 0 0 0 0 0 0 0 0 0 0 0 0 0 0 0 0 0 0 0 ' ,185 ,2 ,17, 2
341 ,356, 327, '114 127 299 164 123 137 145 256 134 267 138 150 263 132 200 136 154 275 141 216 ' ,'0 0 0 0 0 0 0 0 0 0 0 0 0 0 0 0 0 0 0 0 ' ,188 ,2 ,20, 0
399 ,341, 386, '151 166 250 119 150 125 153 305 107 254 128 149 249 115 271 142 141 305 112 302 ' ,'0 0 0 0 0 0 0 0 0 0 0 0 0 0 0 0 0 0 0 0 ' ,242 ,2 ,27, 1
442 ,392, 425, '105 125 269 132 123 130 133 303 128 307 127 133 165 136 346 115 138 231 141 288 ' ,'0 0 0 0 0 0 0 0 0 0 0 0 0 0 0 0 0 0 0 0 ' ,285 ,1 ,30, 1
358 ,436, 341, '164 125 229 167 212 121 103 244 151 292 98 120 255 149 218 104 158 272 156 273 ' ,'0 0 0 0 0 0 0 0 0 0 0 0 0 0 0 0 0 0 0 0 ' ,212 ,1 ,19, 1
448 ,352, 436, '127 133 278 121 239 125 128 240 177 275 150 141 377 151 308 165 136 234 168 294 ' ,'0 0 0 0 0 0 0 0 0 0 0 0 0 0 0 0 0 0 0 0 ' ,267 ,1 ,43, 1
386 ,441, 364, '158 147 276 154 290 141 167 301 172 323 153 155 285 122 323 159 167 282 109 243 ' ,'0 0 0 0 0 0 0 0 0 0 0 0 0 0 0 0 0 0 0 0 ' ,222 ,1 ,26, 1
409 ,380, 396, '168 124 263 157 318 138 117 260 116 238 142 113 263 217 299 136 142 126 207 269 ' ,'0 0 0 0 0 0 0 0 0 0 0 0 0 0 0 0 0 0 0 0 ' ,216 ,2 ,48, 1
432 ,415, 419, '164 112 232 163 309 139 143 123 154 330 145 138 193 144 353 165 154 289 208 320 ' ,'0 0 0 0 0 0 0 0 0 0 0 0 0 0 0 0 0 0 0 0 ' ,259 ,1 ,34, 1
436 ,518, 404, '167 159 370 172 159 181 172 384 174 334 186 137 355 150 299 170 162 223 209 282 ' ,'0 0 0 0 0 0 0 0 0 0 0 0 0 0 0 0 0 0 0 0 ' ,248 ,2 ,9, 1
490 ,534, 446, '208 176 378 168 313 153 176 223 160 414 150 182 418 167 319 189 185 314 155 421 ' ,'0 0 0 0 0 0 0 0 0 0 0 0 0 0 0 0 0 0 0 0 ' ,279 ,1 ,10, 1
498 ,466, 484, '135 187 323 176 334 146 156 359 149 370 191 163 303 179 354 176 184 360 196 355 ' ,'0 0 0 0 0 0 0 0 0 0 0 0 0 0 0 0 0 0 0 0 ' ,314 ,1 ,28, 1
544 ,690, 505, '161 175 331 163 258 155 170 171 169 366 151 149 328 148 386 148 188 379 126 221 ' ,'0 0 0 0 0 0 0 0 0 0 0 0 0 0 0 0 0 0 0 0 ' ,282 ,1 ,89, 1
522 ,565, 426, '153 154 299 154 358 147 135 158 110 358 126 176 302 132 313 169 129 182 145 315 ' ,'0 0 0 0 0 0 0 0 0 0 0 0 0 0 0 0 0 0 0 0 ' ,297 ,2 ,9, 1
459 ,535, 423, '157 155 318 131 388 160 181 254 171 176 140 131 363 143 391 183 115 187 161 344 ' ,'0 0 0 0 0 0 0 0 0 0 0 0 0 0 0 0 0 0 0 0 ' ,286 ,2 ,14, 1
387 ,453, 371, '103 130 279 140 220 138 134 303 164 293 144 142 267 126 223 161 108 345 130 115 ' ,'0 0 0 0 0 0 0 0 0 0 0 0 0 0 0 0 0 0 0 0 ' ,249 ,2 ,10, 0
403 ,419, 384, '173 157 268 134 324 154 145 276 140 284 129 151 298 159 217 135 130 164 151 323 ' ,'0 0 0 0 0 0 0 0 0 0 0 0 0 0 0 0 0 0 0 0 ' ,203 ,1 ,45, 1
431 ,418, 407, '130 134 364 157 137 130 122 235 112 196 143 120 192 131 258 109 146 135 132 244 ' ,'0 0 0 0 0 0 0 0 0 0 0 0 0 0 0 0 0 0 0 0 ' ,285 ,2 ,7, 1
457 ,446, 389, '145 131 230 114 296 133 100 313 115 195 139 116 321 147 207 157 114 150 108 128 ' ,'0 0 0 0 0 0 0 0 0 0 0 0 0 0 0 0 0 0 0 0 ' ,262 ,1 ,17, 0
467 ,464, 378, '123 100 281 179 336 135 158 139 148 218 135 112 246 152 231 169 138 118 220 305 ' ,'0 0 0 0 0 0 0 0 0 0 0 0 0 0 0 0 0 0 0 0 ' ,259 ,1 ,9, 1
424 ,533, 410, '177 177 251 170 370 137 127 171 145 273 174 176 367 175 383 178 176 282 160 233 ' ,'0 0 0 0 0 0 0 0 0 0 0 0 0 0 0 0 0 0 0 0 ' ,268 ,1 ,10, 1
502 ,433, 486, '171 146 460 299 419 137 107 182 306 367 171 167 366 293 366 182 180 398 314 241 ' ,'0 0 0 0 0 0 0 0 0 0 0 0 0 0 0 0 0 0 0 0 ' ,357 ,2 ,8, 1
433 ,507, 389, '145 133 371 146 315 180 129 292 130 345 146 107 361 149 369 184 148 120 184 325 ' ,'0 0 0 0 0 0 0 0 0 0 0 0 0 0 0 0 0 0 0 0 ' ,269 ,1 ,6, 1
591 ,438, 560, '162 181 275 190 312 170 142 334 169 289 146 155 288 145 530 142 167 313 176 527 ' ,'0 0 0 0 0 0 0 0 0 0 0 0 0 0 0 0 0 0 0 0 ' ,405 ,1 ,7, 1
446 ,612, 424, '179 162 313 203 268 179 141 316 236 181 180 143 386 240 360 175 146 276 221 379 ' ,'0 0 0 0 0 0 0 0 0 0 0 0 0 0 0 0 0 0 0 0 ' ,258 ,1 ,16, 0
431 ,463, 415, '222 170 333 162 177 222 169 263 158 371 190 180 355 165 355 125 131 363 116 313 ' ,'0 0 0 0 0 0 0 0 0 0 0 0 0 0 0 0 0 0 0 0 ' ,267 ,1 ,24, 1
602 ,435, 582, '204 186 495 181 162 133 174 281 177 394 187 164 254 126 431 196 171 360 124 528 ' ,'0 0 0 0 0 0 0 0 0 0 0 0 0 0 0 0 0 0 0 0 ' ,433 ,2 ,22, 0
439 ,618, 423, '171 152 181 128 322 166 130 358 156 270 149 150 277 165 141 164 167 374 135 291 ' ,'0 0 0 0 0 0 0 0 0 0 0 0 0 0 0 0 0 0 0 0 ' ,277 ,2 ,10, 1
533 ,439, 511, '184 164 353 154 262 142 135 236 143 430 168 169 166 154 386 157 158 291 197 161 ' ,'0 0 0 0 0 0 0 0 0 0 0 0 0 0 0 0 0 0 0 0 ' ,352 ,2 ,18, 1
372 ,530, 348, '128 129 253 122 114 186 143 325 164 298 215 146 312 187 307 185 135 300 199 306 ' ,'0 0 0 0 0 0 0 0 0 0 0 0 0 0 0 0 0 0 0 0 ' ,216 ,1 ,13, 1
420 ,537, 397, '168 161 368 166 274 153 157 266 125 197 139 166 354 136 167 146 133 322 138 314 ' ,'0 0 0 0 0 0 0 0 0 0 0 0 0 0 0 0 0 0 0 0 ' ,244 ,1 ,16, 1
383 ,437, 351, '152 138 116 137 241 147 115 229 132 264 135 150 299 142 183 149 127 249 114 270 ' ,'0 0 0 0 0 0 0 0 0 0 0 0 0 0 0 0 0 0 0 0 ' ,205 ,1 ,28, 1
399 ,384, 383, '140 125 327 106 275 108 123 351 137 292 140 120 360 134 127 130 133 260 110 155 ' ,'0 0 0 0 0 0 0 0 0 0 0 0 0 0 0 0 0 0 0 0 ' ,261 ,2 ,7, 1
391 ,397, 365, '161 145 238 140 152 141 110 265 145 268 124 134 196 158 278 144 139 337 127 259 ' ,'0 0 0 0 0 0 0 0 0 0 0 0 0 0 0 0 0 0 0 0 ' ,236 ,2 ,11, 1
454 ,391, 433, '167 157 381 143 172 140 150 330 174 364 107 127 355 169 376 142 146 276 183 119 ' ,'0 0 0 0 0 0 0 0 0 0 0 0 0 0 0 0 0 0 0 0 ' ,299 ,2 ,14, 1
385 ,453, 348, '117 103 208 121 292 120 109 92 118 203 131 154 309 140 215 123 124 246 145 200 ' ,'0 0 0 0 0 0 0 0 0 0 0 0 0 0 0 0 0 0 0 0 ' ,217 ,1 ,21, 1
404 ,362, 391, '141 146 131 123 284 135 127 266 136 302 150 146 250 153 221 182 130 264 103 329 ' ,'0 0 0 0 0 0 0 0 0 0 0 0 0 0 0 0 0 0 0 0 ' ,237 ,2 ,38, 1
463 ,396, 413, '131 154 355 163 286 169 131 253 167 221 146 168 385 142 160 229 170 350 183 198 ' ,'0 0 0 0 0 0 0 0 0 0 0 0 0 0 0 0 0 0 0 0 ' ,262 ,1 ,8, 1
520 ,435, 503, '153 155 456 138 219 120 139 322 193 325 147 143 271 188 278 180 167 320 185 398 ' ,'0 0 0 0 0 0 0 0 0 0 0 0 0 0 0 0 0 0 0 0 ' ,353 ,2 ,16, 1
470 ,531, 452, '154 183 182 156 362 144 150 270 148 371 200 150 251 167 314 184 161 338 166 320 ' ,'0 0 0 0 0 0 0 0 0 0 0 0 0 0 0 0 0 0 0 0 ' ,283 ,2 ,16, 1
427 ,503, 403, '216 167 170 138 317 226 152 316 135 319 175 142 174 183 366 199 161 290 117 383 ' ,'0 0 0 0 0 0 0 0 0 0 0 0 0 0 0 0 0 0 0 0 ' ,269 ,2 ,9, 1
437 ,436, 416, '127 149 338 181 322 176 154 326 170 285 128 168 241 141 334 137 137 369 158 155 ' ,'0 0 0 0 0 0 0 0 0 0 0 0 0 0 0 0 0 0 0 0 ' ,263 ,2 ,13, 1
499 ,436, 477, '132 151 349 179 184 160 112 211 154 277 195 169 401 129 288 129 96 371 116 328 ' ,'0 0 0 0 0 0 0 0 0 0 0 0 0 0 0 0 0 0 0 0 ' ,311 ,2 ,64, 1
365 ,533, 352, '136 117 254 154 306 204 131 266 126 205 116 137 310 148 275 127 148 301 113 261 ' ,'0 0 0 0 0 0 0 0 0 0 0 0 0 0 0 0 0 0 0 0 ' ,223 ,1 ,7, 1
360 ,374, 345, '156 147 131 121 233 150 140 323 159 277 124 103 269 126 237 141 132 234 131 201 ' ,'0 0 0 0 0 0 0 0 0 0 0 0 0 0 0 0 0 0 0 0 ' ,209 ,1 ,9, 1
315 ,371, 295, '129 120 273 104 231 130 256 219 147 269 123 119 129 126 196 106 118 244 109 133 ' ,'0 0 0 0 0 0 110582 0 0 0 0 0 0 0 0 0 0 0 0 0 ' ,174 ,2 ,12, 1
316 ,328, 301, '110 142 278 123 254 148 139 170 137 249 125 160 102 135 195 140 119 128 123 253 ' ,'0 0 0 0 0 0 0 0 0 0 0 0 0 0 0 0 0 0 0 0 ' ,170 ,2 ,9, 1
382 ,324, 365, '127 134 129 124 253 124 105 136 148 126 95 116 255 121 183 116 107 289 130 295 ' ,'0 0 0 0 0 0 0 387464 0 0 0 0 0 0 0 0 0 0 0 0 ' ,251 ,2 ,12, 1
352 ,394, 327, '124 119 139 125 142 142 115 241 141 240 115 123 209 122 283 143 129 210 160 116 ' ,'0 0 0 0 0 0 0 0 0 0 0 0 0 0 0 0 0 0 0 0 ' ,194 ,2 ,7, 1
309 ,352, 281, '120 105 255 198 179 161 114 107 120 231 152 120 214 155 236 159 105 219 153 238 ' ,'0 0 0 0 0 0 0 0 0 0 0 0 0 0 0 0 0 0 0 0 ' ,152 ,1 ,14, 0
406 ,316, 380, '142 124 203 148 235 149 121 266 126 191 111 125 200 106 211 143 96 194 112 131 ' ,'0 0 0 0 0 0 0 0 0 0 0 0 0 0 0 0 0 0 0 0 ' ,265 ,2 ,7, 1
363 ,405, 342, '106 117 248 108 261 110 113 150 153 249 104 127 280 93 163 99 80 210 150 177 ' ,'0 0 0 0 0 0 0 0 0 0 0 0 0 0 0 0 0 0 0 0 ' ,233 ,1 ,27, 1
362 ,356, 338, '144 98 244 127 154 121 93 319 101 275 98 109 283 145 184 127 125 296 116 123 ' ,'0 0 0 127347 0 0 0 0 0 0 0 0 0 0 0 0 0 0 0 0 ' ,231 ,2 ,12, 1
366 ,360, 353, '117 111 295 108 190 143 141 105 133 270 143 108 266 131 314 118 113 287 111 266 ' ,'0 0 0 0 0 0 0 0 0 0 0 0 0 0 0 0 0 0 0 0 ' ,226 ,2 ,15, 0
370 ,385, 351, '118 135 244 131 245 131 123 243 174 258 138 118 237 163 274 144 111 237 149 309 ' ,'0 0 0 0 0 0 0 0 0 0 0 0 0 0 0 0 0 0 0 0 ' ,213 ,2 ,19, 1
498 ,366, 477, '148 149 345 134 437 158 156 289 153 372 155 130 312 165 306 113 155 326 136 369 ' ,'0 0 0 0 0 0 0 0 0 0 0 0 0 0 0 0 0 0 0 0 ' ,328 ,2 ,26, 1
450 ,528, 433, '247 177 368 272 353 209 164 212 233 255 161 115 162 247 201 180 144 342 239 395 ' ,'0 0 0 0 0 0 0 0 0 0 0 0 0 0 0 0 0 0 0 0 ' ,287 ,1 ,9, 1
480 ,473, 461, '166 153 385 147 281 179 186 278 155 162 164 171 337 196 314 189 182 392 128 209 ' ,'0 0 0 0 0 0 0 0 0 0 0 0 0 0 0 0 0 0 0 0 ' ,318 ,2 ,9, 1
461 ,500, 436, '158 130 353 208 355 224 173 359 182 235 191 132 306 139 296 147 183 213 170 405 ' ,'0 0 0 0 0 0 0 0 0 0 0 0 0 0 0 0 0 0 0 0 ' ,291 ,2 ,4, 0
476 ,604, 442, '168 187 386 143 278 182 160 354 202 314 183 131 312 195 321 137 154 365 184 186 ' ,'0 0 0 0 0 0 0 0 0 0 0 0 0 0 0 0 0 0 0 0 ' ,284 ,1 ,14, 1
447 ,487, 421, '148 136 356 158 302 187 145 311 154 275 195 156 177 178 302 167 164 278 148 277 ' ,'0 0 0 0 0 0 0 0 0 0 0 0 0 0 0 0 0 0 0 0 ' ,223 ,1 ,42, 1
387 ,459, 370, '122 128 223 167 308 141 149 142 129 281 140 133 312 111 203 153 133 223 144 301 ' ,'0 0 0 0 0 0 0 0 0 0 0 0 0 0 0 0 0 0 0 0 ' ,241 ,2 ,7, 1
363 ,385, 347, '110 130 321 187 231 128 119 281 135 301 139 135 318 104 264 147 122 112 118 267 ' ,'0 0 0 0 0 0 0 0 0 0 0 0 0 0 0 0 0 0 0 0 ' ,228 ,1 ,8, 1
373 ,365, 355, '154 117 182 113 164 137 138 326 129 102 132 136 247 116 192 117 106 184 122 304 ' ,'0 0 0 0 0 0 0 0 0 0 0 0 0 0 0 0 0 0 0 0 ' ,224 ,2 ,15, 1
400 ,373, 372, '130 114 262 165 260 146 143 297 197 280 159 102 341 139 222 129 131 192 140 268 ' ,'0 0 0 0 0 0 0 0 0 0 0 0 0 0 0 0 0 0 0 0 ' ,248 ,2 ,14, 0
368 ,411, 353, '119 155 151 127 252 142 136 199 174 130 130 151 299 158 293 147 123 280 120 277 ' ,'0 0 0 0 0 0 0 0 0 0 0 0 0 0 0 0 0 0 0 0 ' ,218 ,1 ,10, 1
487 ,373, 462, '130 148 139 156 331 150 108 347 143 326 163 105 372 142 286 133 128 255 140 356 ' ,'0 0 0 0 0 0 0 0 0 0 0 0 0 0 0 0 0 0 0 0 ' ,315 ,2 ,35, 1
375 ,547, 356, '133 136 335 177 175 152 134 321 137 160 119 126 338 165 131 124 145 242 166 279 ' ,'0 0 0 0 0 0 0 0 0 0 0 0 0 0 0 0 0 0 0 0 ' ,219 ,2 ,4, 1
553 ,401, 533, '172 149 420 177 367 147 165 468 173 380 125 159 477 211 323 152 172 415 163 159 ' ,'0 0 0 0 0 0 0 0 0 0 0 0 0 0 0 0 0 0 0 0 ' ,367 ,2 ,33, 1
479 ,560, 456, '185 186 270 170 127 161 176 427 173 356 157 186 343 186 253 174 161 259 178 319 ' ,'0 0 0 0 0 0 0 0 0 0 0 0 0 0 0 0 0 0 0 0 ' ,304 ,1 ,19, 0
471 ,481, 445, '173 174 368 143 369 194 137 255 152 144 152 161 346 157 163 161 136 329 126 372 ' ,'0 0 0 0 0 0 0 0 0 0 0 0 0 0 0 0 0 0 0 0 ' ,300 ,2 ,14, 0
560 ,485, 544, '186 190 380 163 416 253 129 228 181 489 156 142 464 253 363 119 135 411 138 381 ' ,'0 0 0 0 0 0 0 0 0 0 0 0 0 0 0 0 0 0 0 0 ' ,384 ,2 ,33, 1
542 ,619, 515, '202 160 331 215 206 160 181 468 128 248 202 175 487 168 379 172 142 358 170 185 ' ,'0 0 0 0 0 0 0 0 0 0 0 0 0 0 0 0 0 0 0 0 ' ,366 ,2 ,11, 1
474 ,569, 430, '160 175 163 149 137 175 173 269 174 294 131 169 338 153 341 199 178 173 151 201 ' ,'0 0 0 0 0 0 0 0 0 0 0 0 0 0 0 0 0 0 0 0 ' ,286 ,1 ,5, 0
457 ,492, 422, '175 145 284 185 337 144 141 298 184 278 164 115 386 162 356 163 110 269 149 389 ' ,'0 0 0 0 0 0 0 0 0 0 0 0 0 0 0 0 0 0 0 0 ' ,292 ,2 ,12, 1
378 ,505, 351, '138 150 317 129 249 185 146 260 160 274 130 112 248 134 153 140 158 276 131 310 ' ,'0 0 0 0 0 0 0 0 0 0 0 0 0 0 0 0 0 0 0 0 ' ,207 ,1 ,16, 1
405 ,360, 387, '163 159 347 165 338 165 149 104 135 350 157 160 334 159 337 177 139 347 146 306 ' ,'0 0 0 0 0 0 0 0 0 0 0 0 0 0 0 0 0 0 0 0 ' ,248 ,2 ,10, 0
495 ,407, 471, '193 132 247 150 160 148 137 316 130 199 140 139 269 126 126 156 139 325 158 225 ' ,'0 0 0 0 0 0 0 0 0 0 0 0 0 0 0 0 0 0 0 0 ' ,329 ,2 ,13, 1
334 ,504, 311, '122 122 133 128 148 112 127 236 143 276 140 126 282 165 252 146 115 256 119 223 ' ,'0 0 0 0 0 0 0 0 0 0 0 0 0 0 0 0 0 0 0 0 ' ,178 ,2 ,14, 1
328 ,338, 299, '111 141 141 130 224 105 120 279 139 238 112 117 233 150 269 125 120 222 125 110 ' ,'0 0 0 0 0 0 0 0 0 0 0 0 0 0 0 0 0 0 0 0 ' ,178 ,1 ,7, 1
389 ,329, 362, '142 112 215 122 115 127 108 126 131 144 124 113 165 119 131 147 118 192 121 274 ' ,'0 0 0 0 0 0 0 0 0 0 0 0 0 0 0 0 0 0 0 0 ' ,233 ,2 ,9, 0
301 ,392, 283, '148 109 262 149 223 118 106 231 126 249 129 122 227 135 225 155 120 193 114 260 ' ,'0 0 0 0 0 0 0 0 0 0 0 0 0 0 0 0 0 0 0 0 ' ,162 ,2 ,10, 1
407 ,310, 369, '110 145 324 126 280 124 94 320 93 144 138 123 305 117 242 130 107 320 115 221 ' ,'0 0 0 0 0 0 0 0 0 0 0 0 0 0 0 0 0 0 0 0 ' ,240 ,2 ,35, 1
341 ,427, 314, '144 128 184 168 242 136 101 252 140 281 140 124 243 162 228 119 127 158 167 269 ' ,'0 0 0 0 0 0 0 0 0 0 0 0 0 0 0 0 0 0 0 0 ' ,191 ,2 ,20, 1
441 ,353, 399, '167 156 373 167 221 160 164 279 170 179 134 151 216 174 195 205 131 279 157 355 ' ,'0 0 0 0 0 0 0 0 0 0 0 0 0 0 0 0 0 0 0 0 ' ,247 ,2 ,16, 1
500 ,436, 477, '168 157 272 159 449 172 163 312 126 371 167 113 337 157 275 161 144 421 109 155 ' ,'0 0 0 0 0 0 0 0 0 0 0 0 0 0 0 0 0 0 0 0 ' ,348 ,1 ,16, 1
416 ,502, 389, '159 142 295 122 367 204 158 246 120 344 150 158 294 134 372 119 120 184 142 274 ' ,'0 0 0 0 0 0 0 0 0 0 0 0 0 0 0 0 0 0 0 0 ' ,260 ,2 ,7, 1
399 ,415, 372, '172 148 331 163 274 176 152 278 133 173 148 141 285 144 240 129 159 225 111 271 ' ,'0 0 0 0 0 0 0 0 0 0 0 0 0 0 0 0 0 0 0 0 ' ,227 ,2 ,32, 1
536 ,399, 516, '167 149 180 157 395 153 135 300 162 354 155 173 369 187 444 155 111 443 138 283 ' ,'0 0 0 0 0 0 0 0 0 0 0 0 0 0 0 0 0 0 0 0 ' ,381 ,2 ,12, 1
441 ,655, 426, '180 191 340 193 350 182 175 316 215 378 195 127 329 206 387 183 153 311 160 344 ' ,'0 0 0 0 0 0 0 0 0 0 0 0 0 0 0 0 0 0 0 0 ' ,268 ,1 ,23, 1
462 ,481, 448, '177 149 195 193 380 190 189 334 162 300 201 162 328 179 334 164 154 404 176 353 ' ,'0 0 0 0 0 0 0 0 0 0 0 0 0 0 0 0 0 0 0 0 ' ,263 ,1 ,23, 1
454 ,470, 419, '215 192 151 223 381 162 166 300 288 294 137 160 160 184 394 195 151 257 265 239 ' ,'0 0 0 0 0 0 0 0 0 0 0 0 0 0 0 0 0 0 0 0 ' ,274 ,1 ,11, 1
492 ,479, 439, '158 174 392 202 336 161 147 365 133 337 199 165 377 148 395 198 149 377 117 156 ' ,'0 0 0 0 0 0 0 0 0 0 0 0 0 0 0 0 0 0 0 0 ' ,289 ,2 ,20, 1
455 ,500, 432, '183 165 134 152 376 127 137 243 164 312 177 155 249 173 282 150 166 352 148 312 ' ,'0 0 0 0 0 0 0 0 0 0 0 0 0 0 0 0 0 0 0 0 ' ,274 ,2 ,18, 3
385 ,465, 367, '132 136 280 216 148 179 151 295 255 334 151 139 276 183 322 140 172 212 208 294 ' ,'0 0 0 0 0 0 0 0 0 0 0 0 0 0 0 0 0 0 0 0 ' ,218 ,1 ,9, 1
387 ,447, 368, '144 139 211 127 327 159 138 316 162 145 174 136 307 134 237 138 142 274 153 167 ' ,'0 0 0 0 0 0 0 0 0 0 0 0 0 0 0 0 0 0 0 0 ' ,227 ,2 ,8, 0
378 ,406, 349, '144 140 129 126 252 127 142 245 152 260 137 126 188 138 122 154 152 198 141 274 ' ,'0 0 0 0 0 0 0 0 0 0 0 0 0 0 0 0 0 0 0 0 ' ,198 ,2 ,11, 1
563 ,388, 539, '174 115 502 154 122 163 144 237 126 288 98 124 390 146 176 187 117 267 113 320 ' ,'0 0 0 0 0 0 0 0 0 0 0 0 0 0 0 0 0 0 0 0 ' ,416 ,1 ,16, 1
328 ,613, 313, '147 116 216 109 251 157 117 242 137 124 119 130 263 176 211 118 113 275 116 239 ' ,'0 0 0 0 0 0 0 0 0 0 0 0 0 0 0 0 0 0 0 0 ' ,190 ,1 ,10, 1
349 ,337, 324, '178 111 295 121 265 117 152 276 142 121 139 116 263 135 181 134 120 178 131 226 ' ,'0 0 0 0 0 0 0 0 0 0 0 0 0 0 0 0 0 0 0 0 ' ,190 ,1 ,15, 0
