284 ,0, 197, '103 117 117 119 ' ,'0 0 0 0 ' ,34 ,3 ,4, 4
2622 ,224, 2597, '830 2513 1335 826 ' ,'0 0 0 0 ' ,1697 ,3 ,49, 6
963 ,2637, 932, '731 783 786 841 ' ,'0 0 0 0 ' ,121 ,2 ,61, 6
1009 ,1029, 994, '895 945 958 935 ' ,'0 0 0 0 ' ,68 ,2 ,21, 5
1104 ,1098, 1088, '876 915 929 904 ' ,'0 0 0 0 ' ,60 ,4 ,142, 5
1107 ,1120, 1091, '788 764 790 768 ' ,'0 0 0 0 ' ,36 ,3 ,276, 4
901 ,1128, 882, '778 835 758 724 ' ,'0 0 0 0 ' ,119 ,4 ,35, 4
1005 ,974, 991, '873 897 879 803 ' ,'0 0 0 0 ' ,96 ,4 ,82, 7
1034 ,1009, 1019, '984 940 926 957 ' ,'0 0 0 0 ' ,71 ,3 ,16, 7
1137 ,1060, 1121, '988 947 1064 978 ' ,'0 0 0 0 ' ,123 ,4 ,44, 4
1124 ,1233, 1084, '1058 1021 1009 1024 ' ,'0 0 0 0 ' ,50 ,3 ,15, 5
1063 ,1333, 1050, '955 985 1009 914 ' ,'0 0 0 0 ' ,104 ,6 ,26, 9
1176 ,1216, 1152, '892 975 1013 963 ' ,'0 0 0 0 ' ,126 ,2 ,129, 5
1032 ,1163, 973, '862 933 909 934 ' ,'0 0 0 0 ' ,77 ,1 ,32, 6
990 ,1061, 965, '912 882 878 897 ' ,'0 0 0 0 ' ,36 ,2 ,39, 5
955 ,974, 940, '850 902 862 904 ' ,'0 0 0 0 ' ,56 ,3 ,24, 7
1006 ,946, 993, '951 916 918 897 ' ,'0 0 0 0 ' ,72 ,2 ,17, 6
1079 ,997, 1061, '932 1016 915 966 ' ,'0 0 0 0 ' ,105 ,2 ,35, 4
1209 ,1065, 1193, '980 986 928 981 ' ,'0 0 0 0 ' ,71 ,1 ,167, 4
1078 ,1197, 1062, '1039 1014 867 969 ' ,'0 0 0 0 ' ,176 ,2 ,14, 6
1167 ,1171, 1150, '1098 1080 1057 1120 ' ,'0 0 0 0 ' ,66 ,1 ,22, 7
1100 ,1161, 1086, '1057 1019 1040 1045 ' ,'0 0 0 0 ' ,39 ,2 ,18, 8
1132 ,1117, 1119, '993 1042 1043 957 ' ,'0 0 0 0 ' ,104 ,2 ,16, 5
1085 ,1128, 1068, '989 1036 958 1029 ' ,'0 0 0 0 ' ,85 ,2 ,19, 7
1007 ,1079, 993, '927 945 916 964 ' ,'0 0 0 0 ' ,48 ,3 ,18, 7
976 ,1008, 960, '913 928 914 892 ' ,'0 0 0 0 ' ,39 ,3 ,21, 5
981 ,975, 965, '868 923 909 891 ' ,'0 0 0 0 ' ,59 ,2 ,33, 10
1023 ,981, 1010, '900 951 900 965 ' ,'0 0 0 0 ' ,63 ,2 ,30, 7
996 ,1014, 982, '932 927 922 943 ' ,'0 0 0 0 ' ,25 ,2 ,29, 6
1081 ,987, 1069, '1020 1008 968 965 ' ,'0 0 0 0 ' ,60 ,3 ,34, 5
1180 ,1073, 1165, '1004 1039 987 1113 ' ,'0 0 0 0 ' ,132 ,3 ,41, 5
1145 ,1184, 1129, '1004 1063 989 1060 ' ,'0 0 0 0 ' ,7 ,1 ,13, 6
1159 ,1152, 1144, '1064 1079 1063 1107 ' ,'0 0 0 0 ' ,47 ,1 ,29, 7
1090 ,1168, 1067, '1031 1042 1019 1013 ' ,'0 0 0 0 ' ,31 ,2 ,26, 10
1075 ,1087, 1061, '986 1001 925 938 ' ,'0 0 0 0 ' ,82 ,2 ,47, 4
1145 ,1065, 1120, '902 982 883 880 ' ,'0 0 0 0 ' ,108 ,2 ,127, 4
1050 ,1127, 1034, '887 961 870 887 ' ,'0 0 0 0 ' ,97 ,2 ,60, 4
997 ,1038, 983, '886 955 857 886 ' ,'0 0 0 0 ' ,102 ,2 ,16, 5
1079 ,1078, 1067, '944 972 949 933 ' ,'0 0 0 0 ' ,43 ,1 ,76, 8
1498 ,1071, 1472, '1024 851 970 1108 ' ,'0 0 0 0 ' ,262 ,1 ,337, 4
1229 ,1478, 1216, '1008 1008 945 1155 ' ,'0 0 0 0 ' ,229 ,0 ,31, 5
1092 ,1322, 1077, '904 877 920 920 ' ,'0 0 0 0 ' ,125 ,1 ,64, 5
1015 ,1081, 997, '923 906 944 849 ' ,'0 0 0 0 ' ,100 ,1 ,44, 4
990 ,1017, 976, '890 924 886 869 ' ,'0 0 0 0 ' ,60 ,1 ,41, 3
991 ,982, 975, '864 853 943 891 ' ,'0 0 0 0 ' ,92 ,2 ,22, 7
1015 ,989, 998, '937 895 887 973 ' ,'0 0 0 0 ' ,89 ,2 ,15, 5
1038 ,1007, 1024, '917 980 926 902 ' ,'0 0 0 0 ' ,84 ,2 ,30, 4
1152 ,1091, 1140, '942 945 1028 975 ' ,'0 0 0 0 ' ,87 ,2 ,100, 4
1175 ,1144, 1162, '970 1120 1025 982 ' ,'0 59322 0 0 ' ,156 ,2 ,29, 6
1254 ,1261, 1240, '1009 1007 1109 971 ' ,'0 0 0 0 ' ,143 ,2 ,119, 8
1104 ,1343, 1089, '940 910 996 934 ' ,'0 0 0 0 ' ,91 ,3 ,80, 5
998 ,1176, 985, '902 926 939 879 ' ,'0 0 0 0 ' ,64 ,2 ,35, 4
995 ,1038, 982, '940 950 945 922 ' ,'0 0 0 0 ' ,32 ,2 ,19, 7
1016 ,986, 996, '887 859 962 923 ' ,'0 0 0 0 ' ,109 ,2 ,22, 6
981 ,1006, 960, '914 885 929 920 ' ,'0 0 0 0 ' ,48 ,2 ,19, 5
993 ,976, 977, '877 933 945 901 ' ,'0 0 0 0 ' ,75 ,3 ,19, 6
1015 ,986, 990, '880 902 920 956 ' ,'0 0 0 0 ' ,80 ,2 ,22, 7
981 ,1007, 961, '901 918 937 917 ' ,'0 0 0 0 ' ,39 ,1 ,14, 4
1099 ,985, 1084, '995 947 970 981 ' ,'0 0 0 0 ' ,63 ,2 ,64, 4
1289 ,1133, 1188, '1070 1011 1113 1081 ' ,'0 0 0 0 ' ,107 ,1 ,66, 5
1170 ,1289, 1152, '1094 1025 1044 1101 ' ,'0 0 0 0 ' ,75 ,2 ,42, 7
1151 ,1181, 1130, '1069 988 1049 1059 ' ,'0 0 0 0 ' ,85 ,2 ,47, 5
1122 ,1181, 1107, '959 1020 980 1053 ' ,'0 0 0 0 ' ,99 ,2 ,42, 12
1097 ,1140, 1076, '904 974 962 1031 ' ,'0 0 0 0 ' ,132 ,2 ,31, 7
1029 ,1119, 1014, '925 912 968 943 ' ,'0 0 0 0 ' ,63 ,3 ,30, 8
1055 ,1037, 1042, '938 903 1001 986 ' ,'0 0 0 0 ' ,104 ,2 ,28, 6
1006 ,1052, 993, '934 900 958 915 ' ,'0 0 0 0 ' ,34 ,2 ,25, 7
1043 ,1000, 1030, '894 887 971 900 ' ,'0 0 0 0 ' ,89 ,2 ,44, 7
1069 ,1070, 1053, '943 908 1004 883 ' ,'0 0 0 0 ' ,127 ,2 ,36, 5
1027 ,1089, 1014, '967 921 947 972 ' ,'0 0 0 0 ' ,46 ,2 ,33, 5
1185 ,1018, 1172, '1040 1081 1115 1088 ' ,'0 0 0 0 ' ,72 ,2 ,43, 7
1138 ,1196, 1125, '976 1040 1088 1049 ' ,'0 0 0 0 ' ,117 ,2 ,22, 5
1139 ,1137, 1119, '954 988 1066 1007 ' ,'0 0 0 0 ' ,118 ,3 ,38, 6
1140 ,1166, 1127, '935 919 1037 918 ' ,'0 0 0 0 ' ,130 ,2 ,73, 5
1000 ,1132, 978, '947 911 949 906 ' ,'0 0 0 0 ' ,52 ,3 ,17, 4
1023 ,1045, 1009, '896 872 968 950 ' ,'0 0 0 0 ' ,101 ,2 ,28, 5
1103 ,1021, 1065, '883 936 979 1013 ' ,'0 0 0 0 ' ,132 ,2 ,41, 6
1292 ,1093, 1278, '1029 1073 1117 1034 ' ,'0 0 0 0 ' ,94 ,3 ,146, 6
1138 ,1283, 1125, '1064 1055 1081 1043 ' ,'0 0 0 0 ' ,45 ,2 ,26, 7
1109 ,1137, 1095, '1051 1031 989 1058 ' ,'0 0 0 0 ' ,72 ,2 ,25, 5
1240 ,1109, 1222, '1017 1010 1046 1024 ' ,'0 0 0 0 ' ,45 ,2 ,159, 5
1002 ,1236, 987, '887 954 958 912 ' ,'0 0 0 0 ' ,67 ,2 ,15, 4
1179 ,1071, 1164, '866 917 1012 869 ' ,'0 0 0 0 ' ,151 ,1 ,140, 4
1046 ,1169, 1027, '921 888 970 918 ' ,'0 0 0 0 ' ,87 ,2 ,30, 5
1097 ,1162, 1080, '1042 927 1011 937 ' ,'0 0 0 0 ' ,123 ,3 ,22, 6
1179 ,1091, 1149, '1041 1011 1036 1114 ' ,'0 0 0 0 ' ,106 ,3 ,21, 6
1075 ,1187, 1059, '932 1001 1020 986 ' ,'0 0 0 0 ' ,95 ,3 ,22, 6
979 ,1084, 965, '897 885 924 878 ' ,'0 0 0 0 ' ,50 ,2 ,24, 5
992 ,971, 980, '887 923 934 945 ' ,'0 0 0 0 ' ,59 ,2 ,22, 5
1016 ,1006, 992, '869 893 942 886 ' ,'0 0 0 0 ' ,82 ,6 ,30, 4
1054 ,1180, 1041, '912 913 970 992 ' ,'0 0 0 0 ' ,80 ,2 ,38, 5
1164 ,1046, 1145, '1101 930 1037 1004 ' ,'0 0 0 0 ' ,175 ,2 ,28, 8
1175 ,1204, 1162, '1025 1040 1119 1025 ' ,'0 0 0 0 ' ,99 ,2 ,26, 5
1182 ,1167, 1168, '1009 991 1133 1013 ' ,'0 0 0 0 ' ,148 ,2 ,16, 5
1022 ,1186, 1000, '929 913 917 922 ' ,'0 0 0 0 ' ,18 ,1 ,59, 5
1048 ,1023, 1025, '919 920 942 919 ' ,'0 0 0 0 ' ,24 ,2 ,65, 8
1015 ,1064, 1000, '941 928 945 925 ' ,'0 0 0 0 ' ,25 ,2 ,39, 8
1025 ,1005, 1008, '938 924 969 943 ' ,'0 0 0 0 ' ,50 ,2 ,24, 6
1084 ,1017, 1058, '926 1019 968 960 ' ,'0 0 0 0 ' ,98 ,2 ,25, 5
1097 ,1075, 1058, '1015 977 1024 1015 ' ,'0 0 0 0 ' ,51 ,1 ,20, 5
1112 ,1087, 1093, '1020 987 977 1026 ' ,'0 0 0 0 ' ,58 ,3 ,48, 7
1056 ,1097, 1040, '988 966 908 995 ' ,'0 0 0 0 ' ,89 ,2 ,33, 7
1035 ,1068, 1016, '921 956 903 931 ' ,'0 0 0 0 ' ,59 ,2 ,43, 4
1002 ,1023, 986, '904 911 936 926 ' ,'0 0 0 0 ' ,35 ,2 ,34, 6
1012 ,1016, 998, '911 961 898 959 ' ,'0 0 0 0 ' ,63 ,2 ,24, 7
1103 ,1012, 1089, '941 912 975 987 ' ,'0 0 0 0 ' ,85 ,3 ,80, 7
1074 ,1093, 1060, '952 950 1016 1025 ' ,'0 0 0 0 ' ,76 ,2 ,22, 6
1104 ,1083, 1091, '983 1024 990 1026 ' ,'0 0 0 0 ' ,50 ,2 ,47, 6
1060 ,1120, 1038, '991 974 901 1007 ' ,'0 0 0 0 ' ,110 ,2 ,18, 5
1007 ,1075, 993, '879 942 887 939 ' ,'0 0 0 0 ' ,71 ,1 ,35, 4
962 ,997, 948, '897 864 914 918 ' ,'0 0 0 0 ' ,59 ,1 ,11, 4
1080 ,1026, 1067, '862 935 928 919 ' ,'0 0 0 0 ' ,63 ,1 ,117, 7
1014 ,1077, 997, '905 952 927 899 ' ,'0 0 0 0 ' ,59 ,2 ,28, 4
1058 ,1009, 1045, '916 875 973 918 ' ,'0 0 0 0 ' ,106 ,2 ,49, 7
1139 ,1049, 1124, '1021 1046 1045 981 ' ,'0 0 0 0 ' ,75 ,2 ,55, 5
1165 ,1128, 1151, '987 1000 995 945 ' ,'0 0 0 0 ' ,63 ,2 ,131, 5
1175 ,1160, 1155, '956 995 1003 928 ' ,'0 0 0 0 ' ,81 ,2 ,135, 5
1062 ,1162, 1049, '950 886 887 876 ' ,'0 0 0 0 ' ,82 ,2 ,81, 4
998 ,1054, 974, '910 868 938 947 ' ,'0 0 0 0 ' ,83 ,2 ,15, 4
1045 ,1146, 1031, '974 940 926 988 ' ,'0 0 0 0 ' ,65 ,2 ,25, 6
1083 ,1335, 1062, '961 936 1019 960 ' ,'0 0 0 0 ' ,89 ,2 ,23, 6
1068 ,1068, 1054, '1016 1006 930 992 ' ,'0 0 0 0 ' ,97 ,3 ,15, 7
1107 ,1816, 1088, '948 1015 1044 933 ' ,'0 0 0 0 ' ,117 ,2 ,24, 6
1286 ,1103, 1272, '961 1028 1016 1040 ' ,'0 0 0 0 ' ,82 ,1 ,213, 5
1221 ,1277, 1209, '956 989 896 901 ' ,'0 0 0 0 ' ,100 ,4 ,202, 5
1158 ,1214, 1141, '848 952 905 887 ' ,'0 0 0 0 ' ,110 ,3 ,176, 6
1190 ,1150, 1173, '894 895 915 843 ' ,'0 0 0 0 ' ,79 ,3 ,240, 5
1150 ,1248, 1135, '1096 918 939 934 ' ,'0 0 0 0 ' ,184 ,2 ,21, 6
1146 ,1159, 1128, '1061 1028 1029 950 ' ,'0 0 0 0 ' ,118 ,2 ,45, 6
1673 ,1139, 1658, '938 984 1030 900 ' ,'0 0 0 0 ' ,137 ,3 ,610, 6
1380 ,1664, 1366, '945 997 907 950 ' ,'0 0 0 0 ' ,82 ,3 ,351, 6
1018 ,1371, 998, '826 955 862 910 ' ,'0 0 0 0 ' ,137 ,2 ,25, 6
1048 ,1010, 1036, '906 928 868 926 ' ,'0 0 0 0 ' ,65 ,1 ,67, 5
999 ,1040, 985, '866 872 931 929 ' ,'0 0 0 0 ' ,70 ,2 ,38, 4
974 ,999, 957, '884 899 915 922 ' ,'0 0 0 0 ' ,36 ,2 ,24, 5
964 ,969, 946, '905 907 888 862 ' ,'0 0 0 0 ' ,53 ,1 ,19, 5
931 ,959, 916, '858 872 873 846 ' ,'0 0 0 0 ' ,34 ,1 ,19, 6
970 ,926, 956, '910 876 877 871 ' ,'0 0 0 0 ' ,49 ,2 ,29, 4
952 ,974, 939, '900 899 887 890 ' ,'0 0 0 0 ' ,16 ,2 ,23, 6
988 ,947, 975, '936 890 933 901 ' ,'0 0 0 0 ' ,47 ,1 ,21, 5
1101 ,989, 1088, '994 920 969 1032 ' ,'0 0 0 0 ' ,114 ,2 ,42, 6
1142 ,1106, 1130, '998 1021 1024 1059 ' ,'0 0 0 0 ' ,63 ,2 ,50, 7
1132 ,1150, 1119, '1011 1080 905 989 ' ,'0 0 0 0 ' ,183 ,2 ,21, 6
1279 ,1156, 1264, '954 934 929 875 ' ,'0 0 0 0 ' ,86 ,2 ,286, 5
1027 ,1280, 1012, '848 961 921 903 ' ,'0 0 0 0 ' ,117 ,2 ,28, 5
1000 ,1017, 987, '868 940 918 867 ' ,'0 0 0 0 ' ,80 ,1 ,28, 4
1183 ,1005, 1170, '977 955 983 913 ' ,'0 0 0 0 ' ,73 ,2 ,156, 4
1412 ,1174, 1398, '998 993 1054 1014 ' ,'0 0 0 0 ' ,65 ,1 ,327, 5
1173 ,1403, 1160, '1032 1041 1105 1017 ' ,'0 0 0 0 ' ,96 ,2 ,36, 6
1112 ,1512, 1099, '1002 1002 1059 1000 ' ,'0 0 0 0 ' ,67 ,1 ,19, 6
1078 ,1474, 1066, '898 884 999 898 ' ,'0 0 0 0 ' ,115 ,2 ,45, 6
998 ,1071, 980, '907 868 914 917 ' ,'0 0 0 0 ' ,45 ,2 ,49, 5
1012 ,989, 999, '855 955 863 837 ' ,'0 0 0 0 ' ,125 ,1 ,16, 7
1045 ,1182, 1031, '841 957 919 889 ' ,'0 0 0 0 ' ,145 ,21 ,33, 4
1009 ,1036, 994, '861 921 947 903 ' ,'0 0 0 0 ' ,98 ,2 ,18, 5
1092 ,1026, 1075, '1037 941 1009 961 ' ,'0 0 0 0 ' ,98 ,2 ,20, 5
1127 ,1282, 1102, '1033 1003 1006 1026 ' ,'0 0 0 0 ' ,9 ,1 ,40, 9
1181 ,1147, 1166, '1041 1041 1061 1071 ' ,'0 0 0 0 ' ,84 ,2 ,29, 7
1288 ,1393, 1273, '1172 1047 1051 1096 ' ,'0 0 0 0 ' ,128 ,1 ,85, 7
1148 ,1301, 1135, '990 1060 960 1080 ' ,'0 0 0 0 ' ,95 ,2 ,40, 8
1114 ,1140, 1093, '976 975 946 1022 ' ,'0 0 0 0 ' ,75 ,1 ,46, 7
998 ,1100, 975, '851 816 922 873 ' ,'0 0 0 0 ' ,113 ,2 ,31, 4
1054 ,1214, 1042, '980 909 867 886 ' ,'0 0 0 0 ' ,118 ,2 ,43, 7
