498 ,0, 426, '97 54 95 45 45 80 51 85 78 119 43 45 155 108 88 89 ' ,'0 0 0 0 0 0 0 0 0 0 0 0 0 0 0 0 ' ,251 ,3 ,18, 17
1732 ,488, 1711, '819 1638 688 798 682 711 1688 636 812 619 695 1619 593 792 735 656 ' ,'0 0 0 0 0 0 0 0 0 0 0 0 0 0 0 0 ' ,1081 ,2 ,6, 6
668 ,1788, 614, '359 224 606 335 455 259 216 545 395 418 408 207 457 519 470 432 ' ,'0 0 0 0 0 0 0 0 0 0 0 0 0 0 0 0 ' ,362 ,2 ,2, 2
565 ,660, 467, '324 271 430 340 363 447 239 304 244 395 271 229 346 366 480 228 ' ,'0 0 0 0 0 0 0 0 0 0 0 0 0 0 0 0 ' ,299 ,4 ,3, 3
631 ,556, 603, '519 263 434 591 505 325 241 253 548 278 487 239 326 532 389 505 ' ,'0 0 0 0 0 0 0 0 0 0 0 0 0 0 0 0 ' ,353 ,2 ,4, 3
648 ,624, 626, '465 282 444 318 303 413 240 379 448 434 461 237 445 500 555 269 ' ,'0 0 0 0 0 0 0 0 0 0 0 0 0 0 0 0 ' ,374 ,3 ,2, 2
568 ,638, 542, '283 286 465 394 416 468 241 411 524 294 435 261 361 503 457 410 ' ,'0 0 0 0 0 0 0 0 0 0 0 0 0 0 0 0 ' ,245 ,3 ,2, 2
694 ,561, 668, '481 303 462 572 456 319 270 498 646 378 515 240 408 263 292 336 ' ,'0 0 0 0 0 0 0 0 0 0 0 0 0 0 0 0 ' ,399 ,4 ,3, 3
521 ,686, 477, '265 264 418 322 423 227 228 389 369 408 270 217 368 215 439 414 ' ,'0 0 0 0 0 0 0 0 0 0 0 0 0 0 0 0 ' ,227 ,2 ,2, 2
589 ,513, 557, '457 256 250 378 365 328 223 360 241 377 310 210 342 215 398 306 ' ,'0 0 0 0 0 0 0 0 0 0 0 0 0 0 0 0 ' ,266 ,4 ,1, 1
491 ,582, 457, '326 240 449 416 284 314 208 357 270 370 200 207 366 213 323 218 ' ,'0 0 0 0 0 0 0 0 0 0 0 0 0 0 0 0 ' ,255 ,4 ,1, 1
580 ,487, 551, '300 252 364 387 350 390 210 361 258 313 290 267 451 268 301 429 ' ,'0 0 0 0 0 0 0 0 0 0 0 0 0 0 0 0 ' ,258 ,55 ,3, 3
577 ,570, 495, '505 256 473 454 296 486 213 301 273 377 429 226 430 255 396 411 ' ,'0 0 0 0 0 0 0 0 0 0 0 0 0 0 0 0 ' ,316 ,7 ,1, 1
554 ,570, 525, '464 271 420 461 327 384 227 298 320 385 423 241 382 350 360 425 ' ,'0 0 0 0 0 0 0 0 0 0 0 0 0 0 0 0 ' ,260 ,2 ,2, 2
602 ,547, 576, '546 295 332 416 439 515 235 487 343 438 558 228 412 294 350 500 ' ,'0 0 0 0 0 0 0 0 0 0 0 0 0 0 0 0 ' ,315 ,2 ,1, 1
696 ,589, 527, '330 272 411 414 241 345 235 380 431 304 495 234 402 345 317 397 ' ,'0 0 0 0 0 0 0 0 0 0 0 0 0 0 0 0 ' ,282 ,1 ,1, 1
654 ,654, 586, '525 343 516 494 467 573 225 417 308 382 349 245 584 314 523 617 ' ,'0 0 0 0 0 0 0 0 0 0 0 0 0 0 0 0 ' ,375 ,2 ,2, 2
584 ,646, 559, '399 253 370 456 244 540 235 230 286 404 437 204 241 395 296 494 ' ,'0 0 0 0 0 0 0 0 0 0 0 0 0 0 0 0 ' ,328 ,2 ,3, 2
647 ,570, 606, '531 295 552 300 465 531 255 315 298 401 599 248 536 294 541 447 ' ,'0 0 0 0 0 0 0 0 0 0 0 0 0 0 0 0 ' ,315 ,1 ,2, 2
711 ,641, 630, '605 287 330 310 390 635 248 276 452 283 668 247 408 270 477 569 ' ,'0 0 0 0 0 0 0 0 0 0 0 0 0 0 0 0 ' ,422 ,1 ,1, 1
645 ,700, 608, '485 294 584 334 311 364 236 462 315 405 522 251 332 241 452 239 ' ,'0 0 0 0 0 0 0 0 0 0 0 0 0 0 0 0 ' ,372 ,1 ,3, 2
651 ,684, 626, '364 319 499 500 420 398 281 415 430 517 219 275 467 328 507 525 ' ,'0 0 0 0 0 0 0 0 0 0 0 0 0 0 0 0 ' ,379 ,73 ,3, 3
605 ,644, 581, '314 270 562 426 452 493 234 412 331 392 249 250 455 238 444 248 ' ,'0 0 0 0 0 0 0 0 0 0 0 0 0 0 0 0 ' ,319 ,1 ,1, 1
586 ,603, 557, '339 290 541 415 227 211 232 479 372 291 261 220 372 515 392 529 ' ,'0 0 0 0 0 0 0 0 0 0 0 0 0 0 0 0 ' ,320 ,2 ,3, 2
688 ,577, 661, '413 266 418 363 514 511 234 461 614 460 452 226 424 459 472 536 ' ,'0 0 0 0 0 0 0 0 0 0 0 0 0 0 0 0 ' ,337 ,2 ,8, 8
554 ,676, 538, '279 265 498 510 438 359 196 411 448 243 231 210 425 391 355 503 ' ,'0 0 0 0 0 0 0 0 0 0 0 0 0 0 0 0 ' ,292 ,1 ,2, 2
677 ,557, 638, '248 216 529 485 370 420 213 383 328 540 445 198 357 541 528 457 ' ,'0 0 0 0 0 0 0 0 0 0 0 0 0 0 0 0 ' ,425 ,20 ,1, 1
703 ,670, 629, '438 261 476 632 655 221 194 366 630 515 471 216 326 431 614 281 ' ,'0 0 0 0 0 0 0 0 0 0 0 0 0 0 0 0 ' ,169 ,1 ,1, 1
820 ,712, 670, '421 251 367 564 275 203 219 307 465 572 226 212 436 521 505 458 ' ,'0 0 0 0 0 0 0 0 0 0 0 0 0 0 0 0 ' ,507 ,1 ,1, 1
596 ,792, 561, '517 255 330 543 409 501 196 288 533 316 491 202 270 549 481 436 ' ,'0 0 0 0 0 0 0 0 0 0 0 0 0 0 0 0 ' ,327 ,1 ,2, 1
670 ,583, 603, '487 268 454 472 559 423 207 420 597 471 229 191 345 563 581 454 ' ,'0 0 0 0 0 0 0 0 0 0 0 0 0 0 0 0 ' ,422 ,1 ,2, 1
847 ,668, 810, '390 254 366 536 618 424 214 371 529 470 218 253 494 461 413 405 ' ,'0 0 0 0 0 0 0 0 0 0 0 0 0 0 0 0 ' ,415 ,1 ,1, 1
702 ,841, 647, '566 277 545 611 563 292 251 499 609 626 560 227 468 420 636 243 ' ,'0 0 0 0 0 0 0 0 0 0 0 0 0 0 0 0 ' ,406 ,1 ,2, 1
821 ,689, 785, '414 281 593 730 507 258 247 337 366 441 480 240 515 613 610 540 ' ,'0 0 0 0 0 0 0 0 0 0 0 0 0 0 0 0 ' ,512 ,1 ,2, 1
925 ,815, 876, '474 292 382 551 613 570 257 376 812 679 512 252 227 696 628 529 ' ,'0 0 0 0 0 0 0 0 0 0 0 0 0 0 0 0 ' ,622 ,1 ,1, 1
998 ,923, 928, '295 294 515 885 732 638 247 558 429 658 252 246 449 402 503 299 ' ,'0 0 0 0 0 0 0 0 0 0 0 0 0 0 0 0 ' ,627 ,1 ,2, 2
882 ,945, 838, '478 318 547 745 628 311 261 586 560 722 597 267 379 561 653 288 ' ,'0 0 0 0 0 0 0 0 0 0 0 0 0 0 0 0 ' ,537 ,0 ,16, 2
750 ,868, 729, '298 313 514 590 547 500 285 473 638 597 522 297 527 419 679 241 ' ,'0 0 0 0 0 0 0 0 0 0 0 0 0 0 0 0 ' ,419 ,1 ,1, 1
810 ,746, 788, '463 272 488 673 508 483 228 496 545 392 448 214 538 481 590 295 ' ,'0 0 0 0 0 0 0 0 0 0 0 0 0 0 0 0 ' ,551 ,2 ,1, 1
566 ,802, 514, '527 293 384 416 419 522 238 287 297 436 510 239 482 465 467 434 ' ,'0 0 0 0 0 0 0 0 0 0 0 0 0 0 0 0 ' ,251 ,2 ,2, 2
529 ,554, 516, '421 269 481 448 411 383 230 302 289 326 502 292 494 422 379 469 ' ,'0 0 0 0 0 0 0 0 0 0 0 0 0 0 0 0 ' ,261 ,1 ,2, 2
571 ,523, 535, '493 298 499 328 339 531 220 444 475 403 446 240 385 441 304 227 ' ,'0 0 0 0 0 0 0 0 0 0 0 0 0 0 0 0 ' ,282 ,1 ,2, 2
554 ,566, 533, '294 262 517 374 435 346 225 409 452 225 473 236 472 385 371 355 ' ,'0 0 0 0 0 0 0 0 0 0 0 0 0 0 0 0 ' ,298 ,3 ,1, 1
572 ,543, 551, '471 283 518 464 412 292 233 420 316 267 484 235 294 430 469 406 ' ,'0 0 0 0 0 0 0 0 0 0 0 0 0 0 0 0 ' ,298 ,2 ,3, 2
614 ,567, 582, '301 268 520 233 438 462 201 459 299 276 371 198 487 269 305 459 ' ,'0 0 0 0 0 0 0 0 0 0 0 0 0 0 0 0 ' ,335 ,2 ,1, 1
574 ,607, 553, '301 254 495 457 313 368 216 457 412 342 425 200 421 217 343 496 ' ,'0 0 0 0 0 0 0 0 0 0 0 0 0 0 0 0 ' ,313 ,2 ,3, 3
578 ,566, 549, '530 249 358 321 306 235 213 353 393 410 273 192 324 413 344 227 ' ,'0 0 0 0 0 0 0 0 0 0 0 0 0 0 0 0 ' ,313 ,2 ,2, 2
537 ,571, 512, '291 226 456 283 405 458 211 398 297 436 433 197 350 234 424 411 ' ,'0 0 0 0 0 0 0 0 0 0 0 0 0 0 0 0 ' ,297 ,2 ,2, 2
569 ,528, 550, '448 267 519 512 511 393 244 398 439 363 301 210 406 507 431 432 ' ,'0 0 0 0 0 0 0 0 0 0 0 0 0 0 0 0 ' ,254 ,1 ,2, 2
569 ,562, 548, '521 263 532 461 376 312 229 321 358 317 443 208 469 442 377 339 ' ,'0 0 0 0 0 0 0 0 0 0 0 0 0 0 0 0 ' ,295 ,1 ,2, 1
573 ,568, 540, '487 303 515 395 396 450 238 415 336 426 425 254 311 309 420 222 ' ,'0 0 0 0 0 0 0 0 0 0 0 0 0 0 0 0 ' ,291 ,2 ,2, 2
678 ,562, 661, '517 279 493 608 362 523 237 620 493 313 235 230 355 394 582 468 ' ,'0 0 0 0 0 0 0 0 0 0 0 0 0 0 0 0 ' ,384 ,1 ,1, 1
597 ,671, 572, '444 293 520 549 389 411 250 309 337 446 509 248 371 416 541 498 ' ,'0 0 0 0 0 0 0 0 0 0 0 0 0 0 0 0 ' ,299 ,2 ,2, 2
680 ,591, 629, '421 269 539 524 386 322 230 514 456 259 541 261 524 376 453 644 ' ,'0 0 0 0 0 0 0 0 0 0 0 0 0 0 0 0 ' ,380 ,1 ,1, 1
618 ,674, 597, '422 272 443 524 466 567 242 443 460 502 511 233 421 548 371 496 ' ,'0 0 0 0 0 0 0 0 0 0 0 0 0 0 0 0 ' ,322 ,2 ,1, 1
660 ,607, 616, '618 310 552 363 543 413 256 482 401 523 326 270 488 435 453 307 ' ,'0 0 0 0 0 0 0 0 0 0 0 0 0 0 0 0 ' ,373 ,2 ,2, 2
743 ,656, 682, '486 322 620 476 474 428 258 564 403 364 542 248 618 334 508 390 ' ,'0 0 0 0 0 0 0 0 0 0 0 0 0 0 0 0 ' ,335 ,2 ,1, 1
669 ,727, 635, '528 293 580 540 318 249 256 254 604 416 457 253 523 543 539 417 ' ,'0 0 0 0 0 0 0 0 0 0 0 0 0 0 0 0 ' ,356 ,1 ,3, 2
681 ,662, 658, '592 292 654 594 357 483 255 431 562 567 402 250 492 466 482 301 ' ,'0 0 0 0 0 0 0 0 0 0 0 0 0 0 0 0 ' ,395 ,2 ,2, 2
558 ,684, 542, '522 314 455 475 329 406 253 405 350 445 499 256 418 522 427 341 ' ,'0 0 0 0 0 0 0 0 0 0 0 0 0 0 0 0 ' ,228 ,1 ,1, 1
598 ,552, 583, '285 231 500 434 293 248 252 404 422 470 485 246 475 256 482 518 ' ,'0 0 0 0 0 0 0 0 0 0 0 0 0 0 0 0 ' ,321 ,1 ,1, 1
587 ,594, 544, '534 305 519 507 356 239 274 390 337 438 471 247 331 410 382 330 ' ,'0 0 0 0 0 0 0 0 0 0 0 0 0 0 0 0 ' ,154 ,2 ,2, 2
541 ,580, 525, '474 289 471 406 298 235 242 438 483 442 225 228 395 443 266 265 ' ,'0 0 0 0 0 0 0 0 0 0 0 0 0 0 0 0 ' ,240 ,2 ,2, 2
550 ,533, 509, '502 284 389 397 351 432 232 293 350 400 346 262 428 444 433 237 ' ,'0 0 0 0 0 0 0 0 0 0 0 0 0 0 0 0 ' ,256 ,2 ,2, 2
523 ,534, 504, '386 273 450 352 380 454 222 330 443 382 386 218 296 359 375 478 ' ,'0 0 0 0 0 0 0 0 0 0 0 0 0 0 0 0 ' ,252 ,1 ,2, 2
582 ,514, 561, '542 273 445 404 411 386 247 387 426 342 383 216 224 380 354 252 ' ,'0 0 0 0 0 0 0 0 0 0 0 0 0 0 0 0 ' ,307 ,1 ,1, 1
532 ,574, 509, '489 279 446 500 340 430 241 407 217 426 408 255 437 453 354 207 ' ,'0 0 0 0 0 0 0 0 0 0 0 0 0 0 0 0 ' ,290 ,2 ,2, 2
508 ,525, 491, '328 279 439 461 374 256 219 313 263 286 370 250 371 440 406 243 ' ,'0 0 0 0 0 0 0 0 0 0 0 0 0 0 0 0 ' ,234 ,2 ,2, 1
567 ,502, 545, '350 260 479 445 450 444 219 325 232 412 506 209 428 258 362 240 ' ,'0 0 0 0 0 0 0 0 0 0 0 0 0 0 0 0 ' ,321 ,1 ,1, 1
533 ,560, 519, '502 260 404 268 299 468 243 288 355 442 437 233 342 236 440 347 ' ,'0 0 0 0 0 0 0 0 0 0 0 0 0 0 0 0 ' ,264 ,1 ,2, 1
695 ,527, 670, '596 288 459 435 436 526 222 492 485 322 285 245 516 343 352 554 ' ,'0 0 0 0 0 0 0 0 0 0 0 0 0 0 0 0 ' ,265 ,2 ,3, 2
537 ,691, 504, '439 314 468 500 487 263 277 475 364 408 475 290 369 375 438 476 ' ,'0 0 0 0 0 0 0 0 0 0 0 0 0 0 0 0 ' ,209 ,1 ,2, 2
651 ,530, 634, '327 271 550 465 442 545 247 425 454 518 260 260 481 396 491 618 ' ,'0 0 0 0 0 0 0 0 0 0 0 0 0 0 0 0 ' ,371 ,1 ,2, 2
584 ,642, 553, '305 299 489 542 446 349 270 499 391 474 431 248 401 269 483 491 ' ,'0 0 0 0 0 0 0 0 0 0 0 0 0 0 0 0 ' ,278 ,1 ,1, 1
559 ,576, 519, '496 259 346 350 400 425 246 351 468 297 345 243 403 432 453 474 ' ,'0 0 0 0 0 0 0 0 0 0 0 0 0 0 0 0 ' ,261 ,2 ,1, 1
551 ,537, 518, '474 305 420 379 445 417 268 403 428 413 406 250 332 388 364 223 ' ,'0 0 0 0 0 0 0 0 0 0 0 0 0 0 0 0 ' ,267 ,3 ,2, 2
479 ,538, 463, '433 359 347 366 379 358 297 407 410 352 395 293 370 277 223 326 ' ,'0 0 0 0 0 0 0 0 0 0 0 0 0 0 0 0 ' ,162 ,2 ,3, 2
504 ,477, 447, '428 273 323 437 438 330 208 366 208 412 449 202 423 245 349 265 ' ,'0 0 0 0 0 0 0 0 0 0 0 0 0 0 0 0 ' ,237 ,1 ,2, 2
564 ,496, 521, '499 263 436 302 286 380 194 311 322 416 252 219 443 436 357 206 ' ,'0 0 0 0 0 0 0 0 0 0 0 0 0 0 0 0 ' ,284 ,1 ,1, 1
542 ,596, 506, '490 266 368 468 350 426 204 373 291 402 382 205 350 359 345 324 ' ,'0 0 0 0 0 0 0 0 0 0 0 0 0 0 0 0 ' ,277 ,1 ,2, 1
520 ,535, 465, '483 278 417 424 407 235 221 390 299 393 224 221 336 258 425 447 ' ,'0 0 0 0 0 0 0 0 0 0 0 0 0 0 0 0 ' ,261 ,2 ,4, 4
490 ,512, 465, '262 323 452 405 391 410 258 436 241 396 337 261 434 366 440 441 ' ,'0 0 0 0 0 0 0 0 0 0 0 0 0 0 0 0 ' ,183 ,1 ,2, 1
571 ,484, 528, '282 260 424 464 281 261 224 406 328 217 362 211 400 412 275 445 ' ,'0 0 0 0 0 0 0 0 0 0 0 0 0 0 0 0 ' ,293 ,2 ,1, 1
560 ,550, 492, '527 276 514 419 428 418 229 395 286 280 439 212 429 278 432 419 ' ,'0 0 0 0 0 0 0 0 0 0 0 0 0 0 0 0 ' ,251 ,3 ,2, 2
583 ,554, 539, '526 283 331 354 417 469 240 353 491 325 357 220 422 490 425 472 ' ,'0 0 0 0 0 0 0 0 0 0 0 0 0 0 0 0 ' ,243 ,2 ,1, 1
596 ,571, 569, '532 290 524 503 523 399 224 382 260 462 444 236 483 273 507 241 ' ,'0 0 0 0 0 0 0 0 0 0 0 0 0 0 0 0 ' ,310 ,7 ,1, 1
598 ,588, 535, '531 324 500 433 491 544 260 483 343 484 275 227 366 307 448 466 ' ,'0 0 0 0 0 0 0 0 0 0 0 0 0 0 0 0 ' ,307 ,2 ,1, 1
584 ,589, 556, '542 292 421 549 376 481 265 461 395 423 453 271 344 500 449 463 ' ,'0 0 0 0 0 0 0 0 0 0 0 0 0 0 0 0 ' ,271 ,3 ,1, 1
595 ,574, 577, '564 279 537 336 437 514 262 363 403 452 458 258 531 492 383 266 ' ,'0 0 0 0 0 0 0 0 0 0 0 0 0 0 0 0 ' ,301 ,3 ,2, 2
588 ,586, 571, '487 287 443 471 412 539 257 396 445 450 556 238 295 395 324 485 ' ,'0 0 0 0 0 0 0 0 0 0 0 0 0 0 0 0 ' ,290 ,2 ,2, 2
620 ,579, 598, '258 273 451 441 446 472 240 417 320 532 410 242 367 373 393 468 ' ,'0 0 0 0 0 0 0 0 0 0 0 0 0 0 0 0 ' ,325 ,2 ,1, 1
549 ,611, 525, '250 295 473 287 402 452 237 460 403 340 282 243 439 418 438 420 ' ,'0 0 0 0 0 0 0 0 0 0 0 0 0 0 0 0 ' ,270 ,3 ,3, 1
501 ,541, 427, '328 263 370 399 396 454 224 345 337 244 370 210 352 335 423 271 ' ,'0 0 0 0 0 0 0 0 0 0 0 0 0 0 0 0 ' ,225 ,2 ,1, 1
516 ,496, 477, '370 244 462 464 375 413 207 298 300 324 234 203 438 360 395 342 ' ,'0 0 0 0 0 0 0 0 0 0 0 0 0 0 0 0 ' ,248 ,1 ,1, 1
592 ,509, 571, '512 228 453 272 369 543 210 354 382 372 360 229 392 423 369 379 ' ,'0 0 0 0 0 0 0 0 0 0 0 0 0 0 0 0 ' ,329 ,2 ,1, 1
525 ,583, 505, '473 263 445 389 343 257 223 332 312 385 423 250 337 414 353 204 ' ,'0 0 0 0 0 0 0 0 0 0 0 0 0 0 0 0 ' ,250 ,1 ,1, 1
523 ,517, 486, '270 290 478 441 381 402 226 471 388 369 421 263 444 273 388 368 ' ,'0 0 0 0 0 0 0 0 0 0 0 0 0 0 0 0 ' ,257 ,3 ,2, 2
527 ,512, 493, '264 265 399 400 389 234 227 418 305 379 429 223 477 379 358 423 ' ,'0 0 0 0 0 0 0 0 0 0 0 0 0 0 0 0 ' ,238 ,3 ,2, 1
574 ,518, 556, '302 268 364 445 389 400 226 422 286 355 490 210 420 402 233 500 ' ,'0 0 0 0 0 0 0 0 0 0 0 0 0 0 0 0 ' ,329 ,3 ,2, 2
568 ,569, 540, '508 279 358 362 480 475 237 441 302 460 403 203 266 460 341 441 ' ,'0 0 0 0 0 0 0 0 0 0 0 0 0 0 0 0 ' ,286 ,3 ,1, 1
621 ,560, 592, '347 272 535 491 238 477 247 465 447 343 209 222 398 343 378 239 ' ,'0 0 0 0 0 0 0 0 0 0 0 0 0 0 0 0 ' ,336 ,3 ,7, 6
549 ,614, 525, '462 285 363 510 383 463 271 468 442 423 410 279 513 408 255 493 ' ,'0 0 0 0 0 0 0 0 0 0 0 0 0 0 0 0 ' ,197 ,2 ,2, 2
591 ,541, 567, '501 315 547 485 318 456 272 290 429 322 363 263 455 341 443 466 ' ,'0 0 0 0 0 0 0 0 0 0 0 0 0 0 0 0 ' ,272 ,2 ,3, 2
649 ,585, 592, '521 309 497 469 315 533 261 403 595 553 489 259 455 328 474 280 ' ,'0 0 0 0 0 0 0 0 0 0 0 0 0 0 0 0 ' ,310 ,1 ,1, 1
626 ,635, 610, '590 267 575 476 393 541 269 445 499 525 548 271 376 487 479 527 ' ,'0 0 0 0 0 0 0 0 0 0 0 0 0 0 0 0 ' ,301 ,3 ,6, 5
634 ,618, 607, '591 323 503 327 452 294 274 543 432 504 428 269 501 416 360 276 ' ,'0 0 0 0 0 0 0 0 0 0 0 0 0 0 0 0 ' ,318 ,2 ,1, 1
577 ,626, 549, '507 301 526 523 443 349 248 466 481 294 446 257 479 358 407 398 ' ,'0 0 0 0 0 0 0 0 0 0 0 0 0 0 0 0 ' ,257 ,3 ,3, 2
618 ,563, 604, '561 316 565 419 358 257 286 502 353 406 359 225 385 438 356 383 ' ,'0 0 0 0 0 0 0 0 0 0 0 0 0 0 0 0 ' ,324 ,3 ,1, 1
713 ,610, 655, '409 328 539 632 249 286 268 465 298 390 408 240 351 639 399 507 ' ,'0 0 0 0 0 0 0 0 0 0 0 0 0 0 0 0 ' ,368 ,2 ,3, 2
595 ,705, 572, '480 271 316 307 395 448 238 466 443 491 561 251 406 351 460 465 ' ,'0 0 0 0 0 0 0 0 0 0 0 0 0 0 0 0 ' ,290 ,1 ,2, 2
856 ,613, 646, '503 282 522 405 316 528 244 485 309 209 316 239 392 338 345 322 ' ,'0 0 0 0 0 0 0 0 0 0 0 0 0 0 0 0 ' ,574 ,276 ,2, 2
509 ,846, 495, '323 431 398 442 438 262 344 379 316 353 450 357 454 323 455 426 ' ,'0 0 0 0 0 0 0 0 0 0 0 0 0 0 0 0 ' ,193 ,2 ,5, 5
491 ,500, 451, '263 262 434 329 368 441 231 346 287 399 285 214 303 303 402 398 ' ,'0 0 0 0 0 0 0 0 0 0 0 0 0 0 0 0 ' ,223 ,2 ,2, 2
605 ,483, 524, '351 275 502 322 458 492 232 369 359 456 205 218 445 373 388 230 ' ,'0 0 0 0 0 0 0 0 0 0 0 0 0 0 0 0 ' ,354 ,1 ,1, 1
585 ,604, 477, '471 273 434 457 394 543 269 218 375 383 309 210 331 281 349 469 ' ,'0 0 0 0 0 0 0 0 0 0 0 0 0 0 0 0 ' ,281 ,1 ,1, 1
534 ,572, 516, '426 286 469 409 388 231 222 383 412 343 292 232 363 399 487 339 ' ,'0 0 0 0 0 0 0 0 0 0 0 0 0 0 0 0 ' ,284 ,2 ,1, 1
550 ,532, 522, '294 386 400 399 455 437 346 506 301 305 498 374 446 404 438 397 ' ,'0 0 0 0 0 0 0 0 0 0 0 0 0 0 0 0 ' ,203 ,1 ,1, 1
517 ,543, 477, '451 270 411 264 386 219 220 336 265 393 206 244 413 398 290 457 ' ,'0 0 0 0 0 0 0 0 0 0 0 0 0 0 0 0 ' ,233 ,2 ,9, 9
520 ,510, 499, '323 257 441 410 385 383 232 408 434 364 397 205 374 358 404 427 ' ,'0 0 0 0 0 0 0 0 0 0 0 0 0 0 0 0 ' ,244 ,3 ,3, 2
543 ,513, 493, '390 277 446 445 351 500 230 427 315 341 477 241 305 429 428 347 ' ,'0 0 0 0 0 0 0 0 0 0 0 0 0 0 0 0 ' ,271 ,3 ,1, 1
622 ,533, 564, '286 285 546 487 480 439 240 408 384 313 245 258 454 245 405 413 ' ,'0 0 0 0 0 0 0 0 0 0 0 0 0 0 0 0 ' ,305 ,3 ,2, 1
585 ,586, 546, '543 347 506 490 415 416 305 401 256 406 233 300 419 535 451 404 ' ,'0 0 0 0 0 0 0 0 0 0 0 0 0 0 0 0 ' ,249 ,2 ,1, 1
642 ,577, 592, '595 309 385 422 376 423 262 425 313 457 256 277 487 323 401 507 ' ,'0 0 0 0 0 0 0 0 0 0 0 0 0 0 0 0 ' ,315 ,3 ,3, 2
647 ,651, 482, '527 274 493 520 448 266 264 483 455 391 426 259 394 454 479 347 ' ,'0 0 0 0 0 0 0 0 0 0 0 0 0 0 0 0 ' ,295 ,2 ,2, 2
579 ,643, 543, '488 298 467 514 517 490 264 411 407 418 516 258 337 474 345 534 ' ,'0 0 0 0 0 0 0 0 0 0 0 0 0 0 0 0 ' ,249 ,2 ,2, 2
621 ,573, 576, '320 282 517 539 497 542 247 444 501 352 490 245 373 579 451 248 ' ,'0 0 0 0 0 0 0 0 0 0 0 0 0 0 0 0 ' ,330 ,3 ,1, 1
621 ,609, 601, '289 327 527 444 455 522 246 531 410 458 367 272 490 397 445 413 ' ,'0 0 0 0 0 0 0 0 0 0 0 0 0 0 0 0 ' ,332 ,2 ,4, 4
556 ,612, 541, '517 265 488 463 275 235 244 465 476 409 347 234 390 347 420 480 ' ,'0 0 0 0 0 0 0 0 0 0 0 0 0 0 0 0 ' ,247 ,1 ,1, 1
559 ,547, 456, '449 285 508 423 326 481 226 254 388 385 380 240 387 475 366 471 ' ,'0 0 0 0 0 0 0 0 0 0 0 0 0 0 0 0 ' ,273 ,1 ,5, 5
622 ,549, 555, '471 243 444 397 433 396 248 447 392 230 503 233 405 330 387 472 ' ,'0 0 0 0 0 0 0 0 0 0 0 0 0 0 0 0 ' ,298 ,2 ,3, 2
544 ,589, 516, '270 263 460 308 222 219 227 449 357 287 239 240 476 352 264 441 ' ,'0 0 0 0 0 0 0 0 0 0 0 0 0 0 0 0 ' ,272 ,1 ,1, 1
509 ,536, 481, '457 305 465 297 340 417 272 444 360 411 422 281 326 322 430 237 ' ,'0 0 0 0 0 0 0 0 0 0 0 0 0 0 0 0 ' ,222 ,1 ,1, 1
510 ,501, 466, '428 269 463 373 370 338 199 377 422 376 219 224 438 323 399 416 ' ,'0 0 0 0 0 0 0 0 0 0 0 0 0 0 0 0 ' ,268 ,2 ,2, 2
550 ,502, 508, '509 261 463 470 237 260 215 320 406 293 361 225 413 299 346 434 ' ,'0 0 0 0 0 0 0 0 0 0 0 0 0 0 0 0 ' ,204 ,2 ,2, 2
556 ,543, 534, '471 275 433 518 260 415 223 217 417 485 521 206 228 406 486 481 ' ,'0 0 0 0 0 0 0 0 0 0 0 0 0 0 0 0 ' ,305 ,2 ,2, 1
547 ,549, 524, '491 301 428 465 292 512 240 453 487 350 470 240 283 455 458 273 ' ,'0 0 0 0 0 0 0 0 0 0 0 0 0 0 0 0 ' ,268 ,1 ,2, 1
557 ,540, 536, '508 309 468 511 454 341 223 427 345 502 469 270 474 464 345 526 ' ,'0 0 0 0 0 0 0 0 0 0 0 0 0 0 0 0 ' ,305 ,2 ,2, 2
631 ,550, 605, '597 299 399 544 378 592 260 535 559 490 240 233 520 466 313 258 ' ,'0 0 0 0 0 0 0 0 0 0 0 0 0 0 0 0 ' ,178 ,1 ,3, 2
623 ,622, 595, '585 308 480 385 287 309 249 414 451 478 272 263 425 366 395 589 ' ,'0 0 0 0 0 0 0 0 0 0 0 0 0 0 0 0 ' ,301 ,3 ,2, 2
629 ,618, 608, '407 302 587 457 505 595 252 570 258 386 566 242 439 379 479 419 ' ,'0 0 0 0 0 0 0 0 0 0 0 0 0 0 0 0 ' ,320 ,2 ,2, 2
582 ,686, 558, '381 302 469 551 389 414 266 479 436 435 428 252 474 416 318 494 ' ,'0 0 0 0 0 0 0 0 0 0 0 0 0 0 0 0 ' ,271 ,2 ,2, 1
591 ,576, 555, '542 343 458 405 279 428 299 362 541 460 476 302 425 355 455 249 ' ,'0 0 0 0 0 0 0 0 0 0 0 0 0 0 0 0 ' ,235 ,3 ,4, 4
656 ,583, 636, '520 298 459 329 392 516 253 456 359 245 251 232 438 435 368 436 ' ,'0 0 0 0 0 0 0 0 0 0 0 0 0 0 0 0 ' ,300 ,4 ,2, 2
704 ,646, 684, '492 268 449 341 371 344 216 657 299 252 461 210 395 519 448 279 ' ,'0 0 0 0 0 0 0 0 0 0 0 0 0 0 0 0 ' ,415 ,2 ,12, 11
618 ,695, 597, '507 244 478 452 420 483 235 460 360 381 388 249 261 294 351 430 ' ,'0 0 0 0 0 0 0 0 0 0 0 0 0 0 0 0 ' ,253 ,2 ,86, 2
530 ,696, 479, '261 248 396 438 461 430 226 449 437 333 280 228 339 392 288 399 ' ,'0 0 0 0 0 0 0 0 0 0 0 0 0 0 0 0 ' ,203 ,2 ,2, 1
606 ,520, 589, '285 338 360 400 213 496 281 425 269 411 479 286 396 276 371 531 ' ,'0 0 0 0 0 0 0 0 0 0 0 0 0 0 0 0 ' ,305 ,1 ,1, 1
568 ,598, 547, '394 267 510 411 448 484 249 308 500 232 227 244 426 441 411 254 ' ,'0 0 0 0 0 0 0 0 0 0 0 0 0 0 0 0 ' ,290 ,2 ,1, 1
557 ,560, 517, '324 261 493 374 278 417 227 380 349 495 371 226 448 451 467 306 ' ,'0 0 0 0 0 0 0 0 0 0 0 0 0 0 0 0 ' ,161 ,3 ,2, 1
588 ,552, 557, '529 246 533 430 350 544 242 454 425 392 520 222 410 503 484 265 ' ,'0 0 0 0 0 0 0 0 0 0 0 0 0 0 0 0 ' ,271 ,2 ,2, 1
606 ,580, 584, '489 286 523 513 417 245 246 356 409 306 502 259 460 385 234 231 ' ,'0 0 0 0 0 0 0 0 0 0 0 0 0 0 0 0 ' ,298 ,2 ,2, 2
629 ,599, 593, '597 456 385 296 411 248 413 463 454 458 447 422 419 263 556 226 ' ,'0 0 0 0 0 0 0 0 0 0 0 0 0 0 0 0 ' ,342 ,1 ,2, 2
635 ,623, 618, '600 306 548 436 533 437 239 518 454 437 435 249 533 602 568 573 ' ,'0 0 0 0 0 0 0 0 0 0 0 0 0 0 0 0 ' ,351 ,2 ,3, 2
625 ,627, 594, '586 314 528 462 517 408 278 445 427 435 332 247 294 491 474 535 ' ,'0 0 0 0 0 0 0 0 0 0 0 0 0 0 0 0 ' ,290 ,1 ,2, 2
591 ,616, 556, '500 316 520 504 479 487 256 472 279 450 534 233 463 323 256 367 ' ,'0 0 0 0 0 0 0 0 0 0 0 0 0 0 0 0 ' ,290 ,1 ,2, 2
577 ,704, 561, '522 277 510 503 340 253 246 416 446 233 474 251 432 476 405 475 ' ,'0 0 0 0 0 0 0 0 0 0 0 0 0 0 0 0 ' ,293 ,1 ,9, 1
645 ,569, 626, '377 262 456 423 438 478 248 282 488 397 221 255 385 495 442 382 ' ,'0 0 0 0 0 0 0 0 0 0 0 0 0 0 0 0 ' ,261 ,2 ,2, 2
509 ,637, 486, '281 272 459 435 276 407 223 403 391 290 215 242 388 373 386 244 ' ,'0 0 0 0 0 0 0 0 0 0 0 0 0 0 0 0 ' ,250 ,3 ,1, 1
576 ,503, 551, '477 270 494 456 358 330 214 449 373 368 267 204 415 417 417 382 ' ,'0 0 0 0 0 0 0 0 0 0 0 0 0 0 0 0 ' ,313 ,2 ,2, 1
633 ,568, 577, '574 285 506 268 528 447 217 254 301 503 523 229 434 492 465 429 ' ,'0 0 0 0 0 0 0 0 0 0 0 0 0 0 0 0 ' ,338 ,2 ,2, 1
581 ,625, 510, '346 280 425 488 334 452 224 467 255 396 240 225 488 500 517 219 ' ,'0 0 0 0 0 0 0 0 0 0 0 0 0 0 0 0 ' ,317 ,3 ,1, 1
548 ,567, 515, '390 311 467 450 376 485 255 474 303 404 231 269 376 282 279 222 ' ,'0 0 0 0 0 0 0 0 0 0 0 0 0 0 0 0 ' ,269 ,2 ,1, 1
587 ,540, 566, '450 279 522 424 413 337 232 517 372 447 229 239 389 238 218 315 ' ,'0 0 0 0 0 0 0 0 0 0 0 0 0 0 0 0 ' ,294 ,2 ,2, 1
580 ,579, 547, '496 324 454 466 329 255 248 501 506 410 464 226 516 384 447 540 ' ,'0 0 0 0 0 0 0 0 0 0 0 0 0 0 0 0 ' ,285 ,2 ,2, 2
628 ,573, 603, '529 277 526 488 452 491 233 280 387 449 513 254 329 431 416 587 ' ,'0 0 0 0 0 0 0 0 0 0 0 0 0 0 0 0 ' ,342 ,2 ,2, 1
708 ,616, 693, '459 304 611 547 506 319 238 377 427 456 557 262 498 272 327 604 ' ,'0 0 0 0 0 0 0 0 0 0 0 0 0 0 0 0 ' ,378 ,3 ,1, 1
600 ,701, 573, '309 340 518 501 515 515 274 517 543 451 328 272 502 401 405 511 ' ,'0 0 0 0 0 0 0 0 0 0 0 0 0 0 0 0 ' ,260 ,2 ,2, 2
629 ,592, 589, '507 312 499 494 520 312 256 474 577 445 265 256 526 477 427 498 ' ,'0 0 0 0 0 0 0 0 0 0 0 0 0 0 0 0 ' ,311 ,2 ,1, 1
593 ,619, 565, '345 296 479 517 502 512 258 491 409 412 273 227 551 525 514 542 ' ,'0 0 0 0 0 0 0 0 0 0 0 0 0 0 0 0 ' ,313 ,2 ,3, 2
589 ,586, 573, '549 286 454 355 497 439 251 337 458 447 517 240 401 328 293 506 ' ,'0 0 0 0 0 0 0 0 0 0 0 0 0 0 0 0 ' ,308 ,2 ,13, 12
557 ,581, 535, '252 286 447 340 424 402 222 451 431 307 470 239 370 456 522 476 ' ,'0 0 0 0 0 0 0 0 0 0 0 0 0 0 0 0 ' ,274 ,2 ,2, 1
544 ,549, 514, '344 321 430 344 471 229 280 438 296 398 408 261 475 395 378 281 ' ,'0 0 0 0 0 0 0 0 0 0 0 0 0 0 0 0 ' ,263 ,3 ,4, 4
554 ,535, 533, '373 247 508 522 457 357 209 419 420 254 216 231 435 354 358 225 ' ,'0 0 0 0 0 0 0 0 0 0 0 0 0 0 0 0 ' ,272 ,2 ,2, 1
623 ,547, 603, '475 266 467 418 411 328 231 514 534 355 414 230 390 588 459 474 ' ,'0 0 0 0 0 0 0 0 0 0 0 0 0 0 0 0 ' ,305 ,2 ,2, 2
615 ,614, 575, '406 298 412 389 562 502 220 437 425 375 489 235 341 406 426 551 ' ,'0 0 0 0 0 0 0 0 0 0 0 0 0 0 0 0 ' ,343 ,2 ,1, 1
580 ,621, 505, '379 275 434 386 385 500 219 462 480 307 477 251 449 535 455 478 ' ,'0 0 0 0 0 0 0 0 0 0 0 0 0 0 0 0 ' ,286 ,2 ,2, 1
670 ,571, 581, '287 380 529 373 570 499 286 469 229 534 411 315 438 344 327 500 ' ,'0 0 0 0 0 0 0 0 0 0 0 0 0 0 0 0 ' ,388 ,1 ,2, 1
584 ,661, 556, '321 277 495 457 412 242 225 448 408 518 432 244 374 282 431 426 ' ,'0 0 0 0 0 0 0 0 0 0 0 0 0 0 0 0 ' ,313 ,3 ,1, 1
655 ,577, 577, '300 277 477 561 471 500 233 474 363 498 413 251 371 269 550 272 ' ,'0 0 0 0 0 0 0 0 0 0 0 0 0 0 0 0 ' ,326 ,3 ,2, 2
590 ,603, 554, '564 305 487 483 536 530 248 395 520 406 478 246 331 239 398 360 ' ,'0 0 0 0 0 0 0 0 0 0 0 0 0 0 0 0 ' ,316 ,1 ,3, 2
753 ,581, 733, '344 309 526 657 552 305 246 326 489 242 264 261 488 342 457 689 ' ,'0 0 0 0 0 0 0 0 0 0 0 0 0 0 0 0 ' ,439 ,2 ,2, 2
637 ,746, 613, '535 356 483 519 480 279 280 485 469 311 400 316 577 394 348 293 ' ,'0 0 0 0 0 0 0 0 0 0 0 0 0 0 0 0 ' ,308 ,3 ,2, 2
609 ,629, 590, '449 376 554 411 542 347 252 472 447 473 344 257 447 267 427 291 ' ,'0 0 0 0 0 0 0 0 0 0 0 0 0 0 0 0 ' ,314 ,2 ,2, 2
630 ,600, 565, '515 289 469 334 353 315 240 447 437 362 410 224 473 399 509 481 ' ,'0 0 0 0 0 0 0 0 0 0 0 0 0 0 0 0 ' ,286 ,1 ,2, 2
571 ,621, 554, '429 333 323 516 459 532 248 228 414 274 497 226 290 437 409 414 ' ,'0 0 0 0 0 0 0 0 0 0 0 0 0 0 0 0 ' ,309 ,2 ,3, 3
515 ,563, 500, '410 273 466 470 380 470 258 272 409 279 448 240 350 404 343 392 ' ,'0 0 0 0 0 0 0 0 0 0 0 0 0 0 0 0 ' ,216 ,2 ,3, 2
552 ,505, 526, '318 416 502 287 385 449 335 384 350 287 263 370 466 370 449 437 ' ,'0 0 0 0 0 0 0 0 0 0 0 0 0 0 0 0 ' ,237 ,3 ,1, 1
578 ,542, 559, '461 236 483 289 298 289 219 470 363 278 420 200 300 246 311 507 ' ,'0 0 0 0 0 0 0 0 0 0 0 0 0 0 0 0 ' ,320 ,2 ,1, 1
545 ,571, 524, '498 254 427 428 348 284 228 435 444 422 358 225 436 275 347 300 ' ,'0 0 0 0 0 0 0 0 0 0 0 0 0 0 0 0 ' ,250 ,3 ,2, 2
555 ,760, 535, '447 255 350 385 433 365 230 308 467 375 522 240 225 265 353 477 ' ,'0 0 0 0 0 0 0 0 0 0 0 0 0 0 0 0 ' ,294 ,2 ,2, 2
546 ,622, 528, '420 244 477 371 368 386 216 425 229 422 219 216 304 333 434 287 ' ,'0 0 0 0 0 0 0 0 0 0 0 0 0 0 0 0 ' ,287 ,5 ,2, 2
572 ,536, 517, '490 303 377 453 424 344 272 425 293 473 314 271 444 296 405 384 ' ,'0 0 0 0 0 0 0 0 0 0 0 0 0 0 0 0 ' ,220 ,2 ,1, 1
607 ,524, 590, '382 294 431 431 287 501 233 470 450 394 526 244 540 444 437 550 ' ,'0 0 0 0 0 0 0 0 0 0 0 0 0 0 0 0 ' ,298 ,2 ,1, 1
592 ,598, 546, '531 268 504 518 388 418 247 441 376 458 243 254 424 241 446 398 ' ,'0 0 0 0 0 0 0 0 0 0 0 0 0 0 0 0 ' ,284 ,2 ,1, 1
592 ,616, 555, '545 280 413 412 411 507 250 346 394 499 534 274 237 246 436 505 ' ,'0 0 0 0 0 0 0 0 0 0 0 0 0 0 0 0 ' ,300 ,1 ,1, 1
621 ,583, 599, '587 298 532 494 277 297 212 487 466 459 541 259 453 536 454 353 ' ,'0 0 0 0 0 0 0 0 0 0 0 0 0 0 0 0 ' ,338 ,2 ,2, 1
661 ,613, 637, '532 301 476 432 416 573 248 502 472 425 582 267 483 351 307 341 ' ,'0 0 0 0 0 0 0 0 0 0 0 0 0 0 0 0 ' ,303 ,2 ,2, 2
545 ,653, 513, '277 282 470 332 467 449 240 475 430 376 316 268 479 362 407 257 ' ,'0 0 0 0 0 0 0 0 0 0 0 0 0 0 0 0 ' ,184 ,2 ,2, 2
589 ,537, 558, '543 291 422 367 459 284 234 491 345 397 534 240 430 346 433 238 ' ,'0 0 0 0 0 0 0 0 0 0 0 0 0 0 0 0 ' ,284 ,2 ,2, 2
542 ,593, 522, '437 284 433 463 503 509 207 407 256 387 473 231 301 484 427 507 ' ,'0 0 0 0 0 0 0 0 0 0 0 0 0 0 0 0 ' ,299 ,1 ,2, 1
491 ,534, 444, '301 302 417 416 421 305 218 388 413 271 372 214 382 377 373 461 ' ,'0 0 0 0 0 0 0 0 0 0 0 0 0 0 0 0 ' ,241 ,3 ,2, 1
604 ,484, 573, '442 255 474 374 378 242 241 283 373 405 196 241 259 473 481 466 ' ,'0 0 0 0 0 0 0 0 0 0 0 0 0 0 0 0 ' ,340 ,1 ,3, 1
562 ,599, 511, '510 270 434 391 464 461 221 461 304 358 434 230 372 467 420 246 ' ,'0 0 0 0 0 0 0 0 0 0 0 0 0 0 0 0 ' ,261 ,3 ,18, 18
519 ,558, 463, '369 253 337 483 426 301 224 419 398 364 439 214 440 371 321 404 ' ,'0 0 0 0 0 0 0 0 0 0 0 0 0 0 0 0 ' ,245 ,2 ,1, 1
575 ,507, 555, '531 265 438 462 526 466 226 390 433 267 434 227 357 367 324 455 ' ,'0 0 0 0 0 0 0 0 0 0 0 0 0 0 0 0 ' ,257 ,3 ,2, 1
562 ,567, 540, '416 288 381 365 435 364 232 400 455 358 433 242 366 448 461 419 ' ,'0 0 0 0 0 0 0 0 0 0 0 0 0 0 0 0 ' ,251 ,2 ,2, 1
601 ,556, 568, '548 291 402 404 513 379 287 359 438 237 265 237 416 281 407 439 ' ,'0 0 0 0 0 0 0 0 0 0 0 0 0 0 0 0 ' ,284 ,3 ,2, 1
550 ,589, 530, '399 280 458 510 457 450 218 427 486 352 344 233 453 345 450 348 ' ,'0 0 0 0 0 0 0 0 0 0 0 0 0 0 0 0 ' ,252 ,1 ,1, 1
650 ,543, 622, '436 282 575 560 247 475 272 489 475 403 261 258 535 295 473 548 ' ,'0 0 0 0 0 0 0 0 0 0 0 0 0 0 0 0 ' ,346 ,2 ,2, 1
617 ,643, 587, '580 278 473 521 306 512 262 436 555 517 517 261 398 454 488 363 ' ,'0 0 0 0 0 0 0 0 0 0 0 0 0 0 0 0 ' ,289 ,1 ,2, 2
665 ,609, 644, '627 302 390 320 452 263 275 442 565 406 590 240 430 280 474 266 ' ,'0 0 0 0 0 0 0 0 0 0 0 0 0 0 0 0 ' ,389 ,3 ,2, 1
622 ,654, 593, '509 293 558 471 551 556 313 535 455 475 296 231 511 437 533 498 ' ,'0 0 0 0 0 0 0 0 0 0 0 0 0 0 0 0 ' ,298 ,2 ,3, 2
594 ,614, 557, '542 263 498 524 453 256 236 423 394 455 277 218 495 270 423 454 ' ,'0 0 0 0 0 0 0 0 0 0 0 0 0 0 0 0 ' ,321 ,2 ,1, 1
715 ,581, 684, '534 274 432 676 502 504 242 419 272 496 244 241 423 307 413 251 ' ,'0 0 0 0 0 0 0 0 0 0 0 0 0 0 0 0 ' ,438 ,5 ,2, 2
576 ,706, 553, '539 271 450 429 369 398 207 242 312 345 421 226 237 298 381 417 ' ,'0 0 0 0 0 0 0 0 0 0 0 0 0 0 0 0 ' ,315 ,2 ,2, 2
550 ,566, 525, '503 234 360 459 370 463 217 333 331 228 273 231 386 313 377 453 ' ,'0 0 0 0 0 0 0 0 0 0 0 0 0 0 0 0 ' ,275 ,5 ,3, 2
552 ,535, 505, '500 264 495 475 383 422 208 392 461 476 239 230 309 232 491 329 ' ,'0 0 0 0 0 0 0 0 0 0 0 0 0 0 0 0 ' ,278 ,2 ,2, 1
521 ,543, 501, '342 256 460 400 277 457 215 469 458 408 246 222 383 354 416 348 ' ,'0 0 0 0 0 0 0 0 0 0 0 0 0 0 0 0 ' ,251 ,3 ,2, 1
584 ,514, 565, '496 277 462 452 362 456 204 340 384 409 225 222 345 409 375 220 ' ,'0 0 0 0 0 0 0 0 0 0 0 0 0 0 0 0 ' ,311 ,6 ,2, 1
572 ,580, 557, '431 269 401 277 507 504 229 429 444 451 299 229 392 392 478 536 ' ,'0 0 0 0 0 0 0 0 0 0 0 0 0 0 0 0 ' ,302 ,2 ,2, 1
585 ,564, 556, '303 279 502 304 398 505 250 384 371 391 440 216 453 406 398 485 ' ,'0 0 0 0 0 0 0 0 0 0 0 0 0 0 0 0 ' ,272 ,2 ,2, 2
566 ,562, 540, '515 324 467 412 434 460 256 403 485 399 331 258 449 531 459 347 ' ,'0 0 0 0 0 0 0 0 0 0 0 0 0 0 0 0 ' ,244 ,2 ,1, 1
635 ,560, 584, '551 311 561 381 508 362 253 517 385 358 407 260 402 530 538 380 ' ,'0 0 0 0 0 0 0 0 0 0 0 0 0 0 0 0 ' ,323 ,3 ,3, 2
680 ,628, 660, '557 321 563 642 389 484 245 552 585 485 250 276 370 327 524 268 ' ,'0 0 0 0 0 0 0 0 0 0 0 0 0 0 0 0 ' ,391 ,1 ,2, 1
711 ,674, 678, '586 304 415 528 415 493 252 243 519 493 497 227 449 408 659 354 ' ,'0 0 0 0 0 0 0 0 0 0 0 0 0 0 0 0 ' ,431 ,2 ,3, 2
591 ,702, 569, '507 321 429 544 456 269 266 415 522 321 333 295 514 405 491 493 ' ,'0 0 0 0 0 0 0 0 0 0 0 0 0 0 0 0 ' ,277 ,2 ,2, 1
855 ,585, 804, '419 261 456 401 549 243 285 461 465 487 360 274 584 491 536 816 ' ,'0 0 0 0 0 0 0 0 0 0 0 0 0 0 0 0 ' ,547 ,2 ,3, 2
599 ,844, 559, '342 307 459 480 394 485 289 470 406 477 553 231 428 452 389 525 ' ,'0 0 0 0 0 0 0 0 0 0 0 0 0 0 0 0 ' ,277 ,2 ,1, 1
838 ,591, 816, '316 285 504 380 462 473 250 441 415 514 491 202 492 779 477 263 ' ,'0 0 0 0 0 0 0 0 0 0 0 0 0 0 0 0 ' ,530 ,2 ,1, 1
600 ,836, 574, '558 289 348 408 479 498 221 422 475 453 535 229 323 430 420 508 ' ,'0 0 0 0 0 0 0 0 0 0 0 0 0 0 0 0 ' ,302 ,2 ,3, 2
517 ,588, 482, '262 280 423 421 379 277 237 396 449 426 463 231 432 242 447 372 ' ,'0 0 0 0 0 0 0 0 0 0 0 0 0 0 0 0 ' ,205 ,2 ,1, 1
531 ,502, 499, '474 271 455 393 279 289 191 378 470 445 402 229 320 405 329 468 ' ,'0 0 0 0 0 0 0 0 0 0 0 0 0 0 0 0 ' ,179 ,2 ,1, 1
605 ,526, 584, '425 236 525 464 430 294 212 362 336 403 278 243 321 235 418 444 ' ,'0 0 0 0 0 0 0 0 0 0 0 0 0 0 0 0 ' ,332 ,2 ,5, 5
534 ,597, 503, '287 265 489 418 407 225 232 370 349 233 458 250 436 374 274 417 ' ,'0 0 0 0 0 0 0 0 0 0 0 0 0 0 0 0 ' ,196 ,2 ,3, 1
606 ,523, 587, '548 266 493 432 317 474 230 419 285 448 363 226 322 416 411 459 ' ,'0 0 0 0 0 0 0 0 0 0 0 0 0 0 0 0 ' ,280 ,2 ,21, 1
740 ,597, 712, '359 315 354 700 503 460 236 512 418 337 470 253 397 690 579 467 ' ,'0 0 0 0 0 0 0 0 0 0 0 0 0 209670 0 0 ' ,411 ,2 ,3, 2
602 ,730, 564, '480 296 545 435 473 439 269 498 251 401 292 271 463 414 346 450 ' ,'0 0 0 0 0 0 0 0 0 0 0 0 0 0 0 0 ' ,293 ,3 ,2, 2
618 ,595, 595, '488 322 517 523 480 260 320 467 430 357 232 240 456 501 428 496 ' ,'0 0 0 0 0 0 0 0 0 0 0 0 0 0 0 0 ' ,297 ,3 ,2, 2
605 ,612, 584, '571 272 457 366 435 467 285 470 494 502 507 270 412 345 453 392 ' ,'0 0 0 0 0 0 0 0 0 0 0 0 0 0 0 0 ' ,292 ,2 ,2, 1
570 ,596, 529, '490 271 374 474 345 480 255 411 451 501 520 242 428 496 361 495 ' ,'0 0 0 0 0 0 0 0 0 0 0 0 0 0 0 0 ' ,152 ,2 ,2, 2
600 ,555, 581, '304 274 440 460 395 248 252 429 335 359 374 235 471 413 431 518 ' ,'0 0 0 0 0 0 0 0 0 0 0 0 0 0 0 0 ' ,271 ,2 ,2, 1
559 ,591, 529, '507 265 512 486 299 415 217 459 429 399 471 239 430 381 401 363 ' ,'0 0 0 0 0 0 0 0 0 0 0 0 0 0 0 0 ' ,267 ,2 ,2, 2
520 ,556, 458, '277 278 432 418 395 470 213 391 275 371 261 215 402 273 356 436 ' ,'0 0 0 0 0 0 0 0 0 0 0 0 0 0 0 0 ' ,238 ,2 ,2, 1
569 ,505, 524, '338 258 431 403 230 453 212 407 388 376 365 239 471 476 358 472 ' ,'0 0 0 0 0 0 0 0 0 0 0 0 0 0 0 0 ' ,257 ,8 ,2, 1
604 ,552, 589, '390 245 564 530 452 270 232 471 453 453 340 254 495 360 391 437 ' ,'0 0 0 0 0 0 0 0 0 0 0 0 0 0 0 0 ' ,301 ,2 ,2, 1
582 ,597, 534, '444 248 481 548 443 413 213 360 313 501 233 200 440 287 371 241 ' ,'0 0 0 0 0 0 0 0 0 0 0 0 0 0 0 0 ' ,306 ,1 ,2, 2
606 ,573, 581, '399 267 525 498 335 413 214 450 209 381 294 212 300 330 507 427 ' ,'0 0 0 0 0 0 0 0 0 0 0 0 0 0 0 0 ' ,333 ,2 ,6, 6
526 ,637, 509, '266 246 457 375 429 324 203 409 369 318 411 231 489 370 435 465 ' ,'0 0 0 0 0 0 0 0 0 0 0 0 0 0 0 0 ' ,286 ,2 ,2, 2
509 ,517, 487, '264 257 415 386 285 420 217 331 362 291 425 213 417 359 322 472 ' ,'0 0 0 0 0 0 0 0 0 0 0 0 0 0 0 0 ' ,242 ,3 ,2, 1
564 ,503, 541, '309 233 529 456 376 235 246 457 330 401 277 237 491 320 345 495 ' ,'0 0 0 0 0 0 0 0 0 0 0 0 0 0 0 0 ' ,241 ,2 ,1, 1
537 ,556, 512, '452 261 492 344 212 451 235 358 345 421 344 213 405 389 436 307 ' ,'0 0 0 0 0 0 0 0 0 0 0 0 0 0 0 0 ' ,224 ,2 ,3, 2
563 ,525, 516, '454 264 363 500 413 420 220 444 394 393 418 219 315 279 337 351 ' ,'0 0 0 0 0 0 0 0 0 0 0 0 0 0 0 0 ' ,237 ,3 ,2, 1
668 ,546, 621, '310 228 397 453 430 215 226 322 359 288 488 212 457 375 465 244 ' ,'0 0 0 0 0 0 0 0 0 0 0 0 0 0 0 0 ' ,371 ,2 ,2, 1
588 ,661, 565, '338 261 467 447 283 210 224 370 314 340 487 184 424 374 379 210 ' ,'0 0 0 0 0 0 0 0 0 0 0 0 0 0 0 0 ' ,359 ,2 ,1, 1
727 ,587, 710, '313 285 676 531 378 426 251 582 402 436 386 238 581 377 376 374 ' ,'0 0 0 0 0 0 0 0 0 0 0 0 0 0 0 0 ' ,420 ,2 ,2, 2
608 ,718, 584, '424 280 499 526 462 392 210 512 361 376 244 231 491 354 418 456 ' ,'0 0 0 0 0 0 0 0 0 0 0 0 0 0 0 0 ' ,339 ,1 ,2, 1
845 ,740, 813, '766 304 763 559 528 498 278 508 424 471 529 321 515 292 368 456 ' ,'0 0 216784 0 0 0 0 0 0 0 0 0 0 0 0 0 ' ,514 ,3 ,2, 2
660 ,878, 606, '315 284 482 417 491 428 279 495 324 440 408 242 513 429 473 535 ' ,'0 0 0 0 0 0 0 0 0 0 0 0 0 0 0 0 ' ,374 ,2 ,2, 2
582 ,647, 559, '545 285 459 473 445 533 253 401 417 408 236 265 511 388 254 413 ' ,'0 0 0 0 0 0 0 0 0 0 0 0 0 0 0 0 ' ,235 ,1 ,2, 2
648 ,579, 615, '352 260 600 411 273 265 211 506 472 421 301 273 526 387 502 577 ' ,'0 0 0 0 0 0 0 0 0 0 0 0 0 0 0 0 ' ,385 ,1 ,1, 1
536 ,634, 517, '487 255 490 325 453 438 211 321 326 447 241 273 461 431 481 486 ' ,'0 0 0 0 0 0 0 0 0 0 0 0 0 0 0 0 ' ,265 ,1 ,2, 2
559 ,526, 511, '316 284 415 445 454 306 226 379 411 227 303 234 425 438 434 506 ' ,'0 0 0 0 0 0 0 0 0 0 0 0 0 0 0 0 ' ,239 ,2 ,1, 1
565 ,551, 522, '266 274 468 454 455 412 250 349 247 412 494 277 308 354 491 449 ' ,'0 249031 0 0 0 0 0 0 0 0 0 0 0 0 0 0 ' ,251 ,2 ,2, 2
557 ,556, 526, '443 247 325 305 459 503 232 467 389 310 221 233 483 378 421 453 ' ,'0 0 0 0 0 0 0 0 0 0 0 0 0 0 0 0 ' ,276 ,2 ,2, 1
619 ,550, 585, '351 260 375 480 277 569 223 409 404 406 482 230 407 341 403 356 ' ,'0 0 0 0 0 0 0 0 0 0 0 0 0 0 0 0 ' ,291 ,2 ,2, 2
577 ,614, 561, '264 263 415 491 473 367 241 414 216 394 203 227 355 351 459 425 ' ,'0 0 0 0 0 0 0 0 0 0 0 0 0 0 0 0 ' ,329 ,3 ,1, 1
582 ,573, 553, '292 269 474 532 391 463 221 356 422 277 432 259 420 429 404 442 ' ,'0 0 0 0 0 0 0 0 0 0 0 126368 0 0 0 0 ' ,317 ,2 ,2, 2
544 ,568, 529, '505 276 351 476 479 416 254 446 376 418 300 270 466 402 473 393 ' ,'0 0 0 0 0 0 0 0 0 0 0 0 0 0 0 0 ' ,254 ,2 ,2, 1
616 ,536, 578, '560 287 438 371 458 332 264 445 476 470 458 238 468 276 381 328 ' ,'0 0 0 0 0 0 0 0 0 0 0 0 0 0 0 0 ' ,315 ,3 ,1, 1
690 ,594, 675, '656 289 597 387 552 641 266 423 481 443 447 246 514 406 507 568 ' ,'0 0 0 0 0 0 0 0 0 0 0 0 0 0 0 0 ' ,415 ,2 ,3, 2
645 ,682, 631, '527 306 395 426 388 506 288 558 478 414 425 259 362 438 481 250 ' ,'0 0 0 0 0 0 0 0 0 0 0 0 0 0 0 0 ' ,345 ,2 ,3, 2
623 ,635, 605, '585 291 463 322 534 330 263 409 484 301 488 281 472 435 389 323 ' ,'0 0 0 0 0 0 0 0 0 0 0 0 0 0 0 0 ' ,276 ,2 ,3, 3
627 ,617, 607, '575 310 478 538 434 496 274 551 403 438 455 313 450 334 448 323 ' ,'0 0 0 0 0 0 0 0 0 0 0 0 0 0 0 0 ' ,298 ,3 ,2, 1
665 ,811, 611, '393 272 510 401 586 434 243 415 355 353 480 258 461 360 545 275 ' ,'0 0 0 0 0 0 0 0 0 0 0 0 0 0 0 0 ' ,355 ,2 ,2, 2
605 ,658, 574, '470 287 482 416 534 559 232 519 525 394 467 256 562 530 494 278 ' ,'0 0 0 0 0 0 0 0 0 0 0 0 0 0 0 0 ' ,153 ,2 ,1, 1
568 ,599, 542, '525 299 471 472 443 300 230 454 513 455 396 251 425 427 348 264 ' ,'0 0 0 0 0 0 0 0 0 0 0 0 0 0 0 0 ' ,222 ,2 ,2, 2
719 ,562, 696, '467 255 466 468 671 445 270 330 476 386 329 222 492 253 475 220 ' ,'0 0 0 0 364138 0 0 0 0 0 0 0 0 0 0 0 ' ,413 ,1 ,1, 1
612 ,711, 560, '441 277 483 253 316 501 238 518 381 356 235 239 545 358 397 526 ' ,'0 0 0 0 0 0 0 0 0 0 0 0 0 0 0 0 ' ,307 ,3 ,1, 1
532 ,605, 497, '249 252 377 380 328 229 233 439 399 339 417 241 413 373 330 482 ' ,'0 0 0 0 0 0 0 0 0 0 0 0 0 0 0 0 ' ,251 ,2 ,2, 2
875 ,643, 818, '683 268 564 304 393 282 209 393 407 452 522 240 803 282 405 598 ' ,'0 0 0 0 0 0 0 0 0 0 0 0 0 0 0 0 ' ,551 ,3 ,2, 1
544 ,838, 518, '412 257 471 372 392 225 229 413 446 289 343 205 425 370 213 348 ' ,'0 0 0 0 0 0 0 0 0 0 0 0 0 0 0 0 ' ,304 ,4 ,2, 2
588 ,538, 562, '310 236 447 528 337 221 216 413 532 360 225 230 420 486 434 446 ' ,'0 0 0 0 0 0 0 0 0 0 0 0 0 0 0 0 ' ,198 ,2 ,2, 1
844 ,583, 735, '320 267 345 786 723 429 316 411 256 561 474 236 384 440 308 380 ' ,'0 0 0 0 0 0 0 0 0 0 0 0 0 0 0 0 ' ,515 ,2 ,1, 1
825 ,848, 769, '415 298 427 642 725 338 247 390 571 684 504 240 462 214 685 511 ' ,'0 0 0 0 0 0 0 0 0 0 0 0 0 0 0 0 ' ,500 ,2 ,2, 1
878 ,960, 788, '525 309 579 724 754 339 281 492 747 682 241 276 486 702 342 427 ' ,'0 0 0 0 0 0 0 0 0 0 0 0 0 0 0 0 ' ,526 ,2 ,5, 5
922 ,951, 897, '511 297 546 871 429 505 207 526 705 554 454 244 259 764 399 230 ' ,'0 0 0 0 0 0 0 0 0 0 0 0 0 0 0 0 ' ,668 ,2 ,2, 1
806 ,912, 728, '417 284 527 555 718 494 257 476 727 650 510 223 503 474 492 407 ' ,'0 0 0 0 0 0 0 0 0 0 0 0 0 0 0 0 ' ,396 ,2 ,1, 1
800 ,794, 762, '385 363 484 617 720 381 264 475 332 703 364 328 478 746 473 238 ' ,'0 0 0 0 0 0 0 0 0 0 0 0 0 0 0 0 ' ,406 ,2 ,2, 2
773 ,795, 743, '557 344 539 552 532 317 261 508 621 664 540 279 472 456 637 274 ' ,'0 0 0 0 0 0 0 0 0 0 0 0 0 0 0 0 ' ,440 ,2 ,2, 1
896 ,767, 823, '577 324 585 839 657 550 287 541 560 666 356 264 480 713 655 306 ' ,'0 0 0 0 0 0 0 0 0 0 0 0 0 0 0 0 ' ,484 ,2 ,2, 2
826 ,876, 792, '560 325 416 746 693 529 266 342 649 496 250 279 518 726 494 543 ' ,'0 0 0 0 0 0 0 0 0 0 0 0 0 0 0 0 ' ,431 ,2 ,2, 2
899 ,815, 871, '527 316 570 814 683 264 246 422 679 442 425 263 471 712 437 488 ' ,'0 0 0 0 0 0 0 0 0 0 0 0 0 0 0 0 ' ,497 ,2 ,2, 2
728 ,883, 679, '434 380 434 656 655 409 337 414 410 558 497 370 445 514 652 470 ' ,'0 0 0 0 0 0 0 0 0 0 0 0 0 0 0 0 ' ,285 ,2 ,2, 2
847 ,708, 774, '508 282 571 603 554 253 310 372 649 390 435 267 522 673 553 289 ' ,'0 0 0 0 0 0 0 0 0 0 0 0 0 0 0 0 ' ,441 ,2 ,1, 1
687 ,798, 665, '481 256 504 622 462 244 201 405 637 452 270 250 423 477 554 341 ' ,'0 0 0 0 0 0 0 0 0 0 0 0 0 0 0 0 ' ,426 ,2 ,1, 1
503 ,680, 469, '465 238 292 403 420 372 219 267 278 303 420 222 309 416 389 415 ' ,'0 0 0 0 0 0 0 0 0 0 0 0 0 0 0 0 ' ,239 ,3 ,6, 5
538 ,492, 519, '356 250 445 505 414 451 204 461 244 383 424 214 357 306 413 313 ' ,'0 0 0 0 0 0 0 0 0 0 0 0 0 0 0 0 ' ,294 ,3 ,2, 1
586 ,633, 516, '298 281 501 429 355 247 215 320 434 437 245 239 447 247 321 455 ' ,'0 0 0 0 0 0 0 0 0 0 0 0 0 0 0 0 ' ,291 ,3 ,10, 10
513 ,575, 491, '481 264 442 330 448 199 245 317 439 484 363 268 439 317 413 208 ' ,'0 0 0 0 0 0 0 0 0 0 0 0 0 0 0 0 ' ,268 ,2 ,1, 1
