651 ,0, 555, '26 23 22 360 386 36 21 27 356 460 59 19 ' ,'0 0 0 0 0 0 0 0 0 0 0 0 ' ,443 ,4 ,25, 25
399 ,615, 373, '321 172 341 226 354 331 208 346 302 239 284 211 ' ,'0 0 0 0 0 0 0 0 0 0 0 0 ' ,173 ,0 ,1, 1
156 ,388, 127, '108 86 62 82 101 75 74 85 45 46 64 43 ' ,'0 0 0 0 0 0 0 0 0 0 0 0 ' ,73 ,1 ,2, 1
154 ,143, 128, '99 80 110 87 98 113 69 94 104 55 46 44 ' ,'0 0 0 0 0 0 0 0 0 0 0 0 ' ,47 ,0 ,3, 3
213 ,802, 191, '82 93 119 184 90 139 95 120 45 43 78 48 ' ,'0 0 0 0 0 0 0 0 0 0 0 0 ' ,64 ,0 ,3, 2
193 ,202, 175, '76 84 87 98 86 138 64 76 43 83 37 45 ' ,'0 0 0 0 0 0 0 0 0 0 0 0 ' ,99 ,1 ,3, 2
174 ,183, 145, '130 95 90 128 77 98 87 123 49 45 48 41 ' ,'0 0 0 0 0 0 0 0 0 0 0 0 ' ,83 ,1 ,2, 1
166 ,168, 118, '84 74 96 87 84 101 83 79 45 50 29 46 ' ,'0 0 0 0 0 0 0 0 0 0 0 0 ' ,73 ,1 ,1, 1
174 ,145, 152, '86 87 93 80 89 137 93 99 37 56 43 49 ' ,'0 0 0 0 0 0 0 0 0 0 0 0 ' ,101 ,2 ,2, 2
168 ,164, 146, '140 84 86 75 68 83 86 99 43 41 50 45 ' ,'0 0 0 0 0 0 0 0 0 0 0 0 ' ,102 ,3 ,1, 1
184 ,158, 165, '122 74 114 80 150 110 73 121 45 117 42 39 ' ,'0 0 0 0 0 0 0 0 0 0 0 0 ' ,119 ,2 ,1, 1
133 ,175, 113, '81 84 79 72 71 97 78 96 45 41 31 44 ' ,'0 0 0 0 0 0 0 0 0 0 0 0 ' ,73 ,1 ,2, 1
150 ,123, 129, '101 77 115 95 79 105 78 72 39 38 57 46 ' ,'0 0 0 0 0 0 0 0 0 0 0 0 ' ,71 ,3 ,1, 1
152 ,138, 132, '118 82 82 81 78 107 75 119 42 49 58 39 ' ,'0 0 0 0 0 0 0 0 0 0 0 0 ' ,86 ,2 ,2, 1
204 ,145, 183, '114 97 86 91 95 124 119 116 43 61 111 91 ' ,'0 0 0 0 0 0 0 0 0 0 0 0 ' ,113 ,1 ,0, 0
274 ,195, 197, '160 120 144 111 138 182 85 166 41 83 111 47 ' ,'0 0 0 0 0 0 0 0 0 0 0 0 ' ,143 ,2 ,1, 1
303 ,267, 253, '159 121 245 187 193 155 93 159 142 98 97 82 ' ,'0 0 0 0 0 0 0 0 0 0 0 0 ' ,152 ,1 ,1, 1
153 ,286, 130, '83 77 95 81 85 103 88 117 45 43 54 39 ' ,'0 0 0 0 0 0 0 0 0 0 0 0 ' ,85 ,1 ,1, 1
197 ,144, 181, '87 93 144 91 85 158 79 84 90 47 59 44 ' ,'0 0 0 0 0 0 0 0 0 0 0 0 ' ,127 ,2 ,1, 1
204 ,190, 163, '124 93 103 122 92 85 89 128 62 45 103 44 ' ,'0 0 0 0 0 0 0 0 0 0 0 0 ' ,105 ,1 ,1, 1
193 ,173, 167, '86 89 123 86 82 136 88 150 48 89 53 47 ' ,'0 0 0 0 0 0 0 0 0 0 0 0 ' ,109 ,2 ,1, 1
189 ,187, 158, '122 73 69 92 87 105 75 138 84 42 57 34 ' ,'0 0 0 0 0 0 0 0 0 0 0 0 ' ,75 ,1 ,0, 0
175 ,180, 150, '84 85 84 72 103 128 84 111 78 56 65 45 ' ,'0 0 0 0 0 0 0 0 0 0 0 0 ' ,100 ,1 ,0, 0
225 ,165, 190, '96 87 103 104 80 96 87 127 47 58 45 42 ' ,'0 0 0 0 0 0 0 0 0 0 0 0 ' ,142 ,1 ,1, 1
170 ,218, 151, '144 90 106 103 91 130 81 87 88 74 40 39 ' ,'0 0 0 0 0 0 0 0 0 0 0 0 ' ,95 ,2 ,0, 0
215 ,161, 195, '93 83 158 106 127 87 78 131 43 91 42 40 ' ,'0 0 0 0 0 0 0 0 0 0 0 0 ' ,147 ,1 ,1, 0
184 ,207, 156, '81 85 88 126 75 133 80 132 146 62 87 37 ' ,'0 0 0 0 0 0 0 0 0 0 0 0 ' ,113 ,2 ,1, 1
137 ,171, 119, '102 74 86 76 105 75 71 94 106 79 86 37 ' ,'0 0 0 0 0 0 0 0 0 0 0 0 ' ,39 ,1 ,1, 0
134 ,130, 117, '81 80 107 86 77 78 77 96 38 75 101 39 ' ,'0 0 0 0 0 0 0 0 0 0 0 0 ' ,73 ,1 ,1, 1
177 ,129, 133, '99 80 110 79 109 96 74 93 55 55 36 34 ' ,'0 0 0 0 0 0 0 0 0 0 0 0 ' ,90 ,2 ,1, 1
160 ,166, 140, '74 79 133 91 118 107 72 110 42 67 43 40 ' ,'0 0 0 0 0 0 0 0 0 0 0 0 ' ,95 ,1 ,1, 0
238 ,153, 215, '137 72 82 72 76 113 77 97 35 69 35 41 ' ,'0 0 0 0 0 0 0 0 0 0 0 0 ' ,169 ,1 ,1, 1
158 ,230, 142, '70 82 80 80 102 101 70 130 51 47 35 38 ' ,'0 0 0 0 0 0 0 0 0 0 0 0 ' ,93 ,2 ,1, 1
194 ,152, 170, '164 87 135 89 82 111 82 91 56 61 93 45 ' ,'0 0 0 0 0 0 0 0 0 0 0 0 ' ,114 ,2 ,0, 0
209 ,204, 186, '86 92 85 107 117 174 96 114 40 45 45 28 ' ,'0 0 0 0 0 0 0 0 0 0 0 0 ' ,143 ,1 ,1, 0
183 ,197, 161, '113 93 118 86 147 104 100 148 46 78 45 45 ' ,'0 0 0 0 0 0 0 0 0 0 0 0 ' ,94 ,1 ,0, 0
248 ,175, 206, '180 78 206 101 88 155 89 163 78 97 57 45 ' ,'0 0 0 0 0 0 0 0 0 0 0 0 ' ,145 ,1 ,1, 1
731 ,244, 703, '129 688 80 91 112 77 84 132 51 50 105 47 ' ,'0 0 0 0 0 0 0 0 0 0 0 0 ' ,641 ,1 ,1, 1
238 ,723, 188, '118 91 158 82 88 98 86 85 77 42 111 48 ' ,'0 0 0 0 0 0 0 0 0 0 0 0 ' ,115 ,1 ,1, 1
181 ,232, 162, '141 84 88 74 110 73 92 123 53 75 67 45 ' ,'0 0 0 0 0 0 0 0 0 0 0 0 ' ,86 ,1 ,1, 1
256 ,172, 164, '67 79 95 81 85 123 75 110 39 68 30 49 ' ,'0 0 0 0 0 0 0 0 0 0 0 0 ' ,116 ,1 ,2, 2
165 ,222, 125, '127 94 112 97 85 87 78 87 69 42 45 46 ' ,'0 0 0 0 0 0 0 0 0 0 0 0 ' ,69 ,1 ,1, 1
295 ,151, 160, '89 151 105 68 86 141 108 77 64 50 72 51 ' ,'0 0 0 0 0 0 0 0 0 0 0 0 ' ,101 ,1 ,1, 1
180 ,224, 146, '87 85 113 93 113 106 84 118 42 42 55 18 ' ,'0 0 0 0 0 0 0 0 0 0 0 0 ' ,121 ,1 ,1, 1
189 ,163, 156, '136 85 87 81 97 118 74 76 64 47 63 49 ' ,'0 0 0 0 0 0 0 0 0 0 0 0 ' ,104 ,1 ,1, 1
166 ,179, 147, '85 86 138 82 123 109 79 114 110 59 90 43 ' ,'0 0 0 0 0 0 0 0 0 0 0 0 ' ,98 ,2 ,1, 1
166 ,156, 147, '117 73 82 112 121 111 77 76 63 53 73 41 ' ,'0 0 0 0 0 0 0 0 0 0 0 0 ' ,93 ,1 ,1, 0
193 ,157, 169, '158 81 131 103 105 102 71 111 38 39 36 41 ' ,'0 0 0 0 0 0 0 0 0 0 0 0 ' ,111 ,1 ,1, 0
145 ,181, 111, '94 81 102 86 109 68 68 65 49 51 40 40 ' ,'0 0 0 0 0 0 0 0 0 0 0 0 ' ,82 ,1 ,1, 1
139 ,139, 122, '102 84 98 103 112 112 66 85 43 81 44 42 ' ,'0 0 0 0 0 0 0 0 0 0 0 0 ' ,75 ,1 ,0, 0
148 ,130, 115, '102 85 82 93 99 76 76 102 43 61 92 41 ' ,'0 0 0 0 0 0 0 0 0 0 0 0 ' ,84 ,0 ,1, 0
159 ,159, 143, '84 89 111 98 81 91 80 92 69 44 51 41 ' ,'0 0 0 0 0 0 0 0 0 0 0 0 ' ,95 ,1 ,1, 1
189 ,234, 173, '108 91 110 110 112 127 84 85 45 37 60 41 ' ,'0 0 0 0 0 0 0 0 0 0 0 0 ' ,127 ,1 ,1, 1
162 ,181, 146, '130 89 85 117 90 97 85 99 47 96 45 41 ' ,'0 0 0 0 0 0 0 0 0 0 0 0 ' ,94 ,1 ,1, 1
166 ,151, 146, '121 91 92 102 100 74 73 87 51 74 53 40 ' ,'0 0 0 0 0 0 0 0 0 0 0 0 ' ,83 ,1 ,1, 0
159 ,239, 144, '138 95 88 91 100 112 101 99 52 39 62 46 ' ,'0 0 0 0 0 0 0 0 0 0 0 0 ' ,82 ,1 ,1, 1
195 ,190, 175, '107 95 118 99 117 117 80 149 167 48 46 34 ' ,'0 0 0 0 0 0 0 0 0 0 0 0 ' ,130 ,1 ,1, 0
201 ,184, 157, '140 95 111 144 145 90 88 75 105 105 53 50 ' ,'0 0 0 0 0 0 0 0 0 0 0 0 ' ,101 ,0 ,2, 1
225 ,179, 198, '130 98 118 127 190 118 84 112 164 124 47 47 ' ,'0 0 0 0 0 0 0 0 0 0 0 0 ' ,141 ,0 ,1, 1
202 ,214, 186, '125 91 116 161 158 107 85 94 56 160 54 45 ' ,'0 0 0 0 0 0 0 0 0 0 0 0 ' ,131 ,0 ,0, 0
178 ,196, 157, '131 88 85 76 145 149 86 87 90 43 56 49 ' ,'0 0 0 0 0 0 0 0 0 0 0 0 ' ,70 ,0 ,0, 0
284 ,237, 255, '119 92 89 196 176 89 83 140 102 163 44 47 ' ,'0 0 0 0 0 0 0 0 0 0 0 0 ' ,158 ,0 ,2, 1
195 ,275, 164, '80 89 103 142 142 86 79 91 37 27 72 41 ' ,'0 0 0 0 0 0 0 0 0 0 0 0 ' ,119 ,1 ,2, 1
211 ,188, 177, '127 88 87 141 111 124 84 112 90 53 62 49 ' ,'0 0 0 0 0 0 0 0 0 0 0 0 ' ,98 ,0 ,2, 0
164 ,201, 138, '140 86 115 119 116 119 78 92 70 54 41 47 ' ,'0 0 0 0 0 0 0 0 0 0 0 0 ' ,89 ,1 ,1, 1
157 ,157, 129, '114 110 114 118 107 77 99 116 65 41 55 64 ' ,'0 0 0 0 0 0 0 0 0 0 0 0 ' ,60 ,1 ,1, 1
153 ,149, 128, '84 89 120 101 109 118 78 82 40 50 70 43 ' ,'0 0 0 0 0 0 0 0 0 0 0 0 ' ,74 ,1 ,0, 0
625 ,141, 598, '113 77 135 65 85 118 83 67 70 48 66 41 ' ,'0 0 0 0 0 0 0 0 0 0 0 0 ' ,536 ,1 ,1, 0
150 ,611, 116, '67 88 70 79 81 106 89 102 86 36 65 41 ' ,'0 0 0 0 0 0 0 0 0 0 0 0 ' ,66 ,2 ,0, 0
157 ,141, 138, '97 90 119 113 79 129 88 73 81 47 39 51 ' ,'0 0 0 0 0 0 0 0 0 0 0 0 ' ,51 ,1 ,1, 1
159 ,147, 134, '107 124 55 80 108 91 104 103 66 61 82 69 ' ,'0 0 0 0 0 0 0 0 0 0 0 0 ' ,67 ,1 ,1, 0
150 ,151, 132, '116 77 103 104 105 99 93 85 42 48 44 47 ' ,'0 0 0 0 0 0 0 0 0 0 0 0 ' ,70 ,1 ,0, 0
171 ,141, 145, '132 101 119 92 126 140 92 96 73 49 44 49 ' ,'0 0 0 0 0 0 0 0 0 0 0 0 ' ,66 ,1 ,0, 0
160 ,158, 140, '106 94 123 97 106 130 93 94 66 53 44 49 ' ,'0 0 0 0 0 0 0 0 0 0 0 0 ' ,63 ,1 ,1, 1
328 ,149, 309, '95 93 148 82 103 136 88 113 43 65 41 44 ' ,'0 0 0 0 0 0 0 0 0 0 0 0 ' ,263 ,1 ,0, 0
169 ,319, 143, '86 102 137 64 109 118 93 105 41 71 41 63 ' ,'0 0 0 0 0 0 0 0 0 0 0 0 ' ,66 ,1 ,0, 0
148 ,154, 124, '82 86 123 119 87 102 79 115 47 61 73 49 ' ,'0 0 0 0 0 0 0 0 0 0 0 0 ' ,69 ,1 ,0, 0
190 ,141, 173, '93 95 153 87 165 111 126 102 68 51 40 121 ' ,'0 0 0 0 0 0 0 0 0 0 0 0 ' ,108 ,1 ,1, 0
133 ,183, 116, '71 84 80 97 90 91 76 97 43 55 33 46 ' ,'0 0 0 0 0 0 0 0 0 0 0 0 ' ,78 ,2 ,0, 0
165 ,123, 140, '71 83 131 91 71 108 83 106 39 63 48 48 ' ,'0 0 0 0 0 0 0 0 0 0 0 0 ' ,85 ,1 ,0, 0
196 ,156, 166, '64 157 127 117 97 93 168 70 93 48 39 126 ' ,'0 0 0 0 0 0 0 0 0 0 0 0 ' ,97 ,1 ,0, 0
281 ,188, 256, '92 87 106 77 94 110 72 242 90 84 72 41 ' ,'0 0 0 0 0 0 0 0 0 0 0 0 ' ,177 ,1 ,1, 0
160 ,274, 137, '119 84 81 85 91 76 74 126 68 68 53 44 ' ,'0 0 0 0 0 0 0 0 0 0 0 0 ' ,76 ,1 ,0, 0
153 ,151, 127, '115 79 97 88 103 85 68 119 29 63 65 42 ' ,'0 0 0 0 0 0 0 0 0 0 0 0 ' ,68 ,1 ,1, 1
227 ,147, 206, '186 81 79 98 75 182 70 196 65 35 28 39 ' ,'0 0 0 0 0 0 0 0 0 0 0 0 ' ,157 ,1 ,0, 0
161 ,220, 128, '115 115 78 102 128 79 107 108 89 40 80 72 ' ,'0 0 0 0 0 0 0 0 0 0 0 0 ' ,29 ,1 ,1, 1
160 ,145, 146, '136 94 123 132 118 122 84 108 60 74 44 45 ' ,'0 0 0 0 0 0 0 0 0 0 0 0 ' ,87 ,1 ,1, 0
143 ,155, 120, '106 93 95 96 88 115 85 98 50 59 86 25 ' ,'0 0 0 0 0 0 0 0 0 0 0 0 ' ,84 ,2 ,0, 0
171 ,133, 143, '109 82 132 114 90 99 91 139 44 75 45 46 ' ,'0 0 0 0 0 0 0 0 0 0 0 0 ' ,96 ,1 ,0, 0
157 ,163, 135, '131 88 116 91 116 87 91 116 65 49 44 44 ' ,'0 0 0 0 0 0 0 0 0 0 0 0 ' ,87 ,1 ,0, 0
164 ,148, 127, '127 106 80 89 99 99 107 120 44 42 93 63 ' ,'0 0 0 0 0 0 0 0 0 0 0 0 ' ,100 ,1 ,1, 0
201 ,160, 163, '128 83 82 105 97 84 84 81 53 38 85 41 ' ,'0 0 0 0 0 0 0 0 0 0 0 0 ' ,102 ,1 ,1, 1
141 ,193, 109, '102 93 99 76 89 108 80 99 38 82 80 45 ' ,'0 0 0 0 0 0 0 0 0 0 0 0 ' ,72 ,2 ,0, 0
170 ,135, 127, '95 76 100 101 81 71 68 90 35 47 43 41 ' ,'0 0 0 0 0 0 0 0 0 0 0 0 ' ,77 ,1 ,0, 0
176 ,152, 151, '134 71 82 68 75 81 65 95 58 41 36 33 ' ,'0 0 0 0 0 0 0 0 0 0 0 0 ' ,112 ,1 ,0, 0
231 ,170, 201, '148 100 114 71 79 94 94 64 49 56 53 64 ' ,'0 0 0 0 0 0 0 0 0 0 0 0 ' ,142 ,40 ,1, 0
152 ,216, 127, '106 88 113 80 85 75 76 108 25 67 75 49 ' ,'0 0 0 0 0 0 0 0 0 0 0 0 ' ,96 ,1 ,0, 0
152 ,145, 127, '117 84 98 83 103 87 72 103 40 27 34 42 ' ,'0 0 0 0 0 0 0 0 0 0 0 0 ' ,80 ,1 ,1, 0
168 ,143, 136, '78 75 111 82 89 112 68 113 39 69 37 39 ' ,'0 0 0 0 0 0 0 0 0 0 0 0 ' ,94 ,1 ,0, 0
152 ,160, 130, '119 75 121 94 87 78 82 99 41 93 67 41 ' ,'0 0 0 0 0 0 0 0 0 0 0 0 ' ,62 ,1 ,1, 1
158 ,145, 134, '108 110 102 98 103 56 99 92 84 106 38 59 ' ,'0 0 0 0 0 0 0 0 0 0 0 0 ' ,54 ,1 ,0, 0
195 ,150, 139, '118 86 81 116 163 112 79 81 45 104 63 40 ' ,'0 0 0 0 0 0 0 0 0 0 0 0 ' ,94 ,1 ,0, 0
205 ,188, 178, '89 84 98 177 163 98 91 120 44 62 38 41 ' ,'0 0 0 0 0 0 0 0 0 0 0 0 ' ,112 ,1 ,1, 1
185 ,196, 166, '159 95 101 131 101 119 91 134 66 43 50 48 ' ,'0 0 0 0 0 0 0 0 0 0 0 0 ' ,109 ,1 ,1, 1
194 ,177, 151, '155 96 110 124 90 75 86 105 45 44 101 46 ' ,'0 0 0 0 0 0 0 0 0 0 0 0 ' ,89 ,1 ,1, 0
192 ,187, 170, '122 96 104 101 91 93 99 132 53 48 88 66 ' ,'0 0 0 0 0 0 0 0 0 0 0 0 ' ,112 ,1 ,0, 0
190 ,184, 163, '96 91 123 103 129 157 95 127 37 74 99 54 ' ,'0 0 0 0 0 0 0 0 0 0 0 0 ' ,91 ,1 ,1, 1
164 ,182, 144, '134 102 117 120 80 71 81 96 58 53 50 51 ' ,'0 0 0 0 0 0 0 0 0 0 0 0 ' ,78 ,1 ,0, 0
155 ,158, 132, '110 87 84 103 125 121 74 84 49 80 54 49 ' ,'0 0 0 0 0 0 0 0 0 0 0 0 ' ,79 ,1 ,0, 0
160 ,148, 129, '78 91 85 92 91 126 88 61 44 61 85 46 ' ,'0 0 0 0 0 0 0 0 0 0 0 0 ' ,79 ,1 ,1, 1
164 ,153, 139, '135 127 78 118 105 98 124 108 55 46 88 84 ' ,'0 0 0 0 0 0 0 0 0 0 0 0 ' ,84 ,1 ,0, 0
225 ,156, 197, '86 74 108 95 119 103 80 184 46 88 57 36 ' ,'0 0 0 0 0 0 0 0 0 0 0 0 ' ,149 ,2 ,0, 0
227 ,211, 200, '123 139 112 101 84 73 190 121 45 38 42 159 ' ,'0 0 0 0 0 0 0 0 0 0 0 0 ' ,148 ,1 ,1, 0
171 ,219, 139, '122 79 88 109 76 70 82 90 45 96 41 42 ' ,'0 0 0 0 0 0 0 0 0 0 0 0 ' ,75 ,1 ,1, 0
287 ,165, 266, '258 73 82 102 73 257 72 85 63 61 48 44 ' ,'0 0 0 0 0 0 0 0 0 0 0 0 ' ,189 ,0 ,0, 0
167 ,278, 128, '78 138 135 107 95 92 131 65 42 76 68 105 ' ,'0 0 0 0 0 0 0 0 0 0 0 0 ' ,89 ,0 ,0, 0
154 ,160, 111, '107 74 88 81 120 70 75 111 35 66 38 40 ' ,'0 0 0 0 0 0 0 0 0 0 0 0 ' ,85 ,1 ,1, 0
158 ,146, 143, '94 81 130 98 103 66 80 93 85 42 42 41 ' ,'0 0 0 0 0 0 0 0 0 0 0 0 ' ,91 ,1 ,1, 0
135 ,150, 115, '69 83 86 85 94 105 80 63 89 80 55 43 ' ,'0 0 0 0 0 0 0 0 0 0 0 0 ' ,26 ,1 ,1, 0
210 ,128, 185, '148 79 75 88 94 110 72 87 43 44 173 38 ' ,'0 0 0 0 0 0 0 0 0 0 0 0 ' ,138 ,1 ,0, 0
173 ,201, 152, '79 143 77 100 64 102 143 100 41 68 90 97 ' ,'0 0 0 0 0 0 0 0 0 0 0 0 ' ,80 ,1 ,2, 1
157 ,164, 120, '97 85 110 100 93 132 76 118 61 66 86 26 ' ,'0 0 0 0 0 0 0 0 0 0 0 0 ' ,78 ,2 ,1, 1
145 ,148, 125, '88 87 98 84 97 69 87 110 71 76 41 45 ' ,'0 0 0 0 0 0 0 0 0 0 0 0 ' ,55 ,1 ,1, 1
169 ,137, 147, '126 86 105 114 104 107 85 99 66 61 86 42 ' ,'0 0 0 0 0 0 0 0 0 0 0 0 ' ,93 ,1 ,0, 0
192 ,162, 163, '110 77 127 104 90 149 95 99 48 101 47 37 ' ,'0 0 0 0 0 0 0 0 0 0 0 0 ' ,90 ,1 ,1, 1
199 ,183, 165, '123 141 94 91 116 156 128 85 61 45 128 88 ' ,'0 0 0 0 0 0 0 0 0 0 0 0 ' ,110 ,1 ,1, 0
170 ,177, 146, '83 74 143 91 140 85 90 101 38 108 82 47 ' ,'0 0 0 0 0 0 0 0 0 0 0 0 ' ,104 ,1 ,1, 1
173 ,157, 154, '86 84 149 102 101 99 87 77 43 31 107 28 ' ,'0 0 0 0 0 0 0 0 0 0 0 0 ' ,122 ,1 ,1, 1
179 ,168, 141, '113 93 130 100 88 113 87 106 43 64 53 50 ' ,'0 0 0 0 0 0 0 0 0 0 0 0 ' ,81 ,1 ,0, 0
169 ,170, 146, '131 68 88 92 89 140 83 92 50 44 81 35 ' ,'0 0 0 0 0 0 0 0 0 0 0 0 ' ,95 ,1 ,1, 0
203 ,162, 176, '135 82 160 86 81 91 87 108 50 31 44 36 ' ,'0 0 0 0 0 0 0 0 0 0 0 0 ' ,134 ,1 ,0, 0
179 ,196, 155, '61 81 84 87 122 103 79 97 44 93 83 39 ' ,'0 0 0 0 0 0 0 0 0 0 0 0 ' ,110 ,1 ,0, 0
137 ,172, 117, '95 82 107 96 86 99 65 92 69 63 32 34 ' ,'0 0 0 0 0 0 0 0 0 0 0 0 ' ,78 ,1 ,1, 1
140 ,129, 126, '101 83 108 87 98 64 76 97 67 40 67 45 ' ,'0 0 0 0 0 0 0 0 0 0 0 0 ' ,67 ,2 ,7, 7
206 ,131, 188, '121 88 83 105 85 136 84 80 43 54 100 45 ' ,'0 0 0 0 0 0 0 0 0 0 0 0 ' ,125 ,1 ,1, 0
159 ,197, 145, '112 136 121 125 79 82 84 110 41 102 41 42 ' ,'0 0 0 0 0 0 0 0 0 0 0 0 ' ,67 ,1 ,0, 0
152 ,157, 129, '79 74 123 82 112 117 86 95 41 86 113 45 ' ,'0 0 0 0 0 0 0 0 0 0 0 0 ' ,76 ,0 ,1, 1
165 ,141, 147, '136 83 80 116 83 86 75 83 97 95 71 45 ' ,'0 0 0 0 0 0 0 0 0 0 0 0 ' ,85 ,0 ,1, 1
159 ,156, 141, '99 102 115 125 116 101 90 94 50 79 102 45 ' ,'0 0 0 0 0 0 0 0 0 0 0 0 ' ,63 ,1 ,2, 1
202 ,152, 186, '152 98 93 135 131 179 93 81 68 50 67 54 ' ,'0 0 0 0 0 0 0 0 0 0 0 0 ' ,102 ,1 ,1, 0
175 ,209, 158, '119 104 126 114 109 93 90 78 74 79 90 50 ' ,'0 0 0 0 0 0 0 0 0 0 0 0 ' ,102 ,1 ,1, 0
171 ,168, 152, '142 95 87 92 103 127 86 87 42 58 75 51 ' ,'0 0 0 0 0 0 0 0 0 0 0 0 ' ,98 ,0 ,1, 1
163 ,211, 138, '111 104 78 89 88 126 89 95 65 44 83 50 ' ,'0 0 0 0 0 0 0 0 0 0 0 0 ' ,58 ,1 ,1, 1
157 ,155, 135, '91 95 107 94 81 90 88 108 74 68 53 39 ' ,'0 0 0 0 0 0 0 0 0 0 0 0 ' ,78 ,1 ,1, 0
327 ,142, 305, '294 83 84 91 92 280 79 110 44 45 92 46 ' ,'0 0 0 0 0 0 0 0 0 0 0 0 ' ,247 ,1 ,1, 0
165 ,323, 132, '94 108 91 94 74 122 81 69 43 60 75 44 ' ,'0 0 0 0 0 0 0 0 0 0 0 0 ' ,72 ,2 ,0, 0
294 ,157, 266, '126 79 263 99 118 124 75 131 36 67 38 38 ' ,'0 0 0 0 0 0 0 0 0 0 0 0 ' ,215 ,1 ,0, 0
135 ,285, 120, '79 113 99 95 78 97 102 72 41 44 63 68 ' ,'0 0 0 0 0 0 0 0 0 0 0 0 ' ,59 ,1 ,0, 0
167 ,128, 140, '84 71 104 110 91 97 87 75 40 50 38 40 ' ,'0 0 0 0 0 0 0 0 0 0 0 0 ' ,80 ,2 ,1, 1
210 ,153, 186, '142 94 93 85 110 72 85 89 100 68 178 37 ' ,'0 0 0 0 0 0 0 0 0 0 0 0 ' ,132 ,1 ,1, 0
182 ,198, 139, '71 91 93 102 110 147 81 142 50 67 83 44 ' ,'0 0 0 0 0 0 0 0 0 0 0 0 ' ,107 ,1 ,1, 0
200 ,174, 165, '96 86 138 107 125 112 91 144 76 72 42 48 ' ,'0 0 0 0 0 0 0 0 0 0 0 0 ' ,125 ,2 ,1, 0
179 ,193, 158, '113 83 124 86 84 138 92 148 44 43 72 47 ' ,'0 0 0 0 0 0 0 0 0 0 0 0 ' ,101 ,1 ,1, 1
198 ,177, 178, '156 99 151 109 105 160 88 157 87 75 121 50 ' ,'0 0 0 0 0 0 0 0 0 0 0 0 ' ,110 ,2 ,0, 0
187 ,187, 169, '125 100 104 124 133 158 80 96 53 47 103 48 ' ,'0 0 0 0 0 0 0 0 0 0 0 0 ' ,113 ,1 ,1, 1
186 ,178, 160, '87 97 153 84 92 89 96 95 54 48 48 54 ' ,'0 0 0 0 0 0 0 0 0 0 0 0 ' ,76 ,1 ,1, 0
172 ,205, 149, '110 100 101 106 79 125 84 111 34 61 39 50 ' ,'0 0 0 0 0 0 0 0 0 0 0 0 ' ,105 ,2 ,0, 0
147 ,168, 124, '102 91 95 89 97 115 79 81 62 58 76 48 ' ,'0 0 0 0 0 0 0 0 0 0 0 0 ' ,66 ,2 ,0, 0
173 ,136, 130, '90 84 111 105 94 102 73 111 62 40 39 46 ' ,'0 0 0 0 0 0 0 0 0 0 0 0 ' ,64 ,2 ,0, 0
194 ,168, 154, '141 87 89 103 106 144 79 79 52 48 99 40 ' ,'0 0 0 0 0 0 0 0 0 0 0 0 ' ,103 ,2 ,1, 1
168 ,188, 128, '134 86 111 100 68 124 79 115 44 41 62 37 ' ,'0 0 0 0 0 0 0 0 0 0 0 0 ' ,104 ,1 ,0, 0
157 ,160, 142, '97 90 118 68 135 93 71 123 36 118 47 40 ' ,'0 0 0 0 0 0 0 0 0 0 0 0 ' ,97 ,1 ,0, 0
188 ,149, 158, '100 71 145 84 96 94 79 75 46 42 60 33 ' ,'0 0 0 0 0 0 0 0 0 0 0 0 ' ,119 ,1 ,1, 0
157 ,182, 129, '117 84 98 115 99 88 77 74 48 52 54 41 ' ,'0 0 0 0 0 0 0 0 0 0 0 0 ' ,85 ,2 ,0, 0
179 ,148, 153, '139 92 85 128 96 128 82 71 93 46 92 69 ' ,'0 0 0 0 0 0 0 0 0 0 0 0 ' ,89 ,1 ,0, 0
157 ,170, 141, '117 81 109 94 95 109 79 77 57 45 79 44 ' ,'0 0 0 0 0 0 0 0 0 0 0 0 ' ,82 ,1 ,1, 0
252 ,152, 227, '130 87 215 75 97 77 59 215 42 81 49 47 ' ,'0 0 0 0 0 0 0 0 0 0 0 0 ' ,180 ,1 ,0, 0
177 ,244, 160, '88 92 136 116 82 128 60 102 60 45 64 39 ' ,'0 0 0 0 0 0 0 0 0 0 0 0 ' ,72 ,1 ,0, 0
192 ,170, 136, '108 101 87 65 118 154 89 104 81 88 70 34 ' ,'0 0 0 0 0 0 0 0 0 0 0 0 ' ,114 ,1 ,1, 0
252 ,184, 218, '149 87 90 92 86 209 83 76 57 61 104 49 ' ,'0 0 0 0 0 0 0 0 0 0 0 0 ' ,162 ,1 ,0, 0
163 ,247, 146, '104 85 75 132 117 98 80 136 38 74 37 49 ' ,'0 0 0 0 0 0 0 0 0 0 0 0 ' ,53 ,2 ,1, 0
210 ,153, 190, '105 87 78 91 107 113 74 145 46 68 78 44 ' ,'0 0 0 0 0 0 0 0 0 0 0 0 ' ,139 ,1 ,1, 0
189 ,214, 164, '157 87 101 91 76 96 63 74 63 69 66 49 ' ,'0 0 0 0 0 0 0 0 0 0 0 0 ' ,110 ,1 ,0, 0
215 ,180, 178, '81 83 113 121 109 153 70 93 58 48 40 41 ' ,'0 0 0 0 0 0 0 0 0 0 0 0 ' ,94 ,1 ,1, 1
182 ,208, 156, '132 90 80 84 90 118 73 82 37 55 64 44 ' ,'0 0 0 0 0 0 0 0 0 0 0 0 ' ,98 ,1 ,13, 13
147 ,169, 130, '71 89 94 104 90 101 77 119 65 59 86 43 ' ,'0 0 0 0 0 0 0 0 0 0 0 0 ' ,64 ,1 ,1, 1
186 ,137, 167, '87 89 89 78 110 118 80 140 41 80 99 44 ' ,'0 0 0 0 0 0 0 0 0 0 0 0 ' ,115 ,2 ,1, 0
178 ,174, 158, '76 85 122 103 111 131 81 110 84 50 61 42 ' ,'0 0 0 0 0 0 0 0 0 0 0 0 ' ,77 ,1 ,0, 0
163 ,164, 140, '89 75 108 108 85 85 72 121 66 44 53 47 ' ,'0 0 0 0 0 0 0 0 0 0 0 0 ' ,83 ,1 ,1, 1
166 ,156, 142, '128 88 90 88 119 132 82 79 63 75 74 44 ' ,'0 0 0 0 0 0 0 0 0 0 0 0 ' ,87 ,2 ,0, 0
222 ,158, 195, '175 100 119 118 117 89 76 158 66 55 38 44 ' ,'0 0 0 0 0 0 0 0 0 0 0 0 ' ,143 ,1 ,1, 0
172 ,208, 154, '127 92 105 112 133 116 91 89 72 58 81 42 ' ,'0 0 0 0 0 0 0 0 0 0 0 0 ' ,99 ,2 ,1, 1
168 ,163, 149, '139 88 125 98 110 98 93 68 100 69 72 44 ' ,'0 0 0 0 0 0 0 0 0 0 0 0 ' ,80 ,1 ,1, 1
193 ,167, 177, '145 88 123 104 142 130 81 164 125 43 71 50 ' ,'0 0 0 0 0 0 0 0 0 0 0 0 ' ,100 ,1 ,1, 0
170 ,186, 150, '134 97 83 113 73 140 72 81 48 43 71 52 ' ,'0 0 0 0 0 0 0 0 0 0 0 0 ' ,99 ,1 ,1, 1
153 ,164, 135, '111 84 80 98 110 100 80 77 78 41 21 51 ' ,'0 0 0 0 0 0 0 0 0 0 0 0 ' ,73 ,2 ,1, 1
180 ,146, 159, '83 85 89 149 105 89 75 107 129 63 43 38 ' ,'0 0 0 0 0 0 0 0 0 0 0 0 ' ,115 ,1 ,0, 0
174 ,166, 151, '133 81 137 80 69 73 79 118 40 44 45 24 ' ,'0 0 0 0 0 0 0 0 0 0 0 0 ' ,120 ,1 ,1, 1
155 ,166, 134, '88 83 128 106 87 81 76 103 31 63 96 33 ' ,'0 0 0 0 0 0 0 0 0 0 0 0 ' ,95 ,1 ,1, 1
206 ,147, 189, '176 69 104 76 150 148 78 80 92 67 104 29 ' ,'0 0 0 0 0 0 0 0 0 0 0 0 ' ,150 ,2 ,0, 0
180 ,199, 147, '104 82 121 78 79 88 71 95 53 40 41 39 ' ,'0 0 0 0 0 0 0 0 0 0 0 0 ' ,88 ,1 ,1, 0
166 ,173, 144, '138 87 112 83 109 97 74 66 63 58 99 44 ' ,'0 0 0 0 0 0 0 0 0 0 0 0 ' ,89 ,1 ,1, 1
203 ,154, 129, '116 78 90 67 70 100 72 101 56 36 75 40 ' ,'0 0 0 0 0 0 0 0 0 0 0 0 ' ,88 ,1 ,1, 1
368 ,182, 343, '123 94 83 103 80 100 81 81 58 29 72 45 ' ,'0 0 0 0 0 0 0 0 0 0 0 0 ' ,81 ,3 ,203, 0
229 ,354, 212, '119 94 78 114 103 137 84 78 47 44 90 42 ' ,'0 0 0 0 0 0 0 0 0 0 0 0 ' ,161 ,1 ,1, 1
165 ,222, 145, '98 89 143 95 87 95 91 128 69 44 92 34 ' ,'0 0 0 0 0 0 0 0 0 0 0 0 ' ,103 ,1 ,1, 1
199 ,156, 176, '134 101 83 169 150 101 91 81 51 101 95 48 ' ,'0 0 0 0 0 0 0 0 0 0 0 0 ' ,119 ,1 ,1, 0
214 ,187, 195, '109 96 128 106 151 94 97 162 45 120 38 53 ' ,'0 0 0 0 0 0 0 0 0 0 0 0 ' ,145 ,1 ,0, 0
169 ,204, 153, '83 93 78 111 98 99 90 142 44 31 44 35 ' ,'0 0 0 0 0 0 0 0 0 0 0 0 ' ,104 ,2 ,1, 0
245 ,160, 231, '140 96 89 88 84 113 89 95 62 32 98 34 ' ,'0 0 0 0 0 0 0 0 0 0 0 0 ' ,157 ,2 ,1, 1
156 ,236, 137, '109 88 86 96 87 127 83 78 70 44 55 40 ' ,'0 0 0 0 0 0 0 0 0 0 0 0 ' ,86 ,1 ,2, 0
167 ,144, 149, '105 86 82 88 64 87 81 69 36 66 42 46 ' ,'0 0 0 0 0 0 0 0 0 0 0 0 ' ,104 ,34 ,1, 0
153 ,241, 133, '78 86 108 95 115 74 78 112 50 34 45 44 ' ,'0 0 0 0 0 0 0 0 0 0 0 0 ' ,64 ,1 ,1, 1
148 ,144, 127, '91 91 78 82 97 112 60 78 43 52 25 31 ' ,'0 0 0 0 0 0 0 0 0 0 0 0 ' ,92 ,1 ,0, 0
164 ,136, 151, '101 87 65 100 70 136 60 76 40 39 81 43 ' ,'0 0 0 0 0 0 0 0 0 0 0 0 ' ,96 ,2 ,4, 4
135 ,156, 121, '88 88 113 99 65 71 76 104 76 57 31 34 ' ,'0 0 0 0 0 0 0 0 0 0 0 0 ' ,84 ,1 ,1, 1
185 ,128, 168, '139 85 102 89 98 134 77 72 38 88 97 47 ' ,'0 0 0 0 0 0 0 0 0 0 0 0 ' ,125 ,18 ,1, 1
191 ,177, 169, '150 89 132 76 101 84 80 85 78 34 91 31 ' ,'0 0 0 0 0 0 0 0 0 0 0 0 ' ,115 ,1 ,2, 2
172 ,183, 158, '100 92 147 99 85 135 87 110 45 40 58 50 ' ,'0 0 0 0 0 0 0 0 0 0 0 0 ' ,105 ,2 ,3, 1
511 ,163, 444, '435 96 86 101 101 423 68 117 42 50 93 43 ' ,'0 0 0 0 0 0 0 0 0 0 0 0 ' ,386 ,2 ,1, 0
194 ,504, 177, '107 101 90 110 129 114 100 158 99 80 31 56 ' ,'0 0 0 0 0 0 0 0 0 0 0 0 ' ,107 ,1 ,1, 1
195 ,186, 176, '143 132 88 79 119 115 128 112 51 72 44 80 ' ,'0 0 0 0 0 0 0 0 0 0 0 0 ' ,117 ,20 ,1, 1
164 ,232, 145, '135 100 70 110 104 97 89 83 48 42 41 53 ' ,'0 0 0 0 0 0 0 0 0 0 0 0 ' ,88 ,0 ,1, 0
191 ,150, 173, '164 82 92 92 103 131 84 105 46 62 42 45 ' ,'0 0 0 0 0 0 0 0 0 0 0 0 ' ,110 ,1 ,0, 0
260 ,182, 245, '141 94 74 91 72 127 88 80 59 42 233 48 ' ,'0 0 0 0 0 0 0 0 0 0 0 0 ' ,190 ,1 ,1, 1
166 ,253, 150, '87 84 83 116 76 103 62 112 70 45 28 41 ' ,'0 0 0 0 0 0 0 0 0 0 0 0 ' ,94 ,1 ,1, 1
156 ,158, 142, '80 107 90 85 83 128 104 73 62 41 64 59 ' ,'0 0 0 0 0 0 0 0 0 0 0 0 ' ,70 ,0 ,1, 1
159 ,166, 142, '125 79 100 70 76 132 60 108 58 62 39 44 ' ,'0 0 0 0 0 0 0 0 0 0 0 0 ' ,55 ,1 ,1, 0
153 ,149, 137, '115 86 77 66 74 82 81 114 42 45 44 39 ' ,'0 0 0 0 0 0 0 0 0 0 0 0 ' ,85 ,1 ,1, 1
171 ,145, 150, '119 91 82 80 107 136 71 88 66 63 78 38 ' ,'0 0 0 0 0 0 0 0 0 0 0 0 ' ,79 ,1 ,1, 1
186 ,166, 163, '156 76 98 88 114 90 75 122 42 33 93 30 ' ,'0 0 0 0 0 0 0 0 0 0 0 0 ' ,110 ,1 ,0, 0
243 ,171, 229, '93 92 148 85 113 101 183 103 44 68 48 45 ' ,'0 0 0 0 0 0 0 0 0 0 0 0 ' ,147 ,28 ,1, 0
163 ,240, 148, '131 81 129 114 88 136 83 117 74 75 85 42 ' ,'0 0 0 0 0 0 0 0 0 0 0 0 ' ,58 ,1 ,1, 1
181 ,156, 168, '98 91 93 77 102 133 100 137 44 54 43 46 ' ,'0 0 0 0 0 0 0 0 0 0 0 0 ' ,105 ,1 ,1, 1
207 ,174, 190, '126 99 84 79 124 176 73 104 52 65 94 45 ' ,'0 0 0 0 0 0 0 0 0 0 0 0 ' ,138 ,1 ,1, 1
186 ,199, 168, '96 88 159 111 107 117 75 108 49 56 48 30 ' ,'0 0 0 0 0 0 0 0 0 0 0 0 ' ,109 ,1 ,1, 1
189 ,172, 164, '84 127 133 97 104 129 118 68 65 59 98 52 ' ,'0 0 0 0 0 0 0 0 0 0 0 0 ' ,80 ,1 ,1, 1
185 ,182, 166, '126 85 118 88 119 146 66 129 49 107 37 46 ' ,'0 0 0 0 0 0 0 0 0 0 0 0 ' ,74 ,1 ,1, 0
168 ,178, 129, '129 91 115 102 95 142 86 101 51 56 43 28 ' ,'0 0 0 0 0 0 0 0 0 0 0 0 ' ,83 ,0 ,1, 0
185 ,443, 159, '154 88 95 101 74 122 80 98 45 61 125 38 ' ,'0 0 0 0 0 0 0 0 0 0 0 0 ' ,118 ,3 ,5, 3
159 ,173, 142, '130 80 124 87 85 116 82 119 59 28 56 35 ' ,'0 0 0 0 0 0 0 0 0 0 0 0 ' ,88 ,2 ,1, 0
231 ,151, 206, '83 96 120 74 89 119 79 196 35 32 72 40 ' ,'0 0 0 0 0 0 0 0 0 0 0 0 ' ,166 ,1 ,2, 1
151 ,251, 135, '81 71 123 77 81 122 69 96 58 44 71 26 ' ,'0 0 0 0 0 0 0 0 0 0 0 0 ' ,81 ,1 ,2, 2
173 ,142, 155, '126 90 101 78 84 101 77 109 71 40 86 27 ' ,'0 0 0 0 0 0 0 0 0 0 0 0 ' ,100 ,1 ,0, 0
192 ,164, 170, '132 84 74 110 81 91 79 63 73 54 86 29 ' ,'0 0 0 0 0 0 0 0 0 0 0 0 ' ,108 ,2 ,1, 1
214 ,184, 166, '80 84 126 85 93 84 72 121 117 163 68 38 ' ,'0 0 0 0 0 0 0 0 0 0 0 0 ' ,112 ,1 ,0, 0
176 ,202, 157, '78 100 97 95 98 78 103 109 43 58 35 58 ' ,'0 0 0 0 0 0 0 0 0 0 0 0 ' ,98 ,0 ,1, 1
203 ,164, 182, '116 98 137 86 107 146 84 173 48 24 86 45 ' ,'0 0 0 0 0 0 0 0 0 0 0 0 ' ,130 ,1 ,1, 1
221 ,190, 206, '88 90 153 101 98 118 82 108 75 68 127 46 ' ,'0 0 0 0 0 0 0 0 0 0 0 0 ' ,138 ,1 ,1, 1
205 ,212, 176, '147 97 95 102 130 154 88 82 61 47 121 44 ' ,'0 0 0 0 0 0 0 0 0 0 0 0 ' ,115 ,0 ,1, 0
184 ,204, 165, '139 102 95 125 105 105 89 126 59 75 47 48 ' ,'0 0 0 0 0 0 0 0 0 0 0 0 ' ,109 ,0 ,1, 1
154 ,174, 137, '102 108 75 100 78 109 109 126 48 39 87 62 ' ,'0 0 0 0 0 0 0 0 0 0 0 0 ' ,86 ,1 ,1, 1
163 ,144, 147, '74 89 76 88 85 137 71 107 49 55 41 41 ' ,'0 0 0 0 0 0 0 0 0 0 0 0 ' ,98 ,1 ,1, 1
157 ,152, 124, '108 90 82 88 91 109 69 88 50 41 81 40 ' ,'0 0 0 0 0 0 0 0 0 0 0 0 ' ,81 ,1 ,1, 0
349 ,148, 316, '182 76 73 110 94 149 82 72 41 50 284 32 ' ,'0 0 0 0 0 0 0 0 0 0 0 0 ' ,254 ,2 ,1, 1
138 ,341, 117, '98 67 110 93 89 85 62 75 69 57 44 38 ' ,'0 0 0 0 0 0 0 0 0 0 0 0 ' ,60 ,1 ,1, 0
252 ,123, 237, '147 99 228 96 77 111 98 88 26 33 56 49 ' ,'0 0 0 0 0 0 0 0 0 0 0 0 ' ,197 ,1 ,1, 1
162 ,244, 136, '123 87 110 97 98 111 70 104 48 34 59 41 ' ,'0 0 0 0 0 0 0 0 0 0 0 0 ' ,86 ,1 ,1, 1
143 ,154, 120, '114 85 87 101 68 109 66 78 38 49 42 33 ' ,'0 0 0 0 0 0 0 0 0 0 0 0 ' ,76 ,2 ,0, 0
180 ,135, 153, '143 80 72 89 92 114 57 90 44 38 113 31 ' ,'0 0 0 0 0 0 0 0 0 0 0 0 ' ,115 ,1 ,1, 1
157 ,172, 116, '112 87 107 73 96 114 74 78 38 57 38 33 ' ,'0 0 0 0 0 0 0 0 0 0 0 0 ' ,81 ,1 ,1, 1
155 ,146, 135, '97 88 111 78 72 77 72 82 113 35 66 49 ' ,'0 0 0 0 0 0 0 0 0 0 0 0 ' ,42 ,1 ,5, 5
137 ,147, 123, '116 76 85 109 70 80 65 109 76 54 45 29 ' ,'0 0 0 0 0 0 0 0 0 0 0 0 ' ,89 ,0 ,0, 0
135 ,129, 117, '109 76 113 111 104 75 76 92 77 66 58 50 ' ,'0 0 0 0 0 0 0 0 0 0 0 0 ' ,54 ,1 ,1, 1
163 ,126, 145, '113 86 77 137 82 103 62 61 95 55 77 40 ' ,'0 0 0 0 0 0 0 0 0 0 0 0 ' ,70 ,1 ,0, 0
224 ,156, 178, '121 94 119 82 100 106 65 78 41 53 48 35 ' ,'0 0 0 0 0 0 0 0 0 0 0 0 ' ,130 ,1 ,2, 1
234 ,204, 218, '118 207 118 95 126 126 197 57 86 64 68 160 ' ,'0 0 0 0 0 0 0 0 0 0 0 0 ' ,131 ,2 ,1, 0
180 ,228, 141, '156 97 118 108 116 110 76 106 42 45 32 45 ' ,'0 0 0 0 0 0 0 0 0 0 0 0 ' ,86 ,1 ,1, 1
281 ,173, 259, '97 94 80 247 113 125 93 119 53 116 42 50 ' ,'0 0 0 0 0 0 0 0 0 0 0 0 ' ,178 ,1 ,1, 1
155 ,272, 142, '132 72 94 92 89 95 87 87 53 40 85 46 ' ,'0 0 0 0 0 0 0 0 0 0 0 0 ' ,86 ,1 ,2, 1
161 ,151, 134, '88 85 123 57 94 77 67 89 22 38 66 42 ' ,'0 0 0 0 0 0 0 0 0 0 0 0 ' ,91 ,1 ,1, 0
170 ,152, 140, '127 119 90 73 81 93 116 95 61 45 90 82 ' ,'0 0 0 0 0 0 0 0 0 0 0 0 ' ,85 ,1 ,3, 3
164 ,156, 146, '119 84 76 92 97 83 78 137 67 41 63 40 ' ,'0 0 0 0 0 0 0 0 0 0 0 0 ' ,89 ,1 ,1, 1
214 ,157, 200, '92 79 110 80 99 110 90 90 68 34 35 44 ' ,'0 0 0 0 0 0 0 0 0 0 0 0 ' ,145 ,71 ,1, 1
238 ,205, 200, '105 78 107 101 70 111 61 60 43 42 88 44 ' ,'0 0 0 0 0 0 0 0 0 0 0 0 ' ,150 ,1 ,1, 0
142 ,221, 127, '114 88 105 83 75 100 79 63 65 39 47 42 ' ,'0 0 0 0 0 0 0 0 0 0 0 0 ' ,65 ,1 ,1, 1
162 ,136, 147, '111 137 103 90 78 94 120 77 40 46 37 88 ' ,'0 0 0 0 0 0 0 0 0 0 0 0 ' ,102 ,0 ,1, 1
216 ,153, 190, '79 92 158 82 104 180 67 121 61 28 68 43 ' ,'0 0 0 0 0 0 0 0 0 0 0 0 ' ,133 ,1 ,0, 0
175 ,204, 155, '91 96 118 99 71 122 70 144 49 44 108 51 ' ,'0 0 0 0 0 0 0 0 0 0 0 0 ' ,101 ,1 ,1, 1
249 ,166, 225, '147 216 82 90 101 106 72 89 49 59 92 46 ' ,'0 109856 0 0 0 0 0 0 0 0 0 0 ' ,173 ,2 ,1, 1
161 ,241, 143, '96 101 80 94 104 130 76 117 78 69 54 50 ' ,'0 0 0 0 0 0 0 0 0 0 0 0 ' ,82 ,1 ,1, 1
185 ,152, 148, '116 101 136 94 120 85 100 132 69 48 83 68 ' ,'0 0 0 0 0 0 0 0 0 0 0 0 ' ,72 ,1 ,0, 0
154 ,160, 129, '103 86 115 113 111 122 87 86 54 50 62 29 ' ,'0 0 0 0 0 0 0 0 0 0 0 0 ' ,93 ,1 ,1, 0
345 ,146, 318, '94 88 84 103 112 119 98 103 50 49 68 49 ' ,'0 0 0 0 0 0 0 0 0 0 0 0 ' ,259 ,2 ,1, 1
431 ,336, 414, '378 89 88 121 100 399 85 86 66 27 303 51 ' ,'0 0 0 0 0 0 0 0 0 0 0 0 ' ,344 ,1 ,1, 1
194 ,422, 171, '146 93 103 101 141 107 81 149 57 42 64 50 ' ,'0 0 0 0 0 0 0 0 0 0 0 0 ' ,99 ,1 ,1, 1
163 ,179, 146, '103 107 95 107 88 132 83 113 61 49 60 67 ' ,'0 0 0 0 0 0 0 0 0 0 0 0 ' ,85 ,1 ,1, 1
201 ,152, 154, '92 82 85 114 95 113 105 127 46 56 53 32 ' ,'0 0 0 0 0 0 0 0 0 0 0 0 ' ,115 ,1 ,6, 5
158 ,177, 134, '91 71 86 81 108 109 83 95 76 52 59 46 ' ,'0 0 0 0 0 0 0 0 0 0 0 0 ' ,51 ,0 ,1, 0
194 ,150, 166, '163 74 84 72 101 156 86 68 68 61 125 46 ' ,'0 0 0 0 0 0 0 0 0 0 0 0 ' ,100 ,1 ,1, 0
154 ,181, 136, '101 70 91 92 101 101 79 86 39 34 53 44 ' ,'0 0 0 0 0 0 0 0 0 0 0 0 ' ,80 ,1 ,1, 0
273 ,144, 236, '108 105 130 66 83 107 102 82 55 64 40 58 ' ,'0 0 210938 0 0 0 0 0 0 0 0 0 ' ,167 ,1 ,0, 0
161 ,254, 145, '57 78 136 54 72 61 83 92 84 62 37 41 ' ,'0 0 0 0 0 0 0 0 0 0 0 0 ' ,84 ,1 ,0, 0
261 ,154, 246, '84 76 89 96 91 118 73 99 32 39 236 28 ' ,'0 0 0 0 0 0 0 0 0 0 153032 0 ' ,189 ,1 ,1, 0
159 ,253, 139, '131 87 77 86 105 117 79 72 48 28 87 24 ' ,'0 0 0 0 0 0 0 0 0 0 0 0 ' ,89 ,1 ,1, 0
151 ,152, 134, '116 79 84 113 109 124 77 81 59 46 48 40 ' ,'0 0 0 0 0 0 0 0 0 0 0 0 ' ,78 ,1 ,1, 1
184 ,143, 163, '113 87 128 107 110 106 82 107 40 75 45 56 ' ,'0 0 0 0 0 0 0 0 0 0 0 0 ' ,89 ,1 ,0, 0
202 ,297, 170, '88 94 130 128 114 109 84 160 53 76 53 39 ' ,'0 0 0 0 0 0 0 0 0 0 0 0 ' ,110 ,1 ,1, 1
154 ,189, 132, '125 86 83 56 110 103 88 109 60 70 65 45 ' ,'0 0 0 0 0 0 0 0 0 0 0 0 ' ,82 ,1 ,0, 0
194 ,139, 162, '155 106 87 86 120 136 93 89 39 33 100 40 ' ,'0 0 0 0 0 0 0 0 0 0 0 0 ' ,114 ,2 ,1, 0
208 ,188, 186, '117 102 156 113 106 173 85 99 77 54 114 39 ' ,'0 0 0 0 0 0 0 0 0 0 0 0 ' ,128 ,1 ,1, 1
231 ,200, 205, '112 152 112 122 120 153 161 162 194 55 49 99 ' ,'0 0 0 0 0 0 0 0 0 0 0 0 ' ,133 ,1 ,1, 1
224 ,350, 195, '107 79 94 123 87 107 94 121 57 57 57 46 ' ,'0 0 0 0 0 0 0 0 0 0 0 0 ' ,91 ,1 ,1, 1
251 ,208, 165, '154 97 109 100 73 114 82 139 39 157 84 37 ' ,'0 0 0 0 0 0 0 0 0 0 0 0 ' ,120 ,1 ,1, 1
257 ,239, 231, '152 96 96 106 99 144 81 95 90 49 90 49 ' ,'0 0 0 0 0 0 0 0 0 0 0 0 ' ,170 ,1 ,1, 1
152 ,249, 130, '116 81 123 88 91 88 60 79 44 41 49 47 ' ,'0 0 0 0 0 0 0 0 0 0 0 0 ' ,83 ,2 ,1, 1
242 ,144, 212, '88 135 117 86 92 79 121 118 72 39 51 94 ' ,'0 0 0 0 0 199710 0 0 0 0 0 0 ' ,150 ,1 ,1, 0
179 ,236, 159, '93 80 137 148 152 103 64 126 149 78 52 34 ' ,'0 0 0 0 0 0 0 0 0 0 0 0 ' ,100 ,1 ,1, 0
177 ,171, 123, '115 74 80 87 93 106 81 99 58 45 33 45 ' ,'0 0 0 0 0 0 0 0 0 0 0 0 ' ,71 ,1 ,0, 0
377 ,148, 355, '343 85 72 98 101 342 80 57 100 49 91 27 ' ,'0 0 0 0 0 0 0 0 0 0 0 0 ' ,292 ,2 ,1, 0
