185 ,0, 99, '41 37 54 40 ' ,'0 0 0 0 ' ,16 ,1 ,8, 8
340 ,129, 314, '248 224 285 229 ' ,'0 0 0 0 ' ,59 ,0 ,6, 6
241 ,320, 225, '182 183 150 195 ' ,'0 0 0 0 ' ,48 ,1 ,4, 4
254 ,229, 236, '181 183 192 191 ' ,'0 0 0 0 ' ,18 ,1 ,2, 2
242 ,1105, 224, '172 205 217 197 ' ,'0 0 0 0 ' ,43 ,1 ,2, 1
233 ,233, 211, '194 202 206 192 ' ,'0 0 0 0 ' ,17 ,1 ,2, 2
260 ,223, 236, '214 201 189 183 ' ,'0 0 0 0 ' ,36 ,12 ,2, 2
230 ,248, 214, '203 184 196 185 ' ,'0 0 0 0 ' ,20 ,1 ,2, 2
210 ,220, 196, '171 187 178 170 ' ,'0 0 0 0 ' ,14 ,1 ,2, 2
231 ,201, 216, '180 205 187 166 ' ,'0 0 0 0 ' ,38 ,1 ,1, 1
198 ,222, 183, '172 165 172 164 ' ,'0 0 0 0 ' ,12 ,1 ,1, 1
203 ,190, 189, '165 144 172 178 ' ,'0 0 0 0 ' ,34 ,1 ,1, 1
213 ,194, 199, '184 180 173 178 ' ,'0 0 0 0 ' ,19 ,1 ,1, 1
224 ,205, 210, '198 196 172 194 ' ,'0 0 0 0 ' ,30 ,1 ,2, 1
256 ,216, 237, '203 223 202 191 ' ,'0 0 0 0 ' ,37 ,2 ,2, 2
273 ,246, 258, '205 199 218 201 ' ,'0 0 0 0 ' ,48 ,1 ,2, 2
273 ,268, 259, '202 207 247 186 ' ,'0 0 0 0 ' ,61 ,2 ,2, 2
222 ,263, 208, '196 195 188 192 ' ,'0 0 0 0 ' ,13 ,1 ,2, 1
245 ,214, 231, '210 206 219 204 ' ,'0 0 0 0 ' ,16 ,2 ,1, 1
256 ,236, 237, '223 180 188 195 ' ,'0 0 0 0 ' ,46 ,1 ,3, 2
274 ,247, 254, '210 194 185 205 ' ,'0 0 0 0 ' ,50 ,2 ,2, 2
225 ,264, 210, '190 200 199 169 ' ,'0 0 0 0 ' ,33 ,2 ,2, 2
216 ,215, 202, '181 180 186 160 ' ,'0 0 0 0 ' ,33 ,7 ,2, 1
219 ,207, 205, '194 189 188 195 ' ,'0 0 0 0 ' ,10 ,1 ,1, 1
214 ,210, 200, '193 187 186 184 ' ,'0 0 0 0 ' ,8 ,1 ,1, 1
213 ,204, 200, '189 187 170 179 ' ,'0 0 0 0 ' ,22 ,2 ,2, 2
211 ,204, 198, '182 186 179 164 ' ,'0 0 0 0 ' ,24 ,2 ,2, 1
196 ,202, 184, '172 162 165 176 ' ,'0 0 0 0 ' ,12 ,1 ,1, 1
209 ,189, 194, '183 163 175 172 ' ,'0 0 0 0 ' ,24 ,1 ,1, 1
223 ,199, 208, '172 199 178 175 ' ,'0 0 0 0 ' ,30 ,1 ,1, 1
205 ,214, 185, '175 165 172 167 ' ,'0 0 0 0 ' ,12 ,1 ,2, 2
204 ,189, 187, '173 162 175 177 ' ,'0 0 0 0 ' ,14 ,1 ,2, 1
238 ,194, 219, '209 189 198 170 ' ,'0 0 0 0 ' ,41 ,1 ,2, 2
243 ,224, 231, '191 184 209 216 ' ,'0 0 0 0 ' ,38 ,0 ,1, 1
243 ,235, 228, '203 218 210 189 ' ,'0 0 0 0 ' ,31 ,1 ,2, 2
236 ,234, 222, '214 200 199 213 ' ,'0 0 0 0 ' ,18 ,1 ,2, 1
241 ,227, 225, '215 201 196 201 ' ,'0 0 0 0 ' ,22 ,1 ,1, 1
230 ,232, 217, '208 183 192 191 ' ,'0 0 0 0 ' ,26 ,1 ,2, 1
224 ,222, 209, '188 199 201 201 ' ,'0 0 0 0 ' ,13 ,0 ,2, 2
214 ,214, 201, '175 189 191 175 ' ,'0 0 0 0 ' ,18 ,1 ,2, 2
223 ,217, 209, '200 200 190 182 ' ,'0 0 0 0 ' ,21 ,1 ,1, 1
219 ,215, 204, '189 170 170 191 ' ,'0 0 0 0 ' ,25 ,1 ,3, 2
234 ,208, 220, '204 179 209 192 ' ,'0 0 0 0 ' ,34 ,1 ,1, 1
221 ,226, 200, '171 182 189 176 ' ,'0 0 0 0 ' ,19 ,1 ,1, 1
229 ,206, 215, '191 205 182 168 ' ,'0 0 0 0 ' ,40 ,1 ,1, 1
207 ,273, 193, '177 181 171 187 ' ,'0 0 0 0 ' ,15 ,0 ,2, 1
213 ,198, 195, '184 165 178 177 ' ,'0 0 0 0 ' ,23 ,1 ,1, 1
211 ,201, 196, '185 181 180 169 ' ,'0 0 0 0 ' ,20 ,1 ,2, 2
226 ,200, 209, '182 200 175 167 ' ,'0 0 0 0 ' ,36 ,0 ,2, 1
213 ,214, 199, '174 180 168 192 ' ,'0 0 0 0 ' ,25 ,1 ,1, 1
233 ,228, 210, '203 177 186 186 ' ,'0 0 0 0 ' ,26 ,1 ,1, 1
228 ,215, 214, '200 205 200 204 ' ,'0 0 0 0 ' ,7 ,1 ,2, 2
235 ,218, 214, '191 197 201 206 ' ,'0 0 0 0 ' ,16 ,1 ,3, 2
230 ,226, 216, '190 201 202 206 ' ,'0 0 0 0 ' ,18 ,1 ,2, 1
230 ,221, 214, '192 204 200 196 ' ,'0 0 0 0 ' ,10 ,1 ,3, 2
249 ,231, 231, '209 221 213 204 ' ,'0 0 0 0 ' ,20 ,1 ,2, 2
225 ,236, 212, '187 200 201 201 ' ,'0 0 0 0 ' ,17 ,1 ,2, 2
241 ,216, 227, '216 210 212 200 ' ,'0 0 0 0 ' ,20 ,2 ,3, 2
254 ,232, 240, '231 217 215 203 ' ,'0 0 0 0 ' ,21 ,1 ,2, 2
297 ,244, 251, '208 244 191 197 ' ,'0 0 0 0 ' ,55 ,1 ,1, 1
219 ,262, 202, '193 181 177 196 ' ,'0 0 0 0 ' ,14 ,0 ,2, 1
266 ,206, 233, '175 198 182 221 ' ,'0 0 0 0 ' ,47 ,1 ,2, 2
223 ,259, 205, '197 171 180 181 ' ,'0 0 0 0 ' ,28 ,1 ,2, 1
264 ,210, 246, '207 175 179 202 ' ,'0 0 0 0 ' ,64 ,1 ,2, 2
210 ,251, 192, '184 170 169 184 ' ,'0 0 0 0 ' ,16 ,1 ,2, 1
206 ,197, 193, '176 148 174 185 ' ,'0 0 0 0 ' ,38 ,1 ,2, 2
261 ,197, 244, '185 182 175 231 ' ,'0 0 0 0 ' ,57 ,1 ,2, 2
212 ,249, 195, '180 186 185 177 ' ,'0 0 0 0 ' ,11 ,1 ,2, 1
212 ,200, 197, '186 185 171 190 ' ,'0 0 0 0 ' ,19 ,1 ,2, 2
227 ,202, 211, '188 195 191 201 ' ,'0 0 0 0 ' ,14 ,1 ,3, 1
241 ,218, 227, '192 209 190 218 ' ,'0 0 0 0 ' ,26 ,1 ,2, 2
257 ,232, 242, '193 202 183 234 ' ,'0 0 0 0 ' ,52 ,1 ,2, 2
242 ,248, 223, '214 205 197 210 ' ,'0 0 0 0 ' ,20 ,1 ,1, 1
229 ,227, 214, '205 196 192 205 ' ,'0 0 0 0 ' ,15 ,1 ,2, 2
238 ,219, 221, '191 187 193 198 ' ,'0 0 0 0 ' ,12 ,2 ,18, 1
217 ,227, 203, '193 187 180 195 ' ,'0 0 0 0 ' ,16 ,1 ,2, 1
233 ,209, 218, '184 166 164 209 ' ,'0 0 0 0 ' ,48 ,1 ,2, 2
210 ,222, 192, '183 174 178 178 ' ,'0 0 0 0 ' ,10 ,0 ,2, 2
214 ,199, 200, '192 183 162 163 ' ,'0 0 0 0 ' ,30 ,0 ,2, 2
281 ,204, 266, '185 180 168 200 ' ,'0 0 0 0 ' ,32 ,0 ,61, 2
211 ,271, 194, '165 185 152 176 ' ,'0 0 0 0 ' ,36 ,1 ,2, 2
214 ,199, 197, '164 187 183 188 ' ,'0 0 0 0 ' ,28 ,1 ,1, 1
209 ,202, 191, '166 181 179 176 ' ,'0 0 0 0 ' ,19 ,0 ,1, 1
241 ,200, 224, '215 199 175 193 ' ,'0 0 0 0 ' ,40 ,1 ,2, 2
254 ,229, 238, '180 190 159 204 ' ,'0 0 0 0 ' ,47 ,1 ,28, 1
216 ,243, 201, '194 188 191 195 ' ,'0 0 0 0 ' ,7 ,0 ,1, 1
278 ,208, 258, '196 185 176 249 ' ,'0 0 0 0 ' ,75 ,1 ,2, 2
237 ,264, 223, '192 215 201 215 ' ,'0 0 0 0 ' ,25 ,1 ,1, 1
251 ,228, 236, '226 213 181 173 ' ,'0 0 0 0 ' ,49 ,1 ,2, 2
236 ,243, 221, '189 190 204 205 ' ,'0 0 0 0 ' ,17 ,0 ,11, 2
218 ,226, 204, '182 195 181 192 ' ,'0 0 0 0 ' ,15 ,1 ,2, 2
234 ,208, 219, '196 178 187 213 ' ,'0 0 0 0 ' ,34 ,0 ,1, 1
208 ,224, 193, '184 183 156 177 ' ,'0 0 0 0 ' ,30 ,0 ,2, 1
208 ,199, 191, '169 138 183 168 ' ,'0 0 0 0 ' ,46 ,1 ,1, 1
231 ,198, 214, '188 188 174 157 ' ,'0 0 0 0 ' ,32 ,1 ,17, 2
208 ,219, 193, '185 175 166 176 ' ,'0 0 0 0 ' ,21 ,1 ,1, 1
234 ,198, 219, '175 167 159 210 ' ,'0 0 0 0 ' ,53 ,2 ,2, 1
220 ,225, 206, '182 176 159 199 ' ,'0 0 0 0 ' ,41 ,1 ,1, 0
230 ,212, 214, '204 175 170 169 ' ,'0 0 0 0 ' ,37 ,2 ,2, 2
227 ,222, 211, '195 171 179 175 ' ,'0 0 0 0 ' ,24 ,1 ,10, 1
224 ,216, 210, '193 193 189 194 ' ,'0 0 0 0 ' ,13 ,2 ,2, 2
234 ,214, 215, '204 195 193 200 ' ,'0 0 0 0 ' ,14 ,1 ,3, 2
238 ,227, 223, '199 185 189 215 ' ,'0 0 0 0 ' ,30 ,1 ,3, 1
277 ,228, 262, '253 227 211 236 ' ,'0 0 0 0 ' ,44 ,1 ,1, 1
246 ,267, 233, '198 219 213 211 ' ,'0 0 0 0 ' ,22 ,1 ,7, 2
252 ,237, 231, '197 200 201 226 ' ,'0 0 0 0 ' ,26 ,1 ,2, 1
258 ,238, 243, '187 207 208 232 ' ,'0 0 0 0 ' ,48 ,3 ,3, 2
227 ,249, 214, '204 194 199 197 ' ,'0 0 0 0 ' ,11 ,2 ,2, 2
249 ,219, 231, '220 201 196 191 ' ,'0 0 0 0 ' ,32 ,1 ,2, 2
224 ,239, 209, '202 191 186 195 ' ,'0 0 0 0 ' ,17 ,1 ,2, 2
227 ,213, 212, '194 199 186 205 ' ,'0 0 0 0 ' ,19 ,1 ,1, 1
226 ,307, 211, '188 189 201 196 ' ,'0 0 0 0 ' ,16 ,1 ,2, 2
218 ,217, 205, '159 159 163 196 ' ,'0 0 0 0 ' ,37 ,1 ,2, 2
245 ,210, 231, '221 187 182 178 ' ,'0 0 0 0 ' ,46 ,1 ,2, 1
216 ,236, 203, '193 153 184 160 ' ,'0 0 0 0 ' ,41 ,1 ,2, 2
211 ,208, 198, '189 171 185 173 ' ,'0 0 0 0 ' ,16 ,1 ,2, 2
221 ,203, 205, '177 177 185 196 ' ,'0 0 0 0 ' ,21 ,1 ,2, 1
214 ,210, 199, '188 180 183 190 ' ,'0 0 0 0 ' ,10 ,1 ,2, 2
244 ,204, 230, '219 171 181 190 ' ,'0 0 0 0 ' ,50 ,2 ,2, 2
218 ,235, 204, '185 192 185 196 ' ,'0 0 0 0 ' ,12 ,1 ,2, 2
220 ,209, 202, '192 172 179 189 ' ,'0 0 0 0 ' ,23 ,1 ,2, 1
284 ,206, 269, '185 188 188 260 ' ,'0 0 0 0 ' ,69 ,1 ,2, 2
234 ,277, 218, '198 208 197 194 ' ,'0 0 0 0 ' ,16 ,1 ,2, 2
270 ,225, 256, '246 191 189 233 ' ,'0 0 0 0 ' ,61 ,1 ,2, 1
238 ,261, 225, '212 182 217 207 ' ,'0 0 0 0 ' ,35 ,1 ,2, 2
235 ,230, 221, '211 200 191 213 ' ,'0 0 0 0 ' ,23 ,2 ,1, 1
315 ,226, 301, '188 174 189 291 ' ,'0 0 0 0 ' ,118 ,1 ,2, 2
236 ,306, 217, '190 185 208 204 ' ,'0 0 0 0 ' ,24 ,1 ,2, 1
230 ,221, 216, '200 178 184 207 ' ,'0 0 0 0 ' ,31 ,1 ,1, 0
225 ,221, 212, '201 186 157 206 ' ,'0 0 0 0 ' ,48 ,1 ,1, 1
212 ,216, 196, '178 187 187 183 ' ,'0 0 0 0 ' ,11 ,1 ,1, 1
233 ,202, 216, '176 164 190 208 ' ,'0 0 0 0 ' ,45 ,1 ,1, 1
212 ,224, 197, '173 185 181 180 ' ,'0 0 0 0 ' ,16 ,0 ,1, 1
239 ,203, 225, '202 185 183 218 ' ,'0 0 0 0 ' ,34 ,1 ,1, 1
219 ,230, 206, '194 176 196 185 ' ,'0 0 0 0 ' ,22 ,1 ,2, 2
224 ,210, 210, '195 195 201 197 ' ,'0 0 0 0 ' ,7 ,1 ,2, 2
263 ,216, 249, '205 196 190 239 ' ,'0 0 0 0 ' ,49 ,1 ,2, 2
257 ,254, 237, '223 215 227 198 ' ,'0 0 0 0 ' ,33 ,1 ,1, 1
256 ,247, 242, '229 210 193 234 ' ,'0 0 0 0 ' ,38 ,0 ,1, 1
253 ,248, 229, '217 206 210 220 ' ,'0 0 0 0 ' ,16 ,2 ,2, 1
250 ,237, 235, '200 205 226 209 ' ,'0 0 0 0 ' ,28 ,0 ,1, 1
280 ,242, 255, '199 200 216 247 ' ,'0 0 0 0 ' ,51 ,1 ,1, 1
222 ,272, 207, '195 180 188 174 ' ,'0 0 0 0 ' ,25 ,1 ,2, 2
231 ,214, 218, '207 178 201 207 ' ,'0 0 0 0 ' ,32 ,1 ,1, 1
213 ,223, 200, '190 185 165 175 ' ,'0 0 0 0 ' ,24 ,1 ,2, 1
225 ,205, 212, '179 177 201 195 ' ,'0 0 0 0 ' ,25 ,1 ,1, 1
210 ,216, 197, '183 186 187 175 ' ,'0 0 0 0 ' ,15 ,1 ,1, 1
219 ,201, 206, '195 174 183 191 ' ,'0 0 0 0 ' ,24 ,2 ,2, 1
250 ,211, 227, '218 200 178 179 ' ,'0 0 0 0 ' ,41 ,1 ,1, 1
227 ,241, 214, '199 202 192 206 ' ,'0 0 0 0 ' ,15 ,1 ,1, 0
263 ,219, 246, '206 211 234 199 ' ,'0 0 0 0 ' ,39 ,1 ,2, 2
235 ,252, 221, '205 191 186 216 ' ,'0 0 0 0 ' ,26 ,0 ,1, 1
255 ,226, 232, '198 221 205 208 ' ,'0 0 0 0 ' ,26 ,2 ,1, 1
295 ,244, 281, '269 204 221 243 ' ,'0 0 0 0 ' ,64 ,1 ,2, 2
249 ,285, 233, '223 223 213 205 ' ,'0 0 0 0 ' ,21 ,1 ,1, 1
242 ,241, 227, '218 194 213 191 ' ,'0 0 0 0 ' ,31 ,0 ,1, 1
245 ,233, 231, '186 175 172 186 ' ,'0 0 0 0 ' ,51 ,32 ,2, 2
198 ,237, 185, '166 167 174 168 ' ,'0 0 0 0 ' ,9 ,2 ,2, 2
229 ,190, 215, '204 190 172 198 ' ,'0 0 0 0 ' ,32 ,1 ,1, 1
211 ,220, 197, '185 183 186 177 ' ,'0 0 0 0 ' ,12 ,1 ,1, 1
244 ,203, 226, '195 175 216 163 ' ,'0 0 0 0 ' ,56 ,1 ,1, 1
260 ,232, 245, '187 183 184 193 ' ,'0 0 0 0 ' ,55 ,44 ,1, 1
227 ,252, 212, '187 195 201 195 ' ,'0 0 0 0 ' ,17 ,2 ,2, 1
237 ,217, 223, '212 206 203 196 ' ,'0 0 0 0 ' ,19 ,1 ,1, 1
243 ,228, 229, '199 195 196 216 ' ,'0 0 0 0 ' ,25 ,1 ,2, 2
274 ,234, 255, '202 218 242 180 ' ,'0 0 0 0 ' ,67 ,2 ,3, 2
281 ,265, 266, '195 203 199 234 ' ,'0 0 0 0 ' ,62 ,23 ,3, 2
253 ,271, 239, '226 211 226 186 ' ,'0 0 0 0 ' ,46 ,1 ,2, 2
241 ,244, 226, '202 213 168 211 ' ,'0 0 0 0 ' ,49 ,2 ,2, 2
237 ,232, 221, '201 199 199 211 ' ,'0 0 0 0 ' ,13 ,2 ,3, 2
238 ,226, 224, '198 181 212 202 ' ,'0 0 0 0 ' ,32 ,1 ,2, 2
212 ,227, 199, '179 188 166 178 ' ,'0 0 0 0 ' ,25 ,1 ,1, 1
213 ,204, 197, '178 187 181 179 ' ,'0 0 0 0 ' ,13 ,2 ,2, 2
216 ,205, 202, '187 191 172 192 ' ,'0 0 0 0 ' ,23 ,1 ,1, 1
223 ,207, 201, '178 190 198 180 ' ,'0 0 0 0 ' ,19 ,1 ,2, 1
229 ,213, 214, '200 171 203 194 ' ,'0 0 0 0 ' ,33 ,2 ,2, 1
223 ,219, 204, '185 197 193 188 ' ,'0 0 0 0 ' ,11 ,2 ,1, 1
220 ,214, 205, '188 186 195 189 ' ,'0 0 0 0 ' ,10 ,1 ,1, 1
244 ,211, 230, '218 201 216 197 ' ,'0 0 0 0 ' ,23 ,1 ,2, 2
242 ,235, 225, '205 206 179 216 ' ,'0 0 0 0 ' ,39 ,1 ,2, 1
238 ,233, 225, '208 213 206 216 ' ,'0 0 0 0 ' ,10 ,1 ,2, 2
248 ,229, 235, '216 221 207 222 ' ,'0 0 0 0 ' ,19 ,1 ,3, 2
252 ,240, 238, '208 224 199 225 ' ,'0 0 0 0 ' ,28 ,2 ,2, 2
248 ,243, 231, '213 205 186 220 ' ,'0 0 0 0 ' ,36 ,1 ,2, 2
237 ,240, 217, '180 205 174 173 ' ,'0 0 0 0 ' ,35 ,2 ,1, 1
228 ,223, 214, '175 179 158 202 ' ,'0 0 0 0 ' ,49 ,1 ,1, 1
210 ,220, 196, '162 171 181 187 ' ,'0 0 0 0 ' ,27 ,2 ,1, 1
219 ,200, 202, '185 175 182 192 ' ,'0 0 0 0 ' ,18 ,2 ,2, 1
230 ,211, 218, '203 170 167 197 ' ,'0 0 0 0 ' ,39 ,1 ,2, 1
220 ,221, 207, '172 158 144 196 ' ,'0 0 0 0 ' ,53 ,1 ,2, 2
218 ,211, 204, '180 191 167 186 ' ,'0 0 0 0 ' ,30 ,1 ,2, 1
208 ,210, 194, '179 183 174 163 ' ,'0 0 0 0 ' ,22 ,2 ,1, 1
228 ,199, 214, '183 183 174 204 ' ,'0 0 0 0 ' ,31 ,2 ,2, 1
236 ,218, 222, '210 169 204 209 ' ,'0 0 0 0 ' ,41 ,1 ,1, 1
255 ,229, 241, '204 186 191 229 ' ,'0 0 0 0 ' ,45 ,2 ,2, 2
257 ,245, 238, '218 206 194 229 ' ,'0 0 0 0 ' ,38 ,1 ,2, 2
221 ,268, 208, '191 193 178 167 ' ,'0 0 0 0 ' ,28 ,1 ,3, 2
241 ,212, 228, '191 194 178 218 ' ,'0 0 0 0 ' ,40 ,1 ,3, 2
234 ,231, 219, '206 183 180 205 ' ,'0 0 0 0 ' ,32 ,1 ,2, 2
212 ,223, 199, '184 187 165 166 ' ,'0 0 0 0 ' ,24 ,1 ,2, 1
206 ,204, 193, '169 163 182 174 ' ,'0 0 0 0 ' ,21 ,1 ,2, 2
214 ,198, 201, '171 170 188 147 ' ,'0 0 0 0 ' ,45 ,2 ,2, 1
233 ,205, 211, '178 191 163 188 ' ,'0 0 0 0 ' ,40 ,1 ,2, 2
228 ,223, 208, '195 174 178 181 ' ,'0 0 0 0 ' ,24 ,2 ,2, 1
422 ,212, 207, '196 184 162 169 ' ,'0 0 0 0 ' ,36 ,1 ,1, 1
219 ,212, 206, '192 192 193 186 ' ,'0 0 0 0 ' ,12 ,1 ,1, 1
228 ,211, 214, '202 196 198 199 ' ,'0 0 0 0 ' ,9 ,2 ,2, 1
223 ,220, 209, '195 196 192 192 ' ,'0 0 0 0 ' ,8 ,1 ,2, 2
244 ,214, 226, '214 185 189 205 ' ,'0 0 0 0 ' ,30 ,1 ,2, 2
258 ,230, 243, '229 177 190 195 ' ,'0 0 0 0 ' ,57 ,2 ,3, 2
263 ,248, 248, '215 236 187 231 ' ,'0 0 0 0 ' ,53 ,2 ,1, 1
250 ,255, 233, '215 222 187 205 ' ,'0 0 0 0 ' ,39 ,2 ,1, 1
241 ,241, 224, '183 203 181 215 ' ,'0 0 0 0 ' ,34 ,2 ,1, 1
248 ,233, 233, '219 210 182 193 ' ,'0 0 0 0 ' ,41 ,2 ,2, 1
219 ,240, 206, '164 193 185 197 ' ,'0 0 0 0 ' ,34 ,1 ,2, 1
207 ,210, 193, '159 181 161 175 ' ,'0 0 0 0 ' ,25 ,1 ,1, 1
218 ,198, 201, '185 188 161 189 ' ,'0 0 0 0 ' ,31 ,1 ,2, 2
228 ,205, 214, '158 188 165 203 ' ,'0 0 0 0 ' ,47 ,1 ,1, 1
246 ,219, 230, '218 172 164 191 ' ,'0 0 0 0 ' ,57 ,2 ,1, 0
220 ,237, 208, '182 197 183 192 ' ,'0 0 0 0 ' ,17 ,1 ,1, 1
250 ,212, 234, '187 222 193 214 ' ,'0 0 0 0 ' ,39 ,2 ,1, 1
238 ,240, 224, '201 203 193 214 ' ,'0 0 0 0 ' ,22 ,1 ,2, 2
237 ,229, 223, '208 174 203 212 ' ,'0 0 0 0 ' ,39 ,1 ,2, 2
279 ,232, 262, '249 173 197 220 ' ,'0 0 0 0 ' ,77 ,1 ,2, 2
257 ,268, 237, '202 227 219 201 ' ,'0 0 0 0 ' ,30 ,1 ,2, 2
268 ,246, 253, '213 243 208 202 ' ,'0 0 0 0 ' ,43 ,1 ,2, 2
244 ,258, 226, '187 191 183 216 ' ,'0 0 0 0 ' ,35 ,1 ,1, 1
256 ,234, 243, '198 231 202 228 ' ,'0 0 0 0 ' ,36 ,1 ,3, 2
244 ,246, 231, '221 196 183 211 ' ,'0 0 0 0 ' ,41 ,1 ,1, 1
224 ,237, 211, '199 182 196 200 ' ,'0 0 0 0 ' ,19 ,1 ,2, 2
240 ,216, 227, '190 213 191 195 ' ,'0 0 0 0 ' ,29 ,1 ,1, 1
216 ,232, 198, '185 188 154 184 ' ,'0 0 0 0 ' ,36 ,1 ,1, 1
214 ,209, 200, '177 171 162 192 ' ,'0 0 0 0 ' ,31 ,1 ,1, 0
242 ,206, 203, '190 189 151 187 ' ,'0 0 0 0 ' ,43 ,1 ,2, 1
230 ,207, 216, '190 154 176 202 ' ,'0 0 0 0 ' ,50 ,1 ,2, 2
234 ,220, 222, '199 193 194 211 ' ,'0 0 0 0 ' ,18 ,1 ,2, 1
236 ,226, 222, '198 205 209 177 ' ,'0 0 0 0 ' ,35 ,1 ,2, 2
259 ,227, 243, '224 228 208 202 ' ,'0 0 0 0 ' ,30 ,2 ,3, 2
241 ,249, 227, '209 199 191 215 ' ,'0 0 0 0 ' ,27 ,1 ,3, 2
246 ,232, 232, '200 217 216 217 ' ,'0 0 0 0 ' ,23 ,1 ,2, 2
255 ,237, 240, '173 229 196 191 ' ,'0 0 0 0 ' ,59 ,1 ,1, 1
226 ,245, 213, '168 190 193 204 ' ,'0 0 0 0 ' ,35 ,1 ,2, 1
230 ,217, 212, '186 191 200 177 ' ,'0 0 0 0 ' ,26 ,1 ,1, 1
226 ,220, 213, '181 188 188 199 ' ,'0 0 0 0 ' ,23 ,5 ,2, 1
210 ,218, 196, '181 165 184 180 ' ,'0 0 0 0 ' ,21 ,1 ,2, 2
221 ,201, 209, '161 188 164 197 ' ,'0 0 0 0 ' ,38 ,1 ,2, 2
215 ,212, 201, '178 189 177 159 ' ,'0 0 0 0 ' ,33 ,1 ,1, 1
215 ,206, 201, '183 166 187 178 ' ,'0 0 0 0 ' ,25 ,2 ,2, 2
208 ,207, 193, '169 180 156 177 ' ,'0 0 0 0 ' ,26 ,1 ,2, 2
222 ,199, 206, '172 158 176 196 ' ,'0 0 0 0 ' ,39 ,1 ,1, 1
243 ,211, 229, '171 215 167 155 ' ,'0 0 0 0 ' ,67 ,1 ,2, 1
207 ,233, 193, '177 159 170 180 ' ,'0 0 0 0 ' ,23 ,1 ,2, 2
217 ,198, 204, '176 180 180 195 ' ,'0 0 0 0 ' ,19 ,1 ,2, 2
210 ,207, 198, '183 180 176 187 ' ,'0 0 0 0 ' ,13 ,1 ,2, 2
223 ,202, 210, '190 188 178 191 ' ,'0 0 0 0 ' ,19 ,1 ,2, 2
268 ,214, 253, '193 241 205 206 ' ,'0 0 0 0 ' ,52 ,1 ,1, 1
259 ,259, 242, '204 219 211 235 ' ,'0 0 0 0 ' ,29 ,1 ,2, 1
365 ,249, 351, '225 197 206 210 ' ,'0 0 0 0 ' ,143 ,113 ,3, 3
240 ,432, 226, '181 214 176 210 ' ,'0 0 0 0 ' ,42 ,1 ,2, 2
223 ,231, 205, '189 196 188 177 ' ,'0 0 0 0 ' ,21 ,1 ,1, 1
236 ,211, 222, '190 211 193 209 ' ,'0 0 0 0 ' ,24 ,2 ,1, 1
233 ,228, 215, '178 200 182 189 ' ,'0 0 0 0 ' ,25 ,1 ,1, 1
218 ,223, 203, '173 185 179 194 ' ,'0 0 0 0 ' ,21 ,0 ,2, 2
237 ,211, 222, '188 210 208 208 ' ,'0 0 0 0 ' ,25 ,1 ,1, 1
210 ,227, 195, '177 185 165 177 ' ,'0 0 0 0 ' ,23 ,2 ,1, 0
208 ,201, 192, '160 181 163 179 ' ,'0 0 0 0 ' ,23 ,1 ,2, 1
218 ,196, 203, '169 185 163 192 ' ,'0 0 0 0 ' ,32 ,2 ,2, 2
226 ,208, 208, '184 196 182 193 ' ,'0 0 0 0 ' ,16 ,1 ,2, 2
239 ,215, 225, '182 212 200 195 ' ,'0 0 0 0 ' ,33 ,1 ,2, 2
247 ,230, 232, '209 180 219 189 ' ,'0 0 0 0 ' ,44 ,1 ,2, 1
256 ,238, 239, '213 229 215 211 ' ,'0 0 0 0 ' ,21 ,1 ,2, 2
304 ,246, 242, '186 208 227 217 ' ,'0 0 0 0 ' ,43 ,1 ,2, 2
252 ,257, 237, '202 211 208 228 ' ,'0 0 0 0 ' ,25 ,1 ,1, 1
238 ,244, 220, '189 190 169 210 ' ,'0 0 0 0 ' ,41 ,1 ,2, 2
237 ,225, 222, '193 204 203 212 ' ,'0 0 0 0 ' ,20 ,1 ,1, 1
225 ,227, 209, '184 190 182 198 ' ,'0 0 0 0 ' ,22 ,2 ,2, 1
220 ,217, 203, '182 172 165 195 ' ,'0 0 0 0 ' ,31 ,0 ,1, 1
462 ,209, 448, '189 190 178 200 ' ,'0 0 0 0 ' ,260 ,239 ,3, 2
207 ,452, 193, '170 177 182 182 ' ,'0 0 0 0 ' ,15 ,1 ,1, 1
218 ,199, 200, '182 188 176 182 ' ,'0 0 0 0 ' ,15 ,1 ,2, 2
209 ,206, 194, '175 185 172 177 ' ,'0 0 0 0 ' ,15 ,1 ,1, 0
223 ,200, 201, '152 182 166 192 ' ,'0 0 0 0 ' ,40 ,1 ,1, 1
204 ,208, 190, '179 172 179 171 ' ,'0 0 0 0 ' ,11 ,0 ,1, 1
224 ,195, 211, '186 164 157 201 ' ,'0 0 0 0 ' ,45 ,1 ,2, 2
219 ,217, 205, '180 192 194 186 ' ,'0 0 0 0 ' ,17 ,1 ,2, 1
241 ,210, 228, '196 206 217 201 ' ,'0 0 0 0 ' ,21 ,1 ,1, 1
241 ,233, 228, '209 200 200 216 ' ,'0 0 0 0 ' ,18 ,1 ,2, 2
239 ,231, 224, '213 210 203 212 ' ,'0 0 0 0 ' ,14 ,1 ,2, 2
253 ,230, 238, '222 224 210 186 ' ,'0 0 0 0 ' ,44 ,1 ,1, 1
330 ,243, 316, '305 224 215 249 ' ,'0 0 0 0 ' ,82 ,2 ,2, 2
294 ,321, 276, '251 262 216 203 ' ,'0 0 0 0 ' ,65 ,1 ,2, 2
263 ,280, 248, '208 236 220 227 ' ,'0 0 0 0 ' ,32 ,1 ,1, 1
265 ,253, 246, '218 224 211 234 ' ,'0 0 0 0 ' ,24 ,1 ,2, 2
234 ,252, 217, '181 196 203 207 ' ,'0 0 0 0 ' ,27 ,1 ,2, 2
230 ,225, 216, '184 201 205 192 ' ,'0 0 0 0 ' ,23 ,1 ,2, 2
219 ,220, 204, '182 192 167 173 ' ,'0 0 0 0 ' ,32 ,2 ,1, 0
231 ,211, 217, '192 169 203 195 ' ,'0 0 0 0 ' ,37 ,1 ,2, 2
256 ,223, 243, '174 154 186 233 ' ,'0 0 0 0 ' ,77 ,1 ,2, 2
214 ,247, 201, '184 192 163 192 ' ,'0 0 0 0 ' ,29 ,1 ,1, 1
