206
1175
2170
2068
1665
1776
2033
758
728
1941
1777
1983
1896
1753
1860
1654
1690
1869
1802
1762
1692
1723
1796
1904
1711
1847
1771
1738
1729
1788
1658
1854
1843
1882
1631
1711
1757
1865
1926
1798
1765
1886
1787
1755
1805
1775
1667
1704
1738
1768
1756
1802
1832
1702
1737
1858
1741
1693
1786
1811
1790
1683
1611
1695
1788
1700
1817
1919
1743
1702
1755
1755
1659
1818
2008
1839
1744
1788
1697
1860
1738
1734
1792
1905
1657
1693
1604
1715
1922
1690
1722
1654
1600
1744
840
671
820
700
624
751
1679
1633
1865
1864
1742
1588
1641
1640
1652
1553
1630
1597
1898
1647
1894
1605
1724
1714
1671
1566
1573
1657
1564
1568
1779
1651
1593
1578
1582
1631
1672
1694
1685
1608
1636
1761
1676
1594
1599
1658
1582
1690
1728
1653
1682
1729
1594
1567
1625
