216
1183
1997
1063
1770
1727
1732
1882
1743
2010
1823
1816
1788
1716
807
748
865
1025
877
796
739
797
920
840
853
765
877
765
802
857
789
809
1037
972
895
832
849
1133
1635
1819
1608
1630
1706
1690
1574
1788
1558
1724
1585
1693
1495
829
877
790
769
862
729
737
715
726
872
783
712
743
806
773
711
770
806
1752
1848
1822
1729
1776
1946
959
797
772
761
793
856
849
853
767
841
769
756
827
827
850
811
672
621
1695
1745
1748
1774
1772
1709
1663
1795
1726
1713
1989
1804
1885
1694
1704
732
717
892
762
843
891
718
748
741
748
842
809
1743
2338
1694
1699
1662
1673
1589
1594
1825
1550
1735
1573
1535
758
677
792
714
782
752
848
749
716
936
754
753
788
766
751
716
740
