48
469
557
1703
1587
1537
764
1514
490
479
631
1503
574
1543
1453
496
500
675
1506
555
598
596
666
597
498
617
1426
480
522
550
1616
1490
660
466
557
540
477
493
492
554
566
1426
563
1628
734
1783
1568
1626
1450
641
578
514
632
1507
524
505
506
544
1496
605
1468
584
418
488
476
553
1490
480
744
652
545
536
414
505
569
381
558
1440
632
1452
550
1537
1470
545
1542
1444
513
505
456
460
542
1421
545
1492
521
577
1560
1397
471
489
485
572
1540
1478
531
495
449
531
538
1519
593
1540
1531
1565
1495
645
1582
1404
592
1641
1530
576
1515
473
634
1421
517
515
497
479
499
541
1434
530
430
485
551
1545
1440
480
643
1603
1479
581
1478
602
1388
485
472
486
576
1586
1489
646
526
493
582
1503
441
563
1430
589
1476
616
1394
626
1418
446
448
466
508
520
490
602
503
502
532
537
1460
529
511
529
1398
624
423
481
447
606
1543
1464
634
486
663
1510
463
536
1463
498
641
1576
1413
519
505
672
1504
541
399
520
509
538
