36
682
1640
1541
533
1571
1414
812
558
626
1498
469
523
529
1387
508
672
1468
470
555
1598
1399
596
727
1437
546
402
465
495
610
517
547
1509
669
617
536
487
519
495
504
493
494
663
627
678
695
597
1406
509
517
474
570
1510
601
1575
1481
565
522
583
1549
1458
721
444
425
448
509
575
514
569
664
529
619
479
529
1497
489
444
453
480
517
552
564
609
453
543
592
558
508
456
447
497
537
568
515
567
632
485
495
476
526
669
552
487
575
556
469
485
466
516
532
1464
644
550
1524
613
1536
1465
550
1466
624
1556
1425
526
491
494
500
514
612
1445
500
527
1382
520
743
501
605
557
544
529
601
517
635
773
1404
474
546
576
395
514
542
1559
1405
676
561
488
484
559
587
463
535
1380
509
624
1518
483
499
518
486
523
505
448
484
522
496
485
472
492
545
478
586
1428
527
474
460
477
467
612
1609
1487
493
467
554
1415
507
417
487
522
527
531
518
595
491
614
552
494
671
412
542
