890 ,0, 128, '47 52 49 56 48 62 60 49 ' ,'0 0 0 0 0 0 0 0 ' ,29 ,6 ,16, 16
1061 ,159, 292, '252 250 260 245 239 245 231 237 ' ,'0 0 0 0 0 0 0 0 ' ,47 ,1 ,2, 2
1235 ,1170, 1210, '194 193 203 196 173 179 193 207 ' ,'0 0 0 0 0 0 0 0 ' ,1013 ,1 ,6, 6
926 ,1219, 377, '218 201 199 208 237 213 209 209 ' ,'0 0 0 0 0 0 0 0 ' ,161 ,116 ,5, 5
345 ,393, 257, '225 221 228 214 229 206 207 236 ' ,'0 0 0 0 0 0 0 0 ' ,43 ,3 ,3, 3
274 ,328, 249, '234 221 220 230 221 214 225 214 ' ,'0 0 0 0 0 0 0 0 ' ,25 ,2 ,3, 3
298 ,265, 271, '228 218 248 234 226 233 218 212 ' ,'0 0 0 0 0 0 0 0 ' ,41 ,4 ,6, 6
280 ,280, 250, '199 206 199 205 230 215 195 197 ' ,'0 0 0 0 0 0 0 0 ' ,44 ,3 ,4, 4
259 ,270, 229, '208 191 191 194 166 189 173 168 ' ,'0 0 0 0 0 0 0 0 ' ,43 ,3 ,5, 4
249 ,239, 226, '180 201 193 196 164 200 180 173 ' ,'0 0 0 0 0 0 0 0 ' ,37 ,3 ,4, 3
231 ,235, 207, '185 193 187 182 170 189 169 178 ' ,'0 0 0 0 0 0 0 0 ' ,25 ,2 ,2, 2
255 ,224, 230, '198 211 180 188 177 178 176 185 ' ,'0 0 0 0 0 0 0 0 ' ,38 ,3 ,7, 7
267 ,240, 243, '208 218 201 230 198 217 189 203 ' ,'0 0 0 0 0 0 0 0 ' ,44 ,1 ,3, 3
269 ,259, 243, '205 218 212 215 193 229 195 191 ' ,'0 0 0 0 0 0 0 0 ' ,40 ,2 ,5, 5
267 ,258, 247, '222 213 213 230 206 227 230 193 ' ,'0 0 0 0 0 0 0 0 ' ,38 ,1 ,5, 5
278 ,260, 251, '237 224 215 225 199 224 221 217 ' ,'0 0 0 0 0 0 0 0 ' ,23 ,1 ,5, 5
270 ,278, 244, '232 226 229 222 210 226 228 211 ' ,'0 0 0 0 0 0 0 0 ' ,24 ,2 ,3, 3
281 ,256, 265, '247 239 226 226 205 212 212 207 ' ,'0 0 0 0 0 0 0 0 ' ,44 ,4 ,5, 5
277 ,273, 256, '233 239 217 233 198 211 205 208 ' ,'0 0 0 0 0 0 0 0 ' ,45 ,2 ,5, 5
273 ,267, 256, '225 224 225 220 201 238 209 210 ' ,'0 0 0 0 0 0 0 0 ' ,39 ,1 ,6, 6
275 ,263, 259, '241 238 239 234 213 211 216 212 ' ,'0 0 0 0 0 0 0 0 ' ,36 ,1 ,6, 6
256 ,266, 239, '218 224 223 220 190 211 196 225 ' ,'0 0 0 0 0 0 0 0 ' ,37 ,2 ,4, 4
264 ,253, 246, '216 227 203 227 192 198 201 217 ' ,'0 0 0 0 0 0 0 0 ' ,41 ,1 ,5, 5
263 ,254, 239, '215 206 216 225 205 220 192 202 ' ,'0 0 0 0 0 0 0 0 ' ,34 ,2 ,4, 4
274 ,249, 249, '216 216 226 218 222 200 206 193 ' ,'0 0 0 0 0 0 0 0 ' ,44 ,1 ,4, 4
603 ,264, 215, '200 187 201 198 179 193 173 177 ' ,'0 0 0 0 0 0 0 0 ' ,30 ,1 ,2, 2
249 ,224, 219, '188 189 198 206 186 176 185 178 ' ,'0 0 0 0 0 0 0 0 ' ,31 ,1 ,4, 4
239 ,233, 216, '203 190 198 202 180 186 178 171 ' ,'0 0 0 0 0 0 0 0 ' ,32 ,1 ,4, 4
258 ,225, 231, '196 195 217 191 174 208 185 173 ' ,'0 0 0 0 0 0 0 0 ' ,45 ,1 ,4, 4
278 ,242, 247, '218 201 224 234 195 189 190 184 ' ,'0 0 0 0 0 0 0 0 ' ,52 ,2 ,4, 4
260 ,257, 239, '210 224 208 219 213 202 187 197 ' ,'0 0 0 0 0 0 0 0 ' ,32 ,2 ,3, 3
280 ,252, 251, '210 221 210 211 223 205 195 206 ' ,'0 0 0 0 0 0 0 0 ' ,44 ,1 ,5, 5
1308 ,263, 257, '237 228 215 241 214 217 208 201 ' ,'0 0 0 0 0 0 0 0 ' ,44 ,1 ,5, 5
300 ,270, 276, '229 233 226 239 253 234 226 213 ' ,'0 0 0 0 0 0 0 0 ' ,52 ,1 ,3, 3
284 ,291, 257, '227 226 231 241 226 232 217 213 ' ,'0 0 0 0 0 0 0 0 ' ,30 ,2 ,5, 5
302 ,268, 279, '240 234 221 265 217 218 218 234 ' ,'0 0 0 0 0 0 0 0 ' ,51 ,2 ,5, 5
280 ,296, 255, '238 229 244 240 224 218 227 227 ' ,'0 0 0 0 0 0 0 0 ' ,28 ,1 ,3, 3
321 ,268, 264, '250 236 249 239 222 218 210 214 ' ,'0 0 0 0 0 0 0 0 ' ,43 ,2 ,5, 5
985 ,309, 259, '229 225 244 243 217 234 220 226 ' ,'0 0 0 0 0 0 0 0 ' ,28 ,2 ,4, 4
286 ,269, 252, '226 231 226 244 230 225 219 218 ' ,'0 0 0 0 0 0 0 0 ' ,28 ,1 ,4, 3
259 ,271, 233, '215 213 215 219 208 221 212 200 ' ,'0 0 0 0 0 0 0 0 ' ,22 ,1 ,4, 4
263 ,249, 239, '203 204 205 225 186 214 187 202 ' ,'0 0 0 0 0 0 0 0 ' ,41 ,2 ,4, 4
283 ,253, 256, '208 205 215 203 227 188 191 205 ' ,'0 0 0 0 0 0 0 0 ' ,57 ,1 ,4, 4
262 ,270, 233, '202 200 215 212 193 202 189 204 ' ,'0 0 0 0 0 0 0 0 ' ,28 ,1 ,6, 6
258 ,242, 222, '212 181 195 213 180 166 173 188 ' ,'0 0 0 0 0 0 0 0 ' ,46 ,1 ,4, 4
272 ,233, 249, '189 203 193 199 224 196 180 181 ' ,'0 0 0 0 0 0 0 0 ' ,58 ,1 ,4, 4
262 ,257, 236, '205 199 201 193 211 203 185 178 ' ,'0 0 0 0 0 0 0 0 ' ,48 ,2 ,3, 3
265 ,247, 240, '207 196 206 201 213 195 183 201 ' ,'0 0 0 0 0 0 0 0 ' ,46 ,3 ,4, 4
301 ,256, 279, '210 213 228 202 210 191 183 191 ' ,'0 0 0 0 0 0 0 0 ' ,85 ,37 ,4, 4
278 ,296, 254, '218 215 213 217 224 215 209 232 ' ,'0 0 0 0 0 0 0 0 ' ,34 ,1 ,4, 4
972 ,269, 278, '259 234 252 217 225 206 201 219 ' ,'0 0 0 0 0 0 0 0 ' ,62 ,1 ,6, 6
305 ,287, 278, '244 235 261 227 206 214 213 215 ' ,'0 0 0 0 0 0 0 0 ' ,51 ,1 ,5, 5
935 ,288, 257, '235 236 242 232 215 241 217 212 ' ,'0 0 0 0 0 0 0 0 ' ,31 ,1 ,5, 5
293 ,265, 275, '230 245 245 243 218 235 213 232 ' ,'0 0 0 0 0 0 0 0 ' ,48 ,14 ,5, 4
291 ,285, 274, '239 241 245 263 221 243 223 224 ' ,'0 0 0 0 0 0 0 0 ' ,43 ,1 ,3, 3
295 ,285, 277, '239 242 262 248 215 216 223 222 ' ,'0 0 0 0 0 0 0 0 ' ,48 ,1 ,5, 5
278 ,285, 260, '247 246 235 242 230 226 218 246 ' ,'0 0 0 0 0 0 0 0 ' ,30 ,1 ,4, 4
281 ,270, 262, '238 235 236 235 205 221 212 245 ' ,'0 0 0 0 0 0 0 0 ' ,44 ,1 ,6, 6
308 ,271, 292, '220 219 244 215 207 236 187 193 ' ,'0 0 0 0 0 0 0 0 ' ,90 ,31 ,5, 5
250 ,298, 227, '206 190 194 199 187 215 175 187 ' ,'0 0 0 0 0 0 0 0 ' ,41 ,1 ,3, 3
260 ,238, 235, '215 196 223 207 191 214 196 192 ' ,'0 0 0 0 0 0 0 0 ' ,32 ,0 ,4, 4
259 ,246, 235, '200 198 214 203 188 208 184 187 ' ,'0 0 0 0 0 0 0 0 ' ,40 ,1 ,2, 2
243 ,249, 222, '202 194 210 201 179 183 193 198 ' ,'0 0 0 0 0 0 0 0 ' ,29 ,0 ,4, 4
248 ,234, 226, '211 193 208 202 181 193 188 183 ' ,'0 0 0 0 0 0 0 0 ' ,29 ,1 ,4, 4
256 ,235, 236, '222 206 223 201 182 186 185 187 ' ,'0 0 0 0 0 0 0 0 ' ,41 ,1 ,3, 3
263 ,244, 240, '225 196 209 197 194 197 190 200 ' ,'0 0 0 0 0 0 0 0 ' ,37 ,2 ,4, 4
265 ,257, 239, '216 199 203 205 210 186 188 198 ' ,'0 0 0 0 0 0 0 0 ' ,45 ,1 ,3, 3
252 ,257, 228, '209 210 212 210 200 199 206 188 ' ,'0 0 0 0 0 0 0 0 ' ,27 ,1 ,4, 4
263 ,239, 244, '224 219 221 219 211 215 219 203 ' ,'0 0 0 0 0 0 0 0 ' ,29 ,1 ,3, 3
293 ,256, 272, '231 226 246 237 243 232 217 225 ' ,'0 0 0 0 0 0 0 0 ' ,43 ,1 ,4, 4
279 ,289, 261, '247 222 228 237 225 212 225 209 ' ,'0 0 0 0 0 0 0 0 ' ,39 ,1 ,5, 5
291 ,268, 271, '239 210 225 223 237 205 206 205 ' ,'0 0 0 0 0 0 0 0 ' ,55 ,1 ,4, 4
286 ,279, 261, '211 215 225 222 231 202 185 203 ' ,'0 0 0 0 0 0 0 0 ' ,65 ,1 ,3, 3
252 ,275, 229, '217 203 214 200 185 195 174 193 ' ,'0 0 0 0 0 0 0 0 ' ,44 ,1 ,4, 4
249 ,238, 223, '203 204 206 211 186 203 180 184 ' ,'0 0 0 0 0 0 0 0 ' ,31 ,1 ,4, 4
267 ,238, 240, '225 199 202 197 184 191 185 190 ' ,'0 0 0 0 0 0 0 0 ' ,43 ,2 ,4, 4
268 ,251, 244, '216 202 216 200 212 184 200 182 ' ,'0 0 0 0 0 0 0 0 ' ,50 ,2 ,3, 3
260 ,256, 238, '219 201 212 201 195 186 194 193 ' ,'0 0 0 0 0 0 0 0 ' ,38 ,1 ,3, 3
540 ,245, 514, '215 215 461 206 196 185 210 189 ' ,'0 0 241 0 0 0 0 0 ' ,312 ,37 ,4, 4
275 ,526, 248, '201 211 232 203 190 205 184 190 ' ,'0 0 0 0 0 0 0 0 ' ,51 ,1 ,4, 4
274 ,258, 250, '216 222 237 219 203 210 199 188 ' ,'0 0 0 0 0 0 0 0 ' ,50 ,1 ,4, 4
279 ,263, 253, '237 230 225 219 194 192 197 190 ' ,'0 0 0 0 0 0 0 0 ' ,50 ,2 ,5, 5
270 ,268, 249, '218 224 226 219 209 216 211 204 ' ,'0 0 0 0 0 0 0 0 ' ,32 ,1 ,4, 4
403 ,260, 376, '242 233 225 235 226 209 208 217 ' ,'0 0 0 0 0 0 0 0 ' ,148 ,110 ,5, 5
288 ,387, 264, '229 248 245 239 201 235 206 209 ' ,'0 0 0 0 0 0 0 0 ' ,44 ,2 ,6, 6
290 ,272, 263, '232 251 245 238 223 236 208 211 ' ,'0 0 0 0 0 0 0 0 ' ,45 ,1 ,3, 3
283 ,274, 263, '238 244 229 246 217 220 201 220 ' ,'0 0 0 0 0 0 0 0 ' ,49 ,1 ,5, 5
271 ,272, 246, '225 217 232 214 200 211 204 204 ' ,'0 0 0 0 0 0 0 0 ' ,34 ,2 ,4, 4
476 ,265, 228, '211 210 214 211 196 196 197 196 ' ,'0 0 0 0 0 0 0 0 ' ,21 ,1 ,3, 3
244 ,236, 224, '198 209 202 209 185 208 190 192 ' ,'0 0 0 0 0 0 0 0 ' ,28 ,1 ,4, 4
474 ,233, 455, '440 206 234 210 198 203 189 188 ' ,'216 0 0 0 0 0 0 0 ' ,255 ,1 ,5, 5
271 ,464, 254, '240 211 219 211 191 194 199 212 ' ,'0 0 0 0 0 0 0 0 ' ,53 ,1 ,3, 3
265 ,264, 247, '216 212 231 205 193 215 188 195 ' ,'0 0 0 0 0 0 0 0 ' ,46 ,1 ,5, 5
253 ,254, 235, '223 203 205 208 191 187 201 203 ' ,'0 0 0 0 0 0 0 0 ' ,36 ,1 ,5, 5
270 ,244, 252, '229 202 236 202 182 193 190 195 ' ,'0 0 0 0 0 0 0 0 ' ,55 ,1 ,6, 6
262 ,260, 235, '212 203 205 204 196 197 187 210 ' ,'0 0 0 0 0 0 0 0 ' ,35 ,1 ,5, 4
438 ,246, 413, '242 218 209 209 194 399 197 200 ' ,'0 0 0 0 0 186 0 0 ' ,201 ,1 ,5, 5
421 ,425, 399, '239 228 241 208 188 196 191 384 ' ,'0 0 0 0 0 0 0 179 ' ,195 ,1 ,5, 5
287 ,414, 266, '251 224 218 240 201 206 210 202 ' ,'0 0 0 0 0 0 0 0 ' ,53 ,2 ,4, 4
1832 ,277, 283, '267 232 224 228 209 217 211 219 ' ,'0 0 0 0 0 0 0 0 ' ,58 ,1 ,5, 5
434 ,501, 405, '225 231 218 217 235 226 389 225 ' ,'0 0 0 0 0 0 0 0 ' ,177 ,1 ,4, 4
316 ,428, 285, '244 232 234 237 230 213 232 238 ' ,'0 0 0 0 0 0 0 0 ' ,62 ,2 ,3, 3
320 ,298, 295, '239 237 236 235 257 233 216 226 ' ,'0 0 0 0 0 0 0 0 ' ,63 ,1 ,5, 5
283 ,305, 256, '241 238 234 230 212 215 211 236 ' ,'0 0 0 0 0 0 0 0 ' ,33 ,1 ,5, 5
293 ,268, 265, '234 225 228 236 226 211 207 217 ' ,'0 0 0 0 0 0 0 0 ' ,47 ,2 ,2, 2
292 ,278, 258, '231 207 215 221 219 197 204 211 ' ,'0 0 0 0 0 0 0 0 ' ,49 ,1 ,4, 4
260 ,272, 235, '205 208 219 221 194 219 196 197 ' ,'0 0 0 0 0 0 0 0 ' ,25 ,1 ,3, 3
282 ,247, 252, '208 212 229 224 205 194 192 196 ' ,'0 0 0 0 0 0 0 0 ' ,44 ,1 ,5, 5
281 ,262, 252, '225 222 218 216 216 201 190 200 ' ,'0 0 0 0 0 0 0 0 ' ,50 ,2 ,3, 3
272 ,263, 242, '204 210 228 211 199 215 188 193 ' ,'0 0 0 0 0 0 0 0 ' ,41 ,1 ,3, 3
279 ,253, 254, '237 215 226 208 201 191 187 197 ' ,'0 0 0 0 0 0 0 0 ' ,53 ,1 ,3, 3
268 ,264, 242, '209 206 211 218 202 189 193 210 ' ,'0 0 0 0 0 0 0 0 ' ,37 ,1 ,4, 4
271 ,254, 243, '198 198 202 212 205 201 186 178 ' ,'0 0 0 0 0 0 0 0 ' ,54 ,1 ,2, 2
273 ,254, 244, '209 208 214 221 189 184 201 196 ' ,'0 0 0 0 0 0 0 0 ' ,49 ,2 ,4, 4
272 ,255, 246, '218 229 207 213 197 190 196 208 ' ,'0 0 0 0 0 0 0 0 ' ,39 ,2 ,3, 3
287 ,259, 258, '216 216 222 218 212 222 198 196 ' ,'0 0 0 0 0 0 0 0 ' ,51 ,1 ,4, 4
273 ,271, 246, '228 225 218 215 202 203 210 217 ' ,'0 0 0 0 0 0 0 0 ' ,31 ,2 ,4, 4
785 ,259, 258, '228 226 221 223 213 221 215 222 ' ,'0 0 0 0 0 0 0 0 ' ,37 ,1 ,3, 3
296 ,278, 264, '236 233 226 222 215 213 227 218 ' ,'0 0 0 0 0 0 0 0 ' ,36 ,1 ,4, 4
287 ,276, 265, '245 230 240 228 213 220 220 235 ' ,'0 0 0 0 0 0 0 0 ' ,30 ,2 ,7, 7
313 ,273, 286, '266 234 255 232 226 216 215 217 ' ,'0 0 0 0 0 0 0 0 ' ,57 ,1 ,6, 6
288 ,296, 265, '220 227 218 223 226 229 194 229 ' ,'0 0 0 0 0 0 0 0 ' ,58 ,1 ,3, 3
315 ,277, 293, '228 220 245 217 249 214 192 207 ' ,'0 0 0 0 0 0 0 0 ' ,81 ,2 ,6, 6
282 ,307, 265, '229 226 249 224 199 221 201 203 ' ,'0 0 0 0 0 0 0 0 ' ,54 ,1 ,3, 3
274 ,274, 255, '219 222 225 216 204 209 197 204 ' ,'0 0 0 0 0 0 0 0 ' ,46 ,2 ,4, 4
276 ,262, 257, '238 219 220 214 199 215 202 217 ' ,'0 0 0 0 0 0 0 0 ' ,42 ,1 ,5, 5
278 ,266, 259, '236 220 237 226 197 208 192 204 ' ,'0 0 0 0 0 0 0 0 ' ,52 ,1 ,5, 5
265 ,264, 240, '220 213 220 226 195 201 210 218 ' ,'0 0 0 0 0 0 0 0 ' ,33 ,2 ,4, 4
244 ,248, 228, '208 204 195 195 188 200 177 186 ' ,'0 0 0 0 0 0 0 0 ' ,36 ,0 ,4, 4
256 ,234, 239, '207 203 213 224 182 198 192 183 ' ,'0 0 0 0 0 0 0 0 ' ,32 ,1 ,4, 4
269 ,244, 244, '226 229 210 214 192 198 197 205 ' ,'0 0 0 0 0 0 0 0 ' ,33 ,1 ,5, 5
303 ,257, 274, '239 228 241 228 232 222 203 194 ' ,'0 0 0 0 0 0 0 0 ' ,66 ,1 ,7, 7
297 ,288, 276, '235 232 241 240 228 223 223 212 ' ,'0 0 0 0 0 0 0 0 ' ,43 ,1 ,8, 8
309 ,283, 281, '261 251 234 235 211 225 226 218 ' ,'0 0 0 0 0 0 0 0 ' ,48 ,1 ,7, 7
681 ,295, 657, '254 246 238 241 612 242 207 222 ' ,'0 0 0 0 0 0 0 0 ' ,434 ,1 ,6, 6
340 ,668, 315, '241 244 247 238 268 236 212 217 ' ,'0 0 0 0 0 0 0 0 ' ,89 ,1 ,5, 5
303 ,332, 282, '240 241 260 250 213 224 215 215 ' ,'0 0 0 0 0 0 0 0 ' ,50 ,2 ,6, 6
314 ,293, 292, '244 238 236 269 244 236 213 223 ' ,'0 0 0 0 0 0 0 0 ' ,63 ,1 ,6, 6
290 ,301, 263, '232 234 232 245 216 234 208 224 ' ,'0 0 0 0 0 0 0 0 ' ,43 ,1 ,5, 5
277 ,277, 247, '220 216 236 241 210 229 209 225 ' ,'0 0 0 0 0 0 0 0 ' ,32 ,2 ,2, 2
285 ,265, 265, '201 214 213 231 215 220 193 192 ' ,'0 0 0 0 0 0 0 0 ' ,53 ,1 ,6, 6
262 ,270, 240, '197 197 215 211 187 222 190 200 ' ,'0 0 0 0 0 0 0 0 ' ,36 ,1 ,5, 5
271 ,251, 247, '228 212 211 220 182 189 195 206 ' ,'0 0 0 0 0 0 0 0 ' ,45 ,2 ,3, 3
264 ,258, 242, '206 220 208 220 195 199 188 194 ' ,'0 0 0 0 0 0 0 0 ' ,35 ,1 ,5, 5
290 ,249, 264, '219 228 212 217 219 209 213 203 ' ,'0 0 0 0 0 0 0 0 ' ,45 ,1 ,5, 5
290 ,279, 270, '225 240 235 242 220 220 214 198 ' ,'0 0 0 0 0 0 0 0 ' ,56 ,1 ,5, 5
309 ,282, 284, '264 225 251 239 219 213 226 206 ' ,'0 0 0 0 0 0 0 0 ' ,61 ,1 ,4, 4
300 ,295, 276, '255 240 239 238 217 216 229 211 ' ,'0 0 0 0 0 0 0 0 ' ,47 ,1 ,6, 6
311 ,287, 289, '241 258 237 241 236 226 219 236 ' ,'0 0 0 0 0 0 0 0 ' ,51 ,2 ,7, 7
317 ,297, 292, '242 270 242 267 232 246 224 233 ' ,'0 0 0 0 0 0 0 0 ' ,52 ,2 ,5, 5
1865 ,301, 282, '223 239 237 233 230 245 209 226 ' ,'0 0 0 0 0 0 0 0 ' ,53 ,2 ,5, 5
402 ,289, 244, '198 182 202 196 191 190 189 187 ' ,'0 0 0 0 0 0 0 0 ' ,48 ,2 ,5, 5
280 ,256, 254, '204 199 235 214 204 202 206 185 ' ,'0 0 0 0 0 0 0 0 ' ,54 ,1 ,2, 2
301 ,263, 274, '210 193 224 203 220 208 190 187 ' ,'0 0 0 0 0 0 0 0 ' ,70 ,1 ,5, 5
274 ,288, 250, '208 199 224 211 192 203 203 188 ' ,'0 0 0 0 0 0 0 0 ' ,41 ,1 ,5, 5
281 ,257, 257, '233 204 234 214 195 197 201 206 ' ,'0 0 0 0 0 0 0 0 ' ,47 ,1 ,3, 3
310 ,269, 285, '253 217 238 213 229 202 202 193 ' ,'0 0 0 0 0 0 0 0 ' ,73 ,1 ,6, 6
290 ,293, 266, '225 227 246 228 206 220 211 194 ' ,'0 0 0 0 0 0 0 0 ' ,52 ,1 ,6, 6
297 ,275, 280, '261 238 238 231 224 226 217 225 ' ,'0 0 0 0 0 0 0 0 ' ,45 ,1 ,5, 5
303 ,290, 284, '263 238 255 247 221 227 240 217 ' ,'0 0 0 0 0 0 0 0 ' ,52 ,1 ,5, 5
310 ,291, 293, '248 266 268 262 231 238 248 231 ' ,'0 0 0 0 0 0 0 0 ' ,42 ,1 ,8, 8
314 ,298, 295, '272 251 245 258 229 225 233 235 ' ,'0 0 0 0 0 0 0 0 ' ,51 ,1 ,7, 7
291 ,301, 274, '249 246 246 257 246 227 235 232 ' ,'0 0 0 0 0 0 0 0 ' ,31 ,1 ,6, 6
298 ,281, 280, '257 225 233 244 216 222 234 221 ' ,'0 0 0 0 0 0 0 0 ' ,45 ,1 ,8, 8
294 ,287, 273, '227 214 226 236 222 215 200 228 ' ,'0 0 0 0 0 0 0 0 ' ,56 ,1 ,6, 6
315 ,282, 282, '220 202 228 214 232 204 189 192 ' ,'0 0 0 0 0 0 0 0 ' ,79 ,1 ,4, 4
458 ,294, 430, '209 209 210 211 189 207 186 194 ' ,'0 0 0 0 0 0 0 0 ' ,225 ,2 ,4, 4
1759 ,437, 1737, '216 210 226 212 190 202 193 202 ' ,'0 0 0 0 0 0 0 0 ' ,1527 ,2 ,5, 5
530 ,1745, 280, '210 226 214 230 206 195 195 188 ' ,'0 0 0 0 0 0 0 0 ' ,74 ,2 ,3, 3
314 ,291, 287, '231 246 244 237 218 205 215 200 ' ,'0 0 0 0 0 0 0 0 ' ,72 ,1 ,5, 5
325 ,298, 304, '237 239 244 229 238 234 223 215 ' ,'0 0 0 0 0 0 0 0 ' ,66 ,2 ,8, 8
310 ,308, 289, '251 247 231 232 234 212 214 221 ' ,'0 0 0 0 0 0 0 0 ' ,60 ,2 ,6, 6
325 ,300, 302, '232 244 227 243 252 245 223 230 ' ,'0 0 0 0 0 0 0 0 ' ,62 ,2 ,5, 5
313 ,309, 285, '263 253 235 241 224 222 229 237 ' ,'0 0 0 0 0 0 0 0 ' ,48 ,1 ,5, 5
366 ,300, 340, '269 246 266 253 285 222 233 223 ' ,'0 0 0 0 0 0 0 0 ' ,103 ,2 ,5, 5
333 ,348, 296, '268 243 269 246 247 234 251 235 ' ,'0 0 0 0 0 0 0 0 ' ,47 ,2 ,4, 4
307 ,311, 281, '250 236 247 243 232 241 226 245 ' ,'0 0 0 0 0 0 0 0 ' ,37 ,1 ,5, 5
322 ,296, 301, '224 220 240 238 245 222 204 216 ' ,'0 0 0 0 0 0 0 0 ' ,81 ,2 ,4, 4
497 ,311, 286, '227 207 224 225 225 212 194 200 ' ,'0 0 0 0 0 0 0 0 ' ,75 ,1 ,5, 4
295 ,298, 275, '220 214 218 207 203 195 185 187 ' ,'0 0 0 0 0 0 0 0 ' ,72 ,1 ,5, 5
296 ,284, 271, '232 219 207 213 193 204 198 203 ' ,'0 0 0 0 0 0 0 0 ' ,52 ,16 ,5, 5
280 ,280, 259, '234 211 216 213 199 191 194 191 ' ,'0 0 0 0 0 0 0 0 ' ,53 ,1 ,3, 3
323 ,273, 299, '242 232 210 214 233 194 195 193 ' ,'0 0 0 0 0 0 0 0 ' ,84 ,1 ,5, 5
626 ,304, 605, '216 220 213 201 202 209 206 196 ' ,'0 0 0 0 0 0 0 0 ' ,388 ,2 ,6, 6
285 ,613, 261, '230 220 225 219 197 194 190 210 ' ,'0 0 0 0 0 0 0 0 ' ,53 ,2 ,6, 6
326 ,271, 295, '236 217 224 211 233 200 215 207 ' ,'0 0 0 0 0 0 0 0 ' ,76 ,2 ,4, 4
312 ,302, 287, '248 232 219 219 222 203 210 224 ' ,'0 0 0 0 0 0 0 0 ' ,63 ,1 ,6, 6
320 ,296, 297, '227 237 233 234 242 218 228 210 ' ,'0 0 0 0 0 0 0 0 ' ,71 ,2 ,5, 5
335 ,309, 316, '238 251 238 231 254 235 220 234 ' ,'0 0 0 0 0 0 0 0 ' ,79 ,2 ,5, 5
363 ,324, 340, '249 245 248 244 277 231 219 237 ' ,'0 0 0 0 0 0 0 0 ' ,102 ,2 ,6, 6
325 ,353, 301, '245 243 244 255 223 219 212 228 ' ,'0 0 0 0 0 0 0 0 ' ,60 ,16 ,6, 6
287 ,314, 262, '219 210 228 224 204 226 203 202 ' ,'0 0 0 0 0 0 0 0 ' ,43 ,1 ,5, 5
311 ,275, 289, '219 221 237 216 224 205 197 203 ' ,'0 0 0 0 0 0 0 0 ' ,74 ,2 ,4, 4
263 ,300, 246, '211 208 218 225 194 212 201 209 ' ,'0 0 0 0 0 0 0 0 ' ,32 ,2 ,4, 4
252 ,252, 233, '195 214 212 215 184 194 183 207 ' ,'0 0 0 0 0 0 0 0 ' ,35 ,1 ,3, 3
259 ,241, 242, '211 209 216 205 190 194 196 181 ' ,'0 0 0 0 0 0 0 0 ' ,41 ,2 ,4, 4
258 ,249, 241, '221 209 214 215 192 189 193 201 ' ,'0 0 0 0 0 0 0 0 ' ,36 ,2 ,3, 3
261 ,248, 242, '205 217 224 205 203 207 195 197 ' ,'0 0 0 0 0 0 0 0 ' ,32 ,2 ,3, 3
266 ,251, 248, '225 224 218 225 197 201 208 212 ' ,'0 0 0 0 0 0 0 0 ' ,36 ,2 ,5, 5
1381 ,260, 1358, '245 245 220 227 204 205 212 220 ' ,'0 0 0 0 0 0 0 0 ' ,1136 ,23 ,5, 5
313 ,1371, 295, '233 230 228 218 228 206 224 214 ' ,'0 0 0 0 0 0 0 0 ' ,68 ,2 ,4, 4
325 ,310, 301, '255 232 234 230 236 238 230 225 ' ,'0 0 0 0 0 0 0 0 ' ,51 ,2 ,6, 6
357 ,309, 337, '248 240 239 250 274 232 227 237 ' ,'0 0 0 0 0 0 0 0 ' ,88 ,1 ,6, 6
341 ,344, 316, '245 236 242 256 253 228 234 255 ' ,'0 0 0 0 0 0 0 0 ' ,69 ,2 ,6, 6
307 ,327, 287, '262 246 235 236 219 243 208 228 ' ,'0 0 0 0 0 0 0 0 ' ,62 ,2 ,5, 5
300 ,304, 274, '238 228 244 239 213 232 207 223 ' ,'0 0 0 0 0 0 0 0 ' ,49 ,2 ,3, 3
280 ,286, 261, '225 223 238 234 204 216 213 206 ' ,'0 0 0 0 0 0 0 0 ' ,40 ,2 ,4, 4
278 ,272, 254, '231 203 224 210 191 220 181 201 ' ,'0 0 0 0 0 0 0 0 ' ,56 ,2 ,4, 4
281 ,264, 253, '208 206 202 205 193 187 181 184 ' ,'0 0 0 0 0 0 0 0 ' ,57 ,2 ,3, 3
1532 ,262, 831, '209 204 224 204 203 195 199 190 ' ,'0 0 0 0 0 0 0 0 ' ,623 ,2 ,4, 4
1847 ,1653, 302, '212 202 217 205 218 208 195 198 ' ,'0 0 0 0 0 0 0 0 ' ,84 ,1 ,4, 4
303 ,310, 269, '221 232 216 222 203 202 202 203 ' ,'0 0 0 0 0 0 0 0 ' ,50 ,2 ,6, 6
337 ,279, 308, '238 228 242 231 232 221 214 213 ' ,'0 0 0 0 0 0 0 0 ' ,75 ,1 ,5, 5
324 ,315, 293, '235 240 244 229 221 240 220 232 ' ,'0 0 0 0 0 0 0 0 ' ,52 ,1 ,5, 5
337 ,306, 317, '240 241 235 237 247 232 222 249 ' ,'0 0 0 0 0 0 0 0 ' ,78 ,2 ,5, 5
332 ,323, 307, '238 238 240 260 239 248 230 231 ' ,'0 0 0 0 0 0 0 0 ' ,58 ,2 ,5, 5
1883 ,315, 306, '256 238 265 249 242 237 232 227 ' ,'0 0 0 0 0 0 0 0 ' ,61 ,2 ,6, 6
313 ,314, 294, '254 247 244 258 236 225 222 247 ' ,'0 0 0 0 0 0 0 0 ' ,53 ,2 ,5, 5
351 ,304, 325, '252 239 251 250 218 222 293 233 ' ,'0 0 0 0 0 0 0 0 ' ,83 ,2 ,7, 7
323 ,334, 300, '226 233 247 243 224 237 200 227 ' ,'0 0 0 0 0 0 0 0 ' ,76 ,2 ,9, 9
307 ,308, 281, '246 232 242 235 217 213 193 206 ' ,'0 0 0 0 0 0 0 0 ' ,67 ,2 ,4, 4
541 ,291, 520, '247 218 220 222 218 203 184 204 ' ,'0 0 0 0 0 0 0 0 ' ,316 ,2 ,4, 4
277 ,528, 257, '216 214 225 230 196 198 181 214 ' ,'0 0 0 0 0 0 0 0 ' ,60 ,2 ,4, 4
275 ,266, 254, '207 229 205 200 187 209 185 182 ' ,'0 0 0 0 0 0 0 0 ' ,56 ,2 ,4, 4
310 ,260, 288, '224 217 228 206 210 205 197 217 ' ,'0 0 0 0 0 0 0 0 ' ,71 ,2 ,5, 5
322 ,295, 295, '245 232 229 217 230 199 212 219 ' ,'0 0 0 0 0 0 0 0 ' ,77 ,3 ,3, 3
278 ,306, 262, '239 237 228 215 219 209 223 213 ' ,'0 0 0 0 0 0 0 0 ' ,31 ,2 ,4, 4
296 ,272, 277, '241 237 246 220 228 218 221 219 ' ,'0 0 0 0 0 0 0 0 ' ,39 ,2 ,5, 5
326 ,287, 309, '284 244 248 243 226 216 232 239 ' ,'0 0 0 0 0 0 0 0 ' ,75 ,2 ,5, 5
325 ,314, 307, '278 259 281 251 241 220 236 226 ' ,'0 0 0 0 0 0 0 0 ' ,67 ,2 ,5, 5
312 ,315, 295, '254 244 236 256 220 219 212 217 ' ,'0 0 0 0 0 0 0 0 ' ,53 ,9 ,5, 5
290 ,302, 273, '235 240 251 233 207 216 215 217 ' ,'0 0 0 0 0 0 0 0 ' ,47 ,2 ,5, 5
354 ,282, 332, '243 212 236 231 203 214 192 207 ' ,'0 0 0 0 0 0 0 0 ' ,117 ,2 ,4, 4
294 ,347, 270, '224 222 228 238 203 215 189 221 ' ,'0 0 0 0 0 0 0 0 ' ,61 ,2 ,5, 5
342 ,280, 318, '254 226 225 224 250 208 186 208 ' ,'0 0 0 0 0 0 0 0 ' ,116 ,2 ,3, 3
310 ,327, 291, '215 217 226 234 224 223 187 210 ' ,'0 0 0 0 0 0 0 0 ' ,76 ,2 ,4, 4
279 ,297, 260, '223 213 224 224 193 201 200 190 ' ,'0 0 0 0 0 0 0 0 ' ,51 ,2 ,4, 4
734 ,270, 705, '223 222 218 219 606 193 185 204 ' ,'0 0 0 0 0 0 0 0 ' ,503 ,32 ,4, 4
283 ,716, 263, '214 223 234 214 191 196 188 206 ' ,'0 0 0 0 0 0 0 0 ' ,53 ,1 ,5, 5
276 ,272, 255, '235 218 228 210 190 204 197 214 ' ,'0 0 0 0 0 0 0 0 ' ,44 ,2 ,2, 2
298 ,267, 274, '216 214 225 211 206 211 198 204 ' ,'0 0 0 0 0 0 0 0 ' ,59 ,2 ,3, 3
300 ,286, 278, '220 227 236 214 207 203 188 210 ' ,'0 0 0 0 0 0 0 0 ' ,67 ,2 ,4, 4
294 ,289, 274, '214 219 241 221 196 197 195 211 ' ,'0 0 0 0 0 0 0 0 ' ,61 ,2 ,4, 4
279 ,281, 255, '208 211 210 210 186 220 192 192 ' ,'0 0 0 0 0 0 0 0 ' ,47 ,2 ,3, 3
1876 ,266, 296, '210 220 227 218 232 206 193 195 ' ,'0 0 0 0 0 0 0 0 ' ,85 ,2 ,4, 4
509 ,308, 491, '222 221 239 219 239 235 229 204 ' ,'0 0 0 0 0 0 0 0 ' ,268 ,2 ,4, 4
344 ,505, 324, '238 246 225 227 257 249 226 245 ' ,'0 0 0 0 0 0 0 0 ' ,78 ,2 ,5, 5
326 ,335, 301, '250 233 247 242 238 225 220 245 ' ,'0 0 0 0 0 0 0 0 ' ,61 ,2 ,5, 5
320 ,314, 296, '225 228 234 279 213 234 214 214 ' ,'0 0 0 0 0 0 0 0 ' ,62 ,2 ,4, 4
591 ,311, 572, '235 214 228 224 219 201 190 201 ' ,'0 0 0 0 0 0 0 0 ' ,362 ,3 ,4, 4
347 ,582, 326, '243 215 234 211 261 206 193 206 ' ,'0 0 0 0 0 0 0 0 ' ,111 ,2 ,4, 4
316 ,333, 293, '220 216 225 240 227 208 197 211 ' ,'0 0 0 0 0 0 0 0 ' ,68 ,3 ,5, 5
288 ,301, 266, '220 214 238 209 194 205 196 196 ' ,'0 0 0 0 0 0 0 0 ' ,50 ,1 ,5, 5
317 ,274, 296, '218 214 264 215 212 232 199 204 ' ,'0 0 0 0 0 0 0 0 ' ,72 ,3 ,4, 4
288 ,303, 267, '226 205 232 199 191 191 178 190 ' ,'0 0 0 0 0 0 0 0 ' ,69 ,2 ,4, 4
470 ,274, 444, '195 421 379 197 191 196 191 183 ' ,'0 204 136 0 0 0 0 0 ' ,246 ,2 ,3, 3
297 ,460, 275, '200 214 219 200 195 211 200 191 ' ,'0 0 0 0 0 0 0 0 ' ,59 ,2 ,5, 5
306 ,282, 283, '238 233 221 217 219 235 209 202 ' ,'0 0 0 0 0 0 0 0 ' ,61 ,2 ,5, 5
322 ,290, 300, '265 247 230 225 225 218 220 234 ' ,'0 0 0 0 0 0 0 0 ' ,62 ,2 ,5, 5
320 ,306, 295, '256 236 234 238 235 217 238 242 ' ,'0 0 0 0 0 0 0 0 ' ,55 ,2 ,5, 5
542 ,301, 292, '254 249 233 243 227 227 219 239 ' ,'0 0 0 0 0 0 0 0 ' ,53 ,2 ,6, 6
306 ,301, 285, '262 243 243 253 223 238 233 228 ' ,'0 0 0 0 0 0 0 0 ' ,40 ,3 ,5, 5
301 ,294, 284, '260 233 236 253 228 232 226 230 ' ,'0 0 0 0 0 0 0 0 ' ,36 ,2 ,6, 6
284 ,290, 268, '246 237 238 241 210 217 207 232 ' ,'0 0 0 0 0 0 0 0 ' ,43 ,2 ,5, 5
298 ,276, 282, '234 224 256 231 207 233 204 208 ' ,'0 0 0 0 0 0 0 0 ' ,58 ,2 ,4, 4
291 ,289, 272, '249 222 226 233 206 212 201 224 ' ,'0 0 0 0 0 0 0 0 ' ,52 ,2 ,4, 4
298 ,280, 284, '262 206 228 229 201 200 200 200 ' ,'0 0 0 0 0 0 0 0 ' ,65 ,3 ,5, 5
319 ,288, 296, '251 218 224 220 230 199 197 194 ' ,'0 0 0 0 0 0 0 0 ' ,82 ,3 ,4, 4
474 ,311, 454, '220 217 236 218 205 197 200 210 ' ,'0 0 0 0 0 0 0 0 ' ,226 ,2 ,4, 4
404 ,465, 380, '223 214 227 212 205 198 189 201 ' ,'0 0 0 0 0 0 0 0 ' ,175 ,2 ,4, 4
304 ,388, 285, '229 211 239 210 220 197 201 191 ' ,'0 0 0 0 0 0 0 0 ' ,76 ,3 ,4, 4
290 ,291, 271, '223 208 218 212 201 210 189 217 ' ,'0 0 0 0 0 0 0 0 ' ,61 ,2 ,4, 4
320 ,280, 298, '226 210 223 195 230 197 194 190 ' ,'0 0 0 0 0 0 0 0 ' ,90 ,2 ,3, 3
344 ,306, 319, '227 231 285 208 219 204 208 201 ' ,'0 0 0 0 0 0 0 0 ' ,97 ,2 ,5, 5
338 ,330, 317, '227 245 231 212 250 240 212 208 ' ,'0 0 0 0 0 0 0 0 ' ,90 ,3 ,5, 4
317 ,324, 297, '238 230 241 218 230 233 239 215 ' ,'0 0 0 0 0 0 0 0 ' ,63 ,3 ,6, 6
326 ,307, 301, '266 233 237 230 235 215 239 242 ' ,'0 0 0 0 0 0 0 0 ' ,65 ,2 ,6, 6
350 ,312, 330, '252 236 263 238 264 246 234 222 ' ,'0 0 0 0 0 0 0 0 ' ,88 ,2 ,5, 5
320 ,337, 299, '255 249 240 266 230 227 230 246 ' ,'0 0 0 0 0 0 0 0 ' ,42 ,2 ,6, 6
369 ,307, 346, '249 258 270 252 284 235 227 235 ' ,'0 0 0 0 0 0 0 0 ' ,101 ,2 ,5, 5
617 ,358, 597, '252 246 275 264 526 244 255 233 ' ,'0 0 0 0 274 0 0 0 ' ,343 ,2 ,6, 6
1030 ,610, 343, '247 258 255 252 241 237 230 256 ' ,'0 0 0 0 0 0 0 0 ' ,93 ,28 ,6, 6
678 ,356, 427, '232 232 246 233 218 215 198 217 ' ,'0 0 0 0 0 0 0 0 ' ,178 ,3 ,6, 6
969 ,436, 291, '222 208 226 214 226 204 205 239 ' ,'0 0 0 0 0 0 0 0 ' ,71 ,3 ,4, 4
315 ,301, 282, '233 209 242 211 209 201 178 192 ' ,'0 0 0 0 0 0 0 0 ' ,77 ,2 ,5, 5
302 ,291, 274, '229 218 217 205 199 213 192 188 ' ,'0 0 0 0 0 0 0 0 ' ,68 ,7 ,5, 5
295 ,281, 263, '212 216 213 214 198 212 191 194 ' ,'0 0 0 0 0 0 0 0 ' ,57 ,2 ,2, 2
291 ,275, 269, '215 219 219 206 206 201 189 209 ' ,'0 0 0 0 0 0 0 0 ' ,60 ,2 ,2, 2
