191 ,0, 104, '34 34 42 25 27 39 19 23 28 42 21 18 35 20 37 41 36 25 45 33 ' ,'0 0 0 0 0 0 0 0 0 0 0 0 0 0 0 0 0 0 0 0 ' ,44 ,5 ,13, 13
313 ,159, 287, '253 216 247 239 248 236 228 254 232 263 268 191 239 251 258 236 227 240 243 238 ' ,'0 0 0 0 0 0 0 0 0 0 0 0 0 0 0 0 0 0 0 0 ' ,80 ,1 ,4, 4
967 ,310, 887, '60 53 52 54 51 55 52 48 52 50 47 50 54 57 64 49 49 53 64 62 ' ,'0 0 0 0 0 0 0 0 0 0 0 0 0 0 0 0 0 0 0 0 ' ,833 ,2 ,3, 3
113 ,946, 90, '62 60 59 69 70 54 62 53 67 50 51 52 53 72 67 55 52 56 53 56 ' ,'0 0 0 0 0 0 0 0 0 0 0 0 0 0 0 0 0 0 0 0 ' ,26 ,1 ,2, 2
139 ,104, 94, '62 59 69 68 59 60 64 58 51 56 56 56 61 51 63 61 55 64 51 73 ' ,'0 0 0 0 0 0 0 0 0 0 0 0 0 0 0 0 0 0 0 0 ' ,35 ,1 ,2, 2
131 ,141, 105, '59 59 59 65 92 66 71 71 59 57 61 56 61 59 70 58 61 68 52 59 ' ,'0 0 0 0 0 0 0 0 0 0 0 0 0 0 0 0 0 0 0 0 ' ,44 ,2 ,1, 1
138 ,124, 100, '66 60 70 62 61 55 74 66 88 57 58 56 57 71 56 78 52 57 66 79 ' ,'0 0 0 0 0 0 0 0 0 0 0 0 0 0 0 0 0 0 0 0 ' ,40 ,3 ,3, 3
131 ,120, 94, '57 62 62 73 58 59 68 56 66 58 64 62 65 62 72 75 56 59 66 58 ' ,'0 0 0 0 0 0 0 0 0 0 0 0 0 0 0 0 0 0 0 0 ' ,27 ,2 ,4, 4
119 ,114, 93, '54 61 64 58 72 56 71 59 56 58 65 70 59 65 63 63 59 56 75 59 ' ,'0 0 0 0 0 0 0 0 0 0 0 0 0 0 0 0 0 0 0 0 ' ,29 ,2 ,0, 0
109 ,112, 87, '62 60 69 49 67 64 55 72 65 61 50 46 59 52 58 67 53 60 52 47 ' ,'0 0 0 0 0 0 0 0 0 0 0 0 0 0 0 0 0 0 0 0 ' ,30 ,2 ,1, 1
788 ,103, 131, '48 48 63 59 51 51 54 47 47 54 48 46 47 49 46 61 54 49 59 76 ' ,'0 0 0 0 0 0 0 0 0 0 0 0 0 0 0 0 0 0 0 0 ' ,69 ,27 ,1, 1
121 ,143, 83, '46 57 51 57 44 48 51 53 53 60 49 69 48 55 49 45 52 57 67 47 ' ,'0 0 0 0 0 0 0 0 0 0 0 0 0 0 0 0 0 0 0 0 ' ,33 ,3 ,2, 2
106 ,106, 84, '53 57 57 51 53 63 61 66 54 62 49 63 64 47 45 67 46 56 45 49 ' ,'0 0 0 0 0 0 0 0 0 0 0 0 0 0 0 0 0 0 0 0 ' ,33 ,1 ,1, 1
146 ,105, 119, '84 54 79 53 68 52 71 79 83 100 59 81 92 49 87 52 58 89 64 52 ' ,'0 0 0 0 0 0 0 0 0 0 0 0 0 0 0 0 0 0 0 0 ' ,60 ,3 ,1, 1
148 ,135, 126, '95 89 85 102 102 100 95 54 54 101 92 58 94 81 100 54 73 99 85 64 ' ,'0 0 0 0 0 0 0 0 0 0 0 0 0 0 0 0 0 0 0 0 ' ,64 ,3 ,1, 1
161 ,156, 128, '66 79 82 86 75 71 87 64 90 70 63 68 81 77 93 87 72 97 70 81 ' ,'0 0 0 0 0 0 0 0 0 0 0 0 0 0 0 0 0 0 0 0 ' ,37 ,2 ,1, 1
130 ,164, 92, '79 73 71 64 84 67 75 77 78 58 64 57 66 75 87 74 80 57 69 59 ' ,'0 0 0 0 0 0 0 0 0 0 0 0 0 0 0 0 0 0 0 0 ' ,40 ,3 ,1, 1
122 ,121, 97, '66 62 60 81 61 59 62 66 66 62 60 55 54 58 52 74 53 71 71 73 ' ,'0 0 0 0 0 0 0 0 0 0 0 0 0 0 0 0 0 0 0 0 ' ,34 ,1 ,1, 1
117 ,115, 96, '72 71 59 55 64 87 64 60 63 75 75 65 54 68 65 71 53 63 63 62 ' ,'0 0 0 0 0 0 0 0 0 0 0 0 0 0 0 0 0 0 0 0 ' ,34 ,2 ,2, 2
98 ,114, 82, '51 62 56 57 55 69 65 69 52 63 59 71 63 62 63 64 58 58 57 60 ' ,'0 0 0 0 0 0 0 0 0 0 0 0 0 0 0 0 0 0 0 0 ' ,21 ,0 ,1, 1
91 ,94, 75, '50 56 66 55 62 56 60 65 50 52 52 57 56 50 59 58 54 58 53 56 ' ,'0 0 0 0 0 0 0 0 0 0 0 0 0 0 0 0 0 0 0 0 ' ,19 ,1 ,1, 1
125 ,86, 109, '71 72 89 78 60 58 65 63 77 55 68 65 69 64 57 58 64 97 85 57 ' ,'0 0 0 0 0 0 0 0 0 0 0 0 0 0 0 0 0 0 0 0 ' ,43 ,1 ,1, 1
104 ,117, 80, '58 61 56 55 62 63 59 63 65 64 65 56 58 55 61 62 55 57 60 60 ' ,'0 0 0 0 0 0 0 0 0 0 0 0 0 0 0 0 0 0 0 0 ' ,17 ,2 ,1, 1
93 ,95, 78, '65 61 59 54 60 58 65 64 57 56 64 55 51 55 58 60 55 51 51 62 ' ,'0 0 0 0 0 0 0 0 0 0 0 0 0 0 0 0 0 0 0 0 ' ,18 ,1 ,1, 1
97 ,87, 79, '55 51 65 52 48 53 69 67 56 51 51 61 51 55 54 62 64 64 59 52 ' ,'0 0 0 0 0 0 0 0 0 0 0 0 0 0 0 0 0 0 0 0 ' ,23 ,1 ,0, 0
132 ,90, 96, '73 52 71 56 61 58 62 50 51 51 48 50 49 51 65 56 60 67 48 82 ' ,'0 0 0 0 0 0 0 0 0 0 0 0 0 0 0 0 0 0 0 0 ' ,45 ,1 ,0, 0
117 ,115, 86, '50 52 60 62 51 61 57 53 56 52 60 53 50 60 70 68 55 60 79 59 ' ,'0 0 0 0 0 0 0 0 0 0 0 0 0 0 0 0 0 0 0 0 ' ,27 ,1 ,1, 1
104 ,100, 77, '62 48 55 48 60 50 48 51 54 46 52 57 53 52 51 49 54 53 48 45 ' ,'0 0 0 0 0 0 0 0 0 0 0 0 0 0 0 0 0 0 0 0 ' ,20 ,1 ,0, 0
1485 ,90, 78, '48 52 51 47 52 50 52 60 55 59 55 67 47 51 62 50 45 53 54 48 ' ,'0 0 0 0 0 0 0 0 0 0 0 0 0 0 0 0 0 0 0 0 ' ,31 ,1 ,1, 1
735 ,100, 80, '49 47 58 46 56 57 50 50 48 62 52 48 46 52 52 51 52 53 46 47 ' ,'0 0 0 0 0 0 0 0 0 0 0 0 0 0 0 0 0 0 0 0 ' ,26 ,0 ,1, 1
570 ,94, 544, '57 51 51 55 54 63 59 53 58 48 42 46 47 51 54 61 52 53 47 49 ' ,'0 0 0 0 0 0 0 0 0 0 0 0 0 0 0 0 0 0 0 0 ' ,490 ,1 ,1, 1
121 ,559, 93, '57 55 51 58 67 55 52 53 56 49 52 48 50 63 67 64 49 54 51 64 ' ,'0 0 0 0 0 0 0 0 0 0 0 0 0 0 0 0 0 0 0 0 ' ,37 ,1 ,1, 1
786 ,110, 128, '56 54 52 50 76 54 52 62 60 77 56 48 61 49 113 55 51 57 54 69 ' ,'0 0 0 0 0 0 0 0 0 0 0 0 0 0 0 0 0 0 0 0 ' ,70 ,1 ,0, 0
139 ,146, 105, '65 59 61 89 53 62 67 56 53 54 69 54 50 51 68 89 63 54 56 62 ' ,'0 0 0 0 0 0 0 0 0 0 0 0 0 0 0 0 0 0 0 0 ' ,40 ,1 ,4, 4
128 ,121, 102, '85 79 60 95 58 55 66 56 75 61 68 59 59 54 66 74 59 54 70 50 ' ,'0 0 0 0 0 0 0 0 0 0 0 0 0 0 0 0 0 0 0 0 ' ,40 ,1 ,1, 1
129 ,115, 90, '64 58 59 79 61 73 65 66 59 60 65 61 57 84 78 66 56 60 57 66 ' ,'0 0 0 0 0 0 0 0 0 0 0 0 0 0 0 0 0 0 0 0 ' ,32 ,1 ,2, 2
134 ,110, 115, '68 70 61 81 61 105 72 55 61 92 61 61 61 68 62 57 57 59 74 53 ' ,'0 0 0 0 0 0 0 0 0 0 0 0 0 0 0 0 0 0 0 0 ' ,48 ,1 ,1, 1
411 ,128, 96, '58 57 62 60 74 53 69 72 63 61 53 63 64 56 60 57 57 64 61 57 ' ,'0 0 0 0 0 0 0 0 0 0 0 0 0 0 0 0 0 0 0 0 ' ,36 ,1 ,2, 2
117 ,117, 92, '61 61 75 71 57 84 70 56 55 73 74 58 53 57 59 76 59 63 53 54 ' ,'0 0 0 0 0 0 0 0 0 0 0 0 0 0 0 0 0 0 0 0 ' ,32 ,1 ,0, 0
121 ,111, 97, '67 67 64 65 81 59 76 62 65 63 61 60 58 61 65 74 63 56 61 58 ' ,'0 0 0 0 0 0 0 0 0 0 0 0 0 0 0 0 0 0 0 0 ' ,33 ,1 ,2, 1
291 ,109, 267, '57 59 64 65 73 60 66 54 63 57 56 57 61 64 66 66 61 58 58 70 ' ,'0 0 0 0 0 0 0 0 0 0 0 0 0 0 0 0 0 0 0 0 ' ,205 ,1 ,1, 1
137 ,288, 113, '77 58 57 77 62 62 63 59 58 58 60 59 54 68 54 65 66 60 65 69 ' ,'0 0 0 0 0 0 0 0 0 0 0 0 0 0 0 0 0 0 0 0 ' ,47 ,20 ,2, 2
115 ,129, 94, '59 58 56 64 61 60 63 53 61 59 55 55 55 66 76 57 59 62 63 57 ' ,'0 0 0 0 0 0 0 0 0 0 0 0 0 0 0 0 0 0 0 0 ' ,28 ,0 ,3, 1
1079 ,106, 85, '51 60 62 57 57 58 62 53 48 57 49 54 59 55 69 67 64 51 67 54 ' ,'0 0 0 0 0 0 0 0 0 0 0 0 0 0 0 0 0 0 0 0 ' ,29 ,2 ,1, 1
377 ,99, 87, '55 53 70 58 68 69 66 59 65 67 47 70 54 68 61 59 53 64 59 60 ' ,'0 0 0 0 0 0 0 0 0 0 0 0 0 0 0 0 0 0 0 0 ' ,29 ,1 ,4, 4
180 ,99, 147, '50 53 59 58 57 50 60 55 52 53 49 57 54 63 66 57 57 60 55 59 ' ,'0 0 0 0 0 0 0 0 0 0 0 0 0 0 0 0 0 0 0 0 ' ,89 ,63 ,1, 1
112 ,162, 81, '68 46 49 47 47 53 50 51 47 63 50 46 48 57 46 54 45 51 55 45 ' ,'0 0 0 0 0 0 0 0 0 0 0 0 0 0 0 0 0 0 0 0 ' ,27 ,2 ,1, 1
113 ,97, 86, '48 47 50 50 50 45 55 50 57 53 56 46 53 59 52 48 47 56 52 62 ' ,'0 0 0 0 0 0 0 0 0 0 0 0 0 0 0 0 0 0 0 0 ' ,31 ,2 ,1, 1
116 ,104, 93, '55 50 60 58 63 61 52 52 62 64 51 47 50 47 65 49 54 61 54 61 ' ,'0 0 0 0 0 0 0 0 0 0 0 0 0 0 0 0 0 0 0 0 ' ,34 ,1 ,2, 2
116 ,104, 90, '47 55 58 49 64 56 61 58 51 66 56 55 53 55 62 51 52 61 51 58 ' ,'0 0 0 0 0 0 0 0 0 0 0 0 0 0 0 0 0 0 0 0 ' ,34 ,1 ,2, 2
169 ,105, 136, '50 52 63 53 59 70 53 60 48 67 63 49 59 53 54 58 49 48 55 53 ' ,'0 0 0 0 0 0 0 0 0 0 0 0 0 0 0 0 0 0 0 0 ' ,85 ,40 ,2, 2
271 ,159, 247, '59 62 60 58 70 59 61 53 63 48 51 60 53 59 53 56 54 60 224 58 ' ,'0 0 0 0 0 0 0 0 0 0 0 0 0 0 0 0 0 0 0 0 ' ,184 ,0 ,1, 1
131 ,260, 106, '65 56 62 56 58 59 62 55 53 56 58 56 67 63 63 65 62 57 56 82 ' ,'0 0 0 0 0 0 0 0 0 0 0 0 0 0 0 0 0 0 0 0 ' ,44 ,1 ,1, 1
118 ,119, 92, '55 60 62 69 55 56 67 63 56 67 58 63 57 55 71 69 58 64 65 53 ' ,'0 0 0 0 0 0 0 0 0 0 0 0 0 0 0 0 0 0 0 0 ' ,27 ,0 ,1, 1
96 ,103, 77, '60 63 58 66 62 66 68 67 60 58 58 60 55 58 61 65 59 66 61 57 ' ,'0 0 0 0 0 0 0 0 0 0 0 0 0 0 0 0 0 0 0 0 ' ,13 ,1 ,1, 1
155 ,89, 137, '59 63 70 89 63 62 71 55 92 60 64 57 65 54 61 64 58 61 66 61 ' ,'0 0 0 0 0 0 0 0 0 0 0 0 0 0 0 0 0 0 0 0 ' ,72 ,33 ,2, 2
96 ,145, 78, '71 65 59 71 66 56 70 63 63 59 66 62 56 59 61 60 62 58 66 57 ' ,'0 0 0 0 0 0 0 0 0 0 0 0 0 0 0 0 0 0 0 0 ' ,14 ,0 ,0, 0
128 ,89, 109, '66 60 61 64 65 76 67 58 56 61 67 57 60 66 95 66 60 62 54 74 ' ,'0 0 0 0 0 0 0 0 0 0 0 0 0 0 0 0 0 0 0 0 ' ,42 ,0 ,1, 1
95 ,118, 74, '59 62 56 68 61 60 67 56 66 61 59 55 60 65 66 67 63 63 69 56 ' ,'0 0 0 0 0 0 0 0 0 0 0 0 0 0 0 0 0 0 0 0 ' ,14 ,0 ,0, 0
94 ,85, 76, '57 57 64 67 66 64 63 60 56 62 50 58 60 57 60 69 66 58 60 62 ' ,'0 0 0 0 0 0 0 0 0 0 0 0 0 0 0 0 0 0 0 0 ' ,19 ,1 ,1, 1
151 ,86, 119, '54 58 50 62 59 55 69 60 62 56 45 58 51 53 73 58 55 55 55 68 ' ,'0 0 0 0 0 0 0 0 0 0 0 0 0 0 0 0 0 0 0 0 ' ,66 ,24 ,2, 2
115 ,137, 84, '55 50 51 58 49 55 56 46 58 58 45 50 50 56 50 55 54 51 51 69 ' ,'0 0 0 0 0 0 0 0 0 0 0 0 0 0 0 0 0 0 0 0 ' ,34 ,1 ,1, 1
111 ,102, 85, '49 50 56 49 55 48 59 52 58 55 45 50 53 53 49 68 52 55 60 63 ' ,'0 0 0 0 0 0 0 0 0 0 0 0 0 0 0 0 0 0 0 0 ' ,30 ,0 ,1, 1
125 ,100, 102, '60 59 64 90 53 52 58 54 64 53 56 52 55 74 51 61 55 52 58 68 ' ,'0 0 0 0 0 0 0 0 0 0 0 0 0 0 0 0 0 0 0 0 ' ,43 ,2 ,1, 1
120 ,118, 91, '55 51 56 59 54 46 53 60 57 58 47 45 51 59 65 50 49 53 49 51 ' ,'0 0 0 0 0 0 0 0 0 0 0 0 0 0 0 0 0 0 0 0 ' ,41 ,1 ,3, 3
112 ,107, 86, '52 51 60 63 65 48 58 56 61 59 49 54 63 52 51 52 52 49 55 51 ' ,'0 0 0 0 0 0 0 0 0 0 0 0 0 0 0 0 0 0 0 0 ' ,31 ,1 ,1, 1
106 ,101, 84, '50 50 53 50 65 48 54 55 52 48 47 46 51 65 53 65 58 57 52 51 ' ,'0 0 0 0 0 0 0 0 0 0 0 0 0 0 0 0 0 0 0 0 ' ,29 ,1 ,0, 0
877 ,100, 853, '56 53 54 81 57 61 69 49 49 48 53 60 60 74 831 61 66 49 63 78 ' ,'0 0 0 0 0 0 0 0 0 0 0 0 0 0 0 0 0 0 0 0 ' ,797 ,2 ,2, 2
117 ,863, 88, '58 57 61 61 72 59 56 54 63 54 54 50 57 53 51 61 47 72 62 64 ' ,'0 0 0 0 0 0 0 0 0 0 0 0 0 0 0 0 0 0 0 0 ' ,37 ,1 ,1, 1
127 ,107, 99, '49 47 51 71 54 54 54 55 64 52 56 48 54 77 52 63 60 51 63 72 ' ,'0 0 0 0 0 0 0 0 0 0 0 0 0 0 0 0 0 0 0 0 ' ,45 ,1 ,3, 3
133 ,115, 105, '55 67 63 54 57 56 57 62 61 75 55 53 56 59 58 63 52 58 69 62 ' ,'0 0 0 0 0 0 0 0 0 0 0 0 0 0 0 0 0 0 0 0 ' ,42 ,1 ,3, 3
122 ,118, 94, '59 57 69 57 55 68 68 60 64 59 56 63 54 55 75 56 58 51 69 59 ' ,'0 0 0 0 0 0 0 0 0 0 0 0 0 0 0 0 0 0 0 0 ' ,33 ,1 ,2, 2
121 ,112, 99, '57 63 55 73 74 59 78 52 61 56 55 60 58 57 67 59 64 59 64 62 ' ,'0 0 0 0 0 0 0 0 0 0 0 0 0 0 0 0 0 0 0 0 ' ,35 ,1 ,2, 2
779 ,106, 92, '67 60 66 63 61 58 60 67 60 71 55 56 67 56 76 58 52 62 63 57 ' ,'0 0 0 0 0 0 0 0 0 0 0 0 0 0 0 0 0 0 0 0 ' ,31 ,1 ,0, 0
242 ,113, 216, '50 55 55 56 56 51 66 53 58 74 62 51 60 56 63 52 55 53 45 53 ' ,'0 0 0 0 0 0 0 0 0 0 0 0 0 0 0 0 0 0 0 0 ' ,162 ,1 ,2, 2
115 ,229, 90, '60 51 56 53 55 59 52 50 50 73 50 47 51 63 56 55 53 53 48 50 ' ,'0 0 0 0 0 0 0 0 0 0 0 0 0 0 0 0 0 0 0 0 ' ,40 ,1 ,1, 1
122 ,107, 98, '54 54 54 51 54 63 63 54 65 44 54 49 58 83 80 65 53 55 56 43 ' ,'0 0 0 0 0 0 0 0 0 0 0 0 0 0 0 0 0 0 0 0 ' ,36 ,1 ,2, 2
117 ,109, 91, '54 58 50 68 69 52 63 51 55 48 54 57 49 67 49 52 55 64 64 55 ' ,'0 0 0 0 0 0 0 0 0 0 0 0 0 0 0 0 0 0 0 0 ' ,35 ,1 ,3, 3
109 ,103, 82, '49 59 54 52 53 45 51 52 54 62 47 47 57 50 53 52 51 70 61 51 ' ,'0 0 0 0 0 0 0 0 0 0 0 0 0 0 0 0 0 0 0 0 ' ,31 ,1 ,1, 1
116 ,100, 94, '57 66 60 62 68 50 57 49 49 64 64 50 53 68 50 59 50 69 74 55 ' ,'0 0 0 0 0 0 0 0 0 0 0 0 0 0 0 0 0 0 0 0 ' ,34 ,0 ,4, 4
113 ,106, 83, '54 56 53 49 51 52 66 53 50 61 52 54 53 47 55 58 54 57 55 53 ' ,'0 0 0 0 0 0 0 0 0 0 0 0 0 0 0 0 0 0 0 0 ' ,35 ,1 ,0, 0
108 ,105, 82, '50 52 56 71 50 57 55 60 59 52 47 50 50 49 60 50 52 48 65 52 ' ,'0 0 0 0 0 0 0 0 0 0 0 0 0 0 0 0 0 0 0 0 ' ,25 ,1 ,1, 1
115 ,97, 92, '55 51 55 62 68 50 61 55 59 51 50 54 61 55 52 57 48 53 54 61 ' ,'0 0 0 0 0 0 0 0 0 0 0 0 0 0 0 0 0 0 0 0 ' ,35 ,2 ,1, 1
655 ,105, 88, '51 54 66 57 52 51 65 51 68 70 55 52 50 52 67 56 51 49 58 55 ' ,'0 0 0 0 0 0 0 0 0 0 0 0 0 0 0 0 0 0 0 0 ' ,34 ,0 ,1, 1
119 ,108, 84, '51 53 58 56 50 50 60 56 56 49 55 55 54 60 66 57 49 67 54 60 ' ,'0 0 0 0 0 0 0 0 0 0 0 0 0 0 0 0 0 0 0 0 ' ,32 ,0 ,1, 1
130 ,103, 104, '58 57 54 55 50 60 59 54 69 77 55 51 51 60 66 55 57 64 64 79 ' ,'0 0 0 0 0 0 0 0 0 0 0 0 0 0 0 0 0 0 0 0 ' ,44 ,1 ,1, 1
126 ,119, 98, '56 63 63 54 51 61 68 58 54 61 60 58 60 50 59 71 64 56 54 72 ' ,'0 0 0 0 0 0 0 0 0 0 0 0 0 0 0 0 0 0 0 0 ' ,40 ,1 ,2, 2
123 ,116, 97, '54 61 65 64 55 64 72 62 66 62 57 58 61 60 60 61 61 66 65 72 ' ,'0 0 0 0 0 0 0 0 0 0 0 0 0 0 0 0 0 0 0 0 ' ,35 ,1 ,1, 1
121 ,115, 95, '58 52 62 54 63 53 62 58 60 74 55 58 56 56 61 62 55 60 58 54 ' ,'0 0 0 0 0 0 0 0 0 0 0 0 0 0 0 0 0 0 0 0 ' ,38 ,1 ,1, 1
675 ,112, 87, '55 55 52 62 63 52 63 67 64 50 50 57 51 56 55 61 55 51 54 51 ' ,'0 0 0 0 0 0 0 0 0 0 0 0 0 0 0 0 0 0 0 0 ' ,28 ,1 ,3, 3
93 ,99, 74, '51 52 63 63 57 47 63 45 63 56 50 46 54 58 68 52 55 57 56 57 ' ,'0 0 0 0 0 0 0 0 0 0 0 0 0 0 0 0 0 0 0 0 ' ,22 ,1 ,1, 1
93 ,88, 76, '52 49 52 52 50 59 56 50 47 50 55 46 54 62 54 55 50 54 50 62 ' ,'0 0 0 0 0 0 0 0 0 0 0 0 0 0 0 0 0 0 0 0 ' ,20 ,1 ,1, 1
90 ,83, 72, '54 52 52 62 61 50 55 50 57 60 52 51 60 63 57 55 53 56 55 53 ' ,'0 0 0 0 0 0 0 0 0 0 0 0 0 0 0 0 0 0 0 0 ' ,14 ,0 ,2, 2
97 ,83, 77, '49 55 55 50 60 48 58 62 51 54 53 56 52 71 63 49 52 54 52 57 ' ,'0 0 0 0 0 0 0 0 0 0 0 0 0 0 0 0 0 0 0 0 ' ,25 ,0 ,0, 0
92 ,93, 74, '52 58 54 58 66 52 54 52 57 51 51 52 50 64 53 54 56 63 64 54 ' ,'0 0 0 0 0 0 0 0 0 0 0 0 0 0 0 0 0 0 0 0 ' ,17 ,1 ,0, 0
88 ,87, 70, '48 47 53 55 62 47 53 58 57 62 52 48 52 63 58 49 50 53 52 51 ' ,'0 0 0 0 0 0 0 0 0 0 0 0 0 0 0 0 0 0 0 0 ' ,17 ,1 ,1, 1
124 ,82, 94, '54 53 57 48 70 53 58 53 52 57 49 60 52 49 49 53 54 50 53 52 ' ,'0 0 0 0 0 0 0 0 0 0 0 0 0 0 0 0 0 0 0 0 ' ,36 ,0 ,1, 1
119 ,109, 96, '52 55 49 57 53 66 58 52 55 49 61 59 52 58 56 53 55 49 57 76 ' ,'0 0 0 0 0 0 0 0 0 0 0 0 0 0 0 0 0 0 0 0 ' ,41 ,1 ,1, 1
110 ,112, 88, '56 50 54 56 55 55 56 48 59 57 55 48 49 55 57 51 55 52 64 72 ' ,'0 0 0 0 0 0 0 0 0 0 0 0 0 0 0 0 0 0 0 0 ' ,35 ,0 ,1, 1
113 ,106, 92, '54 62 59 54 53 83 56 54 58 64 77 52 49 50 48 49 54 56 56 59 ' ,'0 0 0 0 0 0 0 0 0 0 0 0 0 0 0 0 0 0 0 0 ' ,35 ,1 ,0, 0
120 ,104, 93, '50 54 63 53 58 54 60 55 49 51 59 54 57 50 72 59 59 64 54 53 ' ,'0 0 0 0 0 0 0 0 0 0 0 0 0 0 0 0 0 0 0 0 ' ,36 ,1 ,1, 1
118 ,106, 94, '58 55 58 53 62 63 83 59 57 79 55 56 56 62 68 55 55 58 60 72 ' ,'0 0 0 0 0 0 0 0 0 0 0 0 0 0 0 0 0 0 0 0 ' ,39 ,1 ,1, 1
123 ,115, 99, '57 62 66 73 85 61 65 55 62 51 68 68 68 62 56 60 58 58 68 57 ' ,'0 0 0 0 0 0 0 0 0 0 0 0 0 0 0 0 0 0 0 0 ' ,41 ,1 ,1, 1
119 ,115, 93, '63 64 74 74 60 59 60 60 64 71 59 63 55 60 63 63 59 56 71 54 ' ,'0 0 0 0 0 0 0 0 0 0 0 0 0 0 0 0 0 0 0 0 ' ,31 ,1 ,3, 1
122 ,108, 96, '59 60 55 66 85 57 70 64 70 55 56 61 62 60 59 61 65 60 83 56 ' ,'0 0 0 0 0 0 0 0 0 0 0 0 0 0 0 0 0 0 0 0 ' ,37 ,0 ,0, 0
117 ,117, 92, '59 64 70 77 78 60 65 63 60 60 57 59 59 60 58 67 60 61 58 63 ' ,'0 0 0 0 0 0 0 0 0 0 0 0 0 0 0 0 0 0 0 0 ' ,34 ,1 ,1, 1
133 ,112, 105, '59 58 64 71 63 68 66 66 57 83 59 59 54 64 66 66 64 56 62 57 ' ,'0 0 0 0 0 0 0 0 0 0 0 0 0 0 0 0 0 0 0 0 ' ,46 ,1 ,1, 1
117 ,125, 95, '60 58 61 62 61 62 64 59 62 57 54 56 62 63 60 66 58 59 56 71 ' ,'0 0 0 0 0 0 0 0 0 0 0 0 0 0 0 0 0 0 0 0 ' ,34 ,1 ,0, 0
124 ,110, 97, '55 57 58 58 77 57 63 64 66 60 62 56 50 62 66 62 63 63 58 57 ' ,'0 0 0 0 0 0 0 0 0 0 0 0 0 0 0 0 0 0 0 0 ' ,37 ,2 ,2, 2
209 ,118, 182, '66 50 52 65 82 54 57 49 57 56 60 55 55 54 59 74 53 55 51 56 ' ,'0 0 0 0 0 0 0 0 0 0 0 0 0 0 0 0 0 0 0 0 ' ,131 ,1 ,1, 1
119 ,201, 96, '58 58 50 58 77 55 60 53 56 56 53 51 59 70 56 57 55 53 56 49 ' ,'0 0 0 0 0 0 0 0 0 0 0 0 0 0 0 0 0 0 0 0 ' ,39 ,1 ,1, 1
127 ,111, 102, '52 52 60 60 77 51 59 60 55 59 55 50 66 63 68 61 55 57 54 64 ' ,'0 0 0 0 0 0 0 0 0 0 0 0 0 0 0 0 0 0 0 0 ' ,43 ,1 ,3, 3
111 ,117, 84, '50 54 52 68 70 59 59 57 76 50 61 53 57 66 61 57 55 66 78 53 ' ,'0 0 0 0 0 0 0 0 0 0 0 0 0 0 0 0 0 0 0 0 ' ,29 ,0 ,1, 1
141 ,103, 110, '47 47 57 62 56 50 54 57 61 50 56 46 59 52 53 56 51 57 48 71 ' ,'0 0 0 0 0 0 0 0 0 0 0 0 0 0 0 0 0 0 0 0 ' ,60 ,1 ,1, 1
121 ,132, 98, '54 54 55 54 66 53 53 56 56 80 57 49 59 52 50 57 49 50 54 62 ' ,'0 0 0 0 0 0 0 0 0 0 0 0 0 0 0 0 0 0 0 0 ' ,45 ,1 ,1, 1
126 ,117, 98, '53 52 55 54 48 56 61 53 53 67 51 51 56 62 57 59 51 74 57 55 ' ,'0 0 0 0 0 0 0 0 0 0 0 0 0 0 0 0 0 0 0 0 ' ,36 ,1 ,1, 1
661 ,111, 639, '58 54 51 53 60 53 50 52 47 65 56 48 55 62 75 50 47 54 56 47 ' ,'0 0 0 0 0 0 0 0 0 0 0 0 0 0 0 0 0 0 0 0 ' ,588 ,1 ,1, 1
129 ,656, 100, '49 55 58 54 54 52 57 54 52 53 52 48 52 52 73 53 48 51 55 52 ' ,'0 0 0 0 0 0 0 0 0 0 0 0 0 0 0 0 0 0 0 0 ' ,46 ,0 ,1, 1
134 ,119, 102, '59 60 59 56 54 60 57 51 48 52 65 53 50 65 52 62 59 57 56 74 ' ,'0 0 0 0 0 0 0 0 0 0 0 0 0 0 0 0 0 0 0 0 ' ,47 ,0 ,2, 2
114 ,125, 87, '58 55 55 63 55 57 58 51 56 50 57 50 51 58 67 59 55 60 56 51 ' ,'0 0 0 0 0 0 0 0 0 0 0 0 0 0 0 0 0 0 0 0 ' ,32 ,1 ,4, 3
113 ,105, 87, '50 53 54 56 57 55 56 46 56 50 59 50 55 73 68 54 57 60 68 55 ' ,'0 0 0 0 0 0 0 0 0 0 0 0 0 0 0 0 0 0 0 0 ' ,30 ,1 ,1, 1
114 ,102, 83, '60 59 72 69 53 55 67 51 59 51 51 57 76 62 69 57 54 51 60 64 ' ,'0 0 0 0 0 0 0 0 0 0 0 0 0 0 0 0 0 0 0 0 ' ,32 ,1 ,2, 2
115 ,104, 90, '61 59 61 54 75 61 74 56 67 59 67 56 61 52 54 62 57 56 61 64 ' ,'0 0 0 0 0 0 0 0 0 0 0 0 0 0 0 0 0 0 0 0 ' ,32 ,1 ,1, 1
116 ,106, 94, '59 61 61 64 51 59 67 57 69 64 66 67 60 57 60 61 69 58 69 72 ' ,'0 0 0 0 0 0 0 0 0 0 0 0 0 0 0 0 0 0 0 0 ' ,32 ,1 ,2, 2
112 ,111, 88, '58 59 64 64 58 62 82 66 59 56 64 68 63 60 68 59 62 58 60 57 ' ,'0 0 0 0 0 0 0 0 0 0 0 0 0 0 0 0 0 0 0 0 ' ,25 ,1 ,1, 1
112 ,102, 90, '53 60 58 55 51 56 64 53 56 71 54 63 53 63 57 59 62 53 63 59 ' ,'0 0 0 0 0 0 0 0 0 0 0 0 0 0 0 0 0 0 0 0 ' ,32 ,1 ,1, 1
89 ,105, 67, '56 60 55 64 59 60 65 60 66 52 53 57 60 62 53 63 61 58 55 50 ' ,'0 0 0 0 0 0 0 0 0 0 0 0 0 0 0 0 0 0 0 0 ' ,16 ,1 ,1, 1
94 ,82, 77, '58 54 54 62 61 57 65 57 66 56 60 64 58 63 65 68 58 60 57 53 ' ,'0 0 0 0 0 0 0 0 0 0 0 0 0 0 0 0 0 0 0 0 ' ,19 ,1 ,1, 1
94 ,87, 76, '59 64 51 61 54 62 72 54 68 53 55 58 51 66 52 57 60 58 63 53 ' ,'0 0 0 0 0 0 0 0 0 0 0 0 0 0 0 0 0 0 0 0 ' ,21 ,1 ,0, 0
87 ,89, 69, '61 63 58 62 58 49 60 56 52 55 54 57 61 57 57 52 64 57 65 54 ' ,'0 0 0 0 0 0 0 0 0 0 0 0 0 0 0 0 0 0 0 0 ' ,14 ,1 ,1, 1
88 ,80, 71, '55 61 52 66 66 56 60 51 53 53 51 57 52 64 63 54 66 52 62 52 ' ,'0 0 0 0 0 0 0 0 0 0 0 0 0 0 0 0 0 0 0 0 ' ,16 ,0 ,1, 1
87 ,81, 69, '55 53 62 61 54 50 60 56 55 54 58 61 53 55 53 65 54 56 57 57 ' ,'0 0 0 0 0 0 0 0 0 0 0 0 0 0 0 0 0 0 0 0 ' ,18 ,0 ,0, 0
103 ,82, 74, '53 49 50 54 56 61 58 46 57 58 51 46 51 57 48 55 51 49 47 63 ' ,'0 0 0 0 0 0 0 0 0 0 0 0 0 0 0 0 0 0 0 0 ' ,26 ,1 ,0, 0
115 ,95, 91, '45 53 50 83 49 57 55 49 68 52 52 53 48 51 45 52 60 51 48 67 ' ,'0 0 0 0 0 0 0 0 0 0 0 0 0 0 0 0 0 0 0 0 ' ,37 ,1 ,1, 1
774 ,109, 84, '62 63 55 65 65 57 60 50 57 65 58 50 50 53 47 54 52 49 60 53 ' ,'0 0 0 0 0 0 0 0 0 0 0 0 0 0 0 0 0 0 0 0 ' ,29 ,0 ,1, 1
115 ,103, 87, '55 53 62 59 69 56 61 57 53 62 59 52 61 53 61 54 64 59 57 54 ' ,'0 0 0 0 0 0 0 0 0 0 0 0 0 0 0 0 0 0 0 0 ' ,29 ,1 ,1, 1
122 ,101, 93, '57 61 61 66 53 87 71 60 70 64 67 60 61 55 79 62 68 56 61 61 ' ,'0 0 0 0 0 0 0 0 0 0 0 0 0 0 0 0 0 0 0 0 ' ,34 ,1 ,1, 1
124 ,111, 102, '67 56 59 52 61 65 69 61 56 61 65 58 64 53 53 75 56 57 60 77 ' ,'0 0 0 0 0 0 0 0 0 0 0 0 0 0 0 0 0 0 0 0 ' ,39 ,2 ,1, 1
130 ,118, 98, '58 57 59 64 82 53 66 58 67 58 55 58 64 59 59 59 59 62 64 57 ' ,'0 0 0 0 0 0 0 0 0 0 0 0 0 0 0 0 0 0 0 0 ' ,48 ,1 ,1, 1
184 ,121, 106, '69 59 67 59 56 58 77 57 69 56 59 58 67 65 70 85 60 75 61 68 ' ,'0 0 0 0 0 0 0 0 0 0 0 0 0 0 0 0 0 0 0 0 ' ,43 ,1 ,1, 1
120 ,122, 93, '61 58 55 70 64 66 73 56 67 62 56 55 59 62 62 56 59 63 57 76 ' ,'0 0 0 0 0 0 0 0 0 0 0 0 0 0 0 0 0 0 0 0 ' ,39 ,1 ,1, 1
116 ,112, 86, '60 55 61 72 78 61 66 58 60 61 55 55 62 59 56 64 55 65 67 58 ' ,'0 0 0 0 0 0 0 0 0 0 0 0 0 0 0 0 0 0 0 0 ' ,36 ,0 ,1, 1
123 ,110, 96, '62 61 58 62 60 55 62 59 59 60 63 57 61 72 74 55 57 64 54 64 ' ,'0 0 0 0 0 0 0 0 0 0 0 0 0 0 0 0 0 0 0 0 ' ,38 ,1 ,1, 1
105 ,112, 81, '58 54 66 60 66 59 65 57 57 55 55 53 60 58 67 69 64 57 55 58 ' ,'0 0 0 0 0 0 0 0 0 0 0 0 0 0 0 0 0 0 0 0 ' ,26 ,1 ,1, 1
508 ,100, 120, '72 52 50 48 50 58 54 51 54 54 50 51 54 57 91 50 51 60 57 49 ' ,'0 0 0 0 0 0 0 0 0 0 0 0 0 0 0 0 0 0 0 0 ' ,68 ,1 ,1, 1
143 ,135, 106, '51 57 59 54 49 51 56 54 50 87 60 48 49 61 52 54 62 55 47 53 ' ,'0 0 0 0 0 0 0 0 0 0 0 0 0 0 0 0 0 0 0 0 ' ,52 ,1 ,1, 0
115 ,123, 93, '53 55 55 54 52 51 56 49 56 50 56 52 44 58 78 49 48 50 73 51 ' ,'0 0 0 0 0 0 0 0 0 0 0 0 0 0 0 0 0 0 0 0 ' ,43 ,1 ,1, 1
109 ,110, 87, '46 51 57 76 54 49 57 52 53 47 53 43 58 58 71 58 55 56 48 51 ' ,'0 0 0 0 0 0 0 0 0 0 0 0 0 0 0 0 0 0 0 0 ' ,36 ,1 ,0, 0
111 ,107, 89, '72 69 55 58 52 64 81 49 68 54 52 72 51 51 54 55 54 55 54 67 ' ,'0 0 0 0 0 0 0 0 0 0 0 0 0 0 0 0 0 0 0 0 ' ,31 ,1 ,2, 2
127 ,105, 103, '57 56 60 85 57 59 62 56 89 60 60 55 58 70 57 60 56 53 67 78 ' ,'0 0 0 0 0 0 0 0 0 0 0 0 0 0 0 0 0 0 0 0 ' ,43 ,1 ,1, 1
122 ,117, 97, '62 66 67 57 80 81 62 65 54 64 67 56 58 80 62 60 57 57 84 60 ' ,'0 0 0 0 0 0 0 0 0 0 0 0 0 0 0 0 0 0 0 0 ' ,38 ,1 ,2, 1
129 ,110, 103, '65 56 63 65 58 64 61 61 61 55 73 54 59 77 55 72 55 70 62 90 ' ,'0 0 0 0 0 0 0 0 0 0 0 0 0 0 0 0 0 0 0 0 ' ,45 ,1 ,1, 1
110 ,125, 90, '79 66 70 77 58 85 70 62 66 62 71 55 57 79 73 65 65 64 64 57 ' ,'0 0 0 0 0 0 0 0 0 0 0 0 0 0 0 0 0 0 0 0 ' ,28 ,0 ,0, 0
123 ,106, 101, '77 65 61 57 65 61 67 61 66 64 72 56 56 73 71 66 57 65 61 79 ' ,'0 0 0 0 0 0 0 0 0 0 0 0 0 0 0 0 0 0 0 0 ' ,42 ,2 ,1, 1
128 ,116, 101, '85 54 61 68 61 70 73 60 91 56 61 55 62 75 75 61 58 67 84 53 ' ,'0 0 0 0 0 0 0 0 0 0 0 0 0 0 0 0 0 0 0 0 ' ,47 ,2 ,0, 0
121 ,117, 89, '56 57 57 70 59 62 60 62 62 57 49 51 53 55 68 55 51 58 58 52 ' ,'0 0 0 0 0 0 0 0 0 0 0 0 0 0 0 0 0 0 0 0 ' ,36 ,0 ,1, 1
142 ,113, 118, '52 54 50 54 53 57 60 51 57 50 54 50 58 61 89 55 53 59 52 48 ' ,'0 0 0 0 0 0 0 0 0 0 0 0 0 0 0 0 0 0 0 0 ' ,54 ,1 ,4, 4
110 ,129, 81, '51 49 63 59 49 75 57 49 61 45 56 53 51 57 56 57 50 53 48 61 ' ,'0 0 0 0 0 0 0 0 0 0 0 0 0 0 0 0 0 0 0 0 ' ,31 ,1 ,1, 1
109 ,98, 78, '66 67 58 82 66 57 58 58 60 52 49 51 49 49 50 66 58 59 46 46 ' ,'0 0 0 0 0 0 0 0 0 0 0 0 0 0 0 0 0 0 0 0 ' ,29 ,1 ,1, 1
104 ,103, 83, '51 53 49 62 50 56 58 52 49 59 57 58 49 54 65 61 53 52 56 58 ' ,'0 0 0 0 0 0 0 0 0 0 0 0 0 0 0 0 0 0 0 0 ' ,30 ,2 ,1, 1
116 ,99, 87, '55 55 53 55 56 61 55 51 56 53 53 53 50 58 72 60 62 53 57 55 ' ,'0 0 0 0 0 0 0 0 0 0 0 0 0 0 0 0 0 0 0 0 ' ,32 ,1 ,1, 1
791 ,104, 90, '49 55 60 59 61 54 57 54 49 74 58 56 58 63 53 48 50 60 49 52 ' ,'0 0 0 0 0 0 0 0 0 0 0 0 0 0 0 0 0 0 0 0 ' ,41 ,1 ,1, 1
85 ,112, 66, '57 49 61 61 61 53 56 56 54 50 51 52 59 52 44 51 51 56 57 47 ' ,'0 0 0 0 0 0 0 0 0 0 0 0 0 0 0 0 0 0 0 0 ' ,15 ,0 ,1, 1
90 ,78, 71, '61 60 61 52 62 57 65 58 59 55 59 59 54 57 56 56 60 55 65 56 ' ,'0 0 0 0 0 0 0 0 0 0 0 0 0 0 0 0 0 0 0 0 ' ,12 ,0 ,0, 0
112 ,87, 93, '65 56 79 61 60 59 88 69 62 55 54 56 64 61 50 61 83 67 63 60 ' ,'0 0 0 0 0 0 0 0 0 0 0 0 0 0 0 0 0 0 0 0 ' ,38 ,1 ,0, 0
131 ,114, 109, '63 84 59 67 65 71 67 58 60 61 57 81 58 65 55 59 56 56 64 58 ' ,'0 0 0 0 0 0 0 0 0 0 0 0 0 0 0 0 0 0 0 0 ' ,41 ,1 ,13, 1
132 ,124, 110, '65 70 79 60 74 61 75 62 59 61 65 58 63 64 56 59 60 61 64 63 ' ,'0 0 0 0 0 0 0 0 0 0 0 0 0 0 0 0 0 0 0 0 ' ,52 ,31 ,1, 1
132 ,128, 109, '59 64 66 67 62 65 70 57 62 68 58 59 62 56 56 78 70 61 70 60 ' ,'0 0 0 0 0 0 0 0 0 0 0 0 0 0 0 0 0 0 0 0 ' ,44 ,5 ,1, 1
134 ,125, 109, '66 63 61 59 61 62 67 61 57 57 60 53 60 67 56 63 60 62 59 79 ' ,'0 0 0 0 0 0 0 0 0 0 0 0 0 0 0 0 0 0 0 0 ' ,40 ,1 ,7, 7
115 ,118, 84, '62 60 55 56 62 58 65 65 53 56 56 57 57 62 65 56 63 57 50 51 ' ,'0 0 0 0 0 0 0 0 0 0 0 0 0 0 0 0 0 0 0 0 ' ,31 ,1 ,0, 0
111 ,105, 75, '53 58 52 51 52 56 56 58 50 70 55 46 54 69 49 58 49 54 47 50 ' ,'0 0 0 0 0 0 0 0 0 0 0 0 0 0 0 0 0 0 0 0 ' ,34 ,1 ,3, 3
118 ,104, 96, '55 53 49 55 53 50 62 49 50 56 48 53 49 61 74 56 50 47 57 46 ' ,'0 0 0 0 0 0 0 0 0 0 0 0 0 0 0 0 0 0 0 0 ' ,47 ,9 ,0, 0
1548 ,114, 86, '45 58 52 53 46 49 66 50 48 49 48 56 51 50 67 62 55 57 52 53 ' ,'0 0 0 0 0 0 0 0 0 0 0 0 0 0 0 0 0 0 0 0 ' ,37 ,1 ,0, 0
106 ,104, 82, '48 50 55 62 61 57 53 50 47 48 49 46 48 56 47 59 58 56 52 49 ' ,'0 0 0 0 0 0 0 0 0 0 0 0 0 0 0 0 0 0 0 0 ' ,29 ,1 ,1, 1
109 ,100, 86, '55 59 61 64 54 65 60 55 55 51 55 59 52 72 67 55 54 53 69 61 ' ,'0 0 0 0 0 0 0 0 0 0 0 0 0 0 0 0 0 0 0 0 ' ,31 ,1 ,0, 0
303 ,106, 197, '60 57 84 57 56 57 68 71 53 58 53 56 62 59 49 54 60 193 58 69 ' ,'0 0 0 0 0 0 0 0 0 0 0 0 0 0 0 0 0 137 0 0 ' ,140 ,1 ,1, 1
113 ,289, 89, '57 59 71 58 70 63 65 54 56 51 57 58 53 66 58 68 63 55 62 53 ' ,'0 0 0 0 0 0 0 0 0 0 0 0 0 0 0 0 0 0 0 0 ' ,31 ,0 ,1, 1
721 ,108, 691, '55 61 63 58 61 65 64 56 52 49 57 58 54 58 66 68 56 61 66 670 ' ,'0 0 0 0 0 0 0 0 0 0 0 0 0 0 0 0 0 0 0 0 ' ,637 ,1 ,1, 1
121 ,708, 102, '57 61 60 57 70 66 69 66 52 55 58 60 59 58 54 62 55 62 54 58 ' ,'0 0 0 0 0 0 0 0 0 0 0 0 0 0 0 0 0 0 0 0 ' ,41 ,1 ,2, 2
125 ,117, 98, '58 60 64 72 67 68 66 59 57 57 57 57 58 60 62 68 61 70 77 80 ' ,'0 0 0 0 0 0 0 0 0 0 0 0 0 0 0 0 0 0 0 0 ' ,38 ,1 ,1, 1
119 ,115, 96, '61 64 67 71 61 64 71 59 55 54 60 65 55 61 60 65 64 60 67 75 ' ,'0 0 0 0 0 0 0 0 0 0 0 0 0 0 0 0 0 0 0 0 ' ,37 ,2 ,2, 2
111 ,110, 84, '56 60 63 64 57 58 68 66 59 54 55 57 59 62 62 57 63 56 70 66 ' ,'0 0 0 0 0 0 0 0 0 0 0 0 0 0 0 0 0 0 0 0 ' ,24 ,0 ,2, 2
107 ,97, 89, '51 58 56 79 50 65 62 56 63 68 55 58 52 70 56 59 56 57 65 55 ' ,'0 0 0 0 0 0 0 0 0 0 0 0 0 0 0 0 0 0 0 0 ' ,31 ,1 ,1, 1
106 ,104, 87, '50 54 52 63 49 48 58 58 67 49 49 52 52 56 68 47 52 52 57 49 ' ,'0 0 0 0 0 0 0 0 0 0 0 0 0 0 0 0 0 0 0 0 ' ,38 ,2 ,1, 1
659 ,102, 87, '55 53 70 52 55 55 58 54 75 50 51 61 68 55 59 55 51 48 52 65 ' ,'0 0 0 0 0 0 0 0 0 0 0 0 0 0 0 0 0 0 0 0 ' ,34 ,1 ,1, 1
1499 ,103, 96, '53 60 57 53 61 57 57 53 51 70 47 53 54 53 54 64 51 57 50 47 ' ,'0 0 0 0 0 0 0 0 0 0 0 0 0 0 0 0 0 0 0 0 ' ,43 ,2 ,1, 1
118 ,114, 93, '53 51 63 49 45 59 57 46 50 48 60 52 53 46 54 54 51 51 58 66 ' ,'0 0 0 0 0 0 0 0 0 0 0 0 0 0 0 0 0 0 0 0 ' ,40 ,1 ,2, 2
112 ,106, 84, '49 52 64 54 64 56 54 57 51 51 49 58 56 57 48 59 51 54 59 53 ' ,'0 0 0 0 0 0 0 0 0 0 0 0 0 0 0 0 0 0 0 0 ' ,30 ,1 ,0, 0
117 ,99, 90, '56 56 56 47 68 52 61 60 51 56 54 57 52 49 54 57 52 50 53 51 ' ,'0 0 0 0 0 0 0 0 0 0 0 0 0 0 0 0 0 0 0 0 ' ,38 ,1 ,2, 2
116 ,104, 91, '53 53 63 55 68 57 59 57 55 50 63 51 57 61 59 57 56 69 56 58 ' ,'0 0 0 0 0 0 0 0 0 0 0 0 0 0 0 0 0 0 0 0 ' ,33 ,1 ,1, 1
820 ,108, 101, '60 58 64 64 52 67 61 58 53 83 54 53 59 59 74 70 54 63 61 57 ' ,'0 0 0 0 0 0 0 0 0 0 0 0 0 0 0 0 0 0 0 0 ' ,41 ,1 ,1, 1
118 ,120, 87, '55 58 61 57 70 63 61 57 53 53 58 55 60 53 58 59 54 64 50 57 ' ,'0 0 0 0 0 0 0 0 0 0 0 0 0 0 0 0 0 0 0 0 ' ,34 ,1 ,1, 1
124 ,102, 99, '64 57 68 57 81 68 71 61 51 64 58 58 60 56 57 56 65 59 66 60 ' ,'0 0 0 0 0 0 0 0 0 0 0 0 0 0 0 0 0 0 0 0 ' ,42 ,1 ,1, 1
136 ,118, 111, '59 70 67 64 75 63 68 71 67 55 61 60 60 66 53 82 60 56 75 65 ' ,'0 0 0 0 0 0 0 0 0 0 0 0 0 0 0 0 0 0 0 0 ' ,43 ,1 ,2, 2
126 ,126, 102, '63 56 68 62 59 60 66 57 57 83 57 62 61 63 59 58 74 61 58 61 ' ,'0 0 0 0 0 0 0 0 0 0 0 0 0 0 0 0 0 0 0 0 ' ,41 ,1 ,3, 3
121 ,119, 101, '54 58 58 62 55 58 67 52 59 56 49 50 53 62 55 61 53 53 61 77 ' ,'0 0 0 0 0 0 0 0 0 0 0 0 0 0 0 0 0 0 0 0 ' ,44 ,1 ,2, 2
92 ,114, 78, '50 59 56 69 52 54 63 54 62 54 55 56 53 57 53 56 67 59 64 56 ' ,'0 0 0 0 0 0 0 0 0 0 0 0 0 0 0 0 0 0 0 0 ' ,22 ,2 ,1, 1
92 ,87, 74, '47 52 60 49 52 50 55 53 52 47 56 49 54 67 51 51 54 57 65 48 ' ,'0 0 0 0 0 0 0 0 0 0 0 0 0 0 0 0 0 0 0 0 ' ,20 ,1 ,3, 2
103 ,83, 87, '48 81 52 76 56 75 54 55 51 55 61 63 54 83 50 53 76 56 81 53 ' ,'0 0 0 0 0 0 0 0 0 0 0 0 0 0 0 0 0 0 0 0 ' ,34 ,1 ,0, 0
99 ,97, 81, '51 57 47 68 54 54 53 68 51 52 52 49 51 56 49 52 52 74 50 45 ' ,'0 0 0 0 0 0 0 0 0 0 0 0 0 0 0 0 0 0 0 0 ' ,29 ,1 ,1, 1
93 ,90, 77, '61 53 72 61 66 64 62 54 53 49 59 48 53 59 44 56 47 52 64 64 ' ,'0 0 0 0 0 0 0 0 0 0 0 0 0 0 0 0 0 0 0 0 ' ,26 ,1 ,1, 1
114 ,87, 96, '51 54 62 59 85 59 54 53 53 51 55 49 61 56 51 65 50 71 60 53 ' ,'0 0 0 0 0 0 0 0 0 0 0 0 0 0 0 0 0 0 0 0 ' ,38 ,2 ,1, 1
125 ,104, 108, '54 53 65 51 59 64 62 62 71 59 58 49 56 76 49 56 48 57 51 66 ' ,'0 0 0 0 0 0 0 0 0 0 0 0 0 0 0 0 0 0 0 0 ' ,55 ,1 ,1, 1
786 ,124, 101, '52 58 61 52 58 61 58 57 51 76 56 51 62 60 52 51 52 55 55 62 ' ,'0 0 0 0 0 0 0 0 0 0 0 0 0 0 0 0 0 0 0 0 ' ,44 ,1 ,2, 2
129 ,111, 104, '56 72 61 61 67 60 58 63 53 57 65 55 61 57 75 58 56 59 66 59 ' ,'0 0 0 0 0 0 0 0 0 0 0 0 0 0 0 0 0 0 0 0 ' ,43 ,1 ,2, 2
122 ,118, 102, '50 59 58 57 78 62 62 61 57 57 65 64 59 62 71 58 56 60 65 66 ' ,'0 0 0 0 0 0 0 0 0 0 0 0 0 0 0 0 0 0 0 0 ' ,43 ,1 ,3, 3
127 ,115, 102, '62 62 61 55 57 61 64 59 51 75 65 61 60 64 57 61 57 56 53 63 ' ,'0 0 0 0 0 0 0 0 0 0 0 0 0 0 0 0 0 0 0 0 ' ,48 ,1 ,2, 2
144 ,124, 123, '54 64 64 65 92 62 70 59 55 54 58 56 71 60 85 68 57 67 59 63 ' ,'0 0 0 0 0 0 0 0 0 0 0 0 0 0 0 0 0 0 0 0 ' ,61 ,1 ,1, 1
130 ,135, 96, '60 57 62 61 67 60 68 52 57 55 59 54 64 64 81 70 62 67 66 56 ' ,'0 0 0 0 0 0 0 0 0 0 0 0 0 0 0 0 0 0 0 0 ' ,44 ,2 ,2, 2
125 ,121, 98, '55 55 56 62 58 65 62 52 65 56 57 60 64 62 67 62 58 56 57 71 ' ,'0 0 0 0 0 0 0 0 0 0 0 0 0 0 0 0 0 0 0 0 ' ,46 ,2 ,1, 1
123 ,123, 104, '62 55 60 63 80 58 62 54 60 60 63 52 64 54 68 63 63 60 60 57 ' ,'0 0 0 0 0 0 0 0 0 0 0 0 0 0 0 0 0 0 0 0 ' ,48 ,1 ,1, 0
120 ,121, 99, '52 51 71 61 73 75 62 56 52 52 58 54 76 57 56 52 57 63 52 59 ' ,'0 0 0 0 0 0 0 0 0 0 0 0 0 0 0 0 0 0 0 0 ' ,45 ,2 ,1, 1
112 ,111, 90, '46 49 75 53 60 68 53 72 57 53 61 56 43 53 50 55 50 52 58 70 ' ,'0 0 0 0 0 0 0 0 0 0 0 0 0 0 0 0 0 0 0 0 ' ,40 ,1 ,2, 2
126 ,107, 100, '55 59 50 64 60 60 50 47 50 50 47 46 47 49 50 62 50 68 66 72 ' ,'0 0 0 0 0 0 0 0 0 0 0 0 0 0 0 0 0 0 0 0 ' ,46 ,1 ,1, 1
118 ,118, 95, '52 49 53 60 69 49 51 53 51 51 49 50 53 55 54 51 53 61 51 58 ' ,'0 0 0 0 0 0 0 0 0 0 0 0 0 0 0 0 0 0 0 0 ' ,44 ,1 ,0, 0
113 ,111, 93, '55 47 55 54 67 57 52 49 47 53 56 73 50 68 59 52 70 51 71 52 ' ,'0 0 0 0 0 0 0 0 0 0 0 0 0 0 0 0 0 0 0 0 ' ,43 ,1 ,0, 0
120 ,109, 95, '65 71 50 54 53 86 43 54 46 66 58 68 49 58 53 57 48 51 51 61 ' ,'0 0 0 0 0 0 0 0 0 0 0 0 0 0 0 0 0 0 0 0 ' ,46 ,1 ,1, 1
123 ,106, 98, '75 69 70 50 51 53 56 65 50 56 53 55 49 87 67 59 54 92 77 57 ' ,'0 0 0 0 0 0 0 0 0 0 0 0 0 0 0 0 0 0 0 0 ' ,44 ,1 ,3, 3
152 ,112, 125, '85 56 62 74 58 55 58 76 49 55 78 62 57 71 57 51 59 83 63 75 ' ,'0 0 0 0 0 0 0 0 0 0 0 0 0 0 0 0 0 0 0 0 ' ,78 ,6 ,1, 1
134 ,147, 111, '62 56 61 59 66 57 60 66 59 56 59 59 60 57 53 64 58 63 62 83 ' ,'0 0 0 0 0 0 0 0 0 0 0 0 0 0 0 0 0 0 0 0 ' ,44 ,1 ,2, 2
127 ,126, 103, '65 55 66 60 54 62 67 59 60 74 64 60 60 57 55 62 60 60 59 60 ' ,'0 0 0 0 0 0 0 0 0 0 0 0 0 0 0 0 0 0 0 0 ' ,41 ,1 ,2, 2
119 ,116, 96, '61 57 63 72 54 61 63 55 64 60 59 58 67 62 62 58 66 58 67 72 ' ,'0 0 0 0 0 0 0 0 0 0 0 0 0 0 0 0 0 0 0 0 ' ,34 ,2 ,2, 2
148 ,110, 112, '65 67 60 61 57 64 71 59 58 65 59 64 64 64 64 64 65 60 59 80 ' ,'0 0 0 0 0 0 0 0 0 0 0 0 0 0 0 0 0 0 0 0 ' ,53 ,1 ,1, 1
133 ,134, 104, '59 67 69 65 62 63 68 58 76 57 63 69 58 68 58 62 64 58 78 80 ' ,'0 0 0 0 0 0 0 0 0 0 0 0 0 0 0 0 0 0 0 0 ' ,42 ,1 ,1, 1
132 ,119, 109, '60 63 60 59 61 69 69 57 57 55 62 60 60 61 56 70 68 63 63 79 ' ,'0 0 0 0 0 0 0 0 0 0 0 0 0 0 0 0 0 0 0 0 ' ,45 ,1 ,2, 2
118 ,122, 97, '66 60 58 72 65 64 70 57 69 56 58 59 57 63 53 63 67 61 62 70 ' ,'0 0 0 0 0 0 0 0 0 0 0 0 0 0 0 0 0 0 0 0 ' ,33 ,1 ,1, 1
125 ,110, 103, '54 54 60 67 76 53 60 56 64 56 56 63 56 64 57 60 54 63 58 58 ' ,'0 0 0 0 0 0 0 0 0 0 0 0 0 0 0 0 0 0 0 0 ' ,44 ,1 ,2, 2
124 ,120, 102, '53 56 54 59 73 59 62 50 66 57 61 53 62 57 54 67 57 56 61 59 ' ,'0 0 0 0 0 0 0 0 0 0 0 0 0 0 0 0 0 0 0 0 ' ,40 ,2 ,3, 3
135 ,113, 111, '57 51 52 64 54 72 61 54 66 53 67 52 52 57 86 56 52 55 50 52 ' ,'0 0 0 0 0 0 0 0 0 0 0 0 0 0 0 0 0 0 0 0 ' ,58 ,1 ,2, 2
114 ,130, 93, '52 74 56 51 56 58 59 53 54 53 59 56 59 54 53 62 53 53 53 66 ' ,'0 0 0 0 0 0 0 0 0 0 0 0 0 0 0 0 0 0 0 0 ' ,37 ,1 ,1, 1
773 ,109, 92, '52 48 47 53 47 50 55 67 68 49 56 50 68 62 55 46 52 46 58 64 ' ,'0 0 0 0 0 0 0 0 0 0 0 0 0 0 0 0 0 0 0 0 ' ,39 ,1 ,3, 3
118 ,104, 93, '50 50 49 57 53 67 53 75 51 68 60 52 70 71 53 64 51 49 59 57 ' ,'0 0 0 0 0 0 0 0 0 0 0 0 0 0 0 0 0 0 0 0 ' ,38 ,1 ,2, 2
97 ,106, 81, '53 55 61 58 55 62 57 54 61 54 56 59 59 76 56 56 54 58 75 57 ' ,'0 0 0 0 0 0 0 0 0 0 0 0 0 0 0 0 0 0 0 0 ' ,21 ,1 ,1, 1
101 ,89, 84, '59 52 60 54 59 70 56 58 53 55 64 52 56 55 55 58 60 57 53 57 ' ,'0 0 0 0 0 0 0 0 0 0 0 0 0 0 0 0 0 0 0 0 ' ,28 ,1 ,0, 0
99 ,95, 84, '69 66 62 59 59 70 68 56 57 64 64 63 58 63 58 75 61 56 62 60 ' ,'0 0 0 0 0 0 0 0 0 0 0 0 0 0 0 0 0 0 0 0 ' ,20 ,1 ,1, 1
110 ,92, 95, '58 69 65 61 57 63 66 61 68 81 63 65 62 55 54 59 66 64 74 86 ' ,'0 0 0 0 0 0 0 0 0 0 0 0 0 0 0 0 0 0 0 0 ' ,36 ,1 ,1, 1
117 ,107, 94, '64 61 57 63 91 60 72 66 68 91 64 64 57 69 63 65 61 60 64 56 ' ,'0 0 0 0 0 0 0 0 0 0 0 0 0 0 0 0 0 0 0 0 ' ,37 ,1 ,1, 1
97 ,111, 82, '61 56 61 69 52 50 63 58 76 56 59 58 57 66 59 53 64 62 69 57 ' ,'0 0 0 0 0 0 0 0 0 0 0 0 0 0 0 0 0 0 0 0 ' ,26 ,1 ,1, 1
146 ,91, 122, '65 55 59 82 89 57 68 58 82 55 59 52 51 68 56 60 79 61 61 92 ' ,'0 0 0 0 0 0 0 0 0 0 0 0 0 0 0 0 0 0 0 0 ' ,61 ,1 ,1, 1
119 ,136, 90, '52 54 53 70 46 55 60 45 69 66 52 52 48 61 76 65 63 60 53 50 ' ,'0 0 0 0 0 0 0 0 0 0 0 0 0 0 0 0 0 0 0 0 ' ,46 ,2 ,0, 0
115 ,116, 93, '55 52 54 66 49 55 62 53 59 53 61 54 59 63 57 50 61 59 55 72 ' ,'0 0 0 0 0 0 0 0 0 0 0 0 0 0 0 0 0 0 0 0 ' ,42 ,2 ,0, 0
4090 ,108, 4066, '57 54 59 60 53 59 57 48 67 52 53 59 59 69 65 48 57 57 59 70 ' ,'0 0 0 0 0 0 0 0 0 0 0 0 0 0 0 0 0 0 0 0 ' ,4012 ,1 ,1, 1
130 ,4080, 104, '43 48 50 48 59 44 48 48 52 49 47 51 53 60 45 50 47 55 41 49 ' ,'0 0 0 0 0 0 0 0 0 0 0 0 0 0 0 0 0 0 0 0 ' ,58 ,2 ,1, 1
136 ,119, 108, '57 52 53 52 52 65 62 58 51 49 56 52 60 52 74 57 51 53 59 55 ' ,'0 0 0 0 0 0 0 0 0 0 0 0 0 0 0 0 0 0 0 0 ' ,50 ,1 ,1, 1
122 ,122, 94, '52 52 51 48 56 50 56 49 52 54 51 51 65 51 72 53 51 57 53 58 ' ,'0 0 0 0 0 0 0 0 0 0 0 0 0 0 0 0 0 0 0 0 ' ,43 ,2 ,1, 1
126 ,111, 106, '51 51 59 51 77 57 52 56 51 57 50 50 55 51 55 56 53 54 59 58 ' ,'0 0 0 0 0 0 0 0 0 0 0 0 0 0 0 0 0 0 0 0 ' ,48 ,1 ,0, 0
115 ,119, 93, '55 61 54 53 61 53 57 56 68 50 55 51 49 62 57 53 52 46 56 65 ' ,'0 0 0 0 0 0 0 0 0 0 0 0 0 0 0 0 0 0 0 0 ' ,40 ,2 ,1, 1
118 ,107, 98, '47 53 57 53 54 51 50 57 56 51 57 53 60 52 70 56 56 53 55 63 ' ,'0 0 0 0 0 0 0 0 0 0 0 0 0 0 0 0 0 0 0 0 ' ,43 ,1 ,1, 1
130 ,110, 106, '51 60 57 68 64 82 53 53 53 61 54 56 61 56 59 86 55 49 56 60 ' ,'0 0 0 0 0 0 0 0 0 0 0 0 0 0 0 0 0 0 0 0 ' ,46 ,2 ,2, 2
135 ,119, 111, '66 56 64 56 61 57 64 63 50 71 65 66 60 53 63 63 55 54 49 80 ' ,'0 0 0 0 0 0 0 0 0 0 0 0 0 0 0 0 0 0 0 0 ' ,52 ,2 ,2, 2
1795 ,122, 217, '56 66 71 57 88 66 63 59 56 58 58 59 60 59 187 60 57 63 55 66 ' ,'0 0 0 0 0 0 0 0 0 0 0 0 0 0 0 0 0 0 0 0 ' ,157 ,2 ,1, 1
128 ,230, 108, '60 56 58 61 69 50 66 53 80 63 53 63 55 55 62 58 59 66 54 80 ' ,'0 0 0 0 0 0 0 0 0 0 0 0 0 0 0 0 0 0 0 0 ' ,47 ,1 ,1, 1
139 ,116, 116, '49 53 55 58 52 46 61 63 62 49 56 51 57 49 56 56 54 55 60 86 ' ,'0 0 0 0 0 0 0 0 0 0 0 0 0 0 0 0 0 0 0 0 ' ,62 ,1 ,2, 2
121 ,129, 98, '58 52 52 58 49 51 61 49 63 69 53 51 51 58 54 66 54 53 71 58 ' ,'0 0 0 0 0 0 0 0 0 0 0 0 0 0 0 0 0 0 0 0 ' ,38 ,1 ,2, 2
150 ,108, 126, '50 51 60 81 58 46 60 62 58 58 56 59 55 48 48 55 55 57 65 89 ' ,'0 0 0 149 0 0 0 0 0 0 0 0 0 0 0 0 0 0 0 0 ' ,67 ,2 ,5, 5
1778 ,135, 196, '65 53 57 60 54 48 62 59 60 72 51 49 60 57 61 51 54 65 56 55 ' ,'0 0 0 0 0 0 0 142 0 0 0 0 0 0 0 0 0 0 0 0 ' ,145 ,2 ,1, 0
122 ,213, 100, '56 43 52 59 64 50 56 46 73 49 54 43 49 61 69 51 46 48 55 47 ' ,'0 0 0 0 0 0 0 0 0 0 0 0 0 0 0 0 0 0 0 0 ' ,49 ,2 ,1, 1
119 ,112, 98, '54 49 48 61 59 48 51 44 67 65 51 54 48 57 52 49 49 49 53 54 ' ,'0 0 0 0 0 0 0 0 0 0 0 0 0 0 0 0 0 0 0 0 ' ,41 ,1 ,1, 1
231 ,110, 209, '62 57 52 78 65 53 48 54 75 67 55 62 61 77 52 55 50 50 64 56 ' ,'0 0 0 0 0 0 0 0 147 0 0 0 0 0 0 0 0 0 0 0 ' ,155 ,2 ,1, 1
168 ,222, 145, '61 56 57 56 60 57 130 59 61 65 57 60 60 52 67 56 54 52 54 53 ' ,'0 0 0 0 0 0 0 0 0 0 0 0 0 0 0 0 0 0 0 0 ' ,82 ,1 ,2, 2
786 ,158, 106, '55 56 62 57 58 60 64 74 56 77 84 57 60 55 54 87 57 57 70 66 ' ,'0 0 0 0 0 0 0 0 0 0 0 0 0 0 0 0 0 0 0 0 ' ,43 ,2 ,1, 1
139 ,117, 114, '63 66 64 58 57 57 56 67 70 80 58 62 63 56 58 62 59 60 61 62 ' ,'0 0 0 0 0 0 0 0 0 0 0 0 0 0 0 0 0 0 0 0 ' ,48 ,1 ,3, 3
99 ,125, 82, '69 65 68 70 61 61 69 65 61 62 65 72 61 55 58 65 62 58 72 65 ' ,'0 0 0 0 0 0 0 0 0 0 0 0 0 0 0 0 0 0 0 0 ' ,20 ,1 ,1, 1
99 ,91, 84, '74 59 62 70 61 64 58 68 64 65 60 72 63 52 63 62 61 59 64 62 ' ,'0 0 0 0 0 0 0 0 0 0 0 0 0 0 0 0 0 0 0 0 ' ,25 ,1 ,1, 1
101 ,91, 86, '60 59 59 72 62 56 61 53 61 68 52 72 60 61 59 60 59 53 66 57 ' ,'0 0 0 0 0 0 0 0 0 0 0 0 0 0 0 0 0 0 0 0 ' ,25 ,1 ,2, 2
101 ,92, 84, '59 59 61 52 60 57 61 52 60 62 53 51 53 51 57 62 54 61 58 71 ' ,'0 0 0 0 0 0 0 0 0 0 0 0 0 0 0 0 0 0 0 0 ' ,24 ,0 ,2, 2
98 ,91, 82, '54 59 54 73 60 58 59 58 66 54 53 58 51 61 61 54 63 53 64 56 ' ,'0 0 0 0 0 0 0 0 0 0 0 0 0 0 0 0 0 0 0 0 ' ,22 ,1 ,1, 1
110 ,91, 92, '75 59 52 63 53 72 66 49 65 57 51 58 59 59 57 57 57 58 51 56 ' ,'0 0 0 0 0 0 0 0 0 0 0 0 0 0 0 0 0 0 0 0 ' ,33 ,1 ,1, 1
126 ,98, 105, '79 58 54 54 71 47 57 56 57 49 53 58 58 51 57 52 52 55 61 52 ' ,'0 0 0 0 0 0 0 0 0 0 0 0 0 0 0 0 0 0 0 0 ' ,51 ,1 ,0, 0
112 ,117, 91, '54 57 71 66 55 61 57 49 64 65 53 57 69 50 51 50 63 53 50 55 ' ,'0 0 0 0 0 0 0 0 0 0 0 0 0 0 0 0 0 0 0 0 ' ,38 ,1 ,1, 1
124 ,106, 100, '53 58 59 65 52 60 54 67 59 68 54 59 52 57 52 55 60 53 54 53 ' ,'0 0 0 0 0 0 0 0 0 0 0 0 0 0 0 0 0 0 0 0 ' ,39 ,1 ,2, 2
119 ,110, 97, '55 56 53 57 55 67 58 51 55 68 53 54 53 48 49 54 58 55 55 52 ' ,'0 0 0 0 0 0 0 0 0 0 0 0 0 0 0 0 0 0 0 0 ' ,42 ,1 ,1, 1
125 ,110, 100, '58 64 56 55 69 54 51 55 66 61 63 50 65 56 72 53 50 66 54 51 ' ,'0 0 0 0 0 0 0 0 0 0 0 0 0 0 0 0 0 0 0 0 ' ,42 ,1 ,1, 1
123 ,111, 98, '52 56 49 65 52 49 56 55 61 64 50 52 51 60 50 61 63 52 57 54 ' ,'0 0 0 0 0 0 0 0 0 0 0 0 0 0 0 0 0 0 0 0 ' ,39 ,1 ,2, 2
128 ,110, 104, '53 49 50 58 55 53 49 53 63 74 51 46 51 54 55 50 59 53 64 49 ' ,'0 0 0 0 0 0 0 0 0 0 0 0 0 0 0 0 0 0 0 0 ' ,48 ,1 ,1, 1
119 ,114, 99, '55 60 72 53 72 56 57 58 61 62 59 52 56 58 52 54 59 52 55 51 ' ,'0 0 0 0 0 0 0 0 0 0 0 0 0 0 0 0 0 0 0 0 ' ,37 ,1 ,2, 2
128 ,108, 103, '51 56 63 61 58 55 52 66 65 58 53 60 56 55 63 55 56 68 63 77 ' ,'0 0 0 0 0 0 0 0 0 0 0 0 0 0 0 0 0 0 0 0 ' ,44 ,1 ,1, 1
132 ,114, 109, '60 63 68 57 64 64 64 57 58 75 59 60 58 58 56 63 60 57 65 53 ' ,'0 0 0 0 0 0 0 0 0 0 0 0 0 0 0 0 0 0 0 0 ' ,41 ,2 ,1, 1
1684 ,123, 103, '56 61 69 61 60 63 49 60 68 59 67 63 70 58 69 66 59 67 78 60 ' ,'0 0 0 0 0 0 0 0 0 0 0 0 0 0 0 0 0 0 0 0 ' ,38 ,2 ,1, 1
131 ,110, 109, '64 62 63 69 59 56 59 62 61 60 58 59 59 59 83 61 61 54 63 80 ' ,'0 0 0 0 0 0 0 0 0 0 0 0 0 0 0 0 0 0 0 0 ' ,48 ,2 ,1, 1
128 ,119, 103, '64 60 63 63 65 57 57 60 80 67 59 58 69 84 60 59 64 62 72 79 ' ,'0 0 0 0 0 0 0 0 0 0 0 0 0 0 0 0 0 0 0 0 ' ,43 ,1 ,1, 1
124 ,120, 99, '64 65 69 66 70 56 61 62 65 66 61 67 63 79 57 69 65 65 62 71 ' ,'0 0 0 0 0 0 0 0 0 0 0 0 0 0 0 0 0 0 0 0 ' ,39 ,1 ,1, 1
132 ,115, 110, '68 63 62 64 74 57 63 59 69 63 68 65 61 57 68 68 76 64 58 59 ' ,'0 0 0 0 0 0 0 0 0 0 0 0 0 0 0 0 0 0 0 0 ' ,47 ,2 ,1, 1
149 ,122, 120, '65 59 64 60 74 56 58 58 66 62 58 58 60 62 65 68 63 62 65 59 ' ,'0 0 0 0 0 0 0 0 0 0 0 0 0 0 0 0 0 0 0 0 ' ,56 ,18 ,1, 1
122 ,135, 103, '61 68 59 56 73 56 61 57 66 54 58 61 55 59 59 61 65 54 55 65 ' ,'0 0 0 0 0 0 0 0 0 0 0 0 0 0 0 0 0 0 0 0 ' ,42 ,1 ,2, 2
184 ,114, 164, '59 51 57 154 51 56 56 56 70 50 54 54 59 54 59 52 59 67 84 67 ' ,'0 0 0 0 0 0 0 0 0 0 0 0 0 0 0 0 0 0 0 0 ' ,106 ,1 ,1, 1
114 ,176, 93, '54 49 52 62 57 54 55 53 57 62 53 50 49 61 56 58 51 48 58 60 ' ,'0 0 0 0 0 0 0 0 0 0 0 0 0 0 0 0 0 0 0 0 ' ,37 ,1 ,1, 1
113 ,105, 87, '57 51 55 50 56 53 53 56 54 61 75 58 48 59 63 59 50 52 51 58 ' ,'0 0 0 0 0 0 0 0 0 0 0 0 0 0 0 0 0 0 0 0 ' ,35 ,1 ,1, 1
154 ,103, 131, '56 54 54 54 55 53 57 54 52 66 58 63 50 48 57 58 61 48 62 52 ' ,'0 0 0 0 0 0 0 0 0 0 0 0 0 0 0 0 0 0 0 0 ' ,76 ,31 ,1, 1
1634 ,145, 936, '48 64 57 51 59 57 53 55 59 75 51 49 65 52 65 54 50 52 58 64 ' ,'0 0 0 0 0 0 0 0 0 0 0 0 0 0 0 0 0 0 0 0 ' ,881 ,2 ,1, 1
