177 ,0, 69, '20 27 26 20 19 16 16 17 ' ,'0 0 0 0 0 0 0 0 ' ,19 ,1 ,7, 6
306 ,98, 279, '211 224 210 225 149 161 167 263 ' ,'0 0 0 0 0 0 0 0 ' ,119 ,1 ,2, 2
213 ,335, 185, '162 140 128 171 112 94 95 65 ' ,'0 0 0 0 0 0 0 0 ' ,109 ,0 ,3, 3
234 ,200, 216, '202 161 199 184 118 131 104 122 ' ,'0 0 0 0 0 0 0 0 ' ,99 ,0 ,3, 3
266 ,221, 248, '140 148 142 142 124 242 82 103 ' ,'0 0 0 0 0 0 0 0 ' ,159 ,0 ,1, 1
215 ,259, 188, '146 177 142 121 119 68 91 105 ' ,'0 0 0 0 0 0 0 0 ' ,113 ,1 ,1, 1
187 ,206, 170, '117 127 159 141 93 110 114 97 ' ,'0 0 0 0 0 0 0 0 ' ,68 ,0 ,1, 1
179 ,244, 163, '128 136 148 149 89 89 93 76 ' ,'0 0 0 0 0 0 0 0 ' ,79 ,0 ,2, 2
165 ,170, 148, '112 125 129 137 102 95 85 101 ' ,'0 0 0 0 0 0 0 0 ' ,54 ,0 ,2, 1
238 ,154, 221, '210 127 119 122 93 85 104 103 ' ,'0 0 0 0 0 0 0 0 ' ,129 ,1 ,1, 0
167 ,228, 152, '141 140 129 141 103 92 90 114 ' ,'0 0 0 0 0 0 0 0 ' ,55 ,1 ,1, 1
164 ,159, 148, '116 134 125 119 83 101 95 103 ' ,'0 0 0 0 0 0 0 0 ' ,54 ,0 ,1, 1
179 ,153, 161, '117 116 140 145 107 92 101 90 ' ,'0 0 0 0 0 0 0 0 ' ,64 ,1 ,1, 0
182 ,171, 165, '119 144 112 123 108 86 66 83 ' ,'0 0 0 0 0 0 0 0 ' ,90 ,1 ,2, 1
218 ,172, 201, '191 120 144 129 132 107 101 109 ' ,'0 0 0 0 0 0 0 0 ' ,94 ,1 ,1, 1
198 ,208, 176, '152 160 153 168 95 118 115 92 ' ,'0 0 0 0 0 0 0 0 ' ,74 ,1 ,1, 1
180 ,184, 163, '144 117 142 153 89 96 93 96 ' ,'0 0 0 0 0 0 0 0 ' ,68 ,1 ,1, 1
176 ,169, 157, '134 133 151 133 96 85 80 88 ' ,'0 0 0 0 0 0 0 0 ' ,72 ,1 ,1, 1
213 ,166, 196, '153 185 155 126 87 102 83 104 ' ,'0 0 0 0 0 0 0 0 ' ,105 ,0 ,2, 2
261 ,205, 238, '214 153 228 166 134 163 106 78 ' ,'0 0 0 0 0 0 0 0 ' ,151 ,1 ,1, 1
206 ,248, 188, '162 114 179 153 97 104 89 86 ' ,'0 0 0 0 0 0 0 0 ' ,96 ,1 ,1, 1
160 ,197, 143, '131 124 131 130 69 89 105 77 ' ,'0 0 0 0 0 0 0 0 ' ,67 ,1 ,1, 1
171 ,150, 155, '144 128 129 110 83 89 83 84 ' ,'0 0 0 0 0 0 0 0 ' ,65 ,1 ,1, 1
190 ,161, 172, '161 113 142 115 69 80 93 82 ' ,'0 0 0 0 0 0 0 0 ' ,97 ,2 ,1, 1
187 ,181, 168, '157 149 151 120 95 111 90 106 ' ,'0 0 0 0 0 0 0 0 ' ,69 ,1 ,0, 0
185 ,178, 168, '140 115 159 135 110 117 73 119 ' ,'0 0 0 0 0 0 0 0 ' ,88 ,0 ,1, 0
187 ,176, 168, '125 136 141 159 76 80 84 148 ' ,'0 0 0 0 0 0 0 0 ' ,84 ,1 ,1, 1
146 ,176, 129, '106 107 102 120 81 103 93 82 ' ,'0 0 0 0 0 0 0 0 ' ,40 ,2 ,2, 1
177 ,138, 161, '127 114 149 106 104 75 66 62 ' ,'0 0 0 0 0 0 0 0 ' ,93 ,2 ,1, 1
229 ,168, 212, '203 107 109 125 102 139 98 104 ' ,'0 0 0 0 0 0 0 0 ' ,108 ,1 ,0, 0
168 ,219, 150, '119 124 140 143 69 105 93 66 ' ,'0 0 0 0 0 0 0 0 ' ,77 ,0 ,1, 1
149 ,159, 133, '125 110 97 111 62 78 82 67 ' ,'0 0 0 0 0 0 0 0 ' ,64 ,0 ,0, 0
148 ,139, 129, '123 111 112 118 74 103 81 81 ' ,'0 0 0 0 0 0 0 0 ' ,49 ,0 ,1, 1
299 ,139, 280, '270 92 177 128 109 138 80 111 ' ,'0 0 0 0 0 0 0 0 ' ,196 ,1 ,2, 2
185 ,289, 170, '151 121 159 139 94 137 94 99 ' ,'0 0 0 0 0 0 0 0 ' ,65 ,0 ,2, 2
201 ,175, 185, '108 157 120 176 90 109 105 84 ' ,'0 0 0 0 0 0 0 0 ' ,95 ,0 ,1, 0
176 ,193, 162, '155 123 138 131 98 128 116 93 ' ,'0 0 0 0 0 0 0 0 ' ,61 ,0 ,2, 1
219 ,167, 201, '153 147 190 145 119 110 88 126 ' ,'0 0 0 0 0 0 0 0 ' ,105 ,1 ,1, 1
187 ,208, 170, '149 162 138 129 93 114 92 106 ' ,'0 0 0 0 0 0 0 0 ' ,72 ,0 ,1, 1
200 ,177, 184, '176 132 116 130 78 115 70 81 ' ,'0 0 0 0 0 0 0 0 ' ,108 ,0 ,1, 1
160 ,192, 143, '137 114 110 132 96 81 82 92 ' ,'0 0 0 0 0 0 0 0 ' ,57 ,0 ,1, 0
148 ,150, 131, '123 115 120 112 82 81 90 77 ' ,'0 0 0 0 0 0 0 0 ' ,43 ,0 ,1, 1
188 ,138, 170, '107 118 161 132 83 85 101 78 ' ,'0 0 0 0 0 0 0 0 ' ,84 ,1 ,2, 2
171 ,178, 154, '121 143 132 128 85 109 92 113 ' ,'0 0 0 0 0 0 0 0 ' ,63 ,1 ,1, 1
235 ,161, 217, '209 166 117 134 116 150 105 105 ' ,'0 0 0 0 0 0 0 0 ' ,107 ,1 ,1, 1
167 ,224, 150, '134 140 143 136 96 76 97 76 ' ,'0 0 0 0 0 0 0 0 ' ,67 ,0 ,1, 0
159 ,158, 138, '127 118 118 100 99 74 85 108 ' ,'0 0 0 0 0 0 0 0 ' ,58 ,1 ,1, 0
225 ,145, 206, '199 165 153 137 88 91 97 56 ' ,'0 0 0 0 0 0 0 0 ' ,144 ,1 ,1, 1
223 ,214, 206, '199 167 177 153 168 89 109 79 ' ,'0 0 0 0 0 0 0 0 ' ,123 ,1 ,1, 0
198 ,214, 181, '175 145 143 144 77 135 86 104 ' ,'0 0 0 0 0 0 0 0 ' ,95 ,0 ,1, 0
157 ,188, 140, '115 123 133 128 86 82 86 89 ' ,'0 0 0 0 0 0 0 0 ' ,53 ,1 ,1, 0
631 ,147, 612, '144 141 121 153 602 95 113 85 ' ,'0 0 0 0 0 0 0 0 ' ,520 ,0 ,1, 1
193 ,622, 176, '164 143 166 145 110 117 104 128 ' ,'0 0 0 0 0 0 0 0 ' ,62 ,0 ,1, 1
198 ,184, 177, '159 172 149 128 104 107 74 87 ' ,'0 0 0 0 0 0 0 0 ' ,95 ,1 ,1, 1
191 ,188, 174, '155 166 108 133 74 109 112 93 ' ,'0 0 0 0 0 0 0 0 ' ,93 ,1 ,2, 1
171 ,180, 148, '100 142 111 115 108 105 122 92 ' ,'0 0 0 0 0 0 0 0 ' ,51 ,0 ,1, 1
197 ,155, 176, '168 167 123 143 87 89 104 87 ' ,'0 0 0 0 0 0 0 0 ' ,82 ,1 ,1, 1
191 ,182, 165, '156 128 133 132 105 85 92 123 ' ,'0 0 0 0 0 0 0 0 ' ,74 ,0 ,1, 1
187 ,174, 170, '132 151 153 162 110 121 93 106 ' ,'0 0 0 0 0 0 0 0 ' ,70 ,0 ,1, 1
208 ,178, 189, '173 160 142 181 94 127 97 101 ' ,'0 0 0 0 0 0 0 0 ' ,88 ,0 ,1, 1
191 ,195, 174, '114 166 124 159 107 77 105 98 ' ,'0 0 0 0 0 0 0 0 ' ,90 ,0 ,1, 1
210 ,181, 192, '184 97 144 140 113 108 104 82 ' ,'0 0 0 0 0 0 0 0 ' ,104 ,0 ,1, 0
454 ,200, 437, '147 123 159 428 91 88 102 101 ' ,'0 0 0 0 0 0 0 0 ' ,342 ,1 ,2, 1
212 ,445, 194, '114 142 186 164 106 97 98 77 ' ,'0 0 0 0 0 0 0 0 ' ,111 ,0 ,2, 1
177 ,200, 159, '152 103 134 113 102 114 80 83 ' ,'0 0 0 0 0 0 0 0 ' ,72 ,0 ,1, 0
191 ,166, 166, '158 130 153 151 90 88 121 91 ' ,'0 0 0 0 0 0 0 0 ' ,71 ,0 ,1, 0
193 ,173, 173, '108 143 150 167 133 125 96 87 ' ,'0 0 0 0 0 0 0 0 ' ,82 ,1 ,1, 0
175 ,182, 155, '147 91 125 147 79 121 122 105 ' ,'0 0 0 0 0 0 0 0 ' ,70 ,0 ,1, 0
202 ,160, 185, '129 131 151 125 115 180 89 93 ' ,'0 0 0 0 0 0 0 0 ' ,89 ,0 ,0, 0
200 ,192, 184, '176 161 122 141 89 146 104 83 ' ,'0 0 0 0 0 0 0 0 ' ,96 ,1 ,1, 0
243 ,191, 226, '137 220 109 104 110 99 102 72 ' ,'0 0 0 0 0 0 0 0 ' ,149 ,0 ,1, 1
209 ,233, 191, '183 123 149 154 90 110 136 127 ' ,'0 0 0 0 0 0 0 0 ' ,95 ,1 ,1, 0
221 ,197, 204, '196 144 192 140 92 79 124 115 ' ,'0 0 0 0 0 0 0 0 ' ,120 ,1 ,1, 0
206 ,210, 187, '142 180 116 115 91 80 109 126 ' ,'0 0 0 0 0 0 0 0 ' ,103 ,1 ,1, 1
201 ,194, 184, '176 148 136 135 85 141 96 96 ' ,'0 0 0 0 0 0 0 0 ' ,92 ,0 ,1, 1
200 ,191, 182, '146 174 139 144 84 87 97 98 ' ,'0 0 0 0 0 0 0 0 ' ,92 ,0 ,1, 0
165 ,189, 145, '136 135 138 129 91 54 99 108 ' ,'0 0 0 0 0 0 0 0 ' ,84 ,1 ,1, 1
172 ,154, 154, '149 134 137 133 82 83 100 63 ' ,'0 0 0 0 0 0 0 0 ' ,86 ,0 ,1, 0
270 ,163, 249, '242 108 171 144 70 102 132 94 ' ,'0 0 0 0 0 0 0 0 ' ,172 ,0 ,1, 0
203 ,256, 185, '162 154 158 181 79 97 156 104 ' ,'0 0 0 0 0 0 0 0 ' ,100 ,1 ,1, 1
267 ,193, 251, '244 116 144 175 96 126 106 102 ' ,'0 0 0 0 0 0 0 0 ' ,148 ,0 ,1, 1
147 ,257, 132, '124 100 94 122 79 77 72 98 ' ,'0 0 0 0 0 0 0 0 ' ,51 ,1 ,1, 1
159 ,137, 142, '122 135 129 119 124 97 101 72 ' ,'0 0 0 0 0 0 0 0 ' ,65 ,1 ,1, 1
164 ,149, 141, '134 127 97 109 74 87 80 57 ' ,'0 0 0 0 0 0 0 0 ' ,79 ,1 ,0, 0
169 ,148, 151, '135 107 142 103 91 91 97 81 ' ,'0 0 0 0 0 0 0 0 ' ,63 ,1 ,1, 0
177 ,158, 161, '139 153 118 120 79 106 71 67 ' ,'0 0 0 0 0 0 0 0 ' ,88 ,0 ,1, 1
169 ,167, 150, '126 144 143 139 115 101 99 81 ' ,'0 0 0 0 0 0 0 0 ' ,64 ,1 ,1, 1
258 ,157, 240, '163 182 158 166 139 234 77 93 ' ,'0 0 0 0 0 0 0 0 ' ,157 ,0 ,1, 0
188 ,248, 172, '165 109 146 121 97 108 136 96 ' ,'0 0 0 0 0 0 0 0 ' ,70 ,0 ,1, 1
210 ,179, 194, '186 152 130 135 104 113 88 70 ' ,'0 0 0 0 0 0 0 0 ' ,117 ,1 ,1, 1
172 ,201, 154, '148 144 145 128 66 116 116 101 ' ,'0 0 0 0 0 0 0 0 ' ,81 ,0 ,1, 0
210 ,161, 191, '124 186 151 176 135 125 81 79 ' ,'0 0 0 0 0 0 0 0 ' ,106 ,0 ,1, 1
168 ,200, 146, '138 129 110 103 91 74 94 71 ' ,'0 0 0 0 0 0 0 0 ' ,70 ,0 ,1, 0
159 ,157, 144, '133 137 112 130 91 72 64 85 ' ,'0 0 0 0 0 0 0 0 ' ,74 ,1 ,1, 1
204 ,150, 184, '177 111 120 104 78 110 72 66 ' ,'0 0 0 0 0 0 0 0 ' ,110 ,1 ,1, 1
143 ,196, 125, '114 100 109 120 76 74 70 62 ' ,'0 0 0 0 0 0 0 0 ' ,58 ,0 ,1, 0
175 ,132, 158, '148 151 119 121 94 74 70 82 ' ,'0 0 0 0 0 0 0 0 ' ,81 ,0 ,1, 0
177 ,166, 159, '151 126 132 125 90 85 66 78 ' ,'0 0 0 0 0 0 0 0 ' ,85 ,0 ,1, 0
172 ,168, 151, '143 135 130 76 81 126 82 92 ' ,'0 0 0 0 0 0 0 0 ' ,68 ,1 ,1, 1
176 ,159, 140, '121 114 132 130 100 77 77 71 ' ,'0 0 0 0 0 0 0 0 ' ,64 ,1 ,1, 1
168 ,167, 152, '144 134 145 114 79 104 72 98 ' ,'0 0 0 0 0 0 0 0 ' ,72 ,1 ,0, 0
309 ,159, 285, '171 275 163 156 123 109 88 115 ' ,'0 0 0 0 0 0 0 0 ' ,189 ,1 ,2, 1
185 ,295, 164, '157 127 146 153 92 89 91 131 ' ,'0 0 0 0 0 0 0 0 ' ,70 ,0 ,1, 0
259 ,175, 237, '232 190 142 139 86 96 111 88 ' ,'0 0 0 0 0 0 0 0 ' ,143 ,0 ,1, 1
233 ,245, 217, '208 126 135 142 109 148 108 136 ' ,'0 0 0 0 0 0 0 0 ' ,102 ,1 ,1, 1
226 ,224, 210, '149 183 144 202 97 82 97 95 ' ,'0 0 0 0 0 0 0 0 ' ,122 ,0 ,1, 0
184 ,217, 166, '132 116 158 155 131 89 112 83 ' ,'0 0 0 0 0 0 0 0 ' ,78 ,1 ,1, 1
214 ,174, 198, '178 128 190 140 112 74 112 89 ' ,'0 0 0 0 0 0 0 0 ' ,117 ,0 ,2, 1
196 ,204, 178, '169 132 134 138 92 82 87 109 ' ,'0 0 0 0 0 0 0 0 ' ,88 ,0 ,2, 1
184 ,185, 168, '152 155 162 138 115 111 92 96 ' ,'0 0 0 0 0 0 0 0 ' ,68 ,0 ,1, 0
175 ,176, 156, '139 149 139 125 89 77 132 83 ' ,'0 0 0 0 0 0 0 0 ' ,72 ,0 ,1, 0
177 ,167, 160, '151 128 127 101 107 109 99 89 ' ,'0 0 0 0 0 0 0 0 ' ,63 ,0 ,1, 1
167 ,167, 151, '142 132 128 111 90 100 87 95 ' ,'0 0 0 0 0 0 0 0 ' ,57 ,1 ,1, 1
142 ,155, 125, '112 103 117 107 74 65 60 70 ' ,'0 0 0 0 0 0 0 0 ' ,58 ,0 ,1, 0
179 ,133, 161, '152 142 121 138 75 104 72 78 ' ,'0 0 0 0 0 0 0 0 ' ,81 ,1 ,1, 1
173 ,167, 156, '107 116 149 112 70 78 78 89 ' ,'0 0 0 0 0 0 0 0 ' ,78 ,0 ,1, 1
210 ,163, 191, '157 102 185 123 133 85 104 91 ' ,'0 0 0 0 0 0 0 0 ' ,102 ,0 ,0, 0
170 ,199, 153, '142 99 144 127 126 97 95 116 ' ,'0 0 0 0 0 0 0 0 ' ,49 ,0 ,1, 1
170 ,160, 154, '147 130 115 114 93 79 118 58 ' ,'0 0 0 0 0 0 0 0 ' ,90 ,1 ,1, 1
183 ,161, 165, '158 140 114 106 70 141 88 82 ' ,'0 0 0 0 0 0 0 0 ' ,89 ,0 ,0, 0
164 ,174, 147, '123 115 141 137 61 88 105 72 ' ,'0 0 0 0 0 0 0 0 ' ,78 ,0 ,1, 1
173 ,153, 153, '127 132 146 109 104 114 117 66 ' ,'0 0 0 0 0 0 0 0 ' ,82 ,1 ,1, 1
339 ,159, 322, '125 157 118 315 82 118 90 64 ' ,'0 0 0 0 0 0 0 0 ' ,253 ,0 ,1, 1
198 ,330, 182, '157 173 174 162 106 109 107 91 ' ,'0 0 0 0 0 0 0 0 ' ,84 ,0 ,1, 1
216 ,187, 199, '191 154 170 112 71 126 103 101 ' ,'0 0 0 0 0 0 0 0 ' ,120 ,0 ,1, 1
278 ,207, 261, '162 215 253 164 96 69 105 118 ' ,'0 0 0 0 0 0 0 0 ' ,185 ,1 ,2, 1
206 ,267, 185, '151 161 179 126 115 86 106 102 ' ,'0 0 0 0 0 0 0 0 ' ,93 ,1 ,0, 0
161 ,196, 144, '127 133 127 136 90 75 93 102 ' ,'0 0 0 0 0 0 0 0 ' ,63 ,0 ,1, 1
211 ,152, 195, '128 135 186 156 82 93 120 129 ' ,'0 0 0 0 0 0 0 0 ' ,105 ,1 ,0, 0
150 ,202, 132, '118 116 126 122 86 116 83 94 ' ,'0 0 0 0 0 0 0 0 ' ,42 ,0 ,1, 1
190 ,138, 171, '107 106 166 152 91 86 71 67 ' ,'0 0 0 0 0 0 0 0 ' ,96 ,1 ,1, 1
157 ,182, 140, '132 129 104 119 96 69 85 96 ' ,'0 0 0 0 0 0 0 0 ' ,65 ,1 ,1, 1
165 ,147, 150, '141 139 102 139 71 67 87 105 ' ,'0 0 0 0 0 0 0 0 ' ,76 ,0 ,2, 2
223 ,156, 205, '197 145 125 141 98 68 98 79 ' ,'0 0 0 0 0 0 0 0 ' ,132 ,0 ,1, 1
255 ,214, 236, '227 155 151 117 107 188 79 71 ' ,'0 0 0 0 0 0 0 0 ' ,158 ,1 ,1, 1
227 ,246, 210, '202 176 107 122 99 124 126 136 ' ,'0 0 0 0 0 0 0 0 ' ,107 ,0 ,0, 0
213 ,218, 196, '148 188 186 180 136 124 129 152 ' ,'0 0 0 0 0 0 0 0 ' ,67 ,1 ,1, 1
289 ,202, 273, '227 166 194 186 120 106 265 161 ' ,'0 0 0 0 0 0 0 0 ' ,161 ,0 ,2, 1
210 ,282, 196, '188 126 165 179 123 77 125 107 ' ,'0 0 0 0 0 0 0 0 ' ,113 ,1 ,1, 1
279 ,202, 262, '253 160 207 141 188 164 89 93 ' ,'0 0 0 0 0 0 0 0 ' ,166 ,0 ,1, 1
210 ,270, 193, '145 173 183 126 107 84 97 95 ' ,'0 0 0 0 0 0 0 0 ' ,102 ,0 ,2, 2
195 ,199, 178, '135 123 171 138 134 94 120 103 ' ,'0 0 0 0 0 0 0 0 ' ,79 ,1 ,1, 1
181 ,186, 160, '145 142 152 127 100 76 86 95 ' ,'0 0 0 0 0 0 0 0 ' ,79 ,1 ,1, 1
148 ,169, 130, '118 115 120 120 97 74 87 84 ' ,'0 0 0 0 0 0 0 0 ' ,50 ,0 ,1, 1
202 ,138, 184, '176 128 159 116 81 154 83 76 ' ,'0 0 0 0 0 0 0 0 ' ,103 ,1 ,1, 1
219 ,192, 202, '118 137 194 130 64 87 87 95 ' ,'0 0 0 0 0 0 0 0 ' ,131 ,1 ,1, 1
187 ,210, 170, '105 120 123 161 118 100 97 120 ' ,'0 0 0 0 0 0 0 0 ' ,65 ,0 ,1, 1
181 ,176, 166, '146 159 158 157 88 129 112 74 ' ,'0 0 0 0 0 0 0 0 ' ,85 ,1 ,0, 0
185 ,173, 169, '151 158 130 157 104 113 91 96 ' ,'0 0 0 0 0 0 0 0 ' ,70 ,0 ,2, 1
231 ,175, 217, '195 129 206 166 115 106 76 111 ' ,'0 0 0 0 0 0 0 0 ' ,131 ,0 ,2, 1
256 ,221, 235, '151 134 135 228 211 112 122 110 ' ,'0 0 0 0 0 0 0 0 ' ,120 ,1 ,1, 1
214 ,242, 194, '166 184 149 128 109 122 110 80 ' ,'0 0 0 0 0 0 0 0 ' ,108 ,1 ,2, 1
208 ,202, 190, '162 181 138 152 116 100 105 157 ' ,'0 0 0 0 0 0 0 0 ' ,83 ,0 ,1, 1
258 ,196, 240, '168 230 123 168 92 117 95 83 ' ,'0 0 0 0 0 0 0 0 ' ,149 ,1 ,2, 1
288 ,248, 272, '263 226 131 161 121 150 128 112 ' ,'0 0 0 0 0 0 0 0 ' ,151 ,0 ,1, 1
238 ,279, 224, '146 163 214 112 113 86 112 119 ' ,'0 0 0 0 0 0 0 0 ' ,131 ,0 ,1, 1
216 ,229, 199, '137 190 130 130 87 83 85 94 ' ,'0 0 0 0 0 0 0 0 ' ,110 ,0 ,2, 1
173 ,204, 152, '99 149 141 131 104 91 68 61 ' ,'0 0 0 0 0 0 0 0 ' ,88 ,0 ,1, 0
200 ,163, 181, '172 133 128 104 96 93 104 56 ' ,'0 0 0 0 0 0 0 0 ' ,122 ,1 ,1, 1
216 ,190, 199, '148 146 120 192 114 118 182 133 ' ,'0 0 0 0 0 0 0 0 ' ,78 ,0 ,0, 0
170 ,206, 154, '145 138 125 127 96 96 98 79 ' ,'0 0 0 0 0 0 0 0 ' ,69 ,0 ,1, 1
186 ,159, 170, '161 126 138 143 108 80 141 81 ' ,'0 0 0 0 0 0 0 0 ' ,83 ,1 ,1, 1
159 ,176, 141, '110 133 132 119 88 88 76 80 ' ,'0 0 0 0 0 0 0 0 ' ,54 ,0 ,1, 1
174 ,149, 159, '150 145 145 120 101 78 112 82 ' ,'0 0 0 0 0 0 0 0 ' ,73 ,1 ,2, 1
342 ,166, 325, '154 236 317 168 99 112 104 84 ' ,'0 0 0 0 0 0 0 0 ' ,233 ,1 ,2, 2
199 ,332, 184, '175 100 158 156 84 68 127 85 ' ,'0 0 0 0 0 0 0 0 ' ,109 ,1 ,1, 1
179 ,190, 164, '155 132 138 151 132 108 110 81 ' ,'0 0 0 0 0 0 0 0 ' ,74 ,0 ,2, 1
201 ,169, 183, '132 175 170 162 81 86 129 116 ' ,'0 0 0 0 0 0 0 0 ' ,95 ,0 ,1, 1
187 ,190, 171, '163 151 162 134 103 123 90 151 ' ,'0 0 0 0 0 0 0 0 ' ,72 ,1 ,1, 1
263 ,178, 190, '176 147 189 183 88 117 84 122 ' ,'0 0 0 0 0 0 0 0 ' ,99 ,1 ,2, 1
207 ,253, 188, '150 141 179 137 88 85 84 104 ' ,'0 0 0 0 0 0 0 0 ' ,97 ,1 ,2, 1
194 ,195, 175, '167 127 118 142 98 72 72 111 ' ,'0 0 0 0 0 0 0 0 ' ,102 ,1 ,1, 0
172 ,185, 155, '145 111 116 127 80 74 87 98 ' ,'0 0 0 0 0 0 0 0 ' ,74 ,0 ,2, 2
245 ,162, 229, '135 101 131 124 92 90 122 78 ' ,'0 0 0 0 0 0 0 0 ' ,144 ,1 ,2, 1
162 ,234, 143, '99 103 136 125 105 73 101 91 ' ,'0 0 0 0 0 0 0 0 ' ,64 ,0 ,2, 1
211 ,150, 195, '143 187 119 131 83 85 104 105 ' ,'0 0 0 0 0 0 0 0 ' ,104 ,0 ,1, 1
227 ,201, 211, '173 200 180 163 98 79 132 80 ' ,'0 0 0 0 0 0 0 0 ' ,123 ,1 ,1, 1
304 ,218, 288, '120 278 165 181 96 87 131 80 ' ,'0 0 0 0 0 0 0 0 ' ,201 ,0 ,1, 1
208 ,294, 193, '128 116 134 185 79 122 108 83 ' ,'0 0 0 0 0 0 0 0 ' ,106 ,0 ,2, 1
295 ,199, 279, '164 104 271 171 93 139 76 85 ' ,'0 0 0 0 0 0 0 0 ' ,197 ,1 ,1, 1
181 ,285, 165, '157 114 135 152 95 112 88 104 ' ,'0 0 0 0 0 0 0 0 ' ,70 ,1 ,0, 0
177 ,172, 162, '156 147 125 152 79 102 82 54 ' ,'0 0 0 0 0 0 0 0 ' ,102 ,0 ,0, 0
205 ,168, 188, '179 149 136 148 96 87 99 105 ' ,'0 0 0 0 0 0 0 0 ' ,94 ,0 ,1, 1
214 ,195, 197, '182 189 174 151 126 90 129 90 ' ,'0 0 0 0 0 0 0 0 ' ,98 ,1 ,2, 2
238 ,202, 221, '140 213 121 149 107 101 84 118 ' ,'0 0 0 0 0 0 0 0 ' ,130 ,0 ,1, 1
195 ,227, 176, '137 116 131 168 126 73 120 70 ' ,'0 0 0 0 0 0 0 0 ' ,98 ,0 ,1, 0
160 ,186, 143, '132 123 136 102 114 113 64 72 ' ,'0 0 0 0 0 0 0 0 ' ,72 ,1 ,1, 1
152 ,151, 138, '125 127 124 126 86 74 80 78 ' ,'0 0 0 0 0 0 0 0 ' ,54 ,0 ,2, 1
177 ,142, 153, '111 120 141 144 87 85 71 88 ' ,'0 0 0 0 0 0 0 0 ' ,75 ,0 ,1, 1
183 ,161, 167, '114 117 141 121 71 75 75 76 ' ,'0 0 0 0 0 0 0 0 ' ,70 ,0 ,20, 1
201 ,171, 185, '113 121 114 177 90 94 79 72 ' ,'0 0 0 0 0 0 0 0 ' ,108 ,1 ,1, 1
189 ,191, 169, '128 161 136 142 98 88 116 83 ' ,'0 0 0 0 0 0 0 0 ' ,79 ,1 ,0, 0
161 ,178, 145, '136 124 123 129 75 79 83 69 ' ,'0 0 0 0 0 0 0 0 ' ,70 ,1 ,2, 1
224 ,151, 208, '158 199 158 162 91 89 102 110 ' ,'0 0 0 0 0 0 0 0 ' ,113 ,1 ,1, 1
203 ,215, 184, '162 140 141 142 104 102 88 129 ' ,'0 0 0 0 0 0 0 0 ' ,75 ,0 ,14, 1
198 ,195, 183, '160 172 173 124 112 102 87 102 ' ,'0 0 0 0 0 0 0 0 ' ,89 ,1 ,2, 1
204 ,189, 184, '145 157 177 170 105 67 62 104 ' ,'0 0 0 0 0 0 0 0 ' ,117 ,1 ,2, 1
235 ,193, 218, '186 171 210 127 96 107 124 114 ' ,'0 0 0 0 0 0 0 0 ' ,115 ,1 ,1, 1
191 ,227, 174, '163 134 135 83 78 95 76 92 ' ,'0 0 0 0 0 0 0 0 ' ,89 ,0 ,2, 2
241 ,181, 225, '150 150 115 184 108 84 83 99 ' ,'0 0 0 0 0 0 0 0 ' ,103 ,1 ,34, 1
179 ,231, 155, '147 101 109 137 91 112 76 130 ' ,'0 0 0 0 0 0 0 0 ' ,72 ,0 ,1, 1
163 ,161, 142, '135 121 116 123 81 62 80 99 ' ,'0 0 0 0 0 0 0 0 ' ,79 ,0 ,1, 1
158 ,154, 142, '120 119 124 135 94 74 72 72 ' ,'0 0 0 0 0 0 0 0 ' ,62 ,0 ,2, 1
184 ,148, 168, '158 110 149 137 106 51 77 77 ' ,'0 0 0 0 0 0 0 0 ' ,110 ,1 ,2, 1
179 ,174, 164, '155 125 128 114 74 95 112 81 ' ,'0 0 0 0 0 0 0 0 ' ,83 ,1 ,1, 1
199 ,171, 183, '137 174 109 116 99 82 136 85 ' ,'0 0 0 0 0 0 0 0 ' ,93 ,1 ,1, 1
185 ,188, 164, '150 158 105 146 101 108 85 111 ' ,'0 0 0 0 0 0 0 0 ' ,72 ,1 ,1, 1
222 ,178, 206, '102 116 198 147 95 88 94 89 ' ,'0 0 0 0 0 0 0 0 ' ,111 ,1 ,1, 1
349 ,212, 167, '138 151 127 110 85 103 102 82 ' ,'0 0 0 0 0 0 0 0 ' ,78 ,0 ,2, 2
212 ,174, 194, '168 132 166 185 82 106 153 93 ' ,'0 0 0 0 0 0 0 0 ' ,103 ,1 ,2, 1
216 ,202, 200, '157 191 142 133 110 121 88 103 ' ,'0 0 0 0 0 0 0 0 ' ,104 ,1 ,2, 1
313 ,208, 296, '131 286 139 199 87 107 152 134 ' ,'0 0 0 0 0 0 0 0 ' ,202 ,0 ,1, 1
209 ,303, 194, '125 183 146 134 127 73 95 112 ' ,'0 0 0 0 0 0 0 0 ' ,114 ,1 ,2, 1
175 ,199, 153, '134 126 122 117 144 64 87 88 ' ,'0 0 0 0 0 0 0 0 ' ,82 ,1 ,1, 1
220 ,162, 203, '158 193 147 145 100 64 85 109 ' ,'0 0 0 0 0 0 0 0 ' ,133 ,0 ,2, 1
194 ,211, 176, '129 157 155 165 109 86 91 85 ' ,'0 0 0 0 0 0 0 0 ' ,85 ,1 ,1, 1
207 ,183, 186, '145 179 97 126 86 71 66 89 ' ,'0 0 0 0 0 0 0 0 ' ,111 ,0 ,1, 1
172 ,196, 154, '97 112 108 145 64 82 93 81 ' ,'0 0 0 0 0 0 0 0 ' ,82 ,1 ,2, 1
165 ,159, 149, '114 140 135 129 111 72 79 76 ' ,'0 0 0 0 0 0 0 0 ' ,71 ,1 ,1, 1
181 ,156, 162, '153 122 109 137 59 80 84 89 ' ,'0 0 0 0 0 0 0 0 ' ,90 ,1 ,2, 1
224 ,167, 205, '192 195 123 160 83 94 97 95 ' ,'0 0 0 0 0 0 0 0 ' ,114 ,1 ,1, 1
338 ,211, 322, '114 313 164 185 123 83 91 124 ' ,'0 0 0 0 0 0 0 0 ' ,227 ,1 ,1, 1
348 ,328, 331, '143 185 205 171 92 74 319 143 ' ,'0 0 0 0 0 0 0 0 ' ,247 ,0 ,2, 1
338 ,337, 321, '162 215 312 128 106 85 74 164 ' ,'0 0 0 0 0 0 0 0 ' ,239 ,0 ,2, 1
192 ,328, 176, '166 155 110 115 94 84 84 139 ' ,'0 0 0 0 0 0 0 0 ' ,84 ,0 ,2, 1
212 ,182, 190, '160 163 149 183 125 126 102 113 ' ,'0 0 0 0 0 0 0 0 ' ,81 ,0 ,2, 1
223 ,197, 206, '154 192 107 142 118 125 122 199 ' ,'0 0 0 0 0 0 0 0 ' ,90 ,0 ,2, 1
190 ,212, 171, '151 130 115 162 93 83 84 139 ' ,'0 0 0 0 0 0 0 0 ' ,82 ,0 ,1, 1
181 ,181, 163, '135 133 137 157 89 75 84 104 ' ,'0 0 0 0 0 0 0 0 ' ,81 ,0 ,2, 1
188 ,171, 170, '112 135 161 104 82 72 104 89 ' ,'0 0 0 0 0 0 0 0 ' ,91 ,1 ,1, 1
188 ,176, 172, '129 157 154 111 118 163 101 100 ' ,'0 0 0 0 0 0 0 0 ' ,65 ,0 ,1, 1
174 ,179, 159, '149 135 115 132 92 67 93 96 ' ,'0 0 0 0 0 0 0 0 ' ,81 ,1 ,1, 1
141 ,164, 124, '109 115 111 110 68 62 106 115 ' ,'0 0 0 0 0 0 0 0 ' ,55 ,0 ,2, 1
196 ,131, 172, '140 138 161 137 97 55 102 111 ' ,'0 0 0 0 0 0 0 0 ' ,107 ,1 ,2, 1
157 ,182, 142, '125 133 121 132 97 56 87 114 ' ,'0 0 0 0 0 0 0 0 ' ,80 ,0 ,1, 1
199 ,148, 181, '125 133 173 117 74 95 90 60 ' ,'0 0 0 0 0 0 0 0 ' ,116 ,1 ,1, 1
232 ,188, 217, '140 209 182 177 88 65 125 71 ' ,'0 0 0 0 0 0 0 0 ' ,146 ,0 ,1, 1
201 ,224, 186, '118 135 177 174 112 94 93 85 ' ,'0 0 0 0 0 0 0 0 ' ,95 ,0 ,1, 1
206 ,191, 187, '177 130 163 130 96 71 96 98 ' ,'0 0 0 0 0 0 0 0 ' ,108 ,0 ,2, 2
290 ,196, 274, '215 139 244 253 120 74 159 56 ' ,'0 0 0 0 0 0 0 0 ' ,192 ,0 ,2, 1
210 ,279, 195, '148 135 186 141 112 56 98 87 ' ,'0 0 0 0 0 0 0 0 ' ,130 ,1 ,2, 1
216 ,201, 201, '165 113 125 193 105 90 76 76 ' ,'0 0 0 0 0 0 0 0 ' ,118 ,0 ,2, 1
199 ,207, 183, '134 164 174 133 99 67 159 90 ' ,'0 0 0 0 0 0 0 0 ' ,110 ,0 ,1, 1
192 ,189, 175, '165 168 113 150 76 75 72 90 ' ,'0 0 0 0 0 0 0 0 ' ,97 ,0 ,1, 1
161 ,182, 146, '111 131 112 107 85 73 79 83 ' ,'0 0 0 0 0 0 0 0 ' ,66 ,0 ,2, 2
173 ,151, 157, '143 131 147 135 81 73 76 86 ' ,'0 0 0 0 0 0 0 0 ' ,77 ,0 ,1, 1
158 ,164, 141, '117 116 132 97 90 63 92 60 ' ,'0 0 0 0 0 0 0 0 ' ,74 ,0 ,2, 1
186 ,148, 171, '112 129 106 164 85 60 76 66 ' ,'0 0 0 0 0 0 0 0 ' ,106 ,1 ,1, 0
159 ,176, 143, '134 114 127 117 92 62 64 86 ' ,'0 0 0 0 0 0 0 0 ' ,75 ,1 ,1, 1
153 ,152, 134, '120 90 123 125 101 77 84 62 ' ,'0 0 0 0 0 0 0 0 ' ,63 ,0 ,1, 1
150 ,144, 132, '115 123 114 115 69 80 70 70 ' ,'0 0 0 0 0 0 0 0 ' ,57 ,1 ,1, 1
167 ,140, 146, '105 138 97 117 71 67 76 58 ' ,'0 0 0 0 0 0 0 0 ' ,81 ,0 ,1, 1
161 ,152, 144, '115 112 98 134 83 79 64 76 ' ,'0 0 0 0 0 0 0 0 ' ,70 ,0 ,2, 1
163 ,149, 145, '110 101 133 137 74 92 88 61 ' ,'0 0 0 0 0 0 0 0 ' ,79 ,1 ,1, 1
179 ,153, 160, '91 104 134 151 78 105 72 79 ' ,'0 0 0 0 0 0 0 0 ' ,79 ,0 ,1, 1
265 ,170, 250, '194 241 107 223 77 93 143 108 ' ,'0 0 0 0 0 0 0 0 ' ,167 ,0 ,1, 1
260 ,255, 243, '233 121 175 195 106 104 133 69 ' ,'0 0 0 0 0 0 0 0 ' ,169 ,1 ,1, 1
273 ,250, 258, '183 148 250 171 141 136 124 145 ' ,'0 0 0 0 0 0 0 0 ' ,126 ,1 ,1, 1
188 ,264, 173, '123 163 117 150 105 85 138 107 ' ,'0 0 0 0 0 0 0 0 ' ,82 ,0 ,2, 2
163 ,178, 148, '138 134 139 118 102 96 93 83 ' ,'0 0 0 0 0 0 0 0 ' ,58 ,1 ,1, 1
184 ,154, 163, '123 158 136 151 90 82 138 85 ' ,'0 0 0 0 0 0 0 0 ' ,78 ,0 ,1, 1
241 ,174, 224, '119 173 215 156 99 111 107 107 ' ,'0 0 0 0 0 0 0 0 ' ,118 ,0 ,1, 1
163 ,231, 147, '96 136 104 138 110 81 83 64 ' ,'0 0 0 0 0 0 0 0 ' ,76 ,0 ,1, 1
208 ,154, 192, '111 181 136 177 83 84 71 89 ' ,'0 0 0 0 0 0 0 0 ' ,113 ,0 ,1, 1
189 ,199, 172, '122 116 162 159 83 102 60 80 ' ,'0 0 0 0 0 0 0 0 ' ,105 ,1 ,1, 1
146 ,179, 131, '121 109 118 116 67 91 102 71 ' ,'0 0 0 0 0 0 0 0 ' ,57 ,1 ,1, 1
357 ,138, 309, '156 102 130 138 46 105 112 78 ' ,'0 120 0 0 0 0 0 0 ' ,137 ,0 ,1, 1
195 ,315, 178, '168 96 115 118 84 69 99 57 ' ,'0 0 0 0 0 0 0 0 ' ,111 ,1 ,1, 1
195 ,185, 178, '170 124 161 133 114 68 87 99 ' ,'0 0 0 0 0 0 0 0 ' ,103 ,0 ,1, 1
188 ,186, 169, '156 142 160 137 98 66 124 100 ' ,'0 0 0 0 0 0 0 0 ' ,92 ,0 ,3, 3
204 ,177, 187, '178 151 120 175 107 90 130 73 ' ,'0 0 0 0 0 0 0 0 ' ,108 ,1 ,1, 1
223 ,193, 205, '189 140 196 167 114 73 112 98 ' ,'0 0 0 0 0 0 0 0 ' ,125 ,1 ,1, 1
197 ,213, 180, '136 132 134 173 94 85 117 168 ' ,'0 0 0 0 0 0 0 0 ' ,89 ,0 ,1, 1
199 ,187, 184, '175 122 132 150 150 78 97 98 ' ,'0 0 0 0 0 0 0 0 ' ,96 ,0 ,1, 1
180 ,189, 164, '143 154 122 114 105 94 102 83 ' ,'0 0 0 0 0 0 0 0 ' ,74 ,0 ,2, 2
259 ,168, 239, '149 139 143 237 97 73 84 97 ' ,'0 0 0 0 0 0 0 0 ' ,163 ,0 ,1, 1
283 ,249, 265, '146 254 118 137 79 141 82 89 ' ,'0 0 0 0 0 0 0 0 ' ,178 ,0 ,1, 1
164 ,271, 149, '129 124 139 124 115 79 63 108 ' ,'0 0 0 0 0 0 0 0 ' ,76 ,1 ,1, 1
177 ,154, 162, '147 153 135 135 91 98 65 101 ' ,'0 0 0 0 0 0 0 0 ' ,90 ,0 ,1, 1
167 ,169, 153, '124 143 115 117 66 62 64 91 ' ,'0 0 0 0 0 0 0 0 ' ,83 ,0 ,1, 1
200 ,158, 181, '107 93 172 112 57 107 97 90 ' ,'0 0 0 0 0 0 0 0 ' ,118 ,1 ,1, 1
166 ,190, 144, '132 136 122 108 66 103 72 112 ' ,'0 0 0 0 0 0 0 0 ' ,70 ,0 ,0, 0
156 ,157, 141, '115 115 123 133 77 83 61 101 ' ,'0 0 0 0 0 0 0 0 ' ,71 ,1 ,2, 2
231 ,146, 216, '116 206 134 112 117 80 106 73 ' ,'0 0 0 0 0 0 0 0 ' ,135 ,0 ,2, 1
212 ,221, 196, '127 125 115 188 79 94 81 92 ' ,'0 0 0 0 0 0 0 0 ' ,109 ,0 ,2, 1
180 ,201, 166, '157 148 139 151 123 108 111 98 ' ,'0 0 0 0 0 0 0 0 ' ,61 ,0 ,1, 1
186 ,171, 171, '158 144 145 161 81 94 110 111 ' ,'0 0 0 0 0 0 0 0 ' ,83 ,0 ,2, 1
225 ,176, 208, '161 163 127 177 103 109 200 79 ' ,'0 0 0 0 0 0 0 0 ' ,123 ,0 ,1, 1
243 ,216, 227, '218 128 123 166 108 81 97 92 ' ,'0 0 0 0 0 0 0 0 ' ,141 ,1 ,1, 0
283 ,234, 266, '182 167 157 256 142 89 122 120 ' ,'0 0 0 0 0 0 0 0 ' ,171 ,0 ,2, 2
247 ,273, 226, '216 194 157 123 113 111 132 134 ' ,'0 0 0 0 0 0 0 0 ' ,110 ,0 ,2, 1
238 ,236, 219, '211 172 154 160 139 130 94 78 ' ,'0 0 0 0 0 0 0 0 ' ,134 ,1 ,1, 1
271 ,225, 255, '175 245 201 148 81 126 103 121 ' ,'0 0 0 0 0 0 0 0 ' ,167 ,1 ,1, 1
235 ,261, 213, '146 203 152 135 117 97 90 172 ' ,'0 0 0 0 0 0 0 0 ' ,115 ,0 ,2, 2
188 ,221, 172, '162 151 129 118 94 93 104 147 ' ,'0 0 0 0 0 0 0 0 ' ,73 ,1 ,1, 1
229 ,178, 212, '202 192 126 122 115 147 69 76 ' ,'0 0 0 0 0 0 0 0 ' ,135 ,1 ,1, 1
243 ,217, 226, '115 125 133 109 91 215 76 73 ' ,'0 0 0 0 0 135011 0 0 ' ,147 ,1 ,1, 1
173 ,233, 154, '145 133 123 136 73 76 68 85 ' ,'0 0 0 0 0 0 0 0 ' ,79 ,1 ,1, 1
163 ,165, 146, '124 112 137 113 95 74 93 98 ' ,'0 0 0 0 0 0 0 0 ' ,66 ,1 ,1, 1
162 ,155, 145, '104 123 136 125 70 82 86 79 ' ,'0 0 0 0 0 0 0 0 ' ,67 ,0 ,1, 1
