174 ,0, 103, '35 37 21 40 35 26 43 45 49 35 34 32 27 36 40 57 29 28 25 43 ' ,'0 0 0 0 0 0 0 0 0 0 0 0 0 0 0 0 0 0 0 0 ' ,60 ,1 ,7, 6
600 ,151, 573, '327 311 346 368 372 399 320 553 363 402 325 337 368 346 290 346 378 289 320 297 ' ,'0 0 0 0 0 0 0 0 0 0 0 0 0 0 0 0 0 0 0 0 ' ,265 ,1 ,6, 4
187 ,588, 168, '127 124 134 153 119 106 146 131 149 130 141 125 117 118 135 134 151 110 103 99 ' ,'0 0 0 0 0 0 0 0 0 0 0 0 0 0 0 0 0 0 0 0 ' ,61 ,1 ,3, 3
496 ,192, 221, '197 144 129 168 175 182 166 148 161 134 159 138 157 179 162 130 183 204 204 166 ' ,'0 0 0 0 0 0 0 0 0 0 0 0 0 0 0 0 0 0 0 0 ' ,84 ,1 ,4, 4
246 ,238, 222, '134 124 148 144 143 137 153 157 138 122 138 191 152 120 135 130 146 143 179 149 ' ,'0 0 0 0 0 0 0 0 0 0 0 0 0 0 0 0 0 0 0 0 ' ,74 ,2 ,21, 21
226 ,303, 206, '197 142 116 156 146 174 135 174 163 123 146 135 122 153 160 124 168 152 135 134 ' ,'0 0 0 0 0 0 0 0 0 0 0 0 0 0 0 0 0 0 0 0 ' ,84 ,0 ,1, 1
286 ,219, 261, '138 162 166 135 138 134 157 134 162 165 119 114 236 169 171 140 126 141 143 134 ' ,'0 0 0 0 0 0 0 0 0 0 0 0 0 0 0 0 0 0 0 0 ' ,133 ,2 ,1, 1
234 ,276, 206, '158 144 142 126 130 148 159 181 154 147 173 143 161 173 146 162 195 172 161 160 ' ,'0 0 0 0 0 0 0 0 0 0 0 0 0 0 0 0 0 0 0 0 ' ,78 ,2 ,1, 1
210 ,470, 193, '159 136 125 125 149 129 122 167 155 127 156 146 131 158 138 145 149 103 164 176 ' ,'0 0 0 0 0 0 0 0 0 0 0 0 0 0 0 0 0 0 0 0 ' ,70 ,1 ,2, 2
246 ,199, 223, '135 147 187 138 159 182 121 116 140 133 118 129 159 184 152 149 143 137 136 210 ' ,'0 0 0 0 0 0 0 0 0 0 0 0 0 0 0 0 0 0 0 0 ' ,100 ,2 ,1, 1
196 ,268, 180, '134 131 120 133 123 129 110 141 138 115 102 135 154 142 129 122 117 122 133 121 ' ,'0 0 0 0 0 0 0 0 0 0 0 0 0 0 0 0 0 0 0 0 ' ,60 ,3 ,1, 1
186 ,186, 165, '126 137 124 152 120 125 138 98 137 148 134 106 117 131 107 114 123 104 141 138 ' ,'0 0 0 0 0 0 0 0 0 0 0 0 0 0 0 0 0 0 0 0 ' ,57 ,2 ,1, 1
622 ,177, 600, '177 141 115 130 148 162 156 160 153 155 136 144 151 144 149 588 128 150 155 137 ' ,'0 0 0 0 0 0 0 0 0 0 0 0 0 0 0 0 0 0 0 0 ' ,477 ,3 ,1, 1
241 ,612, 219, '103 163 164 142 191 142 117 153 156 164 203 159 165 124 150 118 129 122 145 161 ' ,'0 0 0 0 0 0 0 0 0 0 0 0 0 0 0 0 0 0 0 0 ' ,107 ,3 ,1, 1
510 ,230, 488, '263 210 207 195 217 176 201 154 457 186 190 199 242 150 229 250 217 234 164 187 ' ,'0 0 0 0 0 0 0 0 0 0 0 0 0 0 0 0 0 0 0 0 ' ,327 ,3 ,2, 2
239 ,500, 218, '148 153 197 177 164 187 173 154 113 169 156 199 184 161 185 167 153 167 149 170 ' ,'0 0 0 0 0 0 0 0 0 0 0 0 0 0 0 0 0 0 0 0 ' ,82 ,2 ,1, 1
323 ,228, 267, '197 253 296 253 229 200 257 240 272 191 212 230 217 267 197 173 156 243 244 205 ' ,'0 0 0 0 0 0 0 0 0 0 0 0 0 0 0 0 0 0 0 0 ' ,135 ,1 ,1, 1
220 ,312, 202, '132 185 145 123 124 143 157 192 164 155 129 151 126 133 123 155 123 150 152 150 ' ,'0 0 0 0 0 0 0 0 0 0 0 0 0 0 0 0 0 0 0 0 ' ,67 ,1 ,1, 1
221 ,210, 201, '160 122 132 144 176 157 130 143 131 154 142 141 141 121 191 138 142 141 136 167 ' ,'0 0 0 0 0 0 0 0 0 0 0 0 0 0 0 0 0 0 0 0 ' ,72 ,1 ,0, 0
262 ,216, 240, '229 165 153 193 153 142 194 194 199 188 147 197 215 157 164 177 154 136 132 139 ' ,'0 0 0 0 0 0 0 0 0 0 0 0 0 0 0 0 0 0 0 0 ' ,99 ,0 ,2, 2
228 ,281, 210, '152 172 203 161 144 167 112 151 167 161 132 188 151 161 174 130 179 173 114 136 ' ,'0 0 0 0 0 0 0 0 0 0 0 0 0 0 0 0 0 0 0 0 ' ,90 ,1 ,1, 1
243 ,218, 221, '186 137 110 137 137 117 166 140 163 155 125 150 130 166 126 154 152 142 132 213 ' ,'0 0 0 0 0 0 0 0 0 0 0 0 0 0 0 0 0 0 0 0 ' ,106 ,1 ,1, 1
182 ,232, 162, '132 128 153 126 122 125 111 148 122 149 129 125 119 141 126 139 149 119 121 109 ' ,'0 0 0 0 0 0 0 0 0 0 0 0 0 0 0 0 0 0 0 0 ' ,44 ,0 ,1, 1
218 ,173, 198, '124 110 145 145 186 119 170 136 121 163 99 98 150 120 151 117 101 115 133 160 ' ,'0 0 0 0 0 0 0 0 0 0 0 0 0 0 0 0 0 0 0 0 ' ,90 ,0 ,2, 2
222 ,209, 193, '131 92 185 194 127 137 176 138 145 146 124 171 126 117 173 180 112 156 125 133 ' ,'0 0 0 0 0 0 0 0 0 0 0 0 0 0 0 0 0 0 0 0 ' ,104 ,1 ,0, 0
211 ,214, 194, '142 154 184 135 110 158 132 131 123 113 101 152 149 149 151 158 165 117 128 146 ' ,'0 0 0 0 0 0 0 0 0 0 0 0 0 0 0 0 0 0 0 0 ' ,85 ,1 ,1, 0
232 ,204, 206, '123 184 186 157 142 122 181 165 150 138 166 122 127 132 115 207 131 174 152 149 ' ,'0 0 0 0 0 0 0 0 0 0 0 0 0 0 0 0 0 0 0 0 ' ,90 ,1 ,1, 1
223 ,223, 193, '122 165 130 117 113 143 103 125 105 185 108 93 116 175 130 118 119 148 141 141 ' ,'0 0 0 0 0 0 0 0 0 0 0 0 0 0 0 0 0 0 0 0 ' ,94 ,1 ,1, 1
203 ,216, 182, '127 136 138 107 170 130 115 135 118 145 113 121 135 142 155 109 137 167 128 150 ' ,'0 0 0 0 0 0 0 0 0 0 0 0 0 0 0 0 0 0 0 0 ' ,70 ,3 ,1, 1
234 ,195, 209, '128 143 117 195 142 107 146 150 86 146 99 146 152 146 167 148 140 167 125 160 ' ,'0 0 0 0 0 0 0 0 0 0 0 0 0 0 0 0 0 0 0 0 ' ,108 ,0 ,1, 1
196 ,219, 170, '137 134 128 139 109 132 99 141 109 117 145 131 130 164 112 117 117 112 117 134 ' ,'0 0 0 0 0 0 0 0 0 0 0 0 0 0 0 0 0 0 0 0 ' ,67 ,1 ,0, 0
163 ,184, 138, '106 115 105 139 123 129 108 111 118 105 107 112 98 120 85 95 105 132 127 114 ' ,'0 0 0 0 0 0 0 0 0 0 0 0 0 0 0 0 0 0 0 0 ' ,51 ,1 ,1, 1
202 ,154, 178, '121 114 137 135 135 103 158 116 139 137 131 145 132 147 130 148 158 130 176 130 ' ,'0 0 0 0 0 0 0 0 0 0 0 0 0 0 0 0 0 0 0 0 ' ,73 ,0 ,1, 1
273 ,199, 254, '145 148 166 240 129 146 150 153 162 163 126 154 151 235 154 185 245 126 183 195 ' ,'0 0 0 0 0 0 0 0 0 0 0 0 0 0 0 0 0 0 0 0 ' ,124 ,1 ,1, 1
242 ,265, 221, '140 127 157 217 142 188 166 138 186 187 125 132 172 207 172 142 141 181 169 170 ' ,'0 0 0 0 0 0 0 0 0 0 0 0 0 0 0 0 0 0 0 0 ' ,91 ,0 ,1, 1
247 ,232, 229, '222 172 162 135 141 131 148 161 175 155 143 107 144 165 147 157 137 150 201 137 ' ,'0 0 0 0 0 0 0 0 0 0 0 0 0 0 0 0 0 0 0 0 ' ,114 ,1 ,1, 1
226 ,239, 196, '141 129 201 168 138 163 135 146 150 157 170 130 147 150 157 123 170 170 186 151 ' ,'0 0 0 0 0 0 0 0 0 0 0 0 0 0 0 0 0 0 0 0 ' ,82 ,0 ,1, 1
226 ,218, 208, '177 163 164 170 131 141 162 173 179 158 145 184 152 147 185 199 160 168 134 144 ' ,'0 0 0 0 0 0 0 0 0 0 0 0 0 0 0 0 0 0 0 0 ' ,69 ,0 ,2, 2
214 ,217, 189, '128 156 135 148 151 118 180 163 124 165 150 136 144 170 160 140 137 136 140 140 ' ,'0 0 0 0 0 0 0 0 0 0 0 0 0 0 0 0 0 0 0 0 ' ,65 ,1 ,1, 1
181 ,206, 157, '124 123 130 137 152 159 107 116 135 129 151 116 140 149 145 141 128 118 110 130 ' ,'0 0 0 0 0 0 0 0 0 0 0 0 0 0 0 0 0 0 0 0 ' ,43 ,1 ,1, 1
179 ,173, 157, '100 104 146 149 137 108 138 118 111 105 129 128 139 127 121 135 107 115 132 137 ' ,'0 0 0 0 0 0 0 0 0 0 0 0 0 0 0 0 0 0 0 0 ' ,51 ,0 ,1, 1
223 ,168, 201, '118 118 193 114 148 127 141 124 148 117 103 115 105 128 122 112 112 135 145 109 ' ,'0 0 0 0 0 0 0 0 0 0 0 0 0 0 0 0 0 0 0 0 ' ,95 ,0 ,2, 2
197 ,215, 180, '146 117 129 131 121 129 127 134 117 128 113 119 156 141 118 145 148 143 144 147 ' ,'0 0 0 0 0 0 0 0 0 0 0 0 0 0 0 0 0 0 0 0 ' ,58 ,1 ,2, 1
237 ,188, 214, '137 125 146 171 164 137 155 155 164 164 120 114 127 173 177 202 167 135 132 195 ' ,'0 0 0 0 0 0 0 0 0 0 0 0 0 0 0 0 0 0 0 0 ' ,88 ,0 ,1, 0
252 ,228, 234, '179 139 172 223 130 114 155 123 144 133 165 141 165 147 192 195 185 224 163 122 ' ,'0 0 0 0 0 0 0 0 0 0 0 0 0 0 0 0 0 0 0 0 ' ,112 ,1 ,2, 2
319 ,243, 300, '217 165 129 170 175 237 132 158 150 187 220 109 246 130 159 293 126 146 184 131 ' ,'0 0 0 0 0 0 0 0 0 0 0 0 0 0 0 0 0 0 0 0 ' ,181 ,1 ,2, 1
196 ,309, 179, '148 121 154 128 113 155 105 109 110 108 169 121 143 153 142 129 119 126 139 123 ' ,'0 0 0 0 0 0 0 0 0 0 0 0 0 0 0 0 0 0 0 0 ' ,63 ,1 ,2, 1
258 ,185, 241, '166 146 134 140 155 141 124 230 134 183 156 152 125 183 193 153 140 166 140 161 ' ,'0 0 0 0 0 0 0 0 0 0 0 0 0 0 0 0 0 0 0 0 ' ,105 ,1 ,1, 0
262 ,248, 241, '175 166 177 136 193 191 177 142 150 212 200 162 176 233 220 161 107 119 178 220 ' ,'0 0 0 0 0 0 0 0 0 0 0 0 0 0 0 0 0 0 0 0 ' ,127 ,1 ,1, 1
361 ,253, 344, '142 157 333 148 143 143 147 143 132 145 169 88 122 106 143 142 112 111 121 144 ' ,'0 0 0 0 0 0 0 0 0 0 0 0 0 0 0 0 0 0 0 0 ' ,240 ,0 ,2, 2
223 ,351, 207, '169 140 141 119 104 168 135 129 143 137 168 128 124 138 130 193 103 135 142 155 ' ,'0 0 0 0 0 0 0 0 0 0 0 0 0 0 0 0 0 0 0 0 ' ,94 ,1 ,2, 1
302 ,214, 283, '195 135 115 152 140 174 152 151 199 155 157 168 158 209 140 137 173 272 153 177 ' ,'0 0 0 0 0 0 0 0 0 0 0 0 0 0 0 0 0 0 0 0 ' ,160 ,1 ,2, 1
212 ,293, 195, '145 133 131 154 130 176 156 173 171 168 170 164 133 133 150 151 161 183 154 153 ' ,'0 0 0 0 0 0 0 0 0 0 0 0 0 0 0 0 0 0 0 0 ' ,56 ,1 ,2, 1
242 ,201, 207, '162 198 131 173 164 161 162 143 157 136 151 132 122 151 154 146 172 144 135 199 ' ,'0 0 0 0 0 0 0 0 0 0 0 0 0 0 0 0 0 0 0 0 ' ,81 ,1 ,1, 1
188 ,232, 167, '132 158 132 132 126 127 122 150 133 134 146 113 149 122 128 151 128 135 103 129 ' ,'0 0 0 0 0 0 0 0 0 0 0 0 0 0 0 0 0 0 0 0 ' ,59 ,0 ,1, 1
211 ,179, 194, '185 160 140 178 113 138 117 161 136 143 140 141 136 135 137 145 134 139 165 146 ' ,'0 0 0 0 0 0 0 0 0 0 0 0 0 0 0 0 0 0 0 0 ' ,73 ,0 ,2, 1
197 ,202, 179, '144 159 127 153 161 171 120 151 140 145 158 144 128 151 149 143 163 130 151 135 ' ,'0 0 0 0 0 0 0 0 0 0 0 0 0 0 0 0 0 0 0 0 ' ,49 ,1 ,1, 1
214 ,189, 197, '137 144 189 133 134 144 127 133 176 137 147 121 143 143 121 133 132 162 168 148 ' ,'0 0 0 0 0 0 0 0 0 0 0 0 0 0 0 0 0 0 0 0 ' ,62 ,1 ,2, 2
211 ,205, 192, '145 141 162 166 142 141 159 171 142 160 176 114 141 149 183 139 148 127 135 176 ' ,'0 0 0 0 0 0 0 0 0 0 0 0 0 0 0 0 0 0 0 0 ' ,63 ,1 ,1, 1
244 ,202, 230, '124 135 160 171 120 128 136 150 126 147 174 106 210 153 147 130 117 169 117 143 ' ,'0 0 0 0 0 0 0 0 0 0 0 0 0 0 0 0 0 0 0 0 ' ,111 ,1 ,2, 2
211 ,235, 190, '187 156 155 120 133 160 119 113 130 147 166 140 137 141 168 169 131 161 160 149 ' ,'0 0 0 0 0 0 0 0 0 0 0 0 0 0 0 0 0 0 0 0 ' ,72 ,0 ,2, 1
295 ,202, 273, '160 136 143 176 135 136 141 176 176 177 138 148 174 140 109 267 165 155 164 157 ' ,'0 0 0 0 0 0 0 0 0 0 0 0 0 0 0 0 0 0 0 0 ' ,157 ,0 ,1, 1
294 ,285, 274, '191 120 144 112 141 143 143 144 168 193 208 111 168 216 163 157 104 262 94 194 ' ,'0 0 0 0 0 0 0 0 0 0 0 0 0 0 0 0 0 0 0 0 ' ,171 ,0 ,2, 1
226 ,284, 206, '180 185 153 112 146 151 127 150 193 135 111 109 154 154 163 157 122 158 117 170 ' ,'0 0 0 0 0 0 0 0 0 0 0 0 0 0 0 0 0 0 0 0 ' ,87 ,1 ,1, 1
197 ,213, 179, '101 107 144 157 118 130 167 105 133 148 167 105 149 123 163 120 134 129 118 128 ' ,'0 0 0 0 0 0 0 0 0 0 0 0 0 0 0 0 0 0 0 0 ' ,70 ,0 ,1, 1
252 ,187, 226, '146 186 142 123 163 186 152 175 141 146 167 134 127 158 198 191 131 217 108 211 ' ,'0 0 0 0 0 0 0 0 0 0 0 0 0 0 0 0 0 0 0 0 ' ,112 ,1 ,1, 1
292 ,238, 276, '193 239 268 191 175 130 163 194 197 166 186 133 142 221 165 188 169 158 140 150 ' ,'0 0 0 0 0 0 0 0 0 0 0 0 0 0 0 0 0 0 0 0 ' ,136 ,1 ,2, 2
333 ,282, 311, '170 192 145 117 155 164 137 170 136 301 128 206 133 163 175 234 108 137 134 193 ' ,'0 0 0 0 0 0 0 0 0 0 0 0 0 0 0 0 0 0 0 0 ' ,193 ,1 ,1, 1
323 ,318, 304, '152 149 160 179 197 132 174 296 209 202 196 152 186 170 163 182 148 191 135 189 ' ,'0 0 0 0 0 0 0 0 0 0 0 0 0 0 0 0 0 0 0 0 ' ,167 ,1 ,1, 1
229 ,313, 213, '198 140 178 108 124 136 145 126 158 140 146 119 122 127 161 156 156 149 140 106 ' ,'0 0 0 0 0 0 0 0 0 0 0 0 0 0 0 0 0 0 0 0 ' ,92 ,1 ,2, 1
284 ,219, 266, '198 145 188 174 152 179 237 135 158 195 139 198 128 150 202 151 146 162 115 258 ' ,'0 0 0 0 0 0 0 0 0 0 0 0 0 0 0 0 0 0 0 0 ' ,137 ,1 ,1, 1
231 ,276, 214, '204 147 164 102 132 137 180 173 164 149 139 161 175 165 114 174 184 190 117 148 ' ,'0 0 0 0 0 0 0 0 0 0 0 0 0 0 0 0 0 0 0 0 ' ,105 ,1 ,1, 1
200 ,221, 184, '128 131 106 166 98 146 147 136 148 125 114 138 152 159 132 135 173 134 168 113 ' ,'0 0 0 0 0 0 0 0 0 0 0 0 0 0 0 0 0 0 0 0 ' ,78 ,1 ,2, 1
230 ,192, 213, '167 121 155 132 157 170 177 153 155 182 155 180 97 161 192 151 144 144 178 200 ' ,'0 0 0 0 0 0 0 0 0 0 0 0 0 0 0 0 0 0 0 0 ' ,97 ,1 ,1, 1
201 ,221, 183, '138 139 137 139 122 166 140 156 125 153 146 143 137 145 127 163 150 167 119 175 ' ,'0 0 0 0 0 0 0 0 0 0 0 0 0 0 0 0 0 0 0 0 ' ,56 ,1 ,0, 0
298 ,192, 259, '131 217 174 196 142 150 141 162 156 122 158 184 182 143 152 198 248 188 225 163 ' ,'0 0 0 0 0 0 0 0 0 0 0 0 0 0 0 0 0 0 0 0 ' ,124 ,1 ,1, 1
238 ,290, 220, '131 162 146 205 126 151 129 165 169 143 128 135 178 127 124 138 162 165 136 150 ' ,'0 0 0 0 0 0 0 0 0 0 0 0 0 0 0 0 0 0 0 0 ' ,88 ,1 ,1, 1
232 ,228, 212, '109 133 117 148 115 109 199 179 141 125 139 117 103 138 155 139 123 197 167 142 ' ,'0 0 0 0 0 0 0 0 0 0 0 0 0 0 0 0 0 0 0 0 ' ,98 ,1 ,4, 1
238 ,274, 219, '144 147 122 164 171 125 180 183 146 194 155 125 177 166 175 124 138 162 148 209 ' ,'0 0 0 0 0 0 0 0 0 0 0 0 0 0 0 0 0 0 0 0 ' ,90 ,0 ,1, 1
240 ,227, 222, '164 136 175 144 125 130 169 132 196 105 157 171 124 126 130 151 137 126 216 208 ' ,'0 0 0 0 0 0 0 0 0 0 0 0 0 0 0 0 0 0 0 0 ' ,110 ,0 ,1, 1
323 ,233, 304, '191 134 149 120 145 261 291 202 158 140 218 171 126 172 96 199 135 116 117 187 ' ,'0 0 0 0 0 0 0 0 0 0 0 0 0 0 0 0 0 0 0 0 ' ,198 ,1 ,1, 1
236 ,313, 218, '125 133 119 189 113 131 114 123 202 120 137 163 134 129 119 136 178 120 171 106 ' ,'0 0 0 0 0 0 0 0 0 0 0 0 0 0 0 0 0 0 0 0 ' ,104 ,1 ,2, 1
265 ,226, 246, '123 120 125 145 137 160 133 150 120 162 138 140 144 169 130 112 237 98 110 138 ' ,'0 0 0 0 0 0 0 0 0 0 0 0 0 0 0 0 0 0 0 0 ' ,140 ,0 ,1, 1
244 ,256, 228, '120 126 95 111 219 133 148 123 100 169 126 130 128 131 205 121 132 130 121 185 ' ,'0 0 0 0 0 0 0 0 0 0 0 0 0 0 0 0 0 0 0 0 ' ,125 ,1 ,1, 1
196 ,235, 177, '133 120 128 134 115 136 107 164 116 107 122 139 125 124 121 120 147 169 127 106 ' ,'0 0 0 0 0 0 0 0 0 0 0 0 0 0 0 0 0 0 0 0 ' ,65 ,0 ,1, 0
265 ,187, 243, '183 204 154 157 130 232 150 134 114 128 161 150 122 138 106 194 119 145 179 132 ' ,'0 0 0 0 0 0 0 0 0 0 0 0 0 0 0 0 0 0 0 0 ' ,128 ,0 ,2, 1
227 ,254, 210, '141 121 126 173 145 173 149 116 154 167 129 139 158 155 197 135 123 152 134 193 ' ,'0 0 0 0 0 0 0 0 0 0 0 0 0 0 0 0 0 0 0 0 ' ,86 ,1 ,2, 1
219 ,218, 201, '147 155 170 141 190 192 158 184 151 154 130 129 160 136 139 126 127 130 149 144 ' ,'0 0 0 0 0 0 0 0 0 0 0 0 0 0 0 0 0 0 0 0 ' ,69 ,0 ,2, 1
243 ,209, 222, '146 160 157 168 161 138 159 129 119 204 141 182 160 206 212 157 156 163 176 172 ' ,'0 0 0 0 0 0 0 0 0 0 0 0 0 0 0 0 0 0 0 0 ' ,90 ,0 ,1, 1
225 ,230, 209, '168 172 183 155 172 123 155 146 145 157 143 128 135 172 116 130 118 172 184 195 ' ,'0 0 0 0 0 0 0 0 0 0 0 0 0 0 0 0 0 0 0 0 ' ,78 ,1 ,1, 0
254 ,217, 237, '144 141 128 165 157 142 153 115 123 171 210 127 195 191 146 155 143 175 230 152 ' ,'0 0 0 0 0 0 0 0 0 0 0 0 0 0 0 0 0 0 0 0 ' ,115 ,1 ,2, 1
455 ,244, 436, '175 426 152 124 189 132 121 143 157 172 376 129 180 142 153 115 193 106 170 180 ' ,'0 0 0 0 0 0 0 0 0 0 0 0 0 0 0 0 0 0 0 0 ' ,323 ,0 ,2, 1
218 ,447, 200, '149 120 136 130 148 129 159 141 135 155 139 102 143 150 138 139 189 162 132 142 ' ,'0 0 0 0 0 0 0 0 0 0 0 0 0 0 0 0 0 0 0 0 ' ,85 ,1 ,2, 1
189 ,209, 171, '133 139 147 118 146 107 92 113 106 124 119 113 117 108 120 122 107 143 137 159 ' ,'0 0 0 0 0 0 0 0 0 0 0 0 0 0 0 0 0 0 0 0 ' ,62 ,0 ,2, 2
161 ,176, 141, '119 99 124 121 99 101 111 134 121 102 119 96 115 129 104 125 115 106 104 116 ' ,'0 0 0 0 0 0 0 0 0 0 0 0 0 0 0 0 0 0 0 0 ' ,37 ,0 ,1, 1
214 ,151, 193, '114 88 145 108 85 143 102 108 123 111 145 117 149 117 111 116 183 120 170 131 ' ,'0 0 0 0 0 0 0 0 0 0 0 0 0 0 0 0 0 0 0 0 ' ,100 ,0 ,1, 1
182 ,204, 165, '131 118 151 134 109 109 115 121 112 128 146 115 95 118 138 115 105 115 132 130 ' ,'0 0 0 0 0 0 0 0 0 0 0 0 0 0 0 0 0 0 0 0 ' ,49 ,0 ,0, 0
197 ,173, 179, '131 126 134 110 129 163 112 173 152 106 118 153 133 136 167 114 137 113 121 121 ' ,'0 0 0 0 0 0 0 0 0 0 0 0 0 0 0 0 0 0 0 0 ' ,63 ,0 ,1, 0
204 ,188, 182, '104 114 129 148 122 151 114 140 130 146 120 139 127 152 164 119 125 157 154 128 ' ,'0 0 0 0 0 0 0 0 0 0 0 0 0 0 0 0 0 0 0 0 ' ,67 ,1 ,1, 1
201 ,188, 181, '166 115 131 138 111 121 126 117 134 142 109 85 108 174 129 105 120 103 135 113 ' ,'0 0 0 0 0 0 0 0 0 0 0 0 0 0 0 0 0 0 0 0 ' ,89 ,1 ,1, 1
272 ,194, 254, '118 117 136 129 117 183 128 165 145 128 160 123 155 142 244 211 147 121 149 134 ' ,'0 0 0 0 0 0 0 0 0 0 0 0 0 0 0 0 0 0 0 0 ' ,129 ,0 ,1, 1
307 ,264, 288, '162 128 178 220 180 159 168 191 171 171 165 263 153 151 112 128 156 155 175 198 ' ,'0 0 0 0 0 0 0 0 0 0 0 0 0 0 0 0 0 0 0 0 ' ,168 ,0 ,2, 1
244 ,297, 226, '158 152 147 144 190 203 173 138 202 158 147 190 205 164 118 129 168 148 166 188 ' ,'0 0 0 0 0 0 0 0 0 0 0 0 0 0 0 0 0 0 0 0 ' ,101 ,0 ,1, 1
208 ,235, 192, '129 139 154 151 183 162 176 159 133 139 142 147 146 175 146 162 145 156 123 175 ' ,'0 0 0 0 0 0 0 0 0 0 0 0 0 0 0 0 0 0 0 0 ' ,58 ,1 ,1, 1
222 ,199, 199, '120 156 172 159 143 181 151 150 185 167 174 124 168 170 132 158 161 176 176 186 ' ,'0 0 0 0 0 0 0 0 0 0 0 0 0 0 0 0 0 0 0 0 ' ,69 ,0 ,1, 1
276 ,214, 253, '153 159 122 145 125 155 153 146 156 146 160 240 158 197 155 179 180 174 125 181 ' ,'0 0 0 0 0 0 0 0 0 0 0 0 0 0 0 0 0 0 0 0 ' ,127 ,1 ,1, 1
243 ,263, 226, '150 167 163 145 152 126 149 158 153 188 216 122 182 158 142 147 197 166 165 177 ' ,'0 0 0 0 0 0 0 0 0 0 0 0 0 0 0 0 0 0 0 0 ' ,90 ,1 ,2, 1
206 ,232, 184, '145 152 152 147 151 156 147 138 131 120 137 155 174 130 119 141 144 144 139 114 ' ,'0 0 0 0 0 0 0 0 0 0 0 0 0 0 0 0 0 0 0 0 ' ,62 ,0 ,2, 1
199 ,193, 180, '139 147 138 140 170 126 130 138 148 143 116 153 136 125 138 132 127 121 133 148 ' ,'0 0 0 0 0 0 0 0 0 0 0 0 0 0 0 0 0 0 0 0 ' ,57 ,0 ,2, 1
204 ,190, 188, '156 148 131 150 142 131 169 137 149 142 133 169 144 128 142 150 104 134 153 142 ' ,'0 0 0 0 0 0 0 0 0 0 0 0 0 0 0 0 0 0 0 0 ' ,66 ,0 ,1, 1
230 ,195, 211, '185 147 156 198 137 157 139 167 146 146 151 145 167 125 123 151 159 162 150 158 ' ,'0 0 0 0 0 0 0 0 0 0 0 0 0 0 0 0 0 0 0 0 ' ,81 ,2 ,2, 1
218 ,221, 198, '107 159 130 125 144 137 120 154 126 107 153 123 151 140 188 123 161 130 160 144 ' ,'0 0 0 0 0 0 0 0 0 0 0 0 0 0 0 0 0 0 0 0 ' ,84 ,0 ,1, 1
449 ,207, 433, '123 108 133 128 111 108 107 104 118 417 115 146 131 125 419 131 127 140 110 420 ' ,'0 0 0 0 0 0 0 0 0 0 0 0 0 0 0 0 0 0 0 0 ' ,320 ,1 ,2, 1
181 ,442, 164, '137 111 122 107 148 92 114 120 131 138 100 131 120 115 151 110 121 138 118 141 ' ,'0 0 0 0 0 0 0 0 0 0 0 0 0 0 0 0 0 0 0 0 ' ,62 ,1 ,2, 1
175 ,174, 155, '141 124 146 118 109 125 120 126 108 106 108 127 137 130 109 107 130 119 129 118 ' ,'0 0 0 0 0 0 0 0 0 0 0 0 0 0 0 0 0 0 0 0 ' ,42 ,1 ,1, 1
223 ,161, 206, '176 123 136 137 95 195 96 107 110 89 169 113 130 120 115 167 129 97 107 109 ' ,'0 0 0 0 0 0 0 0 0 0 0 0 0 0 0 0 0 0 0 0 ' ,108 ,1 ,2, 1
211 ,214, 194, '107 119 106 181 116 139 113 122 143 129 114 125 117 128 100 113 138 114 174 125 ' ,'0 0 0 0 0 0 0 0 0 0 0 0 0 0 0 0 0 0 0 0 ' ,82 ,1 ,1, 1
231 ,201, 212, '138 135 179 154 161 135 167 121 195 152 203 160 170 155 160 142 139 164 161 128 ' ,'0 0 0 0 0 0 0 0 0 0 0 0 0 0 0 0 0 0 0 0 ' ,86 ,1 ,1, 1
226 ,221, 206, '129 197 143 129 171 154 106 113 108 166 125 123 143 155 154 110 138 136 161 163 ' ,'0 0 0 0 0 0 0 0 0 0 0 0 0 0 0 0 0 0 0 0 ' ,93 ,1 ,1, 1
203 ,219, 176, '135 124 132 147 126 142 123 172 120 133 100 137 119 124 116 110 134 161 124 125 ' ,'0 0 0 0 0 0 0 0 0 0 0 0 0 0 0 0 0 0 0 0 ' ,78 ,1 ,1, 0
267 ,195, 246, '239 135 166 125 144 212 97 127 134 149 206 93 126 150 145 191 131 138 137 139 ' ,'0 0 0 0 0 0 0 0 0 0 0 0 0 0 0 0 0 0 0 0 ' ,144 ,0 ,1, 1
234 ,257, 213, '143 133 174 116 114 132 120 131 149 147 95 108 143 181 201 150 160 149 125 133 ' ,'0 0 0 0 0 0 0 0 0 0 0 0 0 0 0 0 0 0 0 0 ' ,110 ,1 ,1, 1
276 ,225, 252, '145 110 191 149 149 144 140 153 138 179 145 134 175 173 167 145 186 164 247 172 ' ,'0 0 0 0 0 0 0 0 0 0 0 0 0 0 0 0 0 0 0 0 ' ,142 ,0 ,1, 1
248 ,267, 230, '121 182 160 153 110 132 128 197 159 162 191 98 177 154 221 101 210 145 175 189 ' ,'0 0 0 0 0 0 0 0 0 0 0 0 0 0 0 0 0 0 0 0 ' ,125 ,0 ,1, 1
293 ,239, 270, '172 167 140 163 125 263 136 174 141 178 158 164 163 205 136 191 156 168 144 154 ' ,'0 0 0 0 0 0 0 0 0 0 0 0 0 0 0 0 0 0 0 0 ' ,139 ,0 ,1, 1
246 ,280, 225, '169 159 170 151 136 220 182 147 148 136 189 158 191 178 129 208 185 175 152 167 ' ,'0 0 0 0 0 0 0 0 0 0 0 0 0 0 0 0 0 0 0 0 ' ,89 ,0 ,1, 1
204 ,237, 182, '156 134 136 108 130 152 135 170 124 135 128 171 129 160 152 151 125 143 144 132 ' ,'0 0 0 0 0 0 0 0 0 0 0 0 0 0 0 0 0 0 0 0 ' ,69 ,1 ,1, 1
202 ,195, 183, '132 131 130 123 98 154 108 147 137 162 125 140 157 147 137 152 119 138 178 125 ' ,'0 0 0 0 0 0 0 0 0 0 0 0 0 0 0 0 0 0 0 0 ' ,79 ,1 ,0, 0
261 ,193, 239, '127 127 126 119 190 164 119 170 137 159 164 147 142 163 156 122 229 127 207 140 ' ,'0 0 0 0 0 0 0 0 0 0 0 0 0 0 0 0 0 0 0 0 ' ,113 ,1 ,2, 1
226 ,248, 194, '107 123 139 120 114 141 118 110 113 94 155 110 144 149 122 116 153 189 127 85 ' ,'0 0 0 0 0 0 0 0 0 0 0 0 0 0 0 0 0 0 0 0 ' ,108 ,1 ,2, 1
286 ,215, 267, '119 122 117 118 145 259 98 123 122 125 180 91 165 134 106 140 136 123 121 126 ' ,'0 0 0 0 0 0 0 0 0 0 0 0 0 0 0 0 0 0 0 0 ' ,166 ,1 ,1, 1
227 ,276, 210, '133 117 164 104 106 131 141 129 112 113 113 96 134 133 110 104 112 134 204 120 ' ,'0 0 0 0 0 0 0 0 0 0 0 0 0 0 0 0 0 0 0 0 ' ,107 ,1 ,2, 1
166 ,228, 146, '118 100 109 137 120 115 141 103 109 107 105 105 122 130 88 108 112 117 111 100 ' ,'0 0 0 0 0 0 0 0 0 0 0 0 0 0 0 0 0 0 0 0 ' ,52 ,0 ,1, 1
241 ,157, 225, '134 115 95 139 122 117 142 137 150 137 122 104 122 215 150 82 129 194 131 124 ' ,'0 0 0 0 0 0 0 0 0 0 0 0 0 0 0 0 0 0 0 0 ' ,138 ,1 ,1, 1
225 ,233, 207, '133 199 134 152 96 157 127 158 171 150 106 102 129 183 166 132 153 126 131 123 ' ,'0 0 0 0 0 0 0 0 0 0 0 0 0 0 0 0 0 0 0 0 ' ,104 ,0 ,1, 1
229 ,217, 209, '150 149 137 139 136 142 146 201 163 164 146 146 138 198 158 176 162 140 124 157 ' ,'0 0 0 0 0 0 0 0 0 0 0 0 0 0 0 0 0 0 0 0 ' ,77 ,1 ,2, 1
397 ,218, 381, '146 170 175 126 140 159 129 294 202 229 118 365 227 214 134 161 175 174 173 163 ' ,'0 0 0 0 0 0 0 0 0 0 0 0 0 0 0 0 0 0 0 0 ' ,247 ,1 ,1, 1
329 ,386, 311, '238 146 299 155 153 198 157 176 169 196 167 197 201 191 149 153 198 173 160 177 ' ,'0 0 0 0 0 0 0 0 0 0 0 0 0 0 0 0 0 0 0 0 ' ,154 ,1 ,2, 1
240 ,318, 216, '174 166 144 160 157 138 135 210 149 159 95 135 207 201 168 148 147 156 150 150 ' ,'0 0 0 0 0 0 0 0 0 0 0 0 0 0 0 0 0 0 0 0 ' ,116 ,1 ,1, 1
259 ,226, 243, '190 159 169 201 181 140 181 163 190 124 145 232 196 186 217 152 227 194 210 173 ' ,'0 0 0 0 0 0 0 0 0 0 0 0 0 0 0 0 0 0 0 0 ' ,111 ,0 ,1, 1
306 ,251, 289, '184 160 187 144 188 277 171 178 149 178 167 112 195 147 180 176 149 194 162 162 ' ,'0 0 0 0 0 0 0 0 0 0 0 0 0 0 0 0 0 0 0 0 ' ,162 ,0 ,2, 1
214 ,295, 198, '152 155 140 135 122 147 188 149 158 142 111 133 139 169 140 139 166 155 161 134 ' ,'0 0 0 0 0 0 0 0 0 0 0 0 0 0 0 0 0 0 0 0 ' ,76 ,0 ,2, 1
207 ,205, 187, '133 132 141 125 131 159 146 152 140 136 155 141 119 118 139 145 176 155 151 114 ' ,'0 0 0 0 0 0 0 0 0 0 0 0 0 0 0 0 0 0 0 0 ' ,67 ,1 ,1, 1
200 ,197, 179, '119 128 169 139 146 112 147 124 117 151 135 106 164 134 153 138 123 165 145 153 ' ,'0 0 0 0 0 0 0 0 0 0 0 0 0 0 0 0 0 0 0 0 ' ,63 ,1 ,2, 1
166 ,191, 148, '129 109 114 113 130 119 122 132 136 101 119 134 133 101 132 121 115 125 132 117 ' ,'0 0 0 0 0 0 0 0 0 0 0 0 0 0 0 0 0 0 0 0 ' ,40 ,0 ,1, 1
184 ,157, 167, '140 121 145 91 118 133 138 106 113 118 129 114 115 110 113 132 150 110 160 134 ' ,'0 0 0 0 0 0 0 0 0 0 0 0 0 0 0 0 0 0 0 0 ' ,69 ,1 ,2, 1
333 ,177, 311, '141 122 183 161 123 110 147 125 119 131 164 132 145 141 126 117 162 147 305 98 ' ,'0 0 0 0 0 0 0 0 0 0 0 0 0 0 0 0 0 0 0 0 ' ,206 ,1 ,1, 1
265 ,321, 247, '152 144 145 208 232 202 137 120 225 139 122 117 139 119 154 144 106 201 135 145 ' ,'0 0 0 0 0 0 0 0 0 0 0 0 0 0 0 0 0 0 0 0 ' ,128 ,0 ,1, 0
236 ,256, 217, '136 123 102 161 186 148 156 122 146 133 117 97 156 137 207 144 144 147 133 186 ' ,'0 0 0 0 0 0 0 0 0 0 0 0 0 0 0 0 0 0 0 0 ' ,111 ,0 ,2, 1
288 ,227, 271, '125 189 141 137 141 134 137 154 258 128 129 132 145 160 150 203 131 147 146 138 ' ,'0 0 0 0 0 0 0 0 0 0 0 0 0 0 0 0 0 0 0 0 ' ,134 ,1 ,2, 1
354 ,277, 337, '252 172 125 152 231 274 148 170 213 181 326 127 170 199 191 212 166 278 141 162 ' ,'0 0 0 0 0 0 0 0 0 0 0 0 0 0 0 0 0 0 0 0 ' ,203 ,1 ,1, 1
344 ,346, 326, '163 225 175 156 128 115 162 233 204 152 154 168 305 131 123 195 308 195 146 137 ' ,'0 0 0 0 0 0 0 0 0 0 0 0 0 0 0 0 0 0 0 0 ' ,204 ,0 ,1, 1
317 ,338, 298, '136 185 150 285 261 120 132 164 141 160 157 171 197 175 154 146 173 139 140 109 ' ,'0 0 0 0 0 0 0 0 0 0 0 0 0 0 0 0 0 0 0 0 ' ,181 ,1 ,1, 1
289 ,308, 267, '185 155 258 192 223 161 115 190 174 235 163 206 133 160 204 191 180 133 182 224 ' ,'0 0 0 0 0 0 0 0 0 0 0 0 0 0 0 0 0 0 0 0 ' ,142 ,1 ,1, 1
288 ,272, 273, '235 199 265 196 191 154 166 216 152 190 146 108 184 166 138 237 242 228 195 194 ' ,'0 0 0 0 0 0 0 0 0 0 0 0 0 0 0 0 0 0 0 0 ' ,149 ,1 ,2, 1
245 ,280, 227, '192 222 108 156 170 192 143 179 197 114 143 107 198 171 173 186 146 184 156 122 ' ,'0 0 0 0 0 0 0 0 0 0 0 0 0 0 0 0 0 0 0 0 ' ,115 ,0 ,1, 1
221 ,237, 199, '148 158 118 191 133 153 150 163 109 122 171 122 177 126 97 154 125 123 140 122 ' ,'0 0 0 0 0 0 0 0 0 0 0 0 0 0 0 0 0 0 0 0 ' ,90 ,1 ,0, 0
221 ,212, 199, '140 141 114 125 104 157 130 152 136 104 155 135 179 141 128 174 130 115 115 143 ' ,'0 0 0 0 0 0 0 0 0 0 0 0 0 0 0 0 0 0 0 0 ' ,88 ,2 ,2, 1
215 ,213, 196, '149 166 146 106 183 129 141 181 113 164 153 138 144 132 150 110 119 147 125 141 ' ,'0 0 0 0 0 0 0 0 0 0 0 0 0 0 0 0 0 0 0 0 ' ,80 ,1 ,0, 0
340 ,208, 324, '153 132 181 197 139 171 155 233 153 177 118 141 145 192 112 180 173 166 315 207 ' ,'0 0 0 0 0 0 0 0 0 0 0 0 0 0 0 0 0 0 53 0 ' ,202 ,1 ,1, 1
317 ,331, 300, '149 140 163 143 291 158 133 152 128 135 141 150 127 132 108 165 162 129 122 116 ' ,'0 0 0 0 0 0 0 0 0 0 0 0 0 0 0 0 0 0 0 0 ' ,182 ,1 ,2, 1
217 ,308, 202, '122 125 147 141 142 182 191 154 131 153 131 95 156 156 102 131 143 130 128 93 ' ,'0 0 0 0 0 0 0 0 0 0 0 0 0 0 0 0 0 0 0 0 ' ,96 ,1 ,2, 1
191 ,211, 173, '152 119 122 138 150 134 113 125 132 153 160 135 118 103 161 151 146 123 140 141 ' ,'0 0 0 0 0 0 0 0 0 0 0 0 0 0 0 0 0 0 0 0 ' ,62 ,1 ,1, 1
376 ,183, 351, '169 141 201 142 172 206 187 156 132 204 147 123 331 172 208 137 140 150 159 153 ' ,'0 0 0 0 0 0 0 0 0 0 0 0 0 0 0 0 0 0 0 0 ' ,215 ,0 ,1, 1
302 ,367, 283, '191 177 110 149 167 156 153 274 133 118 209 142 128 147 137 158 191 159 120 190 ' ,'0 0 0 0 0 0 0 0 0 0 0 0 0 0 0 0 0 0 0 0 ' ,166 ,1 ,1, 1
253 ,293, 232, '196 160 151 223 156 176 144 177 174 139 166 169 153 138 206 162 121 150 118 125 ' ,'0 0 0 0 0 0 0 0 0 0 0 0 0 0 0 0 0 0 0 0 ' ,108 ,0 ,1, 1
247 ,251, 230, '148 161 166 160 146 166 179 131 160 152 152 141 212 189 125 144 161 151 126 133 ' ,'0 0 0 0 0 0 0 0 0 0 0 0 0 0 0 0 0 0 0 0 ' ,91 ,1 ,1, 0
294 ,237, 278, '192 128 128 266 142 132 155 161 211 122 138 97 158 113 151 138 176 144 153 180 ' ,'0 0 0 0 0 0 0 0 0 0 0 0 0 0 0 0 0 0 0 0 ' ,169 ,1 ,2, 1
250 ,285, 233, '139 143 226 156 222 187 148 162 179 165 167 183 143 155 206 170 168 164 160 149 ' ,'0 0 0 0 0 0 0 0 0 0 0 0 0 0 0 0 0 0 0 0 ' ,85 ,1 ,1, 1
242 ,241, 215, '161 152 153 170 161 176 178 185 206 178 119 123 143 179 137 130 160 137 153 150 ' ,'0 0 0 0 0 0 0 0 0 0 0 0 0 0 0 0 0 0 0 0 ' ,92 ,0 ,1, 0
250 ,232, 235, '160 108 166 154 168 153 138 130 143 113 159 127 138 145 135 224 181 118 165 136 ' ,'0 0 0 0 0 0 0 0 0 0 0 0 0 0 0 0 0 0 0 0 ' ,119 ,0 ,1, 1
420 ,241, 405, '392 104 136 160 212 131 194 114 122 127 107 181 114 157 133 149 188 126 171 137 ' ,'0 0 0 0 0 0 0 0 0 0 0 0 0 0 0 0 0 0 0 0 ' ,293 ,0 ,2, 1
180 ,411, 163, '94 124 117 135 127 128 130 109 133 125 115 92 113 137 141 145 154 135 139 132 ' ,'0 0 0 0 0 0 0 0 0 0 0 0 0 0 0 0 0 0 0 0 ' ,61 ,1 ,1, 0
227 ,170, 206, '114 123 170 123 196 142 149 147 141 143 154 116 125 124 162 129 136 173 147 194 ' ,'0 0 0 0 0 0 0 0 0 0 0 0 0 0 0 0 0 0 0 0 ' ,84 ,1 ,1, 1
275 ,218, 255, '134 245 134 130 126 131 154 85 152 113 126 129 98 164 143 141 129 157 141 131 ' ,'0 0 0 0 0 0 0 0 0 0 0 0 0 0 0 0 0 0 0 0 ' ,159 ,0 ,2, 1
207 ,266, 186, '167 142 102 152 167 177 148 113 148 122 172 105 136 170 105 169 115 159 148 130 ' ,'0 0 0 0 0 0 0 0 0 0 0 0 0 0 0 0 0 0 0 0 ' ,77 ,1 ,2, 1
288 ,192, 270, '145 147 262 192 207 200 159 196 187 156 117 201 169 143 129 142 126 152 170 123 ' ,'0 0 0 0 0 0 0 0 0 0 0 0 0 0 0 0 0 0 0 0 ' ,144 ,1 ,2, 1
302 ,278, 285, '123 122 188 211 168 171 163 217 159 134 116 262 163 139 145 156 138 164 139 162 ' ,'0 0 0 0 0 0 0 0 0 0 0 0 0 0 0 0 0 0 0 0 ' ,156 ,1 ,1, 1
268 ,291, 242, '227 122 182 234 232 102 138 162 120 178 182 145 125 132 208 98 166 167 151 155 ' ,'0 0 0 0 0 0 0 0 0 0 0 0 0 0 0 0 0 0 0 0 ' ,144 ,1 ,1, 1
402 ,259, 385, '144 191 241 153 206 146 155 258 146 148 200 363 147 155 141 176 143 124 177 145 ' ,'0 0 0 0 0 0 0 0 0 0 0 0 0 0 0 0 0 0 0 0 ' ,247 ,1 ,2, 1
236 ,392, 218, '190 209 153 173 152 198 150 164 139 147 180 143 153 122 123 163 112 170 146 126 ' ,'0 0 0 0 0 0 0 0 0 0 0 0 0 0 0 0 0 0 0 0 ' ,99 ,1 ,1, 1
216 ,228, 198, '149 141 138 170 168 108 135 128 157 118 124 182 143 151 178 163 191 172 164 112 ' ,'0 0 0 0 0 0 0 0 0 0 0 0 0 0 0 0 0 0 0 0 ' ,84 ,1 ,1, 1
268 ,205, 252, '145 149 177 154 213 213 166 227 160 203 116 140 240 149 196 154 162 149 178 144 ' ,'0 0 0 0 0 0 0 0 0 0 0 0 0 0 0 0 0 0 0 0 ' ,129 ,1 ,2, 1
256 ,260, 239, '118 117 165 122 229 146 167 150 193 200 126 144 124 141 225 149 144 159 227 203 ' ,'0 0 0 0 0 0 0 0 0 0 0 0 0 0 0 0 0 0 0 0 ' ,115 ,1 ,2, 1
238 ,248, 222, '131 181 157 135 155 125 151 165 132 211 107 154 119 147 138 120 148 150 141 151 ' ,'0 0 0 0 0 0 0 0 0 0 0 0 0 0 0 0 0 0 0 0 ' ,108 ,1 ,1, 1
272 ,229, 256, '199 153 184 152 154 244 134 136 124 194 153 143 132 149 174 219 151 97 136 155 ' ,'0 0 0 0 0 0 0 0 0 0 0 0 0 0 0 0 0 0 0 0 ' ,149 ,0 ,1, 1
205 ,263, 187, '109 114 136 122 138 141 134 137 178 119 112 99 121 126 106 94 130 127 131 131 ' ,'0 0 0 0 0 0 0 0 0 0 0 0 0 0 0 0 0 0 0 0 ' ,89 ,0 ,1, 0
196 ,196, 180, '118 138 139 134 91 112 140 132 140 119 155 149 123 130 126 171 144 120 113 109 ' ,'0 0 0 0 0 0 0 0 0 0 0 0 0 0 0 0 0 0 0 0 ' ,81 ,1 ,1, 1
191 ,188, 173, '85 141 139 129 148 163 163 126 104 130 138 106 123 107 156 145 130 116 109 155 ' ,'0 0 0 0 0 0 0 0 0 0 0 0 0 0 0 0 0 0 0 0 ' ,75 ,0 ,1, 1
203 ,182, 184, '136 125 176 145 110 148 113 166 150 126 130 105 138 159 111 111 100 137 122 129 ' ,'0 0 0 0 0 0 0 0 0 0 0 0 0 0 0 0 0 0 0 0 ' ,76 ,1 ,1, 1
216 ,192, 198, '187 110 163 173 152 142 144 117 112 135 168 131 142 145 125 137 128 169 122 120 ' ,'0 0 0 0 0 0 0 0 0 0 0 0 0 0 0 0 0 0 0 0 ' ,79 ,1 ,1, 1
214 ,205, 197, '102 121 138 118 127 115 142 152 125 154 129 132 118 131 112 127 145 185 126 126 ' ,'0 0 0 0 0 0 0 0 0 0 0 0 0 0 0 0 0 0 0 0 ' ,85 ,1 ,2, 1
176 ,204, 158, '129 151 142 128 115 142 108 106 96 107 112 137 141 117 96 102 103 117 122 96 ' ,'0 0 0 0 0 0 0 0 0 0 0 0 0 0 0 0 0 0 0 0 ' ,57 ,1 ,0, 0
272 ,168, 245, '165 157 118 174 158 147 142 199 153 236 168 230 168 155 157 128 136 171 120 235 ' ,'0 0 0 0 0 0 0 0 0 0 0 0 0 0 0 0 0 0 0 0 ' ,130 ,1 ,1, 1
253 ,264, 234, '165 209 151 210 200 184 155 226 152 218 85 140 172 141 158 143 168 137 189 151 ' ,'0 0 0 0 0 0 0 0 0 0 0 0 0 0 0 0 0 0 0 0 ' ,141 ,1 ,1, 1
323 ,243, 304, '165 162 131 158 149 189 144 207 144 155 157 293 157 191 164 146 186 169 147 191 ' ,'0 0 0 0 0 0 0 0 0 0 0 0 0 0 0 0 0 0 0 0 ' ,167 ,1 ,1, 1
233 ,314, 217, '190 148 145 122 193 197 138 158 176 173 97 178 180 171 151 207 127 193 151 136 ' ,'0 0 0 0 0 0 0 0 0 0 0 0 0 0 0 0 0 0 0 0 ' ,113 ,1 ,0, 0
252 ,227, 230, '136 164 225 197 153 182 200 120 144 181 136 151 174 205 160 132 183 129 212 174 ' ,'0 0 0 0 0 0 0 0 0 0 0 0 0 0 0 0 0 0 0 0 ' ,108 ,1 ,1, 1
230 ,241, 203, '129 117 125 192 169 139 125 139 146 144 119 151 156 164 169 140 115 152 187 158 ' ,'0 0 0 0 0 0 0 0 0 0 0 0 0 0 0 0 0 0 0 0 ' ,84 ,1 ,0, 0
222 ,221, 199, '180 142 138 141 125 174 118 166 162 106 131 98 146 171 123 124 146 188 144 133 ' ,'0 0 0 0 0 0 0 0 0 0 0 0 0 0 0 0 0 0 0 0 ' ,91 ,1 ,1, 1
206 ,213, 186, '155 167 122 93 97 158 123 130 130 88 103 140 127 121 150 182 116 109 153 134 ' ,'0 0 0 0 0 0 0 0 0 0 0 0 0 0 0 0 0 0 0 0 ' ,89 ,0 ,1, 1
204 ,198, 186, '90 125 124 114 132 105 123 140 132 102 132 104 162 119 133 103 126 157 176 121 ' ,'0 0 0 0 0 0 0 0 0 0 0 0 0 0 0 0 0 0 0 0 ' ,89 ,0 ,0, 0
205 ,196, 189, '123 127 110 97 157 146 104 129 160 146 178 108 110 154 149 117 124 169 116 167 ' ,'0 0 0 0 0 0 0 0 0 0 0 0 0 0 0 0 0 0 0 0 ' ,84 ,1 ,1, 1
230 ,196, 212, '142 161 134 147 151 125 128 177 168 176 131 166 132 126 195 98 129 205 144 175 ' ,'0 0 0 0 0 0 0 0 0 0 0 0 0 0 0 0 0 0 0 0 ' ,109 ,1 ,1, 1
184 ,222, 166, '121 135 159 111 132 141 94 113 126 128 132 130 133 112 125 100 150 132 124 113 ' ,'0 0 0 0 0 0 0 0 0 0 0 0 0 0 0 0 0 0 0 0 ' ,64 ,0 ,0, 0
201 ,174, 183, '138 114 124 171 122 143 121 127 132 171 127 129 141 147 134 153 154 144 134 125 ' ,'0 0 0 0 0 0 0 0 0 0 0 0 0 0 0 0 0 0 0 0 ' ,62 ,1 ,1, 1
248 ,191, 229, '141 134 152 119 134 122 169 166 139 159 221 187 132 98 146 121 140 123 117 111 ' ,'0 0 0 0 0 0 0 0 0 0 0 0 0 0 0 0 0 0 0 0 ' ,125 ,1 ,1, 1
320 ,241, 300, '146 170 175 122 113 140 151 199 133 130 140 193 174 118 166 156 288 161 120 134 ' ,'0 0 0 0 0 0 0 0 0 0 0 0 0 0 0 0 0 0 0 0 ' ,178 ,1 ,1, 1
304 ,313, 287, '163 176 165 141 158 157 152 178 192 175 208 277 156 152 240 240 239 159 216 178 ' ,'0 0 0 0 0 0 0 0 0 0 0 0 0 0 0 0 0 0 0 0 ' ,143 ,1 ,1, 1
246 ,298, 226, '172 145 157 170 106 217 163 171 210 111 217 149 159 186 150 182 129 165 139 123 ' ,'0 0 0 0 0 0 0 0 0 0 0 0 0 0 0 0 0 0 0 0 ' ,111 ,1 ,2, 2
249 ,236, 231, '166 141 121 193 179 213 190 224 176 117 137 173 144 156 140 162 161 189 147 188 ' ,'0 0 0 0 0 0 0 0 0 0 0 0 0 0 0 0 0 0 0 0 ' ,107 ,1 ,1, 1
282 ,240, 263, '257 204 148 151 177 157 227 252 213 217 130 132 166 138 147 134 181 108 175 144 ' ,'0 0 0 0 0 0 0 0 0 0 0 0 0 0 0 0 0 0 0 0 ' ,147 ,1 ,1, 1
270 ,273, 250, '118 118 217 166 130 161 158 161 119 129 131 163 180 114 119 242 148 150 142 111 ' ,'0 0 0 0 0 0 0 0 0 0 0 0 0 0 0 0 0 0 0 0 ' ,134 ,1 ,2, 2
247 ,260, 231, '137 137 157 179 163 133 130 125 150 216 126 161 137 118 160 100 123 182 137 152 ' ,'0 0 0 0 0 0 0 0 0 0 0 0 0 0 0 0 0 0 0 0 ' ,124 ,1 ,1, 1
350 ,239, 333, '160 123 201 133 112 133 180 144 150 182 320 121 137 158 135 143 110 86 149 125 ' ,'0 0 0 0 0 0 0 0 0 0 0 0 0 0 0 0 0 0 0 0 ' ,237 ,1 ,1, 1
207 ,343, 186, '179 118 94 131 118 151 136 118 105 124 159 149 122 102 91 131 162 127 146 170 ' ,'0 0 0 0 0 0 0 0 0 0 0 0 0 0 0 0 0 0 0 0 ' ,88 ,0 ,1, 1
207 ,196, 185, '118 124 87 139 155 150 130 165 173 142 97 168 132 122 130 98 142 161 123 126 ' ,'0 0 0 0 0 0 0 0 0 0 0 0 0 0 0 0 0 0 0 0 ' ,90 ,1 ,1, 1
334 ,193, 312, '121 130 119 122 302 105 151 140 131 284 128 118 131 159 294 128 137 128 175 297 ' ,'0 0 0 0 0 0 0 0 0 0 0 0 0 0 0 0 0 0 0 0 ' ,203 ,0 ,1, 1
213 ,324, 192, '132 133 118 96 187 127 125 139 111 143 111 131 127 103 162 132 126 139 169 162 ' ,'0 0 0 0 0 0 0 0 0 0 0 0 0 0 0 0 0 0 0 0 ' ,94 ,1 ,0, 0
185 ,205, 163, '93 112 100 112 123 122 129 114 134 115 117 139 141 128 138 108 152 125 140 106 ' ,'0 0 0 0 0 0 0 0 0 0 0 0 0 0 0 0 0 0 0 0 ' ,62 ,1 ,1, 1
268 ,177, 248, '216 203 122 177 169 219 132 159 178 160 241 199 210 159 118 152 133 144 196 116 ' ,'0 0 0 0 0 0 0 0 0 0 0 0 0 0 0 0 0 0 0 0 ' ,126 ,1 ,1, 1
294 ,259, 276, '181 182 212 121 170 127 156 180 234 174 212 223 176 264 123 148 230 121 177 183 ' ,'0 0 0 0 0 0 0 0 0 0 0 0 0 0 0 0 0 0 0 0 ' ,144 ,1 ,1, 1
270 ,285, 249, '166 140 183 116 146 139 139 182 134 153 158 119 203 146 169 156 149 157 243 109 ' ,'0 0 0 0 0 0 0 0 0 0 0 0 0 0 0 0 0 0 0 0 ' ,133 ,1 ,1, 1
232 ,262, 208, '201 147 124 148 185 186 179 187 184 160 140 184 183 189 172 135 161 153 131 188 ' ,'0 0 0 0 0 0 0 0 0 0 0 0 0 0 0 0 0 0 0 0 ' ,80 ,1 ,1, 1
281 ,224, 256, '122 130 176 245 134 222 184 137 153 180 127 205 190 239 250 180 129 185 136 114 ' ,'0 0 0 0 0 0 0 0 0 0 0 0 0 0 0 0 0 0 0 0 ' ,140 ,1 ,2, 2
260 ,271, 241, '146 229 163 125 214 167 195 163 172 215 179 161 149 231 230 220 175 140 155 121 ' ,'0 0 0 0 0 0 0 0 0 0 0 0 0 0 0 0 0 0 0 0 ' ,111 ,1 ,0, 0
281 ,251, 262, '200 133 184 123 147 146 197 131 143 112 166 163 239 205 147 148 154 138 191 251 ' ,'0 0 0 0 0 0 0 0 0 0 0 0 0 0 0 0 0 0 0 0 ' ,135 ,1 ,2, 2
247 ,269, 230, '143 139 133 147 167 152 134 142 132 131 116 161 133 222 113 162 186 115 127 179 ' ,'0 0 0 0 0 0 0 0 0 0 0 0 0 0 0 0 0 0 0 0 ' ,109 ,1 ,1, 1
294 ,239, 278, '148 158 150 268 138 165 154 114 134 203 136 156 129 166 176 160 191 161 209 186 ' ,'0 0 0 0 0 0 0 0 0 0 0 0 0 0 0 0 0 0 0 0 ' ,154 ,1 ,2, 2
301 ,288, 283, '128 123 104 216 148 141 125 147 161 171 143 154 153 259 113 139 137 190 192 193 ' ,'0 0 0 0 0 0 0 0 0 0 0 0 0 0 0 0 0 0 0 0 ' ,172 ,0 ,1, 1
249 ,294, 228, '130 136 100 141 156 207 141 222 121 157 181 203 146 118 128 154 121 184 136 146 ' ,'0 0 0 0 0 0 0 0 0 0 0 0 0 0 0 0 0 0 0 0 ' ,123 ,1 ,1, 1
212 ,240, 183, '154 136 121 176 102 145 125 160 138 155 106 120 137 109 121 121 144 112 174 120 ' ,'0 0 0 0 0 0 0 0 0 0 0 0 0 0 0 0 0 0 0 0 ' ,80 ,0 ,1, 1
170 ,202, 146, '112 133 130 130 126 128 115 120 130 131 95 114 122 118 118 110 121 138 128 110 ' ,'0 0 0 0 0 0 0 0 0 0 0 0 0 0 0 0 0 0 0 0 ' ,45 ,1 ,1, 1
233 ,160, 213, '93 124 127 162 151 99 141 127 144 128 124 131 146 156 180 113 205 130 153 154 ' ,'0 0 0 0 0 0 0 0 0 0 0 0 0 0 0 0 0 0 0 0 ' ,113 ,1 ,0, 0
222 ,223, 205, '120 123 134 175 145 125 132 100 146 113 106 192 110 110 124 112 141 139 148 85 ' ,'0 0 0 0 0 0 0 0 0 0 0 0 0 0 0 0 0 0 0 0 ' ,113 ,1 ,1, 1
227 ,216, 196, '121 128 124 126 136 115 172 130 127 104 124 195 157 133 143 141 151 121 142 104 ' ,'0 0 0 0 0 0 0 0 0 0 0 0 0 0 0 0 0 0 0 0 ' ,98 ,1 ,0, 0
232 ,218, 216, '166 183 148 135 125 181 159 179 182 118 112 120 185 118 141 118 137 101 138 170 ' ,'0 0 0 0 0 0 0 0 0 0 0 0 0 0 0 0 0 0 0 0 ' ,101 ,3 ,1, 1
284 ,222, 259, '167 248 175 134 161 143 136 204 250 115 115 135 178 123 167 139 174 191 123 167 ' ,'0 0 0 0 0 0 0 0 0 0 0 0 0 0 0 0 0 0 0 0 ' ,137 ,0 ,1, 1
243 ,269, 217, '132 162 156 137 178 166 148 102 164 154 152 152 197 178 147 122 153 209 159 161 ' ,'0 0 0 0 0 0 0 0 0 0 0 0 0 0 0 0 0 0 0 0 ' ,109 ,1 ,2, 1
253 ,234, 234, '148 125 162 154 129 185 195 130 141 108 158 194 155 181 219 161 125 144 175 120 ' ,'0 0 0 0 0 0 0 0 0 0 0 0 0 0 0 0 0 0 0 0 ' ,113 ,1 ,2, 2
233 ,244, 201, '150 129 150 128 191 176 161 154 171 109 165 119 128 118 148 150 133 137 160 177 ' ,'0 0 0 0 0 0 0 0 0 0 0 0 0 0 0 0 0 0 0 0 ' ,84 ,0 ,1, 1
234 ,220, 215, '170 134 164 126 206 150 154 109 153 123 135 143 161 136 128 109 203 144 139 131 ' ,'0 0 0 0 0 0 0 0 0 0 0 0 0 0 0 0 0 0 0 0 ' ,101 ,1 ,1, 1
230 ,225, 213, '156 203 100 162 120 173 136 152 134 139 189 112 150 106 159 176 149 162 146 125 ' ,'0 0 0 0 0 0 0 0 0 0 0 0 0 0 0 0 0 0 0 0 ' ,106 ,1 ,1, 1
206 ,221, 188, '135 135 106 166 125 147 162 145 129 156 126 136 112 129 155 179 170 180 163 142 ' ,'0 0 0 0 0 0 0 0 0 0 0 0 0 0 0 0 0 0 0 0 ' ,78 ,1 ,1, 1
207 ,200, 189, '104 115 119 164 129 177 141 96 128 115 125 123 130 116 108 98 100 131 131 122 ' ,'0 0 0 0 0 0 0 0 0 0 0 0 0 0 0 0 0 0 0 0 ' ,83 ,1 ,1, 1
184 ,199, 160, '131 124 128 111 86 140 115 112 114 117 140 135 130 92 123 154 107 127 112 120 ' ,'0 0 0 0 0 0 0 0 0 0 0 0 0 0 0 0 0 0 0 0 ' ,65 ,1 ,1, 1
232 ,169, 215, '106 99 117 126 141 119 125 180 143 133 124 140 131 105 120 130 206 135 139 120 ' ,'0 0 0 0 0 0 0 0 0 0 0 0 0 0 0 0 0 0 0 0 ' ,109 ,1 ,1, 1
178 ,226, 160, '102 152 114 125 113 105 124 116 133 111 114 147 119 107 129 116 151 125 141 130 ' ,'0 0 0 0 0 0 0 0 0 0 0 0 0 0 0 0 0 0 0 0 ' ,56 ,1 ,0, 0
175 ,170, 151, '95 114 134 132 127 91 123 130 107 124 113 131 106 84 137 105 139 128 125 118 ' ,'0 0 0 0 0 0 0 0 0 0 0 0 0 0 0 0 0 0 0 0 ' ,59 ,1 ,1, 0
173 ,162, 153, '88 97 121 128 93 98 104 148 107 128 105 113 115 113 77 123 135 106 143 112 ' ,'0 0 0 0 0 0 0 0 0 0 0 0 0 0 0 0 0 0 0 0 ' ,71 ,0 ,1, 1
215 ,165, 197, '130 120 111 122 115 124 96 153 138 113 145 107 125 111 179 137 127 128 124 122 ' ,'0 0 0 0 0 0 0 0 0 0 0 0 0 0 0 0 0 0 0 0 ' ,93 ,1 ,1, 1
177 ,207, 161, '128 107 117 132 108 150 108 105 138 85 118 97 101 130 115 102 112 106 113 113 ' ,'0 0 0 0 0 0 0 0 0 0 0 0 0 0 0 0 0 0 0 0 ' ,60 ,1 ,1, 1
155 ,168, 133, '101 95 120 97 121 106 115 94 102 112 119 103 77 116 95 97 109 123 110 102 ' ,'0 0 0 0 0 0 0 0 0 0 0 0 0 0 0 0 0 0 0 0 ' ,47 ,1 ,1, 1
211 ,147, 193, '111 127 120 152 168 94 107 122 127 161 103 116 160 133 149 103 121 138 114 180 ' ,'0 0 0 0 0 0 0 0 0 0 0 0 0 0 0 0 0 0 0 0 ' ,90 ,1 ,1, 1
185 ,198, 168, '122 129 120 158 96 138 114 103 129 111 110 136 118 106 116 149 129 107 138 98 ' ,'0 0 0 0 0 0 0 0 0 0 0 0 0 0 0 0 0 0 0 0 ' ,62 ,1 ,1, 1
320 ,177, 303, '232 119 158 147 244 292 125 132 132 219 157 160 142 135 142 147 158 149 142 125 ' ,'0 0 0 0 0 0 0 0 0 0 0 0 0 0 0 0 0 0 0 0 ' ,176 ,1 ,1, 1
316 ,313, 298, '182 286 128 114 174 149 167 160 197 183 111 137 235 166 138 146 166 187 134 140 ' ,'0 0 0 0 0 0 0 0 0 0 0 0 0 0 0 0 0 0 0 0 ' ,178 ,1 ,1, 1
246 ,307, 231, '161 133 159 165 144 200 204 118 215 203 151 124 130 135 167 141 201 157 169 219 ' ,'0 0 0 0 0 0 0 0 0 0 0 0 0 0 0 0 0 0 0 0 ' ,105 ,1 ,2, 1
316 ,239, 284, '196 218 190 145 163 230 192 204 130 260 145 256 164 277 220 156 186 165 153 223 ' ,'0 0 0 0 0 0 0 0 0 0 0 0 0 0 0 0 0 0 0 0 ' ,149 ,1 ,1, 1
244 ,300, 226, '133 140 141 89 141 178 215 163 167 204 128 170 162 136 122 148 148 113 157 177 ' ,'0 0 0 0 0 0 0 0 0 0 0 0 0 0 0 0 0 0 0 0 ' ,125 ,1 ,0, 0
280 ,236, 261, '198 153 144 169 137 151 172 157 160 146 145 191 254 88 109 163 201 178 144 135 ' ,'0 0 0 0 0 0 0 0 0 0 0 0 0 0 0 0 0 0 0 0 ' ,166 ,1 ,1, 1
239 ,272, 215, '149 138 132 141 179 139 165 134 154 169 101 150 100 204 110 160 180 139 210 182 ' ,'0 0 0 0 0 0 0 0 0 0 0 0 0 0 0 0 0 0 0 0 ' ,112 ,1 ,0, 0
207 ,231, 183, '145 137 132 134 123 125 147 126 134 109 135 136 129 94 108 123 172 109 134 147 ' ,'0 0 0 0 0 0 0 0 0 0 0 0 0 0 0 0 0 0 0 0 ' ,83 ,1 ,0, 0
202 ,194, 184, '141 144 124 142 138 132 135 127 92 142 103 152 110 122 140 169 172 147 162 133 ' ,'0 0 0 0 0 0 0 0 0 0 0 0 0 0 0 0 0 0 0 0 ' ,79 ,1 ,1, 1
222 ,194, 187, '177 162 115 122 116 150 150 120 114 114 134 129 152 166 114 159 115 129 117 132 ' ,'0 0 0 0 0 0 0 0 0 0 0 0 0 0 0 0 0 0 0 0 ' ,83 ,1 ,1, 1
209 ,216, 190, '175 127 118 104 113 154 126 127 152 117 156 128 115 121 103 183 141 106 105 122 ' ,'0 0 0 0 0 0 0 0 0 0 0 0 0 0 0 0 0 0 0 0 ' ,82 ,1 ,0, 0
192 ,200, 171, '144 132 125 122 101 134 105 163 153 86 107 132 129 119 145 102 137 109 157 101 ' ,'0 0 0 0 0 0 0 0 0 0 0 0 0 0 0 0 0 0 0 0 ' ,77 ,1 ,1, 1
375 ,185, 358, '141 339 204 140 126 162 334 168 349 149 101 182 237 186 109 126 316 201 245 111 ' ,'0 153 0 0 0 0 151 0 163 0 0 0 0 0 0 0 153 156 0 0 ' ,244 ,0 ,2, 1
372 ,524, 357, '166 123 95 137 183 154 345 164 139 180 169 137 188 144 135 145 119 148 207 165 ' ,'0 0 0 0 0 0 0 0 0 0 0 0 0 0 0 0 0 0 0 0 ' ,253 ,2 ,1, 1
262 ,361, 241, '136 156 190 158 232 148 131 113 228 159 142 232 187 146 184 185 197 199 174 219 ' ,'0 0 0 0 0 0 0 0 0 0 0 0 0 0 0 0 0 0 0 0 ' ,125 ,1 ,1, 1
301 ,253, 284, '154 164 113 165 119 176 180 131 187 145 138 112 151 170 144 173 159 274 128 144 ' ,'0 0 0 0 0 0 0 0 0 0 0 0 0 0 0 0 0 0 0 0 ' ,166 ,1 ,1, 1
284 ,293, 268, '172 222 260 156 121 194 204 181 187 133 172 176 203 254 156 214 123 182 224 140 ' ,'0 0 0 0 0 0 0 0 0 0 0 0 0 0 0 0 0 0 0 0 ' ,142 ,1 ,1, 1
232 ,280, 215, '134 134 133 192 204 180 206 162 188 136 124 154 165 126 120 167 181 190 151 190 ' ,'0 0 0 0 0 0 0 0 0 0 0 0 0 0 0 0 0 0 0 0 ' ,88 ,1 ,1, 1
248 ,224, 231, '207 184 125 146 218 192 149 172 193 132 142 197 137 142 169 108 177 164 132 178 ' ,'0 0 0 0 0 0 0 0 0 0 0 0 0 0 0 0 0 0 0 0 ' ,118 ,1 ,1, 1
409 ,239, 395, '145 143 118 164 152 141 138 161 384 144 116 171 168 125 141 103 165 126 159 164 ' ,'0 0 0 0 0 0 0 0 0 0 0 0 0 0 0 0 0 0 0 0 ' ,285 ,1 ,2, 2
249 ,401, 232, '165 147 169 153 145 178 145 112 163 112 159 115 149 117 149 122 116 138 129 221 ' ,'0 0 0 0 0 0 0 0 0 0 0 0 0 0 0 0 0 0 0 0 ' ,113 ,1 ,1, 1
255 ,240, 233, '122 138 126 152 129 155 137 164 161 139 112 147 146 128 128 164 154 139 141 224 ' ,'0 0 0 0 0 0 0 0 0 0 0 0 0 0 0 0 0 0 0 0 ' ,114 ,1 ,1, 1
237 ,241, 220, '139 131 126 173 128 135 128 135 123 142 138 162 115 140 209 118 140 137 155 166 ' ,'0 0 0 0 0 0 0 0 0 0 0 0 0 0 0 0 0 0 0 0 ' ,95 ,1 ,2, 1
228 ,226, 203, '148 114 173 134 129 117 117 150 127 139 139 97 99 109 178 111 114 122 143 194 ' ,'0 0 0 0 0 0 0 0 0 0 0 0 0 0 0 0 0 0 0 0 ' ,97 ,1 ,1, 0
208 ,216, 190, '131 126 110 111 109 139 109 120 102 139 180 113 104 116 87 135 107 117 135 130 ' ,'0 0 0 0 0 0 0 0 0 0 0 0 0 0 0 0 0 0 0 0 ' ,96 ,1 ,1, 1
223 ,200, 205, '172 107 175 115 135 193 117 142 163 93 137 104 149 107 103 116 96 117 133 116 ' ,'0 0 0 0 0 0 0 0 0 0 0 0 0 0 0 0 0 0 0 0 ' ,104 ,1 ,0, 0
194 ,215, 174, '121 107 121 147 150 103 116 141 126 110 111 130 163 118 149 126 109 99 153 112 ' ,'0 0 0 0 0 0 0 0 0 0 0 0 0 0 0 0 0 0 0 0 ' ,66 ,1 ,1, 1
190 ,186, 174, '165 121 127 111 120 116 131 135 118 129 115 140 106 121 135 134 153 137 108 127 ' ,'0 0 0 0 0 0 0 0 0 0 0 0 0 0 0 0 0 0 0 0 ' ,60 ,1 ,0, 0
213 ,182, 197, '150 128 139 191 136 134 132 103 124 152 110 123 126 121 157 125 136 139 106 144 ' ,'0 0 0 0 0 0 0 0 0 0 0 0 0 0 0 0 0 0 0 0 ' ,87 ,1 ,0, 0
247 ,205, 231, '165 180 145 174 160 123 123 117 216 141 140 178 160 159 167 135 127 153 135 142 ' ,'0 0 0 0 0 0 0 0 0 0 0 0 0 0 0 0 0 0 0 0 ' ,105 ,1 ,1, 1
344 ,238, 328, '165 269 129 216 160 127 147 186 248 162 159 149 159 117 164 122 318 212 160 160 ' ,'0 0 0 0 0 0 0 0 0 0 0 0 0 0 0 0 0 0 0 0 ' ,203 ,1 ,1, 1
408 ,336, 390, '180 190 187 169 212 111 125 201 377 150 182 150 140 107 122 139 191 149 210 179 ' ,'0 0 0 0 0 0 0 0 0 0 0 0 0 0 0 0 0 0 0 0 ' ,275 ,1 ,2, 2
329 ,397, 312, '125 167 116 172 224 177 301 165 159 163 151 137 113 165 174 156 163 166 183 203 ' ,'0 0 0 0 0 0 0 0 0 0 0 0 0 0 0 0 0 0 0 0 ' ,187 ,1 ,2, 2
312 ,321, 295, '149 159 115 176 248 138 199 161 194 266 141 114 162 124 250 156 197 227 157 221 ' ,'0 0 0 0 0 0 0 0 0 0 0 0 0 0 0 0 0 0 0 0 ' ,154 ,1 ,19, 1
313 ,321, 296, '167 138 109 184 204 167 281 150 190 141 114 187 116 129 134 126 138 196 142 112 ' ,'0 0 0 0 0 0 0 0 0 0 0 0 0 0 0 0 0 0 0 0 ' ,178 ,1 ,2, 2
289 ,303, 270, '230 230 167 215 176 221 199 261 231 141 186 138 124 164 154 200 160 155 241 126 ' ,'0 0 0 0 0 0 0 0 0 0 0 0 0 0 0 0 0 0 22 0 ' ,139 ,1 ,1, 1
325 ,282, 300, '166 186 167 145 127 166 168 163 291 186 113 166 162 143 151 114 133 243 150 135 ' ,'0 0 0 0 0 0 0 0 0 0 0 0 0 0 0 0 0 0 0 0 ' ,182 ,1 ,1, 0
303 ,311, 288, '151 176 142 216 161 196 158 275 245 151 143 167 151 138 122 153 166 187 119 142 ' ,'0 0 0 0 0 0 0 0 0 0 0 0 0 0 0 0 0 0 0 0 ' ,163 ,1 ,2, 2
271 ,293, 254, '147 133 183 100 153 131 123 160 187 187 121 159 207 172 243 151 183 177 129 207 ' ,'0 0 0 0 0 0 0 0 0 0 0 0 0 0 0 0 0 0 0 0 ' ,149 ,2 ,1, 1
216 ,265, 195, '155 144 191 141 140 146 162 145 175 157 152 98 149 174 123 88 162 152 135 120 ' ,'0 0 0 0 0 0 0 0 0 0 0 0 0 0 0 0 0 0 0 0 ' ,105 ,1 ,2, 1
326 ,208, 311, '174 175 132 124 136 182 165 98 119 153 216 138 161 149 113 300 145 147 122 185 ' ,'0 0 0 0 0 0 0 0 0 0 0 0 0 0 0 0 0 0 0 0 ' ,205 ,1 ,1, 1
187 ,318, 172, '153 106 120 148 102 137 112 160 121 101 143 122 120 135 110 122 156 155 158 102 ' ,'0 0 0 0 0 0 0 0 0 0 0 0 0 0 0 0 0 0 0 0 ' ,60 ,1 ,1, 1
248 ,177, 233, '114 145 132 129 116 133 132 113 110 150 126 97 168 120 106 222 161 200 121 123 ' ,'0 0 0 0 0 0 0 0 0 0 0 0 0 0 0 0 0 0 0 0 ' ,125 ,1 ,1, 1
223 ,240, 206, '125 135 125 146 171 110 125 185 117 165 134 138 189 110 139 125 125 138 106 167 ' ,'0 0 0 0 0 0 0 0 0 0 0 0 0 0 0 0 0 0 0 0 ' ,95 ,2 ,1, 1
202 ,219, 185, '111 106 122 174 102 93 127 137 152 110 117 117 172 92 152 94 124 172 136 134 ' ,'0 0 0 0 0 0 0 0 0 0 0 0 0 0 0 0 0 0 0 0 ' ,84 ,2 ,1, 1
