11400 ,0, 146, '78 77 76 83 ' ,'0 0 0 0 ' ,31 ,7 ,5, 5
938 ,173, 916, '820 861 837 862 ' ,'0 0 0 0 ' ,39 ,3 ,19, 4
1020 ,934, 998, '863 912 882 898 ' ,'0 0 0 0 ' ,45 ,1 ,63, 8
1121 ,1034, 1105, '915 923 966 937 ' ,'0 0 0 0 ' ,58 ,1 ,113, 5
1133 ,1115, 1114, '974 957 1079 1050 ' ,'0 0 0 0 ' ,126 ,4 ,18, 4
1190 ,1179, 1164, '1024 1040 1058 1062 ' ,'0 0 0 0 ' ,52 ,2 ,76, 5
1107 ,1213, 1084, '1030 1044 1016 1017 ' ,'0 0 0 0 ' ,33 ,4 ,25, 5
1440 ,1301, 1416, '1087 1066 1066 1028 ' ,'0 0 0 0 ' ,104 ,43 ,275, 5
1751 ,1424, 1732, '978 1159 931 1031 ' ,'0 0 0 0 ' ,779 ,7 ,16, 4
2609 ,1765, 2582, '872 965 976 948 ' ,'0 0 0 0 ' ,1606 ,5 ,22, 11
1064 ,2611, 1045, '835 976 848 882 ' ,'0 0 0 0 ' ,132 ,4 ,56, 7
992 ,14729, 966, '769 855 834 839 ' ,'0 0 0 0 ' ,91 ,5 ,90, 4
1245 ,1327, 1223, '964 950 879 951 ' ,'0 0 0 0 ' ,318 ,2 ,15, 7
1308 ,1259, 1274, '919 966 873 989 ' ,'0 0 0 0 ' ,290 ,2 ,50, 7
1720 ,1412, 1696, '1156 1069 981 977 ' ,'0 0 0 0 ' ,506 ,3 ,206, 4
2798 ,1711, 2568, '1106 1137 1075 1110 ' ,'0 0 0 0 ' ,284 ,18 ,1378, 7
1389 ,2788, 1366, '1339 1187 1137 1196 ' ,'0 0 0 0 ' ,205 ,2 ,15, 9
2208 ,1465, 1693, '1340 1148 1096 1056 ' ,'0 0 0 0 ' ,621 ,5 ,10, 4
1784 ,1979, 1759, '987 1025 974 956 ' ,'0 0 0 0 ' ,781 ,3 ,17, 9
1131 ,3599, 1106, '926 1015 865 894 ' ,'108 0 0 0 ' ,153 ,2 ,81, 4
1137 ,1157, 1095, '1031 1053 967 939 ' ,'0 0 0 0 ' ,114 ,2 ,33, 4
1183 ,10110, 1163, '1114 1027 937 982 ' ,'0 0 0 0 ' ,181 ,2 ,36, 4
1097 ,1174, 1078, '1051 987 964 988 ' ,'0 0 0 0 ' ,88 ,2 ,15, 6
1102 ,1084, 1083, '998 988 1009 1057 ' ,'0 0 0 0 ' ,71 ,2 ,16, 4
1124 ,1101, 1106, '1039 1070 995 992 ' ,'0 0 0 0 ' ,83 ,2 ,24, 4
1212 ,1111, 1193, '1044 1061 1000 1169 ' ,'0 0 0 0 ' ,169 ,2 ,13, 5
1322 ,1219, 1305, '1207 1119 1250 1172 ' ,'0 0 0 0 ' ,128 ,3 ,42, 7
1403 ,1325, 1378, '1065 1058 1089 1015 ' ,'0 0 0 0 ' ,75 ,2 ,280, 8
1862 ,1389, 1840, '972 970 1050 948 ' ,'0 0 0 0 ' ,607 ,2 ,276, 4
64831 ,2183, 64810, '992 1023 915 935 ' ,'0 0 0 0 ' ,97 ,2 ,63766, 3
1157 ,64814, 1137, '872 1106 911 923 ' ,'0 0 0 0 ' ,241 ,2 ,18, 7
2650 ,1158, 2621, '1016 978 973 997 ' ,'0 0 0 0 ' ,55 ,2 ,1582, 8
4364 ,2628, 4345, '1124 974 1077 1047 ' ,'0 0 0 0 ' ,505 ,2 ,2855, 5
1688 ,4423, 1666, '977 959 934 883 ' ,'0 0 0 0 ' ,115 ,1 ,653, 5
1607 ,1673, 1580, '954 925 965 939 ' ,'0 0 0 0 ' ,396 ,2 ,244, 3
3034 ,1589, 3010, '956 978 944 919 ' ,'0 0 0 0 ' ,426 ,1 ,1651, 4
1588 ,3150, 1537, '1099 1018 1131 1026 ' ,'0 0 0 0 ' ,120 ,1 ,386, 4
1480 ,1798, 1450, '1177 1134 1168 1144 ' ,'0 0 0 0 ' ,58 ,1 ,248, 4
1448 ,1457, 1420, '1238 1134 1215 1175 ' ,'0 0 0 0 ' ,114 ,1 ,163, 6
1552 ,1533, 1523, '1091 1002 1134 1066 ' ,'0 0 0 0 ' ,481 ,2 ,24, 5
5063 ,1541, 5036, '1018 928 995 950 ' ,'0 0 0 0 ' ,1552 ,2 ,2549, 4
3628 ,5043, 3606, '877 790 933 883 ' ,'0 0 0 0 ' ,149 ,1 ,2660, 5
1204 ,3612, 1182, '938 1046 990 980 ' ,'0 0 0 0 ' ,99 ,1 ,125, 5
1258 ,5013, 1236, '773 822 827 821 ' ,'0 0 0 0 ' ,338 ,1 ,67, 7
1092 ,1242, 1070, '1023 1006 1027 884 ' ,'0 0 0 0 ' ,166 ,1 ,15, 5
1880 ,4349, 1845, '1056 1000 1031 1070 ' ,'0 0 0 0 ' ,799 ,1 ,39, 5
1677 ,2072, 1653, '1173 1069 940 1000 ' ,'0 0 0 0 ' ,622 ,2 ,82, 9
1259 ,5401, 1237, '859 938 871 820 ' ,'0 0 0 0 ' ,369 ,1 ,40, 7
1440 ,2240, 1413, '1053 1031 1103 1029 ' ,'0 0 0 0 ' ,327 ,1 ,50, 7
1229 ,2046, 1171, '1042 1051 1096 954 ' ,'0 0 31 0 ' ,187 ,1 ,62, 11
1225 ,1257, 1208, '1071 1025 1147 1068 ' ,'0 0 0 0 ' ,151 ,23 ,26, 7
1348 ,1234, 1333, '1163 1114 1273 1071 ' ,'0 0 0 0 ' ,207 ,2 ,48, 5
1206 ,1429, 1184, '1103 1028 1041 981 ' ,'0 0 0 0 ' ,167 ,42 ,30, 10
1154 ,1223, 1120, '1042 978 983 945 ' ,'0 0 0 0 ' ,102 ,1 ,62, 4
1211 ,1233, 1148, '884 972 1002 994 ' ,'0 0 0 0 ' ,150 ,1 ,103, 4
3614 ,1288, 3569, '1115 1011 1249 1091 ' ,'0 0 0 0 ' ,2242 ,1 ,86, 4
1491 ,3712, 1417, '908 1006 1030 960 ' ,'0 0 0 0 ' ,102 ,1 ,342, 5
4152 ,6355, 4108, '895 713 760 817 ' ,'0 0 0 0 ' ,922 ,2 ,2462, 3
1566 ,8652, 1503, '1014 852 1154 986 ' ,'0 0 0 0 ' ,564 ,2 ,73, 4
1640 ,2378, 1594, '967 1020 1058 955 ' ,'0 0 0 0 ' ,417 ,2 ,213, 5
2838 ,2121, 2821, '997 922 1030 922 ' ,'0 0 0 0 ' ,1841 ,2 ,51, 8
1266 ,4436, 1236, '754 1101 890 825 ' ,'0 0 0 0 ' ,314 ,2 ,122, 4
5900 ,6932, 1313, '1039 1048 1039 1070 ' ,'0 0 0 0 ' ,163 ,1 ,99, 5
6734 ,2609, 6695, '880 784 842 808 ' ,'0 0 0 0 ' ,993 ,2 ,4903, 4
1940 ,14225, 1915, '1103 1020 1067 936 ' ,'0 0 0 0 ' ,943 ,2 ,29, 9
1004 ,3060, 986, '937 819 859 942 ' ,'0 0 0 0 ' ,129 ,2 ,28, 7
1229 ,1030, 1215, '938 891 977 930 ' ,'0 0 0 0 ' ,174 ,1 ,140, 3
