381 ,0, 290, '17 15 19 34 23 17 17 20 21 17 27 14 ' ,'0 0 0 0 0 0 0 0 0 0 0 0 ' ,233 ,7 ,4, 4
829 ,356, 800, '229 221 151 157 170 227 219 158 123 126 242 175 ' ,'0 0 0 0 0 0 0 0 0 0 0 0 ' ,601 ,479 ,64, 4
143 ,854, 117, '101 84 84 87 74 69 85 74 47 46 37 45 ' ,'0 0 0 0 0 0 0 0 0 0 0 0 ' ,65 ,1 ,6, 3
422 ,791, 397, '87 84 87 94 81 103 94 87 50 57 45 57 ' ,'0 0 0 0 0 0 0 0 0 0 0 0 ' ,61 ,1 ,4, 3
453 ,497, 97, '101 118 98 74 84 118 96 94 51 95 64 69 ' ,'0 0 0 0 0 0 0 0 0 0 0 0 ' ,344 ,1 ,8, 2
193 ,534, 160, '103 101 78 102 88 75 103 91 51 34 39 45 ' ,'0 0 0 0 0 0 0 0 0 0 0 0 ' ,114 ,1 ,4, 1
1127 ,177, 1098, '97 119 98 90 95 93 88 102 45 60 37 51 ' ,'0 0 0 0 0 0 0 0 0 0 0 0 ' ,1041 ,2 ,7, 4
654 ,1121, 625, '100 83 111 96 104 101 105 94 52 44 61 46 ' ,'0 0 0 0 0 0 0 0 0 0 0 0 ' ,566 ,1 ,5, 2
142 ,643, 116, '82 86 88 88 88 101 89 91 48 52 40 50 ' ,'0 0 0 0 0 0 0 0 0 0 0 0 ' ,62 ,1 ,5, 0
1117 ,128, 1086, '83 66 81 86 84 83 78 91 47 40 42 46 ' ,'0 0 0 0 0 0 0 0 0 0 0 0 ' ,1034 ,35 ,6, 1
344 ,1105, 326, '66 96 79 66 77 78 81 77 25 43 39 27 ' ,'0 0 0 0 0 0 0 0 0 0 0 0 ' ,165 ,1 ,122, 0
1525 ,537, 1287, '112 83 85 83 77 71 84 73 49 34 45 37 ' ,'0 0 0 0 0 0 0 0 0 0 0 0 ' ,1235 ,2 ,4, 0
394 ,1298, 372, '98 79 88 96 107 92 92 92 44 63 40 47 ' ,'0 0 0 0 0 0 0 0 0 0 0 0 ' ,317 ,1 ,6, 0
159 ,583, 129, '111 86 75 82 98 83 93 105 55 38 49 53 ' ,'0 0 0 0 0 0 0 0 0 0 0 0 ' ,83 ,2 ,8, 1
854 ,151, 831, '82 84 90 93 99 101 91 93 38 53 53 62 ' ,'0 0 0 0 0 0 0 0 0 0 0 0 ' ,778 ,2 ,7, 0
186 ,845, 117, '122 100 94 91 83 148 70 91 48 68 63 52 ' ,'0 0 0 0 0 0 0 0 0 0 0 0 ' ,105 ,3 ,4, 0
207 ,178, 182, '163 146 101 107 100 163 114 104 69 65 161 88 ' ,'0 0 0 0 0 0 0 0 0 0 0 0 ' ,102 ,2 ,3, 1
940 ,192, 914, '100 108 90 76 98 71 89 92 51 57 47 44 ' ,'0 0 0 0 0 0 0 0 0 0 0 0 ' ,827 ,2 ,38, 0
417 ,945, 395, '117 127 92 92 114 91 79 93 72 53 36 63 ' ,'0 0 0 0 0 0 0 0 0 0 0 0 ' ,343 ,34 ,5, 1
164 ,408, 141, '82 106 74 93 91 88 76 107 38 50 58 39 ' ,'0 0 0 0 0 0 0 0 0 0 0 0 ' ,94 ,2 ,3, 1
1114 ,157, 1082, '75 87 77 74 110 90 87 90 44 38 41 50 ' ,'0 0 0 0 0 0 0 0 0 0 0 0 ' ,1029 ,2 ,5, 1
463 ,1095, 430, '71 97 94 97 89 70 85 89 45 45 32 44 ' ,'0 0 0 0 0 0 0 0 0 0 0 0 ' ,388 ,2 ,3, 0
450 ,448, 427, '77 102 81 92 84 78 81 80 31 43 39 40 ' ,'0 0 0 0 0 0 0 0 0 0 0 0 ' ,371 ,27 ,9, 1
462 ,970, 437, '68 75 84 85 89 93 82 71 43 52 37 40 ' ,'0 0 0 0 0 0 0 0 0 0 0 0 ' ,388 ,2 ,5, 1
126 ,454, 105, '73 73 90 69 82 82 88 79 46 34 37 35 ' ,'0 0 0 0 0 0 0 0 0 0 0 0 ' ,60 ,3 ,5, 0
410 ,117, 384, '73 87 85 82 101 81 76 77 44 45 40 35 ' ,'0 0 0 0 0 0 0 0 0 0 0 0 ' ,342 ,1 ,3, 1
1051 ,601, 1017, '79 75 76 84 83 90 80 84 39 56 39 47 ' ,'0 0 0 0 0 0 0 0 0 0 0 0 ' ,962 ,2 ,6, 1
140 ,1039, 117, '79 84 78 106 88 101 87 87 43 44 38 41 ' ,'0 0 0 0 0 0 0 0 0 0 0 0 ' ,67 ,1 ,3, 0
598 ,129, 574, '89 95 87 96 98 77 83 85 52 45 69 47 ' ,'0 0 0 0 0 0 0 0 0 0 0 0 ' ,522 ,2 ,3, 1
1341 ,1044, 1319, '96 88 98 99 116 94 93 99 52 61 47 49 ' ,'0 0 0 0 0 0 0 0 0 0 0 0 ' ,1261 ,2 ,4, 1
674 ,2880, 643, '75 86 92 80 95 84 80 85 53 49 43 48 ' ,'0 0 0 0 0 0 0 0 0 0 0 0 ' ,587 ,1 ,9, 1
1377 ,963, 1333, '80 105 85 93 69 88 73 69 37 49 46 44 ' ,'0 0 0 0 0 0 0 0 0 0 0 0 ' ,1299 ,1 ,1, 0
139 ,1361, 115, '86 92 95 87 68 99 83 85 44 67 31 34 ' ,'0 0 0 0 0 0 0 0 0 0 0 0 ' ,73 ,1 ,1, 1
145 ,124, 114, '104 73 83 83 87 63 95 84 38 50 41 38 ' ,'0 0 0 0 0 0 0 0 0 0 0 0 ' ,66 ,1 ,1, 1
137 ,127, 111, '95 91 89 86 96 84 84 77 49 47 42 45 ' ,'0 0 0 0 0 0 0 0 0 0 0 0 ' ,60 ,1 ,2, 1
131 ,122, 107, '81 85 79 88 88 79 75 97 45 59 52 43 ' ,'0 0 0 0 0 0 0 0 0 0 0 0 ' ,55 ,1 ,1, 1
149 ,121, 123, '73 79 99 85 106 81 74 89 40 57 49 44 ' ,'0 0 0 0 0 0 0 0 0 0 0 0 ' ,73 ,1 ,1, 1
135 ,133, 111, '92 63 70 90 95 77 73 83 49 45 43 47 ' ,'0 0 0 0 0 0 0 0 0 0 0 0 ' ,59 ,1 ,0, 0
121 ,125, 97, '79 69 71 87 83 82 80 76 48 44 45 40 ' ,'0 0 0 0 0 0 0 0 0 0 0 0 ' ,45 ,1 ,3, 0
123 ,111, 106, '85 67 92 80 88 83 90 80 51 48 38 43 ' ,'0 0 0 0 0 0 0 0 0 0 0 0 ' ,56 ,1 ,4, 1
125 ,138, 106, '86 88 71 73 90 86 89 96 36 43 31 47 ' ,'0 0 0 0 0 0 0 0 0 0 0 0 ' ,65 ,1 ,4, 0
115 ,118, 98, '87 88 81 87 84 76 86 88 39 42 36 42 ' ,'0 0 0 0 0 0 0 0 0 0 0 0 ' ,52 ,1 ,5, 1
133 ,105, 117, '61 84 95 93 106 85 82 90 58 62 43 44 ' ,'0 0 0 0 0 0 0 0 0 0 0 0 ' ,64 ,2 ,4, 0
141 ,157, 123, '90 85 83 108 99 105 110 99 57 57 50 46 ' ,'0 0 0 0 0 0 0 0 0 0 0 0 ' ,64 ,1 ,1, 0
145 ,130, 123, '98 87 91 102 86 109 105 80 65 59 44 44 ' ,'0 0 0 0 0 0 0 0 0 0 0 0 ' ,68 ,1 ,1, 1
455 ,196, 427, '118 84 73 72 71 94 87 79 49 67 53 46 ' ,'0 0 0 0 0 0 0 0 0 0 0 0 ' ,375 ,1 ,0, 0
410 ,441, 376, '93 105 73 84 97 99 93 98 48 50 66 52 ' ,'0 0 0 0 0 0 0 0 0 0 0 0 ' ,290 ,1 ,31, 0
845 ,559, 816, '86 101 90 77 159 83 110 102 49 53 47 41 ' ,'0 0 0 0 0 0 0 0 0 0 0 0 ' ,766 ,1 ,3, 1
782 ,833, 754, '80 78 96 113 115 88 97 100 55 62 38 46 ' ,'0 0 0 0 0 0 0 0 0 0 0 0 ' ,704 ,1 ,1, 0
227 ,769, 188, '92 105 96 101 116 102 87 76 43 68 54 50 ' ,'0 0 0 0 0 0 0 0 0 0 0 0 ' ,136 ,1 ,8, 0
1435 ,204, 1405, '103 94 89 100 89 110 111 101 60 51 46 52 ' ,'0 0 0 0 0 0 0 0 0 0 0 0 ' ,1354 ,1 ,1, 1
489 ,1623, 465, '130 91 90 92 61 101 114 90 50 44 44 52 ' ,'0 0 0 0 0 0 0 0 0 0 0 0 ' ,409 ,1 ,2, 1
486 ,532, 108, '84 92 93 86 85 84 85 91 47 51 71 54 ' ,'0 0 0 0 0 0 0 0 0 0 0 0 ' ,401 ,1 ,8, 0
1126 ,668, 1098, '85 81 81 84 103 83 74 89 48 44 53 42 ' ,'0 0 0 0 0 0 0 0 0 0 0 0 ' ,1049 ,1 ,2, 1
143 ,1123, 121, '76 81 87 76 103 77 81 87 41 42 42 44 ' ,'0 0 0 0 0 0 0 0 0 0 0 0 ' ,71 ,1 ,4, 1
357 ,331, 334, '95 89 83 92 84 76 101 97 43 53 43 58 ' ,'0 0 0 0 0 0 0 0 0 0 0 0 ' ,272 ,1 ,2, 0
491 ,347, 470, '94 84 80 86 102 103 90 88 39 55 43 49 ' ,'0 0 0 0 0 0 0 0 0 0 0 0 ' ,413 ,1 ,5, 1
135 ,480, 113, '76 84 71 85 98 84 88 88 44 37 72 66 ' ,'0 0 0 0 0 0 0 0 0 0 0 0 ' ,62 ,1 ,5, 1
1622 ,2173, 1596, '57 80 65 87 97 76 88 72 47 63 63 49 ' ,'0 0 0 0 0 0 0 0 0 0 0 0 ' ,1512 ,1 ,29, 1
521 ,3962, 497, '82 57 79 87 122 86 68 81 43 36 92 27 ' ,'0 0 0 0 0 0 0 0 0 0 0 0 ' ,433 ,0 ,29, 1
1584 ,1188, 1559, '101 87 79 85 82 75 90 87 44 36 46 43 ' ,'0 0 0 0 0 0 0 0 0 0 0 0 ' ,1508 ,1 ,5, 1
142 ,1870, 113, '64 84 103 75 97 81 67 81 47 37 57 40 ' ,'0 0 0 0 0 0 0 0 0 0 0 0 ' ,63 ,1 ,4, 1
555 ,192, 530, '74 80 77 81 87 79 100 90 45 41 45 26 ' ,'0 0 0 0 0 0 0 0 0 0 0 0 ' ,494 ,2 ,7, 1
875 ,743, 849, '82 81 85 83 85 89 89 72 42 43 42 43 ' ,'0 0 0 0 0 0 0 0 0 0 0 0 ' ,801 ,1 ,5, 0
132 ,862, 110, '91 91 90 85 96 89 80 91 39 39 43 48 ' ,'0 0 0 0 0 0 0 0 0 0 0 0 ' ,64 ,1 ,3, 0
429 ,123, 408, '93 79 90 76 92 73 88 94 51 43 46 44 ' ,'0 0 0 0 0 0 0 0 0 0 0 0 ' ,355 ,1 ,3, 1
1477 ,420, 1450, '84 74 75 87 82 96 92 101 51 48 35 45 ' ,'0 0 0 0 0 0 0 0 0 0 0 0 ' ,1401 ,1 ,3, 0
395 ,1461, 377, '87 90 92 75 107 93 102 75 51 62 51 50 ' ,'0 0 0 0 0 0 0 0 0 0 0 0 ' ,279 ,1 ,44, 0
456 ,621, 437, '98 84 96 96 96 79 101 94 50 43 47 48 ' ,'0 0 0 0 0 0 0 0 0 0 0 0 ' ,385 ,1 ,5, 1
754 ,448, 729, '110 98 97 90 103 114 96 105 54 44 62 53 ' ,'0 0 0 0 0 0 0 0 0 0 0 0 ' ,669 ,1 ,5, 1
1445 ,1205, 1420, '93 90 87 97 97 89 80 93 46 47 35 43 ' ,'0 0 0 0 0 0 0 0 0 0 0 0 ' ,1367 ,1 ,5, 1
125 ,1950, 99, '82 77 88 85 73 75 81 87 23 50 46 39 ' ,'0 0 0 0 0 0 0 0 0 0 0 0 ' ,67 ,1 ,4, 0
831 ,435, 809, '70 68 80 60 67 96 74 89 43 35 43 37 ' ,'0 0 0 0 0 0 0 0 0 0 0 0 ' ,762 ,1 ,4, 1
522 ,819, 494, '96 70 80 66 81 72 84 67 43 47 28 37 ' ,'0 0 0 0 0 0 0 0 0 0 0 0 ' ,451 ,1 ,6, 1
1062 ,508, 1038, '83 82 80 75 102 84 78 80 39 48 41 54 ' ,'0 0 0 0 0 0 0 0 0 0 0 0 ' ,975 ,2 ,8, 1
178 ,1053, 151, '76 80 87 88 70 89 81 86 51 42 41 41 ' ,'0 0 0 0 0 0 0 0 0 0 0 0 ' ,99 ,1 ,5, 1
704 ,396, 681, '76 96 83 96 83 91 82 80 52 55 39 44 ' ,'0 0 0 0 0 0 0 0 0 0 0 0 ' ,624 ,1 ,6, 1
899 ,1039, 875, '105 87 80 84 83 86 90 83 47 64 44 58 ' ,'0 0 0 0 0 0 0 0 0 0 0 0 ' ,810 ,1 ,5, 0
621 ,963, 598, '110 106 91 100 125 89 89 87 44 43 71 62 ' ,'0 0 0 0 0 0 0 0 0 0 0 0 ' ,538 ,1 ,4, 0
921 ,809, 898, '92 85 94 97 93 103 113 87 53 55 47 40 ' ,'0 0 0 0 0 0 0 0 0 0 0 0 ' ,845 ,1 ,3, 0
169 ,904, 149, '100 94 130 116 94 102 135 93 55 48 44 36 ' ,'0 0 0 0 0 0 0 0 0 0 0 0 ' ,101 ,2 ,3, 0
631 ,159, 601, '97 95 89 79 129 99 118 83 52 54 45 52 ' ,'0 0 0 0 0 0 0 0 0 0 0 0 ' ,537 ,1 ,9, 1
1362 ,612, 1342, '107 99 101 89 123 99 92 96 55 57 51 54 ' ,'0 0 0 0 0 0 0 0 0 0 0 0 ' ,1273 ,6 ,4, 0
1176 ,1349, 1153, '106 97 100 100 96 98 82 97 57 54 52 44 ' ,'0 0 0 0 0 0 0 0 0 0 0 0 ' ,1097 ,1 ,3, 1
1441 ,1162, 1201, '109 95 93 94 118 141 98 91 48 54 49 44 ' ,'0 0 0 0 0 0 0 0 0 0 0 0 ' ,1343 ,1 ,21, 0
1427 ,1610, 1401, '85 95 80 97 91 92 91 89 44 56 46 59 ' ,'0 0 0 0 0 0 0 0 0 0 0 0 ' ,1346 ,1 ,5, 0
129 ,1903, 107, '87 84 81 90 89 80 81 86 48 51 50 44 ' ,'0 0 0 0 0 0 0 0 0 0 0 0 ' ,51 ,1 ,5, 0
134 ,115, 111, '78 86 85 76 89 86 73 89 43 29 44 47 ' ,'0 0 0 0 0 0 0 0 0 0 0 0 ' ,67 ,1 ,5, 0
124 ,120, 101, '78 77 85 75 80 91 76 75 48 32 52 47 ' ,'0 0 0 0 0 0 0 0 0 0 0 0 ' ,56 ,1 ,3, 0
128 ,113, 110, '93 87 99 95 65 88 82 84 53 60 42 49 ' ,'0 0 0 0 0 0 0 0 0 0 0 0 ' ,59 ,1 ,4, 1
129 ,118, 101, '87 79 89 87 87 73 85 80 48 48 45 43 ' ,'0 0 0 0 0 0 0 0 0 0 0 0 ' ,50 ,1 ,3, 0
121 ,110, 99, '74 84 96 87 80 93 88 84 42 43 49 45 ' ,'0 0 0 0 0 0 0 0 0 0 0 0 ' ,55 ,1 ,3, 0
122 ,112, 106, '97 90 97 81 93 74 74 86 38 34 46 48 ' ,'0 0 0 0 0 0 0 0 0 0 0 0 ' ,64 ,1 ,3, 0
131 ,114, 110, '76 85 95 74 84 100 80 85 47 43 39 46 ' ,'0 0 0 0 0 0 0 0 0 0 0 0 ' ,62 ,1 ,4, 1
136 ,123, 115, '75 81 104 87 75 84 79 85 49 49 45 40 ' ,'0 0 0 0 0 0 0 0 0 0 0 0 ' ,62 ,1 ,7, 0
132 ,127, 115, '95 95 94 87 93 87 85 96 28 44 55 40 ' ,'0 0 0 0 0 0 0 0 0 0 0 0 ' ,76 ,1 ,5, 0
151 ,122, 125, '104 92 92 91 105 95 112 102 48 53 53 50 ' ,'0 0 0 0 0 0 0 0 0 0 0 0 ' ,66 ,1 ,7, 1
167 ,147, 141, '89 102 101 99 120 105 122 110 45 59 50 54 ' ,'0 0 0 0 0 0 0 0 0 0 0 0 ' ,85 ,1 ,4, 0
149 ,152, 126, '90 93 101 101 106 100 83 98 25 51 35 46 ' ,'0 0 0 0 0 0 0 0 0 0 0 0 ' ,86 ,1 ,5, 0
141 ,159, 120, '88 95 76 96 102 111 91 91 51 52 38 45 ' ,'0 0 0 0 0 0 0 0 0 0 0 0 ' ,73 ,1 ,3, 0
155 ,158, 130, '82 91 95 93 107 116 87 94 56 46 48 47 ' ,'0 0 0 0 0 0 0 0 0 0 0 0 ' ,73 ,1 ,4, 0
151 ,144, 126, '92 114 111 91 86 74 94 98 47 39 45 49 ' ,'0 0 0 0 0 0 0 0 0 0 0 0 ' ,74 ,1 ,4, 0
414 ,139, 384, '83 86 105 96 85 81 108 103 47 41 44 49 ' ,'0 0 0 0 0 0 0 0 0 0 0 0 ' ,332 ,1 ,1, 0
157 ,408, 131, '114 90 107 77 73 80 88 84 40 53 47 46 ' ,'0 0 0 0 0 0 0 0 0 0 0 0 ' ,79 ,1 ,5, 1
466 ,142, 439, '74 76 83 83 68 77 102 82 33 55 33 49 ' ,'0 0 0 0 0 0 0 0 0 0 0 0 ' ,395 ,1 ,5, 1
1775 ,451, 1734, '68 86 76 78 93 79 90 75 43 50 57 42 ' ,'0 0 0 0 0 0 0 0 0 0 0 0 ' ,1678 ,1 ,11, 1
469 ,1945, 220, '76 78 77 87 97 74 80 78 42 44 34 46 ' ,'0 0 0 0 0 0 0 0 0 0 0 0 ' ,394 ,0 ,4, 0
172 ,695, 149, '127 88 87 77 96 83 85 89 45 46 41 46 ' ,'0 0 0 0 0 0 0 0 0 0 0 0 ' ,91 ,2 ,7, 1
401 ,422, 376, '89 113 102 91 92 105 96 95 52 46 46 52 ' ,'0 0 0 0 0 0 0 0 0 0 0 0 ' ,317 ,1 ,4, 0
632 ,6129, 597, '88 68 75 82 101 54 72 48 27 26 26 27 ' ,'0 0 0 0 0 0 0 0 0 0 0 0 ' ,286 ,1 ,278, 0
214 ,860, 194, '83 85 99 70 109 77 94 91 54 55 46 43 ' ,'0 0 0 0 0 0 0 0 0 0 0 0 ' ,142 ,1 ,3, 1
895 ,890, 876, '80 80 84 83 96 108 73 96 46 41 47 56 ' ,'0 0 0 0 0 0 0 0 0 0 0 0 ' ,819 ,1 ,2, 1
842 ,916, 825, '80 79 78 81 75 79 77 85 50 57 40 44 ' ,'0 0 0 0 0 0 0 0 0 0 0 0 ' ,763 ,1 ,10, 1
942 ,1366, 566, '83 82 79 90 79 123 84 90 37 53 56 42 ' ,'0 0 0 0 0 0 0 0 0 0 0 0 ' ,486 ,1 ,37, 0
1353 ,1573, 1328, '86 90 95 87 88 49 79 94 35 44 41 29 ' ,'0 0 0 0 0 0 0 0 0 0 0 0 ' ,533 ,1 ,757, 1
180 ,1335, 158, '103 65 82 94 94 91 87 92 55 50 41 51 ' ,'0 0 0 0 0 0 0 0 0 0 0 0 ' ,102 ,2 ,5, 1
2794 ,169, 773, '89 102 91 96 105 116 96 94 58 44 53 44 ' ,'0 0 0 0 0 0 0 0 0 0 0 0 ' ,714 ,1 ,6, 1
122 ,779, 106, '85 90 73 87 85 63 90 82 43 48 41 49 ' ,'0 0 0 0 0 0 0 0 0 0 0 0 ' ,52 ,1 ,5, 1
1478 ,659, 446, '90 108 96 89 79 75 86 75 55 57 43 44 ' ,'0 0 0 0 0 0 0 0 0 0 0 0 ' ,392 ,1 ,2, 1
2322 ,457, 2296, '86 82 92 94 85 81 90 85 61 47 39 51 ' ,'0 0 0 0 0 0 0 0 0 0 0 0 ' ,357 ,1 ,1893, 0
2356 ,2305, 2334, '77 80 61 87 52 82 84 80 54 56 33 43 ' ,'0 0 0 0 0 0 0 0 0 0 0 0 ' ,60 ,1 ,2231, 0
859 ,5815, 838, '94 115 97 87 112 76 67 90 44 70 39 44 ' ,'0 0 0 0 0 0 0 0 0 0 0 0 ' ,781 ,1 ,10, 1
685 ,929, 478, '108 79 76 75 93 64 82 100 53 56 50 46 ' ,'0 0 0 0 0 0 0 0 0 0 0 0 ' ,393 ,1 ,30, 0
204 ,520, 180, '91 96 94 102 75 87 90 97 51 60 40 45 ' ,'0 0 0 0 0 0 0 0 0 0 0 0 ' ,130 ,1 ,5, 1
487 ,394, 465, '119 102 90 81 96 91 87 89 46 43 45 44 ' ,'0 0 0 0 0 0 0 0 0 0 0 0 ' ,403 ,1 ,10, 0
478 ,475, 457, '78 81 85 70 81 83 63 90 45 50 46 37 ' ,'0 0 0 0 0 0 0 0 0 0 0 0 ' ,398 ,1 ,5, 0
1401 ,466, 1174, '89 83 81 87 103 99 91 82 43 50 43 36 ' ,'0 0 0 0 0 0 0 0 0 0 0 0 ' ,1119 ,1 ,7, 1
1646 ,1185, 1624, '82 85 82 58 98 83 84 84 32 46 45 49 ' ,'0 0 0 0 0 0 0 0 0 0 0 0 ' ,770 ,1 ,800, 1
585 ,1631, 565, '88 97 92 108 109 118 96 86 42 48 45 51 ' ,'0 0 0 0 0 0 0 0 0 0 0 0 ' ,395 ,1 ,118, 1
470 ,2813, 449, '81 92 97 80 121 74 91 81 25 52 48 36 ' ,'0 0 0 0 0 0 0 0 0 0 0 0 ' ,371 ,0 ,40, 0
501 ,730, 478, '99 92 86 88 81 93 107 99 45 42 46 56 ' ,'0 0 0 0 0 0 0 0 0 0 0 0 ' ,417 ,1 ,9, 1
490 ,492, 467, '87 105 96 95 97 103 105 98 55 52 50 40 ' ,'0 0 0 0 0 0 0 0 0 0 0 0 ' ,413 ,1 ,7, 1
1218 ,478, 1198, '115 100 95 84 99 87 101 101 31 51 48 59 ' ,'0 0 0 0 0 0 0 0 0 0 0 0 ' ,518 ,1 ,641, 1
963 ,1205, 941, '98 116 77 79 108 92 93 91 44 42 35 44 ' ,'0 0 0 0 0 0 0 0 0 0 0 0 ' ,422 ,1 ,473, 0
183 ,971, 163, '61 90 62 83 136 88 89 102 47 40 52 46 ' ,'0 0 0 0 0 0 0 0 0 0 0 0 ' ,111 ,1 ,2, 1
113 ,175, 95, '78 76 85 80 80 78 81 67 49 39 41 28 ' ,'0 0 0 0 0 0 0 0 0 0 0 0 ' ,54 ,1 ,4, 0
112 ,103, 96, '81 85 82 83 69 64 85 79 37 42 35 54 ' ,'0 0 0 0 0 0 0 0 0 0 0 0 ' ,52 ,1 ,2, 1
134 ,103, 117, '85 101 75 84 81 92 81 82 41 45 48 39 ' ,'0 0 0 0 0 0 0 0 0 0 0 0 ' ,64 ,1 ,8, 1
115 ,125, 99, '73 87 78 79 81 82 67 89 33 50 46 44 ' ,'0 0 0 0 0 0 0 0 0 0 0 0 ' ,59 ,0 ,3, 1
118 ,106, 98, '81 81 77 79 84 88 74 74 42 38 48 33 ' ,'0 0 0 0 0 0 0 0 0 0 0 0 ' ,55 ,0 ,2, 0
122 ,113, 104, '93 83 67 87 72 71 85 85 48 46 47 40 ' ,'0 0 0 0 0 0 0 0 0 0 0 0 ' ,53 ,1 ,4, 1
127 ,119, 104, '90 85 91 78 82 96 82 94 51 50 47 47 ' ,'0 0 0 0 0 0 0 0 0 0 0 0 ' ,50 ,1 ,2, 0
152 ,118, 126, '101 86 97 85 84 90 112 98 40 62 52 53 ' ,'0 0 0 0 0 0 0 0 0 0 0 0 ' ,76 ,1 ,6, 0
143 ,141, 124, '93 98 95 99 86 91 108 98 51 41 57 60 ' ,'0 0 0 0 0 0 0 0 0 0 0 0 ' ,68 ,1 ,3, 1
144 ,139, 126, '102 110 96 94 97 97 94 105 49 48 53 57 ' ,'0 0 0 0 0 0 0 0 0 0 0 0 ' ,60 ,0 ,6, 1
144 ,140, 123, '102 99 110 107 101 99 97 104 51 50 53 51 ' ,'0 0 0 0 0 0 0 0 0 0 0 0 ' ,63 ,1 ,2, 1
131 ,143, 112, '99 75 72 76 92 83 94 92 46 45 54 46 ' ,'0 0 0 0 0 0 0 0 0 0 0 0 ' ,55 ,1 ,2, 1
182 ,137, 160, '92 83 93 90 140 96 112 86 47 44 47 46 ' ,'0 0 0 0 0 0 0 0 0 0 0 0 ' ,105 ,1 ,3, 1
1054 ,173, 827, '90 91 84 94 81 84 84 89 49 43 43 46 ' ,'0 0 0 0 0 0 0 0 0 0 0 0 ' ,770 ,1 ,6, 1
674 ,1038, 447, '79 86 78 80 79 77 89 92 42 39 40 41 ' ,'0 0 0 0 0 0 0 0 0 0 0 0 ' ,393 ,1 ,6, 1
149 ,460, 128, '94 91 87 78 75 83 78 92 47 46 41 44 ' ,'0 0 0 0 0 0 0 0 0 0 0 0 ' ,61 ,1 ,18, 1
145 ,138, 124, '98 74 73 73 78 73 83 85 43 40 39 39 ' ,'0 0 0 0 0 0 0 0 0 0 0 0 ' ,64 ,1 ,12, 1
637 ,132, 617, '117 88 84 87 97 73 79 92 33 36 38 48 ' ,'0 0 0 0 0 0 0 0 0 0 0 0 ' ,571 ,1 ,5, 0
375 ,824, 354, '102 93 93 88 95 96 100 93 47 41 49 44 ' ,'0 0 0 0 0 0 0 0 0 0 0 0 ' ,295 ,1 ,6, 0
713 ,367, 676, '88 96 90 93 89 83 92 100 42 58 36 60 ' ,'0 0 0 0 0 0 0 0 0 0 0 0 ' ,403 ,1 ,228, 0
701 ,684, 682, '75 97 93 91 94 92 91 92 60 44 41 43 ' ,'0 0 0 0 0 0 0 0 0 0 0 0 ' ,625 ,1 ,7, 1
1520 ,930, 1499, '128 120 98 97 112 90 98 92 49 47 48 47 ' ,'0 0 0 0 0 0 0 0 0 0 0 0 ' ,1434 ,1 ,6, 0
1047 ,1509, 1023, '100 88 104 100 68 74 99 87 38 24 54 54 ' ,'0 0 0 0 0 0 0 0 0 0 0 0 ' ,466 ,0 ,515, 0
1995 ,1032, 1768, '93 98 99 65 109 89 88 66 56 55 30 50 ' ,'0 0 0 0 0 0 0 0 0 0 0 0 ' ,325 ,1 ,1380, 0
149 ,1776, 127, '82 86 86 67 78 75 55 76 44 45 37 54 ' ,'0 0 0 0 0 0 0 0 0 0 0 0 ' ,46 ,1 ,27, 0
167 ,148, 145, '114 86 73 90 94 82 83 80 42 45 39 33 ' ,'0 0 0 0 0 0 0 0 0 0 0 0 ' ,86 ,1 ,17, 1
388 ,173, 367, '80 88 91 71 99 64 84 77 43 43 39 49 ' ,'0 0 0 0 0 0 0 0 0 0 0 0 ' ,311 ,1 ,8, 1
674 ,381, 654, '73 87 86 78 78 84 98 83 44 48 36 37 ' ,'0 0 0 0 0 0 0 0 0 0 0 0 ' ,604 ,0 ,6, 1
888 ,667, 657, '82 80 91 83 81 107 93 97 49 36 40 44 ' ,'0 0 0 0 0 0 0 0 0 0 0 0 ' ,603 ,1 ,6, 0
499 ,870, 477, '98 93 90 96 85 93 93 101 54 53 48 45 ' ,'0 0 0 0 0 0 0 0 0 0 0 0 ' ,414 ,1 ,11, 1
163 ,486, 136, '86 104 96 95 109 92 109 91 51 54 49 60 ' ,'0 0 0 0 0 0 0 0 0 0 0 0 ' ,70 ,1 ,11, 1
1716 ,348, 1696, '99 73 82 96 96 145 89 100 50 56 46 30 ' ,'0 0 0 0 0 0 0 0 0 0 0 0 ' ,1655 ,1 ,5, 1
717 ,1718, 699, '100 97 98 107 83 77 63 85 64 48 53 50 ' ,'0 0 0 0 0 0 0 0 0 0 0 0 ' ,396 ,1 ,247, 1
159 ,1325, 139, '101 100 102 86 109 98 93 106 64 50 50 51 ' ,'0 0 0 0 0 0 0 0 0 0 0 0 ' ,62 ,1 ,19, 0
1354 ,351, 1329, '101 99 100 99 89 96 96 96 45 62 45 40 ' ,'0 0 0 0 0 0 0 0 0 0 0 0 ' ,1277 ,1 ,4, 1
551 ,1343, 520, '86 63 88 94 101 88 68 98 50 61 52 48 ' ,'0 0 0 0 0 0 0 0 0 0 0 0 ' ,454 ,1 ,10, 1
171 ,596, 150, '92 87 104 93 125 98 89 91 49 55 41 54 ' ,'0 0 0 0 0 0 0 0 0 0 0 0 ' ,89 ,1 ,7, 0
460 ,159, 442, '87 89 90 86 77 83 74 88 35 37 51 47 ' ,'0 0 0 0 0 0 0 0 0 0 0 0 ' ,386 ,1 ,12, 1
473 ,547, 452, '74 74 88 93 70 79 87 70 60 39 39 36 ' ,'0 0 0 0 0 0 0 0 0 0 0 0 ' ,398 ,1 ,7, 0
781 ,458, 759, '69 66 74 92 84 89 102 88 39 46 76 55 ' ,'0 0 0 0 0 0 0 0 0 0 0 0 ' ,705 ,60 ,7, 0
1563 ,768, 1543, '82 92 76 87 77 72 93 92 50 43 34 51 ' ,'0 0 0 0 0 0 0 0 0 0 0 0 ' ,1475 ,1 ,8, 1
2280 ,1749, 2261, '81 90 88 103 87 112 101 106 48 40 45 53 ' ,'0 0 0 0 0 0 0 0 0 0 0 0 ' ,2188 ,1 ,16, 0
2164 ,2267, 2143, '102 95 75 84 46 96 73 55 22 54 41 66 ' ,'0 0 0 0 0 0 0 0 0 0 0 0 ' ,1545 ,1 ,568, 0
1984 ,2371, 1954, '69 73 80 88 66 91 77 85 27 50 49 42 ' ,'0 0 0 0 0 0 0 0 0 0 0 0 ' ,1263 ,1 ,655, 0
1087 ,2328, 1057, '89 88 85 87 96 86 85 92 46 44 53 37 ' ,'0 0 0 0 0 0 0 0 0 0 0 0 ' ,1010 ,0 ,11, 1
557 ,1441, 520, '130 64 92 79 94 87 83 87 42 41 44 44 ' ,'0 0 0 0 0 0 0 0 0 0 0 0 ' ,467 ,1 ,8, 0
138 ,655, 112, '82 89 84 90 87 77 83 87 48 26 38 38 ' ,'0 0 0 0 0 0 0 0 0 0 0 0 ' ,62 ,1 ,10, 1
194 ,123, 156, '87 83 79 73 95 84 75 80 36 28 44 42 ' ,'0 0 0 0 0 0 0 0 0 0 0 0 ' ,110 ,0 ,10, 0
138 ,610, 112, '71 80 83 84 68 81 82 92 41 46 34 47 ' ,'0 0 0 0 0 0 0 0 0 0 0 0 ' ,56 ,1 ,10, 0
1770 ,521, 1740, '75 78 82 84 68 80 87 93 29 48 35 46 ' ,'0 0 0 0 0 0 0 0 0 0 0 0 ' ,1683 ,1 ,10, 0
179 ,1956, 116, '82 79 87 73 91 79 57 73 32 39 37 41 ' ,'0 0 0 0 0 0 0 0 0 0 0 0 ' ,70 ,1 ,5, 0
1411 ,184, 1389, '84 88 79 87 93 80 87 92 41 42 35 44 ' ,'0 0 0 0 0 0 0 0 0 0 0 0 ' ,1328 ,1 ,10, 1
1158 ,1594, 1137, '56 107 89 104 103 84 86 98 52 50 24 59 ' ,'0 0 0 0 0 0 0 0 0 0 0 0 ' ,1069 ,1 ,7, 0
500 ,1856, 475, '68 110 98 91 100 98 105 100 50 55 52 50 ' ,'0 0 0 0 0 0 0 0 0 0 0 0 ' ,399 ,1 ,24, 1
161 ,533, 143, '103 89 88 97 82 93 82 101 53 60 42 51 ' ,'0 0 0 0 0 0 0 0 0 0 0 0 ' ,78 ,1 ,8, 1
137 ,166, 119, '87 105 89 90 87 79 96 100 53 50 51 52 ' ,'0 0 0 0 0 0 0 0 0 0 0 0 ' ,56 ,1 ,2, 0
129 ,126, 114, '67 93 81 94 95 94 98 75 41 48 46 45 ' ,'0 0 0 0 0 0 0 0 0 0 0 0 ' ,59 ,1 ,8, 1
146 ,118, 124, '79 72 86 87 98 87 73 96 43 50 44 51 ' ,'0 0 0 0 0 0 0 0 0 0 0 0 ' ,68 ,1 ,9, 1
136 ,139, 116, '101 66 86 85 95 82 68 88 38 49 47 49 ' ,'0 0 0 0 0 0 0 0 0 0 0 0 ' ,69 ,1 ,6, 1
152 ,131, 126, '97 84 84 86 104 91 87 80 49 23 43 46 ' ,'0 0 0 0 0 0 0 0 0 0 0 0 ' ,81 ,1 ,8, 0
125 ,138, 107, '89 91 71 94 85 93 81 93 47 55 43 46 ' ,'0 0 0 0 0 0 0 0 0 0 0 0 ' ,52 ,1 ,6, 1
134 ,124, 105, '80 81 85 89 81 81 88 66 47 38 47 42 ' ,'0 0 0 0 0 0 0 0 0 0 0 0 ' ,48 ,1 ,8, 1
129 ,131, 105, '89 73 78 90 76 85 89 83 54 58 47 42 ' ,'0 0 0 0 0 0 0 0 0 0 0 0 ' ,46 ,1 ,11, 1
149 ,115, 126, '95 86 98 97 104 87 101 84 52 53 43 47 ' ,'0 0 0 0 0 0 0 0 0 0 0 0 ' ,71 ,1 ,6, 0
205 ,146, 187, '93 102 90 113 98 95 118 110 46 48 48 50 ' ,'0 0 0 0 0 0 0 0 0 0 0 0 ' ,74 ,1 ,61, 1
150 ,191, 133, '99 120 93 95 95 97 95 88 48 69 33 51 ' ,'0 0 0 0 0 0 0 0 0 0 0 0 ' ,89 ,1 ,6, 1
160 ,148, 140, '98 108 104 111 91 100 130 81 56 39 51 52 ' ,'0 0 0 0 0 0 0 0 0 0 0 0 ' ,84 ,0 ,3, 1
140 ,164, 116, '97 103 75 106 85 82 102 105 53 55 50 45 ' ,'0 0 0 0 0 0 0 0 0 0 0 0 ' ,64 ,1 ,3, 1
666 ,153, 441, '104 96 92 82 91 90 101 100 57 48 69 53 ' ,'0 0 0 0 0 0 0 0 0 0 0 0 ' ,372 ,1 ,6, 0
166 ,451, 144, '96 100 93 105 115 120 87 90 48 58 44 42 ' ,'0 0 0 0 0 0 0 0 0 0 0 0 ' ,85 ,1 ,10, 0
450 ,155, 425, '91 83 107 78 94 91 92 78 49 61 73 58 ' ,'0 0 0 0 0 0 0 0 0 0 0 0 ' ,341 ,0 ,7, 1
154 ,442, 129, '79 106 95 92 93 92 95 94 48 56 47 53 ' ,'0 0 0 0 0 0 0 0 0 0 0 0 ' ,58 ,1 ,13, 0
150 ,375, 126, '76 94 76 103 90 71 100 90 54 53 46 44 ' ,'0 0 0 0 0 0 0 0 0 0 0 0 ' ,65 ,1 ,10, 1
5155 ,141, 5133, '86 104 94 85 97 107 88 88 34 49 44 56 ' ,'0 0 0 0 0 0 0 0 0 0 0 0 ' ,5082 ,0 ,6, 0
2742 ,5344, 2719, '71 47 69 86 90 71 70 59 44 50 29 58 ' ,'0 0 0 0 0 0 0 0 0 0 0 0 ' ,2360 ,1 ,307, 0
1212 ,5769, 964, '75 130 99 81 56 57 112 68 33 55 32 69 ' ,'0 0 0 0 0 0 0 0 0 0 0 0 ' ,1125 ,1 ,23, 1
643 ,1470, 111, '102 110 99 103 100 97 107 104 50 55 51 56 ' ,'0 0 0 0 0 0 0 0 0 0 0 0 ' ,565 ,1 ,4, 1
374 ,843, 353, '96 102 93 106 89 118 103 92 46 61 49 51 ' ,'0 0 0 0 0 0 0 0 0 0 0 0 ' ,300 ,1 ,5, 1
189 ,371, 167, '100 98 76 90 97 92 88 94 56 50 49 55 ' ,'0 0 0 0 0 0 0 0 0 0 0 0 ' ,112 ,1 ,3, 1
166 ,187, 146, '103 93 84 90 92 126 95 96 52 48 42 46 ' ,'0 0 0 0 0 0 0 0 0 0 0 0 ' ,86 ,1 ,13, 0
325 ,169, 304, '87 81 79 85 82 105 74 82 36 45 41 47 ' ,'0 0 0 0 0 0 0 0 0 0 0 0 ' ,264 ,1 ,2, 0
182 ,327, 162, '133 101 76 94 94 76 76 88 46 47 42 41 ' ,'0 0 0 0 0 0 0 0 0 0 0 0 ' ,108 ,1 ,8, 1
1053 ,376, 1030, '68 100 79 79 95 75 71 84 53 58 41 45 ' ,'0 0 0 0 0 0 0 0 0 0 0 0 ' ,977 ,1 ,5, 1
