85573 ,0, 45581, '30 21 19 27 13 12 28 19 13 12 13 12 21 21 17 33 ' ,'0 0 0 0 0 0 0 0 0 0 0 0 0 0 0 0 ' ,45517 ,11 ,4, 4
650 ,329, 626, '319 145 140 200 172 298 114 161 173 185 153 113 176 189 205 338 ' ,'0 0 0 0 0 0 0 0 0 0 0 0 0 0 0 0 ' ,437 ,2 ,55, 1
469 ,1103, 444, '63 240 231 233 228 136 28 142 103 183 52 170 130 35 222 163 ' ,'0 0 0 0 0 0 0 0 0 0 0 0 0 0 0 0 ' ,353 ,1 ,51, 1
1331 ,702, 1297, '95 85 85 90 41 36 123 42 41 48 197 33 53 38 51 59 ' ,'0 0 0 0 0 0 0 0 0 0 0 0 0 0 0 0 ' ,1252 ,1 ,1, 1
935 ,1320, 912, '70 80 91 88 57 72 48 47 47 54 52 59 49 49 48 51 ' ,'0 0 0 0 0 0 0 0 0 0 0 0 0 0 0 0 ' ,847 ,1 ,8, 1
139 ,969, 111, '89 85 77 97 72 97 45 50 44 27 45 48 49 51 48 48 ' ,'0 0 0 0 0 0 0 0 0 0 0 0 0 0 0 0 ' ,68 ,1 ,4, 0
154 ,228, 115, '98 86 101 95 56 43 52 50 37 47 60 45 60 48 55 74 ' ,'0 0 0 0 0 0 0 0 0 0 0 0 0 0 0 0 ' ,66 ,1 ,6, 2
685 ,626, 657, '103 98 90 99 44 57 53 54 34 52 56 49 36 55 52 29 ' ,'0 0 0 0 0 0 0 0 0 0 0 0 0 0 0 0 ' ,618 ,1 ,10, 1
927 ,751, 858, '98 103 106 92 50 60 50 63 55 48 69 54 91 51 52 49 ' ,'0 0 0 0 0 0 0 0 0 0 0 0 0 0 0 0 ' ,846 ,2 ,6, 1
171 ,1011, 149, '111 89 91 96 63 50 49 46 48 56 64 45 54 62 47 51 ' ,'0 0 0 0 0 0 0 0 0 0 0 0 0 0 0 0 ' ,88 ,1 ,12, 1
317 ,254, 294, '97 91 93 82 50 64 49 46 40 62 63 51 47 56 43 48 ' ,'0 0 0 0 0 0 0 0 0 0 0 0 0 0 0 0 ' ,242 ,2 ,7, 1
425 ,364, 400, '94 99 76 94 38 58 61 42 46 43 93 45 51 43 48 56 ' ,'0 0 0 0 0 0 0 0 0 0 0 0 0 0 0 0 ' ,350 ,2 ,9, 1
453 ,419, 429, '80 80 85 94 58 72 50 51 51 48 47 50 56 60 52 48 ' ,'0 0 0 0 0 0 0 0 0 0 0 0 0 0 0 0 ' ,369 ,2 ,4, 1
1020 ,444, 991, '75 97 96 95 63 54 45 50 53 49 64 32 45 46 44 87 ' ,'0 0 0 0 0 0 0 0 0 0 0 0 0 0 0 0 ' ,926 ,1 ,15, 0
147 ,1007, 102, '66 84 72 75 46 41 42 44 54 33 51 37 48 45 28 96 ' ,'0 0 0 0 0 0 0 0 0 0 0 0 0 0 0 0 ' ,61 ,1 ,4, 0
853 ,129, 824, '112 130 57 84 48 67 45 56 37 43 85 57 38 59 47 94 ' ,'0 0 0 0 0 0 0 0 0 0 0 0 0 0 0 0 ' ,780 ,1 ,2, 1
213 ,848, 177, '160 104 119 113 45 127 56 72 70 97 85 72 81 83 82 150 ' ,'0 0 0 0 0 0 0 0 0 0 0 0 0 0 0 0 ' ,119 ,2 ,12, 0
421 ,388, 394, '88 65 93 74 43 30 46 43 34 41 37 44 35 37 29 50 ' ,'0 0 0 0 0 0 0 0 0 0 0 0 0 0 0 0 ' ,359 ,2 ,5, 1
785 ,609, 760, '106 86 81 87 55 40 48 43 48 44 40 45 44 38 42 47 ' ,'0 0 0 0 0 0 0 0 0 0 0 0 0 0 0 0 ' ,713 ,2 ,5, 1
190 ,773, 166, '108 96 79 87 38 46 55 47 41 43 29 34 46 43 51 40 ' ,'0 0 0 0 0 0 0 0 0 0 0 0 0 0 0 0 ' ,128 ,2 ,6, 0
132 ,183, 107, '77 89 71 95 42 59 42 47 46 50 46 41 42 39 52 34 ' ,'0 0 0 0 0 0 0 0 0 0 0 0 0 0 0 0 ' ,64 ,2 ,3, 0
947 ,126, 920, '98 74 75 70 35 61 46 35 44 44 73 41 45 42 43 45 ' ,'0 0 0 0 0 0 0 0 0 0 0 0 0 0 0 0 ' ,865 ,2 ,15, 1
530 ,1135, 493, '87 92 88 89 44 76 39 46 46 43 46 42 53 44 43 46 ' ,'0 0 0 0 0 0 0 0 0 0 0 0 0 0 0 0 ' ,444 ,2 ,5, 1
137 ,713, 116, '93 90 87 99 54 47 47 45 52 50 45 42 51 54 43 85 ' ,'0 0 0 0 0 0 0 0 0 0 0 0 0 0 0 0 ' ,62 ,2 ,5, 1
473 ,127, 445, '74 100 89 102 40 76 53 47 35 65 46 48 42 53 49 52 ' ,'0 0 0 0 0 0 0 0 0 0 0 0 0 0 0 0 ' ,399 ,2 ,3, 1
1135 ,508, 109, '95 97 96 96 59 48 60 52 54 49 91 45 34 55 71 54 ' ,'0 0 0 0 0 0 0 0 0 0 0 0 0 0 0 0 ' ,1068 ,2 ,4, 1
172 ,1129, 145, '127 61 99 86 61 43 41 49 45 50 55 42 52 50 52 49 ' ,'0 0 0 0 0 0 0 0 0 0 0 0 0 0 0 0 ' ,99 ,2 ,3, 1
139 ,219, 114, '98 81 84 96 38 46 59 51 36 46 55 35 47 50 48 73 ' ,'0 0 0 0 0 0 0 0 0 0 0 0 0 0 0 0 ' ,72 ,1 ,3, 0
1257 ,331, 1231, '98 93 83 90 44 63 52 32 43 41 44 41 52 52 68 38 ' ,'0 0 0 0 0 0 0 0 0 0 0 0 0 0 0 0 ' ,1191 ,2 ,2, 1
443 ,2189, 421, '78 93 85 80 53 41 37 43 45 54 27 35 37 31 38 62 ' ,'0 0 0 0 0 0 0 0 0 0 0 0 0 0 0 0 ' ,382 ,2 ,3, 1
1737 ,488, 1713, '99 102 78 75 32 24 44 37 47 36 34 27 28 41 36 42 ' ,'0 0 0 0 0 0 0 0 0 0 0 0 0 0 0 0 ' ,1677 ,2 ,2, 1
938 ,1927, 912, '74 82 90 76 47 60 37 46 36 49 40 48 37 37 38 44 ' ,'0 0 0 0 0 0 0 0 0 0 0 0 0 0 0 0 ' ,815 ,1 ,53, 0
751 ,1009, 723, '93 76 78 92 44 24 47 52 48 47 31 55 47 41 61 51 ' ,'0 0 0 0 0 0 0 0 0 0 0 0 0 0 0 0 ' ,385 ,1 ,309, 1
491 ,732, 461, '97 87 94 106 44 50 46 48 54 50 91 47 46 39 51 48 ' ,'0 0 0 0 0 0 0 0 0 0 0 0 0 0 0 0 ' ,412 ,1 ,4, 1
139 ,1459, 115, '101 98 97 98 65 49 32 52 51 49 65 38 58 53 55 83 ' ,'0 0 0 0 0 0 0 0 0 0 0 0 0 0 0 0 ' ,77 ,1 ,2, 1
137 ,199, 116, '107 101 96 94 51 55 54 53 63 50 88 46 49 46 53 44 ' ,'0 0 0 0 0 0 0 0 0 0 0 0 0 0 0 0 ' ,67 ,1 ,1, 0
445 ,336, 71, '112 94 102 84 48 70 48 56 54 62 55 44 52 42 35 82 ' ,'0 0 0 0 0 0 0 0 0 0 0 0 0 0 0 0 ' ,376 ,0 ,7, 1
1392 ,433, 1373, '120 94 91 92 44 98 51 51 52 55 53 36 51 48 61 74 ' ,'0 0 0 0 0 0 0 0 0 0 0 0 0 0 0 0 ' ,1328 ,0 ,4, 1
520 ,1386, 495, '98 72 77 73 41 43 36 37 54 37 64 45 44 40 46 44 ' ,'0 0 0 0 0 0 0 0 0 0 0 0 0 0 0 0 ' ,446 ,1 ,8, 1
482 ,511, 459, '76 79 90 75 43 86 40 44 49 45 37 41 49 44 41 49 ' ,'0 0 0 0 0 0 0 0 0 0 0 0 0 0 0 0 ' ,413 ,1 ,6, 1
1930 ,671, 1907, '86 86 85 85 41 46 39 42 34 50 39 49 47 40 59 87 ' ,'0 0 0 0 0 0 0 0 0 0 0 0 0 0 0 0 ' ,1865 ,1 ,4, 0
132 ,1919, 107, '90 81 82 70 33 43 45 43 28 29 40 42 45 51 48 84 ' ,'0 0 0 0 0 0 0 0 0 0 0 0 0 0 0 0 ' ,70 ,1 ,6, 0
734 ,388, 360, '97 95 91 89 46 44 58 50 42 51 67 49 45 44 43 47 ' ,'0 0 0 0 0 0 0 0 0 0 0 0 0 0 0 0 ' ,660 ,0 ,2, 0
537 ,922, 498, '105 115 100 85 44 73 48 49 44 47 41 48 49 49 69 44 ' ,'0 0 0 0 0 0 0 0 0 0 0 0 0 0 0 0 ' ,426 ,1 ,32, 0
741 ,548, 715, '98 117 104 98 51 47 53 52 46 58 75 51 56 54 47 43 ' ,'0 0 0 0 0 0 0 0 0 0 0 0 0 0 0 0 ' ,653 ,1 ,9, 1
148 ,731, 118, '106 93 91 102 53 56 52 47 47 50 50 48 52 50 53 64 ' ,'0 0 0 0 0 0 0 0 0 0 0 0 0 0 0 0 ' ,60 ,1 ,7, 1
488 ,188, 463, '96 123 93 88 53 90 56 55 56 26 48 48 56 67 48 52 ' ,'0 0 0 0 0 0 0 0 0 0 0 0 0 0 0 0 ' ,423 ,1 ,3, 0
154 ,532, 132, '100 108 101 120 43 88 49 54 57 55 46 53 50 54 56 59 ' ,'0 0 0 0 0 0 0 0 0 0 0 0 0 0 0 0 ' ,75 ,1 ,3, 1
126 ,1107, 103, '93 88 76 81 40 52 49 54 46 54 42 48 50 50 33 52 ' ,'0 0 0 0 0 0 0 0 0 0 0 0 0 0 0 0 ' ,60 ,1 ,2, 0
123 ,169, 102, '87 81 69 87 42 43 48 38 46 40 37 40 44 48 56 44 ' ,'0 0 0 0 0 0 0 0 0 0 0 0 0 0 0 0 ' ,53 ,1 ,6, 0
120 ,111, 94, '80 90 80 79 46 54 43 36 34 42 61 43 38 41 40 40 ' ,'0 0 0 0 0 0 0 0 0 0 0 0 0 0 0 0 ' ,50 ,0 ,3, 0
121 ,111, 101, '83 83 84 91 43 41 52 36 49 59 40 45 41 56 42 46 ' ,'0 0 0 0 0 0 0 0 0 0 0 0 0 0 0 0 ' ,57 ,1 ,2, 1
122 ,118, 101, '82 86 86 93 54 49 38 43 64 42 42 41 46 50 45 47 ' ,'0 0 0 0 0 0 0 0 0 0 0 0 0 0 0 0 ' ,57 ,1 ,0, 0
141 ,113, 99, '87 82 79 83 55 59 45 43 30 61 32 52 50 55 52 58 ' ,'0 0 0 0 0 0 0 0 0 0 0 0 0 0 0 0 ' ,56 ,1 ,2, 0
149 ,122, 121, '71 79 93 105 44 52 42 47 49 51 48 42 50 56 45 44 ' ,'0 0 0 0 0 0 0 0 0 0 0 0 0 0 0 0 ' ,65 ,1 ,8, 0
138 ,136, 107, '101 105 95 78 40 43 42 46 47 53 46 43 46 55 57 47 ' ,'0 0 0 0 0 0 0 0 0 0 0 0 0 0 0 0 ' ,61 ,0 ,1, 0
132 ,144, 112, '91 102 94 91 58 49 53 47 52 48 45 54 55 53 29 48 ' ,'0 0 0 0 0 0 0 0 0 0 0 0 0 0 0 0 ' ,65 ,1 ,6, 1
136 ,185, 117, '101 88 108 99 48 51 51 52 51 52 59 60 39 57 50 51 ' ,'0 0 0 0 0 0 0 0 0 0 0 0 0 0 0 0 ' ,69 ,1 ,3, 1
149 ,180, 124, '109 89 97 95 50 53 53 46 54 51 53 49 48 62 57 58 ' ,'0 0 0 0 0 0 0 0 0 0 0 0 0 0 0 0 ' ,68 ,1 ,4, 1
147 ,141, 115, '106 106 108 92 72 51 29 34 49 57 43 50 51 50 26 58 ' ,'0 0 0 0 0 0 0 0 0 0 0 0 0 0 0 0 ' ,73 ,1 ,0, 0
155 ,173, 130, '120 99 77 116 40 65 55 57 37 70 54 52 53 50 42 47 ' ,'0 0 0 0 0 0 0 0 0 0 0 0 0 0 0 0 ' ,86 ,1 ,2, 0
141 ,345, 114, '86 71 107 90 65 46 55 47 63 51 51 44 47 49 51 91 ' ,'0 0 0 0 0 0 0 0 0 0 0 0 0 0 0 0 ' ,66 ,1 ,1, 0
845 ,1285, 813, '138 89 79 66 26 41 60 58 51 23 39 42 47 35 49 54 ' ,'0 0 0 0 0 0 0 0 0 0 0 0 0 0 0 0 ' ,726 ,4 ,52, 0
123 ,869, 96, '68 82 81 76 39 44 43 51 37 53 36 47 46 38 43 67 ' ,'0 0 0 0 0 0 0 0 0 0 0 0 0 0 0 0 ' ,46 ,1 ,8, 0
844 ,312, 820, '118 83 85 104 43 44 50 56 42 37 42 42 45 42 47 42 ' ,'0 0 0 0 0 0 0 0 0 0 0 0 0 0 0 0 ' ,770 ,1 ,1, 0
1132 ,831, 1104, '85 80 73 95 40 59 40 25 45 38 39 50 41 36 45 49 ' ,'0 0 0 0 0 0 0 0 0 0 0 0 0 0 0 0 ' ,1060 ,1 ,1, 0
640 ,1118, 615, '88 80 89 102 48 72 45 52 46 35 48 49 44 48 49 42 ' ,'0 0 0 0 0 0 0 0 0 0 0 0 0 0 0 0 ' ,570 ,1 ,5, 0
131 ,629, 113, '91 97 84 75 54 75 52 43 47 53 38 44 47 52 48 47 ' ,'0 0 0 0 0 0 0 0 0 0 0 0 0 0 0 0 ' ,64 ,1 ,5, 0
188 ,327, 170, '88 100 94 88 52 59 47 50 60 41 29 48 45 49 37 56 ' ,'0 0 0 0 0 0 0 0 0 0 0 0 0 0 0 0 ' ,134 ,1 ,5, 1
508 ,186, 486, '131 94 81 99 50 48 50 55 48 50 68 50 45 35 51 51 ' ,'0 0 0 0 0 0 0 0 0 0 0 0 0 0 0 0 ' ,443 ,1 ,0, 0
193 ,499, 163, '141 91 103 97 61 50 48 44 50 49 47 58 37 52 49 49 ' ,'0 0 0 0 0 0 0 0 0 0 0 0 0 0 0 0 ' ,117 ,1 ,4, 1
145 ,177, 118, '92 110 96 111 49 39 46 52 48 52 52 44 43 52 40 70 ' ,'0 0 0 0 0 0 0 0 0 0 0 0 0 0 0 0 ' ,69 ,0 ,1, 0
1141 ,138, 1105, '96 102 100 96 66 73 53 43 55 61 56 47 56 63 49 51 ' ,'0 0 0 0 0 0 0 0 0 0 0 0 0 0 0 0 ' ,1055 ,1 ,1, 0
646 ,1119, 608, '83 115 88 103 54 45 44 42 51 36 57 25 46 50 52 50 ' ,'0 0 0 0 0 0 0 0 0 0 0 0 0 0 0 0 ' ,570 ,1 ,5, 0
525 ,667, 500, '120 92 94 89 49 43 46 48 53 54 70 45 50 38 46 43 ' ,'0 0 0 0 0 0 0 0 0 0 0 0 0 0 0 0 ' ,449 ,1 ,6, 0
163 ,514, 136, '81 88 80 78 48 66 37 45 45 35 46 43 42 47 43 41 ' ,'0 0 0 0 0 0 0 0 0 0 0 0 0 0 0 0 ' ,95 ,1 ,4, 0
710 ,239, 688, '99 108 81 85 46 44 43 54 45 41 68 45 34 34 35 38 ' ,'0 0 0 0 0 0 0 0 0 0 0 0 0 0 0 0 ' ,644 ,1 ,1, 1
1201 ,967, 1178, '118 76 74 87 57 55 48 44 41 45 34 52 52 41 56 49 ' ,'0 0 0 0 0 0 0 0 0 0 0 0 0 0 0 0 ' ,1130 ,0 ,1, 0
314 ,1190, 54, '86 102 87 90 41 42 43 48 46 44 75 46 44 44 60 36 ' ,'0 0 0 0 0 0 0 0 0 0 0 0 0 0 0 0 ' ,239 ,1 ,1, 0
140 ,300, 116, '104 88 62 91 40 51 42 36 41 53 40 45 53 38 45 61 ' ,'0 0 0 0 0 0 0 0 0 0 0 0 0 0 0 0 ' ,69 ,1 ,0, 0
530 ,126, 504, '104 91 92 89 41 42 52 34 46 45 42 46 46 49 46 40 ' ,'0 0 0 0 0 0 0 0 0 0 0 0 0 0 0 0 ' ,463 ,1 ,0, 0
147 ,520, 119, '87 99 95 68 42 47 49 47 42 59 42 54 42 41 56 75 ' ,'0 0 0 0 0 0 0 0 0 0 0 0 0 0 0 0 ' ,64 ,1 ,11, 1
520 ,1145, 55, '92 117 98 90 44 56 56 51 48 45 86 53 48 59 46 54 ' ,'0 0 0 0 0 0 0 0 0 0 0 0 0 0 0 0 ' ,439 ,1 ,1, 1
680 ,935, 642, '102 123 117 102 59 55 52 57 60 56 52 52 56 49 45 109 ' ,'0 0 0 0 0 0 0 0 0 0 0 0 0 0 0 0 ' ,601 ,1 ,0, 0
313 ,675, 63, '73 93 102 104 48 81 53 53 50 59 50 46 42 48 47 51 ' ,'0 0 0 0 0 0 0 0 0 0 0 0 0 0 0 0 ' ,236 ,1 ,4, 0
137 ,1349, 114, '84 89 100 60 50 48 47 49 55 46 57 43 48 35 44 29 ' ,'0 0 0 0 0 0 0 0 0 0 0 0 0 0 0 0 ' ,76 ,1 ,6, 1
805 ,1244, 779, '82 55 84 94 28 50 41 38 49 45 45 37 43 49 54 28 ' ,'0 0 0 0 0 0 0 0 0 0 0 0 0 0 0 0 ' ,745 ,1 ,4, 0
1112 ,991, 1088, '90 87 82 83 42 34 40 47 66 46 42 41 46 49 41 53 ' ,'0 0 0 0 0 0 0 0 0 0 0 0 0 0 0 0 ' ,1040 ,1 ,0, 0
337 ,1311, 315, '66 82 79 88 49 69 37 46 42 44 39 33 53 43 46 40 ' ,'0 0 0 0 0 0 0 0 0 0 0 0 0 0 0 0 ' ,274 ,1 ,3, 1
151 ,350, 127, '107 83 90 83 47 38 37 31 58 36 46 43 43 44 44 42 ' ,'0 0 0 0 0 0 0 0 0 0 0 0 0 0 0 0 ' ,79 ,1 ,8, 1
673 ,135, 651, '106 92 88 107 50 46 44 50 59 51 37 46 47 60 54 38 ' ,'0 0 0 0 0 0 0 0 0 0 0 0 0 0 0 0 ' ,603 ,1 ,3, 1
1423 ,664, 1399, '104 88 90 116 47 45 51 44 54 45 70 50 51 64 45 46 ' ,'0 0 0 0 0 0 0 0 0 0 0 0 0 0 0 0 ' ,1345 ,1 ,2, 0
680 ,1612, 435, '92 93 89 95 51 55 49 30 52 61 73 53 48 51 57 49 ' ,'0 0 0 0 0 0 0 0 0 0 0 0 0 0 0 0 ' ,390 ,1 ,11, 0
146 ,473, 128, '101 109 99 110 54 49 56 49 56 55 53 54 56 60 53 85 ' ,'0 0 0 0 0 0 0 0 0 0 0 0 0 0 0 0 ' ,65 ,1 ,5, 0
1119 ,139, 1094, '122 97 98 109 55 46 56 53 52 58 50 49 50 50 54 48 ' ,'0 0 0 0 0 0 0 0 0 0 0 0 0 0 0 0 ' ,1042 ,1 ,1, 0
1829 ,1309, 1807, '67 90 91 94 49 32 52 50 51 55 78 46 44 50 53 44 ' ,'0 0 0 0 0 0 0 0 0 0 0 0 0 0 0 0 ' ,1263 ,1 ,503, 0
999 ,1818, 970, '83 95 82 91 39 38 40 41 48 39 68 42 45 42 41 45 ' ,'0 0 0 0 0 0 0 0 0 0 0 0 0 0 0 0 ' ,924 ,1 ,1, 0
771 ,988, 535, '77 79 90 89 41 42 42 43 39 49 73 44 42 37 40 51 ' ,'0 0 0 0 0 0 0 0 0 0 0 0 0 0 0 0 ' ,490 ,2 ,2, 1
845 ,549, 816, '92 75 74 86 53 41 40 43 47 51 33 50 38 43 43 33 ' ,'0 0 0 0 0 0 0 0 0 0 0 0 0 0 0 0 ' ,762 ,1 ,13, 1
779 ,832, 551, '112 87 79 83 41 43 46 48 45 53 36 46 56 59 44 43 ' ,'0 0 0 0 0 0 0 0 0 0 0 0 0 0 0 0 ' ,494 ,1 ,3, 0
135 ,764, 111, '71 85 93 83 44 57 47 46 48 65 28 44 49 51 47 80 ' ,'0 0 0 0 0 0 0 0 0 0 0 0 0 0 0 0 ' ,62 ,1 ,5, 0
463 ,118, 441, '72 93 81 102 46 42 54 53 52 46 77 47 50 54 56 46 ' ,'0 0 0 0 0 0 0 0 0 0 0 0 0 0 0 0 ' ,378 ,1 ,5, 0
608 ,448, 584, '93 98 105 98 48 48 48 49 56 43 76 38 46 54 54 56 ' ,'0 0 0 0 0 0 0 0 0 0 0 0 0 0 0 0 ' ,528 ,1 ,9, 1
1038 ,599, 1014, '119 103 77 94 50 42 60 53 49 48 49 41 52 52 56 62 ' ,'0 0 0 0 0 0 0 0 0 0 0 0 0 0 0 0 ' ,962 ,1 ,1, 0
1110 ,1028, 949, '93 79 99 104 45 25 54 50 40 58 59 50 37 48 29 59 ' ,'0 0 0 0 0 0 0 0 0 0 0 0 0 0 0 0 ' ,908 ,1 ,8, 1
1518 ,1136, 1483, '120 80 103 104 43 43 68 52 50 51 69 58 58 51 52 49 ' ,'0 0 0 0 0 0 0 0 0 0 0 0 0 0 0 0 ' ,1435 ,1 ,2, 0
133 ,1504, 112, '93 96 102 94 47 48 52 53 52 61 44 47 46 57 43 60 ' ,'0 0 0 0 0 0 0 0 0 0 0 0 0 0 0 0 ' ,59 ,1 ,3, 1
138 ,146, 116, '92 96 107 72 45 53 52 48 50 44 56 48 43 59 46 45 ' ,'0 0 0 0 0 0 0 0 0 0 0 0 0 0 0 0 ' ,65 ,1 ,1, 0
126 ,129, 107, '98 89 89 92 47 50 44 47 46 49 48 45 49 39 49 48 ' ,'0 0 0 0 0 0 0 0 0 0 0 0 0 0 0 0 ' ,58 ,1 ,2, 1
133 ,118, 111, '101 86 95 91 50 48 58 42 51 40 51 45 52 59 40 45 ' ,'0 0 0 0 0 0 0 0 0 0 0 0 0 0 0 0 ' ,62 ,1 ,1, 1
122 ,124, 103, '81 76 80 93 52 25 28 40 47 49 31 43 39 44 34 59 ' ,'0 0 0 0 0 0 0 0 0 0 0 0 0 0 0 0 ' ,69 ,0 ,3, 0
117 ,112, 98, '84 84 84 81 49 42 41 44 37 44 49 44 30 43 52 41 ' ,'0 0 0 0 0 0 0 0 0 0 0 0 0 0 0 0 ' ,53 ,1 ,4, 1
116 ,107, 99, '80 90 87 88 49 43 42 36 41 44 46 40 43 45 51 51 ' ,'0 0 0 0 0 0 0 0 0 0 0 0 0 0 0 0 ' ,49 ,1 ,3, 0
131 ,116, 112, '66 77 84 103 44 46 50 38 44 46 46 45 48 58 77 38 ' ,'0 0 0 0 0 0 0 0 0 0 0 0 0 0 0 0 ' ,67 ,1 ,2, 0
139 ,122, 117, '83 98 107 93 44 45 44 59 44 45 48 49 51 48 52 45 ' ,'0 0 0 0 0 0 0 0 0 0 0 0 0 0 0 0 ' ,66 ,0 ,2, 1
133 ,130, 112, '96 95 94 102 55 51 55 39 49 53 49 44 55 40 48 46 ' ,'0 0 0 0 0 0 0 0 0 0 0 0 0 0 0 0 ' ,62 ,1 ,2, 1
148 ,124, 121, '90 105 98 86 68 50 55 52 32 49 49 46 50 54 53 58 ' ,'0 0 0 0 0 0 0 0 0 0 0 0 0 0 0 0 ' ,58 ,1 ,8, 0
148 ,136, 128, '93 105 103 113 48 50 67 55 56 47 58 50 51 63 52 49 ' ,'0 0 0 0 0 0 0 0 0 0 0 0 0 0 0 0 ' ,71 ,2 ,4, 0
163 ,135, 144, '98 106 95 106 53 39 56 50 42 53 43 30 60 67 51 50 ' ,'0 0 0 0 0 0 0 0 0 0 0 0 0 0 0 0 ' ,78 ,1 ,31, 0
1083 ,151, 53, '108 115 100 102 47 44 53 47 52 58 44 42 51 37 48 65 ' ,'0 0 0 0 0 0 0 0 0 0 0 0 0 0 0 0 ' ,1007 ,1 ,5, 1
1395 ,1391, 1375, '81 106 89 99 52 46 49 43 47 54 43 38 45 45 50 75 ' ,'0 0 0 0 0 0 0 0 0 0 0 0 0 0 0 0 ' ,1325 ,1 ,3, 0
113 ,1420, 95, '76 78 79 88 44 45 45 53 46 40 43 41 43 44 43 73 ' ,'0 0 0 0 0 0 0 0 0 0 0 0 0 0 0 0 ' ,48 ,1 ,2, 1
716 ,110, 694, '94 84 92 81 43 53 40 41 39 42 42 36 42 34 40 62 ' ,'0 0 0 0 0 0 0 0 0 0 0 0 0 0 0 0 ' ,643 ,1 ,1, 0
163 ,710, 97, '84 90 86 87 40 38 57 46 42 29 41 43 47 46 45 70 ' ,'0 0 0 0 0 0 0 0 0 0 0 0 0 0 0 0 ' ,105 ,1 ,1, 1
1998 ,160, 1548, '86 87 92 87 45 33 47 49 44 42 59 46 49 45 48 58 ' ,'0 0 0 0 0 0 0 0 0 0 0 0 0 0 0 0 ' ,1511 ,1 ,2, 1
1055 ,1568, 1026, '97 80 85 61 48 41 43 29 44 39 58 28 47 42 34 47 ' ,'0 0 0 0 0 0 0 0 0 0 0 0 0 0 0 0 ' ,985 ,1 ,4, 0
164 ,1040, 138, '67 84 76 78 47 39 54 45 39 46 39 42 35 41 30 42 ' ,'0 0 0 0 0 0 0 0 0 0 0 0 0 0 0 0 ' ,95 ,1 ,3, 1
694 ,157, 671, '80 91 84 80 36 39 42 39 38 34 72 40 45 44 33 43 ' ,'0 0 0 0 0 0 0 0 0 0 0 0 0 0 0 0 ' ,625 ,0 ,3, 1
868 ,1098, 844, '134 88 98 100 45 46 63 61 42 43 50 54 48 61 36 48 ' ,'0 0 0 0 0 0 0 0 0 0 0 0 0 0 0 0 ' ,790 ,1 ,7, 1
463 ,1390, 437, '97 99 100 107 58 49 50 53 52 45 87 47 51 60 47 50 ' ,'0 0 0 0 0 0 0 0 0 0 0 0 0 0 0 0 ' ,351 ,0 ,34, 1
142 ,629, 116, '92 105 84 96 61 50 67 43 66 57 54 57 51 57 53 93 ' ,'0 0 0 0 0 0 0 0 0 0 0 0 0 0 0 0 ' ,63 ,1 ,4, 1
1143 ,160, 1116, '100 116 101 105 61 40 47 52 56 50 50 47 58 60 51 82 ' ,'0 0 0 0 0 0 0 0 0 0 0 0 0 0 0 0 ' ,1056 ,1 ,8, 1
156 ,1127, 135, '99 86 104 98 42 43 50 47 50 36 42 49 49 56 46 66 ' ,'0 0 0 0 0 0 0 0 0 0 0 0 0 0 0 0 ' ,72 ,1 ,16, 1
484 ,164, 457, '96 86 88 94 36 32 43 46 48 41 29 46 54 47 55 39 ' ,'0 0 0 0 0 0 0 0 0 0 0 0 0 0 0 0 ' ,407 ,1 ,3, 1
126 ,678, 101, '70 78 86 86 45 64 46 50 42 40 52 46 38 48 48 42 ' ,'0 0 0 0 0 0 0 0 0 0 0 0 0 0 0 0 ' ,52 ,1 ,4, 0
833 ,121, 810, '57 107 64 87 32 69 47 38 50 40 37 49 40 41 51 37 ' ,'0 0 0 0 0 0 0 0 0 0 0 0 0 0 0 0 ' ,768 ,1 ,2, 0
663 ,828, 642, '83 85 95 96 45 70 44 43 41 47 39 42 36 33 37 50 ' ,'0 0 0 0 0 0 0 0 0 0 0 0 0 0 0 0 ' ,601 ,1 ,2, 0
885 ,688, 864, '79 81 83 89 53 76 43 42 43 43 37 37 48 40 31 49 ' ,'0 0 0 0 0 0 0 0 0 0 0 0 0 0 0 0 ' ,819 ,1 ,3, 1
499 ,1078, 467, '93 92 80 80 40 44 44 30 21 51 82 27 43 51 48 57 ' ,'0 0 0 0 0 0 0 0 0 0 0 0 0 0 0 0 ' ,440 ,1 ,2, 1
195 ,1094, 161, '137 98 95 81 37 51 53 46 60 50 44 56 54 58 52 46 ' ,'0 0 0 0 0 0 0 0 0 0 0 0 0 0 0 0 ' ,112 ,1 ,8, 1
856 ,181, 828, '93 105 106 98 84 86 54 53 53 46 91 59 52 50 50 52 ' ,'0 0 0 0 0 0 0 0 0 0 0 0 0 0 0 0 ' ,769 ,28 ,4, 1
531 ,845, 506, '125 106 107 99 49 49 66 50 54 38 83 48 45 57 57 52 ' ,'0 0 0 0 0 0 0 0 0 139 0 0 0 0 0 0 ' ,450 ,1 ,4, 0
1212 ,2090, 810, '87 93 84 71 45 61 37 24 49 42 26 38 45 50 64 34 ' ,'0 0 0 0 0 0 0 0 0 0 0 0 0 0 0 0 ' ,739 ,1 ,41, 0
1695 ,837, 1664, '105 92 86 69 41 31 48 47 49 49 70 48 49 53 42 83 ' ,'0 0 0 0 0 0 0 0 0 0 0 0 0 0 0 0 ' ,1350 ,0 ,271, 0
433 ,1852, 411, '77 78 91 94 52 34 43 44 49 37 46 35 43 46 45 72 ' ,'0 0 0 0 0 0 0 0 0 0 0 0 0 0 0 0 ' ,365 ,1 ,5, 0
179 ,424, 162, '139 85 75 80 53 42 46 51 42 46 32 47 39 51 47 49 ' ,'0 0 0 0 0 0 0 0 0 0 0 0 0 0 0 0 ' ,114 ,0 ,6, 1
867 ,576, 851, '65 83 87 97 37 29 39 46 47 42 42 35 40 28 45 61 ' ,'0 0 0 0 0 0 0 0 0 0 0 0 0 0 134 0 ' ,771 ,0 ,42, 1
1318 ,1039, 1075, '117 84 79 67 44 40 61 45 46 37 37 51 37 49 40 43 ' ,'0 0 0 0 0 0 0 0 0 0 0 0 0 0 0 0 ' ,1252 ,1 ,5, 0
1403 ,2131, 1377, '69 96 75 92 45 46 40 52 57 49 44 44 51 52 31 38 ' ,'0 0 0 0 0 0 0 0 0 0 0 0 0 0 0 0 ' ,1330 ,0 ,6, 1
887 ,2147, 862, '89 102 98 92 55 62 46 41 62 54 91 48 51 49 59 34 ' ,'0 0 0 0 0 0 0 0 0 0 0 0 0 0 0 0 ' ,792 ,1 ,18, 1
457 ,1514, 424, '122 112 110 101 61 49 52 55 53 68 78 42 53 65 61 62 ' ,'0 0 0 0 0 0 0 0 0 0 0 0 0 0 0 0 ' ,368 ,1 ,5, 0
1116 ,635, 1092, '119 105 110 110 73 54 53 55 61 67 51 52 54 61 60 52 ' ,'0 0 0 0 0 0 0 0 0 0 0 0 0 0 0 0 ' ,1025 ,1 ,8, 1
1725 ,1103, 1699, '101 58 100 91 42 41 60 47 42 48 51 51 52 45 43 82 ' ,'0 0 0 0 0 0 0 0 0 0 0 0 0 0 0 0 ' ,665 ,1 ,974, 1
603 ,2032, 573, '81 67 70 69 47 83 40 40 48 45 62 48 33 59 38 51 ' ,'0 0 0 0 0 0 0 0 0 0 0 0 0 0 0 0 ' ,504 ,1 ,33, 0
486 ,1310, 455, '77 83 84 90 51 37 18 45 43 47 69 42 34 48 45 43 ' ,'0 0 0 0 0 0 0 0 0 0 0 0 0 0 0 0 ' ,431 ,1 ,4, 0
