10564 ,0, 89, '22 21 22 21 16 23 20 20 ' ,'0 0 0 0 0 0 0 0 ' ,74 ,10 ,6, 6
264 ,1348, 240, '14 176 19 23 12 16 18 13 ' ,'0 0 0 0 0 0 0 0 ' ,170 ,2 ,45, 2
302 ,336, 280, '190 176 195 186 253 155 173 146 ' ,'0 0 0 0 0 0 0 0 ' ,112 ,1 ,11, 2
212 ,291, 180, '156 117 123 117 79 70 78 74 ' ,'0 0 0 0 0 0 0 0 ' ,96 ,1 ,9, 3
187 ,389, 154, '121 103 114 126 88 85 84 92 ' ,'0 0 0 0 0 0 0 0 ' ,56 ,2 ,8, 3
692 ,249, 425, '132 127 128 133 86 105 74 89 ' ,'0 0 0 0 0 0 0 0 ' ,562 ,1 ,8, 3
235 ,665, 202, '135 135 120 148 105 91 101 78 ' ,'0 0 0 0 0 0 0 0 ' ,97 ,1 ,10, 2
207 ,217, 180, '134 160 134 128 97 118 90 78 ' ,'0 0 0 0 0 0 0 0 ' ,84 ,2 ,7, 1
186 ,193, 160, '146 120 131 119 90 91 94 85 ' ,'0 0 0 0 0 0 0 0 ' ,58 ,1 ,1, 1
209 ,171, 181, '166 145 131 138 102 73 93 99 ' ,'0 0 0 0 0 0 0 0 ' ,99 ,1 ,5, 1
218 ,194, 187, '141 163 140 136 100 88 83 86 ' ,'0 0 0 0 0 0 0 0 ' ,87 ,1 ,10, 1
369 ,260, 116, '143 134 136 150 94 81 83 90 ' ,'0 0 0 0 0 0 0 0 ' ,247 ,1 ,9, 1
219 ,554, 194, '114 137 136 111 92 85 74 74 ' ,'0 0 0 0 0 0 0 0 ' ,109 ,2 ,2, 1
176 ,405, 145, '126 131 132 100 92 86 92 82 ' ,'0 0 0 0 0 0 0 0 ' ,54 ,1 ,1, 1
173 ,159, 149, '128 120 120 119 85 98 83 96 ' ,'0 0 0 0 0 0 0 0 ' ,50 ,2 ,5, 0
777 ,362, 759, '141 135 123 116 70 83 81 92 ' ,'0 0 0 0 0 0 0 0 ' ,599 ,2 ,82, 0
189 ,768, 172, '154 124 135 118 85 119 111 95 ' ,'0 0 0 0 0 0 0 0 ' ,73 ,3 ,2, 1
169 ,182, 145, '121 110 123 131 72 68 86 65 ' ,'0 0 0 0 0 0 0 0 ' ,68 ,2 ,2, 1
167 ,358, 152, '137 111 123 111 89 69 82 79 ' ,'0 0 0 0 0 0 0 0 ' ,70 ,2 ,4, 1
162 ,190, 145, '115 114 106 129 84 85 82 82 ' ,'0 0 0 0 0 0 0 0 ' ,51 ,1 ,5, 1
852 ,156, 835, '114 120 118 111 91 80 84 78 ' ,'0 0 0 0 0 0 0 0 ' ,737 ,2 ,6, 1
864 ,900, 841, '89 104 109 95 91 70 78 97 ' ,'0 0 0 0 0 0 0 0 ' ,757 ,2 ,2, 1
639 ,851, 341, '117 108 129 115 81 79 99 77 ' ,'0 0 0 0 0 0 0 0 ' ,245 ,1 ,7, 0
190 ,354, 168, '129 134 121 123 132 86 87 96 ' ,'0 0 0 0 0 0 0 0 ' ,68 ,2 ,6, 0
189 ,377, 168, '151 130 149 132 96 142 80 79 ' ,'0 0 0 0 0 0 0 0 ' ,74 ,2 ,5, 1
485 ,211, 461, '142 122 133 142 92 94 96 92 ' ,'0 0 0 0 0 0 0 0 ' ,352 ,2 ,4, 1
185 ,474, 165, '142 144 133 138 106 108 93 96 ' ,'0 0 0 0 0 0 0 0 ' ,54 ,2 ,3, 1
743 ,176, 722, '135 164 130 145 100 101 95 105 ' ,'0 0 0 0 0 0 0 0 ' ,615 ,2 ,2, 1
508 ,731, 490, '128 118 128 141 91 144 100 101 ' ,'0 0 0 0 0 0 0 0 ' ,377 ,2 ,6, 1
193 ,499, 172, '95 151 136 136 99 76 87 102 ' ,'0 0 0 0 0 0 0 0 ' ,80 ,2 ,4, 0
1428 ,180, 1407, '118 115 124 133 106 111 104 99 ' ,'0 0 0 0 0 0 0 0 ' ,1292 ,1 ,2, 1
751 ,1417, 727, '140 126 105 125 115 94 78 61 ' ,'0 0 0 0 0 0 0 0 ' ,653 ,1 ,3, 1
490 ,732, 460, '121 115 125 131 113 85 79 93 ' ,'0 0 0 0 0 0 0 0 ' ,371 ,1 ,1, 1
518 ,1079, 494, '149 129 135 123 96 90 80 92 ' ,'0 0 0 0 0 0 0 0 ' ,403 ,1 ,2, 0
486 ,525, 462, '165 118 108 119 101 76 78 90 ' ,'0 0 0 0 0 0 0 0 ' ,374 ,1 ,0, 0
515 ,472, 493, '124 126 114 104 93 77 90 84 ' ,'0 0 0 0 0 0 0 0 ' ,403 ,1 ,3, 0
1309 ,1069, 140, '122 91 110 120 89 84 96 72 ' ,'0 0 0 0 0 0 0 0 ' ,56 ,0 ,3, 1
1250 ,171, 1227, '124 117 121 123 98 91 83 92 ' ,'0 0 0 0 0 0 0 0 ' ,1133 ,0 ,3, 0
1468 ,1237, 1444, '144 110 130 131 91 89 86 81 ' ,'0 0 0 0 0 0 0 0 ' ,65 ,1 ,1290, 2
715 ,1454, 146, '137 136 133 142 98 86 89 96 ' ,'0 0 0 0 0 0 0 0 ' ,585 ,1 ,3, 1
1781 ,702, 1652, '144 142 138 133 105 69 91 100 ' ,'0 0 0 0 0 0 0 0 ' ,1676 ,1 ,4, 2
1956 ,1767, 1920, '144 129 136 140 128 93 96 94 ' ,'0 0 0 0 0 0 0 0 ' ,1819 ,1 ,4, 1
2922 ,1935, 2093, '132 130 139 146 87 91 93 105 ' ,'0 0 0 0 0 0 0 0 ' ,2792 ,1 ,3, 1
295 ,2973, 272, '110 94 102 111 77 69 97 56 ' ,'0 0 0 0 0 0 0 0 ' ,148 ,1 ,62, 1
654 ,287, 332, '121 126 113 121 91 82 85 72 ' ,'0 0 0 0 0 0 0 0 ' ,540 ,1 ,5, 1
1227 ,2729, 350, '125 128 108 89 82 78 48 93 ' ,'0 0 0 0 0 0 0 0 ' ,286 ,1 ,5, 1
509 ,1235, 483, '79 138 123 116 88 80 77 74 ' ,'0 0 0 0 0 0 0 0 ' ,384 ,1 ,21, 1
969 ,545, 720, '117 125 131 122 71 91 85 88 ' ,'0 0 0 0 0 0 0 0 ' ,865 ,1 ,4, 1
603 ,957, 536, '127 158 139 132 112 98 84 94 ' ,'0 0 0 0 0 0 0 0 ' ,488 ,1 ,3, 1
205 ,593, 179, '101 117 155 143 123 89 79 89 ' ,'0 0 0 0 0 0 0 0 ' ,84 ,1 ,16, 0
187 ,201, 168, '133 139 157 146 108 105 101 87 ' ,'0 0 0 0 0 0 0 0 ' ,72 ,1 ,4, 1
178 ,178, 157, '135 125 146 107 97 92 92 96 ' ,'0 0 0 0 0 0 0 0 ' ,59 ,1 ,3, 0
181 ,169, 161, '149 129 150 116 83 90 87 96 ' ,'0 0 0 0 0 0 0 0 ' ,67 ,1 ,2, 0
184 ,171, 163, '121 122 127 113 100 82 103 86 ' ,'0 0 0 0 0 0 0 0 ' ,49 ,1 ,27, 0
170 ,168, 145, '118 115 134 123 80 61 71 82 ' ,'0 0 0 0 0 0 0 0 ' ,76 ,1 ,3, 1
154 ,155, 133, '121 127 120 118 104 82 82 88 ' ,'0 0 0 0 0 0 0 0 ' ,46 ,1 ,1, 0
163 ,145, 145, '137 126 112 120 72 82 86 78 ' ,'0 0 0 0 0 0 0 0 ' ,63 ,1 ,2, 1
156 ,153, 134, '120 109 122 126 94 86 76 82 ' ,'0 0 0 0 0 0 0 0 ' ,50 ,1 ,1, 0
151 ,146, 130, '122 120 122 121 80 84 77 84 ' ,'0 0 0 0 0 0 0 0 ' ,49 ,1 ,2, 0
152 ,145, 133, '124 112 117 120 78 86 88 97 ' ,'0 0 0 0 0 0 0 0 ' ,47 ,1 ,2, 0
170 ,141, 150, '130 130 137 134 83 66 75 98 ' ,'0 0 0 0 0 0 0 0 ' ,76 ,1 ,3, 1
155 ,161, 130, '120 109 106 111 93 89 83 77 ' ,'0 0 0 0 0 0 0 0 ' ,45 ,2 ,2, 1
179 ,142, 158, '122 121 141 124 91 86 90 86 ' ,'0 0 0 0 0 0 0 0 ' ,66 ,1 ,2, 1
232 ,168, 212, '198 108 142 124 82 85 89 88 ' ,'0 0 0 0 0 0 0 0 ' ,116 ,1 ,2, 1
513 ,221, 491, '130 123 139 137 107 86 86 101 ' ,'0 0 0 0 0 0 0 0 ' ,395 ,1 ,1, 0
630 ,499, 602, '143 149 137 151 126 99 91 95 ' ,'0 0 0 0 0 0 0 0 ' ,456 ,1 ,43, 0
711 ,1067, 681, '137 128 119 105 91 77 95 93 ' ,'0 0 0 0 0 0 0 0 ' ,580 ,1 ,20, 1
182 ,734, 154, '131 121 128 138 111 86 85 84 ' ,'0 0 0 0 0 0 0 0 ' ,58 ,2 ,2, 0
612 ,161, 590, '149 113 126 124 81 73 87 65 ' ,'0 0 0 0 0 0 0 0 ' ,508 ,1 ,2, 0
754 ,600, 733, '102 121 120 124 72 80 82 67 ' ,'0 0 0 0 0 0 0 0 ' ,643 ,1 ,2, 1
754 ,740, 726, '108 114 105 109 66 77 79 80 ' ,'0 0 0 0 0 0 0 0 ' ,630 ,1 ,10, 1
196 ,936, 177, '103 97 120 116 83 80 71 86 ' ,'0 0 0 0 0 0 0 0 ' ,93 ,1 ,6, 1
618 ,184, 600, '107 116 125 118 91 88 85 90 ' ,'0 0 0 0 0 0 0 0 ' ,46 ,1 ,463, 0
998 ,608, 972, '110 123 130 124 95 120 79 96 ' ,'0 0 0 0 0 0 0 0 ' ,306 ,1 ,576, 0
2793 ,979, 2778, '110 106 119 99 77 79 76 96 ' ,'0 0 0 0 0 0 0 0 ' ,982 ,0 ,1711, 1
787 ,2784, 763, '130 123 127 128 79 111 95 99 ' ,'0 0 0 0 0 0 0 0 ' ,429 ,1 ,246, 1
2427 ,796, 2400, '139 147 135 134 96 102 97 85 ' ,'0 0 0 0 0 0 0 0 ' ,2282 ,1 ,28, 1
224 ,2600, 204, '121 149 117 108 104 37 103 91 ' ,'0 0 0 0 0 0 0 0 ' ,105 ,1 ,48, 1
188 ,218, 167, '148 149 142 145 112 103 98 98 ' ,'0 0 0 0 0 0 0 0 ' ,60 ,1 ,4, 1
1701 ,178, 1679, '209 119 137 158 111 96 92 83 ' ,'0 0 0 0 0 0 0 0 ' ,1584 ,1 ,7, 1
515 ,2095, 492, '127 125 131 121 82 67 86 91 ' ,'0 0 0 0 0 0 0 0 ' ,413 ,1 ,4, 1
979 ,2106, 956, '124 131 123 118 87 109 87 83 ' ,'0 0 0 0 0 0 0 0 ' ,858 ,1 ,8, 0
1723 ,1163, 1699, '109 116 110 121 80 96 69 68 ' ,'0 0 0 0 0 0 0 0 ' ,1621 ,5 ,4, 1
169 ,1710, 148, '124 125 131 121 79 79 83 84 ' ,'0 0 0 0 0 0 0 0 ' ,59 ,1 ,3, 1
386 ,159, 360, '107 117 114 122 99 75 104 78 ' ,'0 0 0 0 0 0 0 0 ' ,273 ,1 ,4, 1
199 ,572, 173, '147 117 109 112 102 70 71 81 ' ,'0 0 0 0 0 0 0 0 ' ,94 ,1 ,4, 1
486 ,188, 118, '127 108 104 110 79 85 65 81 ' ,'0 0 0 0 0 0 0 0 ' ,388 ,1 ,3, 0
943 ,479, 914, '120 120 119 118 100 91 87 80 ' ,'0 0 0 0 0 0 0 0 ' ,827 ,1 ,5, 1
295 ,929, 274, '145 133 136 131 87 88 94 92 ' ,'0 0 0 0 0 0 0 0 ' ,173 ,1 ,5, 1
483 ,486, 461, '135 149 156 136 106 136 97 95 ' ,'0 0 0 0 0 0 0 0 ' ,357 ,1 ,3, 1
3718 ,478, 3692, '153 139 149 116 94 103 99 100 ' ,'0 0 0 0 0 0 0 0 ' ,998 ,1 ,2587, 1
1122 ,3704, 749, '139 132 80 117 73 80 67 61 ' ,'0 0 0 0 0 0 0 0 ' ,982 ,1 ,49, 1
580 ,1487, 556, '116 120 116 113 84 106 87 97 ' ,'0 0 0 0 0 0 0 0 ' ,461 ,1 ,5, 1
161 ,590, 145, '119 95 125 132 88 68 78 95 ' ,'0 0 0 0 0 0 0 0 ' ,57 ,1 ,6, 1
170 ,499, 152, '120 106 109 119 77 138 85 77 ' ,'0 0 0 0 0 0 0 0 ' ,65 ,1 ,6, 1
582 ,1065, 560, '143 104 114 112 76 107 78 85 ' ,'0 0 0 0 0 0 0 0 ' ,438 ,1 ,41, 1
182 ,568, 159, '136 130 120 132 115 82 95 85 ' ,'0 0 0 0 0 0 0 0 ' ,64 ,1 ,6, 1
529 ,175, 502, '127 116 143 132 87 89 94 92 ' ,'0 0 0 0 0 0 0 0 ' ,403 ,1 ,4, 0
491 ,516, 470, '136 166 138 154 91 97 96 93 ' ,'0 0 0 0 0 0 0 0 ' ,359 ,1 ,9, 0
194 ,680, 169, '146 140 146 152 80 99 125 121 ' ,'0 0 0 0 0 0 0 0 ' ,75 ,0 ,4, 0
197 ,182, 170, '153 144 138 155 128 99 101 97 ' ,'0 0 0 0 0 0 0 0 ' ,67 ,1 ,1, 1
345 ,184, 312, '129 133 143 128 119 94 105 109 ' ,'0 0 0 0 0 0 0 0 ' ,203 ,1 ,5, 1
498 ,328, 469, '100 140 149 126 65 84 100 98 ' ,'0 0 0 0 0 0 0 0 ' ,387 ,1 ,4, 0
1162 ,481, 1139, '121 141 129 130 91 100 88 103 ' ,'0 0 0 0 0 0 0 0 ' ,1038 ,1 ,7, 1
214 ,1799, 183, '144 120 127 114 94 89 84 99 ' ,'0 0 0 0 0 0 0 0 ' ,89 ,1 ,1, 1
492 ,454, 465, '108 115 122 125 130 85 85 85 ' ,'0 0 0 0 0 0 0 0 ' ,373 ,1 ,4, 0
160 ,479, 130, '118 120 119 119 87 80 81 77 ' ,'0 0 0 0 0 0 0 0 ' ,42 ,1 ,3, 0
167 ,147, 142, '131 120 125 129 88 76 82 91 ' ,'0 0 0 0 0 0 0 0 ' ,57 ,1 ,8, 0
179 ,152, 154, '130 121 114 144 88 79 86 94 ' ,'0 0 0 0 0 0 0 0 ' ,68 ,1 ,5, 0
176 ,200, 145, '134 127 121 132 83 91 107 83 ' ,'0 0 0 0 0 0 0 0 ' ,51 ,1 ,4, 1
177 ,157, 153, '118 134 145 123 110 98 97 90 ' ,'0 0 0 0 0 0 0 0 ' ,55 ,2 ,4, 0
186 ,166, 159, '131 137 138 148 84 95 90 80 ' ,'0 0 0 0 0 0 0 0 ' ,69 ,1 ,6, 0
190 ,170, 163, '148 139 138 129 93 91 115 97 ' ,'0 0 0 0 0 0 0 0 ' ,59 ,1 ,6, 1
185 ,174, 159, '149 147 149 149 116 104 102 108 ' ,'0 0 0 0 0 0 0 0 ' ,49 ,1 ,4, 0
215 ,169, 193, '133 175 158 160 94 81 108 109 ' ,'0 0 0 0 0 0 0 0 ' ,99 ,2 ,6, 1
182 ,200, 158, '133 143 147 146 97 93 103 101 ' ,'0 0 0 0 0 0 0 0 ' ,55 ,1 ,6, 0
187 ,168, 163, '126 131 131 151 132 91 82 91 ' ,'0 0 0 0 0 0 0 0 ' ,71 ,1 ,4, 0
176 ,173, 149, '117 137 134 113 84 82 82 94 ' ,'0 0 0 0 0 0 0 0 ' ,58 ,1 ,8, 0
183 ,159, 160, '117 146 111 110 81 69 69 82 ' ,'0 0 0 0 0 0 0 0 ' ,79 ,1 ,1, 0
1121 ,166, 1095, '118 152 127 132 118 85 91 87 ' ,'0 0 0 0 0 0 0 0 ' ,994 ,2 ,6, 1
1057 ,1108, 1030, '125 152 132 134 82 83 79 90 ' ,'0 0 0 0 0 0 0 0 ' ,942 ,1 ,4, 0
195 ,1296, 169, '98 117 133 140 119 107 90 93 ' ,'0 0 0 0 0 0 0 0 ' ,52 ,1 ,21, 0
1765 ,427, 1738, '127 142 133 141 95 121 101 80 ' ,'0 0 0 0 0 0 0 0 ' ,1648 ,1 ,5, 1
2023 ,1754, 2004, '160 144 154 144 88 94 92 97 ' ,'0 0 0 0 0 0 0 0 ' ,1904 ,1 ,6, 1
182 ,2466, 157, '144 139 143 133 101 121 96 94 ' ,'0 0 0 0 0 0 0 0 ' ,53 ,1 ,5, 1
185 ,354, 160, '132 136 135 145 119 88 93 102 ' ,'0 0 0 0 0 0 0 0 ' ,58 ,1 ,5, 1
185 ,172, 155, '122 127 135 120 122 86 90 88 ' ,'0 0 0 0 0 0 0 0 ' ,51 ,1 ,11, 0
173 ,366, 140, '119 122 121 119 97 80 83 88 ' ,'0 0 0 0 0 0 0 0 ' ,43 ,1 ,10, 0
2358 ,154, 2331, '116 118 109 126 121 125 74 90 ' ,'0 0 0 0 0 0 0 0 ' ,2222 ,1 ,13, 1
378 ,2540, 342, '123 110 137 132 146 69 89 70 ' ,'0 0 0 0 0 0 0 0 ' ,242 ,1 ,25, 1
525 ,2057, 501, '142 143 132 131 94 91 91 85 ' ,'0 0 0 0 0 0 0 0 ' ,397 ,1 ,12, 1
404 ,713, 377, '143 128 133 159 119 79 95 92 ' ,'0 0 0 0 0 0 0 0 ' ,278 ,1 ,9, 0
251 ,613, 226, '163 137 145 141 104 98 98 103 ' ,'0 0 0 0 0 0 0 0 ' ,113 ,3 ,6, 1
533 ,444, 510, '144 154 130 163 105 96 98 98 ' ,'0 0 0 0 0 0 0 0 ' ,397 ,0 ,10, 1
1103 ,734, 1075, '144 143 151 149 102 99 98 99 ' ,'0 0 0 0 0 0 0 0 ' ,960 ,1 ,11, 1
259 ,5457, 233, '97 108 146 111 62 76 58 64 ' ,'0 0 0 0 0 0 0 0 ' ,146 ,1 ,17, 1
156 ,275, 132, '115 116 112 116 88 51 72 76 ' ,'0 0 0 0 0 0 0 0 ' ,57 ,1 ,3, 0
937 ,2974, 910, '134 124 142 132 91 87 100 92 ' ,'0 0 0 0 0 0 0 0 ' ,794 ,0 ,18, 0
1204 ,931, 1182, '125 144 147 138 88 84 102 92 ' ,'0 0 0 0 0 0 0 0 ' ,1082 ,1 ,9, 1
647 ,1364, 623, '131 172 135 151 94 102 93 108 ' ,'0 0 0 0 0 0 0 0 ' ,497 ,1 ,22, 2
863 ,1466, 833, '103 107 128 133 92 89 71 97 ' ,'0 0 0 0 0 0 0 0 ' ,706 ,1 ,22, 1
636 ,913, 611, '133 131 130 132 95 85 87 84 ' ,'0 0 0 0 0 0 0 0 ' ,510 ,1 ,13, 1
1921 ,621, 1903, '119 128 150 114 67 83 70 75 ' ,'0 0 0 0 0 0 0 0 ' ,1826 ,1 ,5, 0
431 ,1921, 405, '117 124 98 118 72 134 86 78 ' ,'0 0 0 0 0 0 0 0 ' ,327 ,1 ,5, 1
164 ,654, 148, '111 103 117 134 82 108 86 76 ' ,'0 0 0 0 0 0 0 0 ' ,59 ,1 ,7, 1
716 ,367, 694, '113 114 112 116 76 99 72 83 ' ,'0 0 0 0 0 0 0 0 ' ,612 ,1 ,6, 1
180 ,1118, 151, '136 134 137 120 92 92 107 90 ' ,'0 0 0 0 0 0 0 0 ' ,50 ,1 ,5, 1
178 ,171, 152, '137 126 141 126 103 123 92 105 ' ,'0 0 0 0 0 0 0 0 ' ,52 ,1 ,3, 1
2007 ,579, 1985, '158 137 154 133 114 88 93 97 ' ,'0 0 0 0 0 0 0 0 ' ,1885 ,1 ,4, 1
1155 ,2004, 1133, '116 138 143 135 79 108 98 104 ' ,'0 0 0 0 0 0 0 0 ' ,1037 ,1 ,7, 0
175 ,1441, 155, '136 130 85 117 137 91 44 99 ' ,'0 0 0 0 0 0 0 0 ' ,100 ,1 ,7, 0
183 ,1109, 161, '131 132 123 133 36 89 86 87 ' ,'0 0 0 0 0 0 0 0 ' ,96 ,1 ,14, 2
1402 ,714, 1375, '138 130 134 128 98 101 92 90 ' ,'0 0 0 0 0 0 0 0 ' ,1258 ,1 ,21, 1
219 ,1834, 194, '182 139 125 124 92 73 81 86 ' ,'0 0 0 0 0 0 0 0 ' ,105 ,1 ,6, 1
418 ,215, 142, '117 128 121 130 89 86 88 88 ' ,'0 0 0 0 0 0 0 0 ' ,42 ,0 ,7, 1
167 ,156, 135, '118 108 122 120 102 86 72 89 ' ,'0 0 0 0 0 0 0 0 ' ,53 ,1 ,6, 2
177 ,151, 157, '140 140 141 138 92 95 94 96 ' ,'0 0 0 0 0 0 0 0 ' ,51 ,1 ,8, 1
254 ,168, 154, '130 118 128 139 116 95 94 85 ' ,'0 0 0 0 0 0 0 0 ' ,55 ,0 ,6, 1
191 ,166, 169, '151 131 125 156 94 91 98 84 ' ,'0 0 0 0 0 0 0 0 ' ,73 ,1 ,6, 1
184 ,183, 163, '147 150 146 141 119 108 100 100 ' ,'0 0 0 0 0 0 0 0 ' ,52 ,1 ,6, 1
188 ,177, 168, '155 153 144 156 100 115 99 114 ' ,'0 0 0 0 0 0 0 0 ' ,59 ,1 ,5, 2
223 ,210, 201, '150 152 126 124 176 99 83 94 ' ,'0 0 0 0 0 0 0 0 ' ,105 ,1 ,8, 2
190 ,208, 168, '155 136 149 140 84 73 89 95 ' ,'0 0 0 0 0 0 0 0 ' ,88 ,1 ,6, 1
203 ,188, 178, '166 146 141 157 96 85 97 85 ' ,'0 0 0 0 0 0 0 0 ' ,83 ,1 ,5, 0
187 ,194, 163, '121 121 142 147 111 76 107 101 ' ,'0 0 0 0 0 0 0 0 ' ,73 ,1 ,9, 1
183 ,175, 163, '151 137 142 139 76 83 86 101 ' ,'0 0 0 0 0 0 0 0 ' ,72 ,1 ,4, 1
175 ,180, 150, '134 122 132 130 92 92 89 93 ' ,'0 0 0 0 0 0 0 0 ' ,48 ,1 ,9, 1
182 ,162, 161, '147 132 105 124 86 79 95 90 ' ,'0 0 0 0 0 0 0 0 ' ,71 ,1 ,6, 1
159 ,178, 138, '120 91 124 114 86 73 69 77 ' ,'0 0 0 0 0 0 0 0 ' ,59 ,0 ,6, 0
169 ,379, 145, '116 123 127 130 91 108 77 85 ' ,'0 0 0 0 0 0 0 0 ' ,55 ,1 ,8, 1
170 ,161, 150, '127 127 114 118 86 100 77 93 ' ,'0 0 0 0 0 0 0 0 ' ,62 ,1 ,5, 0
1068 ,172, 1047, '119 117 114 137 77 80 81 91 ' ,'0 0 0 0 0 0 0 0 ' ,961 ,1 ,4, 1
899 ,1066, 880, '136 141 131 120 89 108 96 109 ' ,'0 0 0 0 0 0 0 0 ' ,782 ,1 ,5, 1
603 ,1097, 583, '146 127 156 135 93 110 109 97 ' ,'0 0 0 0 0 0 0 0 ' ,480 ,0 ,5, 1
526 ,628, 492, '109 142 140 144 115 121 93 113 ' ,'0 0 0 0 0 0 0 0 ' ,391 ,2 ,6, 1
494 ,1254, 145, '121 115 134 123 85 78 64 84 ' ,'0 0 0 0 0 0 0 0 ' ,398 ,1 ,4, 0
178 ,786, 150, '123 141 129 122 72 96 87 73 ' ,'0 0 0 0 0 0 0 0 ' ,69 ,1 ,6, 1
1798 ,702, 1773, '130 121 117 108 116 87 76 73 ' ,'0 0 0 0 0 0 0 0 ' ,1691 ,1 ,6, 1
388 ,1792, 361, '121 150 132 120 81 86 86 86 ' ,'0 0 0 0 0 0 0 0 ' ,266 ,1 ,5, 1
2182 ,752, 1829, '116 103 130 104 87 86 76 90 ' ,'0 0 0 0 0 0 0 0 ' ,1745 ,1 ,8, 0
187 ,1851, 165, '112 139 124 115 96 93 80 93 ' ,'0 0 0 0 0 0 0 0 ' ,69 ,1 ,8, 1
503 ,180, 477, '107 122 85 95 53 66 83 86 ' ,'0 0 0 0 0 0 0 0 ' ,410 ,1 ,6, 1
194 ,1171, 130, '108 112 117 114 86 79 78 95 ' ,'0 0 0 0 0 0 0 0 ' ,81 ,1 ,6, 1
473 ,736, 231, '122 114 131 101 82 81 63 80 ' ,'0 0 0 0 0 0 0 0 ' ,374 ,1 ,10, 1
487 ,469, 422, '132 128 124 116 88 84 89 93 ' ,'0 0 0 0 0 0 0 0 ' ,365 ,1 ,8, 0
1882 ,486, 1842, '183 134 140 149 96 96 94 100 ' ,'0 0 0 0 0 0 0 0 ' ,1738 ,1 ,6, 1
521 ,1859, 503, '199 161 158 137 101 102 98 94 ' ,'0 0 0 0 0 0 0 0 ' ,384 ,1 ,6, 1
2147 ,713, 2123, '158 151 146 110 137 83 115 79 ' ,'0 0 0 0 0 0 0 0 ' ,2030 ,0 ,5, 1
529 ,2654, 505, '119 127 123 123 103 102 82 86 ' ,'0 0 0 0 0 0 0 0 ' ,413 ,0 ,6, 1
220 ,727, 197, '105 81 127 128 80 86 80 92 ' ,'0 0 0 0 0 0 0 0 ' ,104 ,1 ,8, 1
1149 ,214, 1125, '145 122 109 125 77 116 85 88 ' ,'0 0 0 0 0 0 0 0 ' ,1029 ,0 ,7, 1
175 ,1140, 154, '116 113 129 119 105 106 83 78 ' ,'0 0 0 0 0 0 0 0 ' ,64 ,1 ,8, 1
2244 ,1151, 167, '128 153 141 114 95 71 91 75 ' ,'0 0 0 0 0 0 0 0 ' ,2108 ,1 ,18, 1
865 ,2271, 842, '138 162 140 141 93 105 104 78 ' ,'0 0 0 0 0 0 0 0 ' ,745 ,1 ,14, 2
918 ,884, 898, '131 148 139 146 101 128 105 104 ' ,'0 0 0 0 0 0 0 0 ' ,770 ,1 ,24, 0
1180 ,908, 1160, '146 146 150 133 100 91 111 101 ' ,'0 0 0 0 0 0 0 0 ' ,1044 ,0 ,6, 1
1598 ,1179, 1566, '132 143 132 122 103 87 101 101 ' ,'0 0 0 0 0 0 0 0 ' ,1454 ,1 ,5, 1
748 ,1581, 726, '131 121 143 134 222 86 92 84 ' ,'0 0 0 0 136 0 0 0 ' ,625 ,1 ,8, 1
190 ,990, 170, '145 112 113 100 104 77 81 60 ' ,'0 0 0 0 0 0 0 0 ' ,96 ,0 ,5, 1
494 ,186, 470, '124 98 125 131 121 84 88 80 ' ,'0 0 0 0 0 0 0 0 ' ,377 ,1 ,7, 0
605 ,486, 578, '128 127 109 122 69 76 59 89 ' ,'0 0 0 0 0 0 0 0 ' ,482 ,0 ,10, 1
171 ,598, 149, '126 118 131 116 101 88 75 86 ' ,'0 0 0 0 0 0 0 0 ' ,58 ,0 ,7, 1
720 ,272, 698, '122 109 112 121 66 56 65 85 ' ,'0 0 0 0 0 0 0 0 ' ,620 ,1 ,9, 1
1013 ,909, 992, '117 108 116 110 65 79 85 80 ' ,'0 0 0 0 0 0 0 0 ' ,906 ,1 ,8, 1
394 ,1212, 365, '119 130 127 118 92 96 70 78 ' ,'0 0 0 0 0 0 0 0 ' ,274 ,1 ,14, 1
532 ,401, 504, '129 141 139 152 105 93 85 93 ' ,'0 0 0 0 0 0 0 0 ' ,410 ,1 ,8, 2
260 ,1185, 185, '138 138 149 147 122 117 92 93 ' ,'0 0 0 0 0 0 0 0 ' ,119 ,15 ,15, 0
972 ,799, 937, '138 137 139 201 95 111 103 112 ' ,'0 0 0 0 0 0 0 0 ' ,823 ,1 ,8, 1
247 ,1526, 223, '160 151 140 160 131 118 99 102 ' ,'0 0 0 0 0 0 0 0 ' ,94 ,1 ,25, 1
199 ,231, 179, '162 125 162 153 104 111 83 107 ' ,'0 0 0 0 0 0 0 0 ' ,84 ,1 ,7, 2
197 ,197, 174, '150 163 130 147 98 118 99 91 ' ,'0 0 0 0 0 0 0 0 ' ,73 ,1 ,5, 1
190 ,188, 165, '147 134 148 134 108 96 95 101 ' ,'0 0 0 0 0 0 0 0 ' ,58 ,1 ,8, 1
179 ,177, 159, '125 130 143 131 87 67 97 91 ' ,'0 0 0 0 0 0 0 0 ' ,79 ,0 ,8, 1
167 ,174, 147, '134 127 130 103 94 71 76 82 ' ,'0 0 0 0 0 0 0 0 ' ,65 ,1 ,7, 1
198 ,164, 178, '129 121 124 122 97 82 95 84 ' ,'0 0 0 0 0 0 0 0 ' ,82 ,33 ,10, 1
185 ,188, 165, '144 118 124 117 140 74 83 81 ' ,'0 0 0 0 0 0 0 0 ' ,76 ,0 ,11, 1
178 ,176, 160, '147 120 110 117 87 81 76 80 ' ,'0 0 0 0 0 0 0 0 ' ,70 ,1 ,6, 1
