39863 ,0, 116, '48 46 34 28 29 27 33 30 45 30 50 31 ' ,'0 0 0 0 0 0 0 0 0 0 0 0 ' ,40 ,6 ,9, 9
23907 ,200, 407, '357 311 282 251 356 417 260 309 285 293 360 331 ' ,'0 0 0 0 0 0 0 0 0 0 0 0 ' ,278 ,3 ,78, 13
925 ,640, 374, '206 188 211 207 203 208 179 208 205 205 230 169 ' ,'0 0 0 0 0 0 0 0 0 0 0 0 ' ,67 ,1 ,126, 3
340 ,631, 318, '231 231 203 226 189 283 220 218 219 273 215 247 ' ,'0 0 0 0 0 0 0 0 0 0 0 0 ' ,95 ,2 ,14, 2
466 ,526, 442, '206 233 211 236 269 217 223 224 226 225 406 220 ' ,'0 0 0 0 0 0 0 0 0 0 0 0 ' ,206 ,2 ,13, 1
1319 ,457, 1288, '234 225 192 230 208 199 213 216 206 201 207 211 ' ,'0 0 0 0 0 0 0 0 0 0 0 0 ' ,992 ,2 ,85, 1
260 ,1295, 229, '201 191 199 176 199 211 170 180 142 185 165 179 ' ,'0 0 0 0 0 0 0 0 0 0 0 0 ' ,75 ,3 ,7, 1
605 ,383, 573, '177 180 190 188 207 204 205 174 183 191 215 168 ' ,'0 0 0 0 0 0 0 0 0 0 0 0 ' ,392 ,2 ,6, 0
301 ,601, 277, '188 169 185 184 190 192 207 185 176 176 199 192 ' ,'0 0 0 0 0 0 0 0 0 0 0 0 ' ,84 ,3 ,10, 1
287 ,357, 262, '231 186 184 169 202 244 172 207 192 238 179 214 ' ,'0 0 0 0 0 0 0 0 0 0 0 0 ' ,74 ,3 ,5, 1
496 ,277, 256, '201 202 190 187 234 229 196 188 184 175 193 199 ' ,'0 0 0 0 0 0 0 0 0 0 0 0 ' ,60 ,4 ,4, 1
832 ,271, 809, '200 201 209 201 201 259 235 207 203 199 209 200 ' ,'0 0 0 0 0 0 0 0 0 0 0 0 ' ,595 ,3 ,5, 1
700 ,818, 676, '199 196 200 185 194 201 210 219 184 206 197 188 ' ,'0 0 0 0 0 0 0 0 0 0 0 0 ' ,457 ,4 ,24, 1
902 ,700, 882, '194 238 203 222 205 213 238 229 207 194 222 207 ' ,'0 0 0 0 0 0 0 0 0 0 0 0 ' ,663 ,4 ,17, 1
653 ,926, 629, '271 273 238 211 236 267 238 223 224 222 246 215 ' ,'0 0 0 0 0 0 0 0 0 0 0 0 ' ,401 ,4 ,5, 1
279 ,641, 256, '223 224 212 227 211 226 233 235 209 223 186 238 ' ,'0 0 0 0 0 0 0 0 0 0 0 0 ' ,47 ,4 ,4, 1
401 ,296, 378, '365 318 230 222 208 342 265 250 217 231 289 285 ' ,'0 0 0 0 0 0 0 0 0 0 0 0 ' ,149 ,2 ,3, 1
633 ,469, 610, '226 245 220 232 265 224 217 208 202 204 240 214 ' ,'0 0 0 0 0 0 0 0 0 0 0 0 ' ,376 ,2 ,25, 1
571 ,709, 342, '212 245 211 218 327 232 193 220 193 197 216 204 ' ,'0 0 0 0 0 0 0 0 0 0 0 0 ' ,134 ,1 ,3, 1
1008 ,356, 985, '190 208 202 203 241 206 240 209 199 237 214 227 ' ,'0 0 0 0 0 0 0 0 0 0 0 0 ' ,744 ,2 ,44, 1
573 ,994, 547, '196 206 213 196 200 195 227 209 194 245 196 193 ' ,'0 0 0 0 0 0 0 0 0 0 0 0 ' ,340 ,2 ,1, 1
626 ,559, 603, '198 197 194 192 236 207 204 196 214 192 193 167 ' ,'0 0 0 0 0 0 0 0 0 0 0 0 ' ,401 ,1 ,2, 1
571 ,613, 549, '182 192 206 201 200 171 253 184 193 184 183 198 ' ,'0 0 0 0 0 0 0 0 0 0 0 0 ' ,361 ,2 ,3, 1
480 ,563, 246, '206 188 209 193 203 206 232 195 192 173 188 197 ' ,'0 0 0 0 0 0 0 0 0 0 0 0 ' ,59 ,2 ,3, 1
282 ,454, 259, '185 221 194 200 178 208 196 183 173 231 199 187 ' ,'0 0 0 0 0 0 0 0 0 0 0 0 ' ,67 ,2 ,9, 1
686 ,467, 667, '202 217 194 208 184 203 185 195 165 209 188 192 ' ,'0 0 0 0 0 0 0 0 0 0 0 0 ' ,489 ,2 ,3, 0
600 ,678, 578, '180 211 180 194 209 196 228 203 189 221 198 229 ' ,'0 0 0 0 0 0 0 0 0 0 0 0 ' ,375 ,2 ,2, 1
741 ,589, 437, '190 191 191 188 195 215 206 222 177 184 216 184 ' ,'0 0 0 0 0 0 0 0 0 0 0 0 ' ,237 ,2 ,13, 1
1132 ,445, 1105, '195 214 200 190 244 201 193 218 195 202 246 191 ' ,'0 0 0 0 0 0 0 0 0 0 0 0 ' ,895 ,2 ,10, 0
642 ,1113, 621, '230 224 221 213 236 233 274 240 217 339 268 209 ' ,'0 0 0 0 0 0 0 0 0 0 0 0 ' ,396 ,1 ,7, 1
430 ,689, 409, '246 232 259 223 233 386 222 229 231 208 225 212 ' ,'0 0 0 0 0 0 0 0 0 0 0 0 ' ,184 ,2 ,8, 1
650 ,427, 625, '330 239 235 198 229 236 225 261 228 248 231 237 ' ,'0 0 0 0 0 0 0 0 0 0 0 0 ' ,371 ,2 ,43, 1
581 ,635, 558, '359 222 222 236 202 209 246 215 211 205 203 210 ' ,'0 0 0 0 0 0 0 0 0 0 0 0 ' ,343 ,1 ,4, 1
584 ,573, 565, '230 215 225 219 215 211 215 242 219 214 211 208 ' ,'0 0 0 0 0 0 0 0 0 0 0 0 ' ,344 ,2 ,4, 1
981 ,780, 960, '201 205 197 200 209 325 197 214 212 174 203 194 ' ,'0 0 0 0 0 0 0 0 0 0 0 0 ' ,769 ,2 ,7, 1
249 ,987, 233, '180 179 199 204 189 192 188 194 191 200 206 186 ' ,'0 0 0 0 0 0 0 0 0 0 0 0 ' ,41 ,2 ,3, 1
1005 ,1551, 981, '174 184 182 176 168 262 185 188 193 202 181 166 ' ,'0 0 0 0 0 0 0 0 0 0 0 0 ' ,796 ,2 ,8, 1
255 ,1011, 232, '188 191 206 197 200 196 188 180 186 204 203 179 ' ,'0 0 0 0 0 0 0 0 0 0 0 0 ' ,36 ,2 ,8, 1
606 ,295, 583, '201 205 193 191 205 190 212 187 203 198 195 173 ' ,'0 0 0 0 0 0 0 0 0 0 0 0 ' ,396 ,2 ,5, 1
257 ,599, 236, '173 201 186 196 171 217 183 200 210 166 179 186 ' ,'0 0 0 0 0 0 0 0 0 0 0 0 ' ,46 ,1 ,5, 1
277 ,249, 257, '207 203 193 203 203 193 191 231 209 185 231 202 ' ,'0 0 0 0 0 0 0 0 0 0 0 0 ' ,53 ,1 ,7, 1
302 ,266, 279, '221 225 196 237 251 229 214 239 239 205 209 221 ' ,'0 0 0 0 0 0 0 0 0 0 0 0 ' ,70 ,2 ,6, 2
336 ,311, 318, '238 238 230 210 272 208 213 226 236 218 203 228 ' ,'0 0 0 0 0 0 0 0 0 0 0 0 ' ,83 ,2 ,26, 1
305 ,339, 280, '263 226 229 231 236 238 267 223 246 238 239 227 ' ,'0 0 0 0 0 0 0 0 0 0 0 0 ' ,44 ,2 ,6, 2
327 ,292, 308, '224 294 245 237 269 255 240 232 254 242 233 229 ' ,'0 0 0 0 0 0 0 0 0 0 0 0 ' ,74 ,2 ,6, 1
344 ,316, 321, '230 246 242 233 295 254 223 268 242 227 226 222 ' ,'0 0 0 0 0 0 0 0 0 0 0 0 ' ,84 ,2 ,9, 2
350 ,335, 331, '249 238 220 233 226 224 286 217 240 304 234 234 ' ,'0 0 0 0 0 0 0 0 0 0 0 0 ' ,97 ,1 ,8, 2
304 ,338, 284, '206 236 221 242 261 220 225 210 221 261 238 253 ' ,'0 0 0 0 0 0 0 0 0 0 0 0 ' ,66 ,1 ,5, 1
289 ,295, 268, '204 228 201 210 238 238 219 222 212 208 216 246 ' ,'0 0 0 0 0 0 0 0 0 0 0 0 ' ,50 ,2 ,11, 2
273 ,275, 254, '220 214 232 218 197 222 230 212 232 227 220 239 ' ,'0 0 0 0 0 0 0 0 0 0 0 0 ' ,35 ,1 ,6, 1
291 ,272, 272, '220 228 241 231 230 232 259 234 228 227 214 208 ' ,'0 0 0 0 0 0 0 0 0 0 0 0 ' ,52 ,1 ,6, 1
297 ,288, 279, '205 196 190 195 253 203 223 202 213 218 214 231 ' ,'0 0 0 0 0 0 0 0 0 0 0 0 ' ,78 ,1 ,5, 1
291 ,295, 268, '183 231 183 197 233 199 181 250 209 187 198 196 ' ,'0 0 0 0 0 0 0 0 0 0 0 0 ' ,70 ,1 ,7, 2
757 ,287, 733, '186 165 199 163 204 262 215 208 170 183 174 227 ' ,'0 0 0 0 0 0 0 0 0 0 0 0 ' ,554 ,1 ,7, 0
295 ,745, 276, '174 197 183 186 247 195 178 176 188 195 187 187 ' ,'0 0 0 0 0 0 0 0 0 0 0 0 ' ,78 ,1 ,11, 1
304 ,487, 268, '202 191 161 191 186 179 191 189 182 240 244 202 ' ,'0 0 0 0 0 0 0 0 0 0 0 0 ' ,90 ,1 ,9, 1
1363 ,285, 1340, '181 178 207 177 213 173 200 201 202 209 177 191 ' ,'0 0 0 0 0 0 0 0 0 0 0 0 ' ,1143 ,1 ,10, 2
1887 ,1358, 1869, '198 196 181 205 244 188 233 184 196 192 191 196 ' ,'0 0 0 0 0 0 0 0 0 0 0 0 ' ,1674 ,2 ,7, 1
1292 ,2901, 1269, '216 195 204 211 245 198 233 218 201 228 293 169 ' ,'0 0 0 0 0 0 0 0 0 0 0 0 ' ,1087 ,2 ,7, 2
1030 ,2231, 1013, '197 169 206 216 232 231 231 197 197 206 191 201 ' ,'0 0 0 0 0 0 0 0 0 0 0 0 ' ,816 ,2 ,22, 1
324 ,1058, 302, '233 201 192 216 224 241 159 201 216 206 231 200 ' ,'0 0 0 0 0 0 0 0 0 0 0 0 ' ,102 ,1 ,35, 1
628 ,808, 393, '207 232 201 208 213 271 208 225 214 228 242 216 ' ,'0 0 0 0 0 0 0 0 0 0 0 0 ' ,389 ,1 ,5, 2
656 ,825, 639, '243 236 210 207 267 198 197 215 230 213 296 223 ' ,'0 0 0 0 0 0 0 0 0 0 0 0 ' ,427 ,1 ,9, 2
295 ,650, 270, '211 222 201 221 249 224 217 231 227 234 201 212 ' ,'0 0 0 0 0 0 0 0 0 0 0 0 ' ,57 ,1 ,7, 1
820 ,760, 798, '195 222 178 203 213 218 200 204 202 211 243 227 ' ,'0 0 0 0 0 0 0 0 0 0 0 0 ' ,608 ,1 ,5, 1
605 ,820, 582, '288 201 189 190 179 191 203 192 209 201 214 190 ' ,'0 0 0 0 0 0 0 0 0 0 0 0 ' ,372 ,1 ,11, 1
594 ,593, 573, '211 186 169 188 220 206 158 153 223 192 205 185 ' ,'0 0 0 0 0 0 0 0 0 0 0 0 ' ,405 ,1 ,6, 1
567 ,586, 544, '201 216 200 201 221 206 232 215 213 189 223 233 ' ,'0 0 0 0 0 0 0 0 0 0 0 0 ' ,332 ,1 ,5, 1
571 ,563, 547, '209 233 202 193 184 233 215 188 216 254 212 178 ' ,'0 0 0 0 0 0 0 0 0 0 0 0 ' ,356 ,1 ,5, 1
338 ,767, 315, '225 229 192 202 257 296 220 226 235 193 228 208 ' ,'0 0 0 0 0 0 0 0 0 0 0 0 ' ,110 ,1 ,4, 1
1508 ,334, 1490, '206 244 223 236 218 271 273 242 183 221 231 243 ' ,'0 0 0 0 0 0 0 0 0 0 0 0 ' ,1272 ,1 ,22, 1
1299 ,2788, 1261, '256 247 196 235 264 245 151 147 205 190 202 236 ' ,'0 0 0 0 0 0 0 0 0 0 0 0 ' ,780 ,1 ,331, 1
302 ,1274, 279, '233 234 219 232 247 235 237 240 222 245 246 232 ' ,'0 0 0 0 0 0 0 0 0 0 0 0 ' ,41 ,2 ,13, 2
994 ,1092, 970, '220 207 217 214 246 243 222 215 234 232 234 214 ' ,'0 0 0 0 0 0 0 0 0 0 0 0 ' ,751 ,1 ,6, 1
281 ,990, 254, '224 195 199 220 210 236 198 208 229 213 202 199 ' ,'0 0 0 0 0 0 0 0 0 0 0 0 ' ,45 ,1 ,6, 2
451 ,467, 429, '250 238 200 207 222 211 190 218 195 219 198 189 ' ,'0 0 0 0 0 0 0 0 0 0 0 0 ' ,227 ,2 ,5, 2
894 ,646, 873, '273 231 201 212 238 196 190 197 222 185 189 192 ' ,'0 0 0 0 0 0 0 0 0 0 0 0 ' ,667 ,1 ,9, 2
690 ,1096, 668, '202 199 199 195 195 160 183 187 202 173 241 201 ' ,'0 0 0 0 0 0 0 0 0 0 0 0 ' ,458 ,1 ,32, 1
788 ,2084, 756, '195 196 219 214 259 206 148 182 206 189 203 191 ' ,'0 0 0 0 0 0 0 0 0 0 0 0 ' ,586 ,1 ,13, 2
1575 ,975, 1537, '219 226 189 242 221 204 257 244 210 236 323 237 ' ,'0 0 0 0 0 0 0 0 0 0 0 0 ' ,1333 ,1 ,8, 1
589 ,1796, 239, '223 250 212 193 314 204 261 211 197 246 208 200 ' ,'0 0 0 0 0 0 0 0 0 0 0 0 ' ,361 ,2 ,5, 1
447 ,779, 420, '237 244 228 230 231 233 254 251 242 231 228 250 ' ,'0 0 0 0 0 0 0 0 0 0 0 0 ' ,179 ,1 ,12, 1
699 ,446, 671, '221 211 219 224 238 301 227 231 236 226 211 209 ' ,'0 0 0 0 0 0 0 0 0 0 0 0 ' ,448 ,2 ,6, 1
318 ,693, 298, '275 228 215 197 240 196 196 211 189 245 201 200 ' ,'0 0 0 0 0 0 0 0 0 0 0 0 ' ,96 ,2 ,8, 2
954 ,321, 937, '196 203 203 212 195 203 196 199 195 197 200 179 ' ,'0 0 0 0 0 0 0 0 0 0 0 0 ' ,739 ,2 ,14, 1
1161 ,951, 1115, '211 186 206 210 204 214 206 206 211 204 198 184 ' ,'0 0 0 0 0 0 0 0 0 0 0 0 ' ,911 ,2 ,9, 1
1723 ,1165, 787, '298 203 217 188 225 208 202 200 192 209 174 201 ' ,'0 0 0 0 0 0 0 0 0 0 0 0 ' ,1488 ,2 ,8, 1
1958 ,1950, 1934, '196 217 219 204 246 209 154 198 208 198 178 215 ' ,'0 0 0 0 0 0 0 0 0 0 0 0 ' ,1723 ,2 ,17, 2
1876 ,2151, 1849, '228 226 212 213 290 201 231 220 203 211 216 222 ' ,'0 0 0 0 0 0 0 0 0 0 0 0 ' ,1631 ,1 ,9, 2
1908 ,1926, 1884, '312 230 256 250 234 235 284 245 269 364 222 229 ' ,'0 0 0 0 0 0 0 0 0 0 0 0 ' ,1639 ,1 ,10, 2
1121 ,2551, 358, '214 177 225 221 227 199 212 227 190 223 202 228 ' ,'0 0 0 0 0 0 0 0 0 0 0 0 ' ,167 ,1 ,14, 2
265 ,427, 244, '189 187 170 168 194 190 150 137 215 216 207 161 ' ,'0 0 0 0 0 0 0 0 0 0 0 0 ' ,89 ,1 ,5, 2
258 ,615, 237, '203 193 216 204 185 224 204 195 210 190 202 197 ' ,'0 0 0 0 0 0 0 0 0 0 0 0 ' ,32 ,1 ,5, 1
300 ,258, 278, '189 187 194 216 239 226 197 202 193 211 210 200 ' ,'0 0 0 0 0 0 0 0 0 0 0 0 ' ,59 ,2 ,23, 2
274 ,366, 247, '197 206 233 214 213 205 215 213 223 215 213 205 ' ,'0 0 0 0 0 0 0 0 0 0 0 0 ' ,39 ,1 ,11, 1
377 ,289, 359, '226 193 214 193 207 213 255 203 185 331 239 227 ' ,'0 0 0 0 0 0 0 0 0 0 0 0 ' ,154 ,1 ,7, 2
275 ,376, 255, '228 198 197 216 218 233 209 189 200 232 228 226 ' ,'0 0 0 0 0 0 0 0 0 0 0 0 ' ,51 ,1 ,7, 1
327 ,275, 297, '213 224 209 203 272 231 233 221 239 220 193 229 ' ,'0 0 0 0 0 0 0 0 0 0 0 0 ' ,91 ,1 ,9, 1
377 ,321, 357, '227 215 235 235 329 261 227 224 237 242 233 274 ' ,'0 0 0 0 0 0 0 0 0 0 0 0 ' ,125 ,1 ,12, 2
309 ,414, 288, '251 238 254 225 228 236 231 225 239 261 242 223 ' ,'0 0 0 0 0 0 0 0 0 0 0 0 ' ,48 ,1 ,9, 2
345 ,304, 328, '237 235 250 230 304 238 245 252 242 243 248 261 ' ,'0 0 0 0 0 0 0 0 0 0 0 0 ' ,80 ,1 ,9, 2
338 ,341, 316, '238 245 253 247 291 254 253 251 247 244 239 241 ' ,'0 0 0 0 0 0 0 0 0 0 0 0 ' ,65 ,1 ,8, 1
418 ,447, 397, '254 249 248 246 250 239 271 244 230 293 235 369 ' ,'0 0 0 0 0 0 0 0 0 0 0 120 ' ,144 ,2 ,16, 3
278 ,411, 254, '239 232 233 218 227 224 224 234 234 220 231 230 ' ,'0 0 0 0 0 0 0 0 0 0 0 0 ' ,25 ,1 ,6, 1
465 ,276, 307, '224 207 212 207 217 196 229 224 202 280 209 261 ' ,'0 0 0 0 0 0 0 0 0 0 0 0 ' ,92 ,1 ,11, 0
302 ,748, 283, '225 201 199 207 252 199 235 205 191 208 209 201 ' ,'0 0 0 0 0 0 0 0 0 0 0 0 ' ,69 ,1 ,17, 1
610 ,486, 248, '192 207 177 199 186 197 230 212 193 228 229 179 ' ,'0 0 0 0 0 0 0 0 0 0 0 0 ' ,395 ,1 ,10, 1
592 ,821, 563, '188 245 203 224 241 194 208 226 209 201 206 209 ' ,'0 0 0 0 0 0 0 0 0 0 0 0 ' ,346 ,1 ,10, 2
294 ,584, 272, '236 210 220 206 188 186 194 194 212 180 197 187 ' ,'0 0 0 0 0 0 0 0 0 0 0 0 ' ,72 ,1 ,8, 1
346 ,509, 321, '171 202 203 196 194 199 204 214 193 184 256 194 ' ,'0 0 0 0 0 0 0 0 0 0 0 0 ' ,116 ,2 ,8, 1
306 ,1293, 286, '207 195 198 217 261 203 194 235 196 189 198 199 ' ,'0 0 0 0 0 0 0 0 0 0 0 0 ' ,77 ,1 ,9, 1
983 ,3041, 706, '217 246 226 225 193 185 218 207 212 205 167 224 ' ,'0 0 0 0 0 0 0 0 0 0 0 0 ' ,514 ,1 ,11, 2
1182 ,1403, 1150, '180 239 200 204 187 206 213 207 208 209 217 210 ' ,'0 0 0 0 0 0 0 0 0 0 0 0 ' ,942 ,1 ,6, 1
386 ,2615, 355, '183 193 145 200 138 184 163 190 152 198 192 161 ' ,'0 0 0 0 0 0 0 0 0 0 0 0 ' ,195 ,0 ,9, 1
345 ,452, 324, '202 217 213 211 297 176 195 215 186 186 197 210 ' ,'0 0 0 0 0 0 0 0 0 0 0 0 ' ,122 ,1 ,9, 2
355 ,819, 331, '181 197 235 210 227 308 198 196 193 211 199 196 ' ,'0 0 0 0 0 0 0 0 0 0 0 0 ' ,123 ,1 ,9, 1
265 ,355, 242, '188 198 196 210 200 196 186 223 199 203 201 176 ' ,'0 0 0 0 0 0 0 0 0 0 0 0 ' ,49 ,1 ,9, 1
304 ,283, 260, '205 201 208 213 237 199 190 191 200 205 199 207 ' ,'0 0 0 0 0 0 0 0 0 0 0 0 ' ,55 ,1 ,8, 2
584 ,485, 562, '233 205 219 213 221 198 207 223 206 237 217 195 ' ,'0 0 0 0 0 0 0 0 0 0 0 0 ' ,348 ,1 ,10, 2
730 ,774, 700, '213 193 212 216 228 172 239 219 229 204 305 206 ' ,'0 0 0 0 0 0 0 0 0 0 0 0 ' ,504 ,25 ,13, 1
739 ,724, 719, '228 229 221 209 208 179 217 211 228 224 307 242 ' ,'0 0 0 0 0 0 0 0 0 0 0 0 ' ,491 ,1 ,14, 1
373 ,934, 348, '325 205 245 239 236 231 243 250 248 266 226 235 ' ,'0 0 0 0 0 0 0 0 0 0 0 0 ' ,127 ,1 ,8, 1
2443 ,853, 2422, '267 258 256 243 238 247 249 255 259 249 232 244 ' ,'0 0 0 0 0 0 0 0 0 0 0 0 ' ,2165 ,1 ,8, 1
589 ,2446, 564, '235 202 218 170 184 211 201 186 138 165 256 190 ' ,'0 0 0 0 0 0 0 0 0 0 0 0 ' ,396 ,1 ,24, 1
1387 ,868, 207, '252 240 226 239 219 207 221 227 189 255 310 232 ' ,'0 0 0 0 0 0 0 0 0 0 0 0 ' ,1123 ,1 ,10, 2
720 ,1385, 249, '153 187 232 197 201 211 201 185 181 204 218 149 ' ,'0 0 0 0 0 0 0 0 0 0 0 0 ' ,427 ,1 ,91, 1
1402 ,783, 1378, '247 203 236 198 195 175 203 209 215 224 186 209 ' ,'0 0 0 0 0 0 0 0 0 0 0 0 ' ,1161 ,1 ,14, 1
925 ,1605, 252, '213 182 207 183 211 181 192 193 183 196 190 211 ' ,'0 0 0 0 0 0 0 0 0 0 0 0 ' ,684 ,1 ,31, 1
1328 ,1747, 1304, '242 217 237 217 216 213 238 258 218 312 220 212 ' ,'0 0 0 0 0 0 0 0 0 0 0 0 ' ,1070 ,1 ,16, 1
2998 ,1603, 2535, '288 218 249 200 219 240 246 278 224 337 270 231 ' ,'0 0 0 0 0 0 0 0 0 0 0 0 ' ,2694 ,2 ,53, 2
579 ,3467, 558, '209 274 221 237 254 214 227 224 230 237 219 212 ' ,'0 0 0 0 0 0 0 0 0 0 0 0 ' ,323 ,1 ,11, 1
1256 ,1911, 1239, '209 236 213 238 223 228 233 230 224 236 293 227 ' ,'0 0 0 0 0 0 0 0 0 0 0 0 ' ,1002 ,1 ,17, 2
614 ,1505, 593, '267 181 198 194 201 211 197 220 206 195 196 203 ' ,'0 0 0 0 0 0 0 0 0 0 0 0 ' ,391 ,2 ,13, 1
253 ,643, 236, '200 190 206 218 189 201 202 196 180 197 191 198 ' ,'0 0 0 0 0 0 0 0 0 0 0 0 ' ,38 ,1 ,10, 2
349 ,258, 312, '197 202 205 213 205 282 206 213 207 206 206 194 ' ,'0 0 0 0 0 0 0 0 0 0 0 0 ' ,104 ,1 ,12, 1
964 ,985, 940, '217 199 197 201 202 210 188 232 191 185 205 209 ' ,'0 0 0 0 0 0 0 0 0 0 0 0 ' ,738 ,1 ,9, 2
628 ,1181, 606, '205 207 237 204 211 252 208 218 200 268 206 219 ' ,'0 0 0 0 0 0 0 0 0 0 0 0 ' ,388 ,1 ,13, 2
487 ,3699, 467, '191 180 162 220 169 148 176 195 209 245 163 181 ' ,'0 0 0 0 0 0 0 0 0 0 0 0 ' ,263 ,1 ,45, 1
1714 ,1592, 1683, '176 228 204 166 174 195 216 180 197 239 184 219 ' ,'0 0 0 0 0 0 0 0 0 0 0 0 ' ,1501 ,1 ,16, 1
283 ,3532, 262, '173 236 209 200 227 207 175 184 182 181 180 197 ' ,'0 0 0 0 0 0 0 0 0 0 0 0 ' ,67 ,1 ,13, 1
303 ,301, 281, '208 189 192 215 210 218 182 202 208 242 199 192 ' ,'0 0 0 0 0 0 0 0 0 0 0 0 ' ,78 ,1 ,15, 1
299 ,296, 270, '197 235 215 187 219 187 213 186 207 246 206 206 ' ,'0 0 0 0 0 0 0 0 0 0 0 0 ' ,72 ,1 ,12, 1
292 ,298, 260, '176 193 187 172 219 191 199 190 227 195 185 179 ' ,'0 0 0 0 0 0 0 0 0 0 0 0 ' ,64 ,1 ,22, 0
309 ,278, 290, '187 189 205 215 253 198 178 210 187 175 183 199 ' ,'0 0 0 0 0 0 0 0 0 0 0 0 ' ,92 ,1 ,14, 1
269 ,309, 246, '175 172 223 185 210 189 165 203 180 168 191 190 ' ,'0 0 0 0 0 0 0 0 0 0 0 0 ' ,64 ,1 ,14, 1
277 ,269, 242, '196 236 201 172 202 189 186 179 170 190 175 190 ' ,'0 0 0 0 0 0 0 0 0 0 0 0 ' ,69 ,1 ,14, 1
343 ,275, 321, '197 214 191 199 205 203 202 186 222 286 170 200 ' ,'0 0 0 0 0 0 0 0 0 0 0 0 ' ,131 ,1 ,15, 1
263 ,339, 243, '203 182 154 173 200 195 184 195 219 183 198 179 ' ,'0 0 0 0 0 0 0 0 0 0 0 0 ' ,67 ,2 ,15, 2
325 ,261, 305, '216 232 227 205 268 228 232 241 222 226 221 212 ' ,'0 0 0 0 0 0 0 0 0 0 0 0 ' ,79 ,2 ,14, 1
365 ,358, 338, '252 222 244 225 242 250 280 258 257 292 234 228 ' ,'0 0 0 0 0 0 0 0 0 0 0 0 ' ,92 ,2 ,25, 1
329 ,349, 310, '255 258 232 255 246 231 260 251 243 260 285 227 ' ,'0 0 0 0 0 0 0 0 0 0 0 0 ' ,61 ,1 ,16, 1
336 ,324, 317, '272 241 256 241 250 215 226 259 268 282 244 256 ' ,'0 0 0 0 0 0 0 0 0 0 0 0 ' ,80 ,2 ,16, 1
1048 ,336, 292, '241 207 242 221 223 265 272 229 215 345 199 235 ' ,'0 0 0 0 0 0 0 0 0 0 0 0 ' ,787 ,2 ,11, 2
536 ,1931, 511, '228 217 220 209 229 212 267 205 222 206 238 220 ' ,'0 0 0 0 0 0 0 0 0 0 0 0 ' ,286 ,1 ,13, 1
733 ,579, 705, '230 201 210 221 194 222 203 205 186 211 196 193 ' ,'0 0 0 0 0 0 0 0 0 0 0 0 ' ,489 ,1 ,29, 1
1015 ,721, 993, '200 195 220 221 220 186 193 203 208 201 184 192 ' ,'0 0 0 0 0 0 0 0 0 0 0 0 ' ,785 ,1 ,13, 2
2250 ,1018, 2229, '195 192 203 181 202 227 171 204 192 204 193 199 ' ,'0 0 0 0 0 0 0 0 0 0 0 0 ' ,2025 ,1 ,26, 1
2388 ,2453, 2368, '183 169 194 226 216 224 229 184 203 184 172 219 ' ,'0 0 0 0 0 0 0 0 0 0 0 0 ' ,2177 ,1 ,10, 1
2306 ,2451, 2280, '220 237 244 246 266 228 306 263 218 222 259 248 ' ,'0 0 0 0 0 0 0 0 0 0 0 0 ' ,2022 ,3 ,14, 2
801 ,2335, 778, '217 203 204 205 171 178 197 192 193 196 195 197 ' ,'0 0 0 0 0 0 0 0 0 0 0 0 ' ,562 ,2 ,23, 2
986 ,2193, 735, '201 201 206 215 211 197 209 208 200 223 218 189 ' ,'0 0 0 0 0 0 0 0 0 0 0 0 ' ,748 ,1 ,13, 1
2108 ,1055, 2085, '209 217 224 203 181 176 199 197 203 227 207 239 ' ,'0 0 0 0 0 0 0 0 0 0 0 0 ' ,1879 ,1 ,11, 2
1798 ,2318, 1764, '199 192 206 217 193 187 215 184 195 227 189 194 ' ,'0 0 0 0 0 0 0 0 0 0 0 0 ' ,1569 ,1 ,15, 2
1058 ,1815, 1037, '231 207 175 198 222 190 179 210 185 235 210 226 ' ,'0 0 0 0 0 0 0 0 0 0 0 0 ' ,821 ,1 ,35, 1
1907 ,1061, 1886, '270 236 224 210 267 234 228 208 216 244 220 215 ' ,'0 0 0 0 0 0 0 0 0 0 0 0 ' ,1644 ,1 ,26, 1
697 ,2376, 670, '222 252 253 219 247 208 259 250 211 273 284 227 ' ,'0 0 0 0 0 0 0 0 0 0 0 0 ' ,443 ,1 ,17, 1
388 ,1669, 364, '246 234 224 232 262 247 307 253 245 244 334 257 ' ,'0 0 0 0 0 0 0 0 0 0 0 0 ' ,119 ,1 ,14, 1
711 ,1027, 691, '265 238 261 243 240 232 269 213 254 248 225 223 ' ,'0 0 0 0 0 0 0 0 0 0 0 0 ' ,459 ,2 ,12, 2
306 ,727, 281, '248 230 223 214 229 249 222 226 238 228 243 226 ' ,'0 0 0 0 0 0 0 0 0 0 0 0 ' ,54 ,1 ,7, 1
320 ,503, 299, '224 227 227 209 221 194 241 222 223 268 217 224 ' ,'0 0 0 0 0 0 0 0 0 0 0 0 ' ,80 ,1 ,10, 1
258 ,692, 232, '194 208 202 212 198 191 199 213 210 183 208 205 ' ,'0 0 0 0 0 0 0 0 0 0 0 0 ' ,21 ,0 ,9, 1
2000 ,259, 1973, '195 211 206 182 202 218 198 198 198 216 213 229 ' ,'0 0 0 0 0 0 0 0 0 0 0 0 ' ,1777 ,1 ,12, 2
