58
180
143
214
172
179
162
211
142
150
146
148
153
133
420
142
144
188
281
155
154
163
142
163
134
157
198
161
155
183
152
128
183
243
189
165
149
145
145
133
147
129
124
147
326
164
139
273
207
195
130
164
230
345
173
152
167
150
148
176
130
169
200
166
165
152
210
202
195
194
189
423
156
202
202
211
199
170
176
220
158
137
157
158
189
154
199
150
233
189
144
171
159
122
193
141
144
172
141
163
168
191
168
189
174
195
199
145
160
214
288
233
242
157
202
156
142
185
164
173
155
187
163
251
247
170
164
181
158
167
143
139
144
187
207
181
250
205
222
223
215
176
163
146
174
162
178
335
171
174
191
172
261
223
247
166
165
168
181
376
167
153
192
197
197
179
185
196
168
225
164
141
154
168
169
164
232
174
207
208
180
153
185
168
190
177
166
124
200
157
162
205
181
188
263
214
179
174
165
170
161
154
183
191
192
161
158
182
225
195
165
199
196
155
182
159
147
136
153
160
162
469
155
196
236
245
221
170
166
157
237
176
151
178
195
176
304
156
151
223
144
185
219
161
179
140
164
155
171
172
155
179
152
138
205
165
165
300
199
185
193
178
146
169
237
153
132
217
217
197
190
180
236
205
325
161
145
199
172
141
154
137
155
216
240
182
212
215
170
202
279
181
214
183
213
164
149
140
134
168
