180
489
307
329
320
226
145
230
155
174
382
386
184
139
490
223
207
285
154
238
182
192
141
164
180
175
155
175
219
188
194
146
156
246
174
172
155
183
159
142
165
153
148
223
201
187
174
181
405
316
143
205
178
207
206
161
154
179
191
163
161
190
203
207
205
191
250
250
197
182
182
195
153
209
202
178
170
168
202
248
168
172
157
746
1182
1913
1006
830
164
207
184
733
1738
1204
2008
1014
978
936
1173
2028
1973
1248
1256
1772
141
134
187
154
262
158
146
195
143
174
198
165
260
213
197
158
157
191
141
138
149
195
191
167
250
223
204
212
180
162
164
140
195
144
162
261
209
396
237
219
179
206
213
171
147
150
165
203
166
146
161
267
244
161
170
183
179
428
135
165
138
161
157
162
203
162
170
184
145
149
191
212
416
179
177
147
141
157
134
155
195
201
232
206
196
235
166
195
143
153
180
129
169
177
198
221
195
245
237
208
220
171
168
179
190
162
155
311
173
236
175
284
192
264
174
175
311
242
173
167
178
200
210
155
190
206
212
246
184
161
263
197
166
136
148
163
140
154
160
118
165
159
118
268
178
251
224
150
170
211
195
135
139
143
160
222
196
277
188
260
188
186
169
168
186
154
144
218
167
132
157
137
168
173
204
192
186
173
169
304
163
188
179
226
163
132
174
149
