680
1628
1398
602
1444
486
443
584
382
565
1342
429
353
368
432
438
444
366
419
435
459
674
425
382
403
586
1285
487
428
391
427
410
398
361
349
353
373
423
513
451
399
451
601
1359
536
1366
368
397
385
393
371
378
397
487
735
1374
557
1535
1336
463
414
387
482
422
432
411
403
524
488
468
413
390
367
395
407
408
368
408
394
411
536
1367
335
465
401
419
372
414
461
467
430
419
461
455
514
382
390
369
426
451
358
345
359
364
423
441
392
367
372
439
436
434
462
464
423
356
387
517
460
427
388
451
491
430
561
1395
510
460
450
430
403
348
386
360
386
414
431
561
433
499
533
1292
381
426
425
491
444
376
440
548
1420
427
501
592
1416
459
501
401
466
490
515
497
454
413
390
568
1390
440
422
379
347
349
377
402
350
448
479
448
468
469
417
442
470
454
355
368
404
394
450
442
471
435
478
503
475
378
433
369
468
384
558
1379
508
402
463
579
1436
433
467
397
450
409
356
369
358
423
838
1205
421
437
461
467
433
345
365
336
366
335
383
339
347
341
344
425
381
415
481
479
447
511
516
404
382
541
1291
384
445
581
432
555
1361
444
395
671
1351
365
1639
3038
3680
3150
2269
8708
