115
449
591
1237
658
1375
399
374
354
381
422
343
439
399
427
341
326
582
1410
358
380
434
417
631
1332
446
404
620
1393
415
371
482
519
365
331
330
331
302
386
452
440
459
438
557
1382
426
510
396
345
347
391
387
409
463
394
592
1484
443
523
676
1390
396
441
447
410
425
426
450
422
403
400
485
493
454
374
389
381
401
439
478
415
416
413
581
1333
321
347
405
695
1270
381
745
1278
426
463
416
523
396
391
464
391
364
313
322
326
362
468
388
346
400
615
1424
527
475
401
406
488
357
344
363
368
388
436
454
511
574
1391
451
428
413
330
399
347
364
425
441
454
444
502
576
414
528
372
389
375
461
379
384
406
503
600
1427
408
426
462
366
382
394
430
442
422
491
515
543
1251
449
455
477
370
498
365
387
398
387
369
532
1544
1382
594
1294
347
381
355
358
374
347
467
397
509
495
408
444
621
1400
440
347
382
366
377
379
695
1403
454
515
486
515
489
410
402
432
356
358
424
428
366
488
577
1351
432
512
591
1350
368
327
365
320
337
339
334
341
380
336
493
361
545
1432
414
455
381
396
368
344
396
424
545
1396
474
611
296
402
425
438
360
336
342
319
402
358
476
455
527
473
408
516
523
587
1253
484
383
530
299
393
