201
1333
1402
370
340
314
288
281
325
272
279
284
1176
1308
293
560
1238
271
264
352
303
311
271
287
321
247
217
299
304
356
268
274
299
256
280
245
247
268
289
308
287
247
371
540
1202
333
373
305
336
259
273
288
265
295
264
297
373
484
300
284
471
364
343
335
275
304
311
321
291
334
283
363
285
304
338
255
288
232
278
268
324
428
256
510
305
348
302
220
292
215
254
264
272
264
253
340
325
296
291
316
287
272
297
327
347
280
244
221
257
222
235
318
322
280
267
330
349
346
472
296
272
378
389
292
234
240
307
295
297
364
437
383
367
369
312
269
264
223
271
230
251
333
340
339
521
374
432
270
436
281
266
273
269
453
293
267
279
414
508
337
323
341
312
315
269
314
276
268
268
264
406
292
468
316
250
269
316
326
509
351
277
341
239
332
383
235
269
328
491
285
350
384
294
349
312
366
301
280
237
244
251
356
296
324
316
335
265
295
282
255
232
273
414
442
412
377
304
356
479
498
367
295
496
512
295
233
318
279
327
254
392
322
289
355
301
280
317
233
260
241
555
1271
415
309
201
228
246
395
328
348
462
609
1222
279
273
452
306
314
251
325
294
464
269
591
1169
301
265
300
308
256
353
241
226
264
257
316
340
401
313
377
331
350
362
445
469
335
518
343
273
471
273
