267
1589
2261
1871
1142
1790
2055
1895
2739
1783
906
780
1050
747
887
868
852
912
828
897
849
1022
900
942
937
939
1047
1771
1871
1832
2104
1834
1725
1865
1778
1925
1943
1807
1779
1890
1914
1879
1984
1892
1797
1781
1905
1863
1891
1942
1891
1897
1753
1815
1863
1803
1849
1899
1819
1838
1949
1820
1784
1789
1893
2011
1958
1818
1800
1881
1977
1951
2044
1880
1807
1810
1853
1784
1790
1837
1791
1755
1810
1833
1788
2021
860
801
832
745
793
799
926
774
853
868
759
809
884
907
1125
1823
1800
1846
1737
1873
1865
1974
1889
1764
1752
1669
1831
1881
1693
1869
1782
1810
1713
1798
1771
1752
1776
1735
1808
1766
1754
1942
1901
682
805
1764
739
862
712
764
851
846
887
951
814
840
762
718
768
