226 ,0, 130, '52 59 49 58 49 55 45 51 ' ,'0 0 0 0 0 0 0 0 ' ,26 ,2 ,27, 27
608 ,163, 581, '523 531 536 524 485 479 486 568 ' ,'0 0 0 0 0 0 0 0 ' ,94 ,2 ,3, 3
572 ,627, 554, '475 502 539 493 427 451 453 458 ' ,'0 0 0 0 0 0 0 0 ' ,113 ,1 ,3, 3
1092 ,776, 1075, '545 512 534 501 483 422 485 480 ' ,'0 0 0 0 0 0 0 0 ' ,640 ,1 ,3, 3
610 ,1089, 593, '573 543 540 530 433 472 463 506 ' ,'0 0 0 0 0 0 0 0 ' ,143 ,2 ,5, 5
639 ,603, 623, '546 537 568 603 485 575 499 538 ' ,'0 0 0 0 0 0 0 0 ' ,120 ,1 ,6, 6
621 ,630, 604, '528 538 522 586 532 514 529 554 ' ,'0 0 0 0 0 0 0 0 ' ,74 ,2 ,6, 6
628 ,611, 606, '548 506 552 591 507 541 510 502 ' ,'0 0 0 0 0 0 0 0 ' ,90 ,2 ,6, 6
570 ,613, 553, '529 475 499 503 508 453 469 515 ' ,'0 0 0 0 0 0 0 0 ' ,82 ,3 ,5, 5
550 ,580, 533, '468 451 509 492 417 472 440 464 ' ,'0 0 0 0 0 0 0 0 ' ,99 ,2 ,5, 5
536 ,539, 519, '435 473 499 456 437 392 388 458 ' ,'0 0 0 0 0 0 0 0 ' ,108 ,4 ,5, 5
523 ,525, 508, '481 486 480 476 405 444 438 492 ' ,'0 0 0 0 0 0 0 0 ' ,92 ,5 ,2, 2
549 ,516, 533, '451 474 504 518 444 419 432 430 ' ,'0 0 0 0 0 0 0 0 ' ,100 ,1 ,4, 4
598 ,539, 579, '511 556 515 531 514 567 502 469 ' ,'0 0 0 0 0 0 0 0 ' ,100 ,0 ,2, 2
612 ,588, 591, '508 541 580 556 476 473 491 534 ' ,'0 0 0 0 0 0 0 0 ' ,106 ,1 ,2, 2
585 ,605, 566, '531 536 547 528 467 500 508 484 ' ,'0 0 0 0 0 0 0 0 ' ,87 ,1 ,4, 4
589 ,577, 573, '522 548 560 531 510 508 522 507 ' ,'0 0 0 0 0 0 0 0 ' ,54 ,1 ,3, 3
621 ,583, 603, '583 529 540 546 515 491 489 438 ' ,'0 0 0 0 0 0 0 0 ' ,153 ,3 ,5, 5
624 ,610, 605, '554 570 561 590 522 531 507 559 ' ,'0 0 0 0 0 0 0 0 ' ,87 ,1 ,3, 3
620 ,617, 594, '558 479 582 579 509 499 519 550 ' ,'0 0 0 0 0 0 0 0 ' ,101 ,1 ,3, 3
607 ,601, 592, '565 525 561 581 513 455 479 529 ' ,'0 0 0 0 0 0 0 0 ' ,125 ,1 ,3, 3
602 ,603, 578, '564 531 522 505 492 459 465 493 ' ,'0 0 0 0 0 0 0 0 ' ,109 ,1 ,4, 4
577 ,590, 556, '511 538 492 542 460 479 487 479 ' ,'0 0 0 0 0 0 0 0 ' ,82 ,1 ,5, 5
555 ,566, 533, '496 493 526 517 455 458 495 510 ' ,'0 0 0 0 0 0 0 0 ' ,71 ,1 ,3, 3
551 ,562, 535, '507 523 509 512 453 516 463 503 ' ,'0 0 0 0 0 0 0 0 ' ,72 ,1 ,3, 3
574 ,545, 558, '484 512 528 546 472 480 530 480 ' ,'0 0 0 0 0 0 0 0 ' ,73 ,1 ,4, 4
529 ,565, 512, '465 503 491 490 434 429 471 471 ' ,'0 0 0 0 0 0 0 0 ' ,73 ,1 ,3, 3
520 ,522, 503, '450 461 493 479 439 461 425 446 ' ,'0 0 0 0 0 0 0 0 ' ,69 ,1 ,2, 2
562 ,514, 547, '535 491 527 498 439 436 470 450 ' ,'0 0 0 0 0 0 0 0 ' ,101 ,1 ,2, 2
526 ,556, 509, '423 462 495 466 454 443 465 463 ' ,'0 0 0 0 0 0 0 0 ' ,76 ,1 ,3, 3
508 ,516, 489, '434 433 449 479 433 463 430 417 ' ,'0 0 0 0 0 0 0 0 ' ,63 ,1 ,2, 2
511 ,501, 486, '449 466 469 458 439 446 448 467 ' ,'0 0 0 0 0 0 0 0 ' ,34 ,1 ,5, 5
579 ,492, 560, '518 521 537 546 474 543 507 514 ' ,'0 0 0 0 0 0 0 0 ' ,74 ,1 ,6, 6
649 ,569, 629, '570 567 617 525 454 522 515 523 ' ,'0 0 0 0 0 0 0 0 ' ,164 ,1 ,3, 3
609 ,642, 595, '575 548 585 555 545 523 542 528 ' ,'0 0 0 0 0 0 0 0 ' ,61 ,0 ,3, 3
624 ,603, 607, '541 560 524 589 510 570 549 526 ' ,'0 0 0 0 0 0 0 0 ' ,86 ,1 ,5, 5
636 ,614, 620, '603 609 598 587 474 523 527 514 ' ,'0 0 0 0 0 0 0 0 ' ,136 ,2 ,3, 3
609 ,629, 594, '511 540 583 538 504 541 550 489 ' ,'0 0 0 0 0 0 0 0 ' ,95 ,0 ,2, 2
560 ,605, 544, '485 535 518 501 444 504 481 453 ' ,'0 0 0 0 0 0 0 0 ' ,91 ,1 ,3, 3
556 ,552, 543, '499 487 528 527 477 438 468 459 ' ,'0 0 0 0 0 0 0 0 ' ,94 ,1 ,5, 5
562 ,548, 546, '494 514 535 477 487 478 456 443 ' ,'0 0 0 0 0 0 0 0 ' ,95 ,1 ,3, 3
550 ,555, 536, '515 477 511 525 480 437 458 478 ' ,'0 0 0 0 0 0 0 0 ' ,89 ,1 ,3, 3
602 ,544, 583, '496 534 533 572 491 522 484 497 ' ,'0 0 0 0 0 0 0 0 ' ,87 ,1 ,3, 3
566 ,594, 550, '513 515 501 526 443 486 493 537 ' ,'0 0 0 0 0 0 0 0 ' ,95 ,1 ,5, 5
588 ,556, 571, '555 514 537 492 438 544 488 510 ' ,'0 0 0 0 0 0 0 0 ' ,114 ,1 ,6, 6
559 ,576, 535, '521 479 468 498 435 423 442 462 ' ,'0 0 0 0 0 0 0 0 ' ,103 ,1 ,2, 2
555 ,549, 540, '514 471 529 507 457 459 451 460 ' ,'0 0 0 0 0 0 0 0 ' ,79 ,0 ,4, 4
605 ,546, 589, '512 508 579 479 478 420 482 447 ' ,'0 0 0 0 0 0 0 0 ' ,158 ,1 ,2, 2
554 ,598, 536, '476 505 526 485 431 508 460 484 ' ,'0 0 0 0 0 0 0 0 ' ,97 ,1 ,3, 3
570 ,546, 555, '542 471 505 510 471 476 413 515 ' ,'0 0 0 0 0 0 0 0 ' ,132 ,0 ,3, 3
561 ,562, 545, '501 513 531 530 442 473 458 479 ' ,'0 0 0 0 0 0 0 0 ' ,89 ,1 ,5, 5
609 ,552, 592, '533 549 545 552 454 522 500 578 ' ,'0 0 0 0 0 0 0 0 ' ,126 ,0 ,5, 5
612 ,598, 595, '530 548 561 554 497 483 526 585 ' ,'0 0 0 0 0 0 0 0 ' ,104 ,1 ,2, 2
598 ,605, 582, '507 537 475 568 492 483 489 531 ' ,'0 0 0 0 0 0 0 0 ' ,96 ,1 ,5, 5
602 ,590, 587, '552 574 575 552 474 547 492 548 ' ,'0 0 0 0 0 0 0 0 ' ,103 ,1 ,4, 4
625 ,595, 603, '588 568 538 576 510 509 471 561 ' ,'0 0 0 0 0 0 0 0 ' ,117 ,1 ,5, 5
609 ,617, 593, '578 575 544 539 491 478 481 538 ' ,'0 0 0 0 0 0 0 0 ' ,103 ,1 ,5, 5
625 ,601, 609, '548 597 589 588 525 509 509 557 ' ,'0 0 0 0 0 0 0 0 ' ,89 ,1 ,2, 2
628 ,621, 600, '573 593 568 572 505 582 536 548 ' ,'0 0 0 0 0 0 0 0 ' ,88 ,0 ,3, 3
623 ,622, 605, '562 509 592 535 495 498 533 484 ' ,'0 0 0 0 0 0 0 0 ' ,110 ,1 ,5, 5
581 ,615, 565, '520 553 551 556 498 496 485 496 ' ,'0 0 0 0 0 0 0 0 ' ,69 ,1 ,3, 3
558 ,575, 537, '499 470 520 512 459 524 495 479 ' ,'0 0 0 0 0 0 0 0 ' ,68 ,0 ,3, 3
587 ,550, 572, '513 521 559 491 447 499 457 472 ' ,'0 0 0 0 0 0 0 0 ' ,113 ,1 ,3, 3
598 ,580, 579, '482 485 568 498 450 508 451 453 ' ,'0 0 0 0 0 0 0 0 ' ,119 ,1 ,3, 3
531 ,592, 514, '492 488 477 499 449 502 473 451 ' ,'0 0 0 0 0 0 0 0 ' ,54 ,1 ,4, 4
581 ,523, 567, '553 496 516 551 427 477 470 469 ' ,'0 0 0 0 0 0 0 0 ' ,128 ,1 ,2, 2
560 ,575, 543, '506 522 484 527 479 453 477 459 ' ,'0 0 0 0 0 0 0 0 ' ,74 ,1 ,4, 4
551 ,551, 536, '514 512 506 524 474 473 470 466 ' ,'0 0 0 0 0 0 0 0 ' ,60 ,1 ,3, 3
561 ,543, 546, '517 505 526 536 461 451 461 468 ' ,'0 0 0 0 0 0 0 0 ' ,85 ,1 ,3, 3
551 ,554, 535, '513 516 507 507 523 516 499 454 ' ,'0 0 0 0 0 0 0 0 ' ,69 ,0 ,5, 4
605 ,541, 587, '556 561 574 514 503 502 510 520 ' ,'0 0 0 0 0 0 0 0 ' ,74 ,1 ,3, 3
648 ,599, 632, '557 522 577 612 496 556 558 524 ' ,'0 0 0 0 0 0 0 0 ' ,122 ,0 ,5, 5
649 ,638, 633, '564 572 621 554 527 506 534 531 ' ,'0 0 0 0 0 0 0 0 ' ,116 ,1 ,3, 3
600 ,640, 584, '524 518 568 499 453 509 541 482 ' ,'0 0 0 0 0 0 0 0 ' ,112 ,1 ,5, 5
591 ,591, 572, '538 538 548 508 461 481 547 561 ' ,'0 0 0 0 0 0 0 0 ' ,100 ,0 ,2, 2
544 ,590, 530, '488 486 503 489 464 493 489 516 ' ,'0 0 0 0 0 0 0 0 ' ,56 ,1 ,3, 3
542 ,538, 528, '453 478 516 508 467 455 492 490 ' ,'0 0 0 0 0 0 0 0 ' ,62 ,1 ,3, 3
561 ,535, 537, '523 485 496 505 443 469 492 442 ' ,'0 0 0 0 0 0 0 0 ' ,84 ,1 ,4, 4
580 ,545, 563, '547 518 521 493 456 437 457 468 ' ,'0 0 0 0 0 0 0 0 ' ,115 ,1 ,3, 3
624 ,569, 608, '591 520 481 506 425 515 489 496 ' ,'0 0 0 0 0 0 0 0 ' ,171 ,1 ,4, 4
581 ,614, 563, '509 442 550 508 442 386 482 449 ' ,'0 0 0 0 0 0 0 0 ' ,168 ,1 ,3, 3
554 ,571, 538, '525 499 517 475 448 401 460 435 ' ,'0 0 0 0 0 0 0 0 ' ,125 ,0 ,3, 3
522 ,546, 502, '478 486 489 485 460 414 441 433 ' ,'0 0 0 0 0 0 0 0 ' ,79 ,1 ,3, 3
591 ,514, 575, '561 470 475 485 431 434 458 455 ' ,'0 0 0 0 0 0 0 0 ' ,133 ,0 ,3, 3
569 ,583, 553, '528 477 538 528 470 511 498 483 ' ,'0 0 0 0 0 0 0 0 ' ,70 ,1 ,4, 4
600 ,560, 584, '526 520 554 568 447 535 477 500 ' ,'0 0 0 0 0 0 0 0 ' ,121 ,1 ,6, 6
627 ,591, 610, '596 542 593 584 513 481 554 475 ' ,'0 0 0 0 0 0 0 0 ' ,124 ,1 ,4, 4
644 ,618, 629, '582 604 572 606 473 507 541 615 ' ,'0 0 0 0 0 0 0 0 ' ,143 ,1 ,4, 4
616 ,637, 601, '583 577 582 586 539 556 543 574 ' ,'0 0 0 0 0 0 0 0 ' ,49 ,0 ,5, 5
653 ,608, 635, '599 570 623 510 500 519 502 489 ' ,'0 0 0 0 0 0 0 0 ' ,136 ,1 ,2, 2
588 ,646, 566, '553 530 532 538 450 477 508 520 ' ,'0 0 0 0 0 0 0 0 ' ,106 ,1 ,3, 3
546 ,575, 522, '484 482 497 507 457 508 457 432 ' ,'0 0 0 0 0 0 0 0 ' ,78 ,1 ,4, 4
542 ,535, 526, '489 475 506 489 421 452 470 444 ' ,'0 0 0 0 0 0 0 0 ' ,89 ,1 ,4, 4
530 ,534, 512, '488 475 422 453 451 411 447 490 ' ,'0 0 0 0 0 0 0 0 ' ,83 ,1 ,3, 3
563 ,520, 547, '532 450 533 474 433 451 447 442 ' ,'0 0 0 0 0 0 0 0 ' ,103 ,1 ,3, 3
508 ,555, 491, '433 470 465 459 414 471 446 467 ' ,'0 0 0 0 0 0 0 0 ' ,65 ,1 ,3, 3
549 ,502, 533, '517 512 511 500 454 441 442 456 ' ,'0 0 0 0 0 0 0 0 ' ,79 ,1 ,5, 5
550 ,538, 533, '494 471 488 515 456 517 456 455 ' ,'0 0 0 0 0 0 0 0 ' ,67 ,0 ,4, 4
516 ,538, 502, '477 457 488 479 452 470 473 434 ' ,'0 0 0 0 0 0 0 0 ' ,57 ,1 ,4, 4
565 ,509, 550, '530 491 525 502 450 475 457 537 ' ,'0 0 0 0 0 0 0 0 ' ,89 ,1 ,3, 3
605 ,557, 591, '571 466 548 547 486 509 524 563 ' ,'0 0 0 0 0 0 0 0 ' ,113 ,3 ,2, 2
609 ,599, 594, '567 531 577 560 489 572 526 516 ' ,'0 0 0 0 0 0 0 0 ' ,91 ,1 ,6, 6
645 ,600, 629, '612 584 557 577 501 515 509 489 ' ,'0 0 0 0 0 0 0 0 ' ,125 ,1 ,5, 5
620 ,636, 606, '588 566 578 587 498 527 550 548 ' ,'0 0 0 0 0 0 0 0 ' ,93 ,1 ,5, 5
642 ,614, 625, '597 589 613 594 560 552 563 584 ' ,'0 0 0 0 0 0 0 0 ' ,62 ,0 ,3, 3
638 ,634, 624, '529 579 557 609 522 512 519 560 ' ,'0 0 0 0 0 0 0 0 ' ,100 ,1 ,3, 3
626 ,633, 611, '534 593 573 579 493 487 545 506 ' ,'0 0 0 0 0 0 0 0 ' ,109 ,1 ,5, 5
607 ,616, 591, '527 513 555 576 461 494 522 511 ' ,'0 0 0 0 0 0 0 0 ' ,116 ,1 ,5, 5
623 ,598, 609, '570 594 526 555 467 457 456 495 ' ,'0 0 0 0 0 0 0 0 ' ,142 ,1 ,3, 3
599 ,618, 585, '568 538 503 564 439 499 488 507 ' ,'0 0 0 0 0 0 0 0 ' ,132 ,2 ,5, 5
592 ,590, 577, '563 538 514 526 445 458 495 501 ' ,'0 0 0 0 0 0 0 0 ' ,119 ,1 ,3, 3
557 ,586, 539, '482 512 509 526 421 440 444 483 ' ,'0 0 0 0 0 0 0 0 ' ,106 ,1 ,2, 2
548 ,547, 527, '491 515 479 506 420 414 426 417 ' ,'0 0 0 0 0 0 0 0 ' ,105 ,2 ,4, 4
544 ,538, 528, '481 513 461 486 421 467 456 445 ' ,'0 0 0 0 0 0 0 0 ' ,93 ,1 ,4, 4
558 ,537, 538, '524 444 450 486 406 505 418 418 ' ,'0 0 0 0 0 0 0 0 ' ,122 ,2 ,4, 4
532 ,549, 518, '478 501 498 496 435 485 440 473 ' ,'0 0 0 0 0 0 0 0 ' ,70 ,1 ,4, 4
572 ,523, 556, '531 510 532 542 434 447 447 472 ' ,'0 0 0 0 0 0 0 0 ' ,109 ,1 ,4, 4
564 ,563, 545, '518 515 531 509 444 424 455 479 ' ,'0 0 0 0 0 0 0 0 ' ,113 ,1 ,3, 3
575 ,556, 557, '465 477 501 542 435 431 464 431 ' ,'0 0 0 0 0 0 0 0 ' ,113 ,1 ,5, 5
593 ,566, 537, '515 521 511 528 409 517 451 521 ' ,'0 0 0 0 0 0 0 0 ' ,119 ,1 ,3, 3
576 ,586, 560, '518 506 544 503 455 490 500 487 ' ,'0 0 0 0 0 0 0 0 ' ,91 ,2 ,3, 2
616 ,570, 597, '555 540 576 580 479 462 490 509 ' ,'0 0 0 0 0 0 0 0 ' ,121 ,1 ,4, 4
624 ,605, 608, '589 563 573 521 537 547 496 519 ' ,'0 0 0 0 0 0 0 0 ' ,97 ,1 ,5, 5
674 ,613, 657, '555 502 639 519 507 489 528 561 ' ,'0 0 0 0 0 0 0 0 ' ,152 ,1 ,5, 5
681 ,666, 661, '640 576 620 586 525 579 570 572 ' ,'0 0 0 0 0 0 0 0 ' ,119 ,2 ,6, 6
674 ,669, 655, '569 559 611 538 483 516 512 540 ' ,'0 0 0 0 0 0 0 0 ' ,155 ,1 ,6, 6
574 ,661, 551, '533 528 536 535 505 528 515 511 ' ,'0 0 0 0 0 0 0 0 ' ,34 ,0 ,3, 3
560 ,564, 546, '499 532 521 533 478 516 476 499 ' ,'0 0 0 0 0 0 0 0 ' ,57 ,1 ,3, 3
597 ,553, 581, '498 564 495 458 489 499 482 495 ' ,'0 0 0 0 0 0 0 0 ' ,110 ,0 ,5, 5
564 ,594, 551, '464 531 458 500 450 438 433 473 ' ,'0 0 0 0 0 0 0 0 ' ,100 ,1 ,4, 4
576 ,556, 563, '490 485 511 551 458 409 463 441 ' ,'0 0 0 0 0 0 0 0 ' ,141 ,1 ,3, 3
558 ,570, 542, '526 492 458 417 425 449 405 494 ' ,'0 0 0 0 0 0 0 0 ' ,124 ,1 ,2, 2
565 ,550, 549, '531 497 523 485 446 430 449 485 ' ,'0 0 0 0 0 0 0 0 ' ,106 ,1 ,4, 4
538 ,555, 522, '505 506 501 500 425 447 488 479 ' ,'0 0 0 0 0 0 0 0 ' ,83 ,1 ,4, 4
592 ,529, 576, '525 468 559 540 476 471 493 471 ' ,'0 0 0 0 0 0 0 0 ' ,94 ,2 ,4, 4
595 ,584, 579, '562 554 557 544 470 454 502 495 ' ,'0 0 0 0 0 0 0 0 ' ,111 ,2 ,5, 5
655 ,585, 639, '562 506 602 555 495 519 542 624 ' ,'0 0 0 0 0 0 0 0 ' ,130 ,1 ,5, 4
684 ,646, 669, '584 589 650 614 534 505 502 514 ' ,'0 0 0 0 0 0 0 0 ' ,151 ,1 ,6, 6
711 ,677, 695, '611 590 595 584 522 590 543 668 ' ,'0 0 0 0 0 0 0 0 ' ,148 ,0 ,14, 5
656 ,701, 640, '603 594 624 576 519 595 544 550 ' ,'0 0 0 0 0 0 0 0 ' ,104 ,0 ,5, 5
627 ,646, 613, '590 571 594 597 541 490 547 540 ' ,'0 0 0 0 0 0 0 0 ' ,107 ,1 ,5, 4
602 ,619, 586, '569 543 540 564 501 496 520 498 ' ,'0 0 0 0 0 0 0 0 ' ,77 ,0 ,5, 4
598 ,597, 581, '564 506 530 523 439 469 514 485 ' ,'0 0 0 0 0 0 0 0 ' ,126 ,1 ,4, 4
561 ,590, 545, '478 487 527 517 467 484 489 505 ' ,'0 0 0 0 0 0 0 0 ' ,63 ,1 ,5, 5
562 ,553, 546, '524 528 499 505 452 423 479 488 ' ,'0 0 0 0 0 0 0 0 ' ,111 ,2 ,4, 4
567 ,552, 550, '531 492 514 498 381 468 461 443 ' ,'0 0 0 0 0 0 0 0 ' ,154 ,1 ,5, 4
586 ,556, 571, '549 516 507 522 444 424 474 471 ' ,'0 0 0 0 0 0 0 0 ' ,133 ,1 ,4, 4
552 ,577, 538, '508 488 521 516 448 428 470 476 ' ,'0 0 0 0 0 0 0 0 ' ,93 ,1 ,4, 4
578 ,545, 561, '487 522 516 546 472 500 476 497 ' ,'0 0 0 0 0 0 0 0 ' ,74 ,1 ,4, 4
684 ,568, 666, '647 543 607 515 493 536 503 490 ' ,'0 0 0 0 0 0 0 0 ' ,160 ,1 ,4, 4
604 ,671, 590, '530 526 573 558 515 482 527 561 ' ,'0 0 0 0 0 0 0 0 ' ,93 ,2 ,5, 5
636 ,595, 621, '530 573 592 605 484 494 497 527 ' ,'0 0 0 0 0 0 0 0 ' ,122 ,2 ,4, 4
648 ,628, 631, '570 587 614 566 492 547 535 582 ' ,'0 0 0 0 0 0 0 0 ' ,123 ,1 ,5, 4
674 ,638, 657, '610 638 605 546 560 520 524 534 ' ,'0 0 0 0 0 0 0 0 ' ,123 ,1 ,4, 4
663 ,666, 647, '626 572 562 628 519 489 544 513 ' ,'0 0 0 0 0 0 0 0 ' ,142 ,1 ,5, 5
702 ,654, 684, '550 546 552 672 467 477 505 522 ' ,'0 0 0 146 0 0 0 0 ' ,204 ,1 ,3, 3
558 ,694, 542, '522 524 491 522 421 430 496 488 ' ,'0 0 0 0 0 0 0 0 ' ,107 ,1 ,4, 4
574 ,548, 559, '510 543 494 498 448 469 454 473 ' ,'0 0 0 0 0 0 0 0 ' ,97 ,1 ,2, 2
705 ,567, 690, '511 468 532 506 435 439 485 439 ' ,'0 0 0 0 0 0 0 0 ' ,239 ,1 ,5, 4
631 ,697, 614, '597 506 526 539 463 465 476 434 ' ,'0 0 0 0 0 0 0 0 ' ,167 ,1 ,4, 4
593 ,620, 576, '560 509 518 494 469 438 491 481 ' ,'0 0 0 0 0 0 0 0 ' ,125 ,1 ,4, 4
566 ,583, 552, '516 517 498 538 437 446 496 481 ' ,'0 0 0 0 0 0 0 0 ' ,99 ,1 ,5, 4
683 ,557, 667, '609 468 549 539 502 471 649 509 ' ,'0 0 0 0 0 0 146 0 ' ,184 ,1 ,5, 4
754 ,673, 738, '589 572 718 581 516 525 514 516 ' ,'0 0 142 0 0 0 0 0 ' ,205 ,2 ,5, 4
634 ,745, 616, '571 514 570 592 486 539 597 538 ' ,'0 0 0 0 0 0 0 0 ' ,113 ,1 ,5, 5
684 ,624, 665, '588 590 580 592 507 492 546 568 ' ,'0 0 0 0 0 0 0 0 ' ,143 ,1 ,5, 5
653 ,673, 638, '562 574 580 625 522 535 583 541 ' ,'0 0 0 0 0 0 0 0 ' ,97 ,1 ,5, 5
639 ,645, 621, '591 595 591 578 552 604 602 560 ' ,'0 0 0 0 0 0 0 0 ' ,51 ,1 ,5, 4
670 ,627, 655, '562 549 587 605 529 510 571 487 ' ,'0 0 0 0 0 0 0 0 ' ,128 ,1 ,6, 5
662 ,661, 648, '521 569 593 551 632 536 483 510 ' ,'0 0 0 0 0 0 0 0 ' ,151 ,1 ,3, 3
599 ,656, 584, '505 537 565 503 486 436 502 475 ' ,'0 0 0 0 0 0 0 0 ' ,131 ,1 ,5, 4
552 ,593, 537, '470 518 484 500 407 469 465 510 ' ,'0 0 0 0 0 0 0 0 ' ,113 ,1 ,4, 4
570 ,543, 555, '533 501 520 507 449 431 480 477 ' ,'0 0 0 0 0 0 0 0 ' ,106 ,1 ,4, 4
618 ,560, 604, '502 529 585 503 437 444 477 448 ' ,'0 0 0 0 0 0 0 0 ' ,153 ,2 ,4, 4
608 ,611, 593, '522 497 530 580 495 516 484 520 ' ,'0 0 0 0 0 0 0 0 ' ,94 ,1 ,3, 3
617 ,598, 603, '528 581 581 583 497 503 492 497 ' ,'0 0 0 0 0 0 0 0 ' ,94 ,1 ,3, 3
621 ,613, 605, '534 548 564 588 522 534 515 559 ' ,'0 0 0 0 0 0 0 0 ' ,71 ,1 ,6, 6
613 ,612, 596, '576 555 554 581 497 516 532 509 ' ,'0 0 0 0 0 0 0 0 ' ,87 ,2 ,3, 3
685 ,606, 667, '555 551 647 563 456 528 556 535 ' ,'0 0 0 0 0 0 0 0 ' ,190 ,1 ,3, 3
607 ,671, 593, '555 508 575 530 516 527 531 560 ' ,'0 0 0 0 0 0 0 0 ' ,70 ,2 ,5, 5
677 ,602, 663, '643 574 583 621 550 564 524 557 ' ,'0 0 0 0 0 0 0 0 ' ,121 ,1 ,6, 6
692 ,667, 676, '656 613 595 528 541 536 546 595 ' ,'0 0 0 0 0 0 0 0 ' ,134 ,1 ,5, 5
625 ,684, 611, '590 562 542 548 473 536 567 542 ' ,'0 0 0 0 0 0 0 0 ' ,121 ,2 ,6, 6
652 ,617, 637, '558 523 619 535 480 545 530 517 ' ,'0 0 0 0 0 0 0 0 ' ,141 ,2 ,5, 5
615 ,642, 600, '582 492 541 523 446 515 502 478 ' ,'0 0 0 0 0 0 0 0 ' ,141 ,1 ,3, 3
541 ,607, 527, '507 487 503 501 450 449 466 483 ' ,'0 0 0 0 0 0 0 0 ' ,61 ,1 ,4, 4
572 ,534, 553, '502 494 537 514 431 394 499 472 ' ,'0 0 0 0 0 0 0 0 ' ,148 ,1 ,2, 2
555 ,563, 536, '512 489 486 518 429 461 518 479 ' ,'0 0 0 0 0 0 0 0 ' ,92 ,1 ,3, 3
540 ,544, 525, '507 463 471 486 455 456 480 490 ' ,'0 0 0 0 0 0 0 0 ' ,54 ,1 ,4, 4
610 ,530, 595, '573 534 506 507 446 523 471 441 ' ,'0 0 0 0 0 0 0 0 ' ,139 ,1 ,4, 4
573 ,600, 553, '426 490 518 540 457 456 490 470 ' ,'0 0 0 0 0 0 0 0 ' ,112 ,1 ,4, 4
584 ,561, 566, '508 514 514 550 429 475 456 467 ' ,'0 0 0 0 0 0 0 0 ' ,122 ,1 ,4, 4
613 ,571, 597, '543 549 576 545 500 514 483 504 ' ,'0 0 0 0 0 0 0 0 ' ,98 ,2 ,4, 4
685 ,603, 666, '544 582 648 602 527 523 515 509 ' ,'0 0 0 0 0 0 0 0 ' ,143 ,2 ,3, 3
662 ,674, 646, '626 557 559 583 560 550 530 613 ' ,'0 0 0 0 0 0 0 0 ' ,102 ,2 ,3, 3
679 ,654, 663, '605 588 618 646 522 505 559 594 ' ,'0 0 0 0 0 0 0 0 ' ,143 ,2 ,5, 5
659 ,670, 645, '626 561 585 608 520 495 553 596 ' ,'0 0 0 0 0 0 0 0 ' ,136 ,1 ,3, 3
638 ,654, 620, '551 531 598 532 459 476 476 524 ' ,'0 0 0 0 0 0 0 0 ' ,141 ,2 ,6, 6
576 ,631, 561, '505 542 533 506 499 479 446 539 ' ,'0 0 0 0 0 0 0 0 ' ,100 ,2 ,3, 3
607 ,569, 592, '571 516 501 537 512 503 464 468 ' ,'0 0 0 0 0 0 0 0 ' ,111 ,2 ,5, 5
563 ,598, 535, '457 470 515 502 402 425 477 471 ' ,'0 0 0 0 0 0 0 0 ' ,118 ,1 ,3, 3
567 ,555, 553, '477 533 515 490 440 458 437 472 ' ,'0 0 0 0 0 0 0 0 ' ,101 ,1 ,3, 3
538 ,561, 523, '497 477 462 511 434 431 478 470 ' ,'0 0 0 0 0 0 0 0 ' ,78 ,1 ,4, 4
542 ,529, 527, '482 508 494 503 413 399 429 459 ' ,'0 0 0 0 0 0 0 0 ' ,113 ,1 ,5, 5
571 ,534, 556, '484 534 532 503 467 501 487 449 ' ,'0 0 0 0 0 0 0 0 ' ,91 ,1 ,5, 5
575 ,563, 558, '494 521 540 527 501 490 516 477 ' ,'0 0 0 0 0 0 0 0 ' ,68 ,1 ,5, 5
610 ,565, 595, '525 549 556 579 476 527 469 547 ' ,'0 0 0 0 0 0 0 0 ' ,108 ,1 ,5, 5
622 ,604, 607, '518 523 589 581 505 484 542 525 ' ,'0 0 0 0 0 0 0 0 ' ,108 ,1 ,3, 3
657 ,614, 639, '618 559 578 556 507 546 576 572 ' ,'0 0 0 0 0 0 0 0 ' ,118 ,1 ,6, 6
661 ,647, 646, '624 584 614 620 546 544 580 562 ' ,'0 0 0 0 0 0 0 0 ' ,84 ,1 ,4, 4
657 ,653, 642, '611 609 616 629 522 546 591 581 ' ,'0 0 0 0 0 0 0 0 ' ,106 ,2 ,5, 5
668 ,648, 653, '554 631 623 592 529 508 507 504 ' ,'0 0 0 0 0 0 0 0 ' ,134 ,1 ,5, 5
621 ,659, 607, '547 585 555 498 415 543 489 535 ' ,'0 0 0 0 0 0 0 0 ' ,172 ,1 ,6, 6
621 ,612, 607, '557 584 541 477 471 474 475 445 ' ,'0 0 0 0 0 0 0 0 ' ,148 ,2 ,5, 5
589 ,612, 572, '493 555 531 482 512 458 489 487 ' ,'0 0 0 0 0 0 0 0 ' ,100 ,1 ,2, 2
574 ,582, 559, '521 507 543 521 464 423 504 411 ' ,'0 0 0 0 0 0 0 0 ' ,132 ,1 ,3, 3
556 ,566, 540, '488 473 452 517 427 447 442 444 ' ,'0 0 0 0 0 0 0 0 ' ,89 ,2 ,5, 5
570 ,545, 555, '507 517 534 461 455 506 470 449 ' ,'0 0 0 0 0 0 0 0 ' ,92 ,1 ,4, 4
561 ,563, 547, '463 483 453 526 438 491 495 438 ' ,'0 0 0 0 0 0 0 0 ' ,93 ,1 ,3, 3
628 ,554, 612, '588 536 584 545 536 495 528 521 ' ,'0 0 0 0 0 0 0 0 ' ,100 ,1 ,5, 5
617 ,617, 602, '578 534 578 555 519 484 461 518 ' ,'0 0 0 0 0 0 0 0 ' ,124 ,1 ,3, 3
645 ,610, 629, '542 540 575 614 535 526 519 488 ' ,'0 0 0 0 0 0 0 0 ' ,127 ,1 ,4, 4
648 ,636, 633, '607 567 611 578 539 541 561 550 ' ,'0 0 0 0 0 0 0 0 ' ,75 ,2 ,6, 6
615 ,638, 601, '565 573 584 569 531 526 539 561 ' ,'0 0 0 0 0 0 0 0 ' ,63 ,2 ,3, 3
656 ,610, 637, '620 595 614 551 480 556 557 580 ' ,'0 0 0 0 0 0 0 0 ' ,141 ,1 ,3, 3
675 ,646, 658, '625 560 571 560 553 557 579 641 ' ,'0 0 0 0 0 0 0 0 ' ,90 ,1 ,3, 3
619 ,670, 602, '571 578 545 586 528 512 555 524 ' ,'0 0 0 0 0 0 0 0 ' ,73 ,1 ,3, 3
686 ,612, 667, '534 577 649 579 497 537 544 538 ' ,'0 0 0 0 0 0 0 0 ' ,155 ,2 ,3, 3
596 ,678, 583, '560 506 536 497 480 523 527 558 ' ,'0 0 0 0 0 0 0 0 ' ,85 ,1 ,6, 6
594 ,588, 579, '554 537 556 510 519 534 522 512 ' ,'0 0 0 0 0 0 0 0 ' ,51 ,1 ,5, 5
595 ,586, 579, '492 523 562 531 450 497 448 478 ' ,'0 0 0 0 0 0 0 0 ' ,116 ,2 ,2, 2
583 ,587, 569, '487 522 493 481 441 476 486 551 ' ,'0 0 0 0 0 0 0 0 ' ,110 ,1 ,4, 4
564 ,575, 548, '484 514 505 533 489 447 461 436 ' ,'0 0 0 0 0 0 0 0 ' ,100 ,2 ,2, 2
585 ,557, 569, '503 550 546 534 489 487 468 470 ' ,'0 0 0 0 0 0 0 0 ' ,86 ,1 ,4, 4
576 ,576, 562, '511 512 542 513 527 510 513 478 ' ,'0 0 0 0 0 0 0 0 ' ,68 ,1 ,3, 3
598 ,569, 583, '525 513 550 550 473 536 502 481 ' ,'0 0 0 0 0 0 0 0 ' ,95 ,2 ,3, 3
647 ,589, 632, '492 608 540 590 514 555 544 510 ' ,'0 0 0 0 0 0 0 0 ' ,120 ,1 ,5, 5
678 ,637, 658, '544 555 588 642 530 545 590 475 ' ,'0 0 0 0 0 0 0 0 ' ,166 ,2 ,2, 2
668 ,667, 655, '577 548 630 638 545 519 529 545 ' ,'0 0 0 0 0 0 0 0 ' ,121 ,2 ,3, 3
651 ,662, 636, '568 614 590 567 550 543 521 600 ' ,'0 0 0 0 0 0 0 0 ' ,97 ,2 ,7, 7
645 ,642, 630, '607 556 554 525 477 495 495 542 ' ,'0 0 0 0 0 0 0 0 ' ,134 ,2 ,5, 5
620 ,635, 606, '514 581 541 551 477 492 502 512 ' ,'0 0 0 0 0 0 0 0 ' ,108 ,2 ,5, 5
600 ,611, 578, '472 560 527 495 441 481 464 489 ' ,'0 0 0 0 0 0 0 0 ' ,125 ,1 ,3, 3
586 ,591, 572, '524 554 524 544 456 462 493 466 ' ,'0 0 0 0 0 0 0 0 ' ,97 ,1 ,4, 4
562 ,579, 546, '498 527 508 494 452 458 443 468 ' ,'0 0 0 0 0 0 0 0 ' ,87 ,2 ,4, 4
572 ,555, 559, '496 535 489 493 471 434 463 445 ' ,'0 0 0 0 0 0 0 0 ' ,108 ,2 ,4, 4
560 ,564, 547, '492 526 500 465 478 431 477 423 ' ,'0 0 0 0 0 0 0 0 ' ,110 ,1 ,2, 2
556 ,554, 542, '419 453 520 499 428 454 464 420 ' ,'0 0 0 0 0 0 0 0 ' ,105 ,2 ,5, 5
550 ,546, 536, '480 494 476 522 443 421 476 464 ' ,'0 0 0 0 0 0 0 0 ' ,99 ,1 ,3, 3
525 ,543, 507, '493 475 486 488 482 425 461 449 ' ,'0 0 0 0 0 0 0 0 ' ,68 ,1 ,3, 3
524 ,516, 509, '472 484 490 476 434 452 404 455 ' ,'0 0 0 0 0 0 0 0 ' ,90 ,1 ,2, 2
562 ,517, 548, '471 520 453 473 420 409 415 407 ' ,'0 0 0 0 0 0 0 0 ' ,121 ,1 ,9, 9
563 ,552, 548, '483 446 526 505 461 441 428 454 ' ,'0 0 0 0 0 0 0 0 ' ,104 ,1 ,4, 4
570 ,554, 557, '496 536 506 475 474 449 461 452 ' ,'0 0 0 0 0 0 0 0 ' ,92 ,1 ,3, 2
621 ,563, 606, '550 510 588 541 487 523 519 501 ' ,'0 0 0 0 0 0 0 0 ' ,102 ,1 ,2, 2
659 ,615, 645, '560 562 625 593 514 532 571 523 ' ,'0 0 0 0 0 0 0 0 ' ,111 ,2 ,5, 5
647 ,650, 632, '553 608 581 593 506 540 567 570 ' ,'0 0 0 0 0 0 0 0 ' ,106 ,1 ,6, 6
681 ,638, 666, '636 598 592 549 523 524 565 645 ' ,'0 0 0 0 0 0 0 0 ' ,124 ,2 ,5, 5
612 ,673, 598, '554 526 519 541 500 520 500 580 ' ,'0 0 0 0 0 0 0 0 ' ,82 ,2 ,4, 4
564 ,605, 551, '523 510 494 518 506 485 522 522 ' ,'0 0 0 0 0 0 0 0 ' ,47 ,2 ,5, 4
600 ,557, 584, '559 558 524 524 466 487 529 464 ' ,'0 0 0 0 0 0 0 0 ' ,105 ,2 ,4, 4
574 ,589, 558, '494 536 487 487 463 452 425 456 ' ,'0 0 0 0 0 0 0 0 ' ,115 ,2 ,5, 4
597 ,564, 582, '523 561 460 509 472 456 484 524 ' ,'0 0 0 0 0 0 0 0 ' ,110 ,2 ,5, 4
586 ,590, 570, '496 549 475 512 441 505 451 472 ' ,'0 0 0 0 0 0 0 0 ' ,113 ,2 ,4, 4
520 ,576, 504, '469 451 484 472 434 455 449 460 ' ,'0 0 0 0 0 0 0 0 ' ,51 ,1 ,4, 3
535 ,512, 521, '498 490 483 481 469 443 458 455 ' ,'0 0 0 0 0 0 0 0 ' ,64 ,2 ,4, 4
575 ,526, 558, '517 485 482 540 436 443 486 443 ' ,'0 0 0 0 0 0 0 0 ' ,103 ,2 ,4, 4
613 ,569, 598, '562 570 460 559 484 430 503 527 ' ,'0 0 0 0 0 0 0 0 ' ,151 ,2 ,5, 5
630 ,604, 616, '542 594 557 539 552 526 533 528 ' ,'0 0 0 0 0 0 0 0 ' ,70 ,1 ,5, 5
637 ,622, 622, '552 574 557 604 529 592 523 535 ' ,'0 0 0 0 0 0 0 0 ' ,80 ,1 ,6, 5
652 ,629, 639, '538 568 618 587 530 507 546 552 ' ,'0 0 0 0 0 0 0 0 ' ,113 ,1 ,5, 5
676 ,644, 661, '583 636 569 618 551 504 553 569 ' ,'0 0 0 0 0 0 0 0 ' ,137 ,2 ,7, 6
631 ,667, 616, '596 560 562 562 537 476 547 496 ' ,'0 0 0 0 0 0 0 0 ' ,120 ,1 ,5, 5
605 ,623, 590, '526 521 527 570 518 496 539 505 ' ,'0 0 0 0 0 0 0 0 ' ,77 ,2 ,5, 5
595 ,596, 580, '537 524 524 554 504 505 518 560 ' ,'0 0 0 0 0 0 0 0 ' ,57 ,2 ,5, 4
590 ,587, 575, '524 509 548 540 493 550 514 508 ' ,'0 0 0 0 0 0 0 0 ' ,65 ,2 ,3, 2
682 ,582, 669, '469 513 543 553 490 486 500 555 ' ,'0 0 0 0 0 0 0 0 ' ,182 ,2 ,4, 4
559 ,675, 543, '523 495 456 482 427 434 493 457 ' ,'0 0 0 0 0 0 0 0 ' ,96 ,1 ,4, 4
559 ,551, 546, '509 460 494 526 453 397 420 464 ' ,'0 0 0 0 0 0 0 0 ' ,131 ,2 ,4, 4
542 ,552, 526, '499 479 497 490 429 483 496 455 ' ,'0 0 0 0 0 0 0 0 ' ,80 ,2 ,4, 4
505 ,532, 491, '435 467 462 462 433 456 446 444 ' ,'0 0 0 0 0 0 0 0 ' ,39 ,2 ,4, 4
558 ,496, 542, '482 518 436 507 434 428 451 483 ' ,'0 0 0 0 0 0 0 0 ' ,97 ,2 ,4, 4
522 ,549, 506, '479 487 481 481 423 444 445 415 ' ,'0 0 0 0 0 0 0 0 ' ,75 ,1 ,4, 4
573 ,513, 560, '508 493 502 514 462 452 524 526 ' ,'0 0 0 0 0 0 0 0 ' ,93 ,2 ,3, 3
615 ,567, 600, '553 513 580 552 456 498 528 483 ' ,'0 0 0 0 0 0 0 0 ' ,123 ,2 ,5, 5
635 ,607, 620, '508 573 578 602 472 498 471 536 ' ,'0 0 0 0 0 0 0 0 ' ,129 ,2 ,5, 5
676 ,628, 660, '633 580 542 549 534 553 526 516 ' ,'0 0 0 0 0 0 0 0 ' ,125 ,2 ,5, 5
646 ,666, 631, '606 574 605 537 528 485 560 527 ' ,'0 0 0 0 0 0 0 0 ' ,128 ,2 ,5, 5
646 ,636, 630, '597 606 570 532 501 549 581 540 ' ,'0 0 0 0 0 0 0 0 ' ,112 ,1 ,4, 4
641 ,638, 625, '586 598 596 586 532 522 542 544 ' ,'0 0 0 0 0 0 0 0 ' ,85 ,1 ,5, 5
672 ,634, 657, '622 632 600 581 562 493 587 559 ' ,'0 0 0 0 0 0 0 0 ' ,148 ,2 ,4, 4
658 ,666, 642, '618 607 552 566 540 512 552 566 ' ,'0 0 0 0 0 0 0 0 ' ,114 ,2 ,4, 4
644 ,651, 629, '599 602 549 525 540 496 565 532 ' ,'0 0 0 0 0 0 0 0 ' ,114 ,2 ,5, 5
616 ,637, 602, '465 536 577 578 509 559 539 523 ' ,'0 0 0 0 0 0 0 0 ' ,121 ,2 ,3, 3
626 ,610, 610, '587 537 463 542 481 518 533 510 ' ,'0 0 0 0 0 0 0 0 ' ,129 ,2 ,4, 4
552 ,616, 536, '516 442 481 502 444 448 478 427 ' ,'0 0 0 0 0 0 0 0 ' ,90 ,2 ,3, 3
586 ,542, 570, '493 547 499 528 457 438 452 502 ' ,'0 0 0 0 0 0 0 0 ' ,117 ,2 ,3, 3
545 ,578, 528, '471 482 496 481 426 450 506 482 ' ,'0 0 0 0 0 0 0 0 ' ,87 ,2 ,3, 3
532 ,537, 516, '486 461 486 495 452 400 465 449 ' ,'0 0 0 0 0 0 0 0 ' ,102 ,2 ,2, 2
