179 ,0, 105, '34 22 19 28 20 25 14 28 13 18 14 14 13 12 22 48 ' ,'0 0 0 0 0 0 0 0 0 0 0 0 0 0 0 0 ' ,61 ,2 ,6, 5
293 ,144, 265, '251 208 214 255 183 211 135 153 165 119 221 189 197 194 154 219 ' ,'0 0 0 0 0 0 0 0 0 0 0 0 0 0 0 0 ' ,135 ,1 ,2, 1
128 ,281, 106, '91 96 101 74 34 45 47 51 51 46 47 42 44 44 53 48 ' ,'0 0 0 0 0 0 0 0 0 0 0 0 0 0 0 0 ' ,65 ,1 ,1, 0
348 ,119, 331, '86 96 97 99 46 50 45 49 45 52 51 307 54 47 27 49 ' ,'0 0 0 0 0 0 0 0 0 0 0 0 0 0 0 0 ' ,286 ,1 ,7, 7
145 ,336, 123, '76 87 91 105 43 50 47 54 48 50 56 43 37 41 47 51 ' ,'0 0 0 0 0 0 0 0 0 0 0 0 0 0 0 0 ' ,70 ,1 ,5, 4
140 ,135, 123, '86 73 102 110 55 58 56 45 42 53 45 53 39 42 43 55 ' ,'0 0 0 0 0 0 0 0 0 0 0 0 0 0 0 0 ' ,73 ,1 ,3, 3
351 ,129, 322, '88 89 90 106 308 57 46 52 49 302 46 55 48 44 296 53 ' ,'0 0 0 0 0 0 0 0 0 0 0 0 0 0 0 0 ' ,266 ,1 ,3, 3
135 ,341, 118, '102 92 101 108 45 36 48 48 49 38 48 54 46 53 54 44 ' ,'0 0 0 0 0 0 0 0 0 0 0 0 0 0 0 0 ' ,70 ,1 ,2, 1
140 ,129, 116, '86 93 89 110 57 52 48 38 54 48 50 52 51 51 51 61 ' ,'0 0 0 0 0 0 0 0 0 0 0 0 0 0 0 0 ' ,74 ,1 ,2, 1
128 ,131, 114, '98 79 83 99 55 57 38 47 41 41 46 48 29 51 44 48 ' ,'0 0 0 0 0 0 0 0 0 0 0 0 0 0 0 0 ' ,70 ,0 ,2, 1
118 ,120, 100, '83 87 89 89 57 51 39 43 56 44 43 45 34 40 41 33 ' ,'0 0 0 0 0 0 0 0 0 0 0 0 0 0 0 0 ' ,59 ,1 ,1, 1
115 ,114, 85, '79 74 77 71 48 41 55 45 43 46 45 40 36 57 46 41 ' ,'0 0 0 0 0 0 0 0 0 0 0 0 0 0 0 0 ' ,53 ,1 ,1, 1
118 ,107, 99, '80 86 73 57 53 43 53 39 51 50 50 49 28 45 41 42 ' ,'0 0 0 0 0 0 0 0 0 0 0 0 0 0 0 0 ' ,60 ,1 ,1, 1
133 ,110, 115, '105 78 80 80 50 48 36 62 48 59 74 45 45 43 48 60 ' ,'0 0 0 0 0 0 0 0 0 0 0 0 0 0 0 0 ' ,68 ,1 ,1, 1
140 ,120, 116, '90 95 91 109 55 47 46 47 52 53 68 49 48 52 39 48 ' ,'0 0 0 0 0 0 0 0 0 0 0 0 0 0 0 0 ' ,72 ,0 ,0, 0
159 ,129, 140, '119 119 121 124 61 66 87 82 74 73 74 68 65 60 64 99 ' ,'0 0 0 0 0 0 0 0 0 0 0 0 0 0 0 0 ' ,70 ,1 ,0, 0
195 ,157, 179, '145 122 138 145 89 65 92 59 94 47 106 77 106 78 93 125 ' ,'0 0 0 0 0 0 0 0 0 0 0 0 0 0 0 0 ' ,118 ,7 ,1, 1
128 ,187, 111, '91 91 90 100 49 50 52 53 42 38 39 43 47 54 47 48 ' ,'0 0 0 0 0 0 0 0 0 0 0 0 0 0 0 0 ' ,67 ,0 ,0, 0
119 ,120, 102, '91 71 85 76 37 44 49 37 56 61 43 42 35 53 52 47 ' ,'0 0 0 0 0 0 0 0 0 0 0 0 0 0 0 0 ' ,58 ,2 ,1, 1
142 ,111, 121, '102 111 101 104 49 47 61 50 67 46 58 54 60 54 48 53 ' ,'0 0 0 0 0 0 0 0 0 0 0 0 0 0 0 0 ' ,72 ,1 ,1, 0
135 ,134, 114, '91 92 80 106 41 56 31 49 52 54 34 39 45 48 48 61 ' ,'0 0 0 0 0 0 0 0 0 0 0 0 0 0 0 0 ' ,78 ,2 ,0, 0
123 ,124, 107, '80 102 94 87 64 47 51 46 42 50 46 55 50 64 49 33 ' ,'0 0 0 0 0 0 0 0 0 0 0 0 0 0 0 0 ' ,67 ,1 ,0, 0
144 ,115, 125, '87 93 118 90 56 48 50 56 59 45 38 53 47 43 52 55 ' ,'0 0 0 0 0 0 0 0 0 0 0 0 0 0 0 0 ' ,79 ,1 ,1, 1
130 ,135, 109, '85 75 93 100 41 52 50 50 46 45 35 49 40 39 54 48 ' ,'0 0 0 0 0 0 0 0 0 0 0 0 0 0 0 0 ' ,68 ,0 ,0, 0
124 ,121, 103, '79 94 81 76 61 33 49 49 56 49 52 50 34 45 50 49 ' ,'0 0 0 0 0 0 0 0 0 0 0 0 0 0 0 0 ' ,64 ,1 ,0, 0
126 ,116, 106, '78 96 74 90 58 40 52 56 48 50 46 51 42 43 53 42 ' ,'0 0 0 0 0 0 0 0 0 0 0 0 0 0 0 0 ' ,60 ,2 ,0, 0
130 ,117, 107, '81 67 97 71 61 37 34 45 29 45 46 47 46 47 49 48 ' ,'0 0 0 0 0 0 0 0 0 0 0 0 0 0 0 0 ' ,72 ,7 ,1, 1
119 ,118, 102, '79 76 66 93 39 43 56 49 32 40 41 51 61 46 45 26 ' ,'0 0 0 0 0 0 0 0 0 0 0 0 0 0 0 0 ' ,71 ,2 ,0, 0
126 ,110, 109, '87 89 87 65 47 31 44 34 38 36 45 44 51 45 53 43 ' ,'0 0 0 0 0 0 0 0 0 0 0 0 0 0 0 0 ' ,62 ,1 ,0, 0
121 ,117, 98, '81 84 83 89 42 38 46 49 46 45 45 47 42 40 34 52 ' ,'0 0 0 0 0 0 0 0 0 0 0 0 0 0 0 0 ' ,57 ,1 ,1, 1
114 ,111, 96, '86 66 92 71 39 45 35 41 44 45 33 42 43 49 47 51 ' ,'0 0 0 0 0 0 0 0 0 0 0 0 0 0 0 0 ' ,59 ,0 ,0, 0
124 ,107, 97, '90 85 87 78 39 39 47 41 43 27 49 31 38 37 50 36 ' ,'0 0 0 0 0 0 0 0 0 0 0 0 0 0 0 0 ' ,64 ,0 ,1, 1
105 ,106, 85, '73 76 81 80 41 37 50 41 37 46 50 44 43 54 44 44 ' ,'0 0 0 0 0 0 0 0 0 0 0 0 0 0 0 0 ' ,48 ,1 ,0, 0
127 ,96, 107, '99 95 96 99 57 51 48 51 62 45 76 26 49 47 39 50 ' ,'0 0 0 0 0 0 0 0 0 0 0 0 0 0 0 0 ' ,75 ,0 ,0, 0
129 ,120, 111, '99 66 78 106 42 73 33 56 61 38 57 46 38 48 52 61 ' ,'0 0 0 0 0 0 0 0 0 0 0 0 0 0 0 0 ' ,69 ,1 ,0, 0
264 ,120, 240, '98 89 98 120 52 49 54 59 62 44 51 53 49 61 48 50 ' ,'0 0 0 0 0 0 0 0 0 0 0 0 0 0 0 0 ' ,191 ,1 ,1, 1
132 ,254, 113, '106 89 103 99 53 62 46 61 37 36 43 48 54 52 55 58 ' ,'0 0 0 0 0 0 0 0 0 0 0 0 0 0 0 0 ' ,71 ,0 ,0, 0
129 ,122, 111, '98 91 108 100 57 48 54 47 51 55 51 50 43 47 40 63 ' ,'0 0 0 0 0 0 0 0 0 0 0 0 0 0 0 0 ' ,65 ,1 ,0, 0
122 ,121, 105, '100 75 98 94 48 39 45 55 47 46 52 43 58 49 31 45 ' ,'0 0 0 0 0 0 0 0 0 0 0 0 0 0 0 0 ' ,69 ,0 ,0, 0
126 ,114, 107, '92 84 93 100 44 28 33 48 54 50 47 45 45 46 34 57 ' ,'0 0 0 0 0 0 0 0 0 0 0 0 0 0 0 0 ' ,68 ,1 ,0, 0
130 ,116, 111, '89 94 74 98 52 46 36 49 70 38 66 48 37 59 33 72 ' ,'0 0 0 0 0 0 0 0 0 0 0 0 0 0 0 0 ' ,71 ,1 ,1, 1
137 ,122, 110, '68 95 90 90 46 53 52 47 42 56 49 36 44 38 52 56 ' ,'0 0 0 0 0 0 0 0 0 0 0 0 0 0 0 0 ' ,62 ,0 ,1, 1
133 ,118, 117, '65 92 100 110 41 55 48 46 48 47 40 55 31 38 45 46 ' ,'0 0 0 0 0 0 0 0 0 0 0 0 0 0 0 0 ' ,79 ,0 ,1, 1
128 ,125, 110, '94 104 87 108 52 50 37 55 50 32 49 51 45 55 45 43 ' ,'0 0 0 0 0 0 0 0 0 0 0 0 0 0 0 0 ' ,72 ,0 ,1, 1
124 ,120, 104, '92 98 98 97 53 57 48 51 45 49 45 48 49 50 45 53 ' ,'0 0 0 0 0 0 0 0 0 0 0 0 0 0 0 0 ' ,58 ,0 ,1, 1
120 ,116, 97, '84 78 91 92 42 51 46 44 60 45 47 48 43 51 46 45 ' ,'0 0 0 0 0 0 0 0 0 0 0 0 0 0 0 0 ' ,51 ,0 ,0, 0
117 ,109, 97, '66 74 84 91 35 43 39 43 45 55 44 41 47 29 40 45 ' ,'0 0 0 0 0 0 0 0 0 0 0 0 0 0 0 0 ' ,64 ,0 ,0, 0
117 ,107, 98, '94 89 82 86 48 46 49 41 49 39 47 38 46 37 46 45 ' ,'0 0 0 0 0 0 0 0 0 0 0 0 0 0 0 0 ' ,56 ,1 ,0, 0
111 ,109, 91, '79 87 76 82 49 42 43 41 44 44 51 49 54 33 27 36 ' ,'0 0 0 0 0 0 0 0 0 0 0 0 0 0 0 0 ' ,58 ,1 ,0, 0
117 ,104, 99, '90 90 90 77 45 65 42 45 39 47 47 47 49 50 35 44 ' ,'0 0 0 0 0 0 0 0 0 0 0 0 0 0 0 0 ' ,58 ,0 ,0, 0
113 ,109, 91, '75 90 76 74 49 38 41 47 42 43 39 42 42 52 34 57 ' ,'0 0 0 0 0 0 0 0 0 0 0 0 0 0 0 0 ' ,55 ,1 ,1, 1
142 ,105, 112, '85 90 105 93 55 48 49 49 45 49 23 49 51 41 44 49 ' ,'0 0 0 0 0 0 0 0 0 0 0 0 0 0 0 0 ' ,83 ,0 ,0, 0
122 ,123, 103, '95 94 98 96 54 44 64 45 48 51 46 45 52 53 59 50 ' ,'0 0 0 0 0 0 0 0 0 0 0 0 0 0 0 0 ' ,55 ,0 ,0, 0
127 ,112, 110, '85 97 90 104 59 61 54 49 60 54 37 54 48 54 54 52 ' ,'0 0 0 0 0 0 0 0 0 0 0 0 0 0 0 0 ' ,68 ,0 ,1, 1
121 ,118, 104, '86 98 83 97 63 50 51 54 59 48 53 42 48 57 49 40 ' ,'0 0 0 0 0 0 0 0 0 0 0 0 0 0 0 0 ' ,61 ,0 ,0, 0
128 ,112, 104, '82 93 96 97 64 44 45 53 44 68 37 56 41 50 75 59 ' ,'0 0 0 0 0 0 0 0 0 0 0 0 0 0 0 0 ' ,63 ,0 ,1, 0
139 ,114, 121, '94 75 102 117 56 43 49 53 39 52 44 49 53 55 55 52 ' ,'0 0 0 0 0 0 0 0 0 0 0 0 0 0 0 0 ' ,76 ,0 ,0, 0
131 ,129, 111, '87 88 81 102 61 33 49 61 40 42 33 56 48 64 56 50 ' ,'0 0 0 0 0 0 0 0 0 0 0 0 0 0 0 0 ' ,72 ,0 ,1, 1
138 ,122, 120, '74 81 115 79 52 44 53 49 53 44 42 32 55 46 42 50 ' ,'0 0 0 0 0 0 0 0 0 0 0 0 0 0 0 0 ' ,81 ,0 ,1, 1
136 ,130, 111, '114 112 84 94 55 47 50 47 40 54 51 53 48 53 30 65 ' ,'0 0 0 0 0 0 0 0 0 0 0 0 0 0 0 0 ' ,86 ,1 ,1, 1
133 ,129, 115, '90 82 83 108 67 49 39 53 53 69 38 44 49 57 67 56 ' ,'0 0 0 0 0 0 0 0 0 0 0 0 0 0 0 0 ' ,72 ,0 ,0, 0
132 ,124, 112, '92 90 109 81 67 50 38 34 52 58 49 48 42 46 47 40 ' ,'0 0 0 0 0 0 0 0 0 0 0 0 0 0 0 0 ' ,72 ,0 ,0, 0
115 ,122, 93, '90 84 90 80 55 32 42 56 46 50 43 40 49 43 48 46 ' ,'0 0 0 0 0 0 0 0 0 0 0 0 0 0 0 0 ' ,59 ,0 ,0, 0
118 ,106, 94, '80 85 83 92 60 44 48 45 50 56 47 43 50 49 57 57 ' ,'0 0 0 0 0 0 0 0 0 0 0 0 0 0 0 0 ' ,50 ,0 ,0, 0
116 ,107, 93, '76 76 68 91 49 39 51 41 37 40 37 30 50 47 52 41 ' ,'0 0 0 0 0 0 0 0 0 0 0 0 0 0 0 0 ' ,55 ,0 ,1, 1
242 ,108, 221, '72 80 82 90 82 38 47 41 49 87 35 43 41 52 76 42 ' ,'0 0 0 0 0 0 0 0 0 0 0 0 0 0 0 0 ' ,179 ,0 ,1, 1
117 ,234, 96, '85 83 76 89 54 53 42 47 45 43 46 38 57 52 50 50 ' ,'0 0 0 0 0 0 0 0 0 0 0 0 0 0 0 0 ' ,52 ,0 ,1, 1
114 ,108, 94, '86 84 82 87 56 47 42 42 37 43 46 38 48 35 54 41 ' ,'0 0 0 0 0 0 0 0 0 0 0 0 0 0 0 0 ' ,54 ,1 ,0, 0
127 ,101, 101, '85 96 97 93 48 45 33 29 51 45 51 44 39 42 52 44 ' ,'0 0 0 0 0 0 0 0 0 0 0 0 0 0 0 0 ' ,74 ,0 ,0, 0
116 ,119, 100, '93 76 76 83 44 38 44 38 44 39 52 42 45 39 44 49 ' ,'0 0 0 0 0 0 0 0 0 0 0 0 0 0 0 0 ' ,54 ,0 ,0, 0
172 ,108, 155, '83 84 98 89 68 52 43 47 47 70 49 44 56 49 63 54 ' ,'0 0 0 0 0 0 0 0 0 0 0 0 0 0 0 0 ' ,108 ,1 ,0, 0
136 ,165, 112, '113 92 88 90 37 54 36 43 45 56 58 42 49 53 50 46 ' ,'0 0 0 0 0 0 0 0 0 0 0 0 0 0 0 0 ' ,78 ,1 ,0, 0
126 ,127, 103, '98 96 87 97 44 49 47 53 55 51 56 50 51 50 46 54 ' ,'0 0 0 0 0 0 0 0 0 0 0 0 0 0 0 0 ' ,55 ,0 ,0, 0
127 ,115, 112, '91 104 103 87 54 51 45 49 29 41 52 56 40 58 46 42 ' ,'0 0 0 0 0 0 0 0 0 0 0 0 0 0 0 0 ' ,75 ,0 ,0, 0
124 ,118, 110, '76 95 94 100 45 39 44 45 38 52 49 54 52 51 55 48 ' ,'0 0 0 0 0 0 0 0 0 0 0 0 0 0 0 0 ' ,64 ,0 ,1, 1
128 ,115, 112, '92 85 92 99 62 46 37 49 43 58 50 40 47 54 66 47 ' ,'0 0 0 0 0 0 0 0 0 0 0 0 0 0 0 0 ' ,66 ,0 ,0, 0
127 ,120, 112, '90 104 87 84 44 33 35 62 33 41 38 46 43 46 41 47 ' ,'0 0 0 0 0 0 0 0 0 0 0 0 0 0 0 0 ' ,72 ,1 ,0, 0
117 ,117, 104, '82 79 91 91 54 32 50 50 38 47 44 39 56 57 45 45 ' ,'0 0 0 0 0 0 0 0 0 0 0 0 0 0 0 0 ' ,64 ,0 ,1, 1
124 ,109, 107, '87 102 79 90 46 48 48 44 49 44 49 32 38 45 50 41 ' ,'0 0 0 0 0 0 0 0 0 0 0 0 0 0 0 0 ' ,65 ,0 ,0, 0
158 ,115, 137, '106 121 86 89 26 51 47 56 46 40 68 55 47 47 50 52 ' ,'0 0 0 0 0 0 0 0 0 0 0 0 0 0 0 0 ' ,105 ,0 ,0, 0
119 ,145, 96, '91 75 84 85 70 48 35 44 48 87 56 44 47 53 86 51 ' ,'0 0 0 0 0 0 0 0 0 0 0 0 0 0 0 0 ' ,54 ,1 ,0, 0
114 ,104, 98, '84 74 90 65 47 46 39 43 39 43 37 46 49 47 54 32 ' ,'0 0 0 0 0 0 0 0 0 0 0 0 0 0 0 0 ' ,62 ,0 ,0, 0
125 ,106, 110, '75 86 103 96 34 46 39 44 42 45 47 48 46 53 34 59 ' ,'0 0 0 0 0 0 0 0 0 0 0 0 0 0 0 0 ' ,70 ,1 ,0, 0
111 ,116, 94, '85 77 86 77 33 51 49 45 63 35 38 43 51 53 46 34 ' ,'0 0 0 0 0 0 0 0 0 0 0 0 0 0 0 0 ' ,55 ,0 ,1, 1
109 ,102, 94, '74 72 85 85 52 51 45 42 44 46 37 50 55 41 49 44 ' ,'0 0 0 0 0 0 0 0 0 0 0 0 0 0 0 0 ' ,50 ,0 ,0, 0
109 ,101, 95, '81 78 89 78 66 46 44 53 50 77 42 38 45 43 55 49 ' ,'0 0 0 0 0 0 0 0 0 0 0 0 0 0 0 0 ' ,48 ,0 ,1, 1
128 ,101, 110, '86 94 93 102 47 59 45 49 60 50 62 50 50 50 39 65 ' ,'0 0 0 0 0 0 0 0 0 0 0 0 0 0 0 0 ' ,64 ,0 ,0, 0
146 ,119, 121, '92 113 88 70 46 49 54 57 63 48 52 55 46 43 40 49 ' ,'0 0 0 0 0 0 0 0 0 0 0 0 0 0 0 0 ' ,74 ,1 ,1, 1
133 ,139, 117, '93 106 88 111 49 54 58 47 58 53 53 56 38 54 43 55 ' ,'0 0 0 0 0 0 0 0 0 0 0 0 0 0 0 0 ' ,68 ,1 ,1, 1
135 ,127, 120, '93 85 91 108 53 49 34 41 48 62 59 55 53 60 53 51 ' ,'0 0 0 0 0 0 0 0 0 0 0 0 0 0 0 0 ' ,75 ,0 ,0, 0
135 ,127, 112, '97 88 82 104 75 46 34 52 50 64 61 48 47 47 53 64 ' ,'0 0 0 0 0 0 0 0 0 0 0 0 0 0 0 0 ' ,71 ,0 ,0, 0
126 ,119, 109, '99 100 83 81 46 65 45 48 54 45 52 47 43 48 49 73 ' ,'0 0 0 0 0 0 0 0 0 0 0 0 0 0 0 0 ' ,57 ,0 ,1, 1
119 ,118, 99, '85 82 90 84 48 47 40 47 50 47 50 44 42 39 56 46 ' ,'0 0 0 0 0 0 0 0 0 0 0 0 0 0 0 0 ' ,52 ,0 ,1, 1
111 ,107, 97, '77 90 78 70 38 43 35 49 55 43 33 53 35 49 44 42 ' ,'0 0 0 0 0 0 0 0 0 0 0 0 0 0 0 0 ' ,55 ,1 ,1, 1
106 ,103, 91, '76 70 72 81 47 39 34 41 41 37 41 49 41 34 38 43 ' ,'0 0 0 0 0 0 0 0 0 0 0 0 0 0 0 0 ' ,48 ,0 ,0, 0
110 ,98, 94, '83 82 83 87 57 33 31 39 38 66 40 42 44 39 81 36 ' ,'0 0 0 0 0 0 0 0 0 0 0 0 0 0 0 0 ' ,55 ,0 ,1, 1
116 ,100, 98, '85 85 80 92 45 51 46 50 49 52 60 44 44 51 37 66 ' ,'0 0 0 0 0 0 0 0 0 0 0 0 0 0 0 0 ' ,55 ,0 ,0, 0
115 ,106, 96, '57 88 79 76 30 43 42 52 45 44 35 28 46 56 37 29 ' ,'0 0 0 0 0 0 0 0 0 0 0 0 0 0 0 0 ' ,64 ,0 ,0, 0
113 ,104, 99, '87 92 87 76 48 46 40 37 47 34 36 37 35 43 48 52 ' ,'0 0 0 0 0 0 0 0 0 0 0 0 0 0 0 0 ' ,53 ,1 ,0, 0
131 ,103, 112, '103 84 82 86 46 58 45 47 50 41 38 42 43 47 47 53 ' ,'0 0 0 0 0 0 0 0 0 0 0 0 0 0 0 0 ' ,68 ,1 ,0, 0
215 ,120, 198, '87 91 83 63 61 52 49 47 54 54 33 38 47 50 61 60 ' ,'0 0 0 0 0 0 0 0 0 0 0 0 0 0 0 0 ' ,158 ,0 ,1, 1
128 ,204, 113, '106 89 89 88 50 69 46 43 46 48 73 45 46 46 49 71 ' ,'0 0 0 0 0 0 0 0 0 0 0 0 0 0 0 0 ' ,64 ,1 ,1, 1
128 ,118, 112, '94 103 91 87 55 54 61 50 57 45 50 52 49 39 51 51 ' ,'0 0 0 0 0 0 0 0 0 0 0 0 0 0 0 0 ' ,65 ,0 ,0, 0
129 ,120, 111, '97 86 97 99 49 63 34 52 51 47 46 57 44 42 52 59 ' ,'0 0 0 0 0 0 0 0 0 0 0 0 0 0 0 0 ' ,66 ,1 ,1, 1
133 ,118, 117, '105 109 97 99 35 51 57 51 64 50 53 54 52 57 53 40 ' ,'0 0 0 0 0 0 0 0 0 0 0 0 0 0 0 0 ' ,75 ,0 ,0, 0
137 ,125, 121, '96 114 107 110 71 54 63 58 52 69 53 52 55 66 56 53 ' ,'0 0 0 0 0 0 0 0 0 0 0 0 0 0 0 0 ' ,64 ,0 ,1, 1
142 ,129, 127, '107 97 87 93 51 61 55 42 47 50 57 42 52 48 52 71 ' ,'0 0 0 0 0 0 0 0 0 0 0 0 0 0 0 0 ' ,65 ,0 ,1, 1
185 ,133, 157, '94 98 96 95 59 36 51 53 49 52 52 50 49 51 57 56 ' ,'0 0 0 0 0 0 0 0 0 0 0 0 0 0 0 0 ' ,116 ,1 ,1, 1
115 ,176, 101, '80 90 74 93 53 52 50 44 41 49 43 52 40 42 38 48 ' ,'0 0 0 0 0 0 0 0 0 0 0 0 0 0 0 0 ' ,55 ,0 ,1, 1
117 ,107, 101, '94 88 75 86 57 40 44 60 49 51 46 37 42 38 52 52 ' ,'0 0 0 0 0 0 0 0 0 0 0 0 0 0 0 0 ' ,57 ,0 ,0, 0
108 ,107, 95, '78 86 88 75 72 41 32 34 44 73 29 40 44 48 66 55 ' ,'0 0 0 0 0 0 0 0 0 0 0 0 0 0 0 0 ' ,57 ,0 ,0, 0
132 ,102, 117, '109 85 78 94 44 69 60 50 51 55 71 51 43 31 44 73 ' ,'0 0 0 0 0 0 0 0 0 0 0 0 0 0 0 0 ' ,78 ,0 ,1, 1
123 ,122, 109, '80 94 85 101 47 50 49 46 55 42 47 47 41 50 39 32 ' ,'0 0 0 0 0 0 0 0 0 0 0 0 0 0 0 0 ' ,73 ,1 ,0, 0
119 ,115, 103, '78 84 84 95 39 47 35 48 32 52 40 49 24 53 38 50 ' ,'0 0 0 0 0 0 0 0 0 0 0 0 0 0 0 0 ' ,71 ,0 ,1, 1
105 ,111, 90, '73 82 78 83 40 52 55 43 43 45 44 41 34 36 43 43 ' ,'0 0 0 0 0 0 0 0 0 0 0 0 0 0 0 0 ' ,47 ,0 ,1, 1
120 ,97, 103, '78 72 77 85 91 46 40 48 35 85 37 34 42 46 85 48 ' ,'0 0 0 0 0 0 0 0 0 0 0 0 0 0 0 0 ' ,61 ,0 ,1, 1
162 ,110, 145, '137 71 79 92 46 95 48 49 44 52 73 45 45 41 31 84 ' ,'0 0 0 0 0 0 0 0 0 0 0 0 0 0 0 0 ' ,107 ,0 ,1, 1
117 ,154, 102, '93 79 84 67 38 54 47 52 50 50 36 41 45 33 48 50 ' ,'0 0 0 0 0 0 0 0 0 0 0 0 0 0 0 0 ' ,60 ,0 ,0, 0
117 ,109, 96, '87 86 84 78 43 47 41 44 40 45 46 44 36 43 50 50 ' ,'0 0 0 0 0 0 0 0 0 0 0 0 0 0 0 0 ' ,53 ,0 ,0, 0
119 ,103, 102, '85 95 89 71 36 43 32 35 56 46 44 60 47 47 32 51 ' ,'0 0 0 0 0 0 0 0 0 0 0 0 0 0 0 0 ' ,65 ,0 ,0, 0
115 ,111, 95, '80 83 86 81 56 53 42 34 38 66 47 39 41 43 63 46 ' ,'0 0 0 0 0 0 0 0 0 0 0 0 0 0 0 0 ' ,52 ,0 ,1, 1
156 ,100, 139, '129 84 88 85 33 85 43 51 57 52 87 47 43 50 23 89 ' ,'0 0 0 0 0 0 0 0 0 0 0 0 0 0 0 0 ' ,108 ,0 ,1, 1
124 ,146, 107, '88 91 92 100 41 44 43 41 52 45 47 46 48 50 58 32 ' ,'0 0 0 0 0 0 0 0 0 0 0 0 0 0 0 0 ' ,69 ,0 ,0, 0
133 ,115, 116, '86 108 95 74 52 48 41 49 63 46 46 43 46 52 44 32 ' ,'0 0 0 0 0 0 0 0 0 0 0 0 0 0 0 0 ' ,82 ,1 ,1, 1
134 ,123, 117, '107 101 105 95 35 50 37 54 44 51 39 40 55 46 47 54 ' ,'0 0 0 0 0 0 0 0 0 0 0 0 0 0 0 0 ' ,76 ,1 ,1, 1
126 ,123, 111, '102 93 87 83 68 55 46 49 31 70 39 43 58 53 73 46 ' ,'0 0 0 0 0 0 0 0 0 0 0 0 0 0 0 0 ' ,73 ,1 ,1, 1
148 ,117, 128, '119 81 99 108 41 89 60 55 50 52 83 43 51 58 42 89 ' ,'0 0 0 0 0 0 0 0 0 0 0 0 0 0 0 0 ' ,81 ,0 ,1, 1
113 ,135, 100, '85 89 80 93 46 48 43 59 41 46 35 53 48 49 50 48 ' ,'0 0 0 0 0 0 0 0 0 0 0 0 0 0 0 0 ' ,58 ,0 ,0, 0
121 ,106, 105, '82 87 99 98 49 54 51 55 45 51 35 41 51 55 56 46 ' ,'0 0 0 0 0 0 0 0 0 0 0 0 0 0 0 0 ' ,60 ,0 ,0, 0
112 ,111, 97, '79 89 85 88 52 49 38 56 51 52 32 46 40 50 46 59 ' ,'0 0 0 0 0 0 0 0 0 0 0 0 0 0 0 0 ' ,54 ,0 ,1, 1
112 ,103, 97, '84 74 89 89 63 41 41 42 32 48 34 31 40 33 50 50 ' ,'0 0 0 0 0 0 0 0 0 0 0 0 0 0 0 0 ' ,53 ,1 ,0, 0
130 ,102, 114, '106 75 83 72 41 69 40 48 38 28 60 38 44 47 45 55 ' ,'0 0 0 0 0 0 0 0 0 0 0 0 0 0 0 0 ' ,81 ,1 ,1, 1
122 ,121, 100, '64 63 93 84 50 49 49 43 39 29 42 34 38 49 16 46 ' ,'0 0 0 0 0 0 0 0 0 0 0 0 0 0 0 0 ' ,79 ,1 ,0, 0
123 ,114, 102, '70 94 75 95 31 43 47 42 46 35 38 41 43 23 46 42 ' ,'0 0 0 0 0 0 0 0 0 0 0 0 0 0 0 0 ' ,72 ,0 ,1, 1
124 ,111, 93, '84 80 84 83 41 48 34 43 52 50 47 54 38 48 40 49 ' ,'0 0 0 0 0 0 0 0 0 0 0 0 0 0 0 0 ' ,52 ,0 ,0, 0
114 ,116, 99, '84 73 91 87 54 47 43 40 57 70 41 48 41 35 59 46 ' ,'0 0 0 0 0 0 0 0 0 0 0 0 0 0 0 0 ' ,56 ,0 ,1, 1
150 ,104, 132, '126 103 92 103 41 78 43 46 71 47 83 51 49 52 44 74 ' ,'0 0 0 0 0 0 0 0 0 0 0 0 0 0 0 0 ' ,87 ,1 ,0, 0
127 ,140, 108, '97 99 98 96 42 51 50 45 55 53 51 46 53 49 52 50 ' ,'0 0 0 0 0 0 0 0 0 0 0 0 0 0 0 0 ' ,58 ,0 ,0, 0
136 ,114, 115, '110 100 100 104 57 43 33 49 50 57 52 41 51 56 53 52 ' ,'0 0 0 0 0 0 0 0 0 0 0 0 0 0 0 0 ' ,75 ,0 ,0, 0
138 ,125, 122, '99 113 94 111 53 49 43 49 51 56 56 46 52 54 55 63 ' ,'0 0 0 0 0 0 0 0 0 0 0 0 0 0 0 0 ' ,72 ,1 ,1, 0
141 ,129, 117, '97 109 78 97 69 53 55 56 48 72 23 51 37 54 62 51 ' ,'0 0 0 0 0 0 0 0 0 0 0 0 0 0 0 0 ' ,89 ,0 ,1, 1
139 ,123, 121, '113 110 89 111 39 65 58 43 54 62 73 51 55 49 37 65 ' ,'0 0 0 0 0 0 0 0 0 0 0 0 0 0 0 0 ' ,76 ,0 ,1, 1
146 ,126, 132, '102 85 98 116 55 55 60 60 55 34 34 51 50 53 51 35 ' ,'0 0 0 0 0 0 0 0 0 0 0 0 0 0 0 0 ' ,93 ,1 ,1, 1
128 ,137, 114, '73 90 86 105 36 55 38 35 46 42 42 45 50 57 41 63 ' ,'0 0 0 0 0 0 0 0 0 0 0 0 0 0 0 0 ' ,74 ,1 ,1, 1
126 ,120, 112, '84 102 98 80 57 51 51 39 51 58 43 50 60 64 42 46 ' ,'0 0 0 0 0 0 0 0 0 0 0 0 0 0 0 0 ' ,68 ,1 ,0, 0
113 ,117, 100, '92 80 77 79 59 51 35 39 39 51 35 54 44 35 52 51 ' ,'0 0 0 0 0 0 0 0 0 0 0 0 0 0 0 0 ' ,56 ,0 ,0, 0
153 ,106, 139, '131 77 94 78 51 77 43 44 47 56 83 53 48 53 31 82 ' ,'0 0 0 0 0 0 0 0 0 0 0 0 0 0 0 0 ' ,100 ,0 ,1, 1
108 ,146, 93, '85 81 85 81 47 44 41 51 50 43 39 40 30 46 46 48 ' ,'0 0 0 0 0 0 0 0 0 0 0 0 0 0 0 0 ' ,45 ,1 ,1, 1
111 ,97, 95, '86 83 81 78 40 43 39 47 52 46 48 46 45 50 36 52 ' ,'0 0 0 0 0 0 0 0 0 0 0 0 0 0 0 0 ' ,52 ,1 ,1, 1
125 ,102, 110, '92 76 90 98 33 48 38 50 53 36 29 44 44 51 46 51 ' ,'0 0 0 0 0 0 0 0 0 0 0 0 0 0 0 0 ' ,72 ,0 ,0, 0
117 ,115, 101, '88 88 93 88 38 49 29 54 62 94 40 54 51 50 49 45 ' ,'0 0 0 0 0 0 0 0 0 0 0 0 0 0 0 0 ' ,66 ,1 ,1, 1
182 ,107, 167, '159 80 84 94 27 109 31 51 59 48 112 27 55 44 51 112 ' ,'0 0 0 0 0 0 0 0 0 0 0 0 0 0 0 0 ' ,132 ,1 ,0, 0
162 ,173, 147, '137 99 100 91 40 62 50 47 43 61 94 51 55 49 50 57 ' ,'0 0 0 0 0 0 0 0 0 0 0 0 0 0 0 0 ' ,101 ,1 ,1, 1
120 ,153, 105, '96 95 94 92 58 53 47 49 53 50 54 39 47 49 33 57 ' ,'0 0 0 0 0 0 0 0 0 0 0 0 0 0 0 0 ' ,64 ,0 ,0, 0
134 ,111, 119, '89 93 98 109 59 59 45 58 54 55 43 49 50 65 50 57 ' ,'0 0 0 0 0 0 0 0 0 0 0 0 0 0 0 0 ' ,68 ,1 ,1, 1
129 ,127, 112, '97 96 100 105 64 50 48 56 55 62 44 44 50 31 62 52 ' ,'0 0 0 0 0 0 0 0 0 0 0 0 0 0 0 0 ' ,75 ,1 ,0, 0
126 ,120, 107, '91 98 81 97 44 75 62 44 52 46 52 45 45 42 35 70 ' ,'0 0 0 0 0 0 0 0 0 0 0 0 0 0 0 0 ' ,65 ,1 ,0, 0
113 ,113, 98, '86 67 75 87 31 44 45 34 60 35 40 19 41 41 48 44 ' ,'0 0 0 0 0 0 0 0 0 0 0 0 0 0 0 0 ' ,71 ,1 ,1, 1
123 ,105, 106, '87 89 84 98 36 53 46 43 53 32 41 29 50 36 37 49 ' ,'0 0 0 0 0 0 0 0 0 0 0 0 0 0 0 0 ' ,67 ,0 ,0, 0
121 ,115, 106, '83 74 78 94 53 45 41 48 53 46 42 42 44 47 33 49 ' ,'0 0 0 0 0 0 0 0 0 0 0 0 0 0 0 0 ' ,66 ,0 ,0, 0
115 ,112, 100, '79 89 81 93 63 37 46 42 59 68 46 45 44 51 59 48 ' ,'0 0 0 0 0 0 0 0 0 0 0 0 0 0 0 0 ' ,57 ,0 ,0, 0
125 ,108, 109, '90 87 102 93 31 58 48 51 54 37 65 37 47 34 42 56 ' ,'0 0 0 0 0 0 0 0 0 0 0 0 0 0 0 0 ' ,73 ,0 ,1, 1
125 ,117, 105, '94 74 98 93 39 48 50 35 50 43 52 37 44 50 46 49 ' ,'0 0 0 0 0 0 0 0 0 0 0 0 0 0 0 0 ' ,65 ,1 ,1, 1
126 ,112, 103, '76 96 85 96 45 47 37 58 58 51 30 42 42 58 51 62 ' ,'0 0 0 0 0 0 0 0 0 0 0 0 0 0 0 0 ' ,61 ,0 ,0, 0
128 ,110, 110, '94 79 104 94 53 52 45 47 69 56 42 35 51 55 51 54 ' ,'0 0 0 0 0 0 0 0 0 0 0 0 0 0 0 0 ' ,69 ,0 ,0, 0
127 ,120, 111, '69 92 104 78 86 48 32 52 31 79 47 30 54 61 52 51 ' ,'0 0 0 0 0 0 0 0 0 0 0 0 0 0 0 0 ' ,73 ,1 ,1, 1
137 ,117, 122, '112 84 90 110 49 66 39 61 51 52 71 41 52 46 46 64 ' ,'0 0 0 0 0 0 0 0 0 0 0 0 0 0 0 0 ' ,74 ,0 ,1, 1
140 ,129, 125, '100 98 100 102 38 49 46 56 31 56 47 48 53 59 45 57 ' ,'0 0 0 0 0 0 0 0 0 0 0 0 0 0 0 0 ' ,87 ,0 ,1, 1
135 ,129, 119, '98 111 111 92 51 53 60 59 42 57 44 41 50 58 46 51 ' ,'0 0 0 0 0 0 0 0 0 0 0 0 0 0 0 0 ' ,70 ,0 ,0, 0
122 ,127, 107, '99 93 84 89 51 48 57 53 40 52 36 54 49 58 48 57 ' ,'0 0 0 0 0 0 0 0 0 0 0 0 0 0 0 0 ' ,64 ,0 ,1, 1
122 ,112, 107, '79 99 67 100 65 42 52 51 42 63 35 31 43 47 55 47 ' ,'0 0 0 0 0 0 0 0 0 0 0 0 0 0 0 0 ' ,66 ,0 ,1, 1
171 ,113, 154, '145 95 81 90 52 90 33 52 46 45 104 48 56 33 40 105 ' ,'0 0 0 0 0 0 0 0 0 0 0 0 0 0 0 0 ' ,117 ,1 ,1, 0
117 ,162, 98, '77 91 86 81 46 45 48 54 46 45 38 44 46 49 32 40 ' ,'0 0 0 0 0 0 0 0 0 0 0 0 0 0 0 0 ' ,61 ,0 ,1, 1
109 ,109, 93, '88 57 80 79 45 41 46 43 54 46 41 43 44 59 51 47 ' ,'0 0 0 0 0 0 0 0 0 0 0 0 0 0 0 0 ' ,50 ,1 ,0, 0
113 ,101, 98, '91 76 71 80 39 27 41 59 54 48 50 46 40 49 38 55 ' ,'0 0 0 0 0 0 0 0 0 0 0 0 0 0 0 0 ' ,63 ,0 ,1, 1
123 ,104, 107, '94 92 86 86 48 49 49 44 46 66 39 48 44 51 59 47 ' ,'0 0 0 0 0 0 0 0 0 0 0 0 0 0 0 0 ' ,64 ,1 ,0, 0
120 ,115, 104, '93 93 94 97 37 60 28 43 59 47 65 32 54 46 53 75 ' ,'0 0 0 0 0 0 0 0 0 0 0 0 0 0 0 0 ' ,70 ,1 ,1, 0
123 ,110, 108, '85 101 95 97 49 36 51 46 47 46 64 34 45 61 43 49 ' ,'0 0 0 0 0 0 0 0 0 0 0 0 0 0 0 0 ' ,65 ,1 ,0, 0
125 ,114, 108, '92 94 96 102 42 48 57 57 67 44 52 41 45 60 54 37 ' ,'0 0 0 0 0 0 0 0 0 0 0 0 0 0 0 0 ' ,68 ,0 ,1, 1
130 ,117, 115, '94 106 93 108 48 51 51 44 58 55 54 39 53 58 48 53 ' ,'0 0 0 0 0 0 0 0 0 0 0 0 0 0 0 0 ' ,70 ,0 ,1, 1
126 ,122, 110, '102 73 103 102 76 56 48 60 45 70 53 52 52 56 80 57 ' ,'0 0 0 0 0 0 0 0 0 0 0 0 0 0 0 0 ' ,60 ,1 ,1, 1
131 ,120, 115, '108 105 99 102 52 80 45 53 66 50 67 51 52 57 58 79 ' ,'0 0 0 0 0 0 0 0 0 0 0 0 0 0 0 0 ' ,61 ,0 ,1, 1
130 ,122, 113, '83 98 107 105 47 53 55 53 54 51 37 47 54 53 46 57 ' ,'0 0 0 0 0 0 0 0 0 0 0 0 0 0 0 0 ' ,72 ,1 ,1, 0
127 ,121, 111, '104 90 93 98 43 55 60 35 60 57 47 51 52 57 53 54 ' ,'0 0 0 0 0 0 0 0 0 0 0 0 0 0 0 0 ' ,70 ,0 ,0, 0
124 ,118, 108, '95 85 93 101 57 50 53 50 35 50 36 35 49 50 38 48 ' ,'0 0 0 0 0 0 0 0 0 0 0 0 0 0 0 0 ' ,67 ,1 ,1, 0
121 ,115, 106, '97 93 75 77 97 48 55 43 41 91 44 38 45 48 89 51 ' ,'0 0 0 0 0 0 0 0 0 0 0 0 0 0 0 0 ' ,59 ,0 ,1, 1
163 ,113, 146, '138 68 97 93 47 105 30 48 44 43 105 37 46 42 42 108 ' ,'0 0 0 0 0 0 0 0 0 0 0 0 0 0 0 0 ' ,111 ,1 ,1, 1
109 ,153, 84, '68 75 84 74 55 38 52 38 30 51 43 38 44 40 36 45 ' ,'0 0 0 0 0 0 0 0 0 0 0 0 0 0 0 0 ' ,55 ,1 ,1, 1
129 ,100, 97, '89 83 96 92 47 47 43 51 46 48 43 38 48 42 43 46 ' ,'0 0 0 0 0 0 0 0 0 0 0 0 0 0 0 0 ' ,65 ,1 ,1, 1
113 ,121, 97, '90 85 80 71 52 43 55 34 43 33 49 32 32 47 40 47 ' ,'0 0 0 0 0 0 0 0 0 0 0 0 0 0 0 0 ' ,57 ,0 ,1, 1
118 ,105, 97, '89 85 91 85 47 46 37 46 50 61 41 35 46 51 63 53 ' ,'0 0 0 0 0 0 0 0 0 0 0 0 0 0 0 0 ' ,54 ,1 ,0, 0
123 ,103, 106, '92 100 88 85 38 59 49 50 52 41 52 33 42 44 41 59 ' ,'0 0 0 0 0 0 0 0 0 0 0 0 0 0 0 0 ' ,66 ,0 ,1, 0
113 ,115, 98, '77 77 88 76 39 50 49 48 46 37 33 39 43 49 38 41 ' ,'0 0 0 0 0 0 0 0 0 0 0 0 0 0 0 0 ' ,57 ,0 ,1, 1
133 ,106, 118, '81 94 105 95 23 62 43 31 62 44 51 46 42 61 49 33 ' ,'0 0 0 0 0 0 0 0 0 0 0 0 0 0 0 0 ' ,76 ,0 ,1, 1
124 ,125, 107, '86 95 97 100 48 41 53 46 46 47 62 47 56 39 48 55 ' ,'0 0 0 0 0 0 0 0 0 0 0 0 0 0 0 0 ' ,64 ,1 ,1, 1
127 ,115, 110, '85 103 95 90 71 41 55 48 41 50 50 51 48 58 69 55 ' ,'0 0 0 0 0 0 0 0 0 0 0 0 0 0 0 0 ' ,64 ,0 ,2, 1
129 ,117, 114, '99 93 107 82 51 67 61 56 39 52 66 55 53 65 34 57 ' ,'0 0 0 0 0 0 0 0 0 0 0 0 0 0 0 0 ' ,72 ,0 ,1, 1
132 ,120, 117, '97 88 109 104 29 30 44 49 37 52 52 49 47 56 53 64 ' ,'0 0 0 0 0 0 0 0 0 0 0 0 0 0 0 0 ' ,81 ,0 ,1, 1
131 ,123, 113, '99 98 95 106 37 46 42 52 39 53 38 47 45 42 39 44 ' ,'0 0 0 0 0 0 0 0 0 0 0 0 0 0 0 0 ' ,69 ,0 ,1, 1
123 ,122, 110, '103 79 82 84 49 39 45 52 31 52 48 48 49 50 31 50 ' ,'0 0 0 0 0 0 0 0 0 0 0 0 0 0 0 0 ' ,71 ,0 ,1, 1
120 ,115, 106, '99 84 79 67 56 50 56 50 37 45 33 26 46 53 46 50 ' ,'0 0 0 0 0 0 0 0 0 0 0 0 0 0 0 0 ' ,66 ,0 ,0, 0
115 ,111, 101, '94 82 84 67 34 55 42 44 31 43 49 50 49 49 40 59 ' ,'0 0 0 0 0 0 0 0 0 0 0 0 0 0 0 0 ' ,63 ,0 ,1, 1
115 ,106, 100, '86 90 92 85 61 41 35 43 60 46 44 45 50 51 30 65 ' ,'0 0 0 0 0 0 0 0 0 0 0 0 0 0 0 0 ' ,63 ,0 ,1, 1
108 ,106, 93, '86 83 83 75 44 42 38 45 38 46 30 37 46 48 43 45 ' ,'0 0 0 0 0 0 0 0 0 0 0 0 0 0 0 0 ' ,59 ,0 ,1, 1
121 ,101, 104, '80 90 98 73 41 55 48 50 46 37 39 44 47 55 49 38 ' ,'0 0 0 0 0 0 0 0 0 0 0 0 0 0 0 0 ' ,63 ,1 ,0, 0
216 ,113, 201, '78 74 86 86 61 48 39 41 27 63 46 33 51 48 62 41 ' ,'0 0 0 0 0 0 0 0 0 0 0 0 0 0 0 0 ' ,165 ,0 ,1, 1
134 ,208, 117, '108 104 78 90 51 74 39 58 34 52 61 40 52 52 61 80 ' ,'0 0 0 0 0 0 0 0 0 0 0 0 0 0 0 0 ' ,73 ,0 ,2, 1
125 ,125, 104, '68 75 82 96 37 34 49 56 53 50 48 25 45 44 42 41 ' ,'0 0 0 0 0 0 0 0 0 0 0 0 0 0 0 0 ' ,71 ,0 ,2, 1
118 ,109, 101, '84 78 97 93 47 49 54 56 59 53 51 55 45 55 41 53 ' ,'0 0 0 0 0 0 0 0 0 0 0 0 0 0 0 0 ' ,55 ,0 ,1, 1
124 ,109, 110, '97 94 100 102 58 52 49 60 48 58 53 44 54 61 53 47 ' ,'0 0 0 0 0 0 0 0 0 0 0 0 0 0 0 0 ' ,59 ,1 ,0, 0
132 ,117, 112, '92 106 95 85 72 54 47 60 56 66 64 56 50 67 73 54 ' ,'0 0 0 0 0 0 0 0 0 0 0 0 0 0 0 0 ' ,61 ,1 ,1, 1
140 ,123, 123, '115 104 85 104 56 57 50 49 48 53 57 55 26 59 49 61 ' ,'0 0 0 0 0 0 0 0 0 0 0 0 0 0 0 0 ' ,90 ,0 ,1, 0
124 ,130, 107, '94 100 101 92 59 52 57 52 55 51 45 50 49 55 44 54 ' ,'0 0 0 0 0 0 0 0 0 0 0 0 0 0 0 0 ' ,59 ,1 ,2, 1
117 ,117, 105, '83 98 83 89 50 48 54 53 30 40 30 42 46 50 37 49 ' ,'0 0 0 0 0 0 0 0 0 0 0 0 0 0 0 0 ' ,67 ,1 ,0, 0
127 ,109, 107, '80 98 86 101 60 50 52 60 37 49 40 29 45 40 38 52 ' ,'0 0 0 0 0 0 0 0 0 0 0 0 0 0 0 0 ' ,71 ,1 ,2, 1
110 ,115, 96, '77 64 69 90 56 51 50 47 42 61 39 48 44 47 46 43 ' ,'0 0 0 0 0 0 0 0 0 0 0 0 0 0 0 0 ' ,50 ,0 ,1, 1
140 ,102, 126, '120 90 78 93 48 66 44 44 30 44 76 33 28 50 37 88 ' ,'0 0 0 0 0 0 0 0 0 0 0 0 0 0 0 0 ' ,91 ,0 ,0, 0
123 ,131, 104, '66 77 81 97 38 48 31 45 59 45 47 34 42 47 41 39 ' ,'0 0 0 0 0 0 0 0 0 0 0 0 0 0 0 0 ' ,68 ,1 ,0, 0
119 ,115, 98, '83 92 87 67 51 46 52 43 59 35 59 35 45 52 41 48 ' ,'0 0 0 0 0 0 0 0 0 0 0 0 0 0 0 0 ' ,61 ,1 ,1, 1
108 ,109, 91, '72 84 85 78 47 53 40 43 45 46 49 56 46 50 50 50 ' ,'0 0 0 0 0 0 0 0 0 0 0 0 0 0 0 0 ' ,45 ,0 ,1, 0
131 ,100, 114, '84 93 95 106 32 48 56 44 62 103 47 34 46 47 102 45 ' ,'0 0 0 0 0 0 0 0 0 0 0 0 0 0 0 0 ' ,75 ,0 ,1, 0
187 ,120, 170, '162 89 97 99 43 123 39 59 42 52 124 35 54 55 54 123 ' ,'0 0 0 0 0 0 0 0 0 0 0 0 0 0 0 0 ' ,125 ,0 ,1, 1
127 ,178, 112, '103 104 94 84 50 54 54 45 55 49 51 50 47 65 40 53 ' ,'0 0 0 0 0 0 0 0 0 0 0 0 0 0 0 0 ' ,65 ,0 ,1, 1
128 ,116, 107, '100 71 85 95 45 51 55 55 35 59 54 45 61 62 55 54 ' ,'0 0 0 0 0 0 0 0 0 0 0 0 0 0 0 0 ' ,61 ,0 ,1, 1
131 ,120, 111, '102 72 103 95 43 55 56 53 30 50 39 39 49 58 45 61 ' ,'0 0 0 0 0 0 0 0 0 0 0 0 0 0 0 0 ' ,74 ,0 ,1, 1
140 ,121, 115, '97 94 95 107 47 49 58 55 35 67 42 57 31 42 56 58 ' ,'0 0 0 0 0 0 0 0 0 0 0 0 0 0 0 0 ' ,77 ,0 ,1, 0
149 ,126, 133, '125 97 109 94 53 75 47 53 55 52 63 55 50 58 40 84 ' ,'0 0 0 0 0 0 0 0 0 0 0 0 0 0 0 0 ' ,86 ,0 ,1, 0
142 ,141, 117, '98 110 83 92 48 48 50 54 39 52 47 50 51 52 69 64 ' ,'0 0 0 0 0 0 0 0 0 0 0 0 0 0 0 0 ' ,66 ,1 ,0, 0
127 ,122, 111, '82 79 83 102 29 46 48 50 45 34 45 63 48 36 30 60 ' ,'0 0 0 0 0 0 0 0 0 0 0 0 0 0 0 0 ' ,76 ,1 ,1, 1
110 ,118, 93, '84 78 87 69 55 53 52 49 48 52 39 52 46 54 47 51 ' ,'0 0 0 0 0 0 0 0 0 0 0 0 0 0 0 0 ' ,50 ,1 ,0, 0
139 ,103, 124, '86 114 92 90 74 45 52 52 37 68 43 65 42 52 49 49 ' ,'0 0 0 0 0 0 0 0 0 0 0 0 0 0 0 0 ' ,79 ,1 ,0, 0
115 ,132, 103, '93 74 81 93 39 46 39 45 40 45 40 48 41 49 33 53 ' ,'0 0 0 0 0 0 0 0 0 0 0 0 0 0 0 0 ' ,61 ,0 ,1, 1
124 ,108, 100, '90 74 98 85 49 40 51 49 43 51 38 34 45 50 35 40 ' ,'0 0 0 0 0 0 0 0 0 0 0 0 0 0 0 0 ' ,65 ,0 ,1, 1
115 ,116, 98, '85 84 86 80 45 53 47 44 38 40 50 46 39 49 46 42 ' ,'0 0 0 0 0 0 0 0 0 0 0 0 0 0 0 0 ' ,48 ,1 ,0, 0
108 ,105, 92, '86 82 77 87 47 53 44 41 46 48 41 47 47 50 57 45 ' ,'0 0 0 0 0 0 0 0 0 0 0 0 0 0 0 0 ' ,46 ,0 ,0, 0
117 ,100, 97, '68 90 75 63 46 45 34 58 61 57 48 55 54 56 53 59 ' ,'0 0 0 0 0 0 0 0 0 0 0 0 0 0 0 0 ' ,55 ,0 ,1, 0
127 ,104, 108, '98 77 92 90 51 64 47 52 45 48 59 36 51 44 39 73 ' ,'0 0 0 0 0 0 0 0 0 0 0 0 0 0 0 0 ' ,64 ,1 ,0, 0
133 ,117, 113, '87 104 102 91 58 51 39 58 45 50 62 47 52 67 47 60 ' ,'0 0 0 0 0 0 0 0 0 0 0 0 0 0 0 0 ' ,67 ,0 ,0, 0
139 ,125, 123, '88 113 114 78 53 47 49 49 55 54 53 41 57 57 55 43 ' ,'0 0 0 0 0 0 0 0 0 0 0 0 0 0 0 0 ' ,75 ,0 ,1, 1
137 ,130, 119, '103 109 89 112 49 53 58 49 45 60 37 59 51 71 56 44 ' ,'0 0 0 0 0 0 0 0 0 0 0 0 0 0 0 0 ' ,78 ,2 ,1, 1
145 ,129, 131, '92 91 89 122 69 61 59 36 43 66 56 51 49 60 53 54 ' ,'0 0 0 0 0 0 0 0 0 0 0 0 0 0 0 0 ' ,87 ,0 ,1, 0
152 ,135, 136, '127 77 82 78 49 67 45 41 43 49 64 46 48 60 37 81 ' ,'0 0 0 0 0 0 0 0 0 0 0 0 0 0 0 0 ' ,90 ,0 ,0, 0
128 ,142, 108, '101 74 81 92 54 43 35 39 53 51 42 46 45 51 50 50 ' ,'0 0 0 0 0 0 0 0 0 0 0 0 0 0 0 0 ' ,66 ,0 ,1, 1
128 ,115, 108, '99 82 80 76 52 39 38 45 32 47 56 34 44 49 44 45 ' ,'0 0 0 0 0 0 0 0 0 0 0 0 0 0 0 0 ' ,71 ,1 ,2, 1
113 ,119, 98, '81 88 87 77 32 45 50 41 48 50 53 35 49 49 51 40 ' ,'0 0 0 0 0 0 0 0 0 0 0 0 0 0 0 0 ' ,58 ,0 ,1, 1
120 ,104, 105, '70 90 79 91 60 52 59 47 47 65 33 37 44 51 57 42 ' ,'0 0 0 0 0 0 0 0 0 0 0 0 0 0 0 0 ' ,67 ,0 ,1, 1
129 ,111, 114, '97 73 80 108 49 70 38 46 44 47 54 50 36 43 50 56 ' ,'0 0 0 0 0 0 0 0 0 0 0 0 0 0 0 0 ' ,71 ,0 ,0, 0
109 ,121, 92, '60 69 84 86 47 43 37 40 46 50 49 47 57 47 49 39 ' ,'0 0 0 0 0 0 0 0 0 0 0 0 0 0 0 0 ' ,50 ,0 ,0, 0
118 ,101, 103, '86 67 90 94 39 49 40 40 56 49 48 41 47 49 48 52 ' ,'0 0 0 0 0 0 0 0 0 0 0 0 0 0 0 0 ' ,56 ,0 ,1, 0
117 ,109, 94, '87 81 87 84 46 41 34 44 50 29 43 40 31 40 54 41 ' ,'0 0 0 0 0 0 0 0 0 0 0 0 0 0 0 0 ' ,60 ,1 ,1, 1
279 ,104, 262, '253 68 77 81 57 42 58 42 65 62 43 41 45 49 49 34 ' ,'0 0 0 0 0 0 0 0 0 0 0 0 0 0 0 0 ' ,225 ,0 ,1, 1
168 ,269, 152, '144 81 79 73 54 90 40 37 51 35 106 35 22 34 29 103 ' ,'0 0 0 0 0 0 0 0 0 0 0 0 0 0 0 0 ' ,123 ,0 ,0, 0
106 ,160, 90, '62 70 84 75 41 42 51 52 38 48 57 51 44 47 44 41 ' ,'0 0 0 0 0 0 0 0 0 0 0 0 0 0 0 0 ' ,46 ,1 ,0, 0
121 ,100, 104, '98 78 86 92 50 43 49 48 53 47 42 46 43 40 30 51 ' ,'0 0 0 0 0 0 0 0 0 0 0 0 0 0 0 0 ' ,69 ,0 ,1, 1
108 ,112, 89, '72 71 82 61 48 53 51 39 53 49 45 58 37 46 33 36 ' ,'0 0 0 0 0 0 0 0 0 0 0 0 0 0 0 0 ' ,50 ,0 ,0, 0
128 ,98, 110, '86 73 103 93 92 47 51 50 31 89 29 47 52 56 77 49 ' ,'0 0 0 0 0 0 0 0 0 0 0 0 0 0 0 0 ' ,76 ,1 ,1, 0
200 ,121, 158, '150 101 111 100 53 103 57 50 59 47 90 32 53 70 44 102 ' ,'0 0 0 0 0 0 0 0 0 0 0 0 0 0 0 0 ' ,119 ,0 ,1, 1
134 ,192, 110, '103 107 87 98 49 36 53 66 55 54 30 69 39 61 44 53 ' ,'0 0 0 0 0 0 0 0 0 0 0 0 0 0 0 0 ' ,84 ,0 ,1, 1
136 ,127, 120, '106 79 113 93 60 42 59 51 30 48 49 68 44 60 32 54 ' ,'0 0 0 0 0 0 0 0 0 0 0 0 0 0 0 0 ' ,85 ,0 ,1, 1
120 ,128, 104, '70 79 92 78 58 47 61 50 49 33 37 51 58 50 53 55 ' ,'0 0 0 0 0 0 0 0 0 0 0 0 0 0 0 0 ' ,60 ,0 ,1, 1
125 ,110, 106, '69 71 89 79 84 36 45 46 31 94 48 39 49 48 92 55 ' ,'0 0 0 0 0 0 0 0 0 0 0 0 0 0 0 0 ' ,66 ,0 ,0, 0
126 ,116, 113, '101 93 80 62 54 86 49 37 47 44 87 53 57 47 50 97 ' ,'0 0 0 0 0 0 0 0 0 0 0 0 0 0 0 0 ' ,67 ,1 ,1, 1
123 ,118, 106, '57 74 87 95 50 42 48 58 46 27 45 59 31 31 32 39 ' ,'0 0 0 0 0 0 0 0 0 0 0 0 0 0 0 0 ' ,70 ,1 ,1, 0
113 ,115, 100, '62 89 71 83 53 40 52 43 46 36 43 48 43 49 49 53 ' ,'0 0 0 0 0 0 0 0 0 0 0 0 0 0 0 0 ' ,52 ,0 ,1, 0
125 ,104, 109, '72 86 76 96 40 40 33 48 38 47 42 57 49 55 47 42 ' ,'0 0 0 0 0 0 0 0 0 0 0 0 0 0 0 0 ' ,69 ,0 ,1, 1
109 ,116, 94, '78 77 70 87 62 43 48 49 29 40 34 49 29 45 58 45 ' ,'0 0 0 0 0 0 0 0 0 0 0 0 0 0 0 0 ' ,59 ,0 ,1, 0
167 ,100, 146, '69 93 55 111 40 50 43 36 52 41 60 52 58 48 53 57 ' ,'0 0 0 0 0 0 108 0 0 0 0 0 0 138 0 0 ' ,106 ,1 ,0, 0
111 ,160, 99, '84 73 86 84 35 49 44 49 42 51 44 52 33 58 50 48 ' ,'0 0 0 0 0 0 0 0 0 0 0 0 0 0 0 0 ' ,56 ,0 ,1, 0
150 ,178, 130, '82 94 101 105 41 72 51 54 42 46 51 40 50 49 42 67 ' ,'151489 0 0 0 0 0 0 0 0 0 127142 0 0 0 0 0 ' ,81 ,0 ,1, 1
131 ,135, 113, '90 96 105 87 63 46 38 65 59 37 51 35 56 46 39 52 ' ,'0 0 0 0 0 0 0 0 0 0 0 0 0 0 0 0 ' ,71 ,0 ,1, 1
144 ,122, 126, '75 87 119 106 43 51 40 58 61 64 40 55 50 63 62 50 ' ,'0 0 0 0 0 0 0 0 0 0 0 0 0 0 0 0 ' ,80 ,0 ,1, 1
134 ,132, 115, '105 109 103 96 56 71 55 54 41 55 70 54 48 50 54 74 ' ,'0 0 0 0 0 0 0 0 0 0 0 0 0 0 0 0 ' ,68 ,0 ,0, 0
128 ,123, 115, '104 94 102 86 44 50 41 57 55 53 45 56 61 54 51 48 ' ,'0 0 0 0 0 0 0 0 0 0 0 0 0 0 0 0 ' ,66 ,0 ,0, 0
135 ,120, 119, '91 109 87 106 51 47 53 35 55 44 55 53 41 55 57 50 ' ,'0 0 0 0 0 0 0 0 0 0 0 0 0 0 0 0 ' ,77 ,0 ,1, 1
116 ,130, 98, '89 92 90 92 52 40 39 41 51 50 44 51 43 47 47 50 ' ,'0 0 0 0 0 0 0 0 0 0 0 0 0 0 0 0 ' ,53 ,0 ,0, 0
151 ,105, 131, '91 99 98 82 65 45 48 58 50 78 33 53 49 42 61 40 ' ,'0 0 0 0 0 0 0 0 0 0 0 0 0 0 0 0 ' ,86 ,0 ,1, 1
136 ,136, 121, '112 90 97 79 60 57 54 46 46 53 53 61 50 48 50 70 ' ,'0 0 0 0 0 0 0 0 0 0 0 0 0 0 0 0 ' ,69 ,1 ,1, 0
124 ,126, 108, '77 99 82 81 43 46 54 44 53 54 42 37 35 51 45 50 ' ,'0 0 0 0 0 0 0 0 0 0 0 0 0 0 0 0 ' ,65 ,1 ,1, 1
109 ,114, 97, '86 89 77 77 51 41 37 57 45 35 45 41 44 41 39 47 ' ,'0 0 0 0 0 0 0 0 0 0 0 0 0 0 0 0 ' ,52 ,0 ,1, 0
104 ,101, 88, '80 68 80 74 38 28 52 40 52 42 31 50 43 38 44 50 ' ,'0 0 0 0 0 0 0 0 0 0 0 0 0 0 0 0 ' ,54 ,0 ,1, 1
125 ,95, 107, '78 77 82 96 54 72 51 44 55 54 46 43 34 42 40 47 ' ,'0 0 0 0 0 0 0 0 0 0 0 0 0 0 0 0 ' ,61 ,0 ,1, 0
127 ,109, 102, '93 70 80 63 47 53 43 36 46 41 45 51 47 42 44 53 ' ,'0 0 0 0 0 0 0 0 0 0 0 0 0 0 0 0 ' ,59 ,1 ,0, 0
124 ,107, 108, '74 77 90 100 48 41 50 38 39 49 43 42 42 53 43 53 ' ,'0 0 0 0 0 0 0 0 0 0 0 0 0 0 0 0 ' ,63 ,1 ,0, 0
120 ,113, 99, '71 81 88 71 38 34 58 40 47 46 44 48 40 48 42 46 ' ,'0 0 0 0 0 0 0 0 0 0 0 0 0 0 0 0 ' ,57 ,0 ,1, 0
123 ,103, 108, '90 74 65 100 56 44 55 55 56 50 53 51 44 59 47 48 ' ,'0 0 0 0 0 0 0 0 0 0 0 0 0 0 0 0 ' ,59 ,1 ,1, 0
283 ,115, 269, '100 91 111 87 81 258 29 55 65 75 63 51 51 55 75 259 ' ,'0 0 0 0 0 0 0 0 0 0 0 0 0 0 0 0 ' ,230 ,0 ,1, 1
186 ,275, 168, '159 78 93 98 36 112 53 58 52 50 105 49 38 58 50 118 ' ,'0 0 0 0 0 0 0 0 0 0 0 0 0 0 0 0 ' ,125 ,1 ,0, 0
137 ,177, 117, '89 91 109 72 51 50 40 60 57 49 29 47 42 61 47 49 ' ,'0 0 0 0 0 0 0 0 0 0 0 0 0 0 0 0 ' ,78 ,0 ,1, 0
127 ,120, 114, '93 104 92 98 54 58 29 51 60 52 52 55 52 67 50 55 ' ,'0 0 0 0 0 0 0 0 0 0 0 0 0 0 0 0 ' ,75 ,0 ,1, 1
140 ,119, 126, '91 95 89 114 42 49 42 58 55 52 44 51 52 67 60 59 ' ,'0 0 0 0 0 0 0 0 0 0 0 0 0 0 0 0 ' ,75 ,0 ,0, 0
209 ,131, 179, '100 105 107 104 103 52 61 62 66 179 29 56 66 54 54 59 ' ,'0 0 0 0 0 0 0 0 0 111866 0 0 0 0 0 0 ' ,151 ,1 ,1, 1
188 ,200, 176, '166 90 68 117 62 103 61 59 41 54 106 58 61 54 47 115 ' ,'0 0 0 0 0 0 0 0 0 0 0 0 0 0 0 0 ' ,127 ,1 ,1, 1
142 ,180, 129, '90 92 103 96 52 54 54 54 63 50 37 64 50 52 52 46 ' ,'0 0 0 0 0 0 0 0 0 0 0 0 0 0 0 0 ' ,85 ,1 ,0, 0
124 ,134, 108, '92 94 72 95 54 50 48 48 35 56 50 54 29 51 53 49 ' ,'0 0 0 0 0 0 0 0 0 0 0 0 0 0 0 0 ' ,66 ,0 ,0, 0
132 ,116, 119, '71 85 91 107 51 46 44 35 41 38 47 52 39 43 56 49 ' ,'0 0 0 0 0 0 0 0 0 0 0 0 0 0 0 0 ' ,73 ,0 ,1, 1
124 ,124, 104, '97 87 89 88 83 49 41 47 46 79 48 49 32 51 74 50 ' ,'0 0 0 0 0 0 0 0 0 0 0 0 0 0 0 0 ' ,64 ,0 ,0, 0
123 ,110, 111, '101 78 81 79 54 67 49 42 27 44 58 44 44 49 41 68 ' ,'0 0 0 0 0 0 0 0 0 0 0 0 0 0 0 0 ' ,75 ,0 ,1, 0
117 ,116, 104, '89 87 68 92 43 44 39 41 51 43 39 51 48 47 34 55 ' ,'0 0 0 0 0 0 0 0 0 0 0 0 0 0 0 0 ' ,62 ,0 ,1, 1
225 ,109, 103, '82 88 75 94 52 24 37 49 45 38 39 29 39 32 45 67 ' ,'0 0 0 0 0 0 0 0 0 0 0 0 0 0 0 105861 ' ,155 ,1 ,1, 1
116 ,215, 100, '81 85 91 75 41 33 38 48 46 40 30 40 38 45 44 40 ' ,'0 0 0 0 0 0 0 0 0 0 0 0 0 0 0 0 ' ,63 ,1 ,0, 0
