178 ,0, 108, '15 22 18 42 23 15 20 25 20 24 12 25 14 13 13 39 12 15 30 17 ' ,'0 0 0 0 0 0 0 0 0 0 0 0 0 0 0 0 0 0 0 0 ' ,61 ,1 ,3, 3
318 ,144, 288, '214 218 226 213 175 225 243 236 275 195 248 239 240 260 222 244 222 209 244 199 ' ,'0 0 0 0 0 0 0 0 0 0 0 0 0 0 0 0 0 0 0 0 ' ,106 ,0 ,1, 1
98 ,311, 78, '35 54 44 49 47 45 48 44 51 41 44 49 43 52 44 41 48 45 29 45 ' ,'0 0 0 0 0 0 0 0 0 0 0 0 0 0 0 0 0 0 0 0 ' ,34 ,0 ,1, 1
117 ,84, 71, '51 52 43 75 51 45 51 27 46 45 52 46 48 64 47 48 60 60 48 45 ' ,'0 0 0 0 0 0 0 0 0 0 0 0 0 0 0 0 0 0 0 0 ' ,41 ,0 ,1, 1
95 ,101, 80, '55 63 44 49 49 59 54 48 48 44 51 48 50 67 46 50 50 51 46 61 ' ,'0 0 0 0 0 0 0 0 0 0 0 0 0 0 0 0 0 0 0 0 ' ,29 ,0 ,1, 1
94 ,87, 75, '47 50 44 55 52 52 58 65 41 51 48 60 62 48 55 44 40 60 52 53 ' ,'0 0 0 0 0 0 0 0 0 0 0 0 0 0 0 0 0 0 0 0 ' ,25 ,0 ,2, 1
96 ,85, 76, '54 51 67 51 51 55 58 59 34 42 57 54 45 46 47 53 52 42 54 60 ' ,'0 0 0 0 0 0 0 0 0 0 0 0 0 0 0 0 0 0 0 0 ' ,30 ,1 ,1, 0
95 ,88, 77, '60 56 47 56 40 61 52 39 50 50 56 49 64 33 44 54 52 50 48 52 ' ,'0 0 0 0 0 0 0 0 0 0 0 0 0 0 0 0 0 0 0 0 ' ,35 ,1 ,1, 1
114 ,89, 87, '55 61 51 55 55 57 51 43 50 38 38 51 74 61 46 40 48 49 54 53 ' ,'0 0 0 0 0 0 0 0 0 0 0 0 0 0 0 0 0 0 0 0 ' ,38 ,0 ,1, 1
124 ,107, 105, '51 49 52 47 94 47 42 57 49 87 45 45 47 44 81 46 53 53 52 38 ' ,'0 0 0 0 0 0 0 0 0 0 0 0 0 0 0 0 0 0 0 0 ' ,53 ,1 ,2, 2
110 ,112, 88, '62 48 52 46 49 47 39 45 47 37 70 34 54 46 35 72 43 48 43 50 ' ,'0 0 0 0 0 0 0 0 0 0 0 0 0 0 0 0 0 0 0 0 ' ,42 ,1 ,1, 1
90 ,97, 72, '48 44 45 51 48 50 53 49 56 29 60 51 42 41 41 60 46 44 40 40 ' ,'0 0 0 0 0 0 0 0 0 0 0 0 0 0 0 0 0 0 0 0 ' ,29 ,0 ,1, 1
103 ,81, 85, '57 61 64 49 52 49 46 46 44 47 50 42 54 54 55 47 52 77 31 61 ' ,'0 0 0 0 0 0 0 0 0 0 0 0 0 0 0 0 0 0 0 0 ' ,49 ,1 ,1, 1
110 ,95, 93, '78 56 46 52 85 43 80 61 43 62 77 82 50 46 57 85 49 58 44 51 ' ,'0 0 0 0 0 0 0 0 0 0 0 0 0 0 0 0 0 0 0 0 ' ,45 ,0 ,1, 1
126 ,101, 104, '46 48 47 95 50 64 40 50 54 51 43 43 64 55 35 57 60 57 76 45 ' ,'0 0 0 0 0 0 0 0 0 0 0 0 0 0 0 0 0 0 0 0 ' ,58 ,0 ,2, 1
175 ,113, 155, '133 92 103 94 98 92 98 106 84 66 115 98 90 72 90 144 78 106 79 92 ' ,'0 0 0 0 0 0 0 0 0 0 0 0 0 0 0 0 0 0 0 0 ' ,74 ,1 ,1, 1
171 ,170, 152, '124 119 93 141 104 128 113 63 140 93 109 116 115 63 114 98 76 111 98 78 ' ,'0 0 0 0 0 0 0 0 0 0 0 0 0 0 0 0 0 0 0 0 ' ,80 ,0 ,0, 0
91 ,159, 75, '58 33 47 49 50 48 50 56 52 43 40 58 53 53 43 43 51 51 41 49 ' ,'0 0 0 0 0 0 0 0 0 0 0 0 0 0 0 0 0 0 0 0 ' ,32 ,1 ,1, 1
93 ,83, 72, '54 47 51 65 44 47 51 38 47 37 37 54 53 44 58 51 57 39 43 56 ' ,'0 0 0 0 0 0 0 0 0 0 0 0 0 0 0 0 0 0 0 0 ' ,26 ,1 ,0, 0
94 ,79, 79, '45 54 55 52 39 42 69 50 54 57 56 63 50 44 39 54 56 59 51 47 ' ,'0 0 0 0 0 0 0 0 0 0 0 0 0 0 0 0 0 0 0 0 ' ,33 ,1 ,0, 0
97 ,86, 81, '58 57 48 57 50 57 59 64 48 47 64 49 71 60 37 51 62 34 51 44 ' ,'0 0 0 0 0 0 0 0 0 0 0 0 0 0 0 0 0 0 0 0 ' ,37 ,1 ,1, 0
112 ,90, 95, '56 80 54 68 47 49 79 49 61 57 50 77 46 43 48 51 60 62 46 51 ' ,'0 0 0 0 0 0 0 0 0 0 0 0 0 0 0 0 0 0 0 0 ' ,39 ,1 ,1, 0
91 ,105, 76, '55 66 50 56 31 52 53 47 43 45 58 55 57 42 54 50 48 50 58 33 ' ,'0 0 0 0 0 0 0 0 0 0 0 0 0 0 0 0 0 0 0 0 ' ,38 ,1 ,1, 1
91 ,82, 69, '64 38 41 52 51 49 41 57 28 41 42 54 47 31 45 47 58 48 57 54 ' ,'0 0 0 0 0 0 0 0 0 0 0 0 0 0 0 0 0 0 0 0 ' ,30 ,0 ,0, 0
92 ,79, 76, '47 38 46 37 35 58 48 48 53 49 43 54 53 58 47 41 57 50 43 51 ' ,'0 0 0 0 0 0 0 0 0 0 0 0 0 0 0 0 0 0 0 0 ' ,32 ,1 ,0, 0
149 ,83, 128, '119 45 50 43 47 100 30 54 49 47 114 47 46 46 30 104 51 53 51 42 ' ,'0 0 0 0 0 0 0 0 0 0 0 0 0 0 0 0 0 0 0 0 ' ,91 ,2 ,1, 1
93 ,139, 73, '33 29 48 41 49 41 53 44 49 49 47 66 47 40 50 40 49 51 35 36 ' ,'0 0 0 0 0 0 0 0 0 0 0 0 0 0 0 0 0 0 0 0 ' ,35 ,1 ,0, 0
98 ,85, 68, '40 43 44 59 38 41 28 43 48 41 36 43 42 49 43 45 41 58 53 35 ' ,'0 0 0 0 0 0 0 0 0 0 0 0 0 0 0 0 0 0 0 0 ' ,30 ,1 ,1, 1
79 ,88, 64, '49 39 43 48 53 38 35 45 43 40 46 52 38 45 38 37 39 49 48 48 ' ,'0 0 0 0 0 0 0 0 0 0 0 0 0 0 0 0 0 0 0 0 ' ,22 ,0 ,1, 1
180 ,70, 164, '46 42 42 37 150 38 42 66 49 153 53 33 51 41 148 47 34 36 47 150 ' ,'0 0 0 0 0 0 0 0 0 0 0 0 0 0 0 0 0 0 0 0 ' ,120 ,1 ,1, 1
97 ,173, 76, '64 50 43 42 46 58 41 43 47 45 67 41 64 51 35 50 41 29 45 48 ' ,'0 0 0 0 0 0 0 0 0 0 0 0 0 0 0 0 0 0 0 0 ' ,40 ,0 ,1, 0
75 ,87, 60, '32 31 50 41 44 37 44 39 39 38 44 48 33 49 45 35 38 43 31 43 ' ,'0 0 0 0 0 0 0 0 0 0 0 0 0 0 0 0 0 0 0 0 ' ,23 ,0 ,0, 0
88 ,68, 73, '49 62 52 39 52 43 49 40 41 55 37 48 42 47 45 42 33 44 50 55 ' ,'0 0 0 0 0 0 0 0 0 0 0 0 0 0 0 0 0 0 0 0 ' ,25 ,0 ,0, 0
82 ,78, 67, '51 58 56 55 46 41 45 22 53 33 30 45 52 50 32 39 47 51 46 49 ' ,'0 0 0 0 0 0 0 0 0 0 0 0 0 0 0 0 0 0 0 0 ' ,35 ,0 ,1, 1
141 ,73, 105, '43 80 50 50 54 53 90 39 61 34 47 73 54 57 50 54 70 48 54 48 ' ,'0 0 0 0 0 0 0 0 0 0 0 0 0 0 0 0 0 0 0 0 ' ,59 ,0 ,1, 1
102 ,112, 84, '70 52 53 53 44 71 49 57 51 42 72 48 53 57 43 60 56 59 43 52 ' ,'0 0 0 0 0 0 0 0 0 0 0 0 0 0 0 0 0 0 0 0 ' ,34 ,1 ,0, 0
89 ,95, 72, '44 57 57 40 55 37 50 48 62 40 43 46 49 59 57 50 49 52 63 52 ' ,'0 0 0 0 0 0 0 0 0 0 0 0 0 0 0 0 0 0 0 0 ' ,26 ,0 ,1, 1
93 ,81, 76, '40 56 62 57 38 51 44 57 57 33 64 47 52 50 61 39 50 58 50 64 ' ,'0 0 0 0 0 0 0 0 0 0 0 0 0 0 0 0 0 0 0 0 ' ,33 ,0 ,0, 0
96 ,82, 81, '52 63 48 57 43 46 39 65 50 48 33 49 41 57 49 60 48 34 63 47 ' ,'0 0 0 0 0 0 0 0 0 0 0 0 0 0 0 0 0 0 0 0 ' ,34 ,0 ,1, 1
93 ,86, 74, '40 44 50 46 63 42 40 57 36 47 39 50 45 55 53 48 45 68 49 63 ' ,'0 0 0 0 0 0 0 0 0 0 0 0 0 0 0 0 0 0 0 0 ' ,28 ,0 ,0, 0
104 ,84, 80, '72 52 45 29 43 59 46 38 53 47 54 35 52 64 42 69 40 69 26 48 ' ,'0 0 0 0 0 0 0 0 0 0 0 0 0 0 0 0 0 0 0 0 ' ,46 ,0 ,0, 0
84 ,90, 65, '38 54 51 40 42 52 45 42 39 50 50 50 45 41 56 45 58 54 54 38 ' ,'0 0 0 0 0 0 0 0 0 0 0 0 0 0 0 0 0 0 0 0 ' ,22 ,0 ,0, 0
97 ,75, 69, '55 43 59 38 53 59 40 55 59 46 38 54 44 56 60 44 54 50 55 50 ' ,'0 0 0 0 0 0 0 0 0 0 0 0 0 0 0 0 0 0 0 0 ' ,25 ,0 ,0, 0
87 ,82, 67, '51 47 47 57 47 53 45 39 54 37 50 54 44 47 59 50 55 44 55 53 ' ,'0 0 0 0 0 0 0 0 0 0 0 0 0 0 0 0 0 0 0 0 ' ,22 ,0 ,0, 0
99 ,78, 79, '47 49 39 45 60 51 51 46 58 56 43 46 45 52 70 45 46 63 52 48 ' ,'0 0 0 0 0 0 0 0 0 0 0 0 0 0 0 0 0 0 0 0 ' ,39 ,0 ,0, 0
131 ,89, 111, '107 56 54 52 50 104 46 48 47 31 88 48 48 51 50 103 47 61 58 61 ' ,'0 0 0 0 0 0 0 0 0 0 0 0 0 0 0 0 0 0 0 0 ' ,74 ,0 ,0, 0
109 ,120, 92, '48 47 49 80 41 30 32 55 53 42 41 44 32 27 43 46 44 45 51 49 ' ,'0 0 0 0 0 0 0 0 0 0 0 0 0 0 0 0 0 0 0 0 ' ,58 ,0 ,0, 0
93 ,100, 68, '45 56 47 47 43 45 43 51 54 49 49 42 51 44 36 46 45 49 34 47 ' ,'0 0 0 0 0 0 0 0 0 0 0 0 0 0 0 0 0 0 0 0 ' ,21 ,0 ,1, 1
93 ,85, 70, '46 43 43 55 44 47 45 50 49 44 40 40 45 55 37 48 41 47 62 46 ' ,'0 0 0 0 0 0 0 0 0 0 0 0 0 0 0 0 0 0 0 0 ' ,30 ,0 ,0, 0
107 ,81, 85, '33 47 42 52 78 38 57 48 45 75 45 50 43 55 53 51 42 43 57 45 ' ,'0 0 0 0 0 0 0 0 0 0 0 0 0 0 0 0 0 0 0 0 ' ,46 ,0 ,1, 1
115 ,94, 94, '89 38 45 46 47 81 50 43 49 42 80 35 44 44 35 80 38 49 61 32 ' ,'0 0 0 0 0 0 0 0 0 0 0 0 0 0 0 0 0 0 0 0 ' ,56 ,1 ,1, 1
96 ,101, 76, '40 57 58 45 40 47 49 46 61 50 39 46 44 67 43 48 53 60 50 48 ' ,'0 0 0 0 0 0 0 0 0 0 0 0 0 0 0 0 0 0 0 0 ' ,37 ,1 ,0, 0
98 ,88, 76, '50 53 48 49 46 41 55 70 54 45 53 62 66 58 45 50 44 56 50 47 ' ,'0 0 0 0 0 0 0 0 0 0 0 0 0 0 0 0 0 0 0 0 ' ,29 ,1 ,0, 0
87 ,91, 67, '56 52 48 42 50 51 52 47 45 50 48 49 42 53 54 55 52 57 48 48 ' ,'0 0 0 0 0 0 0 0 0 0 0 0 0 0 0 0 0 0 0 0 ' ,23 ,0 ,0, 0
95 ,79, 76, '55 47 43 68 46 49 52 49 56 59 48 42 48 57 55 41 46 41 51 53 ' ,'0 0 0 0 0 0 0 0 0 0 0 0 0 0 0 0 0 0 0 0 ' ,30 ,3 ,0, 0
96 ,86, 78, '67 63 54 46 53 74 57 46 51 45 62 54 42 55 46 58 49 47 47 46 ' ,'0 0 0 0 0 0 0 0 0 0 0 0 0 0 0 0 0 0 0 0 ' ,27 ,0 ,0, 0
88 ,88, 68, '54 61 47 58 52 53 44 51 43 52 51 38 55 62 33 47 47 52 54 49 ' ,'0 0 0 0 0 0 0 0 0 0 0 0 0 0 0 0 0 0 0 0 ' ,29 ,0 ,0, 0
88 ,81, 67, '56 41 51 62 52 48 50 45 39 41 39 52 50 43 41 43 55 60 62 44 ' ,'0 0 0 0 0 0 0 0 0 0 0 0 0 0 0 0 0 0 0 0 ' ,22 ,0 ,1, 1
92 ,78, 76, '45 51 49 55 51 57 43 68 57 44 50 61 50 52 42 55 49 69 62 64 ' ,'0 0 0 0 0 0 0 0 0 0 0 0 0 0 0 0 0 0 0 0 ' ,26 ,0 ,1, 1
109 ,84, 92, '52 42 60 57 85 56 65 43 53 83 50 54 63 52 75 43 44 54 44 83 ' ,'0 0 0 0 0 0 0 0 0 0 0 0 0 0 0 0 0 0 0 0 ' ,46 ,0 ,0, 0
94 ,100, 77, '65 56 55 52 48 66 47 68 60 51 70 32 46 55 49 68 51 57 50 48 ' ,'0 0 0 0 0 0 0 0 0 0 0 0 0 0 0 0 0 0 0 0 ' ,38 ,1 ,0, 0
88 ,86, 70, '48 49 52 61 49 58 39 47 48 51 47 58 46 55 48 40 54 45 50 54 ' ,'0 0 0 0 0 0 0 0 0 0 0 0 0 0 0 0 0 0 0 0 ' ,27 ,0 ,1, 0
88 ,79, 67, '46 50 52 55 46 44 44 49 55 54 50 47 44 45 48 45 56 41 47 48 ' ,'0 0 0 0 0 0 0 0 0 0 0 0 0 0 0 0 0 0 0 0 ' ,16 ,0 ,0, 0
85 ,75, 65, '49 59 47 61 57 43 49 48 53 44 47 48 46 48 46 47 47 51 49 44 ' ,'0 0 0 0 0 0 0 0 0 0 0 0 0 0 0 0 0 0 0 0 ' ,17 ,0 ,0, 0
85 ,76, 65, '28 49 42 46 44 41 38 52 42 42 42 42 47 58 41 52 44 53 48 53 ' ,'0 0 0 0 0 0 0 0 0 0 0 0 0 0 0 0 0 0 0 0 ' ,31 ,0 ,0, 0
100 ,77, 83, '54 54 43 42 47 67 39 45 45 28 76 41 44 45 42 68 24 47 34 48 ' ,'0 0 0 0 0 0 0 0 0 0 0 0 0 0 0 0 0 0 0 0 ' ,53 ,1 ,1, 0
80 ,92, 62, '48 46 58 48 45 42 44 46 48 53 41 45 43 49 46 43 42 49 47 47 ' ,'0 0 0 0 0 0 0 0 0 0 0 0 0 0 0 0 0 0 0 0 ' ,15 ,0 ,0, 0
80 ,69, 61, '34 43 45 45 35 41 51 43 49 46 45 45 47 37 46 46 36 37 37 50 ' ,'0 0 0 0 0 0 0 0 0 0 0 0 0 0 0 0 0 0 0 0 ' ,22 ,0 ,1, 1
88 ,69, 62, '51 42 44 47 46 48 39 52 56 44 48 43 43 38 45 45 43 52 52 47 ' ,'0 0 0 0 0 0 0 0 0 0 0 0 0 0 0 0 0 0 0 0 ' ,19 ,1 ,0, 0
99 ,81, 80, '39 42 33 52 68 46 41 44 58 59 51 47 45 45 71 36 32 40 36 69 ' ,'0 0 0 0 0 0 0 0 0 0 0 0 0 0 0 0 0 0 0 0 ' ,43 ,1 ,1, 1
101 ,89, 83, '67 33 50 49 49 69 50 27 41 50 73 46 45 54 51 58 52 47 47 49 ' ,'0 0 0 0 0 0 0 0 0 0 0 0 0 0 0 0 0 0 0 0 ' ,47 ,1 ,1, 1
90 ,94, 72, '49 33 49 40 50 49 55 59 30 33 35 58 48 60 45 55 55 51 58 56 ' ,'0 0 0 0 0 0 0 0 0 0 0 0 0 0 0 0 0 0 0 0 ' ,29 ,0 ,1, 0
95 ,77, 71, '52 57 57 64 49 50 54 47 45 52 29 40 46 51 54 49 52 35 56 51 ' ,'0 0 0 0 0 0 0 0 0 0 0 0 0 0 0 0 0 0 0 0 ' ,38 ,0 ,0, 0
98 ,87, 80, '50 50 55 61 42 49 51 61 45 50 49 54 62 43 53 45 53 53 69 46 ' ,'0 0 0 0 0 0 0 0 0 0 0 0 0 0 0 0 0 0 0 0 ' ,30 ,0 ,1, 1
101 ,88, 86, '44 34 45 55 67 50 50 39 40 58 28 49 49 41 75 51 44 57 55 64 ' ,'0 0 0 0 0 0 0 0 0 0 0 0 0 0 0 0 0 0 0 0 ' ,48 ,1 ,1, 1
93 ,91, 69, '58 46 51 54 61 60 48 47 60 53 48 50 37 62 44 68 51 37 48 55 ' ,'0 0 0 0 0 0 0 0 0 0 0 0 0 0 0 0 0 0 0 0 ' ,26 ,1 ,0, 0
90 ,82, 67, '43 48 54 61 46 42 46 60 46 28 41 52 47 50 56 49 49 51 50 58 ' ,'0 0 0 0 0 0 0 0 0 0 0 0 0 0 0 0 0 0 0 0 ' ,32 ,0 ,1, 1
98 ,83, 73, '50 46 48 54 33 36 66 40 45 43 41 53 62 36 43 44 44 30 53 49 ' ,'0 0 0 0 0 0 0 0 0 0 0 0 0 0 0 0 0 0 0 0 ' ,40 ,0 ,1, 1
207 ,84, 189, '78 42 49 57 56 176 37 62 51 43 176 48 35 47 49 83 60 47 58 61 ' ,'0 0 0 0 0 0 0 0 0 0 0 0 0 0 0 0 0 0 0 0 ' ,145 ,0 ,0, 0
96 ,199, 78, '47 47 49 45 68 51 42 66 51 62 28 42 46 47 60 60 48 36 66 71 ' ,'0 0 0 0 0 0 0 0 0 0 0 0 0 0 0 0 0 0 0 0 ' ,36 ,0 ,1, 0
138 ,88, 121, '105 55 47 56 47 107 45 44 45 49 85 54 52 34 43 115 50 40 50 45 ' ,'0 0 0 0 0 0 0 0 0 0 0 0 0 0 0 0 0 0 0 0 ' ,81 ,0 ,1, 1
81 ,128, 60, '50 27 52 51 37 37 35 56 49 46 43 45 38 33 40 37 40 43 45 47 ' ,'0 0 0 0 0 0 0 0 0 0 0 0 0 0 0 0 0 0 0 0 ' ,29 ,0 ,0, 0
79 ,73, 61, '53 58 55 34 31 49 51 46 56 42 45 45 42 57 47 39 51 39 51 34 ' ,'0 0 0 0 0 0 0 0 0 0 0 0 0 0 0 0 0 0 0 0 ' ,29 ,1 ,0, 0
111 ,72, 83, '40 34 49 59 50 51 31 47 41 48 41 37 44 79 35 37 48 37 50 32 ' ,'0 0 0 0 0 0 0 0 0 0 0 0 0 0 0 0 0 0 0 0 ' ,51 ,0 ,0, 0
129 ,99, 107, '41 43 49 53 90 42 44 59 41 99 40 46 37 41 78 44 53 52 31 94 ' ,'0 0 0 0 0 0 0 0 0 0 0 0 0 0 0 0 0 0 0 0 ' ,67 ,1 ,0, 0
115 ,119, 93, '89 46 60 51 48 82 36 37 52 43 77 40 49 52 28 86 52 65 45 33 ' ,'0 0 0 0 0 0 0 0 0 0 0 0 0 0 0 0 0 0 0 0 ' ,59 ,0 ,0, 0
79 ,107, 59, '45 46 46 54 59 43 37 51 52 42 40 47 44 41 32 53 49 39 48 49 ' ,'0 0 0 0 0 0 0 0 0 0 0 0 0 0 0 0 0 0 0 0 ' ,22 ,0 ,0, 0
81 ,71, 62, '49 52 57 47 46 49 49 49 48 56 45 46 51 54 48 52 38 55 47 55 ' ,'0 0 0 0 0 0 0 0 0 0 0 0 0 0 0 0 0 0 0 0 ' ,21 ,1 ,0, 0
89 ,72, 69, '56 51 55 59 43 40 56 60 34 40 65 54 58 61 50 48 53 51 42 48 ' ,'0 0 0 0 0 0 0 0 0 0 0 0 0 0 0 0 0 0 0 0 ' ,29 ,0 ,0, 0
96 ,81, 82, '57 45 53 54 67 50 51 41 58 56 33 46 57 45 73 46 51 50 57 58 ' ,'0 0 0 0 0 0 0 0 0 0 0 0 0 0 0 0 0 0 0 0 ' ,41 ,0 ,1, 0
90 ,88, 73, '61 49 48 50 35 64 57 64 54 45 61 40 54 45 48 55 53 46 67 53 ' ,'0 0 0 0 0 0 0 0 0 0 0 0 0 0 0 0 0 0 0 0 ' ,32 ,0 ,0, 0
87 ,80, 71, '25 48 49 36 48 51 37 35 58 41 44 51 47 54 35 39 52 55 54 32 ' ,'0 0 0 0 0 0 0 0 0 0 0 0 0 0 0 0 0 0 0 0 ' ,35 ,0 ,0, 0
79 ,77, 61, '37 52 56 47 35 45 49 54 47 39 44 37 47 45 40 52 54 41 48 52 ' ,'0 0 0 0 0 0 0 0 0 0 0 0 0 0 0 0 0 0 0 0 ' ,23 ,1 ,0, 0
81 ,70, 60, '41 50 48 54 46 37 36 30 39 35 45 44 37 50 43 36 46 28 47 47 ' ,'0 0 0 0 0 0 0 0 0 0 0 0 0 0 0 0 0 0 0 0 ' ,24 ,0 ,1, 1
88 ,73, 71, '36 49 58 48 60 51 50 45 62 42 45 35 44 43 52 37 48 54 42 54 ' ,'0 0 0 0 0 0 0 0 0 0 0 0 0 0 0 0 0 0 0 0 ' ,28 ,0 ,1, 0
92 ,77, 73, '58 33 51 48 52 65 39 53 36 51 52 45 40 49 35 53 48 54 41 41 ' ,'0 0 0 0 0 0 0 0 0 0 0 0 0 0 0 0 0 0 0 0 ' ,35 ,0 ,1, 1
85 ,79, 67, '47 45 47 48 44 34 48 50 52 37 41 39 32 40 45 61 52 40 50 27 ' ,'0 0 0 0 0 0 0 0 0 0 0 0 0 0 0 0 0 0 0 0 ' ,31 ,0 ,1, 0
84 ,76, 65, '53 57 28 42 39 43 48 49 49 34 33 42 39 35 37 40 50 35 51 42 ' ,'0 0 0 0 0 0 0 0 0 0 0 0 0 0 0 0 0 0 0 0 ' ,31 ,0 ,1, 0
99 ,75, 80, '52 42 50 58 42 49 44 43 68 38 34 44 51 37 35 43 44 32 52 47 ' ,'0 0 0 0 0 0 0 0 0 0 0 0 0 0 0 0 0 0 0 0 ' ,40 ,0 ,0, 0
108 ,93, 85, '48 44 31 45 81 45 42 46 46 83 28 46 31 41 71 42 43 25 35 84 ' ,'0 0 0 0 0 0 0 0 0 0 0 0 0 0 0 0 0 0 0 0 ' ,59 ,0 ,0, 0
96 ,101, 76, '69 60 41 46 40 63 41 45 53 46 72 37 35 48 44 57 46 45 45 41 ' ,'0 0 0 0 0 0 0 0 0 0 0 0 0 0 0 0 0 0 0 0 ' ,36 ,0 ,0, 0
99 ,89, 79, '40 41 42 60 37 48 62 57 47 53 49 47 43 56 45 46 48 62 47 49 ' ,'0 0 0 0 0 0 0 0 0 0 0 0 0 0 0 0 0 0 0 0 ' ,40 ,0 ,0, 0
205 ,90, 181, '65 52 42 61 46 26 53 49 45 48 51 51 53 55 30 54 51 37 39 48 ' ,'0 0 0 0 0 0 0 0 0 0 0 0 0 0 0 0 0 0 0 0 ' ,154 ,0 ,0, 0
90 ,196, 72, '52 48 58 61 57 37 51 47 57 38 49 51 53 57 45 50 59 51 53 54 ' ,'0 0 0 0 0 0 0 0 0 0 0 0 0 0 0 0 0 0 0 0 ' ,33 ,0 ,0, 0
96 ,85, 80, '43 50 50 57 72 50 61 51 48 62 64 63 60 52 71 46 56 40 48 74 ' ,'0 0 0 0 0 0 0 0 0 0 0 0 0 0 0 0 0 0 0 0 ' ,33 ,0 ,1, 1
97 ,89, 74, '61 54 53 58 50 64 42 60 44 46 52 55 50 57 52 76 54 41 58 53 ' ,'0 0 0 0 0 0 0 0 0 0 0 0 0 0 0 0 0 0 0 0 ' ,35 ,0 ,0, 0
92 ,89, 67, '48 48 51 43 59 42 55 54 47 47 50 56 60 62 45 48 57 58 47 38 ' ,'0 0 0 0 0 0 0 0 0 0 0 0 0 0 0 0 0 0 0 0 ' ,24 ,0 ,1, 1
96 ,76, 81, '37 42 72 55 52 50 46 78 42 46 37 51 54 55 55 40 55 56 48 51 ' ,'0 0 0 0 0 0 0 0 0 0 0 0 0 0 0 0 0 0 0 0 ' ,43 ,1 ,0, 0
211 ,91, 158, '45 59 49 47 46 41 52 58 53 43 147 43 34 57 44 187 43 48 45 51 ' ,'0 0 0 0 0 0 0 0 0 0 0 0 0 0 0 0 0 0 0 0 ' ,119 ,0 ,1, 1
93 ,197, 57, '48 63 53 50 68 57 41 51 40 44 46 43 45 45 48 49 46 41 46 65 ' ,'0 0 0 0 0 0 0 0 0 0 0 0 0 0 0 0 0 0 0 0 ' ,30 ,0 ,0, 0
101 ,85, 83, '70 55 71 56 53 78 34 52 61 35 77 53 51 46 24 80 54 35 49 53 ' ,'0 0 0 0 0 0 0 0 0 0 0 0 0 0 0 0 0 0 0 0 ' ,50 ,0 ,0, 0
78 ,94, 62, '44 40 57 42 38 46 51 41 55 35 46 37 44 46 48 57 46 38 49 43 ' ,'0 0 0 0 0 0 0 0 0 0 0 0 0 0 0 0 0 0 0 0 ' ,22 ,0 ,0, 0
85 ,71, 63, '45 48 45 50 35 33 45 29 51 48 43 37 35 50 46 34 49 54 49 40 ' ,'0 0 0 0 0 0 0 0 0 0 0 0 0 0 0 0 0 0 0 0 ' ,30 ,0 ,1, 1
86 ,78, 69, '63 36 37 40 42 62 39 49 42 39 48 44 47 41 34 36 41 63 46 50 ' ,'0 0 0 0 0 0 0 0 0 0 0 0 0 0 0 0 0 0 0 0 ' ,31 ,1 ,1, 1
106 ,76, 89, '41 40 36 53 85 37 32 33 48 83 54 41 34 44 78 32 54 42 42 85 ' ,'0 0 0 0 0 0 0 0 0 0 0 0 0 0 0 0 0 0 0 0 ' ,55 ,0 ,0, 0
131 ,100, 109, '106 40 35 67 49 97 41 57 69 40 88 50 44 40 36 109 38 56 48 40 ' ,'0 0 0 0 0 0 0 0 0 0 0 0 0 0 0 0 0 0 0 0 ' ,74 ,1 ,0, 0
76 ,124, 62, '49 37 44 48 39 43 51 33 44 51 42 45 48 49 45 54 46 50 50 45 ' ,'0 0 0 0 0 0 0 0 0 0 0 0 0 0 0 0 0 0 0 0 ' ,22 ,0 ,1, 0
88 ,67, 72, '40 44 68 46 43 48 48 42 47 50 41 41 42 41 44 46 34 25 48 52 ' ,'0 0 0 0 0 0 0 0 0 0 0 0 0 0 0 0 0 0 0 0 ' ,42 ,1 ,1, 1
79 ,80, 65, '50 44 41 48 47 55 40 46 26 50 40 45 46 54 32 46 49 41 55 47 ' ,'0 0 0 0 0 0 0 0 0 0 0 0 0 0 0 0 0 0 0 0 ' ,28 ,0 ,0, 0
128 ,70, 114, '54 51 51 45 88 44 38 40 42 86 44 43 44 51 82 33 55 44 36 103 ' ,'0 0 0 0 0 0 0 0 0 0 0 0 0 0 0 0 0 0 0 0 ' ,74 ,1 ,1, 1
107 ,119, 94, '72 45 43 64 56 79 39 48 38 55 66 41 44 71 40 88 49 48 41 52 ' ,'0 0 0 0 0 0 0 0 0 0 0 0 0 0 0 0 0 0 0 0 ' ,47 ,0 ,0, 0
83 ,100, 70, '53 43 39 50 56 44 48 55 47 50 21 48 44 52 36 43 48 43 60 42 ' ,'0 0 0 0 0 0 0 0 0 0 0 0 0 0 0 0 0 0 0 0 ' ,39 ,0 ,1, 0
89 ,75, 77, '57 52 47 44 44 46 51 45 50 62 42 32 40 50 31 55 48 52 52 45 ' ,'0 0 0 0 0 0 0 0 0 0 0 0 0 0 0 0 0 0 0 0 ' ,32 ,0 ,1, 0
82 ,83, 69, '50 52 55 47 49 51 52 62 30 59 50 47 49 43 49 45 50 43 46 49 ' ,'0 0 0 0 0 0 0 0 0 0 0 0 0 0 0 0 0 0 0 0 ' ,32 ,1 ,1, 0
102 ,73, 83, '54 56 59 52 70 53 49 40 44 68 58 51 52 45 59 53 54 67 56 74 ' ,'0 0 0 0 0 0 0 0 0 0 0 0 0 0 0 0 0 0 0 0 ' ,36 ,0 ,0, 0
91 ,96, 75, '66 56 52 48 52 57 50 58 40 25 68 57 50 52 50 63 60 56 59 38 ' ,'0 0 0 0 0 0 0 0 0 0 0 0 0 0 0 0 0 0 0 0 ' ,42 ,0 ,1, 0
98 ,84, 85, '30 41 54 53 64 61 52 37 51 40 40 54 57 45 33 54 55 54 53 57 ' ,'0 0 0 0 0 0 0 0 0 0 0 0 0 0 0 0 0 0 0 0 ' ,47 ,0 ,1, 1
95 ,90, 81, '46 54 62 51 47 56 46 71 45 47 39 42 52 60 47 59 41 47 63 47 ' ,'0 0 0 0 0 0 0 0 0 0 0 0 0 0 0 0 0 0 0 0 ' ,35 ,0 ,1, 0
85 ,86, 72, '42 62 53 49 54 37 49 37 46 47 36 49 44 60 46 47 51 44 51 49 ' ,'0 0 0 0 0 0 0 0 0 0 0 0 0 0 0 0 0 0 0 0 ' ,26 ,0 ,1, 1
107 ,77, 93, '37 31 47 57 54 34 45 51 47 57 37 46 44 51 59 56 45 61 41 84 ' ,'0 0 0 0 0 0 0 0 0 0 0 0 0 0 0 0 0 0 0 0 ' ,52 ,0 ,0, 0
82 ,98, 69, '53 41 49 60 47 60 49 35 40 34 56 36 34 55 45 51 45 44 59 36 ' ,'0 0 0 0 0 0 0 0 0 0 0 0 0 0 0 0 0 0 0 0 ' ,28 ,1 ,0, 0
88 ,76, 69, '34 50 32 68 42 48 47 43 29 43 44 35 39 60 45 45 38 47 43 36 ' ,'0 0 0 0 0 0 0 0 0 0 0 0 0 0 0 0 0 0 0 0 ' ,36 ,0 ,1, 1
88 ,79, 61, '25 54 43 45 48 45 42 35 44 38 47 36 32 36 33 61 50 46 53 44 ' ,'0 0 0 0 0 0 0 0 0 0 0 0 0 0 0 0 0 0 0 0 ' ,29 ,0 ,1, 1
74 ,72, 56, '27 34 48 45 47 35 34 49 46 45 42 46 46 39 28 39 40 51 44 46 ' ,'0 0 0 0 0 0 0 0 0 0 0 0 0 0 0 0 0 0 0 0 ' ,23 ,0 ,1, 0
90 ,65, 76, '41 45 52 54 62 47 50 41 51 58 46 45 43 65 47 50 47 36 48 61 ' ,'0 0 0 0 0 0 0 0 0 0 0 0 0 0 0 0 0 0 0 0 ' ,31 ,0 ,0, 0
87 ,82, 71, '54 34 44 52 47 59 42 45 55 51 57 44 46 53 51 68 58 37 57 40 ' ,'0 0 0 0 0 0 0 0 0 0 0 0 0 0 0 0 0 0 0 0 ' ,34 ,0 ,0, 0
90 ,79, 61, '53 47 51 51 47 51 44 40 53 50 53 46 46 41 35 49 56 31 48 48 ' ,'0 0 0 0 0 0 0 0 0 0 0 0 0 0 0 0 0 0 0 0 ' ,26 ,0 ,0, 0
83 ,72, 70, '46 34 60 56 49 58 51 61 53 56 53 48 49 59 44 57 49 46 51 50 ' ,'0 0 0 0 0 0 0 0 0 0 0 0 0 0 0 0 0 0 0 0 ' ,26 ,1 ,1, 1
85 ,74, 69, '35 23 63 52 55 57 50 52 26 26 47 58 51 60 36 52 46 32 44 47 ' ,'0 0 0 0 0 0 0 0 0 0 0 0 0 0 0 0 0 0 0 0 ' ,34 ,0 ,1, 1
104 ,76, 84, '47 52 54 59 73 42 50 60 60 46 56 54 47 57 59 54 59 38 48 77 ' ,'0 0 0 0 0 0 0 0 0 0 0 0 0 0 0 0 0 0 0 0 ' ,41 ,0 ,1, 1
92 ,93, 68, '58 49 61 59 52 67 47 41 41 50 60 41 50 50 44 67 64 55 57 55 ' ,'0 0 0 0 0 0 0 0 0 0 0 0 0 0 0 0 0 0 0 0 ' ,24 ,0 ,0, 0
82 ,86, 61, '49 38 49 54 48 44 43 49 47 28 54 41 38 61 55 47 47 36 57 49 ' ,'0 0 0 0 0 0 0 0 0 0 0 0 0 0 0 0 0 0 0 0 ' ,27 ,0 ,0, 0
86 ,75, 61, '50 60 44 39 38 54 45 50 57 45 41 43 48 57 48 54 44 47 54 52 ' ,'0 0 0 0 0 0 0 0 0 0 0 0 0 0 0 0 0 0 0 0 ' ,27 ,0 ,0, 0
84 ,78, 62, '37 27 44 40 56 47 41 51 34 34 50 48 51 60 49 57 47 51 52 45 ' ,'0 0 0 0 0 0 0 0 0 0 0 0 0 0 0 0 0 0 0 0 ' ,35 ,0 ,0, 0
88 ,77, 69, '45 37 49 46 67 44 47 31 32 56 27 41 53 55 46 44 50 33 38 63 ' ,'0 0 0 0 0 0 0 0 0 0 0 0 0 0 0 0 0 0 0 0 ' ,41 ,1 ,1, 1
113 ,81, 89, '71 45 44 53 48 84 45 40 35 43 75 36 45 48 33 84 53 47 35 34 ' ,'0 0 0 0 0 0 0 0 0 0 0 0 0 0 0 0 0 0 0 0 ' ,53 ,0 ,0, 0
82 ,101, 60, '40 44 38 46 48 47 48 42 52 50 40 33 55 46 50 37 41 37 45 51 ' ,'0 0 0 0 0 0 0 0 0 0 0 0 0 0 0 0 0 0 0 0 ' ,27 ,0 ,0, 0
97 ,74, 79, '46 48 63 53 48 46 47 45 48 34 28 46 63 68 30 49 46 31 75 49 ' ,'0 0 0 0 0 0 0 0 0 0 0 0 0 0 0 0 0 0 0 0 ' ,47 ,0 ,0, 0
177 ,89, 153, '146 45 63 57 49 153 48 39 46 41 39 45 53 43 51 45 47 58 48 46 ' ,'0 0 0 0 0 0 0 0 0 0 0 0 0 0 0 0 0 0 0 0 ' ,113 ,1 ,0, 0
110 ,166, 89, '34 51 44 45 82 50 52 53 49 75 54 47 44 45 75 48 57 64 38 83 ' ,'0 0 0 0 0 0 0 0 0 0 0 0 0 0 0 0 0 0 0 0 ' ,56 ,1 ,1, 1
124 ,102, 107, '96 48 53 54 53 101 50 58 31 44 88 48 51 57 49 95 49 51 43 49 ' ,'0 0 0 0 0 0 0 0 0 0 0 0 0 0 0 0 0 0 0 0 ' ,69 ,1 ,1, 1
84 ,115, 64, '45 54 28 54 50 50 34 53 57 52 46 46 45 58 48 41 51 51 64 47 ' ,'0 0 0 0 0 0 0 0 0 0 0 0 0 0 0 0 0 0 0 0 ' ,37 ,0 ,0, 0
133 ,76, 110, '89 50 57 58 55 58 40 48 33 84 105 52 50 55 80 106 52 41 55 94 ' ,'0 0 0 0 0 0 0 0 0 0 0 0 0 0 0 0 0 0 0 0 ' ,73 ,0 ,0, 0
98 ,121, 73, '58 44 50 55 55 54 37 48 66 47 53 50 56 55 52 55 53 31 60 54 ' ,'0 0 0 0 0 0 0 0 0 0 0 0 0 0 0 0 0 0 0 0 ' ,38 ,0 ,1, 1
133 ,83, 112, '45 45 56 59 111 53 49 52 53 96 51 40 54 66 92 55 54 54 58 106 ' ,'0 0 0 0 0 0 0 0 0 0 0 0 0 0 0 0 0 0 0 0 ' ,68 ,0 ,0, 0
104 ,125, 87, '60 30 53 46 57 78 55 55 82 52 73 47 52 63 49 83 50 55 66 51 ' ,'0 0 0 0 0 0 0 0 0 0 0 0 0 0 0 0 0 0 0 0 ' ,52 ,0 ,0, 0
85 ,96, 63, '43 37 52 57 53 48 34 55 42 40 37 46 34 37 55 57 50 50 44 52 ' ,'0 0 0 0 0 0 0 0 0 0 0 0 0 0 0 0 0 0 0 0 ' ,25 ,1 ,0, 0
87 ,78, 66, '43 30 47 47 46 46 39 42 33 43 42 60 48 41 43 43 47 54 54 48 ' ,'0 0 0 0 0 0 0 0 0 0 0 0 0 0 0 0 0 0 0 0 ' ,34 ,0 ,1, 1
86 ,79, 65, '43 64 56 44 41 37 60 50 27 53 37 55 54 46 41 41 47 38 47 50 ' ,'0 0 0 0 0 0 0 0 0 0 0 0 0 0 0 0 0 0 0 0 ' ,32 ,1 ,1, 1
99 ,79, 78, '43 52 51 46 70 31 36 55 48 73 35 56 43 51 72 50 46 51 37 73 ' ,'0 0 0 0 0 0 0 0 0 0 0 0 0 0 0 0 0 0 0 0 ' ,44 ,0 ,1, 1
85 ,89, 67, '61 35 47 52 44 60 59 46 57 50 60 54 46 51 31 62 60 47 47 51 ' ,'0 0 0 0 0 0 0 0 0 0 0 0 0 0 0 0 0 0 0 0 ' ,30 ,0 ,0, 0
86 ,77, 66, '43 57 48 33 51 49 53 64 44 45 47 52 55 39 43 47 50 52 55 51 ' ,'0 0 0 0 0 0 0 0 0 0 0 0 0 0 0 0 0 0 0 0 ' ,28 ,0 ,0, 0
81 ,78, 63, '37 52 55 53 56 36 49 27 57 50 44 35 43 49 57 44 52 41 35 41 ' ,'0 0 0 0 0 0 0 0 0 0 0 0 0 0 0 0 0 0 0 0 ' ,32 ,1 ,1, 1
86 ,74, 64, '50 53 61 49 48 45 51 43 58 39 41 46 51 53 49 48 50 46 59 49 ' ,'0 0 0 0 0 0 0 0 0 0 0 0 0 0 0 0 0 0 0 0 ' ,22 ,1 ,0, 0
104 ,81, 82, '48 63 48 57 70 47 52 48 33 75 51 36 50 53 78 38 49 37 57 72 ' ,'0 0 0 0 0 0 0 0 0 0 0 0 0 0 0 0 0 0 0 0 ' ,45 ,0 ,0, 0
99 ,92, 81, '75 51 57 52 59 70 56 40 49 58 74 46 47 58 54 71 54 50 53 62 ' ,'0 0 0 0 0 0 0 0 0 0 0 0 0 0 0 0 0 0 0 0 ' ,37 ,0 ,1, 1
79 ,90, 62, '38 52 55 45 48 53 45 50 48 42 42 51 52 55 55 48 52 53 58 46 ' ,'0 0 0 0 0 0 0 0 0 0 0 0 0 0 0 0 0 0 0 0 ' ,20 ,0 ,0, 0
89 ,72, 71, '53 35 44 65 41 62 48 47 42 55 51 55 52 54 40 55 53 47 60 56 ' ,'0 0 0 0 0 0 0 0 0 0 0 0 0 0 0 0 0 0 0 0 ' ,30 ,0 ,0, 0
97 ,79, 70, '48 57 57 43 41 50 41 48 42 65 54 58 52 56 51 45 52 64 50 50 ' ,'0 0 0 0 0 0 0 0 0 0 0 0 0 0 0 0 0 0 0 0 ' ,26 ,0 ,0, 0
128 ,79, 110, '50 58 51 58 92 55 48 51 46 102 57 49 53 62 80 55 51 48 54 88 ' ,'0 0 0 0 0 0 0 0 0 0 0 0 0 0 0 0 0 0 0 0 ' ,55 ,0 ,0, 0
104 ,118, 85, '71 55 60 52 51 84 47 47 48 50 76 46 42 34 41 76 46 41 49 55 ' ,'0 0 0 0 0 0 0 0 0 0 0 0 0 0 0 0 0 0 0 0 ' ,47 ,0 ,0, 0
87 ,97, 65, '45 53 52 44 45 46 49 62 50 46 51 48 44 49 45 47 50 55 43 50 ' ,'0 0 0 0 0 0 0 0 0 0 0 0 0 0 0 0 0 0 0 0 ' ,20 ,0 ,0, 0
96 ,80, 78, '41 49 48 67 32 43 29 37 45 49 42 49 44 40 34 40 42 39 39 43 ' ,'0 0 0 0 0 0 0 0 0 0 0 0 0 0 0 0 0 0 0 0 ' ,39 ,0 ,1, 1
93 ,88, 62, '48 48 35 42 35 38 45 50 53 51 43 33 56 56 45 39 46 35 46 49 ' ,'0 0 0 0 0 0 0 0 0 0 0 0 0 0 0 0 0 0 0 0 ' ,28 ,0 ,0, 0
94 ,75, 76, '49 55 58 43 62 47 47 37 52 71 43 45 49 50 71 52 47 30 34 69 ' ,'0 0 0 0 0 0 0 0 0 0 0 0 0 0 0 0 0 0 0 0 ' ,43 ,0 ,1, 1
85 ,85, 68, '60 54 49 55 36 59 61 54 51 50 45 51 40 58 45 63 50 50 50 44 ' ,'0 0 0 0 0 0 0 0 0 0 0 0 0 0 0 0 0 0 0 0 ' ,28 ,1 ,0, 0
87 ,77, 68, '53 37 51 47 52 48 47 50 64 59 47 46 48 50 48 52 45 49 47 34 ' ,'0 0 0 0 0 0 0 0 0 0 0 0 0 0 0 0 0 0 0 0 ' ,29 ,0 ,0, 0
108 ,80, 61, '47 49 48 38 48 52 55 43 48 51 47 47 46 38 47 46 55 44 54 46 ' ,'0 0 0 0 0 0 0 0 0 0 0 0 0 0 0 0 0 0 0 0 ' ,17 ,0 ,0, 0
131 ,101, 108, '47 50 62 57 56 38 50 63 52 44 107 34 52 58 29 103 43 25 40 45 ' ,'0 0 0 0 0 0 0 0 0 0 0 0 0 0 0 0 0 0 0 0 ' ,74 ,1 ,1, 1
97 ,123, 73, '52 52 57 53 71 54 32 54 54 66 53 45 52 55 63 50 61 56 50 68 ' ,'0 0 0 0 0 0 0 0 0 0 0 0 0 0 0 0 0 0 0 0 ' ,36 ,1 ,0, 0
114 ,88, 96, '84 55 50 54 45 91 50 52 62 59 91 46 51 41 48 87 52 53 59 59 ' ,'0 0 0 0 0 0 0 0 0 0 0 0 0 0 0 0 0 0 0 0 ' ,52 ,1 ,1, 1
111 ,105, 93, '46 52 68 72 52 41 54 43 63 55 51 55 64 89 44 43 48 37 85 53 ' ,'0 0 0 0 0 0 0 0 0 0 0 0 0 0 0 0 0 0 0 0 ' ,53 ,1 ,0, 0
86 ,103, 68, '56 64 28 59 55 61 52 39 55 57 47 43 58 47 54 54 55 58 58 56 ' ,'0 0 0 0 0 0 0 0 0 0 0 0 0 0 0 0 0 0 0 0 ' ,37 ,0 ,0, 0
88 ,79, 71, '51 63 35 54 45 66 45 60 51 38 42 56 47 41 55 58 57 38 58 47 ' ,'0 0 0 0 0 0 0 0 0 0 0 0 0 0 0 0 0 0 0 0 ' ,30 ,0 ,0, 0
98 ,80, 82, '41 42 50 60 77 51 42 28 57 73 49 47 38 54 62 53 50 44 62 67 ' ,'0 0 0 0 0 0 0 0 0 0 0 0 0 0 0 0 0 0 0 0 ' ,45 ,0 ,0, 0
112 ,91, 97, '83 31 45 52 47 90 53 49 31 53 86 42 45 53 32 90 48 46 58 44 ' ,'0 0 0 0 0 0 0 0 0 0 0 0 0 0 0 0 0 0 0 0 ' ,60 ,0 ,1, 0
84 ,104, 63, '42 56 49 45 48 42 42 30 32 56 46 43 44 47 55 47 50 50 59 47 ' ,'0 0 0 0 0 0 0 0 0 0 0 0 0 0 0 0 0 0 0 0 ' ,32 ,0 ,0, 0
93 ,78, 76, '29 38 47 44 69 38 45 42 54 58 41 34 45 44 29 49 52 43 55 46 ' ,'0 0 0 0 0 0 0 0 0 0 0 0 0 0 0 0 0 0 0 0 ' ,44 ,0 ,0, 0
78 ,85, 60, '41 44 46 50 46 47 49 37 48 45 39 32 39 43 51 49 49 39 56 46 ' ,'0 0 0 0 0 0 0 0 0 0 0 0 0 0 0 0 0 0 0 0 ' ,21 ,1 ,0, 0
121 ,70, 97, '43 43 63 46 87 49 54 48 48 78 48 47 48 54 89 35 36 46 45 92 ' ,'0 0 0 0 0 0 0 0 0 0 0 0 0 0 0 0 0 0 0 0 ' ,61 ,0 ,0, 0
109 ,107, 92, '72 52 28 44 53 83 30 51 52 52 86 49 39 37 57 80 44 43 47 46 ' ,'0 0 0 0 0 0 0 0 0 0 0 0 0 0 0 0 0 0 0 0 ' ,63 ,1 ,1, 1
95 ,102, 67, '38 48 33 43 45 31 45 43 59 48 49 47 42 32 31 46 41 50 34 40 ' ,'0 0 0 0 0 0 0 0 0 0 0 0 0 0 0 0 0 0 0 0 ' ,30 ,1 ,0, 0
82 ,88, 62, '29 39 44 45 37 47 26 37 42 55 50 37 32 44 47 42 51 57 49 40 ' ,'0 0 0 0 0 0 0 0 0 0 0 0 0 0 0 0 0 0 0 0 ' ,31 ,1 ,0, 0
88 ,74, 63, '48 52 51 50 45 59 40 37 53 57 42 52 45 50 46 46 44 53 52 44 ' ,'0 0 0 0 0 0 0 0 0 0 0 0 0 0 0 0 0 0 0 0 ' ,24 ,0 ,0, 0
104 ,73, 82, '51 55 53 41 76 49 43 43 68 80 50 56 44 62 68 58 48 41 50 80 ' ,'0 0 0 0 0 0 0 0 0 0 0 0 0 0 0 0 0 0 0 0 ' ,36 ,0 ,0, 0
107 ,95, 88, '66 51 55 57 56 79 42 47 41 62 69 53 48 56 55 69 60 62 67 48 ' ,'0 0 0 0 0 0 0 0 0 0 0 0 0 0 0 0 0 0 0 0 ' ,38 ,0 ,1, 1
92 ,100, 68, '46 58 49 57 52 53 39 60 58 53 61 50 48 33 55 56 54 42 51 59 ' ,'0 0 0 0 0 0 0 0 0 0 0 0 0 0 0 0 0 0 0 0 ' ,31 ,0 ,1, 1
100 ,84, 78, '53 58 43 57 53 55 52 40 74 54 57 54 43 61 44 62 51 41 69 54 ' ,'0 0 0 0 0 0 0 0 0 0 0 0 0 0 0 0 0 0 0 0 ' ,35 ,0 ,0, 0
84 ,89, 66, '57 45 50 54 54 44 34 48 52 46 54 41 49 60 57 49 53 51 46 49 ' ,'0 0 0 0 0 0 0 0 0 0 0 0 0 0 0 0 0 0 0 0 ' ,30 ,1 ,0, 0
88 ,76, 65, '46 39 44 46 59 43 35 59 51 51 52 45 53 34 50 47 48 50 60 68 ' ,'0 0 0 0 0 0 0 0 0 0 0 0 0 0 0 0 0 0 0 0 ' ,34 ,1 ,0, 0
91 ,80, 71, '54 46 44 50 46 62 46 46 42 35 65 40 48 59 39 53 50 49 50 44 ' ,'0 0 0 0 0 0 0 0 0 0 0 0 0 0 0 0 0 0 0 0 ' ,29 ,0 ,0, 0
109 ,80, 67, '46 59 77 38 45 37 43 50 55 38 37 50 42 79 39 44 43 50 70 46 ' ,'0 0 0 0 0 0 0 0 0 0 0 0 0 0 0 0 0 0 0 0 ' ,46 ,0 ,0, 0
95 ,102, 78, '35 48 49 46 48 48 49 27 30 44 56 47 49 50 47 45 58 47 32 74 ' ,'0 0 0 0 0 0 0 0 0 0 0 0 0 0 0 0 0 0 0 0 ' ,49 ,0 ,0, 0
87 ,86, 69, '30 51 46 43 53 39 36 42 50 50 47 65 42 52 36 44 37 52 47 40 ' ,'0 0 0 0 0 0 0 0 0 0 0 0 0 0 0 0 0 0 0 0 ' ,36 ,0 ,0, 0
96 ,79, 72, '35 44 71 56 68 29 41 35 36 53 44 54 38 48 64 45 44 54 45 56 ' ,'0 0 0 0 0 0 0 0 0 0 0 0 0 0 0 0 0 0 0 0 ' ,41 ,0 ,0, 0
93 ,81, 70, '46 54 57 40 42 68 57 43 39 45 52 45 49 49 43 59 36 57 47 39 ' ,'0 0 0 0 0 0 0 0 0 0 0 0 0 0 0 0 0 0 0 0 ' ,29 ,1 ,1, 1
83 ,80, 60, '52 51 55 61 53 49 45 44 59 56 48 46 45 53 47 48 52 45 51 52 ' ,'0 0 0 0 0 0 0 0 0 0 0 0 0 0 0 0 0 0 0 0 ' ,21 ,0 ,0, 0
83 ,75, 55, '35 50 55 55 51 50 53 41 52 54 48 42 46 48 44 49 36 54 49 43 ' ,'0 0 0 0 0 0 0 0 0 0 0 0 0 0 0 0 0 0 0 0 ' ,27 ,0 ,0, 0
86 ,75, 65, '55 54 51 53 49 41 57 41 33 49 52 49 45 52 50 52 54 48 62 44 ' ,'0 0 0 0 0 0 0 0 0 0 0 0 0 0 0 0 0 0 0 0 ' ,26 ,1 ,1, 1
116 ,78, 97, '52 59 64 53 71 54 56 48 44 68 41 50 54 53 68 61 49 48 48 63 ' ,'0 0 0 0 0 0 0 0 0 0 0 0 0 0 0 0 0 0 0 0 ' ,52 ,0 ,0, 0
101 ,109, 76, '52 55 60 54 62 69 33 48 52 39 45 50 52 49 58 70 64 66 61 58 ' ,'0 0 0 0 0 0 0 0 0 0 0 0 0 0 0 0 0 0 0 0 ' ,38 ,0 ,1, 1
93 ,92, 71, '53 31 54 62 54 43 49 30 49 60 31 50 51 70 53 54 56 33 38 43 ' ,'0 0 0 0 0 0 0 0 0 0 0 0 0 0 0 0 0 0 0 0 ' ,41 ,0 ,0, 0
91 ,83, 71, '52 56 37 59 36 48 38 45 38 47 33 53 50 60 33 53 54 47 67 44 ' ,'0 0 0 0 0 0 0 0 0 0 0 0 0 0 0 0 0 0 0 0 ' ,33 ,0 ,0, 0
90 ,80, 72, '39 37 48 46 52 42 51 38 49 59 38 51 53 49 57 44 56 55 49 45 ' ,'0 0 0 0 0 0 0 0 0 0 0 0 0 0 0 0 0 0 0 0 ' ,30 ,0 ,0, 0
145 ,81, 128, '36 53 46 45 55 43 39 40 39 60 23 41 49 62 46 51 54 53 48 42 ' ,'0 0 0 0 0 0 0 0 0 0 0 0 0 0 0 0 0 0 0 0 ' ,102 ,1 ,1, 1
103 ,138, 85, '82 52 43 49 43 74 48 53 48 47 74 53 51 41 35 80 47 52 51 50 ' ,'0 0 0 0 0 0 0 0 0 0 0 0 0 0 0 0 0 0 0 0 ' ,48 ,0 ,0, 0
82 ,95, 65, '51 34 49 48 47 54 40 46 58 45 48 43 41 59 37 47 51 46 52 39 ' ,'0 0 0 0 0 0 0 0 0 0 0 0 0 0 0 0 0 0 0 0 ' ,29 ,0 ,1, 1
80 ,73, 63, '46 39 53 50 46 26 39 52 34 35 48 43 44 48 35 45 48 46 60 32 ' ,'0 0 0 0 0 0 0 0 0 0 0 0 0 0 0 0 0 0 0 0 ' ,29 ,0 ,0, 0
109 ,79, 57, '33 43 41 41 38 28 31 47 40 47 49 40 46 48 36 48 47 45 54 45 ' ,'0 0 0 0 0 0 0 0 0 0 0 0 0 0 0 0 0 0 0 0 ' ,26 ,0 ,0, 0
92 ,69, 70, '43 36 59 49 64 32 41 48 51 66 50 47 41 47 63 44 37 49 39 61 ' ,'0 0 0 0 0 0 0 0 0 0 0 0 0 0 0 0 0 0 0 0 ' ,37 ,0 ,0, 0
138 ,83, 122, '111 46 33 56 46 109 48 29 43 57 117 49 48 51 27 108 48 44 55 49 ' ,'0 0 0 0 0 0 0 0 0 0 0 0 0 0 0 0 0 0 0 0 ' ,89 ,0 ,1, 1
100 ,131, 68, '35 47 49 50 53 43 42 40 56 57 27 48 62 41 47 48 51 52 47 41 ' ,'0 0 0 0 0 0 0 0 0 0 0 0 0 0 0 0 0 0 0 0 ' ,49 ,0 ,0, 0
79 ,91, 58, '41 46 54 37 38 46 41 44 38 54 51 44 51 31 42 54 41 42 43 55 ' ,'0 0 0 0 0 0 0 0 0 0 0 0 0 0 0 0 0 0 0 0 ' ,25 ,0 ,0, 0
90 ,72, 73, '54 56 70 44 64 54 33 42 63 39 54 52 57 47 48 53 57 62 59 52 ' ,'0 0 0 0 0 0 0 0 0 0 0 0 0 0 0 0 0 0 0 0 ' ,35 ,1 ,1, 1
129 ,82, 110, '53 54 57 44 103 50 52 32 59 84 37 51 38 51 61 50 54 40 58 63 ' ,'0 0 0 0 0 0 0 0 0 0 0 0 0 0 0 0 0 0 0 0 ' ,74 ,0 ,1, 1
101 ,122, 81, '79 58 58 55 55 73 42 51 60 59 55 51 63 43 55 72 59 61 62 40 ' ,'0 0 0 0 0 0 0 0 0 0 0 0 0 0 0 0 0 0 0 0 ' ,40 ,0 ,0, 0
91 ,94, 70, '57 28 59 59 56 49 47 52 63 31 50 49 59 56 63 53 56 42 58 39 ' ,'0 0 0 0 0 0 0 0 0 0 0 0 0 0 0 0 0 0 0 0 ' ,40 ,0 ,0, 0
94 ,83, 70, '48 63 33 53 46 55 41 40 57 50 35 53 55 63 36 52 58 33 53 46 ' ,'0 0 0 0 0 0 0 0 0 0 0 0 0 0 0 0 0 0 0 0 ' ,36 ,0 ,1, 1
97 ,82, 76, '39 52 57 61 57 51 62 40 52 42 59 55 43 53 52 71 51 58 62 36 ' ,'0 0 0 0 0 0 0 0 0 0 0 0 0 0 0 0 0 0 0 0 ' ,35 ,0 ,0, 0
109 ,85, 84, '58 85 65 54 68 48 54 34 61 64 36 55 45 53 64 56 57 65 54 70 ' ,'0 0 0 0 0 0 0 0 0 0 0 0 0 0 0 0 0 0 0 0 ' ,48 ,0 ,0, 0
103 ,100, 82, '63 54 61 53 52 75 29 51 48 49 65 44 45 60 40 71 48 59 47 56 ' ,'0 0 0 0 0 0 0 0 0 0 0 0 0 0 0 0 0 0 0 0 ' ,41 ,1 ,0, 0
90 ,94, 66, '48 68 49 52 46 50 44 39 42 44 53 47 46 52 48 49 51 37 57 45 ' ,'0 0 0 0 0 0 0 0 0 0 0 0 0 0 0 0 0 0 0 0 ' ,31 ,0 ,0, 0
73 ,81, 55, '44 34 45 52 47 46 49 47 51 35 44 44 48 37 48 45 45 48 45 49 ' ,'0 0 0 0 0 0 0 0 0 0 0 0 0 0 0 0 0 0 0 0 ' ,19 ,1 ,0, 0
105 ,65, 63, '41 49 58 50 45 47 29 57 36 39 50 46 57 52 41 37 48 56 47 42 ' ,'0 0 0 0 0 0 0 0 0 0 0 0 0 0 0 0 0 0 0 0 ' ,42 ,1 ,0, 0
86 ,92, 70, '42 46 48 48 60 45 32 63 54 55 46 42 43 47 45 49 47 33 34 65 ' ,'0 0 0 0 0 0 0 0 0 0 0 0 0 0 0 0 0 0 0 0 ' ,31 ,1 ,0, 0
94 ,79, 77, '65 29 37 53 41 73 42 39 65 46 50 49 36 44 41 50 58 48 54 39 ' ,'0 0 0 0 0 0 0 0 0 0 0 0 0 0 0 0 0 0 0 0 ' ,44 ,0 ,0, 0
83 ,85, 61, '52 43 40 45 47 45 49 42 26 32 52 55 47 36 45 46 49 38 40 36 ' ,'0 0 0 0 0 0 0 0 0 0 0 0 0 0 0 0 0 0 0 0 ' ,31 ,1 ,1, 1
93 ,76, 73, '52 37 69 71 53 57 53 40 46 38 54 42 55 63 44 48 38 45 59 39 ' ,'0 0 0 0 0 0 0 0 0 0 0 0 0 0 0 0 0 0 0 0 ' ,35 ,0 ,0, 0
100 ,85, 81, '52 70 54 56 55 62 48 42 77 37 41 62 56 46 52 53 50 58 67 51 ' ,'0 0 0 0 0 0 0 0 0 0 0 0 0 0 0 0 0 0 0 0 ' ,38 ,0 ,0, 0
107 ,91, 90, '58 52 67 53 73 61 34 57 76 83 57 55 53 42 72 56 57 46 71 79 ' ,'0 0 0 0 0 0 0 0 0 0 0 0 0 0 0 0 0 0 0 0 ' ,50 ,0 ,0, 0
99 ,98, 83, '63 62 65 54 76 64 53 63 46 38 50 53 60 57 58 53 55 44 52 61 ' ,'0 0 0 0 0 0 0 0 0 0 0 0 0 0 0 0 0 0 0 0 ' ,39 ,0 ,0, 0
82 ,92, 63, '30 56 45 50 35 52 51 33 37 39 40 51 48 53 57 54 62 55 55 52 ' ,'0 0 0 0 0 0 0 0 0 0 0 0 0 0 0 0 0 0 0 0 ' ,31 ,0 ,0, 0
86 ,74, 68, '47 52 66 48 48 50 38 51 49 47 38 41 61 41 51 46 48 35 48 40 ' ,'0 0 0 0 0 0 0 0 0 0 0 0 0 0 0 0 0 0 0 0 ' ,31 ,1 ,0, 0
88 ,78, 61, '38 49 46 51 45 56 31 63 35 41 47 44 44 38 56 52 50 46 53 46 ' ,'0 0 0 0 0 0 0 0 0 0 0 0 0 0 0 0 0 0 0 0 ' ,28 ,0 ,0, 0
90 ,80, 71, '41 43 33 50 67 35 46 45 44 62 42 41 55 49 66 45 50 33 47 61 ' ,'0 0 0 0 0 0 0 0 0 0 0 0 0 0 0 0 0 0 0 0 ' ,35 ,0 ,1, 1
91 ,79, 73, '57 43 40 48 54 62 48 43 48 49 63 41 41 37 34 68 51 50 68 52 ' ,'0 0 0 0 0 0 0 0 0 0 0 0 0 0 0 0 0 0 0 0 ' ,33 ,0 ,1, 1
86 ,83, 67, '34 42 60 37 46 59 30 44 27 54 43 47 59 53 37 54 48 33 49 43 ' ,'0 0 0 0 0 0 0 0 0 0 0 0 0 0 0 0 0 0 0 0 ' ,30 ,0 ,1, 1
83 ,77, 59, '41 63 44 47 41 57 30 31 45 35 50 43 44 29 44 46 45 45 36 38 ' ,'0 0 0 0 0 0 0 0 0 0 0 0 0 0 0 0 0 0 0 0 ' ,30 ,0 ,0, 0
91 ,74, 75, '47 44 71 50 47 38 49 59 52 27 50 38 41 48 46 52 60 44 42 39 ' ,'0 0 0 0 0 0 0 0 0 0 0 0 0 0 0 0 0 0 0 0 ' ,40 ,1 ,1, 1
93 ,83, 76, '45 71 48 45 35 51 39 50 34 55 48 52 38 33 63 46 32 35 45 50 ' ,'0 0 0 0 0 0 0 0 0 0 0 0 0 0 0 0 0 0 0 0 ' ,40 ,0 ,0, 0
104 ,86, 86, '74 51 47 44 48 76 49 42 38 32 74 55 37 39 40 85 38 50 49 37 ' ,'0 0 0 0 0 0 0 0 0 0 0 0 0 0 0 0 0 0 0 0 ' ,51 ,0 ,0, 0
71 ,96, 51, '36 46 34 38 22 45 43 38 38 45 46 33 30 29 47 28 36 49 47 49 ' ,'0 0 0 0 0 0 0 0 0 0 0 0 0 0 0 0 0 0 0 0 ' ,30 ,1 ,0, 0
84 ,63, 66, '31 54 43 34 40 40 41 49 38 43 43 44 40 55 61 48 50 36 40 41 ' ,'0 0 0 0 0 0 0 0 0 0 0 0 0 0 0 0 0 0 0 0 ' ,32 ,1 ,1, 1
81 ,75, 61, '48 39 50 38 34 36 53 59 29 46 49 41 42 49 41 43 44 45 30 38 ' ,'0 0 0 0 0 0 0 0 0 0 0 0 0 0 0 0 0 0 0 0 ' ,27 ,0 ,0, 0
85 ,72, 66, '35 43 46 53 60 37 28 35 43 53 33 48 48 36 61 43 47 46 46 59 ' ,'0 0 0 0 0 0 0 0 0 0 0 0 0 0 0 0 0 0 0 0 ' ,27 ,1 ,1, 1
111 ,77, 93, '89 51 46 54 46 73 47 46 43 52 85 47 44 47 41 83 47 50 47 49 ' ,'0 0 0 0 0 0 0 0 0 0 0 0 0 0 0 0 0 0 0 0 ' ,49 ,0 ,0, 0
93 ,103, 73, '58 55 45 65 52 54 53 36 35 38 53 51 58 68 32 49 49 44 51 54 ' ,'0 0 0 0 0 0 0 0 0 0 0 0 0 0 0 0 0 0 0 0 ' ,37 ,0 ,0, 0
108 ,82, 73, '64 61 58 54 54 50 41 50 36 55 38 37 52 50 54 43 53 55 58 54 ' ,'0 0 0 0 0 0 0 0 0 0 0 0 0 0 0 0 0 0 0 0 ' ,27 ,0 ,0, 0
93 ,101, 73, '55 51 49 56 55 66 57 51 30 45 61 47 59 67 38 68 61 50 57 45 ' ,'0 0 0 0 0 0 0 0 0 0 0 0 0 0 0 0 0 0 0 0 ' ,44 ,0 ,1, 1
120 ,85, 99, '47 62 36 74 97 48 43 37 38 76 53 53 49 78 84 30 48 49 56 83 ' ,'0 0 0 0 0 0 0 0 0 0 0 0 0 0 0 0 0 0 0 0 ' ,69 ,0 ,0, 0
97 ,114, 74, '58 43 48 51 44 71 47 33 55 38 63 46 43 61 39 58 47 40 58 57 ' ,'0 0 0 0 0 0 0 0 0 0 0 0 0 0 0 0 0 0 0 0 ' ,39 ,0 ,0, 0
97 ,83, 63, '62 57 40 47 59 56 45 47 53 36 54 53 40 34 45 37 54 49 46 50 ' ,'0 0 0 0 0 0 0 0 0 0 0 0 0 0 0 0 0 0 0 0 ' ,32 ,0 ,1, 1
79 ,88, 60, '39 37 40 37 37 56 38 38 51 46 37 46 38 49 35 35 42 46 41 47 ' ,'0 0 0 0 0 0 0 0 0 0 0 0 0 0 0 0 0 0 0 0 ' ,25 ,0 ,1, 1
87 ,71, 67, '41 50 44 44 44 45 44 33 38 50 51 39 32 58 49 42 42 41 48 52 ' ,'0 0 0 0 0 0 0 0 0 0 0 0 0 0 0 0 0 0 0 0 ' ,31 ,1 ,1, 1
89 ,79, 72, '48 58 43 48 60 41 41 54 41 58 53 51 58 37 61 34 56 47 48 67 ' ,'0 0 0 0 0 0 0 0 0 0 0 0 0 0 0 0 0 0 0 0 ' ,37 ,0 ,0, 0
89 ,82, 74, '50 39 35 55 33 56 38 61 45 42 69 43 40 53 34 62 45 37 45 38 ' ,'0 0 0 0 0 0 0 0 0 0 0 0 0 0 0 0 0 0 0 0 ' ,35 ,0 ,0, 0
83 ,81, 58, '51 43 44 48 35 41 53 42 50 43 52 43 45 56 40 42 46 55 49 38 ' ,'0 0 0 0 0 0 0 0 0 0 0 0 0 0 0 0 0 0 0 0 ' ,22 ,0 ,1, 1
93 ,74, 67, '51 34 35 47 33 50 53 33 68 45 55 45 50 63 29 45 46 38 48 37 ' ,'0 0 0 0 0 0 0 0 0 0 0 0 0 0 0 0 0 0 0 0 ' ,40 ,1 ,0, 0
218 ,86, 86, '61 71 197 66 47 36 54 80 49 54 59 56 51 47 25 62 50 48 58 48 ' ,'0 0 119 0 0 0 142 0 0 0 0 143 151 0 0 0 0 0 0 0 ' ,166 ,1 ,0, 0
120 ,212, 99, '53 35 51 62 54 49 58 53 45 95 55 50 45 51 83 54 52 23 58 77 ' ,'0 0 0 0 0 0 0 0 0 0 0 0 0 0 0 0 0 0 0 0 ' ,71 ,1 ,0, 0
98 ,111, 82, '78 45 51 54 58 70 54 52 53 62 62 42 51 48 28 69 42 51 62 52 ' ,'0 0 0 0 0 0 0 0 0 0 0 0 0 0 0 0 0 0 0 0 ' ,47 ,0 ,0, 0
226 ,91, 80, '63 50 55 75 55 50 44 32 56 62 55 52 52 45 45 42 50 36 60 49 ' ,'0 0 0 0 0 0 0 0 0 0 0 0 0 0 0 124896 0 0 0 0 ' ,43 ,1 ,1, 1
89 ,215, 73, '35 49 52 50 57 35 66 37 42 50 52 20 44 67 53 52 56 58 59 46 ' ,'0 0 0 0 0 0 0 0 0 0 0 0 0 0 0 0 0 0 0 0 ' ,47 ,1 ,0, 0
88 ,79, 73, '51 63 51 62 57 44 59 46 57 65 52 54 61 56 53 39 56 52 69 48 ' ,'0 0 0 0 0 0 0 0 0 0 0 0 0 0 0 0 0 0 0 0 ' ,29 ,0 ,1, 1
115 ,81, 100, '58 53 55 57 86 36 59 53 49 83 46 46 47 57 94 35 53 37 48 81 ' ,'0 0 0 0 0 0 0 0 0 0 0 0 0 0 0 0 0 0 0 0 ' ,62 ,0 ,0, 0
112 ,108, 97, '62 45 57 60 49 76 48 64 47 45 91 51 42 57 51 84 54 44 50 42 ' ,'0 0 0 0 0 0 0 0 0 0 0 0 0 0 0 0 0 0 0 0 ' ,51 ,0 ,0, 0
84 ,104, 67, '44 33 51 50 55 46 40 48 51 30 31 35 56 63 55 39 48 41 48 39 ' ,'0 0 0 0 0 0 0 0 0 0 0 0 0 0 0 0 0 0 0 0 ' ,35 ,1 ,0, 0
99 ,76, 82, '36 49 58 54 48 41 34 54 56 33 46 49 46 50 43 42 52 75 55 31 ' ,'0 0 0 0 0 0 0 0 0 0 0 0 0 0 0 0 0 0 0 0 ' ,49 ,1 ,1, 1
92 ,91, 76, '39 52 46 37 48 41 43 53 44 40 50 32 49 51 53 47 59 54 51 36 ' ,'0 0 0 0 0 0 0 0 0 0 0 0 0 0 0 0 0 0 0 0 ' ,39 ,0 ,1, 1
83 ,85, 63, '42 44 56 39 58 52 37 51 45 47 35 52 49 50 63 46 47 41 45 45 ' ,'0 0 0 0 0 0 0 0 0 0 0 0 0 0 0 0 0 0 0 0 ' ,30 ,0 ,0, 0
95 ,76, 76, '56 53 41 53 40 60 47 46 47 34 73 51 39 43 31 60 48 45 42 39 ' ,'0 0 0 0 0 0 0 0 0 0 0 0 0 0 0 0 0 0 0 0 ' ,42 ,1 ,0, 0
77 ,84, 62, '47 48 38 59 55 39 34 37 34 45 30 44 45 50 32 46 31 46 48 43 ' ,'0 0 0 0 0 0 0 0 0 0 0 0 0 0 0 0 0 0 0 0 ' ,28 ,0 ,0, 0
82 ,69, 66, '49 56 31 53 41 28 47 39 40 47 37 45 51 52 41 50 45 40 50 35 ' ,'0 0 0 0 0 0 0 0 0 0 0 0 0 0 0 0 0 0 0 0 ' ,27 ,1 ,0, 0
79 ,73, 66, '51 39 41 43 40 43 57 34 49 53 34 35 42 29 38 40 43 46 39 43 ' ,'0 0 0 0 0 0 0 0 0 0 0 0 0 0 0 0 0 0 0 0 ' ,31 ,1 ,0, 0
95 ,71, 80, '57 47 41 51 71 47 64 53 59 75 43 46 49 76 62 40 44 31 48 65 ' ,'0 0 0 0 0 0 0 0 0 0 0 0 0 0 0 0 0 0 0 0 ' ,46 ,0 ,0, 0
102 ,88, 84, '83 61 37 45 50 63 67 51 50 28 72 45 49 52 44 83 58 62 52 46 ' ,'0 0 0 0 0 0 0 0 0 0 0 0 0 0 0 0 0 0 0 0 ' ,55 ,1 ,0, 0
90 ,95, 75, '51 55 59 55 55 55 63 55 53 59 35 36 53 57 43 58 64 55 60 53 ' ,'0 0 0 0 0 0 0 0 0 0 0 0 0 0 0 0 0 0 0 0 ' ,36 ,1 ,0, 0
93 ,224, 74, '57 59 46 63 51 46 45 56 56 48 53 53 56 48 37 51 54 61 71 40 ' ,'0 0 0 0 0 0 0 0 0 0 0 0 0 0 0 0 0 0 0 0 ' ,33 ,0 ,1, 1
86 ,85, 71, '56 63 50 54 51 64 60 45 63 56 49 57 52 61 48 57 58 56 42 58 ' ,'0 0 0 0 0 0 0 0 0 0 0 0 0 0 0 0 0 0 0 0 ' ,26 ,0 ,0, 0
126 ,79, 107, '23 43 51 59 93 54 64 65 53 81 58 56 51 66 101 49 61 47 59 100 ' ,'0 0 0 0 0 0 0 0 0 0 0 0 0 0 0 0 0 0 0 0 ' ,82 ,0 ,1, 1
203 ,117, 188, '105 67 57 61 42 182 61 65 56 47 101 52 50 67 32 102 65 52 63 53 ' ,'0 0 0 0 0 0 0 0 0 0 0 0 0 0 0 0 0 0 0 0 ' ,151 ,0 ,1, 1
108 ,195, 87, '35 65 50 41 61 53 48 58 71 63 49 54 47 54 52 50 65 56 83 60 ' ,'0 0 0 0 0 0 0 0 0 0 0 0 0 0 0 0 0 0 15 0 ' ,48 ,0 ,0, 0
85 ,95, 66, '64 44 51 47 60 54 36 60 39 61 57 42 47 64 61 50 45 48 37 52 ' ,'0 0 0 0 0 0 0 0 0 0 0 0 0 0 0 0 0 0 0 0 ' ,28 ,0 ,0, 0
82 ,77, 67, '43 34 56 61 55 59 34 53 61 52 53 33 52 52 56 50 43 53 53 50 ' ,'0 0 0 0 0 0 0 0 0 0 0 0 0 0 0 0 0 0 0 0 ' ,27 ,0 ,0, 0
144 ,74, 121, '42 31 43 44 105 50 55 51 53 96 46 52 51 62 118 48 49 53 52 76 ' ,'0 0 0 0 0 0 0 0 0 0 0 0 0 0 0 0 0 0 0 0 ' ,91 ,1 ,1, 1
90 ,136, 71, '61 50 45 57 38 66 34 32 40 53 68 42 48 59 52 70 49 41 56 46 ' ,'0 0 0 0 0 0 0 0 0 0 0 0 0 0 0 0 0 0 0 0 ' ,36 ,0 ,1, 1
82 ,83, 69, '41 51 26 64 46 41 48 32 45 39 39 45 38 53 44 38 59 46 51 36 ' ,'0 0 0 0 0 0 0 0 0 0 0 0 0 0 0 0 0 0 0 0 ' ,38 ,0 ,1, 1
78 ,76, 63, '45 44 49 45 35 38 37 59 34 48 39 30 32 47 42 34 48 40 48 39 ' ,'0 0 0 0 0 0 0 0 0 0 0 0 0 0 0 0 0 0 0 0 ' ,28 ,0 ,0, 0
84 ,70, 66, '47 41 42 42 47 42 40 36 42 52 47 45 48 57 49 32 47 35 51 43 ' ,'0 0 0 0 0 0 0 0 0 0 0 0 0 0 0 0 0 0 0 0 ' ,29 ,0 ,0, 0
92 ,75, 78, '39 38 42 64 61 40 49 54 42 63 48 34 33 62 57 30 46 66 47 54 ' ,'0 0 0 0 0 0 0 0 0 0 0 0 0 0 0 0 0 0 0 0 ' ,42 ,1 ,1, 0
