182 ,0, 75, '33 25 21 17 23 30 16 18 ' ,'0 0 0 0 0 0 0 0 ' ,25 ,1 ,8, 7
228 ,123, 206, '183 176 192 185 153 142 153 184 ' ,'0 0 0 0 0 0 0 0 ' ,57 ,0 ,2, 2
168 ,256, 139, '118 123 125 121 82 87 87 100 ' ,'0 0 0 0 0 0 0 0 ' ,45 ,1 ,7, 7
389 ,154, 361, '134 124 127 127 87 94 96 81 ' ,'0 0 0 0 0 0 0 0 ' ,56 ,0 ,3, 3
170 ,371, 154, '134 141 115 135 88 92 95 93 ' ,'0 0 0 0 0 0 0 0 ' ,55 ,1 ,3, 3
302 ,162, 154, '108 134 145 121 89 87 103 92 ' ,'0 0 0 0 0 0 0 0 ' ,60 ,1 ,1, 1
809 ,163, 153, '145 136 133 135 77 83 102 85 ' ,'0 0 0 0 0 0 0 0 ' ,65 ,0 ,2, 2
173 ,801, 152, '143 129 144 137 97 69 84 106 ' ,'0 0 0 0 0 0 0 0 ' ,81 ,1 ,1, 1
168 ,164, 141, '134 115 131 129 84 94 81 69 ' ,'0 0 0 0 0 0 0 0 ' ,64 ,1 ,1, 0
163 ,158, 146, '135 122 135 128 81 80 92 90 ' ,'0 0 0 0 0 0 0 0 ' ,59 ,1 ,1, 1
161 ,152, 143, '113 135 121 119 81 91 79 64 ' ,'0 0 0 0 0 0 0 0 ' ,72 ,1 ,1, 1
149 ,150, 128, '114 101 118 116 69 86 78 67 ' ,'0 0 0 0 0 0 0 0 ' ,54 ,1 ,1, 1
157 ,140, 141, '128 124 134 133 84 84 81 92 ' ,'0 0 0 0 0 0 0 0 ' ,53 ,1 ,1, 1
153 ,148, 135, '122 116 129 124 77 79 63 80 ' ,'0 0 0 0 0 0 0 0 ' ,63 ,1 ,1, 1
180 ,144, 163, '129 133 155 131 97 95 92 103 ' ,'0 0 0 0 0 0 0 0 ' ,61 ,1 ,0, 0
179 ,183, 162, '148 144 133 138 95 98 101 93 ' ,'0 0 0 0 0 0 0 0 ' ,63 ,1 ,1, 1
184 ,169, 166, '145 153 157 127 93 97 100 141 ' ,'0 0 0 0 0 0 0 0 ' ,65 ,1 ,1, 1
158 ,174, 142, '121 123 123 132 76 87 104 95 ' ,'0 0 0 0 0 0 0 0 ' ,60 ,1 ,1, 1
178 ,149, 157, '131 142 145 127 93 90 94 80 ' ,'0 0 0 0 0 0 0 0 ' ,70 ,1 ,1, 1
167 ,167, 152, '136 146 119 129 101 93 89 82 ' ,'0 0 0 0 0 0 0 0 ' ,61 ,2 ,0, 0
179 ,171, 162, '146 148 154 141 86 84 83 92 ' ,'0 0 0 0 0 0 0 0 ' ,73 ,1 ,0, 0
167 ,169, 147, '112 130 138 139 83 92 75 86 ' ,'0 0 0 0 0 0 0 0 ' ,65 ,1 ,1, 1
170 ,157, 154, '125 142 143 142 73 94 79 100 ' ,'0 0 0 0 0 0 0 0 ' ,72 ,1 ,1, 1
161 ,161, 143, '126 120 135 112 78 83 95 92 ' ,'0 0 0 0 0 0 0 0 ' ,58 ,1 ,0, 0
155 ,152, 138, '124 113 130 116 80 85 102 88 ' ,'0 0 0 0 0 0 0 0 ' ,52 ,1 ,0, 0
158 ,145, 136, '118 128 120 114 68 86 90 86 ' ,'0 0 0 0 0 0 0 0 ' ,62 ,1 ,0, 0
160 ,143, 143, '115 105 131 134 84 88 82 81 ' ,'0 0 0 0 0 0 0 0 ' ,55 ,2 ,1, 1
148 ,149, 133, '118 107 109 124 62 79 83 83 ' ,'0 0 0 0 0 0 0 0 ' ,64 ,2 ,1, 0
166 ,140, 151, '116 115 135 115 68 65 70 95 ' ,'0 0 0 0 0 0 0 0 ' ,76 ,1 ,0, 0
155 ,156, 136, '116 123 126 123 73 82 85 81 ' ,'0 0 0 0 0 0 0 0 ' ,58 ,2 ,0, 0
153 ,142, 135, '127 119 120 98 79 76 78 76 ' ,'0 0 0 0 0 0 0 0 ' ,53 ,0 ,1, 1
164 ,142, 147, '100 101 140 106 68 74 72 72 ' ,'0 0 0 0 0 0 0 0 ' ,72 ,0 ,1, 1
143 ,156, 126, '117 117 117 113 82 72 87 91 ' ,'0 0 0 0 0 0 0 0 ' ,49 ,1 ,0, 0
176 ,133, 158, '128 150 129 125 80 92 97 92 ' ,'0 0 0 0 0 0 0 0 ' ,70 ,1 ,1, 1
180 ,166, 163, '131 149 157 135 86 98 95 90 ' ,'0 0 0 0 0 0 0 0 ' ,72 ,0 ,1, 0
178 ,170, 160, '132 138 150 151 85 105 101 73 ' ,'0 0 0 0 0 0 0 0 ' ,80 ,0 ,2, 1
179 ,168, 158, '134 148 151 151 88 96 106 102 ' ,'0 0 0 0 0 0 0 0 ' ,62 ,0 ,1, 1
175 ,169, 160, '142 133 152 137 85 106 106 100 ' ,'0 0 0 0 0 0 0 0 ' ,65 ,0 ,2, 1
277 ,165, 261, '138 135 137 121 94 118 92 248 ' ,'0 0 0 0 0 0 0 0 ' ,157 ,0 ,2, 1
155 ,266, 139, '123 117 131 115 74 82 87 92 ' ,'0 0 0 0 0 0 0 0 ' ,56 ,0 ,2, 1
161 ,145, 146, '112 136 123 113 73 87 79 77 ' ,'0 0 0 0 0 0 0 0 ' ,66 ,0 ,2, 1
152 ,153, 138, '113 130 116 117 73 83 75 86 ' ,'0 0 0 0 0 0 0 0 ' ,58 ,0 ,1, 1
164 ,143, 148, '139 129 109 118 76 90 75 87 ' ,'0 0 0 0 0 0 0 0 ' ,66 ,1 ,1, 1
161 ,154, 143, '120 131 125 135 84 78 97 79 ' ,'0 0 0 0 0 0 0 0 ' ,58 ,0 ,1, 1
161 ,148, 146, '138 125 138 132 80 87 90 93 ' ,'0 0 0 0 0 0 0 0 ' ,59 ,0 ,1, 1
143 ,152, 126, '115 117 97 120 75 79 81 85 ' ,'0 0 0 0 0 0 0 0 ' ,44 ,0 ,1, 1
154 ,133, 135, '115 127 121 116 75 89 78 82 ' ,'0 0 0 0 0 0 0 0 ' ,54 ,1 ,1, 0
152 ,146, 138, '125 118 117 128 71 81 81 86 ' ,'0 0 0 0 0 0 0 0 ' ,58 ,0 ,2, 1
145 ,142, 127, '118 112 118 120 81 89 82 73 ' ,'0 0 0 0 0 0 0 0 ' ,48 ,0 ,1, 1
147 ,136, 130, '114 122 115 124 82 82 66 98 ' ,'0 0 0 0 0 0 0 0 ' ,58 ,1 ,1, 0
153 ,138, 138, '130 114 107 120 80 76 87 66 ' ,'0 0 0 0 0 0 0 0 ' ,62 ,1 ,1, 1
155 ,144, 139, '121 126 131 128 80 90 90 74 ' ,'0 0 0 0 0 0 0 0 ' ,58 ,0 ,1, 1
163 ,145, 148, '140 135 134 136 92 85 93 122 ' ,'0 0 0 0 0 0 0 0 ' ,56 ,0 ,1, 0
178 ,153, 162, '129 132 155 139 94 78 97 88 ' ,'0 0 0 0 0 0 0 0 ' ,77 ,1 ,1, 0
170 ,168, 153, '126 115 134 147 95 83 92 97 ' ,'0 0 0 0 0 0 0 0 ' ,64 ,0 ,2, 1
154 ,160, 138, '109 132 120 118 74 85 90 89 ' ,'0 0 0 0 0 0 0 0 ' ,58 ,0 ,1, 1
185 ,145, 167, '132 131 161 132 98 109 92 93 ' ,'0 0 0 0 0 0 0 0 ' ,68 ,0 ,1, 1
160 ,175, 144, '115 126 117 136 75 97 87 94 ' ,'0 0 0 0 0 0 0 0 ' ,60 ,0 ,2, 2
185 ,150, 169, '147 160 126 142 80 83 96 92 ' ,'0 0 0 0 0 0 0 0 ' ,82 ,0 ,2, 1
168 ,176, 152, '132 142 145 134 93 92 98 92 ' ,'0 0 0 0 0 0 0 0 ' ,56 ,0 ,1, 1
166 ,160, 150, '135 141 125 130 87 84 100 97 ' ,'0 0 0 0 0 0 0 0 ' ,56 ,1 ,1, 1
158 ,155, 140, '124 124 123 134 90 92 98 94 ' ,'0 0 0 0 0 0 0 0 ' ,43 ,0 ,0, 0
159 ,150, 139, '131 128 128 131 96 94 82 80 ' ,'0 0 0 0 0 0 0 0 ' ,53 ,0 ,1, 1
148 ,152, 132, '124 123 126 125 88 89 77 68 ' ,'0 0 0 0 0 0 0 0 ' ,58 ,0 ,0, 0
139 ,138, 125, '107 109 93 116 74 91 73 61 ' ,'0 0 0 0 0 0 0 0 ' ,54 ,0 ,1, 1
144 ,129, 125, '115 120 107 114 88 90 73 80 ' ,'0 0 0 0 0 0 0 0 ' ,48 ,0 ,1, 1
154 ,134, 137, '125 126 120 129 100 97 83 79 ' ,'0 0 0 0 0 0 0 0 ' ,52 ,0 ,2, 1
156 ,143, 139, '125 132 111 130 83 94 86 84 ' ,'0 0 0 0 0 0 0 0 ' ,51 ,1 ,1, 1
151 ,145, 136, '120 114 128 106 82 107 82 73 ' ,'0 0 0 0 0 0 0 0 ' ,57 ,0 ,1, 1
156 ,141, 141, '114 117 118 133 75 86 90 89 ' ,'0 0 0 0 0 0 0 0 ' ,57 ,1 ,1, 1
166 ,147, 148, '133 125 107 135 86 90 83 83 ' ,'0 0 0 0 0 0 0 0 ' ,55 ,0 ,1, 1
170 ,158, 151, '138 142 141 133 96 92 80 85 ' ,'0 0 0 0 0 0 0 0 ' ,64 ,1 ,1, 1
169 ,158, 153, '118 144 137 143 99 97 99 90 ' ,'0 0 0 0 0 0 0 0 ' ,57 ,0 ,2, 1
181 ,159, 165, '148 139 144 159 98 90 105 100 ' ,'0 0 0 0 0 0 0 0 ' ,72 ,0 ,2, 1
165 ,173, 149, '128 133 142 128 99 81 94 69 ' ,'0 0 0 0 0 0 0 0 ' ,75 ,0 ,1, 1
163 ,156, 148, '126 112 123 142 94 87 88 95 ' ,'0 0 0 0 0 0 0 0 ' ,56 ,1 ,1, 1
147 ,155, 132, '119 119 111 124 85 83 89 84 ' ,'0 0 0 0 0 0 0 0 ' ,44 ,0 ,1, 1
168 ,138, 147, '109 124 137 117 78 81 95 87 ' ,'0 0 0 0 0 0 0 0 ' ,59 ,0 ,1, 0
160 ,158, 144, '109 119 138 119 91 91 83 85 ' ,'0 0 0 0 0 0 0 0 ' ,55 ,1 ,2, 1
153 ,150, 133, '126 117 101 118 85 90 87 86 ' ,'0 0 0 0 0 0 0 0 ' ,42 ,1 ,1, 0
154 ,141, 134, '117 129 127 110 80 88 86 84 ' ,'0 0 0 0 0 0 0 0 ' ,51 ,1 ,1, 1
148 ,143, 131, '124 110 115 121 67 79 85 77 ' ,'0 0 0 0 0 0 0 0 ' ,57 ,0 ,1, 1
176 ,137, 161, '124 130 125 109 74 94 75 74 ' ,'0 0 0 0 0 0 0 0 ' ,70 ,6 ,1, 0
145 ,166, 129, '120 110 108 111 75 91 80 70 ' ,'0 0 0 0 0 0 0 0 ' ,51 ,0 ,2, 0
150 ,135, 131, '122 125 115 127 74 64 75 85 ' ,'0 0 0 0 0 0 0 0 ' ,65 ,0 ,1, 1
155 ,142, 140, '126 133 121 126 77 86 87 74 ' ,'0 0 0 0 0 0 0 0 ' ,59 ,1 ,2, 1
173 ,146, 154, '137 147 143 127 92 85 91 74 ' ,'0 0 0 0 0 0 0 0 ' ,75 ,0 ,1, 1
169 ,163, 155, '122 148 142 142 90 102 84 90 ' ,'0 0 0 0 0 0 0 0 ' ,63 ,0 ,1, 1
173 ,160, 158, '144 144 150 142 90 101 91 91 ' ,'0 0 0 0 0 0 0 0 ' ,62 ,1 ,1, 1
168 ,165, 153, '138 128 129 145 108 93 90 108 ' ,'0 0 0 0 0 0 0 0 ' ,54 ,0 ,1, 1
156 ,159, 141, '127 132 115 122 97 110 87 88 ' ,'0 0 0 0 0 0 0 0 ' ,47 ,0 ,1, 1
163 ,148, 148, '130 129 137 140 90 98 91 87 ' ,'0 0 0 0 0 0 0 0 ' ,55 ,0 ,1, 1
169 ,153, 140, '108 123 133 124 86 85 75 96 ' ,'0 0 0 0 0 0 0 0 ' ,59 ,1 ,0, 0
162 ,148, 146, '138 122 123 131 74 121 75 80 ' ,'0 0 0 0 0 0 0 0 ' ,66 ,1 ,1, 1
129 ,151, 110, '97 96 97 103 65 88 74 76 ' ,'0 0 0 0 0 0 0 0 ' ,42 ,0 ,1, 1
144 ,119, 126, '112 107 119 96 83 89 75 97 ' ,'0 0 0 0 0 0 0 0 ' ,45 ,1 ,1, 1
153 ,133, 136, '109 117 114 129 85 77 80 64 ' ,'0 0 0 0 0 0 0 0 ' ,66 ,0 ,1, 0
160 ,144, 143, '136 120 117 117 78 85 79 78 ' ,'0 0 0 0 0 0 0 0 ' ,59 ,0 ,1, 0
175 ,149, 152, '145 114 135 118 73 104 68 82 ' ,'0 0 0 0 0 0 0 0 ' ,77 ,0 ,1, 1
155 ,158, 135, '110 132 114 118 83 75 81 66 ' ,'0 0 0 0 0 0 0 0 ' ,67 ,0 ,1, 0
161 ,145, 146, '112 118 139 105 67 85 77 84 ' ,'0 0 0 0 0 0 0 0 ' ,72 ,1 ,1, 1
164 ,154, 147, '133 138 135 136 87 89 89 106 ' ,'0 0 0 0 0 0 0 0 ' ,52 ,0 ,1, 1
191 ,157, 175, '133 151 166 139 93 89 83 99 ' ,'0 0 0 0 0 0 0 0 ' ,84 ,0 ,2, 2
182 ,182, 165, '157 133 146 128 86 120 106 84 ' ,'0 0 0 0 0 0 0 0 ' ,74 ,0 ,2, 1
182 ,171, 166, '142 158 135 138 89 96 81 96 ' ,'0 0 0 0 0 0 0 0 ' ,77 ,0 ,1, 1
186 ,173, 168, '148 145 161 146 82 88 104 93 ' ,'0 0 0 0 0 0 0 0 ' ,81 ,1 ,1, 1
172 ,176, 154, '146 143 144 142 88 104 109 93 ' ,'0 0 0 0 0 0 0 0 ' ,61 ,1 ,1, 1
191 ,162, 174, '123 166 142 125 98 82 82 88 ' ,'0 0 0 0 0 0 0 0 ' ,87 ,1 ,1, 1
186 ,181, 170, '156 144 137 137 87 103 92 74 ' ,'0 0 0 0 0 0 0 0 ' ,85 ,0 ,2, 2
172 ,176, 155, '147 109 129 129 92 80 96 90 ' ,'0 0 0 0 0 0 0 0 ' ,70 ,1 ,1, 1
166 ,161, 148, '138 125 133 127 92 91 88 97 ' ,'0 0 0 0 0 0 0 0 ' ,53 ,0 ,1, 1
163 ,156, 147, '139 124 116 127 91 90 79 88 ' ,'0 0 0 0 0 0 0 0 ' ,61 ,0 ,1, 0
146 ,155, 131, '107 123 115 115 76 95 97 74 ' ,'0 0 0 0 0 0 0 0 ' ,50 ,0 ,1, 1
184 ,137, 168, '156 130 120 99 80 129 64 75 ' ,'0 0 0 0 0 0 0 0 ' ,91 ,1 ,2, 1
161 ,175, 145, '132 136 115 113 67 81 84 73 ' ,'0 0 0 0 0 0 0 0 ' ,71 ,1 ,2, 1
144 ,151, 130, '99 112 120 123 65 66 75 78 ' ,'0 0 0 0 0 0 0 0 ' ,59 ,1 ,1, 1
155 ,136, 140, '130 120 119 133 73 85 91 80 ' ,'0 0 0 0 0 0 0 0 ' ,59 ,0 ,1, 1
149 ,145, 133, '114 117 126 124 78 89 100 80 ' ,'0 0 0 0 0 0 0 0 ' ,48 ,0 ,1, 0
186 ,139, 170, '162 132 108 122 70 136 76 85 ' ,'0 0 0 0 0 0 0 0 ' ,93 ,0 ,1, 1
147 ,178, 130, '123 112 116 120 80 87 94 86 ' ,'0 0 0 0 0 0 0 0 ' ,45 ,1 ,1, 0
148 ,136, 134, '125 122 124 116 58 78 94 86 ' ,'0 0 0 0 0 0 0 0 ' ,66 ,0 ,2, 2
168 ,138, 152, '127 143 119 124 87 76 89 84 ' ,'0 0 0 0 0 0 0 0 ' ,71 ,0 ,1, 1
166 ,157, 150, '142 125 128 137 75 97 97 86 ' ,'0 0 0 0 0 0 0 0 ' ,68 ,0 ,1, 1
195 ,155, 179, '171 126 134 121 86 136 91 86 ' ,'0 0 0 0 0 0 0 0 ' ,87 ,0 ,1, 1
163 ,186, 145, '124 140 135 115 103 90 99 95 ' ,'0 0 0 0 0 0 0 0 ' ,52 ,0 ,1, 1
171 ,153, 157, '137 147 141 140 98 93 74 92 ' ,'0 0 0 0 0 0 0 0 ' ,75 ,1 ,2, 2
162 ,162, 145, '129 138 127 138 93 107 90 80 ' ,'0 0 0 0 0 0 0 0 ' ,59 ,0 ,1, 1
170 ,151, 156, '131 147 122 103 89 93 82 89 ' ,'0 0 0 0 0 0 0 0 ' ,66 ,1 ,2, 1
186 ,160, 171, '163 147 133 132 80 142 87 80 ' ,'0 0 0 0 0 0 0 0 ' ,85 ,1 ,1, 1
165 ,177, 146, '133 113 108 135 68 100 79 85 ' ,'0 0 0 0 0 0 0 0 ' ,70 ,0 ,2, 1
152 ,157, 138, '118 130 112 124 86 96 84 76 ' ,'0 0 0 0 0 0 0 0 ' ,50 ,0 ,1, 1
150 ,142, 135, '124 126 118 126 70 90 73 93 ' ,'0 0 0 0 0 0 0 0 ' ,58 ,0 ,2, 1
157 ,142, 141, '132 108 119 116 75 82 75 63 ' ,'0 0 0 0 0 0 0 0 ' ,72 ,0 ,2, 1
171 ,146, 156, '148 114 115 130 82 102 92 76 ' ,'0 0 0 0 0 0 0 0 ' ,74 ,0 ,1, 1
152 ,162, 136, '113 124 130 120 73 93 94 90 ' ,'0 0 0 0 0 0 0 0 ' ,58 ,0 ,0, 0
151 ,142, 136, '122 125 128 126 84 97 76 65 ' ,'0 0 0 0 0 0 0 0 ' ,65 ,1 ,1, 1
161 ,142, 145, '137 138 135 138 90 90 64 94 ' ,'0 0 0 0 0 0 0 0 ' ,75 ,1 ,1, 1
171 ,151, 155, '131 139 129 147 92 105 93 94 ' ,'0 0 0 0 0 0 0 0 ' ,56 ,1 ,1, 1
193 ,160, 180, '172 133 142 147 96 131 109 66 ' ,'0 0 0 0 0 0 0 0 ' ,105 ,1 ,1, 1
172 ,184, 157, '137 147 144 132 96 109 100 86 ' ,'0 0 0 0 0 0 0 0 ' ,63 ,0 ,3, 2
230 ,162, 216, '134 137 143 151 82 94 93 97 ' ,'0 0 0 0 0 0 0 0 ' ,125 ,0 ,2, 1
179 ,221, 162, '142 153 150 145 96 93 106 88 ' ,'0 0 0 0 0 0 0 0 ' ,67 ,0 ,1, 0
157 ,168, 142, '135 132 125 130 87 96 62 93 ' ,'0 0 0 0 0 0 0 0 ' ,73 ,0 ,1, 1
171 ,147, 155, '147 133 135 139 89 85 77 82 ' ,'0 0 0 0 0 0 0 0 ' ,69 ,0 ,2, 1
173 ,162, 157, '132 122 149 142 69 92 85 84 ' ,'0 0 0 0 0 0 0 0 ' ,81 ,1 ,1, 0
314 ,163, 298, '101 121 121 114 111 80 87 87 ' ,'0 0 0 0 0 0 0 0 ' ,42 ,0 ,171, 1
153 ,304, 137, '123 117 117 130 80 76 92 76 ' ,'0 0 0 0 0 0 0 0 ' ,56 ,0 ,1, 0
154 ,143, 140, '131 132 123 114 90 84 93 91 ' ,'0 0 0 0 0 0 0 0 ' ,46 ,1 ,1, 1
188 ,145, 173, '165 113 126 119 83 133 70 90 ' ,'0 0 0 0 0 0 0 0 ' ,95 ,1 ,1, 1
166 ,179, 150, '114 108 143 115 93 84 87 93 ' ,'0 0 0 0 0 0 0 0 ' ,61 ,0 ,1, 1
161 ,157, 145, '131 137 133 120 101 97 79 90 ' ,'0 0 0 0 0 0 0 0 ' ,59 ,0 ,0, 0
163 ,151, 143, '133 131 136 128 89 94 96 88 ' ,'0 0 0 0 0 0 0 0 ' ,50 ,1 ,1, 1
168 ,149, 152, '130 141 115 139 85 92 105 95 ' ,'0 0 0 0 0 0 0 0 ' ,57 ,1 ,1, 1
196 ,158, 177, '169 138 145 160 101 141 104 97 ' ,'0 0 0 0 0 0 0 0 ' ,75 ,0 ,0, 0
181 ,185, 167, '159 145 144 137 107 101 85 95 ' ,'0 0 0 0 0 0 0 0 ' ,74 ,0 ,1, 1
189 ,173, 174, '147 120 165 138 121 97 92 84 ' ,'0 0 0 0 0 0 0 0 ' ,84 ,0 ,1, 1
159 ,179, 143, '124 128 116 136 95 98 86 102 ' ,'0 0 0 0 0 0 0 0 ' ,51 ,1 ,0, 0
154 ,149, 139, '130 121 121 128 94 87 81 81 ' ,'0 0 0 0 0 0 0 0 ' ,52 ,0 ,2, 1
180 ,144, 164, '156 104 125 130 84 111 80 81 ' ,'0 0 0 0 0 0 0 0 ' ,77 ,0 ,2, 1
153 ,170, 125, '114 114 121 113 81 79 88 82 ' ,'0 0 0 0 0 0 0 0 ' ,43 ,1 ,0, 0
160 ,136, 145, '134 120 138 130 107 91 93 87 ' ,'0 0 0 0 0 0 0 0 ' ,52 ,0 ,1, 1
154 ,151, 140, '133 127 97 124 88 63 80 86 ' ,'0 0 0 0 0 0 0 0 ' ,71 ,1 ,1, 1
147 ,144, 133, '118 118 125 125 84 71 89 96 ' ,'0 0 0 0 0 0 0 0 ' ,56 ,0 ,1, 1
166 ,139, 153, '144 130 130 117 82 115 89 91 ' ,'0 0 0 0 0 0 0 0 ' ,62 ,1 ,1, 1
171 ,156, 157, '148 121 127 144 80 98 102 104 ' ,'0 0 0 0 0 0 0 0 ' ,69 ,0 ,2, 1
183 ,161, 166, '139 113 135 159 114 94 106 107 ' ,'0 0 0 0 0 0 0 0 ' ,66 ,1 ,2, 1
170 ,172, 152, '129 144 143 118 89 84 110 86 ' ,'0 0 0 0 0 0 0 0 ' ,62 ,1 ,1, 1
178 ,157, 164, '138 156 145 129 88 98 99 115 ' ,'0 0 0 0 0 0 0 0 ' ,70 ,1 ,1, 1
179 ,169, 165, '156 144 148 134 101 102 116 96 ' ,'0 0 0 0 0 0 0 0 ' ,63 ,1 ,1, 1
175 ,170, 160, '152 127 153 149 89 87 103 95 ' ,'0 0 0 0 0 0 0 0 ' ,68 ,0 ,1, 0
173 ,166, 158, '143 125 122 145 111 91 106 98 ' ,'0 0 0 0 0 0 0 0 ' ,60 ,0 ,1, 1
162 ,164, 142, '130 117 128 134 88 85 84 70 ' ,'0 0 0 0 0 0 0 0 ' ,63 ,0 ,1, 1
150 ,146, 133, '119 126 121 121 90 68 81 72 ' ,'0 0 0 0 0 0 0 0 ' ,60 ,0 ,1, 1
161 ,141, 147, '140 121 132 109 81 96 89 88 ' ,'0 0 0 0 0 0 0 0 ' ,59 ,1 ,0, 0
160 ,151, 145, '137 109 121 133 92 83 100 97 ' ,'0 0 0 0 0 0 0 0 ' ,56 ,1 ,1, 1
158 ,150, 144, '105 121 128 136 78 94 76 71 ' ,'0 0 0 0 0 0 0 0 ' ,66 ,0 ,2, 1
173 ,149, 159, '126 111 149 131 74 96 107 90 ' ,'0 0 0 0 0 0 0 0 ' ,75 ,0 ,2, 1
164 ,161, 148, '122 139 129 134 99 81 94 96 ' ,'0 0 0 0 0 0 0 0 ' ,60 ,1 ,2, 1
170 ,153, 150, '142 140 136 124 82 90 80 97 ' ,'0 0 0 0 0 0 0 0 ' ,64 ,1 ,1, 1
175 ,156, 159, '131 124 148 122 90 92 107 62 ' ,'0 0 0 0 0 0 0 0 ' ,91 ,0 ,1, 1
176 ,165, 156, '148 132 120 138 100 97 103 84 ' ,'0 0 0 0 0 0 0 0 ' ,70 ,0 ,1, 0
197 ,166, 182, '160 125 173 144 86 87 101 88 ' ,'0 0 0 0 0 0 0 0 ' ,89 ,0 ,1, 1
180 ,187, 165, '144 111 155 139 83 96 91 82 ' ,'0 0 0 0 0 0 0 0 ' ,75 ,1 ,2, 1
211 ,170, 196, '189 150 150 147 95 142 110 96 ' ,'0 0 0 0 0 0 0 0 ' ,94 ,0 ,1, 0
172 ,201, 158, '126 148 145 138 92 90 89 78 ' ,'0 0 0 0 0 0 0 0 ' ,72 ,1 ,2, 2
160 ,162, 145, '128 130 137 130 87 88 84 107 ' ,'0 0 0 0 0 0 0 0 ' ,54 ,0 ,2, 1
159 ,150, 144, '120 121 136 130 86 78 86 86 ' ,'0 0 0 0 0 0 0 0 ' ,60 ,0 ,1, 1
159 ,150, 142, '111 125 132 132 86 92 90 80 ' ,'0 0 0 0 0 0 0 0 ' ,56 ,0 ,1, 1
185 ,148, 167, '159 117 120 127 86 107 79 67 ' ,'0 0 0 0 0 0 0 0 ' ,94 ,1 ,1, 0
168 ,172, 155, '114 125 146 121 83 83 81 94 ' ,'0 0 0 0 0 0 0 0 ' ,64 ,0 ,2, 1
159 ,160, 146, '138 128 132 124 81 80 80 80 ' ,'0 0 0 0 0 0 0 0 ' ,57 ,1 ,1, 1
148 ,150, 131, '120 122 112 119 82 82 66 82 ' ,'0 0 0 0 0 0 0 0 ' ,54 ,0 ,1, 0
154 ,141, 140, '116 113 130 110 78 80 79 67 ' ,'0 0 0 0 0 0 0 0 ' ,62 ,1 ,1, 1
161 ,146, 140, '132 130 111 126 84 111 91 87 ' ,'0 0 0 0 0 0 0 0 ' ,50 ,1 ,1, 1
175 ,145, 156, '128 122 147 125 87 84 102 82 ' ,'0 0 0 0 0 0 0 0 ' ,65 ,0 ,1, 1
172 ,164, 155, '146 140 129 145 112 86 99 92 ' ,'0 0 0 0 0 0 0 0 ' ,64 ,1 ,1, 1
180 ,162, 165, '138 154 156 142 106 99 105 94 ' ,'0 0 0 0 0 0 0 0 ' ,65 ,1 ,1, 1
187 ,171, 171, '161 136 131 143 84 100 99 107 ' ,'0 0 0 0 0 0 0 0 ' ,80 ,1 ,2, 1
180 ,178, 164, '142 120 155 125 84 116 101 81 ' ,'0 0 0 0 0 0 0 0 ' ,76 ,1 ,1, 1
174 ,169, 158, '119 110 123 143 92 100 102 83 ' ,'0 0 0 0 0 0 0 0 ' ,61 ,1 ,1, 1
143 ,166, 128, '120 114 108 105 114 84 83 73 ' ,'0 0 0 0 0 0 0 0 ' ,51 ,1 ,0, 0
149 ,135, 132, '113 112 99 124 81 89 85 78 ' ,'0 0 0 0 0 0 0 0 ' ,49 ,0 ,1, 1
141 ,139, 125, '115 103 116 107 71 76 86 78 ' ,'0 0 0 0 0 0 0 0 ' ,46 ,0 ,1, 1
156 ,133, 138, '127 114 130 107 84 96 91 89 ' ,'0 0 0 0 0 0 0 0 ' ,48 ,0 ,0, 0
149 ,148, 134, '105 119 127 104 80 85 89 60 ' ,'0 0 0 0 0 0 0 0 ' ,69 ,1 ,0, 0
157 ,140, 139, '130 110 117 127 109 82 97 68 ' ,'0 0 0 0 0 0 0 0 ' ,65 ,1 ,1, 1
156 ,146, 141, '121 123 131 132 73 81 89 97 ' ,'0 0 0 0 0 0 0 0 ' ,60 ,0 ,1, 1
155 ,147, 139, '127 131 128 131 80 99 102 94 ' ,'0 0 0 0 0 0 0 0 ' ,53 ,0 ,1, 1
180 ,145, 162, '153 143 135 113 69 97 94 89 ' ,'0 0 0 0 0 0 0 0 ' ,86 ,0 ,1, 1
186 ,170, 169, '152 148 160 142 98 98 86 102 ' ,'0 0 0 0 0 0 0 0 ' ,67 ,1 ,1, 1
170 ,176, 157, '147 125 143 141 90 96 88 95 ' ,'0 0 0 0 0 0 0 0 ' ,62 ,0 ,1, 1
171 ,162, 155, '143 111 146 128 97 101 97 102 ' ,'0 0 0 0 0 0 0 0 ' ,49 ,0 ,1, 1
168 ,161, 152, '141 129 130 144 73 96 97 94 ' ,'0 0 0 0 0 0 0 0 ' ,70 ,0 ,2, 2
181 ,158, 160, '151 112 108 136 93 120 97 95 ' ,'0 0 0 0 0 0 0 0 ' ,60 ,0 ,1, 1
159 ,164, 144, '136 124 124 128 94 84 79 82 ' ,'0 0 0 0 0 0 0 0 ' ,59 ,0 ,1, 1
226 ,150, 212, '203 128 99 122 89 97 74 91 ' ,'0 0 0 0 0 0 0 0 ' ,130 ,0 ,2, 1
152 ,216, 137, '129 117 121 112 81 79 83 76 ' ,'0 0 0 0 0 0 0 0 ' ,55 ,1 ,1, 1
147 ,141, 133, '117 104 125 102 87 62 95 98 ' ,'0 0 0 0 0 0 0 0 ' ,65 ,1 ,1, 1
201 ,138, 178, '169 121 117 125 90 127 87 78 ' ,'0 0 0 0 0 0 0 0 ' ,95 ,1 ,1, 0
151 ,185, 136, '116 123 128 109 69 94 83 77 ' ,'0 0 0 0 0 0 0 0 ' ,59 ,0 ,1, 1
164 ,142, 149, '114 128 139 115 103 99 96 83 ' ,'0 0 0 0 0 0 0 0 ' ,59 ,0 ,1, 1
167 ,154, 148, '131 139 140 138 66 84 79 99 ' ,'0 0 0 0 0 0 0 0 ' ,76 ,0 ,1, 1
167 ,154, 154, '127 135 145 135 71 90 96 94 ' ,'0 0 0 0 0 0 0 0 ' ,76 ,0 ,1, 1
203 ,160, 183, '173 162 135 146 87 120 86 92 ' ,'0 0 0 0 0 0 0 0 ' ,90 ,1 ,0, 0
178 ,188, 164, '128 152 131 157 88 106 103 88 ' ,'0 0 0 0 0 0 0 0 ' ,70 ,0 ,1, 1
177 ,169, 162, '135 155 144 139 79 102 102 84 ' ,'0 0 0 0 0 0 0 0 ' ,73 ,0 ,0, 0
177 ,169, 163, '142 134 145 156 76 94 108 84 ' ,'0 0 0 0 0 0 0 0 ' ,80 ,0 ,1, 1
176 ,168, 159, '142 142 139 132 103 105 109 108 ' ,'0 0 0 0 0 0 0 0 ' ,41 ,0 ,1, 1
196 ,168, 172, '163 139 144 135 98 124 96 103 ' ,'0 0 0 0 0 0 0 0 ' ,68 ,0 ,1, 1
154 ,177, 137, '112 93 124 127 96 102 83 81 ' ,'0 0 0 0 0 0 0 0 ' ,50 ,1 ,1, 1
164 ,141, 149, '125 139 142 138 100 91 103 91 ' ,'0 0 0 0 0 0 0 0 ' ,54 ,0 ,0, 0
162 ,155, 148, '117 119 134 141 87 83 60 75 ' ,'0 0 0 0 0 0 0 0 ' ,82 ,1 ,1, 1
162 ,154, 147, '130 108 121 139 90 67 91 70 ' ,'0 0 0 0 0 0 0 0 ' ,74 ,0 ,1, 1
186 ,152, 173, '164 100 124 113 76 126 84 57 ' ,'0 0 0 0 0 0 0 0 ' ,108 ,1 ,1, 1
147 ,178, 131, '121 105 116 125 77 81 88 84 ' ,'0 0 0 0 0 0 0 0 ' ,48 ,0 ,0, 0
149 ,136, 135, '119 117 127 121 97 74 96 75 ' ,'0 0 0 0 0 0 0 0 ' ,53 ,1 ,0, 0
158 ,140, 139, '122 129 130 125 82 90 97 81 ' ,'0 0 0 0 0 0 0 0 ' ,53 ,0 ,1, 1
179 ,144, 159, '139 150 149 110 72 94 93 96 ' ,'0 0 0 0 0 0 0 0 ' ,80 ,0 ,1, 1
166 ,165, 151, '138 124 103 144 100 116 99 85 ' ,'0 0 0 0 0 0 0 0 ' ,59 ,0 ,1, 1
177 ,158, 164, '131 138 156 137 102 103 103 73 ' ,'0 0 0 0 0 0 0 0 ' ,85 ,1 ,1, 1
181 ,169, 167, '127 114 129 143 159 94 109 83 ' ,'0 0 0 0 0 0 0 0 ' ,78 ,0 ,1, 1
162 ,173, 145, '128 134 113 135 100 93 103 90 ' ,'0 0 0 0 0 0 0 0 ' ,48 ,0 ,2, 2
148 ,150, 131, '99 117 124 121 76 83 70 61 ' ,'0 0 0 0 0 0 0 0 ' ,67 ,0 ,1, 1
175 ,138, 158, '151 118 129 127 93 112 72 87 ' ,'0 0 0 0 0 0 0 0 ' ,79 ,1 ,1, 1
174 ,166, 158, '113 142 119 116 91 81 84 92 ' ,'0 0 0 0 0 0 0 0 ' ,71 ,5 ,1, 1
230 ,164, 146, '128 137 129 112 76 76 92 87 ' ,'0 0 0 0 0 0 0 0 ' ,65 ,1 ,1, 1
148 ,220, 132, '113 106 112 125 88 85 74 89 ' ,'0 0 0 0 0 0 0 0 ' ,53 ,1 ,0, 0
140 ,140, 125, '103 116 116 111 78 84 84 82 ' ,'0 0 0 0 0 0 0 0 ' ,42 ,0 ,0, 0
158 ,131, 141, '132 110 116 88 77 102 85 76 ' ,'0 0 0 0 0 0 0 0 ' ,58 ,1 ,1, 1
158 ,147, 144, '110 97 133 125 73 86 78 72 ' ,'0 0 0 0 0 0 0 0 ' ,64 ,1 ,1, 1
258 ,150, 243, '233 126 110 103 60 190 91 95 ' ,'0 0 0 0 0 0 0 0 ' ,177 ,1 ,1, 1
157 ,249, 142, '102 133 94 115 80 80 80 63 ' ,'0 0 0 0 0 0 0 0 ' ,74 ,1 ,1, 1
149 ,149, 133, '108 124 118 116 73 73 74 73 ' ,'0 0 0 0 0 0 0 0 ' ,54 ,0 ,1, 1
186 ,140, 170, '162 118 101 107 89 108 78 68 ' ,'0 0 0 0 0 0 0 0 ' ,95 ,0 ,0, 0
151 ,178, 135, '106 125 113 109 79 82 87 79 ' ,'0 0 0 0 0 0 0 0 ' ,49 ,0 ,1, 1
172 ,142, 157, '126 147 136 131 95 98 92 77 ' ,'0 0 0 0 0 0 0 0 ' ,72 ,0 ,1, 1
170 ,163, 153, '119 144 135 127 86 96 99 76 ' ,'0 0 0 0 0 0 0 0 ' ,71 ,0 ,1, 1
179 ,160, 163, '125 136 154 129 95 98 110 86 ' ,'0 0 0 0 0 0 0 0 ' ,72 ,1 ,0, 0
202 ,169, 186, '176 129 140 145 93 124 103 89 ' ,'0 0 0 0 0 0 0 0 ' ,91 ,1 ,2, 2
162 ,192, 146, '129 137 120 129 88 95 111 81 ' ,'0 0 0 0 0 0 0 0 ' ,59 ,0 ,0, 0
156 ,152, 141, '121 133 120 121 102 89 80 75 ' ,'0 0 0 0 0 0 0 0 ' ,60 ,0 ,1, 1
165 ,148, 150, '122 115 126 143 94 83 90 97 ' ,'0 0 0 0 0 0 0 0 ' ,61 ,0 ,1, 1
170 ,155, 154, '119 127 146 117 84 88 85 72 ' ,'0 0 0 0 0 0 0 0 ' ,76 ,0 ,1, 1
167 ,159, 151, '141 142 110 120 89 104 87 85 ' ,'0 0 0 0 0 0 0 0 ' ,60 ,0 ,0, 0
152 ,158, 139, '112 116 129 109 56 87 94 79 ' ,'0 0 0 0 0 0 0 0 ' ,74 ,1 ,1, 1
154 ,143, 139, '112 115 132 108 92 68 81 61 ' ,'0 0 0 0 0 0 0 0 ' ,72 ,1 ,1, 1
139 ,145, 124, '111 114 111 95 83 81 80 47 ' ,'0 0 0 0 0 0 0 0 ' ,69 ,0 ,1, 1
185 ,129, 170, '120 114 129 106 91 84 118 87 ' ,'0 0 109 0 0 0 0 152 ' ,78 ,0 ,1, 1
173 ,256, 156, '146 133 148 124 95 105 87 74 ' ,'0 0 0 0 0 0 0 0 ' ,74 ,1 ,1, 1
185 ,165, 168, '124 160 137 146 84 90 103 109 ' ,'0 0 0 0 0 0 0 0 ' ,79 ,1 ,0, 0
171 ,177, 157, '125 148 145 132 118 85 104 100 ' ,'0 0 0 0 0 0 0 0 ' ,65 ,0 ,1, 1
179 ,162, 164, '139 151 156 147 91 111 109 82 ' ,'0 0 0 0 0 0 0 0 ' ,76 ,0 ,1, 1
169 ,170, 155, '128 122 146 127 87 94 109 91 ' ,'0 0 0 0 0 0 0 0 ' ,61 ,1 ,2, 2
181 ,159, 166, '157 129 135 140 89 92 120 85 ' ,'0 0 0 0 0 0 0 0 ' ,74 ,0 ,1, 1
186 ,172, 172, '130 122 162 134 96 94 96 60 ' ,'0 0 0 0 0 0 0 0 ' ,100 ,0 ,1, 1
167 ,177, 150, '126 120 143 120 114 88 108 56 ' ,'0 0 0 0 0 0 0 0 ' ,89 ,0 ,1, 1
164 ,158, 146, '120 138 127 116 83 63 80 76 ' ,'0 0 0 0 0 0 0 0 ' ,78 ,0 ,0, 0
154 ,154, 138, '109 129 117 88 78 70 81 90 ' ,'0 0 0 0 0 0 0 0 ' ,63 ,1 ,1, 1
149 ,144, 135, '128 119 124 116 74 119 81 65 ' ,'0 0 0 0 0 0 0 0 ' ,65 ,1 ,0, 0
151 ,141, 138, '128 115 111 108 68 73 80 73 ' ,'0 0 0 0 0 0 0 0 ' ,62 ,0 ,1, 1
153 ,142, 139, '102 98 131 108 89 69 93 84 ' ,'0 0 0 0 0 0 0 0 ' ,62 ,0 ,1, 1
189 ,143, 173, '118 105 97 122 163 71 75 84 ' ,'0 0 0 0 0 0 0 0 ' ,95 ,0 ,1, 1
150 ,179, 136, '119 127 119 107 87 85 88 75 ' ,'0 0 0 0 0 0 0 0 ' ,56 ,1 ,1, 1
158 ,141, 144, '135 102 127 121 85 100 87 79 ' ,'0 0 0 0 0 0 0 0 ' ,56 ,0 ,1, 1
156 ,148, 142, '126 133 126 125 86 88 103 85 ' ,'0 0 0 0 0 0 0 0 ' ,48 ,0 ,1, 1
191 ,146, 168, '159 143 117 123 91 117 90 91 ' ,'0 0 0 0 0 0 0 0 ' ,71 ,0 ,1, 1
166 ,182, 151, '127 138 142 142 90 94 100 83 ' ,'0 0 0 0 0 0 0 0 ' ,61 ,0 ,2, 2
180 ,157, 166, '147 138 136 155 78 103 109 86 ' ,'0 0 0 0 0 0 0 0 ' ,77 ,1 ,1, 1
199 ,171, 186, '176 145 128 109 103 140 105 94 ' ,'0 0 0 0 0 0 0 0 ' ,83 ,0 ,1, 1
173 ,191, 158, '135 130 149 118 84 102 112 88 ' ,'0 0 0 0 0 0 0 0 ' ,68 ,0 ,1, 1
174 ,165, 160, '143 122 145 152 107 103 107 91 ' ,'0 0 0 0 0 0 0 0 ' ,62 ,1 ,1, 1
181 ,165, 166, '149 133 159 130 92 102 118 99 ' ,'0 0 0 0 0 0 0 0 ' ,67 ,0 ,1, 1
188 ,171, 173, '146 164 159 147 87 116 77 100 ' ,'0 0 0 0 0 0 0 0 ' ,88 ,0 ,1, 1
181 ,179, 163, '155 133 148 138 100 121 84 96 ' ,'0 0 0 0 0 0 0 0 ' ,73 ,0 ,1, 1
172 ,169, 156, '118 138 126 149 100 92 88 76 ' ,'0 0 0 0 0 0 0 0 ' ,75 ,0 ,1, 1
172 ,163, 156, '126 116 132 150 108 97 98 88 ' ,'0 0 0 0 0 0 0 0 ' ,64 ,0 ,1, 1
157 ,162, 142, '121 100 135 98 83 86 80 93 ' ,'0 0 0 0 0 0 0 0 ' ,56 ,0 ,0, 0
153 ,147, 138, '119 128 120 120 82 69 73 84 ' ,'0 0 0 0 0 0 0 0 ' ,62 ,0 ,1, 1
164 ,143, 149, '140 125 106 116 79 101 94 86 ' ,'0 0 0 0 0 0 0 0 ' ,64 ,1 ,1, 1
147 ,155, 132, '122 115 126 122 82 89 87 91 ' ,'0 0 0 0 0 0 0 0 ' ,45 ,0 ,0, 0
