192 ,0, 132, '87 49 38 45 42 84 49 39 31 36 78 22 57 22 29 93 36 24 30 30 ' ,'0 0 0 0 0 0 0 0 0 0 0 0 0 0 0 0 0 0 0 0 ' ,73 ,2 ,7, 6
441 ,166, 414, '242 328 351 304 269 306 259 310 351 275 288 295 338 402 329 281 323 360 360 305 ' ,'0 0 0 0 0 0 0 0 0 0 0 0 0 0 0 0 0 0 0 0 ' ,167 ,1 ,3, 3
963 ,433, 940, '127 129 131 139 123 122 122 132 125 127 109 130 107 132 122 124 107 127 129 112 ' ,'0 0 0 0 0 0 0 0 0 0 0 0 0 0 0 0 0 0 0 0 ' ,809 ,1 ,17, 16
203 ,955, 180, '134 130 129 135 126 132 136 140 156 124 129 138 134 141 124 133 119 140 131 129 ' ,'0 0 0 0 0 0 0 0 0 0 0 0 0 0 0 0 0 0 0 0 ' ,50 ,0 ,4, 4
288 ,262, 261, '135 105 157 143 147 115 146 126 131 124 134 127 132 144 132 135 137 117 142 129 ' ,'0 0 0 0 0 0 0 0 0 0 0 0 0 0 0 0 0 0 0 0 ' ,147 ,2 ,5, 4
249 ,281, 158, '193 142 145 135 140 183 114 121 140 149 123 129 139 115 125 191 130 125 126 114 ' ,'0 0 0 0 0 0 0 0 0 0 0 0 0 0 0 0 0 0 0 0 ' ,107 ,1 ,0, 0
268 ,243, 246, '134 146 141 140 204 142 139 155 146 185 141 145 148 141 195 138 149 122 126 236 ' ,'0 0 0 0 0 0 0 0 0 0 0 0 0 0 0 0 0 0 0 0 ' ,116 ,2 ,1, 0
182 ,259, 153, '141 135 129 129 147 151 122 131 122 141 129 142 142 130 129 115 145 141 134 137 ' ,'0 0 0 0 0 0 0 0 0 0 0 0 0 0 0 0 0 0 0 0 ' ,30 ,2 ,0, 0
188 ,175, 170, '148 159 158 120 138 118 136 126 140 147 101 126 124 124 141 135 135 160 111 141 ' ,'0 0 0 0 0 0 0 0 0 0 0 0 0 0 0 0 0 0 0 0 ' ,58 ,2 ,1, 0
310 ,181, 292, '267 142 145 126 123 274 131 135 128 128 221 112 151 126 118 267 141 136 122 109 ' ,'0 0 0 0 0 0 0 0 0 0 0 0 0 0 0 0 0 0 0 0 ' ,173 ,3 ,1, 1
205 ,300, 190, '176 131 127 137 125 158 137 110 139 121 156 114 122 127 123 161 127 122 112 116 ' ,'0 0 0 0 0 0 0 0 0 0 0 0 0 0 0 0 0 0 0 0 ' ,67 ,2 ,1, 1
187 ,196, 159, '116 118 115 120 119 120 138 111 115 127 115 132 115 104 146 116 118 120 120 122 ' ,'0 0 0 0 0 0 0 0 0 0 0 0 0 0 0 0 0 0 0 0 ' ,42 ,1 ,1, 1
192 ,173, 168, '131 120 133 135 96 124 129 125 129 128 141 121 136 103 139 166 132 137 111 127 ' ,'0 0 0 0 0 0 0 0 0 0 0 0 0 0 0 0 0 0 0 0 ' ,69 ,1 ,0, 0
217 ,185, 193, '167 183 130 136 141 117 145 136 160 150 158 115 152 125 147 145 152 150 148 120 ' ,'0 0 0 0 0 0 0 0 0 0 0 0 0 0 0 0 0 0 0 0 ' ,73 ,3 ,1, 1
242 ,208, 224, '181 108 201 118 153 133 172 173 177 209 157 183 212 202 172 168 156 207 177 201 ' ,'0 0 0 0 0 0 0 0 0 0 0 0 0 0 0 0 0 0 0 0 ' ,110 ,1 ,1, 1
228 ,234, 213, '164 163 163 146 163 196 161 153 154 143 163 173 154 135 129 200 136 166 118 143 ' ,'0 0 0 0 0 0 0 0 0 0 0 0 0 0 0 0 0 0 0 0 ' ,75 ,3 ,1, 1
302 ,225, 259, '204 200 142 217 172 162 209 260 207 196 237 245 253 198 194 212 242 245 242 189 ' ,'0 0 0 0 0 0 0 0 0 0 0 0 0 0 0 0 0 0 0 0 ' ,123 ,1 ,2, 2
193 ,291, 170, '131 152 123 123 143 142 136 139 129 136 128 128 130 132 130 164 146 125 138 134 ' ,'0 0 0 0 0 0 0 0 0 0 0 0 0 0 0 0 0 0 0 0 ' ,41 ,0 ,1, 1
187 ,182, 161, '151 145 131 118 107 127 118 123 140 125 136 114 141 131 124 134 141 140 128 111 ' ,'0 0 0 0 0 0 0 0 0 0 0 0 0 0 0 0 0 0 0 0 ' ,47 ,0 ,1, 1
199 ,175, 177, '170 171 152 138 139 164 153 139 148 146 155 160 136 161 131 153 142 148 136 143 ' ,'0 0 0 0 0 0 0 0 0 0 0 0 0 0 0 0 0 0 0 0 ' ,31 ,1 ,0, 0
192 ,192, 172, '160 169 142 139 114 152 152 132 148 141 156 155 132 136 130 145 140 142 95 124 ' ,'0 0 0 0 0 0 0 0 0 0 0 0 0 0 0 0 0 0 0 0 ' ,65 ,1 ,1, 1
209 ,185, 179, '153 96 129 133 135 146 149 143 142 129 137 120 155 124 126 161 170 113 134 121 ' ,'0 0 0 0 0 0 0 0 0 0 0 0 0 0 0 0 0 0 0 0 ' ,82 ,1 ,1, 1
182 ,192, 165, '139 136 130 151 114 134 140 129 122 126 130 150 111 137 133 126 149 123 102 99 ' ,'0 0 0 0 0 0 0 0 0 0 0 0 0 0 0 0 0 0 0 0 ' ,52 ,0 ,1, 1
182 ,174, 162, '131 132 115 147 113 110 155 125 119 129 146 110 129 130 94 135 114 150 133 130 ' ,'0 0 0 0 0 0 0 0 0 0 0 0 0 0 0 0 0 0 0 0 ' ,59 ,1 ,2, 2
182 ,174, 161, '119 122 124 154 126 135 127 124 125 119 125 109 122 153 130 138 140 141 116 125 ' ,'0 0 0 0 0 0 0 0 0 0 0 0 0 0 0 0 0 0 0 0 ' ,40 ,1 ,1, 1
181 ,174, 162, '157 151 140 114 97 118 119 101 129 112 129 136 122 134 132 135 129 127 131 131 ' ,'0 0 0 0 0 0 0 0 0 0 0 0 0 0 0 0 0 0 0 0 ' ,59 ,0 ,1, 1
185 ,173, 164, '145 129 115 124 147 157 128 147 120 141 132 108 147 127 127 136 121 150 136 133 ' ,'0 0 0 0 0 0 0 0 0 0 0 0 0 0 0 0 0 0 0 0 ' ,50 ,1 ,1, 1
171 ,177, 141, '139 133 117 144 131 121 135 119 129 123 115 132 124 106 101 118 119 134 128 129 ' ,'0 0 0 0 0 0 0 0 0 0 0 0 0 0 0 0 0 0 0 0 ' ,44 ,0 ,0, 0
169 ,161, 141, '125 97 139 124 110 109 103 117 103 104 93 127 117 118 116 106 105 109 124 99 ' ,'0 0 0 0 0 0 0 0 0 0 0 0 0 0 0 0 0 0 0 0 ' ,46 ,0 ,1, 1
161 ,156, 138, '116 114 118 132 124 121 130 121 119 113 123 124 103 122 89 121 96 124 115 122 ' ,'0 0 0 0 0 0 0 0 0 0 0 0 0 0 0 0 0 0 0 0 ' ,44 ,1 ,1, 1
192 ,154, 174, '140 117 111 129 91 123 126 124 127 110 158 117 110 102 114 168 124 115 132 126 ' ,'0 0 0 0 0 0 0 0 0 0 0 0 0 0 0 0 0 0 0 0 ' ,79 ,0 ,1, 1
189 ,186, 168, '111 110 123 116 100 126 106 109 112 112 117 125 160 133 100 110 101 125 117 97 ' ,'0 0 0 0 0 0 0 0 0 0 0 0 0 0 0 0 0 0 0 0 ' ,67 ,0 ,1, 1
166 ,183, 150, '134 109 132 115 112 134 120 126 101 141 132 133 101 140 136 135 131 117 98 110 ' ,'0 0 0 0 0 0 0 0 0 0 0 0 0 0 0 0 0 0 0 0 ' ,49 ,0 ,1, 1
185 ,158, 165, '127 138 143 143 110 122 115 145 123 127 94 149 128 136 128 165 133 129 136 129 ' ,'0 0 0 0 0 0 0 0 0 0 0 0 0 0 0 0 0 0 0 0 ' ,65 ,0 ,0, 0
187 ,179, 165, '150 130 156 157 142 162 149 141 133 140 143 143 150 156 144 140 140 150 126 115 ' ,'0 0 0 0 0 0 0 0 0 0 0 0 0 0 0 0 0 0 0 0 ' ,48 ,1 ,1, 1
182 ,181, 158, '141 149 149 156 123 147 127 133 135 130 116 140 130 140 116 154 135 153 154 146 ' ,'0 0 0 0 0 0 0 0 0 0 0 0 0 0 0 0 0 0 0 0 ' ,41 ,0 ,0, 0
177 ,174, 158, '144 144 132 135 113 136 140 146 148 131 132 129 126 152 143 143 137 141 150 152 ' ,'0 0 0 0 0 0 0 0 0 0 0 0 0 0 0 0 0 0 0 0 ' ,39 ,0 ,1, 1
179 ,170, 157, '145 144 148 155 153 131 115 154 142 128 127 124 146 128 135 155 132 136 143 136 ' ,'0 0 0 0 0 0 0 0 0 0 0 0 0 0 0 0 0 0 0 0 ' ,36 ,0 ,1, 1
321 ,170, 302, '150 126 163 132 137 129 128 153 107 120 108 122 164 292 143 143 131 186 123 139 ' ,'0 0 0 0 0 0 0 0 0 0 0 0 0 0 0 0 0 0 0 0 ' ,188 ,1 ,1, 1
211 ,313, 189, '121 179 128 137 119 120 124 131 131 124 143 132 139 136 136 124 150 150 124 127 ' ,'0 0 0 0 0 0 0 0 0 0 0 0 0 0 0 0 0 0 0 0 ' ,63 ,1 ,2, 2
217 ,203, 198, '158 122 120 116 116 175 125 125 124 100 145 135 126 124 115 193 143 118 112 117 ' ,'0 0 0 0 0 0 0 0 0 0 0 0 0 0 0 0 0 0 0 0 ' ,93 ,0 ,0, 0
175 ,208, 151, '113 134 101 136 110 121 102 108 139 127 117 130 143 129 128 111 110 142 121 135 ' ,'0 0 0 0 0 0 0 0 0 0 0 0 0 0 0 0 0 0 0 0 ' ,49 ,0 ,0, 0
175 ,168, 147, '149 123 137 117 115 150 110 131 108 110 92 129 131 130 118 146 148 127 138 133 ' ,'0 0 0 0 0 0 0 0 0 0 0 0 0 0 0 0 0 0 0 0 ' ,61 ,0 ,0, 0
179 ,168, 160, '131 131 125 136 146 150 129 121 132 104 123 137 137 116 123 138 112 132 125 140 ' ,'0 0 0 0 0 0 0 0 0 0 0 0 0 0 0 0 0 0 0 0 ' ,42 ,1 ,1, 1
183 ,168, 163, '138 128 138 142 148 136 128 112 134 133 132 131 126 102 120 129 123 125 139 124 ' ,'0 0 0 0 0 0 0 0 0 0 0 0 0 0 0 0 0 0 0 0 ' ,47 ,0 ,1, 1
220 ,174, 203, '193 121 112 120 123 178 111 111 112 115 187 128 149 142 131 183 122 126 109 128 ' ,'0 0 0 0 0 0 0 0 0 0 0 0 0 0 0 0 0 0 0 0 ' ,87 ,0 ,1, 1
166 ,211, 149, '118 106 132 111 125 110 125 141 130 114 116 110 126 106 111 121 95 125 117 103 ' ,'0 0 0 0 0 0 0 0 0 0 0 0 0 0 0 0 0 0 0 0 ' ,47 ,1 ,1, 1
170 ,156, 154, '133 127 128 107 98 120 127 111 133 129 106 114 115 117 117 120 108 145 121 109 ' ,'0 0 0 0 0 0 0 0 0 0 0 0 0 0 0 0 0 0 0 0 ' ,44 ,0 ,0, 0
170 ,162, 154, '128 137 132 129 109 122 126 113 123 118 122 114 117 127 119 121 114 145 130 125 ' ,'0 0 0 0 0 0 0 0 0 0 0 0 0 0 0 0 0 0 0 0 ' ,37 ,0 ,1, 1
176 ,159, 151, '119 140 123 129 109 116 133 146 136 102 101 126 100 127 105 142 104 135 141 121 ' ,'0 0 0 0 0 0 0 0 0 0 0 0 0 0 0 0 0 0 0 0 ' ,47 ,1 ,0, 0
212 ,169, 185, '182 132 116 122 117 162 121 133 111 113 177 129 126 124 118 167 121 115 116 114 ' ,'0 0 0 0 0 0 0 0 0 0 0 0 0 0 0 0 0 0 0 0 ' ,70 ,0 ,1, 1
180 ,202, 152, '130 138 133 132 110 133 118 146 132 117 120 111 129 119 130 128 135 131 135 126 ' ,'0 0 0 0 0 0 0 0 0 0 0 0 0 0 0 0 0 0 0 0 ' ,35 ,0 ,0, 0
185 ,171, 167, '130 123 142 132 118 126 120 157 155 129 118 122 153 148 144 123 132 138 141 137 ' ,'0 0 0 0 0 0 0 0 0 0 0 0 0 0 0 0 0 0 0 0 ' ,44 ,0 ,1, 1
185 ,177, 166, '140 141 160 156 139 148 126 146 157 132 118 140 127 124 145 138 111 138 147 141 ' ,'0 0 0 0 0 0 0 0 0 0 0 0 0 0 0 0 0 0 0 0 ' ,50 ,1 ,1, 1
188 ,177, 165, '118 149 146 135 156 131 114 143 122 131 120 125 155 149 128 142 139 129 137 140 ' ,'0 0 0 0 0 0 0 0 0 0 0 0 0 0 0 0 0 0 0 0 ' ,51 ,0 ,1, 0
206 ,179, 186, '141 133 143 133 123 144 141 130 111 117 157 142 129 152 148 184 140 133 148 173 ' ,'0 0 0 0 0 0 0 0 0 0 0 0 0 0 0 0 0 0 0 0 ' ,71 ,1 ,1, 1
183 ,199, 162, '157 160 142 116 142 138 131 154 142 129 131 149 145 154 129 136 130 156 134 138 ' ,'0 0 0 0 0 0 0 0 0 0 0 0 0 0 0 0 0 0 0 0 ' ,45 ,0 ,1, 1
191 ,174, 169, '130 113 163 147 140 130 121 139 139 145 113 130 122 142 129 138 134 143 159 123 ' ,'0 0 0 0 0 0 0 0 0 0 0 0 0 0 0 0 0 0 0 0 ' ,51 ,1 ,1, 1
186 ,183, 161, '125 131 143 139 147 144 122 115 133 133 116 131 127 107 136 155 141 149 145 139 ' ,'0 0 0 0 0 0 0 0 0 0 0 0 0 0 0 0 0 0 0 0 ' ,48 ,1 ,2, 2
189 ,172, 168, '126 134 151 147 144 114 141 133 137 158 114 137 151 134 134 149 148 142 144 150 ' ,'0 0 0 0 0 0 0 0 0 0 0 0 0 0 0 0 0 0 0 0 ' ,46 ,1 ,0, 0
206 ,180, 182, '162 128 140 120 131 151 118 144 130 153 136 152 113 145 133 163 127 138 141 140 ' ,'0 0 0 0 0 0 0 0 0 0 0 0 0 0 0 0 0 0 0 0 ' ,50 ,0 ,1, 1
175 ,194, 158, '149 136 150 130 134 131 122 147 122 124 109 131 142 134 136 129 135 128 143 146 ' ,'0 0 0 0 0 0 0 0 0 0 0 0 0 0 0 0 0 0 0 0 ' ,36 ,1 ,1, 1
180 ,167, 162, '146 121 151 131 119 127 119 153 138 120 106 126 140 132 118 130 114 119 118 144 ' ,'0 0 0 0 0 0 0 0 0 0 0 0 0 0 0 0 0 0 0 0 ' ,50 ,1 ,0, 0
179 ,172, 161, '120 110 152 129 108 138 125 131 132 129 102 130 146 144 131 122 127 146 131 129 ' ,'0 0 0 0 0 0 0 0 0 0 0 0 0 0 0 0 0 0 0 0 ' ,53 ,0 ,2, 1
191 ,169, 168, '118 124 139 95 156 122 106 120 134 136 125 129 125 118 151 90 117 126 111 165 ' ,'0 0 0 0 0 0 0 0 0 0 0 0 0 0 0 0 0 0 0 0 ' ,77 ,1 ,1, 1
176 ,181, 156, '131 135 153 126 119 137 113 126 122 127 129 118 124 118 105 130 110 135 99 136 ' ,'0 0 0 0 0 0 0 0 0 0 0 0 0 0 0 0 0 0 0 0 ' ,53 ,1 ,0, 0
174 ,167, 150, '118 127 129 120 111 127 129 121 129 129 111 129 142 130 123 101 106 131 140 123 ' ,'0 0 0 0 0 0 0 0 0 0 0 0 0 0 0 0 0 0 0 0 ' ,48 ,0 ,0, 0
160 ,166, 141, '120 130 127 102 124 123 130 130 115 105 109 113 127 134 131 119 115 124 125 135 ' ,'0 0 0 0 0 0 0 0 0 0 0 0 0 0 0 0 0 0 0 0 ' ,33 ,1 ,1, 1
170 ,153, 149, '127 124 137 135 131 98 116 133 139 112 121 128 120 132 133 133 121 142 143 121 ' ,'0 0 0 0 0 0 0 0 0 0 0 0 0 0 0 0 0 0 0 0 ' ,45 ,1 ,0, 0
234 ,162, 214, '122 160 133 118 178 127 117 146 120 207 123 144 119 119 157 112 123 135 131 156 ' ,'0 0 0 0 0 0 0 0 0 0 0 0 0 0 0 0 0 0 0 0 ' ,101 ,1 ,1, 1
171 ,227, 151, '140 122 144 135 133 121 130 129 133 118 131 131 104 131 125 147 113 135 135 133 ' ,'0 0 0 0 0 0 0 0 0 0 0 0 0 0 0 0 0 0 0 0 ' ,38 ,0 ,1, 1
205 ,163, 185, '112 143 134 135 146 146 140 134 143 178 123 143 143 151 141 121 143 139 131 137 ' ,'0 0 0 0 0 0 0 0 0 0 0 0 0 0 0 0 0 0 0 0 ' ,70 ,1 ,1, 1
194 ,196, 176, '140 142 127 149 140 137 125 156 108 140 145 136 164 156 128 121 133 138 118 142 ' ,'0 0 0 0 0 0 0 0 0 0 0 0 0 0 0 0 0 0 0 0 ' ,61 ,0 ,1, 1
196 ,188, 175, '149 147 147 159 162 127 151 175 121 130 126 150 148 146 129 130 164 136 142 148 ' ,'0 0 0 0 0 0 0 0 0 0 0 0 0 0 0 0 0 0 0 0 ' ,50 ,1 ,0, 0
186 ,188, 159, '134 135 142 118 146 128 122 153 132 144 136 140 128 139 126 137 127 131 145 153 ' ,'0 0 0 0 0 0 0 0 0 0 0 0 0 0 0 0 0 0 0 0 ' ,37 ,1 ,1, 1
188 ,178, 168, '153 132 152 133 132 131 126 141 109 129 144 121 126 149 128 132 137 131 138 137 ' ,'0 0 0 0 0 0 0 0 0 0 0 0 0 0 0 0 0 0 0 0 ' ,45 ,0 ,1, 1
163 ,176, 145, '125 134 127 131 124 116 122 131 107 127 130 121 120 139 118 126 114 132 117 122 ' ,'0 0 0 0 0 0 0 0 0 0 0 0 0 0 0 0 0 0 0 0 ' ,30 ,1 ,1, 1
166 ,154, 137, '113 118 120 121 97 108 116 121 104 113 124 104 112 134 118 130 126 113 106 132 ' ,'0 0 0 0 0 0 0 0 0 0 0 0 0 0 0 0 0 0 0 0 ' ,38 ,0 ,1, 1
170 ,157, 152, '108 120 131 116 116 104 109 124 126 125 112 121 98 143 145 122 134 130 123 114 ' ,'0 0 0 0 0 0 0 0 0 0 0 0 0 0 0 0 0 0 0 0 ' ,48 ,0 ,1, 1
219 ,162, 202, '165 126 135 144 166 146 114 141 130 187 147 96 122 140 190 159 139 131 85 179 ' ,'0 0 0 0 0 0 0 0 0 0 0 0 0 0 0 0 0 0 0 0 ' ,109 ,1 ,1, 1
210 ,213, 191, '166 117 128 139 126 157 126 102 103 122 182 134 113 118 129 172 127 132 112 143 ' ,'0 0 0 0 0 0 0 0 0 0 0 0 0 0 0 0 0 0 0 0 ' ,84 ,0 ,1, 1
178 ,202, 157, '115 122 110 130 132 113 100 124 107 129 98 112 122 131 149 124 128 128 111 132 ' ,'0 0 0 0 0 0 0 0 0 0 0 0 0 0 0 0 0 0 0 0 ' ,50 ,0 ,0, 0
263 ,169, 245, '115 126 117 108 128 121 136 122 133 111 128 116 133 125 125 119 113 117 120 127 ' ,'0 0 0 0 0 0 0 0 0 0 0 0 0 0 0 0 0 0 0 0 ' ,135 ,1 ,1, 1
169 ,255, 149, '100 121 122 104 132 110 121 111 136 122 111 125 95 144 122 140 112 132 107 119 ' ,'0 0 0 0 0 0 0 0 0 0 0 0 0 0 0 0 0 0 0 0 ' ,46 ,0 ,1, 1
186 ,161, 170, '118 113 115 128 153 119 140 131 110 141 114 119 117 119 155 114 129 128 118 161 ' ,'0 0 0 0 0 0 0 0 0 0 0 0 0 0 0 0 0 0 0 0 ' ,52 ,0 ,1, 1
201 ,179, 182, '173 129 125 130 127 165 109 150 140 116 170 115 152 128 128 180 129 128 130 107 ' ,'0 0 0 0 0 0 0 0 0 0 0 0 0 0 0 0 0 0 0 0 ' ,71 ,0 ,1, 1
178 ,193, 157, '129 124 155 149 139 122 124 132 142 124 145 132 140 135 135 136 123 137 124 133 ' ,'0 0 0 0 0 0 0 0 0 0 0 0 0 0 0 0 0 0 0 0 ' ,29 ,1 ,1, 1
193 ,170, 175, '143 134 142 112 138 115 144 167 155 139 111 142 126 139 146 121 108 167 136 146 ' ,'0 0 0 0 0 0 0 0 0 0 0 0 0 0 0 0 0 0 0 0 ' ,62 ,1 ,2, 2
196 ,184, 176, '110 150 174 156 142 139 147 147 151 159 132 141 125 146 148 144 138 144 165 153 ' ,'0 0 0 0 0 0 0 0 0 0 0 0 0 0 0 0 0 0 0 0 ' ,65 ,1 ,1, 1
232 ,188, 209, '127 120 138 144 164 120 168 133 133 158 131 150 140 116 203 128 117 141 147 157 ' ,'0 0 0 0 0 0 0 0 0 0 0 0 0 0 0 0 0 0 0 0 ' ,91 ,1 ,0, 0
192 ,224, 165, '150 137 151 135 129 131 133 160 126 116 133 131 126 135 130 149 113 137 128 137 ' ,'0 0 0 0 0 0 0 0 0 0 0 0 0 0 0 0 0 0 0 0 ' ,47 ,0 ,0, 0
189 ,178, 170, '127 127 149 141 133 114 142 151 134 126 135 131 159 119 132 133 119 140 128 131 ' ,'0 0 0 0 0 0 0 0 0 0 0 0 0 0 0 0 0 0 0 0 ' ,53 ,0 ,1, 1
180 ,182, 156, '139 146 118 134 116 120 135 139 101 109 111 148 110 131 141 120 118 138 115 138 ' ,'0 0 0 0 0 0 0 0 0 0 0 0 0 0 0 0 0 0 0 0 ' ,51 ,1 ,1, 0
158 ,170, 132, '109 103 110 105 105 121 101 110 114 102 105 106 115 116 123 108 122 120 104 126 ' ,'0 0 0 0 0 0 0 0 0 0 0 0 0 0 0 0 0 0 0 0 ' ,30 ,0 ,1, 1
185 ,149, 168, '132 99 92 137 136 111 130 113 108 140 106 127 116 140 158 113 118 104 106 142 ' ,'0 0 0 0 0 0 0 0 0 0 0 0 0 0 0 0 0 0 0 0 ' ,69 ,1 ,1, 1
161 ,179, 141, '128 103 113 128 102 121 121 125 96 117 136 103 99 126 129 140 115 122 128 127 ' ,'0 0 0 0 0 0 0 0 0 0 0 0 0 0 0 0 0 0 0 0 ' ,43 ,1 ,1, 1
154 ,155, 138, '116 121 112 113 100 119 107 128 108 112 103 111 115 129 129 135 114 122 130 123 ' ,'0 0 0 0 0 0 0 0 0 0 0 0 0 0 0 0 0 0 0 0 ' ,34 ,1 ,0, 0
166 ,147, 137, '102 109 130 132 133 120 114 132 98 114 129 120 113 117 130 134 105 118 110 129 ' ,'0 0 0 0 0 0 0 0 0 0 0 0 0 0 0 0 0 0 0 0 ' ,40 ,1 ,0, 0
167 ,156, 143, '93 127 114 105 109 115 116 109 121 115 110 112 124 111 124 115 131 122 137 118 ' ,'0 0 0 0 0 0 0 0 0 0 0 0 0 0 0 0 0 0 0 0 ' ,45 ,1 ,1, 1
228 ,162, 206, '89 107 118 111 135 108 161 114 113 141 107 128 134 109 199 121 142 116 113 152 ' ,'0 0 0 0 0 0 0 0 0 0 0 0 0 0 0 0 0 0 0 0 ' ,110 ,1 ,1, 1
194 ,219, 177, '165 117 103 127 115 171 131 120 125 115 167 116 126 125 124 166 124 138 111 127 ' ,'0 0 0 0 0 0 0 0 0 0 0 0 0 0 0 0 0 0 0 0 ' ,69 ,1 ,1, 1
184 ,187, 163, '121 130 132 135 117 128 130 125 130 98 120 128 117 130 139 144 144 156 154 124 ' ,'0 0 0 0 0 0 0 0 0 0 0 0 0 0 0 0 0 0 0 0 ' ,55 ,0 ,1, 1
177 ,177, 158, '132 131 143 130 112 130 128 125 125 128 131 144 126 146 101 145 144 153 131 142 ' ,'0 0 0 0 0 0 0 0 0 0 0 0 0 0 0 0 0 0 0 0 ' ,54 ,1 ,0, 0
189 ,170, 166, '142 142 168 126 148 123 117 159 114 128 120 131 133 102 138 146 123 135 153 127 ' ,'0 0 0 0 0 0 0 0 0 0 0 0 0 0 0 0 0 0 0 0 ' ,65 ,0 ,1, 1
224 ,185, 198, '134 150 142 157 171 141 148 164 150 160 134 124 192 154 159 151 140 154 143 151 ' ,'0 0 0 0 0 0 0 0 0 0 0 0 0 0 0 0 0 0 0 0 ' ,69 ,0 ,1, 1
199 ,218, 181, '175 157 164 143 148 169 152 143 151 126 159 138 132 145 149 170 132 150 140 142 ' ,'0 0 0 0 0 0 0 0 0 0 0 0 0 0 0 0 0 0 0 0 ' ,50 ,1 ,1, 1
188 ,190, 169, '121 139 133 132 126 126 144 152 142 129 130 141 157 138 145 135 156 153 165 151 ' ,'0 0 0 0 0 0 0 0 0 0 0 0 0 0 0 0 0 0 0 0 ' ,44 ,1 ,1, 1
179 ,181, 160, '149 136 128 139 116 157 132 156 130 137 140 132 141 122 134 126 132 124 152 140 ' ,'0 0 0 0 0 0 0 0 0 0 0 0 0 0 0 0 0 0 0 0 ' ,42 ,1 ,1, 1
175 ,170, 149, '135 135 130 140 113 125 128 140 113 131 107 142 130 121 134 115 131 147 142 144 ' ,'0 0 0 0 0 0 0 0 0 0 0 0 0 0 0 0 0 0 0 0 ' ,43 ,1 ,2, 2
219 ,165, 200, '113 131 142 117 136 133 124 139 105 136 121 192 163 107 165 119 131 142 145 163 ' ,'0 0 0 0 0 0 0 0 0 0 0 0 0 0 0 0 0 0 0 0 ' ,88 ,1 ,1, 1
179 ,214, 163, '147 133 135 135 124 159 129 148 123 109 132 117 149 137 135 154 112 130 138 156 ' ,'0 0 0 0 0 0 0 0 0 0 0 0 0 0 0 0 0 0 0 0 ' ,45 ,1 ,1, 1
176 ,171, 155, '114 139 130 126 125 120 126 138 129 81 115 132 125 133 107 133 135 131 150 133 ' ,'0 0 0 0 0 0 0 0 0 0 0 0 0 0 0 0 0 0 0 0 ' ,70 ,0 ,1, 1
175 ,170, 149, '114 127 121 127 137 132 105 121 129 121 108 119 104 133 117 104 124 108 137 141 ' ,'0 0 0 0 0 0 0 0 0 0 0 0 0 0 0 0 0 0 0 0 ' ,40 ,0 ,1, 1
153 ,167, 135, '103 101 116 111 101 118 113 121 102 111 114 125 112 97 130 121 126 129 119 106 ' ,'0 0 0 0 0 0 0 0 0 0 0 0 0 0 0 0 0 0 0 0 ' ,35 ,1 ,1, 1
218 ,145, 195, '113 117 122 132 157 100 109 119 124 153 123 123 114 122 185 115 111 96 101 163 ' ,'0 0 0 0 0 0 0 0 0 0 0 0 0 0 0 0 0 0 0 0 ' ,93 ,0 ,1, 1
185 ,211, 165, '144 114 127 103 117 153 123 135 123 92 158 112 147 127 127 150 103 136 115 131 ' ,'0 0 0 0 0 0 0 0 0 0 0 0 0 0 0 0 0 0 0 0 ' ,67 ,1 ,1, 1
167 ,176, 149, '109 122 114 103 110 131 138 128 123 127 106 110 127 136 133 123 128 111 139 145 ' ,'0 0 0 0 0 0 0 0 0 0 0 0 0 0 0 0 0 0 0 0 ' ,38 ,1 ,1, 1
174 ,159, 154, '118 124 148 124 135 113 114 134 103 124 134 106 129 124 115 116 112 113 124 127 ' ,'0 0 0 0 0 0 0 0 0 0 0 0 0 0 0 0 0 0 0 0 ' ,42 ,1 ,1, 1
179 ,165, 160, '111 135 123 130 116 117 121 137 105 111 135 133 145 118 122 137 122 118 121 121 ' ,'0 0 0 0 0 0 0 0 0 0 0 0 0 0 0 0 0 0 0 0 ' ,48 ,1 ,1, 1
211 ,171, 192, '105 153 109 123 168 113 129 119 100 176 109 114 141 105 184 131 119 120 87 187 ' ,'0 0 0 0 0 0 0 0 0 0 0 0 0 0 0 0 0 0 0 0 ' ,101 ,0 ,1, 1
200 ,204, 179, '175 138 105 139 120 177 114 131 135 133 170 128 113 124 111 166 111 129 123 118 ' ,'0 0 0 0 0 0 0 0 0 0 0 0 0 0 0 0 0 0 0 0 ' ,70 ,1 ,1, 1
185 ,191, 167, '123 143 116 141 126 133 134 132 136 159 115 130 136 130 124 130 138 145 117 116 ' ,'0 0 0 0 0 0 0 0 0 0 0 0 0 0 0 0 0 0 0 0 ' ,47 ,0 ,1, 1
175 ,176, 158, '126 147 140 142 134 136 136 127 124 114 140 130 135 137 139 122 151 145 128 141 ' ,'0 0 0 0 0 0 0 0 0 0 0 0 0 0 0 0 0 0 0 0 ' ,33 ,0 ,1, 1
194 ,166, 172, '139 146 146 122 141 129 136 135 118 139 145 124 140 121 139 143 150 164 143 140 ' ,'0 0 0 0 0 0 0 0 0 0 0 0 0 0 0 0 0 0 0 0 ' ,47 ,1 ,1, 1
207 ,183, 187, '148 135 149 144 174 148 157 156 154 166 132 145 141 119 183 160 141 154 162 146 ' ,'0 0 0 0 0 0 0 0 0 0 0 0 0 0 0 0 0 0 0 0 ' ,64 ,0 ,0, 0
197 ,198, 179, '148 127 137 139 120 165 151 174 139 154 158 163 155 134 154 161 153 140 114 146 ' ,'0 0 0 0 0 0 0 0 0 0 0 0 0 0 0 0 0 0 0 0 ' ,60 ,0 ,1, 1
168 ,189, 151, '124 128 139 121 125 115 116 128 121 127 101 133 134 138 125 146 122 132 109 133 ' ,'0 0 0 0 0 0 0 0 0 0 0 0 0 0 0 0 0 0 0 0 ' ,44 ,0 ,1, 1
184 ,161, 160, '117 128 128 123 122 133 132 147 140 148 126 145 136 138 127 125 140 156 126 112 ' ,'0 0 0 0 0 0 0 0 0 0 0 0 0 0 0 0 0 0 0 0 ' ,45 ,0 ,1, 1
181 ,174, 160, '121 132 133 142 121 124 132 124 139 125 132 146 150 118 107 129 106 135 118 119 ' ,'0 0 0 0 0 0 0 0 0 0 0 0 0 0 0 0 0 0 0 0 ' ,51 ,0 ,1, 1
172 ,178, 156, '131 141 131 110 146 100 134 129 120 123 115 145 114 127 132 128 117 139 117 107 ' ,'0 0 0 0 0 0 0 0 0 0 0 0 0 0 0 0 0 0 0 0 ' ,48 ,1 ,1, 1
178 ,163, 160, '133 111 104 126 98 153 114 106 123 111 103 141 117 148 103 116 136 131 114 127 ' ,'0 0 0 0 0 0 0 0 0 0 0 0 0 0 0 0 0 0 0 0 ' ,57 ,0 ,2, 2
166 ,171, 144, '113 135 125 113 112 112 127 137 104 107 133 121 123 113 119 102 120 138 102 121 ' ,'0 0 0 0 0 0 0 0 0 0 0 0 0 0 0 0 0 0 0 0 ' ,41 ,0 ,0, 0
172 ,158, 147, '122 118 121 118 123 89 123 109 119 130 97 105 125 139 105 109 112 133 108 112 ' ,'0 0 0 0 0 0 0 0 0 0 0 0 0 0 0 0 0 0 0 0 ' ,56 ,1 ,1, 0
160 ,170, 144, '114 130 123 90 109 104 116 126 124 104 100 135 136 114 118 114 118 131 123 124 ' ,'0 0 0 0 0 0 0 0 0 0 0 0 0 0 0 0 0 0 0 0 ' ,51 ,0 ,1, 1
177 ,153, 157, '127 135 134 115 138 121 134 130 118 150 119 133 134 117 137 130 128 125 129 137 ' ,'0 0 0 0 0 0 0 0 0 0 0 0 0 0 0 0 0 0 0 0 ' ,39 ,1 ,1, 1
183 ,167, 163, '135 117 135 119 120 156 136 135 102 128 157 123 125 117 140 157 141 135 147 100 ' ,'0 0 0 0 0 0 0 0 0 0 0 0 0 0 0 0 0 0 0 0 ' ,60 ,0 ,1, 1
189 ,177, 167, '114 135 139 139 102 104 123 162 145 116 136 131 134 132 148 133 156 150 148 118 ' ,'0 0 0 0 0 0 0 0 0 0 0 0 0 0 0 0 0 0 0 0 ' ,61 ,0 ,1, 1
212 ,182, 188, '150 140 145 135 130 141 132 130 153 144 139 132 180 147 137 145 143 159 155 141 ' ,'0 0 0 0 0 0 0 0 0 0 0 0 0 0 0 0 0 0 0 0 ' ,55 ,1 ,1, 1
185 ,199, 164, '150 149 146 146 137 134 157 153 135 140 143 154 133 139 121 149 147 138 141 145 ' ,'0 0 0 0 0 0 0 0 0 0 0 0 0 0 0 0 0 0 0 0 ' ,38 ,1 ,2, 2
212 ,175, 194, '150 153 153 186 180 139 158 163 137 163 137 159 150 139 159 152 149 150 148 157 ' ,'0 0 0 0 0 0 0 0 0 0 0 0 0 0 0 0 0 0 0 0 ' ,51 ,0 ,1, 1
194 ,206, 178, '168 146 148 143 165 154 158 146 130 157 151 142 142 153 127 148 167 154 141 121 ' ,'0 0 0 0 0 0 0 0 0 0 0 0 0 0 0 0 0 0 0 0 ' ,49 ,1 ,1, 1
180 ,186, 160, '147 153 151 102 133 135 142 139 144 134 125 135 138 137 139 129 140 138 150 146 ' ,'0 0 0 0 0 0 0 0 0 0 0 0 0 0 0 0 0 0 0 0 ' ,47 ,0 ,0, 0
187 ,171, 171, '114 152 138 134 124 159 157 141 133 115 138 154 144 137 155 136 135 152 122 134 ' ,'0 0 0 0 0 0 0 0 0 0 0 0 0 0 0 0 0 0 0 0 ' ,46 ,1 ,2, 1
205 ,180, 186, '122 118 124 132 125 130 114 167 117 136 124 125 135 122 124 107 121 177 113 130 ' ,'0 0 0 0 0 0 0 0 0 0 0 0 0 0 0 0 0 0 0 0 ' ,72 ,1 ,1, 1
183 ,196, 161, '123 120 132 110 150 129 115 129 130 147 124 120 124 144 148 113 122 156 108 156 ' ,'0 0 0 0 0 0 0 0 0 0 0 0 0 0 0 0 0 0 0 0 ' ,49 ,1 ,1, 1
192 ,173, 172, '115 134 137 124 104 119 126 134 115 119 131 132 107 161 117 128 124 131 122 129 ' ,'0 0 0 0 0 0 0 0 0 0 0 0 0 0 0 0 0 0 0 0 ' ,58 ,0 ,1, 1
164 ,184, 147, '126 120 144 141 126 106 104 133 140 118 133 117 125 136 105 119 119 130 124 132 ' ,'0 0 0 0 0 0 0 0 0 0 0 0 0 0 0 0 0 0 0 0 ' ,40 ,0 ,1, 1
169 ,158, 151, '126 104 139 138 109 115 129 111 117 121 105 114 115 124 120 141 118 122 124 134 ' ,'0 0 0 0 0 0 0 0 0 0 0 0 0 0 0 0 0 0 0 0 ' ,41 ,1 ,1, 1
168 ,162, 145, '106 141 109 120 130 127 131 128 120 134 109 131 123 128 132 114 112 129 125 120 ' ,'0 0 0 0 0 0 0 0 0 0 0 0 0 0 0 0 0 0 0 0 ' ,36 ,0 ,1, 1
211 ,154, 191, '123 119 129 136 179 122 133 141 136 181 104 110 155 117 177 106 142 147 103 181 ' ,'0 0 0 0 0 0 0 0 0 0 0 0 0 0 0 0 0 0 0 0 ' ,83 ,1 ,1, 1
221 ,199, 200, '193 127 140 121 133 196 148 160 117 139 189 132 137 138 145 185 114 126 138 102 ' ,'0 0 0 0 0 0 0 0 0 0 0 0 0 0 0 0 0 0 0 0 ' ,91 ,1 ,1, 1
185 ,215, 163, '127 131 126 147 127 134 137 152 139 142 123 135 123 150 142 118 139 158 151 133 ' ,'0 0 0 0 0 0 0 0 0 0 0 0 0 0 0 0 0 0 0 0 ' ,42 ,1 ,0, 0
193 ,177, 175, '141 143 123 147 143 137 145 168 133 143 136 142 125 128 154 110 127 145 147 137 ' ,'0 0 0 0 0 0 0 0 0 0 0 0 0 0 0 0 0 0 0 0 ' ,62 ,1 ,1, 1
225 ,185, 205, '157 158 133 170 202 152 138 164 123 167 139 157 150 156 138 132 146 148 136 188 ' ,'0 0 0 0 0 0 0 0 0 0 0 0 0 0 0 0 0 0 0 0 ' ,78 ,1 ,1, 1
256 ,218, 225, '120 139 135 162 224 133 150 165 144 222 118 148 162 149 210 137 150 146 160 218 ' ,'0 0 0 0 0 0 0 0 0 0 0 0 0 0 0 0 0 0 0 0 ' ,115 ,1 ,1, 1
241 ,249, 220, '205 131 158 152 139 190 150 157 136 122 178 153 136 142 133 214 135 152 132 151 ' ,'0 0 0 0 0 0 0 0 0 0 0 0 0 0 0 0 0 0 0 0 ' ,91 ,0 ,0, 0
187 ,229, 169, '145 124 137 139 121 117 124 163 107 132 113 135 130 146 117 142 110 131 130 130 ' ,'0 0 0 0 0 0 0 0 0 0 0 0 0 0 0 0 0 0 0 0 ' ,57 ,0 ,1, 1
190 ,179, 172, '135 120 124 118 124 125 128 115 144 111 97 130 155 126 129 127 138 139 119 113 ' ,'0 0 0 0 0 0 0 0 0 0 0 0 0 0 0 0 0 0 0 0 ' ,63 ,1 ,1, 1
169 ,183, 150, '126 97 119 105 138 129 117 124 111 108 103 115 113 121 139 142 116 126 105 93 ' ,'0 0 0 0 0 0 0 0 0 0 0 0 0 0 0 0 0 0 0 0 ' ,52 ,1 ,1, 1
175 ,160, 158, '118 137 112 136 150 125 131 138 131 136 113 130 132 131 148 135 117 142 139 119 ' ,'0 0 0 0 0 0 0 0 0 0 0 0 0 0 0 0 0 0 0 0 ' ,42 ,1 ,1, 1
180 ,167, 161, '135 133 120 114 101 150 123 150 112 133 137 127 149 129 130 146 134 140 112 107 ' ,'0 0 0 0 0 0 0 0 0 0 0 0 0 0 0 0 0 0 0 0 ' ,50 ,1 ,1, 1
221 ,171, 203, '120 118 110 150 141 117 133 122 152 124 118 122 93 147 123 132 121 112 195 106 ' ,'0 0 0 0 0 0 0 0 0 0 0 0 0 0 0 0 0 0 58 0 ' ,94 ,1 ,1, 1
173 ,213, 152, '123 123 114 120 131 136 112 140 135 123 123 113 106 109 130 132 123 128 118 117 ' ,'0 0 0 0 0 0 0 0 0 0 0 0 0 0 0 0 0 0 0 0 ' ,38 ,1 ,1, 1
193 ,160, 169, '133 128 132 141 139 127 115 166 149 121 128 126 102 138 131 140 119 127 108 119 ' ,'0 0 0 0 0 0 0 0 0 0 0 0 0 0 0 0 0 0 0 0 ' ,57 ,0 ,1, 1
197 ,185, 181, '149 130 135 147 141 137 141 151 162 165 118 139 140 125 173 136 137 148 135 156 ' ,'0 0 0 0 0 0 0 0 0 0 0 0 0 0 0 0 0 0 0 0 ' ,57 ,1 ,1, 1
198 ,192, 176, '130 123 119 150 149 128 139 172 146 130 147 133 140 151 151 151 123 133 158 137 ' ,'0 0 0 0 0 0 0 0 0 0 0 0 0 0 0 0 0 0 0 0 ' ,54 ,0 ,0, 0
206 ,188, 183, '144 142 124 146 145 128 119 178 147 128 143 151 136 111 166 137 112 155 153 135 ' ,'0 0 0 0 0 0 0 0 0 0 0 0 0 0 0 0 0 0 0 0 ' ,68 ,2 ,1, 1
194 ,198, 177, '141 146 153 158 119 150 140 142 164 145 127 156 167 147 165 143 125 160 162 118 ' ,'0 0 0 0 0 0 0 0 0 0 0 0 0 0 0 0 0 0 0 0 ' ,54 ,1 ,1, 1
187 ,187, 166, '121 121 135 154 136 135 148 141 165 131 112 155 150 148 144 151 150 157 152 131 ' ,'0 0 0 0 0 0 0 0 0 0 0 0 0 0 0 0 0 0 0 0 ' ,52 ,0 ,0, 0
197 ,181, 180, '129 142 141 146 124 129 156 165 137 127 139 137 152 145 168 144 154 144 133 120 ' ,'0 0 0 0 0 0 0 0 0 0 0 0 0 0 0 0 0 0 0 0 ' ,51 ,0 ,1, 1
192 ,188, 176, '150 125 139 146 120 161 138 147 119 144 144 144 132 164 139 152 120 166 152 124 ' ,'0 0 0 0 0 0 0 0 0 0 0 0 0 0 0 0 0 0 0 0 ' ,49 ,0 ,1, 1
163 ,185, 142, '138 134 129 141 113 137 121 134 119 130 100 130 126 133 114 121 115 132 121 124 ' ,'0 0 0 0 0 0 0 0 0 0 0 0 0 0 0 0 0 0 0 0 ' ,42 ,1 ,1, 1
175 ,155, 154, '104 124 127 131 128 119 136 101 127 135 111 126 147 142 106 138 104 138 112 106 ' ,'0 0 0 0 0 0 0 0 0 0 0 0 0 0 0 0 0 0 0 0 ' ,51 ,0 ,0, 0
187 ,169, 162, '113 125 126 114 127 110 129 127 100 129 129 117 123 130 109 122 127 155 105 122 ' ,'0 0 0 0 0 0 0 0 0 0 0 0 0 0 0 0 0 0 0 0 ' ,56 ,1 ,1, 1
169 ,173, 146, '120 129 110 119 123 124 116 125 113 131 118 125 132 125 137 130 111 139 140 146 ' ,'0 0 0 0 0 0 0 0 0 0 0 0 0 0 0 0 0 0 0 0 ' ,39 ,0 ,1, 1
224 ,162, 194, '142 118 129 129 132 132 115 130 109 118 122 141 132 157 123 156 145 187 126 122 ' ,'0 0 0 0 0 0 0 0 0 0 0 0 0 0 0 0 0 0 0 0 ' ,79 ,1 ,1, 1
175 ,216, 159, '131 141 144 133 106 126 133 138 118 139 110 117 120 122 141 133 150 137 146 124 ' ,'0 0 0 0 0 0 0 0 0 0 0 0 0 0 0 0 0 0 0 0 ' ,47 ,1 ,1, 1
174 ,167, 156, '138 137 104 125 144 132 122 141 149 95 135 136 121 142 133 131 115 144 112 119 ' ,'0 0 0 0 0 0 0 0 0 0 0 0 0 0 0 0 0 0 0 0 ' ,56 ,0 ,1, 1
185 ,166, 165, '126 148 117 126 134 137 137 139 134 121 129 141 123 141 158 138 132 145 122 131 ' ,'0 0 0 0 0 0 0 0 0 0 0 0 0 0 0 0 0 0 0 0 ' ,43 ,1 ,1, 1
182 ,176, 163, '144 130 136 151 148 116 131 137 135 151 121 139 140 116 156 120 146 155 132 135 ' ,'0 0 0 0 0 0 0 0 0 0 0 0 0 0 0 0 0 0 0 0 ' ,46 ,1 ,1, 1
195 ,176, 173, '154 130 143 149 137 164 146 115 133 145 157 148 131 141 143 158 155 169 140 138 ' ,'0 0 0 0 0 0 0 0 0 0 0 0 0 0 0 0 0 0 0 0 ' ,60 ,1 ,0, 0
214 ,188, 187, '125 144 150 140 132 150 119 123 120 138 124 144 176 159 128 123 141 147 145 123 ' ,'0 0 0 0 0 0 0 0 0 0 0 0 0 0 0 0 0 0 0 0 ' ,67 ,1 ,1, 1
197 ,206, 174, '146 163 144 146 125 133 144 144 120 130 123 130 138 131 133 157 143 153 134 142 ' ,'0 0 0 0 0 0 0 0 0 0 0 0 0 0 0 0 0 0 0 0 ' ,46 ,0 ,2, 2
193 ,189, 174, '156 139 152 153 132 133 151 168 134 147 135 125 153 167 120 149 122 157 130 114 ' ,'0 0 0 0 0 0 0 0 0 0 0 0 0 0 0 0 0 0 0 0 ' ,52 ,1 ,1, 1
270 ,187, 245, '131 133 167 142 240 124 137 136 127 237 103 122 129 136 224 145 133 154 136 207 ' ,'0 0 0 0 0 0 0 0 0 0 0 0 0 0 0 0 0 0 0 0 ' ,144 ,0 ,1, 1
224 ,262, 203, '195 144 120 127 121 182 131 135 135 109 190 124 132 132 119 198 123 136 109 115 ' ,'0 0 0 0 0 0 0 0 0 0 0 0 0 0 0 0 0 0 0 0 ' ,89 ,1 ,1, 1
166 ,216, 148, '103 102 120 128 112 118 118 139 104 128 105 114 128 113 93 124 139 129 110 124 ' ,'0 0 0 0 0 0 0 0 0 0 0 0 0 0 0 0 0 0 0 0 ' ,46 ,0 ,1, 1
171 ,158, 154, '109 122 111 111 116 116 108 125 116 119 111 108 123 128 117 145 128 128 116 88 ' ,'0 0 0 0 0 0 0 0 0 0 0 0 0 0 0 0 0 0 0 0 ' ,60 ,1 ,1, 1
182 ,164, 162, '103 120 106 124 116 132 112 112 142 135 134 130 141 113 132 126 131 112 129 95 ' ,'0 0 0 0 0 0 0 0 0 0 0 0 0 0 0 0 0 0 0 0 ' ,57 ,1 ,0, 0
176 ,174, 157, '117 102 116 132 147 96 114 126 126 146 105 114 108 121 146 122 128 131 122 131 ' ,'0 0 0 0 0 0 0 0 0 0 0 0 0 0 0 0 0 0 0 0 ' ,52 ,1 ,0, 0
200 ,167, 180, '176 120 106 114 130 153 124 139 126 130 172 101 113 98 105 176 123 106 107 90 ' ,'0 0 0 0 0 0 0 0 0 0 0 0 0 0 0 0 0 0 0 0 ' ,87 ,1 ,1, 1
165 ,190, 140, '128 127 111 119 131 125 107 93 109 126 133 123 115 122 107 97 114 119 117 102 ' ,'0 0 0 0 0 0 0 0 0 0 0 0 0 0 0 0 0 0 0 0 ' ,46 ,0 ,0, 0
164 ,157, 144, '102 121 101 110 110 105 120 116 137 128 127 106 105 120 119 121 118 109 114 121 ' ,'0 0 0 0 0 0 0 0 0 0 0 0 0 0 0 0 0 0 0 0 ' ,43 ,1 ,1, 1
183 ,158, 159, '124 125 120 118 141 108 134 139 115 126 113 137 130 133 129 130 151 140 129 137 ' ,'0 0 0 0 0 0 0 0 0 0 0 0 0 0 0 0 0 0 0 0 ' ,46 ,1 ,1, 1
199 ,172, 179, '129 131 143 116 145 133 130 146 121 170 123 141 127 138 146 142 137 131 149 148 ' ,'0 0 0 0 0 0 0 0 0 0 0 0 0 0 0 0 0 0 0 0 ' ,56 ,1 ,1, 1
189 ,192, 168, '154 135 139 144 137 146 147 156 128 131 162 116 128 143 156 140 149 135 125 141 ' ,'0 0 0 0 0 0 0 0 0 0 0 0 0 0 0 0 0 0 0 0 ' ,45 ,1 ,1, 1
200 ,179, 183, '139 144 157 139 120 134 117 147 121 158 137 157 154 149 150 151 116 143 147 135 ' ,'0 0 0 0 0 0 0 0 0 0 0 0 0 0 0 0 0 0 0 0 ' ,59 ,1 ,2, 2
187 ,192, 170, '128 151 129 113 147 142 147 153 114 149 105 142 151 149 115 143 124 154 166 139 ' ,'0 0 0 0 0 0 0 0 0 0 0 0 0 0 0 0 0 0 0 0 ' ,60 ,1 ,0, 0
179 ,179, 162, '126 145 129 149 123 108 146 141 131 106 116 136 140 124 139 127 132 141 157 88 ' ,'0 0 0 0 0 0 0 0 0 0 0 0 0 0 0 0 0 0 0 0 ' ,69 ,1 ,1, 1
189 ,172, 167, '128 135 139 129 142 122 135 133 110 140 101 152 136 148 130 153 154 144 123 128 ' ,'0 0 0 0 0 0 0 0 0 0 0 0 0 0 0 0 0 0 0 0 ' ,63 ,1 ,1, 1
204 ,181, 186, '140 120 113 130 113 145 117 144 107 124 141 134 126 124 121 181 132 122 104 123 ' ,'0 0 0 0 0 0 0 0 0 0 0 0 0 0 0 0 0 0 0 0 ' ,79 ,1 ,1, 1
191 ,198, 174, '96 109 110 166 116 130 128 115 128 120 122 119 116 116 118 113 150 112 105 94 ' ,'0 0 0 0 0 0 0 0 0 0 0 0 0 0 0 0 0 0 0 0 ' ,74 ,0 ,1, 1
184 ,183, 168, '120 109 156 164 90 113 129 134 126 126 103 112 120 130 129 123 132 110 121 105 ' ,'0 0 0 0 0 0 0 0 0 0 0 0 0 0 0 0 0 0 0 0 ' ,75 ,1 ,1, 1
185 ,179, 167, '104 128 120 111 108 132 130 113 122 93 102 126 129 126 98 128 108 144 132 103 ' ,'0 0 0 0 0 0 0 0 0 0 0 0 0 0 0 0 0 0 0 0 ' ,63 ,1 ,1, 1
164 ,178, 145, '120 117 121 139 129 101 118 123 98 131 103 100 126 116 116 132 121 104 112 136 ' ,'0 0 0 0 0 0 0 0 0 0 0 0 0 0 0 0 0 0 0 0 ' ,40 ,0 ,1, 1
174 ,154, 156, '145 125 121 129 117 149 129 120 121 101 144 116 106 135 99 129 146 115 130 133 ' ,'0 0 0 0 0 0 0 0 0 0 0 0 0 0 0 0 0 0 0 0 ' ,48 ,1 ,1, 1
169 ,166, 152, '114 130 128 108 121 138 136 129 125 109 135 121 137 128 109 102 144 130 130 112 ' ,'0 0 0 0 0 0 0 0 0 0 0 0 0 0 0 0 0 0 0 0 ' ,47 ,1 ,1, 1
185 ,162, 167, '125 140 140 134 121 125 134 123 162 126 136 110 128 121 131 106 155 124 137 127 ' ,'0 0 0 0 0 0 0 0 0 0 0 0 0 0 0 0 0 0 0 0 ' ,55 ,0 ,1, 1
172 ,176, 155, '132 141 139 122 122 112 131 140 111 127 128 142 126 111 147 144 114 126 134 127 ' ,'0 0 0 0 0 0 0 0 0 0 0 0 0 0 0 0 0 0 0 0 ' ,39 ,1 ,1, 1
187 ,165, 171, '124 151 141 146 142 101 151 146 134 161 137 143 101 119 130 130 145 141 144 145 ' ,'0 0 0 0 0 0 0 0 0 0 0 0 0 0 0 0 0 0 0 0 ' ,64 ,1 ,1, 1
195 ,179, 179, '172 152 113 147 148 152 152 157 124 124 156 152 135 135 107 172 134 146 166 121 ' ,'0 0 0 0 0 0 0 0 0 0 0 0 0 0 0 0 0 0 0 0 ' ,65 ,0 ,1, 1
191 ,188, 168, '132 152 141 137 116 138 142 146 151 161 145 153 132 111 148 141 136 140 144 145 ' ,'0 0 0 0 0 0 0 0 0 0 0 0 0 0 0 0 0 0 0 0 ' ,48 ,0 ,1, 1
185 ,184, 165, '117 125 118 129 106 134 120 154 127 150 136 130 157 133 96 138 137 149 155 116 ' ,'0 0 0 0 0 0 0 0 0 0 0 0 0 0 0 0 0 0 0 0 ' ,64 ,1 ,1, 1
180 ,179, 162, '116 140 108 137 113 139 153 118 130 141 129 139 141 149 123 141 125 146 130 148 ' ,'0 0 0 0 0 0 0 0 0 0 0 0 0 0 0 0 0 0 0 0 ' ,50 ,1 ,2, 2
195 ,173, 178, '118 100 124 138 115 128 139 140 139 166 114 129 140 137 166 130 141 132 107 138 ' ,'0 0 0 0 0 0 0 0 0 0 0 0 0 0 0 0 0 0 0 0 ' ,71 ,1 ,2, 2
166 ,186, 148, '136 116 128 134 110 142 128 119 118 105 133 106 125 124 111 124 140 135 97 104 ' ,'0 0 0 0 0 0 0 0 0 0 0 0 0 0 0 0 0 0 0 0 ' ,44 ,1 ,1, 1
171 ,157, 149, '108 117 93 143 103 108 125 117 110 115 96 130 127 137 131 117 136 113 125 103 ' ,'0 0 0 0 0 0 0 0 0 0 0 0 0 0 0 0 0 0 0 0 ' ,52 ,1 ,0, 0
158 ,159, 136, '122 110 112 118 113 127 120 126 97 90 121 125 116 123 116 116 123 118 123 107 ' ,'0 0 0 0 0 0 0 0 0 0 0 0 0 0 0 0 0 0 0 0 ' ,40 ,1 ,0, 0
165 ,150, 146, '102 107 141 99 125 114 113 122 116 105 121 101 114 137 120 104 117 122 109 111 ' ,'0 0 0 0 0 0 0 0 0 0 0 0 0 0 0 0 0 0 0 0 ' ,43 ,1 ,0, 0
210 ,156, 190, '126 115 146 118 109 101 135 136 96 165 125 148 123 106 181 136 121 107 119 179 ' ,'0 0 0 0 0 0 0 0 0 0 0 0 0 0 0 0 0 0 0 0 ' ,88 ,1 ,0, 0
224 ,203, 203, '191 139 139 130 115 183 128 149 127 120 178 134 124 121 125 198 144 127 135 118 ' ,'0 0 0 0 0 0 0 0 0 0 0 0 0 0 0 0 0 0 0 0 ' ,83 ,1 ,1, 1
181 ,216, 162, '127 143 130 151 125 107 140 156 144 136 140 108 141 105 115 126 125 116 141 131 ' ,'0 0 0 0 0 0 0 0 0 0 0 0 0 0 0 0 0 0 0 0 ' ,52 ,1 ,1, 1
195 ,172, 176, '142 119 108 120 140 138 110 144 146 146 123 136 163 138 126 107 153 130 159 146 ' ,'0 0 0 0 0 0 0 0 0 0 0 0 0 0 0 0 0 0 0 0 ' ,60 ,0 ,1, 1
189 ,186, 170, '145 138 127 119 134 122 122 150 129 145 93 159 151 160 140 135 148 141 149 126 ' ,'0 0 0 0 0 0 0 0 0 0 0 0 0 0 0 0 0 0 0 0 ' ,71 ,0 ,1, 1
180 ,183, 160, '155 118 157 142 136 153 123 145 131 139 139 129 127 149 134 113 137 139 147 118 ' ,'0 0 0 0 0 0 0 0 0 0 0 0 0 0 0 0 0 0 0 0 ' ,47 ,0 ,0, 0
226 ,172, 209, '198 153 142 143 126 194 139 130 140 135 183 138 163 148 149 202 128 138 157 137 ' ,'0 0 0 0 0 0 0 0 0 0 0 0 0 0 0 0 0 0 0 0 ' ,77 ,1 ,1, 1
211 ,219, 192, '145 143 186 161 149 137 132 134 140 156 143 160 148 127 143 146 155 140 155 119 ' ,'0 0 0 0 0 0 0 0 0 0 0 0 0 0 0 0 0 0 0 0 ' ,70 ,1 ,2, 2
188 ,203, 168, '156 147 142 138 150 118 139 147 133 162 124 137 146 127 127 134 142 138 150 112 ' ,'0 0 0 0 0 0 0 0 0 0 0 0 0 0 0 0 0 0 0 0 ' ,49 ,1 ,1, 1
208 ,181, 186, '144 157 182 136 112 164 141 165 141 133 123 142 129 185 123 135 141 141 139 128 ' ,'0 0 0 0 0 0 0 0 0 0 0 0 0 0 0 0 0 0 0 0 ' ,74 ,1 ,1, 1
184 ,200, 163, '120 136 158 155 120 134 116 107 157 137 119 136 141 121 133 129 131 150 108 96 ' ,'0 0 0 0 0 0 0 0 0 0 0 0 0 0 0 0 0 0 0 0 ' ,64 ,0 ,1, 1
184 ,179, 164, '142 117 134 127 123 108 136 130 108 138 142 141 153 131 96 154 145 126 132 115 ' ,'0 0 0 0 0 0 0 0 0 0 0 0 0 0 0 0 0 0 0 0 ' ,64 ,2 ,1, 1
168 ,175, 148, '125 119 142 111 115 105 126 126 127 126 119 107 116 132 111 106 128 123 126 117 ' ,'0 0 0 0 0 0 0 0 0 0 0 0 0 0 0 0 0 0 0 0 ' ,37 ,1 ,1, 1
183 ,159, 159, '127 94 132 120 105 116 122 116 103 113 122 138 144 130 114 116 136 121 100 119 ' ,'0 0 0 0 0 0 0 0 0 0 0 0 0 0 0 0 0 0 0 0 ' ,61 ,1 ,1, 1
182 ,176, 143, '119 99 124 75 131 92 108 118 136 117 115 124 135 126 123 110 119 100 126 114 ' ,'0 0 0 0 0 0 0 0 0 0 0 0 0 0 0 0 0 0 0 0 ' ,84 ,1 ,0, 0
201 ,176, 172, '130 142 118 165 130 118 101 123 127 111 125 109 159 148 128 138 104 111 167 118 ' ,'0 0 0 0 0 0 0 0 0 0 0 0 0 0 0 0 0 0 0 0 ' ,70 ,0 ,1, 1
235 ,192, 218, '127 124 119 142 122 134 115 126 211 113 150 110 124 187 116 148 119 122 130 114 ' ,'0 0 0 0 0 0 0 0 0 0 0 0 0 0 0 0 0 0 0 0 ' ,99 ,1 ,1, 1
184 ,229, 166, '129 109 121 142 113 130 143 118 147 127 142 135 135 149 159 134 130 131 145 145 ' ,'0 0 0 0 0 0 0 0 0 0 0 0 0 0 0 0 0 0 0 0 ' ,52 ,1 ,1, 1
180 ,175, 153, '129 141 139 139 130 121 133 149 131 116 110 149 118 128 117 126 151 130 124 140 ' ,'0 0 0 0 0 0 0 0 0 0 0 0 0 0 0 0 0 0 0 0 ' ,45 ,1 ,0, 0
201 ,171, 176, '143 136 151 161 120 124 137 157 121 123 152 129 125 164 137 134 131 148 128 124 ' ,'0 0 0 0 0 0 0 0 0 0 0 0 0 0 0 0 0 0 0 0 ' ,58 ,1 ,1, 1
217 ,194, 193, '116 130 166 121 139 142 189 155 130 138 147 148 158 144 142 142 183 141 152 118 ' ,'0 0 0 0 0 0 0 0 0 0 0 0 0 0 0 0 0 0 0 0 ' ,78 ,1 ,0, 0
201 ,210, 181, '169 139 142 103 103 153 126 137 114 149 129 147 143 114 131 179 123 131 148 118 ' ,'0 0 0 0 0 0 0 0 0 0 0 0 0 0 0 0 0 0 0 0 ' ,71 ,0 ,1, 1
187 ,194, 164, '134 142 138 135 147 112 161 127 138 122 121 144 139 128 119 119 120 147 117 118 ' ,'0 0 0 0 0 0 0 0 0 0 0 0 0 0 0 0 0 0 0 0 ' ,49 ,0 ,1, 1
174 ,178, 156, '114 143 128 110 122 134 112 149 123 111 146 118 125 119 105 120 120 137 137 104 ' ,'0 0 0 0 0 0 0 0 0 0 0 0 0 0 0 0 0 0 0 0 ' ,47 ,1 ,1, 1
185 ,166, 152, '120 143 140 139 112 123 110 134 140 117 134 120 125 129 122 128 134 128 135 123 ' ,'0 0 0 0 0 0 0 0 0 0 0 0 0 0 0 0 0 0 0 0 ' ,34 ,1 ,1, 1
195 ,174, 178, '116 121 148 116 151 115 94 123 125 161 131 95 169 111 160 118 117 137 136 148 ' ,'0 0 0 0 0 0 0 0 0 0 0 0 0 0 0 0 0 0 0 0 ' ,77 ,1 ,1, 1
173 ,186, 155, '112 105 115 110 110 123 117 151 119 120 126 124 110 100 122 146 131 150 138 91 ' ,'0 0 0 0 0 0 0 0 0 0 0 0 0 0 0 0 0 0 0 0 ' ,60 ,0 ,1, 1
164 ,165, 133, '105 118 128 102 122 125 127 121 111 124 122 131 126 121 109 111 124 129 116 107 ' ,'0 0 0 0 0 0 0 0 0 0 0 0 0 0 0 0 0 0 0 0 ' ,40 ,1 ,0, 0
155 ,156, 137, '110 115 105 97 109 123 113 103 114 110 108 106 125 117 112 119 130 126 125 124 ' ,'0 0 0 0 0 0 0 0 0 0 0 0 0 0 0 0 0 0 0 0 ' ,35 ,1 ,1, 1
162 ,147, 141, '124 117 118 111 105 109 88 106 121 115 124 113 111 133 124 115 119 125 138 106 ' ,'0 0 0 0 0 0 0 0 0 0 0 0 0 0 0 0 0 0 0 0 ' ,45 ,1 ,1, 1
177 ,152, 154, '109 141 134 112 149 100 116 108 116 147 103 130 116 89 129 115 130 120 121 149 ' ,'0 0 0 0 0 0 0 0 0 0 0 0 0 0 0 0 0 0 0 0 ' ,64 ,1 ,0, 0
198 ,166, 179, '150 111 142 118 115 160 114 118 118 105 173 127 112 112 136 133 107 109 111 133 ' ,'0 0 0 0 0 0 0 0 0 0 0 0 0 0 0 0 0 0 0 0 ' ,70 ,1 ,1, 1
163 ,190, 144, '133 106 105 118 127 106 102 138 123 127 103 100 98 119 123 113 97 126 121 125 ' ,'0 0 0 0 0 0 0 0 0 0 0 0 0 0 0 0 0 0 0 0 ' ,42 ,1 ,0, 0
157 ,155, 139, '127 105 123 110 112 111 115 110 130 110 116 114 102 119 108 98 102 122 90 103 ' ,'0 0 0 0 0 0 0 0 0 0 0 0 0 0 0 0 0 0 0 0 ' ,44 ,1 ,1, 1
168 ,152, 142, '136 121 116 123 131 130 100 119 124 126 114 106 127 109 136 119 140 123 114 130 ' ,'0 0 0 0 0 0 0 0 0 0 0 0 0 0 0 0 0 0 0 0 ' ,35 ,1 ,1, 1
202 ,159, 183, '110 118 132 121 174 101 112 134 145 178 100 99 110 131 167 120 141 114 128 169 ' ,'0 0 0 0 0 0 0 0 0 0 0 0 0 0 0 0 0 0 0 0 ' ,82 ,1 ,1, 1
227 ,195, 197, '191 134 112 147 109 170 143 129 109 129 179 140 130 154 117 177 132 158 139 137 ' ,'0 0 0 0 0 0 0 0 0 0 0 0 0 0 0 0 0 0 0 0 ' ,85 ,1 ,1, 1
186 ,218, 168, '137 148 141 132 125 124 142 138 114 147 137 138 139 120 144 131 155 148 162 150 ' ,'0 0 0 0 0 0 0 0 0 0 0 0 0 0 0 0 0 0 0 0 ' ,48 ,1 ,1, 0
195 ,177, 175, '123 151 134 155 121 139 147 126 156 128 112 167 152 148 145 141 122 149 132 137 ' ,'0 0 0 0 0 0 0 0 0 0 0 0 0 0 0 0 0 0 0 0 ' ,58 ,1 ,1, 1
202 ,189, 183, '154 159 141 128 135 133 130 156 135 135 144 151 141 115 131 134 153 176 161 136 ' ,'0 0 0 0 0 0 0 0 0 0 0 0 0 0 0 0 0 0 0 0 ' ,63 ,1 ,1, 1
273 ,194, 248, '140 141 155 102 249 120 133 142 164 189 120 119 127 144 170 150 130 146 140 161 ' ,'0 0 0 0 0 0 0 0 0 0 0 0 0 0 0 0 0 0 0 0 ' ,151 ,1 ,0, 0
195 ,266, 157, '151 126 117 94 132 107 115 136 143 121 136 126 141 123 116 171 132 142 136 108 ' ,'0 0 0 0 0 0 0 0 0 0 0 0 0 0 0 0 0 0 0 0 ' ,75 ,1 ,1, 1
178 ,185, 161, '113 145 138 91 121 124 134 134 154 128 115 129 140 145 129 117 117 125 128 119 ' ,'0 0 0 0 0 0 0 0 0 0 0 0 0 0 0 0 0 0 0 0 ' ,65 ,1 ,1, 1
177 ,171, 149, '104 123 94 135 127 107 115 116 114 119 132 126 127 138 120 119 124 120 147 117 ' ,'0 0 0 0 0 0 0 0 0 0 0 0 0 0 0 0 0 0 0 0 ' ,59 ,0 ,1, 1
173 ,169, 155, '116 131 99 107 102 110 130 120 146 103 109 117 132 123 114 117 135 139 135 129 ' ,'0 0 0 0 0 0 0 0 0 0 0 0 0 0 0 0 0 0 0 0 ' ,52 ,1 ,2, 2
197 ,170, 178, '96 112 113 103 135 110 129 125 136 167 109 136 135 139 170 143 126 144 99 161 ' ,'0 0 0 0 0 0 0 0 0 0 0 0 0 0 0 0 0 0 0 0 ' ,75 ,1 ,1, 1
171 ,190, 151, '133 124 89 123 123 129 118 139 107 102 125 127 118 126 116 127 108 111 119 118 ' ,'0 0 0 0 0 0 0 0 0 0 0 0 0 0 0 0 0 0 0 0 ' ,52 ,0 ,1, 1
169 ,163, 149, '112 129 89 103 101 103 118 132 108 121 97 99 110 144 107 111 122 119 108 112 ' ,'0 0 0 0 0 0 0 0 0 0 0 0 0 0 0 0 0 0 0 0 ' ,58 ,1 ,2, 2
173 ,161, 151, '136 125 150 127 107 120 128 125 119 107 116 123 139 104 111 119 124 120 135 119 ' ,'0 0 0 0 0 0 0 0 0 0 0 0 0 0 0 0 0 0 0 0 ' ,46 ,1 ,0, 0
177 ,166, 158, '119 142 121 122 149 123 111 149 156 135 143 130 128 134 127 133 141 142 157 117 ' ,'0 0 0 0 0 0 0 0 0 0 0 0 0 0 0 0 0 0 0 0 ' ,44 ,1 ,1, 1
200 ,169, 185, '124 138 124 117 174 130 143 137 153 169 126 128 168 119 171 121 155 142 136 176 ' ,'0 0 0 0 0 0 0 0 0 0 0 0 0 0 0 0 0 0 0 0 ' ,65 ,1 ,0, 0
204 ,193, 189, '156 142 150 144 130 165 133 162 157 130 153 136 180 138 160 166 158 158 122 136 ' ,'0 0 0 0 0 0 0 0 0 0 0 0 0 0 0 0 0 0 0 0 ' ,62 ,1 ,1, 1
191 ,196, 169, '127 159 148 132 115 141 155 153 104 151 133 163 146 148 130 153 151 154 163 125 ' ,'0 0 0 0 0 0 0 0 0 0 0 0 0 0 0 0 0 0 0 0 ' ,63 ,1 ,1, 1
213 ,180, 183, '152 117 171 130 132 133 143 188 140 161 141 141 154 145 115 133 147 141 127 136 ' ,'0 0 0 0 0 0 0 0 0 0 0 0 0 0 0 0 0 0 0 0 ' ,74 ,1 ,1, 1
188 ,207, 172, '136 151 133 129 128 143 129 163 118 141 148 148 130 122 137 148 140 129 126 144 ' ,'0 0 0 0 0 0 0 0 0 0 0 0 0 0 0 0 0 0 0 0 ' ,47 ,1 ,1, 1
199 ,181, 180, '129 139 139 157 164 110 120 119 147 173 142 157 128 136 118 141 119 140 137 130 ' ,'0 0 0 0 0 0 0 0 0 0 0 0 0 0 0 0 0 0 0 0 ' ,64 ,1 ,0, 0
201 ,192, 185, '146 108 142 128 138 112 112 147 136 145 177 145 121 142 132 146 116 144 133 139 ' ,'0 0 0 0 0 0 0 0 0 0 0 0 0 0 0 0 0 0 0 0 ' ,71 ,1 ,0, 0
186 ,192, 162, '111 120 120 110 127 148 124 109 136 134 146 135 154 146 130 150 130 130 136 120 ' ,'0 0 0 0 0 0 0 0 0 0 0 0 0 0 0 0 0 0 0 0 ' ,49 ,1 ,0, 0
172 ,172, 155, '101 118 132 124 119 96 108 115 137 136 138 138 145 123 117 105 114 141 108 115 ' ,'0 0 0 0 0 0 0 0 0 0 0 0 0 0 0 0 0 0 0 0 ' ,55 ,2 ,1, 1
175 ,164, 145, '137 127 100 132 127 121 125 130 134 124 113 116 137 127 126 114 133 139 132 90 ' ,'0 0 0 0 0 0 0 0 0 0 0 0 0 0 0 0 0 0 0 0 ' ,60 ,1 ,0, 0
174 ,168, 155, '99 105 106 90 137 100 127 112 119 129 105 125 144 119 124 94 133 89 132 141 ' ,'0 0 0 0 0 0 0 0 0 0 0 0 0 0 0 0 0 0 0 0 ' ,58 ,1 ,1, 1
184 ,162, 168, '125 118 118 115 121 140 122 137 124 134 158 138 111 108 128 135 123 108 130 129 ' ,'0 0 0 0 0 0 0 0 0 0 0 0 0 0 0 0 0 0 0 0 ' ,51 ,1 ,0, 0
173 ,174, 151, '117 116 106 120 98 100 126 122 145 116 111 99 106 118 120 108 94 126 124 115 ' ,'0 0 0 0 0 0 0 0 0 0 0 0 0 0 0 0 0 0 0 0 ' ,52 ,2 ,1, 1
172 ,165, 149, '116 112 122 120 112 100 117 121 123 122 112 129 125 126 114 129 135 116 144 125 ' ,'0 0 0 0 0 0 0 0 0 0 0 0 0 0 0 0 0 0 0 0 ' ,42 ,1 ,1, 1
167 ,166, 147, '120 115 118 109 116 120 100 119 138 113 131 126 120 95 95 125 120 117 117 133 ' ,'0 0 0 0 0 0 0 0 0 0 0 0 0 0 0 0 0 0 0 0 ' ,44 ,1 ,1, 1
229 ,154, 213, '130 136 138 120 117 149 114 207 139 141 98 132 124 118 125 120 137 145 106 143 ' ,'0 0 0 0 0 0 0 0 0 0 0 0 0 0 0 0 0 0 0 0 ' ,111 ,1 ,1, 1
195 ,223, 182, '140 122 99 140 135 168 145 141 159 128 171 140 173 120 125 149 109 156 115 139 ' ,'0 0 0 0 0 0 0 0 0 0 0 0 0 0 0 0 0 0 0 0 ' ,77 ,1 ,1, 1
178 ,188, 158, '143 136 144 130 113 97 118 155 148 126 136 117 127 137 135 127 149 114 141 129 ' ,'0 0 0 0 0 0 0 0 0 0 0 0 0 0 0 0 0 0 0 0 ' ,58 ,2 ,1, 1
182 ,169, 166, '137 147 136 160 149 143 106 132 112 145 123 132 138 132 128 119 140 118 154 120 ' ,'0 0 0 0 0 0 0 0 0 0 0 0 0 0 0 0 0 0 0 0 ' ,53 ,2 ,1, 1
187 ,175, 162, '128 145 124 157 152 135 142 123 149 117 133 152 127 143 147 113 152 159 137 129 ' ,'0 0 0 0 0 0 0 0 0 0 0 0 0 0 0 0 0 0 0 0 ' ,50 ,1 ,1, 1
241 ,175, 215, '159 129 162 135 189 129 125 162 136 177 148 147 154 139 207 134 126 139 123 180 ' ,'0 0 0 0 0 0 0 0 0 0 0 0 0 0 0 0 0 0 0 0 ' ,89 ,1 ,1, 1
237 ,229, 218, '211 145 136 129 118 210 99 160 137 112 188 147 159 133 139 187 146 143 146 139 ' ,'0 0 0 0 0 0 0 0 0 0 0 0 0 0 0 0 0 0 0 0 ' ,114 ,1 ,1, 1
190 ,228, 171, '142 118 137 167 123 114 135 141 136 151 154 162 151 127 120 114 127 150 141 126 ' ,'0 0 0 0 0 0 0 0 0 0 0 0 0 0 0 0 0 0 0 0 ' ,55 ,1 ,1, 1
202 ,182, 181, '135 145 147 147 122 146 106 174 132 126 120 157 166 161 140 134 141 147 141 155 ' ,'0 0 0 0 0 0 0 0 0 0 0 0 0 0 0 0 0 0 0 0 ' ,68 ,1 ,1, 1
185 ,194, 164, '127 160 148 151 125 124 122 141 133 130 139 147 134 129 136 155 146 145 148 142 ' ,'0 0 0 0 0 0 0 0 0 0 0 0 0 0 0 0 0 0 0 0 ' ,40 ,1 ,1, 1
206 ,178, 189, '149 125 132 146 165 143 125 135 116 176 115 143 143 134 153 146 153 159 118 183 ' ,'0 0 0 0 0 0 0 0 0 0 0 0 0 0 0 0 0 0 0 0 ' ,70 ,1 ,1, 1
205 ,200, 188, '169 110 126 137 136 162 116 137 135 122 169 132 141 123 112 182 111 126 127 111 ' ,'0 0 0 0 0 0 0 0 0 0 0 0 0 0 0 0 0 0 0 0 ' ,73 ,1 ,1, 1
177 ,197, 141, '123 118 103 89 115 117 99 122 133 93 108 128 115 127 110 128 114 131 118 101 ' ,'0 0 0 0 0 0 0 0 0 0 0 0 0 0 0 0 0 0 0 0 ' ,53 ,0 ,0, 0
160 ,169, 143, '129 109 128 135 128 109 118 127 134 135 89 123 120 106 131 117 120 114 117 107 ' ,'0 0 0 0 0 0 0 0 0 0 0 0 0 0 0 0 0 0 0 0 ' ,48 ,1 ,1, 0
170 ,156, 152, '109 110 124 135 144 114 89 146 140 135 131 112 134 111 121 111 108 122 142 125 ' ,'0 0 0 0 0 0 0 0 0 0 0 0 0 0 0 0 0 0 0 0 ' ,53 ,1 ,0, 0
170 ,161, 155, '118 119 131 111 144 107 100 135 133 126 93 136 101 149 99 119 107 125 120 110 ' ,'0 0 0 0 0 0 0 0 0 0 0 0 0 0 0 0 0 0 0 0 ' ,58 ,1 ,1, 1
