197 ,0, 107, '53 53 51 54 ' ,'0 0 0 0 ' ,13 ,1 ,14, 14
1322 ,133, 1118, '513 578 570 1098 ' ,'0 0 0 0 ' ,577 ,1 ,5, 5
614 ,1123, 594, '520 568 514 570 ' ,'0 0 0 0 ' ,63 ,1 ,5, 5
669 ,604, 652, '614 628 571 598 ' ,'0 0 0 0 ' ,60 ,2 ,7, 7
709 ,660, 692, '628 582 598 678 ' ,'0 0 0 0 ' ,94 ,1 ,4, 4
683 ,701, 666, '636 609 645 625 ' ,'0 0 0 0 ' ,34 ,1 ,6, 6
699 ,673, 683, '643 595 647 649 ' ,'0 0 0 0 ' ,67 ,1 ,6, 6
701 ,691, 686, '584 572 665 589 ' ,'0 0 0 0 ' ,88 ,1 ,6, 6
634 ,697, 620, '556 561 579 595 ' ,'0 0 0 0 ' ,45 ,2 ,6, 6
637 ,625, 618, '564 537 594 530 ' ,'0 0 0 0 ' ,72 ,1 ,6, 6
557 ,623, 541, '508 524 501 486 ' ,'0 0 0 0 ' ,41 ,2 ,5, 4
574 ,546, 559, '520 536 526 528 ' ,'0 0 0 0 ' ,25 ,3 ,5, 5
560 ,564, 545, '481 528 525 527 ' ,'0 0 0 0 ' ,47 ,1 ,4, 3
664 ,551, 649, '540 575 629 604 ' ,'0 0 0 0 ' ,94 ,2 ,6, 6
667 ,653, 652, '605 622 631 600 ' ,'0 0 0 0 ' ,33 ,3 ,6, 6
656 ,657, 642, '614 625 584 604 ' ,'0 0 0 0 ' ,44 ,2 ,6, 6
698 ,647, 683, '627 627 666 624 ' ,'0 0 0 0 ' ,43 ,2 ,6, 6
686 ,688, 660, '588 641 589 631 ' ,'0 0 0 0 ' ,56 ,0 ,6, 6
741 ,670, 726, '627 676 708 657 ' ,'0 0 0 0 ' ,81 ,0 ,7, 7
663 ,730, 645, '610 594 587 629 ' ,'0 0 0 0 ' ,47 ,0 ,4, 3
675 ,655, 659, '629 643 601 636 ' ,'0 0 0 0 ' ,45 ,0 ,7, 7
644 ,665, 630, '616 578 580 587 ' ,'0 0 0 0 ' ,37 ,1 ,7, 6
658 ,636, 644, '565 612 567 629 ' ,'0 0 0 0 ' ,66 ,1 ,5, 4
661 ,648, 645, '556 591 531 633 ' ,'0 0 0 0 ' ,99 ,0 ,6, 5
635 ,651, 618, '586 546 575 604 ' ,'0 0 0 0 ' ,56 ,1 ,5, 5
678 ,623, 661, '573 540 647 585 ' ,'0 0 0 0 ' ,107 ,0 ,6, 6
603 ,668, 589, '515 570 512 576 ' ,'0 0 0 0 ' ,63 ,1 ,6, 5
577 ,593, 561, '539 525 523 549 ' ,'0 0 0 0 ' ,27 ,1 ,5, 5
615 ,565, 599, '545 586 525 579 ' ,'0 0 0 0 ' ,62 ,1 ,4, 3
641 ,606, 626, '527 514 612 571 ' ,'0 0 0 0 ' ,99 ,1 ,6, 5
643 ,631, 627, '472 513 614 569 ' ,'0 0 0 0 ' ,142 ,1 ,6, 5
657 ,632, 642, '553 527 629 507 ' ,'0 0 0 0 ' ,122 ,0 ,5, 5
646 ,648, 631, '619 606 611 614 ' ,'0 0 0 0 ' ,14 ,1 ,4, 4
680 ,638, 666, '649 646 651 631 ' ,'0 0 0 0 ' ,21 ,1 ,6, 6
703 ,671, 688, '647 674 652 660 ' ,'0 0 0 0 ' ,29 ,0 ,5, 5
670 ,694, 655, '579 636 628 637 ' ,'0 0 0 0 ' ,65 ,1 ,6, 6
689 ,660, 671, '640 658 644 646 ' ,'0 0 0 0 ' ,18 ,0 ,6, 6
705 ,680, 688, '588 634 575 674 ' ,'0 0 0 0 ' ,100 ,0 ,6, 6
728 ,694, 713, '573 542 700 618 ' ,'0 0 0 0 ' ,158 ,1 ,5, 5
660 ,719, 646, '543 629 575 579 ' ,'0 0 0 0 ' ,90 ,1 ,7, 6
677 ,651, 660, '587 587 643 562 ' ,'0 0 0 0 ' ,81 ,0 ,8, 8
630 ,668, 615, '593 573 593 600 ' ,'0 0 0 0 ' ,27 ,1 ,7, 7
642 ,619, 624, '585 610 601 605 ' ,'0 0 0 0 ' ,26 ,0 ,6, 6
620 ,629, 604, '569 590 582 577 ' ,'0 0 0 0 ' ,22 ,1 ,5, 5
665 ,610, 650, '588 567 631 636 ' ,'0 0 0 0 ' ,69 ,1 ,6, 5
615 ,654, 600, '538 538 587 555 ' ,'0 0 0 0 ' ,50 ,1 ,5, 4
655 ,606, 639, '529 580 626 562 ' ,'0 0 0 0 ' ,97 ,1 ,5, 5
610 ,645, 593, '536 579 573 565 ' ,'0 0 0 0 ' ,44 ,0 ,5, 5
663 ,602, 647, '544 539 634 557 ' ,'0 0 0 0 ' ,95 ,1 ,6, 6
655 ,653, 635, '556 533 621 548 ' ,'0 0 0 0 ' ,89 ,1 ,5, 5
660 ,643, 644, '587 578 629 583 ' ,'0 0 0 0 ' ,51 ,1 ,7, 6
684 ,649, 669, '600 651 619 652 ' ,'0 0 0 0 ' ,55 ,1 ,6, 6
738 ,674, 723, '633 677 709 640 ' ,'0 0 0 0 ' ,78 ,1 ,6, 6
722 ,728, 705, '617 628 690 597 ' ,'0 0 0 0 ' ,95 ,0 ,6, 6
705 ,710, 690, '571 632 674 660 ' ,'0 0 0 0 ' ,105 ,1 ,7, 6
688 ,694, 673, '610 635 644 658 ' ,'0 0 0 0 ' ,48 ,1 ,7, 6
702 ,678, 687, '621 610 670 650 ' ,'0 0 0 0 ' ,61 ,1 ,7, 6
716 ,691, 700, '654 667 684 613 ' ,'0 0 0 0 ' ,74 ,1 ,8, 8
791 ,706, 777, '635 661 762 692 ' ,'0 0 0 0 ' ,129 ,1 ,5, 5
664 ,783, 650, '631 634 625 631 ' ,'0 0 0 0 ' ,11 ,1 ,6, 6
644 ,655, 629, '567 615 582 601 ' ,'0 0 0 0 ' ,50 ,1 ,6, 6
665 ,633, 651, '583 594 639 554 ' ,'0 0 0 0 ' ,88 ,1 ,3, 3
655 ,658, 641, '538 610 630 588 ' ,'0 0 0 0 ' ,93 ,1 ,3, 3
659 ,649, 643, '509 547 632 563 ' ,'0 0 0 0 ' ,125 ,1 ,3, 3
666 ,650, 650, '522 569 608 587 ' ,'0 0 0 0 ' ,115 ,1 ,5, 5
644 ,656, 629, '556 591 613 593 ' ,'0 0 0 0 ' ,59 ,0 ,6, 6
656 ,633, 639, '574 622 598 536 ' ,'0 0 0 0 ' ,91 ,1 ,5, 5
641 ,644, 626, '565 605 611 606 ' ,'0 0 0 0 ' ,48 ,1 ,5, 5
642 ,631, 627, '573 596 613 589 ' ,'0 0 0 0 ' ,41 ,0 ,5, 5
628 ,632, 613, '579 584 524 597 ' ,'0 0 0 0 ' ,75 ,0 ,5, 5
694 ,617, 676, '617 604 654 657 ' ,'0 0 0 0 ' ,54 ,1 ,7, 7
701 ,680, 687, '557 672 632 584 ' ,'0 0 0 0 ' ,118 ,1 ,4, 4
726 ,694, 711, '641 697 654 674 ' ,'0 0 0 0 ' ,58 ,1 ,4, 4
668 ,718, 650, '595 635 631 631 ' ,'0 0 0 0 ' ,42 ,0 ,3, 3
742 ,659, 726, '579 623 713 584 ' ,'0 0 0 0 ' ,136 ,1 ,3, 3
658 ,735, 643, '556 582 628 533 ' ,'0 0 0 0 ' ,100 ,1 ,5, 5
647 ,650, 631, '552 594 618 579 ' ,'0 0 0 0 ' ,66 ,0 ,3, 3
602 ,639, 587, '522 567 564 576 ' ,'0 0 0 0 ' ,53 ,1 ,3, 3
623 ,595, 607, '560 580 593 585 ' ,'0 0 0 0 ' ,36 ,1 ,3, 3
609 ,615, 595, '507 574 553 584 ' ,'0 0 0 0 ' ,74 ,1 ,4, 4
622 ,601, 607, '581 583 594 576 ' ,'0 0 0 0 ' ,21 ,1 ,3, 3
617 ,614, 602, '562 564 561 592 ' ,'0 0 0 0 ' ,29 ,1 ,3, 3
629 ,610, 615, '540 581 548 603 ' ,'0 0 0 0 ' ,63 ,0 ,4, 3
615 ,622, 600, '534 556 586 571 ' ,'0 0 0 0 ' ,52 ,1 ,5, 5
643 ,606, 628, '556 598 587 612 ' ,'0 0 0 0 ' ,57 ,1 ,6, 6
688 ,633, 670, '635 656 603 626 ' ,'0 0 0 0 ' ,54 ,1 ,5, 5
775 ,679, 761, '585 669 747 601 ' ,'0 0 0 0 ' ,163 ,1 ,4, 4
750 ,769, 735, '681 695 721 634 ' ,'0 0 0 0 ' ,89 ,0 ,4, 4
726 ,743, 712, '667 671 697 618 ' ,'0 0 0 0 ' ,80 ,0 ,5, 5
687 ,717, 663, '611 630 651 602 ' ,'0 0 0 0 ' ,49 ,0 ,3, 3
657 ,674, 641, '593 616 628 593 ' ,'0 0 0 0 ' ,38 ,1 ,3, 3
616 ,650, 601, '564 564 585 588 ' ,'0 0 0 0 ' ,24 ,0 ,4, 4
595 ,607, 581, '565 526 566 546 ' ,'0 0 0 0 ' ,42 ,1 ,3, 3
605 ,588, 590, '551 573 539 480 ' ,'0 0 0 0 ' ,97 ,1 ,5, 5
553 ,595, 537, '491 514 522 512 ' ,'0 0 0 0 ' ,31 ,0 ,4, 4
628 ,542, 615, '543 546 599 565 ' ,'0 0 0 0 ' ,58 ,0 ,4, 4
607 ,621, 590, '541 575 527 544 ' ,'0 0 0 0 ' ,49 ,1 ,3, 3
610 ,596, 595, '538 573 580 557 ' ,'0 0 0 0 ' ,44 ,1 ,3, 2
613 ,603, 595, '520 569 517 580 ' ,'0 0 0 0 ' ,62 ,0 ,5, 5
640 ,601, 625, '562 609 601 606 ' ,'0 0 0 0 ' ,47 ,0 ,5, 5
664 ,630, 649, '615 632 556 608 ' ,'0 0 0 0 ' ,77 ,0 ,6, 6
700 ,653, 685, '593 667 636 641 ' ,'0 0 0 0 ' ,78 ,1 ,6, 6
719 ,690, 699, '637 650 682 655 ' ,'0 0 0 0 ' ,46 ,1 ,6, 6
684 ,710, 669, '619 641 650 605 ' ,'0 0 0 0 ' ,50 ,0 ,6, 6
714 ,675, 699, '658 653 684 683 ' ,'0 0 0 0 ' ,32 ,1 ,4, 4
765 ,706, 750, '652 632 735 635 ' ,'0 0 0 0 ' ,103 ,1 ,3, 3
698 ,758, 684, '627 665 637 659 ' ,'0 0 0 0 ' ,39 ,0 ,7, 6
675 ,688, 659, '629 613 642 640 ' ,'0 0 0 0 ' ,31 ,0 ,4, 4
704 ,669, 688, '671 593 629 607 ' ,'0 0 0 0 ' ,81 ,1 ,3, 3
667 ,695, 654, '630 606 637 629 ' ,'0 0 0 0 ' ,31 ,1 ,6, 6
831 ,658, 814, '559 630 798 619 ' ,'0 0 0 0 ' ,243 ,0 ,4, 4
637 ,824, 622, '554 601 605 540 ' ,'0 0 0 0 ' ,68 ,0 ,5, 5
621 ,627, 607, '516 527 590 566 ' ,'0 0 0 0 ' ,75 ,0 ,3, 3
749 ,613, 731, '532 580 715 538 ' ,'0 0 0 0 ' ,182 ,1 ,4, 4
590 ,738, 577, '545 523 561 559 ' ,'0 0 0 0 ' ,40 ,1 ,4, 4
612 ,582, 595, '534 527 571 582 ' ,'0 0 0 0 ' ,55 ,1 ,3, 3
619 ,603, 605, '588 540 588 553 ' ,'0 0 0 0 ' ,52 ,1 ,2, 2
623 ,611, 609, '590 570 593 539 ' ,'0 0 0 0 ' ,58 ,1 ,3, 3
613 ,617, 596, '550 542 547 582 ' ,'0 0 0 0 ' ,36 ,0 ,5, 5
642 ,603, 627, '536 540 609 563 ' ,'0 0 0 0 ' ,74 ,1 ,5, 5
661 ,632, 645, '569 622 630 563 ' ,'0 0 0 0 ' ,69 ,0 ,4, 4
682 ,654, 667, '571 629 648 616 ' ,'0 0 0 0 ' ,78 ,1 ,5, 5
708 ,673, 692, '630 612 589 675 ' ,'0 0 0 0 ' ,86 ,1 ,6, 6
716 ,697, 697, '639 676 657 638 ' ,'0 0 0 0 ' ,42 ,1 ,7, 7
711 ,707, 697, '676 635 642 638 ' ,'0 0 0 0 ' ,42 ,1 ,7, 7
709 ,701, 695, '632 588 674 633 ' ,'0 0 0 0 ' ,86 ,1 ,7, 7
694 ,699, 679, '652 629 661 639 ' ,'0 0 0 0 ' ,32 ,1 ,5, 5
655 ,685, 639, '619 559 586 578 ' ,'0 0 0 0 ' ,63 ,1 ,6, 6
619 ,644, 605, '558 561 587 535 ' ,'0 0 0 0 ' ,57 ,1 ,5, 5
611 ,612, 596, '547 570 568 583 ' ,'0 0 0 0 ' ,33 ,1 ,4, 4
681 ,602, 665, '589 536 649 561 ' ,'0 0 0 0 ' ,114 ,0 ,4, 4
608 ,674, 592, '501 523 572 552 ' ,'0 0 0 0 ' ,74 ,1 ,5, 5
619 ,597, 605, '561 582 585 533 ' ,'0 0 0 0 ' ,58 ,1 ,5, 5
625 ,610, 610, '545 593 572 587 ' ,'0 0 0 0 ' ,54 ,1 ,3, 3
681 ,618, 664, '535 606 648 566 ' ,'0 0 0 0 ' ,115 ,1 ,5, 5
734 ,671, 720, '613 591 702 573 ' ,'0 0 0 0 ' ,131 ,1 ,5, 5
708 ,727, 691, '608 603 672 664 ' ,'0 0 0 0 ' ,69 ,1 ,7, 7
761 ,698, 747, '662 716 619 733 ' ,'0 0 0 0 ' ,111 ,0 ,6, 6
716 ,752, 701, '669 683 662 637 ' ,'0 0 0 0 ' ,52 ,1 ,4, 4
704 ,708, 690, '640 660 674 636 ' ,'0 0 0 0 ' ,41 ,1 ,4, 4
723 ,697, 708, '688 652 674 670 ' ,'0 0 0 0 ' ,40 ,1 ,5, 5
675 ,714, 661, '602 641 624 626 ' ,'0 0 0 0 ' ,43 ,1 ,5, 5
662 ,668, 644, '613 597 623 560 ' ,'0 0 0 0 ' ,68 ,1 ,6, 5
664 ,650, 649, '625 592 628 562 ' ,'0 0 0 0 ' ,70 ,1 ,5, 5
680 ,654, 664, '522 585 648 555 ' ,'0 0 0 0 ' ,129 ,1 ,3, 3
679 ,675, 665, '519 582 649 571 ' ,'0 0 0 0 ' ,132 ,1 ,3, 3
655 ,673, 639, '613 622 583 589 ' ,'0 0 0 0 ' ,43 ,1 ,3, 3
753 ,647, 738, '560 600 691 592 ' ,'0 0 0 0 ' ,166 ,1 ,3, 3
674 ,749, 660, '490 588 644 627 ' ,'0 0 0 0 ' ,156 ,0 ,3, 3
674 ,667, 659, '605 614 643 603 ' ,'0 0 0 0 ' ,45 ,1 ,3, 3
703 ,668, 688, '562 639 671 595 ' ,'0 0 0 0 ' ,110 ,1 ,4, 4
710 ,696, 696, '600 648 612 680 ' ,'0 0 0 0 ' ,79 ,1 ,6, 6
729 ,702, 715, '671 695 617 637 ' ,'0 0 0 0 ' ,82 ,1 ,4, 4
759 ,723, 746, '660 724 657 646 ' ,'0 0 0 0 ' ,87 ,1 ,7, 7
697 ,752, 684, '604 664 642 665 ' ,'0 0 0 0 ' ,65 ,1 ,4, 4
672 ,691, 649, '621 612 631 590 ' ,'0 0 0 0 ' ,48 ,1 ,3, 3
650 ,660, 636, '526 571 614 562 ' ,'0 0 0 0 ' ,90 ,1 ,6, 5
639 ,641, 625, '561 603 570 538 ' ,'0 0 0 0 ' ,71 ,1 ,5, 5
633 ,629, 618, '599 562 589 561 ' ,'0 0 0 0 ' ,46 ,1 ,2, 2
647 ,625, 633, '544 616 562 617 ' ,'0 0 0 0 ' ,76 ,1 ,3, 3
634 ,640, 619, '542 570 548 605 ' ,'0 0 0 0 ' ,63 ,1 ,5, 5
639 ,625, 621, '557 602 572 601 ' ,'0 0 0 0 ' ,48 ,1 ,3, 3
812 ,631, 799, '781 608 699 654 ' ,'147567 0 0 0 ' ,174 ,1 ,4, 4
722 ,806, 708, '687 663 614 623 ' ,'0 0 0 0 ' ,76 ,0 ,6, 6
698 ,712, 684, '646 666 633 670 ' ,'0 0 0 0 ' ,35 ,1 ,4, 4
755 ,692, 741, '655 686 721 691 ' ,'0 0 0 0 ' ,68 ,1 ,4, 4
744 ,749, 729, '702 685 645 681 ' ,'0 0 0 0 ' ,66 ,5 ,6, 6
746 ,735, 731, '711 667 649 654 ' ,'0 0 0 0 ' ,60 ,0 ,6, 6
732 ,735, 718, '657 697 662 612 ' ,'0 0 0 0 ' ,91 ,1 ,6, 6
705 ,722, 687, '664 623 637 585 ' ,'0 0 0 0 ' ,83 ,1 ,6, 6
707 ,691, 691, '635 604 593 558 ' ,'0 0 0 0 ' ,123 ,0 ,3, 3
613 ,701, 599, '574 579 548 559 ' ,'0 0 0 0 ' ,34 ,1 ,5, 5
636 ,604, 622, '605 590 556 565 ' ,'0 0 0 0 ' ,48 ,1 ,3, 3
704 ,630, 689, '638 608 670 548 ' ,'0 0 0 0 ' ,127 ,1 ,5, 5
652 ,694, 638, '623 615 590 594 ' ,'0 0 0 0 ' ,33 ,0 ,3, 3
917 ,645, 902, '648 601 733 614 ' ,'0 0 0 0 ' ,282 ,1 ,6, 6
670 ,907, 655, '638 606 627 614 ' ,'0 0 0 0 ' ,27 ,1 ,5, 5
723 ,661, 710, '641 626 622 625 ' ,'0 153 0 0 ' ,72 ,0 ,4, 4
706 ,716, 692, '670 670 654 649 ' ,'0 0 0 0 ' ,29 ,1 ,4, 3
700 ,702, 687, '605 626 667 664 ' ,'0 0 0 0 ' ,62 ,0 ,6, 6
754 ,692, 739, '719 697 707 644 ' ,'0 0 0 0 ' ,82 ,1 ,4, 4
795 ,748, 776, '649 698 756 669 ' ,'0 0 0 0 ' ,109 ,1 ,5, 4
768 ,786, 754, '670 691 733 678 ' ,'0 0 0 0 ' ,64 ,1 ,5, 5
909 ,763, 893, '583 662 876 634 ' ,'0 0 0 0 ' ,294 ,0 ,3, 3
790 ,902, 766, '573 633 749 579 ' ,'0 0 0 0 ' ,176 ,1 ,3, 3
643 ,774, 628, '543 551 610 576 ' ,'0 0 0 0 ' ,70 ,1 ,3, 3
635 ,636, 621, '600 551 530 555 ' ,'0 0 0 0 ' ,74 ,1 ,5, 5
626 ,625, 612, '563 590 570 564 ' ,'0 0 0 0 ' ,32 ,1 ,5, 5
650 ,617, 635, '613 521 537 566 ' ,'0 0 0 0 ' ,90 ,0 ,5, 5
652 ,639, 636, '614 552 537 618 ' ,'0 0 0 0 ' ,85 ,1 ,3, 3
674 ,645, 660, '543 539 644 576 ' ,'0 0 0 0 ' ,106 ,0 ,3, 3
621 ,668, 607, '563 570 588 591 ' ,'0 0 0 0 ' ,27 ,1 ,3, 3
749 ,613, 735, '639 630 718 647 ' ,'0 0 0 0 ' ,87 ,1 ,3, 3
687 ,742, 673, '647 631 651 623 ' ,'0 0 0 0 ' ,34 ,0 ,5, 5
762 ,678, 740, '707 719 637 623 ' ,'0 0 0 0 ' ,102 ,1 ,3, 3
732 ,751, 718, '613 697 657 685 ' ,'0 0 0 0 ' ,88 ,1 ,4, 4
729 ,726, 715, '617 653 635 696 ' ,'0 0 0 0 ' ,78 ,1 ,6, 6
661 ,721, 647, '598 610 628 608 ' ,'0 0 0 0 ' ,25 ,1 ,3, 3
735 ,655, 718, '612 638 700 605 ' ,'0 0 0 0 ' ,101 ,1 ,3, 3
622 ,728, 608, '578 582 584 595 ' ,'0 0 0 0 ' ,8 ,0 ,6, 6
631 ,613, 617, '550 591 549 600 ' ,'0 0 0 0 ' ,49 ,1 ,6, 6
622 ,621, 609, '549 558 527 593 ' ,'0 0 0 0 ' ,64 ,1 ,4, 4
592 ,614, 576, '528 555 549 549 ' ,'0 0 0 0 ' ,29 ,1 ,5, 5
580 ,583, 567, '519 545 534 548 ' ,'0 0 0 0 ' ,29 ,1 ,5, 5
623 ,571, 608, '542 556 579 591 ' ,'0 0 0 0 ' ,45 ,1 ,7, 7
681 ,613, 665, '642 627 584 609 ' ,'0 0 0 0 ' ,63 ,1 ,6, 6
791 ,670, 776, '625 611 759 627 ' ,'0 0 0 0 ' ,149 ,1 ,3, 3
701 ,786, 683, '661 638 590 642 ' ,'0 0 0 0 ' ,74 ,1 ,6, 6
742 ,688, 720, '672 657 681 705 ' ,'0 0 0 0 ' ,43 ,0 ,6, 6
735 ,733, 721, '682 696 696 682 ' ,'0 0 0 0 ' ,22 ,0 ,6, 6
708 ,726, 694, '658 637 668 636 ' ,'0 0 0 0 ' ,39 ,1 ,8, 8
725 ,698, 711, '637 646 693 675 ' ,'0 0 0 0 ' ,53 ,0 ,3, 3
678 ,719, 663, '583 633 608 649 ' ,'0 0 0 0 ' ,62 ,0 ,5, 5
660 ,669, 646, '580 602 626 590 ' ,'0 0 0 0 ' ,46 ,1 ,6, 6
659 ,651, 638, '538 617 614 605 ' ,'0 0 0 0 ' ,82 ,1 ,6, 6
644 ,647, 629, '502 546 609 558 ' ,'0 0 0 0 ' ,109 ,0 ,3, 3
665 ,636, 650, '510 553 630 555 ' ,'0 0 0 0 ' ,121 ,1 ,5, 5
647 ,656, 630, '608 525 573 518 ' ,'0 0 0 0 ' ,98 ,1 ,5, 5
660 ,636, 645, '541 610 626 554 ' ,'0 0 0 0 ' ,87 ,1 ,4, 4
720 ,652, 704, '635 628 634 686 ' ,'0 0 0 0 ' ,57 ,1 ,5, 5
714 ,710, 700, '639 679 659 640 ' ,'0 0 0 0 ' ,47 ,1 ,3, 3
717 ,707, 703, '641 683 639 676 ' ,'0 0 0 0 ' ,48 ,0 ,3, 3
757 ,710, 743, '664 722 705 666 ' ,'0 0 0 0 ' ,63 ,1 ,3, 3
755 ,752, 741, '640 722 648 676 ' ,'0 0 0 0 ' ,83 ,1 ,4, 4
748 ,751, 735, '645 709 683 687 ' ,'0 0 0 0 ' ,68 ,1 ,7, 7
762 ,740, 747, '678 723 644 680 ' ,'0 0 0 0 ' ,82 ,1 ,6, 6
708 ,752, 695, '663 673 662 676 ' ,'0 0 0 0 ' ,13 ,1 ,6, 6
689 ,700, 674, '631 608 630 656 ' ,'0 0 0 0 ' ,45 ,1 ,7, 7
713 ,680, 693, '574 614 674 568 ' ,'0 0 0 0 ' ,112 ,1 ,4, 4
667 ,701, 651, '557 618 627 573 ' ,'0 0 0 0 ' ,75 ,1 ,5, 5
641 ,656, 627, '555 593 603 557 ' ,'0 0 0 0 ' ,53 ,1 ,6, 6
637 ,631, 621, '560 604 555 571 ' ,'0 0 0 0 ' ,50 ,1 ,3, 3
718 ,631, 703, '543 600 684 564 ' ,'0 0 0 0 ' ,142 ,1 ,4, 4
672 ,709, 658, '569 637 574 561 ' ,'0 0 0 0 ' ,81 ,0 ,3, 3
699 ,666, 684, '588 604 662 591 ' ,'0 0 0 0 ' ,81 ,1 ,3, 3
682 ,692, 667, '605 601 628 649 ' ,'0 0 0 0 ' ,46 ,1 ,6, 6
738 ,673, 721, '590 649 703 646 ' ,'0 0 0 0 ' ,113 ,0 ,3, 3
753 ,729, 736, '638 681 715 672 ' ,'0 0 0 0 ' ,79 ,1 ,4, 4
776 ,743, 762, '627 737 666 697 ' ,'0 0 0 0 ' ,113 ,1 ,7, 7
726 ,767, 706, '622 662 685 621 ' ,'0 0 0 0 ' ,71 ,0 ,4, 4
696 ,717, 681, '659 630 621 642 ' ,'0 0 0 0 ' ,43 ,1 ,5, 5
638 ,688, 624, '565 550 604 590 ' ,'0 0 0 0 ' ,55 ,1 ,4, 4
624 ,632, 610, '590 583 558 571 ' ,'0 0 0 0 ' ,35 ,1 ,3, 3
666 ,616, 651, '518 584 628 605 ' ,'0 0 0 0 ' ,114 ,1 ,4, 4
633 ,657, 620, '569 586 584 603 ' ,'0 0 0 0 ' ,31 ,1 ,5, 5
723 ,627, 709, '598 567 691 556 ' ,'0 0 0 0 ' ,138 ,1 ,2, 2
622 ,717, 603, '564 572 582 580 ' ,'0 0 0 0 ' ,19 ,0 ,4, 4
610 ,609, 596, '534 550 575 556 ' ,'0 0 0 0 ' ,44 ,1 ,3, 3
649 ,603, 635, '495 489 617 517 ' ,'0 0 0 0 ' ,128 ,1 ,3, 3
622 ,643, 606, '586 568 534 539 ' ,'0 0 0 0 ' ,52 ,1 ,4, 4
742 ,613, 725, '520 539 706 502 ' ,'0 0 0 0 ' ,209 ,1 ,3, 3
737 ,734, 723, '509 507 702 532 ' ,'0 0 0 0 ' ,196 ,1 ,4, 4
618 ,730, 602, '579 541 558 544 ' ,'0 0 0 0 ' ,38 ,0 ,5, 5
660 ,607, 646, '580 603 623 527 ' ,'0 0 0 0 ' ,100 ,1 ,6, 6
766 ,651, 752, '560 604 732 658 ' ,'0 0 0 0 ' ,172 ,1 ,3, 3
679 ,761, 665, '618 599 637 617 ' ,'0 0 0 0 ' ,39 ,1 ,8, 8
741 ,669, 727, '654 703 656 645 ' ,'0 0 0 0 ' ,63 ,1 ,6, 6
721 ,733, 703, '672 659 682 680 ' ,'0 0 0 0 ' ,25 ,1 ,6, 6
725 ,709, 669, '600 643 630 629 ' ,'0 0 0 0 ' ,45 ,1 ,6, 6
698 ,674, 681, '558 618 658 600 ' ,'0 0 0 0 ' ,98 ,1 ,6, 6
700 ,690, 684, '583 545 661 569 ' ,'0 0 0 0 ' ,119 ,1 ,6, 5
630 ,691, 617, '543 581 544 596 ' ,'0 0 0 0 ' ,53 ,2 ,6, 6
648 ,622, 634, '585 549 609 614 ' ,'0 0 0 0 ' ,53 ,1 ,3, 3
667 ,642, 653, '533 571 631 555 ' ,'0 0 0 0 ' ,100 ,1 ,5, 5
626 ,658, 612, '524 495 590 542 ' ,'0 0 0 0 ' ,96 ,1 ,5, 5
659 ,618, 644, '521 510 622 551 ' ,'0 0 0 0 ' ,110 ,1 ,5, 5
639 ,649, 624, '594 598 546 575 ' ,'0 0 0 0 ' ,54 ,1 ,6, 6
698 ,630, 683, '609 631 627 662 ' ,'0 0 0 0 ' ,50 ,1 ,7, 7
732 ,689, 718, '622 622 693 649 ' ,'0 0 0 0 ' ,73 ,1 ,6, 6
813 ,723, 798, '632 627 776 682 ' ,'0 0 0 0 ' ,148 ,1 ,6, 6
721 ,804, 707, '643 679 682 669 ' ,'0 0 0 0 ' ,45 ,1 ,4, 4
749 ,715, 734, '703 668 703 656 ' ,'0 0 0 0 ' ,58 ,1 ,7, 7
681 ,740, 666, '631 639 595 612 ' ,'0 0 0 0 ' ,52 ,1 ,6, 6
706 ,671, 689, '539 661 619 676 ' ,'0 0 0 0 ' ,131 ,1 ,4, 4
666 ,699, 651, '599 588 628 618 ' ,'0 0 0 0 ' ,43 ,1 ,6, 6
1025 ,656, 1010, '526 602 630 587 ' ,'0 0 0 0 ' ,462 ,1 ,5, 5
640 ,1016, 624, '531 590 602 535 ' ,'0 0 0 0 ' ,74 ,1 ,5, 5
621 ,631, 594, '517 572 569 561 ' ,'0 0 0 0 ' ,56 ,1 ,3, 3
602 ,613, 587, '559 536 522 534 ' ,'0 0 0 0 ' ,42 ,1 ,7, 7
615 ,592, 599, '509 517 577 539 ' ,'0 0 0 0 ' ,67 ,2 ,5, 5
591 ,605, 574, '538 534 551 531 ' ,'0 0 0 0 ' ,25 ,1 ,5, 5
612 ,581, 598, '520 565 570 577 ' ,'0 0 0 0 ' ,56 ,1 ,5, 5
665 ,603, 648, '541 611 609 628 ' ,'0 0 0 0 ' ,86 ,1 ,6, 6
702 ,654, 687, '623 658 634 618 ' ,'0 0 0 0 ' ,48 ,1 ,6, 6
690 ,693, 674, '637 647 602 632 ' ,'0 0 0 0 ' ,46 ,2 ,6, 6
700 ,680, 685, '648 659 608 640 ' ,'0 0 0 0 ' ,53 ,0 ,6, 6
744 ,691, 726, '676 661 695 709 ' ,'0 0 0 0 ' ,44 ,1 ,4, 4
757 ,734, 743, '593 714 714 672 ' ,'0 0 0 0 ' ,130 ,0 ,6, 6
826 ,749, 811, '724 679 788 700 ' ,'0 0 0 0 ' ,108 ,1 ,6, 6
805 ,817, 787, '660 690 764 687 ' ,'0 0 0 0 ' ,102 ,1 ,7, 6
812 ,792, 797, '639 646 776 691 ' ,'0 0 0 0 ' ,133 ,1 ,7, 7
707 ,803, 692, '664 629 659 651 ' ,'0 0 0 0 ' ,39 ,1 ,7, 7
689 ,698, 675, '563 648 588 631 ' ,'0 0 0 0 ' ,90 ,2 ,6, 6
657 ,680, 644, '617 578 590 568 ' ,'0 0 0 0 ' ,60 ,2 ,6, 6
627 ,649, 613, '507 524 589 560 ' ,'0 0 0 0 ' ,81 ,2 ,5, 5
601 ,619, 586, '503 561 535 528 ' ,'0 0 0 0 ' ,62 ,0 ,5, 5
680 ,592, 665, '573 584 643 561 ' ,'0 0 0 0 ' ,88 ,1 ,5, 5
640 ,671, 626, '561 508 601 547 ' ,'0 0 0 0 ' ,90 ,1 ,5, 5
