27
19
17
17
17
16
18
16
19
18
15
19
17
18
18
15
18
16
68
18
16
17
18
15
19
14
17
17
14
17
18
19
18
17
17
15
17
17
17
42
19
22
20
23
22
18
15
17
16
18
19
15
16
18
17
17
13
16
16
16
18
16
15
19
16
19
17
15
45
16
19
19
17
21
18
16
18
17
20
18
16
17
18
17
16
16
19
16
15
24
17
16
18
16
18
20
15
17
17
17
20
16
16
17
14
17
17
20
18
17
18
17
18
17
15
16
17
15
39
18
14
14
17
17
20
17
18
16
20
15
18
19
19
16
18
21
20
16
17
20
14
18
17
16
16
16
17
16
15
19
18
15
18
16
19
18
13
17
18
20
17
25
16
16
14
19
16
18
25
19
18
19
15
18
18
18
17
15
17
16
16
16
15
18
18
14
17
16
16
17
30
20
18
17
18
17
13
15
16
17
18
14
16
18
17
20
15
18
18
16
17
17
17
18
16
16
17
15
38
17
15
17
15
18
17
18
16
16
17
18
15
18
17
15
17
16
18
15
15
15
16
16
19
22
20
18
14
18
16
16
18
15
17
17
13
25
17
18
13
15
14
16
16
18
14
17
18
15
31
17
20
17
84
18
16
15
15
16
17
16
17
17
15
16
17
17
17
16
19
19
16
24
18
15
20
17
16
15
19
41
19
16
17
18
16
18
17
19
17
14
16
15
15
16
17
14
14
15
74
16
15
16
16
16
16
16
14
18
13
40
23
17
18
15
17
17
14
17
18
16
21
15
18
17
16
19
18
22
18
16
19
16
15
18
15
16
16
15
17
17
21
20
15
16
16
17
19
17
52
18
16
19
15
15
21
12
22
16
18
18
15
18
17
20
17
17
18
16
14
156
15
16
17
17
19
14
17
19
19
20
16
16
16
16
16
16
14
14
16
15
17
15
17
17
15
17
16
31
14
16
17
15
17
17
19
17
14
16
17
17
14
18
17
22
18
16
17
17
17
17
16
19
19
15
20
17
15
19
16
18
18
18
17
18
14
19
17
19
18
15
18
16
15
16
16
14
17
26
17
16
15
19
16
17
18
15
17
17
14
20
16
17
18
17
17
16
19
17
16
18
18
15
18
17
15
14
16
17
16
