31
21
23
20
27
21
22
245
23
424
21
225
22
20
22
21
22
22
21
21
19
23
20
23
20
25
20
21
20
19
22
20
20
218
21
242
20
21
20
20
21
22
20
21
18
20
20
22
21
21
21
20
23
19
23
18
20
18
20
21
21
21
19
19
22
23
21
20
21
20
19
21
23
21
20
20
221
25
20
22
20
19
23
20
27
21
20
21
20
21
22
20
21
18
21
20
22
19
20
22
237
22
21
20
21
20
19
21
24
22
24
26
25
23
26
23
23
28
24
21
21
20
31
20
22
22
22
20
19
21
20
22
19
23
22
19
20
19
20
20
22
20
19
26
19
22
21
21
21
22
22
20
19
20
22
23
44
21
21
22
20
19
19
21
21
23
25
22
22
21
21
20
37
53
26
20
20
23
20
22
31
19
22
19
22
20
21
21
21
21
20
20
21
18
21
21
23
18
21
24
21
23
20
22
19
19
19
21
20
21
21
18
21
19
23
35
21
20
22
21
19
20
18
21
34
19
20
21
22
21
26
19
20
20
32
21
25
23
21
24
22
21
21
18
19
19
31
33
23
21
21
18
21
19
22
38
18
23
21
22
20
20
19
218
21
20
22
22
20
21
22
23
30
22
20
169
25
21
19
21
21
22
21
22
21
20
22
19
21
19
19
20
20
21
21
21
20
24
20
22
21
24
22
20
21
21
20
21
20
20
20
21
20
20
21
21
21
234
23
21
20
21
20
223
21
27
21
20
21
26
21
21
23
20
22
22
22
21
19
21
21
23
20
21
20
221
21
20
20
21
21
20
20
20
224
20
22
21
22
20
19
19
21
20
19
21
22
21
24
155
20
20
21
21
19
21
18
19
21
19
20
24
22
20
27
20
21
21
21
20
21
22
20
20
20
20
22
19
21
22
18
20
21
21
20
21
19
21
23
23
20
22
21
19
19
222
20
276
24
24
21
21
29
220
21
25
20
20
22
21
20
20
21
20
20
22
22
20
20
18
21
21
21
21
22
219
20
20
19
21
20
26
22
22
21
23
22
43
26
19
21
21
20
22
