258
41
40
43
238
233
40
39
40
333
41
232
40
40
236
39
38
437
37
37
38
36
36
36
42
456
37
232
164
37
252
231
40
50
237
236
38
36
239
173
40
37
229
237
37
36
441
238
36
34
231
37
52
36
232
58
236
38
41
37
36
451
385
37
238
39
229
162
38
248
37
243
38
39
36
246
38
38
242
38
225
159
40
232
163
247
35
40
228
40
41
232
37
37
38
228
40
39
229
38
38
36
37
39
38
39
235
39
233
41
234
37
41
248
224
155
36
36
35
39
37
36
241
184
42
226
37
38
243
38
232
41
36
38
36
39
38
236
38
37
236
41
240
38
38
38
38
51
39
45
36
37
44
236
241
233
238
39
40
40
38
38
239
38
38
35
227
42
57
38
38
38
38
36
41
38
38
37
37
38
235
234
235
38
41
233
41
38
37
39
38
232
162
36
229
38
245
45
237
39
37
41
245
40
38
40
43
38
38
37
38
37
233
245
39
39
37
39
35
37
36
431
559
38
40
38
37
37
36
37
231
39
241
39
37
247
232
39
39
39
234
44
41
40
36
237
37
38
37
38
37
37
37
39
36
37
46
40
50
237
40
38
38
36
41
38
236
169
39
37
37
36
37
37
225
154
233
36
222
154
39
37
39
36
37
233
36
247
234
36
35
37
34
34
34
36
38
35
37
225
40
36
226
49
37
36
34
35
34
33
35
217
148
38
35
36
35
36
36
229
42
226
38
38
35
36
253
38
37
36
39
