30
21
24
25
20
18
20
20
24
18
20
22
24
22
18
21
22
20
23
22
22
22
19
24
23
22
22
18
20
21
20
27
19
23
20
26
21
235
19
21
21
21
20
18
22
21
19
22
22
20
21
18
20
18
20
22
20
22
22
23
25
18
22
22
24
21
18
24
22
21
21
18
20
21
18
21
19
18
20
30
23
19
18
20
21
234
21
20
20
20
21
19
21
19
21
43
24
112
22
17
22
22
22
22
19
22
20
18
23
21
19
23
18
219
22
20
21
21
17
20
20
18
21
22
34
21
16
19
18
34
19
18
20
19
19
19
21
20
21
23
21
20
20
21
19
21
17
24
19
18
21
20
19
21
20
21
22
18
19
18
19
21
18
20
22
22
22
18
23
21
18
19
19
19
32
16
23
17
241
21
19
19
21
25
22
20
18
20
18
27
21
25
22
21
25
20
22
22
19
23
21
18
25
19
19
21
20
21
19
19
21
19
23
20
19
21
21
19
20
19
22
21
32
23
21
26
19
19
33
22
17
20
19
19
19
17
21
17
21
19
21
23
18
18
20
20
19
20
21
27
20
23
220
32
23
19
19
21
18
19
22
18
21
17
18
21
23
22
22
18
31
17
23
22
19
22
25
19
25
18
27
19
17
19
17
21
20
18
21
21
44
20
19
22
19
16
20
21
23
19
17
20
20
23
21
19
21
20
19
23
17
37
18
18
19
18
18
19
19
420
23
21
18
20
19
21
20
18
21
17
21
112
24
16
24
17
19
22
93
32
22
20
20
19
17
261
21
17
20
20
17
22
19
22
30
19
20
22
21
22
18
21
18
18
32
17
23
19
16
21
19
20
19
221
17
66
22
24
20
18
22
230
17
20
20
20
19
18
22
20
19
21
18
17
19
19
19
18
18
20
18
22
20
18
22
24
22
20
20
22
26
20
20
17
19
27
16
19
18
19
20
36
22
20
16
21
18
19
21
16
20
19
19
21
24
146
25
21
18
20
19
18
19
18
22
21
18
20
19
20
20
18
21
19
18
230
19
40
23
18
18
18
20
19
22
20
25
19
19
19
18
19
19
17
21
