28
13
16
14
13
13
11
18
127
12
11
12
16
12
12
12
12
15
18
12
12
12
12
12
13
13
13
15
14
12
12
12
12
12
12
12
12
13
14
15
13
12
12
12
12
10
14
11
13
15
12
11
13
12
12
12
13
14
232
16
12
13
12
11
12
15
14
12
12
14
12
12
13
13
13
15
11
13
11
12
16
12
12
15
13
12
12
12
14
12
12
16
12
12
12
14
12
13
12
12
12
12
13
12
11
13
26
120
12
12
12
12
15
13
11
13
12
11
13
13
14
12
12
11
13
12
14
13
15
16
12
17
12
14
15
11
13
12
11
12
13
12
12
13
13
11
13
14
12
12
13
12
10
41
12
31
54
11
12
15
14
14
12
12
12
14
12
13
12
16
12
12
11
12
11
13
12
12
12
12
12
13
12
12
12
12
12
12
14
11
12
12
12
11
13
12
12
12
11
12
11
11
12
12
12
24
12
13
12
13
15
13
13
14
12
11
13
13
13
11
12
11
13
12
14
11
12
11
13
12
11
12
12
12
11
11
12
12
10
12
11
12
12
11
16
11
13
11
12
11
11
11
13
11
36
195
10
12
12
10
11
12
11
12
12
13
12
20
11
12
20
14
12
12
12
13
11
13
10
12
13
13
12
11
11
11
13
12
9
10
11
12
12
12
12
13
11
11
10
15
10
11
14
11
12
12
242
12
14
12
12
11
15
11
11
15
12
11
11
12
12
12
12
11
14
12
11
11
12
12
12
12
12
13
15
13
13
12
10
14
12
12
11
12
11
12
11
14
14
11
12
10
11
11
15
11
11
12
12
11
11
11
13
11
11
13
9
12
12
12
13
11
10
12
10
11
14
17
11
11
11
12
12
12
13
12
12
12
11
11
13
11
11
12
11
12
12
9
13
12
12
11
15
11
172
14
11
12
10
13
11
14
11
12
11
12
12
14
12
14
11
12
13
12
13
10
12
11
10
12
10
13
10
11
11
11
11
15
11
10
11
12
11
12
11
11
12
11
12
12
13
11
9
25
12
35
13
11
11
14
14
10
13
17
13
10
12
12
11
10
12
12
11
11
10
12
10
12
14
11
10
12
11
12
12
13
11
12
10
12
10
11
