135
43
3989
38
39
43
33
45
41
33
47
73
37
41
32
3643
32
32
36
33
27
34
32
35
34
36
34
35
33
28
31
32
29
23
28
31
30
29
28
48
26
34
31
26
31
28
30
3822
29
25
26
25
52
31
27
35
26
3068
26
37
31
30
25
28
27
25
27
23
30
28
24
27
52
29
25
25
27
28
26
28
26
25
28
22
26
28
28
28
24
29
28
24
34
26
27
33
21
26
23
23
23
22
23
24
21
27
22
20
22
22
20
23
21
25
22
20
24
20
26
22
22
23
42
19
19
20
24
21
22
21
21
18
166
27
21
19
22
21
21
25
20
20
22
21
23
21
22
22
19
24
21
19
22
20
18
25
24
21
22
20
24
21
22
20
20
23
20
20
24
22
20
46
21
22
23
19
23
21
17
23
25
23
21
20
22
22
23
24
19
22
20
20
27
20
20
24
19
21
20
18
22
19
21
21
19
22
21
21
22
23
40
18
17
19
17
19
21
20
23
20
20
32
18
23
19
19
23
19
16
20
22
22
20
161
63
17
23
23
19
25
20
18
20
20
22
20
19
23
19
18
21
18
20
21
19
20
15
22
19
20
22
18
20
19
19
23
20
20
20
20
19
41
18
18
21
19
20
33
47
21
17
21
19
16
20
19
22
23
24
21
20
19
20
19
19
19
18
20
19
18
21
19
21
27
20
21
21
19
21
18
21
41
18
21
18
17
20
20
25
20
17
32
18
19
19
19
21
19
19
19
18
16
20
17
27
24
24
20
19
17
19
18
19
19
18
21
17
20
19
18
20
20
18
22
18
17
