30
18
18
16
17
16
15
23
18
18
18
20
19
17
20
19
17
19
17
16
19
19
19
18
18
17
23
18
16
18
18
16
17
20
147
19
17
16
18
16
15
15
16
18
17
17
17
17
15
22
17
18
18
18
17
17
20
16
15
17
16
16
17
16
20
18
19
20
16
18
16
19
17
16
18
35
17
17
16
18
17
18
18
17
17
15
42
15
22
20
16
17
18
16
16
15
16
17
17
18
15
17
16
17
17
16
15
15
16
17
15
16
15
15
15
15
19
17
14
19
15
18
21
16
17
25
17
17
14
17
18
17
133
19
17
20
17
14
21
16
16
15
17
19
18
17
17
16
16
17
17
17
17
16
18
17
15
15
17
18
16
19
15
17
17
14
17
15
19
21
17
16
17
19
28
14
18
16
18
16
18
17
184
21
16
22
17
17
18
21
18
16
15
18
17
17
21
17
16
16
17
18
17
18
14
21
19
16
17
15
16
20
17
18
14
16
21
14
18
16
17
17
17
16
16
17
17
16
18
15
18
17
16
17
16
16
17
18
17
16
17
18
16
17
16
15
18
15
18
14
16
17
15
16
17
18
17
16
16
14
16
18
15
15
17
17
19
15
20
16
23
18
16
24
16
17
40
16
17
16
16
222
19
18
16
18
20
15
17
19
17
17
15
17
18
16
19
16
18
16
16
19
20
15
23
15
19
16
20
16
16
16
17
23
14
17
21
15
20
19
18
24
16
17
21
15
17
17
18
19
143
16
15
18
15
19
18
15
17
15
17
20
16
18
17
15
17
16
15
15
18
16
14
15
17
15
16
14
16
17
14
16
16
16
21
17
22
19
15
18
27
15
17
18
17
18
15
20
15
16
19
14
18
19
15
14
17
16
18
22
17
16
16
18
19
16
17
14
18
16
14
22
19
22
19
18
15
18
21
17
17
15
17
17
16
19
21
21
17
15
43
16
15
16
15
16
18
16
17
14
230
18
15
18
16
17
17
16
16
16
18
17
19
18
17
17
19
16
20
17
15
15
16
20
17
15
19
15
17
17
15
15
15
16
16
14
16
16
16
16
33
17
18
15
16
17
19
17
14
192
22
17
16
17
16
17
16
14
16
18
17
