38
27
222
228
26
26
23
22
27
23
22
24
23
25
23
35
22
25
222
202
22
23
23
22
25
23
22
23
230
25
22
26
22
23
23
24
21
24
22
27
25
227
23
22
25
24
22
26
23
24
243
24
22
26
28
23
34
31
32
23
23
42
21
24
271
23
24
23
24
25
24
22
23
24
24
23
22
222
28
23
23
23
25
25
22
24
229
24
24
25
24
26
23
25
23
26
30
21
24
24
21
23
29
23
22
22
22
24
24
26
22
24
23
24
32
24
23
23
23
22
26
24
225
29
23
24
233
25
23
23
38
23
36
29
22
24
24
24
248
24
26
24
24
23
23
26
23
32
28
23
22
23
159
22
217
24
23
25
28
25
27
24
25
23
150
22
24
23
27
23
23
25
25
23
23
25
23
24
23
24
31
26
23
24
22
23
23
25
22
28
37
23
37
23
25
23
22
27
226
26
27
229
23
38
24
24
25
23
23
23
25
23
24
25
23
22
25
24
23
23
25
23
23
28
24
24
23
23
25
23
22
22
21
24
24
23
22
24
29
23
22
22
23
25
24
24
28
23
22
23
31
33
26
26
24
22
22
25
24
23
23
26
22
23
23
23
23
25
21
22
24
24
23
22
24
25
27
23
224
24
24
231
33
25
33
22
24
24
24
233
22
23
22
25
28
23
23
26
24
23
23
23
225
24
23
23
25
25
22
24
23
23
23
23
23
24
22
24
23
22
23
22
24
21
25
25
22
25
24
23
29
24
23
25
23
23
22
24
23
24
25
23
25
228
24
23
37
24
23
22
23
36
22
24
24
24
24
24
24
23
24
23
24
23
26
23
23
23
32
23
24
25
23
23
24
225
31
32
23
24
23
23
23
204
23
22
23
23
23
24
26
23
23
28
22
222
24
23
23
27
27
27
24
24
24
25
25
23
24
26
22
22
23
23
24
24
23
38
23
24
230
34
32
24
24
27
30
24
26
24
28
22
23
23
23
231
24
225
23
26
23
24
23
23
23
22
