42
29
32
243
29
28
29
28
31
28
28
28
29
27
29
29
29
28
28
27
30
29
27
27
27
30
28
249
29
27
35
27
28
29
28
27
246
29
37
28
28
27
35
27
27
26
27
27
27
230
29
28
28
28
27
224
28
28
28
30
228
28
28
36
36
26
27
235
28
28
27
27
26
28
28
30
28
28
28
27
27
27
240
28
28
27
243
28
28
27
27
29
33
26
228
28
27
27
37
26
27
27
27
27
26
26
27
28
26
231
28
27
27
26
26
27
30
34
28
27
26
228
30
27
29
37
28
27
27
29
35
28
27
28
25
27
27
28
28
25
29
26
252
27
28
224
28
28
27
26
28
26
27
25
41
26
27
26
26
26
26
229
30
28
27
27
27
28
29
30
48
27
26
28
26
26
27
27
27
27
26
27
231
27
234
29
27
423
29
27
28
28
26
27
26
240
26
26
240
28
30
27
28
28
26
27
30
28
29
26
26
27
230
29
26
26
28
436
30
31
28
28
27
27
29
27
231
35
28
28
227
28
27
27
26
27
28
27
37
27
27
27
27
27
240
30
29
29
27
27
27
27
27
38
27
42
27
228
28
28
226
28
27
27
27
27
41
26
27
27
27
27
30
28
26
25
28
27
240
27
27
27
27
222
27
27
26
27
250
27
28
27
26
29
27
238
28
27
223
27
26
231
28
28
27
230
28
27
27
26
27
27
28
26
242
26
245
100
229
41
26
28
41
26
27
27
27
28
27
29
26
26
25
26
26
226
30
26
34
223
28
28
25
28
27
33
27
27
27
26
26
28
27
27
27
239
33
28
28
27
29
34
29
27
26
28
28
27
240
37
26
27
27
26
27
27
229
44
31
27
27
226
28
27
27
26
29
27
428
29
27
35
28
26
222
32
27
209
28
27
