266
252
50
47
235
47
46
242
47
51
47
53
47
46
46
45
236
48
46
46
45
46
46
45
47
45
48
47
47
47
46
233
234
46
46
271
50
98
59
249
48
47
61
44
44
47
46
45
45
46
45
46
46
44
45
46
59
46
47
45
46
45
49
45
47
240
58
53
46
47
233
46
46
44
234
48
46
46
248
49
50
45
46
47
47
46
46
49
45
46
45
46
46
58
45
45
46
45
46
45
49
48
45
45
45
57
44
44
45
44
45
45
46
46
45
235
48
47
47
47
265
57
237
45
50
45
47
48
45
235
48
45
45
248
47
47
46
44
45
45
46
46
47
45
45
246
48
46
65
47
234
50
45
44
254
49
47
45
47
45
50
49
50
48
47
47
46
45
46
47
46
45
46
47
49
59
240
47
45
46
45
46
48
45
46
45
45
44
45
46
46
46
46
47
45
46
48
238
258
246
47
47
47
54
45
46
46
46
44
45
46
46
47
47
45
46
46
49
45
235
47
45
46
241
50
47
44
47
48
45
45
56
45
48
47
46
52
45
51
46
45
47
46
48
45
46
47
45
45
46
47
47
46
46
47
48
46
47
57
112
43
45
46
48
46
48
46
46
241
47
46
51
44
44
47
251
45
46
46
47
46
45
238
47
239
63
46
169
46
46
48
45
45
241
49
46
46
47
50
45
45
45
47
45
46
47
44
45
47
46
53
243
46
62
46
46
44
234
48
45
44
229
233
257
52
47
48
46
45
46
45
44
47
45
46
48
45
45
45
46
63
48
47
46
59
246
48
47
47
47
46
48
46
46
450
49
247
434
49
45
46
47
45
45
46
44
233
47
264
48
46
44
45
57
47
45
240
49
47
47
239
45
46
45
46
46
45
45
228
47
46
45
45
46
47
58
46
47
49
44
46
46
