29
26
237
21
22
229
21
21
20
20
21
19
24
23
20
20
21
22
21
21
20
222
23
22
21
21
19
21
19
225
21
20
20
19
20
21
20
20
20
22
20
19
21
20
39
26
25
20
22
21
19
219
20
21
19
19
20
19
26
22
20
21
20
21
20
19
23
19
19
22
20
22
20
19
21
18
21
20
20
20
21
18
19
33
20
23
22
22
19
19
21
19
21
21
20
19
19
19
32
20
20
21
19
20
19
22
19
19
219
20
20
22
23
21
23
21
20
19
20
21
21
23
22
21
220
23
22
23
19
20
19
19
22
19
19
19
24
19
23
20
18
19
21
20
21
20
21
19
20
20
19
21
19
19
20
19
19
232
20
20
222
19
20
19
20
21
21
21
21
21
21
20
20
20
19
20
19
18
20
20
20
219
22
21
20
20
19
21
20
19
20
19
20
20
21
20
222
21
238
21
21
19
20
20
20
38
20
21
22
22
21
18
20
23
20
21
20
21
21
20
22
20
20
18
19
20
19
20
23
20
19
21
21
20
26
19
20
21
19
20
19
22
20
21
20
225
24
20
19
20
19
22
20
19
20
20
222
20
18
20
20
20
20
22
19
20
20
21
20
219
20
21
19
19
22
21
19
20
25
25
27
20
20
19
20
19
20
19
18
20
19
22
20
21
20
20
20
226
19
20
21
20
22
225
20
19
21
21
19
20
20
20
21
19
19
19
19
19
19
20
19
18
19
20
26
21
70
21
20
20
20
21
222
26
20
20
19
21
21
19
20
19
19
21
21
20
19
20
19
20
20
20
20
19
21
20
27
19
19
20
21
19
20
21
20
24
19
24
20
19
20
233
24
19
261
23
20
22
20
20
22
20
21
22
22
35
21
19
19
160
223
30
22
19
20
19
21
21
19
21
236
21
22
19
19
21
22
22
22
21
20
21
20
19
36
31
21
21
23
21
20
21
20
19
20
19
19
20
20
20
19
19
19
20
19
18
20
18
20
19
19
18
18
20
19
19
20
19
36
19
20
21
19
21
21
