80
59
57
55
56
54
55
58
58
58
59
57
56
56
57
57
56
58
54
54
56
57
65
57
54
54
56
54
56
54
240
57
235
58
57
55
53
58
93
53
56
53
54
55
65
53
54
53
54
55
57
56
55
53
237
60
56
55
53
55
54
54
55
59
246
61
66
57
56
58
62
53
55
55
65
67
55
55
55
445
55
54
53
53
56
57
240
60
63
54
54
52
233
58
54
52
56
54
249
55
56
55
235
260
262
56
246
61
57
53
65
54
56
53
53
55
55
54
55
55
54
55
55
54
55
55
55
56
53
55
54
56
72
54
55
57
56
57
55
55
55
54
54
55
55
231
56
55
56
54
55
57
57
56
70
56
54
56
59
55
56
56
252
63
58
55
53
55
53
56
55
55
230
60
59
58
67
54
240
57
58
57
253
58
57
54
55
54
55
55
55
56
55
57
55
57
53
55
66
54
53
63
56
52
54
58
58
53
54
54
247
56
58
55
56
60
58
56
55
54
64
59
55
55
235
54
56
54
54
53
239
58
54
57
56
58
61
54
57
60
54
54
65
57
56
74
55
231
57
55
55
53
56
54
55
54
56
57
57
53
56
249
56
56
63
58
57
56
55
55
56
55
56
54
55
56
55
57
56
55
55
55
54
56
56
54
67
53
57
57
55
54
53
56
55
53
269
58
56
54
62
56
56
59
71
79
56
54
69
55
54
58
55
243
69
54
55
55
57
54
55
53
54
54
55
54
56
58
56
55
254
70
55
55
55
246
57
54
54
54
253
61
255
241
58
59
55
232
56
237
56
58
255
65
56
57
58
58
55
55
55
55
55
54
55
257
55
245
56
53
55
53
55
55
55
59
54
55
54
56
241
58
57
56
56
236
59
57
55
54
54
54
55
55
52
54
56
64
54
56
54
54
236
56
58
55
246
57
55
56
54
53
55
54
55
56
55
56
54
60
54
56
