78
242
69
68
72
246
71
68
69
70
68
71
68
67
71
81
4002
254
250
264
255
71
67
68
68
68
68
69
241
248
68
71
85
67
67
68
67
69
67
68
68
241
69
67
66
67
66
67
67
244
77
65
65
250
68
69
274
248
261
69
74
67
67
256
71
68
69
69
236
267
69
70
233
70
67
255
71
69
70
68
68
235
69
67
247
78
68
66
167
66
66
66
68
66
68
66
72
67
66
240
68
65
68
70
67
69
68
68
68
71
71
71
72
251
69
66
66
269
252
69
87
73
67
69
70
244
69
69
67
66
73
80
70
69
69
66
68
68
76
68
66
68
76
68
68
68
67
67
283
71
73
73
128
244
67
73
82
65
245
69
67
65
66
67
64
66
69
68
70
245
256
247
72
82
70
65
71
66
67
268
71
69
231
259
83
67
67
67
68
70
67
75
68
239
65
67
67
248
71
68
69
68
259
70
72
66
248
68
83
69
68
67
66
66
67
66
68
239
70
69
67
248
67
67
66
67
78
69
242
70
67
69
69
67
66
66
68
71
67
66
67
67
66
65
76
68
66
67
67
70
239
70
68
67
66
67
65
64
65
66
243
80
67
246
70
69
98
66
258
77
67
75
237
68
246
257
67
68
239
74
69
67
66
235
71
251
71
73
66
453
67
245
233
68
249
72
69
251
86
72
66
67
68
68
254
69
66
68
67
66
241
245
68
70
78
67
66
66
69
67
66
65
67
66
69
67
68
66
66
67
68
66
441
