68
76
51
51
50
52
49
240
241
242
51
49
53
240
58
50
454
247
239
50
50
49
49
237
242
239
240
51
52
51
239
49
50
52
237
441
235
244
244
238
67
59
54
48
51
51
253
258
254
57
52
240
50
56
50
53
51
49
51
50
53
63
49
51
49
49
50
265
164
52
240
50
50
50
239
237
58
235
260
50
49
247
51
49
242
49
50
257
241
243
245
49
52
60
50
51
50
239
51
55
244
244
52
51
51
54
254
237
59
50
51
52
49
51
259
256
243
243
56
253
57
246
51
53
51
65
51
248
239
239
52
49
49
49
49
52
50
51
241
51
54
447
240
256
54
51
59
50
48
48
50
230
52
49
51
241
55
50
49
53
279
54
50
51
54
241
235
252
236
239
53
50
62
53
50
53
53
234
241
54
244
86
250
55
51
52
48
51
246
278
52
253
257
240
52
51
53
240
65
51
50
54
49
49
49
237
237
232
240
242
58
65
54
240
230
244
50
54
236
54
49
53
239
249
64
53
53
236
237
58
55
242
256
239
233
51
93
231
58
248
52
55
53
237
51
51
52
57
49
50
50
252
51
49
50
57
233
244
54
248
51
246
53
51
48
50
240
52
237
55
238
50
56
51
50
250
54
70
232
256
252
251
50
51
53
50
50
50
