32
18
23
24
17
16
19
17
19
20
16
16
16
27
17
19
17
15
24
20
29
20
21
21
24
20
16
41
21
18
24
18
17
40
98
15
21
18
21
21
22
23
20
18
17
25
20
22
23
20
29
21
20
19
18
17
19
18
17
17
20
28
18
15
18
32
20
19
20
21
30
18
23
43
18
21
17
34
93
20
20
21
20
16
15
18
21
22
19
24
23
26
19
21
21
18
21
20
25
21
29
17
20
19
18
23
21
19
19
20
25
24
19
20
18
22
21
18
17
18
22
31
21
51
20
16
24
26
20
19
14
19
21
19
18
21
26
17
17
29
22
25
39
22
20
18
29
20
18
23
29
22
19
18
30
19
18
19
20
16
16
17
16
32
20
17
23
24
18
22
117
18
20
64
23
16
19
36
17
25
20
17
22
28
24
20
25
80
89
16
17
25
14
27
16
27
18
22
17
19
84
22
18
18
16
19
25
16
20
16
22
24
22
16
20
22
22
20
21
22
65
67
18
81
19
18
20
98
16
21
16
16
20
20
20
17
29
20
17
20
22
23
21
20
22
19
19
42
18
25
51
16
20
20
18
22
18
17
21
21
20
16
16
23
21
22
25
17
26
24
103
16
53
31
17
17
22
15
13
12
92
17
18
20
19
20
18
18
17
17
22
24
20
19
20
41
20
20
18
16
27
18
17
113
22
18
19
16
20
24
23
18
20
18
24
16
19
17
20
17
49
15
21
62
20
19
21
64
16
17
27
18
23
16
33
21
20
23
23
39
22
16
21
19
25
30
30
18
25
17
25
20
26
19
26
31
20
25
21
16
25
23
31
21
23
15
23
21
23
18
52
53
24
40
23
16
20
38
21
18
24
19
17
18
15
27
19
16
22
21
29
21
21
19
22
34
23
20
20
18
35
21
22
21
19
19
20
19
21
16
16
18
16
21
26
18
14
20
16
22
180
81
82
52
24
17
33
20
19
18
24
27
20
25
18
18
17
19
17
17
21
18
15
24
17
35
21
45
17
18
28
21
26
19
17
16
18
21
20
19
17
32
26
17
22
16
18
20
18
18
45
15
17
39
24
23
24
41
26
17
23
21
25
21
15
17
18
16
16
15
22
22
20
52
22
21
20
24
19
17
