19
16
14
14
14
14
13
21
13
13
13
13
11
13
12
10
14
11
11
18
12
12
12
11
12
13
13
35
14
14
13
14
13
13
12
12
12
13
13
114
16
17
12
12
13
12
17
13
12
31
14
12
14
32
13
13
14
15
12
14
12
16
12
12
13
12
11
12
12
12
12
12
11
12
13
12
13
37
12
12
12
12
13
12
13
12
13
12
13
12
13
12
14
12
19
12
13
11
11
12
12
12
12
11
12
12
11
11
15
12
12
11
14
10
11
13
11
25
15
12
12
12
10
19
29
28
15
41
11
11
12
11
11
11
12
12
40
12
12
11
11
55
11
14
18
13
11
10
15
21
11
11
11
11
11
11
13
12
13
16
15
94
10
10
14
12
13
14
15
14
13
14
20
21
17
11
11
29
12
11
13
12
11
12
11
12
11
12
11
12
12
13
11
11
13
14
12
12
11
13
11
13
12
13
12
12
12
12
11
12
12
12
11
12
13
11
13
12
11
11
17
12
13
13
19
13
14
31
11
12
12
12
12
14
12
12
11
12
12
12
12
12
14
13
12
12
15
11
13
16
12
12
12
13
11
12
11
14
13
12
12
12
12
11
13
13
52
13
13
12
11
11
12
12
20
13
19
24
11
12
11
12
13
12
12
12
15
11
12
11
11
12
12
13
12
13
13
11
16
12
11
12
12
13
12
13
13
11
16
11
13
12
11
12
13
12
13
16
14
13
31
11
14
12
12
11
11
31
13
14
13
12
14
12
11
12
11
12
11
16
12
13
12
14
13
15
12
16
12
12
11
12
12
13
12
11
12
12
13
11
12
12
12
11
13
11
12
74
10
11
12
12
11
12
11
14
11
30
11
10
13
13
12
11
12
12
11
11
38
12
12
12
10
12
12
12
11
12
14
12
11
12
51
11
11
11
11
10
14
11
11
13
16
12
12
76
12
23
11
11
11
14
12
12
11
12
12
35
11
59
10
10
13
12
11
12
11
12
22
11
14
14
12
12
12
52
11
11
10
11
10
81
11
10
11
11
11
10
11
13
12
10
11
15
11
11
11
11
11
12
11
36
12
11
11
16
11
32
11
11
12
11
11
10
11
11
11
13
13
11
11
11
10
12
11
11
11
12
10
11
