40
44
38
31
28
82
28
38
35
31
27
30
30
36
32
29
28
30
35
27
26
42
29
27
28
32
30
28
33
104
30
31
37
26
27
31
29
28
37
29
29
27
34
26
34
30
26
114
34
32
34
29
30
27
33
42
27
30
29
29
25
27
32
27
27
38
30
31
33
27
39
35
29
27
30
32
34
35
106
30
34
28
27
29
26
37
27
32
31
31
37
29
27
33
28
31
28
26
33
28
29
27
32
29
33
25
25
32
32
27
35
28
30
29
30
32
33
30
28
28
27
27
28
29
30
28
29
26
27
51
28
31
28
27
29
28
34
173
73
25
33
28
29
40
27
28
30
30
27
27
27
27
28
32
57
28
34
35
29
30
36
29
37
27
28
27
37
35
30
32
29
44
33
32
25
33
26
24
58
30
28
26
34
27
29
28
26
38
28
29
30
30
32
31
31
73
28
29
29
40
31
29
27
31
82
36
338
137
37
56
31
28
31
28
32
27
26
26
30
30
30
29
28
44
26
28
40
26
30
40
29
27
27
28
27
31
27
56
27
36
26
27
35
30
27
27
31
26
30
40
34
29
31
30
64
27
23
94
26
25
27
34
26
25
32
28
27
28
26
32
28
28
29
28
34
27
28
27
27
26
28
26
25
26
26
27
27
20
26
29
32
31
33
27
26
26
23
27
30
29
26
26
26
29
50
29
30
34
25
32
32
27
31
27
33
27
25
28
28
30
41
26
26
33
27
33
109
29
26
32
28
27
28
28
27
27
30
39
25
27
29
28
28
27
27
35
28
27
27
25
31
32
28
26
47
27
26
28
31
26
27
25
37
27
26
26
26
27
26
34
34
27
27
32
25
30
25
28
50
26
28
28
28
27
26
25
39
30
28
27
24
27
26
33
27
28
27
26
27
28
31
24
32
27
39
31
25
30
36
28
29
25
30
26
30
25
27
28
28
27
26
28
31
27
28
31
25
24
42
27
25
25
24
30
29
26
26
23
28
31
27
26
26
27
28
31
29
27
29
33
26
28
29
27
45
28
27
27
26
27
39
28
33
27
27
28
29
25
28
24
27
24
34
26
26
29
25
27
27
30
32
27
26
26
26
26
35
27
27
30
26
27
27
81
30
25
25
27
28
48
