46
42
39
38
41
37
36
37
48
35
36
38
40
39
40
41
35
34
40
33
46
44
42
34
42
38
38
37
40
38
41
36
39
39
37
37
38
49
38
41
39
26
27
58
44
40
41
39
45
35
23
48
44
36
37
37
38
40
53
36
56
56
33
33
37
40
38
38
34
39
381
284
184
84
86
38
35
45
40
40
36
44
42
42
37
38
54
41
103
79
45
36
60
35
32
32
41
38
34
38
38
22
48
38
37
36
37
39
38
75
40
44
54
35
34
56
42
34
46
50
41
54
34
48
45
44
42
35
36
36
42
43
43
36
35
36
35
37
25
20
49
52
39
37
39
34
40
43
37
50
41
38
37
38
38
34
37
39
36
46
35
40
34
38
37
35
41
40
38
31
101
35
37
38
39
35
39
36
36
37
41
52
37
41
41
39
48
40
37
37
37
46
40
38
45
52
45
47
42
43
38
35
35
47
44
38
44
41
35
103
39
42
43
48
43
40
47
42
45
57
35
36
39
39
34
44
42
46
53
37
46
26
28
50
41
54
45
39
31
25
40
34
48
51
37
35
35
43
38
56
34
43
36
41
43
39
40
24
26
48
60
37
40
47
33
34
36
37
44
49
27
97
32
36
39
36
38
40
35
44
40
39
36
42
53
35
37
39
83
46
39
36
38
37
45
40
36
39
38
38
42
43
42
39
35
42
47
48
123
46
44
46
36
45
32
36
37
35
39
37
46
36
36
37
46
36
54
35
41
36
41
38
35
35
34
37
42
24
86
39
38
37
36
36
35
38
37
39
34
36
54
36
36
43
38
43
43
37
47
43
41
35
34
41
34
25
37
40
52
45
36
34
39
35
42
51
33
38
35
38
36
43
38
36
37
38
38
39
61
42
53
45
38
45
38
34
36
42
38
35
39
36
40
37
40
38
37
37
48
41
37
42
37
23
49
38
428
337
235
135
236
41
39
40
38
37
40
36
25
80
41
38
34
39
36
47
36
28
34
43
38
39
36
36
40
37
36
37
43
38
37
38
34
33
41
34
35
42
39
37
34
39
38
39
42
39
35
38
68
38
40
34
38
36
39
35
44
37
36
39
36
40
42
41
51
37
41
35
51
35
24
39
39
37
38
36
39
44
38
42
