49
37
40
66
49
42
65
64
67
42
78
36
39
82
78
43
67
86
30
51
37
55
50
56
41
43
43
82
76
39
43
36
34
123
82
77
53
87
32
54
61
54
118
57
39
22
22
49
36
37
50
40
65
62
46
52
82
60
52
56
34
30
63
52
42
83
50
60
39
54
53
94
75
37
40
30
35
37
32
38
35
41
40
38
34
43
33
32
34
36
39
22
23
49
55
35
35
39
35
42
34
33
31
37
34
39
35
40
36
40
33
32
29
36
37
36
31
41
39
36
32
33
35
34
39
39
37
35
35
37
35
32
33
40
37
34
37
43
34
32
37
37
31
42
67
30
32
31
34
41
36
186
86
102
31
43
43
35
43
32
33
41
32
39
34
34
39
34
35
37
33
33
33
31
35
35
39
41
59
33
30
41
33
33
34
35
39
38
34
31
97
33
40
37
31
24
50
31
35
33
31
129
39
32
32
37
32
30
37
32
37
48
34
38
38
32
33
36
34
33
38
36
36
32
34
39
39
32
33
34
33
32
35
33
30
45
33
67
36
41
33
41
37
59
45
37
42
42
31
34
41
32
52
40
32
33
33
37
32
32
32
32
41
40
33
30
40
33
33
40
43
35
41
30
31
34
30
33
31
32
30
38
36
39
33
31
33
37
34
41
32
41
41
92
32
37
33
36
33
40
32
30
29
37
36
54
44
36
32
35
31
30
36
30
33
31
34
37
30
30
29
40
31
38
33
31
35
31
33
36
32
31
38
29
34
32
46
33
42
37
31
32
33
25
25
24
45
31
45
32
35
31
37
35
34
29
35
32
35
42
48
39
35
28
37
39
31
34
34
33
39
31
32
36
36
41
40
33
36
36
33
31
32
32
33
36
35
33
40
33
33
35
70
38
32
32
31
32
33
34
35
31
29
33
41
35
34
36
32
38
33
32
34
32
32
30
30
34
39
35
40
32
32
38
37
39
33
30
31
47
33
36
30
38
32
37
53
32
39
31
32
33
73
31
31
34
32
35
90
91
32
31
32
37
47
39
39
33
32
48
30
31
38
39
38
30
33
31
33
32
30
41
30
32
36
31
35
39
32
30
37
38
31
34
32
32
51
31
41
34
36
32
34
31
32
22
44
41
33
31
