139
109
28
23
17
19
21
25
19
29
18
18
20
18
33
33
23
28
30
16
18
21
18
17
17
27
18
23
17
18
20
22
21
18
28
17
24
20
26
22
53
20
18
19
18
25
23
21
15
18
18
16
19
22
16
21
24
23
17
20
21
18
38
25
22
27
24
28
20
21
19
35
30
19
20
22
18
23
19
20
22
19
15
23
18
19
24
18
18
20
31
22
19
20
18
16
26
22
24
18
42
22
22
21
30
20
36
47
19
35
22
24
17
17
28
37
23
25
30
18
21
18
25
22
16
19
17
21
20
18
21
20
17
18
29
16
98
20
19
18
33
21
21
24
21
16
18
29
19
19
34
20
17
22
20
28
20
19
24
26
22
22
26
32
16
26
37
24
26
15
21
23
25
19
202
103
105
20
19
18
22
15
22
35
20
21
58
21
43
27
39
23
19
18
35
17
16
26
20
20
35
24
24
20
18
21
24
20
23
19
23
20
20
18
20
19
10
12
49
17
20
17
21
11
13
15
60
14
18
25
16
19
17
16
18
109
17
24
43
20
59
19
18
22
21
25
24
22
25
21
37
22
19
17
19
29
18
15
20
29
25
20
29
16
19
24
38
13
74
22
28
18
17
21
19
25
12
62
29
17
17
20
18
17
17
16
16
56
15
21
87
18
21
21
19
17
20
21
22
20
68
17
20
17
34
22
17
19
23
40
17
16
19
18
46
17
49
45
19
23
16
43
23
23
18
16
17
15
20
20
27
19
19
18
21
21
19
17
45
19
29
37
29
16
17
23
20
17
24
16
29
14
18
16
16
19
18
19
18
22
25
20
22
21
19
20
27
27
22
21
23
25
37
19
21
29
20
22
18
22
20
18
21
21
19
28
20
17
23
22
48
27
15
22
21
18
16
18
20
19
31
21
21
21
28
18
41
16
20
18
26
22
25
20
23
17
14
90
20
15
27
18
16
22
18
20
22
24
35
17
19
35
18
21
19
16
17
16
23
20
27
19
19
19
18
24
20
16
34
20
27
22
17
23
21
19
18
28
24
19
19
27
23
26
16
21
14
25
22
22
17
20
30
19
30
19
24
20
21
21
17
29
19
21
21
18
18
17
17
24
34
26
26
30
18
24
14
17
21
19
