94
34
21
18
16
22
16
20
17
18
19
24
20
17
40
16
15
18
17
15
38
16
17
20
16
16
15
47
15
16
10
10
415
15
16
13
16
16
18
19
20
21
16
15
15
17
14
17
16
19
17
15
16
15
18
22
24
18
18
18
19
15
16
34
17
47
16
22
20
15
68
14
14
50
16
16
17
16
17
14
18
15
16
14
18
14
21
22
19
20
16
16
16
20
17
23
17
13
10
22
33
15
16
16
17
16
13
16
14
14
17
16
18
13
14
45
16
16
20
15
22
19
18
77
15
20
15
14
20
17
13
14
19
22
15
21
16
58
16
15
13
15
17
14
16
16
17
17
14
16
37
15
16
16
16
16
15
15
16
19
16
15
13
14
16
20
16
14
14
15
28
15
15
50
15
16
18
13
15
16
18
15
14
14
18
17
16
35
18
14
16
14
15
15
19
15
16
17
15
17
28
20
15
16
19
16
19
25
21
23
20
17
16
14
17
14
16
17
18
18
34
15
14
31
15
16
17
15
21
14
16
16
15
15
18
15
17
31
18
17
17
16
16
16
21
18
18
19
13
16
33
16
16
14
16
17
13
15
16
16
14
15
18
17
16
14
15
14
17
28
23
15
15
36
13
15
18
15
17
18
12
17
13
19
15
14
15
22
22
43
15
14
16
14
14
16
14
67
11
14
26
13
15
17
14
18
17
18
49
16
16
13
14
17
15
14
16
15
18
14
35
16
18
31
16
23
15
16
14
15
14
14
16
17
15
15
19
24
14
15
17
17
25
24
15
12
17
47
92
13
63
17
56
15
16
18
20
15
33
13
18
12
23
14
59
92
20
92
36
48
27
32
18
52
27
134
35
50
13
28
14
14
32
17
25
40
19
60
43
17
37
18
14
16
14
44
13
43
27
31
33
19
14
15
20
16
15
15
20
15
16
14
15
14
10
36
12
16
18
17
60
17
21
61
14
17
14
14
24
17
24
16
13
16
13
16
14
27
19
18
14
15
26
87
13
13
16
61
15
20
64
37
26
14
15
14
14
14
13
14
16
16
19
15
14
14
15
18
19
13
19
14
15
63
16
14
23
13
17
14
14
16
16
12
14
18
29
16
70
16
14
11
42
15
14
17
13
21
13
15
