21
18
34
13
13
14
13
16
13
31
13
13
13
13
13
12
13
14
14
13
13
13
12
12
12
13
13
13
12
12
12
12
12
12
14
28
18
13
14
14
13
17
12
14
16
13
13
12
13
13
13
13
14
12
13
16
13
12
14
24
13
15
16
15
18
14
14
13
17
16
15
13
18
13
16
12
12
16
12
17
13
13
13
14
14
13
13
27
12
17
14
13
13
15
14
12
13
16
14
15
13
14
14
13
13
14
15
16
18
24
13
12
14
14
15
13
15
17
15
13
19
13
14
14
16
12
13
13
13
13
65
16
14
12
14
52
13
17
13
15
15
14
16
17
12
20
13
14
13
13
12
13
16
17
16
16
14
13
15
32
18
15
16
15
13
15
12
14
13
18
21
14
17
14
14
17
15
12
14
15
74
13
16
13
16
17
15
15
14
13
13
13
20
19
13
14
13
14
78
16
19
12
16
17
13
12
13
13
12
24
16
14
12
18
12
49
50
16
15
16
14
15
25
21
14
13
13
15
19
13
14
13
13
12
15
43
16
15
21
14
13
50
15
14
13
13
14
12
22
15
14
14
17
17
13
15
13
19
18
16
13
14
15
12
14
14
16
13
14
13
14
19
13
13
13
13
12
13
17
16
15
12
13
13
15
63
13
14
13
13
13
13
16
12
13
12
12
12
13
13
14
14
12
15
12
12
14
17
20
28
15
12
12
18
14
15
14
14
15
12
13
13
13
12
14
16
13
12
15
13
14
19
13
16
15
31
18
14
14
13
16
14
16
13
13
14
14
16
15
14
13
12
14
13
18
12
14
13
15
14
18
14
13
12
16
12
19
12
14
12
17
17
13
13
17
12
18
14
17
16
22
13
19
14
13
26
19
13
14
13
23
20
13
13
12
12
15
14
15
13
15
13
19
13
13
13
17
13
16
15
25
15
14
16
13
15
13
28
17
16
14
15
14
13
16
18
13
12
14
14
16
12
12
69
11
37
14
32
67
37
18
39
15
10
12
23
12
16
12
12
11
12
13
24
16
20
46
20
22
61
28
54
16
41
15
12
13
20
16
15
19
19
17
16
13
33
55
39
30
30
37
16
35
16
15
14
57
19
60
23
12
22
12
34
15
15
14
12
13
18
