86
40
51
26
45
44
44
41
42
43
43
40
45
40
42
37
50
105
39
44
42
38
37
39
42
61
59
252
153
54
87
45
24
65
39
43
75
45
40
27
28
50
40
44
48
51
38
47
45
36
45
44
47
42
39
125
36
39
37
43
39
50
42
45
44
42
47
47
43
40
51
38
43
46
42
49
25
28
28
56
42
64
42
38
41
39
37
39
43
40
40
41
42
52
46
44
40
37
37
36
39
42
53
37
43
24
55
41
39
130
46
41
40
39
48
40
48
47
36
40
44
44
44
39
36
139
40
43
42
45
47
38
76
35
40
24
42
43
37
38
25
25
48
51
37
38
52
43
40
36
46
39
38
37
47
39
47
40
39
43
43
37
45
40
43
44
40
38
39
41
38
43
42
36
40
57
39
37
42
52
37
40
96
51
45
40
22
40
44
37
43
37
43
57
47
40
36
44
41
48
59
39
23
38
42
42
38
39
51
44
37
49
62
37
49
52
39
46
39
37
37
51
43
38
41
24
41
38
41
38
41
96
42
38
44
20
38
40
39
39
39
39
37
38
39
47
41
40
37
61
39
41
36
39
54
42
42
36
41
38
39
38
41
42
26
28
51
51
42
38
46
39
38
47
51
233
136
36
52
39
31
46
37
44
42
46
45
44
43
47
42
45
37
65
38
40
39
26
41
60
36
38
36
68
39
41
36
45
49
47
37
43
56
47
42
41
41
39
39
40
41
37
44
44
578
478
379
180
182
690
28
24
42
41
43
25
45
36
38
39
38
60
39
46
42
40
36
40
46
24
28
50
48
39
46
41
39
39
40
43
63
35
126
41
46
44
37
40
35
55
43
39
51
157
57
70
41
46
40
76
39
46
44
47
125
40
38
44
58
41
51
39
25
29
60
44
38
44
38
50
44
37
53
48
40
38
40
39
36
41
45
27
49
41
39
44
45
40
26
39
40
52
62
22
24
26
56
48
36
45
133
61
40
43
39
40
40
25
42
41
39
40
50
38
41
50
39
62
41
38
37
37
39
40
25
41
46
46
59
42
42
46
38
37
39
40
44
39
26
39
41
40
38
67
55
41
46
39
46
32
31
25
54
34
25
42
54
45
37
38
36
38
38
37
55
43
43
40
68
42
