19
14
13
15
14
13
15
11
15
11
18
13
14
15
13
13
14
19
16
15
14
13
14
71
11
14
12
13
14
12
16
15
17
16
19
12
12
34
13
16
18
16
15
43
14
17
14
14
18
19
13
13
15
15
19
20
18
17
15
16
14
14
15
15
16
15
16
18
34
17
16
14
15
24
17
14
14
15
15
13
19
14
13
19
48
15
14
14
16
14
14
15
20
43
32
17
14
14
61
13
10
13
13
13
15
16
15
16
13
14
13
14
14
16
13
14
15
30
15
13
13
14
16
57
19
16
14
13
12
13
19
13
15
16
94
13
14
16
13
14
15
14
13
41
14
14
16
16
41
15
15
19
13
13
13
16
12
16
14
15
13
14
13
16
13
13
15
15
13
15
13
13
12
23
13
13
13
12
14
14
26
12
16
13
29
14
14
12
13
12
12
14
15
65
12
14
14
14
23
14
13
13
14
15
14
12
15
14
13
13
16
11
12
17
14
14
14
13
18
13
13
13
16
16
14
12
18
16
13
13
16
12
13
12
14
13
14
15
22
14
12
13
12
30
15
14
15
16
12
14
12
16
15
16
15
15
13
11
13
13
13
12
12
13
15
15
13
11
13
13
13
13
12
14
29
13
13
12
15
16
12
15
14
13
28
14
12
15
13
12
12
16
13
23
12
18
13
12
13
49
13
17
15
16
14
12
13
13
16
14
12
12
15
13
13
17
13
14
12
12
12
11
12
12
43
13
15
15
13
16
12
13
17
17
9
10
11
52
12
14
11
13
11
30
12
20
19
14
13
31
11
13
12
12
12
13
12
14
17
13
11
13
12
17
15
19
13
13
12
12
14
12
59
15
24
21
12
13
14
13
11
13
14
11
77
16
12
11
13
13
13
12
14
39
16
15
13
12
12
26
13
13
17
15
13
12
13
14
13
13
13
13
16
12
13
15
13
12
12
11
12
41
13
14
56
12
13
12
13
11
13
11
16
197
98
13
12
13
12
13
13
13
13
45
14
11
13
15
11
52
11
15
12
12
13
12
12
17
12
12
15
13
12
15
13
14
17
12
12
15
40
15
11
12
47
12
14
12
15
12
13
12
13
12
31
13
42
11
11
13
12
12
16
35
12
11
11
13
15
28
