165
104
29
43
29
22
23
28
39
29
20
24
32
41
34
27
29
24
22
39
22
27
29
29
33
34
22
28
20
23
31
21
25
21
25
24
21
24
25
28
22
24
20
27
20
32
22
20
27
23
24
23
20
19
19
21
19
22
49
22
20
21
21
35
37
24
19
21
20
24
23
23
25
22
20
22
22
24
24
23
23
23
26
24
24
20
24
19
24
21
21
20
23
18
18
18
21
25
19
24
29
17
22
22
20
23
21
22
48
24
20
20
18
33
37
17
19
22
19
19
21
20
23
22
20
23
22
22
18
25
21
23
25
20
20
21
15
15
16
14
15
285
90
20
19
20
20
18
25
17
18
41
19
20
22
23
23
22
67
68
17
19
19
32
35
19
20
26
18
1225
1132
1035
837
740
543
345
1050
49
654
256
264
368
199
106
11
16
12
1253
52
17
18
27
22
19
25
34
21
18
18
16
18
18
23
19
56
18
17
22
40
19
17
19
19
19
89
15
129
31
34
17
17
20
18
16
17
18
18
19
19
19
17
18
13
75
21
18
63
19
19
17
17
27
16
18
18
19
19
17
18
19
21
18
18
19
23
21
21
18
68
28
17
25
18
38
35
18
17
65
17
16
18
17
17
42
15
27
17
27
21
31
18
19
18
18
22
17
68
16
17
18
18
18
16
16
21
16
19
16
20
16
21
16
18
16
15
17
17
17
28
19
21
27
21
61
83
20
21
16
21
23
16
27
18
17
15
16
19
20
21
23
19
16
16
17
20
15
25
16
16
22
15
17
17
16
17
20
18
15
18
18
20
18
16
18
19
15
17
16
37
16
17
22
17
22
32
16
16
16
16
15
18
21
15
16
16
20
19
15
16
16
14
15
25
17
22
17
19
15
15
16
14
17
17
16
20
19
19
22
16
18
15
16
16
18
18
16
19
18
33
16
16
28
21
25
27
15
19
20
19
18
17
18
17
19
16
17
16
19
64
16
21
17
17
17
18
16
30
18
25
19
16
17
16
15
18
16
17
20
16
43
17
17
15
17
16
16
18
22
32
16
20
18
18
37
41
16
23
15
17
16
24
14
17
16
16
17
16
17
15
19
19
16
15
15
19
15
21
15
17
17
20
18
15
15
15
15
28
18
20
16
