617
558
660
962
561
462
1072
1077
784
88
1198
99
31
27
30
38
22
30
36
25
21
22
28
20
25
43
26
23
39
29
28
26
22
22
29
40
26
28
29
32
23
23
18
23
19
20
21
26
23
22
23
21
21
25
24
22
27
21
21
30
24
22
23
20
27
24
23
25
22
28
21
20
21
21
20
22
35
25
33
27
22
21
21
22
28
24
21
52
24
22
22
21
47
25
20
21
21
24
18
19
18
24
22
18
29
17
24
23
19
20
22
21
23
20
25
23
21
21
24
20
21
23
16
21
21
20
18
20
30
19
18
19
21
18
21
20
19
29
20
20
22
21
19
20
20
19
21
21
20
24
19
27
26
18
26
18
20
17
19
23
22
21
22
17
18
16
17
19
11
12
13
15
14
960
861
778
577
478
378
278
178
281
686
87
24
19
19
71
21
19
23
19
25
20
18
18
20
17
16
19
24
17
22
17
67
19
70
18
17
18
22
15
16
18
19
21
19
25
20
59
64
20
21
22
19
24
18
26
22
20
17
20
11
14
27
18
23
31
21
18
20
17
20
19
23
17
20
19
22
22
20
18
23
17
28
19
60
22
17
20
22
25
81
20
15
22
19
16
17
15
17
15
70
18
20
22
17
24
18
13
20
22
18
17
16
20
20
49
21
20
23
17
17
18
21
16
20
17
21
21
19
16
20
20
78
18
34
17
17
24
25
33
15
19
29
23
18
16
18
21
25
20
18
16
23
21
16
18
20
30
21
17
25
20
23
20
22
34
15
17
19
14
17
17
20
17
18
18
19
16
19
17
20
19
46
16
22
19
17
15
17
16
21
18
16
21
22
16
18
16
27
19
20
18
18
22
17
18
22
21
16
18
14
17
43
18
19
30
17
15
16
17
17
17
16
19
17
20
24
19
19
18
17
16
26
24
28
15
19
21
15
16
22
16
28
18
21
21
24
14
16
18
16
21
15
17
20
14
18
23
16
14
16
15
47
14
19
29
17
16
16
17
14
22
16
16
29
25
16
19
15
15
15
19
25
22
20
15
17
17
17
15
18
18
19
18
20
17
19
22
18
22
16
18
20
29
19
16
19
20
13
16
33
54
15
62
31
29
16
14
16
25
17
18
14
22
16
18
26
25
