127
66
15
17
15
15
14
22
18
14
15
34
14
15
13
18
13
14
13
14
13
15
12
13
14
15
17
14
14
13
14
13
13
12
13
13
13
13
14
14
15
14
12
14
15
12
13
57
14
14
14
14
13
14
13
13
13
14
13
13
13
14
13
13
15
13
13
13
14
13
15
13
17
13
14
13
14
14
13
13
13
11
15
13
13
13
13
17
13
12
13
14
13
13
13
13
14
29
13
13
13
15
12
13
13
12
11
14
13
13
13
14
12
13
14
13
14
14
14
13
13
13
13
13
14
16
14
13
14
14
13
13
13
13
12
16
13
14
12
13
13
13
12
13
12
13
13
51
13
14
15
13
12
14
12
13
12
17
13
13
13
13
14
11
13
13
13
10
12
11
10
13
13
12
12
999
901
802
603
503
405
305
508
308
109
11
11
13
13
16
11
12
49
13
13
14
16
41
12
13
12
15
13
14
14
13
12
14
13
13
12
12
11
13
13
13
16
12
15
13
13
13
12
15
11
75
12
13
13
12
13
15
13
12
12
13
34
13
13
52
12
24
13
13
12
11
13
57
12
12
12
13
12
13
12
12
14
12
16
15
12
12
14
12
15
12
11
13
13
13
21
12
12
13
13
13
13
12
13
17
13
13
13
12
13
11
34
13
12
13
12
12
12
12
12
12
15
30
12
12
12
12
12
15
12
30
12
12
13
12
11
12
13
12
11
11
18
13
13
13
12
13
11
15
13
11
13
11
12
12
12
13
12
13
13
12
14
14
14
12
14
13
11
13
12
13
12
46
12
15
13
13
12
12
13
13
12
14
13
11
12
12
12
13
13
13
13
12
12
15
12
14
11
13
11
11
12
12
12
12
11
14
13
14
16
11
13
11
14
13
13
12
13
12
13
12
13
22
12
13
12
12
12
14
14
13
11
11
12
12
12
11
12
12
12
12
12
11
11
11
11
12
12
11
12
12
12
13
11
12
11
12
12
11
12
11
12
12
14
13
13
12
13
13
11
12
12
35
13
13
29
12
12
11
12
12
12
11
12
11
13
11
16
13
15
13
12
11
12
11
11
13
12
13
14
13
16
12
17
12
12
12
12
12
12
11
11
58
13
16
12
13
11
12
14
12
22
20
12
13
