19
12
16
13
12
12
16
11
16
14
16
12
12
14
13
13
36
17
12
12
12
11
19
13
12
12
12
12
13
12
11
12
11
13
12
11
12
12
12
12
15
13
12
12
12
13
15
12
12
12
12
11
13
12
13
11
13
14
13
14
12
19
11
15
12
15
29
13
12
16
17
12
12
13
12
15
14
12
12
12
12
12
12
12
12
12
12
11
13
11
13
12
12
13
17
12
14
15
13
13
12
15
12
12
15
15
11
12
15
12
13
12
12
16
16
14
27
28
12
12
20
16
13
11
12
12
12
13
14
16
90
11
13
13
12
19
13
14
13
13
11
11
12
12
12
12
12
12
12
14
14
11
12
16
12
12
13
13
12
13
12
13
16
12
15
14
40
42
17
10
14
14
16
12
12
12
12
13
13
13
15
11
12
12
12
16
12
14
13
12
13
12
13
18
46
11
12
13
12
12
12
12
12
14
21
11
11
13
12
13
12
12
11
11
13
11
12
12
13
12
12
13
13
12
11
11
12
11
11
12
32
16
13
12
12
13
13
15
12
13
13
12
17
17
14
13
12
12
12
12
13
14
12
14
13
12
16
13
12
14
15
15
11
15
13
15
40
12
17
15
16
15
12
12
11
13
12
13
12
11
12
11
12
11
11
11
15
15
13
12
13
13
12
15
14
18
13
14
16
12
14
12
12
11
12
12
13
13
13
13
12
12
12
16
12
16
34
12
12
12
12
12
13
12
12
11
12
9
47
15
15
11
14
16
11
11
15
12
12
12
12
15
14
16
12
16
13
14
14
12
12
12
13
15
14
12
22
15
12
12
12
12
15
15
11
11
24
15
15
13
17
17
16
12
13
12
12
12
11
13
12
13
12
13
11
11
15
12
14
13
12
12
15
13
12
13
13
12
12
12
13
13
12
13
12
12
15
12
12
13
11
15
13
20
11
12
22
13
12
12
13
13
12
13
12
12
12
16
13
14
12
12
12
12
12
22
12
12
14
14
13
12
12
14
12
11
12
14
12
12
12
16
14
17
13
12
13
12
14
12
12
12
15
14
11
67
28
11
13
13
11
14
13
11
12
12
13
11
52
11
11
12
12
11
12
13
15
11
11
12
14
13
13
12
24
15
14
11
12
12
