20
16
21
20
14
14
12
13
13
12
13
12
11
12
13
13
12
12
11
12
12
11
13
12
12
13
12
13
13
12
12
11
12
13
11
12
27
12
12
12
11
12
12
13
12
12
19
12
12
12
12
13
13
13
12
13
11
13
12
13
13
13
13
12
12
18
12
13
12
16
16
12
15
13
11
13
12
13
12
14
12
12
13
18
11
14
43
12
14
12
13
11
13
13
12
13
12
12
13
13
13
13
13
13
12
13
12
13
13
13
12
13
13
13
15
12
11
12
12
12
12
18
12
11
13
12
12
14
12
12
12
12
12
13
11
12
23
13
12
13
12
12
12
13
12
13
14
12
12
12
13
13
12
13
13
12
13
13
13
13
12
13
15
13
12
13
12
15
11
12
12
12
12
12
11
13
12
12
20
12
11
13
12
12
12
12
27
12
11
12
12
11
12
12
16
14
12
12
13
13
13
12
13
11
12
13
12
13
12
12
20
12
12
14
12
14
12
12
12
12
16
12
13
12
12
12
13
12
11
12
14
12
12
12
12
13
23
13
12
12
15
12
14
13
11
12
13
13
13
17
13
12
12
12
11
12
12
14
11
12
12
11
11
12
12
12
11
13
11
11
13
12
12
12
11
12
11
12
14
11
12
12
11
12
13
11
35
12
15
14
16
12
11
11
12
21
12
12
12
12
12
13
12
12
12
12
13
17
13
13
16
10
10
21
120
20
26
12
27
12
11
23
12
11
11
11
10
12
11
10
11
11
13
11
11
15
40
15
15
21
11
11
11
11
13
12
10
12
11
11
29
11
11
10
13
31
59
12
10
11
11
14
13
14
11
32
25
22
11
12
11
12
12
11
11
12
11
14
13
12
12
13
11
11
13
13
29
12
12
11
52
11
12
12
10
13
12
13
11
13
13
12
12
12
12
12
12
12
12
12
12
11
12
12
12
11
11
12
12
17
12
35
16
12
11
12
12
12
12
12
14
12
11
12
12
11
37
12
11
12
12
11
12
15
13
12
11
12
12
11
17
12
12
12
12
12
11
12
12
11
15
11
14
12
12
12
11
12
11
11
12
12
12
11
11
12
11
12
11
11
12
12
12
15
12
12
33
11
12
11
23
13
11
12
11
11
12
11
12
13
