24
20
21
18
18
23
41
22
18
20
20
22
17
20
27
22
22
19
29
17
20
24
17
71
19
27
18
18
19
19
112
35
19
28
20
23
20
21
47
20
23
23
26
18
21
20
23
20
19
22
19
21
17
16
23
18
68
20
20
18
21
17
22
22
18
21
18
19
22
16
21
17
16
19
20
20
17
23
16
20
18
19
17
27
17
23
16
17
57
25
22
21
26
24
17
25
17
17
23
22
18
19
20
18
18
19
34
21
19
18
16
19
28
21
23
17
25
28
16
16
19
18
22
18
18
20
19
20
17
16
18
17
22
54
17
22
19
26
22
18
22
19
68
21
23
17
19
22
22
16
20
19
24
19
16
16
43
26
17
21
17
22
25
16
23
23
18
18
21
23
21
20
18
23
18
28
17
19
25
20
16
18
23
40
18
22
18
19
25
20
18
18
27
20
21
19
19
20
19
27
25
19
24
17
17
21
70
21
28
17
20
21
18
25
23
20
24
16
23
18
21
19
146
63
24
29
18
18
41
16
17
17
17
37
18
24
34
20
21
16
24
20
23
17
24
17
16
19
18
101
18
19
16
17
17
18
48
18
19
17
23
21
17
19
16
20
20
16
22
19
23
84
27
16
19
18
22
18
17
17
17
21
18
23
20
16
18
18
33
25
18
18
19
17
16
16
30
20
17
14
29
19
17
19
18
16
37
19
20
19
18
16
19
17
21
17
16
18
30
41
39
17
33
44
17
21
50
16
55
25
22
56
18
43
29
27
32
27
45
31
34
38
49
24
21
19
24
57
68
36
15
27
87
43
46
59
60
35
19
21
38
29
86
26
24
35
35
71
81
55
76
36
37
19
39
36
40
107
108
74
33
17
21
23
30
25
18
18
71
27
17
27
18
17
16
15
19
18
24
16
20
23
20
23
20
24
88
20
18
17
24
15
19
34
17
19
16
15
16
23
18
23
25
17
16
29
19
18
16
16
16
20
21
34
16
25
16
16
33
16
15
24
27
18
20
19
18
18
13
41
20
17
20
16
17
19
55
20
20
19
20
25
20
16
20
13
61
20
18
21
16
25
18
18
22
18
22
23
15
34
46
31
15
47
15
16
17
87
49
20
18
17
61
20
17
23
20
21
22
20
