23
18
24
16
17
25
18
19
21
39
18
15
20
16
18
32
15
20
15
20
18
15
17
17
16
12
25
20
24
19
16
16
15
14
18
16
22
16
16
16
17
32
22
19
16
18
18
18
25
16
15
19
52
16
16
14
19
23
16
48
18
14
14
14
15
37
17
14
21
17
16
16
16
17
21
14
17
18
16
16
14
17
18
14
23
20
21
159
62
26
26
24
14
23
17
17
14
16
16
14
22
18
55
12
19
14
16
19
19
49
19
26
15
16
18
15
15
22
20
16
20
18
15
14
14
15
16
16
14
14
19
17
16
15
17
15
15
16
15
17
16
39
17
28
17
20
15
18
21
15
15
17
28
14
18
15
19
16
20
26
15
17
19
16
20
16
15
16
17
19
16
17
17
21
29
15
15
16
16
20
16
14
18
14
15
17
21
20
15
15
16
15
18
22
14
16
19
44
17
20
19
16
21
14
16
15
16
18
19
36
15
17
17
16
16
22
18
13
20
16
17
15
17
14
20
17
17
16
15
15
15
20
16
16
20
15
16
18
17
15
18
41
15
16
15
16
17
16
25
20
15
27
20
14
14
20
17
18
16
42
13
18
18
16
17
23
16
18
21
19
18
19
16
20
23
18
15
15
15
15
19
15
16
16
15
14
15
21
16
16
16
35
20
14
40
24
20
19
16
46
18
45
23
16
19
15
22
15
15
29
15
18
17
17
16
28
16
15
19
25
14
15
14
107
23
19
39
15
23
20
18
16
18
16
19
13
40
16
25
23
20
32
15
17
24
21
15
15
21
15
13
19
19
15
17
15
20
18
19
53
20
15
21
17
16
29
17
17
16
17
22
15
12
91
14
14
17
17
15
14
14
23
18
13
25
15
13
15
13
21
14
35
16
16
14
14
15
15
14
17
19
14
39
14
14
15
18
15
17
34
13
15
14
14
19
41
16
15
22
16
14
14
35
15
14
16
17
15
16
15
18
14
17
15
16
185
85
15
17
15
15
27
17
15
14
15
20
17
17
17
68
17
37
15
15
15
17
18
19
60
19
19
14
15
17
18
15
23
49
14
16
16
14
14
15
14
15
20
15
18
16
19
16
16
17
14
19
15
13
23
17
31
14
16
18
15
22
14
19
19
