56
55
19
26
38
50
17
17
16
17
17
17
18
17
19
17
20
13
30
18
16
17
18
19
16
22
17
18
17
21
18
17
19
30
20
18
18
17
19
17
19
19
17
19
19
18
18
24
17
23
111
15
20
21
18
23
16
18
14
30
19
21
25
81
18
18
17
38
16
16
17
16
16
20
16
18
17
17
20
17
18
16
18
34
17
18
17
25
19
15
20
17
17
16
16
17
17
18
17
21
17
22
19
21
16
22
19
16
21
21
20
16
17
36
17
17
17
36
16
17
20
15
17
17
17
16
15
17
18
15
20
20
22
40
16
17
19
17
17
16
22
16
16
19
17
21
19
23
17
21
19
17
16
18
17
16
16
19
17
18
18
17
15
27
18
15
18
25
15
17
17
17
16
18
17
16
20
21
17
19
17
15
21
27
24
21
17
16
17
17
19
19
17
19
23
15
16
16
17
17
16
25
18
16
23
23
16
16
20
19
17
134
35
75
17
17
20
105
15
18
15
17
21
16
16
19
18
16
17
17
16
16
16
22
16
17
23
25
16
17
19
18
16
26
24
21
45
16
40
18
15
17
17
19
19
19
18
20
17
18
23
17
43
37
19
17
18
16
18
17
19
16
16
35
17
17
19
17
24
17
16
18
16
46
51
15
17
16
20
17
17
17
17
21
22
16
17
17
20
16
18
16
18
17
18
23
20
17
22
22
16
15
21
47
16
16
18
34
24
23
17
17
21
16
16
18
16
18
19
18
21
23
19
34
18
21
19
20
17
20
16
19
16
37
25
16
17
20
19
16
21
18
18
16
16
18
20
18
21
19
17
18
16
30
16
22
18
45
17
20
22
25
15
26
20
17
20
16
19
20
20
21
18
19
16
22
18
14
15
16
16
19
16
25
107
17
22
17
18
18
20
21
15
28
17
17
17
22
17
22
16
19
22
28
17
17
16
27
19
16
15
16
17
19
16
17
23
16
17
17
23
18
17
31
17
18
18
16
17
20
18
19
24
20
16
16
25
18
16
20
17
17
17
16
22
23
35
16
17
16
15
15
16
30
18
26
15
30
49
17
19
16
16
20
16
20
23
16
17
16
20
16
17
22
16
18
15
17
16
18
20
16
17
27
15
18
18
19
16
17
