33
26
32
24
22
23
22
29
23
22
21
28
26
37
25
28
24
19
27
36
13
31
33
26
58
29
42
13
20
25
24
23
21
27
36
29
29
26
24
20
22
27
25
25
32
19
21
27
23
28
22
27
27
25
32
25
21
23
22
27
24
26
12
13
86
20
22
27
26
31
19
25
22
27
29
28
35
22
20
29
25
25
28
32
22
27
63
28
27
25
21
22
31
21
24
33
22
22
21
23
32
25
24
20
23
27
26
25
24
25
24
22
20
35
32
23
26
29
13
23
24
20
36
227
127
27
28
30
22
28
28
21
31
24
21
32
20
38
29
34
23
22
26
22
32
29
23
30
28
40
25
20
27
21
43
31
25
31
22
31
21
20
27
34
27
20
24
20
48
26
42
22
22
15
17
16
39
23
23
26
26
25
24
28
21
24
26
28
22
23
21
21
19
24
22
23
29
27
24
61
26
26
24
21
29
24
27
27
30
28
21
26
25
35
32
20
25
22
27
30
25
25
16
16
35
19
19
52
22
26
31
20
35
47
21
22
26
28
36
39
29
25
22
28
23
26
16
22
33
26
24
25
39
26
40
27
21
24
28
23
21
26
22
58
26
25
14
23
20
26
37
21
26
23
19
14
22
22
37
24
28
38
50
30
30
22
28
27
29
24
27
24
20
23
36
32
19
38
21
32
22
19
21
21
22
23
22
20
19
20
23
23
20
42
21
21
30
23
21
20
23
22
20
43
24
21
33
23
25
32
23
27
39
21
25
25
26
27
26
42
20
28
36
24
27
22
27
23
23
30
21
25
22
29
26
25
24
21
35
26
23
31
24
31
24
19
28
22
37
28
23
24
33
21
61
23
22
29
23
26
28
27
46
26
21
23
21
26
25
18
20
23
28
25
19
24
23
25
30
27
30
45
19
23
23
22
22
20
21
20
26
29
23
32
24
24
24
19
35
25
32
25
37
24
22
29
33
29
22
28
24
34
41
23
23
21
23
20
24
22
20
86
21
21
20
23
29
27
22
22
22
24
21
28
43
20
30
45
22
26
24
22
38
36
21
23
22
22
33
21
258
159
59
62
22
21
22
22
24
22
24
22
24
21
32
48
15
31
35
29
31
22
31
21
21
22
13
22
20
25
