59
25
32
73
24
29
31
23
23
28
24
25
24
22
29
24
24
26
25
21
34
30
23
26
26
24
23
25
42
23
26
16
108
24
21
29
24
24
31
23
24
26
26
22
22
26
28
65
22
23
25
27
26
48
22
41
25
22
35
26
22
27
24
28
34
22
28
23
22
32
26
25
48
23
34
22
23
29
67
21
25
21
23
23
28
28
23
26
23
22
29
26
27
25
29
31
24
61
23
22
23
21
23
18
19
37
24
22
23
23
22
48
25
23
48
24
29
23
23
23
27
23
23
21
26
23
23
22
54
22
22
22
33
23
28
24
25
23
21
26
33
39
25
27
24
25
22
72
23
29
22
23
24
38
24
24
24
25
23
27
22
31
25
23
48
31
24
27
28
28
28
22
21
31
27
29
27
26
31
27
24
23
23
24
30
26
27
21
23
26
24
28
22
23
25
23
30
39
31
23
26
23
21
36
30
23
33
48
24
50
23
25
22
23
35
26
22
25
29
23
26
83
26
25
20
26
21
22
26
26
28
22
21
28
25
22
23
23
28
23
30
22
22
24
37
31
23
39
26
22
24
27
21
53
28
24
23
21
25
23
24
23
22
26
36
28
21
21
22
24
24
34
23
24
24
23
25
26
23
24
22
22
26
29
27
24
21
24
32
22
25
21
22
25
24
28
28
37
25
28
34
21
24
40
38
28
27
31
25
21
28
21
20
22
31
22
23
23
23
24
22
21
21
26
23
27
22
25
156
61
62
27
28
25
29
21
23
32
21
22
22
23
21
44
24
27
24
47
23
28
20
22
22
51
30
22
27
21
27
25
32
25
20
22
29
28
22
91
24
29
21
22
23
22
29
25
26
21
17
25
23
28
21
22
28
21
30
23
25
36
21
22
23
24
33
22
23
107
25
29
30
24
23
34
29
26
26
23
25
28
23
22
25
24
32
29
21
50
23
70
23
29
21
27
22
21
32
24
39
23
35
21
23
22
29
22
20
23
37
22
21
21
25
20
26
23
22
65
23
27
23
28
25
29
26
25
23
27
55
25
27
20
24
23
61
29
25
21
23
26
21
21
33
23
27
22
36
44
58
22
19
22
22
22
21
25
22
22
26
22
24
28
23
23
23
21
23
39
28
26
