32
24
29
18
20
18
20
18
19
22
101
19
19
19
26
19
19
50
17
21
21
20
18
23
18
17
18
17
17
18
19
24
19
20
17
22
22
18
18
20
17
19
19
17
19
18
18
20
19
42
19
21
21
19
17
18
19
18
17
18
41
17
24
21
18
18
21
41
20
18
19
21
18
22
18
17
19
25
17
21
19
18
17
18
17
19
22
18
41
22
17
18
17
19
22
23
19
20
19
28
19
18
18
78
19
28
19
20
19
18
35
22
23
17
19
19
21
36
21
21
29
23
20
27
19
18
18
19
19
20
19
26
18
18
27
25
19
19
17
20
19
22
19
18
25
18
18
24
22
24
19
25
18
20
18
20
20
17
21
19
41
21
20
19
20
19
22
18
19
18
19
19
19
19
20
18
18
23
41
18
23
18
19
18
21
18
24
18
18
21
18
17
20
23
26
26
18
19
17
18
20
18
18
19
20
23
18
17
20
19
22
18
18
20
19
18
18
18
18
20
24
18
19
21
20
20
19
16
17
18
18
25
20
32
20
18
21
20
22
19
18
17
51
17
19
18
17
19
20
19
18
19
19
19
19
17
18
19
18
21
46
21
17
19
19
19
21
23
29
18
19
18
157
85
18
19
20
18
21
18
18
19
16
19
17
22
18
17
18
18
22
18
19
18
18
17
18
18
17
17
17
17
18
18
18
17
18
17
18
22
71
19
18
17
24
18
18
16
18
17
23
20
21
20
20
18
16
17
18
18
20
21
19
18
24
15
36
33
17
19
19
17
18
19
18
17
22
17
17
18
16
60
17
17
18
22
18
20
19
20
58
20
16
22
17
19
18
22
17
17
20
21
16
18
21
18
16
20
17
19
17
22
22
18
17
21
16
17
24
22
18
18
22
16
17
17
17
19
17
18
17
17
18
18
17
18
17
20
25
17
44
17
18
21
20
17
55
18
16
18
16
20
19
51
16
19
16
16
17
18
18
17
16
15
220
120
19
19
16
17
20
17
17
17
17
17
17
19
21
17
17
18
18
17
21
17
15
17
19
18
84
18
18
22
22
19
45
19
26
18
18
17
80
17
16
18
16
16
22
17
19
17
20
17
17
19
18
17
22
18
17
18
22
18
16
17
20
22
18
