46
27
32
33
29
34
31
31
37
31
32
30
66
30
33
28
30
40
31
29
27
41
36
34
32
35
19
26
36
28
25
33
31
32
27
33
34
30
28
46
28
35
44
27
25
25
34
26
39
56
45
33
31
28
33
29
28
29
33
35
31
27
28
28
26
41
28
31
28
41
65
45
31
327
229
133
338
37
26
34
29
27
31
25
34
30
29
29
26
52
30
33
34
29
32
31
29
27
26
35
46
34
35
27
28
26
24
30
29
27
30
37
49
33
31
27
38
28
27
27
28
35
28
37
29
35
28
27
27
20
21
39
29
47
31
29
26
29
26
31
28
28
30
27
30
29
28
33
25
34
33
35
34
30
30
27
29
31
27
31
26
39
21
30
42
38
33
28
29
28
26
35
29
21
20
22
21
97
30
31
27
35
32
34
32
30
28
30
33
35
29
35
30
29
27
27
28
26
31
34
25
37
27
30
30
25
28
27
32
28
34
33
62
29
30
29
40
16
18
103
32
32
91
30
38
14
20
34
42
35
36
37
31
28
33
52
28
27
71
67
28
39
38
27
33
26
30
33
30
35
33
51
34
28
25
33
33
36
28
29
32
35
83
31
35
53
31
29
30
29
35
44
27
30
23
69
31
27
27
41
29
26
30
34
29
29
28
36
57
56
27
37
30
35
30
33
30
27
32
28
28
34
39
31
42
36
27
28
30
30
32
34
30
35
30
36
35
26
36
44
43
58
32
27
26
32
34
44
27
30
34
34
29
34
30
30
28
33
37
31
27
26
46
27
30
29
40
25
31
40
28
35
28
30
27
29
32
27
37
33
33
44
79
39
41
28
25
18
29
17
20
49
28
26
26
30
26
32
27
39
34
27
35
31
17
32
30
32
33
28
24
28
29
25
27
35
29
31
28
27
31
31
30
28
32
30
32
26
30
47
29
34
66
28
33
28
27
28
29
39
124
23
33
26
27
30
35
33
25
31
27
31
29
29
25
31
29
27
38
29
29
29
33
32
26
27
25
27
32
39
27
33
28
33
28
26
31
32
26
30
28
32
53
32
26
28
27
28
35
31
55
33
28
32
27
42
32
29
25
29
32
33
31
34
26
28
26
32
30
26
38
28
32
31
29
34
32
31
25
31
