46
21
70
18
51
31
17
50
19
24
24
61
16
25
19
16
16
16
18
17
22
16
42
18
28
91
19
27
19
26
23
18
20
16
17
25
19
16
21
15
23
56
97
32
38
20
21
24
18
39
16
24
32
50
37
30
15
16
17
18
18
24
27
17
19
18
17
21
16
17
17
18
18
19
17
18
21
21
18
18
18
19
21
19
18
21
29
18
20
18
19
20
20
16
19
17
18
19
17
20
17
18
18
17
23
20
17
20
16
21
18
22
17
18
17
18
17
18
17
17
17
18
18
17
19
19
18
17
18
20
17
69
21
21
18
27
18
22
21
20
18
27
22
18
17
17
17
16
17
18
17
18
18
17
21
18
17
17
18
18
17
17
18
18
17
18
17
18
17
17
16
17
17
18
27
18
18
20
21
16
21
16
18
17
18
19
17
17
17
17
19
17
19
17
18
17
21
19
18
19
18
17
17
16
20
17
19
17
18
20
23
23
19
18
18
49
51
17
17
17
17
17
22
18
18
17
18
18
17
18
17
18
17
16
18
18
17
16
16
17
16
16
17
18
18
19
17
17
98
18
104
16
21
23
18
17
19
16
17
18
58
17
17
19
17
17
17
18
20
19
17
17
17
20
16
16
17
18
17
17
19
18
17
58
17
17
16
17
19
17
18
18
18
17
17
17
21
17
17
16
18
16
25
17
17
17
19
17
22
19
34
18
17
18
16
16
18
16
17
17
17
18
21
20
18
20
17
18
18
17
16
20
17
17
18
17
17
19
19
16
25
18
17
17
19
17
20
17
17
59
26
17
24
18
17
17
17
18
16
16
26
18
18
22
17
20
18
17
18
19
19
16
18
21
20
17
17
17
19
17
18
18
17
33
18
22
17
19
19
18
20
18
19
18
21
19
18
19
23
16
21
18
17
17
17
19
18
20
20
17
18
16
17
20
17
17
17
18
18
17
18
18
17
21
17
16
16
17
19
18
19
34
18
25
21
24
20
20
22
20
19
19
24
23
22
23
20
19
17
19
19
21
19
22
17
17
27
18
19
19
18
20
19
18
19
22
21
22
20
18
22
18
25
17
28
21
17
18
36
17
18
18
19
30
17
16
17
19
18
18
22
19
19
18
17
20
16
19
17
19
