28
24
49
22
30
25
23
24
23
22
25
22
25
22
30
23
25
25
23
23
24
22
23
24
23
23
23
22
24
23
23
22
22
25
22
23
23
23
25
25
31
22
26
23
26
25
28
24
22
22
23
25
31
21
21
26
23
21
23
26
25
22
25
22
22
23
24
24
24
29
22
24
30
22
25
22
27
23
26
20
23
22
23
22
31
21
22
28
21
22
23
21
23
22
22
20
31
24
23
19
25
24
22
28
23
23
22
25
35
21
25
21
20
22
22
25
24
24
24
29
24
26
24
21
22
22
22
21
21
23
20
19
21
32
27
21
24
23
25
21
21
21
22
24
23
28
25
24
26
21
24
23
23
23
24
24
25
21
26
21
18
23
29
21
28
25
26
20
29
22
23
31
24
22
23
18
79
22
25
23
21
21
24
53
26
24
24
24
26
22
25
23
24
28
23
31
28
25
22
20
23
65
21
23
21
24
21
24
22
22
39
21
23
24
22
32
23
22
28
21
21
21
22
27
23
22
27
30
24
23
21
21
21
32
28
21
22
23
24
23
24
23
26
28
26
35
22
22
25
20
22
94
20
24
22
24
22
22
25
21
22
23
28
26
24
24
22
24
22
21
27
27
24
21
21
42
24
25
40
22
26
23
21
44
23
21
25
24
24
24
22
24
21
25
25
23
22
22
36
23
27
35
25
21
24
23
23
26
28
23
22
24
23
27
26
23
24
24
27
22
24
26
24
27
26
21
21
22
23
24
21
25
22
23
23
23
26
21
23
22
25
24
23
28
22
25
23
22
22
21
22
40
21
23
24
23
21
26
23
21
22
21
21
23
22
27
24
23
21
27
23
28
20
22
25
23
29
23
23
23
22
25
24
22
22
27
22
41
21
22
22
21
23
21
22
16
18
32
24
23
23
31
23
26
23
21
24
20
22
22
25
25
27
23
22
26
22
22
22
23
33
24
23
22
22
22
25
21
23
22
27
33
21
25
24
20
21
20
22
27
27
22
21
22
42
23
22
21
27
22
23
20
22
25
22
27
22
73
24
21
21
21
22
21
24
28
26
24
23
26
23
21
21
23
23
22
22
22
23
22
23
26
38
23
23
29
21
23
22
22
21
24
24
25
34
41
28
22
23
22
