33
29
25
32
28
31
25
24
25
27
25
44
27
24
25
26
24
25
28
26
30
23
31
122
28
24
22
26
25
23
114
24
23
23
25
200
100
25
26
36
23
28
29
24
23
30
22
23
25
21
24
28
23
25
23
21
21
22
25
23
23
26
25
24
22
24
24
23
23
23
32
24
24
52
21
27
27
25
30
23
58
31
22
21
33
24
37
22
22
27
24
25
22
27
29
27
27
24
24
25
24
29
31
24
23
26
26
23
23
24
22
24
23
23
22
24
25
25
23
25
30
24
18
97
25
24
21
25
22
24
38
24
24
24
26
23
23
29
27
22
24
25
27
23
23
25
25
23
22
23
28
22
23
23
26
24
23
29
23
25
24
22
24
32
24
22
24
26
23
23
24
24
19
28
23
24
26
25
23
23
23
27
24
22
22
22
30
24
24
23
25
24
23
23
23
26
26
24
23
29
21
23
25
25
27
25
24
25
25
23
24
30
22
26
29
25
28
21
25
23
21
23
24
41
25
26
23
22
25
24
24
34
23
72
23
33
33
23
23
25
23
23
23
29
25
25
23
23
23
23
21
28
23
24
23
27
38
24
28
25
33
24
26
26
22
30
26
38
24
21
27
17
37
25
21
30
26
29
27
25
28
22
25
31
22
43
24
23
26
23
27
25
25
25
25
30
27
23
94
22
30
28
24
22
23
26
24
22
26
25
38
24
32
23
23
35
23
23
25
24
46
25
24
25
25
31
21
24
23
45
23
23
306
206
106
19
23
23
33
24
32
24
25
27
28
23
24
189
104
26
24
27
24
25
28
30
24
25
22
33
23
27
24
23
24
29
33
23
24
23
56
24
28
28
25
26
27
22
24
75
22
23
24
24
25
43
28
27
23
25
24
22
22
26
24
22
25
24
23
23
22
24
22
23
23
34
26
25
24
23
28
26
22
25
28
32
25
27
23
24
28
57
30
23
35
27
23
24
27
28
27
25
28
34
22
30
22
24
27
27
25
26
25
23
28
24
19
50
24
22
24
27
23
25
25
24
22
27
30
60
23
23
28
23
22
33
25
26
24
23
22
29
26
23
25
24
24
26
24
24
22
24
24
27
26
25
21
23
26
25
27
23
28
26
25
22
24
23
23
22
