213 ,0, 135, '44 48 47 46 47 45 48 39 51 40 71 39 ' ,'0 0 0 0 0 0 0 0 0 0 0 0 ' ,45 ,7 ,11, 11
1217 ,175, 1178, '488 932 411 398 374 373 903 340 331 418 424 1152 ' ,'0 0 0 0 0 0 0 0 0 0 0 0 ' ,275 ,3 ,8, 8
479 ,1204, 452, '346 344 305 307 315 287 317 323 302 294 433 283 ' ,'0 0 0 0 0 0 0 0 0 0 0 0 ' ,153 ,2 ,2, 2
512 ,467, 483, '396 342 378 368 390 464 347 336 314 383 340 329 ' ,'0 0 0 0 0 0 0 0 0 0 0 0 ' ,151 ,3 ,2, 2
647 ,494, 622, '607 403 378 335 344 362 333 364 339 309 357 358 ' ,'0 0 0 0 0 0 0 0 0 0 0 0 ' ,291 ,1 ,2, 2
594 ,638, 494, '383 376 413 434 349 365 329 352 328 352 480 362 ' ,'0 0 0 0 0 0 0 0 0 0 0 0 ' ,157 ,3 ,2, 2
591 ,591, 538, '376 374 431 431 325 544 333 341 364 346 360 364 ' ,'0 0 0 0 0 0 0 0 0 0 0 0 ' ,216 ,3 ,4, 4
465 ,573, 435, '401 418 387 402 393 337 350 317 360 321 339 322 ' ,'0 0 0 0 0 0 0 0 0 0 0 0 ' ,107 ,3 ,3, 3
540 ,452, 502, '349 360 362 353 315 345 321 306 310 314 489 326 ' ,'0 0 0 0 0 0 0 0 0 0 0 0 ' ,184 ,2 ,4, 4
497 ,522, 473, '347 335 341 298 301 304 319 324 306 327 457 313 ' ,'0 0 0 0 0 0 0 0 0 0 0 0 ' ,163 ,3 ,3, 3
415 ,491, 386, '372 326 317 346 319 266 290 256 252 289 281 269 ' ,'0 0 0 0 0 0 0 0 0 0 0 0 ' ,122 ,4 ,2, 2
412 ,405, 387, '326 331 353 330 344 372 306 281 297 311 314 284 ' ,'0 0 0 0 0 0 0 0 0 0 0 0 ' ,91 ,4 ,3, 3
484 ,403, 455, '365 351 337 344 323 445 312 315 283 281 355 294 ' ,'0 0 0 0 0 0 0 0 0 0 0 0 ' ,162 ,2 ,3, 3
576 ,471, 550, '539 371 369 387 324 313 340 317 379 343 336 348 ' ,'0 0 0 0 0 0 0 0 0 0 0 0 ' ,230 ,1 ,2, 2
576 ,566, 555, '384 382 380 370 336 345 329 316 353 395 535 339 ' ,'0 0 0 0 0 0 0 0 0 0 0 0 ' ,223 ,1 ,3, 3
505 ,570, 480, '440 346 404 379 343 353 356 328 360 348 470 329 ' ,'0 0 0 0 0 0 0 0 0 0 0 0 ' ,142 ,2 ,3, 3
509 ,496, 480, '468 437 388 378 339 395 394 332 366 368 392 378 ' ,'0 0 0 0 0 0 0 0 0 0 0 0 ' ,137 ,1 ,3, 3
441 ,497, 414, '386 360 349 380 379 341 318 359 316 328 359 315 ' ,'0 0 0 0 0 0 0 0 0 0 0 0 ' ,81 ,3 ,4, 4
508 ,423, 486, '365 384 402 357 461 355 379 413 373 355 351 335 ' ,'0 0 0 0 0 0 0 0 0 0 0 0 ' ,142 ,2 ,2, 2
518 ,501, 495, '355 389 422 402 380 359 356 336 324 467 348 315 ' ,'0 0 0 0 0 0 0 0 0 0 0 0 ' ,168 ,1 ,4, 4
447 ,506, 422, '392 382 385 357 335 348 365 338 338 398 356 343 ' ,'0 0 0 0 0 0 0 0 0 0 0 0 ' ,73 ,1 ,2, 2
446 ,435, 422, '404 393 353 373 290 309 329 318 287 359 328 340 ' ,'0 0 0 0 0 0 0 0 0 0 0 0 ' ,120 ,1 ,4, 4
449 ,435, 423, '350 378 384 368 360 291 364 321 303 394 315 320 ' ,'0 0 0 0 0 0 0 0 0 0 0 0 ' ,119 ,2 ,4, 4
449 ,436, 427, '316 410 370 387 324 304 335 353 327 335 303 316 ' ,'0 0 0 0 0 0 0 0 0 0 0 0 ' ,111 ,2 ,4, 4
427 ,441, 408, '369 381 394 313 333 332 324 294 309 334 304 293 ' ,'0 0 0 0 0 0 0 0 0 0 0 0 ' ,105 ,1 ,2, 2
426 ,416, 410, '375 370 397 368 301 322 321 324 335 323 310 267 ' ,'0 0 0 0 0 0 0 0 0 0 0 0 ' ,130 ,1 ,3, 3
394 ,420, 376, '339 354 363 326 256 309 311 332 317 331 286 300 ' ,'0 0 0 0 0 0 0 0 0 0 0 0 ' ,107 ,2 ,3, 3
390 ,384, 372, '302 316 360 334 306 299 254 294 291 282 309 304 ' ,'0 0 0 0 0 0 0 0 0 0 0 0 ' ,104 ,1 ,3, 3
417 ,380, 401, '355 358 387 318 322 351 302 302 312 324 296 295 ' ,'0 0 0 0 0 0 0 0 0 0 0 0 ' ,96 ,2 ,3, 3
491 ,408, 468, '324 366 334 295 305 290 300 321 272 312 456 284 ' ,'0 0 0 0 0 0 0 0 0 0 0 0 ' ,186 ,1 ,2, 2
442 ,487, 416, '400 355 311 318 347 290 281 327 279 286 273 235 ' ,'0 0 0 0 0 0 0 0 0 0 0 0 ' ,171 ,1 ,3, 3
430 ,434, 401, '322 390 337 372 344 317 334 348 316 299 336 327 ' ,'0 0 0 0 0 0 0 0 0 0 0 0 ' ,83 ,1 ,2, 2
525 ,418, 495, '375 328 403 358 325 479 350 371 347 349 345 313 ' ,'0 0 0 0 0 0 0 0 0 0 0 0 ' ,173 ,1 ,3, 3
470 ,511, 447, '407 380 405 435 343 331 362 379 352 393 342 352 ' ,'0 0 0 0 0 0 0 0 0 0 0 0 ' ,102 ,1 ,2, 2
463 ,463, 436, '382 386 425 418 411 394 384 369 371 397 362 355 ' ,'0 0 0 0 0 0 0 0 0 0 0 0 ' ,71 ,2 ,2, 2
485 ,455, 454, '401 411 442 435 356 404 354 340 378 346 348 365 ' ,'0 0 0 0 0 0 0 0 0 0 0 0 ' ,105 ,2 ,2, 2
463 ,467, 432, '393 420 374 409 398 370 365 363 341 325 365 351 ' ,'0 0 0 0 0 0 0 0 0 0 0 0 ' ,83 ,1 ,2, 2
451 ,451, 424, '392 400 409 383 398 372 331 334 337 337 402 364 ' ,'0 0 0 0 0 0 0 0 0 0 0 0 ' ,83 ,1 ,4, 4
526 ,437, 496, '478 359 374 411 361 339 377 329 351 321 312 331 ' ,'0 0 0 0 0 0 0 0 0 0 0 0 ' ,168 ,1 ,4, 4
480 ,513, 457, '400 367 360 338 314 440 322 320 319 292 289 349 ' ,'0 0 0 0 0 0 0 0 0 0 0 0 ' ,153 ,2 ,5, 5
499 ,468, 475, '350 378 365 377 331 315 306 319 301 389 455 358 ' ,'0 0 0 0 0 0 0 0 0 0 0 0 ' ,165 ,1 ,5, 5
565 ,492, 543, '529 434 364 398 352 350 293 291 328 289 324 372 ' ,'0 0 0 0 0 0 0 0 0 0 0 0 ' ,240 ,0 ,4, 4
644 ,558, 619, '398 429 368 380 378 601 346 337 326 404 314 355 ' ,'0 0 0 0 0 0 0 0 0 0 0 0 ' ,289 ,2 ,2, 2
508 ,631, 486, '469 357 401 329 358 324 312 340 306 331 320 357 ' ,'0 0 0 0 0 0 0 0 0 0 0 0 ' ,169 ,1 ,2, 2
425 ,497, 401, '352 386 385 377 312 320 347 345 327 324 314 333 ' ,'0 0 0 0 0 0 0 0 0 0 0 0 ' ,71 ,2 ,2, 2
449 ,413, 423, '326 353 401 371 322 325 289 269 331 330 290 342 ' ,'0 0 0 0 0 0 0 0 0 0 0 0 ' ,134 ,1 ,2, 2
455 ,431, 430, '333 341 352 356 345 411 312 319 324 346 282 331 ' ,'0 0 0 0 0 0 0 0 0 0 0 0 ' ,131 ,1 ,2, 2
471 ,440, 442, '393 327 326 356 418 319 313 308 295 299 305 331 ' ,'0 0 0 0 0 0 0 0 0 0 0 0 ' ,136 ,1 ,2, 2
481 ,453, 452, '433 325 318 383 316 310 302 295 310 330 319 320 ' ,'0 0 0 0 0 0 0 0 0 0 0 0 ' ,146 ,1 ,2, 2
427 ,466, 396, '360 373 344 379 326 307 293 306 313 360 346 351 ' ,'0 0 0 0 0 0 0 0 0 0 0 0 ' ,93 ,1 ,3, 3
423 ,410, 400, '364 384 348 355 310 380 334 319 329 332 338 348 ' ,'0 0 0 0 0 0 0 0 0 0 0 0 ' ,69 ,1 ,2, 2
581 ,410, 555, '534 382 366 386 369 345 384 359 335 329 343 363 ' ,'0 0 0 0 0 0 0 0 0 0 0 0 ' ,206 ,1 ,3, 3
609 ,568, 583, '564 431 387 408 347 391 371 387 375 406 378 361 ' ,'0 0 0 0 0 0 0 0 0 0 0 0 ' ,215 ,0 ,3, 3
435 ,593, 408, '389 382 359 389 329 328 381 367 322 356 376 349 ' ,'0 0 0 0 0 0 0 0 0 0 0 0 ' ,73 ,2 ,2, 2
454 ,420, 425, '386 393 409 364 350 342 346 336 376 351 352 383 ' ,'0 0 0 0 0 0 0 0 0 0 0 0 ' ,73 ,1 ,2, 2
607 ,432, 585, '567 396 363 389 387 344 397 422 349 347 386 383 ' ,'0 0 0 0 0 0 0 0 0 0 0 0 ' ,222 ,1 ,3, 3
624 ,598, 599, '580 453 423 381 355 328 355 343 338 428 343 343 ' ,'0 0 0 0 0 0 0 0 0 0 0 0 ' ,255 ,2 ,2, 2
515 ,611, 490, '382 410 396 410 411 346 347 344 380 378 469 324 ' ,'0 0 0 0 0 0 0 0 0 0 0 0 ' ,154 ,1 ,2, 2
539 ,507, 510, '416 436 381 372 372 489 367 363 356 383 393 383 ' ,'0 0 0 0 0 0 0 0 0 0 0 0 ' ,141 ,1 ,2, 2
461 ,520, 435, '385 411 379 397 339 344 349 376 353 381 355 346 ' ,'0 0 0 0 0 0 0 0 0 0 0 0 ' ,69 ,1 ,5, 5
471 ,445, 453, '430 363 376 354 349 339 323 343 339 366 356 357 ' ,'0 0 0 0 0 0 0 0 0 0 0 0 ' ,119 ,1 ,2, 2
482 ,464, 465, '395 362 376 351 317 446 326 306 333 337 322 306 ' ,'0 0 0 0 0 0 0 0 0 0 0 0 ' ,145 ,2 ,2, 2
418 ,473, 399, '375 383 362 369 309 347 302 320 316 329 314 294 ' ,'0 0 0 0 0 0 0 0 0 0 0 0 ' ,90 ,1 ,3, 3
565 ,407, 545, '522 362 401 334 340 296 325 312 338 347 303 284 ' ,'0 0 0 0 0 0 0 0 0 0 0 0 ' ,249 ,1 ,1, 1
426 ,555, 404, '379 353 355 375 323 322 313 289 314 295 291 272 ' ,'0 0 0 0 0 0 0 0 0 0 0 0 ' ,120 ,1 ,2, 2
467 ,414, 449, '391 380 348 320 310 282 328 328 334 304 426 311 ' ,'0 0 0 0 0 0 0 0 0 0 0 0 ' ,147 ,1 ,2, 2
526 ,458, 501, '359 396 358 346 347 293 325 324 336 299 478 277 ' ,'0 0 0 0 0 0 0 0 0 0 0 0 ' ,209 ,1 ,2, 2
514 ,513, 489, '370 366 354 374 291 299 333 314 323 402 475 332 ' ,'0 0 0 0 0 0 0 0 0 0 0 0 ' ,181 ,1 ,3, 3
476 ,505, 449, '359 353 329 382 320 429 335 309 340 364 328 339 ' ,'0 0 0 0 0 0 0 0 0 0 0 0 ' ,131 ,2 ,3, 3
458 ,462, 434, '378 377 369 390 318 424 318 347 363 392 310 364 ' ,'0 0 0 0 0 0 0 0 0 0 0 0 ' ,113 ,1 ,2, 2
586 ,451, 560, '377 381 410 374 332 536 399 365 392 347 338 332 ' ,'0 0 0 0 0 0 0 0 0 0 0 0 ' ,216 ,2 ,4, 4
448 ,577, 423, '401 398 387 357 344 365 341 361 349 395 329 357 ' ,'0 0 0 0 0 0 0 0 0 0 0 0 ' ,76 ,1 ,4, 4
505 ,438, 467, '389 452 437 382 401 447 351 331 391 370 345 373 ' ,'0 0 0 0 0 0 0 0 0 0 0 0 ' ,126 ,1 ,4, 4
471 ,485, 446, '369 377 414 415 412 437 369 347 369 331 282 356 ' ,'0 0 0 0 0 0 0 0 0 0 0 0 ' ,147 ,1 ,3, 3
468 ,459, 444, '349 383 409 419 412 380 341 311 349 348 317 364 ' ,'0 0 0 0 0 0 0 0 0 0 0 0 ' ,123 ,2 ,3, 3
419 ,457, 397, '368 363 356 383 364 316 310 315 312 311 309 312 ' ,'0 0 0 0 0 0 0 0 0 0 0 0 ' ,77 ,1 ,3, 3
419 ,410, 391, '372 340 356 373 292 323 342 296 321 363 306 296 ' ,'0 0 0 0 0 0 0 0 0 0 0 0 ' ,87 ,1 ,2, 2
410 ,409, 386, '364 373 363 371 357 312 322 324 323 303 298 290 ' ,'0 0 0 0 0 0 0 0 0 0 0 0 ' ,85 ,2 ,3, 3
411 ,397, 386, '371 343 366 358 304 313 330 313 273 289 307 302 ' ,'0 0 0 0 0 0 0 0 0 0 0 0 ' ,106 ,1 ,3, 3
448 ,398, 423, '351 357 335 364 394 322 314 312 336 303 337 299 ' ,'0 0 0 0 0 0 0 0 0 0 0 0 ' ,106 ,1 ,3, 3
403 ,436, 374, '334 355 365 359 318 333 314 271 292 319 264 301 ' ,'0 0 0 0 0 0 0 0 0 0 0 0 ' ,103 ,1 ,2, 2
412 ,389, 389, '366 376 354 355 301 296 320 305 302 328 306 300 ' ,'0 0 0 0 0 0 0 0 0 0 0 0 ' ,79 ,2 ,3, 3
396 ,396, 374, '306 354 360 336 343 310 307 319 292 316 292 301 ' ,'0 0 0 0 0 0 0 0 0 0 0 0 ' ,71 ,1 ,4, 4
395 ,384, 372, '342 315 354 348 327 345 304 325 304 341 295 297 ' ,'0 0 0 0 0 0 0 0 0 0 0 0 ' ,65 ,1 ,2, 2
436 ,385, 415, '379 371 364 381 379 316 337 331 313 327 315 316 ' ,'0 0 0 0 0 0 0 0 0 0 0 0 ' ,87 ,1 ,4, 4
449 ,425, 428, '383 370 406 407 395 366 326 354 348 297 320 349 ' ,'0 0 0 0 0 0 0 0 0 0 0 0 ' ,100 ,1 ,4, 4
463 ,443, 439, '428 396 327 408 366 353 325 340 384 338 314 382 ' ,'0 0 0 0 0 0 0 0 0 0 0 0 ' ,113 ,1 ,2, 2
556 ,455, 526, '376 414 407 391 436 358 345 356 378 417 507 387 ' ,'0 0 0 0 0 0 0 0 0 0 0 0 ' ,170 ,1 ,3, 3
482 ,542, 454, '433 392 350 390 381 351 356 405 394 311 402 359 ' ,'0 0 0 0 0 0 0 0 0 0 0 0 ' ,117 ,2 ,3, 3
508 ,471, 481, '392 341 337 390 393 338 342 353 369 368 458 340 ' ,'0 0 0 0 0 0 0 0 0 0 0 0 ' ,133 ,2 ,4, 4
455 ,499, 426, '396 356 345 342 384 327 334 344 356 388 299 354 ' ,'0 0 0 0 0 0 0 0 0 0 0 0 ' ,103 ,1 ,3, 3
575 ,440, 550, '530 356 349 325 324 307 325 303 292 347 316 300 ' ,'0 0 0 0 0 0 0 0 0 0 0 0 ' ,247 ,1 ,4, 4
608 ,564, 581, '560 343 368 318 295 293 300 297 269 354 353 278 ' ,'0 0 0 0 0 0 0 0 0 0 0 0 ' ,303 ,2 ,3, 3
454 ,597, 428, '349 294 344 383 319 406 304 291 283 297 302 299 ' ,'0 0 0 0 0 0 0 0 0 0 0 0 ' ,136 ,1 ,2, 2
435 ,442, 410, '326 309 293 311 283 390 276 297 286 287 286 294 ' ,'0 0 0 0 0 0 0 0 0 0 0 0 ' ,126 ,2 ,3, 3
526 ,429, 501, '479 334 343 339 330 282 299 318 306 299 293 284 ' ,'0 0 0 0 0 0 0 0 0 0 0 0 ' ,203 ,2 ,3, 3
420 ,512, 399, '378 340 327 350 315 303 295 291 303 297 365 309 ' ,'0 0 0 0 0 0 0 0 0 0 0 0 ' ,99 ,2 ,3, 3
514 ,413, 493, '467 317 337 329 310 308 288 305 326 277 290 305 ' ,'0 0 0 0 0 0 0 0 0 0 0 0 ' ,204 ,2 ,3, 3
504 ,507, 482, '318 333 327 359 313 461 286 302 288 290 303 318 ' ,'0 0 0 0 0 0 0 0 0 0 0 0 ' ,187 ,2 ,3, 3
535 ,499, 514, '490 355 355 352 369 318 328 310 328 294 321 318 ' ,'0 0 0 0 0 0 0 0 0 0 0 0 ' ,210 ,1 ,2, 2
506 ,528, 485, '390 371 378 386 364 466 349 337 341 354 338 324 ' ,'0 0 0 0 0 0 0 0 0 0 0 0 ' ,152 ,1 ,2, 2
449 ,500, 423, '396 369 397 384 371 331 358 309 311 327 344 356 ' ,'0 0 0 0 0 0 0 0 0 0 0 0 ' ,104 ,1 ,3, 3
531 ,434, 505, '482 444 393 387 395 366 367 370 362 341 351 334 ' ,'0 0 0 0 0 0 0 0 0 0 0 0 ' ,161 ,1 ,2, 2
616 ,518, 593, '564 411 402 415 372 351 353 368 352 374 336 369 ' ,'0 0 0 0 0 0 0 0 0 0 0 0 ' ,236 ,2 ,3, 3
474 ,608, 448, '382 437 437 432 400 367 347 392 368 381 329 383 ' ,'0 0 0 0 0 0 0 0 0 0 0 0 ' ,103 ,1 ,2, 2
496 ,468, 466, '436 389 403 389 339 340 409 354 374 401 358 342 ' ,'0 0 0 0 0 0 0 0 0 0 0 0 ' ,111 ,1 ,6, 6
481 ,478, 456, '427 377 382 382 396 347 347 323 370 336 341 363 ' ,'0 0 0 0 0 0 0 0 0 0 0 0 ' ,122 ,1 ,3, 3
640 ,471, 616, '464 388 408 379 419 593 379 366 340 330 328 340 ' ,'0 0 0 0 0 0 0 0 0 0 0 0 ' ,267 ,2 ,3, 3
591 ,632, 566, '399 355 377 346 331 547 314 347 335 356 334 347 ' ,'0 0 0 0 0 0 0 0 0 0 0 0 ' ,244 ,1 ,2, 2
464 ,586, 440, '412 364 371 375 330 402 318 358 343 343 333 345 ' ,'0 0 0 0 0 0 0 0 0 0 0 0 ' ,105 ,2 ,3, 3
598 ,457, 567, '355 350 381 361 324 546 307 349 340 368 319 315 ' ,'0 0 0 0 0 0 0 0 0 0 0 0 ' ,251 ,1 ,3, 3
443 ,581, 415, '388 340 321 320 331 339 332 306 302 357 304 321 ' ,'0 0 0 0 0 0 0 0 0 0 0 0 ' ,103 ,1 ,3, 3
403 ,429, 379, '354 357 344 346 280 313 305 305 312 292 335 298 ' ,'0 0 0 0 0 0 0 0 0 0 0 0 ' ,69 ,1 ,3, 3
510 ,394, 487, '325 300 373 343 347 467 311 300 272 293 314 306 ' ,'0 0 0 0 0 0 0 0 0 0 0 0 ' ,208 ,2 ,3, 3
488 ,503, 464, '374 348 309 328 312 321 275 281 291 314 442 311 ' ,'0 0 0 0 0 0 0 0 0 0 0 0 ' ,175 ,2 ,3, 3
450 ,480, 425, '328 358 329 337 319 404 307 298 268 305 309 279 ' ,'0 0 0 0 0 0 0 0 0 0 0 0 ' ,145 ,1 ,3, 3
562 ,442, 537, '361 375 355 343 315 317 320 326 332 320 517 314 ' ,'0 0 0 0 0 0 0 0 0 0 0 0 ' ,213 ,2 ,3, 3
454 ,550, 429, '329 353 347 348 287 343 325 316 311 346 403 400 ' ,'0 0 0 0 0 0 0 0 0 0 0 0 ' ,108 ,2 ,3, 3
472 ,442, 448, '351 329 365 330 409 307 370 289 334 285 366 295 ' ,'0 0 0 0 0 0 0 0 0 0 0 0 ' ,147 ,1 ,3, 3
510 ,465, 481, '455 361 362 372 298 348 342 323 320 367 323 347 ' ,'0 0 0 0 0 0 0 0 0 0 0 0 ' ,157 ,2 ,3, 3
543 ,495, 519, '319 393 359 346 275 330 279 348 297 371 493 337 ' ,'0 0 0 0 0 0 0 0 0 0 0 0 ' ,230 ,2 ,3, 3
666 ,532, 644, '620 373 374 362 356 342 381 335 339 374 326 355 ' ,'0 0 0 0 0 0 0 0 0 0 0 0 ' ,298 ,2 ,3, 3
560 ,659, 536, '509 400 422 406 385 372 367 361 337 328 329 337 ' ,'0 0 0 0 0 0 0 0 0 0 0 0 ' ,188 ,1 ,3, 3
605 ,550, 579, '429 402 397 388 377 554 440 357 347 412 314 330 ' ,'0 0 0 0 0 0 0 0 0 0 0 0 ' ,246 ,1 ,4, 4
507 ,596, 476, '451 399 385 408 365 346 396 386 367 366 423 400 ' ,'0 0 0 0 0 0 0 0 0 0 0 0 ' ,106 ,2 ,3, 3
569 ,493, 540, '396 371 357 406 388 519 331 346 350 313 345 329 ' ,'0 0 0 0 0 0 0 0 0 0 0 0 ' ,201 ,1 ,2, 2
525 ,560, 502, '478 376 370 402 342 362 326 348 312 363 337 337 ' ,'0 0 0 0 0 0 0 0 0 0 0 0 ' ,181 ,2 ,3, 3
552 ,518, 524, '373 340 354 378 387 294 344 317 337 353 496 320 ' ,'0 0 0 0 0 0 0 0 0 0 0 0 ' ,202 ,1 ,3, 3
449 ,539, 419, '385 341 403 330 344 329 342 366 299 329 319 373 ' ,'0 0 0 0 0 0 0 0 0 0 0 0 ' ,109 ,2 ,3, 3
474 ,434, 447, '356 370 365 305 345 298 306 331 289 290 419 364 ' ,'0 0 0 0 0 0 0 0 0 0 0 0 ' ,146 ,1 ,3, 3
515 ,462, 488, '460 345 339 345 354 330 293 295 318 315 300 289 ' ,'0 0 0 0 0 0 0 0 0 0 0 0 ' ,186 ,2 ,3, 3
416 ,503, 394, '370 334 312 363 296 313 315 290 272 306 311 296 ' ,'0 0 0 0 0 0 0 0 0 0 0 0 ' ,115 ,2 ,2, 2
517 ,410, 496, '482 349 349 350 331 304 290 320 338 309 336 292 ' ,'0 0 0 0 0 0 0 0 0 0 0 0 ' ,190 ,2 ,3, 3
389 ,506, 370, '334 357 357 335 327 326 285 343 307 310 323 342 ' ,'0 0 0 0 0 0 0 0 0 0 0 0 ' ,70 ,2 ,2, 2
411 ,381, 391, '365 378 358 338 303 314 324 326 339 303 338 326 ' ,'0 0 0 0 0 0 0 0 0 0 0 0 ' ,79 ,2 ,2, 2
435 ,399, 414, '382 396 400 339 353 357 350 357 347 341 342 332 ' ,'0 0 0 0 0 0 0 0 0 0 0 0 ' ,67 ,1 ,3, 3
484 ,426, 465, '446 398 380 338 389 361 345 377 381 367 356 330 ' ,'0 0 0 0 0 0 0 0 0 0 0 0 ' ,121 ,2 ,1, 1
490 ,474, 467, '449 393 428 430 350 343 370 354 355 416 350 383 ' ,'0 0 0 0 0 0 0 0 0 0 0 0 ' ,112 ,2 ,4, 4
463 ,480, 442, '408 426 401 390 404 424 355 290 372 332 323 341 ' ,'0 0 0 0 0 0 0 0 0 0 0 0 ' ,141 ,2 ,4, 4
475 ,451, 449, '433 431 410 379 407 342 375 342 360 341 374 352 ' ,'0 0 0 0 0 0 0 0 0 0 0 0 ' ,95 ,1 ,3, 3
443 ,461, 420, '404 409 398 401 370 399 382 353 346 352 373 325 ' ,'0 0 0 0 0 0 0 0 0 0 0 0 ' ,84 ,0 ,3, 3
466 ,434, 447, '432 394 383 404 359 391 350 352 355 357 373 345 ' ,'0 0 0 0 0 0 0 0 0 0 0 0 ' ,90 ,1 ,3, 3
451 ,462, 426, '405 408 413 398 337 311 364 284 326 353 319 323 ' ,'0 0 0 0 0 0 0 0 0 0 0 0 ' ,131 ,1 ,3, 3
471 ,439, 446, '389 383 430 373 362 377 319 304 300 313 334 308 ' ,'0 0 0 0 0 0 0 0 0 0 0 0 ' ,134 ,2 ,5, 5
437 ,457, 413, '319 380 329 400 332 365 328 313 280 342 341 351 ' ,'0 0 0 0 0 0 0 0 0 0 0 0 ' ,123 ,2 ,2, 2
410 ,423, 391, '359 330 365 332 301 354 277 305 301 280 277 299 ' ,'0 0 0 0 0 0 0 0 0 0 0 0 ' ,103 ,1 ,1, 1
575 ,407, 549, '521 367 320 377 311 300 305 332 308 271 311 329 ' ,'0 0 0 0 0 0 0 0 0 0 0 0 ' ,248 ,1 ,3, 3
497 ,567, 470, '443 359 341 377 366 348 315 339 304 335 315 309 ' ,'0 0 0 0 0 0 0 0 0 0 0 0 ' ,156 ,1 ,3, 3
661 ,484, 636, '605 346 322 373 363 337 357 346 352 334 309 355 ' ,'0 0 0 0 0 0 0 0 0 0 0 0 ' ,301 ,1 ,3, 3
569 ,652, 540, '513 363 350 398 385 358 345 365 339 337 331 311 ' ,'0 0 0 0 0 0 0 0 0 0 0 0 ' ,217 ,2 ,3, 3
568 ,559, 542, '509 369 390 369 410 363 385 306 365 342 406 367 ' ,'0 0 0 0 0 0 0 0 0 0 0 0 ' ,223 ,1 ,3, 3
472 ,562, 441, '411 377 390 411 403 379 332 352 365 318 305 344 ' ,'0 0 0 0 0 0 0 0 0 0 0 0 ' ,107 ,1 ,2, 2
471 ,459, 442, '409 387 361 426 384 399 378 376 351 381 375 371 ' ,'0 0 0 0 0 0 0 0 0 0 0 0 ' ,81 ,1 ,4, 4
561 ,458, 527, '421 413 397 377 456 350 386 388 352 355 502 378 ' ,'0 0 0 0 0 0 0 0 0 0 0 0 ' ,166 ,2 ,3, 3
660 ,546, 636, '609 418 383 374 385 362 374 367 400 380 358 328 ' ,'0 0 0 0 0 0 0 0 0 0 0 0 ' ,297 ,2 ,4, 4
442 ,649, 418, '360 394 392 353 379 377 360 313 336 374 307 328 ' ,'0 0 0 0 0 0 0 0 0 0 0 0 ' ,93 ,1 ,3, 3
451 ,429, 429, '354 318 333 380 324 311 328 313 309 337 397 324 ' ,'0 0 0 0 0 0 0 0 0 0 0 0 ' ,109 ,2 ,2, 2
469 ,444, 437, '328 336 343 358 322 411 328 303 287 306 313 300 ' ,'0 0 0 0 0 0 0 0 0 0 0 0 ' ,140 ,1 ,3, 3
488 ,453, 460, '370 357 355 367 311 435 307 336 283 314 336 333 ' ,'0 0 0 0 0 0 0 0 0 0 0 0 ' ,167 ,1 ,2, 2
535 ,475, 508, '372 351 337 371 369 320 332 338 338 351 479 314 ' ,'0 0 0 0 0 0 0 0 0 0 0 0 ' ,179 ,1 ,3, 3
463 ,525, 436, '349 323 354 387 329 324 338 337 356 312 408 371 ' ,'0 0 0 0 0 0 0 0 0 0 0 0 ' ,104 ,2 ,3, 3
457 ,454, 430, '402 367 348 386 365 303 341 304 292 312 327 313 ' ,'0 0 0 0 0 0 0 0 0 0 0 0 ' ,128 ,1 ,3, 3
652 ,448, 627, '589 406 364 379 392 317 313 335 319 373 342 309 ' ,'0 0 0 0 0 0 0 0 0 0 0 0 ' ,305 ,3 ,5, 5
474 ,639, 451, '414 377 368 376 390 422 363 370 371 359 346 382 ' ,'0 0 0 0 0 0 0 0 0 0 0 0 ' ,78 ,1 ,4, 4
546 ,466, 516, '394 416 391 405 362 319 331 389 332 358 488 442 ' ,'0 0 0 0 0 0 0 0 0 0 0 0 ' ,174 ,1 ,4, 4
501 ,537, 474, '373 414 362 384 374 343 313 364 392 424 449 424 ' ,'0 0 0 0 0 0 0 0 0 0 0 0 ' ,151 ,2 ,4, 4
584 ,487, 551, '415 424 383 417 411 364 404 346 338 371 523 353 ' ,'0 0 0 0 0 0 0 0 0 0 0 0 ' ,201 ,1 ,3, 3
566 ,569, 548, '515 427 409 393 407 361 378 409 366 367 370 364 ' ,'0 0 0 0 0 0 0 0 0 0 0 0 ' ,171 ,2 ,4, 4
513 ,559, 490, '407 401 437 396 380 469 364 376 346 383 389 366 ' ,'0 0 0 0 0 0 0 0 0 0 0 0 ' ,134 ,2 ,4, 4
507 ,506, 487, '365 350 390 365 375 459 336 395 347 340 358 333 ' ,'0 0 0 0 0 0 0 0 0 0 0 0 ' ,143 ,1 ,3, 3
438 ,499, 419, '388 377 367 352 347 360 348 308 326 371 316 316 ' ,'0 0 0 0 0 0 0 0 0 0 0 0 ' ,99 ,2 ,3, 3
475 ,431, 454, '426 332 351 340 359 296 318 304 308 338 322 311 ' ,'0 0 0 0 0 0 0 0 0 0 0 0 ' ,138 ,2 ,2, 2
413 ,466, 387, '341 337 349 362 349 290 351 294 317 303 300 316 ' ,'0 0 0 0 0 0 0 0 0 0 0 0 ' ,81 ,2 ,3, 3
427 ,404, 405, '350 368 341 325 336 368 366 306 302 359 305 346 ' ,'0 0 0 0 0 0 0 0 0 0 0 0 ' ,94 ,2 ,3, 3
442 ,422, 419, '380 374 336 367 330 364 346 351 348 340 370 393 ' ,'0 0 0 0 0 0 0 0 0 0 0 0 ' ,71 ,1 ,3, 3
496 ,433, 471, '373 393 366 394 331 345 353 332 351 406 437 336 ' ,'0 0 0 0 0 0 0 0 0 0 0 0 ' ,128 ,2 ,3, 3
701 ,487, 670, '644 407 389 329 365 342 353 338 366 376 318 391 ' ,'0 0 0 0 0 0 0 0 0 0 0 0 ' ,331 ,2 ,3, 3
479 ,693, 455, '395 349 398 410 365 347 354 342 366 332 422 346 ' ,'0 0 0 0 0 0 0 0 0 0 0 0 ' ,100 ,1 ,3, 3
506 ,470, 480, '426 433 398 385 351 342 366 357 356 391 448 390 ' ,'0 0 0 0 0 0 0 0 0 0 0 0 ' ,115 ,2 ,3, 3
584 ,495, 561, '533 355 401 406 345 353 427 351 337 366 345 356 ' ,'0 0 0 0 0 0 0 0 0 0 0 0 ' ,214 ,1 ,4, 4
569 ,575, 541, '447 353 396 412 398 511 400 386 353 356 375 377 ' ,'0 0 0 0 0 0 0 0 0 0 0 0 ' ,179 ,2 ,3, 3
514 ,554, 489, '396 395 425 392 437 359 382 381 407 330 405 381 ' ,'0 0 0 0 0 0 0 0 0 0 0 0 ' ,107 ,2 ,4, 4
507 ,621, 484, '409 436 410 397 383 342 396 351 390 356 451 456 ' ,'0 0 0 0 0 0 0 0 0 0 0 0 ' ,120 ,1 ,3, 3
530 ,502, 502, '468 415 393 384 431 339 342 340 324 346 364 360 ' ,'0 0 0 0 0 0 0 0 0 0 0 0 ' ,168 ,2 ,2, 2
479 ,521, 450, '382 334 375 377 381 314 348 305 338 341 420 309 ' ,'0 0 0 0 0 0 0 0 0 0 0 0 ' ,131 ,2 ,3, 3
448 ,464, 419, '381 354 309 351 311 315 275 282 302 354 388 311 ' ,'0 0 0 0 0 0 0 0 0 0 0 0 ' ,135 ,1 ,2, 2
578 ,437, 552, '521 394 352 495 296 283 335 317 298 314 325 317 ' ,'0 0 0 161 0 0 0 0 0 0 0 0 ' ,244 ,2 ,3, 3
431 ,571, 403, '362 374 338 335 279 374 316 304 314 357 323 313 ' ,'0 0 0 0 0 0 0 0 0 0 0 0 ' ,87 ,2 ,3, 3
443 ,418, 417, '344 354 375 377 308 300 302 324 316 300 385 342 ' ,'0 0 0 0 0 0 0 0 0 0 0 0 ' ,108 ,2 ,1, 1
500 ,433, 472, '332 337 311 391 284 309 333 305 311 328 426 317 ' ,'0 0 0 0 0 0 0 0 0 0 0 0 ' ,154 ,2 ,3, 3
468 ,491, 443, '429 343 322 355 371 320 304 314 317 336 305 348 ' ,'0 0 0 0 0 0 0 0 0 0 0 0 ' ,127 ,2 ,3, 3
430 ,548, 407, '333 323 308 366 300 304 345 318 293 365 327 346 ' ,'0 0 0 0 0 0 0 0 0 0 0 0 ' ,104 ,2 ,2, 2
467 ,417, 442, '351 358 348 404 398 327 317 362 349 282 381 304 ' ,'0 0 0 0 0 0 0 0 0 0 0 0 ' ,123 ,2 ,3, 3
513 ,453, 490, '362 395 382 404 442 289 354 354 366 343 340 321 ' ,'0 0 0 0 0 0 0 0 0 0 0 0 ' ,192 ,2 ,2, 2
489 ,505, 468, '385 369 425 457 396 351 382 331 354 362 343 375 ' ,'0 0 0 0 0 0 0 0 0 0 0 0 ' ,125 ,2 ,2, 2
476 ,483, 454, '376 427 410 362 377 399 439 359 392 406 335 336 ' ,'0 0 0 0 0 0 0 0 0 0 0 0 ' ,108 ,2 ,2, 2
471 ,468, 449, '407 413 424 417 400 305 414 373 380 379 333 348 ' ,'0 0 0 0 0 0 0 0 0 0 0 0 ' ,135 ,2 ,2, 2
425 ,467, 399, '351 373 374 379 310 311 324 379 308 337 316 344 ' ,'0 0 0 0 0 0 0 0 0 0 0 0 ' ,80 ,2 ,4, 4
462 ,413, 441, '364 426 396 379 384 319 360 323 337 331 327 343 ' ,'0 0 0 0 0 0 0 0 0 0 0 0 ' ,112 ,2 ,3, 3
420 ,452, 399, '368 364 360 364 308 310 313 323 316 355 338 293 ' ,'0 0 0 0 0 0 0 0 0 0 0 0 ' ,94 ,2 ,2, 2
452 ,410, 430, '324 326 314 358 282 312 361 313 319 387 346 336 ' ,'0 0 0 0 0 0 0 0 0 0 0 0 ' ,106 ,2 ,3, 3
413 ,442, 391, '363 376 369 360 341 301 293 319 326 289 324 318 ' ,'0 0 0 0 0 0 0 0 0 0 0 0 ' ,87 ,1 ,3, 3
406 ,403, 386, '333 341 323 374 299 316 324 321 289 347 318 308 ' ,'0 0 0 0 0 0 0 0 0 0 0 0 ' ,88 ,2 ,2, 2
404 ,401, 383, '342 361 302 360 290 307 343 306 311 327 322 291 ' ,'0 0 0 0 0 0 0 0 0 0 0 0 ' ,84 ,2 ,2, 2
498 ,398, 477, '436 320 312 383 318 334 360 294 333 326 306 313 ' ,'0 0 0 0 0 0 0 0 0 0 0 0 ' ,169 ,2 ,3, 3
437 ,491, 418, '362 363 352 406 342 358 333 362 322 313 342 318 ' ,'0 0 0 0 0 0 0 0 0 0 0 0 ' ,95 ,2 ,1, 1
504 ,432, 483, '368 373 368 397 371 449 348 338 357 339 359 333 ' ,'0 0 0 0 0 0 0 0 0 0 0 0 ' ,138 ,2 ,3, 3
628 ,634, 609, '570 400 402 402 359 360 343 326 339 340 364 355 ' ,'0 0 0 0 0 0 0 0 0 0 0 0 ' ,270 ,2 ,4, 4
564 ,624, 538, '370 405 401 412 407 504 344 348 353 405 389 355 ' ,'0 0 0 0 0 0 0 0 0 0 0 0 ' ,184 ,2 ,4, 4
621 ,552, 489, '428 396 454 387 441 325 460 350 336 347 332 357 ' ,'0 0 0 0 0 0 0 0 0 0 0 0 ' ,142 ,2 ,3, 3
526 ,607, 503, '440 426 347 435 362 367 456 358 372 390 470 331 ' ,'0 0 0 0 0 0 0 0 0 0 0 0 ' ,157 ,2 ,4, 4
618 ,520, 594, '552 402 386 366 381 337 340 327 386 365 365 351 ' ,'0 0 0 0 0 0 0 0 0 0 0 0 ' ,257 ,2 ,3, 3
437 ,612, 412, '357 397 389 387 326 322 388 327 312 345 325 340 ' ,'0 0 0 0 0 0 0 0 0 0 0 0 ' ,91 ,2 ,2, 2
576 ,427, 550, '361 381 355 426 363 514 330 326 330 329 351 335 ' ,'0 0 0 0 0 0 0 0 0 0 0 0 ' ,208 ,2 ,2, 2
441 ,562, 418, '375 354 326 344 325 305 332 323 306 337 291 315 ' ,'0 0 0 0 0 0 0 0 0 0 0 0 ' ,100 ,2 ,1, 1
466 ,429, 440, '322 313 333 324 350 295 284 282 315 294 409 293 ' ,'0 0 0 0 0 0 0 0 0 0 0 0 ' ,148 ,2 ,3, 3
454 ,460, 427, '334 344 348 305 302 306 296 278 291 361 399 306 ' ,'0 0 0 0 0 0 0 0 0 0 0 0 ' ,137 ,1 ,2, 2
441 ,606, 410, '346 317 360 381 273 265 327 319 303 272 375 305 ' ,'0 0 0 0 0 0 0 0 0 0 0 0 ' ,118 ,2 ,2, 2
426 ,426, 402, '362 332 347 353 312 292 327 301 309 358 304 335 ' ,'0 0 0 0 0 0 0 0 0 0 0 0 ' ,89 ,2 ,3, 3
568 ,417, 539, '503 384 405 360 341 325 351 329 369 320 332 328 ' ,'0 0 0 0 0 0 0 0 0 0 0 0 ' ,201 ,3 ,3, 3
459 ,556, 432, '353 370 376 389 348 402 388 363 385 375 354 371 ' ,'0 0 0 0 0 0 0 0 0 0 0 0 ' ,56 ,1 ,3, 3
449 ,458, 424, '382 371 402 394 342 332 399 333 370 378 349 333 ' ,'0 0 0 0 0 0 0 0 0 0 0 0 ' ,81 ,1 ,1, 1
566 ,441, 542, '387 394 432 447 362 375 400 387 359 397 496 373 ' ,'0 0 0 0 0 0 0 0 0 0 0 0 ' ,173 ,2 ,3, 3
623 ,759, 596, '383 407 418 489 417 366 345 390 365 333 558 364 ' ,'0 0 0 0 0 0 0 0 0 0 0 0 ' ,237 ,3 ,3, 3
604 ,610, 581, '543 411 407 478 367 371 380 386 325 359 400 314 ' ,'0 0 0 0 0 0 0 0 0 0 0 0 ' ,252 ,2 ,4, 4
560 ,597, 533, '494 437 438 425 347 364 397 358 345 351 402 384 ' ,'0 0 0 0 0 0 0 0 0 0 0 0 ' ,177 ,2 ,4, 4
660 ,547, 629, '592 425 367 445 362 373 373 336 334 407 352 372 ' ,'0 0 0 0 0 0 0 0 0 0 0 0 ' ,283 ,2 ,3, 3
466 ,644, 445, '392 383 424 393 365 350 393 339 359 338 406 363 ' ,'0 0 0 0 0 0 0 0 0 0 0 0 ' ,93 ,2 ,4, 4
504 ,461, 480, '379 334 408 387 336 442 393 348 315 348 338 343 ' ,'0 0 0 0 0 0 0 0 0 0 0 0 ' ,153 ,2 ,3, 3
494 ,496, 470, '432 340 397 398 357 300 408 316 338 341 331 338 ' ,'0 0 0 0 0 0 0 0 0 0 0 0 ' ,140 ,3 ,3, 3
476 ,486, 453, '344 360 352 359 319 387 350 324 347 406 340 330 ' ,'0 0 0 0 0 0 0 0 0 0 0 0 ' ,117 ,1 ,3, 3
461 ,468, 428, '345 317 323 372 290 325 297 286 277 373 277 329 ' ,'0 0 0 0 0 0 0 0 0 0 0 0 ' ,141 ,2 ,2, 2
528 ,448, 499, '354 344 359 322 360 300 330 299 317 323 292 310 ' ,'0 0 0 0 0 0 0 0 0 0 0 0 ' ,113 ,2 ,2, 2
655 ,511, 623, '334 370 344 400 345 319 352 330 294 560 339 306 ' ,'0 0 0 0 0 0 0 0 0 163 0 0 ' ,320 ,2 ,3, 3
519 ,640, 492, '452 357 329 348 323 310 338 342 351 392 322 358 ' ,'0 0 0 0 0 0 0 0 0 0 0 0 ' ,152 ,2 ,3, 3
470 ,508, 444, '399 400 351 390 310 322 372 356 343 342 309 335 ' ,'0 0 0 0 0 0 0 0 0 0 0 0 ' ,97 ,2 ,3, 3
559 ,456, 530, '367 402 351 459 342 426 374 514 328 374 328 329 ' ,'0 0 0 0 0 0 0 145 0 0 0 0 ' ,191 ,2 ,3, 3
536 ,546, 504, '401 419 421 437 414 372 358 354 381 442 326 369 ' ,'0 0 0 0 0 0 0 0 0 0 0 0 ' ,146 ,2 ,4, 4
514 ,527, 493, '360 416 414 419 404 457 394 411 357 392 336 317 ' ,'0 0 0 0 0 0 0 0 0 0 0 0 ' ,162 ,2 ,3, 3
572 ,508, 554, '442 427 433 391 395 518 382 347 374 353 348 300 ' ,'0 0 0 0 0 0 0 0 0 0 0 0 ' ,240 ,2 ,4, 4
509 ,564, 489, '446 386 387 418 325 315 374 344 354 363 323 307 ' ,'0 0 0 0 0 0 0 0 0 0 0 0 ' ,171 ,2 ,3, 3
526 ,502, 506, '388 369 317 312 341 340 316 330 312 329 347 329 ' ,'0 0 0 0 0 0 0 0 0 0 0 0 ' ,183 ,2 ,3, 3
427 ,520, 408, '366 315 388 370 351 342 300 323 315 311 365 311 ' ,'0 0 0 0 0 0 0 0 0 0 0 0 ' ,96 ,3 ,2, 2
463 ,423, 445, '369 313 368 344 341 324 318 339 298 357 310 334 ' ,'0 0 0 0 0 0 0 0 0 0 0 0 ' ,136 ,27 ,4, 4
537 ,457, 441, '344 366 329 346 333 406 274 312 309 329 288 295 ' ,'0 0 0 0 0 0 0 0 0 0 0 0 ' ,153 ,2 ,3, 3
463 ,529, 438, '361 350 334 389 358 256 296 307 295 344 400 301 ' ,'0 0 0 0 0 0 0 0 0 0 0 0 ' ,149 ,2 ,3, 3
469 ,451, 444, '352 427 319 330 253 289 291 281 307 341 407 306 ' ,'0 0 0 0 0 0 0 0 0 0 0 0 ' ,153 ,2 ,1, 1
586 ,455, 557, '512 327 314 305 306 295 348 259 316 392 317 313 ' ,'0 0 0 0 0 0 0 0 0 0 0 0 ' ,285 ,2 ,3, 3
483 ,575, 458, '383 368 359 321 347 309 283 265 308 355 283 289 ' ,'0 0 0 0 0 0 0 0 0 0 0 0 ' ,178 ,30 ,4, 4
439 ,476, 417, '343 348 299 332 300 286 328 314 322 361 357 310 ' ,'0 0 0 0 0 0 0 0 0 0 0 0 ' ,118 ,2 ,3, 3
407 ,428, 382, '360 280 317 347 331 280 348 287 314 296 288 306 ' ,'0 0 0 0 0 0 0 0 0 0 0 0 ' ,98 ,2 ,1, 1
434 ,398, 413, '277 349 307 364 283 300 284 251 246 359 278 350 ' ,'0 0 0 0 0 0 0 0 0 0 0 0 ' ,157 ,2 ,3, 3
413 ,424, 392, '314 323 343 336 333 286 323 286 302 325 315 365 ' ,'0 0 0 0 0 0 0 0 0 0 0 0 ' ,96 ,2 ,3, 3
431 ,406, 406, '346 318 310 314 316 291 299 266 301 357 263 292 ' ,'0 0 0 0 0 0 0 0 0 0 0 0 ' ,130 ,2 ,3, 3
464 ,421, 439, '348 382 336 296 388 323 372 352 340 334 321 355 ' ,'0 0 0 0 0 0 0 0 0 0 0 0 ' ,132 ,2 ,3, 3
499 ,450, 477, '386 418 389 383 426 341 367 368 405 370 339 357 ' ,'0 0 0 0 0 0 0 0 0 0 0 0 ' ,124 ,2 ,4, 4
562 ,489, 536, '447 499 382 405 376 400 392 411 308 481 331 398 ' ,'0 0 0 0 0 0 0 0 0 0 0 0 ' ,219 ,2 ,3, 3
498 ,552, 476, '458 346 420 399 395 313 330 368 320 346 353 346 ' ,'0 0 0 0 0 0 0 0 0 0 0 0 ' ,144 ,2 ,4, 4
484 ,487, 457, '355 360 423 320 404 327 332 337 316 327 390 354 ' ,'0 0 0 0 0 0 0 0 0 0 0 0 ' ,126 ,2 ,3, 3
421 ,472, 399, '312 381 367 373 327 320 312 336 321 315 354 324 ' ,'0 0 0 0 0 0 0 0 0 0 0 0 ' ,73 ,2 ,3, 3
509 ,410, 488, '395 353 371 356 330 321 330 340 289 436 300 318 ' ,'0 0 0 0 0 0 0 0 0 0 0 0 ' ,191 ,2 ,2, 2
417 ,501, 396, '345 360 352 364 333 323 280 336 359 316 351 336 ' ,'0 0 0 0 0 0 0 0 0 0 0 0 ' ,105 ,2 ,3, 3
448 ,407, 425, '379 357 355 340 311 274 315 311 322 326 317 323 ' ,'0 0 0 0 0 0 0 0 0 0 0 0 ' ,115 ,3 ,3, 3
470 ,442, 446, '310 360 390 339 363 405 351 315 272 319 319 324 ' ,'0 0 0 0 0 0 0 0 0 0 0 0 ' ,163 ,3 ,3, 3
571 ,460, 543, '499 334 318 322 366 303 319 304 272 296 301 323 ' ,'0 0 0 0 0 0 0 0 0 0 0 0 ' ,260 ,2 ,1, 1
455 ,556, 431, '335 352 290 339 330 391 269 288 269 282 294 296 ' ,'0 0 0 0 0 0 0 0 0 0 0 0 ' ,148 ,2 ,3, 3
556 ,445, 531, '336 366 319 397 293 282 306 294 304 343 495 318 ' ,'0 0 0 0 0 0 0 0 0 0 0 0 ' ,223 ,3 ,3, 3
446 ,548, 419, '372 399 362 388 318 321 344 355 356 359 338 338 ' ,'0 0 0 0 0 0 0 0 0 0 0 0 ' ,68 ,3 ,4, 4
535 ,430, 508, '380 393 331 392 386 467 353 393 367 378 361 310 ' ,'0 0 0 0 0 0 0 0 0 0 0 0 ' ,171 ,2 ,4, 4
535 ,525, 508, '399 420 398 413 426 373 346 366 347 364 464 351 ' ,'0 0 0 0 0 0 0 0 0 0 0 0 ' ,146 ,2 ,4, 4
618 ,517, 595, '433 383 403 448 380 550 350 393 337 402 390 384 ' ,'0 0 0 0 0 0 0 0 0 0 0 0 ' ,245 ,2 ,4, 4
538 ,614, 513, '427 377 437 391 388 359 400 381 392 365 460 413 ' ,'0 0 0 0 0 0 0 0 0 0 0 0 ' ,120 ,2 ,4, 4
543 ,528, 517, '419 393 411 362 325 351 371 387 350 342 470 363 ' ,'0 0 0 0 0 0 0 0 0 0 0 0 ' ,153 ,3 ,4, 4
571 ,533, 539, '419 403 399 404 329 495 320 363 320 382 348 338 ' ,'0 0 0 0 0 0 0 0 0 0 0 0 ' ,212 ,3 ,3, 3
468 ,560, 450, '408 349 393 376 348 317 336 371 334 380 339 308 ' ,'0 0 0 0 0 0 0 0 0 0 0 0 ' ,128 ,2 ,3, 3
531 ,465, 512, '397 354 360 365 332 467 344 325 312 346 326 381 ' ,'0 0 0 0 0 0 0 0 0 0 0 0 ' ,188 ,2 ,3, 3
631 ,526, 613, '407 327 360 379 320 565 331 340 317 310 329 328 ' ,'0 0 0 0 0 0 0 0 0 0 0 0 ' ,289 ,3 ,3, 3
442 ,626, 420, '377 333 358 378 348 365 280 314 312 301 307 321 ' ,'0 0 0 0 0 0 0 0 0 0 0 0 ' ,130 ,2 ,2, 2
475 ,434, 457, '414 326 372 367 303 287 314 294 348 330 370 305 ' ,'0 0 0 0 0 0 0 0 0 0 0 0 ' ,147 ,3 ,3, 3
506 ,467, 466, '427 349 338 371 308 338 357 322 262 362 295 343 ' ,'0 0 0 0 0 0 0 0 0 0 0 0 ' ,194 ,2 ,2, 2
426 ,492, 397, '339 345 339 365 326 352 359 322 302 326 305 291 ' ,'0 0 0 0 0 0 0 0 0 0 0 0 ' ,92 ,1 ,2, 2
503 ,411, 476, '335 406 306 343 299 431 295 307 307 329 339 300 ' ,'0 0 0 0 0 0 0 0 0 0 0 0 ' ,167 ,3 ,2, 2
489 ,489, 462, '350 311 300 317 393 417 334 318 278 308 292 345 ' ,'0 0 0 0 0 0 0 0 0 0 0 0 ' ,171 ,2 ,3, 3
490 ,472, 457, '410 345 355 369 343 418 348 334 344 382 319 318 ' ,'0 0 0 0 0 0 0 0 0 0 0 0 ' ,128 ,3 ,3, 3
472 ,473, 437, '389 372 370 390 365 387 353 368 356 374 350 375 ' ,'0 0 0 0 0 0 0 0 0 0 0 0 ' ,73 ,3 ,3, 3
573 ,457, 541, '492 424 397 423 359 340 384 317 365 367 349 365 ' ,'0 0 0 0 0 0 0 0 0 0 0 0 ' ,206 ,2 ,4, 4
562 ,556, 535, '402 420 395 383 412 493 360 364 378 396 349 357 ' ,'0 0 0 0 0 0 0 0 0 0 0 0 ' ,164 ,3 ,2, 2
525 ,548, 496, '394 473 383 387 424 416 387 326 376 334 454 323 ' ,'0 0 0 0 0 0 0 0 0 0 0 0 ' ,160 ,3 ,2, 2
559 ,511, 527, '436 397 401 412 414 444 410 385 380 386 483 415 ' ,'0 0 0 0 0 0 0 0 0 0 0 0 ' ,136 ,2 ,5, 5
582 ,542, 554, '456 453 396 429 454 399 345 412 361 342 508 353 ' ,'0 0 0 0 0 0 0 0 0 0 0 0 ' ,194 ,2 ,2, 2
600 ,571, 573, '435 433 417 434 360 368 316 370 346 451 525 381 ' ,'0 0 0 0 0 0 0 0 0 0 0 0 ' ,241 ,3 ,4, 4
704 ,586, 677, '631 343 401 403 398 386 382 379 376 455 338 327 ' ,'0 0 0 0 0 0 0 0 0 0 0 0 ' ,333 ,3 ,4, 4
657 ,692, 630, '580 413 407 408 440 354 364 388 332 378 340 357 ' ,'0 0 0 0 0 0 0 0 0 0 0 0 ' ,283 ,3 ,4, 4
515 ,641, 485, '415 393 380 414 402 374 365 380 368 308 449 327 ' ,'0 0 0 0 0 0 0 0 0 0 0 0 ' ,149 ,2 ,2, 2
530 ,504, 499, '448 374 407 401 390 332 355 328 328 334 306 331 ' ,'0 0 0 0 0 0 0 0 0 0 0 0 ' ,156 ,3 ,3, 3
466 ,515, 436, '340 359 354 345 307 286 302 270 323 378 375 320 ' ,'0 0 0 0 0 0 0 0 0 0 0 0 ' ,154 ,3 ,3, 3
585 ,450, 552, '505 364 353 362 306 308 315 276 328 295 281 281 ' ,'0 0 0 0 0 0 0 0 0 0 0 0 ' ,256 ,3 ,3, 3
445 ,568, 414, '364 347 328 345 323 289 290 323 287 333 298 369 ' ,'0 0 0 0 0 0 0 0 0 0 0 0 ' ,113 ,2 ,2, 2
468 ,428, 436, '373 364 339 310 346 396 282 307 274 281 294 301 ' ,'0 0 0 0 0 0 0 0 0 0 0 0 ' ,151 ,2 ,1, 1
