429 ,0, 308, '268 262 240 232 58 79 63 71 ' ,211 ,2 ,8, 8
222 ,333, 195, '176 186 170 182 132 156 145 169 ' ,54 ,0 ,2, 1
93 ,204, 73, '55 55 32 36 29 54 56 29 ' ,34 ,1 ,3, 2
83 ,82, 59, '39 41 36 37 51 40 39 31 ' ,18 ,1 ,1, 1
82 ,70, 55, '33 40 33 32 31 37 33 30 ' ,16 ,0 ,1, 1
212 ,71, 194, '48 48 37 40 179 39 34 31 ' ,154 ,0 ,1, 0
201 ,201, 182, '37 39 35 32 22 172 149 169 ' ,154 ,0 ,1, 1
80 ,191, 64, '56 39 30 30 36 48 30 23 ' ,34 ,1 ,1, 1
73 ,70, 54, '31 30 39 36 45 22 23 24 ' ,24 ,0 ,2, 2
58 ,64, 41, '27 28 31 29 22 19 19 22 ' ,15 ,0 ,1, 1
61 ,51, 47, '32 24 33 31 20 18 22 25 ' ,22 ,1 ,1, 1
969 ,55, 948, '30 31 31 24 21 19 23 19 ' ,922 ,0 ,2, 1
66 ,955, 48, '39 25 35 29 20 32 19 19 ' ,23 ,0 ,1, 1
66 ,57, 48, '32 33 28 33 40 24 29 27 ' ,11 ,1 ,1, 1
78 ,57, 50, '30 32 27 32 44 19 25 18 ' ,25 ,0 ,1, 1
66 ,61, 45, '34 25 29 28 17 22 15 21 ' ,21 ,0 ,1, 1
179 ,54, 163, '118 134 151 85 24 21 25 22 ' ,134 ,1 ,2, 1
250 ,169, 229, '218 56 28 29 18 211 47 22 ' ,202 ,2 ,1, 0
117 ,236, 97, '28 25 32 31 87 20 18 20 ' ,71 ,1 ,1, 1
63 ,106, 45, '26 26 34 31 18 21 21 27 ' ,19 ,0 ,1, 1
63 ,53, 44, '29 31 29 25 23 37 24 22 ' ,16 ,1 ,1, 1
58 ,53, 43, '27 25 33 27 23 20 20 25 ' ,13 ,1 ,1, 1
83 ,49, 67, '58 39 30 50 29 50 26 36 ' ,32 ,1 ,1, 1
75 ,74, 56, '32 30 36 42 40 20 24 23 ' ,29 ,0 ,1, 1
62 ,65, 46, '33 33 33 36 25 26 26 24 ' ,14 ,1 ,1, 1
56 ,53, 41, '32 27 29 31 24 23 19 21 ' ,14 ,1 ,0, 0
60 ,47, 44, '27 33 26 26 31 19 20 21 ' ,17 ,1 ,1, 1
97 ,51, 81, '69 59 28 31 22 62 49 19 ' ,55 ,1 ,2, 1
61 ,89, 41, '32 36 33 30 30 22 27 28 ' ,18 ,0 ,0, 0
193 ,51, 174, '35 44 46 27 162 96 100 87 ' ,138 ,1 ,1, 1
52 ,184, 36, '26 25 27 26 17 19 18 21 ' ,11 ,1 ,1, 1
57 ,42, 39, '28 32 28 22 19 21 21 23 ' ,13 ,0 ,0, 0
114 ,49, 97, '90 85 25 48 24 65 62 22 ' ,68 ,0 ,1, 1
66 ,108, 48, '32 33 41 33 34 27 24 32 ' ,17 ,0 ,1, 1
56 ,56, 39, '31 27 28 28 23 21 20 26 ' ,14 ,0 ,1, 1
79 ,47, 61, '29 27 54 27 19 22 20 45 ' ,34 ,0 ,1, 1
51 ,67, 34, '24 25 26 24 21 18 17 19 ' ,11 ,0 ,1, 0
107 ,40, 90, '82 53 33 30 20 65 55 29 ' ,63 ,0 ,0, 0
60 ,97, 41, '32 31 32 25 33 24 24 33 ' ,13 ,1 ,1, 1
52 ,51, 36, '26 25 27 27 24 20 21 21 ' ,11 ,0 ,0, 0
83 ,43, 65, '25 40 58 24 22 18 23 55 ' ,41 ,0 ,1, 1
60 ,73, 37, '30 25 28 28 24 20 20 20 ' ,14 ,0 ,1, 1
81 ,49, 65, '59 45 32 24 21 49 38 18 ' ,40 ,0 ,0, 0
63 ,71, 41, '27 26 24 24 32 19 18 19 ' ,16 ,0 ,1, 1
51 ,49, 35, '26 26 21 21 19 22 26 15 ' ,13 ,1 ,1, 1
72 ,42, 55, '25 32 48 27 22 25 19 41 ' ,30 ,0 ,1, 1
56 ,62, 38, '32 25 32 26 25 20 20 23 ' ,13 ,0 ,1, 0
97 ,46, 83, '53 74 25 24 14 47 64 18 ' ,60 ,0 ,1, 1
246 ,89, 229, '30 29 210 30 38 23 21 220 ' ,200 ,0 ,2, 1
62 ,234, 48, '26 26 27 39 23 19 21 26 ' ,21 ,1 ,1, 1
114 ,135, 98, '38 30 91 49 23 26 26 77 ' ,69 ,0 ,1, 1
65 ,102, 47, '34 29 23 40 13 22 24 18 ' ,28 ,0 ,0, 0
231 ,54, 213, '77 206 44 33 27 69 197 30 ' ,178 ,0 ,1, 0
58 ,221, 43, '32 34 26 28 22 19 19 23 ' ,16 ,0 ,3, 1
72 ,70, 54, '24 24 27 25 24 19 18 20 ' ,30 ,0 ,1, 1
72 ,62, 56, '30 32 49 26 30 34 17 44 ' ,33 ,0 ,0, 0
72 ,63, 53, '28 32 45 28 19 28 28 31 ' ,26 ,1 ,1, 1
73 ,60, 55, '48 23 26 26 15 43 17 19 ' ,32 ,0 ,1, 1
69 ,63, 51, '30 31 24 24 44 23 22 18 ' ,29 ,1 ,1, 1
54 ,58, 36, '25 25 27 29 16 19 19 21 ' ,14 ,0 ,0, 0
73 ,44, 54, '27 27 47 22 20 21 21 41 ' ,28 ,0 ,1, 1
53 ,62, 36, '24 22 25 28 15 20 17 18 ' ,13 ,0 ,2, 1
132 ,41, 116, '109 30 26 25 21 103 17 19 ' ,92 ,1 ,1, 1
53 ,121, 36, '20 26 21 26 29 15 19 15 ' ,15 ,1 ,1, 1
56 ,43, 38, '28 27 27 29 24 23 19 22 ' ,13 ,4 ,1, 1
76 ,46, 58, '21 24 52 20 18 21 27 47 ' ,34 ,0 ,1, 1
60 ,67, 43, '28 35 29 31 25 20 20 22 ' ,16 ,0 ,1, 1
58 ,50, 40, '33 23 28 22 18 29 16 18 ' ,20 ,1 ,1, 1
56 ,50, 39, '28 28 29 25 29 23 22 17 ' ,17 ,0 ,1, 0
64 ,46, 48, '24 26 26 41 22 19 18 20 ' ,23 ,0 ,1, 1
67 ,54, 51, '28 35 45 35 22 16 24 39 ' ,30 ,0 ,1, 0
52 ,58, 37, '25 22 30 28 22 19 15 21 ' ,16 ,0 ,1, 0
58 ,45, 41, '34 24 29 23 20 27 23 23 ' ,15 ,1 ,1, 1
51 ,49, 34, '24 23 29 19 27 21 18 20 ' ,11 ,1 ,1, 1
64 ,42, 46, '25 28 27 40 16 19 19 23 ' ,24 ,1 ,1, 1
77 ,53, 60, '25 32 51 36 21 25 25 42 ' ,32 ,1 ,1, 1
54 ,65, 35, '27 28 30 32 18 23 20 24 ' ,13 ,0 ,1, 1
100 ,44, 84, '77 22 24 30 20 73 16 17 ' ,61 ,0 ,0, 0
137 ,91, 119, '24 30 111 25 40 19 15 89 ' ,95 ,0 ,1, 1
54 ,126, 37, '26 26 27 32 16 20 19 19 ' ,14 ,0 ,1, 0
121 ,44, 103, '24 26 96 19 16 21 19 74 ' ,81 ,0 ,0, 0
57 ,109, 40, '27 27 32 29 17 20 19 20 ' ,16 ,1 ,0, 0
66 ,45, 49, '43 29 24 20 20 37 21 18 ' ,25 ,0 ,0, 0
69 ,56, 51, '26 25 28 26 45 20 20 21 ' ,26 ,1 ,1, 1
133 ,67, 116, '23 28 23 45 109 18 34 25 ' ,94 ,0 ,1, 1
66 ,133, 49, '29 24 43 25 22 20 18 38 ' ,26 ,0 ,1, 1
52 ,58, 33, '22 21 21 19 27 17 15 17 ' ,15 ,0 ,1, 1
102 ,43, 81, '74 65 28 22 18 68 59 22 ' ,57 ,1 ,1, 0
52 ,90, 36, '28 28 25 27 22 18 20 19 ' ,10 ,1 ,1, 0
108 ,43, 87, '26 27 23 80 19 21 20 16 ' ,63 ,0 ,1, 1
55 ,94, 39, '27 26 21 32 18 22 20 15 ' ,17 ,0 ,1, 1
61 ,46, 39, '32 32 26 28 21 25 22 19 ' ,14 ,1 ,1, 1
134 ,44, 119, '59 109 41 32 26 48 93 29 ' ,83 ,0 ,1, 0
55 ,124, 38, '29 27 29 29 25 23 20 21 ' ,11 ,1 ,1, 0
69 ,47, 48, '20 30 29 41 18 17 19 14 ' ,29 ,1 ,1, 0
58 ,59, 41, '24 29 26 34 17 18 19 20 ' ,19 ,0 ,1, 1
62 ,49, 41, '33 22 30 25 20 21 16 19 ' ,19 ,1 ,1, 1
121 ,47, 106, '55 97 26 25 13 45 90 19 ' ,87 ,0 ,1, 1
95 ,112, 77, '35 23 22 23 72 19 22 13 ' ,57 ,0 ,1, 0
70 ,87, 51, '35 27 29 43 17 23 24 22 ' ,27 ,0 ,1, 1
73 ,58, 55, '23 22 48 26 15 21 16 41 ' ,34 ,0 ,1, 1
51 ,65, 29, '20 21 22 21 19 15 14 16 ' ,10 ,1 ,1, 1
79 ,37, 61, '42 56 34 29 23 36 50 22 ' ,35 ,0 ,0, 0
51 ,70, 33, '26 19 21 20 19 15 15 16 ' ,13 ,0 ,1, 1
66 ,43, 49, '27 25 19 42 19 21 22 13 ' ,30 ,0 ,1, 0
80 ,57, 64, '25 26 56 27 15 18 18 43 ' ,41 ,1 ,1, 1
58 ,71, 40, '26 25 26 34 23 19 22 19 ' ,17 ,0 ,1, 0
107 ,49, 91, '31 81 24 25 15 25 78 18 ' ,69 ,1 ,1, 1
54 ,96, 37, '30 23 25 27 20 22 16 17 ' ,15 ,0 ,1, 1
73 ,43, 57, '27 26 21 50 13 21 29 15 ' ,37 ,0 ,0, 0
54 ,64, 40, '28 26 27 33 17 22 19 21 ' ,17 ,1 ,1, 1
50 ,53, 34, '26 27 26 24 19 15 21 21 ' ,14 ,0 ,1, 1
83 ,42, 62, '31 55 30 30 26 32 49 20 ' ,37 ,0 ,1, 0
97 ,69, 80, '26 23 61 24 73 23 27 73 ' ,53 ,1 ,1, 1
59 ,86, 44, '35 27 33 33 19 20 21 26 ' ,17 ,1 ,0, 0
51 ,49, 34, '23 24 23 28 14 17 17 18 ' ,13 ,0 ,1, 1
50 ,40, 32, '20 27 23 25 18 15 20 15 ' ,14 ,1 ,0, 0
77 ,41, 60, '39 50 29 27 17 31 43 21 ' ,36 ,0 ,1, 1
96 ,65, 65, '32 38 26 29 56 22 23 18 ' ,41 ,1 ,1, 1
111 ,71, 91, '25 21 26 44 83 18 15 19 ' ,69 ,1 ,1, 1
66 ,100, 43, '17 23 37 19 17 17 19 31 ' ,25 ,1 ,1, 1
50 ,55, 34, '20 27 22 24 18 20 19 16 ' ,14 ,1 ,1, 1
96 ,42, 76, '59 69 24 24 19 55 63 18 ' ,54 ,1 ,1, 1
107 ,84, 90, '23 28 23 21 80 17 20 15 ' ,66 ,0 ,2, 1
84 ,96, 66, '28 31 30 58 25 21 22 22 ' ,37 ,1 ,1, 1
74 ,74, 58, '23 22 50 33 21 16 16 43 ' ,34 ,0 ,1, 1
81 ,64, 64, '58 53 45 46 58 35 39 24 ' ,36 ,1 ,0, 0
92 ,71, 71, '62 55 51 62 41 50 39 26 ' ,38 ,1 ,1, 1
131 ,93, 113, '57 48 51 42 92 44 32 28 ' ,67 ,1 ,13, 1
134 ,120, 117, '72 60 72 110 48 30 34 38 ' ,81 ,1 ,1, 1
123 ,125, 106, '53 53 93 48 43 56 48 75 ' ,55 ,1 ,1, 1
112 ,112, 93, '50 64 81 38 45 66 53 39 ' ,47 ,0 ,1, 0
97 ,100, 80, '56 67 64 49 28 45 53 28 ' ,45 ,1 ,1, 1
117 ,86, 99, '54 46 54 40 91 29 41 54 ' ,64 ,0 ,1, 1
106 ,107, 87, '52 52 79 49 34 30 30 33 ' ,54 ,1 ,0, 0
105 ,95, 84, '76 62 45 72 30 40 27 32 ' ,48 ,0 ,1, 1
91 ,89, 72, '52 57 57 65 39 49 36 39 ' ,29 ,0 ,1, 0
111 ,79, 93, '65 85 45 55 38 76 40 33 ' ,53 ,1 ,1, 1
83 ,99, 64, '46 43 49 39 57 29 35 52 ' ,30 ,0 ,1, 1
128 ,73, 112, '56 51 55 100 49 59 36 43 ' ,65 ,0 ,1, 0
102 ,118, 79, '59 61 74 52 43 29 37 72 ' ,43 ,0 ,1, 1
101 ,91, 85, '53 50 52 69 36 76 50 38 ' ,41 ,1 ,2, 1
126 ,91, 111, '102 98 49 61 69 71 76 31 ' ,72 ,1 ,1, 1
116 ,117, 101, '79 90 74 64 94 60 41 42 ' ,53 ,1 ,1, 1
110 ,107, 96, '58 79 81 60 37 34 56 73 ' ,55 ,1 ,1, 1
91 ,100, 74, '61 65 64 50 44 52 33 43 ' ,34 ,0 ,0, 0
95 ,81, 79, '73 61 62 44 44 52 38 29 ' ,43 ,0 ,0, 0
140 ,85, 125, '95 115 101 97 52 63 99 70 ' ,65 ,0 ,1, 1
174 ,132, 158, '114 127 151 112 47 38 83 112 ' ,114 ,0 ,0, 0
131 ,165, 115, '105 64 72 100 32 100 61 34 ' ,77 ,0 ,1, 1
99 ,123, 83, '48 51 75 49 51 40 38 29 ' ,48 ,1 ,1, 0
101 ,135, 85, '49 47 78 70 38 42 35 34 ' ,44 ,0 ,1, 0
134 ,90, 117, '62 108 54 46 31 62 67 41 ' ,79 ,1 ,1, 1
117 ,125, 102, '62 92 65 65 42 39 75 42 ' ,54 ,0 ,2, 1
135 ,108, 120, '88 97 69 83 89 41 66 111 ' ,72 ,1 ,1, 1
246 ,125, 231, '49 189 223 49 36 36 63 64 ' ,189 ,1 ,1, 1
196 ,236, 181, '173 52 73 173 46 43 38 40 ' ,137 ,1 ,1, 0
126 ,187, 107, '100 96 49 57 36 81 79 40 ' ,65 ,0 ,0, 0
97 ,114, 79, '67 60 71 57 40 50 53 56 ' ,32 ,0 ,0, 0
124 ,87, 108, '53 66 98 64 40 46 36 43 ' ,64 ,1 ,1, 1
133 ,114, 117, '49 57 111 45 48 45 44 88 ' ,66 ,1 ,1, 1
184 ,124, 169, '68 54 72 63 42 160 35 65 ' ,126 ,1 ,1, 0
130 ,175, 115, '106 104 107 68 39 72 59 35 ' ,73 ,1 ,1, 1
175 ,121, 159, '90 88 102 44 89 46 147 151 ' ,108 ,0 ,1, 1
101 ,165, 83, '75 54 49 63 53 34 44 40 ' ,40 ,0 ,1, 1
119 ,90, 103, '95 70 95 71 53 50 39 82 ' ,57 ,0 ,1, 1
94 ,110, 78, '61 66 70 53 49 34 41 32 ' ,41 ,1 ,0, 0
144 ,86, 128, '119 66 75 38 37 83 62 40 ' ,83 ,0 ,1, 1
99 ,134, 85, '77 52 53 57 57 54 39 41 ' ,35 ,1 ,2, 1
158 ,90, 143, '74 64 64 137 40 39 48 59 ' ,95 ,0 ,1, 1
135 ,149, 118, '69 82 109 90 63 59 74 77 ' ,52 ,1 ,1, 1
91 ,127, 73, '62 62 66 56 36 38 40 54 ' ,30 ,1 ,0, 0
166 ,79, 148, '140 80 63 48 35 104 66 35 ' ,106 ,0 ,1, 1
100 ,154, 84, '65 73 69 78 50 49 67 49 ' ,29 ,0 ,1, 1
127 ,91, 111, '41 103 48 102 41 49 66 39 ' ,66 ,1 ,1, 0
140 ,118, 122, '50 68 94 67 114 60 66 82 ' ,65 ,1 ,1, 1
87 ,130, 70, '55 61 49 43 33 53 29 31 ' ,35 ,1 ,2, 1
75 ,76, 58, '50 30 27 40 24 39 25 19 ' ,34 ,1 ,0, 0
79 ,66, 62, '33 33 34 29 55 22 23 20 ' ,34 ,0 ,1, 1
88 ,69, 68, '29 30 28 59 23 20 19 21 ' ,42 ,1 ,1, 1
58 ,75, 40, '26 29 33 32 19 18 30 23 ' ,18 ,1 ,2, 1
57 ,50, 39, '27 30 28 29 24 21 20 21 ' ,13 ,0 ,0, 0
85 ,47, 67, '59 49 27 28 21 51 40 21 ' ,41 ,0 ,0, 0
68 ,76, 48, '27 27 27 29 42 19 22 23 ' ,23 ,0 ,0, 0
83 ,58, 65, '32 26 28 57 22 18 21 19 ' ,39 ,1 ,1, 1
91 ,73, 74, '28 35 68 33 18 23 19 59 ' ,49 ,0 ,0, 0
64 ,83, 45, '27 30 30 32 20 22 19 19 ' ,14 ,1 ,0, 0
92 ,51, 78, '70 44 36 27 22 63 37 18 ' ,53 ,1 ,1, 1
99 ,82, 82, '29 31 29 31 74 21 22 21 ' ,54 ,0 ,1, 1
66 ,90, 47, '25 40 36 25 24 18 37 24 ' ,23 ,0 ,0, 0
66 ,56, 47, '36 38 40 32 25 26 26 21 ' ,20 ,0 ,0, 0
57 ,58, 42, '30 29 32 30 30 19 24 25 ' ,17 ,0 ,1, 1
131 ,47, 115, '99 77 28 28 24 89 68 19 ' ,88 ,0 ,1, 1
76 ,121, 52, '35 35 46 40 26 26 28 34 ' ,21 ,0 ,1, 1
69 ,60, 54, '28 25 29 31 21 18 20 18 ' ,30 ,1 ,1, 1
112 ,61, 96, '27 30 88 37 20 21 20 82 ' ,70 ,0 ,1, 1
60 ,102, 38, '30 28 23 25 26 23 24 18 ' ,16 ,1 ,1, 1
87 ,48, 62, '56 30 26 33 17 46 25 17 ' ,42 ,1 ,1, 0
73 ,70, 57, '26 27 31 29 49 22 22 19 ' ,32 ,0 ,1, 1
71 ,62, 55, '25 31 26 48 23 19 19 17 ' ,28 ,1 ,0, 0
74 ,62, 58, '29 24 50 30 25 24 16 40 ' ,33 ,0 ,1, 1
61 ,64, 41, '29 27 31 33 24 21 21 22 ' ,15 ,1 ,1, 0
67 ,48, 51, '44 30 28 29 22 37 22 17 ' ,28 ,1 ,1, 1
111 ,58, 96, '28 29 31 24 87 21 20 22 ' ,69 ,1 ,1, 1
77 ,101, 60, '30 36 33 52 26 24 27 22 ' ,31 ,0 ,1, 1
88 ,66, 73, '31 32 64 30 19 21 19 54 ' ,45 ,0 ,1, 1
68 ,78, 52, '32 32 37 45 29 24 25 22 ' ,21 ,0 ,1, 1
71 ,57, 56, '48 36 28 26 19 40 31 19 ' ,28 ,0 ,1, 1
71 ,60, 53, '33 27 28 30 45 21 19 22 ' ,27 ,0 ,1, 0
71 ,62, 57, '32 23 28 49 23 23 17 15 ' ,30 ,0 ,1, 1
88 ,61, 73, '31 27 65 31 34 22 24 56 ' ,43 ,0 ,2, 1
56 ,78, 41, '26 27 30 27 23 18 19 21 ' ,18 ,1 ,1, 0
98 ,47, 81, '73 29 34 35 22 63 21 24 ' ,53 ,1 ,1, 1
99 ,87, 81, '27 40 30 32 74 20 29 24 ' ,54 ,0 ,1, 1
73 ,87, 56, '22 33 32 48 20 16 21 24 ' ,32 ,0 ,1, 0
81 ,60, 60, '27 25 52 29 20 21 18 44 ' ,36 ,1 ,0, 0
49 ,68, 35, '26 28 28 26 25 17 20 18 ' ,9 ,0 ,1, 0
79 ,41, 63, '54 39 29 28 19 51 29 23 ' ,36 ,0 ,1, 1
76 ,70, 57, '25 27 25 26 48 20 19 29 ' ,30 ,0 ,2, 1
54 ,62, 37, '25 30 27 29 21 18 24 26 ' ,15 ,1 ,1, 1
82 ,44, 64, '29 40 56 26 19 20 24 44 ' ,37 ,0 ,1, 1
61 ,69, 43, '27 27 36 27 23 19 16 16 ' ,20 ,0 ,0, 0
77 ,50, 60, '50 28 37 33 19 47 20 27 ' ,34 ,1 ,1, 1
54 ,68, 38, '26 24 28 30 24 18 18 23 ' ,13 ,1 ,1, 1
97 ,43, 82, '66 47 47 74 35 32 44 45 ' ,45 ,1 ,1, 1
111 ,89, 96, '87 69 72 56 36 46 41 66 ' ,52 ,0 ,1, 1
112 ,103, 96, '76 86 63 60 43 49 42 43 ' ,46 ,1 ,1, 1
169 ,102, 152, '143 128 75 78 59 105 78 60 ' ,86 ,1 ,1, 1
112 ,159, 93, '76 71 60 57 77 44 52 51 ' ,44 ,1 ,1, 1
137 ,99, 123, '115 68 64 69 41 64 72 53 ' ,77 ,1 ,1, 1
115 ,129, 100, '91 75 93 84 40 40 74 51 ' ,54 ,1 ,1, 1
106 ,107, 90, '80 78 81 63 62 54 68 53 ' ,29 ,1 ,2, 1
134 ,95, 120, '110 68 60 109 40 67 45 52 ' ,72 ,1 ,2, 1
113 ,126, 97, '55 89 83 66 89 28 57 51 ' ,65 ,0 ,0, 0
113 ,105, 97, '87 64 78 72 48 58 56 51 ' ,41 ,0 ,1, 1
158 ,103, 141, '85 64 110 74 66 68 43 133 ' ,90 ,0 ,1, 1
104 ,148, 86, '79 60 77 58 39 79 60 46 ' ,42 ,0 ,1, 1
131 ,95, 117, '107 79 72 65 35 106 76 50 ' ,74 ,1 ,2, 1
96 ,121, 80, '54 72 61 60 73 42 42 43 ' ,31 ,0 ,1, 1
119 ,87, 103, '65 95 58 89 44 37 50 39 ' ,61 ,0 ,1, 1
111 ,111, 93, '47 43 67 57 45 34 51 86 ' ,52 ,0 ,1, 1
78 ,101, 62, '53 46 46 43 55 38 37 28 ' ,29 ,0 ,1, 0
102 ,69, 79, '70 59 46 49 35 56 37 38 ' ,36 ,0 ,1, 1
87 ,88, 68, '49 59 45 60 53 24 43 34 ' ,38 ,0 ,1, 1
109 ,74, 91, '73 53 79 86 65 32 31 46 ' ,54 ,0 ,1, 0
97 ,99, 81, '49 72 48 55 39 33 34 30 ' ,44 ,0 ,1, 1
76 ,87, 58, '37 50 42 42 29 25 27 27 ' ,27 ,1 ,1, 1
97 ,68, 81, '72 51 48 57 49 67 56 55 ' ,26 ,0 ,1, 1
98 ,88, 83, '72 50 55 67 58 59 26 22 ' ,54 ,1 ,1, 1
96 ,89, 80, '49 37 59 72 31 39 26 64 ' ,47 ,0 ,1, 1
116 ,87, 97, '46 67 87 45 40 28 68 52 ' ,62 ,1 ,2, 1
126 ,101, 110, '54 52 101 42 35 33 35 30 ' ,74 ,0 ,1, 1
112 ,116, 97, '54 88 58 49 47 59 58 34 ' ,55 ,0 ,1, 0
85 ,103, 68, '40 49 43 44 61 38 31 26 ' ,35 ,0 ,0, 0
79 ,76, 63, '45 48 49 55 30 37 26 37 ' ,29 ,0 ,1, 1
80 ,70, 64, '44 48 56 53 30 20 27 32 ' ,38 ,1 ,1, 1
87 ,71, 71, '44 53 63 33 34 30 37 40 ' ,36 ,0 ,1, 1
96 ,78, 81, '58 71 54 39 35 44 73 33 ' ,43 ,0 ,0, 0
88 ,88, 71, '63 47 35 52 39 25 43 28 ' ,40 ,0 ,0, 0
93 ,79, 77, '68 41 37 67 31 24 30 31 ' ,46 ,0 ,1, 1
97 ,84, 81, '63 55 73 63 46 47 45 57 ' ,30 ,0 ,1, 0
98 ,89, 75, '51 66 67 60 36 27 49 29 ' ,42 ,0 ,1, 1
127 ,82, 112, '95 101 50 40 48 76 76 39 ' ,65 ,1 ,1, 1
87 ,117, 67, '54 57 43 47 45 22 31 38 ' ,28 ,0 ,1, 0
87 ,74, 72, '43 38 50 64 40 33 36 34 ' ,33 ,1 ,1, 1
120 ,77, 104, '48 45 94 56 36 45 42 60 ' ,61 ,0 ,1, 1
79 ,111, 61, '52 50 47 54 30 43 37 33 ' ,25 ,0 ,1, 0
103 ,70, 85, '76 49 51 40 33 51 58 43 ' ,43 ,0 ,1, 1
108 ,93, 92, '56 70 57 84 51 25 39 45 ' ,61 ,1 ,1, 1
78 ,98, 60, '46 51 52 51 50 50 43 43 ' ,13 ,1 ,0, 0
93 ,68, 78, '68 42 41 49 64 32 60 31 ' ,40 ,0 ,1, 0
104 ,83, 81, '42 47 39 76 30 34 32 34 ' ,44 ,0 ,1, 1
98 ,88, 83, '75 59 49 67 33 63 53 49 ' ,44 ,1 ,0, 0
105 ,90, 88, '55 49 79 53 38 32 36 39 ' ,51 ,1 ,1, 0
118 ,94, 101, '93 45 52 66 30 35 46 58 ' ,65 ,0 ,1, 1
94 ,110, 77, '41 39 56 69 30 30 27 38 ' ,44 ,0 ,0, 0
112 ,85, 91, '54 55 58 82 40 36 33 41 ' ,49 ,1 ,1, 0
