744 ,0, 622, '570 492 567 447 459 542 560 561 ' ,126 ,5 ,8, 8
314 ,666, 296, '247 242 269 271 228 230 261 265 ' ,53 ,1 ,5, 5
355 ,306, 337, '321 275 282 219 109 138 112 162 ' ,212 ,1 ,6, 6
278 ,344, 257, '115 148 119 124 168 177 232 196 ' ,121 ,3 ,8, 8
143 ,266, 123, '88 97 107 84 82 88 86 92 ' ,28 ,2 ,2, 2
144 ,132, 126, '103 108 111 102 98 95 96 101 ' ,19 ,1 ,3, 3
139 ,151, 120, '103 82 94 104 99 98 88 79 ' ,29 ,2 ,3, 3
1074 ,567, 250, '208 213 229 235 89 96 100 110 ' ,147 ,2 ,2, 1
341 ,259, 319, '108 123 163 113 201 263 240 302 ' ,200 ,3 ,3, 3
145 ,329, 121, '104 105 109 99 97 105 90 97 ' ,15 ,1 ,2, 1
172 ,136, 156, '103 126 120 111 103 107 113 116 ' ,37 ,3 ,3, 3
142 ,162, 127, '114 91 102 106 86 89 95 88 ' ,26 ,2 ,3, 2
156 ,132, 130, '120 116 102 104 100 100 98 112 ' ,19 ,1 ,2, 2
170 ,147, 149, '100 95 135 91 98 96 105 128 ' ,42 ,1 ,4, 4
162 ,153, 143, '132 108 96 102 91 110 94 96 ' ,40 ,1 ,2, 2
142 ,151, 124, '113 106 100 104 98 110 104 97 ' ,19 ,1 ,2, 2
146 ,133, 127, '115 90 92 94 98 106 94 94 ' ,26 ,1 ,2, 2
126 ,134, 107, '96 91 90 86 78 89 87 93 ' ,17 ,1 ,2, 2
183 ,116, 163, '92 94 150 78 84 79 87 145 ' ,71 ,1 ,3, 3
145 ,171, 129, '110 89 89 86 80 117 80 87 ' ,38 ,1 ,2, 2
145 ,136, 128, '113 109 106 115 103 98 85 88 ' ,29 ,1 ,2, 2
161 ,137, 145, '129 117 121 120 116 119 130 115 ' ,19 ,1 ,4, 3
145 ,151, 128, '112 107 107 99 115 107 111 102 ' ,18 ,1 ,2, 2
156 ,135, 138, '107 112 127 102 95 107 97 117 ' ,30 ,1 ,3, 3
169 ,144, 153, '138 122 133 108 93 113 104 109 ' ,46 ,1 ,4, 4
122 ,159, 107, '94 91 88 84 86 86 94 87 ' ,14 ,0 ,2, 2
129 ,113, 112, '100 101 104 95 94 95 94 88 ' ,10 ,0 ,1, 1
143 ,119, 127, '113 109 111 100 106 104 100 115 ' ,17 ,2 ,3, 3
173 ,133, 155, '126 121 144 130 108 114 103 132 ' ,41 ,1 ,3, 3
151 ,165, 135, '102 85 85 85 82 98 86 77 ' ,8 ,1 ,3, 3
126 ,141, 108, '86 86 93 92 86 97 95 80 ' ,15 ,1 ,3, 3
139 ,117, 122, '108 104 103 99 95 108 111 108 ' ,19 ,1 ,3, 2
162 ,130, 141, '125 122 121 133 104 132 107 119 ' ,33 ,1 ,2, 2
155 ,153, 140, '96 93 130 98 91 99 96 115 ' ,40 ,1 ,2, 2
127 ,146, 108, '99 87 88 84 81 87 79 86 ' ,21 ,1 ,2, 2
121 ,117, 104, '91 88 86 82 79 83 87 95 ' ,17 ,1 ,2, 2
145 ,112, 127, '107 112 102 94 99 100 90 100 ' ,27 ,4 ,4, 4
133 ,131, 116, '95 96 106 103 89 99 99 85 ' ,22 ,1 ,3, 2
158 ,125, 136, '90 90 125 83 76 85 79 104 ' ,50 ,1 ,4, 3
146 ,142, 124, '109 98 96 99 88 118 90 94 ' ,30 ,1 ,3, 3
131 ,134, 116, '100 99 101 98 85 99 92 106 ' ,21 ,0 ,3, 3
141 ,121, 124, '112 115 109 97 94 99 99 106 ' ,22 ,1 ,2, 1
123 ,132, 102, '81 91 83 81 73 73 67 72 ' ,23 ,1 ,3, 3
126 ,110, 112, '82 77 97 77 72 69 74 90 ' ,30 ,1 ,4, 3
139 ,117, 124, '115 86 87 86 83 100 83 91 ' ,32 ,1 ,2, 2
117 ,131, 98, '88 78 84 74 76 74 87 76 ' ,16 ,1 ,2, 2
106 ,108, 90, '77 79 79 76 78 73 69 75 ' ,11 ,1 ,3, 2
139 ,97, 123, '108 108 102 102 106 106 103 92 ' ,21 ,1 ,3, 3
194 ,128, 177, '106 101 166 94 94 92 86 162 ' ,81 ,0 ,3, 3
188 ,184, 171, '156 124 116 115 112 160 126 113 ' ,49 ,1 ,3, 2
118 ,179, 101, '88 87 83 77 76 72 72 69 ' ,21 ,0 ,4, 3
140 ,108, 121, '101 109 107 102 86 95 98 99 ' ,26 ,1 ,3, 3
142 ,130, 118, '107 92 108 109 94 97 95 91 ' ,19 ,1 ,3, 3
112 ,129, 92, '83 78 80 74 68 73 79 74 ' ,13 ,0 ,2, 1
147 ,101, 123, '110 93 85 82 85 113 75 85 ' ,39 ,1 ,3, 3
135 ,133, 113, '91 92 97 95 95 88 97 94 ' ,9 ,0 ,3, 3
142 ,123, 122, '113 95 102 97 84 82 103 89 ' ,35 ,1 ,1, 1
136 ,133, 117, '87 102 102 92 93 103 107 97 ' ,21 ,1 ,3, 2
155 ,127, 136, '85 92 124 91 75 81 75 101 ' ,51 ,1 ,3, 3
159 ,144, 141, '130 88 86 87 80 113 88 75 ' ,56 ,0 ,3, 3
117 ,148, 98, '85 79 82 90 73 74 85 68 ' ,20 ,0 ,3, 3
124 ,108, 109, '97 92 88 99 87 83 94 81 ' ,18 ,0 ,2, 2
131 ,115, 109, '84 96 85 91 98 98 88 87 ' ,14 ,1 ,3, 3
134 ,116, 113, '94 89 104 96 85 91 100 101 ' ,22 ,1 ,2, 2
149 ,125, 132, '114 74 83 78 74 121 66 68 ' ,55 ,1 ,3, 3
124 ,143, 108, '95 94 86 92 85 83 88 93 ' ,15 ,1 ,4, 3
133 ,117, 114, '90 103 98 101 83 84 87 75 ' ,28 ,0 ,2, 2
130 ,125, 115, '96 93 102 96 90 97 92 98 ' ,9 ,1 ,3, 3
140 ,122, 123, '85 86 109 95 84 80 86 111 ' ,33 ,1 ,3, 2
136 ,129, 117, '105 79 93 94 78 107 86 77 ' ,33 ,1 ,2, 2
131 ,125, 114, '90 90 91 103 77 74 90 86 ' ,30 ,1 ,3, 3
136 ,122, 118, '91 83 90 104 79 82 76 78 ' ,30 ,1 ,3, 2
121 ,123, 100, '84 88 76 82 71 77 74 72 ' ,19 ,1 ,3, 2
142 ,106, 123, '102 96 107 112 100 103 96 94 ' ,19 ,1 ,3, 3
141 ,132, 124, '112 93 98 106 97 103 89 98 ' ,25 ,1 ,2, 2
144 ,132, 127, '110 108 97 116 85 89 91 89 ' ,28 ,0 ,3, 3
125 ,134, 108, '80 81 88 94 80 79 92 89 ' ,19 ,1 ,3, 3
113 ,115, 97, '74 80 76 87 68 73 71 65 ' ,23 ,0 ,2, 2
166 ,105, 149, '96 108 115 139 89 97 102 114 ' ,50 ,1 ,3, 3
119 ,157, 104, '93 82 71 84 71 88 74 80 ' ,23 ,0 ,2, 2
145 ,112, 128, '108 107 108 113 85 88 90 97 ' ,32 ,0 ,3, 3
126 ,135, 109, '85 82 80 98 90 76 72 79 ' ,26 ,0 ,4, 3
122 ,116, 104, '82 85 85 95 76 87 77 93 ' ,19 ,1 ,2, 2
176 ,110, 155, '82 95 143 131 89 90 81 136 ' ,63 ,1 ,3, 3
137 ,164, 119, '104 75 69 72 69 104 64 73 ' ,46 ,1 ,1, 1
123 ,128, 106, '84 93 80 95 73 82 83 82 ' ,24 ,1 ,1, 1
128 ,114, 109, '92 91 94 90 72 77 79 76 ' ,23 ,1 ,3, 3
124 ,119, 105, '84 83 92 84 83 79 80 77 ' ,14 ,0 ,3, 3
127 ,114, 109, '81 80 98 92 80 83 77 91 ' ,23 ,0 ,1, 1
143 ,117, 119, '106 94 93 84 81 106 99 84 ' ,29 ,0 ,2, 2
138 ,128, 123, '101 107 99 106 87 83 90 95 ' ,27 ,2 ,3, 3
135 ,129, 117, '97 93 102 108 99 100 101 91 ' ,14 ,1 ,2, 2
136 ,123, 119, '98 108 95 103 90 95 95 89 ' ,22 ,1 ,2, 2
144 ,128, 127, '83 89 91 115 79 78 92 85 ' ,39 ,1 ,3, 3
149 ,136, 132, '112 95 78 78 85 121 77 72 ' ,49 ,1 ,2, 2
130 ,138, 110, '87 83 94 95 74 84 72 78 ' ,27 ,1 ,2, 2
106 ,117, 87, '74 72 70 73 68 69 66 65 ' ,11 ,1 ,3, 3
114 ,96, 99, '83 83 83 80 82 70 80 71 ' ,20 ,1 ,2, 2
143 ,105, 123, '88 109 89 96 86 80 98 89 ' ,33 ,1 ,3, 3
129 ,130, 105, '92 78 91 78 72 89 79 75 ' ,24 ,1 ,2, 2
135 ,120, 110, '87 89 78 95 70 73 81 90 ' ,28 ,4 ,3, 3
126 ,121, 109, '91 88 88 94 84 85 94 91 ' ,14 ,1 ,2, 1
111 ,117, 93, '81 75 76 82 66 70 71 75 ' ,17 ,1 ,2, 2
124 ,102, 103, '88 88 81 81 77 73 84 80 ' ,19 ,1 ,3, 2
146 ,109, 130, '115 86 88 88 76 102 88 84 ' ,39 ,1 ,3, 3
148 ,134, 130, '117 114 104 103 100 106 97 105 ' ,23 ,1 ,2, 2
122 ,138, 106, '75 77 91 73 71 66 66 78 ' ,27 ,2 ,4, 3
123 ,110, 103, '81 85 85 87 73 82 78 84 ' ,20 ,1 ,2, 2
143 ,110, 127, '79 113 93 82 80 84 102 79 ' ,36 ,1 ,2, 2
147 ,133, 130, '115 102 85 99 82 104 104 100 ' ,37 ,1 ,2, 2
138 ,144, 120, '106 90 90 98 88 90 80 82 ' ,28 ,1 ,3, 2
112 ,127, 93, '79 77 74 78 75 65 64 68 ' ,18 ,1 ,1, 1
125 ,99, 108, '82 93 84 89 76 86 76 84 ' ,21 ,1 ,2, 2
161 ,115, 144, '88 117 128 123 88 95 107 108 ' ,45 ,2 ,3, 3
146 ,150, 127, '112 92 98 87 74 99 88 82 ' ,37 ,1 ,3, 3
131 ,136, 112, '92 91 96 90 100 93 93 90 ' ,13 ,1 ,1, 1
132 ,120, 114, '86 92 102 95 89 90 88 80 ' ,24 ,1 ,1, 1
147 ,124, 128, '98 103 106 114 96 96 98 92 ' ,25 ,1 ,3, 3
175 ,138, 155, '79 78 143 74 67 75 72 142 ' ,78 ,1 ,3, 3
120 ,165, 102, '89 88 81 87 73 71 73 74 ' ,15 ,0 ,2, 2
173 ,112, 155, '82 94 90 85 142 83 92 91 ' ,61 ,1 ,2, 2
115 ,163, 99, '80 70 78 72 86 71 67 66 ' ,19 ,0 ,3, 3
258 ,104, 243, '88 87 94 88 75 77 77 77 ' ,154 ,1 ,4, 3
155 ,249, 137, '103 114 124 103 97 91 97 106 ' ,34 ,1 ,2, 2
159 ,145, 143, '128 89 100 93 75 127 82 87 ' ,57 ,0 ,3, 2
260 ,149, 243, '203 209 208 184 197 207 226 177 ' ,55 ,1 ,2, 2
292 ,249, 275, '207 262 213 241 181 207 199 185 ' ,84 ,1 ,3, 3
261 ,284, 238, '209 194 224 190 170 189 203 197 ' ,52 ,0 ,3, 3
406 ,252, 387, '304 372 309 293 225 250 225 263 ' ,150 ,1 ,3, 3
293 ,395, 276, '252 239 213 204 242 243 198 259 ' ,63 ,1 ,3, 3
290 ,283, 266, '207 241 235 233 206 191 249 216 ' ,63 ,1 ,1, 1
267 ,274, 248, '206 227 213 225 177 207 181 235 ' ,59 ,0 ,3, 3
286 ,255, 266, '249 233 222 248 235 229 214 199 ' ,58 ,1 ,1, 1
260 ,275, 243, '228 219 210 220 207 230 218 206 ' ,26 ,1 ,1, 1
270 ,252, 253, '215 238 192 236 161 222 204 170 ' ,79 ,1 ,3, 3
303 ,261, 285, '231 271 213 224 247 213 184 192 ' ,89 ,1 ,3, 3
281 ,292, 264, '233 210 218 223 227 219 249 198 ' ,54 ,1 ,3, 3
323 ,272, 305, '206 290 257 274 265 245 206 228 ' ,87 ,1 ,3, 3
336 ,312, 319, '289 257 305 281 212 223 299 247 ' ,95 ,1 ,3, 3
293 ,326, 277, '261 221 236 190 217 222 195 225 ' ,75 ,1 ,3, 3
315 ,283, 297, '218 285 202 280 217 245 245 197 ' ,89 ,0 ,3, 3
336 ,305, 316, '216 271 281 305 238 217 239 238 ' ,87 ,1 ,3, 3
347 ,326, 327, '265 296 309 280 227 284 254 240 ' ,87 ,1 ,3, 3
364 ,334, 347, '272 256 208 334 235 196 233 237 ' ,138 ,1 ,3, 3
324 ,354, 301, '281 248 244 227 286 273 244 234 ' ,63 ,1 ,3, 3
281 ,308, 264, '190 214 213 240 250 234 246 234 ' ,59 ,0 ,3, 3
839 ,271, 823, '662 803 680 645 543 732 627 725 ' ,264 ,1 ,4, 4
613 ,829, 596, '583 540 527 265 440 543 520 241 ' ,343 ,1 ,2, 2
557 ,713, 541, '246 291 526 507 225 226 293 463 ' ,303 ,0 ,2, 2
536 ,546, 519, '504 422 276 304 366 434 472 496 ' ,230 ,1 ,3, 3
433 ,525, 418, '241 402 302 297 258 208 259 236 ' ,198 ,1 ,4, 4
518 ,425, 502, '486 241 233 280 211 449 216 246 ' ,276 ,1 ,4, 3
391 ,507, 374, '242 290 302 275 337 357 318 317 ' ,118 ,1 ,2, 2
406 ,383, 386, '282 269 368 332 274 300 313 324 ' ,103 ,1 ,3, 3
344 ,392, 324, '307 225 222 233 218 307 210 207 ' ,106 ,0 ,4, 4
330 ,334, 314, '267 260 277 302 262 251 288 239 ' ,62 ,1 ,3, 3
330 ,320, 313, '294 230 203 261 228 224 227 242 ' ,95 ,5 ,3, 1
349 ,320, 333, '252 316 296 231 236 271 225 256 ' ,93 ,1 ,4, 4
358 ,339, 341, '273 325 307 296 255 288 304 291 ' ,70 ,1 ,3, 3
320 ,348, 304, '215 286 266 265 253 226 267 211 ' ,79 ,1 ,4, 4
345 ,310, 327, '244 251 310 244 262 255 232 252 ' ,75 ,1 ,3, 3
307 ,336, 289, '243 231 209 277 262 207 193 223 ' ,83 ,1 ,3, 3
365 ,298, 349, '271 281 322 291 263 291 272 330 ' ,70 ,1 ,4, 4
397 ,354, 380, '296 264 210 367 245 245 223 264 ' ,157 ,1 ,3, 3
339 ,388, 321, '272 256 304 301 251 283 209 212 ' ,97 ,1 ,3, 3
333 ,329, 317, '283 259 267 302 256 255 225 264 ' ,79 ,1 ,3, 3
367 ,323, 351, '292 332 285 268 220 267 258 237 ' ,115 ,1 ,3, 3
314 ,357, 300, '253 281 268 216 243 217 238 269 ' ,69 ,1 ,4, 4
324 ,304, 308, '223 254 291 269 255 254 257 251 ' ,71 ,1 ,4, 4
375 ,314, 359, '342 280 291 303 313 293 243 292 ' ,100 ,1 ,2, 2
325 ,365, 307, '234 290 223 253 281 252 221 277 ' ,70 ,1 ,4, 4
326 ,313, 310, '278 293 281 252 219 238 282 255 ' ,78 ,1 ,2, 2
346 ,319, 329, '256 222 201 285 311 310 227 215 ' ,117 ,1 ,2, 2
330 ,336, 313, '234 260 280 250 266 259 297 269 ' ,64 ,1 ,3, 3
364 ,319, 346, '295 246 326 221 227 211 277 228 ' ,120 ,1 ,4, 4
226 ,354, 208, '191 168 181 187 171 178 158 161 ' ,34 ,1 ,3, 3
155 ,216, 140, '123 103 106 112 97 100 109 100 ' ,27 ,1 ,4, 4
163 ,146, 146, '108 129 115 110 110 121 114 117 ' ,24 ,1 ,4, 4
182 ,153, 164, '112 145 119 128 114 116 142 104 ' ,46 ,1 ,3, 3
181 ,170, 165, '127 114 104 107 103 115 104 106 ' ,41 ,19 ,4, 4
145 ,171, 129, '115 109 102 102 96 100 110 106 ' ,19 ,1 ,2, 2
148 ,136, 133, '107 116 108 111 106 97 115 104 ' ,23 ,1 ,4, 3
154 ,138, 137, '116 103 101 109 106 95 119 86 ' ,35 ,1 ,4, 3
175 ,144, 154, '114 110 129 135 95 103 124 138 ' ,43 ,1 ,3, 3
159 ,166, 139, '120 102 106 93 102 114 100 105 ' ,34 ,1 ,4, 4
160 ,146, 144, '101 111 97 126 99 93 122 101 ' ,35 ,1 ,4, 4
157 ,149, 139, '111 107 103 125 99 93 97 107 ' ,35 ,1 ,2, 2
172 ,344, 155, '135 135 99 109 109 111 100 97 ' ,43 ,1 ,3, 3
157 ,162, 142, '98 104 109 129 89 117 105 112 ' ,38 ,1 ,4, 3
180 ,147, 162, '138 144 138 142 121 125 128 121 ' ,28 ,0 ,2, 2
159 ,170, 143, '113 116 114 128 94 97 108 105 ' ,31 ,1 ,3, 3
158 ,148, 144, '121 118 115 106 103 118 93 92 ' ,31 ,1 ,3, 3
190 ,149, 173, '153 139 151 131 121 125 136 136 ' ,35 ,1 ,4, 4
171 ,179, 154, '101 134 120 115 111 93 134 112 ' ,43 ,1 ,3, 3
161 ,161, 143, '122 107 92 92 92 109 96 92 ' ,37 ,1 ,5, 5
152 ,148, 134, '111 105 115 94 94 101 100 93 ' ,25 ,1 ,4, 4
166 ,141, 149, '101 103 130 96 97 101 98 109 ' ,39 ,1 ,3, 3
152 ,156, 133, '96 117 107 103 88 96 95 86 ' ,33 ,1 ,4, 3
143 ,140, 125, '105 103 108 99 87 93 105 91 ' ,25 ,1 ,2, 2
179 ,134, 161, '143 108 100 111 92 135 102 92 ' ,55 ,2 ,2, 2
166 ,169, 148, '103 111 127 105 98 112 112 111 ' ,36 ,2 ,4, 4
156 ,153, 137, '114 117 119 105 101 98 94 96 ' ,27 ,1 ,4, 3
148 ,145, 129, '99 105 98 111 94 92 96 87 ' ,27 ,2 ,3, 3
193 ,135, 177, '159 132 138 148 125 133 146 129 ' ,39 ,1 ,2, 2
164 ,185, 147, '126 127 117 105 100 127 87 100 ' ,45 ,1 ,2, 2
193 ,156, 174, '156 134 146 147 127 131 124 117 ' ,42 ,1 ,3, 3
149 ,181, 132, '116 116 103 107 94 100 106 92 ' ,25 ,0 ,3, 3
144 ,153, 128, '97 100 110 104 86 88 102 104 ' ,25 ,0 ,4, 4
188 ,134, 172, '107 153 118 101 98 101 128 102 ' ,58 ,1 ,4, 4
172 ,179, 158, '138 98 107 109 91 138 96 88 ' ,53 ,1 ,4, 4
187 ,162, 170, '112 99 101 99 153 99 112 106 ' ,61 ,1 ,3, 3
144 ,177, 129, '101 96 107 108 92 97 98 89 ' ,19 ,1 ,3, 3
137 ,134, 123, '90 104 102 97 88 98 96 98 ' ,14 ,1 ,2, 2
158 ,129, 142, '99 121 122 112 92 96 115 114 ' ,27 ,1 ,3, 3
168 ,148, 151, '132 93 100 92 89 130 93 96 ' ,47 ,2 ,2, 2
149 ,159, 130, '103 110 114 102 85 100 107 93 ' ,30 ,1 ,3, 3
305 ,140, 286, '99 92 108 113 101 92 92 99 ' ,19 ,1 ,164, 3
159 ,293, 142, '117 111 124 101 106 109 100 98 ' ,26 ,1 ,3, 3
181 ,149, 166, '93 123 148 147 92 98 109 139 ' ,58 ,1 ,4, 3
172 ,171, 156, '139 109 99 95 92 130 96 91 ' ,49 ,1 ,2, 2
151 ,164, 132, '93 104 107 97 112 102 109 109 ' ,21 ,1 ,4, 4
328 ,143, 309, '96 117 110 108 84 288 99 91 ' ,208 ,2 ,3, 3
142 ,315, 126, '88 95 100 114 93 101 102 100 ' ,20 ,1 ,3, 3
284 ,132, 268, '249 230 221 205 227 218 213 231 ' ,47 ,1 ,5, 5
362 ,273, 345, '319 246 320 282 271 284 215 283 ' ,111 ,1 ,4, 4
405 ,354, 390, '371 353 309 320 257 286 268 242 ' ,131 ,1 ,4, 4
415 ,394, 398, '299 363 342 318 320 335 347 311 ' ,81 ,1 ,4, 3
380 ,405, 364, '343 337 307 328 263 313 249 303 ' ,100 ,2 ,3, 3
357 ,371, 342, '294 322 319 308 265 287 287 237 ' ,90 ,1 ,4, 3
350 ,349, 331, '306 280 310 256 268 278 291 285 ' ,62 ,1 ,3, 3
446 ,337, 429, '307 279 411 342 277 341 345 351 ' ,137 ,1 ,3, 3
370 ,436, 356, '285 314 334 267 264 316 252 255 ' ,87 ,2 ,4, 3
326 ,363, 309, '288 258 271 276 250 252 242 244 ' ,50 ,2 ,3, 3
367 ,316, 349, '321 329 319 334 248 303 286 280 ' ,87 ,1 ,2, 2
420 ,357, 403, '344 380 317 286 267 328 274 315 ' ,116 ,1 ,3, 3
331 ,408, 316, '272 282 282 245 296 258 279 292 ' ,58 ,2 ,2, 2
366 ,321, 349, '266 312 329 248 320 235 277 235 ' ,102 ,1 ,2, 2
370 ,356, 354, '273 268 264 260 205 262 198 332 ' ,139 ,2 ,3, 3
338 ,361, 319, '250 218 299 251 236 231 256 207 ' ,98 ,2 ,3, 3
326 ,328, 309, '286 258 293 275 215 286 266 200 ' ,95 ,1 ,2, 2
285 ,316, 269, '218 192 249 235 183 195 182 214 ' ,69 ,1 ,3, 3
265 ,275, 245, '214 218 212 232 163 198 185 202 ' ,67 ,1 ,1, 1
268 ,253, 251, '232 210 187 183 196 204 179 190 ' ,57 ,1 ,2, 2
291 ,259, 276, '200 246 257 229 185 210 218 215 ' ,77 ,2 ,3, 2
289 ,283, 270, '247 235 188 205 206 254 239 170 ' ,86 ,1 ,2, 2
264 ,277, 249, '189 228 163 158 165 168 178 171 ' ,76 ,1 ,3, 3
265 ,254, 250, '208 215 197 229 190 214 231 193 ' ,44 ,2 ,3, 3
290 ,255, 275, '199 230 249 259 150 163 195 164 ' ,108 ,1 ,3, 3
281 ,281, 264, '168 243 214 155 175 183 208 159 ' ,95 ,1 ,3, 3
297 ,270, 281, '260 213 190 200 154 226 207 162 ' ,111 ,2 ,2, 2
263 ,288, 246, '158 168 224 188 180 202 193 198 ' ,69 ,1 ,3, 3
442 ,252, 422, '399 161 191 231 193 374 178 150 ' ,254 ,1 ,3, 3
310 ,427, 293, '192 171 274 198 168 182 172 188 ' ,106 ,2 ,3, 3
265 ,299, 247, '216 203 210 235 217 158 187 189 ' ,75 ,1 ,2, 1
333 ,256, 316, '283 179 193 181 168 296 196 205 ' ,130 ,1 ,4, 3
225 ,367, 209, '188 175 175 178 149 162 166 160 ' ,44 ,2 ,3, 3
231 ,217, 212, '183 168 167 182 176 164 185 195 ' ,32 ,2 ,3, 3
227 ,220, 210, '185 182 178 181 144 167 171 193 ' ,49 ,1 ,2, 2
225 ,217, 209, '177 188 159 160 169 163 177 147 ' ,45 ,2 ,3, 3
322 ,214, 307, '284 191 200 196 174 233 175 180 ' ,115 ,2 ,4, 3
274 ,312, 259, '204 197 210 197 239 171 191 189 ' ,70 ,1 ,3, 3
263 ,264, 246, '214 202 228 207 181 187 158 190 ' ,72 ,1 ,2, 2
273 ,253, 258, '214 236 201 174 174 179 174 187 ' ,68 ,1 ,3, 3
266 ,263, 245, '210 202 224 197 174 184 185 216 ' ,55 ,2 ,3, 3
290 ,250, 271, '251 225 229 241 205 213 198 220 ' ,56 ,1 ,3, 3
245 ,280, 229, '189 186 209 215 166 188 182 197 ' ,45 ,1 ,3, 3
270 ,235, 253, '207 217 233 190 176 168 204 206 ' ,69 ,2 ,3, 3
299 ,260, 282, '218 219 240 204 214 265 200 220 ' ,65 ,2 ,3, 3
305 ,290, 287, '218 265 215 254 190 172 213 173 ' ,99 ,1 ,2, 2
289 ,295, 271, '250 225 200 184 188 202 189 214 ' ,68 ,2 ,3, 3
245 ,278, 229, '208 195 200 187 188 214 192 182 ' ,30 ,1 ,2, 2
331 ,235, 314, '165 222 292 254 224 199 268 233 ' ,132 ,2 ,3, 3
296 ,321, 278, '208 229 231 255 187 242 200 217 ' ,73 ,2 ,3, 3
261 ,284, 243, '210 215 226 184 197 179 203 210 ' ,46 ,1 ,3, 2
276 ,250, 261, '219 200 241 229 216 181 189 200 ' ,63 ,1 ,3, 3
295 ,268, 279, '195 236 165 250 261 208 203 193 ' ,96 ,2 ,1, 1
271 ,287, 256, '210 235 220 236 216 184 209 177 ' ,61 ,2 ,3, 3
257 ,262, 240, '173 221 218 205 179 178 197 186 ' ,50 ,1 ,3, 3
283 ,245, 268, '241 185 247 227 190 185 166 233 ' ,85 ,2 ,2, 2
292 ,274, 278, '226 213 219 204 166 256 203 155 ' ,106 ,2 ,3, 3
297 ,283, 281, '214 255 249 252 160 210 222 239 ' ,101 ,1 ,3, 3
432 ,287, 417, '396 248 241 270 193 372 201 235 ' ,208 ,1 ,3, 3
274 ,423, 259, '208 185 234 240 211 177 204 186 ' ,67 ,2 ,3, 3
290 ,264, 273, '217 200 214 224 169 198 213 252 ' ,86 ,2 ,3, 3
320 ,281, 304, '280 209 218 236 221 227 220 216 ' ,73 ,2 ,3, 3
277 ,309, 259, '228 236 200 236 216 227 189 180 ' ,65 ,1 ,3, 3
