251 ,0, 131, '64 69 74 84 75 89 82 74 31 60 38 41 ' ,54 ,2 ,3, 2
218 ,158, 200, '182 192 158 145 156 170 165 169 85 117 97 159 ' ,108 ,0 ,1, 1
69 ,211, 51, '33 33 28 33 31 29 32 27 15 20 18 22 ' ,27 ,1 ,2, 2
94 ,58, 68, '28 32 29 33 31 34 37 31 17 21 29 17 ' ,47 ,0 ,1, 0
73 ,84, 54, '44 32 28 34 31 43 30 28 15 21 26 18 ' ,29 ,1 ,1, 1
79 ,63, 52, '42 32 32 29 35 44 31 29 19 23 19 19 ' ,26 ,1 ,1, 1
223 ,61, 202, '36 29 177 29 189 32 28 173 18 35 19 11 ' ,181 ,1 ,2, 1
199 ,213, 181, '31 169 33 27 22 51 28 25 21 20 39 24 ' ,148 ,1 ,1, 1
186 ,267, 167, '19 20 27 28 22 153 19 26 16 17 14 20 ' ,144 ,1 ,1, 0
83 ,176, 62, '53 25 22 24 27 40 20 22 19 21 32 29 ' ,37 ,1 ,1, 0
55 ,74, 39, '26 24 23 21 25 20 17 24 16 12 13 20 ' ,14 ,1 ,1, 0
73 ,43, 56, '20 21 22 27 49 20 26 26 16 41 34 23 ' ,29 ,0 ,1, 1
56 ,64, 38, '21 21 17 17 21 23 20 22 28 24 19 17 ' ,14 ,1 ,1, 0
82 ,47, 50, '19 20 21 43 40 20 28 22 42 31 22 23 ' ,24 ,0 ,1, 1
64 ,74, 45, '34 19 21 21 18 38 16 21 18 15 28 21 ' ,23 ,1 ,0, 0
51 ,56, 30, '14 16 20 25 22 16 22 19 21 16 13 18 ' ,14 ,1 ,1, 1
68 ,41, 51, '23 25 30 24 40 27 21 24 18 34 18 18 ' ,25 ,0 ,1, 1
63 ,58, 43, '16 18 24 32 23 26 16 15 26 18 15 12 ' ,22 ,1 ,1, 1
82 ,53, 63, '26 21 20 53 26 19 22 23 42 28 12 15 ' ,41 ,1 ,1, 1
108 ,70, 90, '83 18 35 19 32 77 25 15 13 28 64 13 ' ,69 ,1 ,0, 0
52 ,98, 33, '19 20 21 26 25 20 21 21 12 19 16 22 ' ,14 ,1 ,1, 0
75 ,42, 55, '20 22 20 22 48 22 23 23 17 43 20 19 ' ,31 ,0 ,1, 1
197 ,63, 178, '23 31 23 23 25 35 30 32 22 21 23 31 ' ,150 ,1 ,2, 1
121 ,188, 103, '23 27 30 25 29 26 19 24 94 27 30 26 ' ,76 ,1 ,1, 1
79 ,111, 60, '50 28 24 23 25 35 25 25 26 17 33 29 ' ,33 ,1 ,1, 1
64 ,69, 46, '38 37 34 32 24 24 35 27 20 16 19 24 ' ,24 ,1 ,1, 1
181 ,55, 166, '25 29 18 19 20 18 20 18 14 17 20 147 ' ,142 ,1 ,1, 1
55 ,321, 34, '20 20 23 25 18 23 25 26 16 11 16 13 ' ,20 ,2 ,1, 1
105 ,47, 85, '19 25 21 75 25 20 23 21 13 18 12 20 ' ,66 ,2 ,1, 0
350 ,94, 335, '127 26 20 27 22 25 23 23 17 225 14 16 ' ,213 ,2 ,1, 1
129 ,340, 112, '25 102 92 19 76 21 19 94 13 24 12 10 ' ,95 ,2 ,1, 0
119 ,119, 102, '93 23 22 21 62 32 20 21 15 55 12 15 ' ,79 ,0 ,1, 1
164 ,110, 148, '30 37 21 82 23 136 31 19 32 16 12 28 ' ,126 ,1 ,0, 0
54 ,157, 36, '24 26 23 29 23 24 22 23 18 13 15 19 ' ,15 ,0 ,0, 0
117 ,45, 99, '63 90 18 19 23 64 91 30 12 14 55 78 ' ,80 ,0 ,1, 0
56 ,107, 34, '20 22 19 26 22 26 19 22 14 16 13 13 ' ,15 ,1 ,0, 0
61 ,46, 43, '23 21 23 20 35 22 23 22 10 28 15 15 ' ,24 ,1 ,1, 0
54 ,51, 31, '21 21 21 23 19 21 23 20 15 13 13 13 ' ,10 ,0 ,0, 0
71 ,38, 53, '23 23 19 46 21 24 25 22 42 14 13 15 ' ,33 ,0 ,1, 0
56 ,62, 39, '30 19 20 24 16 32 24 21 14 9 29 13 ' ,23 ,0 ,1, 1
56 ,45, 36, '20 29 21 25 21 22 25 21 18 11 16 18 ' ,18 ,0 ,1, 1
73 ,44, 55, '20 23 20 21 47 33 17 21 16 36 18 15 ' ,32 ,0 ,1, 1
54 ,62, 40, '28 24 25 21 23 26 26 23 12 15 30 18 ' ,20 ,0 ,1, 1
68 ,47, 53, '24 22 18 43 23 20 20 17 38 18 12 11 ' ,34 ,0 ,1, 1
77 ,60, 60, '23 53 23 20 24 24 46 20 15 13 16 40 ' ,39 ,0 ,1, 1
48 ,68, 31, '18 19 18 18 22 27 17 23 11 15 15 11 ' ,11 ,0 ,0, 0
62 ,39, 45, '32 31 21 21 39 23 35 24 17 28 8 20 ' ,29 ,1 ,0, 0
52 ,51, 35, '21 17 16 28 20 15 17 17 16 14 8 11 ' ,20 ,1 ,1, 1
74 ,41, 56, '21 26 22 47 23 23 26 24 40 13 13 16 ' ,36 ,1 ,1, 1
90 ,65, 66, '58 17 22 24 21 58 18 22 16 15 54 10 ' ,50 ,1 ,1, 0
61 ,80, 44, '25 22 21 25 27 27 32 22 15 18 18 11 ' ,22 ,0 ,1, 1
46 ,51, 24, '15 16 15 16 21 20 15 17 12 14 15 9 ' ,11 ,0 ,0, 0
47 ,36, 30, '21 22 22 23 23 22 23 21 17 13 13 15 ' ,11 ,0 ,0, 0
61 ,39, 44, '19 20 24 38 23 23 21 20 26 16 12 14 ' ,27 ,0 ,1, 0
95 ,54, 77, '69 45 19 21 17 69 44 20 14 11 62 37 ' ,59 ,1 ,0, 0
70 ,85, 37, '27 28 22 18 22 21 15 26 20 10 14 9 ' ,26 ,0 ,1, 1
72 ,58, 49, '20 37 45 28 50 19 38 34 16 38 14 14 ' ,35 ,0 ,1, 1
64 ,65, 45, '26 17 40 35 16 23 19 40 12 10 10 11 ' ,31 ,1 ,0, 0
61 ,56, 43, '26 21 23 36 21 37 22 23 28 13 11 14 ' ,26 ,1 ,0, 0
75 ,53, 57, '51 20 19 16 21 51 19 20 9 16 44 12 ' ,41 ,0 ,0, 0
50 ,68, 29, '22 21 17 23 15 22 21 16 11 8 8 14 ' ,18 ,0 ,1, 1
88 ,41, 72, '14 19 19 24 65 16 18 20 14 59 7 13 ' ,58 ,1 ,0, 0
65 ,78, 46, '22 19 41 22 21 23 16 41 11 14 11 9 ' ,29 ,0 ,0, 0
86 ,53, 67, '15 20 15 61 20 15 19 19 55 14 10 14 ' ,48 ,1 ,1, 0
106 ,224, 81, '74 43 20 22 18 77 38 20 11 71 64 30 ' ,63 ,0 ,1, 1
51 ,95, 29, '23 21 13 18 18 25 18 19 14 10 10 9 ' ,13 ,0 ,1, 0
49 ,41, 31, '22 22 21 22 24 22 22 21 15 12 13 13 ' ,11 ,0 ,0, 0
55 ,41, 33, '14 21 16 15 21 17 28 17 8 12 7 15 ' ,20 ,0 ,1, 1
65 ,46, 47, '22 22 16 38 20 27 22 18 31 12 15 14 ' ,27 ,0 ,1, 0
95 ,55, 72, '66 19 19 23 24 66 18 20 15 13 59 11 ' ,52 ,0 ,0, 0
49 ,80, 31, '21 23 17 17 26 22 21 19 10 15 12 19 ' ,15 ,0 ,1, 1
112 ,39, 95, '19 15 20 22 88 17 28 20 15 81 18 66 ' ,74 ,0 ,1, 0
92 ,103, 76, '21 19 69 21 21 20 18 70 12 13 22 8 ' ,56 ,0 ,0, 0
125 ,83, 106, '24 18 19 57 20 20 17 19 83 12 99 13 ' ,87 ,0 ,1, 1
103 ,114, 86, '51 51 19 22 24 53 55 20 15 78 44 43 ' ,65 ,1 ,1, 0
57 ,96, 35, '18 21 23 30 19 17 22 23 18 13 10 13 ' ,20 ,1 ,0, 0
55 ,47, 38, '25 21 22 25 31 24 21 22 16 24 14 13 ' ,18 ,0 ,1, 1
47 ,45, 31, '17 17 24 22 22 19 18 18 12 14 10 10 ' ,14 ,1 ,1, 1
83 ,37, 63, '17 21 19 58 21 19 19 19 58 10 13 13 ' ,48 ,0 ,0, 0
79 ,73, 57, '51 51 18 22 22 50 50 19 12 15 42 43 ' ,40 ,0 ,0, 0
45 ,69, 30, '21 21 15 15 18 21 24 14 9 12 13 14 ' ,13 ,0 ,1, 1
74 ,37, 52, '19 21 21 25 48 23 20 19 14 43 12 13 ' ,34 ,0 ,0, 0
65 ,65, 45, '20 22 39 20 19 16 21 39 11 13 9 14 ' ,30 ,0 ,1, 0
52 ,56, 34, '19 25 21 23 29 23 23 21 14 11 13 13 ' ,17 ,0 ,0, 0
81 ,44, 62, '27 56 28 17 23 28 57 34 11 14 22 53 ' ,45 ,1 ,1, 0
51 ,79, 34, '28 21 20 16 17 17 18 20 8 12 8 13 ' ,22 ,1 ,0, 0
47 ,52, 30, '17 22 18 19 16 22 20 18 14 8 11 10 ' ,14 ,0 ,1, 0
83 ,44, 59, '16 23 49 17 20 19 26 56 12 14 8 16 ' ,47 ,0 ,1, 1
65 ,70, 44, '20 19 20 38 18 19 19 19 27 11 12 12 ' ,29 ,0 ,0, 0
83 ,55, 66, '59 17 17 22 23 61 20 20 12 14 54 10 ' ,50 ,0 ,1, 0
56 ,73, 37, '24 15 20 24 27 20 19 23 14 15 13 12 ' ,17 ,0 ,1, 1
61 ,43, 46, '21 22 20 23 38 20 18 20 15 31 13 11 ' ,27 ,0 ,0, 0
74 ,53, 51, '26 24 44 20 20 21 24 43 11 18 12 16 ' ,33 ,0 ,1, 0
81 ,58, 61, '20 19 21 55 18 22 20 22 48 11 15 11 ' ,45 ,0 ,0, 0
65 ,147, 46, '25 41 17 17 20 25 40 16 11 13 18 32 ' ,29 ,0 ,0, 0
46 ,56, 29, '20 20 21 21 17 22 19 20 15 12 13 12 ' ,11 ,1 ,0, 0
52 ,36, 36, '18 18 19 20 30 22 18 17 13 21 11 11 ' ,19 ,0 ,1, 1
49 ,43, 32, '21 15 16 25 13 16 15 15 10 7 13 9 ' ,18 ,1 ,1, 1
84 ,40, 69, '29 26 15 21 18 15 25 17 59 11 8 12 ' ,49 ,0 ,1, 0
106 ,125, 87, '51 19 19 19 83 51 17 18 15 72 41 9 ' ,72 ,0 ,0, 0
51 ,96, 30, '21 16 19 20 14 17 16 17 13 9 11 12 ' ,13 ,0 ,1, 0
85 ,39, 65, '21 16 17 14 59 21 17 18 7 53 11 10 ' ,52 ,1 ,1, 0
86 ,75, 64, '19 26 58 24 23 21 24 57 14 11 16 12 ' ,46 ,0 ,1, 1
61 ,74, 42, '23 22 17 17 18 14 14 16 31 13 13 9 ' ,23 ,1 ,1, 0
79 ,50, 56, '49 23 17 22 19 48 24 17 11 14 42 15 ' ,39 ,0 ,1, 1
50 ,65, 33, '20 19 20 21 17 20 21 21 16 11 13 13 ' ,12 ,0 ,0, 0
68 ,42, 45, '19 24 19 21 35 19 25 18 11 27 10 15 ' ,25 ,1 ,1, 1
45 ,53, 27, '13 20 18 15 18 14 18 19 10 10 8 10 ' ,13 ,0 ,0, 0
68 ,35, 50, '18 18 19 42 21 19 22 17 36 14 12 10 ' ,32 ,0 ,1, 0
71 ,58, 49, '37 36 15 19 17 42 37 15 11 10 33 29 ' ,33 ,0 ,1, 1
50 ,57, 36, '27 20 29 22 25 20 19 28 18 17 14 14 ' ,14 ,0 ,1, 1
64 ,42, 47, '16 19 18 20 42 19 16 17 13 34 11 10 ' ,30 ,0 ,1, 1
68 ,55, 49, '18 19 44 24 16 21 19 45 14 10 12 11 ' ,33 ,0 ,0, 0
68 ,67, 51, '19 23 18 44 16 18 22 18 37 9 11 10 ' ,35 ,1 ,0, 0
68 ,64, 50, '44 23 23 27 21 43 30 22 12 15 31 20 ' ,32 ,1 ,0, 0
53 ,59, 29, '16 22 22 22 16 15 18 20 14 18 10 13 ' ,12 ,0 ,1, 1
90 ,42, 75, '18 25 19 18 68 17 16 18 12 60 10 11 ' ,59 ,0 ,1, 1
51 ,82, 34, '23 25 23 20 20 25 22 22 11 12 14 14 ' ,17 ,1 ,1, 1
56 ,41, 38, '28 19 26 19 23 21 20 26 26 15 12 11 ' ,18 ,0 ,0, 0
60 ,46, 41, '32 18 20 15 17 35 18 19 9 13 27 13 ' ,27 ,1 ,1, 1
55 ,51, 35, '17 16 18 28 16 18 18 17 13 9 11 11 ' ,20 ,1 ,1, 0
68 ,41, 52, '20 16 18 21 45 17 16 18 12 40 11 10 ' ,36 ,0 ,0, 0
79 ,60, 55, '16 16 51 21 12 17 16 51 13 7 11 16 ' ,45 ,0 ,1, 1
66 ,67, 44, '15 17 19 40 21 17 16 17 35 14 12 30 ' ,29 ,0 ,1, 1
63 ,56, 47, '39 24 19 25 17 41 22 19 21 17 32 15 ' ,24 ,0 ,1, 0
48 ,61, 28, '17 23 19 20 14 18 17 17 12 8 11 11 ' ,15 ,0 ,1, 0
91 ,38, 73, '29 39 34 41 65 38 34 26 23 55 18 20 ' ,52 ,0 ,1, 0
79 ,81, 61, '40 39 36 35 52 32 47 42 32 31 33 20 ' ,31 ,0 ,1, 1
170 ,67, 151, '33 44 39 39 36 26 37 143 29 22 16 28 ' ,127 ,1 ,1, 0
84 ,158, 67, '52 53 32 47 33 60 40 35 28 23 46 28 ' ,38 ,1 ,0, 0
82 ,75, 59, '33 33 51 43 42 32 43 32 37 17 32 19 ' ,35 ,1 ,1, 1
84 ,66, 67, '43 40 37 29 37 44 58 32 17 22 28 22 ' ,43 ,0 ,1, 0
110 ,75, 91, '45 50 46 38 44 43 63 83 26 30 21 25 ' ,64 ,0 ,1, 0
143 ,100, 125, '50 41 117 52 38 39 39 36 71 15 29 25 ' ,102 ,1 ,0, 0
133 ,134, 116, '68 46 26 60 34 73 68 37 24 105 44 17 ' ,90 ,0 ,1, 0
77 ,122, 58, '27 31 27 49 32 32 29 36 18 18 23 19 ' ,34 ,1 ,0, 0
107 ,66, 90, '33 32 46 24 82 33 47 37 18 63 14 31 ' ,70 ,1 ,1, 1
104 ,97, 87, '46 31 65 50 26 36 44 80 44 22 26 20 ' ,60 ,0 ,1, 0
89 ,93, 68, '31 40 34 63 42 23 34 24 61 24 19 30 ' ,42 ,0 ,0, 0
117 ,78, 100, '91 56 46 42 40 85 44 31 28 20 61 31 ' ,73 ,0 ,1, 1
68 ,107, 53, '35 34 31 46 35 31 38 29 27 23 29 22 ' ,25 ,0 ,1, 1
82 ,59, 67, '49 54 46 37 60 52 34 44 27 39 20 29 ' ,39 ,0 ,1, 1
90 ,83, 74, '39 45 35 56 46 52 31 67 28 18 29 28 ' ,49 ,0 ,1, 1
97 ,80, 82, '48 61 64 72 75 42 45 52 51 33 42 37 ' ,39 ,0 ,1, 1
144 ,89, 124, '90 70 73 46 31 103 57 49 48 27 65 47 ' ,90 ,1 ,1, 1
96 ,130, 75, '57 40 42 41 54 63 56 41 19 27 44 13 ' ,57 ,1 ,0, 0
91 ,108, 73, '28 40 43 64 34 36 53 33 25 31 21 27 ' ,47 ,1 ,1, 1
102 ,82, 87, '64 80 69 77 66 75 68 75 34 54 46 49 ' ,44 ,0 ,1, 1
94 ,94, 78, '68 34 44 68 32 40 40 42 62 16 23 23 ' ,48 ,1 ,1, 1
116 ,83, 98, '67 89 41 47 42 76 77 52 21 16 62 73 ' ,76 ,0 ,1, 1
112 ,106, 97, '43 72 54 52 41 38 90 34 25 21 32 33 ' ,70 ,0 ,1, 1
119 ,105, 102, '42 72 91 85 59 42 77 95 19 57 22 23 ' ,76 ,0 ,1, 1
117 ,109, 92, '31 44 35 30 86 33 62 41 19 20 23 14 ' ,71 ,1 ,0, 0
97 ,103, 77, '37 43 44 67 48 40 45 38 28 21 35 32 ' ,46 ,0 ,1, 1
164 ,85, 148, '139 31 46 57 51 133 56 34 42 17 52 17 ' ,123 ,1 ,1, 1
88 ,198, 61, '36 33 36 38 43 53 37 42 22 18 18 24 ' ,37 ,1 ,1, 1
102 ,75, 86, '74 69 59 37 32 43 63 41 20 32 23 27 ' ,59 ,0 ,1, 1
83 ,93, 66, '36 48 50 44 53 49 57 50 21 23 23 23 ' ,38 ,0 ,1, 0
284 ,74, 267, '37 37 36 82 50 34 48 260 48 19 23 17 ' ,243 ,1 ,1, 0
99 ,276, 84, '58 38 40 42 54 73 62 53 27 16 38 17 ' ,59 ,0 ,1, 1
153 ,89, 134, '46 55 45 46 37 57 126 28 25 18 21 48 ' ,110 ,1 ,1, 1
93 ,144, 76, '31 44 41 64 68 41 43 39 37 46 29 22 ' ,43 ,1 ,0, 0
237 ,83, 222, '36 209 176 125 34 54 56 212 53 14 17 26 ' ,198 ,0 ,1, 0
92 ,394, 78, '49 69 45 61 45 52 26 24 18 38 28 15 ' ,55 ,0 ,1, 0
235 ,83, 218, '59 101 49 44 55 211 82 50 25 22 60 94 ' ,187 ,1 ,1, 0
191 ,226, 171, '162 30 51 31 43 56 47 31 22 19 38 17 ' ,147 ,1 ,1, 1
81 ,177, 63, '50 55 51 45 37 54 41 28 28 25 23 15 ' ,43 ,0 ,0, 0
99 ,71, 80, '45 71 34 44 73 44 58 30 20 61 21 17 ' ,57 ,0 ,1, 0
140 ,88, 124, '29 43 116 89 45 44 66 36 62 23 20 23 ' ,98 ,1 ,1, 0
100 ,130, 85, '76 61 41 57 28 54 32 51 29 23 48 17 ' ,55 ,1 ,1, 1
106 ,90, 85, '59 67 31 77 48 51 77 32 35 24 29 73 ' ,54 ,0 ,1, 1
114 ,91, 97, '51 34 36 33 62 48 39 89 29 54 28 27 ' ,63 ,1 ,1, 1
117 ,104, 100, '44 36 93 52 67 91 40 48 56 28 22 21 ' ,73 ,1 ,0, 0
105 ,109, 86, '45 57 46 79 45 50 48 33 51 24 22 20 ' ,59 ,0 ,1, 1
155 ,95, 138, '112 94 39 26 36 75 129 45 27 28 93 77 ' ,104 ,0 ,0, 0
86 ,146, 68, '48 50 53 62 61 36 46 41 51 22 16 27 ' ,47 ,1 ,1, 0
65 ,75, 50, '27 32 35 28 42 36 29 40 17 43 16 22 ' ,28 ,0 ,1, 1
73 ,57, 54, '21 24 46 24 25 21 24 45 19 17 18 12 ' ,34 ,0 ,1, 1
55 ,62, 35, '28 26 19 29 24 25 24 18 19 14 17 15 ' ,15 ,0 ,1, 1
74 ,42, 56, '45 24 23 21 22 47 24 19 14 15 38 15 ' ,35 ,0 ,1, 1
48 ,61, 33, '22 18 19 19 24 21 20 21 10 13 9 9 ' ,14 ,0 ,1, 1
69 ,38, 53, '22 24 23 23 40 28 19 23 14 30 12 12 ' ,35 ,0 ,0, 0
46 ,59, 30, '18 20 21 19 17 21 20 20 13 13 11 9 ' ,14 ,1 ,0, 0
74 ,37, 55, '19 24 21 48 25 22 22 24 35 13 17 15 ' ,36 ,0 ,0, 0
63 ,91, 48, '41 21 22 24 17 39 17 19 15 10 30 11 ' ,29 ,1 ,0, 0
50 ,54, 36, '22 18 22 17 21 18 27 18 11 14 7 11 ' ,22 ,0 ,1, 0
67 ,40, 48, '19 18 22 26 39 23 18 19 15 33 10 12 ' ,29 ,1 ,1, 1
75 ,55, 57, '20 26 24 23 24 22 20 26 15 16 51 11 ' ,40 ,1 ,1, 1
65 ,64, 47, '16 25 24 40 22 21 20 22 32 14 11 10 ' ,23 ,0 ,0, 0
96 ,57, 78, '71 16 20 21 26 69 18 21 11 20 62 10 ' ,62 ,0 ,0, 0
63 ,88, 47, '23 29 26 40 26 26 28 24 27 16 12 17 ' ,28 ,0 ,0, 0
63 ,52, 49, '20 22 34 23 41 25 23 30 15 32 16 14 ' ,30 ,1 ,0, 0
65 ,54, 52, '19 20 44 25 21 19 17 42 10 16 8 11 ' ,36 ,0 ,1, 1
231 ,56, 211, '29 25 29 44 31 34 22 201 35 20 14 13 ' ,190 ,0 ,1, 1
62 ,219, 46, '38 19 21 22 23 31 21 18 14 17 22 12 ' ,27 ,1 ,1, 1
51 ,57, 34, '23 21 18 18 20 28 23 15 12 12 15 14 ' ,15 ,0 ,1, 1
74 ,39, 52, '16 23 15 21 45 24 25 17 18 37 8 14 ' ,37 ,0 ,1, 1
68 ,63, 42, '18 26 22 22 20 20 33 33 18 11 12 13 ' ,24 ,0 ,0, 0
77 ,54, 63, '20 24 27 55 22 28 21 21 42 14 14 13 ' ,42 ,1 ,1, 1
72 ,69, 51, '30 44 22 24 24 33 41 19 13 16 22 32 ' ,33 ,1 ,1, 0
82 ,58, 66, '24 24 18 20 36 22 24 17 10 60 14 15 ' ,51 ,0 ,0, 0
54 ,73, 36, '23 21 27 30 18 22 22 20 12 17 12 10 ' ,20 ,0 ,1, 0
51 ,43, 36, '17 24 19 17 23 19 26 18 10 14 14 16 ' ,19 ,0 ,1, 1
138 ,41, 116, '21 22 108 75 21 24 20 22 14 13 13 11 ' ,97 ,0 ,1, 1
115 ,123, 100, '92 71 28 25 65 89 73 24 13 58 81 62 ' ,80 ,0 ,1, 1
49 ,105, 31, '21 21 23 24 20 25 23 21 11 13 14 15 ' ,16 ,0 ,0, 0
79 ,39, 63, '26 22 28 24 56 27 25 26 15 49 15 16 ' ,43 ,1 ,0, 0
63 ,70, 48, '20 23 41 21 21 22 24 38 12 13 11 16 ' ,31 ,0 ,1, 1
56 ,54, 37, '20 20 23 27 22 29 18 19 14 16 12 11 ' ,18 ,1 ,0, 0
109 ,44, 94, '82 81 19 25 25 86 83 17 20 14 71 69 ' ,73 ,1 ,1, 1
51 ,103, 34, '21 26 24 22 21 20 23 23 9 11 14 17 ' ,19 ,0 ,0, 0
56 ,40, 40, '22 19 24 24 21 20 18 20 18 15 10 11 ' ,21 ,0 ,1, 1
78 ,48, 61, '21 28 49 18 25 19 30 50 11 13 10 13 ' ,43 ,0 ,1, 1
76 ,67, 52, '21 19 22 44 18 23 20 20 38 11 11 13 ' ,36 ,0 ,0, 0
74 ,62, 58, '50 21 20 22 22 53 18 20 11 17 43 10 ' ,37 ,0 ,1, 1
49 ,64, 33, '22 22 21 28 19 21 21 21 16 12 15 14 ' ,15 ,0 ,1, 0
75 ,40, 55, '19 19 18 20 48 23 17 19 14 41 13 11 ' ,38 ,1 ,1, 0
53 ,61, 35, '20 20 23 24 18 22 22 22 19 11 16 13 ' ,18 ,0 ,0, 0
59 ,40, 43, '23 21 20 32 33 19 18 21 23 24 11 12 ' ,23 ,1 ,1, 1
219 ,48, 201, '48 21 17 32 22 52 22 18 9 14 40 13 ' ,184 ,141 ,1, 0
52 ,206, 35, '21 22 25 24 27 24 21 24 15 15 13 15 ' ,14 ,0 ,1, 0
54 ,42, 37, '26 18 21 29 24 25 20 19 13 15 17 10 ' ,18 ,1 ,0, 0
65 ,45, 47, '21 22 38 19 20 26 22 39 10 13 15 14 ' ,31 ,1 ,1, 1
76 ,53, 59, '19 19 22 52 16 23 20 19 16 11 12 12 ' ,40 ,0 ,1, 0
89 ,65, 72, '64 43 57 56 43 64 41 38 16 29 55 16 ' ,50 ,0 ,1, 1
95 ,79, 79, '40 56 50 49 50 41 70 31 20 24 28 17 ' ,54 ,0 ,1, 0
99 ,86, 81, '35 50 46 66 75 42 37 37 22 48 19 22 ' ,56 ,0 ,0, 0
100 ,89, 82, '47 52 71 54 36 63 46 76 35 25 26 27 ' ,52 ,0 ,0, 0
208 ,91, 191, '58 50 44 51 67 32 41 184 98 19 28 31 ' ,166 ,1 ,1, 1
149 ,197, 129, '55 122 62 50 57 63 102 47 22 25 57 74 ' ,102 ,0 ,0, 0
104 ,138, 81, '37 50 72 54 38 56 26 36 26 25 30 33 ' ,48 ,0 ,1, 1
127 ,92, 113, '38 56 84 35 105 57 55 53 28 54 35 37 ' ,75 ,1 ,1, 1
107 ,119, 91, '50 37 62 55 83 52 43 65 27 17 23 31 ' ,68 ,1 ,1, 1
97 ,99, 82, '71 58 33 43 34 55 40 51 35 28 22 33 ' ,51 ,0 ,1, 1
119 ,87, 100, '90 73 70 34 53 91 54 44 41 32 76 27 ' ,64 ,0 ,1, 0
92 ,105, 72, '43 68 57 52 44 48 39 61 29 26 25 47 ' ,44 ,0 ,0, 0
93 ,82, 75, '44 31 51 58 66 34 33 38 36 53 30 17 ' ,50 ,1 ,1, 1
104 ,82, 87, '42 50 78 65 38 46 49 62 28 21 24 57 ' ,58 ,0 ,1, 1
129 ,94, 112, '37 51 78 95 46 49 50 51 73 24 18 31 ' ,86 ,1 ,1, 1
124 ,120, 109, '74 47 45 31 97 80 39 52 24 61 61 50 ' ,75 ,1 ,1, 1
81 ,115, 63, '32 52 47 37 50 38 36 55 24 27 33 30 ' ,34 ,0 ,0, 0
84 ,72, 62, '41 46 37 52 46 40 37 30 25 22 31 21 ' ,35 ,1 ,1, 0
77 ,76, 54, '31 30 32 48 29 35 44 36 23 17 13 19 ' ,34 ,0 ,1, 0
79 ,68, 63, '41 35 33 52 53 57 31 29 48 27 17 18 ' ,39 ,0 ,1, 1
131 ,69, 115, '102 44 42 38 33 91 41 53 29 16 78 23 ' ,91 ,0 ,1, 1
69 ,121, 50, '36 32 29 43 40 35 33 38 22 27 19 20 ' ,27 ,1 ,0, 0
63 ,57, 50, '22 38 29 38 40 31 33 32 19 19 17 17 ' ,24 ,1 ,1, 0
95 ,54, 79, '51 35 71 38 44 33 38 67 19 18 32 38 ' ,53 ,0 ,1, 0
82 ,85, 66, '28 38 34 60 34 30 43 35 49 19 17 15 ' ,44 ,0 ,1, 0
84 ,72, 69, '63 52 32 23 47 54 45 29 11 16 43 35 ' ,52 ,0 ,1, 1
96 ,75, 78, '35 43 73 61 46 41 43 33 25 40 25 31 ' ,47 ,0 ,1, 0
121 ,87, 104, '47 63 90 26 92 48 39 59 15 41 13 20 ' ,84 ,1 ,1, 0
94 ,112, 76, '25 29 68 32 27 25 30 65 17 23 21 13 ' ,54 ,1 ,1, 0
85 ,85, 67, '29 26 27 59 31 25 24 31 41 19 22 13 ' ,47 ,0 ,1, 1
132 ,76, 112, '47 105 37 35 30 63 72 46 21 33 40 50 ' ,86 ,0 ,0, 0
