290 ,0, 200, '54 40 87 57 75 47 40 66 62 102 46 47 ' ,'0 0 0 0 0 0 0 0 0 0 0 0 ' ,81 ,2 ,30, 29
828 ,270, 805, '480 503 780 411 664 421 393 636 419 722 451 393 ' ,'0 0 0 0 0 0 0 0 0 0 0 0 ' ,391 ,3 ,10, 10
529 ,823, 503, '362 383 375 365 423 302 336 339 333 464 299 291 ' ,'0 0 0 0 0 0 0 0 0 0 0 0 ' ,176 ,3 ,2, 2
689 ,518, 668, '399 425 510 398 563 389 399 643 422 544 424 366 ' ,'0 0 0 0 0 0 0 0 0 0 0 0 ' ,286 ,3 ,2, 2
860 ,678, 619, '421 436 604 437 565 371 370 515 389 485 329 349 ' ,'0 0 0 0 0 0 0 0 0 0 0 0 ' ,282 ,3 ,4, 3
595 ,853, 573, '409 395 388 432 484 420 324 489 356 557 321 339 ' ,'0 0 0 0 0 0 0 0 0 0 0 0 ' ,242 ,3 ,3, 3
458 ,582, 428, '395 409 407 368 363 363 359 407 346 338 331 409 ' ,'0 0 0 0 0 0 0 0 0 0 0 0 ' ,85 ,4 ,3, 3
541 ,455, 523, '398 368 451 412 501 344 366 503 344 331 401 331 ' ,'0 0 0 0 0 0 0 0 0 0 0 0 ' ,179 ,3 ,4, 3
441 ,532, 426, '318 388 406 404 353 375 361 384 362 386 379 343 ' ,'0 0 0 0 0 0 0 0 0 0 0 0 ' ,95 ,6 ,3, 3
579 ,436, 557, '439 395 542 393 341 441 365 408 367 413 324 320 ' ,'0 0 0 0 0 0 0 0 0 0 0 0 ' ,227 ,4 ,3, 3
478 ,564, 455, '379 317 392 365 327 335 281 313 350 312 346 324 ' ,'0 0 0 0 0 0 0 0 0 0 0 0 ' ,161 ,3 ,4, 3
477 ,481, 450, '354 323 322 340 350 286 281 352 375 404 309 273 ' ,'0 0 0 0 0 0 0 0 0 0 0 0 ' ,168 ,2 ,2, 2
472 ,468, 454, '402 369 380 401 440 366 320 428 349 343 363 370 ' ,'0 0 0 0 0 0 0 0 0 0 0 0 ' ,121 ,1 ,2, 2
435 ,464, 407, '357 359 356 342 353 267 314 401 342 307 296 341 ' ,'0 0 0 0 0 0 0 0 0 0 0 0 ' ,138 ,2 ,1, 1
598 ,429, 578, '505 447 536 446 357 364 389 425 392 459 408 397 ' ,'0 0 0 0 0 0 0 0 0 0 0 0 ' ,201 ,3 ,2, 1
501 ,591, 436, '398 404 397 373 359 356 371 411 331 382 369 377 ' ,'0 0 0 0 0 0 0 0 0 0 0 0 ' ,88 ,2 ,4, 3
638 ,493, 617, '397 478 477 392 490 426 394 522 361 488 357 350 ' ,'0 0 0 0 0 0 0 0 0 0 0 0 ' ,181 ,1 ,77, 3
487 ,622, 470, '382 349 373 365 399 393 338 416 326 366 390 359 ' ,'0 0 0 0 0 0 0 0 0 0 0 0 ' ,134 ,3 ,4, 3
508 ,479, 487, '344 341 322 346 475 341 310 369 317 475 332 356 ' ,'0 0 0 0 0 0 0 0 0 0 0 0 ' ,168 ,2 ,4, 3
628 ,498, 615, '441 488 467 422 447 407 365 470 396 582 406 380 ' ,'0 0 0 0 0 0 0 0 0 0 0 0 ' ,238 ,5 ,4, 4
642 ,656, 621, '508 420 605 399 590 377 368 400 348 487 403 384 ' ,'0 0 0 0 0 0 0 0 0 0 0 0 ' ,259 ,4 ,2, 2
605 ,636, 580, '425 400 567 421 446 363 345 560 339 454 378 332 ' ,'0 0 0 0 0 0 0 0 0 0 0 0 ' ,239 ,1 ,2, 2
626 ,602, 597, '355 351 527 392 565 332 331 486 309 582 353 293 ' ,'0 0 0 0 0 0 0 0 0 0 0 0 ' ,292 ,2 ,3, 3
658 ,621, 638, '368 319 621 370 550 332 361 485 332 481 317 301 ' ,'0 0 0 0 0 0 0 0 0 0 0 0 ' ,326 ,2 ,3, 3
557 ,648, 540, '404 404 506 349 448 351 316 527 319 476 297 341 ' ,'0 0 0 0 0 0 0 0 0 0 0 0 ' ,231 ,2 ,3, 2
578 ,549, 561, '401 380 478 379 530 323 353 542 389 522 338 331 ' ,'0 0 0 0 0 0 0 0 0 0 0 0 ' ,217 ,2 ,6, 2
624 ,570, 601, '336 392 531 383 583 384 324 430 372 485 345 347 ' ,'0 0 0 0 0 0 0 0 0 0 0 0 ' ,260 ,1 ,3, 2
523 ,662, 505, '350 348 436 408 477 285 304 359 295 440 355 305 ' ,'0 0 0 0 0 0 0 0 0 0 0 0 ' ,208 ,1 ,2, 2
576 ,515, 557, '398 310 479 332 416 348 323 349 294 548 352 313 ' ,'0 0 0 0 0 0 0 0 0 0 0 0 ' ,249 ,1 ,1, 1
593 ,568, 581, '403 400 514 344 569 385 359 441 307 482 350 332 ' ,'0 0 0 0 0 0 0 0 0 0 0 0 ' ,263 ,2 ,3, 2
741 ,589, 708, '342 326 697 349 413 324 312 355 330 628 339 316 ' ,'0 0 0 0 0 0 0 0 0 0 0 0 ' ,386 ,2 ,2, 1
472 ,734, 455, '327 315 398 261 442 319 296 406 255 313 260 250 ' ,'0 0 0 0 0 0 0 0 0 0 0 0 ' ,196 ,2 ,3, 3
524 ,465, 507, '346 351 426 311 497 369 283 438 277 352 312 330 ' ,'0 0 0 0 0 0 0 0 0 0 0 0 ' ,221 ,2 ,2, 2
673 ,522, 654, '415 412 507 410 519 399 386 616 367 614 390 369 ' ,'0 0 0 0 0 0 0 0 0 0 0 0 ' ,278 ,2 ,3, 3
660 ,663, 612, '432 418 526 381 501 401 379 465 348 600 369 419 ' ,'0 0 0 0 0 0 0 0 0 0 0 0 ' ,258 ,2 ,2, 2
594 ,648, 579, '403 383 487 444 478 364 342 399 406 560 396 360 ' ,'0 0 0 0 0 0 0 0 0 0 0 0 ' ,221 ,2 ,4, 4
682 ,596, 654, '388 419 650 415 440 424 368 464 382 559 372 401 ' ,'0 0 0 0 0 0 0 0 0 0 0 0 ' ,285 ,1 ,3, 3
600 ,674, 577, '388 396 545 404 465 415 380 569 365 510 347 364 ' ,'0 0 0 0 0 0 0 0 0 0 0 0 ' ,212 ,0 ,2, 2
577 ,600, 560, '400 352 448 364 508 334 379 549 380 514 345 374 ' ,'0 0 0 0 0 0 0 0 0 0 0 0 ' ,217 ,1 ,2, 1
520 ,574, 499, '316 328 443 367 393 320 332 447 312 487 303 308 ' ,'0 0 0 0 0 0 0 0 0 0 0 0 ' ,189 ,1 ,4, 4
515 ,513, 498, '352 308 396 319 484 297 332 455 306 434 333 303 ' ,'0 0 0 0 0 0 0 0 0 0 0 0 ' ,192 ,2 ,4, 3
601 ,509, 584, '347 322 424 393 496 295 293 371 289 401 309 333 ' ,'0 0 0 0 0 0 0 0 0 0 0 0 ' ,287 ,2 ,4, 4
609 ,594, 589, '369 315 416 338 567 278 296 521 295 409 308 279 ' ,'0 0 0 0 0 0 0 0 0 0 0 0 ' ,292 ,2 ,13, 13
569 ,601, 548, '357 421 475 413 411 349 345 529 361 496 322 347 ' ,'0 0 0 0 0 0 0 0 0 0 0 0 ' ,215 ,3 ,3, 3
596 ,556, 578, '418 422 525 417 567 443 316 549 399 554 363 411 ' ,'0 0 0 0 0 0 0 0 0 0 0 0 ' ,255 ,2 ,2, 2
571 ,595, 554, '383 400 537 406 480 387 349 462 318 527 359 364 ' ,'0 0 0 0 0 0 0 0 0 0 0 0 ' ,228 ,2 ,3, 3
512 ,566, 494, '320 345 472 370 479 317 314 324 318 478 333 338 ' ,'0 0 0 0 0 0 0 0 0 0 0 0 ' ,174 ,2 ,2, 1
727 ,508, 709, '460 363 694 405 476 386 361 601 398 422 392 347 ' ,'0 0 0 0 0 0 0 0 0 0 0 0 ' ,352 ,2 ,3, 2
654 ,715, 639, '424 380 578 343 616 320 352 489 343 604 339 347 ' ,'0 0 0 0 0 0 0 0 0 0 0 0 ' ,311 ,2 ,3, 3
560 ,648, 539, '344 343 488 410 528 369 310 342 283 433 326 337 ' ,'0 0 0 0 0 0 0 0 0 0 0 0 ' ,249 ,1 ,2, 2
602 ,553, 581, '360 330 464 343 518 333 322 406 355 547 327 369 ' ,'0 0 0 0 0 0 0 0 0 0 0 0 ' ,253 ,2 ,3, 2
609 ,592, 591, '439 391 581 402 499 377 350 567 355 523 407 332 ' ,'0 0 0 0 0 0 0 0 0 0 0 0 ' ,251 ,2 ,3, 2
680 ,605, 656, '415 435 638 428 641 435 413 535 393 613 407 367 ' ,'0 0 0 0 0 0 0 0 0 0 0 0 ' ,278 ,2 ,4, 4
728 ,674, 697, '458 439 505 357 543 400 330 529 396 677 319 395 ' ,'0 0 0 0 0 0 0 0 0 0 0 0 ' ,368 ,2 ,2, 2
577 ,719, 559, '381 388 508 377 541 326 303 491 304 474 354 306 ' ,'0 0 0 0 0 0 0 0 0 0 0 0 ' ,245 ,2 ,2, 2
542 ,565, 526, '401 371 516 365 441 359 338 469 341 482 329 327 ' ,'0 0 0 0 0 0 0 0 0 0 0 0 ' ,192 ,2 ,2, 2
596 ,535, 543, '467 393 428 390 544 427 350 479 351 442 411 363 ' ,'0 0 0 0 0 0 0 0 0 0 0 0 ' ,218 ,22 ,2, 2
529 ,587, 503, '426 412 479 403 454 371 329 386 338 492 349 389 ' ,'0 0 0 0 0 0 0 0 0 0 0 0 ' ,162 ,2 ,3, 2
669 ,514, 648, '423 414 644 392 549 344 337 591 376 547 376 340 ' ,'0 0 0 0 0 0 0 0 0 0 0 0 ' ,309 ,1 ,2, 1
575 ,662, 547, '374 395 513 429 527 382 343 360 375 535 342 378 ' ,'0 0 0 0 0 0 0 0 0 0 0 0 ' ,200 ,2 ,2, 2
576 ,568, 558, '400 360 474 373 441 340 356 546 359 435 347 341 ' ,'0 0 0 0 0 0 0 0 0 0 0 0 ' ,210 ,2 ,2, 2
608 ,569, 554, '448 418 564 383 480 385 354 416 357 499 336 332 ' ,'0 0 0 0 0 0 0 0 0 0 0 0 ' ,249 ,14 ,3, 3
615 ,605, 593, '435 414 583 440 501 416 394 475 375 472 363 362 ' ,'0 0 0 0 0 0 0 0 0 0 0 0 ' ,223 ,2 ,2, 2
522 ,606, 502, '405 385 469 399 492 341 369 388 345 472 367 357 ' ,'0 0 0 0 0 0 0 0 0 0 0 0 ' ,154 ,2 ,2, 1
483 ,515, 465, '441 413 453 375 278 351 352 369 314 393 356 335 ' ,'0 0 0 0 0 0 0 0 0 0 0 0 ' ,172 ,2 ,2, 2
569 ,474, 548, '380 358 454 433 519 326 340 355 333 535 356 327 ' ,'0 0 0 0 0 0 0 0 0 0 0 0 ' ,213 ,2 ,2, 1
627 ,557, 610, '424 397 577 402 546 353 383 377 370 540 362 324 ' ,'0 0 0 0 0 0 0 0 0 0 0 0 ' ,267 ,13 ,2, 2
531 ,618, 508, '461 415 492 406 459 364 405 398 311 412 354 319 ' ,'0 0 0 0 0 0 0 0 0 0 0 0 ' ,186 ,1 ,2, 2
519 ,522, 499, '435 422 480 408 452 361 381 476 345 445 348 346 ' ,'0 0 0 0 0 0 0 0 0 0 0 0 ' ,146 ,2 ,2, 2
527 ,510, 477, '384 367 486 331 350 315 359 407 347 440 296 325 ' ,'0 0 0 0 0 0 0 0 0 0 0 0 ' ,187 ,2 ,2, 2
570 ,520, 540, '469 430 538 413 515 361 370 413 333 405 348 334 ' ,'0 0 0 0 0 0 0 0 0 0 0 0 ' ,209 ,2 ,2, 2
660 ,568, 636, '611 430 560 395 488 360 377 545 354 509 443 364 ' ,'0 0 0 0 0 0 0 0 0 0 0 0 ' ,274 ,16 ,4, 3
650 ,653, 621, '417 386 605 444 605 352 347 442 383 432 385 419 ' ,'0 0 0 0 0 0 0 0 0 0 0 0 ' ,264 ,1 ,3, 3
582 ,628, 564, '476 397 469 411 554 420 378 434 366 437 371 404 ' ,'0 0 0 0 0 0 0 0 0 0 0 0 ' ,192 ,2 ,1, 1
531 ,574, 514, '440 385 428 444 483 328 382 477 363 504 370 372 ' ,'0 0 0 0 0 0 0 0 0 0 0 0 ' ,179 ,2 ,2, 1
565 ,524, 539, '429 394 495 362 529 410 386 435 399 506 477 400 ' ,'0 0 0 0 0 0 0 0 0 0 0 0 ' ,173 ,2 ,2, 2
579 ,554, 561, '461 401 548 414 456 333 377 437 350 433 400 355 ' ,'0 0 0 0 0 0 0 0 0 0 0 0 ' ,219 ,2 ,2, 2
550 ,574, 521, '427 372 353 361 442 318 345 368 332 509 359 323 ' ,'0 0 0 0 0 0 0 0 0 0 0 0 ' ,195 ,1 ,2, 2
726 ,536, 696, '407 397 410 422 685 386 373 496 368 498 335 351 ' ,'0 0 0 0 0 0 0 0 0 0 0 0 ' ,341 ,1 ,2, 1
617 ,821, 593, '416 411 582 395 521 394 358 500 327 583 408 308 ' ,'0 0 0 0 0 0 0 0 0 0 0 0 ' ,280 ,1 ,2, 2
510 ,609, 485, '459 397 472 394 389 353 367 431 359 408 371 344 ' ,'0 0 0 0 0 0 0 0 0 0 0 0 ' ,132 ,2 ,11, 10
500 ,502, 484, '411 365 388 401 470 399 334 424 315 444 360 318 ' ,'0 0 0 0 0 0 0 0 0 0 0 0 ' ,158 ,2 ,2, 2
634 ,554, 613, '374 332 405 356 597 279 337 493 288 531 353 330 ' ,'0 0 0 0 0 0 0 0 0 0 0 0 ' ,327 ,2 ,2, 2
553 ,627, 507, '344 329 490 321 425 305 322 398 350 440 346 334 ' ,'0 0 0 0 0 0 0 0 0 0 0 0 ' ,218 ,1 ,3, 2
560 ,544, 537, '338 359 464 330 407 280 351 424 317 526 306 312 ' ,'0 0 0 0 0 0 0 0 0 0 0 0 ' ,249 ,2 ,2, 2
516 ,550, 493, '391 356 438 385 483 306 342 392 340 461 366 340 ' ,'0 0 0 0 0 0 0 0 0 0 0 0 ' ,179 ,1 ,2, 1
592 ,509, 539, '416 394 440 383 489 338 327 429 355 560 323 333 ' ,'0 0 0 0 0 0 0 0 0 0 0 0 ' ,244 ,2 ,2, 2
664 ,586, 648, '458 402 634 419 536 356 374 596 359 499 371 352 ' ,'0 0 0 0 0 0 0 0 0 0 0 0 ' ,286 ,2 ,2, 2
610 ,655, 592, '377 482 569 384 581 415 435 457 402 537 475 378 ' ,'0 0 0 0 0 0 0 0 0 0 0 0 ' ,209 ,3 ,3, 2
519 ,601, 498, '418 441 441 448 387 389 352 486 390 409 386 391 ' ,'0 0 0 0 0 0 0 0 0 0 0 0 ' ,141 ,2 ,2, 1
597 ,511, 576, '395 424 563 394 526 358 374 434 361 396 328 379 ' ,'0 0 0 0 0 0 0 0 0 0 0 0 ' ,241 ,3 ,2, 2
689 ,593, 664, '433 443 651 459 438 376 371 517 337 462 367 376 ' ,'0 0 0 0 0 0 0 0 0 0 0 0 ' ,318 ,2 ,3, 3
616 ,677, 598, '359 401 453 360 587 314 345 391 282 533 354 353 ' ,'0 0 0 0 0 0 0 0 0 0 0 0 ' ,306 ,2 ,2, 2
484 ,610, 460, '358 306 444 373 432 340 308 437 297 405 316 314 ' ,'0 0 0 0 0 0 0 0 0 0 0 0 ' ,153 ,3 ,3, 2
455 ,467, 422, '333 320 320 315 285 262 265 298 283 407 288 301 ' ,'0 0 0 0 0 0 0 0 0 0 0 0 ' ,150 ,2 ,2, 2
442 ,457, 427, '325 316 409 336 415 328 290 299 277 327 298 297 ' ,'0 0 0 0 0 0 0 0 0 0 0 0 ' ,141 ,3 ,2, 2
501 ,442, 482, '399 326 354 337 407 318 353 466 317 372 345 370 ' ,'0 0 0 0 0 0 0 0 0 0 0 0 ' ,154 ,2 ,2, 1
537 ,492, 505, '397 403 492 341 405 304 344 479 286 436 376 356 ' ,'0 0 0 0 0 0 0 0 0 0 0 0 ' ,209 ,2 ,2, 2
560 ,529, 527, '372 328 512 356 358 312 312 404 330 416 360 285 ' ,'0 0 0 0 0 0 0 0 0 0 0 0 ' ,230 ,1 ,3, 3
491 ,554, 474, '316 318 459 304 451 252 313 422 282 389 325 326 ' ,'0 0 0 0 0 0 0 0 0 0 0 0 ' ,203 ,2 ,2, 2
466 ,482, 433, '421 376 391 379 362 348 293 406 296 411 335 346 ' ,'0 0 0 0 0 0 0 0 0 0 0 0 ' ,133 ,3 ,2, 2
685 ,460, 665, '449 420 562 397 603 390 409 616 406 647 431 363 ' ,'0 0 0 0 0 0 0 0 0 0 0 0 ' ,289 ,3 ,4, 2
590 ,677, 563, '418 452 503 408 476 385 402 331 371 534 415 367 ' ,'0 0 0 0 0 0 0 0 0 0 0 0 ' ,198 ,2 ,7, 7
565 ,580, 547, '433 430 510 439 477 320 385 535 334 413 354 335 ' ,'0 0 0 0 0 0 0 0 0 0 0 0 ' ,219 ,3 ,2, 2
587 ,558, 564, '428 421 552 446 542 407 422 511 418 492 345 410 ' ,'0 0 0 0 0 0 0 0 0 0 0 0 ' ,212 ,2 ,3, 2
630 ,578, 608, '485 431 579 459 560 398 405 554 388 545 412 373 ' ,'0 0 0 0 0 0 0 0 0 0 0 0 ' ,211 ,1 ,2, 2
619 ,633, 601, '484 390 539 443 456 402 401 585 331 508 438 381 ' ,'0 0 0 0 0 0 0 0 0 0 0 0 ' ,265 ,3 ,2, 1
533 ,612, 515, '442 415 492 387 331 390 383 500 332 353 328 383 ' ,'0 0 0 0 0 0 0 0 0 0 0 0 ' ,176 ,3 ,2, 2
835 ,526, 813, '423 397 547 356 739 325 367 412 320 800 392 388 ' ,'0 0 0 0 0 0 0 0 0 0 0 0 ' ,488 ,2 ,1, 1
565 ,830, 540, '383 409 529 403 402 331 375 424 340 497 312 324 ' ,'0 0 0 0 0 0 0 0 0 0 0 0 ' ,221 ,3 ,2, 2
614 ,554, 596, '412 410 582 435 429 378 399 488 360 466 347 379 ' ,'0 0 0 0 0 0 0 0 0 0 0 0 ' ,241 ,2 ,3, 2
521 ,608, 502, '433 364 476 396 447 386 328 336 326 469 337 366 ' ,'0 0 0 0 0 0 0 0 0 0 0 0 ' ,166 ,2 ,3, 2
573 ,513, 556, '391 305 469 351 542 330 291 361 295 397 309 331 ' ,'0 0 0 0 0 0 0 0 0 0 0 0 ' ,256 ,3 ,3, 3
445 ,564, 423, '351 339 329 343 387 310 277 353 306 412 302 325 ' ,'0 0 0 0 0 0 0 0 0 0 0 0 ' ,140 ,2 ,2, 1
424 ,438, 403, '302 354 368 381 390 305 305 329 319 375 292 359 ' ,'0 0 0 0 0 0 0 0 0 0 0 0 ' ,104 ,2 ,2, 2
481 ,416, 465, '323 364 417 341 363 289 284 275 307 444 291 331 ' ,'0 0 0 0 0 0 0 0 0 0 0 0 ' ,176 ,2 ,2, 2
607 ,472, 592, '418 497 437 360 391 330 297 391 300 321 347 498 ' ,'0 0 0 0 0 0 0 0 0 0 0 0 ' ,209 ,3 ,80, 3
534 ,598, 502, '371 434 499 388 482 368 322 449 360 484 379 371 ' ,'0 0 0 0 0 0 0 0 0 0 0 0 ' ,181 ,2 ,2, 2
511 ,525, 472, '361 374 456 388 417 301 354 338 340 461 311 380 ' ,'0 0 0 0 0 0 0 0 0 0 0 0 ' ,184 ,1 ,2, 2
714 ,503, 680, '383 395 372 363 504 275 289 405 326 448 337 378 ' ,'0 0 0 0 0 0 0 0 0 0 0 0 ' ,396 ,137 ,2, 2
515 ,706, 470, '370 388 483 338 387 357 393 360 303 433 300 329 ' ,'0 0 0 0 0 0 0 0 0 0 0 0 ' ,183 ,2 ,1, 1
609 ,508, 589, '427 400 575 377 409 459 371 510 387 462 460 367 ' ,'0 0 0 0 0 0 0 0 0 0 0 0 ' ,215 ,2 ,3, 3
685 ,602, 670, '442 444 552 452 503 343 381 522 385 657 343 334 ' ,'0 0 0 0 0 0 0 0 0 0 0 0 ' ,329 ,2 ,1, 1
555 ,681, 533, '439 450 515 369 430 392 399 393 401 458 415 370 ' ,'0 0 0 0 0 0 0 0 0 0 0 0 ' ,156 ,2 ,2, 2
652 ,545, 602, '437 442 554 390 611 393 419 538 381 533 386 428 ' ,'0 0 0 0 0 0 0 0 0 0 0 0 ' ,234 ,2 ,7, 7
656 ,633, 617, '476 437 559 433 460 416 413 592 438 470 439 390 ' ,'0 0 0 0 0 0 0 0 0 0 0 0 ' ,205 ,2 ,2, 2
595 ,625, 582, '461 412 478 440 360 453 384 560 300 511 428 384 ' ,'0 0 0 0 0 0 0 0 0 0 0 0 ' ,264 ,2 ,4, 3
491 ,586, 468, '380 370 458 435 445 347 325 446 331 443 360 344 ' ,'0 0 0 0 0 0 0 0 0 0 0 0 ' ,134 ,1 ,3, 3
590 ,482, 574, '386 389 557 379 337 292 333 331 360 310 338 347 ' ,'0 0 0 0 0 0 0 0 0 0 0 0 ' ,269 ,3 ,3, 3
542 ,580, 519, '391 355 511 399 482 358 331 344 339 373 340 345 ' ,'0 0 0 0 0 0 0 0 0 0 0 0 ' ,185 ,3 ,4, 3
546 ,533, 531, '363 394 344 370 365 360 288 380 236 509 297 326 ' ,'0 0 0 0 0 0 0 0 0 0 0 0 ' ,287 ,2 ,3, 2
545 ,540, 524, '365 359 508 352 386 374 312 348 330 377 337 290 ' ,'0 0 0 0 0 0 0 0 0 0 0 0 ' ,222 ,1 ,2, 2
524 ,530, 509, '352 315 397 372 373 333 307 429 303 492 291 322 ' ,'0 0 0 0 0 0 0 0 0 0 0 0 ' ,205 ,2 ,2, 2
558 ,515, 542, '402 388 468 382 505 338 361 452 371 424 388 308 ' ,'0 0 0 0 0 0 0 0 0 0 0 0 ' ,223 ,3 ,2, 1
624 ,552, 608, '398 394 588 389 436 341 381 344 359 466 362 334 ' ,'0 0 0 0 0 0 0 0 0 0 0 0 ' ,261 ,2 ,6, 2
502 ,614, 486, '358 400 454 381 474 387 382 447 349 323 358 339 ' ,'0 0 0 0 0 0 0 0 0 0 0 0 ' ,139 ,2 ,2, 2
729 ,496, 715, '464 437 701 376 551 456 409 580 371 582 440 423 ' ,'0 0 0 0 0 0 0 0 0 0 0 0 ' ,335 ,2 ,3, 3
592 ,723, 574, '401 414 541 478 560 389 386 397 416 532 435 413 ' ,'0 0 0 0 0 0 0 0 0 0 0 0 ' ,176 ,1 ,2, 2
622 ,585, 605, '453 450 485 393 535 392 403 471 410 501 399 391 ' ,'0 0 0 0 0 0 0 0 0 0 0 0 ' ,201 ,1 ,3, 3
717 ,610, 698, '562 488 685 452 656 335 407 588 441 561 384 374 ' ,'0 0 0 0 0 0 0 0 0 0 0 0 ' ,353 ,1 ,4, 4
668 ,710, 653, '463 449 642 452 475 411 368 613 448 490 417 375 ' ,'0 0 0 0 0 0 0 0 0 0 0 0 ' ,277 ,2 ,2, 2
638 ,662, 614, '438 475 521 428 548 374 376 602 412 453 427 419 ' ,'0 0 0 0 0 0 0 0 0 0 0 0 ' ,239 ,2 ,3, 2
572 ,631, 551, '440 385 539 364 392 358 344 391 407 525 330 361 ' ,'0 0 0 0 0 0 0 0 0 0 0 0 ' ,211 ,1 ,2, 2
495 ,563, 462, '372 384 360 366 452 333 326 283 343 385 319 332 ' ,'0 0 0 0 0 0 0 0 0 0 0 0 ' ,162 ,3 ,1, 1
539 ,482, 519, '354 316 475 330 477 321 340 410 289 486 311 337 ' ,'0 0 0 0 0 0 0 0 0 0 0 0 ' ,225 ,1 ,2, 2
478 ,531, 462, '354 346 413 397 363 368 329 447 307 423 418 328 ' ,'0 0 0 0 0 0 0 0 0 0 0 0 ' ,143 ,2 ,2, 1
538 ,470, 518, '428 373 412 348 392 307 340 345 317 482 327 281 ' ,'0 0 0 0 0 0 0 0 0 0 0 0 ' ,223 ,2 ,3, 2
590 ,530, 571, '383 418 562 448 480 353 381 430 371 458 364 337 ' ,'0 0 0 0 0 0 0 0 0 0 0 0 ' ,227 ,2 ,2, 2
696 ,584, 670, '537 433 469 424 487 333 352 446 334 647 314 338 ' ,'0 0 0 0 0 0 0 0 0 0 0 0 ' ,336 ,2 ,2, 2
526 ,685, 510, '406 400 496 366 498 336 330 370 352 429 361 333 ' ,'0 0 0 0 0 0 0 0 0 0 0 0 ' ,171 ,1 ,2, 2
647 ,518, 623, '433 423 521 396 614 391 361 509 378 555 391 349 ' ,'0 0 0 0 0 0 0 0 0 0 0 0 ' ,266 ,2 ,2, 2
640 ,640, 619, '531 424 470 385 452 469 384 514 393 592 405 371 ' ,'0 0 0 0 0 0 0 0 0 0 0 0 ' ,234 ,2 ,2, 2
711 ,632, 691, '386 403 566 470 677 369 367 669 460 539 389 452 ' ,'0 0 0 0 0 0 0 0 0 0 0 0 ' ,309 ,1 ,3, 2
640 ,703, 620, '481 451 462 473 510 365 388 605 439 492 404 381 ' ,'0 0 0 0 0 0 0 0 0 0 0 0 ' ,244 ,3 ,3, 3
662 ,633, 647, '475 456 628 413 508 412 439 461 453 605 438 448 ' ,'0 0 0 0 0 0 0 0 0 0 0 0 ' ,220 ,2 ,3, 3
713 ,652, 693, '439 499 679 424 609 408 449 548 414 590 387 375 ' ,'0 0 0 0 0 0 0 0 0 0 0 0 ' ,306 ,1 ,6, 1
571 ,706, 556, '514 407 420 401 541 405 411 416 392 506 449 351 ' ,'0 0 0 0 0 0 0 0 0 0 0 0 ' ,196 ,2 ,2, 2
454 ,563, 433, '398 382 422 387 347 360 388 353 395 394 348 268 ' ,'0 0 0 0 0 0 0 0 0 0 0 0 ' ,153 ,2 ,1, 1
475 ,447, 458, '355 368 443 368 448 316 326 354 315 317 347 290 ' ,'0 0 0 0 0 0 0 0 0 0 0 0 ' ,162 ,2 ,1, 1
548 ,467, 533, '408 380 454 402 441 329 368 393 374 502 365 287 ' ,'0 0 0 0 0 0 0 0 0 0 0 0 ' ,226 ,2 ,2, 2
551 ,539, 531, '414 423 429 386 466 402 320 425 320 514 367 348 ' ,'0 0 0 0 0 0 0 0 0 0 0 0 ' ,203 ,2 ,2, 1
464 ,543, 446, '427 340 397 371 433 400 315 295 321 411 407 323 ' ,'0 0 0 0 0 0 0 0 0 0 0 0 ' ,141 ,2 ,2, 2
541 ,457, 515, '353 392 390 370 451 314 344 469 288 508 333 391 ' ,'0 0 0 0 0 0 0 0 0 0 0 0 ' ,228 ,2 ,2, 1
595 ,536, 560, '393 374 437 386 520 427 298 451 343 545 427 294 ' ,'0 0 0 0 0 0 0 0 0 0 0 0 ' ,255 ,2 ,2, 2
667 ,581, 649, '494 444 597 491 516 477 418 495 403 624 387 375 ' ,'0 0 0 0 0 0 0 0 0 0 0 0 ' ,263 ,2 ,3, 3
628 ,658, 588, '461 429 534 411 582 411 348 476 362 407 434 392 ' ,'0 0 0 0 0 0 0 0 0 0 0 0 ' ,238 ,2 ,2, 2
642 ,616, 629, '473 430 477 422 479 493 356 611 404 567 411 365 ' ,'0 0 0 0 0 0 0 0 0 0 0 0 ' ,258 ,2 ,6, 6
636 ,633, 591, '403 446 608 424 568 418 391 505 343 451 366 424 ' ,'0 0 0 0 0 0 0 0 0 0 0 0 ' ,269 ,3 ,2, 2
553 ,629, 536, '432 382 481 450 521 408 391 482 391 502 393 374 ' ,'0 0 0 0 0 0 0 0 0 0 0 0 ' ,153 ,2 ,2, 2
700 ,545, 640, '411 419 453 426 658 409 412 610 399 646 356 404 ' ,'0 0 0 0 0 0 0 0 0 0 0 0 ' ,304 ,2 ,3, 3
608 ,692, 580, '360 376 498 361 562 371 356 367 326 538 339 393 ' ,'0 0 0 0 0 0 0 0 0 0 0 0 ' ,243 ,2 ,2, 2
593 ,600, 576, '435 364 440 359 497 378 341 337 356 562 367 353 ' ,'0 0 0 0 0 0 0 0 0 0 0 0 ' ,226 ,2 ,4, 3
519 ,587, 506, '367 355 424 375 485 317 332 347 317 439 317 327 ' ,'0 0 0 0 0 0 0 0 0 0 0 0 ' ,175 ,2 ,3, 3
655 ,512, 615, '431 368 501 415 606 333 300 505 313 538 326 377 ' ,'0 0 0 0 0 0 0 0 0 0 0 0 ' ,318 ,3 ,3, 3
521 ,646, 505, '383 372 443 366 426 377 283 490 268 409 363 339 ' ,'0 0 0 0 0 0 0 0 0 0 0 0 ' ,229 ,2 ,2, 2
554 ,514, 533, '385 407 489 453 523 356 309 374 365 416 349 361 ' ,'0 0 0 0 0 0 0 0 0 0 0 0 ' ,216 ,1 ,2, 2
689 ,540, 671, '454 412 511 415 509 370 342 395 391 631 397 361 ' ,'0 0 0 0 0 0 0 0 0 0 0 0 ' ,298 ,2 ,27, 1
619 ,682, 596, '388 437 467 406 486 382 357 407 384 572 374 363 ' ,'0 0 0 0 0 0 0 0 0 0 0 0 ' ,226 ,2 ,3, 3
627 ,610, 612, '414 414 564 419 422 388 367 473 360 595 459 370 ' ,'0 0 0 0 0 0 0 0 0 0 0 0 ' ,241 ,2 ,5, 4
576 ,618, 558, '415 447 440 455 543 472 366 463 380 540 422 333 ' ,'0 0 0 0 0 0 0 0 0 0 0 0 ' ,214 ,2 ,2, 2
678 ,567, 660, '444 412 544 436 636 350 396 505 322 614 406 303 ' ,'0 0 0 0 0 0 0 0 0 0 0 0 ' ,338 ,2 ,8, 7
576 ,672, 555, '427 414 421 424 530 395 313 377 341 543 363 394 ' ,'0 0 0 0 0 0 0 0 0 0 0 0 ' ,236 ,3 ,2, 1
622 ,569, 608, '460 470 494 489 503 446 402 427 428 591 387 383 ' ,'0 0 0 0 0 0 0 0 0 0 0 0 ' ,215 ,2 ,3, 3
604 ,618, 583, '450 483 486 446 520 446 389 569 361 570 322 392 ' ,'0 0 0 0 0 0 0 0 0 0 0 0 ' ,252 ,2 ,2, 2
671 ,596, 648, '468 443 632 399 416 366 392 472 313 577 411 340 ' ,'0 0 0 0 0 0 0 0 0 0 0 0 ' ,321 ,2 ,4, 4
517 ,660, 499, '451 403 482 403 352 434 339 447 345 482 324 339 ' ,'0 0 0 0 0 0 0 0 0 0 0 0 ' ,145 ,2 ,4, 3
525 ,509, 503, '390 365 379 345 485 383 447 354 290 489 348 328 ' ,'0 0 0 0 0 0 0 0 0 0 0 0 ' ,204 ,2 ,2, 2
457 ,517, 439, '327 376 368 386 409 374 304 421 366 393 322 339 ' ,'0 0 0 0 0 0 0 0 0 0 0 0 ' ,123 ,3 ,3, 3
478 ,451, 464, '387 349 445 381 371 390 334 374 334 441 320 293 ' ,'0 0 0 0 0 0 0 0 0 0 0 0 ' ,160 ,2 ,3, 3
518 ,476, 502, '341 389 428 349 471 390 370 336 305 429 422 335 ' ,'0 0 0 0 0 0 0 0 0 0 0 0 ' ,186 ,2 ,2, 2
580 ,510, 564, '377 346 394 382 442 325 351 385 343 543 327 304 ' ,'0 0 0 0 0 0 0 0 0 0 0 0 ' ,243 ,2 ,3, 2
489 ,572, 469, '399 358 454 377 435 413 319 409 301 456 386 358 ' ,'0 0 0 0 0 0 0 0 0 0 0 0 ' ,161 ,2 ,2, 2
557 ,479, 538, '319 324 490 294 329 328 291 375 342 521 312 340 ' ,'0 0 0 0 0 0 0 0 0 0 0 0 ' ,237 ,2 ,3, 3
668 ,549, 650, '455 418 530 424 478 332 354 487 364 412 350 360 ' ,'0 0 0 0 0 0 0 0 0 0 0 0 ' ,303 ,2 ,2, 2
591 ,661, 570, '413 432 513 447 517 449 403 402 375 562 424 354 ' ,'0 0 0 0 0 0 0 0 0 0 0 0 ' ,213 ,3 ,2, 2
700 ,584, 685, '482 447 538 424 660 382 397 584 404 568 514 369 ' ,'0 0 0 0 0 0 0 0 0 0 0 0 ' ,303 ,2 ,2, 2
632 ,692, 615, '592 460 533 509 437 445 387 471 384 596 481 323 ' ,'0 0 0 0 0 0 0 0 0 0 0 0 ' ,278 ,2 ,2, 2
761 ,623, 737, '454 448 717 432 676 548 380 579 398 663 400 364 ' ,'0 0 0 0 0 0 0 0 0 0 0 0 ' ,357 ,2 ,4, 4
561 ,752, 543, '408 376 507 432 515 435 353 424 345 515 305 315 ' ,'0 0 0 0 0 0 0 0 0 0 0 0 ' ,217 ,1 ,2, 1
580 ,551, 552, '484 416 473 354 384 446 327 538 311 536 409 342 ' ,'0 0 0 0 0 0 0 0 0 0 0 0 ' ,232 ,2 ,2, 2
566 ,570, 546, '527 349 413 386 409 405 295 327 315 465 319 298 ' ,'0 0 0 0 0 0 0 0 0 0 0 0 ' ,238 ,3 ,6, 6
496 ,557, 483, '383 345 365 342 411 404 286 464 265 416 408 324 ' ,'0 0 0 0 0 0 0 0 0 0 0 0 ' ,203 ,2 ,3, 3
517 ,487, 489, '424 380 425 394 432 386 346 475 346 348 305 350 ' ,'0 0 0 0 0 0 0 0 0 0 0 0 ' ,175 ,3 ,2, 2
519 ,507, 498, '397 353 480 328 385 374 327 471 310 338 292 336 ' ,'0 0 0 0 0 0 0 0 0 0 0 0 ' ,195 ,3 ,2, 2
502 ,509, 483, '349 346 356 334 468 327 312 392 275 398 323 324 ' ,'0 0 0 0 0 0 0 0 0 0 0 0 ' ,198 ,2 ,2, 2
445 ,495, 428, '329 364 380 404 412 327 309 380 312 356 317 327 ' ,'0 0 0 0 0 0 0 0 0 0 0 0 ' ,111 ,1 ,2, 2
588 ,439, 571, '429 398 457 438 554 409 358 439 372 464 339 334 ' ,'0 0 0 0 0 0 0 0 0 0 0 0 ' ,226 ,3 ,2, 2
523 ,578, 505, '454 379 488 412 450 394 371 411 381 473 387 327 ' ,'0 0 0 0 0 0 0 0 0 0 0 0 ' ,167 ,2 ,3, 3
666 ,515, 649, '446 444 518 407 619 338 378 409 360 460 615 348 ' ,'0 0 0 0 0 0 0 0 0 0 0 0 ' ,295 ,2 ,3, 3
714 ,660, 690, '428 436 596 476 444 333 429 397 368 655 384 364 ' ,'0 0 0 0 0 0 0 0 0 0 0 0 ' ,338 ,2 ,2, 1
690 ,701, 643, '436 459 534 382 623 431 337 487 418 573 436 340 ' ,'0 0 0 0 0 0 0 0 0 0 0 0 ' ,290 ,3 ,7, 7
794 ,845, 775, '445 473 637 446 644 380 404 527 357 668 435 379 ' ,'0 0 0 0 0 0 0 0 0 0 0 0 ' ,318 ,3 ,97, 8
735 ,785, 716, '456 435 542 429 690 382 381 459 393 480 441 375 ' ,'0 0 0 0 0 0 0 0 0 0 0 0 ' ,330 ,2 ,5, 4
575 ,725, 557, '392 387 423 389 379 359 343 399 334 539 355 339 ' ,'0 0 0 0 0 0 0 0 0 0 0 0 ' ,215 ,2 ,2, 2
594 ,572, 574, '474 424 555 384 495 358 349 491 377 409 366 396 ' ,'0 0 0 0 0 0 0 0 0 0 0 0 ' ,211 ,3 ,3, 3
592 ,586, 578, '556 347 443 343 539 372 363 394 331 396 357 353 ' ,'152723 0 0 0 0 0 0 0 0 0 0 0 ' ,230 ,3 ,8, 8
555 ,584, 529, '444 336 510 347 417 385 344 352 305 440 360 378 ' ,'0 0 0 0 0 0 0 0 0 0 0 0 ' ,212 ,2 ,3, 2
569 ,543, 548, '393 312 431 407 527 383 335 526 315 383 336 365 ' ,'0 0 0 0 0 0 0 0 0 0 0 0 ' ,227 ,3 ,1, 1
552 ,558, 538, '515 336 334 309 355 515 334 345 308 421 259 306 ' ,'0 0 0 0 0 0 0 0 0 0 0 0 ' ,264 ,2 ,3, 3
581 ,542, 544, '378 400 498 546 475 329 308 450 337 366 293 365 ' ,'0 0 0 126691 0 0 0 0 0 0 0 0 ' ,254 ,2 ,3, 3
587 ,610, 568, '420 440 553 420 479 362 377 472 381 446 395 330 ' ,'0 0 0 0 0 0 0 0 0 0 0 0 ' ,228 ,3 ,3, 3
534 ,581, 519, '503 402 415 420 458 445 323 461 409 469 430 390 ' ,'0 0 0 0 0 0 0 0 0 0 0 0 ' ,187 ,3 ,2, 2
660 ,527, 642, '466 498 508 450 571 379 370 620 458 550 400 351 ' ,'0 0 0 0 0 0 0 0 0 0 0 0 ' ,280 ,2 ,3, 3
620 ,655, 600, '473 455 585 489 571 354 411 518 314 520 337 375 ' ,'0 0 0 0 0 0 0 0 0 0 0 0 ' ,278 ,2 ,2, 2
598 ,609, 583, '526 431 531 423 552 368 384 502 379 555 409 392 ' ,'0 0 0 0 0 0 0 0 0 0 0 0 ' ,203 ,2 ,4, 4
587 ,594, 572, '484 450 507 432 419 391 386 515 411 544 412 399 ' ,'0 0 0 0 0 0 0 0 0 0 0 0 ' ,163 ,2 ,4, 4
604 ,579, 589, '481 440 566 393 512 384 408 399 443 517 407 412 ' ,'0 0 0 0 0 0 0 0 0 0 0 0 ' ,191 ,4 ,4, 4
620 ,597, 603, '447 407 504 539 557 327 411 530 385 560 450 397 ' ,'0 0 0 0 0 0 0 0 0 0 0 0 ' ,266 ,2 ,2, 2
696 ,615, 677, '430 421 506 393 478 347 339 407 335 588 427 353 ' ,'0 0 0 0 0 0 0 0 0 0 0 0 ' ,337 ,2 ,3, 3
638 ,692, 624, '387 362 581 413 606 352 377 500 310 522 371 353 ' ,'0 0 0 0 0 0 0 0 0 0 0 0 ' ,304 ,2 ,4, 4
564 ,632, 542, '410 393 497 413 448 363 373 461 344 521 411 353 ' ,'0 0 0 0 0 0 0 0 0 0 0 0 ' ,184 ,3 ,4, 4
700 ,557, 686, '436 342 400 380 649 415 327 448 332 393 417 324 ' ,'0 0 0 0 258130 0 0 0 0 0 0 0 ' ,351 ,2 ,4, 3
492 ,693, 472, '364 361 333 346 399 358 291 289 336 455 313 315 ' ,'0 0 0 0 0 0 0 0 0 0 0 0 ' ,171 ,3 ,3, 3
469 ,486, 455, '389 402 403 398 432 322 315 410 346 380 315 307 ' ,'0 0 0 0 0 0 0 0 0 0 0 0 ' ,137 ,3 ,1, 1
538 ,463, 518, '451 368 421 373 434 498 330 335 307 456 360 349 ' ,'0 0 0 0 0 0 0 0 0 0 0 0 ' ,196 ,2 ,3, 3
561 ,524, 545, '405 355 401 349 515 314 312 370 306 405 371 320 ' ,'0 0 0 0 0 0 0 0 0 0 0 0 ' ,227 ,3 ,3, 3
518 ,553, 500, '408 458 417 368 471 348 369 428 321 485 392 332 ' ,'0 0 0 0 0 0 0 0 0 0 0 0 ' ,171 ,2 ,3, 2
603 ,511, 584, '365 429 551 440 549 367 365 559 412 540 371 361 ' ,'0 0 0 0 0 0 0 0 0 0 0 0 ' ,216 ,1 ,2, 1
637 ,605, 615, '405 393 598 422 406 387 382 482 399 574 388 378 ' ,'0 0 0 0 0 0 0 0 0 0 0 0 ' ,228 ,3 ,4, 4
557 ,667, 542, '449 453 456 490 491 467 430 357 391 524 367 412 ' ,'0 0 0 0 0 0 0 0 0 0 0 0 ' ,163 ,2 ,4, 4
695 ,553, 675, '534 355 499 452 566 404 380 618 429 579 472 329 ' ,'0 0 0 0 0 0 0 0 0 0 0 0 ' ,336 ,2 ,4, 4
626 ,689, 611, '595 427 395 416 451 569 344 346 345 458 406 325 ' ,'0 0 0 0 0 0 0 0 0 0 0 0 ' ,273 ,3 ,3, 3
620 ,618, 607, '496 416 451 473 477 489 319 399 420 569 298 361 ' ,'0 0 0 0 0 0 0 0 0 0 0 0 ' ,278 ,3 ,23, 3
677 ,611, 597, '465 376 404 391 580 351 366 419 351 432 439 310 ' ,'0 0 0 0 0 0 0 0 0 0 0 0 ' ,278 ,2 ,3, 3
563 ,785, 546, '366 329 423 356 532 317 372 451 339 374 271 290 ' ,'0 0 0 0 0 0 0 0 0 0 0 0 ' ,261 ,3 ,3, 3
500 ,557, 485, '315 339 369 379 353 319 319 445 290 464 270 312 ' ,'0 0 0 0 0 0 0 0 0 0 0 0 ' ,198 ,3 ,2, 2
574 ,492, 558, '375 326 534 327 538 493 302 375 289 445 328 276 ' ,'0 0 0 0 0 137012 0 0 0 0 0 0 ' ,267 ,2 ,3, 2
505 ,567, 487, '336 320 470 377 458 380 325 332 289 470 249 306 ' ,'0 0 0 0 0 0 0 0 0 0 0 0 ' ,229 ,2 ,2, 2
494 ,504, 479, '321 342 456 392 374 295 313 389 316 444 276 304 ' ,'0 0 0 0 0 0 0 0 0 0 0 0 ' ,187 ,2 ,3, 3
555 ,487, 536, '314 319 439 383 327 357 300 465 286 522 327 292 ' ,'0 0 0 0 0 0 0 0 0 0 0 0 ' ,242 ,4 ,1, 1
477 ,550, 461, '317 338 353 335 388 307 293 439 312 372 254 269 ' ,'0 0 0 0 0 0 0 0 0 0 0 0 ' ,196 ,4 ,3, 2
537 ,468, 395, '337 334 379 304 274 323 273 355 308 339 282 298 ' ,'0 0 0 0 0 0 0 0 0 0 0 0 ' ,111 ,1 ,3, 3
518 ,527, 501, '307 307 444 343 359 304 271 402 283 483 315 260 ' ,'0 0 0 0 0 0 0 0 0 0 0 0 ' ,227 ,2 ,3, 3
465 ,512, 439, '422 340 372 324 418 422 316 284 272 418 319 287 ' ,'0 0 0 0 0 0 0 0 0 0 0 0 ' ,162 ,2 ,3, 3
508 ,453, 492, '356 340 461 342 427 298 303 443 302 479 279 315 ' ,'0 0 0 0 0 0 0 0 0 0 0 0 ' ,205 ,2 ,2, 2
622 ,500, 573, '450 467 559 337 499 373 345 335 398 519 356 308 ' ,'0 0 0 0 0 0 0 0 0 0 0 0 ' ,254 ,2 ,3, 2
760 ,581, 744, '490 435 610 412 445 423 371 656 390 722 450 377 ' ,'0 0 0 0 0 0 0 0 0 0 0 0 ' ,362 ,2 ,4, 4
738 ,753, 721, '462 440 524 494 468 360 417 471 411 661 376 357 ' ,'0 0 0 0 0 0 0 0 0 0 0 0 ' ,318 ,2 ,39, 3
663 ,728, 642, '470 452 624 476 564 431 401 534 360 497 471 410 ' ,'0 0 0 0 0 0 0 0 0 0 0 0 ' ,268 ,2 ,4, 4
640 ,652, 622, '435 428 517 416 600 406 371 465 351 376 323 326 ' ,'0 0 0 0 0 0 0 0 0 0 0 0 ' ,285 ,3 ,3, 3
594 ,632, 578, '394 365 555 359 370 354 373 433 373 425 373 368 ' ,'0 0 0 0 0 0 0 0 0 0 0 0 ' ,208 ,2 ,4, 4
504 ,584, 487, '403 344 462 336 377 383 364 357 304 379 392 370 ' ,'0 0 0 0 0 0 0 0 0 0 0 0 ' ,175 ,3 ,2, 2
471 ,495, 453, '344 338 369 397 435 274 328 386 402 441 315 285 ' ,'0 0 0 0 0 0 0 0 0 0 0 0 ' ,168 ,2 ,2, 2
476 ,463, 458, '370 361 363 361 438 351 348 363 342 435 336 257 ' ,'0 0 0 0 0 0 0 0 0 0 0 0 ' ,189 ,2 ,3, 3
437 ,468, 422, '341 348 355 345 407 284 271 347 304 386 311 293 ' ,'0 0 0 0 0 0 0 0 0 0 0 0 ' ,140 ,2 ,3, 3
493 ,429, 476, '381 372 405 422 461 318 326 322 252 432 283 354 ' ,'0 0 0 0 0 0 0 0 0 0 0 0 ' ,213 ,2 ,2, 2
616 ,483, 597, '399 356 471 327 581 345 332 355 293 575 299 308 ' ,'0 0 0 0 0 0 0 0 0 0 0 0 ' ,295 ,2 ,3, 3
475 ,607, 456, '395 386 436 342 438 375 311 397 345 346 335 331 ' ,'0 0 0 0 0 0 0 0 0 0 0 0 ' ,134 ,3 ,4, 3
692 ,470, 669, '444 453 618 345 652 453 430 554 402 545 358 295 ' ,'0 0 0 0 0 0 0 0 0 0 0 0 ' ,364 ,2 ,2, 1
555 ,684, 539, '394 473 449 428 476 402 396 517 386 518 359 407 ' ,'0 0 0 0 0 0 0 0 0 0 0 0 ' ,166 ,2 ,4, 3
629 ,547, 611, '392 439 405 367 582 349 361 480 400 480 423 342 ' ,'0 0 0 0 0 0 0 0 0 0 0 0 ' ,242 ,2 ,3, 3
667 ,620, 646, '542 478 515 441 582 428 360 489 413 635 433 354 ' ,'0 0 0 0 0 0 0 0 0 0 0 0 ' ,285 ,3 ,3, 3
621 ,660, 604, '485 477 587 448 581 401 411 552 360 555 419 372 ' ,'0 0 0 0 0 0 0 0 0 0 0 0 ' ,235 ,2 ,2, 2
566 ,616, 551, '492 492 471 392 535 390 367 516 354 531 377 390 ' ,'0 0 0 0 0 0 0 0 0 0 0 0 ' ,187 ,2 ,2, 2
602 ,558, 585, '358 437 437 467 568 369 377 401 366 557 358 378 ' ,'0 0 0 0 0 0 0 0 0 0 0 0 ' ,214 ,2 ,2, 2
557 ,595, 543, '428 372 436 371 521 403 342 474 390 412 433 320 ' ,'0 0 0 0 0 0 0 0 0 0 0 0 ' ,208 ,2 ,4, 3
550 ,549, 529, '450 417 430 402 515 398 338 456 331 414 368 325 ' ,'0 0 0 0 0 0 0 0 0 0 0 0 ' ,200 ,2 ,2, 2
521 ,541, 488, '377 376 436 445 428 326 329 472 316 485 338 330 ' ,'0 0 0 0 0 0 0 0 0 0 0 0 ' ,178 ,1 ,2, 2
477 ,514, 451, '342 342 321 379 440 331 315 337 308 433 329 302 ' ,'0 0 0 0 0 0 0 0 0 0 0 0 ' ,142 ,2 ,1, 1
468 ,467, 451, '328 313 378 416 335 312 300 404 286 434 343 319 ' ,'0 0 0 0 0 0 0 0 0 0 0 0 ' ,156 ,2 ,3, 3
448 ,461, 422, '356 396 414 338 399 321 349 395 295 389 316 328 ' ,'0 0 0 0 0 0 0 0 0 0 0 0 ' ,126 ,2 ,2, 2
507 ,440, 490, '387 360 316 332 395 350 275 394 281 474 384 261 ' ,'0 0 0 0 0 0 0 0 0 0 0 0 ' ,218 ,2 ,2, 2
508 ,502, 488, '336 344 466 346 336 324 277 469 308 399 290 288 ' ,'0 0 0 0 0 0 0 0 0 0 0 0 ' ,203 ,2 ,2, 1
539 ,498, 508, '375 328 346 336 363 303 334 310 303 494 325 284 ' ,'0 0 0 0 0 0 0 0 0 0 0 0 ' ,212 ,2 ,2, 2
573 ,531, 547, '431 374 459 430 447 375 327 473 345 531 350 419 ' ,'0 0 0 0 0 0 0 0 0 0 0 0 ' ,211 ,2 ,1, 1
649 ,559, 632, '402 437 564 435 610 305 374 340 440 531 310 367 ' ,'0 0 0 0 0 0 0 0 0 0 0 0 ' ,313 ,3 ,3, 3
648 ,641, 629, '340 426 575 461 610 401 350 521 409 436 376 341 ' ,'0 0 0 0 0 0 0 0 0 0 0 0 ' ,277 ,3 ,3, 3
701 ,635, 668, '448 393 521 464 448 372 376 514 427 643 367 327 ' ,'0 0 0 0 0 0 0 0 0 0 0 0 ' ,324 ,3 ,3, 3
576 ,693, 562, '348 409 480 413 496 375 434 449 354 529 385 357 ' ,'0 0 0 0 0 0 0 0 0 0 0 0 ' ,202 ,2 ,2, 2
650 ,573, 635, '417 431 611 478 456 341 355 448 372 548 355 470 ' ,'0 0 0 0 0 0 0 0 0 0 0 0 ' ,277 ,3 ,7, 7
673 ,641, 660, '513 468 634 514 498 479 401 548 421 511 430 340 ' ,'0 0 0 0 0 0 0 0 0 0 0 0 ' ,299 ,2 ,3, 3
603 ,664, 586, '482 454 497 469 567 398 390 366 387 481 389 391 ' ,'0 0 0 0 0 0 0 0 0 0 0 0 ' ,198 ,2 ,3, 3
647 ,594, 629, '399 426 498 499 463 403 386 542 405 606 376 398 ' ,'0 0 0 0 0 0 0 0 0 0 0 0 ' ,238 ,3 ,4, 4
503 ,638, 489, '403 426 422 416 423 365 331 470 356 468 395 433 ' ,'0 0 0 0 0 0 0 0 0 0 0 0 ' ,148 ,1 ,3, 3
678 ,499, 662, '387 459 488 389 430 361 388 471 347 627 370 374 ' ,'0 0 0 0 0 0 0 0 0 0 0 0 ' ,305 ,2 ,3, 3
550 ,673, 536, '444 398 511 416 440 376 370 504 397 464 394 319 ' ,'0 0 0 0 0 0 0 0 0 0 0 0 ' ,198 ,2 ,3, 2
551 ,541, 539, '388 321 429 346 466 404 330 515 324 520 295 299 ' ,'0 0 0 0 0 0 0 0 0 0 0 0 ' ,228 ,2 ,2, 2
574 ,548, 559, '372 370 535 406 447 295 348 391 377 323 278 339 ' ,'0 0 0 0 0 0 0 0 0 0 0 0 ' ,265 ,4 ,5, 3
606 ,563, 588, '392 346 438 370 559 346 313 401 333 389 312 313 ' ,'0 0 0 0 0 0 0 0 0 0 0 0 ' ,267 ,3 ,2, 1
438 ,600, 418, '344 324 358 362 396 312 350 312 339 378 310 335 ' ,'0 0 0 0 0 0 0 0 0 0 0 0 ' ,96 ,2 ,2, 2
