719 ,0, 560, '24 13 11 386 11 30 22 12 397 42 24 16 37 380 21 42 14 14 385 23 ' ,'0 0 0 0 0 0 0 0 0 0 0 0 0 0 0 0 0 0 0 0 ' ,444 ,2 ,19, 4
773 ,756, 724, '221 246 585 229 364 253 223 641 244 546 273 228 698 262 565 261 245 548 204 365 ' ,'0 0 0 0 0 0 0 0 0 0 0 0 0 0 0 0 0 0 0 0 ' ,493 ,1 ,2, 1
202 ,765, 177, '50 60 138 53 106 61 56 78 36 79 47 39 124 63 121 54 56 40 59 76 ' ,'0 0 0 0 0 0 0 0 0 0 0 0 0 0 0 0 0 0 0 0 ' ,131 ,1 ,2, 2
2024 ,208, 241, '71 41 92 43 170 45 67 136 46 88 57 68 64 89 125 1819 53 153 21 152 ' ,'0 0 0 0 0 0 0 0 0 0 0 0 0 0 0 0 0 0 0 0 ' ,158 ,1 ,1, 1
218 ,2014, 192, '62 62 38 88 61 38 55 174 48 140 48 50 66 75 130 62 55 108 70 133 ' ,'0 0 0 0 0 0 0 0 0 0 0 0 0 0 0 0 0 0 0 0 ' ,146 ,0 ,1, 1
170 ,213, 142, '57 51 135 58 90 78 42 62 39 39 61 58 65 36 105 53 62 58 42 79 ' ,'0 0 0 0 0 0 0 0 0 0 0 0 0 0 0 0 0 0 0 0 ' ,97 ,1 ,3, 1
171 ,163, 148, '58 65 39 59 79 45 56 60 47 48 60 46 85 42 110 50 42 91 50 95 ' ,'0 0 0 0 0 0 0 0 0 0 0 0 0 0 0 0 0 0 0 0 ' ,93 ,1 ,2, 1
844 ,166, 825, '747 49 117 50 89 800 32 50 54 68 805 44 123 60 65 761 59 48 53 122 ' ,'0 0 0 0 0 0 0 0 0 0 0 0 0 0 0 0 0 0 0 0 ' ,782 ,1 ,2, 1
177 ,835, 155, '54 51 64 52 93 43 39 35 42 71 62 45 89 35 54 53 37 114 57 134 ' ,'0 0 0 0 0 0 0 0 0 0 0 0 0 0 0 0 0 0 0 0 ' ,87 ,1 ,1, 1
181 ,170, 160, '58 49 70 142 70 58 56 106 54 118 38 45 20 151 128 57 46 87 151 93 ' ,'0 0 0 0 0 0 0 0 0 0 0 0 0 0 0 0 0 0 0 0 ' ,123 ,1 ,1, 0
137 ,177, 114, '33 58 41 43 88 42 35 102 34 30 56 41 77 31 65 39 35 23 45 70 ' ,'0 0 0 0 0 0 0 0 0 0 0 0 0 0 0 0 0 0 0 0 ' ,83 ,2 ,1, 1
148 ,129, 126, '53 56 87 50 96 41 51 105 37 60 42 57 64 44 84 50 44 26 40 45 ' ,'0 0 0 0 0 0 0 0 0 0 0 0 0 0 0 0 0 0 0 0 ' ,78 ,2 ,1, 1
247 ,141, 206, '42 39 105 50 133 56 59 46 54 59 45 46 95 55 112 56 41 64 43 78 ' ,'0 0 0 0 0 0 0 0 0 0 0 0 0 0 0 0 0 0 0 0 ' ,97 ,1 ,69, 1
209 ,219, 189, '88 50 135 61 122 71 50 108 52 143 92 43 99 76 144 99 46 84 75 150 ' ,'0 0 0 0 0 0 0 0 0 0 0 0 0 0 0 0 0 0 0 0 ' ,140 ,2 ,2, 2
266 ,205, 242, '39 68 93 112 62 59 76 66 117 103 80 66 110 96 64 59 65 84 109 130 ' ,'0 0 0 0 0 0 0 0 0 0 0 0 0 0 0 0 0 0 0 0 ' ,184 ,2 ,2, 2
303 ,266, 255, '55 99 238 89 107 92 104 220 66 170 71 108 188 87 171 105 57 180 95 121 ' ,'0 0 0 0 0 0 0 0 0 0 0 0 0 0 0 0 0 0 0 0 ' ,189 ,1 ,1, 1
334 ,303, 297, '133 87 91 107 92 102 96 134 87 70 136 107 114 47 151 141 123 90 120 52 ' ,'0 0 0 0 0 0 0 0 0 0 0 0 0 0 0 0 0 0 0 0 ' ,243 ,2 ,1, 0
146 ,328, 124, '69 42 100 47 92 66 56 100 60 101 43 46 64 43 40 70 47 53 31 96 ' ,'0 0 0 0 0 0 0 0 0 0 0 0 0 0 0 0 0 0 0 0 ' ,75 ,3 ,1, 0
195 ,140, 165, '80 57 108 64 82 76 59 132 62 67 57 46 144 68 67 72 66 98 53 119 ' ,'0 0 0 0 0 0 0 0 0 0 0 0 0 0 0 0 0 0 0 0 ' ,113 ,1 ,1, 0
343 ,247, 324, '41 53 53 79 108 63 66 92 57 292 63 72 91 80 85 47 34 82 52 70 ' ,'0 0 0 0 0 0 0 0 0 0 0 0 0 0 0 0 0 0 0 0 ' ,271 ,1 ,1, 0
165 ,334, 137, '45 51 104 51 48 56 52 123 60 42 34 59 99 58 66 41 30 98 62 67 ' ,'0 0 0 0 0 0 0 0 0 0 0 0 0 0 0 0 0 0 0 0 ' ,89 ,1 ,1, 0
169 ,151, 145, '35 37 28 43 57 45 48 84 57 88 50 52 134 50 101 46 48 52 64 43 ' ,'0 0 0 0 0 0 0 0 0 0 0 0 0 0 0 0 0 0 0 0 ' ,103 ,1 ,1, 1
160 ,162, 133, '37 58 53 58 85 30 46 69 52 107 38 41 36 42 84 46 43 63 50 83 ' ,'0 0 0 0 0 0 0 0 0 0 0 0 0 0 0 0 0 0 0 0 ' ,94 ,2 ,1, 1
177 ,154, 153, '49 44 49 55 43 65 41 87 53 75 54 36 37 42 43 45 42 45 47 65 ' ,'0 0 0 0 0 0 0 0 0 0 0 0 0 0 0 0 0 0 0 0 ' ,116 ,2 ,0, 0
142 ,175, 117, '47 40 77 90 117 54 32 37 80 86 23 55 106 57 45 63 48 29 70 101 ' ,'0 0 0 0 0 0 0 0 0 0 0 0 0 0 0 0 0 0 0 0 ' ,90 ,1 ,0, 0
163 ,139, 143, '47 38 83 47 100 58 42 120 53 80 40 34 64 48 42 59 47 81 36 64 ' ,'0 0 0 0 0 0 0 0 0 0 0 0 0 0 0 0 0 0 0 0 ' ,103 ,2 ,1, 0
140 ,157, 118, '50 52 43 43 103 22 43 39 48 42 38 58 106 59 31 49 24 75 53 38 ' ,'0 0 0 0 0 0 0 0 0 0 0 0 0 0 0 0 0 0 0 0 ' ,95 ,2 ,0, 0
154 ,134, 128, '41 48 49 61 91 52 42 93 37 81 33 29 57 44 107 50 55 40 42 95 ' ,'0 0 0 0 0 0 0 0 0 0 0 0 0 0 0 0 0 0 0 0 ' ,96 ,2 ,0, 0
145 ,147, 121, '57 37 38 46 91 30 49 85 53 65 45 52 69 54 67 48 33 109 40 47 ' ,'0 0 0 0 0 0 0 0 0 0 0 0 0 0 0 0 0 0 0 0 ' ,80 ,2 ,1, 0
160 ,138, 134, '54 45 76 73 49 39 48 33 59 98 42 27 74 78 43 59 51 93 62 107 ' ,'0 0 0 0 0 0 0 0 0 0 0 0 0 0 0 0 0 0 0 0 ' ,99 ,2 ,1, 1
134 ,154, 118, '35 45 75 29 45 43 34 92 44 42 30 30 96 29 72 26 41 97 41 46 ' ,'0 0 0 0 0 0 0 0 0 0 0 0 0 0 0 0 0 0 0 0 ' ,87 ,1 ,1, 0
269 ,128, 244, '49 37 32 34 115 56 37 44 31 88 34 39 69 50 102 54 38 110 40 138 ' ,'0 0 0 0 0 0 0 0 0 0 0 0 0 0 0 0 0 0 0 0 ' ,202 ,1 ,0, 0
193 ,259, 173, '48 56 65 51 120 56 51 52 48 85 67 63 153 73 67 52 56 108 48 119 ' ,'0 0 0 0 0 0 0 0 0 0 0 0 0 0 0 0 0 0 0 0 ' ,122 ,0 ,0, 0
262 ,186, 214, '58 63 37 54 65 56 50 84 62 121 66 29 122 36 123 59 50 134 50 103 ' ,'0 0 0 0 0 0 0 0 0 0 0 0 0 0 0 0 0 0 0 0 ' ,178 ,1 ,0, 0
145 ,268, 119, '59 61 86 65 52 59 52 67 72 71 73 40 84 72 90 66 44 95 76 102 ' ,'0 0 0 0 0 0 0 0 0 0 0 0 0 0 0 0 0 0 0 0 ' ,78 ,0 ,1, 1
163 ,140, 142, '58 41 122 46 45 49 44 54 67 71 89 45 100 73 61 94 40 61 61 56 ' ,'0 0 0 0 0 0 0 0 0 0 0 0 0 0 0 0 0 0 0 0 ' ,99 ,0 ,1, 0
148 ,172, 119, '66 62 98 69 54 55 60 99 47 63 60 37 100 55 41 61 51 68 52 99 ' ,'0 0 0 0 0 0 0 0 0 0 0 0 0 0 0 0 0 0 0 0 ' ,78 ,0 ,0, 0
139 ,149, 115, '47 59 99 50 98 42 47 100 64 79 73 25 53 44 90 36 47 48 41 79 ' ,'0 0 0 0 0 0 0 0 0 0 0 0 0 0 0 0 0 0 0 0 ' ,80 ,1 ,1, 0
170 ,129, 120, '54 62 119 56 73 58 52 62 59 101 40 52 92 59 102 51 40 81 42 41 ' ,'0 0 0 0 0 0 0 0 0 0 0 0 0 0 0 0 0 0 0 0 ' ,91 ,1 ,0, 0
140 ,162, 123, '47 47 78 57 54 39 32 49 51 46 31 40 35 42 71 54 51 57 34 34 ' ,'0 0 0 0 0 0 0 0 0 0 0 0 0 0 0 0 0 0 0 0 ' ,86 ,1 ,1, 1
144 ,134, 122, '66 41 77 37 41 68 44 70 29 43 55 33 108 54 37 70 46 113 46 94 ' ,'0 0 0 0 0 0 0 0 0 0 0 0 0 0 0 0 0 0 0 0 ' ,88 ,1 ,1, 0
134 ,139, 113, '58 47 104 44 59 44 34 79 41 45 51 41 92 40 35 52 52 73 42 90 ' ,'0 0 0 0 0 0 0 0 0 0 0 0 0 0 0 0 0 0 0 0 ' ,75 ,1 ,0, 0
421 ,127, 402, '382 46 51 49 76 393 52 61 60 79 52 55 70 40 92 394 37 68 38 55 ' ,'0 0 0 0 0 0 0 0 0 0 0 0 0 0 0 0 0 0 0 0 ' ,355 ,0 ,0, 0
201 ,425, 170, '63 41 64 37 137 73 55 89 40 60 70 40 51 65 53 55 63 64 53 82 ' ,'0 0 0 0 0 0 0 0 0 0 0 0 0 0 0 0 0 0 0 0 ' ,129 ,1 ,0, 0
203 ,191, 182, '52 39 136 118 42 55 37 79 114 60 45 42 59 90 104 43 57 54 103 130 ' ,'0 0 0 0 0 0 0 0 0 0 0 0 0 0 0 0 0 0 0 0 ' ,140 ,1 ,1, 1
167 ,195, 139, '84 45 110 59 88 95 47 126 35 76 79 34 60 44 97 83 47 129 40 43 ' ,'0 0 0 0 0 0 0 0 0 0 0 0 0 0 0 0 0 0 0 0 ' ,100 ,0 ,0, 0
188 ,163, 154, '46 68 94 44 56 52 54 86 31 94 56 51 81 56 132 62 44 75 38 106 ' ,'0 0 0 0 0 0 0 0 0 0 0 0 0 0 0 0 0 0 0 0 ' ,118 ,1 ,1, 0
145 ,178, 125, '45 32 58 56 84 51 62 118 36 116 58 55 47 60 103 47 41 67 56 48 ' ,'0 0 0 0 0 0 0 0 0 0 0 0 0 0 0 0 0 0 0 0 ' ,94 ,1 ,0, 0
182 ,141, 142, '55 57 104 55 52 47 46 97 60 95 49 28 123 57 90 33 48 83 55 70 ' ,'0 0 0 0 0 0 0 0 0 0 0 0 0 0 0 0 0 0 0 0 ' ,107 ,0 ,1, 0
154 ,164, 131, '41 35 44 121 65 66 50 82 104 42 56 38 73 114 83 46 39 64 98 108 ' ,'0 0 0 0 0 0 0 0 0 0 0 0 0 0 0 0 0 0 0 0 ' ,88 ,1 ,1, 1
179 ,296, 157, '71 46 80 60 88 69 49 147 49 56 79 39 112 51 50 65 50 132 57 83 ' ,'0 0 0 0 0 0 0 0 0 0 0 0 0 0 0 0 0 0 0 0 ' ,115 ,1 ,1, 1
199 ,173, 175, '38 41 56 37 111 46 45 134 64 85 55 47 91 51 118 72 62 51 48 132 ' ,'0 0 0 0 0 0 0 0 0 0 0 0 0 0 0 0 0 0 0 0 ' ,135 ,0 ,0, 0
176 ,187, 150, '69 63 124 56 142 59 58 80 58 121 51 53 92 57 69 51 46 72 57 46 ' ,'0 0 0 0 0 0 0 0 0 0 0 0 0 0 0 0 0 0 0 0 ' ,96 ,1 ,0, 0
171 ,166, 138, '56 50 48 43 128 59 28 100 52 102 37 66 115 61 74 51 48 59 39 115 ' ,'0 0 0 0 0 0 0 0 0 0 0 0 0 0 0 0 0 0 0 0 ' ,109 ,1 ,1, 0
155 ,162, 123, '52 46 84 64 81 40 35 74 65 91 46 57 71 70 114 68 50 63 65 58 ' ,'0 0 0 0 0 0 0 0 0 0 0 0 0 0 0 0 0 0 0 0 ' ,82 ,1 ,1, 0
183 ,214, 158, '138 55 83 50 55 130 43 43 55 85 138 64 106 53 72 153 50 86 57 43 ' ,'0 0 0 0 0 0 0 0 0 0 0 0 0 0 0 0 0 0 0 0 ' ,110 ,1 ,1, 0
146 ,175, 129, '82 52 70 42 40 57 52 68 76 29 43 49 72 53 95 36 47 86 48 71 ' ,'0 0 0 0 0 0 0 0 0 0 0 0 0 0 0 0 0 0 0 0 ' ,89 ,1 ,0, 0
205 ,144, 182, '49 55 34 71 172 42 48 93 63 66 61 44 55 70 78 63 43 110 51 178 ' ,'0 0 0 0 0 0 0 0 0 0 0 0 0 0 0 0 0 0 0 0 ' ,138 ,1 ,1, 1
188 ,200, 160, '41 47 46 66 98 30 57 79 52 120 57 52 78 60 33 58 42 103 72 73 ' ,'0 0 0 0 0 0 0 0 0 0 0 0 0 0 0 0 0 0 0 0 ' ,122 ,1 ,0, 0
200 ,177, 180, '40 59 75 50 91 59 44 83 82 84 60 40 56 62 65 39 48 157 57 90 ' ,'0 0 0 0 0 0 0 0 0 0 0 0 0 0 0 0 0 0 0 0 ' ,140 ,1 ,1, 1
282 ,193, 132, '65 44 96 57 60 47 46 76 60 75 54 37 118 44 83 66 57 83 49 48 ' ,'0 0 0 0 0 0 0 0 0 0 0 0 0 0 0 0 0 0 0 0 ' ,134 ,1 ,0, 0
158 ,191, 137, '61 54 96 61 82 30 59 123 34 100 58 49 110 60 95 50 57 58 43 87 ' ,'0 0 0 0 0 0 0 0 0 0 0 0 0 0 0 0 0 0 0 0 ' ,97 ,1 ,0, 0
140 ,149, 121, '44 55 103 49 111 20 45 53 40 115 46 36 94 48 72 54 59 52 49 35 ' ,'0 0 0 0 0 0 0 0 0 0 0 0 0 0 0 0 0 0 0 0 ' ,96 ,1 ,0, 0
159 ,149, 113, '56 33 71 61 36 37 51 93 47 54 43 47 76 52 79 60 56 99 43 75 ' ,'0 0 0 0 0 0 0 0 0 0 0 0 0 0 0 0 0 0 0 0 ' ,94 ,1 ,0, 0
160 ,153, 108, '54 49 55 69 77 49 60 88 55 93 41 45 66 50 102 34 58 33 61 110 ' ,'0 0 0 0 0 0 0 0 0 0 0 0 0 0 0 0 0 0 0 0 ' ,87 ,0 ,0, 0
170 ,147, 131, '66 53 85 56 57 42 50 95 55 123 64 54 101 36 79 73 44 103 48 85 ' ,'0 0 0 0 0 0 0 0 0 0 0 0 0 0 0 0 0 0 0 0 ' ,101 ,1 ,0, 0
137 ,162, 106, '65 55 108 55 42 43 57 73 56 24 61 56 38 58 99 55 41 88 52 72 ' ,'0 0 0 0 0 0 0 0 0 0 0 0 0 0 0 0 0 0 0 0 ' ,82 ,1 ,0, 0
185 ,132, 161, '40 57 57 60 136 43 58 93 55 48 53 36 77 46 98 40 57 48 50 43 ' ,'0 0 0 0 0 0 0 0 0 0 0 0 0 0 0 0 0 0 0 0 ' ,129 ,1 ,0, 0
164 ,187, 125, '43 55 38 38 103 28 52 94 50 69 43 59 86 41 53 48 37 58 61 104 ' ,'0 0 0 0 0 0 0 0 0 0 0 0 0 0 0 0 0 0 0 0 ' ,89 ,1 ,1, 1
154 ,141, 106, '45 54 64 74 96 56 65 95 78 87 52 49 78 53 94 53 46 37 58 54 ' ,'0 0 0 0 0 0 0 0 0 0 0 0 0 0 0 0 0 0 0 0 ' ,61 ,0 ,0, 0
162 ,130, 120, '93 57 129 55 119 98 59 110 34 63 102 58 84 63 98 114 54 106 65 57 ' ,'0 0 0 0 0 0 0 0 0 0 0 0 0 0 0 0 0 0 0 0 ' ,101 ,0 ,1, 0
165 ,157, 145, '43 44 64 52 117 42 38 72 53 84 38 32 64 58 118 80 32 99 70 90 ' ,'0 0 0 0 0 0 0 0 0 0 0 0 0 0 0 0 0 0 0 0 ' ,103 ,1 ,1, 0
166 ,154, 146, '63 38 67 67 142 60 56 125 71 91 47 53 102 76 132 42 48 117 42 115 ' ,'0 0 0 0 0 0 0 0 0 0 0 0 0 0 0 0 0 0 0 0 ' ,104 ,1 ,0, 0
149 ,158, 126, '46 57 100 51 111 57 37 96 55 112 49 47 77 54 81 58 30 50 44 120 ' ,'0 0 0 0 0 0 0 0 0 0 0 0 0 0 0 0 0 0 0 0 ' ,93 ,1 ,0, 0
172 ,139, 67, '60 55 71 64 61 28 61 45 74 77 52 35 64 77 52 62 63 55 66 70 ' ,'0 0 0 0 0 0 0 0 0 0 0 0 0 0 0 0 0 0 0 0 ' ,118 ,1 ,1, 1
189 ,163, 128, '62 42 99 56 94 58 55 79 53 63 31 57 94 44 78 60 41 36 57 46 ' ,'0 0 0 0 0 0 0 0 0 0 0 0 0 0 0 0 0 0 0 0 ' ,124 ,1 ,0, 0
138 ,181, 116, '51 42 107 48 83 29 31 93 34 50 45 36 65 52 76 45 54 76 45 49 ' ,'0 0 0 0 0 0 0 0 0 0 0 0 0 0 0 0 0 0 0 0 ' ,79 ,1 ,1, 0
148 ,129, 108, '42 49 85 50 115 45 55 85 65 96 54 52 85 53 71 45 40 50 59 43 ' ,'0 0 0 0 0 0 0 0 0 0 0 0 0 0 0 0 0 0 0 0 ' ,80 ,1 ,0, 0
168 ,139, 132, '44 39 105 49 111 45 37 107 33 114 34 55 78 54 86 48 25 58 56 86 ' ,'0 0 0 0 0 0 0 0 0 0 0 0 0 0 0 0 0 0 0 0 ' ,106 ,1 ,1, 0
168 ,159, 100, '40 46 68 101 127 52 44 75 95 57 46 35 42 95 70 31 56 57 100 120 ' ,'0 0 0 0 0 0 0 0 0 0 0 0 0 0 0 0 0 0 0 0 ' ,106 ,1 ,1, 0
467 ,365, 412, '420 43 57 40 79 425 56 77 40 68 408 56 86 52 70 426 45 59 48 41 ' ,'0 0 0 0 0 0 0 0 0 0 0 0 0 0 0 0 0 0 0 0 ' ,391 ,0 ,15, 0
158 ,483, 95, '48 39 62 39 28 28 35 69 39 60 48 50 94 49 57 45 38 122 36 47 ' ,'0 0 0 0 0 0 0 0 0 0 0 0 0 0 0 0 0 0 0 0 ' ,96 ,1 ,1, 0
138 ,145, 107, '42 33 67 48 91 25 44 76 51 102 49 40 86 37 62 29 48 91 45 42 ' ,'0 0 0 0 0 0 0 0 0 0 0 0 0 0 0 0 0 0 0 0 ' ,85 ,3 ,0, 0
119 ,133, 95, '56 50 39 47 63 30 30 72 53 71 44 36 76 56 42 42 48 44 40 79 ' ,'0 0 0 0 0 0 0 0 0 0 0 0 0 0 0 0 0 0 0 0 ' ,59 ,1 ,0, 0
373 ,111, 247, '56 43 68 123 240 40 39 102 111 106 35 47 91 103 222 55 56 49 132 225 ' ,'0 0 0 0 0 0 0 0 0 0 0 0 0 0 0 0 0 0 0 0 ' ,221 ,0 ,0, 0
166 ,277, 137, '108 51 51 37 60 72 46 122 40 99 84 54 109 48 91 99 47 109 59 90 ' ,'0 0 0 0 0 0 0 0 0 0 0 0 0 0 0 0 0 0 0 0 ' ,99 ,1 ,0, 0
161 ,159, 136, '55 61 104 49 115 51 38 120 44 102 58 44 82 60 73 68 46 85 46 99 ' ,'0 0 0 0 0 0 0 0 0 0 0 0 0 0 0 0 0 0 0 0 ' ,84 ,1 ,0, 0
186 ,153, 138, '63 52 145 52 130 72 51 107 59 69 46 48 112 80 120 38 50 95 58 40 ' ,'0 0 0 0 0 0 0 0 0 0 0 0 0 0 0 0 0 0 0 0 ' ,117 ,1 ,1, 1
175 ,177, 154, '46 66 87 53 41 68 46 62 60 110 63 48 103 76 59 46 55 100 56 82 ' ,'0 0 0 0 0 0 0 0 0 0 0 0 0 0 0 0 0 0 0 0 ' ,102 ,1 ,1, 1
170 ,163, 92, '49 56 110 57 92 65 37 37 48 97 34 41 58 59 79 53 33 53 52 42 ' ,'0 0 0 0 0 0 0 0 0 0 0 0 0 0 0 0 0 0 0 0 ' ,103 ,19 ,1, 0
154 ,154, 114, '99 59 91 48 117 91 53 68 56 82 96 34 104 74 58 96 53 72 58 45 ' ,'0 0 0 0 0 0 0 0 0 0 0 0 0 0 0 0 0 0 0 0 ' ,88 ,1 ,1, 0
209 ,146, 193, '46 43 74 60 140 49 52 83 39 90 25 28 48 48 65 43 54 114 45 87 ' ,'0 0 0 0 0 0 0 0 0 0 0 0 0 0 0 0 0 0 0 0 ' ,154 ,1 ,0, 0
135 ,200, 112, '43 38 90 56 68 46 31 74 58 57 43 46 85 43 84 39 46 98 32 97 ' ,'0 0 0 0 0 0 0 0 0 0 0 0 0 0 0 0 0 0 0 0 ' ,76 ,1 ,1, 1
130 ,126, 105, '49 39 40 46 41 44 44 59 41 69 52 45 63 42 55 44 27 97 32 36 ' ,'0 0 0 0 0 0 0 0 0 0 0 0 0 0 0 0 0 0 0 0 ' ,74 ,1 ,0, 0
204 ,123, 145, '44 46 45 45 39 47 35 77 48 51 56 40 84 47 29 64 38 63 32 51 ' ,'0 0 0 0 0 0 0 0 0 0 0 0 0 0 0 0 0 0 0 0 ' ,145 ,13 ,0, 0
146 ,200, 57, '62 50 112 48 72 73 41 29 35 38 77 60 70 50 55 79 43 32 55 51 ' ,'0 0 0 0 0 0 0 0 0 0 0 0 0 0 0 0 0 0 0 0 ' ,81 ,0 ,0, 0
145 ,138, 116, '28 58 59 31 78 53 39 79 41 62 49 39 78 40 101 30 35 97 39 47 ' ,'0 0 0 0 0 0 0 0 0 0 0 0 0 0 0 0 0 0 0 0 ' ,87 ,1 ,0, 0
143 ,136, 81, '55 64 100 45 86 35 36 76 60 50 39 62 84 64 74 39 47 90 40 47 ' ,'0 0 0 0 0 0 0 0 0 0 0 0 0 0 0 0 0 0 0 0 ' ,84 ,1 ,0, 0
130 ,136, 99, '25 55 72 39 69 33 41 70 55 56 43 26 47 62 27 51 55 53 42 35 ' ,'0 0 0 0 0 0 0 0 0 0 0 0 0 0 0 0 0 0 0 0 ' ,79 ,1 ,1, 1
134 ,125, 118, '70 61 44 42 57 48 54 84 51 77 45 49 44 53 55 61 52 99 46 66 ' ,'0 0 0 0 0 0 0 0 0 0 0 0 0 0 0 0 0 0 0 0 ' ,66 ,0 ,0, 0
223 ,125, 87, '77 46 149 56 123 62 57 75 52 53 70 60 56 64 138 75 59 50 68 71 ' ,'0 0 0 0 0 0 0 0 0 0 0 0 0 0 0 0 0 0 0 0 ' ,145 ,4 ,1, 0
174 ,217, 137, '67 49 57 55 61 61 58 101 47 55 67 38 136 51 99 51 44 110 67 138 ' ,'0 0 0 0 0 0 0 0 0 0 0 0 0 0 0 0 0 0 0 0 ' ,108 ,0 ,1, 1
171 ,166, 134, '62 45 48 58 39 56 59 80 56 77 66 45 87 67 86 53 44 100 50 102 ' ,'0 0 0 0 0 0 0 0 0 0 0 0 0 0 0 0 0 0 0 0 ' ,98 ,1 ,3, 0
260 ,156, 208, '61 51 97 54 122 57 51 101 88 97 33 53 143 62 58 40 35 118 54 106 ' ,'0 0 0 0 0 0 0 0 0 0 0 0 0 0 0 0 0 0 0 0 ' ,197 ,1 ,1, 1
236 ,254, 106, '72 50 40 57 64 48 60 77 66 140 49 68 67 52 80 57 61 68 65 88 ' ,'0 0 0 0 0 0 0 0 0 0 0 0 0 0 0 0 0 0 0 0 ' ,140 ,0 ,0, 0
141 ,230, 117, '48 49 48 53 39 43 60 100 53 81 59 58 81 67 60 76 45 103 58 69 ' ,'0 0 0 0 0 0 0 0 0 0 0 0 0 0 0 0 0 0 0 0 ' ,65 ,1 ,1, 0
156 ,133, 122, '51 57 48 55 76 46 53 113 33 91 45 57 86 46 66 43 41 70 47 96 ' ,'0 0 0 0 0 0 0 0 0 0 0 0 0 0 0 0 0 0 0 0 ' ,88 ,0 ,1, 1
139 ,138, 119, '50 45 75 54 102 37 59 87 67 72 55 52 96 53 78 56 36 60 62 36 ' ,'0 0 0 0 0 0 0 0 0 0 0 0 0 0 0 0 0 0 0 0 ' ,76 ,1 ,0, 0
156 ,129, 130, '41 55 75 53 49 43 58 42 41 69 44 49 80 48 48 40 61 98 58 38 ' ,'0 0 0 0 0 0 0 0 0 0 0 0 0 0 0 0 0 0 0 0 ' ,85 ,1 ,0, 0
168 ,149, 130, '42 41 145 59 64 50 64 76 40 80 45 63 67 62 45 58 58 40 48 37 ' ,'0 0 0 0 0 0 0 0 0 0 0 0 0 0 0 0 0 0 0 0 ' ,105 ,0 ,0, 0
154 ,345, 125, '56 45 110 36 63 44 55 90 61 45 60 61 60 52 54 58 60 98 62 75 ' ,'0 0 0 0 0 0 0 0 0 0 0 0 0 0 0 0 0 0 0 0 ' ,87 ,0 ,0, 0
167 ,145, 142, '57 46 125 37 42 37 40 77 38 85 39 38 120 40 31 57 33 61 39 108 ' ,'0 0 0 0 0 0 0 0 0 0 0 0 0 0 0 0 0 0 0 0 ' ,100 ,1 ,1, 1
141 ,473, 78, '42 50 47 28 96 34 30 32 33 41 39 49 63 42 74 56 41 44 44 42 ' ,'0 0 0 0 0 0 0 0 0 0 0 0 0 0 0 0 0 0 0 0 ' ,83 ,0 ,0, 0
126 ,133, 106, '43 39 86 39 96 24 46 70 35 43 45 41 44 56 77 47 41 78 59 101 ' ,'0 0 0 0 0 0 0 0 0 0 0 0 0 0 0 0 0 0 0 0 ' ,75 ,1 ,1, 1
127 ,118, 103, '41 47 93 47 36 41 36 56 51 73 56 37 41 53 67 57 35 64 41 54 ' ,'0 0 0 0 0 0 0 0 0 0 0 0 0 0 0 0 0 0 0 0 ' ,55 ,1 ,0, 0
160 ,375, 139, '105 44 116 47 57 94 38 97 36 80 108 45 79 51 77 120 60 39 46 65 ' ,'0 0 0 0 0 0 0 0 0 0 0 0 0 0 0 0 0 0 0 0 ' ,93 ,1 ,1, 1
158 ,150, 116, '48 43 49 60 19 57 50 93 39 41 58 33 56 37 96 55 40 66 57 97 ' ,'0 0 0 0 0 0 0 0 0 0 0 0 0 0 0 0 0 0 0 0 ' ,106 ,0 ,0, 0
185 ,146, 140, '51 55 76 57 42 32 56 42 42 80 30 41 85 49 77 56 51 70 35 45 ' ,'0 0 0 0 0 0 0 0 0 0 0 0 0 0 0 0 0 0 0 0 ' ,124 ,1 ,0, 0
423 ,175, 389, '54 63 389 35 39 57 78 381 54 55 57 77 384 51 85 49 73 56 34 81 ' ,'0 0 0 0 0 0 0 0 0 0 0 0 0 0 0 0 0 0 0 0 ' ,358 ,0 ,1, 1
159 ,409, 110, '41 53 80 39 63 48 55 33 61 35 45 58 79 45 87 60 35 49 39 86 ' ,'0 0 0 0 0 0 0 0 0 0 0 0 0 0 0 0 0 0 0 0 ' ,91 ,1 ,0, 0
156 ,153, 138, '85 65 92 50 85 83 42 58 64 41 99 53 63 63 107 107 53 53 82 99 ' ,'0 0 0 0 0 0 0 0 0 0 0 0 0 0 0 0 0 0 0 0 ' ,85 ,1 ,0, 0
152 ,148, 132, '57 51 111 40 60 58 47 78 57 118 53 47 76 37 69 46 58 38 63 107 ' ,'0 0 0 0 0 0 0 0 0 0 0 0 0 0 0 0 0 0 0 0 ' ,91 ,1 ,0, 0
172 ,144, 150, '60 65 60 63 107 70 54 79 65 32 44 25 99 51 92 58 43 112 57 116 ' ,'0 0 0 0 0 0 0 0 0 0 0 0 0 0 0 0 0 0 0 0 ' ,117 ,1 ,4, 1
179 ,162, 148, '50 100 51 36 139 68 56 100 64 62 45 101 103 61 115 58 106 76 50 69 ' ,'0 0 0 0 0 0 0 0 0 0 0 0 0 0 0 0 0 0 0 0 ' ,109 ,1 ,1, 1
185 ,172, 166, '53 69 128 70 159 53 60 92 51 64 61 45 80 54 123 70 70 118 64 87 ' ,'0 0 0 0 0 0 0 0 0 0 0 0 0 0 0 0 0 0 0 0 ' ,120 ,1 ,1, 0
230 ,180, 176, '59 33 136 46 92 66 65 52 28 81 54 51 91 58 82 52 44 57 41 92 ' ,'0 0 0 0 0 0 0 0 0 0 0 0 0 0 0 0 0 0 0 0 ' ,137 ,1 ,1, 1
189 ,215, 168, '65 52 42 60 54 66 57 71 33 102 46 43 137 47 92 46 42 39 41 139 ' ,'0 0 0 0 0 0 0 0 0 0 0 0 0 0 0 0 0 0 0 0 ' ,127 ,1 ,0, 0
146 ,199, 130, '42 54 45 62 66 48 54 70 55 90 30 45 59 40 116 60 62 38 47 85 ' ,'0 0 0 0 0 0 0 0 0 0 0 0 0 0 0 0 0 0 0 0 ' ,92 ,1 ,0, 0
178 ,145, 152, '51 62 83 47 94 49 59 68 37 131 44 36 68 61 51 56 66 45 42 107 ' ,'0 0 0 0 0 0 0 0 0 0 0 0 0 0 0 0 0 0 0 0 ' ,111 ,1 ,0, 0
129 ,166, 110, '47 42 72 68 51 45 44 91 53 65 59 38 66 54 46 56 58 70 46 98 ' ,'0 0 0 0 0 0 0 0 0 0 0 0 0 0 0 0 0 0 0 0 ' ,69 ,0 ,0, 0
128 ,122, 114, '45 77 87 41 78 80 52 44 37 59 75 53 39 49 62 36 35 38 38 37 ' ,'0 0 0 0 0 0 0 0 0 0 0 0 0 0 0 0 0 0 0 0 ' ,71 ,1 ,1, 1
132 ,122, 107, '46 42 69 49 55 60 30 30 36 59 35 65 53 42 68 39 63 29 32 39 ' ,'0 0 0 0 0 0 0 0 0 0 0 0 0 0 0 0 0 0 0 0 ' ,74 ,1 ,1, 1
161 ,124, 130, '37 61 45 53 107 48 50 97 53 75 27 39 68 42 78 44 69 46 39 62 ' ,'0 0 0 0 0 0 0 0 0 0 0 0 0 0 0 0 0 0 0 0 ' ,98 ,1 ,0, 0
160 ,150, 128, '37 76 52 52 119 47 64 95 51 76 28 53 93 63 88 47 72 66 66 111 ' ,'0 0 0 0 0 0 0 0 0 0 0 0 0 0 0 0 0 0 0 0 ' ,93 ,1 ,1, 0
135 ,145, 117, '36 39 76 59 106 59 67 86 46 89 38 62 35 45 89 49 57 30 58 85 ' ,'0 0 0 0 0 0 0 0 0 0 0 0 0 0 0 0 0 0 0 0 ' ,83 ,1 ,0, 0
192 ,137, 173, '61 62 103 60 79 61 62 87 58 99 33 45 39 64 123 58 50 151 78 36 ' ,'0 0 0 0 0 0 0 0 0 0 0 0 0 0 0 0 0 0 0 0 ' ,134 ,4 ,1, 1
183 ,185, 168, '52 65 101 58 48 59 64 127 24 121 80 69 111 57 134 41 46 129 62 83 ' ,'0 0 0 0 0 0 0 0 0 0 0 0 0 0 0 0 0 0 0 0 ' ,137 ,0 ,0, 0
186 ,185, 165, '43 70 42 46 59 57 53 127 41 96 41 61 106 63 89 43 73 86 29 64 ' ,'0 0 0 0 0 0 0 0 0 0 0 0 0 0 0 0 0 0 0 0 ' ,130 ,1 ,1, 1
204 ,178, 163, '49 75 70 33 83 72 75 104 62 140 49 80 99 42 125 71 46 61 71 103 ' ,'0 0 0 0 0 0 0 0 0 0 0 0 0 0 0 0 0 0 0 0 ' ,124 ,1 ,1, 1
192 ,178, 176, '67 43 67 29 168 41 64 68 51 75 81 73 75 54 101 58 37 101 53 140 ' ,'0 0 0 0 0 0 0 0 0 0 0 0 0 0 0 0 0 0 0 0 ' ,142 ,1 ,1, 0
196 ,187, 158, '70 59 120 35 123 63 41 98 57 51 69 54 121 37 49 52 45 101 65 103 ' ,'0 0 0 0 0 0 0 0 0 0 0 0 0 0 0 0 0 0 0 0 ' ,118 ,1 ,0, 0
158 ,190, 142, '55 58 121 42 91 52 46 135 42 57 58 63 82 48 37 62 50 132 49 42 ' ,'0 0 0 0 0 0 0 0 0 0 0 0 0 0 0 0 0 0 0 0 ' ,98 ,1 ,0, 0
136 ,274, 113, '44 43 63 45 102 46 51 36 41 70 41 65 31 53 57 50 31 85 49 72 ' ,'0 0 0 0 0 0 0 0 0 0 0 0 0 0 0 0 0 0 0 0 ' ,78 ,1 ,1, 0
143 ,132, 117, '30 29 50 34 45 35 50 74 38 70 44 50 77 39 70 38 49 98 48 30 ' ,'0 0 0 0 0 0 0 0 0 0 0 0 0 0 0 0 0 0 0 0 ' ,83 ,0 ,0, 0
230 ,134, 199, '51 48 94 26 69 41 61 39 44 155 46 44 115 40 87 37 50 64 62 197 ' ,'0 0 0 0 0 0 0 0 0 0 0 0 0 0 0 0 0 0 0 0 ' ,176 ,0 ,1, 0
208 ,223, 139, '133 52 47 43 95 100 39 75 24 83 111 41 114 41 73 114 32 82 28 57 ' ,'0 0 0 0 0 0 0 0 0 0 0 0 0 0 0 0 0 0 0 0 ' ,111 ,1 ,1, 0
145 ,156, 117, '52 54 83 36 101 57 58 100 50 35 56 40 60 58 106 48 52 97 59 97 ' ,'0 0 0 0 0 0 0 0 0 0 0 0 0 0 0 0 0 0 0 0 ' ,77 ,1 ,1, 1
144 ,250, 105, '40 55 98 42 72 54 41 66 30 35 48 42 35 51 45 52 38 87 68 50 ' ,'0 0 0 0 0 0 0 0 0 0 0 0 0 0 0 0 0 0 0 0 ' ,66 ,1 ,1, 1
162 ,136, 142, '54 59 79 40 39 50 58 37 62 112 44 45 78 55 121 30 57 37 72 104 ' ,'0 0 0 0 0 0 0 0 0 0 0 0 0 0 0 0 0 0 0 0 ' ,110 ,1 ,1, 1
158 ,304, 133, '53 56 76 55 87 59 63 51 66 73 60 47 74 70 125 56 46 73 69 84 ' ,'0 0 0 0 0 0 0 0 0 0 0 0 0 0 0 0 0 0 0 0 ' ,81 ,1 ,1, 1
201 ,152, 176, '100 39 137 121 124 46 62 56 74 145 100 62 80 71 75 103 54 99 137 97 ' ,'0 0 0 0 0 0 0 0 0 0 0 0 0 0 0 0 0 0 0 0 ' ,129 ,1 ,1, 1
281 ,195, 264, '47 61 160 49 127 58 74 233 67 95 59 59 249 83 114 47 67 227 88 189 ' ,'0 0 0 0 0 0 0 0 0 0 0 0 0 0 0 0 0 0 0 0 ' ,217 ,1 ,1, 0
183 ,277, 153, '75 66 152 49 66 90 91 68 93 117 69 42 118 62 84 67 70 121 77 46 ' ,'0 0 0 0 0 0 0 0 0 0 0 0 0 0 0 0 0 0 0 0 ' ,107 ,1 ,1, 0
199 ,177, 164, '67 98 56 39 63 35 101 117 67 97 44 39 67 65 123 43 56 121 72 138 ' ,'0 0 0 0 0 0 0 0 0 0 0 0 0 0 0 0 0 0 0 0 ' ,119 ,0 ,0, 0
192 ,194, 156, '54 49 96 48 116 45 49 76 55 96 62 22 91 57 115 57 31 89 62 60 ' ,'0 0 0 0 0 0 0 0 0 0 0 0 0 0 0 0 0 0 0 0 ' ,131 ,0 ,1, 1
140 ,182, 119, '69 64 102 83 67 63 49 89 88 51 44 34 76 93 62 69 28 54 107 69 ' ,'0 0 0 0 0 0 0 0 0 0 0 0 0 0 0 0 0 0 0 0 ' ,86 ,1 ,0, 0
237 ,132, 128, '77 54 93 35 33 58 53 95 47 95 43 41 120 39 96 56 32 106 50 42 ' ,'0 0 0 0 0 0 0 0 0 0 0 0 0 0 0 0 0 0 0 0 ' ,91 ,0 ,1, 1
178 ,230, 153, '51 40 68 40 72 38 41 98 52 62 59 35 41 47 51 51 50 62 48 102 ' ,'0 0 0 0 0 0 0 0 0 0 0 0 0 0 0 0 0 0 0 0 ' ,112 ,1 ,1, 0
183 ,172, 165, '59 33 78 40 105 42 51 132 26 138 34 33 48 48 58 58 42 95 60 100 ' ,'0 0 0 0 0 0 0 0 0 0 0 0 0 0 0 0 0 0 0 0 ' ,132 ,1 ,1, 1
153 ,175, 131, '41 61 34 41 93 44 35 89 75 64 45 58 42 50 71 59 56 85 61 91 ' ,'0 0 0 0 0 0 0 0 0 0 0 0 0 0 0 0 0 0 0 0 ' ,95 ,0 ,1, 1
154 ,144, 113, '50 55 78 80 110 63 47 57 59 80 31 56 58 46 105 50 47 78 66 52 ' ,'0 0 0 0 0 0 0 0 0 0 0 0 0 0 0 0 0 0 0 0 ' ,73 ,0 ,0, 0
146 ,149, 131, '35 51 113 56 58 67 51 41 45 96 39 33 85 35 38 22 40 56 45 59 ' ,'0 0 0 0 0 0 0 0 0 0 0 0 0 0 0 0 0 0 0 0 ' ,102 ,0 ,1, 1
167 ,139, 132, '54 63 100 62 69 34 63 118 61 92 48 27 81 60 87 27 42 46 27 39 ' ,'0 0 0 0 0 0 0 0 0 0 0 0 0 0 0 0 0 0 0 0 ' ,101 ,1 ,1, 1
165 ,154, 142, '53 45 105 66 53 49 53 117 67 87 47 53 68 38 82 53 35 55 59 64 ' ,'0 0 0 0 0 0 0 0 0 0 0 0 0 0 0 0 0 0 0 0 ' ,101 ,1 ,1, 0
169 ,173, 144, '40 64 75 53 58 60 54 102 51 98 68 65 101 47 116 47 41 41 56 64 ' ,'0 0 0 0 0 0 0 0 0 0 0 0 0 0 0 0 0 0 0 0 ' ,97 ,1 ,0, 0
204 ,170, 188, '49 66 51 78 93 78 65 126 89 120 77 49 122 61 136 66 42 83 76 82 ' ,'0 0 0 0 0 0 0 0 0 0 0 0 0 0 0 0 0 0 0 0 ' ,140 ,1 ,0, 0
149 ,211, 133, '58 65 95 64 108 47 33 106 40 94 38 41 122 39 42 31 56 100 58 108 ' ,'0 0 0 0 0 0 0 0 0 0 0 0 0 0 0 0 0 0 0 0 ' ,100 ,0 ,1, 0
154 ,150, 131, '67 57 106 52 44 33 70 102 53 123 50 47 68 49 64 56 43 79 45 69 ' ,'0 0 0 0 0 0 0 0 0 0 0 0 0 0 0 0 0 0 0 0 ' ,93 ,1 ,0, 0
139 ,156, 123, '42 59 91 47 92 67 36 91 50 108 62 63 54 51 56 62 57 55 50 91 ' ,'0 0 0 0 0 0 0 0 0 0 0 0 0 0 0 0 0 0 0 0 ' ,81 ,0 ,1, 1
175 ,131, 138, '54 54 87 37 108 68 57 59 51 95 53 47 100 68 63 24 44 84 37 100 ' ,'0 0 0 0 0 0 0 0 0 0 0 0 0 0 0 0 0 0 0 0 ' ,112 ,1 ,0, 0
129 ,166, 110, '57 46 59 48 83 51 54 56 45 65 47 38 91 67 73 60 46 96 56 46 ' ,'0 0 0 0 0 0 0 0 0 0 0 0 0 0 0 0 0 0 0 0 ' ,68 ,0 ,1, 1
145 ,140, 126, '39 48 121 37 47 57 57 82 50 48 36 50 75 57 72 46 53 111 53 38 ' ,'0 0 0 0 0 0 0 0 0 0 0 0 0 0 0 0 0 0 0 0 ' ,84 ,1 ,1, 1
136 ,139, 117, '41 47 64 41 91 52 56 91 39 83 47 43 95 37 63 53 28 36 62 75 ' ,'0 0 0 0 0 0 0 0 0 0 0 0 0 0 0 0 0 0 0 0 ' ,85 ,0 ,1, 0
274 ,137, 247, '60 35 72 26 141 42 45 61 34 134 36 40 43 48 78 43 52 55 47 171 ' ,'0 0 0 0 0 0 0 0 0 0 0 0 0 0 0 0 0 0 0 0 ' ,216 ,0 ,0, 0
230 ,273, 209, '29 56 31 53 74 46 32 64 42 73 36 52 50 66 90 35 54 60 55 109 ' ,'0 0 0 0 0 0 0 0 0 0 0 0 0 0 0 0 0 0 0 0 ' ,166 ,1 ,1, 0
154 ,221, 129, '49 61 58 57 82 41 45 110 72 95 51 36 70 69 79 34 45 108 84 114 ' ,'0 0 0 0 0 0 0 0 0 0 0 0 0 0 0 0 0 0 0 0 ' ,94 ,1 ,1, 0
579 ,161, 562, '135 37 116 65 105 62 50 118 52 53 552 49 81 62 132 516 41 109 56 40 ' ,'0 0 0 0 0 0 0 0 0 0 0 0 0 0 0 0 0 0 0 0 ' ,518 ,0 ,0, 0
181 ,576, 138, '65 62 52 61 134 59 61 104 65 100 48 61 106 49 90 42 66 70 63 98 ' ,'0 0 0 0 0 0 0 0 0 0 0 0 0 0 0 0 0 0 0 0 ' ,89 ,1 ,1, 1
160 ,172, 144, '52 55 127 41 75 65 42 115 64 114 61 65 116 43 90 32 50 89 65 39 ' ,'0 0 0 0 0 0 0 0 0 0 0 0 0 0 0 0 0 0 0 0 ' ,107 ,1 ,1, 1
152 ,156, 133, '65 58 88 62 73 52 46 49 40 78 53 55 82 42 84 68 46 62 46 52 ' ,'0 0 0 0 0 0 0 0 0 0 0 0 0 0 0 0 0 0 0 0 ' ,90 ,1 ,1, 1
156 ,146, 137, '52 53 95 52 41 30 40 85 66 96 50 59 72 58 98 64 65 108 53 109 ' ,'0 0 0 0 0 0 0 0 0 0 0 0 0 0 0 0 0 0 0 0 ' ,85 ,1 ,0, 0
237 ,183, 157, '64 45 120 63 43 77 50 75 54 117 37 35 129 46 66 67 53 103 79 103 ' ,'0 0 0 0 0 0 0 0 0 0 0 0 0 0 0 0 0 0 0 0 ' ,106 ,1 ,0, 0
171 ,181, 144, '95 50 137 52 64 66 69 96 68 125 81 57 79 67 34 53 69 73 68 80 ' ,'0 0 0 0 0 0 0 0 0 0 0 0 0 0 0 0 0 0 0 0 ' ,91 ,1 ,1, 1
157 ,162, 137, '43 55 97 42 58 58 64 99 65 79 54 37 107 43 122 35 47 81 36 51 ' ,'0 0 0 0 0 0 0 0 0 0 0 0 0 0 0 0 0 0 0 0 ' ,103 ,0 ,1, 1
139 ,178, 122, '54 55 34 32 83 32 55 105 43 87 56 50 113 54 66 38 53 39 39 101 ' ,'0 0 0 0 0 0 0 0 0 0 0 0 0 0 0 0 0 0 0 0 ' ,85 ,1 ,0, 0
176 ,145, 152, '52 39 29 114 92 55 42 100 144 57 44 43 39 128 73 46 51 53 129 63 ' ,'0 0 0 0 0 0 0 0 0 0 0 0 0 0 0 0 0 0 0 0 ' ,120 ,0 ,0, 0
149 ,197, 129, '45 50 61 29 67 54 23 98 45 67 49 32 98 37 93 35 49 114 40 47 ' ,'0 0 0 0 0 0 0 0 0 0 0 0 0 0 0 0 0 0 0 0 ' ,101 ,1 ,0, 0
113 ,142, 97, '60 52 66 44 93 52 40 67 39 54 47 29 71 35 73 42 50 56 48 54 ' ,'0 0 0 0 0 0 0 0 0 0 0 0 0 0 0 0 0 0 0 0 ' ,64 ,1 ,1, 0
117 ,115, 103, '34 64 48 40 64 54 58 71 49 75 37 39 71 43 74 38 49 21 47 92 ' ,'0 0 0 0 0 0 0 0 0 0 0 0 0 0 0 0 0 0 0 0 ' ,63 ,1 ,0, 0
174 ,118, 156, '75 35 67 57 109 43 41 77 53 90 69 44 128 59 100 59 49 70 58 75 ' ,'0 0 0 0 0 0 0 0 0 0 0 0 0 0 0 0 0 0 0 0 ' ,116 ,1 ,1, 1
185 ,165, 161, '34 42 55 109 77 45 39 69 106 33 32 63 46 118 86 49 44 51 112 26 ' ,'0 0 0 0 0 0 0 0 0 0 0 0 0 0 0 0 0 0 0 0 ' ,122 ,1 ,1, 0
140 ,193, 113, '40 59 101 35 104 51 41 66 61 98 38 35 33 56 91 50 35 79 50 83 ' ,'0 0 0 0 0 0 0 0 0 0 0 0 0 0 0 0 0 0 0 0 ' ,76 ,1 ,1, 1
150 ,134, 135, '60 52 130 41 59 39 38 51 45 119 32 32 69 48 93 62 67 31 61 65 ' ,'0 0 0 0 0 0 0 0 0 0 0 0 0 0 0 0 0 0 0 0 ' ,99 ,1 ,0, 0
213 ,152, 194, '47 44 113 66 50 60 58 97 45 96 47 53 79 60 62 31 35 67 68 50 ' ,'0 0 0 0 0 0 0 0 0 0 0 0 0 0 0 0 0 0 0 0 ' ,160 ,1 ,1, 0
177 ,228, 151, '60 61 52 41 129 62 62 51 51 70 61 37 32 54 106 37 46 45 65 47 ' ,'0 0 0 0 0 0 0 0 0 0 0 0 0 0 0 0 0 0 0 0 ' ,112 ,1 ,1, 1
188 ,171, 164, '60 67 65 56 103 36 64 82 86 59 63 68 57 81 54 40 49 47 58 42 ' ,'0 0 0 0 0 0 0 0 0 0 0 0 0 0 0 0 0 0 0 0 ' ,124 ,1 ,0, 0
148 ,192, 126, '64 63 37 51 93 58 54 115 54 65 31 54 109 71 45 39 53 82 72 43 ' ,'0 0 0 0 0 0 0 0 0 0 0 0 0 0 0 0 0 0 0 0 ' ,87 ,0 ,1, 1
192 ,141, 171, '61 48 69 29 48 62 41 92 35 74 39 32 74 39 77 79 41 91 59 27 ' ,'0 0 0 0 0 0 0 0 0 0 0 0 0 0 0 0 0 0 0 0 ' ,138 ,0 ,1, 1
181 ,186, 162, '76 37 87 47 45 47 46 78 38 105 48 65 103 59 90 54 64 79 44 122 ' ,'0 0 0 0 0 0 0 0 0 0 0 0 0 0 0 0 0 0 0 0 ' ,121 ,1 ,0, 0
139 ,177, 119, '38 55 71 38 36 48 44 78 44 77 40 59 49 52 93 28 40 70 52 53 ' ,'0 0 0 0 0 0 0 0 0 0 0 0 0 0 0 0 0 0 0 0 ' ,88 ,1 ,0, 0
143 ,133, 112, '49 40 68 75 60 67 40 72 81 77 62 42 87 79 91 73 41 85 88 84 ' ,'0 0 0 0 0 0 0 0 0 0 0 0 0 0 0 0 0 0 0 0 ' ,73 ,1 ,0, 0
174 ,138, 127, '58 40 48 39 78 60 52 53 49 108 35 43 76 54 83 68 40 110 49 48 ' ,'0 0 0 0 0 0 0 0 0 0 0 0 0 0 0 0 0 0 0 0 ' ,92 ,1 ,0, 0
175 ,168, 159, '50 51 111 27 66 30 56 113 40 66 36 55 74 42 61 65 29 42 37 67 ' ,'0 0 0 0 0 0 0 0 0 0 0 0 0 0 0 0 0 0 0 0 ' ,129 ,1 ,1, 1
152 ,170, 135, '48 58 66 28 114 34 34 39 33 62 48 35 93 41 93 27 57 60 33 86 ' ,'0 0 0 0 0 0 0 0 0 0 0 0 0 0 0 0 0 0 0 0 ' ,103 ,1 ,0, 0
220 ,153, 180, '49 41 111 34 57 56 56 101 42 157 33 32 23 26 99 57 54 99 46 58 ' ,'0 0 0 0 0 0 0 0 0 0 0 0 0 0 0 0 0 0 0 0 ' ,150 ,1 ,1, 1
148 ,213, 133, '41 47 40 31 55 47 56 77 66 115 46 53 85 55 35 44 38 86 92 79 ' ,'0 0 0 0 0 0 0 0 0 0 0 0 0 0 0 0 0 0 0 0 ' ,97 ,0 ,1, 0
161 ,143, 136, '59 65 42 62 72 45 43 99 68 77 52 38 87 64 75 68 52 89 60 74 ' ,'0 0 0 0 0 0 0 0 0 0 0 0 0 0 0 0 0 0 0 0 ' ,83 ,1 ,0, 0
148 ,152, 124, '62 61 52 50 56 42 60 99 59 107 48 33 68 62 77 44 45 78 50 97 ' ,'0 0 0 0 0 0 0 0 0 0 0 0 0 0 0 0 0 0 0 0 ' ,91 ,1 ,0, 0
160 ,144, 143, '55 65 67 37 108 63 96 54 36 123 41 61 109 59 69 47 56 35 80 138 ' ,'0 0 0 0 0 0 0 0 0 0 0 0 0 0 0 0 0 0 0 0 ' ,102 ,1 ,0, 0
208 ,154, 183, '54 50 85 49 105 61 54 164 71 125 42 37 107 37 73 36 54 70 65 166 ' ,'0 0 0 0 0 0 0 0 0 0 0 0 0 0 0 0 0 0 0 0 ' ,142 ,1 ,1, 1
174 ,358, 155, '41 52 50 66 100 67 66 95 31 88 41 51 145 91 93 56 47 101 86 148 ' ,'0 0 0 0 0 0 0 0 0 0 0 0 0 0 0 0 0 0 0 0 ' ,125 ,1 ,0, 0
303 ,168, 120, '37 45 60 51 60 29 54 86 44 99 39 57 109 54 40 50 56 74 63 73 ' ,'0 0 0 0 0 0 0 0 0 0 0 0 0 0 0 0 0 0 0 0 ' ,243 ,1 ,0, 0
170 ,297, 152, '62 65 69 43 113 51 49 42 55 47 44 44 63 43 74 31 61 53 47 65 ' ,'0 0 0 0 0 0 0 0 0 0 0 0 0 0 0 0 0 0 0 0 ' ,118 ,1 ,0, 0
162 ,164, 136, '40 57 135 60 28 31 57 98 55 66 73 44 105 63 25 43 56 56 59 39 ' ,'0 0 0 0 0 0 0 0 0 0 0 0 0 0 0 0 0 0 0 0 ' ,104 ,1 ,1, 1
195 ,151, 175, '52 47 97 53 91 33 57 133 49 89 44 40 120 52 81 45 46 90 34 33 ' ,'0 0 0 0 0 0 0 0 0 0 0 0 0 0 0 0 0 0 0 0 ' ,138 ,1 ,0, 0
149 ,268, 127, '46 56 74 68 31 36 53 64 31 45 42 47 94 54 33 53 27 51 61 54 ' ,'0 0 0 0 0 0 0 0 0 0 0 0 0 0 0 0 0 0 0 0 ' ,98 ,0 ,0, 0
319 ,143, 304, '274 49 93 48 42 280 40 77 39 69 278 49 65 53 40 299 36 29 43 79 ' ,'0 0 0 0 0 0 0 0 0 0 0 0 0 0 0 0 0 0 0 0 ' ,263 ,1 ,0, 0
139 ,353, 115, '32 34 74 56 85 34 47 32 42 75 21 47 56 35 61 28 47 37 47 42 ' ,'0 0 0 0 0 0 0 0 0 0 0 0 0 0 0 0 0 0 0 0 ' ,91 ,1 ,1, 0
168 ,136, 139, '57 57 76 51 97 23 61 78 47 99 40 39 97 56 42 46 54 73 36 118 ' ,'0 0 0 0 0 0 0 0 0 0 0 0 0 0 0 0 0 0 0 0 ' ,108 ,1 ,0, 0
157 ,163, 123, '56 59 112 62 67 51 48 84 80 103 57 68 110 51 46 43 46 83 37 91 ' ,'0 0 0 0 0 0 0 0 0 0 0 0 0 0 0 0 0 0 0 0 ' ,79 ,1 ,1, 1
187 ,198, 171, '39 59 71 155 93 35 69 66 164 74 58 37 88 136 42 68 45 82 159 45 ' ,'0 0 0 0 0 0 0 0 0 0 0 0 0 0 0 0 0 0 0 0 ' ,130 ,0 ,1, 1
173 ,186, 151, '46 71 110 57 47 64 47 128 59 79 38 63 94 51 78 52 78 136 51 76 ' ,'0 0 0 0 0 0 0 0 0 0 0 0 0 0 0 0 0 0 0 0 ' ,107 ,1 ,1, 1
144 ,165, 125, '66 61 95 72 101 27 56 110 30 90 42 66 40 51 72 51 61 85 61 81 ' ,'0 0 0 0 0 0 0 0 0 0 0 0 0 0 0 0 0 0 0 0 ' ,91 ,0 ,1, 1
163 ,143, 145, '67 68 63 51 51 65 67 127 63 128 55 40 91 62 121 41 37 95 55 79 ' ,'0 0 0 0 0 0 0 0 0 0 0 0 0 0 0 0 0 0 0 0 ' ,103 ,1 ,1, 0
148 ,163, 132, '41 44 129 68 127 73 47 100 39 100 53 46 73 70 72 33 77 39 31 36 ' ,'0 0 0 0 0 0 0 0 0 0 0 0 0 0 0 0 0 0 0 0 ' ,98 ,0 ,0, 0
189 ,144, 168, '68 62 109 83 66 66 53 66 105 144 47 53 114 112 99 63 62 34 110 78 ' ,'0 0 0 0 0 0 0 0 0 0 0 0 0 0 0 0 0 0 0 0 ' ,113 ,0 ,1, 1
198 ,186, 183, '57 43 40 35 102 61 46 124 44 83 46 34 44 67 99 43 49 75 66 54 ' ,'0 0 0 0 0 0 0 0 0 0 0 0 0 0 0 0 0 0 0 0 ' ,145 ,1 ,1, 1
175 ,197, 152, '66 62 57 40 128 32 61 64 38 107 40 40 131 41 69 41 41 123 48 87 ' ,'0 0 0 0 0 0 0 0 0 0 0 0 0 0 0 0 0 0 0 0 ' ,115 ,1 ,1, 1
176 ,169, 136, '57 41 66 46 83 53 48 66 29 64 35 43 88 42 90 46 69 106 74 71 ' ,'0 0 0 0 0 0 0 0 0 0 0 0 0 0 0 0 0 0 0 0 ' ,104 ,1 ,1, 0
142 ,157, 122, '46 67 68 61 81 43 61 38 52 116 30 75 99 63 65 57 61 84 50 61 ' ,'0 0 0 0 0 0 0 0 0 0 0 0 0 0 0 0 0 0 0 0 ' ,85 ,1 ,1, 0
158 ,134, 125, '50 60 85 55 62 50 47 86 65 39 51 34 90 47 66 43 42 104 42 95 ' ,'0 0 0 0 0 0 0 0 0 0 0 0 0 0 0 0 0 0 0 0 ' ,87 ,1 ,0, 0
171 ,149, 101, '51 39 38 39 62 42 56 91 43 51 48 40 42 53 71 65 55 58 48 73 ' ,'0 0 0 0 0 0 0 0 0 0 0 0 0 0 0 0 0 0 0 0 ' ,62 ,1 ,1, 0
136 ,165, 113, '51 36 89 40 86 35 42 66 50 71 56 54 27 42 96 50 50 68 35 60 ' ,'0 0 0 0 0 0 0 0 0 0 0 0 0 0 0 0 0 0 0 0 ' ,76 ,1 ,1, 1
122 ,136, 103, '39 61 93 46 48 52 58 83 51 94 53 42 63 60 51 53 51 52 55 40 ' ,'0 0 0 0 0 0 0 0 0 0 0 0 0 0 0 0 0 0 0 0 ' ,59 ,0 ,0, 0
138 ,115, 111, '38 50 107 33 71 54 47 43 42 89 40 25 38 51 79 45 61 72 41 65 ' ,'0 0 0 0 0 0 0 0 0 0 0 0 0 0 0 0 0 0 0 0 ' ,82 ,1 ,1, 0
197 ,134, 182, '49 50 90 69 44 60 63 118 43 91 33 41 138 70 63 58 55 80 79 61 ' ,'0 0 0 0 0 0 0 0 0 0 0 0 0 0 0 0 0 0 0 0 ' ,142 ,0 ,1, 0
178 ,196, 161, '88 58 158 51 73 56 63 90 33 59 82 64 67 61 137 64 33 120 69 107 ' ,'0 0 0 0 0 0 0 0 0 0 0 0 0 0 0 0 0 0 0 0 ' ,126 ,0 ,0, 0
240 ,177, 211, '46 55 54 43 70 52 48 72 30 44 62 66 144 33 61 50 35 128 54 168 ' ,'0 0 0 0 0 0 0 0 0 0 0 0 0 0 0 0 0 0 0 0 ' ,176 ,1 ,1, 1
172 ,232, 134, '68 65 50 69 130 46 60 109 71 85 60 43 102 61 52 38 51 75 33 127 ' ,'0 0 0 0 0 0 0 0 0 0 0 0 0 0 0 0 0 0 0 0 ' ,100 ,0 ,1, 0
140 ,164, 118, '69 44 46 34 36 49 68 110 56 84 52 41 73 44 52 57 45 96 33 82 ' ,'0 0 0 0 0 0 0 0 0 0 0 0 0 0 0 0 0 0 0 0 ' ,83 ,0 ,1, 1
147 ,259, 117, '74 44 39 65 44 36 39 77 61 88 39 53 52 59 100 63 40 72 69 46 ' ,'0 0 0 0 0 0 0 0 0 0 0 0 0 0 0 0 0 0 0 0 ' ,79 ,1 ,1, 1
257 ,135, 240, '224 59 59 47 33 230 63 105 57 61 221 46 78 42 30 233 40 90 56 66 ' ,'0 0 0 0 0 0 0 0 0 0 0 0 0 0 0 0 0 0 0 0 ' ,193 ,3 ,1, 1
142 ,251, 126, '35 58 104 59 37 33 33 59 36 74 33 64 117 51 73 50 36 29 48 60 ' ,'0 0 0 0 0 0 0 0 0 0 0 0 0 0 0 0 0 0 0 0 ' ,87 ,1 ,1, 1
119 ,137, 104, '42 50 87 37 83 52 56 70 65 94 42 30 56 64 68 39 51 66 40 37 ' ,'0 0 0 0 0 0 0 0 0 0 0 0 0 0 0 0 0 0 0 0 ' ,70 ,0 ,1, 0
151 ,114, 136, '40 49 60 34 35 41 45 43 32 36 54 48 81 50 69 38 32 65 36 103 ' ,'0 0 0 0 0 0 0 0 0 0 0 0 0 0 0 0 0 0 0 0 ' ,97 ,0 ,0, 0
118 ,145, 97, '42 48 51 83 74 34 48 61 81 66 27 35 62 56 59 46 54 50 54 57 ' ,'0 0 0 0 0 0 0 0 0 0 0 0 0 0 0 0 0 0 0 0 ' ,66 ,1 ,0, 0
327 ,117, 305, '297 57 76 35 101 44 49 77 45 53 45 45 53 48 46 55 54 41 26 72 ' ,'0 0 0 0 0 0 0 0 0 0 0 0 0 0 0 0 0 0 0 0 ' ,276 ,1 ,0, 0
149 ,321, 124, '48 34 117 45 69 35 41 81 55 76 30 45 90 47 78 39 29 58 33 54 ' ,'0 0 0 0 0 0 0 0 0 0 0 0 0 0 0 0 0 0 0 0 ' ,91 ,1 ,1, 1
200 ,142, 165, '44 40 52 25 139 34 33 75 48 54 37 49 26 46 58 38 41 39 32 80 ' ,'0 0 0 0 0 0 0 0 0 0 0 0 0 0 0 0 0 0 0 0 ' ,133 ,1 ,1, 1
165 ,192, 142, '55 33 107 49 81 47 32 42 40 45 47 33 94 36 65 55 35 47 40 49 ' ,'0 0 0 0 0 0 0 0 0 0 0 0 0 0 0 0 0 0 0 0 ' ,103 ,1 ,0, 0
156 ,153, 140, '42 30 85 62 70 32 42 53 59 35 45 36 79 61 55 34 34 73 56 68 ' ,'0 0 0 0 0 0 0 0 0 0 0 0 0 0 0 0 0 0 0 0 ' ,105 ,1 ,0, 0
134 ,163, 119, '54 30 77 34 49 57 59 63 34 62 45 44 41 42 68 50 35 67 43 66 ' ,'0 0 0 0 0 0 0 0 0 0 0 0 0 0 0 0 0 0 0 0 ' ,86 ,0 ,0, 0
124 ,133, 100, '42 49 64 60 68 31 57 81 57 34 38 62 69 42 58 53 26 72 34 20 ' ,'0 0 0 0 0 0 0 0 0 0 0 0 0 0 0 0 0 0 0 0 ' ,65 ,1 ,1, 1
160 ,117, 142, '43 60 63 48 64 32 35 63 45 36 49 33 82 50 85 42 48 95 45 59 ' ,'0 0 0 0 0 0 0 0 0 0 0 0 0 0 0 0 0 0 0 0 ' ,105 ,1 ,1, 1
214 ,163, 178, '59 94 36 27 177 36 83 129 36 40 59 89 41 45 35 52 76 42 58 120 ' ,'0 0 0 0 0 0 0 0 0 0 0 0 0 0 0 0 0 0 0 0 ' ,154 ,1 ,1, 1
150 ,207, 127, '53 57 101 113 118 36 51 70 115 55 56 39 33 123 73 35 47 95 87 93 ' ,'0 0 0 0 0 0 0 0 0 0 0 0 0 0 0 0 0 0 0 0 ' ,90 ,1 ,0, 0
161 ,159, 139, '63 69 101 42 92 38 56 55 61 119 28 47 44 66 73 57 53 98 51 59 ' ,'0 0 0 0 0 0 0 0 0 0 0 0 0 0 0 0 0 0 0 0 ' ,105 ,1 ,1, 1
125 ,176, 107, '67 69 102 48 76 25 59 71 59 79 37 52 66 44 82 48 54 79 32 39 ' ,'0 0 0 0 0 0 0 0 0 0 0 0 0 0 0 0 0 0 0 0 ' ,80 ,0 ,1, 1
183 ,125, 160, '66 57 89 39 76 60 45 60 55 85 49 51 71 51 78 70 45 116 64 67 ' ,'0 0 0 0 0 0 0 0 0 0 0 0 0 0 0 0 0 0 0 0 ' ,120 ,1 ,0, 0
141 ,177, 120, '63 60 89 33 50 68 65 65 58 74 55 43 69 52 71 40 53 105 60 47 ' ,'0 0 0 0 0 0 0 0 0 0 0 0 0 0 0 0 0 0 0 0 ' ,83 ,0 ,1, 0
166 ,142, 133, '66 44 69 106 57 45 48 55 120 65 43 47 51 96 89 74 28 117 105 59 ' ,'0 0 0 0 0 0 0 0 0 0 0 0 0 0 0 0 0 0 0 0 ' ,95 ,1 ,0, 0
132 ,159, 114, '65 43 44 31 78 45 50 52 54 92 37 40 72 42 48 55 29 80 57 58 ' ,'0 0 0 0 0 0 0 0 0 0 0 0 0 0 0 0 0 0 0 0 ' ,82 ,1 ,1, 1
146 ,129, 128, '46 57 54 39 41 37 35 57 49 56 36 47 74 56 79 41 48 70 38 105 ' ,'0 0 0 0 0 0 0 0 0 0 0 0 0 0 0 0 0 0 0 0 ' ,90 ,0 ,0, 0
214 ,142, 198, '32 46 78 57 102 62 31 72 56 127 36 30 44 44 61 58 33 73 39 61 ' ,'0 0 0 0 0 0 0 0 0 0 0 0 0 0 0 0 0 0 0 0 ' ,163 ,1 ,1, 1
132 ,206, 115, '52 98 86 43 108 43 96 45 41 69 55 78 95 39 90 45 100 43 45 55 ' ,'0 0 0 0 0 0 0 0 0 0 0 0 0 0 0 0 0 0 0 0 ' ,72 ,1 ,1, 0
154 ,131, 122, '55 48 40 73 38 53 53 109 54 39 41 30 57 40 61 63 52 58 37 70 ' ,'0 0 0 0 0 0 0 0 0 0 0 0 0 0 0 0 0 0 0 0 ' ,84 ,0 ,0, 0
119 ,145, 95, '50 61 40 51 73 53 41 63 37 67 47 38 53 37 32 60 43 40 47 53 ' ,'0 0 0 0 0 0 0 0 0 0 0 0 0 0 0 0 0 0 0 0 ' ,54 ,1 ,0, 0
193 ,112, 178, '62 59 124 27 74 33 43 85 46 62 29 54 89 63 130 63 45 61 52 48 ' ,'0 0 0 0 0 0 0 0 0 0 0 0 0 0 0 0 0 0 0 0 ' ,147 ,1 ,1, 1
168 ,187, 136, '68 60 96 67 75 53 53 77 41 124 50 64 95 56 36 67 48 70 46 72 ' ,'0 0 0 0 0 0 0 0 0 0 0 0 0 0 0 0 0 0 0 0 ' ,87 ,1 ,0, 0
167 ,162, 147, '50 76 119 71 76 35 58 52 70 132 55 70 74 70 91 55 64 68 56 138 ' ,'0 0 0 0 0 0 0 0 0 0 0 0 0 0 0 0 0 0 0 0 ' ,105 ,1 ,0, 0
157 ,245, 135, '70 61 89 81 81 35 55 75 58 74 49 42 102 54 89 44 57 36 75 84 ' ,'0 0 0 0 0 0 0 0 0 0 0 0 0 0 0 0 0 0 0 0 ' ,96 ,1 ,0, 0
212 ,150, 191, '70 71 53 51 131 48 32 153 30 70 38 43 39 66 94 54 72 54 66 88 ' ,'0 0 0 0 0 0 0 0 0 0 0 0 0 0 0 0 0 0 0 0 ' ,157 ,1 ,0, 0
179 ,206, 155, '64 52 78 52 140 44 47 65 45 112 54 46 90 49 79 41 46 82 37 113 ' ,'0 0 0 0 0 0 0 0 0 0 0 0 0 0 0 0 0 0 0 0 ' ,111 ,1 ,1, 1
171 ,171, 149, '53 53 115 35 67 46 27 41 35 64 35 34 85 63 69 33 30 36 57 107 ' ,'0 0 0 0 0 0 0 0 0 0 0 0 0 0 0 0 0 0 0 0 ' ,121 ,0 ,1, 1
145 ,165, 115, '57 72 69 41 36 63 45 73 35 101 56 48 100 61 101 58 51 81 44 84 ' ,'0 0 0 0 0 0 0 0 0 0 0 0 0 0 0 0 0 0 0 0 ' ,79 ,1 ,0, 0
161 ,136, 142, '46 55 57 54 81 65 56 100 88 84 43 43 88 69 86 34 45 65 69 127 ' ,'0 0 0 0 0 0 0 0 0 0 0 0 0 0 0 0 0 0 0 0 ' ,103 ,1 ,0, 0
157 ,156, 139, '43 54 64 39 45 50 40 98 30 91 40 42 63 49 55 138 38 82 42 94 ' ,'0 0 0 0 0 0 0 0 0 0 0 0 0 0 0 0 0 0 0 0 ' ,104 ,0 ,0, 0
145 ,161, 120, '34 36 45 59 28 55 42 119 28 51 43 39 68 39 70 59 41 37 56 72 ' ,'0 0 0 0 0 0 0 0 0 0 0 0 0 0 0 0 0 0 0 0 ' ,88 ,1 ,1, 1
213 ,139, 189, '28 46 81 52 59 51 56 158 34 94 48 44 76 65 92 47 38 89 44 68 ' ,'0 0 0 0 0 0 0 0 0 0 0 0 0 0 0 0 0 0 0 0 ' ,155 ,0 ,0, 0
171 ,210, 140, '34 52 87 66 45 38 72 59 38 42 45 47 103 44 78 55 66 86 36 96 ' ,'0 0 0 0 0 0 0 0 0 0 0 0 0 0 0 0 0 0 0 0 ' ,99 ,1 ,1, 1
132 ,223, 104, '42 59 54 53 67 26 34 92 49 40 42 37 75 71 72 38 40 38 69 98 ' ,'0 0 0 0 0 0 0 0 0 0 0 0 0 0 0 0 0 0 0 0 ' ,71 ,1 ,0, 0
174 ,125, 123, '57 49 56 42 34 36 49 82 61 74 59 61 74 42 55 34 44 48 52 78 ' ,'0 0 0 0 0 0 0 0 0 0 0 0 0 0 0 0 0 0 0 0 ' ,87 ,1 ,1, 0
158 ,154, 138, '44 59 101 33 51 41 44 53 35 117 62 48 105 61 88 45 41 113 66 94 ' ,'0 0 0 0 0 0 0 0 0 0 0 0 0 0 0 0 0 0 0 0 ' ,102 ,1 ,1, 0
223 ,220, 206, '62 57 148 39 58 40 48 88 68 57 62 41 174 59 45 39 40 119 63 102 ' ,'0 0 0 0 0 0 0 0 0 0 0 0 0 0 0 0 0 0 0 0 ' ,162 ,1 ,1, 0
284 ,216, 265, '46 256 32 42 130 33 213 111 51 79 57 213 36 43 90 47 260 58 61 124 ' ,'0 0 0 0 0 0 0 0 0 0 0 0 0 0 0 0 0 0 0 0 ' ,230 ,1 ,0, 0
164 ,283, 147, '62 48 111 52 99 32 48 89 76 118 40 57 140 63 58 58 58 102 57 45 ' ,'0 0 0 0 0 0 0 0 0 0 0 0 0 0 0 0 0 0 0 0 ' ,109 ,0 ,0, 0
158 ,159, 136, '40 43 42 49 52 122 47 78 53 89 35 69 92 64 99 65 52 75 59 71 ' ,'0 0 0 0 0 0 0 0 0 0 0 0 0 0 0 0 0 0 0 0 ' ,90 ,0 ,1, 0
416 ,276, 389, '68 50 179 46 95 32 39 104 67 368 43 38 114 40 220 39 55 85 69 80 ' ,'0 0 0 0 0 0 0 0 0 239222 0 0 0 0 0 0 0 0 0 0 ' ,360 ,0 ,0, 0
264 ,410, 209, '63 71 62 43 63 34 69 50 32 89 44 56 135 48 40 51 67 74 33 74 ' ,'0 0 220092 0 0 0 0 0 0 0 0 0 0 0 0 0 0 0 0 0 ' ,172 ,1 ,1, 1
157 ,276, 134, '50 127 78 65 72 36 113 118 66 85 38 93 96 71 50 51 117 93 63 78 ' ,'0 0 0 0 0 0 0 0 0 0 0 0 0 0 0 0 0 0 0 0 ' ,91 ,1 ,1, 0
174 ,150, 153, '47 53 70 116 59 53 40 105 108 59 48 44 79 128 101 68 70 117 111 89 ' ,'0 0 0 0 0 0 0 0 0 0 0 0 0 0 0 0 0 0 0 0 ' ,108 ,1 ,0, 0
175 ,170, 149, '59 38 129 65 103 66 44 92 42 52 70 30 98 58 77 67 44 92 44 65 ' ,'0 0 0 0 0 0 0 0 0 0 0 0 0 0 0 0 0 0 0 0 ' ,114 ,1 ,1, 0
193 ,169, 168, '47 55 81 43 100 34 41 109 48 86 61 48 105 61 109 45 71 77 47 69 ' ,'0 0 0 0 0 0 0 0 0 0 0 0 0 0 0 0 0 0 0 0 ' ,127 ,1 ,1, 1
130 ,176, 115, '65 61 91 58 46 47 47 78 39 99 54 39 59 45 33 67 36 109 31 97 ' ,'0 0 0 0 0 0 0 0 0 0 0 0 0 0 0 0 0 0 0 0 ' ,79 ,0 ,0, 0
142 ,126, 116, '56 63 27 74 111 47 53 40 46 58 37 48 88 63 107 48 77 94 39 94 ' ,'0 0 0 0 0 0 0 0 0 0 0 0 0 0 0 0 0 0 0 0 ' ,78 ,1 ,1, 0
132 ,134, 118, '51 48 40 71 96 55 49 91 69 81 39 51 40 48 52 56 43 83 27 91 ' ,'0 0 0 0 0 0 0 0 0 0 0 0 0 0 0 0 0 0 0 0 ' ,87 ,0 ,0, 0
227 ,127, 147, '69 34 107 36 84 39 53 121 60 125 50 51 119 54 100 41 31 70 48 51 ' ,'0 0 0 0 0 0 0 0 0 0 0 0 0 0 0 0 0 0 0 0 ' ,113 ,0 ,0, 0
133 ,214, 109, '70 48 55 49 24 58 47 55 60 46 46 35 60 35 84 40 42 75 34 36 ' ,'0 0 0 0 0 0 0 0 0 0 0 0 0 0 0 0 0 0 0 0 ' ,73 ,1 ,1, 0
219 ,127, 200, '42 46 63 39 52 42 36 47 25 102 48 37 95 28 38 43 37 98 41 99 ' ,'0 0 0 0 0 0 0 0 0 0 0 0 0 0 0 0 0 0 0 0 ' ,168 ,1 ,0, 0
