224 ,0, 154, '40 27 46 43 32 44 25 72 32 96 52 37 77 37 73 43 ' ,'0 0 0 0 0 0 0 0 0 0 0 0 0 0 0 0 ' ,80 ,2 ,12, 11
829 ,215, 794, '311 323 533 310 707 336 297 664 279 764 347 353 686 339 671 325 ' ,'0 0 0 0 0 0 0 0 0 0 0 0 0 0 0 0 ' ,496 ,4 ,3, 2
384 ,2163, 348, '129 112 331 185 279 220 190 308 145 287 166 134 154 125 259 192 ' ,'0 0 0 0 0 0 0 0 0 0 0 0 0 0 0 0 ' ,223 ,2 ,5, 5
455 ,384, 419, '205 158 286 194 189 178 154 364 181 399 211 177 220 139 276 112 ' ,'0 0 0 0 0 0 0 0 0 0 0 0 0 0 0 0 ' ,295 ,2 ,2, 2
400 ,447, 372, '226 192 179 182 266 212 190 252 205 308 210 160 190 164 181 168 ' ,'0 0 0 0 0 0 0 0 0 0 0 0 0 0 0 0 ' ,204 ,2 ,2, 1
473 ,393, 450, '221 167 178 178 250 200 151 329 184 356 230 184 149 142 283 150 ' ,'0 0 0 0 0 0 0 0 0 0 0 0 0 0 0 0 ' ,295 ,2 ,2, 1
431 ,469, 412, '210 157 193 217 365 168 181 194 186 267 175 181 153 140 243 194 ' ,'0 0 0 0 0 0 0 0 0 0 0 0 0 0 0 0 ' ,262 ,2 ,2, 2
277 ,425, 260, '178 156 158 152 250 183 148 241 159 163 198 155 203 103 201 156 ' ,'0 0 0 0 0 0 0 0 0 0 0 0 0 0 0 0 ' ,149 ,2 ,1, 1
388 ,269, 372, '204 177 186 182 327 176 186 187 178 249 201 166 143 123 230 153 ' ,'0 0 0 0 0 0 0 0 0 0 0 0 0 0 0 0 ' ,233 ,1 ,1, 1
301 ,415, 286, '185 146 149 159 257 160 129 168 145 218 196 145 150 107 182 106 ' ,'0 0 0 0 0 0 0 0 0 0 0 0 0 0 0 0 ' ,166 ,3 ,2, 1
361 ,293, 347, '176 153 159 163 333 139 176 181 211 259 137 162 225 121 126 116 ' ,'0 0 0 0 0 0 0 0 0 0 0 0 0 0 0 0 ' ,223 ,2 ,1, 1
342 ,356, 325, '177 164 216 175 226 157 140 214 306 280 154 172 148 273 205 129 ' ,'0 0 0 0 0 0 0 0 0 0 0 0 0 0 0 0 ' ,188 ,3 ,2, 1
373 ,335, 355, '176 328 246 182 194 200 331 274 176 230 223 333 288 167 206 149 ' ,'0 0 0 0 0 0 0 0 0 0 0 0 0 0 0 0 ' ,196 ,4 ,1, 1
562 ,365, 543, '227 191 214 177 321 175 206 488 186 420 212 204 294 147 327 182 ' ,'0 0 0 0 0 0 0 0 0 0 0 0 0 0 0 0 ' ,381 ,3 ,1, 1
428 ,551, 407, '230 199 258 195 366 234 203 343 216 244 239 198 200 169 359 134 ' ,'0 0 0 0 0 0 0 0 0 0 0 0 0 0 0 0 ' ,265 ,3 ,1, 1
452 ,421, 369, '252 162 294 193 240 189 178 298 178 249 174 171 178 140 198 173 ' ,'0 0 0 0 0 0 0 0 0 0 0 0 0 0 0 0 ' ,219 ,5 ,1, 1
437 ,446, 417, '226 255 352 211 288 239 178 375 190 358 240 187 328 154 194 206 ' ,'0 0 0 0 0 0 0 0 0 0 0 0 0 0 0 0 ' ,243 ,2 ,1, 1
450 ,433, 432, '199 228 387 198 206 230 196 314 192 168 205 225 355 149 167 143 ' ,'0 0 0 0 0 0 0 0 0 0 0 0 0 0 0 0 ' ,282 ,2 ,1, 0
374 ,440, 358, '189 193 265 198 300 231 172 276 216 311 192 185 122 138 212 155 ' ,'0 0 0 0 0 0 0 0 0 0 0 0 0 0 0 0 ' ,213 ,1 ,2, 2
318 ,367, 304, '201 160 206 219 291 180 203 257 192 286 227 162 240 140 253 141 ' ,'0 0 0 0 0 0 0 0 0 0 0 0 0 0 0 0 ' ,157 ,1 ,1, 1
328 ,314, 308, '178 139 287 169 164 200 182 295 157 240 169 152 289 119 190 112 ' ,'0 0 0 0 0 0 0 0 0 0 0 0 0 0 0 0 ' ,186 ,2 ,1, 1
373 ,320, 351, '173 171 329 183 164 165 154 262 184 331 182 181 115 146 253 135 ' ,'0 0 0 0 0 0 0 0 0 0 0 0 0 0 0 0 ' ,210 ,1 ,1, 1
415 ,366, 367, '167 193 353 182 300 186 175 356 179 291 173 182 132 147 281 145 ' ,'0 0 0 0 0 0 0 0 0 0 0 0 0 0 0 0 ' ,216 ,2 ,1, 1
438 ,407, 420, '190 162 337 184 268 180 174 318 128 315 203 164 272 137 163 169 ' ,'0 0 0 0 0 0 0 0 0 0 0 0 0 0 0 0 ' ,282 ,1 ,2, 1
427 ,433, 404, '176 199 292 167 281 198 155 286 173 213 191 155 254 131 255 177 ' ,'0 0 0 0 0 0 0 0 0 0 0 0 0 0 0 0 ' ,258 ,1 ,1, 1
421 ,413, 403, '220 153 153 170 234 192 166 253 171 277 189 183 129 126 278 144 ' ,'0 0 0 0 0 0 0 0 0 0 0 0 0 0 0 0 ' ,257 ,1 ,1, 1
350 ,417, 330, '163 190 179 161 176 161 151 150 157 255 135 189 162 95 159 126 ' ,'0 0 0 0 0 0 0 0 0 0 0 0 0 0 0 0 ' ,223 ,2 ,2, 1
381 ,349, 363, '119 187 277 202 273 170 146 188 153 339 174 176 211 111 216 151 ' ,'0 0 0 0 0 0 0 0 0 0 0 0 0 0 0 0 ' ,244 ,1 ,1, 1
358 ,373, 344, '139 166 328 162 245 140 184 287 199 262 205 161 252 117 245 131 ' ,'0 0 0 0 0 0 0 0 0 0 0 0 0 0 0 0 ' ,218 ,1 ,1, 1
340 ,355, 312, '168 123 259 158 210 161 157 312 150 241 158 159 256 110 153 122 ' ,'0 0 0 0 0 0 0 0 0 0 0 0 0 0 0 0 ' ,205 ,1 ,1, 1
438 ,333, 422, '117 172 341 139 396 200 147 394 218 359 161 171 335 129 147 147 ' ,'0 0 0 0 0 0 0 0 0 0 0 0 0 0 0 0 ' ,290 ,2 ,1, 1
428 ,435, 405, '198 215 309 179 392 224 176 337 184 227 162 224 139 137 305 154 ' ,'0 0 0 0 0 0 0 0 0 0 0 0 0 0 0 0 ' ,255 ,1 ,1, 1
455 ,441, 441, '202 231 394 199 310 222 178 415 192 372 194 200 333 121 180 154 ' ,'0 0 0 0 0 0 0 0 0 0 0 0 0 0 0 0 ' ,304 ,2 ,1, 1
466 ,450, 420, '173 183 341 197 209 198 202 325 187 399 169 178 299 136 216 115 ' ,'0 0 0 0 0 0 0 0 0 0 0 0 0 0 0 0 ' ,298 ,1 ,1, 1
427 ,459, 408, '166 217 298 221 271 164 199 364 176 270 205 193 213 133 305 148 ' ,'0 0 0 0 0 0 0 0 0 0 0 0 0 0 0 0 ' ,259 ,1 ,1, 1
368 ,416, 355, '189 193 297 183 342 216 212 215 219 291 171 224 155 164 270 157 ' ,'0 0 0 0 0 0 0 0 0 0 0 0 0 0 0 0 ' ,192 ,1 ,1, 1
393 ,362, 356, '196 185 287 211 197 214 189 337 161 297 189 201 249 175 144 131 ' ,'0 0 0 0 0 0 0 0 0 0 0 0 0 0 0 0 ' ,218 ,1 ,2, 2
370 ,386, 349, '199 150 228 186 256 170 180 277 171 189 230 161 236 117 209 112 ' ,'0 0 0 0 0 0 0 0 0 0 0 0 0 0 0 0 ' ,232 ,1 ,1, 0
370 ,362, 354, '212 154 265 218 224 185 177 334 182 296 167 167 326 129 122 124 ' ,'0 0 0 0 0 0 0 0 0 0 0 0 0 0 0 0 ' ,222 ,1 ,2, 1
355 ,371, 328, '213 158 253 163 294 181 147 191 169 272 186 172 126 117 189 127 ' ,'0 0 0 0 0 0 0 0 0 0 0 0 0 0 0 0 ' ,202 ,2 ,1, 1
332 ,346, 304, '206 165 187 171 284 190 158 207 193 263 163 149 156 139 235 136 ' ,'0 0 0 0 0 0 0 0 0 0 0 0 0 0 0 0 ' ,161 ,4 ,2, 2
398 ,327, 335, '218 228 321 199 246 188 199 280 197 312 153 209 147 182 237 157 ' ,'0 0 0 0 0 0 0 0 0 0 0 0 0 0 0 0 ' ,172 ,1 ,3, 1
406 ,385, 370, '213 153 238 146 307 166 172 342 167 347 207 204 211 140 191 127 ' ,'0 0 0 0 0 0 0 0 0 0 0 0 0 0 0 0 ' ,235 ,2 ,2, 1
361 ,392, 345, '258 161 193 207 264 247 181 276 178 295 247 174 190 144 148 204 ' ,'0 0 0 0 0 0 0 0 0 0 0 0 0 0 0 0 ' ,191 ,2 ,1, 1
343 ,358, 307, '214 154 279 164 201 192 180 257 165 207 180 138 241 123 246 154 ' ,'0 0 0 0 0 0 0 0 0 0 0 0 0 0 0 0 ' ,174 ,1 ,1, 1
469 ,339, 394, '190 181 344 193 386 177 143 323 176 340 206 140 136 131 194 124 ' ,'0 0 0 0 0 0 0 0 0 0 0 0 0 0 0 0 ' ,269 ,2 ,2, 1
420 ,408, 403, '183 230 177 224 313 190 221 211 231 322 180 211 361 141 271 93 ' ,'0 0 0 0 0 0 0 0 0 0 0 0 0 0 0 0 ' ,276 ,2 ,1, 1
377 ,413, 358, '175 216 315 195 211 141 221 325 175 285 178 221 210 102 283 169 ' ,'0 0 0 0 0 0 0 0 0 0 0 0 0 0 0 0 ' ,245 ,1 ,1, 1
455 ,384, 418, '166 165 253 166 232 157 143 171 171 215 195 135 286 125 406 155 ' ,'0 0 0 0 0 0 0 0 0 0 0 0 0 0 0 0 ' ,285 ,1 ,2, 1
427 ,434, 412, '155 160 399 216 282 175 202 213 201 257 160 157 153 145 319 145 ' ,'0 0 0 0 0 0 0 0 0 0 0 0 0 0 0 0 ' ,261 ,2 ,2, 1
415 ,422, 398, '192 214 185 217 217 225 161 286 166 325 202 190 219 147 204 134 ' ,'0 0 0 0 0 0 0 0 0 0 0 0 0 0 0 0 ' ,255 ,2 ,2, 2
374 ,410, 361, '137 292 309 327 317 177 295 341 319 239 206 291 123 256 255 133 ' ,'0 0 0 0 0 0 0 0 0 0 0 0 0 0 0 0 ' ,221 ,1 ,1, 1
425 ,375, 399, '146 189 214 163 268 205 161 223 172 166 180 172 311 148 201 124 ' ,'0 0 0 0 0 0 0 0 0 0 0 0 0 0 0 0 ' ,270 ,2 ,1, 1
353 ,418, 334, '184 181 318 171 291 201 162 273 181 303 200 177 151 131 233 161 ' ,'0 0 0 0 0 0 0 0 0 0 0 0 0 0 0 0 ' ,194 ,2 ,2, 2
476 ,344, 448, '196 171 299 219 304 180 178 283 182 335 173 195 229 164 176 126 ' ,'0 0 0 0 0 0 0 0 0 0 0 0 0 0 0 0 ' ,313 ,1 ,2, 2
387 ,474, 367, '153 192 312 198 210 203 171 296 170 354 192 151 163 152 180 185 ' ,'0 0 0 0 0 0 0 0 0 0 0 0 0 0 0 0 ' ,207 ,1 ,2, 2
355 ,376, 328, '187 236 291 226 254 198 229 310 237 310 173 223 243 214 282 135 ' ,'0 0 0 0 0 0 0 0 0 0 0 0 0 0 0 0 ' ,180 ,2 ,2, 1
360 ,349, 343, '208 206 261 190 291 162 233 281 193 322 167 226 156 164 218 126 ' ,'0 0 0 0 0 0 0 0 0 0 0 0 0 0 0 0 ' ,209 ,1 ,2, 1
397 ,351, 379, '197 196 300 194 361 209 209 150 172 366 184 192 246 157 293 164 ' ,'0 0 0 0 0 0 0 0 0 0 0 0 0 0 0 0 ' ,214 ,2 ,2, 2
448 ,391, 419, '224 184 355 175 388 207 192 198 185 323 200 194 241 149 293 143 ' ,'0 0 0 0 0 0 0 0 0 0 0 0 0 0 0 0 ' ,269 ,1 ,2, 2
424 ,437, 399, '236 196 338 176 326 220 197 358 189 238 171 203 198 130 316 152 ' ,'0 0 0 0 0 0 0 0 0 0 0 0 0 0 0 0 ' ,261 ,2 ,2, 2
355 ,417, 339, '196 181 159 191 326 171 214 290 194 239 224 223 241 163 220 137 ' ,'0 0 0 0 0 0 0 0 0 0 0 0 0 0 0 0 ' ,199 ,2 ,1, 1
329 ,352, 308, '137 187 299 160 241 210 174 238 140 245 134 182 182 108 143 161 ' ,'0 0 0 0 0 0 0 0 0 0 0 0 0 0 0 0 ' ,193 ,1 ,1, 1
354 ,319, 337, '233 202 262 159 288 198 172 228 158 322 208 209 198 127 180 171 ' ,'0 0 0 0 0 0 0 0 0 0 0 0 0 0 0 0 ' ,199 ,2 ,1, 1
382 ,347, 366, '194 160 314 207 355 169 170 200 177 262 153 191 184 145 293 141 ' ,'0 0 0 0 0 0 0 0 0 0 0 0 0 0 0 0 ' ,219 ,2 ,1, 1
480 ,381, 461, '218 162 352 210 348 143 182 195 180 301 185 179 275 137 413 149 ' ,'0 0 0 0 0 0 0 0 0 0 0 0 0 0 0 0 ' ,317 ,2 ,2, 1
426 ,473, 412, '180 272 247 295 400 171 272 301 261 310 164 248 137 242 329 141 ' ,'0 0 0 0 0 0 0 0 0 0 0 0 0 0 0 0 ' ,259 ,2 ,1, 1
345 ,419, 323, '158 127 232 204 309 195 173 266 177 182 173 165 162 122 229 135 ' ,'0 0 0 0 0 0 0 0 0 0 0 0 0 0 0 0 ' ,191 ,2 ,2, 2
368 ,347, 352, '189 175 204 195 184 225 161 333 169 260 213 196 321 127 249 197 ' ,'0 0 0 0 0 0 0 0 0 0 0 0 0 0 0 0 ' ,208 ,2 ,2, 2
414 ,363, 392, '109 183 186 169 343 186 207 307 227 367 188 210 282 150 306 150 ' ,'0 0 0 0 0 0 0 0 0 0 0 0 0 0 0 0 ' ,270 ,2 ,2, 1
441 ,404, 416, '167 180 323 171 177 223 193 389 203 269 178 192 294 109 269 156 ' ,'0 0 0 0 0 0 0 0 0 0 0 0 0 0 0 0 ' ,292 ,2 ,2, 1
417 ,432, 395, '226 188 326 216 381 190 232 322 213 296 181 225 197 160 218 144 ' ,'0 0 0 0 0 0 0 0 0 0 0 0 0 0 0 0 ' ,242 ,2 ,2, 2
336 ,409, 318, '154 160 306 200 279 243 206 197 171 301 206 190 162 109 244 136 ' ,'0 0 0 0 0 0 0 0 0 0 0 0 0 0 0 0 ' ,202 ,2 ,2, 1
401 ,328, 386, '210 188 236 185 249 226 219 312 217 303 265 219 128 137 252 127 ' ,'0 0 0 0 0 0 0 0 0 0 0 0 0 0 0 0 ' ,253 ,2 ,2, 2
337 ,395, 313, '146 196 303 186 223 141 163 228 193 262 215 201 119 130 189 127 ' ,'0 0 0 0 0 0 0 0 0 0 0 0 0 0 0 0 ' ,179 ,2 ,1, 1
411 ,324, 398, '291 159 316 200 304 331 169 284 182 387 360 198 221 113 238 277 ' ,'0 0 0 0 0 0 0 0 0 0 0 0 0 0 0 0 ' ,277 ,2 ,2, 2
308 ,405, 293, '202 180 180 221 232 205 202 282 235 256 262 184 215 156 204 109 ' ,'0 0 0 0 0 0 0 0 0 0 0 0 0 0 0 0 ' ,176 ,2 ,1, 1
366 ,311, 346, '161 183 294 189 215 178 198 242 202 316 208 179 254 117 214 145 ' ,'0 0 0 0 0 0 0 0 0 0 0 0 0 0 0 0 ' ,220 ,2 ,2, 2
330 ,358, 316, '185 179 307 195 305 212 183 267 164 298 264 194 154 113 227 203 ' ,'0 0 0 0 0 0 0 0 0 0 0 0 0 0 0 0 ' ,196 ,1 ,1, 1
401 ,326, 372, '174 197 272 198 204 200 205 243 204 371 170 205 212 116 236 142 ' ,'0 0 0 0 0 0 0 0 0 0 0 0 0 0 0 0 ' ,261 ,2 ,1, 0
322 ,395, 300, '151 139 161 183 162 194 147 236 164 289 190 177 239 112 268 123 ' ,'0 0 0 0 0 0 0 0 0 0 0 0 0 0 0 0 ' ,180 ,1 ,1, 1
331 ,315, 318, '165 177 302 222 246 135 207 149 188 273 203 179 233 143 279 165 ' ,'0 0 0 0 0 0 0 0 0 0 0 0 0 0 0 0 ' ,174 ,0 ,1, 1
325 ,325, 311, '150 176 158 170 299 167 163 223 176 286 220 141 116 131 137 148 ' ,'0 0 0 0 0 0 0 0 0 0 0 0 0 0 0 0 ' ,171 ,2 ,1, 1
325 ,319, 308, '236 183 276 187 154 290 180 289 171 215 176 203 249 134 260 147 ' ,'0 0 0 0 0 0 0 0 0 0 0 0 0 0 0 0 ' ,165 ,2 ,2, 2
337 ,321, 320, '193 176 270 194 261 161 218 297 175 264 196 188 167 125 288 114 ' ,'0 0 0 0 0 0 0 0 0 0 0 0 0 0 0 0 ' ,201 ,2 ,1, 1
412 ,330, 386, '192 189 269 224 345 220 185 285 191 302 193 203 150 127 279 128 ' ,'0 0 0 0 0 0 0 0 0 0 0 0 0 0 0 0 ' ,253 ,2 ,2, 2
482 ,404, 467, '181 329 450 336 349 230 323 250 342 313 159 318 177 253 291 119 ' ,'0 0 0 0 0 0 0 0 0 0 0 0 0 0 0 0 ' ,339 ,1 ,2, 2
446 ,477, 429, '166 200 350 190 303 195 206 222 241 400 212 190 306 167 334 139 ' ,'0 0 0 0 0 0 0 0 0 0 0 0 0 0 0 0 ' ,286 ,1 ,2, 2
377 ,442, 355, '197 190 285 203 239 182 163 249 212 332 225 170 123 127 172 125 ' ,'0 0 0 0 0 0 0 0 0 0 0 0 0 0 0 0 ' ,223 ,2 ,2, 1
334 ,371, 315, '217 173 235 194 294 204 207 250 192 268 143 186 303 156 163 149 ' ,'0 0 0 0 0 0 0 0 0 0 0 0 0 0 0 0 ' ,161 ,1 ,1, 1
350 ,328, 331, '211 174 271 199 277 191 149 316 114 231 206 205 99 132 221 130 ' ,'0 0 0 0 0 0 0 0 0 0 0 0 0 0 0 0 ' ,210 ,2 ,2, 1
286 ,341, 268, '180 226 258 171 235 165 212 178 215 240 177 229 105 178 149 121 ' ,'0 0 0 0 0 0 0 0 0 0 0 0 0 0 0 0 ' ,145 ,2 ,2, 1
294 ,280, 273, '171 134 234 155 259 192 157 147 153 155 207 155 134 134 226 136 ' ,'0 0 0 0 0 0 0 0 0 0 0 0 0 0 0 0 ' ,136 ,2 ,1, 1
316 ,322, 298, '142 141 285 181 237 166 156 260 147 249 179 158 196 116 133 123 ' ,'0 0 0 0 0 0 0 0 0 0 0 0 0 0 0 0 ' ,170 ,2 ,2, 2
314 ,309, 298, '162 156 220 142 287 146 150 202 163 269 193 177 234 120 118 115 ' ,'0 0 0 0 0 0 0 0 0 0 0 0 0 0 0 0 ' ,176 ,2 ,2, 2
341 ,308, 320, '260 169 301 189 310 188 181 287 152 221 230 177 136 99 270 154 ' ,'0 0 0 0 0 0 0 0 0 0 0 0 0 0 0 0 ' ,213 ,2 ,2, 1
341 ,335, 325, '181 198 229 203 290 177 200 271 147 316 158 225 261 150 173 122 ' ,'0 0 0 0 0 0 0 0 0 0 0 0 0 0 0 0 ' ,198 ,2 ,1, 1
306 ,334, 290, '149 176 169 151 270 124 155 190 151 148 133 152 197 121 250 121 ' ,'0 0 0 0 0 0 0 0 0 0 0 0 0 0 0 0 ' ,164 ,1 ,1, 1
370 ,300, 343, '189 179 305 170 215 174 193 232 191 190 135 155 273 125 260 139 ' ,'0 0 0 0 0 0 0 0 0 0 0 0 0 0 0 0 ' ,212 ,1 ,1, 1
458 ,365, 438, '203 193 218 145 358 207 184 371 181 363 206 220 242 139 242 256 ' ,'0 0 0 0 0 0 0 0 0 0 0 0 0 0 0 0 ' ,292 ,1 ,2, 2
363 ,477, 340, '158 259 318 189 169 271 207 288 195 270 194 209 271 138 270 170 ' ,'0 0 0 0 0 0 0 0 0 0 0 0 0 0 0 0 ' ,192 ,2 ,2, 1
530 ,355, 477, '149 216 387 207 235 179 225 344 222 321 177 251 284 144 209 164 ' ,'0 0 0 0 0 0 0 0 0 0 0 0 0 0 0 0 ' ,324 ,2 ,2, 1
395 ,487, 373, '185 235 357 227 270 182 159 265 190 230 181 233 229 166 250 112 ' ,'0 0 0 0 0 0 0 0 0 0 0 0 0 0 0 0 ' ,251 ,2 ,2, 2
563 ,380, 541, '223 203 532 230 427 170 177 446 222 307 147 209 159 161 240 132 ' ,'0 0 0 0 0 0 0 0 0 0 0 0 0 0 0 0 ' ,404 ,2 ,2, 2
401 ,560, 380, '201 222 254 195 311 216 217 326 191 271 170 213 236 157 311 160 ' ,'0 0 0 0 0 0 0 0 0 0 0 0 0 0 0 0 ' ,215 ,1 ,2, 2
936 ,394, 912, '189 206 270 211 328 164 180 293 155 360 147 197 280 133 281 159 ' ,'0 0 0 0 0 0 0 0 0 0 0 0 0 0 0 0 ' ,772 ,2 ,2, 1
354 ,929, 337, '200 169 210 177 289 198 196 310 185 308 166 156 164 143 284 111 ' ,'0 0 0 0 0 0 0 0 0 0 0 0 0 0 0 0 ' ,221 ,1 ,2, 2
380 ,350, 349, '198 180 222 171 260 195 161 300 179 317 208 194 201 133 282 129 ' ,'0 0 0 0 0 0 0 0 0 0 0 0 0 0 0 0 ' ,224 ,2 ,2, 1
399 ,368, 377, '221 184 321 198 369 237 201 177 195 198 211 200 259 127 248 191 ' ,'0 0 0 0 0 0 0 0 0 0 0 0 0 0 0 0 ' ,246 ,2 ,2, 1
318 ,392, 297, '211 190 288 207 198 198 169 284 182 240 200 154 199 134 188 165 ' ,'0 0 0 0 0 0 0 0 0 0 0 0 0 0 0 0 ' ,158 ,2 ,1, 1
328 ,313, 312, '218 147 249 183 284 214 192 241 163 256 196 152 216 113 180 156 ' ,'0 0 0 0 0 0 0 0 0 0 0 0 0 0 0 0 ' ,191 ,2 ,2, 1
355 ,320, 334, '127 144 177 135 265 154 193 208 170 267 170 116 156 106 92 166 ' ,'0 0 0 0 0 0 0 0 0 0 0 0 0 0 0 0 ' ,221 ,1 ,1, 0
320 ,375, 302, '175 181 277 163 286 160 149 261 148 287 170 135 117 96 256 129 ' ,'0 0 0 0 0 0 0 0 0 0 0 0 0 0 0 0 ' ,195 ,2 ,1, 1
311 ,314, 294, '214 149 172 140 260 186 142 129 134 282 216 144 118 114 188 202 ' ,'0 0 0 0 0 0 0 0 0 0 0 0 0 0 0 0 ' ,172 ,2 ,2, 2
334 ,308, 303, '166 127 213 172 236 171 131 237 152 284 172 168 180 138 160 118 ' ,'0 0 0 0 0 0 0 0 0 0 0 0 0 0 0 0 ' ,181 ,2 ,1, 1
335 ,326, 322, '171 169 313 168 235 195 196 293 175 286 160 168 193 145 149 108 ' ,'0 0 0 0 0 0 0 0 0 0 0 0 0 0 0 0 ' ,208 ,1 ,1, 1
327 ,328, 308, '192 142 179 186 285 173 188 166 164 289 176 203 196 129 229 154 ' ,'0 0 0 0 0 0 0 0 0 0 0 0 0 0 0 0 ' ,171 ,2 ,2, 1
310 ,320, 269, '166 250 179 158 167 133 206 262 145 257 172 195 191 135 178 165 ' ,'0 0 0 0 0 0 0 0 0 0 0 0 0 0 0 0 ' ,133 ,1 ,1, 1
321 ,304, 303, '189 178 288 169 213 172 179 252 157 292 204 168 185 133 200 160 ' ,'0 0 0 0 0 0 0 0 0 0 0 0 0 0 0 0 ' ,163 ,2 ,2, 2
361 ,318, 336, '217 170 324 190 194 181 198 274 177 284 206 188 261 125 244 135 ' ,'0 0 0 0 0 0 0 0 0 0 0 0 0 0 0 0 ' ,203 ,1 ,2, 1
419 ,352, 390, '197 190 380 167 262 185 217 279 185 332 185 184 95 174 262 160 ' ,'0 0 0 0 0 0 0 0 0 0 0 0 0 0 0 0 ' ,240 ,2 ,1, 1
427 ,412, 389, '177 251 336 194 232 189 187 326 171 302 178 256 310 156 271 191 ' ,'0 0 0 0 0 0 0 0 0 0 0 0 0 0 0 0 ' ,225 ,39 ,1, 1
389 ,420, 370, '201 178 237 186 219 214 194 317 206 354 167 214 241 157 237 164 ' ,'0 0 0 0 0 0 0 0 0 0 0 0 0 0 0 0 ' ,206 ,2 ,2, 1
384 ,382, 364, '200 229 300 216 264 217 183 333 207 330 229 213 336 145 341 176 ' ,'0 0 0 0 0 0 0 0 0 0 0 0 0 0 0 0 ' ,209 ,2 ,1, 1
453 ,378, 434, '208 186 196 203 306 160 188 159 155 408 173 151 307 132 213 132 ' ,'0 0 0 0 0 0 0 0 0 0 0 0 0 0 0 0 ' ,299 ,2 ,2, 2
387 ,450, 369, '163 179 293 203 276 172 161 273 183 255 214 153 148 142 151 150 ' ,'0 0 0 0 0 0 0 0 0 0 0 0 0 0 0 0 ' ,220 ,2 ,1, 1
447 ,384, 430, '168 180 288 231 330 193 182 368 241 253 200 157 138 152 239 121 ' ,'0 0 0 0 0 0 0 0 0 0 0 0 0 0 0 0 ' ,234 ,33 ,2, 2
331 ,440, 315, '158 159 304 180 223 141 193 271 180 262 196 162 148 144 205 157 ' ,'0 0 0 0 0 0 0 0 0 0 0 0 0 0 0 0 ' ,161 ,1 ,2, 1
321 ,322, 300, '187 149 134 144 231 134 168 286 165 268 181 162 208 137 223 118 ' ,'0 0 0 0 0 0 0 0 0 0 0 0 0 0 0 0 ' ,177 ,1 ,2, 1
347 ,313, 330, '173 150 240 139 319 157 180 248 181 160 130 135 218 140 264 109 ' ,'0 0 0 0 0 0 0 0 0 0 0 0 0 0 0 0 ' ,215 ,2 ,2, 1
359 ,343, 329, '167 151 264 167 259 187 158 268 139 318 172 166 148 128 230 129 ' ,'0 0 0 0 0 0 0 0 0 0 0 0 0 0 0 0 ' ,194 ,1 ,2, 1
378 ,353, 351, '207 164 341 184 267 171 158 267 129 306 183 182 256 117 279 168 ' ,'0 0 0 0 0 0 0 0 0 0 0 0 0 0 0 0 ' ,228 ,2 ,1, 1
404 ,364, 364, '155 209 315 161 282 203 169 344 151 297 179 171 204 138 230 127 ' ,'0 0 0 0 0 0 0 0 0 0 0 0 0 0 0 0 ' ,229 ,1 ,1, 1
407 ,378, 387, '196 177 378 171 319 223 163 305 186 279 204 149 288 139 271 145 ' ,'0 0 0 0 0 0 0 0 0 0 0 0 0 0 0 0 ' ,242 ,2 ,1, 1
341 ,401, 321, '193 192 219 206 292 226 202 204 181 293 200 207 311 169 217 148 ' ,'0 0 0 0 0 0 0 0 0 0 0 0 0 0 0 0 ' ,168 ,2 ,2, 2
374 ,333, 354, '196 206 320 173 231 161 191 234 195 315 155 228 235 144 274 168 ' ,'0 0 0 0 0 0 0 0 0 0 0 0 0 0 0 0 ' ,192 ,1 ,1, 1
427 ,368, 412, '171 199 236 217 286 190 139 279 228 381 204 192 299 177 245 128 ' ,'0 0 0 0 0 0 0 0 0 0 0 0 0 0 0 0 ' ,273 ,3 ,2, 1
432 ,421, 417, '260 180 307 217 405 212 201 345 192 221 221 209 323 149 214 175 ' ,'0 0 0 0 0 0 0 0 0 0 0 0 0 0 0 0 ' ,259 ,2 ,2, 2
442 ,425, 426, '181 210 312 211 358 235 181 413 189 273 199 199 309 151 258 171 ' ,'0 0 0 0 0 0 0 0 0 0 0 0 0 0 0 0 ' ,267 ,2 ,1, 1
349 ,444, 330, '168 201 284 157 194 200 165 316 195 214 202 169 222 150 245 131 ' ,'0 0 0 0 0 0 0 0 0 0 0 0 0 0 0 0 ' ,191 ,1 ,2, 1
348 ,343, 330, '203 227 184 165 318 179 180 249 209 290 199 194 245 140 278 155 ' ,'0 0 0 0 0 0 0 0 0 0 0 0 0 0 0 0 ' ,186 ,1 ,1, 1
361 ,343, 344, '209 180 214 142 235 210 149 281 145 311 182 157 234 135 192 102 ' ,'0 0 0 0 0 0 0 0 0 0 0 0 0 0 0 0 ' ,226 ,1 ,16, 2
346 ,425, 329, '181 158 252 160 312 186 162 287 169 203 155 163 311 112 206 130 ' ,'0 0 0 0 0 0 0 0 0 0 0 0 0 0 0 0 ' ,211 ,2 ,2, 2
392 ,340, 377, '174 177 360 136 279 188 135 298 153 166 167 171 284 124 136 148 ' ,'0 0 0 0 0 0 0 0 0 0 0 0 0 0 0 0 ' ,240 ,1 ,1, 1
375 ,386, 353, '151 172 246 168 278 177 139 305 154 327 140 156 117 99 220 131 ' ,'0 0 0 0 0 0 0 0 0 0 0 0 0 0 0 0 ' ,249 ,2 ,1, 1
325 ,1257, 310, '140 190 200 183 301 128 167 280 177 289 176 153 147 140 263 140 ' ,'0 0 0 0 0 0 0 0 0 0 0 0 0 0 0 0 ' ,172 ,1 ,1, 0
376 ,319, 359, '168 199 199 215 353 192 150 334 179 280 144 153 175 139 252 128 ' ,'0 0 0 0 0 0 0 0 0 0 0 0 0 0 0 0 ' ,228 ,1 ,2, 1
398 ,370, 378, '314 207 324 165 298 245 187 327 195 326 277 190 141 166 242 265 ' ,'0 0 0 0 0 0 0 0 0 0 0 0 0 0 0 0 ' ,214 ,1 ,1, 1
405 ,395, 378, '182 171 259 222 244 193 180 330 183 348 221 194 174 166 245 210 ' ,'0 0 0 0 0 0 0 0 0 0 0 0 0 0 0 0 ' ,213 ,2 ,1, 1
484 ,397, 464, '215 198 343 216 328 196 214 254 162 241 202 184 188 159 267 202 ' ,'0 0 0 0 0 0 0 0 0 0 0 0 0 0 0 0 ' ,300 ,1 ,2, 2
475 ,476, 436, '167 194 424 172 380 184 149 366 207 386 250 177 244 154 197 141 ' ,'0 0 0 0 0 0 0 0 0 0 0 0 0 0 0 0 ' ,291 ,2 ,1, 1
416 ,467, 398, '187 239 278 182 297 237 226 381 176 246 183 229 326 172 308 126 ' ,'0 0 0 0 0 0 0 0 0 0 0 0 0 0 0 0 ' ,267 ,1 ,1, 1
452 ,412, 436, '270 208 344 194 257 269 212 422 179 309 271 194 306 158 152 193 ' ,'0 0 0 0 0 0 0 0 0 0 0 0 0 0 0 0 ' ,270 ,2 ,2, 2
361 ,509, 338, '193 197 163 154 196 210 203 242 166 324 191 179 228 138 274 154 ' ,'0 0 0 0 0 0 0 0 0 0 0 0 0 0 0 0 ' ,191 ,2 ,2, 1
370 ,355, 353, '176 195 184 155 341 171 168 264 155 198 204 158 269 133 244 200 ' ,'0 0 0 0 0 0 0 0 0 0 0 0 0 0 0 0 ' ,211 ,1 ,2, 1
317 ,367, 305, '162 167 208 177 280 154 185 210 169 271 206 173 173 126 222 121 ' ,'0 0 0 0 0 0 0 0 0 0 0 0 0 0 0 0 ' ,151 ,2 ,2, 2
386 ,310, 370, '192 200 186 175 291 222 189 262 195 321 232 146 102 143 361 155 ' ,'0 0 0 0 0 0 0 0 0 0 0 0 0 0 0 0 ' ,252 ,2 ,1, 0
416 ,381, 399, '239 188 341 213 211 173 191 386 161 316 205 153 225 141 140 134 ' ,'0 0 0 0 0 0 0 0 0 0 0 0 0 0 0 0 ' ,251 ,2 ,2, 1
339 ,408, 324, '220 169 316 170 164 164 189 284 150 304 165 136 197 127 274 153 ' ,'0 0 0 0 0 0 0 0 0 0 0 0 0 0 0 0 ' ,192 ,2 ,1, 1
360 ,334, 348, '168 189 300 205 335 164 152 325 175 313 202 144 295 119 254 130 ' ,'0 0 0 0 0 0 0 0 0 0 0 0 0 0 0 0 ' ,216 ,1 ,2, 2
520 ,354, 502, '172 153 341 200 307 245 204 304 181 309 155 176 246 152 196 129 ' ,'0 0 0 0 0 0 0 0 0 0 0 0 0 0 0 0 ' ,369 ,2 ,2, 2
373 ,515, 358, '205 179 341 158 326 218 182 173 195 261 191 211 234 118 251 159 ' ,'0 0 0 0 0 0 0 0 0 0 0 0 0 0 0 0 ' ,224 ,1 ,2, 2
452 ,369, 432, '229 205 323 189 222 204 159 419 207 188 168 168 306 125 153 145 ' ,'0 0 0 0 0 0 0 0 0 0 0 0 0 0 0 0 ' ,296 ,2 ,2, 2
445 ,445, 428, '241 203 265 178 236 217 162 360 193 411 215 212 318 134 337 139 ' ,'0 0 0 0 0 0 0 0 0 0 0 0 0 0 0 0 ' ,287 ,1 ,2, 2
415 ,439, 394, '201 171 240 173 372 186 175 328 181 302 206 166 211 120 263 140 ' ,'0 0 0 0 0 0 0 0 0 0 0 0 0 0 0 0 ' ,265 ,2 ,2, 1
430 ,405, 416, '210 202 191 222 326 223 198 234 213 307 181 206 282 120 240 156 ' ,'0 0 0 0 0 0 0 0 0 0 0 0 0 0 0 0 ' ,283 ,1 ,2, 2
559 ,430, 542, '205 211 249 190 502 194 192 328 199 353 207 220 186 167 372 144 ' ,'0 0 0 0 0 0 0 0 0 0 0 0 0 0 0 0 ' ,388 ,1 ,2, 2
367 ,557, 339, '299 158 330 179 268 281 181 321 205 204 250 163 200 115 158 208 ' ,'0 0 0 0 0 0 0 0 0 0 0 0 0 0 0 0 ' ,213 ,2 ,1, 1
358 ,357, 331, '141 162 177 201 321 207 186 245 160 277 172 180 132 147 224 221 ' ,'0 0 0 0 0 0 0 0 0 0 0 0 0 0 0 0 ' ,185 ,1 ,1, 1
414 ,351, 388, '162 163 378 132 382 169 166 348 161 322 185 149 218 96 168 117 ' ,'0 0 0 0 0 0 0 0 0 0 0 0 0 0 0 0 ' ,285 ,2 ,2, 1
335 ,406, 318, '163 168 176 173 261 173 140 228 102 305 210 172 144 118 217 142 ' ,'0 0 0 0 0 0 0 0 0 0 0 0 0 0 0 0 ' ,206 ,1 ,2, 1
366 ,403, 339, '156 179 154 194 328 158 187 255 140 291 187 127 259 132 296 129 ' ,'0 0 0 0 0 0 0 0 0 0 0 0 0 0 0 0 ' ,205 ,2 ,1, 1
396 ,350, 369, '212 205 307 155 198 189 183 357 182 288 174 164 202 142 144 142 ' ,'0 0 0 0 0 0 0 0 0 0 0 0 0 0 0 0 ' ,221 ,1 ,1, 1
393 ,378, 365, '191 186 220 135 223 205 177 309 163 343 166 165 240 145 253 151 ' ,'0 0 0 0 0 0 0 0 0 0 0 0 0 0 0 0 ' ,217 ,1 ,2, 2
354 ,386, 337, '213 208 305 193 212 191 193 244 206 250 182 195 320 164 296 180 ' ,'0 0 0 0 0 0 0 0 0 0 0 0 0 0 0 0 ' ,152 ,2 ,2, 2
400 ,349, 385, '203 184 215 187 371 184 191 249 176 360 170 206 269 131 258 156 ' ,'0 0 0 0 0 0 0 0 0 0 0 0 0 0 0 0 ' ,243 ,2 ,2, 1
467 ,401, 435, '214 206 287 183 355 201 192 364 204 414 199 225 355 141 272 94 ' ,'0 0 0 0 0 0 0 0 0 0 0 0 0 0 0 0 ' ,351 ,2 ,1, 1
408 ,460, 387, '188 148 225 194 321 225 190 376 187 210 229 188 328 179 209 154 ' ,'0 0 0 0 0 0 0 0 0 0 0 0 0 0 0 0 ' ,233 ,1 ,2, 1
351 ,401, 336, '161 180 203 224 315 197 161 267 224 294 183 173 289 145 313 108 ' ,'0 0 0 0 0 0 0 0 0 0 0 0 0 0 0 0 ' ,220 ,2 ,2, 2
476 ,625, 454, '182 163 236 201 424 206 209 443 169 346 206 174 414 182 248 157 ' ,'0 0 0 0 0 0 0 0 0 0 0 0 0 0 0 0 ' ,284 ,2 ,2, 2
404 ,468, 386, '215 230 209 179 308 255 186 338 155 363 198 198 256 157 328 151 ' ,'0 0 0 0 0 0 0 0 0 0 0 0 0 0 0 0 ' ,229 ,2 ,2, 2
350 ,397, 335, '179 179 157 152 322 192 165 301 177 205 212 185 286 103 206 132 ' ,'0 0 0 0 0 0 0 0 0 0 0 0 0 0 0 0 ' ,223 ,1 ,2, 2
360 ,344, 340, '231 164 264 198 205 230 166 223 164 324 260 174 309 117 199 167 ' ,'0 0 0 0 0 0 0 0 0 0 0 0 0 0 0 0 ' ,216 ,2 ,2, 2
373 ,353, 359, '154 198 251 163 309 161 165 267 124 345 173 156 230 121 254 135 ' ,'0 0 0 0 0 0 0 0 0 0 0 0 0 0 0 0 ' ,231 ,2 ,2, 1
373 ,374, 354, '172 158 299 200 183 245 158 296 136 342 216 153 253 100 303 143 ' ,'0 0 0 0 0 0 0 0 0 0 0 0 0 0 0 0 ' ,248 ,1 ,2, 2
368 ,365, 349, '199 133 295 158 285 164 162 196 176 340 158 177 187 156 247 190 ' ,'0 0 0 0 0 0 0 0 0 0 0 0 0 0 0 0 ' ,200 ,1 ,1, 1
342 ,385, 324, '200 172 195 156 281 306 168 306 185 252 176 157 82 136 192 139 ' ,'0 0 0 0 0 0 0 0 0 0 0 0 0 0 0 0 ' ,205 ,2 ,2, 2
343 ,335, 326, '216 167 242 178 208 207 161 280 134 311 220 176 120 121 180 126 ' ,'0 0 0 0 0 0 0 0 0 0 0 0 0 0 0 0 ' ,198 ,1 ,1, 1
348 ,333, 327, '156 147 164 181 275 191 177 315 161 248 169 130 257 127 245 136 ' ,'0 0 0 0 0 0 0 0 0 0 0 0 0 0 0 0 ' ,193 ,2 ,1, 0
325 ,342, 309, '144 150 224 165 247 193 174 298 142 252 187 162 184 121 215 112 ' ,'0 0 0 0 0 0 0 0 0 0 0 0 0 0 0 0 ' ,192 ,1 ,2, 2
382 ,320, 366, '154 172 334 210 312 207 174 310 229 188 131 184 287 139 232 175 ' ,'0 0 0 0 0 0 0 0 0 0 0 0 0 0 0 0 ' ,222 ,2 ,2, 2
521 ,376, 483, '206 214 345 169 407 209 189 342 202 470 147 199 128 173 415 121 ' ,'0 0 0 0 0 0 0 0 0 0 0 0 0 0 0 0 ' ,355 ,2 ,1, 1
383 ,513, 369, '242 196 357 155 301 211 198 290 190 270 208 163 254 120 145 167 ' ,'0 0 0 0 0 0 0 0 0 0 0 0 0 0 0 0 ' ,231 ,2 ,2, 2
467 ,378, 445, '216 219 383 173 231 176 211 434 161 332 166 220 312 186 295 158 ' ,'0 0 0 0 0 0 0 0 0 0 0 0 0 0 0 0 ' ,282 ,2 ,1, 1
409 ,467, 392, '239 215 315 210 346 206 193 260 153 304 196 190 262 140 163 137 ' ,'0 0 0 0 0 0 0 0 0 0 0 0 0 0 0 0 ' ,243 ,2 ,2, 2
448 ,406, 428, '142 194 289 178 220 250 151 270 137 336 158 146 193 133 153 145 ' ,'0 0 0 0 0 0 0 0 0 0 0 0 0 0 0 0 ' ,291 ,3 ,1, 1
387 ,470, 369, '183 182 254 221 207 158 158 229 182 328 223 183 194 197 248 142 ' ,'0 0 0 0 0 0 0 0 0 0 0 0 0 0 0 0 ' ,222 ,2 ,2, 2
333 ,382, 303, '273 195 235 185 292 217 155 227 158 239 267 135 235 143 147 205 ' ,'0 0 0 0 0 0 0 0 0 0 0 0 0 0 0 0 ' ,159 ,2 ,1, 1
291 ,326, 273, '183 182 144 143 237 154 172 226 151 259 159 164 257 124 177 145 ' ,'0 0 0 0 0 0 0 0 0 0 0 0 0 0 0 0 ' ,143 ,1 ,1, 1
313 ,286, 299, '163 153 172 155 289 162 168 265 142 268 157 186 194 123 233 107 ' ,'0 0 0 0 0 0 0 0 0 0 0 0 0 0 0 0 ' ,187 ,1 ,2, 1
312 ,309, 297, '157 162 195 175 264 165 158 252 111 250 124 182 279 157 249 157 ' ,'0 0 0 0 0 0 0 0 0 0 0 0 0 0 0 0 ' ,182 ,2 ,1, 1
353 ,309, 335, '190 171 227 197 313 181 166 275 175 210 165 166 92 174 219 124 ' ,'0 0 0 0 0 0 0 0 0 0 0 0 0 0 0 0 ' ,211 ,2 ,1, 1
352 ,347, 327, '180 182 296 170 319 185 166 241 149 223 157 154 287 107 158 138 ' ,'0 0 0 0 0 0 0 0 0 0 0 0 0 0 0 0 ' ,217 ,2 ,1, 1
358 ,345, 340, '173 214 279 157 327 175 178 317 134 243 178 197 286 96 150 137 ' ,'0 0 0 0 0 0 0 0 0 0 0 0 0 0 0 0 ' ,237 ,1 ,2, 2
390 ,351, 370, '171 203 279 212 314 268 163 317 205 358 177 158 257 161 333 140 ' ,'0 0 0 0 0 0 0 0 0 0 0 0 0 0 0 0 ' ,211 ,1 ,2, 2
392 ,384, 369, '195 177 246 161 277 190 163 306 223 304 173 188 284 129 353 152 ' ,'0 0 0 0 0 0 0 0 0 0 0 0 0 0 0 0 ' ,233 ,2 ,1, 1
398 ,385, 383, '157 195 244 211 329 202 241 311 178 336 156 209 228 192 237 163 ' ,'0 0 0 0 0 0 0 0 0 0 0 0 0 0 0 0 ' ,212 ,2 ,2, 1
481 ,397, 465, '204 216 405 200 359 237 164 396 224 356 209 195 238 181 176 201 ' ,'0 0 0 0 0 0 0 0 0 0 0 0 0 0 0 0 ' ,291 ,2 ,2, 2
418 ,478, 386, '244 217 250 140 326 194 233 353 206 331 188 230 300 165 291 171 ' ,'0 0 0 0 0 0 0 0 0 0 0 0 0 0 0 0 ' ,240 ,3 ,2, 1
372 ,412, 345, '206 189 306 216 337 216 197 302 137 329 189 152 257 134 147 166 ' ,'0 0 0 0 0 0 0 0 0 0 0 0 0 0 0 0 ' ,208 ,2 ,1, 1
341 ,360, 321, '191 153 254 141 311 196 165 259 155 261 159 193 177 118 178 142 ' ,'0 0 0 0 0 0 0 0 0 0 0 0 0 0 0 0 ' ,198 ,1 ,1, 1
474 ,334, 456, '219 207 389 185 228 175 182 263 161 442 161 201 292 151 288 116 ' ,'0 0 0 0 0 0 0 0 0 0 0 0 0 0 0 0 ' ,333 ,2 ,2, 2
338 ,464, 313, '149 144 301 157 227 156 176 263 169 163 152 167 181 136 186 104 ' ,'0 0 0 0 0 0 0 0 0 0 0 0 0 0 0 0 ' ,198 ,2 ,2, 1
421 ,330, 353, '210 132 255 158 254 344 181 251 161 251 345 131 146 126 233 109 ' ,'0 0 0 0 0 0 0 0 0 0 0 0 0 0 0 0 ' ,242 ,2 ,2, 1
374 ,370, 354, '144 182 297 162 216 187 142 283 140 223 230 155 192 155 144 135 ' ,'0 0 0 0 0 0 0 0 0 0 0 0 0 0 0 0 ' ,212 ,2 ,1, 1
328 ,367, 314, '159 157 292 180 214 212 184 242 156 252 167 165 111 145 249 168 ' ,'0 0 0 0 0 0 0 0 0 0 0 0 0 0 0 0 ' ,168 ,2 ,1, 1
343 ,324, 325, '188 188 269 167 209 216 178 200 152 313 179 160 246 146 215 132 ' ,'0 0 0 0 0 0 0 0 0 0 0 0 0 0 0 0 ' ,185 ,2 ,2, 1
448 ,337, 408, '397 197 364 202 188 373 171 328 216 261 321 191 306 124 238 291 ' ,'0 0 0 0 0 0 0 0 0 0 0 0 0 0 0 0 ' ,272 ,2 ,1, 1
414 ,549, 383, '198 190 171 213 343 202 180 367 189 306 194 188 144 163 229 170 ' ,'0 0 0 0 0 0 0 0 0 0 0 0 0 0 0 0 ' ,211 ,2 ,1, 1
356 ,407, 328, '141 220 235 249 308 147 160 316 189 260 179 191 210 120 288 146 ' ,'0 0 0 0 0 0 0 0 0 0 0 0 0 0 0 0 ' ,206 ,2 ,1, 1
505 ,349, 488, '202 219 195 242 316 178 192 475 204 252 161 186 207 178 306 109 ' ,'0 0 0 0 0 0 0 0 0 0 0 0 0 0 0 0 ' ,373 ,1 ,2, 1
414 ,531, 394, '213 203 344 356 365 203 185 285 337 367 218 194 199 338 344 140 ' ,'0 0 0 0 0 0 0 0 0 0 0 0 0 0 0 0 ' ,247 ,2 ,2, 1
479 ,406, 459, '291 170 275 199 443 240 164 398 149 253 247 146 267 123 162 243 ' ,'0 0 0 0 0 0 0 0 0 0 0 0 0 0 0 0 ' ,328 ,2 ,2, 1
485 ,471, 460, '251 206 397 207 323 213 181 359 190 308 223 223 185 128 226 150 ' ,'0 0 0 0 0 0 0 0 0 0 0 0 0 0 0 0 ' ,326 ,2 ,2, 2
408 ,475, 383, '208 196 373 189 334 208 215 230 214 348 212 197 134 129 269 169 ' ,'0 0 0 0 0 0 0 0 0 0 0 0 0 0 0 0 ' ,249 ,2 ,2, 2
354 ,401, 331, '209 153 300 185 251 155 162 311 202 310 187 196 233 118 152 148 ' ,'0 0 0 0 0 0 0 0 0 0 0 0 0 0 0 0 ' ,203 ,4 ,2, 2
351 ,348, 331, '163 200 292 295 166 167 176 263 226 256 200 207 140 245 173 138 ' ,'0 0 0 0 0 0 0 0 0 0 0 0 0 0 0 0 ' ,185 ,1 ,2, 2
357 ,344, 329, '277 216 312 187 279 227 207 312 197 227 184 183 130 138 145 219 ' ,'0 0 0 0 0 0 0 0 0 0 0 0 0 0 0 0 ' ,187 ,2 ,1, 1
323 ,346, 306, '190 178 272 179 282 184 193 214 185 166 234 175 101 162 165 157 ' ,'0 0 0 0 0 0 0 0 0 0 0 0 0 0 0 0 ' ,144 ,1 ,2, 1
326 ,319, 311, '188 134 165 167 241 167 133 270 138 248 184 179 175 126 174 156 ' ,'0 0 0 0 0 0 0 0 0 0 0 0 0 0 0 0 ' ,174 ,2 ,1, 1
322 ,318, 295, '157 172 238 172 273 199 153 212 145 251 202 176 210 135 276 142 ' ,'0 0 0 0 0 0 0 0 0 0 0 0 0 0 0 0 ' ,157 ,2 ,2, 1
376 ,311, 360, '168 164 349 246 315 150 175 332 193 267 161 164 307 176 312 109 ' ,'0 0 0 0 0 0 0 0 0 0 0 0 0 0 0 0 ' ,246 ,2 ,2, 2
305 ,387, 286, '185 148 272 158 177 196 158 269 187 253 210 160 143 109 222 135 ' ,'0 0 0 0 0 0 0 0 0 0 0 0 0 0 0 0 ' ,173 ,2 ,1, 1
360 ,296, 337, '178 178 257 172 282 179 162 235 171 326 177 169 144 149 247 110 ' ,'0 0 0 0 0 0 0 0 0 0 0 0 0 0 0 0 ' ,221 ,2 ,1, 1
362 ,353, 341, '183 173 293 177 242 204 191 297 214 322 196 197 244 131 309 160 ' ,'0 0 0 0 0 0 0 0 0 0 0 0 0 0 0 0 ' ,204 ,5 ,1, 1
346 ,354, 327, '137 181 316 193 224 232 167 289 172 269 149 186 204 155 189 121 ' ,'0 0 0 0 0 0 0 0 0 0 0 0 0 0 0 0 ' ,200 ,1 ,1, 1
434 ,337, 421, '204 199 273 252 391 210 184 358 237 293 157 181 227 188 299 135 ' ,'0 0 0 0 0 0 0 0 0 0 0 0 0 0 0 0 ' ,275 ,2 ,1, 1
405 ,429, 390, '187 188 329 192 207 199 166 365 158 246 184 182 263 150 225 178 ' ,'0 0 0 0 0 0 0 0 0 0 0 0 0 0 0 0 ' ,233 ,2 ,2, 2
393 ,406, 374, '196 183 338 181 206 216 157 283 148 249 238 181 301 186 234 133 ' ,'0 0 0 0 0 0 0 0 0 0 0 0 0 0 0 0 ' ,228 ,2 ,2, 1
362 ,387, 349, '161 213 279 176 291 200 180 264 191 336 204 156 271 143 293 140 ' ,'0 0 0 0 0 0 0 0 0 0 0 0 0 0 0 0 ' ,201 ,2 ,2, 2
312 ,363, 286, '174 180 275 154 158 193 156 218 153 258 165 171 119 147 203 126 ' ,'0 0 0 0 0 0 0 0 0 0 0 0 0 0 0 0 ' ,154 ,1 ,2, 2
373 ,303, 323, '200 155 290 178 268 158 147 302 193 264 204 178 193 139 223 147 ' ,'0 0 0 0 0 0 0 0 0 0 0 0 0 0 0 0 ' ,179 ,1 ,1, 1
302 ,345, 288, '169 159 267 186 275 212 173 268 139 260 217 176 172 119 128 168 ' ,'0 0 0 0 0 0 0 0 0 0 0 0 0 0 0 0 ' ,163 ,1 ,2, 1
542 ,297, 521, '150 164 156 179 238 121 176 189 195 272 186 156 131 168 224 126 ' ,'0 0 0 0 0 0 0 0 0 0 0 0 0 0 0 0 ' ,362 ,2 ,1, 1
303 ,534, 288, '159 143 212 160 279 169 157 197 162 256 191 190 254 129 160 91 ' ,'0 0 0 0 0 0 0 0 0 0 0 0 0 0 0 0 ' ,192 ,2 ,2, 2
287 ,296, 273, '163 167 221 144 175 160 184 186 184 242 161 171 242 116 197 104 ' ,'0 0 0 0 0 0 0 0 0 0 0 0 0 0 0 0 ' ,156 ,1 ,2, 2
348 ,278, 316, '148 153 232 181 284 167 169 165 158 302 211 154 162 132 266 125 ' ,'0 0 0 0 0 0 0 0 0 0 0 0 0 0 0 0 ' ,191 ,2 ,2, 1
286 ,338, 269, '218 159 252 166 129 206 154 260 134 185 191 171 231 129 125 154 ' ,'0 0 0 0 0 0 0 0 0 0 0 0 0 0 0 0 ' ,133 ,1 ,2, 2
636 ,290, 617, '602 138 191 133 152 603 144 190 169 252 596 136 162 129 189 106 ' ,'0 0 0 0 0 0 0 0 0 0 0 0 0 0 0 0 ' ,504 ,1 ,1, 1
298 ,630, 283, '144 151 167 140 224 149 130 239 146 227 174 160 265 128 167 118 ' ,'0 0 0 0 0 0 0 0 0 0 0 0 0 0 0 0 ' ,158 ,1 ,1, 1
321 ,290, 300, '164 174 248 190 206 180 137 236 127 174 203 145 199 117 249 122 ' ,'0 0 0 0 0 0 0 0 0 0 0 0 0 0 0 0 ' ,176 ,2 ,1, 1
358 ,316, 335, '141 171 304 148 256 200 154 311 186 175 152 161 267 129 244 107 ' ,'0 0 0 0 0 0 0 0 0 0 0 0 0 0 0 0 ' ,225 ,2 ,1, 0
331 ,349, 317, '251 205 130 164 258 257 132 249 165 302 236 177 217 165 228 268 ' ,'0 0 0 0 0 0 0 0 0 0 0 0 0 0 0 0 ' ,176 ,1 ,1, 1
388 ,387, 360, '151 209 237 208 333 190 179 345 199 295 182 208 158 147 325 142 ' ,'0 0 0 0 0 0 0 0 0 0 0 0 0 0 0 0 ' ,217 ,2 ,1, 1
393 ,383, 371, '171 204 358 166 303 263 186 306 204 348 169 176 228 178 141 132 ' ,'0 0 0 0 0 0 0 0 0 0 0 0 0 0 0 0 ' ,236 ,1 ,2, 1
375 ,388, 356, '217 224 322 169 349 183 139 256 192 294 237 203 190 161 256 120 ' ,'0 0 0 0 0 0 0 0 0 0 0 0 0 0 0 0 ' ,235 ,2 ,1, 0
396 ,370, 377, '154 213 211 165 360 169 173 298 239 328 182 214 266 136 281 133 ' ,'0 0 0 0 0 0 0 0 0 0 0 0 0 0 0 0 ' ,239 ,2 ,1, 1
354 ,389, 329, '252 200 320 193 297 239 188 310 193 245 225 164 168 123 161 163 ' ,'0 0 0 0 0 0 0 0 0 0 0 0 0 0 0 0 ' ,202 ,1 ,1, 1
348 ,482, 330, '212 192 236 180 181 166 187 311 159 281 183 157 228 109 184 121 ' ,'0 0 0 0 0 0 0 0 0 0 0 0 0 0 0 0 ' ,216 ,2 ,1, 1
367 ,340, 350, '191 180 330 166 336 162 154 176 184 265 222 164 251 111 190 102 ' ,'0 0 0 0 0 0 0 0 0 0 0 0 0 0 0 0 ' ,242 ,1 ,1, 1
344 ,365, 326, '172 151 263 206 267 180 206 205 199 224 196 151 121 125 229 118 ' ,'0 0 0 0 0 0 0 0 0 0 0 0 0 0 0 0 ' ,206 ,2 ,2, 1
349 ,338, 333, '162 185 256 153 260 152 186 195 173 296 181 181 228 104 188 135 ' ,'0 0 0 0 0 0 0 0 0 0 0 0 0 0 0 0 ' ,222 ,1 ,2, 1
345 ,341, 326, '180 167 317 153 291 145 189 258 141 245 168 154 175 115 183 128 ' ,'0 0 0 0 0 0 0 0 0 0 0 0 0 0 0 0 ' ,204 ,1 ,1, 1
369 ,338, 307, '159 182 239 155 286 149 163 195 137 296 117 163 254 108 126 100 ' ,'0 0 0 0 0 0 0 0 0 0 0 0 0 0 0 0 ' ,206 ,2 ,2, 1
379 ,353, 360, '180 164 329 172 293 133 174 211 132 339 173 190 199 147 313 144 ' ,'0 0 0 0 0 0 0 0 0 0 0 0 0 0 0 0 ' ,204 ,2 ,2, 2
406 ,375, 387, '365 191 297 204 188 284 199 301 170 326 377 183 166 149 251 187 ' ,'0 0 0 0 0 0 0 0 0 0 132748 0 0 0 0 0 ' ,231 ,1 ,2, 2
369 ,399, 351, '153 180 240 242 239 197 134 336 219 312 151 207 220 186 213 106 ' ,'0 0 0 0 0 0 0 0 0 0 0 0 0 0 0 0 ' ,209 ,2 ,1, 1
385 ,362, 364, '198 242 293 202 171 206 218 319 160 279 236 173 348 135 142 160 ' ,'0 0 0 0 0 0 0 0 0 0 0 0 0 0 0 0 ' ,221 ,2 ,1, 1
365 ,378, 340, '197 223 226 195 327 244 200 282 167 320 184 198 195 124 144 169 ' ,'0 0 0 0 0 0 0 0 0 0 0 0 0 0 0 0 ' ,212 ,2 ,2, 2
386 ,359, 362, '187 228 290 213 269 195 210 222 188 349 190 221 214 127 239 165 ' ,'0 0 0 0 0 0 0 0 0 0 0 0 0 0 0 0 ' ,227 ,2 ,2, 1
404 ,378, 340, '193 222 268 156 298 172 153 226 195 281 160 196 307 165 297 189 ' ,'0 0 0 0 0 0 0 0 0 0 0 0 0 0 0 0 ' ,177 ,1 ,1, 0
361 ,396, 322, '248 179 232 146 274 187 172 266 148 232 245 216 154 127 227 166 ' ,'0 0 0 0 0 0 0 0 0 0 0 0 0 0 0 0 ' ,164 ,1 ,2, 1
369 ,339, 343, '251 214 257 179 333 191 193 270 180 204 208 192 173 144 205 173 ' ,'0 0 0 0 0 0 0 0 0 0 0 0 0 0 0 0 ' ,193 ,2 ,1, 0
412 ,479, 393, '189 196 360 175 310 157 159 356 146 222 206 159 272 112 386 142 ' ,'0 0 0 0 0 0 0 0 0 0 0 0 0 0 0 0 ' ,276 ,2 ,2, 1
411 ,405, 398, '176 152 295 161 308 141 179 205 212 233 191 172 232 137 171 102 ' ,'0 0 0 0 0 0 0 0 0 0 0 0 0 0 0 0 ' ,213 ,2 ,2, 1
301 ,403, 285, '149 158 183 165 213 149 150 170 176 260 179 153 212 121 189 132 ' ,'0 0 0 0 0 0 0 0 0 0 0 0 0 0 0 0 ' ,157 ,2 ,1, 1
300 ,291, 272, '142 232 260 145 218 175 210 223 130 213 192 207 183 131 129 137 ' ,'0 0 0 0 0 0 0 0 0 0 0 0 0 0 0 0 ' ,138 ,2 ,1, 1
327 ,285, 310, '186 190 289 152 232 157 121 253 147 207 196 143 271 132 170 123 ' ,'0 0 0 0 0 0 0 0 0 0 0 0 0 0 0 0 ' ,184 ,2 ,2, 2
292 ,324, 275, '140 128 163 204 264 193 156 167 167 246 132 158 181 114 155 161 ' ,'0 0 0 0 0 0 0 0 0 0 0 0 0 0 0 0 ' ,142 ,2 ,1, 0
329 ,283, 287, '203 177 289 161 264 153 176 260 171 239 146 133 140 114 182 107 ' ,'0 0 0 0 0 0 0 0 0 0 0 0 0 0 0 0 ' ,182 ,1 ,2, 2
284 ,344, 269, '177 202 171 172 249 178 152 254 147 169 193 142 239 131 183 102 ' ,'0 0 0 0 0 0 0 0 0 0 0 0 0 0 0 0 ' ,147 ,2 ,1, 1
408 ,277, 375, '161 251 315 180 258 172 236 321 203 251 164 233 195 170 158 145 ' ,'0 0 0 0 0 0 0 0 0 0 0 0 0 0 0 0 ' ,227 ,32 ,1, 1
531 ,401, 492, '258 197 321 200 311 268 210 285 170 204 235 221 305 134 312 221 ' ,'0 0 0 0 0 0 0 267500 0 0 0 0 0 0 0 0 ' ,351 ,1 ,2, 2
727 ,508, 710, '264 182 362 180 387 259 214 388 165 632 202 211 513 169 507 146 ' ,'0 0 0 0 293267 0 0 0 0 291684 0 0 149024 0 0 0 ' ,556 ,1 ,1, 1
394 ,721, 374, '194 196 162 234 282 123 146 362 160 293 206 209 300 138 239 189 ' ,'0 0 0 0 0 0 0 0 0 0 0 0 0 0 0 0 ' ,244 ,1 ,1, 1
449 ,386, 428, '153 214 398 253 400 181 227 390 168 248 172 204 111 156 153 123 ' ,'0 0 0 0 0 0 0 0 0 0 0 0 0 0 0 0 ' ,300 ,2 ,1, 1
508 ,442, 488, '139 336 350 198 278 214 293 314 197 476 199 292 153 152 192 125 ' ,'0 0 0 0 0 0 0 0 0 0 0 0 0 0 0 0 ' ,358 ,2 ,2, 2
392 ,626, 378, '288 203 365 179 320 298 164 195 171 337 249 201 319 141 315 157 ' ,'0 0 0 0 0 0 0 0 0 0 0 0 0 0 0 0 ' ,229 ,1 ,2, 1
430 ,393, 410, '219 197 269 177 355 241 204 323 184 385 223 221 152 162 237 167 ' ,'0 0 0 0 0 0 0 0 0 0 0 0 0 0 0 0 ' ,242 ,2 ,1, 1
408 ,424, 387, '194 214 304 202 350 189 197 283 194 278 166 207 136 145 223 208 ' ,'0 0 0 0 0 0 0 0 0 0 0 0 0 0 0 0 ' ,234 ,2 ,2, 2
380 ,402, 365, '166 214 325 196 243 211 163 353 219 278 216 222 223 147 225 151 ' ,'0 0 0 0 0 0 0 0 0 0 0 0 0 0 0 0 ' ,211 ,2 ,2, 1
378 ,387, 365, '252 158 229 169 347 177 193 265 152 296 215 168 137 145 155 173 ' ,'0 0 0 0 0 0 0 0 0 0 0 0 0 0 0 0 ' ,214 ,2 ,1, 1
454 ,374, 430, '197 160 254 162 176 235 179 267 186 206 270 199 229 156 263 218 ' ,'0 0 0 0 0 0 0 0 0 0 0 0 0 0 0 0 ' ,265 ,2 ,2, 2
336 ,470, 318, '173 171 241 153 221 145 167 172 156 300 149 191 200 110 244 158 ' ,'0 0 0 0 0 0 0 0 0 0 0 0 0 0 0 0 ' ,201 ,2 ,1, 1
307 ,331, 289, '177 179 234 197 248 202 153 180 187 259 178 166 234 120 257 148 ' ,'0 0 0 0 0 0 0 0 0 0 0 0 0 0 0 0 ' ,161 ,2 ,2, 1
288 ,301, 273, '143 165 134 133 247 175 154 234 201 258 174 156 195 109 234 137 ' ,'0 0 0 0 0 0 0 0 0 0 0 0 0 0 0 0 ' ,155 ,2 ,2, 2
337 ,279, 319, '147 177 259 176 310 133 153 240 133 132 178 155 291 132 153 164 ' ,'0 0 0 0 0 0 0 0 0 0 0 0 0 0 0 0 ' ,178 ,1 ,1, 1
