259 ,0, 149, '39 38 49 34 37 47 32 95 35 46 46 43 ' ,'0 0 0 0 0 0 0 0 0 0 0 0 ' ,72 ,4 ,11, 11
995 ,224, 951, '340 276 927 320 428 377 291 318 307 567 330 343 ' ,'0 0 0 0 0 0 0 0 0 0 0 0 ' ,655 ,2 ,10, 10
287 ,983, 262, '209 205 200 202 238 212 235 226 244 203 183 219 ' ,'0 0 0 0 0 0 0 0 0 0 0 0 ' ,66 ,4 ,6, 6
434 ,279, 415, '236 242 287 202 389 217 232 249 245 320 202 227 ' ,'0 0 0 0 0 0 0 0 0 0 0 0 ' ,201 ,2 ,2, 1
910 ,424, 269, '210 246 222 217 217 234 224 237 220 236 256 231 ' ,'0 0 0 0 0 0 0 0 0 0 0 0 ' ,328 ,3 ,2, 1
373 ,902, 350, '241 214 341 233 247 236 266 212 217 253 224 227 ' ,'0 0 0 0 0 0 0 0 0 0 0 0 ' ,131 ,2 ,2, 2
323 ,368, 301, '185 206 269 226 244 289 241 227 204 231 231 219 ' ,'0 0 0 0 0 0 0 0 0 0 0 0 ' ,111 ,3 ,1, 1
316 ,321, 284, '244 232 253 253 212 259 257 240 191 228 215 237 ' ,'0 0 0 0 0 0 0 0 0 0 0 0 ' ,72 ,2 ,1, 1
360 ,291, 339, '252 202 232 214 243 246 206 216 208 311 211 243 ' ,'0 0 0 0 0 0 0 0 0 0 0 0 ' ,126 ,2 ,2, 2
358 ,351, 338, '262 208 227 234 261 216 244 317 230 257 258 208 ' ,'0 0 0 0 0 0 0 0 0 0 0 0 ' ,122 ,3 ,1, 1
276 ,349, 252, '185 187 244 211 227 218 198 213 198 200 234 220 ' ,'0 0 0 0 0 0 0 0 0 0 0 0 ' ,64 ,3 ,2, 1
267 ,265, 251, '209 188 179 203 204 187 201 178 188 190 185 193 ' ,'0 0 0 0 0 0 0 0 0 0 0 0 ' ,59 ,1 ,1, 1
313 ,259, 298, '227 284 244 225 211 256 284 209 213 273 211 284 ' ,'0 0 0 0 0 0 0 0 0 0 0 0 ' ,78 ,3 ,1, 1
253 ,313, 234, '175 181 210 227 186 175 207 207 209 166 217 189 ' ,'0 0 0 0 0 0 0 0 0 0 0 0 ' ,55 ,2 ,1, 1
405 ,248, 376, '323 256 267 261 299 282 283 308 236 373 309 281 ' ,'0 0 0 0 0 0 0 0 0 0 0 0 ' ,140 ,3 ,2, 2
331 ,394, 298, '215 208 269 225 216 275 235 287 219 238 248 243 ' ,'0 0 0 0 0 0 0 0 0 0 0 0 ' ,90 ,4 ,1, 1
426 ,321, 403, '296 230 284 194 389 294 268 332 221 273 231 275 ' ,'0 0 0 0 0 0 0 0 0 0 0 0 ' ,200 ,2 ,3, 2
335 ,409, 319, '181 194 270 221 206 280 219 307 213 242 192 196 ' ,'0 0 0 0 0 0 0 0 0 0 0 0 ' ,127 ,1 ,2, 2
285 ,334, 268, '202 184 230 205 258 200 212 237 188 224 234 211 ' ,'0 0 0 0 0 0 0 0 0 0 0 0 ' ,73 ,1 ,2, 1
371 ,277, 359, '271 204 263 239 348 242 265 241 216 317 267 256 ' ,'0 0 0 0 0 0 0 0 0 0 0 0 ' ,145 ,1 ,2, 2
375 ,416, 359, '274 260 344 258 318 293 258 329 252 350 246 233 ' ,'0 0 0 0 0 0 0 0 0 0 0 0 ' ,120 ,2 ,1, 1
346 ,369, 331, '232 208 219 214 301 213 243 207 220 318 257 202 ' ,'0 0 0 0 0 0 0 0 0 0 0 0 ' ,120 ,2 ,3, 2
407 ,340, 389, '210 218 297 185 327 188 191 377 194 232 173 208 ' ,'0 0 0 0 0 0 0 0 0 0 0 0 ' ,208 ,1 ,2, 2
381 ,399, 347, '194 214 241 219 276 220 204 277 236 339 230 177 ' ,'0 0 0 0 0 0 0 0 0 0 0 0 ' ,170 ,2 ,1, 1
364 ,374, 335, '228 214 250 215 273 220 205 336 242 297 212 183 ' ,'0 0 0 0 0 0 0 0 0 0 0 0 ' ,154 ,2 ,1, 1
385 ,377, 369, '189 176 296 226 357 206 214 235 232 293 227 191 ' ,'0 0 0 0 0 0 0 0 0 0 0 0 ' ,186 ,2 ,2, 1
399 ,383, 374, '212 219 355 245 335 215 204 291 205 237 255 186 ' ,'0 0 0 0 0 0 0 0 0 0 0 0 ' ,187 ,1 ,1, 1
290 ,389, 266, '189 203 239 204 260 194 186 232 196 239 182 214 ' ,'0 0 0 0 0 0 0 0 0 0 0 0 ' ,75 ,2 ,1, 1
356 ,283, 338, '213 170 271 190 328 193 197 199 185 288 201 203 ' ,'0 0 0 0 0 0 0 0 0 0 0 0 ' ,162 ,2 ,1, 1
334 ,349, 302, '240 235 308 254 228 279 202 302 209 237 227 207 ' ,'0 0 0 0 0 0 0 0 0 0 0 0 ' ,109 ,2 ,1, 1
369 ,326, 321, '199 194 219 184 322 221 188 195 229 255 194 193 ' ,'0 0 0 0 0 0 0 0 0 0 0 0 ' ,145 ,2 ,2, 2
340 ,359, 312, '172 204 219 175 304 215 202 213 184 274 200 172 ' ,'0 0 0 0 0 0 0 0 0 0 0 0 ' ,136 ,2 ,2, 1
357 ,332, 338, '215 186 328 220 286 191 191 327 186 192 216 202 ' ,'0 0 0 0 0 0 0 0 0 0 0 0 ' ,145 ,1 ,1, 1
435 ,358, 418, '242 232 357 229 382 250 211 297 264 402 250 251 ' ,'0 0 0 0 0 0 0 0 0 0 0 0 ' ,189 ,1 ,2, 1
481 ,426, 442, '218 259 431 249 324 254 270 290 246 272 214 243 ' ,'0 0 0 0 0 0 0 0 0 0 0 0 ' ,220 ,1 ,2, 2
373 ,476, 353, '258 220 314 209 319 262 224 305 215 341 254 229 ' ,'0 0 0 0 0 0 0 0 0 0 0 0 ' ,137 ,1 ,1, 1
413 ,365, 333, '266 285 368 258 276 238 270 312 250 322 253 264 ' ,'0 0 0 0 0 0 0 0 0 0 0 0 ' ,149 ,2 ,1, 1
385 ,407, 359, '246 223 191 231 352 225 267 302 229 337 218 280 ' ,'0 0 0 0 0 0 0 0 0 0 0 0 ' ,161 ,1 ,2, 1
398 ,377, 378, '210 209 368 211 340 179 231 313 256 352 224 254 ' ,'0 0 0 0 0 0 0 0 0 0 0 0 ' ,191 ,1 ,1, 1
355 ,390, 331, '215 242 217 216 264 200 245 324 233 273 196 225 ' ,'0 0 0 0 0 0 0 0 0 0 0 0 ' ,130 ,2 ,3, 2
511 ,345, 493, '262 174 358 208 235 253 209 225 181 284 228 190 ' ,'0 0 0 0 0 0 0 0 0 0 0 0 ' ,313 ,1 ,2, 2
377 ,502, 357, '172 201 341 180 209 189 172 205 202 212 183 214 ' ,'0 0 0 0 0 0 0 0 0 0 0 0 ' ,176 ,1 ,1, 1
326 ,368, 305, '198 204 280 204 220 206 171 297 199 276 170 166 ' ,'0 0 0 0 0 0 0 0 0 0 0 0 ' ,134 ,1 ,1, 1
343 ,318, 320, '235 201 276 219 262 223 219 246 191 309 215 225 ' ,'0 0 0 0 0 0 0 0 0 0 0 0 ' ,124 ,1 ,1, 1
405 ,331, 391, '189 239 366 199 373 245 228 366 230 317 224 257 ' ,'0 0 0 0 0 0 0 0 0 0 0 0 ' ,193 ,1 ,1, 1
365 ,396, 347, '286 231 257 202 338 263 206 288 221 320 268 226 ' ,'0 0 0 0 0 0 0 0 0 0 0 0 ' ,139 ,2 ,1, 1
334 ,357, 316, '224 184 254 202 236 193 191 303 211 253 209 197 ' ,'0 0 0 0 0 0 0 0 0 0 0 0 ' ,123 ,2 ,2, 2
410 ,323, 383, '204 212 281 206 335 201 237 371 208 267 193 234 ' ,'0 0 0 0 0 0 0 0 0 0 0 0 ' ,181 ,2 ,3, 3
430 ,397, 412, '216 212 307 223 396 215 227 310 198 335 210 248 ' ,'0 0 0 0 0 0 0 0 0 0 0 0 ' ,201 ,2 ,3, 2
351 ,421, 329, '217 302 240 280 294 202 311 297 270 316 217 320 ' ,'0 0 0 0 0 0 0 0 0 0 0 0 ' ,118 ,1 ,1, 1
368 ,341, 343, '212 225 274 185 336 243 222 256 209 252 204 231 ' ,'0 0 0 0 0 0 0 0 0 0 0 0 ' ,155 ,1 ,2, 1
484 ,361, 469, '198 228 351 236 451 249 223 403 236 288 228 210 ' ,'0 0 0 0 0 0 0 0 0 0 0 0 ' ,257 ,1 ,1, 1
435 ,476, 419, '244 238 406 249 296 257 277 394 240 375 235 288 ' ,'0 0 0 0 0 0 0 0 0 0 0 0 ' ,172 ,1 ,1, 1
381 ,427, 359, '215 225 342 257 350 199 240 313 228 324 239 196 ' ,'0 0 0 0 0 0 0 0 0 0 0 0 ' ,156 ,2 ,1, 1
389 ,369, 369, '221 296 187 260 270 219 279 364 252 266 211 281 ' ,'0 0 0 0 0 0 0 0 0 0 0 0 ' ,156 ,2 ,2, 1
445 ,384, 428, '263 204 408 220 299 258 243 301 237 407 279 205 ' ,'0 0 0 0 0 0 0 0 0 0 0 0 ' ,216 ,2 ,2, 2
460 ,435, 437, '252 232 340 213 409 229 210 380 204 318 252 203 ' ,'0 0 0 0 0 0 0 0 0 0 0 0 ' ,225 ,1 ,3, 2
472 ,449, 436, '225 217 375 216 347 235 215 335 200 420 225 190 ' ,'0 0 0 0 0 0 0 0 0 0 0 0 ' ,260 ,2 ,1, 1
435 ,465, 402, '204 220 285 215 314 224 252 314 257 390 233 230 ' ,'0 0 0 0 0 0 0 0 0 0 0 0 ' ,207 ,1 ,2, 2
464 ,427, 447, '255 244 434 246 269 208 266 289 214 342 234 220 ' ,'0 0 0 0 0 0 0 0 0 0 0 0 ' ,228 ,1 ,1, 1
375 ,455, 355, '245 230 242 258 311 256 214 239 241 344 241 213 ' ,'0 0 0 0 0 0 0 0 0 0 0 0 ' ,136 ,1 ,1, 1
425 ,367, 407, '210 213 324 215 394 247 260 342 237 306 239 234 ' ,'0 0 0 0 0 0 0 0 0 0 0 0 ' ,190 ,2 ,2, 2
480 ,416, 463, '246 235 371 248 449 234 210 337 253 358 255 235 ' ,'0 0 0 0 0 0 0 0 0 0 0 0 ' ,244 ,2 ,1, 1
343 ,473, 328, '216 216 223 212 304 210 208 245 220 317 177 248 ' ,'0 0 0 0 0 0 0 0 0 0 0 0 ' ,138 ,1 ,1, 1
312 ,333, 293, '197 228 204 207 282 205 228 199 232 251 191 225 ' ,'0 0 0 0 0 0 0 0 0 0 0 0 ' ,80 ,2 ,1, 1
486 ,302, 468, '195 216 290 223 222 249 221 333 190 452 197 220 ' ,'0 0 0 0 0 0 0 0 0 0 0 0 ' ,262 ,2 ,2, 1
413 ,476, 371, '225 228 225 247 258 243 223 368 230 304 278 222 ' ,'0 0 0 0 0 0 0 0 0 0 0 0 ' ,149 ,1 ,1, 1
434 ,405, 416, '264 162 299 168 314 205 253 325 199 369 219 239 ' ,'0 0 0 0 0 0 0 0 0 0 0 0 ' ,248 ,1 ,2, 2
412 ,428, 378, '204 239 343 259 321 216 222 380 214 366 240 224 ' ,'0 0 0 0 0 0 0 0 0 0 0 0 ' ,181 ,1 ,1, 1
542 ,401, 515, '233 207 217 233 287 268 236 353 222 222 500 212 ' ,'0 0 0 0 0 0 0 0 0 0 0 0 ' ,297 ,2 ,1, 1
422 ,529, 390, '262 201 217 241 378 259 205 379 221 382 260 242 ' ,'0 0 0 0 0 0 0 0 0 0 0 0 ' ,188 ,1 ,1, 1
405 ,410, 387, '268 230 329 272 349 229 253 255 244 369 250 249 ' ,'0 0 0 0 0 0 0 0 0 0 0 0 ' ,145 ,2 ,2, 1
427 ,393, 411, '193 267 314 228 325 214 230 378 187 218 297 223 ' ,'0 0 0 0 0 0 0 0 0 0 0 0 ' ,211 ,1 ,1, 1
456 ,419, 438, '256 238 369 258 310 244 242 425 269 318 231 246 ' ,'0 0 0 0 0 0 0 0 0 0 0 0 ' ,200 ,2 ,2, 2
461 ,453, 441, '265 266 407 280 354 270 271 232 249 236 196 278 ' ,'0 0 0 0 0 0 0 0 0 0 0 0 ' ,241 ,2 ,1, 1
390 ,454, 373, '298 264 337 226 363 327 228 338 250 358 283 237 ' ,'0 0 0 0 0 0 0 0 0 0 0 0 ' ,139 ,1 ,2, 2
343 ,380, 322, '236 202 242 223 285 238 227 309 193 313 225 219 ' ,'0 0 0 0 0 0 0 0 0 0 0 0 ' ,125 ,1 ,1, 1
451 ,337, 427, '246 223 296 196 409 245 231 265 227 226 220 217 ' ,'0 0 0 0 0 0 0 0 0 0 0 0 ' ,223 ,1 ,2, 1
471 ,443, 454, '253 185 248 194 443 220 209 355 203 438 249 229 ' ,'0 0 0 0 0 0 0 0 0 0 0 0 ' ,263 ,1 ,2, 1
380 ,461, 359, '212 198 334 263 193 242 242 339 219 254 245 203 ' ,'0 0 0 0 0 0 0 0 0 0 0 0 ' ,154 ,1 ,1, 1
316 ,370, 298, '288 229 275 221 274 279 236 277 210 256 262 230 ' ,'0 0 0 0 0 0 0 0 0 0 0 0 ' ,81 ,1 ,1, 1
294 ,308, 277, '216 200 234 163 257 209 215 214 183 267 215 214 ' ,'0 0 0 0 0 0 0 0 0 0 0 0 ' ,109 ,2 ,2, 2
453 ,284, 425, '217 386 236 218 343 172 417 221 198 268 188 335 ' ,'0 0 0 0 0 0 0 0 0 0 0 0 ' ,246 ,1 ,1, 1
390 ,454, 365, '212 182 351 175 336 198 191 304 176 316 181 184 ' ,'0 0 0 0 0 0 0 0 0 0 0 0 ' ,182 ,2 ,1, 1
366 ,373, 345, '195 331 256 287 273 186 338 167 275 292 185 298 ' ,'0 0 0 0 0 0 0 0 0 0 0 0 ' ,155 ,1 ,3, 2
429 ,358, 412, '241 223 328 219 257 246 240 364 210 329 215 224 ' ,'0 0 0 0 0 0 0 0 0 0 0 0 ' ,184 ,2 ,14, 2
337 ,421, 318, '288 257 307 186 244 298 262 300 234 211 290 204 ' ,'0 0 0 0 0 0 0 0 0 0 0 0 ' ,125 ,2 ,1, 1
429 ,328, 397, '230 238 260 260 388 235 262 206 236 281 271 262 ' ,'0 0 0 0 0 0 0 0 0 0 0 0 ' ,161 ,2 ,2, 2
380 ,420, 360, '231 248 331 269 343 222 220 332 236 341 270 258 ' ,'0 0 0 0 0 0 0 0 0 0 0 0 ' ,127 ,2 ,6, 2
514 ,372, 491, '236 204 474 255 296 259 298 251 275 278 221 302 ' ,'0 0 0 0 0 0 0 0 0 0 0 0 ' ,280 ,1 ,2, 2
372 ,504, 353, '231 208 301 182 330 256 211 344 232 309 240 218 ' ,'0 0 0 0 0 0 0 0 0 0 0 0 ' ,167 ,2 ,1, 1
417 ,369, 397, '295 192 387 206 382 260 219 279 207 291 221 231 ' ,'0 0 0 0 0 0 0 0 0 0 0 0 ' ,199 ,1 ,2, 1
374 ,406, 351, '222 216 263 185 252 204 191 239 219 248 196 232 ' ,'0 0 0 0 0 0 0 0 0 0 0 0 ' ,158 ,1 ,1, 1
347 ,367, 324, '196 193 247 184 237 193 178 286 196 184 181 186 ' ,'0 0 0 0 0 0 0 0 0 0 0 0 ' ,139 ,2 ,1, 1
370 ,337, 341, '197 317 156 272 229 159 279 200 260 331 199 287 ' ,'0 0 0 0 0 0 0 0 0 0 0 0 ' ,167 ,2 ,1, 1
272 ,440, 253, '208 159 219 187 242 187 168 194 173 224 185 191 ' ,'0 0 0 0 0 0 0 0 0 0 0 0 ' ,85 ,1 ,1, 1
307 ,264, 286, '215 204 224 213 205 182 190 227 195 272 216 217 ' ,'0 0 0 0 0 0 0 0 0 0 0 0 ' ,93 ,1 ,3, 2
406 ,297, 373, '229 221 302 184 344 215 204 266 220 287 203 204 ' ,'0 0 0 0 0 0 0 0 0 0 0 0 ' ,191 ,1 ,1, 1
330 ,393, 305, '219 159 254 233 274 194 195 261 183 290 194 175 ' ,'0 0 0 0 0 0 0 0 0 0 0 0 ' ,140 ,1 ,1, 1
406 ,322, 380, '190 265 306 232 281 196 263 287 251 263 197 259 ' ,'0 0 0 0 0 0 0 0 0 0 0 0 ' ,118 ,1 ,73, 1
436 ,393, 417, '240 228 194 194 329 203 201 401 198 381 227 199 ' ,'0 0 0 0 0 0 0 0 0 0 0 0 ' ,213 ,2 ,1, 1
416 ,427, 393, '225 240 281 253 338 230 217 270 196 375 279 229 ' ,'0 0 0 0 0 0 0 0 0 0 0 0 ' ,191 ,2 ,2, 2
368 ,406, 344, '265 222 244 259 311 197 246 335 220 301 222 242 ' ,'0 0 0 0 0 0 0 0 0 0 0 0 ' ,130 ,1 ,1, 1
303 ,355, 282, '195 218 226 231 246 243 246 260 234 270 206 211 ' ,'0 0 0 0 0 0 0 0 0 0 0 0 ' ,78 ,2 ,1, 1
371 ,292, 348, '206 253 279 264 301 204 268 299 235 330 209 312 ' ,'0 0 0 0 0 0 0 0 0 0 0 0 ' ,135 ,1 ,2, 2
342 ,357, 318, '302 219 302 225 262 288 281 303 260 279 296 262 ' ,'0 0 0 0 0 0 0 0 0 0 0 0 ' ,90 ,2 ,2, 1
474 ,327, 439, '248 226 352 259 382 212 228 359 241 428 221 267 ' ,'0 0 0 0 0 0 0 0 0 0 0 0 ' ,220 ,2 ,2, 2
353 ,460, 323, '261 208 261 240 317 204 236 293 210 299 226 230 ' ,'0 0 0 0 0 0 0 0 0 0 0 0 ' ,117 ,2 ,1, 1
312 ,339, 267, '218 226 229 197 285 220 202 210 218 257 202 236 ' ,'0 0 0 0 0 0 0 0 0 0 0 0 ' ,91 ,2 ,1, 1
434 ,305, 419, '198 238 309 197 267 225 245 301 222 406 185 245 ' ,'0 0 0 0 0 0 0 0 0 0 0 0 ' ,222 ,1 ,1, 1
481 ,424, 466, '451 232 246 243 368 426 242 224 234 223 414 234 ' ,'0 0 0 0 0 0 0 0 0 0 0 0 ' ,227 ,1 ,2, 2
401 ,472, 370, '235 226 304 176 242 236 194 266 209 354 194 191 ' ,'0 0 0 0 0 0 0 0 0 0 0 0 ' ,198 ,1 ,6, 3
485 ,391, 464, '228 204 226 193 451 189 211 246 177 212 196 203 ' ,'0 0 0 0 0 0 0 0 0 0 0 0 ' ,276 ,2 ,5, 4
303 ,470, 271, '193 173 233 186 246 188 169 218 190 251 177 192 ' ,'0 0 0 0 0 0 0 0 0 0 0 0 ' ,108 ,2 ,1, 1
271 ,293, 256, '170 198 208 200 206 205 178 145 214 246 175 206 ' ,'0 0 0 0 0 0 0 0 0 0 0 0 ' ,100 ,2 ,1, 1
289 ,262, 270, '219 180 228 216 258 201 189 190 192 256 227 184 ' ,'0 0 0 0 0 0 0 0 0 0 0 0 ' ,82 ,1 ,2, 1
379 ,277, 352, '220 176 184 176 257 208 183 227 189 340 214 203 ' ,'0 0 0 0 0 0 0 0 0 0 0 0 ' ,172 ,2 ,1, 1
433 ,368, 412, '239 212 249 204 323 243 248 210 190 398 226 215 ' ,'0 0 0 0 0 0 0 0 0 0 0 0 ' ,215 ,2 ,2, 1
316 ,423, 291, '253 206 285 215 232 269 209 226 216 259 175 231 ' ,'0 0 0 0 0 0 0 0 0 0 0 0 ' ,83 ,2 ,1, 1
374 ,308, 359, '186 330 285 322 315 225 311 183 346 269 191 305 ' ,'0 0 0 0 0 0 0 0 0 0 0 0 ' ,163 ,2 ,2, 1
305 ,367, 286, '245 233 223 178 245 272 231 211 166 227 224 191 ' ,'0 0 0 0 0 0 0 0 0 0 0 0 ' ,112 ,2 ,3, 2
391 ,295, 375, '240 211 364 218 330 206 232 282 261 334 221 219 ' ,'0 0 0 0 0 0 0 0 0 0 0 0 ' ,160 ,2 ,1, 1
399 ,382, 384, '212 280 324 221 362 230 269 294 210 368 266 247 ' ,'0 0 0 0 0 0 0 0 0 0 0 0 ' ,159 ,2 ,2, 2
478 ,389, 445, '277 260 379 209 431 258 280 413 225 388 229 233 ' ,'0 0 0 0 0 0 0 0 0 0 0 0 ' ,242 ,2 ,4, 1
432 ,466, 416, '207 362 342 330 325 258 342 374 338 306 269 322 ' ,'0 0 0 0 0 0 0 0 0 0 0 0 ' ,193 ,2 ,4, 4
379 ,422, 362, '266 266 240 215 330 292 229 261 239 349 289 281 ' ,'0 0 0 0 0 0 0 0 0 0 0 0 ' ,140 ,1 ,2, 2
402 ,369, 384, '222 208 275 251 355 266 234 358 209 371 219 252 ' ,'0 0 0 0 0 0 0 0 0 0 0 0 ' ,168 ,3 ,1, 1
385 ,392, 369, '251 230 330 198 328 218 198 299 218 239 211 181 ' ,'0 0 0 0 0 0 0 0 0 0 0 0 ' ,179 ,2 ,3, 1
394 ,375, 375, '207 220 300 201 365 220 202 309 221 256 218 211 ' ,'0 0 0 0 0 0 0 0 0 0 0 0 ' ,167 ,2 ,2, 1
328 ,386, 305, '213 214 175 244 278 245 230 226 248 235 214 234 ' ,'0 0 0 0 0 0 0 0 0 0 0 0 ' ,117 ,2 ,2, 2
347 ,465, 324, '198 189 266 204 316 211 164 193 206 246 224 177 ' ,'0 0 0 0 0 0 0 0 0 0 0 0 ' ,154 ,1 ,1, 1
318 ,334, 298, '202 212 232 183 285 252 180 233 184 200 200 183 ' ,'0 0 0 0 0 0 0 0 0 0 0 0 ' ,111 ,2 ,1, 1
367 ,308, 349, '203 181 252 172 251 187 166 336 205 293 190 182 ' ,'0 0 0 0 0 0 0 0 0 0 0 0 ' ,173 ,2 ,2, 2
317 ,360, 298, '229 197 222 177 278 227 225 288 223 213 239 223 ' ,'0 0 0 0 0 0 0 0 0 0 0 0 ' ,117 ,2 ,1, 1
358 ,308, 319, '223 259 224 330 276 211 265 299 297 254 262 243 ' ,'0 0 0 0 0 0 0 0 0 0 0 0 ' ,119 ,1 ,1, 1
373 ,350, 354, '213 229 315 216 339 246 252 247 212 344 268 210 ' ,'0 0 0 0 0 0 0 0 0 0 0 0 ' ,141 ,1 ,1, 1
403 ,366, 388, '273 268 260 236 239 229 263 283 250 367 197 250 ' ,'0 0 0 0 0 0 0 0 0 0 0 0 ' ,171 ,2 ,6, 6
520 ,395, 503, '224 273 244 177 367 273 258 353 245 319 245 243 ' ,'0 0 0 0 0 0 0 0 0 0 0 0 ' ,316 ,0 ,3, 2
380 ,512, 359, '277 252 219 270 265 218 261 272 235 347 252 242 ' ,'0 0 0 0 0 0 0 0 0 0 0 0 ' ,133 ,1 ,1, 1
752 ,369, 729, '721 241 340 276 357 243 237 398 288 370 268 265 ' ,'0 0 0 0 0 0 0 0 0 0 0 0 ' ,487 ,2 ,2, 2
435 ,746, 408, '403 231 323 236 400 373 242 333 236 276 350 273 ' ,'0 0 0 0 0 0 0 0 0 0 0 0 ' ,175 ,1 ,2, 1
375 ,429, 349, '280 242 307 237 340 232 249 200 196 295 252 212 ' ,'0 0 0 0 0 0 0 0 0 0 0 0 ' ,147 ,1 ,1, 1
503 ,360, 459, '225 216 278 240 472 196 198 287 196 312 204 196 ' ,'0 0 0 0 0 0 0 0 0 0 0 0 ' ,280 ,2 ,2, 2
315 ,496, 294, '225 203 279 208 207 202 186 204 183 211 189 221 ' ,'0 0 0 0 0 0 0 0 0 0 0 0 ' ,100 ,1 ,2, 2
334 ,308, 317, '199 286 232 247 306 164 265 241 265 248 196 289 ' ,'0 0 0 0 0 0 0 0 0 0 0 0 ' ,144 ,1 ,2, 2
316 ,324, 299, '243 225 286 206 256 252 190 197 158 243 266 191 ' ,'0 0 0 0 0 0 0 0 0 0 0 0 ' ,129 ,1 ,2, 1
398 ,306, 383, '185 235 224 207 369 192 234 253 207 292 221 170 ' ,'0 0 0 0 0 0 0 0 0 0 0 0 ' ,204 ,1 ,2, 1
503 ,388, 486, '228 225 263 204 273 224 220 337 187 476 224 230 ' ,'0 0 0 0 0 0 0 0 0 0 0 0 ' ,292 ,1 ,1, 1
394 ,494, 369, '243 250 273 243 236 206 229 222 213 356 212 218 ' ,'0 0 0 0 0 0 0 0 0 0 0 0 ' ,156 ,2 ,3, 2
329 ,386, 312, '174 274 259 244 266 237 237 247 254 291 242 215 ' ,'0 0 0 0 0 0 0 0 0 0 0 0 ' ,112 ,1 ,7, 7
371 ,316, 351, '338 279 230 223 215 304 280 308 215 324 323 229 ' ,'0 0 0 0 0 0 0 0 0 0 0 0 ' ,127 ,1 ,1, 1
425 ,364, 404, '270 192 260 203 297 283 287 374 215 384 259 184 ' ,'0 0 0 0 0 0 0 0 0 0 0 0 ' ,206 ,2 ,1, 1
460 ,416, 439, '271 241 425 250 418 222 304 340 245 375 245 282 ' ,'0 0 0 0 0 0 0 0 0 0 0 0 ' ,204 ,2 ,2, 2
403 ,450, 386, '239 237 256 195 295 261 241 262 234 372 248 255 ' ,'0 0 0 0 0 0 0 0 0 0 0 0 ' ,183 ,2 ,2, 1
436 ,394, 417, '240 407 353 246 319 274 364 298 349 342 261 368 ' ,'0 0 0 0 0 0 0 0 0 0 0 0 ' ,170 ,2 ,2, 2
503 ,430, 485, '476 246 313 261 216 395 278 340 246 343 393 256 ' ,'0 0 0 0 0 0 0 0 0 0 0 0 ' ,257 ,2 ,2, 2
348 ,494, 321, '252 228 205 236 288 235 215 242 255 309 259 251 ' ,'0 0 0 0 0 0 0 0 0 0 0 0 ' ,115 ,2 ,3, 3
414 ,341, 352, '203 197 293 182 271 243 189 309 225 244 231 200 ' ,'0 0 0 0 0 0 0 0 0 0 0 0 ' ,164 ,2 ,2, 1
361 ,375, 346, '224 249 337 205 191 267 187 297 259 243 260 197 ' ,'0 0 0 0 0 0 0 0 0 0 0 0 ' ,151 ,1 ,2, 1
354 ,353, 339, '166 269 328 317 235 247 266 247 274 280 215 222 ' ,'0 0 0 0 0 0 0 0 0 0 0 0 ' ,163 ,1 ,1, 1
411 ,346, 390, '197 224 380 193 304 260 229 238 214 266 225 226 ' ,'0 0 0 0 0 0 0 0 0 0 0 0 ' ,191 ,1 ,2, 1
367 ,406, 350, '192 227 244 190 240 189 245 316 219 281 211 223 ' ,'0 0 0 0 0 0 0 0 0 0 0 0 ' ,147 ,2 ,2, 1
328 ,357, 301, '201 221 293 193 224 227 222 203 203 292 199 185 ' ,'0 0 0 0 0 0 0 0 0 0 0 0 ' ,121 ,1 ,1, 1
416 ,320, 387, '239 255 292 205 325 213 268 335 208 273 219 257 ' ,'0 0 0 0 0 0 0 0 0 0 0 0 ' ,176 ,1 ,1, 1
481 ,401, 457, '236 270 389 196 406 290 311 440 293 330 276 276 ' ,'0 0 0 0 0 0 0 0 0 0 0 0 ' ,254 ,2 ,2, 2
533 ,467, 490, '236 242 299 223 438 191 279 280 226 477 250 265 ' ,'0 0 0 0 0 0 0 0 0 0 0 0 ' ,290 ,1 ,1, 1
392 ,563, 376, '247 210 315 231 259 240 274 335 256 238 248 223 ' ,'0 0 0 0 0 0 0 0 0 0 0 0 ' ,155 ,1 ,5, 5
420 ,382, 374, '246 190 289 225 303 222 252 386 210 278 235 233 ' ,'0 0 0 0 0 0 0 0 0 0 0 0 ' ,201 ,3 ,1, 1
351 ,410, 326, '258 212 291 232 283 274 243 268 237 313 260 273 ' ,'0 0 0 0 0 0 0 0 0 0 0 0 ' ,113 ,2 ,2, 1
430 ,343, 382, '223 298 225 255 337 239 260 399 261 347 250 269 ' ,'0 0 0 0 0 0 0 0 0 0 0 0 ' ,179 ,2 ,1, 1
396 ,424, 375, '311 227 365 212 284 284 234 306 207 280 278 248 ' ,'0 0 0 0 0 0 0 0 0 0 0 0 ' ,160 ,2 ,2, 1
410 ,389, 394, '245 198 385 208 360 214 222 260 224 304 225 197 ' ,'0 0 0 0 0 0 0 0 0 0 0 0 ' ,190 ,1 ,1, 1
266 ,404, 249, '203 190 200 188 236 188 148 235 184 236 195 197 ' ,'0 0 0 0 0 0 0 0 0 0 0 0 ' ,95 ,1 ,1, 1
355 ,258, 334, '214 214 272 179 196 200 194 323 177 198 237 194 ' ,'0 0 0 0 0 0 0 0 0 0 0 0 ' ,149 ,1 ,2, 2
392 ,349, 369, '208 219 294 212 239 355 250 298 216 227 245 237 ' ,'0 0 0 0 0 0 0 0 0 0 0 0 ' ,151 ,2 ,2, 2
361 ,384, 335, '312 195 300 198 229 293 204 329 232 308 249 221 ' ,'0 0 0 0 0 0 0 0 0 0 0 0 ' ,141 ,1 ,1, 1
363 ,352, 348, '244 235 234 188 330 247 227 277 244 333 231 238 ' ,'0 0 0 0 0 0 0 0 0 0 0 0 ' ,152 ,2 ,3, 3
478 ,354, 440, '186 263 240 185 441 214 224 218 226 383 257 240 ' ,'0 0 0 0 0 0 0 0 0 0 0 0 ' ,265 ,1 ,1, 1
348 ,469, 332, '232 286 321 228 316 211 231 241 189 320 277 225 ' ,'0 0 0 0 0 0 0 0 0 0 0 0 ' ,136 ,2 ,1, 1
398 ,344, 381, '249 291 291 240 323 279 249 338 243 366 225 196 ' ,'0 0 0 0 0 0 0 0 0 0 0 0 ' ,176 ,2 ,2, 2
465 ,388, 446, '428 267 277 250 267 406 207 342 254 260 421 215 ' ,'0 0 0 0 0 0 0 0 0 0 0 0 ' ,229 ,2 ,2, 2
412 ,459, 390, '221 250 206 245 303 238 223 255 226 373 217 232 ' ,'0 0 0 0 0 0 0 0 0 0 0 0 ' ,160 ,1 ,3, 2
389 ,398, 359, '240 209 290 266 358 252 184 358 254 321 285 212 ' ,'0 0 0 0 0 0 0 0 0 0 0 0 ' ,183 ,1 ,1, 1
412 ,381, 397, '218 245 345 176 314 279 226 384 244 334 209 194 ' ,'0 0 0 0 0 0 0 0 0 0 0 0 ' ,215 ,2 ,3, 3
383 ,405, 364, '235 209 352 269 283 242 244 323 243 223 235 269 ' ,'0 0 0 0 0 0 0 0 0 0 0 0 ' ,147 ,1 ,2, 2
371 ,373, 353, '267 198 276 225 267 246 214 274 231 337 202 223 ' ,'0 0 0 0 0 0 0 0 0 0 0 0 ' ,148 ,3 ,2, 2
345 ,362, 328, '224 215 274 192 316 198 205 312 197 306 177 198 ' ,'0 0 0 0 0 0 0 0 0 0 0 0 ' ,142 ,2 ,1, 1
341 ,337, 309, '193 230 308 204 206 202 241 237 182 213 214 196 ' ,'0 0 0 0 0 0 0 0 0 0 0 0 ' ,132 ,2 ,1, 1
338 ,332, 318, '201 203 238 162 271 208 179 202 220 302 174 237 ' ,'0 0 0 0 0 0 0 0 0 0 0 0 ' ,145 ,2 ,2, 1
375 ,327, 346, '236 297 171 319 234 209 198 191 346 296 183 183 ' ,'0 0 0 0 0 0 0 0 0 0 0 0 ' ,165 ,1 ,2, 2
313 ,367, 298, '216 216 245 219 181 212 207 287 165 239 236 180 ' ,'0 0 0 0 0 0 0 0 0 0 0 0 ' ,126 ,2 ,2, 2
348 ,307, 327, '189 187 317 203 255 191 220 256 193 224 231 186 ' ,'0 0 0 0 0 0 0 0 0 0 0 0 ' ,134 ,2 ,2, 2
309 ,342, 292, '190 222 197 200 265 195 151 254 186 185 175 167 ' ,'0 0 0 0 0 0 0 0 0 0 0 0 ' ,136 ,2 ,1, 1
359 ,302, 329, '243 250 217 256 279 227 201 242 240 318 248 249 ' ,'0 0 0 0 0 0 0 0 0 0 0 0 ' ,127 ,2 ,2, 1
352 ,345, 329, '217 267 316 189 261 250 321 307 308 320 238 306 ' ,'0 0 0 0 0 0 0 0 0 0 0 0 ' ,136 ,1 ,2, 1
406 ,346, 373, '228 228 277 235 332 327 201 365 245 325 252 241 ' ,'0 0 0 0 0 0 0 0 0 0 0 0 ' ,168 ,2 ,1, 1
399 ,385, 381, '241 196 273 226 304 303 199 260 215 365 190 231 ' ,'0 0 0 0 0 0 0 0 0 0 0 0 ' ,180 ,2 ,2, 2
413 ,387, 395, '223 228 257 239 382 242 254 243 260 338 244 219 ' ,'0 0 0 0 0 0 0 0 0 0 0 0 ' ,167 ,2 ,3, 2
331 ,405, 314, '265 218 204 241 296 227 176 200 220 202 199 222 ' ,'0 0 0 0 0 0 0 0 0 0 0 0 ' ,131 ,2 ,2, 2
356 ,328, 338, '243 281 324 204 281 208 260 265 272 296 270 227 ' ,'0 0 0 0 0 0 0 0 0 0 0 0 ' ,126 ,1 ,2, 2
286 ,349, 255, '243 200 232 170 218 217 245 233 214 201 241 195 ' ,'0 0 0 0 0 0 0 0 0 0 0 0 ' ,79 ,2 ,1, 1
315 ,269, 294, '193 187 281 181 203 182 201 171 183 214 194 191 ' ,'0 0 0 0 0 0 0 0 0 0 0 0 ' ,110 ,1 ,2, 2
361 ,306, 343, '217 222 280 189 330 235 214 167 202 235 220 222 ' ,'0 0 0 0 0 0 0 0 0 0 0 0 ' ,147 ,2 ,2, 2
397 ,358, 382, '241 202 305 186 369 242 189 314 215 324 198 195 ' ,'0 0 0 0 0 0 0 0 0 0 0 0 ' ,189 ,2 ,2, 2
283 ,390, 267, '194 243 218 222 246 188 222 209 218 256 203 208 ' ,'0 0 0 0 0 0 0 0 0 0 0 0 ' ,70 ,1 ,1, 1
303 ,274, 286, '241 220 210 180 212 208 193 201 182 271 236 219 ' ,'0 0 0 0 0 0 0 0 0 0 0 0 ' ,101 ,1 ,1, 1
327 ,297, 312, '227 231 295 226 286 186 234 284 232 197 238 204 ' ,'0 0 0 0 0 0 0 0 0 0 0 0 ' ,117 ,2 ,3, 2
394 ,327, 377, '206 190 340 235 252 219 226 323 217 368 215 237 ' ,'0 0 0 0 0 0 0 0 0 0 0 0 ' ,180 ,1 ,1, 1
381 ,386, 363, '249 229 345 254 308 247 259 350 234 285 226 264 ' ,'0 0 0 0 0 0 0 0 0 0 0 0 ' ,126 ,1 ,2, 2
542 ,374, 524, '512 273 253 243 362 256 256 252 226 328 268 266 ' ,'0 0 0 0 0 0 0 0 0 0 0 0 ' ,291 ,2 ,2, 2
522 ,534, 492, '456 254 263 236 369 409 215 312 193 403 480 217 ' ,'0 0 0 0 0 0 0 0 0 0 0 0 ' ,292 ,1 ,3, 2
471 ,513, 446, '194 237 399 260 437 262 303 285 247 408 169 255 ' ,'0 0 0 0 0 0 0 0 0 0 0 0 ' ,271 ,1 ,1, 1
378 ,459, 353, '199 217 339 221 338 266 223 306 214 283 247 208 ' ,'0 0 0 0 0 0 0 0 0 0 0 0 ' ,154 ,2 ,3, 2
351 ,372, 333, '227 197 172 217 279 232 226 320 227 195 200 199 ' ,'0 0 0 0 0 0 0 0 0 0 0 0 ' ,149 ,1 ,2, 1
339 ,343, 321, '253 229 306 230 271 221 309 246 238 278 235 253 ' ,'0 0 0 0 0 0 0 0 0 0 0 0 ' ,91 ,2 ,2, 2
383 ,331, 365, '253 211 261 250 319 208 215 319 255 217 242 177 ' ,'0 0 0 0 0 0 0 0 0 0 0 0 ' ,175 ,2 ,2, 2
344 ,375, 330, '200 232 296 195 307 185 197 257 260 298 185 210 ' ,'0 0 0 0 0 0 0 0 0 0 0 0 ' ,135 ,2 ,2, 2
301 ,338, 283, '192 166 214 176 206 205 227 266 200 261 185 220 ' ,'0 0 0 0 0 0 0 0 0 0 0 0 ' ,106 ,2 ,1, 1
374 ,291, 339, '198 202 231 188 238 204 183 323 233 244 201 180 ' ,'0 0 0 0 0 0 0 0 0 0 0 0 ' ,151 ,2 ,2, 2
376 ,357, 362, '187 251 342 264 332 196 230 346 245 243 278 219 ' ,'0 0 0 0 0 0 0 0 0 0 0 0 ' ,167 ,2 ,2, 2
387 ,368, 366, '244 224 230 235 351 220 233 281 194 331 218 264 ' ,'0 0 0 0 0 0 0 0 0 0 0 0 ' ,162 ,3 ,2, 2
497 ,380, 469, '281 232 455 284 382 273 266 335 240 265 231 204 ' ,'0 0 0 0 0 0 0 0 0 0 0 0 ' ,259 ,2 ,2, 2
457 ,485, 435, '231 244 248 228 424 209 236 298 274 376 205 251 ' ,'0 0 0 0 0 0 0 0 0 0 0 0 ' ,220 ,2 ,2, 2
406 ,449, 389, '240 255 356 279 358 263 205 376 256 377 278 250 ' ,'0 0 0 0 0 0 0 0 0 0 0 0 ' ,178 ,2 ,2, 1
409 ,401, 392, '231 353 244 319 341 231 383 347 348 289 217 346 ' ,'0 0 0 0 0 0 0 0 0 0 0 0 ' ,166 ,1 ,2, 2
418 ,402, 399, '244 256 346 222 313 290 284 387 225 379 282 243 ' ,'0 0 0 0 0 0 0 0 0 0 0 0 ' ,173 ,2 ,2, 2
341 ,411, 324, '241 259 247 226 311 279 235 255 197 311 261 242 ' ,'0 0 0 0 0 0 0 0 0 0 0 0 ' ,120 ,2 ,2, 2
396 ,335, 375, '246 192 306 202 271 229 219 250 221 363 260 189 ' ,'0 0 0 0 0 0 0 0 0 0 0 0 ' ,180 ,2 ,2, 2
366 ,388, 351, '288 220 280 202 259 302 245 225 244 311 298 226 ' ,'0 0 0 0 0 0 0 0 0 0 0 0 ' ,139 ,23 ,1, 1
397 ,359, 377, '190 273 328 261 288 313 287 355 342 362 253 264 ' ,'0 0 0 0 0 0 0 0 0 0 0 0 ' ,172 ,2 ,3, 2
350 ,390, 334, '218 182 262 240 260 231 236 269 236 312 215 245 ' ,'0 0 0 0 0 0 0 0 0 0 0 0 ' ,144 ,2 ,2, 2
326 ,342, 311, '181 231 300 173 242 197 194 290 194 217 207 165 ' ,'0 0 0 0 0 0 0 0 0 0 0 0 ' ,137 ,2 ,2, 2
300 ,319, 285, '208 153 236 191 274 192 185 172 191 235 196 200 ' ,'0 0 0 0 0 0 0 0 0 0 0 0 ' ,124 ,3 ,2, 2
301 ,293, 278, '212 189 232 191 254 244 232 263 232 224 206 216 ' ,'0 0 0 0 0 0 0 0 0 0 0 0 ' ,81 ,2 ,1, 1
307 ,291, 288, '178 256 180 207 269 197 247 211 196 269 193 223 ' ,'0 0 0 0 0 0 0 0 0 0 0 0 ' ,103 ,2 ,2, 1
398 ,298, 377, '222 214 216 201 231 264 239 209 184 363 239 209 ' ,'0 0 0 0 0 0 0 0 0 0 0 0 ' ,185 ,2 ,2, 2
309 ,393, 296, '236 214 212 236 242 221 211 233 193 283 203 214 ' ,'0 0 0 0 0 0 0 0 0 0 0 0 ' ,95 ,2 ,3, 2
462 ,302, 443, '278 244 263 228 321 226 236 278 256 429 180 248 ' ,'0 0 0 0 0 0 0 0 0 0 0 0 ' ,252 ,3 ,2, 1
402 ,455, 385, '258 246 300 227 371 222 219 246 266 368 208 201 ' ,'0 0 0 0 0 0 0 0 0 0 0 0 ' ,177 ,2 ,2, 2
347 ,395, 331, '190 271 310 230 247 292 259 292 302 319 254 280 ' ,'0 0 0 0 0 0 0 0 0 0 0 0 ' ,134 ,2 ,3, 2
352 ,337, 336, '298 243 253 237 308 280 193 323 253 270 213 222 ' ,'0 0 0 0 0 0 0 0 0 0 0 0 ' ,135 ,2 ,2, 2
350 ,344, 336, '269 212 275 218 322 248 202 254 232 325 223 253 ' ,'0 0 0 0 0 0 0 0 0 0 0 0 ' ,126 ,2 ,2, 2
431 ,344, 406, '236 228 273 201 269 226 217 230 206 395 248 219 ' ,'0 0 0 0 0 0 0 0 0 0 0 0 ' ,201 ,3 ,1, 1
338 ,428, 321, '227 234 222 206 256 184 201 281 212 307 177 206 ' ,'0 0 0 0 0 0 0 0 0 0 0 0 ' ,131 ,2 ,3, 2
373 ,330, 358, '258 205 305 215 343 259 240 225 195 285 246 212 ' ,'0 0 0 0 0 0 0 0 0 0 0 0 ' ,153 ,2 ,3, 2
297 ,363, 283, '221 191 205 189 260 235 186 205 210 271 230 209 ' ,'0 0 0 0 0 0 0 0 0 0 0 0 ' ,88 ,2 ,2, 2
320 ,290, 305, '224 181 203 189 259 196 193 233 244 287 181 165 ' ,'0 0 0 0 0 0 0 0 0 0 0 0 ' ,131 ,1 ,2, 1
484 ,313, 466, '209 200 184 180 247 214 179 191 203 454 187 224 ' ,'0 0 0 0 0 0 0 0 0 0 0 0 ' ,279 ,2 ,1, 1
332 ,477, 311, '197 200 187 191 254 223 163 176 179 246 193 203 ' ,'0 0 0 0 0 0 0 0 0 0 0 0 ' ,137 ,2 ,2, 2
297 ,325, 280, '232 234 221 231 266 169 230 203 204 250 221 246 ' ,'0 0 0 0 0 0 0 0 0 0 0 0 ' ,100 ,2 ,2, 2
407 ,289, 390, '287 179 279 164 285 301 216 363 175 245 269 190 ' ,'0 0 0 0 0 0 0 0 0 0 0 0 ' ,220 ,2 ,1, 1
316 ,400, 299, '165 192 267 168 234 213 195 211 193 288 204 198 ' ,'0 0 0 0 0 0 0 0 0 0 0 0 ' ,127 ,2 ,2, 1
302 ,308, 282, '199 213 174 190 226 197 168 194 177 271 234 220 ' ,'0 0 0 0 0 0 0 0 0 0 0 0 ' ,107 ,2 ,2, 2
383 ,297, 360, '190 184 350 225 262 229 178 208 177 327 194 196 ' ,'0 0 0 0 0 0 0 0 0 0 0 0 ' ,177 ,1 ,2, 1
269 ,376, 254, '234 223 203 243 209 194 225 190 191 179 182 219 ' ,'0 0 0 0 0 0 0 0 0 0 0 0 ' ,57 ,1 ,2, 2
496 ,260, 478, '217 211 304 283 285 266 238 343 230 304 221 249 ' ,'0 0 0 0 0 0 0 0 0 0 0 0 ' ,258 ,126 ,2, 2
424 ,490, 365, '210 246 212 237 320 292 252 327 252 351 243 265 ' ,'0 0 0 0 0 0 0 0 0 0 0 0 ' ,148 ,1 ,2, 2
402 ,375, 380, '227 218 233 245 368 302 337 280 257 283 281 253 ' ,'0 0 0 0 0 0 0 0 0 0 0 0 ' ,155 ,2 ,1, 1
399 ,393, 380, '225 206 311 234 368 245 176 307 268 347 261 235 ' ,'0 0 0 0 0 0 0 0 0 0 0 0 ' ,195 ,2 ,1, 1
554 ,395, 535, '210 307 237 305 305 226 301 309 343 326 192 318 ' ,'0 0 0 0 0 0 0 0 0 0 0 0 ' ,315 ,2 ,2, 2
322 ,545, 298, '288 201 240 213 203 267 229 253 218 276 266 207 ' ,'0 0 0 0 0 0 0 0 0 0 0 0 ' ,91 ,2 ,1, 1
303 ,314, 287, '266 225 195 214 275 256 204 210 218 261 177 222 ' ,'0 0 0 0 0 0 0 0 0 0 0 0 ' ,100 ,2 ,2, 2
346 ,305, 330, '207 194 214 210 313 182 162 207 238 299 211 198 ' ,'0 0 0 0 0 0 0 0 0 0 0 0 ' ,155 ,2 ,2, 1
372 ,339, 355, '229 204 342 229 267 219 179 264 184 280 177 201 ' ,'0 0 0 0 0 0 0 0 0 0 0 0 ' ,167 ,2 ,1, 1
368 ,364, 352, '199 279 238 229 308 213 294 328 194 274 234 243 ' ,'0 0 0 0 0 0 0 0 0 0 0 0 ' ,152 ,2 ,1, 1
325 ,361, 310, '222 193 281 155 300 189 236 228 197 273 214 173 ' ,'0 0 0 0 0 0 0 0 0 0 0 0 ' ,151 ,2 ,1, 1
329 ,320, 313, '204 220 207 189 238 205 198 296 223 253 200 188 ' ,'0 0 0 0 0 0 0 0 0 0 0 0 ' ,119 ,3 ,2, 1
347 ,436, 334, '202 210 217 173 286 216 213 205 231 321 203 184 ' ,'0 0 0 0 0 0 0 0 0 0 0 0 ' ,153 ,2 ,2, 2
393 ,341, 373, '224 204 237 229 327 228 271 284 243 361 219 188 ' ,'0 0 0 0 0 0 0 0 0 0 0 0 ' ,181 ,2 ,2, 2
333 ,387, 308, '229 260 274 207 217 253 291 230 238 261 212 280 ' ,'0 0 0 0 0 0 0 0 0 0 0 0 ' ,89 ,1 ,2, 2
361 ,324, 342, '247 253 269 226 294 283 204 271 230 331 247 174 ' ,'0 0 0 0 0 0 0 0 0 0 0 0 ' ,161 ,2 ,1, 1
428 ,353, 414, '277 230 316 252 364 277 201 276 250 399 192 183 ' ,'0 0 0 0 0 0 0 0 0 0 0 0 ' ,221 ,2 ,2, 1
486 ,419, 468, '209 344 434 232 326 308 267 395 286 455 244 335 ' ,'0 0 0 0 0 0 0 0 0 0 0 114994 ' ,251 ,2 ,2, 2
345 ,481, 311, '246 185 243 224 305 243 229 203 231 297 237 227 ' ,'0 0 0 0 0 0 0 0 0 0 0 0 ' ,131 ,2 ,2, 2
370 ,337, 355, '200 233 230 234 341 254 253 281 270 234 168 249 ' ,'0 0 0 0 0 0 0 0 0 0 0 0 ' ,178 ,2 ,1, 1
426 ,361, 411, '242 222 299 257 399 225 199 238 218 350 266 202 ' ,'0 0 0 0 0 0 0 0 0 0 0 0 ' ,202 ,1 ,2, 2
352 ,418, 337, '232 199 283 216 307 223 223 234 224 321 213 212 ' ,'0 0 0 0 0 0 0 0 0 0 0 0 ' ,126 ,2 ,2, 2
336 ,347, 316, '210 220 243 202 295 227 200 191 242 304 237 221 ' ,'0 0 0 0 0 0 0 0 0 0 0 0 ' ,112 ,2 ,2, 2
302 ,330, 286, '265 175 235 223 202 189 203 273 192 209 206 188 ' ,'0 0 0 0 0 0 0 0 0 0 0 0 ' ,103 ,2 ,1, 1
294 ,293, 277, '191 235 246 186 255 200 265 216 221 186 194 218 ' ,'0 0 0 0 0 0 0 0 0 0 0 0 ' ,86 ,2 ,1, 1
444 ,289, 416, '240 206 283 197 222 220 177 282 177 401 246 176 ' ,'0 0 0 0 0 0 0 0 0 0 0 0 ' ,230 ,1 ,2, 1
483 ,436, 466, '192 201 255 213 205 206 197 192 178 181 214 174 ' ,'0 0 0 0 266413 0 0 0 0 0 0 0 ' ,285 ,2 ,1, 1
632 ,476, 616, '199 180 275 159 337 163 231 603 213 550 209 184 ' ,'0 0 0 0 0 0 0 279985 0 217843 0 0 ' ,451 ,2 ,1, 1
336 ,626, 321, '201 180 279 206 215 182 146 263 200 309 178 180 ' ,'0 0 0 0 0 0 0 0 0 0 0 0 ' ,165 ,2 ,2, 2
378 ,328, 360, '209 228 270 297 350 221 283 336 238 242 182 239 ' ,'0 0 0 0 0 0 0 0 0 0 0 0 ' ,170 ,2 ,2, 2
459 ,368, 443, '323 245 299 223 357 351 257 430 232 346 389 261 ' ,'0 0 0 0 0 0 0 0 0 0 0 0 ' ,214 ,2 ,1, 1
488 ,453, 471, '243 273 453 238 324 252 289 335 227 299 236 259 ' ,'0 0 0 0 0 0 0 0 0 0 0 0 ' ,235 ,2 ,2, 2
428 ,480, 412, '249 223 398 240 297 241 253 265 236 299 171 210 ' ,'0 0 0 0 0 0 0 0 0 0 0 0 ' ,231 ,2 ,2, 2
468 ,420, 451, '213 301 355 246 341 256 232 298 223 421 253 204 ' ,'0 0 0 0 0 0 0 0 0 0 0 0 ' ,236 ,2 ,4, 4
440 ,460, 420, '223 265 384 266 370 262 242 267 264 380 251 236 ' ,'0 0 0 0 0 0 0 0 0 0 0 0 ' ,188 ,1 ,2, 2
367 ,434, 350, '247 225 335 251 338 276 240 276 338 290 281 267 ' ,'0 0 0 0 0 0 0 0 0 0 0 0 ' ,118 ,2 ,2, 1
416 ,361, 398, '260 246 389 231 295 252 256 276 261 342 285 244 ' ,'0 0 0 0 0 0 0 0 0 0 0 0 ' ,162 ,2 ,2, 2
387 ,408, 371, '251 263 259 216 301 222 264 238 269 357 249 240 ' ,'0 0 0 0 0 0 0 0 0 0 0 0 ' ,148 ,2 ,3, 2
332 ,379, 310, '246 252 296 221 259 214 270 286 256 253 248 232 ' ,'0 0 0 0 0 0 0 0 0 0 0 0 ' ,86 ,2 ,2, 2
416 ,315, 402, '262 329 205 236 302 218 335 389 302 345 237 318 ' ,'0 0 0 0 0 0 0 0 0 0 0 0 ' ,189 ,2 ,2, 2
328 ,409, 311, '259 205 301 208 269 234 237 299 255 288 241 224 ' ,'0 0 0 0 0 0 0 0 0 0 0 0 ' ,98 ,1 ,2, 2
362 ,321, 348, '179 180 295 194 257 216 236 263 195 333 222 197 ' ,'0 0 0 0 0 0 0 0 0 0 0 0 ' ,161 ,1 ,1, 1
291 ,356, 273, '200 163 264 210 228 182 188 178 197 228 228 171 ' ,'0 0 0 0 0 0 0 0 0 0 0 0 ' ,103 ,2 ,2, 2
363 ,285, 344, '265 201 259 187 271 232 209 254 169 329 167 224 ' ,'0 0 0 0 0 0 0 0 0 0 0 0 ' ,169 ,1 ,1, 1
343 ,356, 318, '191 264 288 179 223 183 270 255 224 203 187 268 ' ,'0 0 0 0 0 0 0 0 0 0 0 0 ' ,124 ,13 ,2, 2
