1327 ,0, 1251, '1199 52 58 55 ' ,'0 0 0 0 ' ,1146 ,3 ,16, 16
702 ,1275, 685, '665 628 614 604 ' ,'0 0 0 0 ' ,67 ,1 ,6, 5
1478 ,692, 675, '685 649 692 661 ' ,'0 0 0 0 ' ,34 ,1 ,6, 5
743 ,720, 725, '693 699 609 601 ' ,'0 0 0 0 ' ,104 ,1 ,5, 5
734 ,734, 713, '694 611 692 643 ' ,'0 0 0 0 ' ,84 ,2 ,7, 7
677 ,724, 660, '642 605 635 628 ' ,'0 0 0 0 ' ,36 ,3 ,7, 5
733 ,667, 716, '695 560 660 646 ' ,'0 0 0 0 ' ,140 ,2 ,6, 6
676 ,722, 661, '594 548 595 642 ' ,'0 0 0 0 ' ,98 ,1 ,6, 5
676 ,701, 661, '573 640 602 581 ' ,'0 0 0 0 ' ,70 ,3 ,4, 4
594 ,669, 573, '555 508 540 538 ' ,'0 0 0 0 ' ,48 ,2 ,5, 5
678 ,580, 664, '632 583 648 594 ' ,'0 0 0 0 ' ,69 ,3 ,2, 2
609 ,672, 594, '559 582 570 580 ' ,'0 0 0 0 ' ,25 ,2 ,3, 3
759 ,600, 745, '680 678 649 726 ' ,'0 0 0 0 ' ,82 ,3 ,6, 5
751 ,750, 738, '676 677 670 721 ' ,'0 0 0 0 ' ,56 ,3 ,5, 5
718 ,742, 697, '612 680 622 611 ' ,'0 0 0 0 ' ,73 ,3 ,6, 6
723 ,701, 712, '691 604 610 626 ' ,'0 0 0 0 ' ,92 ,3 ,7, 6
663 ,715, 648, '629 603 616 632 ' ,'0 0 0 0 ' ,30 ,2 ,6, 6
771 ,655, 757, '744 676 732 737 ' ,'0 0 0 0 ' ,67 ,0 ,6, 6
702 ,775, 688, '669 673 633 628 ' ,'0 0 0 0 ' ,46 ,1 ,6, 6
696 ,693, 681, '663 641 608 605 ' ,'0 0 0 0 ' ,64 ,1 ,6, 5
653 ,685, 640, '627 555 575 612 ' ,'0 0 0 0 ' ,71 ,1 ,5, 5
662 ,645, 645, '625 594 584 612 ' ,'0 0 0 0 ' ,45 ,1 ,5, 5
666 ,650, 648, '559 634 603 559 ' ,'0 0 0 0 ' ,79 ,1 ,4, 4
755 ,652, 741, '729 655 625 644 ' ,'0 0 0 0 ' ,105 ,1 ,3, 3
713 ,748, 695, '622 586 637 682 ' ,'0 0 0 0 ' ,98 ,1 ,5, 5
599 ,700, 585, '560 572 566 568 ' ,'0 0 0 0 ' ,15 ,2 ,5, 5
621 ,590, 607, '593 537 566 556 ' ,'0 0 0 0 ' ,56 ,1 ,5, 5
687 ,611, 674, '616 657 660 653 ' ,'0 0 0 0 ' ,47 ,2 ,5, 5
698 ,678, 684, '568 673 560 590 ' ,'0 0 0 0 ' ,115 ,1 ,3, 2
605 ,692, 591, '488 524 559 578 ' ,'0 0 0 0 ' ,91 ,2 ,5, 5
660 ,597, 647, '615 583 560 635 ' ,'0 0 0 0 ' ,74 ,0 ,6, 5
767 ,651, 751, '723 696 658 737 ' ,'0 0 0 0 ' ,83 ,1 ,6, 5
722 ,757, 709, '694 648 646 641 ' ,'0 0 0 0 ' ,56 ,1 ,6, 6
743 ,713, 728, '657 697 714 684 ' ,'0 0 0 0 ' ,60 ,1 ,5, 5
737 ,736, 724, '709 624 667 704 ' ,'0 0 0 0 ' ,87 ,1 ,7, 6
784 ,729, 771, '758 683 724 693 ' ,'0 0 0 0 ' ,76 ,1 ,6, 6
705 ,775, 691, '662 636 679 584 ' ,'0 0 0 0 ' ,99 ,1 ,4, 4
658 ,699, 644, '541 603 630 595 ' ,'0 0 0 0 ' ,90 ,2 ,6, 6
671 ,649, 650, '639 551 605 582 ' ,'0 0 0 0 ' ,90 ,1 ,4, 4
789 ,663, 774, '635 579 606 661 ' ,'0 0 0 0 ' ,183 ,1 ,6, 6
643 ,779, 630, '548 616 618 563 ' ,'0 0 0 0 ' ,70 ,1 ,5, 5
663 ,635, 648, '601 636 619 635 ' ,'0 0 0 0 ' ,36 ,2 ,5, 5
757 ,653, 743, '728 660 596 585 ' ,'0 0 0 0 ' ,140 ,1 ,5, 5
736 ,749, 722, '623 646 535 708 ' ,'0 0 0 0 ' ,177 ,1 ,3, 2
698 ,729, 679, '638 610 667 616 ' ,'0 0 0 0 ' ,58 ,1 ,6, 5
689 ,684, 674, '640 634 614 662 ' ,'0 0 0 0 ' ,49 ,1 ,5, 5
722 ,680, 707, '621 658 694 596 ' ,'0 0 0 0 ' ,100 ,1 ,4, 4
663 ,714, 641, '633 607 604 608 ' ,'0 0 0 0 ' ,30 ,1 ,5, 5
749 ,654, 734, '720 611 557 610 ' ,'0 0 0 0 ' ,166 ,1 ,6, 5
735 ,739, 721, '674 701 682 708 ' ,'0 0 0 0 ' ,36 ,1 ,6, 5
774 ,727, 757, '725 743 676 707 ' ,'0 0 0 0 ' ,70 ,1 ,6, 5
767 ,761, 754, '674 642 740 624 ' ,'0 0 0 0 ' ,119 ,1 ,6, 6
702 ,758, 684, '630 670 651 598 ' ,'0 0 0 0 ' ,75 ,1 ,6, 6
730 ,689, 716, '677 648 619 703 ' ,'0 0 0 0 ' ,86 ,2 ,6, 6
714 ,721, 698, '625 609 685 575 ' ,'0 0 0 0 ' ,115 ,1 ,6, 6
683 ,705, 668, '655 600 605 600 ' ,'0 0 0 0 ' ,59 ,1 ,6, 5
724 ,674, 709, '649 572 695 647 ' ,'0 0 0 0 ' ,125 ,1 ,6, 6
745 ,715, 730, '701 617 652 717 ' ,'0 0 0 0 ' ,101 ,1 ,6, 6
773 ,736, 758, '689 747 616 689 ' ,'0 0 0 0 ' ,132 ,1 ,3, 3
732 ,766, 716, '701 642 659 647 ' ,'0 0 0 0 ' ,62 ,1 ,6, 6
718 ,722, 704, '670 598 675 691 ' ,'0 0 0 0 ' ,93 ,1 ,6, 5
656 ,708, 642, '623 618 624 620 ' ,'0 0 0 0 ' ,9 ,1 ,7, 6
705 ,645, 691, '640 596 566 677 ' ,'0 0 0 0 ' ,114 ,2 ,5, 5
738 ,696, 722, '706 587 592 584 ' ,'0 0 0 0 ' ,126 ,1 ,5, 5
724 ,726, 711, '696 653 598 625 ' ,'0 0 0 0 ' ,102 ,1 ,5, 5
694 ,716, 680, '665 645 632 618 ' ,'0 0 0 0 ' ,50 ,1 ,5, 4
737 ,685, 722, '709 668 638 643 ' ,'0 0 0 0 ' ,74 ,1 ,3, 3
702 ,730, 685, '674 638 588 648 ' ,'0 0 0 0 ' ,85 ,1 ,5, 5
763 ,692, 748, '715 688 652 734 ' ,'0 0 0 0 ' ,82 ,1 ,6, 5
778 ,753, 764, '642 648 749 724 ' ,'0 0 0 0 ' ,110 ,2 ,5, 5
763 ,770, 749, '733 606 690 653 ' ,'0 0 0 0 ' ,102 ,1 ,7, 6
779 ,754, 762, '692 723 746 680 ' ,'0 0 0 0 ' ,70 ,2 ,6, 6
713 ,768, 698, '683 681 629 636 ' ,'0 0 0 0 ' ,56 ,1 ,5, 5
795 ,704, 780, '767 684 646 696 ' ,'0 0 0 0 ' ,122 ,1 ,5, 5
748 ,786, 733, '717 637 656 618 ' ,'0 0 0 0 ' ,102 ,1 ,6, 5
652 ,738, 637, '584 624 603 560 ' ,'0 0 0 0 ' ,67 ,2 ,3, 3
712 ,642, 698, '596 605 682 626 ' ,'0 0 0 0 ' ,88 ,1 ,5, 5
695 ,703, 680, '665 664 600 665 ' ,'0 0 0 0 ' ,69 ,1 ,5, 5
763 ,686, 747, '720 731 608 663 ' ,'0 0 0 0 ' ,126 ,1 ,6, 5
668 ,752, 655, '544 552 639 607 ' ,'0 0 0 0 ' ,99 ,1 ,6, 5
674 ,660, 661, '569 588 577 648 ' ,'0 0 0 0 ' ,80 ,1 ,5, 5
629 ,665, 616, '592 569 604 577 ' ,'0 0 0 0 ' ,34 ,1 ,3, 3
653 ,623, 639, '560 579 623 592 ' ,'0 0 0 0 ' ,66 ,1 ,4, 4
704 ,644, 690, '628 673 644 628 ' ,'0 0 0 0 ' ,51 ,1 ,5, 5
779 ,695, 765, '750 651 643 691 ' ,'0 0 0 0 ' ,108 ,0 ,5, 5
727 ,771, 714, '658 651 697 699 ' ,'0 0 0 0 ' ,50 ,2 ,6, 6
798 ,719, 783, '767 650 661 599 ' ,'0 0 0 0 ' ,171 ,1 ,6, 5
749 ,788, 736, '716 662 699 707 ' ,'0 0 0 0 ' ,60 ,1 ,6, 6
715 ,740, 697, '634 685 614 614 ' ,'0 0 0 0 ' ,74 ,1 ,3, 3
735 ,708, 719, '704 637 641 692 ' ,'0 0 0 0 ' ,69 ,1 ,5, 5
690 ,723, 675, '556 591 633 662 ' ,'0 0 0 0 ' ,106 ,1 ,5, 4
625 ,682, 609, '538 534 512 596 ' ,'0 0 0 0 ' ,86 ,0 ,6, 5
545 ,616, 533, '506 508 495 519 ' ,'0 0 0 0 ' ,24 ,1 ,5, 5
607 ,537, 592, '533 573 515 566 ' ,'0 0 0 0 ' ,65 ,2 ,5, 4
637 ,598, 622, '532 513 537 609 ' ,'0 0 0 0 ' ,97 ,1 ,4, 3
648 ,629, 635, '594 619 600 614 ' ,'0 0 0 0 ' ,29 ,2 ,5, 5
687 ,639, 670, '611 656 593 603 ' ,'0 0 0 0 ' ,66 ,1 ,4, 4
637 ,678, 624, '547 596 565 611 ' ,'0 0 0 0 ' ,62 ,0 ,5, 5
749 ,629, 735, '618 666 591 722 ' ,'0 0 0 0 ' ,131 ,1 ,6, 5
798 ,740, 784, '769 648 686 655 ' ,'0 0 0 0 ' ,123 ,1 ,5, 5
773 ,789, 758, '725 609 743 732 ' ,'0 0 0 0 ' ,136 ,1 ,6, 5
759 ,764, 746, '727 686 702 697 ' ,'0 0 0 0 ' ,45 ,1 ,7, 6
772 ,750, 754, '696 618 692 738 ' ,'0 0 0 0 ' ,121 ,2 ,7, 6
793 ,759, 779, '757 743 720 765 ' ,'0 0 0 0 ' ,45 ,1 ,7, 6
744 ,784, 726, '709 655 685 680 ' ,'0 0 0 0 ' ,59 ,1 ,5, 4
735 ,733, 721, '686 704 654 679 ' ,'0 0 0 0 ' ,53 ,1 ,6, 6
731 ,726, 716, '647 603 698 657 ' ,'0 0 0 0 ' ,96 ,1 ,6, 6
704 ,720, 692, '619 619 630 680 ' ,'0 0 0 0 ' ,60 ,0 ,6, 5
784 ,696, 767, '749 673 630 715 ' ,'0 0 0 0 ' ,123 ,2 ,5, 4
698 ,775, 684, '581 573 668 652 ' ,'0 0 0 0 ' ,99 ,1 ,4, 4
598 ,690, 582, '562 556 565 554 ' ,'0 0 0 0 ' ,14 ,1 ,6, 5
617 ,589, 604, '497 523 586 577 ' ,'0 0 0 0 ' ,89 ,1 ,6, 5
606 ,608, 592, '547 525 576 547 ' ,'0 0 0 0 ' ,55 ,1 ,3, 3
705 ,598, 690, '597 674 548 651 ' ,'0 0 0 0 ' ,130 ,1 ,4, 4
661 ,696, 648, '614 538 632 530 ' ,'0 0 0 0 ' ,105 ,0 ,5, 4
682 ,652, 669, '649 593 653 620 ' ,'0 0 0 0 ' ,62 ,1 ,5, 5
704 ,674, 688, '618 565 579 672 ' ,'0 0 0 0 ' ,111 ,2 ,6, 5
640 ,694, 627, '544 586 587 612 ' ,'0 0 0 0 ' ,68 ,1 ,6, 5
685 ,633, 672, '620 653 646 635 ' ,'0 0 0 0 ' ,38 ,2 ,5, 5
754 ,676, 733, '715 604 650 652 ' ,'0 0 0 0 ' ,115 ,1 ,4, 4
759 ,738, 745, '645 696 717 729 ' ,'0 0 0 0 ' ,85 ,1 ,6, 5
738 ,749, 725, '707 656 654 705 ' ,'0 0 0 0 ' ,56 ,1 ,6, 6
765 ,730, 750, '678 732 661 678 ' ,'0 0 0 0 ' ,75 ,2 ,6, 6
818 ,756, 804, '784 679 751 702 ' ,'0 0 0 0 ' ,109 ,1 ,7, 6
724 ,809, 710, '629 693 680 623 ' ,'0 0 0 0 ' ,75 ,2 ,4, 4
694 ,717, 680, '662 625 598 600 ' ,'0 0 0 0 ' ,66 ,1 ,5, 5
663 ,686, 650, '629 631 627 624 ' ,'0 0 0 0 ' ,12 ,2 ,5, 5
738 ,655, 710, '621 611 692 598 ' ,'0 0 0 0 ' ,99 ,1 ,5, 5
634 ,714, 621, '584 567 607 596 ' ,'0 0 0 0 ' ,43 ,1 ,3, 3
619 ,628, 605, '587 579 545 526 ' ,'0 0 0 0 ' ,66 ,2 ,5, 5
595 ,611, 581, '549 563 552 507 ' ,'0 0 0 0 ' ,61 ,1 ,5, 4
660 ,586, 646, '626 601 600 548 ' ,'0 0 0 0 ' ,84 ,2 ,5, 5
709 ,650, 695, '611 656 639 679 ' ,'0 0 0 0 ' ,67 ,2 ,5, 4
716 ,699, 702, '673 680 682 630 ' ,'0 0 0 0 ' ,59 ,1 ,5, 5
766 ,708, 753, '696 710 734 655 ' ,'0 0 0 0 ' ,82 ,1 ,6, 6
791 ,758, 777, '698 758 711 686 ' ,'0 0 0 0 ' ,76 ,1 ,6, 6
775 ,782, 756, '736 670 680 683 ' ,'0 0 0 0 ' ,70 ,2 ,6, 6
866 ,766, 853, '765 710 701 838 ' ,'0 0 0 0 ' ,136 ,1 ,5, 5
819 ,859, 804, '709 645 666 786 ' ,'0 0 0 0 ' ,145 ,2 ,6, 6
775 ,956, 763, '747 686 636 641 ' ,'0 0 0 0 ' ,109 ,1 ,6, 6
750 ,768, 731, '639 600 711 661 ' ,'0 0 0 0 ' ,116 ,1 ,5, 5
858 ,736, 839, '621 562 623 827 ' ,'0 0 0 0 ' ,263 ,2 ,5, 5
660 ,845, 645, '588 558 627 557 ' ,'0 0 0 0 ' ,75 ,1 ,6, 5
738 ,651, 721, '703 579 604 593 ' ,'0 0 0 0 ' ,128 ,2 ,5, 5
844 ,730, 830, '647 625 811 642 ' ,'0 0 160334 0 ' ,191 ,2 ,5, 5
737 ,835, 721, '663 704 657 645 ' ,'0 0 0 0 ' ,65 ,1 ,4, 4
687 ,729, 673, '653 653 647 628 ' ,'0 0 0 0 ' ,34 ,2 ,5, 5
749 ,679, 733, '634 695 668 722 ' ,'0 0 0 0 ' ,81 ,1 ,5, 5
807 ,739, 790, '772 752 684 692 ' ,'0 0 0 0 ' ,94 ,2 ,3, 2
752 ,801, 737, '717 640 701 700 ' ,'0 0 0 0 ' ,82 ,1 ,6, 5
819 ,743, 804, '786 654 729 695 ' ,'0 0 0 0 ' ,135 ,2 ,6, 6
763 ,809, 749, '730 706 715 693 ' ,'0 0 0 0 ' ,45 ,1 ,6, 5
802 ,757, 789, '701 774 741 709 ' ,'0 0 0 0 ' ,74 ,2 ,3, 3
834 ,797, 819, '757 739 716 804 ' ,'0 0 0 0 ' ,89 ,1 ,6, 6
716 ,826, 701, '656 685 682 672 ' ,'0 0 0 0 ' ,27 ,1 ,6, 5
744 ,708, 730, '532 601 606 715 ' ,'0 0 0 0 ' ,183 ,1 ,5, 5
693 ,736, 679, '611 577 660 597 ' ,'0 0 0 0 ' ,88 ,2 ,5, 5
704 ,686, 689, '671 640 576 636 ' ,'0 0 0 0 ' ,98 ,1 ,5, 4
753 ,695, 734, '654 601 670 717 ' ,'0 0 0 0 ' ,118 ,1 ,5, 5
691 ,739, 675, '608 610 635 660 ' ,'0 0 0 0 ' ,53 ,2 ,5, 4
740 ,682, 723, '590 589 577 712 ' ,'0 0 0 0 ' ,132 ,1 ,3, 3
721 ,730, 708, '678 686 688 656 ' ,'0 0 0 0 ' ,39 ,2 ,6, 6
794 ,713, 775, '755 705 751 706 ' ,'0 0 0 0 ' ,55 ,1 ,5, 5
836 ,787, 822, '698 776 758 807 ' ,'0 125940 0 0 ' ,106 ,1 ,6, 5
789 ,827, 776, '755 696 701 659 ' ,'0 0 0 0 ' ,102 ,2 ,6, 6
811 ,781, 797, '777 699 723 660 ' ,'0 0 0 0 ' ,122 ,1 ,7, 6
795 ,801, 781, '761 677 686 682 ' ,'0 0 0 0 ' ,84 ,1 ,6, 6
755 ,786, 741, '724 700 685 575 ' ,'0 0 0 0 ' ,152 ,1 ,6, 6
725 ,745, 710, '641 691 622 644 ' ,'0 0 0 0 ' ,71 ,1 ,6, 5
746 ,715, 731, '713 657 664 630 ' ,'0 0 0 0 ' ,88 ,1 ,5, 5
683 ,737, 665, '629 647 550 542 ' ,'0 0 0 0 ' ,110 ,1 ,4, 4
717 ,672, 702, '659 605 647 687 ' ,'0 0 0 0 ' ,82 ,1 ,5, 4
711 ,708, 697, '584 637 678 631 ' ,'0 0 0 0 ' ,96 ,1 ,5, 5
776 ,702, 761, '740 665 656 631 ' ,'0 0 0 0 ' ,117 ,2 ,5, 5
757 ,766, 744, '706 724 681 687 ' ,'0 0 0 0 ' ,45 ,1 ,6, 6
780 ,748, 764, '721 693 745 598 ' ,'0 0 0 0 ' ,153 ,2 ,5, 4
743 ,770, 728, '710 679 694 693 ' ,'0 0 0 0 ' ,34 ,1 ,5, 5
790 ,736, 774, '750 684 749 665 ' ,'0 0 0 0 ' ,94 ,1 ,6, 5
827 ,782, 813, '793 640 708 719 ' ,'0 0 0 0 ' ,157 ,1 ,5, 5
786 ,819, 772, '641 646 750 674 ' ,'0 0 0 0 ' ,116 ,2 ,5, 5
798 ,778, 783, '747 699 761 692 ' ,'0 0 0 0 ' ,76 ,2 ,6, 6
774 ,789, 759, '707 740 721 697 ' ,'0 0 0 0 ' ,48 ,2 ,6, 6
726 ,766, 712, '660 598 690 578 ' ,'0 0 0 0 ' ,119 ,1 ,6, 6
741 ,717, 728, '682 584 648 711 ' ,'0 0 0 0 ' ,128 ,2 ,6, 5
648 ,733, 636, '617 585 574 583 ' ,'0 0 0 0 ' ,45 ,1 ,5, 4
647 ,639, 608, '513 574 586 558 ' ,'0 0 0 0 ' ,74 ,1 ,5, 5
640 ,613, 623, '604 533 578 573 ' ,'0 0 0 0 ' ,74 ,2 ,5, 4
687 ,650, 669, '605 555 647 642 ' ,'0 0 0 0 ' ,99 ,2 ,5, 5
701 ,676, 687, '627 604 570 671 ' ,'0 0 0 0 ' ,103 ,3 ,5, 5
683 ,693, 669, '552 570 602 655 ' ,'0 0 0 0 ' ,102 ,1 ,4, 4
669 ,675, 653, '620 559 584 642 ' ,'0 0 0 0 ' ,78 ,1 ,5, 5
739 ,662, 724, '699 706 669 662 ' ,'0 0 0 0 ' ,49 ,1 ,5, 5
826 ,732, 812, '670 681 790 743 ' ,'0 0 0 0 ' ,119 ,1 ,5, 5
767 ,818, 753, '679 691 715 736 ' ,'0 0 0 0 ' ,57 ,2 ,6, 6
802 ,758, 789, '705 704 770 738 ' ,'0 0 0 0 ' ,69 ,1 ,5, 5
804 ,794, 790, '668 767 627 698 ' ,'0 0 0 0 ' ,148 ,1 ,6, 5
721 ,796, 702, '626 621 648 689 ' ,'0 0 0 0 ' ,66 ,2 ,5, 5
691 ,713, 677, '606 623 567 664 ' ,'0 0 0 0 ' ,93 ,1 ,6, 6
647 ,682, 634, '615 600 585 614 ' ,'0 0 0 0 ' ,32 ,1 ,5, 5
640 ,638, 624, '562 542 577 611 ' ,'0 0 0 0 ' ,67 ,1 ,5, 4
735 ,631, 720, '578 560 637 706 ' ,'0 0 0 0 ' ,144 ,1 ,4, 4
650 ,726, 634, '613 546 610 595 ' ,'0 0 0 0 ' ,71 ,2 ,5, 5
662 ,642, 649, '529 556 629 587 ' ,'0 0 0 0 ' ,104 ,1 ,5, 5
688 ,654, 669, '651 590 639 580 ' ,'0 0 0 0 ' ,73 ,1 ,6, 5
750 ,680, 732, '630 710 702 650 ' ,'0 0 0 0 ' ,85 ,4 ,5, 5
758 ,737, 741, '644 722 713 666 ' ,'0 0 0 0 ' ,83 ,2 ,4, 4
826 ,749, 812, '709 644 794 716 ' ,'0 0 0 0 ' ,152 ,1 ,5, 5
780 ,818, 766, '717 610 695 750 ' ,'0 0 0 0 ' ,141 ,1 ,6, 6
854 ,771, 837, '753 729 731 822 ' ,'0 0 0 0 ' ,97 ,2 ,3, 3
805 ,848, 790, '765 677 771 735 ' ,'0 0 0 0 ' ,96 ,1 ,6, 6
776 ,796, 761, '728 711 734 745 ' ,'0 0 0 0 ' ,34 ,1 ,5, 5
720 ,768, 701, '597 679 655 614 ' ,'0 0 0 0 ' ,88 ,2 ,6, 6
730 ,706, 714, '643 693 601 627 ' ,'0 0 0 0 ' ,96 ,2 ,5, 5
690 ,723, 675, '657 612 595 634 ' ,'0 0 0 0 ' ,62 ,1 ,5, 4
613 ,681, 600, '564 563 565 583 ' ,'0 0 0 0 ' ,19 ,1 ,4, 4
615 ,605, 602, '538 555 584 546 ' ,'0 0 0 0 ' ,43 ,1 ,4, 4
683 ,607, 669, '576 556 499 653 ' ,'0 0 0 0 ' ,156 ,1 ,4, 4
687 ,675, 666, '607 647 573 636 ' ,'0 0 0 0 ' ,78 ,1 ,5, 5
811 ,672, 792, '769 652 741 723 ' ,'0 0 0 0 ' ,123 ,2 ,6, 6
752 ,797, 737, '652 587 704 721 ' ,'0 0 0 0 ' ,133 ,1 ,4, 4
765 ,744, 752, '690 695 730 668 ' ,'0 0 0 0 ' ,66 ,2 ,5, 5
791 ,757, 777, '689 755 724 743 ' ,'0 0 0 0 ' ,67 ,1 ,6, 5
854 ,804, 840, '734 651 756 821 ' ,'0 0 0 0 ' ,172 ,1 ,6, 6
855 ,845, 841, '701 684 751 826 ' ,'0 0 0 0 ' ,141 ,1 ,6, 6
821 ,846, 806, '779 705 747 743 ' ,'0 0 0 0 ' ,83 ,1 ,7, 6
784 ,811, 772, '639 665 749 674 ' ,'0 0 0 0 ' ,111 ,1 ,6, 5
786 ,777, 771, '688 674 713 752 ' ,'0 0 0 0 ' ,80 ,2 ,6, 6
718 ,800, 705, '612 634 687 647 ' ,'0 0 0 0 ' ,75 ,1 ,6, 5
746 ,709, 734, '622 601 710 642 ' ,'0 0 0 0 ' ,114 ,1 ,5, 5
673 ,738, 660, '641 579 608 610 ' ,'0 0 0 0 ' ,64 ,1 ,5, 5
641 ,664, 628, '601 578 600 598 ' ,'0 0 0 0 ' ,33 ,1 ,5, 5
688 ,632, 672, '646 580 573 634 ' ,'0 0 0 0 ' ,82 ,1 ,7, 6
742 ,678, 729, '581 574 628 709 ' ,'0 0 0 0 ' ,137 ,1 ,5, 4
720 ,732, 708, '595 522 635 687 ' ,'0 0 0 0 ' ,168 ,3 ,5, 5
771 ,711, 758, '696 708 696 738 ' ,'0 0 0 0 ' ,44 ,2 ,5, 5
768 ,763, 750, '695 684 728 736 ' ,'0 0 0 0 ' ,50 ,1 ,6, 5
758 ,755, 740, '718 683 639 689 ' ,'0 0 0 0 ' ,81 ,1 ,5, 4
809 ,746, 795, '755 774 750 774 ' ,'0 0 0 0 ' ,25 ,1 ,7, 7
825 ,799, 810, '730 755 609 796 ' ,'0 0 0 0 ' ,182 ,1 ,5, 5
730 ,814, 715, '692 630 634 628 ' ,'0 0 0 0 ' ,73 ,1 ,5, 5
732 ,722, 717, '644 680 625 701 ' ,'0 0 0 0 ' ,75 ,1 ,5, 5
680 ,722, 666, '599 640 608 594 ' ,'0 0 0 0 ' ,54 ,2 ,7, 6
639 ,671, 624, '578 571 601 550 ' ,'0 0 0 0 ' ,60 ,2 ,5, 5
630 ,627, 616, '588 573 541 567 ' ,'0 0 0 0 ' ,52 ,1 ,9, 8
663 ,619, 649, '564 583 575 632 ' ,'0 0 0 0 ' ,65 ,1 ,5, 5
643 ,659, 630, '595 542 608 573 ' ,'0 0 0 0 ' ,74 ,2 ,3, 3
624 ,637, 610, '587 557 561 573 ' ,'0 0 0 0 ' ,36 ,1 ,5, 4
682 ,615, 669, '643 532 549 585 ' ,'0 0 0 0 ' ,117 ,1 ,5, 4
669 ,674, 657, '633 593 578 477 ' ,'0 0 0 0 ' ,161 ,2 ,6, 5
590 ,660, 577, '548 559 549 490 ' ,'0 0 0 0 ' ,69 ,1 ,5, 5
646 ,581, 633, '608 559 494 518 ' ,'0 0 0 0 ' ,119 ,1 ,5, 5
649 ,637, 634, '547 587 609 567 ' ,'0 0 0 0 ' ,68 ,1 ,5, 5
648 ,640, 634, '613 575 497 519 ' ,'0 0 0 0 ' ,122 ,1 ,3, 3
707 ,641, 693, '670 609 629 646 ' ,'0 0 0 0 ' ,66 ,1 ,5, 5
745 ,698, 730, '662 709 623 692 ' ,'0 0 0 0 ' ,86 ,1 ,6, 6
764 ,737, 751, '721 659 661 732 ' ,'0 0 0 0 ' ,73 ,1 ,7, 6
805 ,754, 791, '688 742 767 705 ' ,'0 0 0 0 ' ,85 ,1 ,6, 6
745 ,795, 732, '711 677 581 620 ' ,'0 0 0 0 ' ,130 ,1 ,5, 4
727 ,736, 715, '688 628 606 608 ' ,'0 0 0 0 ' ,88 ,2 ,6, 6
742 ,718, 729, '709 685 551 648 ' ,'0 0 0 0 ' ,159 ,2 ,3, 2
691 ,735, 673, '563 645 602 629 ' ,'0 0 0 0 ' ,91 ,5 ,5, 5
721 ,677, 708, '611 671 543 571 ' ,'0 0 0 0 ' ,141 ,15 ,5, 5
687 ,711, 672, '646 612 594 648 ' ,'0 0 0 0 ' ,58 ,2 ,5, 5
624 ,677, 610, '582 577 505 594 ' ,'0 0 0 0 ' ,86 ,2 ,4, 4
712 ,615, 697, '571 626 577 681 ' ,'0 0 0 0 ' ,105 ,2 ,5, 5
685 ,702, 672, '609 632 650 642 ' ,'0 0 0 0 ' ,42 ,1 ,5, 5
756 ,675, 742, '716 633 629 704 ' ,'0 0 0 0 ' ,92 ,1 ,6, 5
796 ,748, 782, '760 696 666 709 ' ,'0 0 0 0 ' ,93 ,1 ,6, 6
833 ,787, 820, '794 728 692 691 ' ,'0 0 0 0 ' ,113 ,1 ,7, 6
765 ,824, 751, '697 703 727 700 ' ,'0 0 0 0 ' ,32 ,1 ,7, 7
814 ,755, 798, '775 721 669 705 ' ,'0 0 0 0 ' ,107 ,1 ,6, 6
752 ,806, 737, '666 658 659 720 ' ,'0 0 0 0 ' ,59 ,1 ,4, 4
749 ,743, 737, '673 682 563 718 ' ,'0 0 0 0 ' ,150 ,1 ,6, 6
725 ,740, 711, '685 674 659 677 ' ,'0 0 0 0 ' ,33 ,1 ,6, 6
732 ,715, 718, '656 671 694 632 ' ,'0 0 0 0 ' ,70 ,2 ,3, 3
687 ,725, 673, '599 608 569 652 ' ,'0 0 0 0 ' ,86 ,2 ,5, 5
653 ,678, 639, '560 549 608 623 ' ,'0 0 0 0 ' ,73 ,1 ,4, 4
612 ,644, 598, '549 537 573 583 ' ,'0 0 0 0 ' ,46 ,1 ,4, 3
617 ,606, 603, '580 569 576 543 ' ,'0 0 0 0 ' ,44 ,2 ,5, 5
619 ,608, 601, '557 552 580 575 ' ,'0 0 0 0 ' ,31 ,1 ,4, 4
610 ,608, 596, '524 571 531 565 ' ,'0 0 0 0 ' ,49 ,2 ,6, 5
657 ,599, 645, '597 580 622 614 ' ,'0 0 0 0 ' ,46 ,2 ,3, 3
777 ,650, 763, '617 604 737 543 ' ,'0 0 0 0 ' ,202 ,1 ,6, 6
749 ,768, 732, '706 661 614 669 ' ,'0 0 0 0 ' ,98 ,1 ,6, 5
793 ,742, 778, '626 680 751 703 ' ,'0 0 0 0 ' ,130 ,2 ,6, 6
811 ,784, 798, '767 659 771 686 ' ,'0 0 0 0 ' ,120 ,1 ,5, 5
748 ,803, 732, '681 706 660 671 ' ,'0 0 0 0 ' ,51 ,2 ,6, 6
798 ,740, 782, '756 723 698 648 ' ,'0 0 0 0 ' ,120 ,2 ,6, 6
794 ,786, 782, '737 757 708 716 ' ,'0 0 0 0 ' ,49 ,2 ,7, 6
760 ,786, 749, '650 722 701 717 ' ,'0 0 0 0 ' ,78 ,2 ,7, 7
759 ,753, 748, '650 716 614 686 ' ,'0 0 0 0 ' ,108 ,2 ,10, 9
810 ,751, 798, '667 775 639 627 ' ,'0 0 0 0 ' ,152 ,2 ,6, 6
721 ,803, 709, '591 606 683 607 ' ,'0 0 0 0 ' ,92 ,2 ,7, 6
696 ,712, 684, '599 619 658 599 ' ,'0 0 0 0 ' ,67 ,1 ,5, 5
606 ,688, 593, '549 571 531 572 ' ,'0 0 0 0 ' ,42 ,1 ,5, 4
629 ,599, 616, '554 572 586 594 ' ,'0 0 0 0 ' ,42 ,1 ,5, 5
670 ,621, 656, '578 571 599 638 ' ,'0 0 0 0 ' ,68 ,3 ,5, 5
667 ,662, 652, '502 572 629 557 ' ,'0 0 0 0 ' ,130 ,2 ,5, 5
