837 ,0, 756, '51 709 52 44 52 47 703 43 ' ,'0 0 0 0 0 0 0 0 ' ,665 ,4 ,10, 10
486 ,889, 458, '394 357 442 372 437 347 339 397 ' ,'0 0 0 0 0 0 0 0 ' ,108 ,2 ,4, 3
1482 ,492, 352, '328 302 314 337 302 277 293 293 ' ,'0 0 0 0 0 0 0 0 ' ,1138 ,1 ,3, 3
417 ,1474, 395, '347 300 367 353 340 336 320 380 ' ,'0 0 0 0 0 0 0 0 ' ,83 ,2 ,3, 2
422 ,405, 402, '378 387 344 353 263 317 322 326 ' ,'0 0 0 0 0 0 0 0 ' ,130 ,2 ,4, 3
435 ,414, 407, '390 369 394 354 402 339 306 310 ' ,'0 0 0 0 0 0 0 0 ' ,92 ,2 ,3, 3
416 ,426, 392, '302 327 381 353 328 309 291 337 ' ,'0 0 0 0 0 0 0 0 ' ,95 ,3 ,3, 3
402 ,402, 388, '351 347 374 361 285 285 257 305 ' ,'0 0 0 0 0 0 0 0 ' ,121 ,1 ,2, 2
431 ,394, 412, '397 337 373 322 287 310 297 286 ' ,'0 0 0 0 0 0 0 0 ' ,115 ,3 ,3, 3
417 ,422, 401, '324 384 333 299 303 298 293 293 ' ,'0 0 0 0 0 0 0 0 ' ,98 ,3 ,2, 2
347 ,409, 333, '317 239 270 305 235 275 236 221 ' ,'0 0 0 0 0 0 0 0 ' ,101 ,3 ,2, 2
415 ,340, 382, '342 327 366 324 268 268 300 289 ' ,'0 0 0 0 0 0 0 0 ' ,105 ,7 ,2, 2
385 ,409, 370, '349 279 328 310 292 254 273 255 ' ,'0 0 0 0 0 0 0 0 ' ,103 ,3 ,3, 3
470 ,377, 447, '375 334 431 351 352 335 290 352 ' ,'0 0 0 0 0 0 0 0 ' ,145 ,3 ,1, 1
453 ,458, 432, '402 393 416 346 320 336 329 323 ' ,'0 0 0 0 0 0 0 0 ' ,99 ,3 ,2, 2
435 ,437, 409, '328 338 395 337 385 322 293 385 ' ,'0 0 0 0 0 0 0 0 ' ,107 ,3 ,2, 2
444 ,421, 425, '373 344 410 327 385 295 321 353 ' ,'0 0 0 0 0 0 0 0 ' ,121 ,1 ,3, 3
381 ,435, 365, '323 326 354 334 340 293 275 310 ' ,'0 0 0 0 0 0 0 0 ' ,78 ,0 ,3, 3
467 ,370, 445, '375 370 434 405 345 348 268 406 ' ,'0 0 0 0 0 0 0 0 ' ,166 ,1 ,3, 3
490 ,454, 476, '367 373 465 394 381 340 327 422 ' ,'0 0 0 0 0 0 0 0 ' ,140 ,1 ,3, 2
928 ,482, 909, '895 342 319 349 309 302 318 322 ' ,'0 0 0 0 0 0 0 0 ' ,596 ,1 ,3, 2
458 ,918, 437, '305 313 350 381 427 297 255 333 ' ,'0 0 0 0 0 0 0 0 ' ,175 ,1 ,2, 1
364 ,448, 348, '313 336 332 332 277 274 269 319 ' ,'0 0 0 0 0 0 0 0 ' ,65 ,2 ,3, 2
395 ,359, 379, '330 351 293 368 324 312 323 291 ' ,'0 0 0 0 0 0 0 0 ' ,78 ,1 ,3, 3
405 ,389, 383, '337 332 372 347 313 294 299 301 ' ,'0 0 0 0 0 0 0 0 ' ,78 ,1 ,1, 1
427 ,397, 412, '400 271 333 333 327 300 299 300 ' ,'0 0 0 0 0 0 0 0 ' ,131 ,1 ,3, 3
411 ,419, 390, '289 291 379 355 319 318 243 266 ' ,'0 0 0 0 0 0 0 0 ' ,138 ,1 ,2, 2
384 ,404, 345, '339 290 334 310 345 280 275 279 ' ,'0 0 0 0 0 0 0 0 ' ,77 ,1 ,2, 1
406 ,376, 392, '322 333 370 285 320 322 304 323 ' ,'0 0 0 0 0 0 0 0 ' ,90 ,2 ,2, 2
373 ,396, 359, '317 328 347 296 326 276 265 300 ' ,'0 0 0 0 0 0 0 0 ' ,84 ,2 ,2, 2
374 ,367, 334, '300 274 322 298 328 290 256 287 ' ,'0 0 0 0 0 0 0 0 ' ,92 ,2 ,3, 3
450 ,367, 436, '274 340 422 304 334 290 249 310 ' ,'0 0 0 0 0 0 0 0 ' ,178 ,1 ,2, 2
435 ,442, 412, '368 402 382 387 324 332 353 312 ' ,'0 0 0 0 0 0 0 0 ' ,94 ,2 ,5, 4
531 ,425, 501, '344 328 490 386 449 319 298 367 ' ,'0 0 0 0 0 0 0 0 ' ,195 ,2 ,2, 2
416 ,520, 400, '364 367 348 391 322 294 288 297 ' ,'0 0 0 0 0 0 0 0 ' ,103 ,1 ,3, 3
463 ,406, 444, '380 374 371 395 325 309 333 358 ' ,'0 0 0 0 0 0 0 0 ' ,128 ,1 ,4, 4
443 ,454, 426, '412 391 395 385 378 331 280 377 ' ,'0 0 0 0 0 0 0 0 ' ,137 ,2 ,3, 3
457 ,438, 438, '367 310 429 379 387 279 290 362 ' ,'0 0 0 0 0 0 0 0 ' ,151 ,1 ,2, 2
397 ,447, 383, '341 284 374 347 284 282 258 297 ' ,'0 0 0 0 0 0 0 0 ' ,116 ,1 ,3, 3
390 ,390, 375, '324 284 366 334 317 268 273 315 ' ,'0 0 0 0 0 0 0 0 ' ,100 ,1 ,2, 1
388 ,383, 367, '282 272 300 357 306 304 270 323 ' ,'0 0 0 0 0 0 0 0 ' ,89 ,1 ,3, 3
389 ,855, 365, '317 318 332 361 299 263 270 342 ' ,'0 0 0 0 0 0 0 0 ' ,97 ,1 ,2, 2
423 ,379, 402, '309 360 307 391 356 342 305 289 ' ,'0 0 0 0 0 0 0 0 ' ,98 ,1 ,3, 3
414 ,411, 395, '328 361 384 387 322 338 303 348 ' ,'0 0 0 0 0 0 0 0 ' ,84 ,1 ,3, 3
454 ,407, 439, '348 363 394 429 384 265 316 346 ' ,'0 0 0 0 0 0 0 0 ' ,166 ,2 ,3, 3
401 ,449, 384, '374 317 324 320 312 290 239 316 ' ,'0 0 0 0 0 0 0 0 ' ,139 ,2 ,2, 2
392 ,391, 376, '356 360 359 308 324 306 296 343 ' ,'0 0 0 0 0 0 0 0 ' ,73 ,1 ,2, 2
398 ,385, 382, '375 367 360 339 303 305 277 331 ' ,'0 0 0 0 0 0 0 0 ' ,99 ,0 ,2, 1
380 ,390, 364, '330 355 349 347 289 317 284 310 ' ,'0 0 0 0 0 0 0 0 ' ,73 ,1 ,2, 2
367 ,374, 349, '339 321 293 317 301 232 244 259 ' ,'0 0 0 0 0 0 0 0 ' ,109 ,1 ,3, 2
417 ,357, 398, '391 362 334 349 352 330 287 289 ' ,'0 0 0 0 0 0 0 0 ' ,104 ,1 ,2, 2
464 ,409, 446, '354 313 438 388 412 355 345 422 ' ,'0 0 0 0 0 0 0 0 ' ,127 ,1 ,3, 2
418 ,454, 398, '324 357 383 368 358 277 299 356 ' ,'0 0 0 0 0 0 0 0 ' ,111 ,1 ,3, 2
401 ,409, 386, '377 341 331 310 275 286 242 360 ' ,'0 0 0 0 0 0 0 0 ' ,137 ,1 ,2, 2
515 ,393, 493, '344 353 395 347 367 282 295 478 ' ,'0 0 0 0 0 0 0 0 ' ,202 ,8 ,3, 3
575 ,508, 557, '546 370 418 355 299 340 316 307 ' ,'0 0 0 0 0 0 0 0 ' ,233 ,1 ,3, 3
398 ,567, 383, '371 323 305 365 328 344 314 249 ' ,'0 0 0 0 0 0 0 0 ' ,118 ,2 ,3, 3
399 ,412, 384, '370 373 346 349 335 318 332 371 ' ,'0 0 0 0 0 0 0 0 ' ,58 ,1 ,4, 3
431 ,390, 416, '370 375 394 404 322 323 343 370 ' ,'0 0 0 0 0 0 0 0 ' ,83 ,1 ,3, 2
443 ,422, 421, '397 313 388 414 324 316 311 369 ' ,'0 0 0 0 0 0 0 0 ' ,104 ,1 ,3, 3
971 ,436, 955, '357 371 364 384 375 332 285 347 ' ,'0 0 0 0 0 0 0 0 ' ,100 ,1 ,567, 1
445 ,962, 431, '345 297 382 388 420 330 284 363 ' ,'0 0 0 0 0 0 0 0 ' ,140 ,1 ,1, 1
422 ,440, 401, '366 391 354 373 303 295 267 315 ' ,'0 0 0 0 0 0 0 0 ' ,127 ,1 ,3, 2
388 ,412, 374, '363 315 365 305 350 283 233 291 ' ,'0 0 0 0 0 0 0 0 ' ,135 ,1 ,1, 1
400 ,381, 382, '347 314 369 374 313 276 264 280 ' ,'0 0 0 0 0 0 0 0 ' ,112 ,2 ,2, 1
462 ,390, 443, '357 299 352 387 330 316 292 343 ' ,'0 0 0 0 0 0 0 0 ' ,97 ,2 ,47, 3
422 ,449, 408, '377 320 397 368 381 331 305 280 ' ,'0 0 0 0 0 0 0 0 ' ,116 ,2 ,2, 2
400 ,414, 382, '352 367 368 372 337 339 324 334 ' ,'0 0 0 0 0 0 0 0 ' ,49 ,2 ,3, 3
391 ,392, 372, '353 349 324 362 356 309 240 293 ' ,'0 0 0 0 0 0 0 0 ' ,125 ,2 ,3, 2
466 ,378, 454, '358 385 437 372 359 303 319 264 ' ,'0 0 0 0 0 0 0 0 ' ,176 ,2 ,3, 3
502 ,457, 489, '449 333 402 383 367 449 335 369 ' ,'0 0 0 0 0 0 0 0 ' ,120 ,1 ,29, 3
404 ,493, 387, '326 314 339 375 333 305 312 316 ' ,'0 0 0 0 0 0 0 0 ' ,70 ,2 ,3, 2
458 ,395, 443, '431 391 390 399 371 340 323 354 ' ,'0 0 0 0 0 0 0 0 ' ,112 ,2 ,2, 2
432 ,451, 416, '321 327 381 405 338 324 317 326 ' ,'0 0 0 0 0 0 0 0 ' ,91 ,2 ,3, 3
428 ,425, 416, '382 388 354 398 338 355 302 297 ' ,'0 0 0 0 0 0 0 0 ' ,102 ,2 ,3, 3
415 ,421, 397, '309 314 384 350 360 306 278 305 ' ,'0 0 0 0 0 0 0 0 ' ,113 ,1 ,3, 3
495 ,408, 473, '318 314 461 364 430 337 281 431 ' ,'0 0 0 0 0 0 0 0 ' ,181 ,1 ,3, 3
377 ,484, 362, '318 348 324 354 303 268 285 295 ' ,'0 0 0 0 0 0 0 0 ' ,86 ,1 ,2, 2
394 ,376, 377, '343 332 361 349 339 330 315 279 ' ,'0 0 0 0 0 0 0 0 ' ,91 ,2 ,3, 2
431 ,382, 415, '305 342 402 377 268 401 302 326 ' ,'0 0 0 0 0 0 0 0 ' ,136 ,1 ,2, 2
422 ,423, 405, '354 341 384 292 267 321 260 312 ' ,'0 0 0 0 0 0 0 0 ' ,136 ,1 ,2, 2
389 ,412, 373, '338 345 361 303 281 322 268 325 ' ,'0 0 0 0 0 0 0 0 ' ,96 ,2 ,3, 3
393 ,377, 366, '285 318 356 312 307 243 234 328 ' ,'0 0 0 0 0 0 0 0 ' ,122 ,2 ,2, 2
420 ,382, 404, '302 292 367 393 231 303 249 328 ' ,'0 0 0 0 0 0 0 0 ' ,163 ,1 ,4, 3
419 ,411, 401, '362 361 390 384 319 292 280 357 ' ,'0 0 0 0 0 0 0 0 ' ,113 ,1 ,1, 1
426 ,411, 410, '366 329 400 354 349 320 256 322 ' ,'0 0 0 0 0 0 0 0 ' ,145 ,1 ,2, 2
442 ,418, 425, '414 346 382 371 351 350 281 321 ' ,'0 0 0 0 0 0 0 0 ' ,137 ,2 ,2, 1
483 ,436, 465, '410 339 451 395 407 386 315 397 ' ,'0 0 0 0 0 0 0 0 ' ,140 ,1 ,3, 3
417 ,473, 402, '384 316 388 391 385 309 332 310 ' ,'0 0 0 0 0 0 0 0 ' ,85 ,1 ,2, 2
462 ,409, 448, '317 320 400 382 431 302 292 345 ' ,'0 0 0 0 0 0 0 0 ' ,147 ,1 ,4, 4
442 ,453, 426, '363 380 379 416 364 329 298 321 ' ,'0 0 0 0 0 0 0 0 ' ,119 ,1 ,4, 3
475 ,433, 460, '326 323 420 360 409 311 295 448 ' ,'0 0 0 0 0 0 0 0 ' ,155 ,2 ,3, 3
344 ,465, 329, '307 304 316 312 283 263 278 268 ' ,'0 0 0 0 0 0 0 0 ' ,57 ,2 ,3, 3
344 ,336, 322, '299 303 306 282 243 239 239 234 ' ,'0 0 0 0 0 0 0 0 ' ,77 ,1 ,1, 1
354 ,332, 336, '289 324 325 268 250 281 249 234 ' ,'0 0 0 0 0 0 0 0 ' ,93 ,1 ,2, 2
367 ,348, 350, '335 308 316 343 265 263 238 283 ' ,'0 0 0 0 0 0 0 0 ' ,105 ,1 ,1, 1
397 ,361, 381, '369 333 356 301 295 270 251 305 ' ,'0 0 0 0 0 0 0 0 ' ,121 ,1 ,2, 1
363 ,389, 347, '325 303 336 318 269 269 260 290 ' ,'0 0 0 0 0 0 0 0 ' ,80 ,1 ,2, 2
365 ,354, 350, '312 333 339 329 255 282 252 280 ' ,'0 0 0 0 0 0 0 0 ' ,89 ,1 ,3, 3
369 ,357, 357, '344 344 345 321 311 280 263 307 ' ,'0 0 0 0 0 0 0 0 ' ,86 ,1 ,2, 2
562 ,362, 548, '359 385 394 397 376 532 351 386 ' ,'0 0 0 0 0 0 0 0 ' ,185 ,1 ,4, 4
437 ,555, 422, '411 345 385 332 351 363 284 344 ' ,'0 0 0 0 0 0 0 0 ' ,130 ,1 ,2, 2
449 ,431, 430, '344 387 416 408 345 354 350 330 ' ,'0 0 0 0 0 0 0 0 ' ,87 ,1 ,3, 3
454 ,442, 434, '356 342 402 397 424 344 296 409 ' ,'0 0 0 0 0 0 0 0 ' ,133 ,2 ,4, 4
481 ,446, 467, '376 365 408 453 360 352 330 376 ' ,'0 0 0 0 0 0 0 0 ' ,124 ,1 ,3, 3
464 ,471, 444, '431 329 385 374 337 342 306 364 ' ,'0 0 0 0 0 0 0 0 ' ,131 ,2 ,2, 2
592 ,455, 573, '562 350 398 367 326 522 309 354 ' ,'0 0 0 0 0 0 0 0 ' ,257 ,2 ,2, 2
418 ,581, 398, '360 312 341 350 386 318 301 305 ' ,'0 0 0 0 0 0 0 0 ' ,87 ,1 ,3, 3
445 ,405, 429, '328 316 417 350 336 305 326 329 ' ,'0 0 0 0 0 0 0 0 ' ,113 ,1 ,4, 3
437 ,439, 415, '367 334 374 406 343 334 345 326 ' ,'0 0 0 0 0 0 0 0 ' ,80 ,1 ,2, 2
379 ,427, 363, '336 293 352 313 277 299 310 270 ' ,'0 0 0 0 0 0 0 0 ' ,83 ,1 ,3, 3
351 ,373, 330, '306 275 319 310 291 289 239 282 ' ,'0 0 0 0 0 0 0 0 ' ,84 ,1 ,2, 2
339 ,341, 321, '291 298 310 304 251 243 230 286 ' ,'0 0 0 0 0 0 0 0 ' ,83 ,1 ,3, 2
391 ,328, 373, '360 329 245 348 285 276 251 277 ' ,'0 0 0 0 0 0 0 0 ' ,119 ,1 ,3, 3
432 ,385, 414, '316 331 400 282 270 272 266 259 ' ,'0 0 0 0 0 0 0 0 ' ,142 ,2 ,3, 2
395 ,422, 377, '316 316 366 322 310 279 258 268 ' ,'0 0 0 0 0 0 0 0 ' ,112 ,2 ,2, 2
472 ,388, 458, '387 348 446 393 382 391 267 346 ' ,'0 0 0 0 0 0 0 0 ' ,181 ,1 ,3, 2
414 ,464, 397, '386 309 331 332 289 307 257 325 ' ,'0 0 0 0 0 0 0 0 ' ,133 ,2 ,2, 1
382 ,404, 365, '341 354 310 325 285 224 311 265 ' ,'0 0 0 0 0 0 0 0 ' ,133 ,2 ,2, 1
389 ,381, 374, '356 362 349 334 266 292 273 332 ' ,'0 0 0 0 0 0 0 0 ' ,98 ,1 ,3, 2
416 ,379, 400, '389 363 361 364 315 331 258 336 ' ,'0 0 0 0 0 0 0 0 ' ,134 ,1 ,2, 1
447 ,411, 433, '421 336 393 367 387 368 272 352 ' ,'0 0 0 0 0 0 0 0 ' ,153 ,2 ,2, 2
432 ,439, 418, '375 345 403 332 345 384 304 363 ' ,'0 0 0 0 0 0 0 0 ' ,102 ,2 ,5, 4
414 ,422, 388, '355 357 356 377 281 349 244 360 ' ,'0 0 0 0 0 0 0 0 ' ,136 ,2 ,4, 3
477 ,403, 458, '444 374 431 400 348 368 361 372 ' ,'0 0 0 0 0 0 0 0 ' ,99 ,1 ,4, 4
414 ,463, 396, '380 335 347 379 280 356 303 312 ' ,'0 0 0 0 0 0 0 0 ' ,106 ,1 ,2, 2
415 ,841, 400, '389 366 357 338 291 365 261 328 ' ,'0 0 0 0 0 0 0 0 ' ,125 ,1 ,2, 2
425 ,409, 408, '315 333 365 395 325 311 291 304 ' ,'0 0 0 0 0 0 0 0 ' ,104 ,2 ,3, 3
409 ,417, 393, '381 320 352 285 293 328 292 285 ' ,'0 0 0 0 0 0 0 0 ' ,98 ,1 ,3, 3
362 ,398, 349, '317 323 326 336 274 249 292 299 ' ,'0 0 0 0 0 0 0 0 ' ,89 ,1 ,3, 3
368 ,356, 352, '307 341 328 340 301 308 286 294 ' ,'0 0 0 0 0 0 0 0 ' ,58 ,1 ,3, 3
418 ,481, 396, '385 264 307 307 236 353 246 242 ' ,'0 0 0 0 0 0 0 0 ' ,151 ,1 ,2, 2
379 ,406, 362, '349 333 302 337 302 317 322 305 ' ,'0 0 0 0 0 0 0 0 ' ,50 ,2 ,3, 2
413 ,372, 399, '376 300 384 333 364 312 294 346 ' ,'0 0 0 0 0 0 0 0 ' ,96 ,2 ,3, 3
396 ,405, 382, '346 368 370 332 359 308 281 293 ' ,'0 0 0 0 0 0 0 0 ' ,95 ,2 ,2, 1
451 ,389, 437, '369 414 417 424 266 292 299 360 ' ,'0 0 0 0 0 0 0 0 ' ,139 ,1 ,3, 2
791 ,442, 769, '757 363 407 378 345 686 327 338 ' ,'0 0 0 0 0 0 0 0 ' ,433 ,2 ,2, 1
431 ,784, 417, '377 337 367 374 335 400 317 310 ' ,'0 0 0 0 0 0 0 0 ' ,95 ,2 ,3, 2
471 ,422, 456, '426 440 379 327 378 372 318 360 ' ,'0 0 0 0 0 0 0 0 ' ,130 ,1 ,2, 2
452 ,463, 440, '369 377 426 420 367 371 329 392 ' ,'0 0 0 0 0 0 0 0 ' ,100 ,2 ,4, 3
437 ,443, 418, '404 364 330 356 390 357 377 322 ' ,'0 0 0 0 0 0 0 0 ' ,85 ,2 ,3, 3
462 ,428, 446, '436 379 345 373 380 388 312 360 ' ,'0 0 0 0 0 0 0 0 ' ,124 ,1 ,1, 1
438 ,452, 421, '335 317 327 371 300 309 292 319 ' ,'0 0 0 0 0 0 0 0 ' ,120 ,2 ,4, 3
407 ,430, 391, '362 359 373 306 287 268 272 277 ' ,'0 0 0 0 0 0 0 0 ' ,109 ,1 ,1, 1
401 ,400, 387, '282 276 372 345 289 238 256 331 ' ,'0 0 0 0 0 0 0 0 ' ,138 ,1 ,3, 3
399 ,393, 387, '358 320 338 376 247 298 258 316 ' ,'0 0 0 0 0 0 0 0 ' ,130 ,2 ,2, 2
478 ,396, 462, '424 344 446 378 376 386 329 348 ' ,'0 0 0 0 0 0 0 0 ' ,125 ,2 ,3, 3
511 ,469, 466, '355 329 362 406 311 316 309 332 ' ,'0 0 0 0 0 0 0 0 ' ,153 ,55 ,3, 2
437 ,478, 405, '345 372 354 392 315 326 284 335 ' ,'0 0 0 0 0 0 0 0 ' ,112 ,2 ,3, 2
524 ,580, 503, '410 382 489 407 343 311 308 351 ' ,'0 0 0 0 0 0 0 0 ' ,185 ,2 ,4, 3
475 ,517, 455, '382 381 440 432 385 302 321 326 ' ,'0 0 0 0 0 0 0 0 ' ,143 ,1 ,4, 3
590 ,467, 577, '413 446 350 335 470 368 347 380 ' ,'0 0 0 0 0 0 0 0 ' ,231 ,94 ,3, 3
534 ,582, 513, '417 378 499 416 395 351 355 498 ' ,'0 0 0 0 0 0 0 0 ' ,151 ,1 ,2, 2
454 ,526, 441, '375 345 428 401 351 363 352 390 ' ,'0 0 0 0 0 0 0 0 ' ,87 ,1 ,2, 2
497 ,548, 478, '464 296 380 422 296 304 365 341 ' ,'0 0 0 0 0 0 0 0 ' ,171 ,2 ,4, 3
456 ,487, 443, '327 288 392 426 348 329 271 312 ' ,'0 0 0 0 0 0 0 0 ' ,155 ,1 ,3, 3
549 ,450, 535, '521 346 363 331 268 480 306 269 ' ,'0 0 0 0 0 0 0 0 ' ,254 ,1 ,3, 3
362 ,542, 347, '335 272 321 329 275 284 243 279 ' ,'0 0 0 0 0 0 0 0 ' ,97 ,1 ,3, 2
388 ,356, 369, '354 334 339 346 308 304 265 304 ' ,'0 0 0 0 0 0 0 0 ' ,97 ,2 ,3, 2
439 ,378, 425, '353 355 414 370 304 332 251 333 ' ,'0 0 0 0 0 0 0 0 ' ,162 ,0 ,3, 2
404 ,429, 390, '340 342 377 371 287 259 240 294 ' ,'0 0 0 0 0 0 0 0 ' ,141 ,2 ,1, 1
416 ,396, 402, '359 313 386 362 324 331 317 320 ' ,'0 0 0 0 0 0 0 0 ' ,80 ,2 ,2, 1
460 ,407, 441, '380 397 428 386 377 342 379 297 ' ,'0 0 0 0 0 0 0 0 ' ,119 ,2 ,3, 3
430 ,452, 408, '392 388 375 379 300 328 302 307 ' ,'0 0 0 0 0 0 0 0 ' ,95 ,1 ,4, 4
460 ,424, 444, '389 430 412 383 402 308 341 390 ' ,'0 0 0 0 0 0 0 0 ' ,125 ,1 ,4, 4
436 ,453, 416, '358 365 404 331 319 366 361 326 ' ,'0 0 0 0 0 0 0 0 ' ,89 ,2 ,2, 2
461 ,434, 439, '414 383 390 425 343 366 342 377 ' ,'0 0 0 0 0 0 0 0 ' ,88 ,1 ,4, 4
446 ,454, 433, '340 415 392 381 350 361 327 377 ' ,'0 0 0 0 0 0 0 0 ' ,93 ,2 ,3, 3
437 ,437, 423, '382 299 405 377 399 364 354 307 ' ,'0 0 0 0 0 0 0 0 ' ,115 ,1 ,3, 2
440 ,431, 425, '324 329 412 395 329 335 314 291 ' ,'0 0 0 0 0 0 0 0 ' ,125 ,1 ,3, 3
440 ,431, 420, '335 308 341 410 292 336 283 290 ' ,'0 0 0 0 0 0 0 0 ' ,129 ,2 ,2, 2
463 ,432, 442, '368 345 356 336 381 329 272 425 ' ,'0 0 0 0 0 0 0 0 ' ,156 ,1 ,3, 3
370 ,455, 357, '316 311 341 338 277 304 250 288 ' ,'0 0 0 0 0 0 0 0 ' ,97 ,1 ,3, 2
372 ,361, 356, '333 324 342 331 297 272 276 250 ' ,'0 0 0 0 0 0 0 0 ' ,95 ,2 ,2, 2
455 ,365, 442, '369 390 426 348 333 329 324 396 ' ,'0 0 0 0 0 0 0 0 ' ,107 ,2 ,3, 3
486 ,446, 467, '452 407 373 414 337 342 296 355 ' ,'0 0 0 0 0 0 0 0 ' ,162 ,3 ,2, 2
436 ,477, 424, '384 398 408 342 319 374 312 268 ' ,'0 0 0 0 0 0 0 0 ' ,100 ,1 ,3, 2
439 ,432, 423, '411 376 401 343 314 303 321 312 ' ,'0 0 0 0 0 0 0 0 ' ,110 ,2 ,1, 1
440 ,440, 428, '379 386 411 388 360 358 323 410 ' ,'0 0 0 0 0 0 0 0 ' ,94 ,1 ,3, 3
409 ,537, 394, '379 355 373 317 342 335 292 373 ' ,'0 0 0 0 0 0 0 0 ' ,90 ,1 ,4, 3
441 ,401, 425, '407 410 350 410 311 335 302 291 ' ,'0 0 0 0 0 0 0 0 ' ,125 ,1 ,2, 2
497 ,441, 482, '468 391 419 396 374 363 312 361 ' ,'0 0 0 0 0 0 0 0 ' ,163 ,2 ,2, 2
493 ,493, 478, '389 378 426 410 387 329 284 332 ' ,'0 0 0 0 0 0 0 0 ' ,184 ,40 ,4, 4
419 ,484, 404, '372 287 327 393 345 312 349 357 ' ,'0 0 0 0 0 0 0 0 ' ,108 ,1 ,1, 1
415 ,409, 401, '365 307 387 316 297 320 281 310 ' ,'0 0 0 0 0 0 0 0 ' ,110 ,2 ,3, 3
423 ,406, 407, '309 297 359 393 277 295 292 273 ' ,'0 0 0 0 0 0 0 0 ' ,119 ,2 ,2, 2
388 ,415, 371, '305 327 298 359 273 303 246 279 ' ,'0 0 0 0 0 0 0 0 ' ,115 ,1 ,3, 3
457 ,378, 443, '305 271 427 369 360 341 236 303 ' ,'0 0 0 0 0 0 0 0 ' ,196 ,1 ,3, 3
408 ,450, 392, '320 310 376 355 312 270 282 248 ' ,'0 0 0 0 0 0 0 0 ' ,128 ,2 ,3, 3
413 ,396, 398, '290 295 356 386 323 261 281 292 ' ,'0 0 0 0 0 0 0 0 ' ,126 ,1 ,2, 2
445 ,405, 430, '320 380 336 418 289 270 314 289 ' ,'0 0 0 0 0 0 0 0 ' ,151 ,2 ,2, 2
355 ,439, 339, '309 304 327 305 270 266 290 249 ' ,'0 0 0 0 0 0 0 0 ' ,80 ,1 ,3, 2
386 ,344, 372, '315 342 357 349 316 324 274 302 ' ,'0 0 0 0 0 0 0 0 ' ,89 ,1 ,3, 2
488 ,377, 473, '356 384 459 399 277 323 304 392 ' ,'0 0 0 0 0 0 0 0 ' ,158 ,1 ,4, 3
445 ,478, 431, '359 417 349 374 319 360 309 320 ' ,'0 0 0 0 0 0 0 0 ' ,112 ,1 ,2, 2
463 ,437, 451, '314 338 375 400 316 332 313 313 ' ,'0 0 0 0 0 0 0 0 ' ,127 ,2 ,3, 3
482 ,456, 467, '376 355 420 454 365 366 296 322 ' ,'0 0 0 0 0 0 0 0 ' ,160 ,1 ,3, 3
406 ,476, 392, '335 322 352 380 322 368 274 274 ' ,'0 0 0 0 0 0 0 0 ' ,108 ,1 ,3, 3
426 ,397, 412, '367 281 389 350 360 350 321 346 ' ,'0 0 0 0 0 0 0 0 ' ,120 ,1 ,4, 3
405 ,417, 379, '365 326 343 334 281 291 264 287 ' ,'0 0 0 0 0 0 0 0 ' ,106 ,1 ,2, 2
393 ,398, 379, '318 307 364 348 288 293 259 272 ' ,'0 0 0 0 0 0 0 0 ' ,111 ,1 ,1, 1
517 ,387, 500, '482 286 366 308 263 366 316 255 ' ,'0 0 0 0 0 0 0 0 ' ,211 ,1 ,1, 1
436 ,507, 415, '290 316 316 340 402 248 313 265 ' ,'0 0 0 0 0 0 0 0 ' ,158 ,2 ,1, 1
362 ,426, 348, '309 331 331 276 313 275 253 322 ' ,'0 0 0 0 0 0 0 0 ' ,84 ,1 ,3, 3
388 ,352, 369, '291 341 350 358 301 311 294 338 ' ,'0 0 0 0 0 0 0 0 ' ,67 ,2 ,3, 3
483 ,376, 469, '322 341 355 456 332 268 244 303 ' ,'0 0 0 0 0 0 0 0 ' ,215 ,2 ,3, 3
476 ,476, 460, '446 363 326 332 350 319 328 315 ' ,'0 0 0 0 0 0 0 0 ' ,132 ,2 ,2, 2
456 ,470, 408, '365 394 373 374 276 325 342 354 ' ,'0 0 0 0 0 0 0 0 ' ,101 ,2 ,3, 3
473 ,412, 460, '349 340 387 444 329 321 371 392 ' ,'0 0 0 0 0 0 0 0 ' ,127 ,1 ,4, 3
478 ,539, 465, '381 409 371 450 369 343 420 379 ' ,'0 0 0 0 0 0 0 0 ' ,107 ,1 ,3, 3
553 ,472, 540, '524 394 428 446 301 342 351 319 ' ,'0 0 0 0 0 0 0 0 ' ,227 ,1 ,5, 4
408 ,548, 395, '340 372 369 383 300 363 356 322 ' ,'0 0 0 0 0 0 0 0 ' ,81 ,1 ,2, 2
394 ,400, 378, '323 325 361 362 294 255 307 316 ' ,'0 0 0 0 0 0 0 0 ' ,112 ,1 ,3, 3
465 ,385, 448, '384 317 395 352 361 335 271 309 ' ,'0 0 0 0 0 0 0 0 ' ,167 ,1 ,3, 3
443 ,461, 428, '325 345 323 416 297 304 312 268 ' ,'0 0 0 0 0 0 0 0 ' ,146 ,1 ,3, 2
375 ,434, 362, '301 310 279 350 277 273 260 321 ' ,'0 0 0 0 0 0 0 0 ' ,91 ,1 ,3, 2
397 ,366, 383, '297 318 344 300 371 340 290 245 ' ,'0 0 0 0 0 0 0 0 ' ,124 ,1 ,2, 2
367 ,388, 353, '290 323 317 341 271 274 272 305 ' ,'0 0 0 0 0 0 0 0 ' ,71 ,1 ,2, 2
419 ,378, 405, '349 318 390 334 280 289 326 315 ' ,'0 0 0 0 0 0 0 0 ' ,108 ,1 ,3, 3
442 ,410, 425, '387 409 406 401 296 335 325 363 ' ,'0 0 0 0 0 0 0 0 ' ,118 ,3 ,3, 3
459 ,435, 441, '385 425 384 411 327 367 369 333 ' ,'0 0 0 0 0 0 0 0 ' ,102 ,1 ,4, 3
523 ,449, 495, '447 420 479 464 397 324 326 342 ' ,'0 0 0 0 0 0 0 0 ' ,159 ,2 ,3, 3
473 ,511, 452, '439 342 362 421 334 355 306 355 ' ,'0 0 0 0 0 0 0 0 ' ,136 ,1 ,2, 1
446 ,466, 429, '373 376 333 414 329 354 321 342 ' ,'0 0 0 0 0 0 0 0 ' ,97 ,2 ,4, 4
456 ,435, 440, '364 403 364 428 371 370 367 381 ' ,'0 0 0 0 0 0 0 0 ' ,64 ,2 ,3, 3
425 ,451, 410, '373 372 376 401 370 336 305 353 ' ,'0 0 0 0 0 0 0 0 ' ,95 ,1 ,4, 4
452 ,417, 433, '418 326 414 389 340 375 384 338 ' ,'0 0 0 0 0 0 0 0 ' ,96 ,2 ,2, 2
411 ,446, 397, '378 373 372 347 325 317 343 301 ' ,'0 0 0 0 0 0 0 0 ' ,85 ,2 ,3, 3
438 ,432, 423, '371 317 405 383 341 267 353 333 ' ,'0 0 0 0 0 0 0 0 ' ,143 ,1 ,4, 4
374 ,428, 357, '286 298 341 331 294 273 279 322 ' ,'0 0 0 0 0 0 0 0 ' ,74 ,2 ,2, 2
485 ,363, 470, '308 309 389 375 298 311 294 322 ' ,'0 0 0 0 0 0 0 0 ' ,166 ,1 ,3, 3
400 ,477, 386, '350 263 368 357 258 285 275 297 ' ,'0 0 0 0 0 0 0 0 ' ,116 ,2 ,2, 2
394 ,393, 377, '364 288 347 357 316 262 252 270 ' ,'0 0 0 0 0 0 0 0 ' ,118 ,1 ,1, 1
404 ,387, 389, '364 325 374 351 315 261 262 245 ' ,'0 0 0 0 0 0 0 0 ' ,131 ,1 ,3, 3
396 ,395, 380, '292 358 318 303 348 300 308 247 ' ,'0 0 0 0 0 0 0 0 ' ,123 ,1 ,4, 3
389 ,386, 372, '357 326 337 364 340 313 267 244 ' ,'0 0 0 0 0 0 0 0 ' ,116 ,1 ,2, 2
419 ,383, 400, '384 359 379 346 326 335 313 349 ' ,'0 0 0 0 0 0 0 0 ' ,77 ,1 ,3, 2
440 ,409, 425, '409 363 400 346 288 323 276 391 ' ,'0 0 0 0 0 0 0 0 ' ,139 ,1 ,2, 2
475 ,433, 459, '442 354 367 364 378 378 330 369 ' ,'0 0 0 0 0 0 0 0 ' ,120 ,1 ,3, 3
435 ,620, 421, '404 365 365 362 371 301 362 359 ' ,'0 0 0 0 0 0 0 0 ' ,108 ,1 ,4, 4
454 ,427, 438, '299 287 349 420 304 302 257 318 ' ,'0 0 0 0 0 0 0 0 ' ,168 ,1 ,3, 3
439 ,446, 424, '410 313 368 316 357 351 270 282 ' ,'0 0 0 0 0 0 0 0 ' ,144 ,2 ,2, 2
379 ,430, 365, '301 321 350 301 314 250 285 327 ' ,'0 0 0 0 0 0 0 0 ' ,103 ,3 ,3, 3
389 ,371, 364, '274 347 342 344 249 287 310 272 ' ,'0 0 0 0 0 0 0 0 ' ,98 ,2 ,2, 2
391 ,380, 370, '322 264 346 311 278 260 273 293 ' ,'0 0 0 0 0 0 0 0 ' ,95 ,2 ,3, 2
376 ,377, 360, '340 298 299 347 313 235 254 280 ' ,'0 0 0 0 0 0 0 0 ' ,113 ,2 ,3, 2
393 ,372, 364, '348 309 328 309 314 295 293 287 ' ,'0 0 0 0 0 0 0 0 ' ,67 ,2 ,3, 2
528 ,381, 508, '269 489 323 346 251 243 275 268 ' ,'0 139721 0 0 0 0 0 0 ' ,244 ,2 ,5, 3
358 ,520, 345, '276 320 330 313 261 263 275 293 ' ,'0 0 0 0 0 0 0 0 ' ,73 ,2 ,3, 3
365 ,349, 350, '324 317 321 316 339 290 254 328 ' ,'0 0 0 0 0 0 0 0 ' ,88 ,2 ,1, 1
491 ,357, 472, '298 269 343 461 275 251 229 261 ' ,'0 0 0 115769 0 0 0 0 ' ,234 ,1 ,2, 2
397 ,485, 374, '361 311 343 253 241 298 288 294 ' ,'0 0 0 0 0 0 0 0 ' ,124 ,2 ,1, 1
368 ,389, 353, '321 299 339 327 298 274 260 234 ' ,'0 0 0 0 0 0 0 0 ' ,108 ,2 ,3, 2
406 ,359, 389, '260 333 376 337 237 283 303 253 ' ,'0 0 0 0 0 0 0 0 ' ,126 ,1 ,3, 3
429 ,397, 414, '333 399 336 381 333 312 285 311 ' ,'0 0 0 0 0 0 0 0 ' ,117 ,1 ,4, 4
453 ,423, 439, '385 310 387 424 308 308 330 306 ' ,'0 0 0 0 0 0 0 0 ' ,121 ,1 ,4, 4
460 ,444, 442, '381 400 400 386 426 407 323 327 ' ,'0 0 0 0 0 0 0 0 ' ,108 ,2 ,4, 4
445 ,454, 431, '355 387 415 385 325 340 302 387 ' ,'0 0 0 0 0 0 0 0 ' ,118 ,2 ,4, 4
429 ,437, 413, '347 341 340 397 332 319 287 314 ' ,'0 0 0 0 0 0 0 0 ' ,113 ,2 ,4, 3
399 ,418, 384, '248 290 311 372 305 248 266 340 ' ,'0 0 0 0 0 0 0 0 ' ,124 ,1 ,2, 2
385 ,390, 371, '355 332 314 355 327 280 277 272 ' ,'0 0 0 0 0 0 0 0 ' ,88 ,2 ,3, 3
417 ,377, 402, '336 319 331 389 342 229 309 307 ' ,'0 0 0 0 0 0 0 0 ' ,160 ,2 ,4, 3
378 ,407, 364, '329 306 343 354 306 286 266 259 ' ,'0 0 0 0 0 121206 0 0 ' ,87 ,1 ,3, 2
402 ,367, 388, '338 279 349 343 259 284 259 347 ' ,'0 0 0 0 0 0 0 0 ' ,120 ,2 ,2, 1
366 ,393, 353, '253 214 278 305 265 334 274 242 ' ,'0 0 0 0 0 0 0 0 ' ,127 ,2 ,2, 2
360 ,360, 345, '315 290 331 292 290 294 253 273 ' ,'0 0 0 0 0 0 0 0 ' ,81 ,2 ,2, 2
429 ,351, 413, '333 301 303 399 250 266 294 274 ' ,'0 0 0 0 0 0 0 0 ' ,152 ,2 ,2, 2
421 ,420, 408, '310 309 344 394 325 382 290 304 ' ,'0 0 0 0 0 0 0 0 ' ,106 ,2 ,3, 3
442 ,415, 427, '378 305 400 379 411 274 290 318 ' ,'0 0 0 0 0 0 0 0 ' ,142 ,1 ,3, 3
459 ,433, 441, '356 377 352 427 305 337 345 301 ' ,'0 0 0 0 0 0 0 0 ' ,125 ,2 ,3, 3
412 ,452, 398, '361 364 374 385 377 311 324 350 ' ,'0 0 0 0 0 0 0 0 ' ,76 ,2 ,3, 3
456 ,408, 425, '407 347 319 405 380 360 290 333 ' ,'0 0 0 0 0 0 0 0 ' ,125 ,2 ,4, 4
432 ,689, 416, '360 322 394 346 391 326 370 334 ' ,'0 0 0 0 0 0 0 0 ' ,81 ,2 ,4, 4
426 ,422, 407, '326 337 370 330 392 322 335 311 ' ,'0 0 0 0 0 0 0 0 ' ,85 ,2 ,3, 2
409 ,411, 396, '343 381 319 375 256 303 322 315 ' ,'0 0 0 0 0 0 0 0 ' ,129 ,2 ,3, 3
385 ,400, 368, '350 352 309 322 274 274 322 280 ' ,'0 0 0 0 0 0 0 0 ' ,83 ,2 ,2, 2
377 ,379, 363, '322 333 342 317 293 313 293 288 ' ,'0 0 0 0 0 0 0 0 ' ,62 ,1 ,3, 3
369 ,369, 346, '330 309 278 330 279 279 277 221 ' ,'0 0 0 0 0 0 0 0 ' ,112 ,2 ,3, 3
408 ,358, 390, '290 311 372 333 282 255 282 262 ' ,'0 0 0 0 0 0 0 0 ' ,123 ,2 ,3, 2
377 ,403, 363, '312 332 346 333 250 255 262 216 ' ,'0 0 0 0 0 0 0 0 ' ,135 ,2 ,3, 2
396 ,368, 381, '324 296 365 306 271 238 241 328 ' ,'0 0 0 0 0 0 0 0 ' ,130 ,2 ,3, 3
360 ,389, 344, '311 283 280 330 285 280 254 274 ' ,'0 0 0 0 0 0 0 0 ' ,80 ,2 ,3, 3
375 ,352, 363, '330 275 349 348 302 271 231 267 ' ,'0 0 0 0 0 0 0 0 ' ,121 ,1 ,3, 3
425 ,372, 406, '388 309 341 349 359 260 269 289 ' ,'0 0 0 0 0 0 0 0 ' ,139 ,4 ,1, 1
447 ,417, 429, '318 372 412 385 400 316 356 294 ' ,'0 0 0 0 0 0 0 0 ' ,123 ,2 ,3, 3
493 ,438, 481, '421 363 459 370 335 342 341 385 ' ,'0 0 0 0 0 0 0 0 ' ,132 ,2 ,2, 1
481 ,485, 467, '436 379 453 413 369 394 321 382 ' ,'0 0 0 0 0 0 0 0 ' ,134 ,1 ,2, 2
423 ,478, 401, '343 385 347 377 344 300 294 264 ' ,'0 0 0 0 0 0 0 0 ' ,126 ,2 ,3, 3
455 ,418, 440, '424 348 377 419 376 316 325 333 ' ,'0 0 0 0 0 0 0 0 ' ,114 ,2 ,3, 3
466 ,445, 453, '433 382 433 381 334 328 384 356 ' ,'0 0 0 0 0 0 0 0 ' ,114 ,1 ,4, 4
447 ,461, 428, '403 412 407 395 360 375 360 303 ' ,'0 0 0 0 0 0 0 0 ' ,113 ,2 ,3, 3
475 ,437, 458, '417 417 356 443 340 388 308 340 ' ,'0 0 0 0 0 0 0 0 ' ,134 ,2 ,4, 3
445 ,472, 418, '402 369 394 352 317 301 290 322 ' ,'0 0 0 0 0 0 0 0 ' ,118 ,2 ,3, 3
439 ,427, 417, '355 314 351 404 367 274 345 383 ' ,'0 0 0 0 0 0 0 0 ' ,134 ,2 ,2, 2
412 ,432, 393, '313 347 327 333 375 300 335 335 ' ,'0 0 0 0 0 0 0 0 ' ,82 ,2 ,3, 3
390 ,405, 377, '332 280 355 295 284 312 276 264 ' ,'0 0 0 0 0 0 0 0 ' ,102 ,2 ,3, 3
371 ,383, 352, '297 320 334 325 269 338 306 318 ' ,'0 0 0 0 0 0 0 0 ' ,61 ,2 ,1, 1
368 ,365, 353, '302 289 327 339 319 259 294 304 ' ,'0 0 0 0 0 0 0 0 ' ,83 ,2 ,3, 3
382 ,358, 366, '281 270 306 355 318 275 251 261 ' ,'0 0 0 0 0 0 0 0 ' ,104 ,1 ,3, 3
