2994 ,0, 2897, '464 448 2818 416 574 454 411 2859 470 557 475 439 ' ,'169519 207335 221624 141401 239479 213030 196759 207447 185550 223768 204567 208907 ' ,2453 ,4 ,6, 6
599 ,2974, 354, '210 130 288 124 334 165 159 249 106 256 157 144 ' ,'0 0 0 0 0 0 0 0 0 0 0 0 ' ,235 ,3 ,4, 4
88 ,594, 65, '43 44 41 42 38 43 38 36 37 38 37 38 ' ,'0 0 0 0 0 0 0 0 0 0 0 0 ' ,21 ,1 ,4, 4
116 ,88, 67, '42 45 53 43 53 36 34 39 32 54 34 34 ' ,'0 0 0 0 0 0 0 0 0 0 0 0 ' ,31 ,1 ,2, 1
136 ,106, 120, '105 63 70 59 49 108 43 44 50 66 104 43 ' ,'0 0 0 0 0 0 0 0 0 0 0 0 ' ,65 ,2 ,2, 2
113 ,130, 74, '55 49 51 51 51 48 46 47 45 56 54 50 ' ,'0 0 0 0 0 0 0 0 0 0 0 0 ' ,19 ,4 ,3, 2
98 ,107, 77, '55 46 43 39 41 41 35 39 34 38 41 41 ' ,'0 0 0 0 0 0 0 0 0 0 0 0 ' ,32 ,3 ,1, 1
175 ,93, 150, '66 72 124 64 60 58 57 56 56 58 62 58 ' ,'0 0 0 0 0 0 0 0 0 0 0 0 ' ,77 ,4 ,9, 8
154 ,158, 133, '53 117 46 48 56 43 110 42 43 49 46 44 ' ,'0 0 0 0 0 0 0 0 0 0 0 0 ' ,82 ,3 ,1, 1
123 ,153, 107, '91 49 48 55 46 91 43 44 46 43 86 44 ' ,'0 0 0 0 0 0 0 0 0 0 0 0 ' ,51 ,3 ,1, 1
98 ,116, 81, '58 57 68 55 47 50 53 46 47 48 48 48 ' ,'0 0 0 0 0 0 0 0 0 0 0 0 ' ,23 ,4 ,2, 1
105 ,88, 81, '50 52 50 51 45 47 44 43 42 65 44 45 ' ,'0 0 0 0 0 0 0 0 0 0 0 0 ' ,28 ,4 ,1, 1
146 ,87, 114, '45 46 46 45 37 39 41 66 39 39 51 41 ' ,'0 0 0 0 0 0 0 0 0 0 0 0 ' ,67 ,2 ,2, 2
91 ,151, 74, '57 57 60 53 48 53 53 53 53 46 54 49 ' ,'0 0 0 0 0 0 0 0 0 0 0 0 ' ,15 ,2 ,1, 1
121 ,85, 102, '91 50 60 50 42 58 43 41 41 38 63 45 ' ,'0 0 0 0 0 0 0 0 0 0 0 0 ' ,51 ,1 ,0, 0
147 ,110, 125, '64 63 86 66 109 60 59 56 55 99 59 58 ' ,'0 0 0 0 0 0 0 0 0 0 0 0 ' ,60 ,2 ,1, 1
96 ,137, 79, '53 51 70 48 36 44 43 43 41 36 45 45 ' ,'0 0 0 0 0 0 0 0 0 0 0 0 ' ,29 ,2 ,1, 0
335 ,87, 109, '57 59 97 68 73 50 56 54 58 80 54 56 ' ,'0 0 0 0 0 0 0 0 0 0 0 0 ' ,51 ,1 ,1, 1
200 ,338, 171, '49 51 64 53 116 45 44 47 43 44 46 44 ' ,'0 0 0 0 0 0 0 0 0 0 0 0 ' ,103 ,2 ,2, 1
126 ,253, 111, '86 63 57 62 67 80 56 91 55 95 77 57 ' ,'0 0 0 0 0 0 0 0 0 0 0 0 ' ,48 ,2 ,1, 1
110 ,118, 91, '51 50 57 55 81 47 53 54 52 55 59 44 ' ,'0 0 0 0 0 0 0 0 0 0 0 0 ' ,39 ,1 ,1, 1
109 ,104, 92, '56 54 59 53 58 49 52 47 47 82 48 48 ' ,'0 0 0 0 0 0 0 0 0 0 0 0 ' ,39 ,2 ,1, 1
132 ,101, 118, '57 56 74 55 97 54 51 49 49 101 50 51 ' ,'0 0 0 0 0 0 0 0 0 0 0 0 ' ,56 ,1 ,1, 1
98 ,147, 85, '50 54 75 47 54 39 41 51 48 43 40 39 ' ,'0 0 0 0 0 0 0 0 0 0 0 0 ' ,38 ,1 ,1, 1
158 ,93, 143, '78 52 49 56 59 66 47 69 46 44 61 50 ' ,'0 0 0 0 0 0 0 0 0 0 0 0 ' ,88 ,1 ,1, 1
152 ,152, 136, '53 60 56 54 111 49 47 87 47 50 49 52 ' ,'0 0 0 0 0 0 0 0 0 0 0 0 ' ,80 ,2 ,1, 1
143 ,145, 125, '60 56 91 59 60 55 49 48 49 88 50 50 ' ,'0 0 0 0 0 0 0 0 0 0 0 0 ' ,64 ,2 ,1, 1
142 ,136, 117, '64 39 78 45 38 35 60 80 44 65 39 35 ' ,'0 0 0 0 0 0 0 0 0 0 0 0 ' ,74 ,2 ,2, 1
99 ,126, 79, '42 43 36 40 66 38 37 42 36 52 38 37 ' ,'0 0 0 0 0 0 0 0 0 0 0 0 ' ,37 ,2 ,0, 0
126 ,95, 111, '67 49 48 48 66 63 42 76 42 95 61 41 ' ,'0 0 0 0 0 0 0 0 0 0 0 0 ' ,61 ,3 ,1, 1
147 ,119, 122, '62 58 111 60 58 53 53 68 52 93 52 55 ' ,'0 0 0 0 0 0 0 0 0 0 0 0 ' ,63 ,2 ,1, 1
117 ,137, 96, '48 46 48 51 76 46 39 57 43 51 42 40 ' ,'0 0 0 0 0 0 0 0 0 0 0 0 ' ,49 ,2 ,1, 1
116 ,109, 91, '51 49 78 46 74 38 38 69 39 76 57 43 ' ,'0 0 0 0 0 0 0 0 0 0 0 0 ' ,44 ,3 ,2, 1
111 ,109, 96, '53 63 67 58 72 46 52 87 49 77 48 52 ' ,'0 0 0 0 0 0 0 0 0 0 0 0 ' ,44 ,2 ,0, 0
113 ,104, 97, '62 49 67 50 86 47 46 49 44 70 47 45 ' ,'0 0 0 0 0 0 0 0 0 0 0 0 ' ,47 ,2 ,1, 0
96 ,107, 76, '44 48 47 46 74 42 38 43 40 60 40 45 ' ,'0 0 0 0 0 0 0 0 0 0 0 0 ' ,38 ,2 ,1, 0
96 ,96, 83, '55 52 55 52 71 52 49 48 44 70 49 50 ' ,'0 0 0 0 0 0 0 0 0 0 0 0 ' ,33 ,1 ,1, 1
138 ,89, 116, '53 54 62 54 71 50 48 55 46 83 47 50 ' ,'0 0 0 0 0 0 0 0 0 0 0 0 ' ,63 ,1 ,1, 1
96 ,130, 80, '62 51 49 50 47 44 50 44 43 66 44 45 ' ,'0 0 0 0 0 0 0 0 0 0 0 0 ' ,29 ,1 ,1, 1
111 ,90, 89, '74 55 55 54 81 68 49 52 46 74 65 49 ' ,'0 0 0 0 0 0 0 0 0 0 0 0 ' ,36 ,2 ,1, 1
87 ,107, 71, '45 44 49 45 37 37 36 35 35 56 37 34 ' ,'0 0 0 0 0 0 0 0 0 0 0 0 ' ,26 ,2 ,1, 1
126 ,80, 93, '48 48 47 52 69 43 43 42 42 42 43 42 ' ,'0 0 0 0 0 0 0 0 0 0 0 0 ' ,35 ,1 ,1, 1
86 ,120, 66, '43 43 47 44 34 37 37 47 41 41 39 37 ' ,'0 0 0 0 0 0 0 0 0 0 0 0 ' ,23 ,2 ,1, 1
114 ,98, 96, '51 47 67 52 43 44 42 54 42 56 46 44 ' ,'0 0 0 0 0 0 0 0 0 0 0 0 ' ,37 ,1 ,1, 1
140 ,103, 126, '85 46 87 45 48 92 41 39 41 45 78 39 ' ,'0 0 0 0 0 0 0 0 0 0 0 0 ' ,79 ,2 ,1, 0
105 ,131, 87, '55 54 60 58 72 72 49 48 46 70 49 50 ' ,'0 0 0 0 0 0 0 0 0 0 0 0 ' ,31 ,2 ,2, 1
138 ,93, 122, '53 53 109 53 48 52 48 80 50 76 49 47 ' ,'0 0 0 0 0 0 0 0 0 0 0 0 ' ,66 ,2 ,1, 1
116 ,131, 99, '57 61 78 58 50 55 51 53 56 63 51 53 ' ,'0 0 0 0 0 0 0 0 0 0 0 0 ' ,38 ,1 ,2, 1
102 ,106, 84, '50 46 45 50 42 42 40 70 62 45 49 40 ' ,'0 0 0 0 0 0 0 0 0 0 0 0 ' ,34 ,1 ,1, 1
111 ,95, 97, '87 39 56 45 39 83 36 39 41 69 83 34 ' ,'0 0 0 0 0 0 0 0 0 0 0 0 ' ,54 ,2 ,1, 1
163 ,105, 147, '55 41 51 138 71 59 36 35 138 51 35 35 ' ,'0 0 0 0 0 0 0 0 0 0 0 0 ' ,103 ,1 ,2, 1
97 ,154, 82, '38 42 42 39 40 41 40 56 36 55 35 38 ' ,'0 0 0 0 0 0 0 0 0 0 0 0 ' ,42 ,2 ,1, 1
112 ,102, 91, '47 42 68 45 84 42 40 40 41 69 41 41 ' ,'0 0 0 0 0 0 0 0 0 0 0 0 ' ,46 ,1 ,1, 0
265 ,105, 191, '48 73 137 47 54 76 42 70 42 71 60 61 ' ,'0 0 0 0 0 0 0 0 0 0 0 0 ' ,120 ,2 ,1, 1
83 ,258, 66, '51 45 43 45 36 47 40 51 34 35 46 41 ' ,'0 0 0 0 0 0 0 0 0 0 0 0 ' ,23 ,2 ,1, 0
124 ,107, 100, '51 49 66 91 47 47 43 51 87 61 43 43 ' ,'0 0 0 0 0 0 0 0 0 0 0 0 ' ,51 ,2 ,1, 1
99 ,110, 83, '53 50 56 46 75 47 49 51 38 36 42 39 ' ,'0 0 0 0 0 0 0 0 0 0 0 0 ' ,34 ,2 ,1, 1
131 ,91, 82, '53 52 63 52 48 44 48 46 45 61 56 47 ' ,'0 0 0 0 0 0 0 0 0 0 0 0 ' ,30 ,2 ,2, 1
118 ,95, 97, '44 41 75 50 43 38 38 74 41 54 39 38 ' ,'0 0 0 0 0 0 0 0 0 0 0 0 ' ,54 ,2 ,1, 1
161 ,111, 137, '70 48 75 52 47 66 44 51 43 100 64 45 ' ,'0 0 0 0 0 0 0 0 0 0 0 0 ' ,88 ,2 ,1, 1
100 ,154, 83, '45 44 70 75 43 40 38 38 67 46 39 39 ' ,'0 0 0 0 0 0 0 0 0 0 0 0 ' ,37 ,2 ,1, 1
113 ,90, 89, '56 55 54 55 72 51 48 80 49 47 48 49 ' ,'0 0 0 0 0 0 0 0 0 0 0 0 ' ,34 ,1 ,1, 1
83 ,102, 67, '42 38 38 41 48 37 37 58 34 50 36 38 ' ,'0 0 0 0 0 0 0 0 0 0 0 0 ' ,26 ,2 ,1, 0
102 ,76, 85, '42 45 47 42 70 57 37 56 36 71 38 40 ' ,'0 0 0 0 0 0 0 0 0 0 0 0 ' ,41 ,1 ,1, 1
107 ,95, 87, '54 46 51 46 44 49 41 78 39 66 52 40 ' ,'0 0 0 0 0 0 0 0 0 0 0 0 ' ,41 ,1 ,2, 2
99 ,99, 84, '56 47 65 70 67 42 42 63 65 70 60 41 ' ,'0 0 0 0 0 0 0 0 0 0 0 0 ' ,34 ,2 ,1, 1
102 ,95, 84, '50 53 66 61 72 45 53 64 49 50 45 48 ' ,'0 0 0 0 0 0 0 0 0 0 0 0 ' ,32 ,2 ,1, 0
90 ,100, 74, '46 43 66 53 42 42 39 36 38 54 42 41 ' ,'0 0 0 0 0 0 0 0 0 0 0 0 ' ,29 ,2 ,1, 0
101 ,82, 83, '38 46 70 42 50 34 36 56 41 38 34 37 ' ,'0 0 0 0 0 0 0 0 0 0 0 0 ' ,44 ,1 ,0, 0
98 ,91, 79, '61 46 40 48 44 51 41 51 39 63 50 41 ' ,'0 0 0 0 0 0 0 0 0 0 0 0 ' ,31 ,2 ,1, 1
115 ,91, 91, '58 48 52 79 47 43 42 70 74 47 43 41 ' ,'0 0 0 0 0 0 0 0 0 0 0 0 ' ,43 ,2 ,1, 1
83 ,109, 70, '51 47 45 47 48 54 42 41 41 53 42 43 ' ,'0 0 0 0 0 0 0 0 0 0 0 0 ' ,23 ,1 ,0, 0
103 ,79, 89, '44 46 66 49 50 40 40 52 38 42 38 43 ' ,'0 0 0 0 0 0 0 0 0 0 0 0 ' ,44 ,1 ,1, 1
113 ,104, 88, '52 53 57 61 74 46 52 78 51 67 47 53 ' ,'0 0 0 0 0 0 0 0 0 0 0 0 ' ,35 ,2 ,1, 1
116 ,103, 98, '87 43 40 44 37 85 39 50 36 61 81 36 ' ,'0 0 0 0 0 0 0 0 0 0 0 0 ' ,54 ,3 ,1, 1
87 ,109, 68, '38 37 47 65 62 34 36 38 52 49 36 34 ' ,'0 0 0 0 0 0 0 0 0 0 0 0 ' ,32 ,1 ,1, 0
131 ,81, 100, '56 60 91 63 53 53 54 54 53 70 51 54 ' ,'0 0 0 0 0 0 0 0 0 0 0 0 ' ,40 ,2 ,1, 1
81 ,125, 64, '38 40 55 38 34 36 36 48 38 47 35 35 ' ,'0 0 0 0 0 0 0 0 0 0 0 0 ' ,22 ,2 ,1, 1
102 ,71, 87, '47 47 52 51 69 42 42 74 53 50 41 42 ' ,'0 0 0 0 0 0 0 0 0 0 0 0 ' ,39 ,1 ,0, 0
117 ,97, 100, '91 50 51 52 59 87 45 44 44 46 86 47 ' ,'0 0 0 0 0 0 0 0 0 0 0 0 ' ,50 ,2 ,1, 0
143 ,110, 123, '42 42 48 113 43 39 39 59 107 43 39 38 ' ,'0 0 0 0 0 0 0 0 0 0 0 0 ' ,75 ,2 ,2, 1
123 ,133, 67, '44 44 55 45 38 40 39 38 38 49 40 39 ' ,'0 0 0 0 0 0 0 0 0 0 0 0 ' ,23 ,2 ,1, 1
94 ,74, 75, '39 60 39 38 36 36 57 35 34 46 33 56 ' ,'0 0 0 0 0 0 0 0 0 0 0 0 ' ,35 ,2 ,1, 0
82 ,85, 65, '47 52 52 47 43 42 48 54 41 50 43 47 ' ,'0 0 0 0 0 0 0 0 0 0 0 0 ' ,16 ,1 ,1, 1
134 ,75, 119, '108 68 46 47 55 101 43 51 42 42 100 46 ' ,'0 0 0 0 0 0 0 0 0 0 0 0 ' ,69 ,2 ,0, 0
130 ,128, 109, '55 57 89 53 88 47 48 61 98 43 46 48 ' ,'0 0 0 0 0 0 0 0 0 0 0 0 ' ,54 ,2 ,1, 1
96 ,123, 79, '42 46 64 43 37 40 44 43 37 64 37 42 ' ,'0 0 0 0 0 0 0 0 0 0 0 0 ' ,35 ,2 ,1, 1
94 ,90, 79, '43 66 68 46 39 40 60 58 37 59 38 64 ' ,'0 0 0 0 0 0 0 0 0 0 0 0 ' ,32 ,2 ,2, 1
142 ,88, 126, '59 59 101 56 64 45 50 80 46 50 45 51 ' ,'0 0 0 0 0 0 0 0 0 0 0 0 ' ,61 ,2 ,1, 1
112 ,135, 92, '81 60 74 60 54 72 54 71 51 66 71 54 ' ,'0 0 0 0 0 0 0 0 0 0 0 0 ' ,35 ,2 ,0, 0
130 ,105, 113, '58 65 62 104 54 53 51 51 96 51 53 55 ' ,'0 0 0 0 0 0 0 0 0 0 0 0 ' ,54 ,2 ,1, 1
100 ,123, 87, '49 57 52 49 42 45 47 42 41 74 42 58 ' ,'0 0 0 0 0 0 0 0 0 0 0 0 ' ,37 ,2 ,1, 1
81 ,96, 66, '40 54 52 40 50 36 57 36 34 34 36 53 ' ,'0 0 0 0 0 0 0 0 0 0 0 0 ' ,24 ,2 ,1, 1
119 ,86, 89, '41 44 85 56 41 44 44 88 49 44 42 42 ' ,'0 0 0 0 0 0 0 0 0 0 0 0 ' ,49 ,2 ,1, 1
94 ,107, 73, '62 49 60 45 38 57 46 39 37 50 56 51 ' ,'0 0 0 0 0 0 0 0 0 0 0 0 ' ,28 ,2 ,1, 1
107 ,83, 90, '49 52 60 82 54 44 51 60 76 55 45 48 ' ,'0 0 0 0 0 0 0 0 0 0 0 0 ' ,40 ,1 ,1, 1
114 ,99, 64, '38 43 37 43 37 45 38 50 38 38 34 39 ' ,'0 0 0 0 0 0 0 0 0 0 0 0 ' ,24 ,1 ,1, 0
94 ,107, 74, '42 57 49 40 48 36 52 47 34 52 36 48 ' ,'0 0 0 0 0 0 0 0 0 0 0 0 ' ,34 ,1 ,1, 1
89 ,85, 75, '38 40 66 39 40 34 36 59 33 38 35 35 ' ,'0 0 0 0 0 0 0 0 0 0 0 0 ' ,32 ,2 ,1, 1
102 ,82, 80, '60 41 44 48 61 52 40 42 40 71 52 43 ' ,'0 0 0 0 0 0 0 0 0 0 0 0 ' ,34 ,1 ,1, 1
133 ,95, 117, '49 44 47 104 69 39 38 48 97 48 37 39 ' ,'0 0 0 0 0 0 0 0 0 0 0 0 ' ,70 ,1 ,1, 1
88 ,136, 76, '42 43 40 44 64 35 36 51 37 55 35 36 ' ,'0 0 0 0 0 0 0 0 0 0 0 0 ' ,34 ,1 ,0, 0
115 ,86, 97, '58 75 81 53 50 47 67 56 46 73 46 71 ' ,'0 0 0 0 0 0 0 0 0 0 0 0 ' ,44 ,1 ,2, 2
103 ,111, 89, '52 55 64 51 70 48 52 78 45 52 46 50 ' ,'0 0 0 0 0 0 0 0 0 0 0 0 ' ,38 ,3 ,1, 1
131 ,96, 115, '71 50 72 50 102 64 44 80 43 44 66 47 ' ,'0 0 0 0 0 0 0 0 0 0 0 0 ' ,66 ,3 ,2, 1
102 ,122, 88, '59 56 56 80 65 52 51 62 77 64 54 52 ' ,'0 0 0 0 0 0 0 0 0 0 0 0 ' ,31 ,1 ,1, 1
79 ,95, 62, '37 40 41 41 38 34 40 51 35 52 33 39 ' ,'0 0 0 0 0 0 0 0 0 0 0 0 ' ,22 ,2 ,1, 1
109 ,73, 82, '51 72 50 52 44 45 62 46 44 44 57 60 ' ,'0 0 0 0 0 0 0 0 0 0 0 0 ' ,30 ,3 ,1, 0
104 ,92, 84, '58 42 76 42 33 37 38 57 38 53 36 37 ' ,'0 0 0 0 0 0 0 0 0 0 0 0 ' ,39 ,2 ,1, 1
90 ,97, 73, '62 41 43 40 35 56 35 46 34 45 56 35 ' ,'0 0 0 0 0 0 0 0 0 0 0 0 ' ,33 ,2 ,1, 0
99 ,88, 81, '44 46 68 55 43 38 40 60 46 43 38 38 ' ,'0 0 0 0 0 0 0 0 0 0 0 0 ' ,35 ,2 ,1, 1
80 ,97, 68, '44 48 46 46 43 40 42 56 44 41 38 41 ' ,'0 0 0 0 0 0 0 0 0 0 0 0 ' ,22 ,2 ,1, 1
89 ,79, 73, '50 61 47 47 60 44 60 43 42 61 43 56 ' ,'0 0 0 0 0 0 0 0 0 0 0 0 ' ,25 ,2 ,1, 1
83 ,80, 69, '42 48 52 46 39 37 42 59 40 39 36 38 ' ,'0 0 0 0 0 0 0 0 0 0 0 0 ' ,25 ,2 ,1, 1
176 ,73, 159, '147 42 40 39 36 141 38 36 34 53 140 40 ' ,'0 0 0 0 0 0 0 0 0 0 0 0 ' ,117 ,3 ,1, 1
119 ,169, 90, '43 46 44 87 58 38 37 37 74 53 39 38 ' ,'0 0 0 0 0 0 0 0 0 0 0 0 ' ,43 ,3 ,1, 1
80 ,105, 66, '45 42 41 42 50 39 38 52 37 37 37 37 ' ,'0 0 0 0 0 0 0 0 0 0 0 0 ' ,21 ,2 ,1, 1
106 ,71, 90, '40 77 51 40 57 35 35 35 35 43 34 77 ' ,'0 0 0 0 0 0 0 0 0 0 0 0 ' ,47 ,3 ,1, 1
95 ,98, 74, '42 38 60 42 38 39 34 62 39 38 39 36 ' ,'0 0 0 0 0 0 0 0 0 0 0 0 ' ,33 ,3 ,1, 1
125 ,88, 105, '94 46 56 52 63 88 42 58 42 44 88 45 ' ,'0 0 0 0 0 0 0 0 0 0 0 0 ' ,55 ,3 ,1, 1
114 ,116, 93, '43 41 39 82 36 37 37 66 72 53 37 39 ' ,'0 0 0 0 0 0 0 0 0 0 0 0 ' ,45 ,3 ,1, 1
116 ,105, 96, '59 54 52 57 85 53 50 46 47 46 51 50 ' ,'0 0 0 0 0 0 0 0 0 0 0 0 ' ,40 ,3 ,1, 1
116 ,108, 99, '51 63 87 51 61 43 58 46 41 55 44 58 ' ,'0 0 0 0 0 0 0 0 0 0 0 0 ' ,50 ,3 ,2, 1
209 ,107, 194, '113 106 181 105 101 85 91 134 88 124 103 98 ' ,'0 0 0 0 0 0 0 0 0 0 0 0 ' ,101 ,3 ,1, 1
166 ,201, 148, '114 125 94 112 117 115 95 106 99 137 88 103 ' ,'0 0 0 0 0 0 0 0 0 0 0 0 ' ,51 ,3 ,1, 1
259 ,158, 244, '103 95 141 97 130 79 90 231 79 128 72 87 ' ,'0 0 0 0 0 0 0 0 0 0 0 0 ' ,160 ,2 ,2, 1
237 ,249, 219, '134 117 201 149 203 103 124 139 106 172 105 117 ' ,'0 0 0 0 0 0 0 0 0 0 0 0 ' ,105 ,1 ,2, 1
547 ,229, 533, '200 363 495 163 432 213 270 518 167 325 301 328 ' ,'0 0 0 0 0 0 0 0 0 0 0 0 ' ,360 ,3 ,2, 2
201 ,539, 185, '110 146 169 127 99 97 100 132 105 98 117 97 ' ,'0 0 0 0 0 0 0 0 0 0 0 0 ' ,76 ,3 ,4, 3
236 ,190, 197, '161 120 137 100 178 150 101 177 93 120 160 112 ' ,'0 0 0 0 0 0 0 0 0 0 0 0 ' ,93 ,3 ,2, 2
231 ,255, 180, '115 108 124 107 113 91 104 124 87 135 115 95 ' ,'0 0 0 0 0 0 0 0 0 0 0 0 ' ,83 ,3 ,3, 2
210 ,226, 181, '107 116 103 101 117 86 104 166 109 121 96 103 ' ,'0 0 0 0 0 0 0 0 0 0 0 0 ' ,86 ,3 ,2, 2
177 ,189, 155, '111 128 140 110 131 81 106 84 91 125 89 106 ' ,'0 0 0 0 0 0 0 0 0 0 0 0 ' ,67 ,3 ,2, 1
199 ,164, 184, '114 117 151 106 172 121 102 109 84 112 92 99 ' ,'0 0 0 0 0 0 0 0 0 0 0 0 ' ,93 ,3 ,2, 1
175 ,191, 154, '119 132 130 115 139 120 88 96 87 87 103 93 ' ,'0 0 0 0 0 0 0 0 0 0 0 0 ' ,60 ,4 ,2, 1
191 ,274, 174, '117 122 140 124 161 95 103 131 99 106 94 96 ' ,'0 0 0 0 0 0 0 0 0 0 0 0 ' ,72 ,2 ,1, 1
284 ,185, 267, '103 120 140 115 188 97 85 129 102 172 113 116 ' ,'0 0 0 0 0 0 0 0 0 0 0 0 ' ,173 ,1 ,0, 0
210 ,276, 192, '118 140 187 109 116 89 124 99 93 108 121 134 ' ,'0 0 0 0 0 0 0 0 0 0 0 0 ' ,91 ,1 ,0, 0
208 ,202, 190, '115 99 182 126 97 136 97 146 113 97 111 108 ' ,'0 0 0 0 0 0 0 0 0 0 0 0 ' ,87 ,2 ,2, 1
231 ,200, 209, '127 127 132 117 198 118 106 144 88 120 113 105 ' ,'0 0 0 0 0 0 0 0 0 0 0 0 ' ,114 ,2 ,1, 0
260 ,227, 245, '138 147 183 151 112 105 125 135 121 206 114 130 ' ,'0 0 0 0 0 0 0 0 0 0 0 0 ' ,128 ,1 ,1, 1
273 ,254, 256, '182 115 163 140 138 246 107 128 114 172 167 129 ' ,'0 0 0 0 0 144335 0 0 0 0 0 0 ' ,143 ,1 ,1, 0
186 ,267, 171, '144 157 145 118 131 122 107 121 110 123 119 124 ' ,'0 0 0 0 0 0 0 0 0 0 0 0 ' ,54 ,2 ,1, 0
193 ,177, 162, '120 135 158 116 96 102 111 108 90 147 108 110 ' ,'0 0 0 0 0 0 0 0 0 0 0 0 ' ,74 ,2 ,1, 0
959 ,178, 943, '273 280 509 261 932 252 457 907 410 875 319 444 ' ,'0 0 0 0 529847 0 259927 520319 194998 454753 0 246272 ' ,683 ,2 ,1, 0
219 ,952, 194, '137 142 141 159 133 124 114 171 124 126 139 116 ' ,'0 0 0 0 0 0 0 0 0 0 0 0 ' ,82 ,22 ,1, 0
237 ,212, 222, '139 136 147 126 205 104 124 155 112 162 114 119 ' ,'0 0 0 0 0 0 0 0 0 0 0 0 ' ,103 ,2 ,2, 1
202 ,229, 186, '136 138 147 138 173 128 117 126 102 151 140 128 ' ,'0 0 0 0 0 0 0 0 0 0 0 0 ' ,77 ,3 ,2, 1
208 ,195, 193, '107 123 144 112 93 111 122 170 130 114 106 115 ' ,'0 0 0 0 0 0 0 0 0 0 0 0 ' ,84 ,3 ,5, 5
220 ,201, 199, '145 145 172 124 170 142 95 102 108 188 160 105 ' ,'0 0 0 0 0 0 0 0 0 0 0 0 ' ,96 ,2 ,2, 1
253 ,214, 237, '130 127 172 125 184 123 99 130 117 99 121 123 ' ,'0 0 0 0 0 0 0 0 0 0 0 0 ' ,131 ,44 ,1, 1
231 ,245, 216, '149 144 151 130 206 124 124 130 131 146 153 134 ' ,'0 0 0 0 0 0 0 0 0 0 0 0 ' ,84 ,2 ,1, 1
232 ,223, 212, '137 164 169 133 200 98 152 111 96 118 123 155 ' ,'0 0 0 0 0 0 0 0 0 0 0 0 ' ,109 ,2 ,2, 2
202 ,253, 184, '130 129 172 123 162 107 108 139 121 131 138 132 ' ,'0 0 0 0 0 0 0 0 0 0 0 0 ' ,69 ,2 ,1, 1
229 ,192, 215, '189 122 133 131 198 179 117 146 117 203 190 111 ' ,'0 0 0 0 0 0 0 0 0 0 0 0 ' ,97 ,3 ,1, 1
205 ,222, 182, '143 150 140 140 172 120 126 121 107 119 137 129 ' ,'0 0 0 0 0 0 0 0 0 0 0 0 ' ,68 ,2 ,1, 1
248 ,195, 232, '156 135 161 122 137 143 127 218 129 214 129 124 ' ,'0 0 0 0 0 0 0 0 0 0 0 0 ' ,104 ,2 ,1, 1
204 ,242, 190, '133 151 133 123 118 118 119 177 109 138 133 147 ' ,'0 0 0 0 0 0 0 0 0 0 0 0 ' ,72 ,2 ,1, 1
204 ,355, 189, '122 141 178 134 150 104 103 159 108 146 135 117 ' ,'0 0 0 0 0 0 0 0 0 0 0 0 ' ,78 ,1 ,1, 1
172 ,196, 156, '135 140 131 149 125 116 111 143 97 130 128 110 ' ,'0 0 0 0 0 0 0 0 0 0 0 0 ' ,54 ,1 ,1, 0
229 ,166, 213, '167 147 161 140 186 137 111 188 120 141 119 116 ' ,'0 0 0 0 0 0 0 0 0 0 0 0 ' ,94 ,16 ,1, 1
216 ,220, 193, '145 155 146 120 151 125 130 142 115 173 164 118 ' ,'0 0 0 0 0 0 0 0 0 0 0 0 ' ,72 ,2 ,1, 1
213 ,204, 196, '127 143 175 146 185 124 114 134 131 150 129 136 ' ,'0 0 0 0 0 0 0 0 0 0 0 0 ' ,76 ,2 ,1, 0
226 ,204, 211, '131 129 119 141 197 106 118 145 117 103 137 119 ' ,'0 0 0 0 0 0 0 0 0 0 0 0 ' ,93 ,2 ,2, 1
237 ,219, 211, '161 131 145 139 137 128 119 192 113 198 173 128 ' ,'0 0 0 0 0 0 0 0 0 0 0 0 ' ,91 ,3 ,2, 1
223 ,232, 188, '125 140 171 143 177 112 124 157 126 134 119 110 ' ,'0 0 0 0 0 0 0 0 0 0 0 0 ' ,69 ,2 ,1, 1
214 ,217, 197, '119 120 140 132 186 127 105 128 112 177 114 111 ' ,'0 0 0 0 0 0 0 0 0 0 0 0 ' ,84 ,2 ,1, 1
246 ,208, 226, '141 139 186 142 150 154 148 194 122 135 129 154 ' ,'0 0 0 0 0 0 0 0 0 0 0 0 ' ,93 ,2 ,2, 1
204 ,233, 189, '151 131 138 140 153 117 119 156 115 156 173 101 ' ,'0 0 0 0 0 0 0 0 0 0 0 0 ' ,81 ,2 ,1, 0
243 ,201, 219, '155 132 159 120 190 133 132 205 97 159 133 105 ' ,'0 0 0 0 0 0 0 0 0 0 0 0 ' ,115 ,2 ,1, 1
201 ,238, 185, '131 129 166 147 159 109 117 147 115 158 128 102 ' ,'0 0 0 0 0 0 0 0 0 0 0 0 ' ,73 ,2 ,1, 1
202 ,194, 187, '123 140 148 153 174 112 124 158 122 123 141 101 ' ,'0 0 0 0 0 0 0 0 0 0 0 0 ' ,77 ,2 ,1, 1
207 ,201, 182, '156 141 131 110 161 112 113 107 112 166 128 139 ' ,'0 0 0 0 0 0 0 0 0 0 0 0 ' ,65 ,3 ,1, 1
154 ,189, 136, '127 95 106 107 109 123 77 80 101 97 115 92 ' ,'0 0 0 0 0 0 0 0 0 0 0 0 ' ,52 ,2 ,1, 1
131 ,162, 98, '80 71 84 59 57 68 50 59 51 78 71 59 ' ,'0 0 0 0 0 0 0 0 0 0 0 0 ' ,40 ,2 ,1, 1
126 ,126, 109, '94 72 66 58 67 62 62 60 58 90 76 57 ' ,'0 0 0 0 0 0 0 0 0 0 0 0 ' ,41 ,2 ,0, 0
129 ,120, 112, '74 71 67 63 58 54 57 64 67 90 76 56 ' ,'0 0 0 0 0 0 0 0 0 0 0 0 ' ,41 ,2 ,1, 0
105 ,116, 91, '57 79 75 63 79 56 71 49 60 63 55 77 ' ,'0 0 0 0 0 0 0 0 0 0 0 0 ' ,28 ,2 ,1, 0
118 ,98, 100, '63 60 89 65 55 55 54 64 55 62 57 53 ' ,'0 0 0 0 0 0 0 0 0 0 0 0 ' ,37 ,2 ,1, 1
123 ,112, 109, '95 57 65 57 89 82 55 58 49 50 82 52 ' ,'0 0 0 0 0 0 0 0 0 0 0 0 ' ,52 ,2 ,1, 1
119 ,114, 103, '59 62 61 62 87 50 53 53 51 73 56 52 ' ,'0 0 0 0 0 0 0 0 0 0 0 0 ' ,46 ,2 ,1, 1
137 ,118, 125, '57 60 63 70 90 51 56 106 49 48 51 54 ' ,'0 0 0 0 0 0 0 0 0 0 0 0 ' ,65 ,2 ,2, 1
111 ,130, 98, '60 77 60 62 49 53 69 87 55 53 53 64 ' ,'0 0 0 0 0 0 0 0 0 0 0 0 ' ,36 ,2 ,2, 1
133 ,104, 117, '80 57 66 72 105 53 52 76 54 54 50 55 ' ,'0 0 0 0 0 0 0 0 0 0 0 0 ' ,58 ,2 ,1, 1
145 ,127, 127, '114 61 75 58 84 109 51 59 49 82 105 50 ' ,'0 0 0 0 0 0 0 0 0 0 0 0 ' ,71 ,2 ,1, 1
137 ,138, 120, '59 62 61 60 108 51 49 56 56 81 50 57 ' ,'0 0 0 0 0 0 0 0 0 0 0 0 ' ,62 ,3 ,1, 1
106 ,126, 91, '57 60 56 60 59 55 54 51 54 74 52 51 ' ,'0 0 0 0 0 0 0 0 0 0 0 0 ' ,35 ,3 ,1, 0
138 ,99, 123, '82 110 75 75 101 73 100 71 66 81 72 100 ' ,'0 0 0 0 0 0 0 0 0 0 0 0 ' ,49 ,2 ,1, 1
110 ,131, 77, '64 57 74 59 63 49 52 51 54 49 55 50 ' ,'0 0 0 0 0 0 0 0 0 0 0 0 ' ,27 ,2 ,1, 1
132 ,93, 100, '89 66 76 61 75 80 50 52 49 81 79 50 ' ,'0 0 0 0 0 0 0 0 0 0 0 0 ' ,45 ,3 ,1, 1
138 ,125, 122, '82 80 85 80 98 64 67 63 68 110 65 73 ' ,'0 0 0 0 0 0 0 0 0 0 0 0 ' ,51 ,2 ,1, 1
118 ,129, 99, '58 61 54 65 78 49 53 50 49 52 74 50 ' ,'0 0 0 0 0 0 0 0 0 0 0 0 ' ,43 ,3 ,1, 0
119 ,110, 96, '60 76 80 60 85 53 66 50 51 47 54 69 ' ,'0 0 0 0 0 0 0 0 0 0 0 0 ' ,36 ,1 ,2, 1
112 ,107, 99, '63 59 61 56 51 53 51 72 47 49 50 53 ' ,'0 0 0 0 0 0 0 0 0 0 0 0 ' ,43 ,2 ,2, 1
110 ,105, 96, '58 60 60 60 66 68 48 83 46 79 67 51 ' ,'0 0 0 0 0 0 0 0 0 0 0 0 ' ,43 ,3 ,1, 1
90 ,102, 74, '57 62 59 56 50 53 51 53 47 59 50 53 ' ,'0 0 0 0 0 0 0 0 0 0 0 0 ' ,22 ,2 ,1, 1
154 ,81, 137, '51 59 97 51 55 48 48 61 44 116 50 48 ' ,'0 0 0 0 0 0 0 0 0 0 0 0 ' ,85 ,3 ,1, 1
116 ,144, 95, '56 79 57 64 53 53 66 50 55 79 55 69 ' ,'0 0 0 0 0 0 0 0 0 0 0 0 ' ,37 ,2 ,1, 1
102 ,109, 88, '59 67 73 71 53 56 49 49 57 56 59 53 ' ,'0 0 0 0 0 0 0 0 0 0 0 0 ' ,12 ,1 ,1, 1
105 ,98, 89, '63 62 63 52 62 59 52 57 47 75 60 52 ' ,'0 0 0 0 0 0 0 0 0 0 0 0 ' ,34 ,2 ,1, 1
94 ,98, 79, '58 64 58 63 66 53 48 52 51 48 50 54 ' ,'0 0 0 0 0 0 0 0 0 0 0 0 ' ,22 ,3 ,1, 1
141 ,86, 126, '77 76 100 75 87 69 82 108 69 85 73 87 ' ,'0 0 0 0 0 0 0 0 0 0 0 0 ' ,49 ,3 ,2, 1
109 ,134, 95, '59 79 56 67 65 48 65 53 51 52 54 71 ' ,'0 0 0 0 0 0 0 0 0 0 0 0 ' ,36 ,3 ,1, 1
130 ,102, 115, '74 78 102 74 67 69 67 78 63 81 63 66 ' ,'0 0 0 0 0 0 0 0 0 0 0 0 ' ,45 ,2 ,1, 1
118 ,123, 100, '76 64 61 62 83 69 52 56 57 68 71 58 ' ,'0 0 0 0 0 0 0 0 0 0 0 0 ' ,35 ,2 ,1, 0
111 ,111, 97, '56 61 84 54 53 52 52 64 51 59 53 52 ' ,'0 0 0 0 0 0 0 0 0 0 0 0 ' ,38 ,3 ,1, 1
111 ,106, 96, '54 56 51 54 45 51 51 76 48 85 50 49 ' ,'0 0 0 0 0 0 0 0 0 0 0 0 ' ,40 ,2 ,1, 0
134 ,105, 119, '60 63 50 56 62 52 52 54 51 61 50 64 ' ,'0 0 0 0 0 0 0 0 0 0 0 0 ' ,60 ,3 ,1, 1
117 ,127, 102, '56 60 89 52 72 49 48 76 46 50 50 50 ' ,'0 0 0 0 0 0 0 0 0 0 0 0 ' ,45 ,3 ,1, 1
136 ,108, 97, '64 57 51 54 76 63 46 62 55 46 62 55 ' ,'0 0 0 0 0 0 0 0 0 0 0 0 ' ,43 ,2 ,1, 0
131 ,124, 108, '55 58 66 57 94 54 49 91 52 56 49 52 ' ,'0 0 0 0 0 0 0 0 0 0 0 0 ' ,51 ,2 ,1, 1
125 ,117, 101, '53 58 74 55 53 48 49 67 47 44 50 50 ' ,'0 0 0 0 0 0 0 0 0 0 0 0 ' ,47 ,2 ,2, 1
106 ,118, 87, '57 72 72 62 54 53 50 54 56 48 57 62 ' ,'0 0 0 0 0 0 0 0 0 0 0 0 ' ,25 ,2 ,1, 1
113 ,100, 93, '53 62 64 63 77 49 53 55 48 50 49 48 ' ,'0 0 0 0 0 0 0 0 0 0 0 0 ' ,40 ,3 ,1, 1
113 ,105, 95, '56 65 66 59 55 83 50 77 50 71 51 59 ' ,'0 0 0 0 0 0 0 0 0 0 0 0 ' ,37 ,2 ,0, 0
105 ,106, 91, '60 56 57 60 65 51 53 56 52 51 53 49 ' ,'0 0 0 0 0 0 0 0 0 0 0 0 ' ,34 ,3 ,1, 1
102 ,98, 85, '52 60 52 57 63 53 51 56 49 73 51 51 ' ,'0 0 0 0 0 0 0 0 0 0 0 0 ' ,31 ,3 ,1, 1
118 ,95, 104, '55 79 91 57 75 46 69 53 53 47 53 77 ' ,'0 0 0 0 0 0 0 0 0 0 0 0 ' ,49 ,3 ,1, 1
117 ,112, 92, '52 60 73 62 55 56 50 53 48 69 49 52 ' ,'0 0 0 0 0 0 0 0 0 0 0 0 ' ,37 ,3 ,1, 1
160 ,99, 120, '107 58 82 64 65 50 54 59 50 52 99 50 ' ,'0 0 0 0 0 0 0 0 0 0 0 0 ' ,62 ,2 ,1, 1
117 ,153, 94, '58 60 55 52 82 50 54 50 46 48 49 54 ' ,'0 0 0 0 0 0 0 0 0 0 0 0 ' ,39 ,2 ,1, 0
216 ,110, 190, '122 128 103 149 178 118 103 151 115 132 121 106 ' ,'0 0 0 0 0 0 0 0 0 0 0 0 ' ,80 ,2 ,1, 1
433 ,207, 415, '148 169 155 166 146 127 152 132 151 210 116 161 ' ,'0 0 0 0 0 0 0 0 0 0 0 0 ' ,279 ,2 ,1, 1
269 ,487, 251, '148 151 218 139 178 146 128 237 130 135 128 144 ' ,'0 0 0 0 0 0 0 0 0 0 0 0 ' ,114 ,3 ,1, 1
345 ,261, 317, '179 165 235 164 301 185 146 186 144 141 201 153 ' ,'0 0 0 0 0 0 0 0 0 0 0 0 ' ,166 ,3 ,2, 1
264 ,325, 248, '163 156 146 138 174 137 131 144 101 232 122 133 ' ,'0 0 0 0 0 0 0 0 0 0 0 0 ' ,137 ,2 ,1, 1
242 ,256, 204, '141 144 171 139 131 113 130 191 131 128 136 149 ' ,'0 0 0 0 0 0 0 0 0 0 0 0 ' ,82 ,2 ,1, 0
229 ,224, 209, '134 199 196 155 189 137 171 177 128 131 167 161 ' ,'0 0 0 0 0 0 0 0 0 0 0 0 ' ,76 ,2 ,1, 1
228 ,219, 212, '158 159 149 144 193 149 122 166 129 147 148 149 ' ,'0 0 0 0 0 0 0 0 0 0 0 0 ' ,82 ,3 ,1, 1
229 ,220, 216, '165 150 184 147 204 165 147 166 146 165 134 137 ' ,'0 0 0 0 0 0 0 0 0 0 0 0 ' ,71 ,2 ,1, 0
215 ,222, 202, '135 162 156 158 190 110 138 132 119 176 123 122 ' ,'0 0 0 0 0 0 0 0 0 0 0 0 ' ,82 ,2 ,2, 1
269 ,209, 255, '117 151 157 160 210 111 125 223 147 193 135 135 ' ,'0 0 0 0 0 0 0 0 0 0 0 0 ' ,134 ,3 ,1, 1
217 ,262, 204, '165 149 151 145 182 125 143 141 135 188 128 143 ' ,'0 0 0 0 0 0 0 0 0 0 0 0 ' ,70 ,2 ,1, 1
235 ,210, 217, '161 114 135 161 125 137 124 143 109 193 137 120 ' ,'0 0 0 0 0 0 0 0 0 0 0 0 ' ,98 ,3 ,1, 1
269 ,225, 248, '161 149 232 155 167 130 126 137 128 185 143 133 ' ,'0 0 0 0 0 0 0 0 0 0 0 0 ' ,114 ,3 ,1, 1
563 ,260, 546, '141 132 163 149 201 130 116 118 126 129 121 140 ' ,'0 0 0 0 0 0 0 0 0 0 0 0 ' ,422 ,3 ,1, 1
195 ,556, 179, '136 128 132 138 149 110 115 144 93 164 127 100 ' ,'0 0 0 0 0 0 0 0 0 0 0 0 ' ,76 ,2 ,1, 1
212 ,189, 199, '138 145 135 130 168 116 135 125 105 181 108 118 ' ,'0 0 0 0 0 0 0 0 0 0 0 0 ' ,87 ,3 ,1, 1
169 ,206, 152, '136 105 116 110 142 115 120 134 112 98 98 116 ' ,'0 0 0 0 0 0 0 0 0 0 0 0 ' ,43 ,2 ,1, 1
182 ,165, 166, '129 115 144 137 144 100 88 98 101 148 104 109 ' ,'0 0 0 0 0 0 0 0 0 0 0 0 ' ,67 ,1 ,2, 1
163 ,174, 140, '114 130 117 118 108 84 105 124 84 119 91 99 ' ,'0 0 0 0 0 0 0 0 0 0 0 0 ' ,52 ,2 ,1, 1
254 ,152, 238, '115 140 207 94 214 94 113 165 118 223 100 110 ' ,'0 0 0 0 0 0 0 0 0 0 0 0 ' ,136 ,3 ,1, 1
198 ,247, 184, '114 139 112 112 168 112 117 161 93 114 113 130 ' ,'0 0 0 0 0 0 0 0 0 0 0 0 ' ,80 ,2 ,1, 1
158 ,192, 145, '98 86 98 96 116 102 84 99 84 122 118 94 ' ,'0 0 0 0 0 0 0 0 0 0 0 0 ' ,54 ,2 ,1, 1
179 ,153, 166, '122 128 112 127 155 103 114 106 93 102 119 107 ' ,'0 0 0 0 0 0 0 0 0 0 0 0 ' ,66 ,3 ,1, 1
161 ,173, 139, '110 91 122 108 124 76 76 81 125 123 97 96 ' ,'0 0 0 0 0 0 0 0 0 0 0 0 ' ,55 ,2 ,1, 1
211 ,148, 191, '96 83 102 118 172 92 76 179 92 158 105 83 ' ,'0 0 0 0 0 0 0 0 0 0 0 0 ' ,112 ,3 ,1, 1
167 ,204, 153, '97 102 105 93 116 88 103 87 91 137 93 110 ' ,'0 0 0 0 0 0 0 0 0 0 0 0 ' ,55 ,2 ,1, 1
217 ,164, 197, '105 120 116 88 170 82 106 175 102 141 94 105 ' ,'0 0 0 0 0 0 0 0 0 0 0 0 ' ,105 ,4 ,1, 1
167 ,204, 150, '90 106 112 102 134 96 87 122 88 86 85 84 ' ,'0 0 0 0 0 0 0 0 0 0 0 0 ' ,54 ,3 ,1, 1
185 ,165, 164, '116 95 103 100 101 95 85 147 97 82 88 95 ' ,'0 0 0 0 0 0 0 0 0 0 0 0 ' ,69 ,2 ,1, 1
192 ,183, 175, '106 105 163 135 144 79 82 116 118 112 90 88 ' ,'0 0 0 0 0 0 0 0 0 0 0 0 ' ,86 ,3 ,1, 1
150 ,186, 136, '96 118 120 101 73 79 122 83 107 119 99 109 ' ,'0 0 0 0 0 0 0 0 0 0 0 0 ' ,22 ,2 ,1, 1
155 ,145, 142, '100 94 106 95 95 82 82 89 84 126 74 84 ' ,'0 0 0 0 0 0 0 0 0 0 0 0 ' ,58 ,3 ,1, 1
165 ,148, 151, '101 93 138 116 90 82 79 103 86 100 83 79 ' ,'0 0 0 0 0 0 0 0 0 0 0 0 ' ,65 ,3 ,1, 1
173 ,157, 160, '96 93 138 91 145 74 90 126 84 83 84 83 ' ,'0 0 0 0 0 0 0 0 0 0 0 0 ' ,77 ,3 ,2, 1
172 ,168, 155, '76 97 135 89 118 94 88 141 119 111 80 85 ' ,'0 0 0 0 0 0 0 0 0 0 0 0 ' ,70 ,2 ,1, 1
176 ,164, 161, '106 146 131 126 107 99 88 102 95 88 92 145 ' ,'0 0 0 0 0 0 0 0 0 0 0 0 ' ,57 ,2 ,1, 0
167 ,168, 142, '107 116 128 98 92 81 97 104 102 82 106 96 ' ,'0 0 0 0 0 0 0 0 0 0 0 0 ' ,50 ,2 ,1, 1
216 ,161, 172, '111 114 157 107 90 73 88 98 80 86 87 87 ' ,'0 0 0 0 0 0 0 0 0 0 0 0 ' ,90 ,2 ,1, 1
168 ,209, 155, '114 104 104 100 88 87 98 100 74 129 92 74 ' ,'0 0 0 0 0 0 0 0 0 0 0 0 ' ,60 ,3 ,1, 0
212 ,161, 151, '94 100 133 112 119 85 89 132 116 108 119 78 ' ,'0 0 0 0 0 0 0 0 0 0 0 0 ' ,65 ,2 ,1, 1
190 ,174, 169, '127 145 150 112 108 114 126 109 100 146 108 135 ' ,'0 0 0 0 0 0 0 0 0 0 0 0 ' ,61 ,2 ,1, 1
215 ,183, 200, '111 111 187 117 108 88 95 149 96 121 96 112 ' ,'0 0 0 0 0 0 0 0 0 0 0 0 ' ,96 ,3 ,1, 1
200 ,206, 186, '112 109 139 110 116 83 92 167 99 105 103 103 ' ,'0 0 0 0 0 0 0 0 0 0 0 0 ' ,91 ,3 ,1, 1
201 ,192, 185, '114 103 144 103 171 77 90 92 105 148 100 101 ' ,'0 0 0 0 0 0 0 0 0 0 0 0 ' ,99 ,3 ,1, 1
209 ,193, 189, '111 115 159 122 118 104 106 140 118 148 129 103 ' ,'0 0 0 0 0 0 0 0 0 0 0 0 ' ,77 ,3 ,1, 1
162 ,202, 144, '98 117 101 108 120 107 107 104 102 122 126 117 ' ,'0 0 0 0 0 0 0 0 0 0 0 0 ' ,30 ,2 ,1, 1
164 ,155, 151, '92 107 113 99 125 84 96 119 91 105 89 90 ' ,'0 0 0 0 0 0 0 0 0 0 0 0 ' ,42 ,2 ,1, 1
226 ,165, 208, '119 128 188 108 178 90 110 149 113 111 110 115 ' ,'0 0 0 0 0 0 0 0 0 0 0 0 ' ,101 ,2 ,2, 1
210 ,217, 194, '126 129 146 142 178 99 108 95 90 172 104 105 ' ,'0 0 0 0 0 0 0 0 0 0 0 0 ' ,94 ,2 ,1, 1
178 ,202, 162, '120 105 128 141 146 92 93 131 116 146 107 111 ' ,'0 0 0 0 0 0 0 0 0 0 0 0 ' ,61 ,2 ,1, 0
244 ,335, 224, '112 127 90 119 149 80 105 203 88 110 128 121 ' ,'0 0 0 0 0 0 0 0 0 0 0 0 ' ,131 ,2 ,2, 1
196 ,321, 176, '93 100 123 104 162 95 104 129 104 104 107 86 ' ,'0 0 0 0 0 0 0 0 0 0 0 0 ' ,80 ,2 ,2, 2
198 ,186, 176, '106 110 136 116 156 92 108 126 105 117 117 107 ' ,'0 0 0 0 0 0 0 0 0 0 0 0 ' ,74 ,2 ,1, 1
173 ,192, 155, '112 98 137 110 123 105 90 102 104 141 99 101 ' ,'0 0 0 0 0 0 0 0 0 0 0 0 ' ,56 ,2 ,1, 1
163 ,166, 148, '102 110 130 137 104 86 82 108 104 109 85 91 ' ,'0 0 0 0 0 0 0 0 0 0 0 0 ' ,58 ,2 ,1, 1
199 ,156, 182, '102 126 102 120 164 99 102 107 95 95 116 94 ' ,'0 0 0 0 0 0 0 0 0 0 0 0 ' ,78 ,3 ,1, 1
192 ,187, 163, '106 99 145 97 130 109 102 101 100 146 89 107 ' ,'0 0 0 0 0 0 0 0 0 0 0 0 ' ,64 ,3 ,1, 1
179 ,182, 166, '107 102 129 117 106 80 119 146 104 133 107 108 ' ,'0 0 0 0 0 0 0 0 0 0 0 0 ' ,63 ,3 ,0, 0
179 ,172, 167, '114 99 140 119 115 113 92 90 95 148 96 89 ' ,'0 0 0 0 0 0 0 0 0 0 0 0 ' ,66 ,2 ,2, 1
195 ,173, 182, '104 94 117 116 127 103 93 133 110 164 78 86 ' ,'0 0 0 0 0 0 0 0 0 0 0 0 ' ,93 ,4 ,1, 1
175 ,189, 160, '106 143 135 122 145 102 130 93 89 115 104 112 ' ,'0 0 0 0 0 0 0 0 0 0 0 0 ' ,57 ,2 ,2, 1
204 ,169, 180, '110 130 103 113 90 156 95 148 90 128 160 90 ' ,'0 0 0 0 0 0 0 0 0 0 0 0 ' ,73 ,2 ,1, 1
195 ,188, 176, '106 115 161 127 89 100 103 108 99 111 117 117 ' ,'0 0 0 0 0 0 0 0 0 0 0 0 ' ,73 ,3 ,3, 3
188 ,188, 173, '88 107 108 103 156 105 91 91 105 89 96 100 ' ,'0 0 0 0 0 0 0 0 0 0 0 0 ' ,73 ,3 ,1, 1
174 ,182, 160, '81 105 116 138 148 98 90 139 114 100 103 104 ' ,'0 0 0 0 0 0 0 0 0 0 0 0 ' ,69 ,2 ,1, 1
189 ,169, 168, '99 154 154 114 106 113 117 100 90 132 103 126 ' ,'0 0 0 0 0 0 0 0 0 0 0 0 ' ,68 ,3 ,1, 1
192 ,184, 179, '126 102 167 102 138 99 92 109 92 109 93 85 ' ,'0 0 0 0 0 0 0 0 0 0 0 0 ' ,85 ,2 ,1, 1
173 ,184, 158, '131 122 145 115 128 108 110 120 117 138 103 106 ' ,'0 0 0 0 0 0 0 0 0 0 0 0 ' ,45 ,2 ,1, 1
181 ,167, 163, '112 112 140 116 129 102 98 105 103 147 108 118 ' ,'0 0 0 0 0 0 0 0 0 0 0 0 ' ,54 ,2 ,1, 1
198 ,175, 180, '95 118 166 132 143 107 99 105 137 153 89 89 ' ,'0 0 0 0 0 0 0 0 0 0 0 0 ' ,82 ,2 ,2, 1
218 ,193, 153, '98 135 110 87 117 88 74 82 90 111 108 93 ' ,'0 0 0 0 0 0 0 0 0 0 0 0 ' ,69 ,3 ,1, 1
182 ,184, 163, '109 121 128 111 149 98 100 103 102 131 90 104 ' ,'0 0 0 0 0 0 0 0 0 0 0 0 ' ,64 ,2 ,1, 0
185 ,176, 170, '117 128 132 101 106 100 97 156 93 90 96 107 ' ,'0 0 0 0 0 0 0 0 0 0 0 0 ' ,71 ,2 ,1, 1
202 ,177, 184, '141 134 142 127 133 111 117 133 94 165 104 105 ' ,'0 0 0 0 0 0 0 0 0 0 0 0 ' ,81 ,3 ,1, 0
192 ,193, 174, '112 128 114 127 144 97 115 161 126 112 106 122 ' ,'0 0 0 0 0 0 0 0 0 0 0 0 ' ,69 ,3 ,1, 1
189 ,186, 168, '125 116 138 103 149 98 114 153 98 96 122 101 ' ,'0 0 0 0 0 0 0 0 0 0 0 0 ' ,63 ,1 ,1, 0
195 ,183, 177, '117 136 148 107 112 104 98 127 101 126 109 101 ' ,'0 0 0 0 0 0 0 0 0 0 0 0 ' ,70 ,3 ,1, 0
186 ,185, 172, '112 106 157 125 143 116 110 111 129 151 132 118 ' ,'0 0 0 0 0 0 0 0 0 0 0 0 ' ,58 ,2 ,1, 1
182 ,179, 161, '119 98 114 114 74 97 88 92 99 149 94 90 ' ,'0 0 0 0 0 0 0 0 0 0 0 0 ' ,65 ,2 ,1, 0
208 ,176, 194, '119 119 179 122 141 116 105 111 115 130 104 114 ' ,'0 0 0 0 0 0 0 0 0 0 0 0 ' ,80 ,3 ,1, 1
184 ,201, 170, '117 119 154 110 146 120 102 143 117 88 96 98 ' ,'0 0 0 0 0 0 0 0 0 0 0 0 ' ,71 ,4 ,1, 0
182 ,176, 164, '114 120 119 124 104 101 101 154 96 93 152 121 ' ,'0 0 0 0 0 0 0 0 0 0 0 0 ' ,66 ,2 ,0, 0
201 ,178, 186, '130 122 134 127 145 93 108 165 102 99 137 96 ' ,'0 0 0 0 0 0 0 0 0 0 0 0 ' ,77 ,3 ,1, 1
191 ,196, 175, '123 134 151 119 124 159 95 125 98 112 120 95 ' ,'0 0 0 0 0 0 0 0 0 0 0 0 ' ,70 ,2 ,1, 1
216 ,182, 200, '142 113 139 117 158 146 121 156 149 185 108 99 ' ,'0 0 0 0 0 0 0 0 0 0 0 0 ' ,90 ,2 ,2, 1
202 ,210, 164, '131 119 132 147 135 93 103 108 109 122 124 85 ' ,'0 0 0 0 0 0 0 0 0 0 0 0 ' ,71 ,3 ,1, 1
172 ,195, 158, '121 111 118 118 122 124 103 101 104 133 114 117 ' ,'0 0 0 0 0 0 0 0 0 0 0 0 ' ,47 ,2 ,1, 1
228 ,166, 215, '131 126 171 138 157 97 100 130 112 189 112 110 ' ,'0 0 0 0 0 0 0 0 0 0 0 0 ' ,106 ,2 ,1, 0
207 ,222, 191, '148 125 170 141 172 105 99 109 112 172 105 120 ' ,'0 0 0 0 0 0 0 0 0 0 0 0 ' ,85 ,2 ,1, 1
192 ,201, 178, '147 126 163 133 119 104 107 89 121 144 110 102 ' ,'0 0 0 0 0 0 0 0 0 0 0 0 ' ,77 ,3 ,1, 0
220 ,185, 175, '124 160 132 165 125 111 131 104 104 151 112 103 ' ,'0 0 0 0 0 0 0 0 0 0 0 0 ' ,63 ,3 ,1, 1
192 ,212, 177, '106 133 107 94 118 122 118 124 74 159 97 102 ' ,'0 0 0 0 0 0 0 0 0 0 0 0 ' ,95 ,2 ,1, 1
183 ,184, 164, '111 108 137 120 126 136 115 145 100 136 94 112 ' ,'0 0 0 0 0 0 0 0 0 0 0 0 ' ,54 ,1 ,1, 1
212 ,176, 192, '112 117 171 125 104 111 113 133 109 94 116 106 ' ,'0 0 0 0 0 0 0 0 0 0 0 0 ' ,82 ,3 ,1, 1
216 ,205, 202, '162 133 188 149 165 131 109 152 125 133 152 124 ' ,'0 0 0 0 0 0 0 0 0 0 0 0 ' ,84 ,2 ,1, 0
220 ,211, 206, '152 144 120 130 120 116 103 172 127 184 140 93 ' ,'0 0 0 0 0 0 0 0 0 0 0 0 ' ,95 ,3 ,2, 2
235 ,210, 219, '136 129 202 134 165 117 126 139 118 141 111 110 ' ,'0 0 0 0 0 0 0 0 0 0 0 0 ' ,97 ,3 ,1, 1
228 ,229, 213, '123 127 156 135 144 123 111 122 107 198 115 116 ' ,'0 0 0 0 0 0 0 0 0 0 0 0 ' ,95 ,3 ,1, 1
216 ,232, 202, '138 140 138 98 150 119 106 182 107 89 104 112 ' ,'0 0 0 0 0 0 0 0 0 0 0 0 ' ,97 ,3 ,1, 1
212 ,208, 187, '153 146 164 130 166 110 124 113 132 91 116 115 ' ,'0 0 0 0 0 0 0 0 0 0 0 0 ' ,67 ,3 ,1, 1
218 ,201, 183, '134 126 162 124 149 105 100 122 116 135 116 102 ' ,'0 0 0 0 0 0 0 0 0 0 0 0 ' ,71 ,4 ,1, 1
227 ,201, 191, '126 136 161 132 172 161 101 151 125 155 146 124 ' ,'0 0 0 0 0 0 0 0 0 0 0 0 ' ,84 ,2 ,1, 1
245 ,397, 229, '120 136 192 136 213 90 118 145 131 149 164 101 ' ,'0 0 0 0 0 0 0 0 0 0 0 0 ' ,131 ,3 ,1, 1
209 ,247, 195, '121 127 174 104 169 104 110 109 119 154 115 127 ' ,'0 0 0 0 0 0 0 0 0 0 0 0 ' ,82 ,3 ,1, 1
299 ,203, 281, '136 120 179 163 129 124 115 132 169 238 101 111 ' ,'0 0 0 0 0 0 0 0 0 0 0 0 ' ,166 ,3 ,2, 2
210 ,287, 187, '142 146 168 137 172 117 124 144 101 107 122 111 ' ,'0 0 0 0 0 0 0 0 0 0 0 0 ' ,79 ,2 ,1, 1
218 ,420, 195, '143 127 153 130 174 114 125 156 111 176 129 135 ' ,'0 0 0 0 0 0 0 0 0 0 0 0 ' ,74 ,2 ,1, 1
206 ,211, 192, '137 128 175 137 128 98 105 161 129 119 103 97 ' ,'0 0 0 0 0 0 0 0 0 0 0 0 ' ,86 ,2 ,2, 1
225 ,199, 206, '120 145 146 138 185 126 115 147 105 143 133 127 ' ,'0 0 0 0 0 0 0 0 0 0 0 0 ' ,91 ,4 ,1, 1
254 ,218, 235, '146 144 163 168 122 102 122 156 163 216 122 127 ' ,'0 0 0 0 0 0 0 0 0 0 0 0 ' ,122 ,3 ,1, 1
223 ,247, 207, '134 121 156 121 138 128 119 139 131 184 126 126 ' ,'0 0 0 0 0 0 0 0 0 0 0 0 ' ,79 ,3 ,1, 1
