321 ,0, 240, '208 142 153 197 ' ,'0 0 0 0 ' ,61 ,2 ,6, 6
133 ,261, 107, '89 92 96 94 ' ,'0 0 0 0 ' ,11 ,1 ,1, 1
2611 ,122, 42, '29 31 950 41 ' ,'0 0 0 0 ' ,2556 ,1 ,3, 2
685 ,2607, 58, '29 28 29 30 ' ,'0 0 0 0 ' ,17 ,1 ,2, 2
66 ,68, 53, '39 34 35 35 ' ,'0 0 0 0 ' ,9 ,0 ,2, 2
64 ,59, 48, '28 27 32 34 ' ,'0 0 0 0 ' ,11 ,1 ,3, 2
67 ,53, 55, '36 32 38 35 ' ,'0 0 0 0 ' ,10 ,0 ,2, 1
75 ,60, 46, '28 28 26 33 ' ,'0 0 0 0 ' ,9 ,1 ,1, 1
153 ,53, 130, '27 32 30 118 ' ,'0 0 0 0 ' ,91 ,3 ,2, 2
63 ,135, 48, '26 30 28 30 ' ,'0 0 0 0 ' ,12 ,1 ,2, 2
88 ,53, 50, '30 41 31 34 ' ,'0 0 0 0 ' ,13 ,1 ,1, 1
262 ,66, 248, '238 30 29 30 ' ,'0 0 0 0 ' ,213 ,2 ,0, 0
63 ,254, 50, '32 31 35 30 ' ,'0 0 0 0 ' ,10 ,1 ,1, 1
58 ,55, 44, '32 31 33 31 ' ,'0 0 0 0 ' ,6 ,1 ,1, 0
50 ,49, 35, '23 21 28 22 ' ,'0 0 0 0 ' ,5 ,0 ,1, 0
67 ,41, 53, '35 34 40 35 ' ,'0 0 0 0 ' ,8 ,1 ,0, 0
83 ,57, 69, '58 33 34 28 ' ,'0 0 0 0 ' ,31 ,2 ,1, 1
64 ,73, 51, '35 32 31 33 ' ,'0 0 0 0 ' ,9 ,1 ,1, 1
56 ,56, 43, '26 29 29 29 ' ,'0 0 0 0 ' ,9 ,1 ,1, 0
71 ,47, 57, '36 34 35 34 ' ,'0 0 0 0 ' ,13 ,1 ,0, 0
59 ,62, 45, '32 30 27 28 ' ,'0 0 0 0 ' ,9 ,2 ,1, 1
73 ,50, 58, '48 38 38 32 ' ,'0 0 0 0 ' ,17 ,2 ,1, 1
99 ,62, 83, '33 31 36 33 ' ,'0 0 0 0 ' ,44 ,1 ,0, 0
58 ,88, 45, '30 28 34 26 ' ,'0 0 0 0 ' ,13 ,1 ,1, 1
62 ,49, 44, '28 30 28 32 ' ,'0 0 0 0 ' ,11 ,2 ,0, 0
60 ,49, 47, '33 37 36 29 ' ,'0 0 0 0 ' ,10 ,2 ,1, 0
73 ,52, 59, '44 30 33 30 ' ,'0 0 0 0 ' ,21 ,1 ,1, 1
57 ,64, 43, '30 36 36 35 ' ,'0 0 0 0 ' ,3 ,1 ,1, 1
68 ,48, 55, '31 29 28 47 ' ,'0 0 0 0 ' ,18 ,2 ,1, 1
58 ,60, 38, '28 28 28 24 ' ,'0 0 0 0 ' ,9 ,1 ,1, 1
52 ,42, 38, '27 24 24 30 ' ,'0 0 0 0 ' ,9 ,1 ,0, 0
146 ,44, 131, '123 31 32 34 ' ,'0 0 0 0 ' ,94 ,0 ,1, 0
58 ,138, 44, '36 31 31 36 ' ,'0 0 0 0 ' ,2 ,0 ,1, 1
150 ,50, 137, '26 29 30 44 ' ,'0 0 0 0 ' ,102 ,1 ,1, 0
56 ,142, 41, '20 24 29 24 ' ,'0 0 0 0 ' ,16 ,1 ,0, 0
52 ,48, 38, '30 28 28 29 ' ,'0 0 0 0 ' ,4 ,1 ,1, 1
80 ,43, 67, '37 25 60 26 ' ,'0 0 0 0 ' ,34 ,0 ,1, 1
61 ,72, 47, '39 34 39 35 ' ,'0 0 0 0 ' ,5 ,0 ,0, 0
211 ,51, 198, '29 27 32 190 ' ,'0 0 0 0 ' ,164 ,1 ,1, 1
60 ,202, 45, '40 30 33 30 ' ,'0 0 0 0 ' ,10 ,1 ,1, 0
54 ,49, 41, '30 27 33 29 ' ,'0 0 0 0 ' ,9 ,0 ,1, 0
115 ,45, 101, '94 30 30 31 ' ,'0 0 0 0 ' ,64 ,1 ,0, 0
53 ,106, 41, '29 30 31 30 ' ,'0 0 0 0 ' ,6 ,1 ,1, 1
92 ,45, 79, '28 27 28 64 ' ,'0 0 0 0 ' ,45 ,9 ,1, 0
58 ,84, 39, '33 25 25 25 ' ,'0 0 0 0 ' ,10 ,1 ,0, 0
49 ,43, 36, '28 26 27 27 ' ,'0 0 0 0 ' ,3 ,1 ,1, 0
175 ,40, 162, '154 32 34 33 ' ,'0 0 0 0 ' ,124 ,1 ,0, 0
60 ,167, 45, '37 32 31 33 ' ,'0 0 0 0 ' ,6 ,1 ,1, 0
91 ,50, 78, '35 34 35 70 ' ,'0 0 0 0 ' ,38 ,1 ,0, 0
62 ,82, 50, '37 36 42 41 ' ,'0 0 0 0 ' ,7 ,1 ,1, 0
52 ,54, 38, '28 29 31 31 ' ,'0 0 0 0 ' ,5 ,1 ,0, 0
68 ,44, 56, '48 25 24 24 ' ,'0 0 0 0 ' ,27 ,2 ,0, 0
48 ,61, 36, '22 27 28 28 ' ,'0 0 0 0 ' ,8 ,1 ,1, 1
70 ,40, 57, '29 27 26 49 ' ,'0 0 0 0 ' ,25 ,1 ,1, 1
64 ,61, 42, '34 30 34 35 ' ,'0 0 0 0 ' ,9 ,1 ,1, 1
60 ,48, 39, '29 31 30 32 ' ,'0 0 0 0 ' ,3 ,0 ,1, 1
103 ,46, 89, '82 22 26 22 ' ,'0 0 0 0 ' ,61 ,1 ,1, 0
51 ,93, 38, '29 28 28 28 ' ,'0 0 0 0 ' ,4 ,1 ,0, 0
66 ,42, 50, '29 28 28 45 ' ,'0 0 0 0 ' ,17 ,1 ,0, 0
57 ,56, 43, '25 32 35 22 ' ,'0 0 0 0 ' ,16 ,2 ,0, 0
51 ,48, 39, '27 25 31 25 ' ,'0 0 0 0 ' ,9 ,0 ,1, 1
89 ,42, 75, '69 35 34 26 ' ,'0 0 0 0 ' ,42 ,0 ,1, 1
48 ,80, 34, '27 25 25 26 ' ,'0 0 0 0 ' ,4 ,1 ,1, 0
60 ,41, 47, '29 29 27 40 ' ,'0 0 0 0 ' ,14 ,1 ,1, 1
47 ,51, 35, '25 27 29 27 ' ,'0 0 0 0 ' ,5 ,1 ,1, 1
47 ,39, 33, '26 25 25 25 ' ,'0 0 0 0 ' ,4 ,1 ,0, 0
57 ,38, 43, '36 29 36 25 ' ,'0 0 0 0 ' ,15 ,1 ,1, 1
60 ,48, 44, '37 35 35 35 ' ,'0 0 0 0 ' ,4 ,1 ,1, 0
61 ,53, 48, '29 32 34 41 ' ,'0 0 0 0 ' ,13 ,0 ,1, 0
52 ,52, 38, '30 28 30 29 ' ,'0 0 0 0 ' ,4 ,1 ,1, 1
46 ,42, 33, '25 27 23 24 ' ,'0 0 0 0 ' ,5 ,1 ,1, 0
52 ,38, 37, '30 27 26 27 ' ,'0 0 0 0 ' ,6 ,1 ,0, 0
55 ,42, 38, '29 28 27 29 ' ,'0 0 0 0 ' ,4 ,2 ,0, 0
79 ,42, 66, '33 27 33 60 ' ,'0 0 0 0 ' ,34 ,1 ,0, 0
54 ,72, 41, '31 28 30 30 ' ,'0 0 0 0 ' ,5 ,1 ,1, 1
61 ,46, 45, '31 30 35 30 ' ,'0 0 0 0 ' ,9 ,1 ,0, 0
67 ,52, 53, '47 26 28 27 ' ,'0 0 0 0 ' ,22 ,0 ,0, 0
48 ,58, 32, '24 24 23 23 ' ,'0 0 0 0 ' ,1 ,0 ,1, 1
87 ,36, 71, '32 32 39 59 ' ,'0 0 0 0 ' ,29 ,1 ,1, 1
47 ,74, 34, '23 25 25 25 ' ,'0 0 0 0 ' ,5 ,1 ,1, 0
51 ,39, 38, '29 32 28 28 ' ,'0 0 0 0 ' ,6 ,1 ,0, 0
82 ,43, 68, '60 31 32 33 ' ,'0 0 0 0 ' ,31 ,1 ,1, 1
54 ,72, 41, '30 27 30 27 ' ,'0 0 0 0 ' ,7 ,1 ,1, 1
70 ,44, 56, '24 24 29 50 ' ,'0 0 0 0 ' ,26 ,0 ,1, 1
48 ,61, 33, '26 25 24 26 ' ,'0 0 0 0 ' ,2 ,0 ,1, 0
45 ,38, 32, '24 23 22 23 ' ,'0 0 0 0 ' ,4 ,1 ,0, 0
64 ,37, 52, '44 26 27 26 ' ,'0 0 0 0 ' ,20 ,1 ,1, 1
56 ,56, 39, '27 26 32 26 ' ,'0 0 0 0 ' ,6 ,1 ,1, 0
55 ,43, 35, '22 27 27 28 ' ,'0 0 0 0 ' ,7 ,1 ,1, 0
61 ,48, 45, '27 32 27 23 ' ,'0 0 0 0 ' ,17 ,1 ,1, 1
57 ,50, 42, '30 27 34 28 ' ,'0 0 0 0 ' ,8 ,1 ,1, 1
102 ,46, 90, '83 34 57 28 ' ,'0 0 0 0 ' ,57 ,0 ,1, 1
58 ,94, 46, '38 36 36 36 ' ,'0 0 0 0 ' ,4 ,1 ,1, 1
62 ,49, 49, '24 21 28 22 ' ,'0 0 0 0 ' ,21 ,14 ,1, 1
49 ,55, 34, '25 24 21 28 ' ,'0 0 0 0 ' ,8 ,0 ,1, 0
52 ,38, 37, '27 25 31 25 ' ,'0 0 0 0 ' ,7 ,1 ,0, 0
78 ,42, 63, '55 28 41 29 ' ,'0 0 0 0 ' ,28 ,1 ,1, 0
52 ,69, 39, '30 29 33 32 ' ,'0 0 0 0 ' ,6 ,0 ,0, 0
65 ,44, 49, '23 21 28 21 ' ,'0 0 0 0 ' ,21 ,15 ,1, 1
45 ,53, 32, '26 25 25 27 ' ,'0 0 0 0 ' ,2 ,1 ,1, 0
64 ,37, 40, '26 23 27 33 ' ,'0 0 0 0 ' ,12 ,0 ,1, 1
80 ,46, 66, '41 25 38 27 ' ,'0 0 0 0 ' ,34 ,1 ,1, 1
54 ,72, 36, '25 23 29 24 ' ,'0 0 0 0 ' ,7 ,1 ,0, 0
54 ,47, 41, '23 27 27 23 ' ,'0 0 0 0 ' ,13 ,7 ,1, 1
58 ,46, 42, '34 31 32 33 ' ,'0 0 0 0 ' ,5 ,1 ,0, 0
57 ,49, 42, '31 30 35 30 ' ,'0 0 0 0 ' ,7 ,0 ,0, 0
68 ,50, 49, '38 28 41 28 ' ,'0 0 0 0 ' ,16 ,1 ,0, 0
58 ,60, 44, '32 36 33 29 ' ,'0 0 0 0 ' ,9 ,1 ,1, 0
72 ,49, 59, '30 27 29 29 ' ,'0 0 0 0 ' ,27 ,22 ,1, 0
69 ,64, 53, '36 45 32 38 ' ,'0 0 0 0 ' ,14 ,1 ,1, 0
49 ,61, 35, '24 23 27 23 ' ,'0 0 0 0 ' ,5 ,0 ,1, 1
152 ,38, 138, '131 35 39 28 ' ,'0 0 0 0 ' ,103 ,1 ,0, 0
47 ,142, 34, '26 24 23 24 ' ,'0 0 0 0 ' ,5 ,1 ,1, 1
79 ,38, 63, '32 35 29 32 ' ,'0 0 0 0 ' ,26 ,22 ,1, 0
73 ,67, 40, '28 31 26 28 ' ,'0 0 0 0 ' ,11 ,1 ,1, 1
54 ,46, 37, '24 22 29 27 ' ,'0 0 0 0 ' ,9 ,1 ,1, 1
75 ,48, 51, '43 24 44 27 ' ,'0 0 0 0 ' ,24 ,1 ,1, 0
48 ,65, 35, '28 26 26 27 ' ,'0 0 0 0 ' ,3 ,1 ,1, 0
52 ,39, 36, '21 25 26 27 ' ,'0 0 0 0 ' ,8 ,1 ,0, 0
49 ,73, 36, '25 26 26 23 ' ,'0 0 0 0 ' ,7 ,1 ,1, 0
50 ,54, 36, '23 22 28 22 ' ,'0 0 0 0 ' ,9 ,2 ,0, 0
55 ,41, 42, '27 28 28 29 ' ,'0 0 0 0 ' ,3 ,1 ,7, 1
51 ,46, 35, '22 22 28 22 ' ,'0 0 0 0 ' ,7 ,0 ,1, 1
72 ,40, 60, '26 30 30 31 ' ,'0 0 0 0 ' ,28 ,20 ,1, 1
52 ,64, 40, '29 27 31 27 ' ,'0 0 0 0 ' ,7 ,1 ,1, 1
80 ,58, 65, '60 53 56 60 ' ,'0 0 0 0 ' ,6 ,1 ,0, 0
131 ,71, 118, '57 66 109 62 ' ,'0 0 0 0 ' ,54 ,2 ,1, 1
89 ,121, 77, '62 65 61 50 ' ,'0 0 0 0 ' ,21 ,1 ,0, 0
115 ,82, 101, '71 69 75 68 ' ,'0 0 0 0 ' ,26 ,19 ,0, 0
222 ,106, 200, '155 125 121 193 ' ,'0 0 0 0 ' ,73 ,1 ,1, 1
94 ,215, 81, '70 73 73 54 ' ,'0 0 0 0 ' ,16 ,1 ,1, 1
101 ,85, 86, '76 73 63 66 ' ,'0 0 0 0 ' ,14 ,1 ,2, 1
88 ,123, 74, '66 58 60 56 ' ,'0 0 0 0 ' ,11 ,1 ,0, 0
93 ,79, 77, '49 67 70 67 ' ,'0 0 0 0 ' ,20 ,1 ,1, 1
91 ,95, 75, '56 55 62 60 ' ,'0 0 0 0 ' ,12 ,1 ,2, 2
95 ,81, 80, '67 63 66 65 ' ,'0 0 0 0 ' ,10 ,1 ,1, 1
94 ,85, 75, '49 50 66 51 ' ,'0 0 0 0 ' ,18 ,1 ,1, 1
90 ,91, 77, '62 66 69 50 ' ,'0 0 0 0 ' ,20 ,1 ,1, 1
108 ,82, 95, '61 63 66 70 ' ,'0 0 0 0 ' ,26 ,19 ,1, 1
101 ,99, 88, '80 67 63 59 ' ,'0 0 0 0 ' ,22 ,1 ,0, 0
104 ,93, 91, '60 63 79 80 ' ,'0 0 0 0 ' ,21 ,1 ,1, 1
99 ,95, 87, '67 78 53 67 ' ,'0 0 0 0 ' ,20 ,1 ,1, 1
96 ,106, 84, '75 77 60 73 ' ,'0 0 0 0 ' ,17 ,1 ,1, 0
482 ,88, 468, '76 72 69 78 ' ,'0 0 0 0 ' ,391 ,382 ,1, 1
107 ,472, 93, '85 75 58 80 ' ,'0 0 0 0 ' ,28 ,1 ,1, 1
110 ,98, 96, '87 72 78 70 ' ,'0 0 0 0 ' ,18 ,1 ,2, 1
195 ,100, 179, '159 110 169 174 ' ,'0 0 0 0 ' ,64 ,0 ,1, 1
116 ,185, 102, '94 87 70 74 ' ,'0 0 0 0 ' ,23 ,1 ,1, 1
138 ,108, 123, '85 64 67 86 ' ,'0 0 0 0 ' ,52 ,31 ,1, 1
100 ,128, 85, '74 69 74 74 ' ,'0 0 0 0 ' ,11 ,1 ,1, 1
102 ,92, 88, '64 70 71 81 ' ,'0 0 0 0 ' ,16 ,1 ,1, 0
97 ,93, 84, '76 77 70 53 ' ,'0 0 0 0 ' ,23 ,0 ,1, 0
145 ,88, 126, '117 66 72 76 ' ,'0 0 0 0 ' ,52 ,1 ,1, 1
130 ,131, 114, '78 72 76 88 ' ,'0 0 0 0 ' ,36 ,19 ,1, 0
97 ,118, 81, '61 57 74 75 ' ,'0 0 0 0 ' ,19 ,1 ,1, 1
98 ,89, 84, '70 75 70 62 ' ,'0 0 0 0 ' ,15 ,0 ,1, 1
109 ,89, 96, '79 71 88 74 ' ,'0 0 0 0 ' ,20 ,1 ,0, 0
293 ,101, 279, '272 80 85 75 ' ,'0 0 0 0 ' ,198 ,1 ,0, 0
214 ,285, 200, '85 88 82 85 ' ,'0 0 0 0 ' ,112 ,105 ,1, 1
109 ,205, 96, '87 68 67 59 ' ,'0 0 0 0 ' ,30 ,1 ,1, 1
110 ,99, 94, '66 77 69 86 ' ,'0 0 0 0 ' ,21 ,1 ,1, 0
102 ,99, 89, '80 67 74 80 ' ,'0 0 0 0 ' ,16 ,1 ,1, 0
102 ,94, 89, '77 73 70 79 ' ,'0 0 0 0 ' ,10 ,1 ,1, 1
134 ,95, 118, '87 71 81 80 ' ,'0 0 0 0 ' ,40 ,23 ,1, 0
102 ,123, 87, '78 72 74 73 ' ,'0 0 0 0 ' ,9 ,0 ,0, 0
108 ,93, 89, '67 81 75 71 ' ,'0 0 0 0 ' ,15 ,1 ,1, 0
106 ,99, 91, '83 74 80 65 ' ,'0 0 0 0 ' ,21 ,1 ,1, 1
106 ,97, 92, '67 85 74 59 ' ,'0 0 0 0 ' ,27 ,0 ,1, 0
105 ,120, 92, '73 84 66 69 ' ,'0 0 0 0 ' ,17 ,1 ,1, 0
108 ,130, 95, '87 81 76 72 ' ,'0 0 0 0 ' ,17 ,1 ,1, 1
107 ,99, 95, '73 72 84 65 ' ,'0 0 0 0 ' ,24 ,1 ,1, 1
106 ,99, 93, '84 72 70 84 ' ,'0 0 0 0 ' ,15 ,1 ,1, 1
107 ,98, 93, '82 73 82 86 ' ,'0 0 0 0 ' ,15 ,1 ,0, 0
152 ,113, 139, '82 74 102 81 ' ,'0 0 0 0 ' ,59 ,28 ,1, 1
94 ,144, 80, '67 68 68 73 ' ,'0 0 0 0 ' ,5 ,0 ,1, 1
89 ,85, 77, '60 66 66 64 ' ,'0 0 0 0 ' ,9 ,1 ,1, 1
64 ,81, 50, '40 33 40 37 ' ,'0 0 0 0 ' ,10 ,1 ,1, 0
74 ,55, 55, '39 42 39 48 ' ,'0 0 0 0 ' ,9 ,0 ,1, 0
65 ,61, 52, '42 43 34 38 ' ,'0 0 0 0 ' ,10 ,1 ,1, 1
62 ,57, 49, '35 32 41 30 ' ,'0 0 0 0 ' ,12 ,1 ,1, 0
62 ,54, 49, '35 33 39 37 ' ,'0 0 0 0 ' ,8 ,2 ,1, 1
61 ,53, 47, '35 31 36 34 ' ,'0 0 0 0 ' ,9 ,0 ,1, 1
64 ,57, 51, '32 40 40 30 ' ,'0 0 0 0 ' ,14 ,2 ,1, 1
63 ,56, 49, '35 35 33 38 ' ,'0 0 0 0 ' ,9 ,1 ,1, 0
56 ,53, 43, '34 32 31 32 ' ,'0 0 0 0 ' ,5 ,1 ,1, 0
64 ,47, 47, '34 32 38 38 ' ,'0 0 0 0 ' ,8 ,1 ,1, 1
57 ,52, 43, '36 34 33 37 ' ,'0 0 0 0 ' ,3 ,1 ,0, 0
63 ,48, 49, '35 37 38 38 ' ,'0 0 0 0 ' ,7 ,1 ,1, 1
73 ,54, 58, '38 42 31 38 ' ,'0 0 0 0 ' ,14 ,1 ,1, 1
79 ,62, 57, '42 44 54 46 ' ,'0 0 0 0 ' ,8 ,1 ,1, 0
62 ,70, 47, '39 40 37 37 ' ,'0 0 0 0 ' ,4 ,1 ,0, 0
63 ,52, 50, '40 33 33 33 ' ,'0 0 0 0 ' ,11 ,1 ,0, 0
71 ,55, 57, '43 47 47 43 ' ,'0 0 0 0 ' ,7 ,1 ,1, 0
70 ,62, 51, '39 32 36 32 ' ,'0 0 0 0 ' ,12 ,1 ,1, 1
56 ,56, 45, '32 31 31 32 ' ,'0 0 0 0 ' ,6 ,1 ,1, 1
59 ,48, 45, '37 35 33 38 ' ,'0 0 0 0 ' ,5 ,0 ,1, 1
58 ,50, 44, '35 32 30 36 ' ,'0 0 0 0 ' ,8 ,1 ,0, 0
72 ,49, 59, '48 38 32 35 ' ,'0 0 0 0 ' ,18 ,2 ,0, 0
60 ,64, 47, '35 32 32 39 ' ,'0 0 0 0 ' ,8 ,1 ,1, 0
61 ,52, 48, '38 28 36 30 ' ,'0 0 0 0 ' ,12 ,2 ,1, 1
66 ,53, 52, '40 36 31 35 ' ,'0 0 0 0 ' ,13 ,1 ,0, 0
59 ,57, 47, '36 36 34 34 ' ,'0 0 0 0 ' ,7 ,1 ,1, 1
58 ,52, 43, '35 35 31 38 ' ,'0 0 0 0 ' ,7 ,1 ,0, 0
69 ,48, 56, '48 47 48 46 ' ,'0 0 0 0 ' ,5 ,0 ,1, 1
81 ,60, 64, '31 34 39 34 ' ,'0 0 0 0 ' ,24 ,1 ,0, 0
73 ,74, 58, '44 46 45 47 ' ,'0 0 0 0 ' ,7 ,2 ,1, 1
61 ,66, 48, '38 31 36 34 ' ,'0 0 0 0 ' ,8 ,1 ,1, 0
64 ,52, 50, '36 33 34 42 ' ,'0 0 0 0 ' ,10 ,1 ,1, 1
60 ,55, 46, '35 33 30 34 ' ,'0 0 0 0 ' ,9 ,1 ,1, 0
61 ,51, 46, '28 29 38 35 ' ,'0 0 0 0 ' ,11 ,1 ,0, 0
65 ,51, 48, '33 36 32 32 ' ,'0 0 0 0 ' ,9 ,1 ,1, 1
61 ,54, 48, '35 40 31 33 ' ,'0 0 0 0 ' ,9 ,1 ,1, 1
69 ,53, 50, '39 33 34 38 ' ,'0 0 0 0 ' ,7 ,1 ,1, 1
58 ,62, 45, '34 34 33 34 ' ,'0 0 0 0 ' ,3 ,1 ,1, 1
68 ,50, 49, '35 29 37 32 ' ,'0 0 0 0 ' ,12 ,1 ,1, 1
65 ,61, 52, '35 33 34 34 ' ,'0 0 0 0 ' ,8 ,1 ,1, 1
60 ,58, 47, '35 30 31 33 ' ,'0 0 0 0 ' ,9 ,1 ,1, 1
66 ,51, 52, '36 35 34 38 ' ,'0 0 0 0 ' ,9 ,1 ,0, 0
61 ,57, 47, '37 31 28 33 ' ,'0 0 0 0 ' ,8 ,1 ,1, 1
61 ,51, 48, '34 29 37 35 ' ,'0 0 0 0 ' ,12 ,1 ,1, 0
63 ,55, 48, '36 32 38 38 ' ,'0 0 0 0 ' ,10 ,1 ,1, 0
57 ,55, 43, '32 31 30 37 ' ,'0 0 0 0 ' ,6 ,1 ,1, 0
61 ,48, 47, '36 35 33 38 ' ,'0 0 0 0 ' ,5 ,1 ,1, 0
150 ,52, 136, '127 66 63 73 ' ,'0 0 0 0 ' ,66 ,1 ,1, 1
133 ,140, 120, '73 81 86 113 ' ,'0 0 0 0 ' ,39 ,1 ,1, 1
109 ,125, 96, '86 79 86 64 ' ,'0 0 0 0 ' ,26 ,1 ,1, 1
118 ,101, 105, '96 93 86 74 ' ,'0 0 0 0 ' ,25 ,1 ,1, 1
115 ,110, 103, '92 75 82 89 ' ,'0 0 0 0 ' ,20 ,1 ,1, 1
123 ,108, 108, '96 80 84 98 ' ,'0 0 0 0 ' ,20 ,1 ,1, 1
113 ,112, 99, '83 76 81 92 ' ,'0 0 0 0 ' ,17 ,1 ,0, 0
118 ,104, 102, '82 71 87 93 ' ,'0 0 0 0 ' ,25 ,1 ,1, 0
116 ,107, 102, '83 77 94 82 ' ,'0 0 0 0 ' ,19 ,1 ,1, 0
118 ,108, 105, '95 70 74 95 ' ,'0 0 0 0 ' ,29 ,1 ,1, 1
139 ,110, 126, '116 93 75 97 ' ,'0 0 0 0 ' ,44 ,1 ,1, 1
134 ,131, 121, '65 91 89 113 ' ,'0 0 0 0 ' ,48 ,1 ,1, 0
108 ,126, 93, '82 71 75 86 ' ,'0 0 0 0 ' ,15 ,1 ,1, 0
121 ,99, 104, '94 91 85 85 ' ,'0 0 0 0 ' ,13 ,1 ,1, 0
114 ,113, 100, '91 81 80 73 ' ,'0 0 0 0 ' ,19 ,1 ,1, 1
124 ,106, 109, '98 64 78 81 ' ,'0 0 0 0 ' ,38 ,0 ,1, 1
112 ,114, 99, '73 57 81 91 ' ,'0 0 0 0 ' ,36 ,3 ,0, 0
99 ,104, 85, '73 57 60 67 ' ,'0 0 0 0 ' ,22 ,2 ,1, 1
86 ,89, 73, '59 53 66 60 ' ,'0 0 0 0 ' ,13 ,1 ,1, 0
100 ,77, 84, '64 54 55 77 ' ,'0 0 0 0 ' ,23 ,1 ,1, 0
105 ,90, 91, '65 47 75 81 ' ,'0 0 0 0 ' ,38 ,4 ,0, 0
113 ,96, 100, '64 59 64 90 ' ,'0 0 0 0 ' ,33 ,1 ,1, 0
86 ,105, 69, '59 57 51 48 ' ,'0 0 0 0 ' ,12 ,1 ,0, 0
95 ,73, 78, '70 65 59 71 ' ,'0 0 0 0 ' ,8 ,1 ,0, 0
86 ,86, 73, '60 54 64 54 ' ,'0 0 0 0 ' ,12 ,1 ,1, 1
136 ,77, 123, '113 54 42 57 ' ,'0 0 0 0 ' ,72 ,1 ,1, 0
125 ,127, 111, '51 49 63 104 ' ,'0 0 0 0 ' ,55 ,1 ,1, 1
91 ,117, 73, '56 55 64 53 ' ,'0 0 0 0 ' ,13 ,1 ,1, 0
91 ,77, 78, '49 34 49 69 ' ,'0 0 0 0 ' ,36 ,1 ,1, 0
84 ,138, 71, '61 57 57 50 ' ,'0 0 0 0 ' ,13 ,1 ,1, 0
95 ,76, 80, '70 55 55 61 ' ,'0 0 0 0 ' ,17 ,1 ,1, 1
105 ,85, 92, '60 58 59 83 ' ,'0 0 0 0 ' ,25 ,1 ,1, 0
93 ,97, 81, '51 53 53 71 ' ,'0 0 0 0 ' ,20 ,2 ,1, 1
93 ,85, 76, '67 60 51 61 ' ,'0 0 0 0 ' ,19 ,0 ,0, 0
106 ,87, 94, '67 54 83 69 ' ,'0 0 0 0 ' ,33 ,2 ,1, 1
106 ,98, 95, '84 56 66 58 ' ,'0 0 0 0 ' ,31 ,1 ,1, 1
88 ,99, 76, '60 55 63 62 ' ,'0 0 0 0 ' ,13 ,2 ,1, 1
103 ,81, 72, '61 55 59 56 ' ,'0 0 0 0 ' ,9 ,2 ,0, 0
89 ,98, 76, '66 59 65 58 ' ,'0 0 0 0 ' ,9 ,1 ,1, 1
99 ,81, 83, '68 50 70 52 ' ,'0 0 0 0 ' ,23 ,1 ,1, 1
104 ,87, 91, '79 59 56 61 ' ,'0 0 0 0 ' ,26 ,1 ,1, 1
102 ,98, 90, '62 70 79 77 ' ,'0 0 0 0 ' ,19 ,1 ,1, 1
90 ,94, 77, '56 53 63 69 ' ,'0 0 0 0 ' ,16 ,1 ,1, 1
91 ,81, 77, '59 51 59 71 ' ,'0 0 0 0 ' ,19 ,1 ,0, 0
103 ,82, 89, '80 72 77 77 ' ,'0 0 0 0 ' ,10 ,1 ,1, 1
93 ,94, 80, '69 67 61 70 ' ,'0 0 0 0 ' ,11 ,1 ,1, 1
199 ,84, 185, '51 59 55 177 ' ,'0 0 0 108150 ' ,126 ,1 ,1, 0
92 ,190, 78, '60 49 53 68 ' ,'0 0 0 0 ' ,21 ,1 ,1, 1
98 ,83, 84, '63 76 70 61 ' ,'0 0 0 0 ' ,17 ,1 ,1, 0
111 ,88, 97, '70 55 87 74 ' ,'0 0 0 0 ' ,34 ,1 ,1, 0
148 ,103, 135, '126 57 66 53 ' ,'0 0 0 0 ' ,76 ,1 ,1, 0
117 ,140, 104, '63 55 63 97 ' ,'0 0 0 0 ' ,43 ,1 ,0, 0
105 ,109, 91, '58 81 63 72 ' ,'0 0 0 0 ' ,26 ,1 ,1, 0
89 ,96, 75, '66 52 54 48 ' ,'0 0 0 0 ' ,20 ,1 ,1, 1
104 ,79, 89, '64 58 80 56 ' ,'0 0 0 0 ' ,26 ,1 ,0, 0
106 ,94, 92, '84 58 57 54 ' ,'0 0 0 0 ' ,32 ,1 ,0, 0
104 ,99, 91, '57 62 69 83 ' ,'0 0 0 0 ' ,23 ,1 ,0, 0
105 ,96, 91, '48 82 64 68 ' ,'0 0 0 0 ' ,36 ,1 ,1, 1
97 ,96, 84, '75 58 59 63 ' ,'0 0 0 0 ' ,18 ,1 ,1, 0
97 ,89, 83, '56 68 75 62 ' ,'0 0 0 0 ' ,20 ,1 ,0, 0
188 ,89, 175, '164 50 61 75 ' ,'0 0 0 0 ' ,118 ,1 ,1, 1
113 ,179, 91, '60 61 69 83 ' ,'0 0 0 0 ' ,25 ,1 ,1, 0
89 ,99, 77, '54 67 67 67 ' ,'0 0 0 0 ' ,15 ,1 ,1, 0
103 ,81, 91, '62 71 63 82 ' ,'0 0 0 0 ' ,22 ,1 ,1, 1
103 ,95, 90, '63 71 82 60 ' ,'0 0 0 0 ' ,23 ,2 ,0, 0
190 ,95, 175, '158 59 70 70 ' ,'0 0 0 0 ' ,101 ,2 ,9, 1
101 ,180, 85, '60 58 72 78 ' ,'0 0 0 0 ' ,20 ,1 ,1, 1
104 ,88, 87, '62 78 65 60 ' ,'0 0 0 0 ' ,22 ,0 ,0, 0
106 ,95, 93, '84 64 60 54 ' ,'0 0 0 0 ' ,32 ,1 ,1, 1
116 ,99, 99, '70 76 89 72 ' ,'0 0 0 0 ' ,20 ,1 ,1, 0
121 ,106, 103, '92 45 55 61 ' ,'0 0 0 0 ' ,50 ,2 ,1, 1
91 ,115, 76, '67 64 50 65 ' ,'0 0 0 0 ' ,18 ,1 ,1, 1
108 ,81, 91, '46 82 49 53 ' ,'0 0 0 0 ' ,38 ,0 ,1, 0
102 ,100, 85, '70 67 78 67 ' ,'0 0 0 0 ' ,11 ,0 ,1, 1
112 ,89, 98, '60 65 89 77 ' ,'0 0 0 0 ' ,30 ,1 ,1, 1
99 ,102, 86, '70 76 71 54 ' ,'0 0 0 0 ' ,24 ,1 ,1, 1
103 ,90, 89, '65 60 76 82 ' ,'0 0 0 0 ' ,22 ,0 ,1, 0
95 ,94, 82, '68 55 70 74 ' ,'0 0 0 0 ' ,20 ,1 ,1, 0
97 ,86, 85, '48 67 76 62 ' ,'0 0 0 0 ' ,29 ,0 ,1, 0
97 ,89, 84, '54 57 66 77 ' ,'0 0 0 0 ' ,22 ,1 ,0, 0
101 ,89, 86, '75 62 66 66 ' ,'0 0 0 0 ' ,17 ,1 ,1, 1
95 ,92, 80, '62 54 62 74 ' ,'0 0 0 0 ' ,18 ,1 ,1, 1
105 ,85, 92, '59 82 70 66 ' ,'0 0 0 0 ' ,25 ,1 ,0, 0
95 ,97, 81, '66 57 62 70 ' ,'0 0 0 0 ' ,16 ,1 ,1, 0
107 ,85, 89, '77 73 74 58 ' ,'0 0 0 0 ' ,24 ,1 ,1, 1
102 ,96, 89, '77 64 60 54 ' ,'0 0 0 0 ' ,28 ,1 ,1, 1
100 ,93, 86, '73 60 62 51 ' ,'0 0 0 0 ' ,28 ,2 ,1, 1
117 ,90, 103, '73 94 76 69 ' ,'0 0 0 0 ' ,28 ,1 ,0, 0
99 ,107, 86, '63 61 62 78 ' ,'0 0 0 0 ' ,18 ,1 ,0, 0
102 ,90, 86, '61 71 72 79 ' ,'0 0 0 0 ' ,17 ,1 ,0, 0
105 ,93, 91, '81 68 61 67 ' ,'0 0 0 0 ' ,22 ,1 ,1, 0
110 ,98, 94, '66 58 59 86 ' ,'0 0 0 0 ' ,27 ,1 ,1, 0
97 ,102, 82, '71 68 57 69 ' ,'0 0 0 0 ' ,17 ,1 ,1, 0
99 ,88, 86, '75 56 70 64 ' ,'0 0 0 0 ' ,21 ,1 ,1, 0
101 ,91, 88, '58 52 79 67 ' ,'0 0 0 0 ' ,30 ,1 ,0, 0
159 ,107, 147, '136 69 67 75 ' ,'0 0 0 0 ' ,73 ,0 ,1, 0
146 ,151, 134, '91 64 73 125 ' ,'0 0 0 0 ' ,63 ,1 ,0, 0
109 ,138, 96, '80 76 67 90 ' ,'0 0 0 0 ' ,21 ,0 ,1, 0
113 ,103, 100, '84 66 90 79 ' ,'0 0 0 0 ' ,25 ,1 ,1, 1
118 ,105, 104, '86 75 73 91 ' ,'0 0 0 0 ' ,25 ,6 ,0, 0
122 ,110, 109, '98 73 67 61 ' ,'0 0 0 0 ' ,42 ,1 ,1, 1
94 ,114, 83, '64 72 66 69 ' ,'0 0 0 0 ' ,7 ,0 ,1, 1
121 ,86, 108, '99 76 75 77 ' ,'0 0 0 0 ' ,25 ,1 ,1, 1
108 ,113, 95, '84 73 80 87 ' ,'0 0 0 0 ' ,15 ,1 ,1, 1
105 ,99, 91, '79 78 74 75 ' ,'0 0 0 0 ' ,9 ,1 ,1, 1
131 ,98, 115, '105 70 78 67 ' ,'0 0 0 0 ' ,41 ,1 ,0, 0
137 ,122, 119, '81 60 84 110 ' ,'0 0 0 0 ' ,50 ,1 ,1, 1
115 ,131, 103, '68 93 69 78 ' ,'0 0 0 0 ' ,25 ,1 ,1, 1
110 ,106, 97, '72 52 87 69 ' ,'0 0 0 0 ' ,39 ,1 ,0, 0
106 ,102, 94, '79 66 83 85 ' ,'0 0 0 0 ' ,20 ,0 ,1, 1
119 ,99, 105, '94 57 83 59 ' ,'0 0 0 0 ' ,40 ,1 ,1, 0
114 ,110, 100, '68 60 87 62 ' ,'0 0 0 0 ' ,32 ,1 ,1, 1
