762 ,0, 663, '520 481 459 496 417 502 457 417 481 422 610 446 439 421 437 523 ' ,'321 242 249 230 235 253 248 234 237 247 306 210 0 226 228 280 ' ,201 ,10 ,7, 6
336 ,718, 304, '250 146 155 119 169 264 134 159 141 152 287 159 178 157 159 232 ' ,'0 0 0 0 0 0 0 0 0 0 0 0 0 0 0 0 ' ,174 ,3 ,2, 2
101 ,327, 76, '41 44 43 56 36 48 33 37 39 33 35 38 37 45 50 33 ' ,'0 0 0 0 0 0 0 0 0 0 0 0 0 0 0 0 ' ,29 ,1 ,2, 2
114 ,488, 85, '46 46 50 57 40 37 36 41 39 40 63 41 41 54 41 43 ' ,'0 0 0 0 0 0 0 0 0 0 0 0 0 0 0 0 ' ,30 ,2 ,4, 4
108 ,99, 79, '45 40 51 36 32 30 35 42 32 29 52 28 38 33 36 36 ' ,'0 0 0 0 0 0 0 0 0 0 0 0 0 0 0 0 ' ,33 ,3 ,2, 2
115 ,98, 91, '47 46 45 43 43 38 35 36 37 38 72 36 37 36 34 35 ' ,'0 0 0 0 0 0 0 0 0 0 0 0 0 0 0 0 ' ,42 ,3 ,2, 2
94 ,105, 67, '45 33 37 54 42 39 32 28 31 34 36 32 30 36 28 30 ' ,'0 0 0 0 0 0 0 0 0 0 0 0 0 0 0 0 ' ,31 ,2 ,1, 1
90 ,85, 61, '43 40 39 46 41 36 35 33 35 39 36 34 35 41 30 35 ' ,'0 0 0 0 0 0 0 0 0 0 0 0 0 0 0 0 ' ,16 ,2 ,2, 2
95 ,76, 71, '42 46 57 41 38 32 37 45 38 41 32 35 37 35 30 31 ' ,'0 0 0 0 0 0 0 0 0 0 0 0 0 0 0 0 ' ,28 ,1 ,0, 0
91 ,85, 69, '48 53 46 58 33 45 32 36 42 38 34 32 38 43 40 40 ' ,'0 0 0 0 0 0 0 0 0 0 0 0 0 0 0 0 ' ,26 ,2 ,1, 1
88 ,80, 64, '37 41 36 47 32 33 48 32 35 43 34 46 39 38 38 33 ' ,'0 0 0 0 0 0 0 0 0 0 0 0 0 0 0 0 ' ,25 ,3 ,0, 0
91 ,79, 65, '37 35 40 48 29 34 44 30 35 34 31 29 32 40 29 33 ' ,'0 0 0 0 0 0 0 0 0 0 0 0 0 0 0 0 ' ,28 ,7 ,1, 1
91 ,79, 66, '40 47 56 42 28 42 29 40 33 28 30 31 36 37 29 52 ' ,'0 0 0 0 0 0 0 0 0 0 0 0 0 0 0 0 ' ,22 ,1 ,1, 1
99 ,79, 60, '51 42 53 51 43 45 35 46 49 43 39 44 41 51 44 54 ' ,'0 0 0 0 0 0 0 0 0 0 0 0 0 0 0 0 ' ,27 ,1 ,1, 0
88 ,87, 62, '40 43 44 52 29 32 37 31 37 33 32 35 35 43 31 31 ' ,'0 0 0 0 0 0 0 0 0 0 0 0 0 0 0 0 ' ,23 ,1 ,1, 1
75 ,75, 59, '40 34 45 44 36 33 30 28 32 34 30 27 33 34 35 30 ' ,'0 0 0 0 0 0 0 0 0 0 0 0 0 0 0 0 ' ,22 ,1 ,1, 1
100 ,67, 65, '52 55 50 47 47 45 41 41 41 42 44 45 41 41 46 50 ' ,'0 0 0 0 0 0 0 0 0 0 0 0 0 0 0 0 ' ,21 ,1 ,0, 0
79 ,86, 62, '48 50 48 42 34 37 34 30 37 31 31 37 36 46 32 34 ' ,'0 0 0 0 0 0 0 0 0 0 0 0 0 0 0 0 ' ,22 ,1 ,1, 1
75 ,70, 58, '45 47 41 39 44 38 37 37 37 44 44 34 44 33 39 40 ' ,'0 0 0 0 0 0 0 0 0 0 0 0 0 0 0 0 ' ,19 ,1 ,1, 1
121 ,67, 97, '37 41 41 34 38 45 28 35 47 37 46 34 35 38 39 49 ' ,'0 0 0 0 0 0 0 0 0 0 0 0 0 0 0 0 ' ,59 ,4 ,1, 1
96 ,106, 76, '62 47 58 43 36 34 39 56 33 38 43 38 36 33 37 38 ' ,'0 0 0 0 0 0 0 0 0 0 0 0 0 0 0 0 ' ,33 ,1 ,1, 1
102 ,87, 69, '38 33 42 62 30 46 29 33 52 35 41 33 34 51 36 37 ' ,'0 0 0 0 0 0 0 0 0 0 0 0 0 0 0 0 ' ,36 ,0 ,1, 1
118 ,87, 86, '58 60 55 74 57 50 51 46 48 45 45 50 45 60 54 74 ' ,'0 0 0 0 0 0 0 0 0 0 0 0 0 0 0 0 ' ,30 ,0 ,0, 0
116 ,99, 86, '54 48 53 69 43 48 42 52 40 37 68 43 44 50 36 47 ' ,'0 0 0 0 0 0 0 0 0 0 0 0 0 0 0 0 ' ,32 ,1 ,1, 1
120 ,101, 92, '50 43 59 56 40 45 46 48 44 50 73 36 49 44 39 45 ' ,'0 0 0 0 0 0 0 0 0 0 0 0 0 0 0 0 ' ,43 ,1 ,1, 1
115 ,103, 83, '59 48 57 71 44 55 40 49 53 36 41 36 43 44 37 42 ' ,'0 0 0 0 0 0 0 0 0 0 0 0 0 0 0 0 ' ,37 ,1 ,1, 1
97 ,96, 64, '38 44 48 42 42 52 38 35 35 29 32 30 48 39 39 35 ' ,'0 0 0 0 0 0 0 0 0 0 0 0 0 0 0 0 ' ,20 ,1 ,1, 1
152 ,82, 122, '104 66 72 85 65 110 63 54 88 39 106 32 39 40 78 83 ' ,'0 0 0 0 0 0 0 0 0 0 0 0 0 0 0 0 ' ,79 ,1 ,1, 1
100 ,141, 76, '61 53 46 53 44 36 44 42 38 40 41 44 52 40 57 37 ' ,'0 0 0 0 0 0 0 0 0 0 0 0 0 0 0 0 ' ,31 ,1 ,1, 1
107 ,87, 83, '51 45 60 61 53 42 40 41 49 45 44 65 41 44 52 69 ' ,'0 0 0 0 0 0 0 0 0 0 0 0 0 0 0 0 ' ,31 ,1 ,0, 0
92 ,92, 62, '41 42 41 37 40 31 46 36 33 33 37 31 33 31 32 56 ' ,'0 0 0 0 0 0 0 0 0 0 0 0 0 0 0 0 ' ,24 ,1 ,0, 0
102 ,78, 70, '47 40 41 49 44 41 29 37 34 41 54 34 36 51 49 38 ' ,'0 0 0 0 0 0 0 0 0 0 0 0 0 0 0 0 ' ,29 ,1 ,2, 2
118 ,86, 90, '62 67 54 52 45 41 48 40 41 40 71 39 39 38 44 53 ' ,'0 0 0 0 0 0 0 0 0 0 0 0 0 0 0 0 ' ,45 ,10 ,0, 0
107 ,103, 74, '46 49 44 49 44 37 40 38 37 41 38 44 37 41 39 66 ' ,'0 0 0 0 0 0 0 0 0 0 0 0 0 0 0 0 ' ,29 ,1 ,0, 0
94 ,89, 67, '45 38 51 51 40 37 33 37 38 37 55 34 35 36 36 33 ' ,'0 0 0 0 0 0 0 0 0 0 0 0 0 0 0 0 ' ,27 ,1 ,1, 1
98 ,79, 70, '54 42 36 51 32 33 36 31 34 36 33 35 34 35 33 30 ' ,'0 0 0 0 0 0 0 0 0 0 0 0 0 0 0 0 ' ,33 ,2 ,0, 0
91 ,89, 66, '39 35 40 36 31 49 33 35 31 37 48 34 34 30 36 40 ' ,'0 0 0 0 0 0 0 0 0 0 0 0 0 0 0 0 ' ,29 ,1 ,1, 1
147 ,80, 122, '62 48 47 45 39 37 39 38 36 33 33 34 46 36 34 36 ' ,'0 0 0 0 0 0 0 0 0 0 0 0 0 0 0 0 ' ,74 ,45 ,1, 1
104 ,135, 78, '47 57 46 44 35 37 33 39 40 34 62 42 42 38 32 33 ' ,'0 0 0 0 0 0 0 0 0 0 0 0 0 0 0 0 ' ,32 ,1 ,1, 1
92 ,89, 67, '38 36 40 37 41 33 29 35 33 30 50 29 35 33 30 31 ' ,'0 0 0 0 0 0 0 0 0 0 0 0 0 0 0 0 ' ,29 ,2 ,1, 1
98 ,80, 74, '41 50 42 54 33 58 41 35 40 48 53 42 32 38 38 52 ' ,'0 0 0 0 0 0 0 0 0 0 0 0 0 0 0 0 ' ,28 ,2 ,1, 1
114 ,82, 88, '44 43 45 50 34 33 35 37 34 40 32 36 37 33 47 73 ' ,'0 0 0 0 0 0 0 0 0 0 0 0 0 0 0 0 ' ,44 ,1 ,0, 0
129 ,105, 104, '39 38 43 47 32 40 41 35 45 38 66 33 35 41 39 36 ' ,'0 0 0 0 0 0 0 0 0 0 0 0 0 0 0 0 ' ,60 ,21 ,1, 1
103 ,118, 78, '44 34 39 35 30 40 27 35 31 39 33 27 32 31 42 31 ' ,'0 0 0 0 0 0 0 0 0 0 0 0 0 0 0 0 ' ,31 ,1 ,1, 1
90 ,89, 64, '34 40 31 32 25 31 31 27 26 38 46 32 29 28 36 33 ' ,'0 0 0 0 0 0 0 0 0 0 0 0 0 0 0 0 ' ,29 ,1 ,1, 1
103 ,78, 76, '37 48 40 56 43 31 34 34 39 44 30 33 38 33 29 49 ' ,'0 0 0 0 0 0 0 0 0 0 0 0 0 0 0 0 ' ,31 ,1 ,1, 1
115 ,88, 76, '61 37 42 44 40 58 31 27 34 28 34 28 26 32 26 33 ' ,'0 0 0 0 0 0 0 0 0 0 0 0 0 0 0 0 ' ,37 ,1 ,0, 0
90 ,102, 68, '35 30 40 39 24 33 42 33 39 27 53 30 32 37 33 25 ' ,'0 0 0 0 0 0 0 0 0 0 0 0 0 0 0 0 ' ,30 ,1 ,1, 1
105 ,80, 80, '59 39 41 49 34 40 32 43 46 53 35 33 34 43 49 42 ' ,'0 0 0 0 0 0 0 0 0 0 0 0 0 0 0 0 ' ,33 ,1 ,1, 1
140 ,93, 104, '40 40 41 39 32 58 32 46 35 43 35 43 38 36 40 37 ' ,'0 0 0 0 0 0 0 0 0 0 0 0 0 0 0 0 ' ,64 ,1 ,1, 1
126 ,124, 94, '49 59 54 54 48 75 55 46 63 41 45 53 45 47 47 43 ' ,'0 0 0 0 0 0 0 0 0 0 0 0 0 0 0 0 ' ,39 ,1 ,0, 0
102 ,105, 80, '62 37 38 43 26 26 33 36 34 25 31 36 29 34 26 30 ' ,'0 0 0 0 0 0 0 0 0 0 0 0 0 0 0 0 ' ,46 ,1 ,0, 0
94 ,91, 73, '39 42 43 46 37 35 34 37 34 38 58 37 43 38 37 41 ' ,'0 0 0 0 0 0 0 0 0 0 0 0 0 0 0 0 ' ,29 ,1 ,1, 1
108 ,84, 84, '43 41 41 42 42 40 48 35 39 34 64 33 49 43 50 35 ' ,'0 0 0 0 0 0 0 0 0 0 0 0 0 0 0 0 ' ,35 ,1 ,1, 1
137 ,94, 105, '76 39 48 32 55 90 55 37 38 55 75 28 60 36 62 73 ' ,'0 0 0 0 0 0 0 0 0 0 0 0 0 0 0 0 ' ,77 ,1 ,0, 0
92 ,125, 70, '54 41 40 36 37 30 36 30 31 33 38 44 36 30 35 57 ' ,'0 0 0 0 0 0 0 0 0 0 0 0 0 0 0 0 ' ,31 ,1 ,0, 0
111 ,80, 72, '46 45 44 61 36 54 38 39 43 54 44 45 35 41 38 41 ' ,'0 0 0 0 0 0 0 0 0 0 0 0 0 0 0 0 ' ,35 ,1 ,1, 1
103 ,93, 79, '61 36 36 46 39 29 34 30 42 38 36 29 34 33 30 29 ' ,'0 0 0 0 0 0 0 0 0 0 0 0 0 0 0 0 ' ,36 ,1 ,1, 1
89 ,89, 65, '36 51 48 43 33 32 36 43 35 43 48 36 39 44 32 33 ' ,'0 0 0 0 0 0 0 0 0 0 0 0 0 0 0 0 ' ,23 ,2 ,0, 0
98 ,80, 70, '34 49 49 45 36 53 42 34 34 36 30 42 32 42 47 29 ' ,'0 0 0 0 0 0 0 0 0 0 0 0 0 0 0 0 ' ,28 ,1 ,0, 0
101 ,83, 75, '58 52 41 38 35 30 42 37 37 37 34 35 34 34 28 32 ' ,'0 0 0 0 0 0 0 0 0 0 0 0 0 0 0 0 ' ,31 ,1 ,1, 1
93 ,85, 68, '35 31 34 41 35 35 25 33 27 33 31 31 29 36 28 54 ' ,'0 0 0 0 0 0 0 0 0 0 0 0 0 0 0 0 ' ,35 ,1 ,1, 1
100 ,82, 73, '38 39 42 39 31 29 37 35 40 46 60 28 35 33 32 30 ' ,'0 0 0 0 0 0 0 0 0 0 0 0 0 0 0 0 ' ,39 ,1 ,1, 1
104 ,85, 74, '34 39 37 34 32 26 33 29 26 33 30 32 29 27 36 62 ' ,'0 0 0 0 0 0 0 0 0 0 0 0 0 0 0 0 ' ,41 ,1 ,1, 1
84 ,90, 65, '51 40 41 48 36 38 37 37 35 34 36 32 35 34 32 36 ' ,'0 0 0 0 0 0 0 0 0 0 0 0 0 0 0 0 ' ,25 ,2 ,1, 1
77 ,75, 51, '30 29 35 39 28 30 43 31 31 26 25 25 29 27 25 27 ' ,'0 0 0 0 0 0 0 0 0 0 0 0 0 0 0 0 ' ,22 ,0 ,1, 1
92 ,67, 67, '43 47 47 42 35 43 35 35 34 51 38 45 36 34 37 32 ' ,'0 0 0 0 0 0 0 0 0 0 0 0 0 0 0 0 ' ,32 ,1 ,0, 0
89 ,82, 67, '38 58 41 42 28 30 29 36 36 39 29 29 35 32 36 33 ' ,'0 0 0 0 0 0 0 0 0 0 0 0 0 0 0 0 ' ,28 ,1 ,1, 1
86 ,75, 67, '39 41 38 47 33 32 39 41 45 37 33 32 40 39 47 32 ' ,'0 0 0 0 0 0 0 0 0 0 0 0 0 0 0 0 ' ,28 ,2 ,1, 1
76 ,81, 55, '37 33 39 39 34 33 46 34 31 29 42 29 32 30 29 31 ' ,'0 0 0 0 0 0 0 0 0 0 0 0 0 0 0 0 ' ,18 ,0 ,0, 0
77 ,70, 56, '41 40 36 47 34 29 34 29 33 34 29 34 29 40 29 30 ' ,'0 0 0 0 0 0 0 0 0 0 0 0 0 0 0 0 ' ,20 ,1 ,1, 1
84 ,69, 59, '40 39 34 42 29 34 39 35 45 31 31 34 28 39 28 31 ' ,'0 0 0 0 0 0 0 0 0 0 0 0 0 0 0 0 ' ,24 ,2 ,1, 1
78 ,73, 53, '34 36 40 39 31 32 31 37 34 27 29 36 31 38 34 33 ' ,'0 0 0 0 0 0 0 0 0 0 0 0 0 0 0 0 ' ,19 ,2 ,0, 0
79 ,68, 51, '41 39 37 42 29 33 34 25 37 29 31 33 28 35 27 32 ' ,'0 0 0 0 0 0 0 0 0 0 0 0 0 0 0 0 ' ,16 ,1 ,0, 0
83 ,65, 62, '42 45 42 51 38 42 38 37 34 38 35 37 35 49 41 38 ' ,'0 0 0 0 0 0 0 0 0 0 0 0 0 0 0 0 ' ,21 ,1 ,1, 1
85 ,77, 60, '50 44 48 44 36 46 36 50 35 40 40 52 41 34 43 42 ' ,'0 0 0 0 0 0 0 0 0 0 0 0 0 0 0 0 ' ,21 ,2 ,0, 0
90 ,73, 64, '46 50 46 50 45 43 35 40 44 35 40 35 40 41 35 46 ' ,'0 0 0 0 0 0 0 0 0 0 0 0 0 0 0 0 ' ,25 ,1 ,1, 1
86 ,78, 62, '34 43 48 38 38 31 32 39 33 30 45 32 34 44 31 29 ' ,'0 0 0 0 0 0 0 0 0 0 0 0 0 0 0 0 ' ,21 ,1 ,0, 0
83 ,75, 59, '34 35 36 30 30 43 25 29 25 30 26 25 28 25 25 26 ' ,'0 0 0 0 0 0 0 0 0 0 0 0 0 0 0 0 ' ,23 ,1 ,1, 1
98 ,75, 71, '37 36 43 42 34 55 31 33 41 35 34 40 32 42 34 33 ' ,'0 0 0 0 0 0 0 0 0 0 0 0 0 0 0 0 ' ,33 ,2 ,0, 0
89 ,88, 61, '31 31 31 33 36 26 24 30 28 25 35 28 29 28 26 43 ' ,'0 0 0 0 0 0 0 0 0 0 0 0 0 0 0 0 ' ,25 ,1 ,2, 2
109 ,74, 87, '59 44 42 47 35 34 40 32 44 35 71 37 34 47 37 49 ' ,'0 0 0 0 0 0 0 0 0 0 0 0 0 0 0 0 ' ,44 ,1 ,1, 1
90 ,98, 67, '39 37 40 38 35 35 32 35 32 35 28 28 35 34 32 53 ' ,'0 0 0 0 0 0 0 0 0 0 0 0 0 0 0 0 ' ,28 ,2 ,0, 0
108 ,83, 80, '65 35 39 45 30 34 33 31 29 29 31 29 30 29 35 36 ' ,'0 0 0 0 0 0 0 0 0 0 0 0 0 0 0 0 ' ,42 ,1 ,0, 0
188 ,92, 76, '59 37 39 38 32 30 30 34 31 32 31 31 33 34 33 32 ' ,'0 0 0 0 0 0 0 0 0 0 0 0 0 0 0 0 ' ,36 ,1 ,0, 0
93 ,87, 70, '50 30 35 42 31 25 26 31 41 33 30 28 37 35 29 27 ' ,'0 0 0 0 0 0 0 0 0 0 0 0 0 0 0 0 ' ,27 ,0 ,1, 1
91 ,80, 71, '35 31 37 31 30 54 26 30 41 33 29 26 30 29 36 25 ' ,'0 0 0 0 0 0 0 0 0 0 0 0 0 0 0 0 ' ,35 ,2 ,1, 1
84 ,80, 66, '50 45 40 40 36 33 36 31 37 28 32 33 29 41 31 32 ' ,'0 0 0 0 0 0 0 0 0 0 0 0 0 0 0 0 ' ,27 ,1 ,1, 1
85 ,77, 63, '48 38 39 42 36 29 39 32 40 33 32 29 35 36 39 48 ' ,'0 0 0 0 0 0 0 0 0 0 0 0 0 0 0 0 ' ,23 ,1 ,0, 0
91 ,75, 68, '39 40 40 46 37 53 33 29 33 30 37 35 39 49 31 31 ' ,'0 0 0 0 0 0 0 0 0 0 0 0 0 0 0 0 ' ,28 ,1 ,1, 1
94 ,80, 71, '33 60 40 37 29 29 34 34 35 30 43 33 36 33 30 42 ' ,'0 0 0 0 0 0 0 0 0 0 0 0 0 0 0 0 ' ,27 ,1 ,1, 1
94 ,79, 72, '45 44 40 52 49 55 40 33 40 41 37 36 33 39 39 35 ' ,'0 0 0 0 0 0 0 0 0 0 0 0 0 0 0 0 ' ,26 ,1 ,1, 1
110 ,80, 78, '43 55 48 51 42 36 42 44 41 37 55 38 45 38 47 38 ' ,'0 0 0 0 0 0 0 0 0 0 0 0 0 0 0 0 ' ,31 ,2 ,1, 1
121 ,96, 92, '45 45 50 59 36 73 41 51 47 37 37 43 42 53 40 42 ' ,'0 0 0 0 0 0 0 0 0 0 0 0 0 0 0 0 ' ,40 ,1 ,1, 1
95 ,105, 76, '40 42 38 41 29 57 39 33 38 37 36 38 31 35 30 35 ' ,'0 0 0 0 0 0 0 0 0 0 0 0 0 0 0 0 ' ,33 ,2 ,1, 1
97 ,88, 69, '39 39 36 42 30 34 34 31 38 29 50 36 31 34 34 34 ' ,'0 0 0 0 0 0 0 0 0 0 0 0 0 0 0 0 ' ,27 ,2 ,0, 0
91 ,79, 65, '45 37 38 39 43 29 37 30 37 30 35 38 30 36 32 51 ' ,'0 0 0 0 0 0 0 0 0 0 0 0 0 0 0 0 ' ,24 ,1 ,1, 1
93 ,76, 66, '35 46 34 34 36 43 36 29 27 26 27 46 33 28 31 34 ' ,'0 0 0 0 0 0 0 0 0 0 0 0 0 0 0 0 ' ,28 ,1 ,0, 0
92 ,78, 63, '35 43 45 43 40 30 32 37 39 27 29 33 36 33 29 43 ' ,'0 0 0 0 0 0 0 0 0 0 0 0 0 0 0 0 ' ,17 ,1 ,0, 0
122 ,75, 96, '75 42 43 56 38 34 34 36 34 38 35 37 37 36 35 43 ' ,'0 0 0 0 0 0 0 0 0 0 0 0 0 0 0 0 ' ,51 ,1 ,1, 1
92 ,110, 70, '49 36 45 33 27 26 25 37 27 31 27 27 28 28 27 35 ' ,'0 0 0 0 0 0 0 0 0 0 0 0 0 0 0 0 ' ,35 ,2 ,0, 0
82 ,79, 58, '34 37 32 36 33 45 32 28 40 26 34 24 27 30 30 33 ' ,'0 0 0 0 0 0 0 0 0 0 0 0 0 0 0 0 ' ,22 ,1 ,0, 0
112 ,70, 85, '64 37 41 40 35 56 38 35 39 34 38 45 33 35 32 56 ' ,'0 0 0 0 0 0 0 0 0 0 0 0 0 0 0 0 ' ,41 ,1 ,1, 1
88 ,95, 62, '31 36 35 39 25 49 33 27 32 30 28 30 32 31 31 31 ' ,'0 0 0 0 0 0 0 0 0 0 0 0 0 0 0 0 ' ,26 ,1 ,1, 1
90 ,81, 61, '38 39 38 40 36 30 28 32 36 41 35 28 33 31 30 45 ' ,'0 0 0 0 0 0 0 0 0 0 0 0 0 0 0 0 ' ,26 ,2 ,0, 0
103 ,75, 72, '45 43 37 39 43 34 34 33 35 38 53 35 29 34 28 33 ' ,'0 0 0 0 0 0 0 0 0 0 0 0 0 0 0 0 ' ,31 ,1 ,1, 1
127 ,89, 97, '75 44 49 48 41 37 41 40 37 36 36 47 45 47 36 37 ' ,'0 0 0 0 0 0 0 0 0 0 0 0 0 0 0 0 ' ,50 ,2 ,1, 1
89 ,113, 67, '31 38 37 29 31 26 33 30 29 36 26 32 34 28 31 40 ' ,'0 0 0 0 0 0 0 0 0 0 0 0 0 0 0 0 ' ,29 ,2 ,0, 0
107 ,82, 79, '56 34 43 40 29 32 36 39 35 32 31 39 44 34 34 37 ' ,'0 0 0 0 0 0 0 0 0 0 0 0 0 0 0 0 ' ,38 ,1 ,1, 1
105 ,95, 70, '38 37 36 40 30 36 30 41 36 32 34 31 31 33 29 55 ' ,'0 0 0 0 0 0 0 0 0 0 0 0 0 0 0 0 ' ,28 ,2 ,1, 1
103 ,85, 77, '55 46 39 54 33 34 42 37 37 46 35 40 35 47 32 33 ' ,'0 0 0 0 0 0 0 0 0 0 0 0 0 0 0 0 ' ,32 ,1 ,0, 0
107 ,89, 76, '36 43 43 49 34 55 28 32 32 29 31 35 34 38 33 29 ' ,'0 0 0 0 0 0 0 0 0 0 0 0 0 0 0 0 ' ,37 ,2 ,0, 0
93 ,92, 67, '30 35 34 34 26 28 26 27 32 29 31 28 26 36 30 47 ' ,'0 0 0 0 0 0 0 0 0 0 0 0 0 0 0 0 ' ,32 ,2 ,1, 1
110 ,79, 84, '61 33 34 47 36 30 29 29 33 29 29 36 28 33 29 30 ' ,'0 0 0 0 0 0 0 0 0 0 0 0 0 0 0 0 ' ,44 ,1 ,1, 1
111 ,97, 87, '64 42 47 49 40 34 35 36 46 34 31 34 37 41 40 39 ' ,'0 0 0 0 0 0 0 0 0 0 0 0 0 0 0 0 ' ,40 ,1 ,1, 1
104 ,96, 77, '34 40 41 38 40 50 34 38 32 29 28 28 32 33 40 28 ' ,'0 0 0 0 0 0 0 0 0 0 0 0 0 0 0 0 ' ,31 ,1 ,1, 1
95 ,87, 71, '40 49 43 37 32 51 36 34 32 29 30 37 40 32 29 31 ' ,'0 0 0 0 0 0 0 0 0 0 0 0 0 0 0 0 ' ,29 ,2 ,0, 0
94 ,81, 69, '45 43 45 44 36 34 37 35 34 34 33 36 35 32 32 52 ' ,'0 0 0 0 0 0 0 0 0 0 0 0 0 0 0 0 ' ,28 ,1 ,0, 0
117 ,81, 91, '43 43 49 41 42 63 38 40 39 43 36 38 48 40 40 36 ' ,'0 0 0 0 0 0 0 0 0 0 0 0 0 0 0 0 ' ,42 ,1 ,1, 1
135 ,102, 108, '31 35 38 40 26 41 28 29 32 28 30 27 31 30 30 27 ' ,'0 0 0 0 0 0 0 0 0 0 0 0 0 0 0 0 ' ,71 ,2 ,1, 1
104 ,120, 78, '51 35 38 35 46 30 25 30 31 26 26 27 30 31 31 26 ' ,'0 0 0 0 0 0 0 0 0 0 0 0 0 0 0 0 ' ,40 ,2 ,1, 1
101 ,90, 71, '38 40 36 50 34 31 29 30 39 32 32 29 31 40 32 53 ' ,'0 0 0 0 0 0 0 0 0 0 0 0 0 0 0 0 ' ,34 ,1 ,0, 0
88 ,85, 70, '30 39 34 38 30 27 32 31 28 31 48 34 31 28 31 33 ' ,'0 0 0 0 0 0 0 0 0 0 0 0 0 0 0 0 ' ,34 ,1 ,0, 0
65 ,80, 48, '37 39 38 38 36 32 34 29 36 37 32 38 31 40 41 34 ' ,'0 0 0 0 0 0 0 0 0 0 0 0 0 0 0 0 ' ,10 ,1 ,1, 1
80 ,59, 63, '46 45 51 51 45 35 38 43 47 42 37 37 40 46 52 39 ' ,'0 0 0 0 0 0 0 0 0 0 0 0 0 0 0 0 ' ,19 ,1 ,1, 1
70 ,71, 53, '37 40 36 44 34 32 36 31 30 33 32 35 31 32 33 34 ' ,'0 0 0 0 0 0 0 0 0 0 0 0 0 0 0 0 ' ,14 ,2 ,1, 1
125 ,62, 103, '81 88 94 82 80 81 76 59 73 80 67 72 60 79 58 70 ' ,'0 0 0 0 0 0 0 0 0 0 0 0 0 0 0 0 ' ,36 ,2 ,1, 1
128 ,115, 111, '82 68 74 79 95 70 68 89 67 83 73 96 79 65 66 82 ' ,'0 0 0 0 0 0 0 0 0 0 0 0 0 0 0 0 ' ,38 ,2 ,1, 1
144 ,118, 121, '85 73 85 81 82 68 73 74 85 66 57 78 69 62 75 67 ' ,'0 0 0 0 0 0 0 0 0 0 0 0 0 0 0 0 ' ,53 ,2 ,1, 1
156 ,131, 123, '98 97 95 105 85 76 79 101 83 90 84 68 86 81 85 79 ' ,'0 0 0 0 0 0 0 0 0 0 0 0 0 0 0 0 ' ,47 ,2 ,1, 1
397 ,142, 371, '181 209 169 267 236 357 199 235 233 175 268 192 240 206 192 283 ' ,'0 0 0 0 0 0 0 0 0 0 0 0 0 0 0 0 ' ,189 ,2 ,2, 2
141 ,385, 118, '91 85 81 91 66 83 76 78 71 77 65 71 86 62 82 88 ' ,'0 0 0 0 0 0 0 0 0 0 0 0 0 0 0 0 ' ,46 ,1 ,2, 2
140 ,129, 111, '100 87 96 103 79 85 85 90 66 79 80 77 84 81 74 75 ' ,'0 0 0 0 0 0 0 0 0 0 0 0 0 0 0 0 ' ,38 ,1 ,1, 1
153 ,122, 125, '90 95 97 79 92 80 84 79 77 80 76 77 75 63 72 76 ' ,'0 0 0 0 0 0 0 0 0 0 0 0 0 0 0 0 ' ,50 ,2 ,1, 1
145 ,135, 120, '71 89 88 95 86 82 81 71 77 73 69 73 73 81 79 76 ' ,'0 0 0 0 0 0 0 0 0 0 0 0 0 0 0 0 ' ,41 ,2 ,1, 1
154 ,131, 130, '89 81 79 90 75 68 67 74 87 73 61 76 62 69 76 103 ' ,'0 0 0 0 0 0 0 0 0 0 0 0 0 0 0 0 ' ,41 ,1 ,0, 0
261 ,141, 237, '87 86 88 103 68 81 79 63 65 85 70 79 85 76 66 145 ' ,'0 0 0 0 0 0 0 0 0 0 0 0 0 0 0 0 ' ,158 ,1 ,1, 1
165 ,244, 139, '80 88 78 89 84 68 67 68 72 75 117 71 78 78 67 64 ' ,'0 0 0 0 0 0 0 0 0 0 0 0 0 0 0 0 ' ,58 ,1 ,1, 1
182 ,149, 150, '132 92 87 92 82 78 89 71 92 82 78 79 76 81 89 97 ' ,'0 0 0 0 0 0 0 0 0 0 0 0 0 0 0 0 ' ,71 ,1 ,1, 1
184 ,168, 156, '136 97 87 99 94 72 78 78 97 96 93 82 102 72 86 74 ' ,'0 0 0 0 0 0 0 0 0 0 0 0 0 0 0 0 ' ,78 ,2 ,0, 0
167 ,178, 143, '83 111 83 87 70 76 80 83 72 84 79 87 67 64 79 123 ' ,'0 0 0 0 0 0 0 0 0 0 0 0 0 0 0 0 ' ,67 ,2 ,1, 1
192 ,151, 168, '91 89 89 92 72 143 82 78 76 83 90 83 73 85 95 88 ' ,'0 0 0 0 0 0 0 0 0 0 0 0 0 0 0 0 ' ,82 ,2 ,1, 1
173 ,179, 141, '94 106 99 91 87 74 79 71 94 105 72 81 85 85 83 122 ' ,'0 0 0 0 0 0 0 0 0 0 0 0 0 0 0 0 ' ,59 ,1 ,1, 1
184 ,160, 156, '132 100 103 114 99 79 90 90 75 82 87 85 85 90 88 86 ' ,'0 0 0 0 0 0 0 0 0 0 0 0 0 0 0 0 ' ,64 ,1 ,1, 1
189 ,171, 165, '92 97 107 96 103 67 85 82 81 84 141 93 74 85 66 88 ' ,'0 0 0 0 0 0 0 0 0 0 0 0 0 0 0 0 ' ,80 ,1 ,1, 1
155 ,174, 130, '101 102 92 107 94 77 87 80 87 71 106 100 85 78 92 78 ' ,'0 0 0 0 0 0 0 0 0 0 0 0 0 0 0 0 ' ,42 ,2 ,1, 1
189 ,141, 162, '97 110 106 137 91 74 72 79 89 86 136 72 70 93 82 87 ' ,'0 0 0 0 0 0 0 0 0 0 0 0 0 0 0 0 ' ,81 ,2 ,0, 0
643 ,173, 615, '567 476 418 400 413 557 386 382 409 402 513 437 413 200 379 598 ' ,'299 202 181 202 160 329 208 190 159 202 303 171 205 0 184 335 ' ,404 ,2 ,1, 1
191 ,630, 170, '96 106 110 117 103 141 77 85 105 86 79 93 92 82 80 96 ' ,'0 0 0 0 0 0 0 0 0 0 0 0 0 0 0 0 ' ,74 ,2 ,1, 1
191 ,179, 159, '102 99 103 91 102 90 102 87 89 84 135 90 87 77 99 85 ' ,'0 0 0 0 0 0 0 0 0 0 0 0 0 0 0 0 ' ,69 ,1 ,1, 1
192 ,173, 167, '142 101 84 105 96 88 106 79 89 83 74 100 94 73 87 72 ' ,'0 0 0 0 0 0 0 0 0 0 0 0 0 0 0 0 ' ,87 ,2 ,1, 1
193 ,180, 168, '96 84 99 105 99 91 77 86 88 74 139 79 81 77 63 87 ' ,'0 0 0 0 0 0 0 0 0 0 0 0 0 0 0 0 ' ,80 ,2 ,0, 0
183 ,179, 156, '88 101 88 104 88 96 104 87 87 100 89 91 76 83 84 127 ' ,'0 0 0 0 0 0 0 0 0 0 0 0 0 0 0 0 ' ,60 ,1 ,1, 1
198 ,168, 169, '94 101 94 123 91 74 83 82 93 80 147 98 82 91 84 78 ' ,'0 0 0 0 0 0 0 0 0 0 0 0 0 0 0 0 ' ,73 ,1 ,1, 1
227 ,180, 200, '98 115 103 113 101 152 86 101 89 104 95 76 90 94 87 87 ' ,'0 0 0 0 0 0 0 0 0 0 0 0 0 0 0 0 ' ,112 ,2 ,1, 1
192 ,210, 161, '93 81 89 92 76 71 99 75 82 81 68 85 73 76 76 139 ' ,'0 0 0 0 0 0 0 0 0 0 0 0 0 0 0 0 ' ,74 ,1 ,1, 1
170 ,175, 143, '96 83 104 94 91 75 83 86 99 90 119 105 73 113 85 84 ' ,'0 0 0 0 0 0 0 0 0 0 0 0 0 0 0 0 ' ,46 ,2 ,1, 1
187 ,153, 162, '104 109 96 109 87 80 88 96 102 83 79 94 76 66 80 138 ' ,'0 0 0 0 0 0 0 0 0 0 0 0 0 0 0 0 ' ,80 ,2 ,2, 2
177 ,170, 159, '96 90 97 114 89 134 96 96 76 89 88 83 92 92 87 85 ' ,'0 0 0 0 0 0 0 0 0 0 0 0 0 0 0 0 ' ,71 ,1 ,1, 0
200 ,168, 176, '97 96 101 117 92 95 83 103 93 83 148 87 86 87 82 80 ' ,'0 0 0 0 0 0 0 0 0 0 0 0 0 0 0 0 ' ,77 ,1 ,1, 1
176 ,191, 158, '93 89 97 137 74 137 89 115 94 82 86 88 93 91 85 87 ' ,'0 0 0 0 0 0 0 0 0 0 0 0 0 0 0 0 ' ,74 ,2 ,1, 1
199 ,167, 181, '100 108 99 102 83 93 92 81 74 80 159 91 92 83 89 76 ' ,'0 0 0 0 0 0 0 0 0 0 0 0 0 0 0 0 ' ,97 ,1 ,1, 1
159 ,190, 140, '95 107 95 95 86 83 82 82 75 83 82 75 77 83 77 119 ' ,'0 0 0 0 0 0 0 0 0 0 0 0 0 0 0 0 ' ,55 ,2 ,0, 0
230 ,150, 205, '175 109 109 116 84 93 81 92 91 89 89 90 86 88 93 89 ' ,'0 0 0 0 0 0 0 0 0 0 0 0 0 0 0 0 ' ,113 ,1 ,1, 1
213 ,217, 191, '159 99 104 108 93 86 95 104 87 84 91 84 93 85 87 76 ' ,'0 0 0 0 0 0 0 0 0 0 0 0 0 0 0 0 ' ,94 ,1 ,1, 1
178 ,203, 151, '93 108 87 106 89 125 73 80 91 87 88 81 90 75 71 83 ' ,'0 0 0 0 0 0 0 0 0 0 0 0 0 0 0 0 ' ,67 ,2 ,0, 0
174 ,162, 149, '105 107 102 120 103 77 94 88 91 86 123 86 86 84 68 91 ' ,'0 0 0 0 0 0 0 0 0 0 0 0 0 0 0 0 ' ,53 ,1 ,1, 1
229 ,161, 200, '101 107 100 96 88 89 92 81 98 88 90 95 86 78 64 180 ' ,'0 0 0 0 0 0 0 0 0 0 0 0 0 0 0 0 ' ,112 ,1 ,2, 2
234 ,212, 208, '116 109 110 103 108 81 80 88 85 88 88 87 89 95 75 186 ' ,'0 0 0 0 0 0 0 0 0 0 0 0 0 0 0 0 ' ,112 ,2 ,1, 1
192 ,220, 168, '92 91 90 106 92 88 76 95 78 75 94 85 83 91 99 148 ' ,'0 0 0 0 0 0 0 0 0 0 0 0 0 0 0 0 ' ,79 ,1 ,1, 1
187 ,177, 164, '104 107 107 111 86 98 97 83 93 82 95 93 81 103 103 142 ' ,'0 0 0 0 0 0 0 0 0 0 0 0 0 0 0 0 ' ,69 ,2 ,1, 1
196 ,175, 166, '112 101 105 87 90 88 85 94 83 86 96 80 82 73 108 140 ' ,'0 0 0 0 0 0 0 0 0 0 0 0 0 0 0 0 ' ,82 ,1 ,1, 1
209 ,177, 184, '109 99 107 116 81 155 75 93 76 102 90 89 93 71 86 76 ' ,'0 0 0 0 0 0 0 0 0 0 0 0 0 0 0 0 ' ,100 ,1 ,1, 1
240 ,195, 215, '180 96 79 106 89 84 114 84 95 88 83 77 80 91 92 83 ' ,'0 0 0 0 0 0 0 0 0 0 0 0 0 0 0 0 ' ,125 ,1 ,3, 3
180 ,225, 154, '100 90 92 90 79 93 91 80 89 87 78 85 90 72 85 133 ' ,'0 0 0 0 0 0 0 0 0 0 0 0 0 0 0 0 ' ,75 ,2 ,1, 1
198 ,168, 174, '89 105 109 113 84 81 94 93 92 80 86 82 96 79 85 149 ' ,'0 0 0 0 0 0 0 0 0 0 0 0 0 0 0 0 ' ,85 ,2 ,1, 1
159 ,184, 137, '73 91 93 81 72 72 75 76 86 77 81 81 64 75 72 111 ' ,'0 0 0 0 0 0 0 0 0 0 0 0 0 0 0 0 ' ,58 ,1 ,1, 1
123 ,151, 98, '51 63 55 65 48 49 47 44 45 49 55 39 46 52 47 77 ' ,'0 0 0 0 0 0 0 0 0 0 0 0 0 0 0 0 ' ,45 ,1 ,1, 1
130 ,111, 106, '79 70 54 62 50 46 51 57 51 49 50 46 45 50 48 56 ' ,'0 0 0 0 0 0 0 0 0 0 0 0 0 0 0 0 ' ,47 ,1 ,1, 1
130 ,116, 110, '84 48 61 52 48 40 43 53 53 59 43 44 58 42 47 47 ' ,'0 0 0 0 0 0 0 0 0 0 0 0 0 0 0 0 ' ,56 ,1 ,1, 1
116 ,121, 93, '48 53 53 60 39 44 53 41 60 46 39 36 44 44 43 72 ' ,'0 0 0 0 0 0 0 0 0 0 0 0 0 0 0 0 ' ,43 ,2 ,1, 1
103 ,103, 78, '45 57 54 55 36 47 39 45 48 41 41 41 40 40 43 47 ' ,'0 0 0 0 0 0 0 0 0 0 0 0 0 0 0 0 ' ,32 ,2 ,2, 1
103 ,91, 85, '46 56 63 53 44 40 45 40 44 57 44 45 44 41 43 45 ' ,'0 0 0 0 0 0 0 0 0 0 0 0 0 0 0 0 ' ,33 ,2 ,1, 1
105 ,94, 81, '45 51 54 60 45 48 50 37 45 41 44 43 39 46 49 47 ' ,'0 0 0 0 0 0 0 0 0 0 0 0 0 0 0 0 ' ,36 ,2 ,1, 1
147 ,97, 85, '51 46 47 52 38 43 50 45 40 51 43 42 41 39 45 49 ' ,'0 0 0 0 0 0 0 0 0 0 0 0 0 0 0 0 ' ,40 ,2 ,1, 1
126 ,96, 103, '47 46 56 49 54 42 42 38 56 46 54 39 41 56 46 46 ' ,'0 0 0 0 0 0 0 0 0 0 0 0 0 0 0 0 ' ,53 ,2 ,1, 1
102 ,115, 80, '51 60 48 49 43 43 45 43 48 40 39 42 43 49 41 51 ' ,'0 0 0 0 0 0 0 0 0 0 0 0 0 0 0 0 ' ,33 ,2 ,0, 0
110 ,94, 89, '55 48 48 60 40 48 43 43 45 55 59 36 48 39 44 41 ' ,'0 0 0 0 0 0 0 0 0 0 0 0 0 0 0 0 ' ,39 ,2 ,1, 1
108 ,98, 88, '52 46 57 59 46 46 39 44 39 50 44 47 42 42 39 46 ' ,'0 0 0 0 0 0 0 0 0 0 0 0 0 0 0 0 ' ,41 ,1 ,1, 1
111 ,99, 86, '48 55 52 51 36 45 47 51 43 44 37 44 42 44 41 45 ' ,'0 0 0 0 0 0 0 0 0 0 0 0 0 0 0 0 ' ,39 ,2 ,1, 1
118 ,99, 94, '66 83 61 72 52 55 51 53 52 53 59 60 61 61 52 56 ' ,'0 0 0 0 0 0 0 0 0 0 0 0 0 0 0 0 ' ,37 ,2 ,0, 0
102 ,110, 81, '54 56 49 65 44 40 49 42 46 48 38 43 38 41 40 46 ' ,'0 0 0 0 0 0 0 0 0 0 0 0 0 0 0 0 ' ,33 ,2 ,1, 1
100 ,93, 77, '52 59 53 51 40 46 42 46 42 40 38 41 43 48 40 41 ' ,'0 0 0 0 0 0 0 0 0 0 0 0 0 0 0 0 ' ,30 ,1 ,2, 2
116 ,89, 91, '55 66 66 60 85 55 57 55 69 66 57 51 53 60 56 56 ' ,'0 0 0 0 0 0 0 0 0 0 0 0 0 0 0 0 ' ,34 ,1 ,1, 1
113 ,107, 93, '53 46 49 48 43 60 36 46 40 45 45 39 36 32 44 41 ' ,'0 0 0 0 0 0 0 0 0 0 0 0 0 0 0 0 ' ,40 ,1 ,1, 1
117 ,103, 101, '73 43 47 57 41 41 38 43 39 53 45 36 39 34 40 46 ' ,'0 0 0 0 0 0 0 0 0 0 0 0 0 0 0 0 ' ,55 ,2 ,1, 1
110 ,107, 89, '42 47 47 61 46 61 39 39 51 37 43 40 42 48 38 46 ' ,'0 0 0 0 0 0 0 0 0 0 0 0 0 0 0 0 ' ,40 ,2 ,0, 0
116 ,99, 99, '45 48 65 49 66 38 35 45 46 45 72 39 43 35 41 37 ' ,'0 0 0 0 0 0 0 0 0 0 0 0 0 0 0 0 ' ,51 ,1 ,1, 1
120 ,108, 101, '41 49 48 57 45 74 52 37 47 45 45 44 40 40 40 46 ' ,'0 0 0 0 0 0 0 0 0 0 0 0 0 0 0 0 ' ,51 ,2 ,1, 1
120 ,110, 93, '52 57 49 60 51 40 48 40 48 40 35 45 42 41 40 66 ' ,'0 0 0 0 0 0 0 0 0 0 0 0 0 0 0 0 ' ,41 ,2 ,1, 1
135 ,105, 105, '42 50 55 56 39 47 68 39 47 58 45 42 44 40 36 80 ' ,'0 0 0 0 0 0 0 0 0 0 0 0 0 0 0 0 ' ,55 ,3 ,1, 1
135 ,120, 103, '48 51 55 53 47 37 42 68 38 44 76 43 47 45 40 43 ' ,'0 0 0 0 0 0 0 0 0 0 0 0 0 0 0 0 ' ,54 ,2 ,1, 1
128 ,122, 111, '81 51 50 67 43 42 41 56 42 46 45 43 44 52 46 37 ' ,'0 0 0 0 0 0 0 0 0 0 0 0 0 0 0 0 ' ,57 ,2 ,1, 1
116 ,119, 87, '45 53 52 52 49 40 41 40 42 44 41 41 43 41 45 67 ' ,'0 0 0 0 0 0 0 0 0 0 0 0 0 0 0 0 ' ,35 ,2 ,1, 1
155 ,100, 131, '69 69 72 68 55 52 60 62 62 52 58 60 61 52 48 103 ' ,'0 0 0 0 0 0 0 0 0 0 0 0 0 0 0 0 ' ,69 ,2 ,1, 1
131 ,142, 104, '74 61 46 51 43 40 34 46 47 54 45 42 43 44 34 46 ' ,'0 0 0 0 0 0 0 0 0 0 0 0 0 0 0 0 ' ,59 ,3 ,1, 1
162 ,121, 140, '113 62 63 78 55 80 52 59 59 59 50 60 54 62 66 75 ' ,'0 0 0 0 0 0 0 0 0 0 0 0 0 0 0 0 ' ,75 ,2 ,1, 1
120 ,150, 96, '70 54 48 57 44 46 47 41 50 40 46 45 36 42 42 52 ' ,'0 0 0 0 0 0 0 0 0 0 0 0 0 0 0 0 ' ,48 ,1 ,1, 1
132 ,108, 108, '70 43 44 53 44 43 44 43 42 49 49 37 41 43 40 64 ' ,'0 0 0 0 0 0 0 0 0 0 0 0 0 0 0 0 ' ,61 ,13 ,1, 1
111 ,119, 86, '56 45 49 43 42 38 40 42 41 36 53 38 39 38 39 46 ' ,'0 0 0 0 0 0 0 0 0 0 0 0 0 0 0 0 ' ,37 ,1 ,0, 0
125 ,94, 101, '45 55 49 61 46 38 44 37 55 39 69 45 39 53 38 39 ' ,'0 0 0 0 0 0 0 0 0 0 0 0 0 0 0 0 ' ,53 ,2 ,1, 1
108 ,114, 86, '40 47 53 45 44 41 39 39 54 49 39 41 42 36 39 56 ' ,'0 0 0 0 0 0 0 0 0 0 0 0 0 0 0 0 ' ,39 ,2 ,1, 1
138 ,97, 114, '78 53 46 53 42 40 49 37 64 41 42 44 40 44 35 37 ' ,'0 0 0 0 0 0 0 0 0 0 0 0 0 0 0 0 ' ,62 ,1 ,1, 1
118 ,124, 93, '59 51 59 56 38 38 40 45 44 40 46 39 43 40 45 44 ' ,'0 0 0 0 0 0 0 0 0 0 0 0 0 0 0 0 ' ,45 ,1 ,1, 1
124 ,103, 97, '47 57 49 52 38 40 44 43 55 43 38 43 39 41 38 70 ' ,'0 0 0 0 0 0 0 0 0 0 0 0 0 0 0 0 ' ,44 ,2 ,1, 1
125 ,107, 100, '50 43 51 49 34 67 41 43 46 52 38 41 45 38 43 41 ' ,'0 0 0 0 0 0 0 0 0 0 0 0 0 0 0 0 ' ,50 ,1 ,1, 1
114 ,111, 91, '50 51 46 56 43 59 37 41 43 39 35 37 50 37 35 38 ' ,'0 0 0 0 0 0 0 0 0 0 0 0 0 0 0 0 ' ,43 ,2 ,1, 1
138 ,100, 112, '77 60 47 45 36 44 44 40 40 45 38 42 39 52 39 39 ' ,'0 0 0 0 0 0 0 0 0 0 0 0 0 0 0 0 ' ,63 ,2 ,1, 1
118 ,125, 92, '51 47 49 48 38 41 39 44 38 38 44 38 49 37 36 64 ' ,'0 0 0 0 0 0 0 0 0 0 0 0 0 0 0 0 ' ,45 ,2 ,1, 1
128 ,102, 98, '66 44 42 53 38 42 41 62 40 38 38 44 38 41 40 40 ' ,'0 0 0 0 0 0 0 0 0 0 0 0 0 0 0 0 ' ,48 ,2 ,1, 1
110 ,118, 89, '51 57 53 55 41 39 53 45 45 41 38 39 58 46 40 55 ' ,'0 0 0 0 0 0 0 0 0 0 0 0 0 0 0 0 ' ,36 ,2 ,1, 1
113 ,104, 88, '42 49 47 49 42 40 35 39 50 43 58 40 40 37 40 38 ' ,'0 0 0 0 0 0 0 0 0 0 0 0 0 0 0 0 ' ,40 ,1 ,1, 1
121 ,99, 96, '46 49 46 47 51 44 47 39 50 43 37 43 39 39 45 65 ' ,'0 0 0 0 0 0 0 0 0 0 0 0 0 0 0 0 ' ,43 ,2 ,1, 1
124 ,108, 101, '44 43 47 45 43 70 37 46 44 40 40 43 51 40 38 39 ' ,'0 0 0 0 0 0 0 0 0 0 0 0 0 0 0 0 ' ,49 ,2 ,0, 0
196 ,115, 165, '93 75 102 116 86 82 89 69 75 77 137 72 74 82 86 88 ' ,'0 0 0 0 0 0 0 0 0 0 0 0 0 0 0 0 ' ,90 ,3 ,1, 1
247 ,186, 221, '183 110 111 109 97 83 93 104 86 81 96 78 97 90 88 88 ' ,'0 0 0 0 0 0 0 0 0 0 0 0 0 0 0 0 ' ,129 ,2 ,2, 1
250 ,231, 224, '188 101 117 106 100 96 93 101 91 89 98 91 98 86 87 115 ' ,'0 0 0 0 0 0 0 0 0 0 0 0 0 0 0 0 ' ,129 ,2 ,1, 1
228 ,236, 201, '115 114 113 118 100 91 105 94 102 88 106 98 107 98 111 167 ' ,'0 0 0 0 0 0 0 0 0 0 0 0 0 0 0 0 ' ,90 ,2 ,2, 2
210 ,209, 186, '101 106 119 109 97 100 94 103 96 92 156 84 94 75 90 80 ' ,'0 0 0 0 0 0 0 0 0 0 0 0 0 0 0 0 ' ,101 ,2 ,1, 1
206 ,197, 183, '109 108 114 108 85 94 91 91 86 81 105 83 91 99 82 161 ' ,'0 0 0 0 0 0 0 0 0 0 0 0 0 0 0 0 ' ,87 ,2 ,1, 1
215 ,197, 195, '106 100 124 112 83 91 89 101 94 85 94 101 103 91 88 166 ' ,'0 0 0 0 0 0 0 0 0 0 0 0 0 0 0 0 ' ,100 ,2 ,1, 1
206 ,205, 184, '105 82 122 111 107 153 98 93 98 86 88 93 97 92 111 88 ' ,'0 0 0 0 0 0 0 0 0 0 0 0 0 0 0 0 ' ,89 ,2 ,2, 2
192 ,192, 172, '96 99 111 95 93 97 93 111 103 91 139 117 100 89 95 102 ' ,'0 0 0 0 0 0 0 0 0 0 0 0 0 0 0 0 ' ,72 ,2 ,1, 1
222 ,183, 204, '159 105 114 117 90 100 90 84 77 81 89 100 90 83 85 81 ' ,'0 0 0 0 0 0 0 0 0 0 0 0 0 0 0 0 ' ,105 ,3 ,1, 1
213 ,213, 190, '158 105 107 108 96 93 101 101 92 98 96 83 99 85 94 92 ' ,'0 0 0 0 0 0 0 0 0 0 0 0 0 0 0 0 ' ,99 ,2 ,1, 1
198 ,209, 172, '96 103 105 126 89 82 88 97 132 88 90 75 95 92 101 146 ' ,'0 0 0 0 0 0 0 0 0 0 0 0 0 0 0 0 ' ,83 ,2 ,1, 1
193 ,182, 158, '114 101 115 104 95 86 81 100 92 94 123 103 92 98 89 102 ' ,'0 0 0 0 0 0 0 0 0 0 0 0 0 0 0 0 ' ,69 ,2 ,1, 1
241 ,177, 209, '175 105 109 117 89 84 90 94 88 94 84 93 99 94 93 114 ' ,'0 0 0 0 0 0 0 0 0 0 0 0 0 0 0 0 ' ,110 ,2 ,1, 1
182 ,218, 154, '90 89 103 120 73 127 87 106 99 85 103 80 94 87 97 91 ' ,'0 0 0 0 0 0 0 0 0 0 0 0 0 0 0 0 ' ,57 ,2 ,1, 1
157 ,171, 132, '104 93 96 111 89 90 86 82 76 82 78 89 88 80 93 89 ' ,'0 0 0 0 0 0 0 0 0 0 0 0 0 0 0 0 ' ,47 ,2 ,1, 1
155 ,143, 132, '102 102 108 99 83 97 75 78 92 83 93 78 94 75 96 82 ' ,'0 0 0 0 0 0 0 0 0 0 0 0 0 0 0 0 ' ,50 ,2 ,1, 1
168 ,146, 139, '101 92 119 112 86 83 81 95 96 72 78 75 89 92 91 94 ' ,'0 0 0 0 0 0 0 0 0 0 0 0 0 0 0 0 ' ,55 ,2 ,1, 1
165 ,156, 136, '92 95 97 109 89 79 82 77 80 75 67 76 89 72 74 86 ' ,'0 0 0 0 0 0 0 0 0 0 0 0 0 0 0 0 ' ,61 ,2 ,1, 1
146 ,154, 124, '84 91 109 88 67 97 77 88 80 77 89 72 82 72 76 81 ' ,'0 0 0 0 0 0 0 0 0 0 0 0 0 0 0 0 ' ,39 ,2 ,1, 1
161 ,135, 137, '98 84 96 115 82 78 89 85 72 69 84 77 80 85 93 80 ' ,'0 0 0 0 0 0 0 0 0 0 0 0 0 0 0 0 ' ,50 ,2 ,1, 1
160 ,151, 137, '96 95 87 104 87 82 78 87 84 96 77 69 105 77 72 91 ' ,'0 0 0 0 0 0 0 0 0 0 0 0 0 0 0 0 ' ,52 ,2 ,1, 1
162 ,146, 123, '67 73 91 79 55 69 80 78 75 80 73 59 66 76 65 68 ' ,'0 0 0 0 0 0 0 0 0 0 0 0 0 0 0 0 ' ,62 ,2 ,1, 1
147 ,149, 125, '95 93 84 103 78 78 83 83 75 77 71 81 87 69 59 82 ' ,'0 0 0 0 0 0 0 0 0 0 0 0 0 0 0 0 ' ,48 ,2 ,1, 1
138 ,138, 114, '79 76 92 88 67 67 77 82 74 65 82 68 67 65 68 67 ' ,'0 0 0 0 0 0 0 0 0 0 0 0 0 0 0 0 ' ,41 ,3 ,1, 1
155 ,125, 132, '72 74 113 80 63 66 59 91 77 72 66 65 64 64 60 67 ' ,'0 0 0 0 0 0 0 0 0 0 0 0 0 0 0 0 ' ,59 ,2 ,1, 1
154 ,146, 132, '86 82 80 98 83 59 65 73 84 62 61 77 71 80 61 83 ' ,'0 0 0 0 0 0 0 0 0 0 0 0 0 0 0 0 ' ,61 ,1 ,1, 1
147 ,145, 114, '74 81 84 92 68 69 68 64 86 69 81 70 65 65 80 81 ' ,'0 0 0 0 0 0 0 0 0 0 0 0 0 0 0 0 ' ,46 ,1 ,1, 1
156 ,137, 127, '77 75 78 67 73 95 69 75 70 76 62 75 69 66 60 57 ' ,'0 0 0 0 0 0 0 0 0 0 0 0 0 0 0 0 ' ,50 ,2 ,1, 1
198 ,142, 174, '77 77 84 93 85 74 65 73 66 74 76 78 74 76 60 143 ' ,'0 0 0 0 0 0 0 0 0 0 0 0 0 0 0 0 ' ,99 ,3 ,1, 1
191 ,187, 168, '75 102 80 80 80 65 71 75 73 69 62 79 72 73 71 132 ' ,'0 0 0 0 0 0 0 0 0 0 0 0 0 0 0 0 ' ,82 ,2 ,1, 1
171 ,179, 144, '98 78 69 77 70 93 67 71 75 82 75 73 67 64 67 67 ' ,'0 0 0 0 0 0 0 0 0 0 0 0 0 0 0 0 ' ,65 ,3 ,1, 1
156 ,155, 131, '95 74 69 66 63 61 76 60 64 60 54 77 64 78 59 60 ' ,'0 0 0 0 0 0 0 0 0 0 0 0 0 0 0 0 ' ,56 ,2 ,1, 1
192 ,139, 170, '66 74 79 88 51 62 72 84 69 71 69 63 74 74 60 133 ' ,'0 0 0 0 0 0 0 0 0 0 0 0 0 0 0 0 ' ,88 ,2 ,1, 1
168 ,183, 144, '74 85 70 77 61 103 66 76 76 70 75 69 64 65 68 64 ' ,'0 0 0 0 0 0 0 0 0 0 0 0 0 0 0 0 ' ,63 ,2 ,1, 1
155 ,155, 132, '75 74 82 87 77 57 67 75 66 57 55 59 60 72 55 91 ' ,'0 0 0 0 0 0 0 0 0 0 0 0 0 0 0 0 ' ,57 ,2 ,1, 1
171 ,139, 146, '81 88 80 96 69 109 63 77 77 71 74 72 74 66 64 71 ' ,'0 0 0 0 0 0 0 0 0 0 0 0 0 0 0 0 ' ,72 ,2 ,0, 0
163 ,165, 141, '78 88 86 82 83 100 68 73 87 68 78 71 75 61 62 71 ' ,'0 0 0 0 0 0 0 0 0 0 0 0 0 0 0 0 ' ,66 ,3 ,1, 1
182 ,150, 158, '75 90 87 73 68 78 71 73 73 65 122 58 72 64 64 81 ' ,'0 0 0 0 0 0 0 0 0 0 0 0 0 0 0 0 ' ,83 ,3 ,1, 1
170 ,164, 143, '108 82 94 76 73 68 59 71 58 75 67 63 64 55 67 61 ' ,'0 0 0 0 0 0 0 0 0 0 0 0 0 0 0 0 ' ,76 ,2 ,0, 0
168 ,157, 145, '107 76 79 84 83 62 75 71 64 74 67 82 70 65 64 80 ' ,'0 0 0 0 0 0 0 0 0 0 0 0 0 0 0 0 ' ,68 ,3 ,1, 0
161 ,153, 142, '92 87 81 93 79 85 73 77 81 69 106 72 81 69 72 75 ' ,'0 0 0 0 0 0 0 0 0 0 0 0 0 0 0 0 ' ,59 ,3 ,1, 1
188 ,149, 171, '129 77 90 99 74 67 58 76 71 66 74 68 69 68 69 81 ' ,'0 0 0 0 0 0 0 0 0 0 0 0 0 0 0 0 ' ,94 ,2 ,1, 1
276 ,178, 257, '109 237 74 90 64 76 62 76 81 67 92 68 63 64 70 57 ' ,'0 143 0 0 0 0 0 0 0 0 0 0 0 0 0 0 ' ,181 ,2 ,1, 1
168 ,267, 151, '87 90 89 87 78 76 70 82 68 67 85 75 79 71 74 119 ' ,'0 0 0 0 0 0 0 0 0 0 0 0 0 0 0 0 ' ,70 ,2 ,1, 1
185 ,158, 166, '87 93 83 103 68 74 66 76 84 64 77 77 91 83 77 133 ' ,'0 0 0 0 0 0 0 0 0 0 0 0 0 0 0 0 ' ,88 ,3 ,0, 0
202 ,175, 179, '138 103 97 104 74 62 70 65 65 72 87 75 60 75 69 78 ' ,'0 0 0 0 0 0 0 0 0 0 0 0 0 0 0 0 ' ,102 ,1 ,1, 1
205 ,186, 181, '76 74 87 101 64 70 65 58 83 79 137 62 74 73 84 75 ' ,'0 0 0 0 0 0 0 0 0 0 0 0 0 0 0 0 ' ,102 ,3 ,1, 1
193 ,191, 171, '127 79 69 102 86 82 72 76 84 81 76 62 79 92 58 72 ' ,'0 0 0 0 0 0 0 0 0 0 0 0 0 0 0 0 ' ,93 ,2 ,0, 0
174 ,179, 147, '94 95 83 106 63 74 85 82 80 88 77 81 79 84 78 115 ' ,'0 0 0 0 0 0 0 0 0 0 0 0 0 0 0 0 ' ,57 ,2 ,1, 1
164 ,162, 138, '96 83 71 84 72 72 63 81 60 72 72 87 78 76 69 106 ' ,'0 0 0 0 0 0 0 0 0 0 0 0 0 0 0 0 ' ,66 ,2 ,0, 0
166 ,150, 141, '83 82 80 79 78 108 75 71 84 80 81 67 76 65 78 74 ' ,'0 0 0 0 0 0 0 0 0 0 0 0 0 0 0 0 ' ,64 ,2 ,1, 1
202 ,151, 179, '132 88 72 113 92 87 64 88 68 67 83 76 66 80 65 69 ' ,'0 0 0 0 0 0 0 0 0 0 0 0 0 0 0 0 ' ,101 ,3 ,0, 0
193 ,209, 169, '123 101 83 85 69 82 80 82 82 65 77 68 69 76 71 80 ' ,'0 0 0 0 0 0 0 0 0 0 0 0 0 0 0 0 ' ,82 ,2 ,1, 1
165 ,175, 141, '95 94 78 89 65 101 77 70 65 71 71 79 76 62 75 78 ' ,'0 0 0 0 0 0 0 0 0 0 0 0 0 0 0 0 ' ,66 ,3 ,1, 1
171 ,150, 145, '95 91 81 85 72 82 85 68 86 86 74 74 60 74 65 101 ' ,'0 0 0 0 0 0 0 0 0 0 0 0 0 0 0 0 ' ,62 ,3 ,1, 1
186 ,154, 165, '87 89 97 100 72 56 65 73 77 70 125 75 79 68 86 101 ' ,'0 0 0 0 0 0 0 0 0 0 0 0 0 0 0 0 ' ,83 ,2 ,2, 2
178 ,173, 154, '83 89 92 89 98 78 67 84 78 70 77 62 88 87 65 121 ' ,'0 0 0 0 0 0 0 0 0 0 0 0 0 0 0 0 ' ,75 ,2 ,0, 0
209 ,165, 184, '141 83 86 93 75 80 77 63 93 86 76 76 88 67 77 95 ' ,'0 0 0 0 0 0 0 0 0 0 0 0 0 0 0 0 ' ,104 ,2 ,1, 1
174 ,196, 154, '113 80 89 98 60 77 66 70 72 81 92 90 65 76 68 69 ' ,'0 0 0 0 0 0 0 0 0 0 0 0 0 0 0 0 ' ,73 ,3 ,1, 1
396 ,163, 369, '330 87 90 102 69 62 81 72 79 82 62 72 65 73 67 73 ' ,'226 0 0 0 0 0 0 0 0 0 0 0 0 0 0 0 ' ,284 ,3 ,1, 1
177 ,382, 151, '85 92 89 114 98 74 77 81 71 76 77 71 81 71 61 119 ' ,'0 0 0 0 0 0 0 0 0 0 0 0 0 0 0 0 ' ,66 ,2 ,0, 0
167 ,161, 141, '83 86 83 72 70 62 92 70 64 64 77 73 66 73 82 107 ' ,'0 0 0 0 0 0 0 0 0 0 0 0 0 0 0 0 ' ,65 ,3 ,1, 1
174 ,150, 151, '112 92 88 77 79 75 63 74 75 72 83 86 70 71 82 63 ' ,'0 0 0 0 0 0 0 0 0 0 0 0 0 0 0 0 ' ,73 ,3 ,0, 0
176 ,162, 151, '80 83 84 126 62 114 86 79 72 73 74 64 83 78 80 73 ' ,'0 0 0 0 0 0 0 0 0 0 0 0 0 0 0 0 ' ,70 ,3 ,0, 0
179 ,160, 156, '87 109 86 94 93 66 69 71 75 73 74 71 81 68 81 101 ' ,'0 0 0 0 0 0 0 0 0 0 0 0 0 0 0 0 ' ,75 ,9 ,0, 0
190 ,169, 165, '89 103 86 86 75 84 75 81 95 78 85 69 84 84 76 129 ' ,'0 0 0 0 0 0 0 0 0 0 0 0 0 0 0 0 ' ,82 ,3 ,0, 0
171 ,179, 152, '92 84 89 77 70 112 78 71 75 94 74 75 77 87 71 81 ' ,'0 0 0 0 0 0 0 0 0 0 0 0 0 0 0 0 ' ,62 ,2 ,1, 1
207 ,158, 183, '141 103 101 85 72 70 73 69 75 75 68 84 78 82 82 73 ' ,'0 0 0 0 0 0 0 0 0 0 0 0 0 0 0 0 ' ,97 ,2 ,1, 1
174 ,191, 154, '84 87 88 103 68 78 73 85 92 64 114 82 70 72 86 86 ' ,'0 0 0 0 0 0 0 0 0 0 0 0 0 0 0 0 ' ,66 ,3 ,1, 1
204 ,163, 183, '108 92 84 90 58 83 75 62 64 68 88 68 65 64 67 78 ' ,'0 0 0 0 0 0 0 0 0 0 0 0 0 0 0 0 ' ,104 ,28 ,1, 1
173 ,195, 154, '73 83 101 89 96 63 61 67 88 67 112 62 74 83 61 76 ' ,'0 0 0 0 0 0 0 0 0 0 0 0 0 0 0 0 ' ,70 ,3 ,1, 1
202 ,160, 176, '88 79 78 101 77 62 74 82 83 82 141 56 76 74 87 75 ' ,'0 0 0 0 0 0 0 0 0 0 0 0 0 0 0 0 ' ,105 ,3 ,1, 1
155 ,188, 134, '70 87 73 77 85 78 69 79 70 76 78 70 68 65 70 86 ' ,'0 0 0 0 0 0 0 0 0 0 0 0 0 0 0 0 ' ,59 ,3 ,1, 1
174 ,145, 151, '96 96 90 100 85 80 82 87 82 93 96 86 70 78 77 85 ' ,'0 0 0 0 0 0 0 0 0 0 0 0 0 0 0 0 ' ,67 ,2 ,0, 0
166 ,161, 143, '90 112 83 93 73 68 74 87 103 93 73 75 77 71 70 78 ' ,'0 0 0 0 0 0 0 0 0 0 0 0 0 0 0 0 ' ,64 ,3 ,1, 1
124 ,156, 110, '78 92 86 90 86 69 71 71 75 77 70 73 79 69 74 67 ' ,'0 0 0 0 0 0 0 0 0 0 0 0 0 0 0 0 ' ,33 ,2 ,1, 0
132 ,116, 117, '84 83 85 93 94 80 75 88 79 80 72 85 101 77 63 67 ' ,'0 0 0 0 0 0 0 0 0 0 0 0 0 0 0 0 ' ,42 ,2 ,0, 0
136 ,122, 119, '88 100 90 81 82 83 82 76 97 77 74 81 72 85 76 78 ' ,'0 0 0 0 0 0 0 0 0 0 0 0 0 0 0 0 ' ,32 ,2 ,1, 1
140 ,123, 122, '74 93 104 93 71 65 67 83 73 73 82 68 76 64 59 77 ' ,'0 0 0 0 0 0 0 0 0 0 0 0 0 0 0 0 ' ,51 ,3 ,1, 1
129 ,126, 114, '80 96 86 83 98 77 75 73 79 91 85 80 81 71 82 87 ' ,'0 0 0 0 0 0 0 0 0 0 0 0 0 0 0 0 ' ,32 ,2 ,1, 1
123 ,222, 109, '84 90 80 82 79 73 81 77 95 81 79 75 82 73 66 84 ' ,'0 0 0 0 0 0 0 0 0 0 0 0 0 0 0 0 ' ,29 ,2 ,0, 0
158 ,114, 135, '77 92 86 99 72 82 86 67 86 76 79 80 86 75 81 84 ' ,'0 0 0 0 0 0 0 0 0 0 0 0 0 0 0 0 ' ,55 ,3 ,0, 0
165 ,145, 143, '116 76 85 86 85 82 69 81 93 71 110 82 89 76 65 81 ' ,'0 0 0 0 0 0 0 0 0 0 0 0 0 0 0 0 ' ,62 ,3 ,1, 1
164 ,151, 144, '80 99 88 106 82 80 75 74 74 72 87 86 86 70 79 82 ' ,'0 0 0 0 0 0 0 0 0 0 0 0 0 0 0 0 ' ,63 ,3 ,1, 1
161 ,155, 139, '94 85 83 105 84 84 74 64 77 88 79 79 77 81 80 84 ' ,'0 0 0 0 0 0 0 0 0 0 0 0 0 0 0 0 ' ,60 ,2 ,0, 0
177 ,150, 151, '82 93 101 93 77 111 79 81 81 64 79 74 72 69 87 64 ' ,'0 0 0 0 0 0 0 0 0 0 0 0 0 0 0 0 ' ,68 ,2 ,1, 1
204 ,160, 180, '140 87 85 104 84 77 92 84 75 69 68 77 79 72 75 74 ' ,'0 0 0 0 0 0 0 0 0 0 0 0 0 0 0 0 ' ,95 ,3 ,1, 1
205 ,193, 180, '94 106 90 89 87 84 84 88 85 71 90 68 82 81 73 140 ' ,'0 0 0 0 0 0 0 0 0 0 0 0 0 0 0 0 ' ,97 ,2 ,1, 1
206 ,190, 179, '135 85 81 96 79 82 75 96 83 95 76 78 70 82 70 81 ' ,'0 0 0 0 0 0 0 0 0 0 0 0 0 0 0 0 ' ,92 ,3 ,1, 1
201 ,191, 173, '81 80 107 112 79 77 61 85 86 87 79 73 81 87 93 135 ' ,'0 0 0 0 0 0 0 0 0 0 0 0 0 0 0 0 ' ,97 ,3 ,1, 1
198 ,186, 175, '94 99 92 93 68 82 84 87 90 79 88 70 76 76 71 132 ' ,'0 0 0 0 0 0 0 0 0 0 0 0 0 0 0 0 ' ,87 ,3 ,2, 2
199 ,184, 173, '77 84 81 100 78 82 76 72 85 65 70 92 82 80 76 130 ' ,'0 0 0 0 0 0 0 0 0 0 0 0 0 0 0 0 ' ,83 ,3 ,0, 0
207 ,181, 180, '88 93 87 85 88 134 83 74 86 82 75 82 74 79 80 74 ' ,'0 0 0 0 0 0 0 0 0 0 0 0 0 0 0 0 ' ,89 ,3 ,1, 1
210 ,187, 186, '90 98 106 110 89 80 79 80 83 74 143 87 84 88 84 80 ' ,'0 0 0 0 0 0 0 0 0 0 0 0 0 0 0 0 ' ,92 ,3 ,1, 1
185 ,197, 163, '86 104 97 123 78 117 80 98 105 68 89 90 76 78 73 92 ' ,'0 0 0 0 0 0 0 0 0 0 0 0 0 0 0 0 ' ,72 ,3 ,1, 1
218 ,173, 194, '145 108 100 113 86 81 82 83 80 89 83 89 70 79 99 82 ' ,'0 0 0 0 0 0 0 0 0 0 0 0 0 0 0 0 ' ,107 ,3 ,1, 1
197 ,205, 175, '94 98 102 118 81 92 88 94 93 75 121 84 79 87 94 94 ' ,'0 0 0 0 0 0 0 0 0 0 0 0 0 0 0 0 ' ,74 ,3 ,1, 1
215 ,190, 194, '98 88 101 103 92 89 93 78 86 85 145 98 87 78 97 97 ' ,'0 0 0 0 0 0 0 0 0 0 0 0 0 0 0 0 ' ,102 ,3 ,1, 1
174 ,204, 151, '102 108 92 109 76 96 81 78 104 96 77 83 86 85 79 99 ' ,'0 0 0 0 0 0 0 0 0 0 0 0 0 0 0 0 ' ,54 ,3 ,1, 1
219 ,159, 196, '149 98 95 119 97 73 83 78 90 81 99 79 97 84 74 114 ' ,'0 0 0 0 0 0 0 0 0 0 0 0 0 0 0 0 ' ,102 ,4 ,1, 1
214 ,203, 192, '87 102 110 98 67 91 86 93 80 86 83 78 81 86 90 152 ' ,'0 0 0 0 0 0 0 0 0 0 0 0 0 0 0 0 ' ,98 ,3 ,0, 0
247 ,201, 227, '177 112 108 106 114 78 79 95 95 84 90 85 85 79 81 79 ' ,'0 0 0 0 0 0 0 0 0 0 0 0 0 0 0 0 ' ,134 ,3 ,1, 1
206 ,238, 184, '90 103 101 106 83 71 87 85 82 102 79 106 88 86 78 142 ' ,'0 0 0 0 0 0 0 0 0 0 0 0 0 0 0 0 ' ,88 ,3 ,0, 0
231 ,193, 207, '94 101 91 112 89 163 69 85 89 93 88 92 81 84 85 87 ' ,'0 0 0 0 0 0 0 0 0 0 0 0 0 0 0 0 ' ,122 ,3 ,1, 1
211 ,215, 186, '98 114 106 92 86 141 75 95 87 87 79 81 115 78 94 78 ' ,'0 0 0 0 0 0 0 0 0 0 0 0 0 0 0 0 ' ,96 ,4 ,0, 0
211 ,198, 187, '104 105 99 88 74 140 74 91 85 85 88 81 82 62 91 80 ' ,'0 0 0 0 0 0 0 0 0 0 0 0 0 0 0 0 ' ,111 ,3 ,1, 1
179 ,197, 158, '97 99 90 109 85 85 84 89 88 93 115 79 108 100 80 90 ' ,'0 0 0 0 0 0 0 0 0 0 0 0 0 0 0 0 ' ,60 ,3 ,1, 1
198 ,168, 175, '87 111 92 102 85 77 75 75 92 76 130 76 75 78 83 81 ' ,'0 0 0 0 0 0 0 0 0 0 0 0 0 0 0 0 ' ,83 ,3 ,1, 1
207 ,183, 187, '104 87 106 86 79 145 87 81 86 98 82 71 87 92 80 88 ' ,'0 0 0 0 0 0 0 0 0 0 0 0 0 0 0 0 ' ,92 ,4 ,1, 1
197 ,195, 172, '97 89 113 106 110 88 82 77 115 67 80 103 87 89 81 131 ' ,'0 0 0 0 0 0 0 0 0 0 0 0 0 0 0 0 ' ,82 ,3 ,0, 0
205 ,182, 179, '133 95 80 94 89 81 87 82 94 82 90 93 84 69 78 82 ' ,'0 0 0 0 0 0 0 0 0 0 0 0 0 0 0 0 ' ,97 ,2 ,1, 1
