676 ,0, 594, '391 556 221 551 447 153 527 420 490 283 318 525 377 525 445 392 466 326 479 428 ' ,'0 0 0 245 0 0 0 0 0 0 0 0 0 263 256 204 0 176 244 247 ' ,199 ,10 ,4, 4
333 ,848, 297, '208 194 187 218 191 250 202 200 199 166 278 161 193 212 206 249 184 150 179 228 ' ,'0 0 0 0 0 0 0 0 0 0 0 0 0 0 0 0 0 0 0 0 ' ,133 ,2 ,2, 2
127 ,319, 95, '35 33 32 48 38 34 39 35 32 40 32 31 29 55 37 53 29 34 67 26 ' ,'0 0 0 0 0 0 0 0 0 0 0 0 0 0 0 0 0 0 0 0 ' ,50 ,1 ,3, 3
592 ,108, 561, '46 39 53 35 41 30 43 41 42 46 31 29 31 36 31 36 36 32 34 50 ' ,'0 0 0 0 0 0 0 0 0 0 0 0 0 0 0 0 0 0 0 0 ' ,518 ,3 ,2, 2
88 ,581, 60, '33 27 28 25 28 31 26 22 24 31 49 24 24 25 28 30 27 33 24 24 ' ,'0 0 0 0 0 0 0 0 0 0 0 0 0 0 0 0 0 0 0 0 ' ,27 ,1 ,2, 2
110 ,78, 67, '28 29 30 35 52 36 39 32 29 35 52 35 37 34 37 34 30 32 37 30 ' ,'0 0 0 0 0 0 0 0 0 0 0 0 0 0 0 0 0 0 0 0 ' ,29 ,2 ,1, 1
85 ,84, 55, '28 31 28 35 24 28 35 28 32 30 23 34 30 29 26 44 26 25 30 24 ' ,'0 0 0 0 0 0 0 0 0 0 0 0 0 0 0 0 0 0 0 0 ' ,16 ,1 ,1, 1
94 ,73, 63, '48 32 32 41 28 29 33 30 42 29 30 39 35 44 35 29 34 31 38 25 ' ,'0 0 0 0 0 0 0 0 0 0 0 0 0 0 0 0 0 0 0 0 ' ,25 ,2 ,2, 2
95 ,80, 71, '37 34 28 44 44 26 27 28 39 35 32 34 39 34 35 47 31 38 41 32 ' ,'0 0 0 0 0 0 0 0 0 0 0 0 0 0 0 0 0 0 0 0 ' ,30 ,3 ,1, 1
98 ,82, 64, '31 27 38 41 34 40 32 30 27 36 26 32 46 32 28 39 29 45 38 28 ' ,'0 0 0 0 0 0 0 0 0 0 0 0 0 0 0 0 0 0 0 0 ' ,29 ,3 ,2, 2
93 ,79, 57, '32 32 45 37 29 37 35 29 37 29 27 33 33 34 28 27 32 39 32 33 ' ,'0 0 0 0 0 0 0 0 0 0 0 0 0 0 0 0 0 0 0 0 ' ,26 ,3 ,1, 1
91 ,78, 68, '53 36 31 36 47 35 26 41 42 29 24 32 31 31 37 33 30 28 40 31 ' ,'0 0 0 0 0 0 0 0 0 0 0 0 0 0 0 0 0 0 0 0 ' ,31 ,4 ,0, 0
85 ,83, 67, '30 30 30 31 31 50 28 33 33 26 26 30 25 34 28 32 30 36 28 34 ' ,'0 0 0 0 0 0 0 0 0 0 0 0 0 0 0 0 0 0 0 0 ' ,27 ,1 ,0, 0
86 ,77, 64, '37 39 54 50 45 37 41 34 37 35 36 38 43 48 41 51 43 51 37 30 ' ,'0 0 0 0 0 0 0 0 0 0 0 0 0 0 0 0 0 0 0 0 ' ,21 ,1 ,0, 0
87 ,77, 65, '30 29 36 31 32 28 31 30 29 42 28 29 44 27 34 44 33 31 27 32 ' ,'0 0 0 0 0 0 0 0 0 0 0 0 0 0 0 0 0 0 0 0 ' ,28 ,1 ,1, 1
88 ,85, 65, '25 29 25 28 54 27 27 25 28 28 25 27 35 29 36 37 29 24 27 35 ' ,'0 0 0 0 0 0 0 0 0 0 0 0 0 0 0 0 0 0 0 0 ' ,32 ,1 ,0, 0
103 ,79, 73, '55 30 38 35 43 48 33 32 37 37 39 35 42 36 38 37 42 35 36 30 ' ,'0 0 0 0 0 0 0 0 0 0 0 0 0 0 0 0 0 0 0 0 ' ,33 ,2 ,1, 1
86 ,88, 56, '31 34 27 34 27 33 25 33 42 34 36 31 36 41 27 27 27 27 31 34 ' ,'0 0 0 0 0 0 0 0 0 0 0 0 0 0 0 0 0 0 0 0 ' ,23 ,0 ,0, 0
96 ,73, 70, '50 42 36 33 34 30 31 27 42 29 36 40 41 55 35 30 51 42 34 38 ' ,'0 0 0 0 0 0 0 0 0 0 0 0 0 0 0 0 0 0 0 0 ' ,30 ,1 ,1, 1
85 ,84, 57, '33 24 30 27 29 25 31 39 37 25 33 28 24 31 33 48 44 25 27 34 ' ,'0 0 0 0 0 0 0 0 0 0 0 0 0 0 0 0 0 0 0 0 ' ,23 ,1 ,0, 0
95 ,71, 73, '44 35 28 48 49 39 44 36 32 36 33 39 27 40 31 32 34 32 44 28 ' ,'0 0 0 0 0 0 0 0 0 0 0 0 0 0 0 0 0 0 0 0 ' ,34 ,1 ,0, 0
81 ,83, 60, '30 31 29 29 26 39 26 28 27 28 30 29 28 27 33 24 28 32 29 26 ' ,'0 0 0 0 0 0 0 0 0 0 0 0 0 0 0 0 0 0 0 0 ' ,20 ,2 ,2, 2
105 ,70, 80, '37 40 47 41 38 41 38 47 37 52 51 46 48 39 36 54 39 45 38 44 ' ,'0 0 0 0 0 0 0 0 0 0 0 0 0 0 0 0 0 0 0 0 ' ,29 ,1 ,1, 1
104 ,89, 78, '37 43 35 34 36 35 33 34 36 54 33 34 37 37 50 64 34 34 39 34 ' ,'0 0 0 0 0 0 0 0 0 0 0 0 0 0 0 0 0 0 0 0 ' ,31 ,1 ,0, 0
95 ,91, 71, '54 32 44 59 49 40 37 47 36 37 45 32 36 35 43 33 32 32 36 38 ' ,'0 0 0 0 0 0 0 0 0 0 0 0 0 0 0 0 0 0 0 0 ' ,30 ,1 ,0, 0
96 ,85, 68, '41 42 45 37 31 56 40 32 45 42 39 37 35 37 34 32 43 50 36 33 ' ,'0 0 0 0 0 0 0 0 0 0 0 0 0 0 0 0 0 0 0 0 ' ,25 ,0 ,1, 1
100 ,85, 72, '31 28 56 25 38 51 29 31 27 28 29 30 56 33 31 30 27 32 32 27 ' ,'0 0 0 0 0 0 0 0 0 0 0 0 0 0 0 0 0 0 0 0 ' ,35 ,2 ,0, 0
127 ,89, 102, '82 34 77 53 38 77 33 66 56 56 62 71 89 77 30 83 75 64 75 65 ' ,'0 0 0 0 0 0 0 0 0 0 0 0 0 0 0 0 0 0 0 0 ' ,56 ,1 ,0, 0
90 ,117, 62, '29 39 39 34 42 46 42 34 39 35 36 30 38 41 32 34 44 34 40 33 ' ,'0 0 0 0 0 0 0 0 0 0 0 0 0 0 0 0 0 0 0 0 ' ,21 ,1 ,0, 0
98 ,73, 68, '31 38 43 40 39 37 36 37 37 38 55 40 34 38 38 44 35 51 37 44 ' ,'0 0 0 0 0 0 0 0 0 0 0 0 0 0 0 0 0 0 0 0 ' ,24 ,1 ,0, 0
89 ,85, 63, '25 34 31 37 29 33 26 36 27 26 25 37 44 25 28 46 33 34 36 40 ' ,'0 0 0 0 0 0 0 0 0 0 0 0 0 0 0 0 0 0 0 0 ' ,28 ,2 ,0, 0
90 ,83, 61, '42 31 27 29 32 27 27 27 38 29 29 28 33 36 25 30 29 32 29 41 ' ,'0 0 0 0 0 0 0 0 0 0 0 0 0 0 0 0 0 0 0 0 ' ,26 ,1 ,1, 1
98 ,80, 62, '39 41 36 33 38 37 32 42 43 41 43 42 35 49 33 51 34 43 30 41 ' ,'0 0 0 0 0 0 0 0 0 0 0 0 0 0 0 0 0 0 0 0 ' ,32 ,1 ,1, 1
114 ,86, 76, '52 32 30 63 33 38 43 33 55 44 31 51 30 37 40 44 32 37 57 32 ' ,'0 0 0 0 0 0 0 0 0 0 0 0 0 0 0 0 0 0 0 0 ' ,35 ,1 ,0, 0
91 ,95, 60, '38 37 30 28 27 34 36 32 28 31 35 39 30 30 33 50 37 35 33 38 ' ,'0 0 0 0 0 0 0 0 0 0 0 0 0 0 0 0 0 0 0 0 ' ,21 ,1 ,0, 0
79 ,78, 54, '25 40 29 29 34 40 32 33 36 25 34 31 37 35 27 32 38 26 30 36 ' ,'0 0 0 0 0 0 0 0 0 0 0 0 0 0 0 0 0 0 0 0 ' ,16 ,1 ,0, 0
84 ,68, 56, '27 35 31 31 29 45 32 35 32 33 25 32 28 33 27 27 33 29 34 27 ' ,'0 0 0 0 0 0 0 0 0 0 0 0 0 0 0 0 0 0 0 0 ' ,22 ,1 ,0, 0
85 ,69, 58, '38 31 39 32 42 28 31 35 38 36 30 35 37 36 34 44 42 32 27 35 ' ,'0 0 0 0 0 0 0 0 0 0 0 0 0 0 0 0 0 0 0 0 ' ,19 ,1 ,0, 0
107 ,68, 85, '36 38 36 43 43 41 48 34 58 39 50 32 46 76 39 28 30 44 66 35 ' ,'0 0 0 0 0 0 0 0 0 0 0 0 0 0 0 0 0 0 0 0 ' ,53 ,1 ,1, 1
85 ,95, 63, '28 27 25 29 39 28 33 34 41 50 29 25 25 39 49 28 26 34 30 36 ' ,'0 0 0 0 0 0 0 0 0 0 0 0 0 0 0 0 0 0 0 0 ' ,34 ,1 ,0, 0
91 ,80, 66, '32 44 32 46 46 32 32 48 36 47 31 32 26 35 50 30 37 35 48 37 ' ,'0 0 0 0 0 0 0 0 0 0 0 0 0 0 0 0 0 0 0 0 ' ,27 ,1 ,1, 1
103 ,81, 79, '34 39 31 51 43 33 27 30 39 28 33 35 30 34 61 33 41 36 39 29 ' ,'0 0 0 0 0 0 0 0 0 0 0 0 0 0 0 0 0 0 0 0 ' ,46 ,2 ,0, 0
82 ,94, 61, '43 37 32 41 34 26 43 36 30 34 30 30 27 34 42 29 30 37 29 36 ' ,'0 0 0 0 0 0 0 0 0 0 0 0 0 0 0 0 0 0 0 0 ' ,29 ,1 ,0, 0
84 ,73, 57, '22 24 28 37 46 24 22 24 37 36 29 43 23 22 26 22 25 26 22 23 ' ,'0 0 0 0 0 0 0 0 0 0 0 0 0 0 0 0 0 0 0 0 ' ,31 ,1 ,1, 1
89 ,69, 63, '27 39 26 29 23 35 44 36 25 35 38 38 26 23 33 27 25 25 22 35 ' ,'0 0 0 0 0 0 0 0 0 0 0 0 0 0 0 0 0 0 0 0 ' ,26 ,1 ,1, 1
79 ,78, 57, '29 33 27 33 30 35 35 33 31 32 25 33 30 37 33 29 33 28 40 34 ' ,'0 0 0 0 0 0 0 0 0 0 0 0 0 0 0 0 0 0 0 0 ' ,24 ,2 ,0, 0
61 ,70, 46, '40 29 24 28 25 35 26 24 30 23 28 26 24 29 24 26 27 23 32 25 ' ,'0 0 0 0 0 0 0 0 0 0 0 0 0 0 0 0 0 0 0 0 ' ,15 ,1 ,0, 0
61 ,52, 46, '31 25 30 28 29 37 33 27 26 21 23 26 26 29 30 21 25 27 36 29 ' ,'0 0 0 0 0 0 0 0 0 0 0 0 0 0 0 0 0 0 0 0 ' ,19 ,0 ,0, 0
86 ,53, 69, '30 34 28 62 33 33 44 26 44 29 36 38 29 49 27 31 43 32 49 28 ' ,'0 0 0 0 0 0 0 0 0 0 0 0 0 0 0 0 0 0 0 0 ' ,36 ,0 ,0, 0
63 ,76, 45, '37 29 32 29 33 33 31 31 30 33 34 29 35 31 34 37 29 33 30 33 ' ,'0 0 0 0 0 0 0 0 0 0 0 0 0 0 0 0 0 0 0 0 ' ,11 ,1 ,0, 0
78 ,55, 61, '43 41 35 44 44 43 39 43 45 40 41 41 37 42 42 38 47 40 41 38 ' ,'0 0 0 0 0 0 0 0 0 0 0 0 0 0 0 0 0 0 0 0 ' ,20 ,5 ,0, 0
91 ,72, 65, '32 30 28 28 35 35 29 22 31 25 33 26 22 27 34 22 25 23 25 26 ' ,'0 0 0 0 0 0 0 0 0 0 0 0 0 0 0 0 0 0 0 0 ' ,30 ,1 ,0, 0
97 ,75, 71, '35 32 33 30 31 47 31 33 31 31 34 29 30 28 31 30 30 31 29 28 ' ,'0 0 0 0 0 0 0 0 0 0 0 0 0 0 0 0 0 0 0 0 ' ,30 ,1 ,2, 2
94 ,80, 69, '31 47 30 34 31 37 37 31 31 36 34 29 30 35 35 52 29 33 33 40 ' ,'0 0 0 0 0 0 0 0 0 0 0 0 0 0 0 0 0 0 0 0 ' ,30 ,2 ,1, 1
128 ,92, 85, '30 66 28 56 28 79 46 60 71 73 58 56 46 78 36 41 35 43 43 34 ' ,'0 0 0 0 0 0 0 0 0 0 0 0 0 0 0 0 0 0 0 0 ' ,66 ,1 ,1, 1
84 ,113, 62, '24 37 26 34 31 24 29 24 37 30 40 30 26 42 36 30 25 31 32 32 ' ,'0 0 0 0 0 0 0 0 0 0 0 0 0 0 0 0 0 0 0 0 ' ,24 ,1 ,1, 1
101 ,73, 77, '29 35 44 38 47 53 32 35 44 27 41 41 39 49 44 44 48 30 35 48 ' ,'0 0 0 0 0 0 0 0 0 0 0 0 0 0 0 0 0 0 0 0 ' ,36 ,1 ,0, 0
93 ,91, 70, '32 32 31 36 48 25 34 33 34 24 38 34 33 31 34 29 36 28 31 38 ' ,'0 0 0 0 0 0 0 0 0 0 0 0 0 0 0 0 0 0 0 0 ' ,32 ,0 ,0, 0
90 ,80, 64, '30 27 34 38 33 45 35 36 27 36 27 31 32 38 30 28 27 34 38 29 ' ,'0 0 0 0 0 0 0 0 0 0 0 0 0 0 0 0 0 0 0 0 ' ,26 ,0 ,1, 1
100 ,74, 68, '25 31 30 25 30 46 35 30 25 26 25 32 29 32 30 24 32 32 25 32 ' ,'0 0 0 0 0 0 0 0 0 0 0 0 0 0 0 0 0 0 0 0 ' ,34 ,0 ,1, 1
93 ,85, 66, '43 40 29 31 29 32 33 25 31 29 25 27 25 31 39 24 30 40 29 31 ' ,'0 0 0 0 0 0 0 0 0 0 0 0 0 0 0 0 0 0 0 0 ' ,30 ,1 ,1, 1
80 ,79, 55, '25 32 30 38 22 34 21 28 30 29 22 24 27 32 28 22 26 35 36 27 ' ,'0 0 0 0 0 0 0 0 0 0 0 0 0 0 0 0 0 0 0 0 ' ,26 ,1 ,1, 1
87 ,66, 63, '29 28 31 28 27 50 37 28 34 32 31 29 29 49 25 33 31 32 32 28 ' ,'0 0 0 0 0 0 0 0 0 0 0 0 0 0 0 0 0 0 0 0 ' ,27 ,1 ,0, 0
90 ,79, 65, '29 31 27 24 23 25 29 28 29 24 25 30 27 29 36 49 27 32 28 21 ' ,'0 0 0 0 0 0 0 0 0 0 0 0 0 0 0 0 0 0 0 0 ' ,28 ,1 ,0, 0
105 ,75, 77, '32 38 38 33 28 30 32 32 35 36 35 30 26 33 34 61 34 37 32 29 ' ,'0 0 0 0 0 0 0 0 0 0 0 0 0 0 0 0 0 0 0 0 ' ,34 ,1 ,1, 1
85 ,89, 53, '27 24 30 26 24 25 26 29 28 34 21 24 26 28 24 40 30 29 27 24 ' ,'0 0 0 0 0 0 0 0 0 0 0 0 0 0 0 0 0 0 0 0 ' ,20 ,0 ,1, 1
92 ,67, 71, '47 42 37 42 33 35 35 31 55 29 31 27 33 59 32 26 35 31 27 43 ' ,'0 0 0 0 0 0 0 0 0 0 0 0 0 0 0 0 0 0 0 0 ' ,30 ,1 ,1, 1
90 ,82, 65, '27 32 27 32 34 25 28 27 29 30 49 27 26 30 29 41 28 27 33 27 ' ,'0 0 0 0 0 0 0 0 0 0 0 0 0 0 0 0 0 0 0 0 ' ,27 ,1 ,1, 1
92 ,75, 65, '33 27 29 29 32 26 28 32 36 35 38 27 30 50 34 30 28 29 47 32 ' ,'0 0 0 0 0 0 0 0 0 0 0 0 0 0 0 0 0 0 0 0 ' ,32 ,1 ,0, 0
96 ,81, 67, '28 30 29 38 29 33 24 27 24 24 34 34 27 33 25 31 29 27 32 38 ' ,'0 0 0 0 0 0 0 0 0 0 0 0 0 0 0 0 0 0 0 0 ' ,35 ,1 ,1, 1
82 ,86, 49, '28 27 23 28 30 34 31 27 32 36 42 27 24 32 31 24 39 32 28 32 ' ,'0 0 0 0 0 0 0 0 0 0 0 0 0 0 0 0 0 0 0 0 ' ,22 ,1 ,1, 1
95 ,68, 68, '31 25 26 40 31 30 23 29 31 29 27 29 28 35 26 50 27 23 34 33 ' ,'0 0 0 0 0 0 0 0 0 0 0 0 0 0 0 0 0 0 0 0 ' ,32 ,1 ,0, 0
89 ,78, 63, '34 30 25 29 37 24 29 25 28 35 27 28 27 29 30 28 26 29 32 35 ' ,'0 0 0 0 0 0 0 0 0 0 0 0 0 0 0 0 0 0 0 0 ' ,26 ,1 ,1, 1
91 ,74, 58, '25 28 36 25 26 41 20 27 24 25 26 25 28 24 31 31 26 25 24 24 ' ,'0 0 0 0 0 0 0 0 0 0 0 0 0 0 0 0 0 0 0 0 ' ,30 ,1 ,1, 1
93 ,79, 65, '35 28 29 34 32 32 27 27 33 28 43 30 27 36 28 30 28 28 40 35 ' ,'0 0 0 0 0 0 0 0 0 0 0 0 0 0 0 0 0 0 0 0 ' ,30 ,0 ,0, 0
102 ,76, 79, '63 31 37 35 35 34 39 47 34 30 36 36 35 35 37 37 30 37 33 35 ' ,'0 0 0 0 0 0 0 0 0 0 0 0 0 0 0 0 0 0 0 0 ' ,40 ,1 ,1, 1
102 ,92, 75, '36 29 41 32 42 35 40 32 34 40 45 29 33 32 43 37 44 32 31 41 ' ,'0 0 0 0 0 0 0 0 0 0 0 0 0 0 0 0 0 0 0 0 ' ,34 ,1 ,1, 1
96 ,85, 62, '45 31 30 27 30 32 28 30 30 32 31 26 32 28 23 26 25 30 32 26 ' ,'0 0 0 0 0 0 0 0 0 0 0 0 0 0 0 0 0 0 0 0 ' ,31 ,1 ,1, 1
75 ,79, 51, '31 21 29 37 25 21 24 29 29 24 24 22 25 39 21 22 27 28 24 24 ' ,'0 0 0 0 0 0 0 0 0 0 0 0 0 0 0 0 0 0 0 0 ' ,22 ,1 ,1, 1
84 ,66, 63, '26 37 31 33 28 29 26 36 35 34 32 30 29 27 27 47 37 37 42 29 ' ,'0 0 0 0 0 0 0 0 0 0 0 0 0 0 0 0 0 0 0 0 ' ,23 ,1 ,1, 0
86 ,74, 57, '41 22 29 24 29 25 24 29 26 25 21 30 32 24 26 27 27 27 25 23 ' ,'0 0 0 0 0 0 0 0 0 0 0 0 0 0 0 0 0 0 0 0 ' ,24 ,1 ,1, 1
76 ,70, 54, '27 33 33 37 33 29 31 32 36 35 28 31 32 29 33 44 34 38 30 33 ' ,'0 0 0 0 0 0 0 0 0 0 0 0 0 0 0 0 0 0 0 0 ' ,15 ,1 ,1, 1
89 ,68, 64, '30 34 28 30 42 23 40 27 24 27 27 40 27 31 31 28 36 29 32 52 ' ,'0 0 0 0 0 0 0 0 0 0 0 0 0 0 0 0 0 0 0 0 ' ,37 ,1 ,0, 0
84 ,79, 61, '36 40 30 28 32 25 49 29 28 23 25 34 33 31 32 45 36 31 28 31 ' ,'0 0 0 0 0 0 0 0 0 0 0 0 0 0 0 0 0 0 0 0 ' ,29 ,1 ,1, 1
85 ,70, 63, '48 26 29 32 30 30 42 28 26 31 25 30 29 25 29 31 29 29 29 29 ' ,'0 0 0 0 0 0 0 0 0 0 0 0 0 0 0 0 0 0 0 0 ' ,30 ,1 ,0, 0
71 ,76, 52, '35 28 35 41 37 21 36 26 28 26 26 28 25 37 25 22 32 24 41 26 ' ,'0 0 0 0 0 0 0 0 0 0 0 0 0 0 0 0 0 0 0 0 ' ,16 ,1 ,0, 0
74 ,62, 50, '21 24 27 32 25 23 25 25 36 27 34 24 27 30 25 21 21 26 38 25 ' ,'0 0 0 0 0 0 0 0 0 0 0 0 0 0 0 0 0 0 0 0 ' ,19 ,1 ,0, 0
85 ,63, 57, '25 43 30 26 28 29 25 32 34 28 29 26 30 30 24 39 35 35 36 28 ' ,'0 0 0 0 0 0 0 0 0 0 0 0 0 0 0 0 0 0 0 0 ' ,18 ,1 ,1, 1
89 ,67, 58, '29 32 30 28 28 38 23 29 32 25 26 31 28 28 25 26 30 33 36 35 ' ,'0 0 0 0 0 0 0 0 0 0 0 0 0 0 0 0 0 0 0 0 ' ,23 ,1 ,1, 1
84 ,75, 56, '39 29 27 40 28 33 44 25 35 34 24 29 25 34 24 27 30 27 32 25 ' ,'0 0 0 0 0 0 0 0 0 0 0 0 0 0 0 0 0 0 0 0 ' ,22 ,1 ,0, 0
91 ,74, 67, '49 34 32 37 28 27 33 29 43 26 24 36 27 32 25 30 34 32 40 31 ' ,'0 0 0 0 0 0 0 0 0 0 0 0 0 0 0 0 0 0 0 0 ' ,26 ,1 ,1, 1
207 ,76, 180, '32 36 34 33 35 26 27 33 33 31 52 27 36 31 28 33 37 34 32 27 ' ,'0 0 0 0 0 0 0 0 0 0 0 0 0 0 0 0 0 0 0 0 ' ,141 ,113 ,1, 1
89 ,192, 65, '46 38 31 36 31 34 37 30 55 34 29 41 31 45 38 39 35 31 38 32 ' ,'0 0 0 0 0 0 0 0 0 0 0 0 0 0 0 0 0 0 0 0 ' ,25 ,1 ,0, 0
102 ,81, 76, '29 39 38 34 37 39 30 35 31 36 38 38 33 33 37 62 43 33 31 36 ' ,'0 0 0 0 0 0 0 0 0 0 0 0 0 0 0 0 0 0 0 0 ' ,37 ,0 ,0, 0
90 ,93, 61, '27 31 30 29 24 28 28 24 37 35 32 28 25 35 29 49 30 26 32 29 ' ,'0 0 0 0 0 0 0 0 0 0 0 0 0 0 0 0 0 0 0 0 ' ,28 ,1 ,0, 0
88 ,78, 62, '25 32 33 27 41 29 30 34 40 25 41 23 30 30 25 24 30 35 28 35 ' ,'0 0 0 0 0 0 0 0 0 0 0 0 0 0 0 0 0 0 0 0 ' ,28 ,1 ,1, 1
94 ,72, 70, '27 29 28 32 30 28 28 29 37 29 32 32 30 35 33 38 37 34 34 25 ' ,'0 0 0 0 0 0 0 0 0 0 0 0 0 0 0 0 0 0 0 0 ' ,36 ,16 ,1, 1
89 ,90, 59, '22 23 28 28 30 23 23 26 26 32 27 25 29 30 22 23 36 27 28 25 ' ,'0 0 0 0 0 0 0 0 0 0 0 0 0 0 0 0 0 0 0 0 ' ,31 ,1 ,1, 1
74 ,76, 40, '24 27 30 24 29 31 29 31 40 25 30 26 28 42 30 36 32 31 24 32 ' ,'0 0 0 0 0 0 0 0 0 0 0 0 0 0 0 0 0 0 0 0 ' ,24 ,1 ,1, 1
85 ,64, 58, '31 31 31 37 35 46 28 30 39 41 30 25 29 35 33 32 31 29 34 32 ' ,'0 0 0 0 0 0 0 0 0 0 0 0 0 0 0 0 0 0 0 0 ' ,24 ,0 ,1, 1
77 ,76, 52, '31 26 28 26 25 25 28 25 24 27 26 23 27 23 24 28 25 34 25 22 ' ,'0 0 0 0 0 0 0 0 0 0 0 0 0 0 0 0 0 0 0 0 ' ,20 ,1 ,0, 0
74 ,59, 49, '25 28 25 22 26 26 31 27 23 22 25 27 28 23 24 25 32 30 21 25 ' ,'0 0 0 0 0 0 0 0 0 0 0 0 0 0 0 0 0 0 0 0 ' ,22 ,1 ,1, 1
83 ,66, 63, '34 35 30 33 32 34 33 34 38 33 31 29 27 36 33 29 38 29 31 38 ' ,'0 0 0 0 0 0 0 0 0 0 0 0 0 0 0 0 0 0 0 0 ' ,27 ,1 ,0, 0
85 ,76, 58, '29 24 28 25 22 28 24 26 23 35 27 26 24 26 24 27 27 29 22 23 ' ,'0 0 0 0 0 0 0 0 0 0 0 0 0 0 0 0 0 0 0 0 ' ,28 ,0 ,1, 1
78 ,74, 56, '30 32 29 33 34 27 23 28 40 26 30 25 28 45 29 31 25 27 30 26 ' ,'0 0 0 0 0 0 0 0 0 0 0 0 0 0 0 0 0 0 0 0 ' ,27 ,2 ,1, 1
85 ,68, 63, '28 33 32 30 35 26 31 28 27 24 29 27 30 27 28 27 23 32 28 31 ' ,'0 0 0 0 0 0 0 0 0 0 0 0 0 0 0 0 0 0 0 0 ' ,30 ,1 ,1, 1
94 ,79, 69, '31 41 33 40 30 32 29 41 37 41 32 35 33 36 30 35 34 30 46 44 ' ,'0 0 0 0 0 0 0 0 0 0 0 0 0 0 0 0 0 0 0 0 ' ,33 ,1 ,0, 0
79 ,82, 58, '25 28 29 27 22 23 31 28 26 34 24 26 28 30 28 24 28 29 39 31 ' ,'0 0 0 0 0 0 0 0 0 0 0 0 0 0 0 0 0 0 0 0 ' ,28 ,1 ,0, 0
80 ,69, 57, '32 26 34 39 38 32 36 26 31 30 31 36 27 35 23 29 34 26 33 25 ' ,'0 0 0 0 0 0 0 0 0 0 0 0 0 0 0 0 0 0 0 0 ' ,24 ,1 ,0, 0
78 ,69, 53, '34 31 25 38 25 26 28 29 33 24 25 28 25 30 24 28 34 27 35 29 ' ,'0 0 0 0 0 0 0 0 0 0 0 0 0 0 0 0 0 0 0 0 ' ,18 ,1 ,0, 0
86 ,68, 60, '29 29 33 27 32 27 29 31 28 27 39 27 29 27 35 27 34 31 30 29 ' ,'0 0 0 0 0 0 0 0 0 0 0 0 0 0 0 0 0 0 0 0 ' ,24 ,1 ,1, 1
92 ,72, 61, '26 35 33 32 30 24 32 24 31 26 27 29 25 30 35 45 33 31 26 29 ' ,'0 0 0 0 0 0 0 0 0 0 0 0 0 0 0 0 0 0 0 0 ' ,28 ,1 ,0, 0
132 ,78, 106, '24 29 22 29 25 23 24 24 27 25 22 23 25 22 29 37 26 23 25 23 ' ,'0 0 0 0 0 0 0 0 0 0 0 0 0 0 0 0 0 0 0 0 ' ,75 ,1 ,0, 0
81 ,121, 57, '29 26 28 32 30 34 31 27 31 25 27 31 25 33 26 30 36 27 31 26 ' ,'0 0 0 0 0 0 0 0 0 0 0 0 0 0 0 0 0 0 0 0 ' ,20 ,1 ,0, 0
91 ,66, 66, '35 34 31 32 35 33 28 27 34 28 45 28 34 32 29 33 27 30 37 39 ' ,'0 0 0 0 0 0 0 0 0 0 0 0 0 0 0 0 0 0 0 0 ' ,28 ,1 ,1, 1
99 ,82, 72, '28 33 26 33 27 23 31 27 34 26 33 36 26 34 32 51 35 27 38 27 ' ,'0 0 0 0 0 0 0 0 0 0 0 0 0 0 0 0 0 0 0 0 ' ,35 ,1 ,1, 0
96 ,86, 73, '27 32 27 48 28 23 39 32 40 30 24 30 25 32 30 55 32 29 31 28 ' ,'0 0 0 0 0 0 0 0 0 0 0 0 0 0 0 0 0 0 0 0 ' ,36 ,1 ,1, 1
85 ,85, 67, '50 35 30 45 30 26 32 29 34 31 28 32 30 35 29 26 42 30 33 29 ' ,'0 0 0 0 0 0 0 0 0 0 0 0 0 0 0 0 0 0 0 0 ' ,27 ,1 ,0, 0
92 ,76, 72, '30 32 38 31 37 30 33 36 36 44 56 32 37 33 48 30 34 36 43 46 ' ,'0 0 0 0 0 0 0 0 0 0 0 0 0 0 0 0 0 0 0 0 ' ,29 ,1 ,0, 0
86 ,81, 68, '21 28 26 29 26 21 30 26 31 25 21 27 24 33 29 45 28 27 34 28 ' ,'0 0 0 0 0 0 0 0 0 0 0 0 0 0 0 0 0 0 0 0 ' ,29 ,2 ,1, 1
88 ,77, 66, '32 26 30 32 27 43 26 32 28 24 22 23 28 31 24 23 24 31 33 24 ' ,'0 0 0 0 0 0 0 0 0 0 0 0 0 0 0 0 0 0 0 0 ' ,29 ,2 ,1, 1
77 ,74, 59, '27 26 24 26 30 24 26 24 26 29 30 25 26 32 31 42 27 24 31 34 ' ,'0 0 0 0 0 0 0 0 0 0 0 0 0 0 0 0 0 0 0 0 ' ,26 ,1 ,0, 0
81 ,70, 63, '26 29 25 28 27 22 26 25 28 25 39 27 24 30 27 22 26 26 35 24 ' ,'0 0 0 0 0 0 0 0 0 0 0 0 0 0 0 0 0 0 0 0 ' ,29 ,1 ,1, 1
87 ,73, 59, '28 32 28 45 33 29 30 31 31 23 25 30 35 32 37 38 30 41 31 30 ' ,'0 0 0 0 0 0 0 0 0 0 0 0 0 0 0 0 0 0 0 0 ' ,22 ,1 ,0, 0
97 ,76, 70, '33 35 39 32 36 30 40 36 37 35 53 34 41 33 38 33 34 40 37 36 ' ,'0 0 0 0 0 0 0 0 0 0 0 0 0 0 0 0 0 0 0 0 ' ,27 ,2 ,1, 1
87 ,81, 58, '24 32 37 33 29 41 31 37 30 26 29 29 27 39 30 29 36 42 33 30 ' ,'0 0 0 0 0 0 0 0 0 0 0 0 0 0 0 0 0 0 0 0 ' ,20 ,1 ,1, 1
124 ,70, 101, '57 65 69 71 70 53 66 60 63 49 80 53 60 67 66 57 64 58 69 64 ' ,'0 0 0 0 0 0 0 0 0 0 0 0 0 0 0 0 0 0 0 0 ' ,37 ,1 ,0, 0
142 ,109, 112, '52 61 68 67 75 94 69 53 63 58 61 69 69 60 65 71 61 64 76 63 ' ,'0 0 0 0 0 0 0 0 0 0 0 0 0 0 0 0 0 0 0 0 ' ,53 ,2 ,1, 1
144 ,131, 113, '97 45 91 71 63 47 68 60 62 68 58 62 80 76 51 55 56 55 80 65 ' ,'0 0 0 0 0 0 0 0 0 0 0 0 0 0 0 0 0 0 0 0 ' ,63 ,1 ,1, 1
159 ,161, 123, '109 67 71 69 71 75 60 69 70 64 60 57 76 61 65 71 73 77 70 85 ' ,'0 0 0 0 0 0 0 0 0 0 0 0 0 0 0 0 0 0 0 0 ' ,60 ,1 ,0, 0
467 ,140, 430, '392 227 333 269 307 417 328 329 345 268 360 272 373 291 289 353 236 395 302 253 ' ,'0 0 0 0 0 0 0 0 0 0 0 0 0 0 0 0 0 0 0 0 ' ,198 ,1 ,1, 1
164 ,449, 123, '110 72 80 61 64 63 65 63 68 65 54 59 63 55 64 68 60 77 92 73 ' ,'0 0 0 0 0 0 0 0 0 0 0 0 0 0 0 0 0 0 0 0 ' ,67 ,1 ,1, 1
149 ,149, 121, '100 63 77 57 71 64 63 66 62 70 63 59 70 65 61 63 71 74 59 74 ' ,'0 0 0 0 0 0 0 0 0 0 0 0 0 0 0 0 0 0 0 0 ' ,56 ,2 ,0, 0
152 ,134, 127, '109 63 64 59 72 61 58 69 60 75 66 74 77 62 66 58 78 72 58 60 ' ,'0 0 0 0 0 0 0 0 0 0 0 0 0 0 0 0 0 0 0 0 ' ,66 ,2 ,0, 0
145 ,145, 111, '67 58 68 57 63 86 68 69 76 70 74 81 75 83 66 75 68 65 74 75 ' ,'0 0 0 0 0 0 0 0 0 0 0 0 0 0 0 0 0 0 0 0 ' ,47 ,1 ,2, 2
162 ,134, 131, '104 64 68 54 59 58 59 73 73 63 54 47 75 62 75 64 51 65 58 56 ' ,'0 0 0 0 0 0 0 0 0 0 0 0 0 0 0 0 0 0 0 0 ' ,64 ,1 ,4, 4
148 ,147, 125, '106 69 60 63 64 58 55 69 59 79 57 61 74 66 59 64 57 66 67 61 ' ,'0 0 0 0 0 0 0 0 0 0 0 0 0 0 0 0 0 0 0 0 ' ,64 ,2 ,1, 1
162 ,140, 130, '69 60 70 60 68 72 57 76 59 77 59 56 58 56 68 112 51 57 71 59 ' ,'0 0 0 0 0 0 0 0 0 0 0 0 0 0 0 0 0 0 0 0 ' ,71 ,1 ,1, 1
157 ,151, 128, '61 57 60 57 67 59 77 61 69 74 107 63 67 69 56 70 54 77 67 55 ' ,'0 0 0 0 0 0 0 0 0 0 0 0 0 0 0 0 0 0 0 0 ' ,62 ,2 ,1, 0
163 ,144, 132, '70 55 76 58 70 114 67 65 63 58 59 72 82 62 73 69 72 75 68 67 ' ,'0 0 0 0 0 0 0 0 0 0 0 0 0 0 0 0 0 0 0 0 ' ,69 ,2 ,1, 1
161 ,149, 126, '107 74 62 71 60 61 67 75 62 59 58 75 66 78 75 79 53 66 65 63 ' ,'0 0 0 0 0 0 0 0 0 0 0 0 0 0 0 0 0 0 0 0 ' ,62 ,1 ,0, 0
169 ,142, 142, '120 58 57 80 65 73 69 74 73 74 60 72 66 70 76 66 67 66 71 76 ' ,'0 0 0 0 0 0 0 0 0 0 0 0 0 0 0 0 0 0 0 0 ' ,75 ,1 ,0, 0
145 ,155, 118, '72 57 65 67 79 94 68 70 62 68 74 73 63 78 94 59 66 76 71 75 ' ,'0 0 0 0 0 0 0 0 0 0 0 0 0 0 0 0 0 0 0 0 ' ,58 ,1 ,1, 1
165 ,142, 139, '67 74 73 83 77 121 66 68 65 101 73 70 68 64 69 63 77 72 74 63 ' ,'0 0 0 0 0 0 0 0 0 0 0 0 0 0 0 0 0 0 0 0 ' ,68 ,2 ,1, 1
151 ,157, 117, '65 71 61 63 67 75 75 71 71 69 103 70 62 64 79 77 67 66 74 85 ' ,'0 0 0 0 0 0 0 0 0 0 0 0 0 0 0 0 0 0 0 0 ' ,52 ,1 ,1, 1
175 ,138, 141, '71 73 56 74 94 68 82 79 83 75 73 94 62 64 70 124 67 67 74 73 ' ,'0 0 0 0 0 0 0 0 0 0 0 0 0 0 0 0 0 0 0 0 ' ,80 ,2 ,0, 0
154 ,160, 125, '106 59 71 67 72 63 67 74 76 76 66 69 75 81 70 72 59 68 72 66 ' ,'0 0 0 0 0 0 0 0 0 0 0 0 0 0 0 0 0 0 0 0 ' ,59 ,2 ,1, 1
369 ,143, 341, '139 184 129 220 202 140 147 155 185 143 183 175 153 290 298 169 169 162 139 320 ' ,'0 0 0 0 0 0 0 0 0 0 0 0 0 144 134 0 0 0 0 171 ' ,208 ,2 ,0, 0
176 ,361, 148, '71 63 78 73 80 129 80 67 73 57 83 76 84 78 65 64 80 73 82 74 ' ,'0 0 0 0 0 0 0 0 0 0 0 0 0 0 0 0 0 0 0 0 ' ,80 ,2 ,1, 1
169 ,167, 143, '75 64 68 77 68 121 68 80 81 70 80 76 76 71 89 74 73 70 84 73 ' ,'0 0 0 0 0 0 0 0 0 0 0 0 0 0 0 0 0 0 0 0 ' ,70 ,1 ,0, 0
171 ,158, 145, '66 71 82 67 67 68 72 68 63 77 121 59 65 72 73 75 66 74 80 75 ' ,'0 0 0 0 0 0 0 0 0 0 0 0 0 0 0 0 0 0 0 0 ' ,77 ,1 ,1, 1
159 ,158, 138, '69 65 63 58 70 77 74 71 67 54 69 72 66 78 67 117 62 56 77 78 ' ,'0 0 0 0 0 0 0 0 0 0 0 0 0 0 0 0 0 0 0 0 ' ,69 ,2 ,0, 0
163 ,148, 133, '77 74 76 67 79 95 82 78 84 101 67 77 77 86 83 73 74 76 80 78 ' ,'0 0 0 0 0 0 0 0 0 0 0 0 0 0 0 0 0 0 0 0 ' ,53 ,1 ,0, 0
142 ,149, 113, '102 63 76 69 72 67 84 78 65 69 67 85 68 89 68 73 78 68 68 71 ' ,'0 0 0 0 0 0 0 0 0 0 0 0 0 0 0 0 0 0 0 0 ' ,51 ,2 ,1, 1
131 ,137, 110, '83 62 68 71 66 64 77 74 86 73 104 69 73 90 66 81 74 74 73 62 ' ,'0 0 0 0 0 0 0 0 0 0 0 0 0 0 0 0 0 0 0 0 ' ,44 ,2 ,1, 1
113 ,121, 101, '54 59 63 72 73 62 69 65 80 67 63 71 79 90 65 78 64 69 84 72 ' ,'0 0 0 0 0 0 0 0 0 0 0 0 0 0 0 0 0 0 0 0 ' ,38 ,1 ,1, 1
138 ,106, 119, '75 71 65 79 78 64 81 73 106 63 72 76 65 104 74 75 71 62 63 71 ' ,'0 0 0 0 0 0 0 0 0 0 0 0 0 0 0 0 0 0 0 0 ' ,52 ,1 ,1, 1
119 ,129, 104, '61 65 72 53 74 61 63 63 89 66 64 70 75 85 78 78 64 75 92 67 ' ,'0 0 0 0 0 0 0 0 0 0 0 0 0 0 0 0 0 0 0 0 ' ,38 ,1 ,1, 1
149 ,110, 128, '78 69 65 89 79 65 67 63 85 76 76 79 81 73 93 96 77 65 76 77 ' ,'0 0 0 0 0 0 0 0 0 0 0 0 0 0 0 0 0 0 0 0 ' ,55 ,1 ,1, 1
143 ,140, 116, '79 67 79 60 77 72 74 66 81 78 78 70 78 79 74 78 79 81 76 85 ' ,'0 0 0 0 0 0 0 0 0 0 0 0 0 0 0 0 0 0 0 0 ' ,43 ,1 ,0, 0
134 ,131, 108, '83 71 73 75 72 74 69 74 74 67 70 77 71 67 79 77 89 80 81 76 ' ,'0 0 0 0 0 0 0 0 0 0 0 0 0 0 0 0 0 0 0 0 ' ,33 ,1 ,0, 0
136 ,120, 114, '67 68 65 80 62 63 71 72 72 78 64 69 74 78 60 68 64 83 71 86 ' ,'0 0 0 0 0 0 0 0 0 0 0 0 0 0 0 0 0 0 0 0 ' ,43 ,2 ,1, 1
163 ,126, 139, '71 84 69 72 59 76 72 70 80 98 75 75 76 83 65 73 71 72 75 58 ' ,'0 0 0 0 0 0 0 0 0 0 0 0 0 0 0 0 0 0 0 0 ' ,59 ,2 ,1, 1
138 ,150, 120, '68 78 76 70 79 70 75 70 66 71 74 76 62 79 91 80 72 70 86 67 ' ,'0 0 0 0 0 0 0 0 0 0 0 0 0 0 0 0 0 0 0 0 ' ,41 ,2 ,1, 1
157 ,133, 132, '90 83 67 84 72 70 66 81 77 81 78 74 83 67 78 77 74 76 65 101 ' ,'0 0 0 0 0 0 0 0 0 0 0 0 0 0 0 0 0 0 0 0 ' ,58 ,2 ,0, 0
144 ,142, 125, '88 79 77 76 94 77 74 73 71 63 84 76 69 75 68 77 73 76 75 75 ' ,'0 0 0 0 0 0 0 0 0 0 0 0 0 0 0 0 0 0 0 0 ' ,44 ,2 ,1, 1
147 ,134, 128, '65 65 72 70 96 71 70 73 98 71 62 76 85 75 71 79 82 80 64 68 ' ,'0 0 0 0 0 0 0 0 0 0 0 0 0 0 0 0 0 0 0 0 ' ,55 ,2 ,1, 1
166 ,143, 142, '67 80 67 66 98 108 65 83 85 69 75 87 73 67 69 81 75 69 76 61 ' ,'0 0 0 0 0 0 0 0 0 0 0 0 0 0 0 0 0 0 0 0 ' ,61 ,2 ,1, 1
154 ,155, 133, '64 74 70 68 70 80 82 81 82 63 71 76 75 64 70 107 72 68 79 85 ' ,'0 0 0 0 0 0 0 0 0 0 0 0 0 0 0 0 0 0 0 0 ' ,51 ,2 ,0, 0
160 ,142, 135, '60 68 79 84 82 69 73 67 69 83 111 76 83 80 60 75 65 72 61 81 ' ,'0 0 0 0 0 0 0 0 0 0 0 0 0 0 0 0 0 0 0 0 ' ,59 ,1 ,0, 0
153 ,148, 129, '68 82 72 79 78 74 61 73 95 75 73 73 73 86 60 107 85 81 101 91 ' ,'0 0 0 0 0 0 0 0 0 0 0 0 0 0 0 0 0 0 0 0 ' ,53 ,1 ,1, 1
163 ,139, 138, '80 78 65 64 58 68 79 74 78 98 112 91 88 75 77 69 67 73 71 101 ' ,'0 0 0 0 0 0 0 0 0 0 0 0 0 0 0 0 0 0 0 0 ' ,62 ,1 ,1, 1
178 ,152, 154, '75 80 76 71 102 129 73 81 85 75 69 77 80 75 85 66 87 74 76 104 ' ,'0 0 0 0 0 0 0 0 0 0 0 0 0 0 0 0 0 0 0 0 ' ,70 ,1 ,1, 1
187 ,163, 157, '68 68 70 96 79 134 77 74 88 71 69 61 78 75 81 59 92 83 63 75 ' ,'0 0 0 0 0 0 0 0 0 0 0 0 0 0 0 0 0 0 0 0 ' ,87 ,1 ,1, 1
185 ,175, 159, '69 86 77 66 125 106 70 71 88 113 80 87 73 75 61 72 67 79 64 105 ' ,'0 0 0 0 0 0 0 0 0 0 0 0 0 0 0 0 0 0 0 0 ' ,86 ,2 ,1, 1
161 ,169, 136, '61 69 63 67 87 63 60 73 85 95 68 70 64 77 55 115 74 82 73 62 ' ,'0 0 0 0 0 0 0 0 0 0 0 0 0 0 0 0 0 0 0 0 ' ,67 ,1 ,1, 1
150 ,148, 129, '56 55 69 62 79 63 66 60 57 64 64 54 62 79 92 83 62 67 62 56 ' ,'0 0 0 0 0 0 0 0 0 0 0 0 0 0 0 0 0 0 0 0 ' ,62 ,2 ,1, 1
118 ,140, 94, '68 52 42 38 39 32 44 36 39 54 39 52 37 35 33 39 47 38 53 34 ' ,'0 0 0 0 0 0 0 0 0 0 0 0 0 0 0 0 0 0 0 0 ' ,47 ,2 ,1, 1
118 ,105, 90, '35 37 39 39 50 64 44 48 44 39 45 40 38 38 43 40 42 43 49 39 ' ,'0 0 0 0 0 0 0 0 0 0 0 0 0 0 0 0 0 0 0 0 ' ,45 ,2 ,0, 0
112 ,105, 88, '37 42 38 36 47 38 38 41 34 44 39 35 37 34 35 65 38 41 38 41 ' ,'0 0 0 0 0 0 0 0 0 0 0 0 0 0 0 0 0 0 0 0 ' ,43 ,2 ,1, 1
112 ,99, 82, '38 35 39 43 36 33 37 37 36 34 62 39 40 45 43 35 37 40 38 36 ' ,'0 0 0 0 0 0 0 0 0 0 0 0 0 0 0 0 0 0 0 0 ' ,39 ,2 ,1, 1
118 ,102, 90, '36 51 42 34 45 46 36 37 32 34 60 47 32 34 41 42 32 39 30 36 ' ,'0 0 0 0 0 0 0 0 0 0 0 0 0 0 0 0 0 0 0 0 ' ,45 ,2 ,0, 0
151 ,101, 129, '38 30 39 37 36 35 30 35 35 32 39 40 41 34 36 51 44 63 32 37 ' ,'0 0 0 0 0 0 0 0 0 0 0 0 0 0 0 0 0 0 0 0 ' ,90 ,1 ,1, 1
100 ,140, 78, '37 39 38 47 37 40 39 38 39 33 55 39 39 42 40 34 33 37 35 37 ' ,'0 0 0 0 0 0 0 0 0 0 0 0 0 0 0 0 0 0 0 0 ' ,35 ,2 ,1, 1
110 ,89, 87, '37 44 46 41 41 59 47 30 34 34 36 38 43 35 34 30 35 40 35 37 ' ,'0 0 0 0 0 0 0 0 0 0 0 0 0 0 0 0 0 0 0 0 ' ,37 ,2 ,2, 2
124 ,98, 100, '36 42 33 37 40 70 39 37 36 34 38 61 41 34 40 41 41 37 35 40 ' ,'0 0 0 0 0 0 0 0 0 0 0 0 0 0 0 0 0 0 0 0 ' ,52 ,2 ,0, 0
114 ,110, 90, '36 36 37 49 45 38 32 43 30 37 38 35 40 41 34 60 42 38 33 30 ' ,'0 0 0 0 0 0 0 0 0 0 0 0 0 0 0 0 0 0 0 0 ' ,46 ,2 ,1, 1
110 ,98, 87, '61 43 41 36 40 32 37 36 43 45 39 39 37 41 35 32 33 35 41 31 ' ,'0 0 0 0 0 0 0 0 0 0 0 0 0 0 0 0 0 0 0 0 ' ,40 ,1 ,1, 1
104 ,98, 87, '34 31 40 38 33 35 38 36 42 37 59 40 41 40 32 38 33 41 40 34 ' ,'0 0 0 0 0 0 0 0 0 0 0 0 0 0 0 0 0 0 0 0 ' ,41 ,1 ,1, 1
102 ,94, 86, '38 48 42 40 38 58 39 42 57 35 33 36 42 42 38 33 41 37 50 38 ' ,'0 0 0 0 0 0 0 0 0 0 0 0 0 0 0 0 0 0 0 0 ' ,35 ,3 ,1, 1
114 ,95, 95, '52 54 53 58 61 46 51 45 56 73 50 52 43 52 53 69 51 54 55 68 ' ,'0 0 0 0 0 0 0 0 0 0 0 0 0 0 0 0 0 0 0 0 ' ,36 ,1 ,0, 0
99 ,104, 82, '35 35 38 44 44 58 37 49 42 40 38 38 46 44 36 37 47 35 54 34 ' ,'0 0 0 0 0 0 0 0 0 0 0 0 0 0 0 0 0 0 0 0 ' ,33 ,1 ,1, 1
101 ,89, 86, '35 33 37 39 45 60 34 42 40 41 38 37 39 40 47 39 34 41 33 38 ' ,'0 0 0 0 0 0 0 0 0 0 0 0 0 0 0 0 0 0 0 0 ' ,42 ,1 ,1, 1
125 ,93, 109, '50 45 55 46 49 50 48 56 54 47 48 50 48 45 44 81 49 44 55 51 ' ,'0 0 0 0 0 0 0 0 0 0 0 0 0 0 0 0 0 0 0 0 ' ,53 ,1 ,0, 0
102 ,117, 78, '32 34 33 34 38 34 35 33 40 40 31 37 31 28 36 44 32 35 47 35 ' ,'0 0 0 0 0 0 0 0 0 0 0 0 0 0 0 0 0 0 0 0 ' ,38 ,2 ,1, 1
104 ,89, 82, '31 35 31 32 37 41 33 34 38 31 30 36 30 40 40 56 35 31 41 30 ' ,'0 0 0 0 0 0 0 0 0 0 0 0 0 0 0 0 0 0 0 0 ' ,38 ,1 ,1, 1
114 ,92, 92, '32 33 37 29 39 38 30 37 35 43 35 40 36 37 34 57 35 37 33 33 ' ,'0 0 0 0 0 0 0 0 0 0 0 0 0 0 0 0 0 0 0 0 ' ,46 ,1 ,1, 1
98 ,103, 77, '28 42 40 39 37 33 36 35 36 44 37 45 32 40 37 50 35 39 36 31 ' ,'0 0 0 0 0 0 0 0 0 0 0 0 0 0 0 0 0 0 0 0 ' ,32 ,3 ,1, 1
104 ,85, 81, '43 42 39 36 39 58 29 53 32 40 40 36 44 31 39 37 36 37 37 38 ' ,'0 0 0 0 0 0 0 0 0 0 0 0 0 0 0 0 0 0 0 0 ' ,41 ,2 ,1, 1
96 ,178, 75, '31 33 35 37 44 28 35 31 39 32 48 30 34 48 39 35 37 37 41 28 ' ,'0 0 0 0 0 0 0 0 0 0 0 0 0 0 0 0 0 0 0 0 ' ,30 ,2 ,0, 0
118 ,85, 93, '37 35 31 32 56 46 33 33 34 32 46 34 36 34 31 46 29 32 39 47 ' ,'0 0 0 0 0 0 0 0 0 0 0 0 0 0 0 0 0 0 0 0 ' ,50 ,3 ,0, 0
113 ,102, 83, '38 51 42 31 39 31 46 62 34 45 39 35 56 48 41 57 34 32 34 35 ' ,'0 0 0 0 0 0 0 0 0 0 0 0 0 0 0 0 0 0 0 0 ' ,44 ,2 ,1, 1
160 ,95, 139, '30 31 34 40 36 55 37 33 37 40 38 44 35 39 35 36 34 35 43 35 ' ,'0 0 0 0 0 0 0 0 0 0 0 0 0 0 0 0 0 0 0 0 ' ,96 ,60 ,1, 1
120 ,149, 96, '32 40 42 31 38 37 37 42 47 59 32 42 47 48 40 66 36 38 34 39 ' ,'0 0 0 0 0 0 0 0 0 0 0 0 0 0 0 0 0 0 0 0 ' ,55 ,1 ,0, 0
130 ,107, 107, '82 51 46 46 56 55 48 45 56 48 48 52 46 54 52 44 50 51 52 48 ' ,'0 0 0 0 0 0 0 0 0 0 0 0 0 0 0 0 0 0 0 0 ' ,49 ,2 ,1, 1
117 ,116, 94, '40 37 38 32 38 36 36 38 39 29 56 41 46 33 37 40 37 36 35 38 ' ,'0 0 0 0 0 0 0 0 0 0 0 0 0 0 0 0 0 0 0 0 ' ,47 ,2 ,1, 1
147 ,104, 128, '60 47 51 52 45 84 49 47 63 57 96 51 56 45 44 46 50 44 44 43 ' ,'0 0 0 0 0 0 0 0 0 0 0 0 0 0 0 0 0 0 0 0 ' ,73 ,2 ,2, 2
134 ,137, 113, '38 43 34 35 41 36 40 33 44 39 58 41 38 36 33 38 36 37 34 40 ' ,'0 0 0 0 0 0 0 0 0 0 0 0 0 0 0 0 0 0 0 0 ' ,66 ,23 ,1, 1
112 ,122, 90, '58 40 45 30 38 32 43 36 41 32 37 38 35 31 28 37 42 38 37 37 ' ,'0 0 0 0 0 0 0 0 0 0 0 0 0 0 0 0 0 0 0 0 ' ,46 ,2 ,1, 1
155 ,97, 134, '48 31 33 40 33 33 31 34 39 36 33 37 41 39 36 30 34 33 43 40 ' ,'0 0 0 0 0 0 0 0 0 0 0 0 0 0 0 0 0 0 0 0 ' ,89 ,2 ,0, 0
112 ,144, 88, '47 41 36 37 40 36 36 32 36 38 34 43 30 33 46 31 45 30 36 35 ' ,'0 0 0 0 0 0 0 0 0 0 0 0 0 0 0 0 0 0 0 0 ' ,44 ,2 ,1, 1
118 ,99, 95, '52 34 36 29 41 38 39 31 31 56 35 37 34 44 34 40 38 36 36 39 ' ,'0 0 0 0 0 0 0 0 0 0 0 0 0 0 0 0 0 0 0 0 ' ,53 ,2 ,0, 0
109 ,106, 88, '32 42 36 31 42 30 41 36 35 36 40 42 36 40 38 52 39 34 34 49 ' ,'0 0 0 0 0 0 0 0 0 0 0 0 0 0 0 0 0 0 0 0 ' ,44 ,2 ,1, 1
119 ,172, 98, '32 36 36 34 40 35 39 30 37 45 34 37 35 37 49 42 39 37 33 35 ' ,'0 0 0 0 0 0 0 0 0 0 0 0 0 0 0 0 0 0 0 0 ' ,51 ,3 ,0, 0
115 ,110, 91, '34 31 39 32 37 35 54 34 31 41 32 46 36 32 29 35 34 35 32 44 ' ,'0 0 0 0 0 0 0 0 0 0 0 0 0 0 0 0 0 0 0 0 ' ,52 ,2 ,0, 0
110 ,103, 90, '40 27 37 36 33 36 40 30 33 33 35 34 35 49 44 32 32 33 48 35 ' ,'0 0 0 0 0 0 0 0 0 0 0 0 0 0 0 0 0 0 0 0 ' ,52 ,2 ,1, 1
108 ,98, 84, '35 27 36 34 40 40 30 32 37 32 42 34 33 48 39 39 41 37 31 43 ' ,'0 0 0 0 0 0 0 0 0 0 0 0 0 0 0 0 0 0 0 0 ' ,48 ,2 ,1, 1
106 ,95, 86, '35 30 46 36 44 33 28 32 41 45 38 30 31 36 38 33 34 36 43 32 ' ,'0 0 0 0 0 0 0 0 0 0 0 0 0 0 0 0 0 0 0 0 ' ,48 ,3 ,1, 1
105 ,96, 84, '46 34 40 49 46 32 33 35 41 33 29 37 38 34 33 31 40 37 58 35 ' ,'0 0 0 0 0 0 0 0 0 0 0 0 0 0 0 0 0 0 0 0 ' ,48 ,2 ,0, 0
114 ,97, 90, '39 54 34 31 36 33 47 36 39 50 39 35 38 32 33 33 47 37 43 46 ' ,'0 0 0 0 0 0 0 0 0 0 0 0 0 0 0 0 0 0 0 0 ' ,52 ,2 ,0, 0
92 ,105, 74, '38 30 31 38 35 33 36 31 42 33 33 38 36 37 40 34 28 36 46 32 ' ,'0 0 0 0 0 0 0 0 0 0 0 0 0 0 0 0 0 0 0 0 ' ,35 ,2 ,0, 0
101 ,83, 80, '36 32 41 33 36 38 34 35 36 38 39 32 34 38 35 40 34 38 35 40 ' ,'0 0 0 0 0 0 0 0 0 0 0 0 0 0 0 0 0 0 0 0 ' ,38 ,2 ,1, 1
108 ,88, 86, '31 35 34 37 33 32 45 41 40 29 34 37 31 33 42 32 35 29 38 36 ' ,'0 0 0 0 0 0 0 0 0 0 0 0 0 0 0 0 0 0 0 0 ' ,42 ,2 ,1, 1
110 ,111, 90, '38 32 35 32 32 40 31 35 45 42 37 34 35 34 35 36 34 37 36 35 ' ,'0 0 0 0 0 0 0 0 0 0 0 0 0 0 0 0 0 0 0 0 ' ,47 ,2 ,1, 1
111 ,101, 94, '76 75 65 76 72 60 78 59 83 71 81 65 81 76 59 71 75 73 77 60 ' ,'0 0 0 0 0 0 0 0 0 0 0 0 0 0 0 0 0 0 0 0 ' ,28 ,1 ,0, 0
143 ,102, 122, '96 82 72 78 70 68 69 72 78 90 86 80 79 85 77 65 83 72 76 100 ' ,'0 0 0 0 0 0 0 0 0 0 0 0 0 0 0 0 0 0 0 0 ' ,39 ,2 ,0, 0
160 ,132, 143, '81 76 79 60 82 73 74 77 73 86 78 85 70 72 73 117 76 80 85 88 ' ,'0 0 0 0 0 0 0 0 0 0 0 0 0 0 0 0 0 0 0 0 ' ,70 ,1 ,1, 0
176 ,149, 159, '130 77 83 76 85 81 73 77 87 87 86 83 93 103 87 79 76 79 92 77 ' ,'0 0 0 0 0 0 0 0 0 0 0 0 0 0 0 0 0 0 0 0 ' ,73 ,2 ,1, 1
187 ,167, 172, '76 80 78 71 90 137 74 82 82 76 73 82 89 67 86 101 63 73 80 74 ' ,'0 0 0 0 0 0 0 0 0 0 0 0 0 0 0 0 0 0 0 0 ' ,95 ,2 ,1, 1
199 ,180, 179, '139 83 77 78 71 80 73 73 71 85 87 86 96 102 127 85 71 83 84 122 ' ,'0 0 0 0 0 0 0 0 0 0 0 0 0 0 0 0 0 0 0 0 ' ,98 ,3 ,1, 1
180 ,191, 160, '69 77 71 73 105 70 73 84 74 92 129 91 80 75 82 80 70 72 62 92 ' ,'0 0 0 0 0 0 0 0 0 0 0 0 0 0 0 0 0 0 0 0 ' ,84 ,2 ,0, 0
227 ,172, 203, '143 79 73 69 78 104 72 75 98 80 140 85 71 102 117 76 72 88 93 93 ' ,'0 0 0 0 0 0 0 0 0 0 0 0 0 0 0 0 0 0 0 0 ' ,121 ,2 ,1, 1
291 ,211, 264, '112 84 70 92 81 146 60 81 85 80 71 80 75 95 91 77 80 77 98 96 ' ,'0 0 0 0 0 0 0 0 0 0 0 0 0 0 0 0 0 0 0 0 ' ,182 ,1 ,1, 1
191 ,302, 167, '125 70 76 74 82 66 79 77 87 88 100 91 68 85 101 77 74 75 91 85 ' ,'0 0 0 0 0 0 0 0 0 0 0 0 0 0 0 0 0 0 0 0 ' ,84 ,3 ,0, 0
201 ,177, 178, '75 84 78 77 82 72 78 72 97 140 111 85 76 79 85 76 79 83 86 136 ' ,'0 0 0 0 0 0 0 0 0 0 0 0 0 0 0 0 0 0 0 0 ' ,91 ,2 ,1, 1
278 ,187, 255, '77 88 77 73 220 99 71 72 72 179 80 76 84 70 156 117 75 79 77 96 ' ,'0 0 0 0 134 0 0 0 0 0 0 0 0 0 0 0 0 0 0 0 ' ,174 ,2 ,1, 1
182 ,264, 156, '81 71 71 76 80 107 78 76 81 76 70 72 71 83 87 78 82 76 68 111 ' ,'0 0 0 0 0 0 0 0 0 0 0 0 0 0 0 0 0 0 0 0 ' ,79 ,3 ,1, 1
165 ,166, 141, '87 86 77 72 83 76 83 88 108 69 108 75 75 87 77 68 62 80 93 81 ' ,'0 0 0 0 0 0 0 0 0 0 0 0 0 0 0 0 0 0 0 0 ' ,58 ,2 ,1, 1
179 ,151, 156, '120 84 64 106 63 93 70 68 94 71 115 82 72 68 69 128 77 79 82 95 ' ,'0 0 0 0 0 0 0 0 0 0 0 0 0 0 0 0 0 0 0 0 ' ,77 ,1 ,1, 1
189 ,164, 169, '109 78 64 99 82 137 71 78 69 100 131 80 68 72 67 134 80 76 90 75 ' ,'0 0 0 0 0 0 0 0 0 0 0 0 0 0 0 0 0 0 0 0 ' ,90 ,2 ,1, 1
237 ,176, 214, '175 82 71 60 72 154 64 75 76 77 179 81 66 60 71 73 73 89 65 74 ' ,'0 0 0 0 0 0 0 0 0 0 0 0 0 0 0 0 0 0 0 0 ' ,143 ,2 ,1, 1
194 ,222, 165, '136 70 72 60 72 68 65 65 65 74 67 61 64 71 66 69 75 63 74 81 ' ,'0 0 0 0 0 0 0 0 0 0 0 0 0 0 0 0 0 0 0 0 ' ,90 ,2 ,0, 0
154 ,179, 133, '61 77 72 54 71 69 61 69 73 62 61 72 60 74 71 106 58 76 60 58 ' ,'0 0 0 0 0 0 0 0 0 0 0 0 0 0 0 0 0 0 0 0 ' ,62 ,2 ,1, 1
146 ,144, 127, '94 60 76 67 81 70 72 57 65 67 53 72 71 74 65 68 79 62 106 62 ' ,'0 0 0 0 0 0 0 0 0 0 0 0 0 0 0 0 0 0 0 0 ' ,55 ,2 ,1, 1
135 ,135, 116, '75 62 74 85 72 67 61 63 78 67 64 70 67 75 68 88 66 61 80 68 ' ,'0 0 0 0 0 0 0 0 0 0 0 0 0 0 0 0 0 0 0 0 ' ,40 ,2 ,0, 0
156 ,126, 134, '70 75 81 57 79 67 61 70 53 61 106 83 75 71 61 63 59 78 70 74 ' ,'0 0 0 0 0 0 0 0 0 0 0 0 0 0 0 0 0 0 0 0 ' ,69 ,2 ,0, 0
208 ,146, 183, '47 61 63 62 53 101 68 59 59 61 61 154 49 72 53 53 55 56 57 59 ' ,'0 0 0 0 0 0 0 0 0 0 0 0 0 0 0 0 0 0 0 0 ' ,117 ,1 ,0, 0
179 ,195, 157, '60 57 62 70 60 62 62 70 73 72 63 66 66 58 73 129 55 72 66 82 ' ,'0 0 0 0 0 0 0 0 0 0 0 0 0 0 0 0 0 0 0 0 ' ,89 ,1 ,0, 0
141 ,164, 122, '58 53 67 63 59 81 48 57 61 53 72 61 57 53 75 91 64 55 66 47 ' ,'0 0 0 0 0 0 0 0 0 0 0 0 0 0 0 0 0 0 0 0 ' ,60 ,2 ,1, 1
151 ,131, 122, '54 47 67 57 59 52 50 74 64 73 60 62 69 56 51 95 66 66 56 65 ' ,'0 0 0 0 0 0 0 0 0 0 0 0 0 0 0 0 0 0 0 0 ' ,60 ,2 ,0, 0
155 ,131, 130, '100 45 55 55 52 61 53 50 65 63 51 51 57 53 57 57 63 51 59 61 ' ,'0 0 0 0 0 0 0 0 0 0 0 0 0 0 0 0 0 0 0 0 ' ,74 ,2 ,0, 0
160 ,142, 122, '63 62 71 73 71 64 57 61 61 80 52 57 62 69 64 100 54 68 66 58 ' ,'0 0 0 0 0 0 0 0 0 0 0 0 0 0 0 0 0 0 0 0 ' ,61 ,2 ,0, 0
149 ,135, 122, '52 48 59 55 57 97 55 61 72 55 59 67 74 50 56 56 49 57 58 62 ' ,'0 0 0 0 0 0 0 0 0 0 0 0 0 0 0 0 0 0 0 0 ' ,65 ,2 ,0, 0
144 ,136, 120, '54 61 57 56 52 61 54 61 75 51 91 62 70 61 61 49 50 65 58 73 ' ,'0 0 0 0 0 0 0 0 0 0 0 0 0 0 0 0 0 0 0 0 ' ,57 ,3 ,0, 0
151 ,129, 125, '55 57 62 60 49 56 45 71 68 80 53 64 62 57 62 76 54 76 65 56 ' ,'0 0 0 0 0 0 0 0 0 0 0 0 0 0 0 0 0 0 0 0 ' ,65 ,2 ,1, 1
157 ,135, 127, '96 58 59 57 57 52 53 57 47 56 64 80 49 63 63 57 58 55 45 68 ' ,'0 0 0 0 0 0 0 0 0 0 0 0 0 0 0 0 0 0 0 0 ' ,72 ,2 ,0, 0
141 ,142, 114, '51 49 49 59 55 60 44 52 49 48 44 61 61 53 57 82 46 53 64 78 ' ,'0 0 0 0 0 0 0 0 0 0 0 0 0 0 0 0 0 0 0 0 ' ,57 ,2 ,1, 1
136 ,126, 119, '57 65 62 59 52 58 56 59 67 61 55 54 51 66 64 89 65 55 56 50 ' ,'0 0 0 0 0 0 0 0 0 0 0 0 0 0 0 0 0 0 0 0 ' ,52 ,2 ,0, 0
149 ,126, 123, '81 52 50 65 56 55 63 61 67 62 50 55 51 55 60 57 50 54 74 44 ' ,'0 0 0 0 0 0 0 0 0 0 0 0 0 0 0 0 0 0 0 0 ' ,58 ,3 ,0, 0
141 ,136, 115, '45 62 62 71 55 49 53 52 50 53 51 62 64 50 54 84 50 59 51 69 ' ,'0 0 0 0 0 0 0 0 0 0 0 0 0 0 0 0 0 0 0 0 ' ,54 ,3 ,1, 1
132 ,124, 116, '55 57 63 61 65 50 53 70 58 51 86 61 62 57 64 55 62 73 58 55 ' ,'0 0 0 0 0 0 0 0 0 0 0 0 0 0 0 0 0 0 0 0 ' ,48 ,2 ,0, 0
127 ,123, 110, '78 54 62 52 71 66 55 61 72 56 59 62 57 59 62 83 56 58 67 69 ' ,'0 0 0 0 0 0 0 0 0 0 0 0 0 0 0 0 0 0 0 0 ' ,48 ,2 ,0, 0
150 ,118, 132, '99 53 48 55 61 59 58 59 68 58 51 60 62 79 52 59 53 56 65 57 ' ,'0 0 0 0 0 0 0 0 0 0 0 0 0 0 0 0 0 0 0 0 ' ,69 ,2 ,0, 0
137 ,139, 119, '55 50 59 65 46 55 53 59 47 59 73 53 60 57 69 90 45 87 56 52 ' ,'0 0 0 0 0 0 0 0 0 0 0 0 0 0 0 0 0 0 0 0 ' ,51 ,2 ,0, 0
155 ,129, 138, '110 55 57 63 62 64 55 55 70 58 57 63 63 76 74 63 67 62 61 67 ' ,'0 0 0 0 0 0 0 0 0 0 0 0 0 0 0 0 0 0 0 0 ' ,70 ,3 ,0, 0
154 ,148, 131, '90 51 67 60 61 58 67 67 69 72 61 67 69 71 55 97 63 63 70 60 ' ,'0 0 0 0 0 0 0 0 0 0 0 0 0 0 0 0 0 0 0 0 ' ,63 ,2 ,1, 1
214 ,139, 188, '56 68 60 65 66 51 58 80 71 50 57 60 84 59 87 97 69 170 75 65 ' ,'0 0 0 0 0 0 0 0 0 0 0 0 0 0 0 0 0 104 0 0 ' ,116 ,2 ,1, 1
145 ,203, 114, '88 65 68 50 69 72 55 60 53 63 63 62 63 59 63 66 61 65 77 60 ' ,'0 0 0 0 0 0 0 0 0 0 0 0 0 0 0 0 0 0 0 0 ' ,57 ,3 ,1, 1
180 ,129, 146, '65 61 58 61 59 117 63 58 65 65 63 68 58 56 56 61 67 59 56 80 ' ,'0 0 0 0 0 0 0 0 0 0 0 0 0 0 0 0 0 0 0 0 ' ,86 ,2 ,1, 1
154 ,163, 123, '60 59 67 78 72 57 56 60 53 52 64 68 64 56 72 102 58 78 91 61 ' ,'0 0 0 0 0 0 0 0 0 0 0 0 0 0 0 0 0 0 0 0 ' ,64 ,3 ,1, 1
159 ,138, 129, '59 57 80 59 59 85 60 59 72 49 76 73 61 55 70 60 74 67 73 84 ' ,'0 0 0 0 0 0 0 0 0 0 0 0 0 0 0 0 0 0 0 0 ' ,68 ,2 ,0, 0
125 ,147, 103, '66 55 67 88 55 64 49 58 68 64 61 69 57 85 58 60 59 65 57 66 ' ,'0 0 0 0 0 0 0 0 0 0 0 0 0 0 0 0 0 0 0 0 ' ,43 ,2 ,1, 1
142 ,116, 110, '63 69 62 55 59 74 55 65 64 64 62 58 68 73 73 61 61 64 70 62 ' ,'0 0 0 0 0 0 0 0 0 0 0 0 0 0 0 0 0 0 0 0 ' ,47 ,2 ,0, 0
151 ,124, 120, '65 61 60 54 69 68 59 65 69 58 56 67 65 75 86 65 63 61 73 62 ' ,'0 0 0 0 0 0 0 0 0 0 0 0 0 0 0 0 0 0 0 0 ' ,59 ,3 ,0, 0
153 ,135, 127, '70 65 67 64 56 60 67 66 60 80 72 60 69 59 66 67 47 57 60 68 ' ,'0 0 0 0 0 0 0 0 0 0 0 0 0 0 0 0 0 0 0 0 ' ,69 ,3 ,1, 1
128 ,138, 104, '62 68 53 51 56 60 53 65 66 62 58 60 63 63 63 56 60 53 64 70 ' ,'0 0 0 0 0 0 0 0 0 0 0 0 0 0 0 0 0 0 0 0 ' ,47 ,2 ,1, 1
149 ,116, 116, '57 67 53 59 64 62 65 61 67 68 64 58 65 73 52 58 60 67 64 78 ' ,'0 0 0 0 0 0 0 0 0 0 0 0 0 0 0 0 0 0 0 0 ' ,59 ,3 ,1, 1
161 ,131, 131, '68 65 64 56 71 53 77 66 56 60 65 71 61 74 96 52 77 55 74 88 ' ,'0 0 0 0 0 0 0 0 0 0 0 0 0 0 0 0 0 0 0 0 ' ,75 ,3 ,0, 0
165 ,145, 133, '51 56 68 59 97 67 52 67 76 56 56 69 50 68 67 64 61 86 74 85 ' ,'0 0 0 0 0 0 0 0 0 0 0 0 0 0 0 0 0 0 0 0 ' ,76 ,3 ,0, 0
153 ,148, 127, '66 51 65 52 89 58 61 57 76 70 66 77 56 66 79 60 57 54 60 55 ' ,'0 0 0 0 0 0 0 0 0 0 0 0 0 0 0 0 0 0 0 0 ' ,67 ,2 ,0, 0
142 ,139, 116, '70 53 71 52 59 86 54 56 69 54 53 80 85 77 81 81 69 64 58 58 ' ,'0 0 0 0 0 0 0 0 0 0 0 0 0 0 0 0 0 0 0 0 ' ,55 ,3 ,1, 1
140 ,125, 110, '65 62 73 68 70 58 57 65 74 58 65 71 67 62 71 72 60 64 71 70 ' ,'0 0 0 0 0 0 0 0 0 0 0 0 0 0 0 0 0 0 0 0 ' ,48 ,3 ,1, 1
164 ,127, 126, '66 49 57 63 75 68 64 60 63 71 62 63 64 60 64 60 62 66 72 66 ' ,'0 0 0 0 0 0 0 0 0 0 0 0 0 0 0 0 0 0 0 0 ' ,63 ,2 ,0, 0
156 ,141, 122, '69 62 63 60 56 65 71 59 63 61 57 76 68 60 50 58 63 59 71 78 ' ,'0 0 0 0 0 0 0 0 0 0 0 0 0 0 0 0 0 0 0 0 ' ,61 ,2 ,0, 0
149 ,141, 118, '51 61 75 57 58 94 63 52 70 54 66 78 69 64 73 56 64 56 87 63 ' ,'0 0 0 0 0 0 0 0 0 0 0 0 0 0 0 0 0 0 0 0 ' ,59 ,2 ,1, 1
155 ,133, 129, '69 63 61 61 75 64 72 73 62 75 97 64 59 63 59 61 79 62 69 69 ' ,'0 0 0 0 0 0 0 0 0 0 0 0 0 0 0 0 0 0 0 0 ' ,57 ,2 ,1, 1
155 ,141, 128, '58 59 64 64 69 64 63 58 60 69 66 63 67 63 75 91 69 72 67 77 ' ,'0 0 0 0 0 0 0 0 0 0 0 0 0 0 0 0 0 0 0 0 ' ,61 ,2 ,1, 1
141 ,141, 109, '72 66 74 64 68 85 72 58 77 50 51 65 57 78 61 62 71 59 80 61 ' ,'0 0 0 0 0 0 0 0 0 0 0 0 0 0 0 0 0 0 0 0 ' ,40 ,3 ,1, 1
167 ,126, 137, '102 58 65 71 83 58 63 56 69 56 55 60 53 58 65 71 55 69 59 68 ' ,'0 0 0 0 0 0 0 0 0 0 0 0 0 0 0 0 0 0 0 0 ' ,74 ,3 ,1, 1
154 ,153, 129, '58 57 62 76 82 71 65 63 60 58 56 63 60 65 64 100 62 67 57 60 ' ,'0 0 0 0 0 0 0 0 0 0 0 0 0 0 0 0 0 0 0 0 ' ,69 ,2 ,1, 1
149 ,141, 121, '71 68 71 55 74 54 55 66 54 65 81 70 68 80 74 90 74 75 71 69 ' ,'0 0 0 0 0 0 0 0 0 0 0 0 0 0 0 0 0 0 0 0 ' ,64 ,2 ,0, 0
165 ,138, 136, '63 62 70 68 65 58 65 59 80 65 59 62 73 85 81 111 74 62 85 56 ' ,'0 0 0 0 0 0 0 0 0 0 0 0 0 0 0 0 0 0 0 0 ' ,70 ,2 ,0, 0
147 ,154, 115, '83 68 61 74 72 60 57 62 63 63 65 68 62 62 61 67 68 71 69 53 ' ,'0 0 0 0 0 0 0 0 0 0 0 0 0 0 0 0 0 0 0 0 ' ,47 ,3 ,1, 1
170 ,131, 143, '61 56 73 61 64 113 81 61 62 74 70 69 66 74 52 66 65 70 59 72 ' ,'0 0 0 0 0 0 0 0 0 0 0 0 0 0 0 0 0 0 0 0 ' ,75 ,2 ,1, 1
167 ,156, 137, '66 71 72 66 47 56 61 50 60 56 67 51 57 58 73 106 59 76 74 76 ' ,'0 0 0 0 0 0 0 0 0 0 0 0 0 0 0 0 0 0 0 0 ' ,77 ,3 ,0, 0
128 ,271, 110, '51 54 65 59 57 83 53 61 69 45 46 49 67 67 64 61 66 56 65 79 ' ,'0 0 0 0 0 0 0 0 0 0 0 0 0 0 0 0 0 0 0 0 ' ,54 ,2 ,1, 1
149 ,124, 130, '62 51 72 62 66 66 59 65 62 71 61 54 65 70 56 106 60 68 54 61 ' ,'0 0 0 0 0 0 0 0 0 0 0 0 0 0 0 0 0 0 0 0 ' ,73 ,2 ,0, 0
129 ,144, 104, '60 48 64 67 57 57 57 75 69 66 71 65 79 63 58 82 66 74 51 65 ' ,'0 0 0 0 0 0 0 0 0 0 0 0 0 0 0 0 0 0 0 0 ' ,48 ,2 ,1, 1
166 ,121, 148, '76 54 71 61 61 118 58 66 69 79 67 68 73 69 63 73 60 68 75 70 ' ,'0 0 0 0 0 0 0 0 0 0 0 0 0 0 0 0 0 0 0 0 ' ,86 ,2 ,0, 0
160 ,158, 139, '57 66 60 77 68 113 62 63 71 73 64 76 66 74 51 65 63 59 80 66 ' ,'0 0 0 0 0 0 0 0 0 0 0 0 0 0 0 0 0 0 0 0 ' ,81 ,2 ,1, 1
132 ,154, 113, '56 50 58 62 89 57 63 71 76 66 68 73 52 86 66 84 85 56 48 57 ' ,'0 0 0 0 0 0 0 0 0 0 0 0 0 0 0 0 0 0 0 0 ' ,57 ,2 ,1, 1
152 ,124, 131, '67 67 72 59 82 63 74 62 75 50 65 63 95 60 60 89 64 81 53 61 ' ,'0 0 0 0 0 0 0 0 0 0 0 0 0 0 0 0 0 0 0 0 ' ,75 ,3 ,1, 1
164 ,144, 139, '67 63 64 57 69 62 68 78 59 74 68 67 85 61 65 110 70 76 63 62 ' ,'0 0 0 0 0 0 0 0 0 0 0 0 0 0 0 0 0 0 0 0 ' ,74 ,2 ,1, 1
150 ,153, 129, '65 54 90 60 67 67 57 51 75 64 101 69 84 76 65 56 62 59 55 60 ' ,'0 0 0 0 0 0 0 0 0 0 0 0 0 0 0 0 0 0 0 0 ' ,71 ,2 ,1, 1
154 ,144, 131, '61 60 69 69 64 59 60 56 68 90 68 59 63 75 61 99 63 67 67 59 ' ,'0 0 0 0 0 0 0 0 0 0 0 0 0 0 0 0 0 0 0 0 ' ,65 ,2 ,1, 1
161 ,144, 135, '69 66 66 65 67 67 62 65 76 58 65 61 72 59 79 111 67 65 62 61 ' ,'0 0 0 0 0 0 0 0 0 0 0 0 0 0 0 0 0 0 0 0 ' ,73 ,3 ,1, 1
169 ,153, 141, '115 59 94 61 69 55 58 69 64 78 64 67 63 69 60 63 63 74 56 66 ' ,'0 0 0 0 0 0 0 0 0 0 0 0 0 0 0 0 0 0 0 0 ' ,81 ,2 ,1, 1
160 ,160, 132, '58 74 67 86 67 99 73 63 68 63 69 64 62 88 55 67 65 60 69 64 ' ,'0 0 0 0 0 0 0 0 0 0 0 0 0 0 0 0 0 0 0 0 ' ,60 ,3 ,1, 1
160 ,145, 134, '64 47 77 72 55 105 70 62 69 69 65 56 65 75 81 66 74 64 97 66 ' ,'0 0 0 0 0 0 0 0 0 0 0 0 0 0 0 0 0 0 0 0 ' ,77 ,3 ,1, 1
153 ,151, 122, '62 71 72 84 54 72 70 55 78 73 90 63 64 56 64 67 64 67 70 68 ' ,'0 0 0 0 0 0 0 0 0 0 0 0 0 0 0 0 0 0 0 0 ' ,59 ,2 ,1, 1
143 ,141, 117, '54 70 61 75 59 53 57 61 58 65 55 78 62 68 63 85 61 57 69 73 ' ,'0 0 0 0 0 0 0 0 0 0 0 0 0 0 0 0 0 0 0 0 ' ,53 ,3 ,1, 1
163 ,132, 136, '65 63 69 67 65 59 61 69 87 77 93 62 64 70 84 63 55 67 76 61 ' ,'0 0 0 0 0 0 0 0 0 0 0 0 0 0 0 0 0 0 0 0 ' ,71 ,3 ,1, 1
161 ,154, 136, '67 70 71 81 53 65 67 63 64 90 97 78 65 82 59 60 64 71 61 71 ' ,'0 0 0 0 0 0 0 0 0 0 0 0 0 0 0 0 0 0 0 0 ' ,72 ,2 ,0, 0
165 ,150, 146, '72 55 67 58 65 73 60 63 72 71 106 83 59 79 71 75 62 66 63 83 ' ,'0 0 0 0 0 0 0 0 0 0 0 0 0 0 0 0 0 0 0 0 ' ,82 ,2 ,0, 0
155 ,160, 129, '67 55 64 56 76 74 79 66 75 66 66 62 60 81 91 96 63 72 76 66 ' ,'0 0 0 0 0 0 0 0 0 0 0 0 0 0 0 0 0 0 0 0 ' ,66 ,2 ,1, 1
161 ,145, 135, '56 72 60 66 65 71 66 64 71 62 66 62 65 80 68 98 90 77 81 82 ' ,'0 0 0 0 0 0 0 0 0 0 0 0 0 0 0 0 0 0 0 0 ' ,62 ,2 ,1, 1
164 ,149, 139, '107 59 46 64 62 80 51 61 56 69 61 64 58 76 69 70 61 60 72 68 ' ,'0 0 0 0 0 0 0 0 0 0 0 0 0 0 0 0 0 0 0 0 ' ,86 ,2 ,1, 1
160 ,157, 132, '71 71 70 73 66 99 67 64 79 78 69 60 71 62 69 69 69 73 71 62 ' ,'0 0 0 0 0 0 0 0 0 0 0 0 0 0 0 0 0 0 0 0 ' ,63 ,3 ,0, 0
164 ,146, 138, '86 69 75 74 52 78 75 59 100 70 110 69 61 80 64 71 72 75 78 81 ' ,'0 0 0 0 0 0 0 0 0 0 0 0 0 0 0 0 0 0 0 0 ' ,73 ,2 ,1, 1
156 ,154, 128, '79 72 78 72 82 73 74 69 83 72 70 75 66 68 71 101 77 73 73 68 ' ,'0 0 0 0 0 0 0 0 0 0 0 0 0 0 0 0 0 0 0 0 ' ,53 ,3 ,0, 0
164 ,144, 135, '87 63 70 76 75 69 72 86 82 84 106 67 83 68 73 76 70 71 86 55 ' ,'0 0 0 0 0 0 0 0 0 0 0 0 0 0 0 0 0 0 0 0 ' ,63 ,2 ,0, 0
170 ,153, 149, '78 68 60 66 82 78 81 68 71 68 114 80 71 95 76 83 78 78 76 76 ' ,'0 0 0 0 0 0 0 0 0 0 0 0 0 0 0 0 0 0 0 0 ' ,78 ,3 ,1, 1
192 ,162, 166, '133 66 73 104 79 82 106 69 82 77 57 113 86 120 78 71 77 76 79 62 ' ,'0 0 0 0 0 0 0 0 0 0 0 0 0 0 0 0 0 0 0 0 ' ,90 ,3 ,0, 0
188 ,180, 162, '129 73 72 71 81 81 77 88 69 75 83 85 69 75 67 76 70 75 76 69 ' ,'0 0 0 0 0 0 0 0 0 0 0 0 0 0 0 0 0 0 0 0 ' ,86 ,3 ,1, 1
380 ,176, 354, '64 73 80 63 77 64 66 70 70 65 97 69 65 53 68 81 70 75 61 74 ' ,'0 0 0 0 0 0 0 0 0 0 0 0 0 0 0 0 0 0 0 0 ' ,294 ,2 ,1, 1
162 ,372, 134, '67 61 77 69 59 89 69 61 73 83 64 65 63 57 80 72 74 78 90 70 ' ,'0 0 0 0 0 0 0 0 0 0 0 0 0 0 0 0 0 0 0 0 ' ,64 ,3 ,1, 1
191 ,153, 165, '86 68 87 87 69 68 66 88 77 101 132 67 73 70 73 68 64 69 86 76 ' ,'0 0 0 0 0 0 0 0 0 0 0 0 0 0 0 0 0 0 0 0 ' ,91 ,3 ,0, 0
172 ,179, 148, '70 73 77 60 70 74 65 70 73 85 74 85 79 76 69 118 69 74 69 79 ' ,'0 0 0 0 0 0 0 0 0 0 0 0 0 0 0 0 0 0 0 0 ' ,82 ,3 ,0, 0
194 ,163, 169, '114 68 74 80 62 73 76 61 67 72 67 70 72 69 82 79 77 69 77 67 ' ,'0 0 0 0 0 0 0 0 0 0 0 0 0 0 0 0 0 0 0 0 ' ,96 ,27 ,1, 1
188 ,182, 166, '72 84 68 77 61 76 71 78 72 72 71 71 60 81 66 71 68 64 57 80 ' ,'0 0 0 0 0 0 0 0 0 0 0 0 0 0 0 0 0 0 0 0 ' ,98 ,2 ,1, 1
171 ,175, 148, '78 66 69 67 76 67 82 76 66 99 73 67 74 78 74 77 58 88 86 73 ' ,'0 0 0 0 0 0 0 0 0 0 0 0 0 0 0 0 0 0 0 0 ' ,79 ,3 ,1, 1
120 ,161, 99, '68 73 73 70 80 71 75 69 77 83 74 79 76 70 79 69 68 53 81 67 ' ,'0 0 0 0 0 0 0 0 0 0 0 0 0 0 0 0 0 0 0 0 ' ,36 ,2 ,1, 1
115 ,106, 100, '86 71 76 65 68 67 66 63 69 71 73 74 61 68 68 75 79 76 78 71 ' ,'0 0 0 0 0 0 0 0 0 0 0 0 0 0 0 0 0 0 0 0 ' ,27 ,2 ,1, 1
119 ,108, 104, '59 65 74 59 71 65 65 70 70 66 69 69 86 65 64 59 68 73 75 62 ' ,'0 0 0 0 0 0 0 0 0 0 0 0 0 0 0 0 0 0 0 0 ' ,37 ,2 ,1, 1
110 ,110, 96, '75 64 69 62 76 77 73 65 68 71 70 74 65 74 66 80 76 79 76 60 ' ,'0 0 0 0 0 0 0 0 0 0 0 0 0 0 0 0 0 0 0 0 ' ,24 ,1 ,1, 1
115 ,102, 100, '71 71 73 70 67 74 83 71 81 77 57 77 82 88 71 75 75 56 65 81 ' ,'0 0 0 0 0 0 0 0 0 0 0 0 0 0 0 0 0 0 0 0 ' ,34 ,2 ,1, 1
