503 ,0, 384, '205 190 186 261 173 341 203 177 161 154 219 192 ' ,'0 0 0 0 0 0 0 0 0 0 0 0 ' ,196 ,9 ,5, 4
213 ,580, 183, '126 171 143 114 111 163 160 121 96 117 140 161 ' ,'0 0 0 0 0 0 0 0 0 0 0 0 ' ,70 ,1 ,2, 2
107 ,196, 76, '43 39 34 31 35 31 33 33 30 43 31 33 ' ,'0 0 0 0 0 0 0 0 0 0 0 0 ' ,30 ,1 ,1, 1
99 ,90, 70, '43 34 34 40 35 49 35 38 48 30 31 29 ' ,'0 0 0 0 0 0 0 0 0 0 0 0 ' ,22 ,1 ,3, 2
160 ,199, 133, '27 30 24 27 27 24 26 23 40 24 28 30 ' ,'0 0 0 0 0 0 0 147 0 0 0 0 ' ,97 ,2 ,4, 4
86 ,143, 60, '40 31 32 37 28 28 28 33 39 40 33 35 ' ,'0 0 0 0 0 0 0 0 0 0 0 0 ' ,20 ,2 ,2, 2
79 ,74, 53, '25 29 24 28 29 38 30 24 31 25 24 23 ' ,'0 0 0 0 0 0 0 0 0 0 0 0 ' ,19 ,2 ,1, 1
80 ,64, 53, '36 34 28 32 34 39 28 28 31 26 28 32 ' ,'0 0 0 0 0 0 0 0 0 0 0 0 ' ,15 ,1 ,1, 1
77 ,65, 55, '27 34 34 33 27 34 38 36 37 32 41 32 ' ,'0 0 0 0 0 0 0 0 0 0 0 0 ' ,15 ,1 ,2, 2
78 ,66, 55, '32 33 28 34 31 27 31 33 32 32 38 37 ' ,'0 0 0 0 0 0 0 0 0 0 0 0 ' ,18 ,1 ,1, 1
79 ,67, 56, '31 40 26 32 30 30 35 26 43 29 38 29 ' ,'0 0 0 0 0 0 0 0 0 0 0 0 ' ,18 ,1 ,1, 1
72 ,64, 47, '25 29 25 30 26 28 32 26 30 26 35 29 ' ,'0 0 0 0 0 0 0 0 0 0 0 0 ' ,14 ,2 ,2, 2
70 ,62, 49, '28 31 29 27 31 28 27 29 28 32 24 25 ' ,'0 0 0 0 0 0 0 0 0 0 0 0 ' ,10 ,3 ,0, 0
79 ,63, 58, '35 35 34 35 34 34 36 37 41 32 42 34 ' ,'0 0 0 0 0 0 0 0 0 0 0 0 ' ,13 ,2 ,1, 1
202 ,67, 183, '42 36 28 26 29 39 31 31 27 30 25 31 ' ,'0 0 0 0 0 0 0 0 0 0 253 0 ' ,144 ,1 ,1, 1
71 ,192, 48, '27 32 27 25 28 28 23 29 26 28 27 31 ' ,'0 0 0 0 0 0 0 0 0 0 0 0 ' ,13 ,2 ,1, 1
88 ,59, 61, '44 43 33 32 37 39 38 38 30 36 38 43 ' ,'0 0 0 0 0 0 0 0 0 0 0 0 ' ,17 ,1 ,1, 1
77 ,76, 55, '37 27 31 30 29 29 28 24 29 28 28 25 ' ,'0 0 0 0 0 0 0 0 0 0 0 0 ' ,16 ,1 ,1, 1
85 ,67, 61, '33 34 30 39 30 31 28 33 34 31 45 29 ' ,'0 0 0 0 0 0 0 0 0 0 0 0 ' ,22 ,2 ,1, 1
90 ,71, 60, '28 30 30 27 24 27 42 34 26 39 38 27 ' ,'0 0 0 0 0 0 0 0 0 0 0 0 ' ,22 ,1 ,0, 0
87 ,76, 58, '35 46 33 30 37 31 29 38 32 28 37 33 ' ,'0 0 0 0 0 0 0 0 0 0 0 0 ' ,17 ,1 ,1, 1
92 ,70, 62, '41 50 32 29 36 24 31 32 36 24 31 33 ' ,'0 0 0 0 0 0 0 0 0 0 0 0 ' ,26 ,1 ,1, 1
97 ,74, 72, '41 36 40 40 48 49 41 56 38 39 38 45 ' ,'0 0 0 0 0 0 0 0 0 0 0 0 ' ,25 ,2 ,0, 0
85 ,84, 60, '39 33 32 46 38 35 31 34 38 32 36 34 ' ,'0 0 0 0 0 0 0 0 0 0 0 0 ' ,18 ,1 ,0, 0
90 ,71, 63, '33 45 42 34 31 45 31 36 30 46 40 36 ' ,'0 0 0 0 0 0 0 0 0 0 0 0 ' ,20 ,0 ,0, 0
85 ,78, 60, '34 31 39 35 39 48 32 46 34 34 31 31 ' ,'0 0 0 0 0 0 0 0 0 0 0 0 ' ,19 ,1 ,0, 0
80 ,76, 52, '27 32 28 27 28 31 27 31 27 33 36 28 ' ,'0 0 0 0 0 0 0 0 0 0 0 0 ' ,13 ,1 ,1, 1
79 ,60, 55, '28 30 38 30 35 33 32 40 31 40 35 30 ' ,'0 0 0 0 0 0 0 0 0 0 0 0 ' ,16 ,1 ,0, 0
86 ,64, 59, '33 35 33 36 37 33 37 32 36 37 46 36 ' ,'0 0 0 0 0 0 0 0 0 0 0 0 ' ,17 ,1 ,0, 0
104 ,69, 78, '40 38 40 35 39 32 38 39 35 49 63 39 ' ,'0 0 0 0 0 0 0 0 0 0 0 0 ' ,36 ,2 ,0, 0
87 ,87, 59, '46 26 26 30 26 25 28 44 30 25 28 25 ' ,'0 0 0 0 0 0 0 0 0 0 0 0 ' ,24 ,1 ,0, 0
82 ,74, 53, '25 26 30 31 30 30 30 31 28 26 36 37 ' ,'0 0 0 0 0 0 0 0 0 0 0 0 ' ,17 ,1 ,0, 0
88 ,68, 63, '51 40 32 38 35 31 41 39 37 31 46 43 ' ,'0 0 0 0 0 0 0 0 0 0 0 0 ' ,22 ,1 ,1, 1
88 ,76, 64, '34 41 38 32 43 49 34 34 31 32 33 35 ' ,'0 0 0 0 0 0 0 0 0 0 0 0 ' ,15 ,1 ,0, 0
126 ,75, 97, '49 66 38 31 33 32 87 34 34 34 69 55 ' ,'0 0 0 0 0 0 0 0 0 0 0 0 ' ,59 ,1 ,0, 0
81 ,116, 57, '32 29 42 26 36 27 32 32 26 26 39 32 ' ,'0 0 0 0 0 0 0 0 0 0 0 0 ' ,21 ,2 ,0, 0
82 ,66, 55, '42 30 30 28 26 34 28 32 38 37 40 32 ' ,'0 0 0 0 0 0 0 0 0 0 0 0 ' ,16 ,1 ,1, 1
74 ,66, 53, '42 38 37 30 30 38 33 37 34 35 28 31 ' ,'0 0 0 0 0 0 0 0 0 0 0 0 ' ,15 ,1 ,0, 0
83 ,64, 56, '27 30 35 34 39 28 36 44 31 29 45 27 ' ,'0 0 0 0 0 0 0 0 0 0 0 0 ' ,20 ,1 ,0, 0
112 ,68, 86, '32 28 27 31 25 26 25 29 36 33 34 31 ' ,'0 0 0 0 0 0 0 0 0 0 0 0 ' ,50 ,0 ,1, 1
83 ,95, 57, '31 35 38 28 33 47 31 34 29 28 28 29 ' ,'0 0 0 0 0 0 0 0 0 0 0 0 ' ,18 ,1 ,1, 1
87 ,71, 60, '33 36 29 32 27 51 34 29 35 27 26 43 ' ,'0 0 0 0 0 0 0 0 0 0 0 0 ' ,23 ,1 ,0, 0
79 ,72, 54, '30 31 31 28 32 27 27 33 31 27 29 33 ' ,'0 0 0 0 0 0 0 0 0 0 0 0 ' ,16 ,1 ,0, 0
73 ,67, 48, '32 25 25 33 25 38 23 26 29 28 23 33 ' ,'0 0 0 0 0 0 0 0 0 0 0 0 ' ,13 ,0 ,1, 1
78 ,61, 52, '23 24 31 25 27 32 22 23 27 22 23 27 ' ,'0 0 0 0 0 0 0 0 0 0 0 0 ' ,16 ,1 ,1, 1
87 ,65, 60, '31 24 25 31 25 24 28 25 30 28 45 26 ' ,'0 0 0 0 0 0 0 0 0 0 0 0 ' ,26 ,1 ,1, 1
71 ,73, 53, '27 29 24 36 26 38 28 25 34 27 27 28 ' ,'0 0 0 0 0 0 0 0 0 0 0 0 ' ,17 ,1 ,1, 1
59 ,64, 43, '26 28 25 38 27 25 27 24 27 27 27 26 ' ,'0 0 0 0 0 0 0 0 0 0 0 0 ' ,13 ,0 ,0, 0
69 ,53, 46, '34 34 30 34 31 32 34 29 38 32 31 34 ' ,'0 0 0 0 0 0 0 0 0 0 0 0 ' ,11 ,1 ,1, 1
71 ,57, 50, '28 33 34 39 34 28 32 37 37 30 29 32 ' ,'0 0 0 0 0 0 0 0 0 0 0 0 ' ,12 ,0 ,1, 1
81 ,60, 57, '38 42 34 41 41 50 38 41 43 47 50 40 ' ,'0 0 0 0 0 0 0 0 0 0 0 0 ' ,18 ,1 ,1, 1
71 ,72, 54, '24 27 23 28 29 27 28 23 31 26 24 26 ' ,'0 0 0 0 0 0 0 0 0 0 0 0 ' ,23 ,15 ,1, 1
80 ,60, 55, '29 36 36 33 28 36 35 35 33 34 38 33 ' ,'0 0 0 0 0 0 0 0 0 0 0 0 ' ,18 ,1 ,1, 1
81 ,68, 59, '29 35 31 38 29 30 39 32 36 38 32 41 ' ,'0 0 0 0 0 0 0 0 0 0 0 0 ' ,24 ,1 ,1, 1
89 ,72, 64, '56 57 25 33 32 35 38 37 31 34 45 40 ' ,'0 0 0 0 0 0 0 0 0 0 0 0 ' ,34 ,1 ,0, 0
75 ,77, 49, '29 34 29 26 29 29 38 30 26 27 29 35 ' ,'0 0 0 0 0 0 0 0 0 0 0 0 ' ,19 ,1 ,0, 0
111 ,61, 85, '48 43 33 33 28 31 40 28 29 41 37 37 ' ,'0 0 0 0 0 0 0 0 0 0 0 0 ' ,50 ,28 ,0, 0
73 ,96, 52, '33 30 30 28 24 25 30 31 28 34 32 28 ' ,'0 0 0 0 0 0 0 0 0 0 0 0 ' ,21 ,1 ,1, 1
73 ,61, 52, '33 31 32 28 31 33 35 31 39 29 31 31 ' ,'0 0 0 0 0 0 0 0 0 0 0 0 ' ,16 ,1 ,0, 0
78 ,64, 57, '29 30 29 29 28 25 29 26 32 24 26 32 ' ,'0 0 0 0 0 0 0 0 0 0 0 0 ' ,23 ,1 ,1, 1
91 ,71, 61, '31 36 26 29 28 29 34 26 30 29 38 31 ' ,'0 0 0 0 0 0 0 0 0 0 0 0 ' ,21 ,1 ,1, 1
67 ,73, 40, '23 32 25 29 26 25 27 26 28 23 30 27 ' ,'0 0 0 0 0 0 0 0 0 0 0 0 ' ,11 ,1 ,1, 1
78 ,57, 52, '33 32 28 30 25 31 27 29 37 28 30 26 ' ,'0 0 0 0 0 0 0 0 0 0 0 0 ' ,15 ,1 ,0, 0
70 ,61, 47, '27 24 24 29 24 25 22 28 28 24 25 23 ' ,'0 0 0 0 0 0 0 0 0 0 0 0 ' ,17 ,1 ,0, 0
89 ,58, 65, '30 27 33 29 29 31 30 33 31 36 35 45 ' ,'0 0 0 0 0 0 0 0 0 0 0 0 ' ,30 ,2 ,0, 0
69 ,75, 43, '25 23 21 29 21 25 21 22 31 26 29 22 ' ,'0 0 0 0 0 0 0 0 0 0 0 0 ' ,15 ,1 ,0, 0
91 ,53, 60, '34 30 31 27 28 35 27 31 29 35 35 27 ' ,'0 0 0 0 0 0 0 0 0 0 0 0 ' ,24 ,2 ,1, 1
75 ,74, 51, '35 24 28 25 25 26 36 28 28 26 27 32 ' ,'0 0 0 0 0 0 0 0 0 0 0 0 ' ,16 ,1 ,0, 0
81 ,63, 56, '41 38 26 31 31 34 33 35 34 28 28 33 ' ,'0 0 0 0 0 0 0 0 0 0 0 0 ' ,18 ,1 ,0, 0
83 ,69, 58, '27 28 32 25 27 41 28 32 27 24 27 31 ' ,'0 0 0 0 0 0 0 0 0 0 0 0 ' ,23 ,1 ,1, 1
84 ,72, 58, '32 32 29 32 27 28 36 26 29 30 42 24 ' ,'0 0 0 0 0 0 0 0 0 0 0 0 ' ,25 ,1 ,0, 0
85 ,71, 53, '27 27 29 27 31 25 27 36 27 26 33 30 ' ,'0 0 0 0 0 0 0 0 0 0 0 0 ' ,20 ,1 ,0, 0
83 ,70, 61, '47 36 29 27 25 30 36 28 25 29 30 32 ' ,'0 0 0 0 0 0 0 0 0 0 0 0 ' ,26 ,1 ,1, 1
80 ,71, 54, '25 25 29 25 29 23 27 26 31 24 35 24 ' ,'0 0 0 0 0 0 0 0 0 0 0 0 ' ,19 ,1 ,1, 1
75 ,63, 53, '30 29 32 31 28 29 30 33 32 32 36 30 ' ,'0 0 0 0 0 0 0 0 0 0 0 0 ' ,13 ,1 ,1, 1
84 ,65, 59, '31 37 31 34 31 45 29 31 35 38 33 39 ' ,'0 0 0 0 0 0 0 0 0 0 0 0 ' ,20 ,1 ,0, 0
93 ,67, 68, '52 38 33 31 36 38 29 34 31 35 36 44 ' ,'0 0 0 0 0 0 0 0 0 0 0 0 ' ,26 ,1 ,0, 0
79 ,78, 55, '33 31 25 25 24 33 32 27 25 27 35 24 ' ,'0 0 0 0 0 0 0 0 0 0 0 0 ' ,20 ,1 ,1, 1
85 ,66, 56, '27 27 26 23 26 41 25 28 24 27 25 23 ' ,'0 0 0 0 0 0 0 0 0 0 0 0 ' ,24 ,0 ,1, 0
74 ,71, 52, '30 31 32 30 30 32 31 32 28 28 29 28 ' ,'0 0 0 0 0 0 0 0 0 0 0 0 ' ,13 ,1 ,1, 1
76 ,64, 52, '26 31 23 35 28 29 22 35 29 21 22 28 ' ,'0 0 0 0 0 0 0 0 0 0 0 0 ' ,21 ,2 ,1, 1
81 ,65, 54, '34 38 30 28 31 27 40 33 29 30 33 36 ' ,'0 0 0 0 0 0 0 0 0 0 0 0 ' ,17 ,1 ,0, 0
62 ,67, 44, '25 27 30 31 31 25 27 31 29 28 24 27 ' ,'0 0 0 0 0 0 0 0 0 0 0 0 ' ,7 ,2 ,0, 0
70 ,52, 51, '24 30 27 33 27 37 30 29 31 29 26 30 ' ,'0 0 0 0 0 0 0 0 0 0 0 0 ' ,15 ,1 ,0, 0
73 ,62, 51, '26 30 31 25 29 24 26 29 26 29 24 27 ' ,'0 0 0 0 0 0 0 0 0 0 0 0 ' ,14 ,1 ,0, 0
71 ,62, 47, '33 27 24 28 27 21 27 23 32 25 22 26 ' ,'0 0 0 0 0 0 0 0 0 0 0 0 ' ,14 ,1 ,1, 1
58 ,57, 42, '23 29 24 33 26 21 27 26 28 24 21 27 ' ,'0 0 0 0 0 0 0 0 0 0 0 0 ' ,8 ,0 ,1, 0
82 ,51, 55, '26 28 27 30 24 34 27 24 31 25 29 29 ' ,'0 0 0 0 0 0 0 0 0 0 0 0 ' ,17 ,1 ,0, 0
75 ,73, 52, '27 24 31 30 24 28 24 26 28 25 27 39 ' ,'0 0 0 0 0 0 0 0 0 0 0 0 ' ,15 ,0 ,1, 1
75 ,61, 48, '33 32 28 29 24 30 32 33 29 24 31 32 ' ,'0 0 0 0 0 0 0 0 0 0 0 0 ' ,9 ,1 ,0, 0
84 ,61, 54, '29 26 29 26 31 25 25 29 28 23 36 26 ' ,'0 0 0 0 0 0 0 0 0 0 0 0 ' ,21 ,1 ,0, 0
94 ,64, 63, '47 27 29 35 29 27 49 30 36 33 27 30 ' ,'0 0 0 0 0 0 0 0 0 0 0 0 ' ,27 ,0 ,0, 0
95 ,77, 65, '49 30 41 36 30 29 52 34 43 35 35 30 ' ,'0 0 0 0 0 0 0 0 0 0 0 0 ' ,29 ,1 ,1, 1
92 ,82, 71, '31 31 31 30 31 31 30 32 30 47 40 35 ' ,'0 0 0 0 0 0 0 0 0 0 0 0 ' ,30 ,1 ,1, 1
81 ,82, 54, '29 39 39 44 30 23 24 34 30 27 32 25 ' ,'0 0 0 0 0 0 0 0 0 0 0 0 ' ,20 ,0 ,1, 1
84 ,66, 56, '26 31 30 29 31 24 37 30 28 31 38 25 ' ,'0 0 0 0 0 0 0 0 0 0 0 0 ' ,17 ,1 ,1, 1
88 ,69, 60, '25 33 28 30 27 42 33 29 31 31 42 33 ' ,'0 0 0 0 0 0 0 0 0 0 0 0 ' ,23 ,2 ,0, 0
76 ,77, 51, '29 28 27 40 22 36 21 23 39 24 21 22 ' ,'0 0 0 0 0 0 0 0 0 0 0 0 ' ,18 ,1 ,1, 1
80 ,62, 55, '32 32 29 26 29 23 30 31 28 32 24 25 ' ,'0 0 0 0 0 0 0 0 0 0 0 0 ' ,18 ,1 ,1, 1
86 ,67, 56, '35 39 33 44 30 26 38 30 33 28 27 33 ' ,'0 0 0 0 0 0 0 0 0 0 0 0 ' ,14 ,0 ,0, 0
83 ,69, 54, '25 28 26 24 22 21 24 27 24 27 22 24 ' ,'0 0 0 0 0 0 0 0 0 0 0 0 ' ,20 ,1 ,1, 1
69 ,71, 43, '26 28 26 23 22 27 28 27 24 22 22 25 ' ,'0 0 0 0 0 0 0 0 0 0 0 0 ' ,10 ,1 ,0, 0
79 ,55, 52, '28 39 31 32 32 28 37 28 33 28 28 33 ' ,'0 0 0 0 0 0 0 0 0 0 0 0 ' ,11 ,1 ,1, 1
79 ,65, 54, '22 21 24 29 23 36 25 25 32 24 23 22 ' ,'0 0 0 0 0 0 0 0 0 0 0 0 ' ,19 ,1 ,1, 1
126 ,66, 100, '39 32 26 32 32 31 24 26 30 25 26 31 ' ,'0 0 0 0 0 0 0 0 0 0 0 0 ' ,64 ,44 ,1, 1
76 ,113, 45, '25 31 32 29 27 31 31 26 29 27 27 31 ' ,'0 0 0 0 0 0 0 0 0 0 0 0 ' ,19 ,1 ,1, 1
80 ,66, 58, '34 48 35 39 36 31 34 35 34 41 31 29 ' ,'0 0 0 0 0 0 0 0 0 0 0 0 ' ,23 ,1 ,0, 0
69 ,70, 47, '25 23 24 28 23 25 22 25 34 28 26 24 ' ,'0 0 0 0 0 0 0 0 0 0 0 0 ' ,19 ,1 ,1, 1
74 ,60, 51, '27 33 31 28 24 28 30 31 30 35 22 30 ' ,'0 0 0 0 0 0 0 0 0 0 0 0 ' ,18 ,1 ,1, 1
78 ,60, 56, '30 27 32 26 34 28 24 29 26 24 27 29 ' ,'0 0 0 0 0 0 0 0 0 0 0 0 ' ,24 ,1 ,1, 1
73 ,63, 47, '27 27 36 32 32 34 28 37 35 31 34 28 ' ,'0 0 0 0 0 0 0 0 0 0 0 0 ' ,18 ,1 ,1, 1
72 ,64, 48, '26 24 32 30 26 24 28 24 35 32 27 28 ' ,'0 0 0 0 0 0 0 0 0 0 0 0 ' ,21 ,0 ,1, 1
77 ,62, 53, '25 27 25 33 22 22 24 25 33 34 22 21 ' ,'0 0 0 0 0 0 0 0 0 0 0 0 ' ,25 ,1 ,0, 0
78 ,63, 53, '26 33 29 26 29 26 39 30 27 28 24 32 ' ,'0 0 0 0 0 0 0 0 0 0 0 0 ' ,22 ,1 ,1, 1
86 ,67, 53, '31 29 28 33 27 30 31 28 35 27 27 27 ' ,'0 0 0 0 0 0 0 0 0 0 0 0 ' ,18 ,2 ,0, 0
78 ,73, 55, '40 29 25 28 38 29 24 27 30 25 31 25 ' ,'0 0 0 0 0 0 0 0 0 0 0 0 ' ,24 ,1 ,1, 1
71 ,67, 47, '31 31 29 25 25 33 35 30 25 28 29 31 ' ,'0 0 0 0 0 0 0 0 0 0 0 0 ' ,16 ,1 ,1, 1
90 ,60, 70, '27 32 31 31 33 28 29 32 29 35 27 29 ' ,'0 0 0 0 0 0 0 0 0 0 0 0 ' ,9 ,1 ,1, 1
78 ,77, 61, '31 34 32 34 32 39 36 32 35 32 43 33 ' ,'0 0 0 0 0 0 0 0 0 0 0 0 ' ,17 ,0 ,1, 1
63 ,71, 45, '21 24 27 33 27 25 25 29 25 28 29 24 ' ,'0 0 0 0 0 0 0 0 0 0 0 0 ' ,10 ,1 ,1, 1
69 ,54, 50, '30 27 25 35 31 20 28 25 25 25 23 27 ' ,'0 0 0 0 0 0 0 0 0 0 0 0 ' ,14 ,1 ,1, 1
71 ,58, 49, '27 28 30 30 31 32 25 32 28 31 27 27 ' ,'0 0 0 0 0 0 0 0 0 0 0 0 ' ,13 ,1 ,0, 0
66 ,59, 46, '26 29 25 21 26 24 28 26 23 26 29 30 ' ,'0 0 0 0 0 0 0 0 0 0 0 0 ' ,16 ,1 ,0, 0
84 ,57, 57, '24 24 37 25 28 27 24 29 26 34 31 29 ' ,'0 0 0 0 0 0 0 0 0 0 0 0 ' ,23 ,2 ,0, 0
103 ,70, 77, '35 31 36 32 35 34 34 39 34 33 57 40 ' ,'0 0 0 0 0 0 0 0 0 0 0 0 ' ,33 ,1 ,1, 1
86 ,88, 59, '25 26 28 27 30 37 25 27 30 25 28 31 ' ,'0 0 0 0 0 0 0 0 0 0 0 0 ' ,22 ,1 ,0, 0
113 ,70, 87, '56 61 56 57 68 58 59 59 67 62 70 68 ' ,'0 0 0 0 0 0 0 0 0 0 0 0 ' ,25 ,0 ,0, 0
118 ,104, 94, '75 65 63 60 72 51 71 55 68 67 58 53 ' ,'0 0 0 0 0 0 0 0 0 0 0 0 ' ,27 ,1 ,1, 1
120 ,102, 93, '59 63 57 77 51 61 55 62 59 66 51 56 ' ,'0 0 0 0 0 0 0 0 0 0 0 0 ' ,28 ,1 ,1, 1
150 ,104, 123, '68 72 65 67 65 106 77 59 71 69 73 76 ' ,'0 0 0 0 0 0 0 0 0 0 0 0 ' ,52 ,1 ,0, 0
337 ,136, 315, '140 303 133 121 134 199 287 140 135 227 253 293 ' ,'0 0 0 0 0 0 0 0 0 0 0 0 ' ,184 ,2 ,1, 1
147 ,330, 114, '61 64 65 54 65 71 70 68 73 51 92 58 ' ,'0 0 0 0 0 0 0 0 0 0 0 0 ' ,52 ,1 ,2, 2
143 ,131, 116, '61 101 63 74 73 73 67 66 65 67 66 80 ' ,'0 0 0 0 0 0 0 0 0 0 0 0 ' ,39 ,1 ,0, 0
142 ,127, 116, '62 65 67 66 61 80 60 72 68 80 70 71 ' ,'0 0 0 0 0 0 0 0 0 0 0 0 ' ,46 ,1 ,0, 0
110 ,131, 87, '63 57 54 71 62 63 77 60 59 57 58 59 ' ,'0 0 0 0 0 0 0 0 0 0 0 0 ' ,28 ,1 ,1, 1
119 ,102, 90, '77 59 73 67 63 67 55 58 66 51 61 61 ' ,'0 0 0 0 0 0 0 0 0 0 0 0 ' ,29 ,1 ,1, 1
134 ,109, 107, '63 76 65 67 79 73 75 62 56 62 76 77 ' ,'0 0 0 0 0 0 0 0 0 0 0 0 ' ,42 ,2 ,0, 0
125 ,123, 92, '63 61 58 54 62 67 58 55 76 56 57 65 ' ,'0 0 0 0 0 0 0 0 0 0 0 0 ' ,29 ,2 ,1, 1
134 ,107, 104, '57 79 85 79 62 65 85 64 63 72 64 64 ' ,'0 0 0 0 0 0 0 0 0 0 0 0 ' ,29 ,1 ,1, 1
154 ,120, 127, '85 74 69 72 89 65 69 68 78 56 74 81 ' ,'0 0 0 0 0 0 0 0 0 0 0 0 ' ,50 ,1 ,0, 0
134 ,140, 101, '75 87 76 88 60 76 70 66 85 65 72 90 ' ,'0 0 0 0 0 0 0 0 0 0 0 0 ' ,27 ,1 ,0, 0
140 ,119, 113, '60 67 79 74 69 90 70 71 60 74 64 58 ' ,'0 0 0 0 0 0 0 0 0 0 0 0 ' ,42 ,1 ,1, 1
138 ,121, 113, '89 72 69 69 68 79 58 76 78 76 68 83 ' ,'0 0 0 0 0 0 0 0 0 0 0 0 ' ,44 ,1 ,1, 1
155 ,122, 127, '70 83 68 79 71 75 70 73 65 96 102 73 ' ,'0 0 0 0 0 0 0 0 0 0 0 0 ' ,52 ,1 ,0, 0
148 ,139, 121, '69 73 66 72 75 95 70 75 60 65 77 76 ' ,'0 0 0 0 0 0 0 0 0 0 0 0 ' ,50 ,1 ,1, 1
154 ,130, 130, '64 81 63 78 77 103 72 76 85 63 57 77 ' ,'0 0 0 0 0 0 0 0 0 0 0 0 ' ,55 ,1 ,1, 1
140 ,141, 114, '68 71 74 71 70 67 77 74 64 72 58 59 ' ,'0 0 0 0 0 0 0 0 0 0 0 0 ' ,41 ,1 ,1, 0
218 ,128, 195, '170 167 132 116 153 157 182 140 133 119 161 159 ' ,'0 0 0 0 0 0 0 0 0 0 0 0 ' ,68 ,1 ,0, 0
169 ,208, 144, '68 80 73 72 89 120 73 82 69 68 72 80 ' ,'0 0 0 0 0 0 0 0 0 0 0 0 ' ,68 ,2 ,1, 1
171 ,161, 148, '128 85 79 64 66 70 67 70 67 71 74 76 ' ,'0 0 0 0 0 0 0 0 0 0 0 0 ' ,77 ,1 ,1, 1
150 ,164, 123, '105 70 71 62 62 81 62 64 69 61 65 66 ' ,'0 0 0 0 0 0 0 0 0 0 0 0 ' ,56 ,2 ,0, 0
148 ,139, 122, '103 71 77 75 59 65 74 73 72 61 62 66 ' ,'0 0 0 0 0 0 0 0 0 0 0 0 ' ,47 ,2 ,0, 0
230 ,136, 198, '65 62 71 73 77 89 76 74 64 63 63 74 ' ,'0 0 0 0 0 0 0 0 0 0 0 0 ' ,125 ,2 ,1, 1
136 ,212, 115, '76 85 62 77 64 96 75 87 69 79 72 78 ' ,'0 0 0 0 0 0 0 0 0 0 0 0 ' ,45 ,1 ,1, 1
166 ,129, 142, '72 79 74 73 75 65 67 79 73 90 122 72 ' ,'0 0 0 0 0 0 0 0 0 0 0 0 ' ,68 ,1 ,1, 1
125 ,159, 107, '87 69 70 67 64 59 63 75 59 66 68 79 ' ,'0 0 0 0 0 0 0 0 0 0 0 0 ' ,38 ,1 ,1, 1
135 ,118, 116, '95 69 77 89 71 73 68 77 77 83 76 69 ' ,'0 0 0 0 0 0 0 0 0 0 0 0 ' ,40 ,2 ,1, 1
129 ,128, 112, '73 85 84 80 68 58 69 74 66 76 93 74 ' ,'0 0 0 0 0 0 0 0 0 0 0 0 ' ,39 ,1 ,1, 1
139 ,124, 121, '89 74 72 73 71 102 85 89 65 75 66 76 ' ,'0 0 0 0 0 0 0 0 0 0 0 0 ' ,47 ,2 ,1, 1
124 ,133, 100, '74 80 80 82 75 72 83 79 73 75 74 86 ' ,'0 0 0 0 0 0 0 0 0 0 0 0 ' ,20 ,1 ,0, 0
157 ,115, 130, '71 71 79 70 51 67 80 70 72 70 111 78 ' ,'0 0 0 0 0 0 0 0 0 0 0 0 ' ,53 ,1 ,1, 1
161 ,143, 135, '71 75 76 75 74 116 73 69 60 74 73 88 ' ,'0 0 0 0 0 0 0 0 0 0 0 0 ' ,70 ,2 ,1, 1
147 ,150, 117, '79 78 88 76 76 67 83 73 73 86 71 68 ' ,'0 0 0 0 0 0 0 0 0 0 0 0 ' ,42 ,1 ,1, 1
139 ,137, 118, '77 99 82 79 86 72 87 70 98 61 76 86 ' ,'0 0 0 0 0 0 0 0 0 0 0 0 ' ,36 ,1 ,1, 1
134 ,126, 111, '70 85 74 67 75 73 71 81 61 83 69 81 ' ,'0 0 0 0 0 0 0 0 0 0 0 0 ' ,40 ,2 ,0, 0
128 ,123, 105, '56 74 76 98 78 77 77 64 70 69 57 65 ' ,'0 0 0 0 0 0 0 0 0 0 0 0 ' ,41 ,1 ,1, 1
129 ,115, 108, '86 74 76 72 78 63 68 68 80 69 70 77 ' ,'0 0 0 0 0 0 0 0 0 0 0 0 ' ,39 ,1 ,0, 0
134 ,116, 111, '65 71 66 72 87 69 68 84 89 75 80 85 ' ,'0 0 0 0 0 0 0 0 0 0 0 0 ' ,39 ,1 ,0, 0
137 ,124, 110, '80 64 74 80 64 69 71 74 83 84 57 75 ' ,'0 0 0 0 0 0 0 0 0 0 0 0 ' ,42 ,1 ,1, 1
154 ,123, 127, '72 67 74 68 82 77 87 83 84 98 65 106 ' ,'0 0 0 0 0 0 0 0 0 0 0 0 ' ,55 ,1 ,0, 0
145 ,140, 120, '75 76 76 96 88 68 89 81 95 62 70 70 ' ,'0 0 0 0 0 0 0 0 0 0 0 0 ' ,45 ,1 ,1, 1
133 ,135, 113, '78 83 87 77 67 78 78 68 61 89 65 72 ' ,'0 0 0 0 0 0 0 0 0 0 0 0 ' ,46 ,2 ,1, 1
126 ,125, 103, '67 69 78 93 71 74 68 71 72 71 83 83 ' ,'0 0 0 0 0 0 0 0 0 0 0 0 ' ,28 ,2 ,1, 1
145 ,112, 116, '73 75 73 107 70 81 78 88 69 84 74 77 ' ,'0 0 0 0 0 0 0 0 0 0 0 0 ' ,40 ,1 ,0, 0
167 ,131, 144, '82 76 77 78 79 75 79 73 65 69 70 71 ' ,'0 0 0 0 0 0 0 0 0 0 0 0 ' ,74 ,40 ,1, 1
128 ,158, 101, '64 63 84 73 72 57 66 62 87 66 68 77 ' ,'0 0 0 0 0 0 0 0 0 0 0 0 ' ,31 ,1 ,1, 1
133 ,118, 105, '87 60 61 45 64 66 59 76 58 66 67 55 ' ,'0 0 0 0 0 0 0 0 0 0 0 0 ' ,56 ,2 ,0, 0
152 ,126, 126, '31 49 41 38 35 36 39 36 40 39 50 46 ' ,'0 0 0 0 0 0 0 0 0 0 0 0 ' ,77 ,56 ,0, 0
93 ,141, 71, '48 48 42 38 40 35 38 50 43 39 45 43 ' ,'0 0 0 0 0 0 0 0 0 0 0 0 ' ,28 ,0 ,0, 0
92 ,88, 69, '43 42 35 39 34 39 48 36 43 38 34 39 ' ,'0 0 0 0 0 0 0 0 0 0 0 0 ' ,25 ,1 ,1, 1
89 ,88, 61, '30 38 39 40 36 36 41 40 37 37 32 39 ' ,'0 0 0 0 0 0 0 0 0 0 0 0 ' ,20 ,1 ,1, 1
87 ,79, 65, '34 37 42 38 31 49 43 40 33 39 35 33 ' ,'0 0 0 0 0 0 0 0 0 0 0 0 ' ,26 ,1 ,0, 0
233 ,81, 208, '32 41 37 43 33 36 44 36 42 38 40 38 ' ,'0 0 0 0 0 0 0 0 0 0 0 0 ' ,164 ,1 ,1, 0
104 ,222, 75, '34 33 37 39 36 31 34 35 40 43 32 32 ' ,'0 0 0 0 0 0 0 0 0 0 0 0 ' ,35 ,0 ,0, 0
91 ,92, 69, '38 35 40 47 37 30 40 34 42 40 33 45 ' ,'0 0 0 0 0 0 0 0 0 0 0 0 ' ,28 ,1 ,0, 0
93 ,87, 67, '32 39 42 35 37 32 40 34 41 40 41 33 ' ,'0 0 0 0 0 0 0 0 0 0 0 0 ' ,27 ,1 ,0, 0
87 ,86, 66, '30 37 38 35 34 35 32 37 35 38 46 36 ' ,'0 0 0 0 0 0 0 0 0 0 0 0 ' ,25 ,2 ,1, 1
259 ,79, 76, '44 37 39 38 39 46 38 40 41 43 30 46 ' ,'0 0 0 0 0 0 0 0 0 0 0 0 ' ,184 ,1 ,1, 1
95 ,249, 63, '38 37 36 44 32 40 42 35 45 40 35 43 ' ,'0 0 0 0 0 0 0 0 0 0 0 0 ' ,25 ,1 ,1, 1
79 ,83, 61, '41 37 37 33 40 40 38 35 32 36 39 34 ' ,'0 0 0 0 0 0 0 0 0 0 0 0 ' ,22 ,1 ,1, 1
88 ,74, 67, '45 48 42 49 44 45 57 48 55 45 46 46 ' ,'0 0 0 0 0 0 0 0 0 0 0 0 ' ,16 ,1 ,1, 1
85 ,83, 67, '39 38 34 39 42 50 42 39 39 32 38 38 ' ,'0 0 0 0 0 0 0 0 0 0 0 0 ' ,29 ,2 ,1, 1
83 ,81, 66, '50 44 38 31 39 37 34 38 32 35 40 33 ' ,'0 0 0 0 0 0 0 0 0 0 0 0 ' ,27 ,2 ,1, 1
84 ,78, 67, '49 52 46 45 41 46 54 43 50 45 47 45 ' ,'0 0 0 0 0 0 0 0 0 0 0 0 ' ,16 ,1 ,1, 1
100 ,81, 70, '35 35 36 38 35 34 34 37 37 39 42 35 ' ,'0 0 0 0 0 0 0 0 0 0 0 0 ' ,31 ,2 ,1, 1
88 ,89, 64, '42 32 35 31 32 32 38 36 36 37 29 32 ' ,'0 0 0 0 0 0 0 0 0 0 0 0 ' ,28 ,1 ,1, 1
93 ,79, 68, '42 36 46 29 34 33 38 34 39 41 30 33 ' ,'0 0 0 0 0 0 0 0 0 0 0 0 ' ,31 ,1 ,1, 1
80 ,80, 54, '32 41 34 35 30 35 37 40 42 33 35 31 ' ,'0 0 0 0 0 0 0 0 0 0 0 0 ' ,15 ,1 ,1, 1
99 ,67, 67, '31 32 41 38 38 37 34 39 31 32 47 34 ' ,'0 0 0 0 0 0 0 0 0 0 0 0 ' ,34 ,1 ,1, 1
98 ,89, 70, '31 31 38 28 31 31 35 39 27 36 46 37 ' ,'0 0 0 0 0 0 0 0 0 0 0 0 ' ,38 ,1 ,1, 1
89 ,86, 65, '32 30 39 33 35 32 46 40 36 30 41 35 ' ,'0 0 0 0 0 0 0 0 0 0 0 0 ' ,29 ,1 ,0, 0
99 ,85, 77, '59 40 39 48 31 35 35 39 39 42 39 44 ' ,'0 0 0 0 0 0 0 0 0 0 0 0 ' ,31 ,1 ,1, 1
105 ,90, 79, '43 55 39 34 37 34 32 36 38 41 36 35 ' ,'0 0 0 0 0 0 0 0 0 0 0 0 ' ,37 ,1 ,1, 1
94 ,94, 66, '40 45 32 32 35 39 41 30 36 30 36 42 ' ,'0 0 0 0 0 0 0 0 0 0 0 0 ' ,30 ,1 ,0, 0
105 ,81, 79, '48 49 65 48 50 43 50 41 60 46 57 42 ' ,'0 0 0 0 0 0 0 0 0 0 0 0 ' ,31 ,2 ,0, 0
97 ,93, 74, '43 40 41 31 38 30 44 36 33 46 32 40 ' ,'0 0 0 0 0 0 0 0 0 0 0 0 ' ,34 ,1 ,1, 1
116 ,89, 92, '67 51 45 52 50 43 61 53 48 42 48 44 ' ,'0 0 0 0 0 0 0 0 0 0 0 0 ' ,40 ,2 ,1, 1
102 ,107, 77, '35 48 37 34 31 54 38 36 39 33 47 37 ' ,'0 0 0 0 0 0 0 0 0 0 0 0 ' ,33 ,2 ,0, 0
98 ,97, 78, '56 37 35 39 31 38 41 31 36 36 31 39 ' ,'0 0 0 0 0 0 0 0 0 0 0 0 ' ,40 ,1 ,1, 1
88 ,92, 68, '42 41 36 41 30 37 31 32 33 32 34 39 ' ,'0 0 0 0 0 0 0 0 0 0 0 0 ' ,28 ,1 ,1, 1
83 ,80, 63, '30 37 33 36 36 37 36 33 45 30 28 42 ' ,'0 0 0 0 0 0 0 0 0 0 0 0 ' ,26 ,1 ,0, 0
98 ,77, 78, '44 32 36 34 39 38 31 42 30 44 35 39 ' ,'0 0 0 0 0 0 0 0 0 0 0 0 ' ,39 ,1 ,1, 1
97 ,87, 75, '33 39 27 49 35 35 31 41 34 40 30 42 ' ,'0 0 0 0 0 0 0 0 0 0 0 0 ' ,40 ,1 ,1, 1
93 ,82, 71, '37 33 36 37 37 51 34 37 32 33 34 38 ' ,'0 0 0 0 0 0 0 0 0 0 0 0 ' ,32 ,1 ,1, 1
101 ,83, 80, '38 31 33 34 34 33 35 35 31 46 40 40 ' ,'0 0 0 0 0 0 0 0 0 0 0 0 ' ,43 ,2 ,1, 1
109 ,92, 89, '45 33 37 39 31 32 38 35 35 47 31 39 ' ,'0 0 0 0 0 0 0 0 0 0 0 0 ' ,47 ,2 ,1, 1
112 ,100, 83, '36 35 37 34 50 35 35 41 37 33 37 34 ' ,'0 0 0 0 0 0 0 0 0 0 0 0 ' ,42 ,1 ,0, 0
241 ,100, 216, '32 39 35 35 35 38 43 34 36 36 34 40 ' ,'0 0 0 0 0 0 0 0 0 0 0 0 ' ,173 ,2 ,0, 0
97 ,231, 78, '30 40 41 34 32 32 35 38 31 43 31 35 ' ,'0 0 0 0 0 0 0 0 0 0 0 0 ' ,39 ,2 ,1, 1
106 ,88, 81, '32 38 31 39 43 28 36 50 32 33 43 42 ' ,'0 0 0 0 0 0 0 0 0 0 0 0 ' ,42 ,1 ,1, 1
106 ,89, 82, '30 39 36 35 43 37 41 39 39 30 37 34 ' ,'0 0 0 0 0 0 0 0 0 0 0 0 ' ,44 ,1 ,0, 0
94 ,91, 72, '32 39 35 37 39 34 32 38 48 32 30 38 ' ,'0 0 0 0 0 0 0 0 0 0 0 0 ' ,35 ,1 ,1, 1
107 ,84, 76, '32 37 37 36 37 36 38 37 30 40 32 35 ' ,'0 0 0 0 0 0 0 0 0 0 0 0 ' ,38 ,1 ,1, 1
95 ,94, 67, '30 39 32 38 33 34 31 33 34 33 33 40 ' ,'0 0 0 0 0 0 0 0 0 0 0 0 ' ,29 ,1 ,0, 0
108 ,84, 92, '62 66 72 59 70 71 83 78 59 76 63 71 ' ,'0 0 0 0 0 0 0 0 0 0 0 0 ' ,27 ,1 ,0, 0
124 ,97, 109, '70 77 72 84 79 66 96 80 80 95 67 83 ' ,'0 0 0 0 0 0 0 0 0 0 0 0 ' ,32 ,1 ,1, 1
115 ,115, 96, '83 77 75 68 78 76 68 82 85 80 79 77 ' ,'0 0 0 0 0 0 0 0 0 0 0 0 ' ,18 ,1 ,1, 1
121 ,107, 107, '83 83 80 79 81 85 74 83 81 82 85 95 ' ,'0 0 0 0 0 0 0 0 0 0 0 0 ' ,25 ,2 ,0, 0
180 ,113, 166, '91 88 82 88 73 80 89 69 69 87 81 73 ' ,'0 0 0 0 0 0 0 0 0 0 0 0 ' ,87 ,1 ,1, 1
118 ,172, 104, '76 84 92 81 93 77 68 78 74 80 64 74 ' ,'0 0 0 0 0 0 0 0 0 0 0 0 ' ,31 ,1 ,1, 1
153 ,231, 126, '82 95 88 73 91 82 74 83 80 83 85 86 ' ,'0 0 0 0 0 0 0 0 0 0 0 0 ' ,47 ,2 ,1, 1
153 ,140, 130, '76 87 82 74 91 90 73 77 76 79 75 90 ' ,'0 0 0 0 0 0 0 0 0 0 0 0 ' ,45 ,1 ,0, 0
142 ,140, 121, '77 84 75 74 66 85 85 87 81 76 71 65 ' ,'0 0 0 0 0 0 0 0 0 0 0 0 ' ,45 ,2 ,1, 1
155 ,134, 135, '66 97 92 83 95 82 71 81 77 73 79 96 ' ,'0 0 0 0 0 0 0 0 0 0 0 0 ' ,60 ,1 ,1, 1
159 ,146, 132, '82 85 98 79 76 106 75 81 72 76 71 74 ' ,'0 0 0 0 0 0 0 0 0 0 0 0 ' ,53 ,2 ,1, 1
153 ,147, 124, '74 90 77 74 91 63 79 86 76 74 66 72 ' ,'0 0 0 0 0 0 0 0 0 0 0 0 ' ,45 ,2 ,1, 1
227 ,146, 198, '138 85 79 76 73 121 78 76 82 89 62 81 ' ,'0 0 0 0 0 0 0 0 0 0 173 0 ' ,113 ,2 ,1, 1
165 ,213, 138, '73 85 81 76 86 118 78 72 70 67 72 81 ' ,'0 0 0 0 0 0 0 0 0 0 0 0 ' ,63 ,1 ,0, 0
135 ,154, 115, '58 83 104 70 75 76 74 82 83 69 85 68 ' ,'0 0 0 0 0 0 0 0 0 0 0 0 ' ,38 ,2 ,1, 1
214 ,128, 83, '65 73 72 72 76 72 85 70 71 63 65 117 ' ,'0 150 0 0 0 0 0 0 0 0 0 0 ' ,107 ,2 ,0, 0
146 ,206, 118, '73 73 73 68 87 71 74 72 67 57 87 73 ' ,'0 0 0 0 0 0 0 0 0 0 0 0 ' ,47 ,2 ,1, 1
151 ,142, 124, '72 68 76 66 66 58 72 60 68 63 102 76 ' ,'0 0 0 0 0 0 0 0 0 0 0 0 ' ,56 ,2 ,1, 1
152 ,141, 124, '69 72 61 73 64 64 71 72 56 90 102 65 ' ,'0 0 0 0 0 0 0 0 0 0 0 0 ' ,61 ,1 ,0, 0
143 ,141, 118, '67 71 61 71 59 55 72 76 63 56 91 71 ' ,'0 0 0 0 0 0 0 0 0 0 0 0 ' ,48 ,1 ,1, 1
139 ,130, 111, '63 68 67 96 77 58 80 71 71 60 68 57 ' ,'0 0 0 0 0 0 0 0 0 0 0 0 ' ,43 ,1 ,1, 1
120 ,127, 95, '71 58 71 81 59 66 72 62 61 60 63 56 ' ,'0 0 0 0 0 0 0 0 0 0 0 0 ' ,31 ,1 ,0, 0
117 ,113, 90, '57 48 68 53 47 57 55 58 55 56 56 58 ' ,'0 0 0 0 0 0 0 0 0 0 0 0 ' ,35 ,1 ,0, 0
249 ,105, 221, '64 65 57 72 60 82 69 69 67 64 89 56 ' ,'0 0 0 0 0 0 0 0 0 0 0 0 ' ,156 ,1 ,0, 0
120 ,325, 96, '72 57 59 79 50 54 69 67 65 60 64 49 ' ,'0 0 0 0 0 0 0 0 0 0 0 0 ' ,38 ,1 ,1, 1
119 ,107, 96, '70 59 61 69 60 50 49 49 52 53 54 64 ' ,'0 0 0 0 0 0 0 0 0 0 0 0 ' ,37 ,1 ,1, 1
114 ,108, 89, '62 65 48 56 58 55 55 53 47 53 48 61 ' ,'0 0 0 0 0 0 0 0 0 0 0 0 ' ,34 ,1 ,1, 1
122 ,104, 99, '63 57 65 58 62 67 61 51 55 62 56 71 ' ,'0 0 0 0 0 0 0 0 0 0 0 0 ' ,41 ,1 ,0, 0
190 ,118, 167, '72 53 50 65 55 53 49 55 49 61 57 54 ' ,'0 0 0 0 0 0 0 0 0 0 0 0 ' ,112 ,2 ,0, 0
121 ,181, 98, '75 56 58 64 52 50 61 59 56 57 55 67 ' ,'0 0 0 0 0 0 0 0 0 0 0 0 ' ,33 ,2 ,1, 1
124 ,112, 101, '54 78 59 51 65 69 66 57 73 58 52 57 ' ,'0 0 0 0 0 0 0 0 0 0 0 0 ' ,44 ,1 ,0, 0
131 ,114, 106, '66 63 52 66 65 55 67 54 60 61 82 55 ' ,'0 0 0 0 0 0 0 0 0 0 0 0 ' ,45 ,2 ,0, 0
125 ,120, 100, '62 60 60 52 65 42 57 55 62 50 52 56 ' ,'0 0 0 0 0 0 0 0 0 0 0 0 ' ,40 ,2 ,1, 1
163 ,114, 101, '64 60 61 53 61 67 63 48 55 63 57 54 ' ,'0 0 0 0 0 0 0 0 0 0 0 0 ' ,43 ,2 ,0, 0
129 ,155, 107, '64 53 40 53 48 86 57 61 54 54 49 64 ' ,'0 0 0 0 0 0 0 0 0 0 0 0 ' ,59 ,1 ,0, 0
120 ,121, 94, '61 62 62 56 61 66 76 53 66 63 62 63 ' ,'0 0 0 0 0 0 0 0 0 0 0 0 ' ,32 ,1 ,0, 0
149 ,109, 133, '106 63 57 57 57 52 63 61 60 57 60 67 ' ,'0 0 0 0 0 0 0 0 0 0 0 0 ' ,71 ,1 ,0, 0
113 ,144, 96, '51 60 65 52 53 73 72 61 74 55 57 64 ' ,'0 0 0 0 0 0 0 0 0 0 0 0 ' ,38 ,2 ,1, 1
131 ,109, 112, '48 70 65 76 53 87 53 57 62 71 54 56 ' ,'0 0 0 0 0 0 0 0 0 0 0 0 ' ,49 ,1 ,1, 1
127 ,124, 106, '84 67 53 61 60 59 53 59 72 46 61 54 ' ,'0 0 0 0 0 0 0 0 0 0 0 0 ' ,52 ,2 ,1, 1
101 ,122, 82, '55 65 64 71 56 62 63 54 61 65 57 59 ' ,'0 0 0 0 0 0 0 0 0 0 0 0 ' ,18 ,1 ,0, 0
113 ,94, 88, '47 69 61 70 58 61 59 57 59 60 57 68 ' ,'0 0 0 0 0 0 0 0 0 0 0 0 ' ,18 ,1 ,1, 1
133 ,103, 104, '60 66 59 57 71 61 62 67 50 75 55 55 ' ,'0 0 0 0 0 0 0 0 0 0 0 0 ' ,54 ,1 ,0, 0
119 ,126, 95, '57 63 60 56 57 64 54 60 51 63 53 61 ' ,'0 0 0 0 0 0 0 0 0 0 0 0 ' ,39 ,2 ,1, 1
145 ,116, 121, '49 74 67 78 77 57 65 57 63 71 62 52 ' ,'0 0 0 0 0 0 0 0 0 0 0 0 ' ,53 ,1 ,1, 1
142 ,136, 114, '61 83 76 62 67 79 67 58 81 65 57 63 ' ,'0 0 0 0 0 0 0 0 0 0 0 0 ' ,48 ,2 ,1, 1
126 ,134, 102, '59 70 50 51 71 62 53 54 58 66 60 59 ' ,'0 0 0 0 0 0 0 0 0 0 0 0 ' ,44 ,2 ,1, 1
134 ,115, 107, '47 53 63 62 53 57 47 75 61 73 41 64 ' ,'0 0 0 0 0 0 0 0 0 0 0 0 ' ,51 ,2 ,0, 0
130 ,122, 98, '54 78 63 53 61 62 64 63 77 57 63 75 ' ,'0 0 0 0 0 0 0 0 0 0 0 0 ' ,38 ,2 ,1, 1
134 ,116, 107, '57 67 64 63 67 59 72 69 70 69 88 72 ' ,'0 0 0 0 0 0 0 0 0 0 0 0 ' ,38 ,2 ,0, 0
132 ,127, 108, '64 70 66 65 61 65 68 64 57 77 68 63 ' ,'0 0 0 0 0 0 0 0 0 0 0 0 ' ,46 ,1 ,0, 0
125 ,123, 102, '70 57 59 50 50 44 48 56 63 61 58 66 ' ,'0 0 0 0 0 0 0 0 0 0 0 0 ' ,39 ,1 ,0, 0
136 ,117, 108, '53 67 78 58 51 69 81 60 60 68 59 53 ' ,'0 0 0 0 0 0 0 0 0 0 0 0 ' ,42 ,2 ,0, 0
134 ,125, 110, '72 67 66 57 60 61 58 62 61 71 60 54 ' ,'0 0 0 0 0 0 0 0 0 0 0 0 ' ,49 ,1 ,0, 0
130 ,128, 110, '49 60 64 59 64 56 71 65 70 60 87 55 ' ,'0 0 0 0 0 0 0 0 0 0 0 0 ' ,45 ,2 ,0, 0
126 ,126, 100, '56 61 58 71 65 65 53 62 44 53 58 61 ' ,'0 0 0 0 0 0 0 0 0 0 0 0 ' ,49 ,1 ,0, 0
130 ,112, 105, '70 71 59 62 62 55 53 57 61 65 65 65 ' ,'0 0 0 0 0 0 0 0 0 0 0 0 ' ,43 ,3 ,0, 0
119 ,119, 101, '67 76 67 60 56 58 55 63 53 65 64 63 ' ,'0 0 0 0 0 0 0 0 0 0 0 0 ' ,40 ,2 ,0, 0
142 ,114, 116, '65 65 69 61 77 63 58 64 53 49 69 71 ' ,'0 0 0 0 0 0 0 0 0 0 0 0 ' ,56 ,2 ,1, 1
127 ,132, 108, '53 67 54 55 67 64 64 60 57 73 63 63 ' ,'0 0 0 0 0 0 0 0 0 0 0 0 ' ,47 ,2 ,1, 1
122 ,119, 101, '63 65 58 62 62 61 65 52 65 50 57 65 ' ,'0 0 0 0 0 0 0 0 0 0 0 0 ' ,38 ,1 ,0, 0
128 ,116, 108, '75 65 64 57 72 68 59 67 80 63 57 62 ' ,'0 0 0 0 0 0 0 0 0 0 0 0 ' ,45 ,2 ,1, 1
129 ,120, 109, '69 63 53 62 61 49 56 64 76 59 67 59 ' ,'0 0 0 0 0 0 0 0 0 0 0 0 ' ,51 ,2 ,0, 0
134 ,121, 114, '51 72 56 63 80 61 60 50 69 63 61 58 ' ,'0 0 0 0 0 0 0 0 0 0 0 0 ' ,55 ,2 ,1, 1
134 ,125, 112, '76 56 56 56 76 68 56 61 57 56 61 71 ' ,'0 0 0 0 0 0 0 0 0 0 0 0 ' ,48 ,2 ,0, 0
123 ,122, 95, '67 65 58 71 58 59 57 67 84 68 63 56 ' ,'0 0 0 0 0 0 0 0 0 0 0 0 ' ,34 ,1 ,1, 1
141 ,106, 117, '71 65 64 56 71 69 72 74 59 58 76 59 ' ,'0 0 0 0 0 0 0 0 0 0 0 0 ' ,52 ,2 ,1, 1
136 ,132, 118, '59 62 62 56 67 71 60 59 52 78 69 67 ' ,'0 0 0 0 0 0 0 0 0 0 0 0 ' ,58 ,1 ,1, 1
127 ,130, 102, '75 67 61 70 64 66 71 64 70 61 66 63 ' ,'0 0 0 0 0 0 0 0 0 0 0 0 ' ,30 ,2 ,0, 0
130 ,117, 102, '52 59 60 49 62 63 63 67 58 70 59 69 ' ,'0 0 0 0 0 0 0 0 0 0 0 0 ' ,49 ,2 ,0, 0
131 ,121, 105, '80 51 63 56 64 50 66 62 47 58 72 53 ' ,'0 0 0 0 0 0 0 0 0 0 0 0 ' ,45 ,2 ,1, 1
127 ,122, 101, '68 70 60 80 59 52 76 62 64 65 58 54 ' ,'0 0 0 0 0 0 0 0 0 0 0 0 ' ,37 ,2 ,0, 0
150 ,114, 132, '105 69 67 67 62 51 75 65 70 60 65 59 ' ,'0 0 0 0 0 0 0 0 0 0 0 0 ' ,61 ,1 ,1, 1
116 ,144, 95, '70 61 70 58 61 61 58 64 62 52 58 67 ' ,'0 0 0 0 0 0 0 0 0 0 0 0 ' ,35 ,1 ,1, 1
113 ,110, 89, '64 62 63 61 72 58 65 69 69 56 50 64 ' ,'0 0 0 0 0 0 0 0 0 0 0 0 ' ,25 ,1 ,0, 0
123 ,106, 103, '67 65 64 63 82 74 64 60 70 63 54 66 ' ,'0 0 0 0 0 0 0 0 0 0 0 0 ' ,34 ,2 ,1, 1
110 ,118, 91, '61 67 56 73 58 62 61 63 66 78 56 50 ' ,'0 0 0 0 0 0 0 0 0 0 0 0 ' ,32 ,2 ,1, 1
152 ,105, 122, '65 76 67 60 64 67 62 68 67 69 63 59 ' ,'0 0 0 0 0 0 0 0 0 0 0 0 ' ,52 ,1 ,1, 1
133 ,140, 105, '61 71 62 74 64 70 63 61 72 66 77 69 ' ,'0 0 0 0 0 0 0 0 0 0 0 0 ' ,40 ,1 ,1, 0
138 ,126, 115, '82 59 65 70 50 44 74 55 79 70 58 57 ' ,'0 0 0 0 0 0 0 0 0 0 0 0 ' ,50 ,2 ,1, 1
134 ,130, 106, '67 65 66 59 63 80 58 59 69 60 65 65 ' ,'0 0 0 0 0 0 0 0 0 0 0 0 ' ,44 ,2 ,0, 0
159 ,122, 136, '107 73 63 81 56 64 75 63 52 66 67 68 ' ,'0 0 0 0 0 0 0 0 0 0 0 0 ' ,75 ,1 ,1, 1
154 ,153, 120, '66 58 66 75 68 56 66 63 64 67 61 58 ' ,'0 0 0 0 0 0 0 0 0 0 0 0 ' ,53 ,2 ,1, 0
129 ,134, 104, '71 63 63 59 58 60 79 63 80 57 65 69 ' ,'0 0 0 0 0 0 0 0 0 0 0 0 ' ,37 ,2 ,0, 0
152 ,119, 121, '65 71 61 60 59 96 75 63 58 71 68 65 ' ,'0 0 0 0 0 0 0 0 0 0 0 0 ' ,57 ,2 ,1, 1
148 ,142, 119, '59 62 61 70 64 58 57 70 62 71 88 55 ' ,'0 0 0 0 0 0 0 0 0 0 0 0 ' ,56 ,1 ,0, 0
155 ,136, 127, '64 68 64 64 62 64 81 57 67 79 89 52 ' ,'0 0 0 0 0 0 0 0 0 0 0 0 ' ,65 ,2 ,1, 1
152 ,144, 128, '64 69 62 70 61 76 63 69 64 80 62 59 ' ,'0 0 0 0 0 0 0 0 0 0 0 0 ' ,57 ,2 ,1, 1
134 ,144, 110, '60 70 80 84 75 56 70 66 74 62 65 76 ' ,'0 0 0 0 0 0 0 0 0 0 0 0 ' ,35 ,2 ,0, 0
170 ,127, 145, '82 64 76 60 71 71 63 62 72 73 67 76 ' ,'0 0 0 0 0 0 0 0 0 0 0 0 ' ,74 ,32 ,1, 1
149 ,160, 124, '66 68 74 63 60 68 70 62 66 70 95 67 ' ,'0 0 0 0 0 0 0 0 0 0 0 0 ' ,55 ,2 ,1, 1
148 ,134, 120, '72 64 55 75 69 86 78 70 62 66 57 64 ' ,'0 0 0 0 0 0 0 0 0 0 0 0 ' ,56 ,2 ,1, 1
141 ,135, 116, '70 50 66 64 78 65 66 72 63 60 55 61 ' ,'0 0 0 0 0 0 0 0 0 0 0 0 ' ,58 ,2 ,0, 0
149 ,131, 124, '102 67 59 64 76 68 69 75 55 66 74 95 ' ,'0 0 0 0 0 0 0 0 0 0 0 0 ' ,61 ,1 ,0, 0
189 ,144, 166, '75 80 67 75 75 66 62 84 76 69 98 67 ' ,'0 0 0 0 0 0 0 0 0 0 0 0 ' ,97 ,39 ,0, 0
149 ,181, 122, '63 63 72 65 75 68 62 62 67 67 74 67 ' ,'0 0 0 0 0 0 0 0 0 0 0 0 ' ,53 ,1 ,0, 0
151 ,139, 125, '73 70 65 70 71 73 78 66 73 81 79 80 ' ,'0 0 0 0 0 0 0 0 0 0 0 0 ' ,51 ,1 ,1, 1
140 ,145, 116, '73 100 55 70 78 72 70 79 82 71 76 78 ' ,'0 0 0 0 0 0 0 0 0 0 0 0 ' ,52 ,2 ,0, 0
141 ,132, 114, '73 73 66 84 74 68 79 89 71 67 86 79 ' ,'0 0 0 0 0 0 0 0 0 0 0 0 ' ,39 ,2 ,0, 0
201 ,127, 173, '71 83 69 74 83 75 79 77 68 75 73 72 ' ,'0 0 0 0 0 0 0 0 0 0 0 0 ' ,98 ,45 ,1, 1
148 ,185, 124, '56 84 74 56 74 72 68 70 86 63 64 62 ' ,'0 0 0 0 0 0 0 0 0 0 0 0 ' ,61 ,2 ,0, 0
143 ,142, 120, '82 78 61 85 80 65 72 69 70 78 76 79 ' ,'0 0 0 0 0 0 0 0 0 0 0 0 ' ,51 ,2 ,0, 0
182 ,132, 156, '66 81 78 61 78 130 76 73 73 89 74 73 ' ,'0 0 0 0 0 0 0 0 0 0 0 0 ' ,87 ,2 ,0, 0
186 ,173, 139, '82 76 80 65 93 92 75 72 62 77 68 64 ' ,'0 0 0 0 0 0 0 0 0 0 0 0 ' ,70 ,2 ,0, 0
142 ,176, 118, '73 74 61 65 72 71 88 72 68 62 78 69 ' ,'0 0 0 0 0 0 0 0 0 0 0 0 ' ,45 ,2 ,1, 1
165 ,135, 143, '66 82 72 73 98 66 74 74 75 69 79 68 ' ,'0 0 0 0 0 0 0 0 0 0 0 0 ' ,65 ,2 ,0, 0
174 ,155, 150, '76 73 74 74 99 82 68 78 68 74 122 60 ' ,'0 0 0 0 0 0 0 0 0 0 0 0 ' ,79 ,2 ,1, 1
122 ,166, 103, '74 88 63 86 73 71 68 71 67 74 61 74 ' ,'0 0 0 0 0 0 0 0 0 0 0 0 ' ,31 ,1 ,1, 1
133 ,118, 111, '81 72 68 85 66 74 58 81 69 74 69 59 ' ,'0 0 0 0 0 0 0 0 0 0 0 0 ' ,46 ,1 ,1, 1
130 ,127, 109, '75 79 74 71 65 66 71 70 69 74 77 77 ' ,'0 0 0 0 0 0 0 0 0 0 0 0 ' ,35 ,2 ,1, 1
134 ,124, 116, '87 78 65 67 80 69 67 74 70 80 76 70 ' ,'0 0 0 0 0 0 0 0 0 0 0 0 ' ,41 ,1 ,1, 1
123 ,128, 106, '61 85 68 80 68 68 57 70 71 64 70 71 ' ,'0 0 0 0 0 0 0 0 0 0 0 0 ' ,37 ,1 ,1, 1
