232 ,0, 133, '78 83 86 77 ' ,'0 0 0 0 ' ,16 ,2 ,8, 8
1006 ,159, 988, '863 888 871 903 ' ,'0 0 0 0 ' ,59 ,3 ,43, 8
1708 ,1751, 1128, '945 891 928 957 ' ,'0 0 0 0 ' ,84 ,2 ,101, 5
1285 ,1701, 1268, '1072 1071 1016 1019 ' ,'0 0 0 0 ' ,65 ,3 ,161, 5
1281 ,1275, 1265, '1021 1108 1053 1074 ' ,'0 0 0 0 ' ,90 ,2 ,136, 4
1190 ,1271, 1169, '916 1057 1036 940 ' ,'0 0 0 0 ' ,142 ,2 ,101, 4
930 ,1213, 913, '807 847 858 799 ' ,'0 0 0 0 ' ,62 ,2 ,41, 7
1023 ,954, 1010, '913 967 916 936 ' ,'0 0 0 0 ' ,59 ,4 ,28, 7
1274 ,1031, 1255, '848 987 1154 1010 ' ,'0 0 0 0 ' ,311 ,4 ,87, 4
1191 ,1448, 1146, '1124 1099 1059 1107 ' ,'0 0 0 0 ' ,62 ,3 ,19, 8
1180 ,1179, 1160, '1135 1015 1080 1066 ' ,'0 0 0 0 ' ,119 ,2 ,15, 5
1197 ,1196, 1181, '926 1115 1130 997 ' ,'0 0 0 0 ' ,214 ,2 ,32, 5
1157 ,1262, 1142, '1055 1064 1117 1092 ' ,'0 0 0 0 ' ,68 ,2 ,13, 9
1177 ,1188, 1157, '1004 1056 1101 928 ' ,'0 0 0 0 ' ,181 ,2 ,45, 4
1066 ,1200, 1052, '979 1023 1007 1011 ' ,'0 0 0 0 ' ,47 ,1 ,20, 4
1203 ,1082, 1187, '850 948 980 918 ' ,'0 0 0 0 ' ,133 ,2 ,195, 4
1239 ,1192, 1222, '948 985 1063 954 ' ,'0 0 0 0 ' ,119 ,1 ,149, 4
1083 ,1256, 1068, '1026 1018 1044 1032 ' ,'0 0 0 0 ' ,27 ,2 ,16, 7
1220 ,1110, 1206, '1042 1114 980 1064 ' ,'0 0 0 0 ' ,140 ,2 ,79, 5
1286 ,1238, 1267, '1183 1211 1132 1156 ' ,'0 0 0 0 ' ,84 ,2 ,45, 5
1224 ,1275, 1209, '1097 1126 1140 1112 ' ,'0 0 0 0 ' ,48 ,1 ,58, 4
1200 ,1214, 1187, '1026 1159 1038 1073 ' ,'0 0 0 0 ' ,137 ,1 ,16, 10
1229 ,1192, 1214, '1096 1102 1190 1072 ' ,'0 0 0 0 ' ,124 ,1 ,13, 5
1106 ,1413, 1089, '1000 999 1017 1002 ' ,'0 0 0 0 ' ,19 ,1 ,61, 4
1099 ,1097, 1082, '1031 1000 1035 976 ' ,'0 0 0 0 ' ,60 ,1 ,36, 8
1113 ,1114, 1098, '861 1001 926 893 ' ,'0 0 0 0 ' ,143 ,4 ,78, 7
1123 ,1147, 1106, '978 990 1045 1010 ' ,'0 0 0 0 ' ,69 ,2 ,48, 6
1193 ,1112, 1172, '1063 1086 1113 971 ' ,'0 0 0 0 ' ,148 ,2 ,47, 9
1345 ,1225, 1330, '1151 1090 1264 1179 ' ,'0 0 0 0 ' ,184 ,1 ,48, 9
1237 ,1354, 1223, '1158 1129 1169 1178 ' ,'0 0 0 0 ' ,51 ,2 ,35, 10
1364 ,1242, 1346, '1152 1141 1295 1114 ' ,'0 0 0 0 ' ,185 ,2 ,42, 9
1168 ,1363, 1153, '1063 1071 1019 1107 ' ,'0 0 0 0 ' ,90 ,2 ,37, 9
1158 ,1174, 1143, '867 928 904 1016 ' ,'0 0 0 0 ' ,154 ,1 ,116, 4
1085 ,1171, 1070, '950 973 1028 1032 ' ,'0 0 0 0 ' ,84 ,1 ,29, 8
1145 ,1095, 1132, '948 978 1037 827 ' ,'0 0 0 0 ' ,215 ,1 ,84, 7
1099 ,1180, 1086, '998 935 1045 982 ' ,'0 0 0 0 ' ,112 ,4 ,29, 4
1196 ,1118, 1176, '1029 1016 1014 1088 ' ,'0 0 0 0 ' ,77 ,1 ,78, 8
1268 ,1221, 1250, '1137 1115 1187 1104 ' ,'0 0 0 0 ' ,88 ,1 ,54, 9
1176 ,1291, 1157, '1025 1107 1010 1097 ' ,'0 0 0 0 ' ,105 ,1 ,35, 8
1092 ,1186, 1077, '982 1000 953 1001 ' ,'0 0 0 0 ' ,51 ,1 ,65, 4
1049 ,1081, 1033, '936 996 940 1009 ' ,'0 0 0 0 ' ,72 ,1 ,16, 7
1094 ,1097, 1078, '968 976 1027 916 ' ,'0 0 0 0 ' ,113 ,1 ,39, 7
1122 ,1101, 1104, '991 1055 1055 976 ' ,'0 0 0 0 ' ,84 ,1 ,37, 5
1220 ,1135, 1196, '951 1053 1172 1001 ' ,'0 0 0 0 ' ,221 ,1 ,15, 6
1253 ,1240, 1239, '1079 1115 1189 1048 ' ,'0 0 0 0 ' ,143 ,1 ,40, 8
1246 ,1260, 1231, '1096 1168 1183 1203 ' ,'0 0 0 0 ' ,108 ,1 ,18, 10
1176 ,1318, 1159, '975 1025 1117 1062 ' ,'0 0 0 0 ' ,144 ,1 ,31, 8
1086 ,1195, 1069, '946 1005 914 963 ' ,'0 0 0 0 ' ,95 ,1 ,53, 6
1010 ,1117, 992, '873 966 892 883 ' ,'0 0 0 0 ' ,95 ,0 ,16, 7
1151 ,1031, 1137, '982 1105 975 963 ' ,'0 0 0 0 ' ,147 ,1 ,20, 7
1138 ,1141, 1125, '1097 1068 1022 957 ' ,'0 0 0 0 ' ,143 ,1 ,17, 7
1143 ,1133, 1130, '1022 1052 1071 1047 ' ,'0 0 0 0 ' ,56 ,1 ,42, 4
1275 ,1135, 1259, '1085 1128 1218 1158 ' ,'0 0 0 0 ' ,138 ,1 ,27, 8
1327 ,1290, 1310, '1171 1134 1284 1159 ' ,'0 0 0 0 ' ,150 ,1 ,17, 7
1261 ,1391, 1244, '1080 1069 1197 1115 ' ,'0 0 0 0 ' ,128 ,0 ,36, 9
1309 ,1269, 1285, '1043 1106 1228 1120 ' ,'0 0 0 0 ' ,187 ,1 ,47, 5
1242 ,1291, 1227, '1000 1020 1193 1122 ' ,'0 0 0 0 ' ,195 ,1 ,22, 8
1108 ,1232, 1095, '955 1023 1040 941 ' ,'0 0 29 0 ' ,103 ,1 ,43, 8
1150 ,1108, 1135, '951 1004 1083 956 ' ,'0 0 0 0 ' ,134 ,1 ,41, 7
1064 ,1162, 1048, '966 1012 975 973 ' ,'0 0 0 0 ' ,51 ,1 ,21, 7
1148 ,1054, 1132, '1020 1067 1021 989 ' ,'0 0 0 0 ' ,84 ,1 ,52, 7
1258 ,1159, 1243, '976 971 1164 1014 ' ,'0 0 0 0 ' ,198 ,1 ,64, 4
1196 ,1252, 1179, '936 1068 1080 1072 ' ,'0 0 0 0 ' ,181 ,1 ,53, 4
1265 ,1183, 1249, '1187 1128 1063 1088 ' ,'0 0 0 0 ' ,126 ,1 ,50, 7
1194 ,1283, 1176, '1060 1140 1133 1142 ' ,'0 0 0 0 ' ,82 ,0 ,24, 8
1169 ,1223, 1146, '1056 1098 1035 1100 ' ,'0 0 0 0 ' ,68 ,1 ,34, 8
1078 ,1203, 1064, '1009 985 1032 1002 ' ,'0 0 0 0 ' ,49 ,1 ,20, 5
1134 ,1071, 1120, '969 1000 1088 1002 ' ,'0 0 0 0 ' ,120 ,0 ,20, 7
1421 ,1126, 1404, '1015 1000 1340 1027 ' ,'0 0 0 0 ' ,343 ,1 ,51, 7
1225 ,1435, 1210, '1052 1048 1139 1018 ' ,'0 0 0 0 ' ,124 ,1 ,59, 7
1488 ,1259, 1463, '1114 1064 1430 1178 ' ,'0 0 0 0 ' ,367 ,1 ,21, 9
1364 ,1561, 1351, '1012 1136 1240 1137 ' ,'0 0 0 0 ' ,234 ,1 ,96, 5
1220 ,1355, 1206, '1050 1154 1171 1030 ' ,'0 0 0 0 ' ,145 ,1 ,23, 9
1172 ,1217, 1157, '1066 1108 1067 1085 ' ,'0 0 0 0 ' ,44 ,1 ,36, 9
1115 ,1183, 1100, '972 1040 998 1039 ' ,'0 0 0 0 ' ,73 ,1 ,42, 4
1163 ,1141, 1147, '958 1066 999 988 ' ,'0 0 0 0 ' ,111 ,1 ,67, 7
1094 ,1189, 1078, '1020 1030 984 1044 ' ,'0 0 0 0 ' ,59 ,1 ,25, 5
1151 ,1105, 1136, '1006 1068 1091 1036 ' ,'0 0 0 0 ' ,88 ,0 ,32, 8
1290 ,1163, 1273, '1053 1185 1094 1088 ' ,'0 0 0 0 ' ,138 ,1 ,73, 6
1203 ,1282, 1188, '1079 1079 984 1105 ' ,'0 0 0 0 ' ,123 ,1 ,72, 4
1162 ,1193, 1144, '945 972 986 1053 ' ,'0 0 0 0 ' ,110 ,1 ,81, 9
1207 ,1152, 1188, '955 1008 1154 1016 ' ,'0 0 0 0 ' ,203 ,1 ,21, 4
1055 ,1234, 1042, '1005 963 906 915 ' ,'0 0 0 0 ' ,104 ,1 ,22, 5
1191 ,1049, 1175, '1098 1043 1106 1091 ' ,'0 0 0 0 ' ,69 ,1 ,52, 5
1155 ,1217, 1141, '1022 1084 1081 1102 ' ,'0 0 0 0 ' ,77 ,1 ,30, 5
1319 ,1170, 1304, '1082 1135 1226 1108 ' ,'0 0 0 0 ' ,144 ,0 ,66, 5
1189 ,1310, 1175, '1072 1075 1138 1061 ' ,'0 0 0 0 ' ,81 ,1 ,23, 4
1172 ,1208, 1157, '928 1002 1044 1003 ' ,'0 0 0 0 ' ,116 ,1 ,99, 4
1156 ,1162, 1143, '1040 1030 1015 1016 ' ,'0 0 0 0 ' ,29 ,1 ,88, 5
1230 ,1147, 1214, '1040 1027 1166 1123 ' ,'0 0 0 0 ' ,142 ,1 ,33, 8
1149 ,1334, 1128, '1050 1077 1089 1047 ' ,'0 0 0 0 ' ,47 ,1 ,23, 4
1220 ,1135, 1206, '1120 1139 1148 1170 ' ,'0 0 0 0 ' ,49 ,1 ,25, 9
1277 ,1248, 1261, '1106 1195 1202 1065 ' ,'0 0 0 0 ' ,148 ,0 ,42, 6
1307 ,1305, 1290, '1069 1105 1214 1090 ' ,'0 0 0 0 ' ,143 ,1 ,62, 5
1103 ,1326, 1089, '995 1024 934 1005 ' ,'0 0 0 0 ' ,94 ,1 ,50, 4
1125 ,1105, 1111, '987 1068 949 998 ' ,'0 0 0 0 ' ,125 ,0 ,25, 4
1105 ,1137, 1082, '970 1041 970 1014 ' ,'0 0 0 0 ' ,75 ,1 ,25, 4
1117 ,1090, 1103, '934 1058 996 1062 ' ,'0 0 0 0 ' ,128 ,1 ,27, 6
1146 ,1135, 1127, '1078 1051 1023 1053 ' ,'0 0 0 0 ' ,63 ,0 ,30, 5
1287 ,1168, 1268, '1093 1221 1100 1139 ' ,'0 0 0 0 ' ,132 ,1 ,31, 5
1212 ,1305, 1198, '1055 1025 1123 1028 ' ,'0 0 0 0 ' ,101 ,1 ,58, 9
1117 ,1267, 1102, '1043 1040 1007 1027 ' ,'0 0 0 0 ' ,40 ,0 ,44, 4
1081 ,1107, 1064, '898 998 938 987 ' ,'0 0 0 0 ' ,102 ,0 ,51, 4
1349 ,1070, 1335, '1025 992 1271 988 ' ,'0 0 0 0 ' ,287 ,1 ,51, 6
1145 ,1340, 1131, '993 1093 1024 1036 ' ,'0 0 0 0 ' ,101 ,1 ,24, 4
1132 ,1146, 1118, '944 1065 1029 1034 ' ,'0 0 0 0 ' ,126 ,0 ,35, 8
1252 ,1123, 1236, '1058 1134 1109 1154 ' ,'0 0 0 0 ' ,96 ,0 ,72, 5
1215 ,1241, 1201, '962 1085 1070 1140 ' ,'0 0 0 0 ' ,175 ,0 ,51, 5
1125 ,1261, 1111, '1017 1050 1016 1050 ' ,'0 0 0 0 ' ,41 ,1 ,44, 5
1215 ,1144, 1203, '945 1039 981 897 ' ,'0 0 0 0 ' ,147 ,1 ,147, 4
1136 ,1218, 1119, '986 1068 982 948 ' ,'0 0 0 0 ' ,130 ,1 ,30, 3
1227 ,1153, 1213, '1065 1136 1100 1130 ' ,'0 0 0 0 ' ,81 ,0 ,56, 5
1283 ,1218, 1266, '1037 1079 1224 1157 ' ,'0 0 0 0 ' ,186 ,1 ,30, 10
1249 ,1309, 1233, '1082 1072 1077 1017 ' ,'0 0 0 0 ' ,71 ,0 ,137, 5
1140 ,1248, 1125, '966 1079 1002 1082 ' ,'0 0 0 0 ' ,115 ,0 ,30, 10
1347 ,1132, 1333, '1060 1126 1254 1100 ' ,'0 0 0 0 ' ,198 ,2 ,64, 6
1171 ,1337, 1154, '987 1070 1015 1057 ' ,'0 0 0 0 ' ,88 ,0 ,70, 4
1170 ,1162, 1156, '955 978 1114 971 ' ,'0 0 0 0 ' ,162 ,1 ,25, 4
1109 ,1200, 1095, '1015 1050 997 1023 ' ,'0 0 0 0 ' ,58 ,2 ,27, 6
1141 ,1131, 1126, '937 1014 1046 1012 ' ,'0 0 0 0 ' ,113 ,1 ,63, 4
1198 ,1132, 1183, '1085 1091 1139 1135 ' ,'0 0 0 0 ' ,56 ,1 ,28, 8
1220 ,1225, 1204, '1000 1056 1067 1106 ' ,'0 0 0 0 ' ,104 ,1 ,84, 5
1198 ,1215, 1180, '1022 1009 1015 953 ' ,'0 0 0 0 ' ,75 ,1 ,142, 8
1108 ,1188, 1085, '939 1047 997 949 ' ,'0 0 0 0 ' ,112 ,1 ,28, 7
1125 ,1104, 1110, '983 969 967 1034 ' ,'0 0 0 0 ' ,68 ,1 ,63, 4
1099 ,1116, 1082, '907 1009 938 964 ' ,'0 0 0 0 ' ,109 ,2 ,54, 7
1106 ,1113, 1092, '922 1043 904 984 ' ,'0 0 0 0 ' ,144 ,1 ,31, 4
1020 ,1139, 1005, '840 953 937 881 ' ,'0 0 0 0 ' ,121 ,1 ,31, 6
1127 ,1010, 1112, '998 949 1018 935 ' ,'0 0 0 0 ' ,90 ,1 ,79, 4
1187 ,1117, 1172, '1000 1116 1059 1029 ' ,'0 0 0 0 ' ,119 ,1 ,38, 7
1258 ,1297, 1229, '1108 1094 1127 1093 ' ,'0 0 0 0 ' ,39 ,1 ,84, 9
1103 ,1299, 1089, '1043 1022 997 1049 ' ,'0 0 0 0 ' ,56 ,1 ,24, 8
1126 ,1136, 1112, '1020 1017 958 1033 ' ,'0 0 0 0 ' ,79 ,2 ,63, 5
1094 ,1116, 1078, '961 1030 969 1016 ' ,'0 0 0 0 ' ,74 ,1 ,29, 7
1108 ,1186, 1093, '984 926 988 1021 ' ,'0 0 0 35 ' ,88 ,1 ,62, 7
1175 ,1157, 1161, '1053 1039 1056 982 ' ,'0 0 0 0 ' ,82 ,1 ,85, 4
1170 ,1166, 1154, '1028 1091 1084 1029 ' ,'0 0 0 0 ' ,65 ,1 ,44, 9
1226 ,1227, 1210, '1077 1113 1043 1111 ' ,'0 0 0 0 ' ,75 ,1 ,78, 10
1219 ,1247, 1204, '1098 1104 1150 1040 ' ,'0 0 0 0 ' ,117 ,1 ,37, 8
1251 ,1281, 1235, '965 1098 1096 1061 ' ,'0 0 0 0 ' ,141 ,1 ,115, 4
1149 ,1242, 1135, '945 1086 998 995 ' ,'0 0 0 0 ' ,147 ,1 ,28, 7
1199 ,1167, 1185, '975 1038 1126 966 ' ,'0 0 0 0 ' ,165 ,1 ,40, 6
1093 ,1223, 1046, '993 959 997 946 ' ,'0 0 0 0 ' ,58 ,2 ,30, 4
1183 ,1091, 1168, '1014 1082 1086 1010 ' ,'0 0 0 0 ' ,83 ,1 ,63, 8
1151 ,1196, 1136, '980 1072 1053 1080 ' ,'0 0 0 0 ' ,101 ,1 ,40, 8
1336 ,1168, 1319, '1068 1125 1211 1066 ' ,'0 0 0 0 ' ,151 ,1 ,90, 5
1289 ,1328, 1274, '1085 1119 1105 1144 ' ,'0 0 0 0 ' ,59 ,1 ,117, 5
1290 ,1279, 1273, '1134 1076 1228 1072 ' ,'0 0 0 0 ' ,163 ,1 ,29, 8
1247 ,1325, 1233, '1024 1156 1174 1101 ' ,'0 0 0 0 ' ,152 ,1 ,43, 8
1136 ,1237, 1119, '982 1016 1039 935 ' ,'0 0 0 0 ' ,108 ,1 ,63, 7
1263 ,1165, 1247, '961 1000 1139 1000 ' ,'0 0 0 0 ' ,178 ,1 ,90, 4
