195 ,0, 131, '53 37 48 37 41 48 41 36 39 35 47 45 39 41 45 54 ' ,'0 0 0 0 0 0 0 0 0 0 0 0 0 0 0 0 ' ,58 ,2 ,9, 8
572 ,166, 549, '447 356 397 434 332 416 326 351 310 319 398 340 365 402 361 343 ' ,'0 0 0 0 0 0 0 0 0 0 0 0 0 0 0 0 ' ,153 ,4 ,69, 6
318 ,587, 288, '248 256 264 255 242 218 231 231 239 214 213 230 251 241 233 230 ' ,'0 0 0 0 0 0 0 0 0 0 0 0 0 0 0 0 ' ,56 ,1 ,7, 2
527 ,771, 455, '295 288 284 294 244 237 252 269 258 241 230 256 267 252 241 240 ' ,'0 0 0 0 0 0 0 0 0 0 0 0 0 0 0 0 ' ,67 ,2 ,145, 1
362 ,1053, 342, '302 296 301 312 253 213 260 269 275 268 233 253 293 244 250 258 ' ,'0 0 0 0 0 0 0 0 0 0 0 0 0 0 0 0 ' ,105 ,3 ,10, 1
395 ,530, 364, '310 293 298 335 275 231 255 268 239 260 274 258 246 245 263 251 ' ,'0 0 0 0 0 0 0 0 0 0 0 0 0 0 0 0 ' ,116 ,3 ,12, 2
381 ,441, 358, '303 298 312 328 260 272 252 263 279 267 277 275 271 268 259 281 ' ,'0 0 0 0 0 0 0 0 0 0 0 0 0 0 0 0 ' ,84 ,3 ,15, 3
430 ,380, 398, '321 306 283 306 297 249 260 247 260 379 214 233 272 236 279 239 ' ,'0 0 0 0 0 0 0 0 0 0 0 0 0 0 0 0 ' ,166 ,4 ,8, 1
343 ,454, 324, '302 267 279 281 249 263 250 259 264 256 279 260 276 247 226 242 ' ,'0 0 0 0 0 0 0 0 0 0 0 0 0 0 0 0 ' ,79 ,8 ,8, 1
342 ,701, 323, '267 295 295 288 236 228 213 233 210 240 247 252 235 230 253 230 ' ,'0 0 0 0 0 0 0 0 0 0 0 0 0 0 0 0 ' ,93 ,2 ,12, 2
309 ,379, 285, '236 242 271 265 228 212 222 220 222 204 235 232 248 213 222 218 ' ,'0 0 0 0 0 0 0 0 0 0 0 0 0 0 0 0 ' ,68 ,2 ,9, 1
344 ,302, 321, '294 283 280 274 251 247 235 231 233 233 259 251 254 232 243 253 ' ,'0 0 0 0 0 0 0 0 0 0 0 0 0 0 0 0 ' ,68 ,2 ,15, 2
348 ,337, 329, '304 261 274 273 251 244 223 251 236 241 269 234 256 250 216 267 ' ,'0 0 0 0 0 0 0 0 0 0 0 0 0 0 0 0 ' ,90 ,2 ,17, 6
453 ,385, 432, '308 302 283 327 254 268 226 243 206 238 270 276 269 258 261 218 ' ,'0 0 0 0 0 0 0 0 0 0 0 0 0 0 0 0 ' ,125 ,2 ,95, 1
354 ,441, 334, '268 275 323 319 233 287 250 262 272 250 281 297 274 258 247 242 ' ,'0 0 0 0 0 0 0 0 0 0 0 0 0 0 0 0 ' ,91 ,1 ,6, 2
367 ,351, 350, '311 335 269 314 265 254 255 262 247 274 237 278 270 246 243 239 ' ,'0 0 0 0 0 0 0 0 0 0 0 0 0 0 0 0 ' ,101 ,2 ,9, 2
417 ,364, 394, '369 331 332 375 319 287 279 328 285 297 304 311 296 286 261 321 ' ,'0 0 0 0 0 0 0 0 0 0 0 0 0 0 0 0 ' ,121 ,2 ,13, 2
334 ,435, 316, '253 304 285 284 255 252 263 256 255 258 271 299 278 248 256 305 ' ,'0 0 0 0 0 0 0 0 0 0 0 0 0 0 0 0 ' ,58 ,1 ,7, 1
396 ,330, 376, '299 306 356 352 245 301 273 291 278 257 271 265 303 308 281 249 ' ,'0 0 0 0 0 0 0 0 0 0 0 0 0 0 0 0 ' ,113 ,2 ,15, 9
361 ,412, 345, '306 317 328 307 268 260 269 254 294 253 251 271 277 281 269 264 ' ,'0 0 0 0 0 0 0 0 0 0 0 0 0 0 0 0 ' ,79 ,1 ,10, 2
373 ,381, 349, '296 298 332 307 265 263 257 282 282 241 242 284 266 278 246 238 ' ,'0 0 0 0 0 0 0 0 0 0 0 0 0 0 0 0 ' ,99 ,1 ,9, 2
326 ,381, 308, '290 279 273 291 260 258 264 252 233 234 250 266 280 246 253 222 ' ,'0 0 0 0 0 0 0 0 0 0 0 0 0 0 0 0 ' ,76 ,2 ,7, 2
365 ,320, 339, '296 254 281 317 231 244 233 271 282 248 185 229 249 277 221 224 ' ,'0 0 0 0 0 0 0 0 0 0 0 0 0 0 0 0 ' ,140 ,2 ,10, 2
370 ,357, 344, '277 282 284 323 257 250 233 250 268 258 264 272 235 234 286 232 ' ,'0 0 0 0 0 0 0 0 0 0 0 0 0 0 0 0 ' ,100 ,2 ,9, 2
363 ,367, 337, '280 269 312 302 258 241 280 276 260 225 264 251 247 256 269 232 ' ,'0 0 0 0 0 0 0 0 0 0 0 0 0 0 0 0 ' ,92 ,1 ,14, 1
348 ,348, 328, '282 279 309 310 270 300 221 288 248 251 280 283 274 280 264 297 ' ,'0 0 0 0 0 0 0 0 0 0 0 0 0 0 0 0 ' ,93 ,1 ,9, 2
305 ,338, 288, '260 268 260 270 230 207 233 237 231 237 225 221 240 238 229 257 ' ,'0 0 0 0 0 0 0 0 0 0 0 0 0 0 0 0 ' ,69 ,3 ,7, 2
339 ,301, 318, '276 254 307 271 228 225 220 241 257 233 233 237 222 244 241 260 ' ,'0 0 0 0 0 0 0 0 0 0 0 0 0 0 0 0 ' ,87 ,2 ,9, 1
361 ,352, 344, '273 260 282 314 241 235 241 236 253 241 242 229 246 245 251 259 ' ,'0 0 0 0 0 0 0 0 0 0 0 0 0 0 0 0 ' ,94 ,2 ,14, 2
369 ,352, 337, '258 289 333 297 215 243 215 253 246 236 214 245 265 272 236 225 ' ,'0 0 0 0 0 0 0 0 0 0 0 0 0 0 0 0 ' ,120 ,2 ,11, 2
312 ,390, 290, '269 275 239 260 218 236 245 250 222 180 250 266 212 251 239 239 ' ,'0 0 0 0 0 0 0 0 0 0 0 0 0 0 0 0 ' ,95 ,2 ,8, 1
348 ,306, 325, '317 274 273 276 249 253 237 233 258 224 251 239 243 228 225 247 ' ,'0 0 0 0 0 0 0 0 0 0 0 0 0 0 0 0 ' ,94 ,1 ,7, 1
359 ,339, 342, '305 267 294 320 259 255 271 248 299 277 267 274 266 266 282 238 ' ,'0 0 0 0 0 0 0 0 0 0 0 0 0 0 0 0 ' ,91 ,1 ,10, 3
413 ,401, 389, '292 323 284 347 326 261 247 274 285 299 318 287 269 286 327 267 ' ,'0 0 0 0 0 0 0 0 0 0 0 0 0 0 0 0 ' ,103 ,0 ,33, 1
373 ,410, 357, '305 320 342 322 261 273 251 270 303 293 258 253 299 265 256 272 ' ,'0 0 0 0 0 0 0 0 0 0 0 0 0 0 0 0 ' ,89 ,1 ,9, 2
392 ,367, 375, '353 346 305 306 284 293 255 287 258 268 298 275 338 292 265 295 ' ,'0 0 0 0 0 0 0 0 0 0 0 0 0 0 0 0 ' ,97 ,1 ,14, 2
385 ,382, 360, '327 330 345 314 276 273 279 283 287 269 285 277 276 296 272 247 ' ,'0 0 0 0 0 0 0 0 0 0 0 0 0 0 0 0 ' ,98 ,1 ,8, 2
372 ,394, 349, '286 293 329 320 280 261 268 251 265 256 274 268 255 252 268 249 ' ,'0 0 0 0 0 0 0 0 0 0 0 0 0 0 0 0 ' ,82 ,0 ,14, 3
368 ,357, 351, '259 272 269 333 278 254 255 272 266 289 252 233 251 261 320 235 ' ,'0 0 0 0 0 0 0 0 0 0 0 0 0 0 0 0 ' ,101 ,0 ,12, 3
340 ,363, 318, '308 264 307 295 217 240 252 267 206 236 252 268 225 228 266 251 ' ,'0 0 0 0 0 0 0 0 0 0 0 0 0 0 0 0 ' ,104 ,0 ,11, 2
334 ,336, 318, '265 275 293 270 205 287 250 275 260 247 293 265 216 249 266 270 ' ,'0 0 0 0 0 0 0 0 0 0 0 0 0 0 0 0 ' ,91 ,1 ,14, 3
328 ,322, 308, '271 282 281 296 232 219 263 250 259 225 263 270 224 226 276 240 ' ,'0 0 0 0 0 0 0 0 0 0 0 0 0 0 0 0 ' ,81 ,1 ,5, 2
338 ,320, 321, '305 297 300 281 262 279 252 288 261 230 234 247 290 273 261 239 ' ,'0 0 0 0 0 0 0 0 0 0 0 0 0 0 0 0 ' ,74 ,1 ,8, 1
493 ,330, 476, '284 289 286 305 286 232 252 244 240 271 233 260 306 261 284 259 ' ,'0 0 0 0 0 0 0 0 0 0 0 0 0 0 0 0 ' ,79 ,0 ,161, 2
329 ,493, 309, '295 284 287 276 236 234 239 215 257 243 252 226 260 229 251 242 ' ,'0 0 0 0 0 0 0 0 0 0 0 0 0 0 0 0 ' ,82 ,1 ,9, 1
329 ,322, 312, '273 259 293 267 256 269 244 271 218 207 257 245 226 224 225 281 ' ,'0 0 0 0 0 0 0 0 0 0 0 0 0 0 0 0 ' ,86 ,1 ,10, 2
323 ,321, 307, '286 252 284 290 264 208 220 252 274 276 250 240 276 251 240 239 ' ,'0 0 0 0 0 0 0 0 0 0 0 0 0 0 0 0 ' ,86 ,1 ,7, 1
361 ,343, 343, '279 287 290 294 275 244 245 239 250 237 244 240 250 297 258 221 ' ,'0 0 0 0 0 0 0 0 0 0 0 0 0 0 0 0 ' ,81 ,0 ,38, 2
323 ,371, 307, '291 273 273 287 256 233 217 232 261 265 218 249 244 231 287 226 ' ,'0 0 0 0 0 0 0 0 0 0 0 0 0 0 0 0 ' ,72 ,1 ,10, 1
361 ,342, 343, '282 293 321 227 243 287 214 239 238 221 237 252 238 217 220 274 ' ,'0 0 0 0 0 0 0 0 0 0 0 0 0 0 0 0 ' ,108 ,1 ,15, 1
349 ,375, 332, '315 285 258 293 262 244 255 256 250 242 293 273 289 236 236 268 ' ,'0 0 0 0 0 0 0 0 0 0 0 0 0 0 0 0 ' ,82 ,1 ,7, 2
353 ,369, 337, '300 318 316 292 256 255 271 276 261 254 253 261 269 261 259 282 ' ,'0 0 0 0 0 0 0 0 0 0 0 0 0 0 0 0 ' ,68 ,1 ,11, 2
371 ,363, 351, '284 315 333 327 272 262 274 283 272 245 265 279 253 279 227 305 ' ,'0 0 0 0 0 0 0 0 0 0 0 0 0 0 0 0 ' ,108 ,0 ,9, 2
380 ,363, 361, '340 292 329 309 289 253 267 291 271 251 227 283 238 280 279 267 ' ,'0 0 0 0 0 0 0 0 0 0 0 0 0 0 0 0 ' ,114 ,1 ,13, 2
360 ,368, 341, '303 323 309 312 300 268 275 288 282 258 257 260 302 266 251 269 ' ,'0 0 0 0 0 0 0 0 0 0 0 0 0 0 0 0 ' ,71 ,1 ,12, 4
398 ,351, 379, '361 338 321 317 284 291 260 301 285 272 235 264 240 299 289 282 ' ,'0 0 0 0 0 0 0 0 0 0 0 0 0 0 0 0 ' ,128 ,0 ,9, 2
406 ,389, 382, '317 322 306 363 279 259 287 289 315 235 301 295 260 292 273 230 ' ,'0 0 0 0 0 0 0 0 0 0 0 0 0 0 0 0 ' ,136 ,0 ,11, 2
381 ,392, 365, '322 323 310 344 274 269 246 274 279 290 238 291 335 248 285 275 ' ,'0 0 0 0 0 0 0 0 0 0 0 0 0 0 0 0 ' ,110 ,1 ,9, 3
372 ,371, 354, '298 318 311 338 304 275 267 311 264 285 256 271 303 285 294 260 ' ,'0 0 0 0 0 0 0 0 0 0 0 0 0 0 0 0 ' ,82 ,1 ,9, 3
353 ,363, 336, '292 297 318 316 267 249 258 262 257 286 281 255 217 253 268 218 ' ,'0 0 0 0 0 0 0 0 0 0 0 0 0 0 0 0 ' ,100 ,1 ,13, 2
380 ,345, 360, '342 306 284 308 271 288 268 315 284 271 276 289 251 281 261 284 ' ,'0 0 0 0 0 0 0 0 0 0 0 0 0 0 0 0 ' ,89 ,1 ,11, 2
345 ,395, 324, '310 294 299 297 240 249 243 240 248 246 241 258 229 257 230 244 ' ,'0 0 0 0 0 0 0 0 0 0 0 0 0 0 0 0 ' ,82 ,1 ,10, 2
341 ,358, 326, '284 305 305 295 245 253 243 274 250 241 268 243 232 254 246 245 ' ,'0 0 0 0 0 0 0 0 0 0 0 0 0 0 0 0 ' ,75 ,1 ,12, 2
336 ,336, 318, '288 283 252 292 280 232 241 238 237 245 270 251 251 255 252 242 ' ,'0 0 0 0 0 0 0 0 0 0 0 0 0 0 0 0 ' ,65 ,1 ,18, 2
315 ,337, 294, '278 275 284 282 247 212 244 234 235 216 239 213 258 233 239 232 ' ,'0 0 0 0 0 0 0 0 0 0 0 0 0 0 0 0 ' ,72 ,0 ,10, 2
362 ,311, 344, '317 276 282 279 235 257 246 261 244 259 269 237 257 229 237 255 ' ,'0 0 0 0 0 0 0 0 0 0 0 0 0 0 0 0 ' ,93 ,1 ,18, 2
343 ,352, 326, '305 281 279 271 258 254 246 221 266 233 257 244 274 254 244 263 ' ,'0 0 0 0 0 0 0 0 0 0 0 0 0 0 0 0 ' ,86 ,1 ,15, 2
346 ,339, 327, '291 284 275 303 247 200 250 236 254 254 251 254 248 246 238 238 ' ,'0 0 0 0 0 0 0 0 0 0 0 0 0 0 0 0 ' ,106 ,1 ,14, 1
339 ,345, 323, '292 295 292 295 266 266 264 252 243 244 238 248 248 259 293 237 ' ,'0 0 0 0 0 0 0 0 0 0 0 0 0 0 0 0 ' ,62 ,1 ,17, 2
396 ,354, 376, '311 275 308 282 255 268 241 261 237 250 260 255 262 268 229 291 ' ,'0 0 0 0 0 0 0 0 0 0 0 0 0 0 0 0 ' ,79 ,1 ,56, 1
366 ,390, 350, '334 305 321 284 278 287 286 290 268 252 299 267 262 265 267 288 ' ,'0 0 0 0 0 0 0 0 0 0 0 0 0 0 0 0 ' ,84 ,1 ,7, 2
352 ,391, 335, '276 300 295 317 256 293 277 307 281 257 273 291 262 279 276 258 ' ,'0 0 0 0 0 0 0 0 0 0 0 0 0 0 0 0 ' ,63 ,2 ,11, 2
384 ,392, 370, '340 324 307 330 276 284 289 290 262 293 288 304 289 290 276 297 ' ,'0 0 0 0 0 0 0 0 0 0 0 0 0 0 0 0 ' ,80 ,0 ,15, 3
364 ,408, 347, '303 282 324 315 291 283 259 284 280 300 282 280 284 273 296 257 ' ,'0 0 0 0 0 0 0 0 0 0 0 0 0 0 0 0 ' ,70 ,1 ,15, 2
345 ,366, 324, '303 303 302 308 263 261 261 254 257 254 227 279 264 260 264 237 ' ,'0 0 0 0 0 0 0 0 0 0 0 0 0 0 0 0 ' ,82 ,0 ,9, 2
340 ,337, 324, '298 288 278 306 247 277 257 260 260 245 269 264 263 239 245 253 ' ,'0 0 0 0 0 0 0 0 0 0 0 0 0 0 0 0 ' ,69 ,0 ,11, 2
378 ,336, 356, '321 279 273 291 244 250 241 283 240 264 334 266 233 244 236 285 ' ,'0 0 0 0 0 0 0 0 0 0 0 0 0 0 0 0 ' ,100 ,0 ,15, 2
368 ,369, 344, '294 289 304 320 238 291 249 247 236 271 267 260 246 264 248 238 ' ,'0 0 0 0 0 0 0 0 0 0 0 0 0 0 0 0 ' ,87 ,1 ,16, 2
442 ,359, 417, '392 294 315 277 269 396 227 239 248 270 396 234 227 246 268 233 ' ,'0 0 0 0 0 0 0 0 0 0 0 0 0 0 0 0 ' ,173 ,1 ,10, 2
329 ,435, 313, '272 275 286 269 238 239 249 239 221 251 220 258 243 231 225 261 ' ,'0 0 0 0 0 0 0 0 0 0 0 0 0 0 0 0 ' ,70 ,3 ,16, 2
366 ,320, 345, '322 248 286 310 242 282 221 221 239 230 278 249 255 264 249 283 ' ,'0 0 0 0 0 0 0 0 0 0 0 0 0 0 0 0 ' ,106 ,1 ,12, 2
338 ,358, 322, '266 302 268 274 243 235 238 276 231 240 246 234 238 244 220 248 ' ,'0 0 0 0 0 0 0 0 0 0 0 0 0 0 0 0 ' ,73 ,1 ,11, 2
329 ,335, 308, '272 273 290 257 233 248 243 258 255 230 212 237 266 276 212 212 ' ,'0 0 0 0 0 0 0 0 0 0 0 0 0 0 0 0 ' ,78 ,1 ,12, 2
362 ,321, 341, '271 266 289 297 256 232 241 239 222 308 246 247 236 232 262 241 ' ,'0 0 0 0 0 0 0 0 0 0 0 0 0 0 0 0 ' ,89 ,1 ,17, 2
371 ,351, 348, '309 281 331 291 238 254 259 251 258 262 236 246 237 238 208 255 ' ,'0 0 0 0 0 0 0 0 0 0 0 0 0 0 0 0 ' ,118 ,1 ,13, 2
375 ,361, 355, '311 292 338 300 260 293 251 246 287 266 245 288 258 255 233 290 ' ,'0 0 0 0 0 0 0 0 0 0 0 0 0 0 0 0 ' ,104 ,1 ,10, 1
401 ,369, 383, '319 315 363 292 253 263 278 291 242 267 281 274 249 283 230 246 ' ,'0 0 0 0 0 0 0 0 0 0 0 0 0 0 0 0 ' ,134 ,1 ,12, 2
425 ,392, 410, '315 316 346 367 297 283 271 315 291 304 241 253 282 264 270 286 ' ,'0 0 0 0 0 0 0 0 0 0 0 0 0 0 0 0 ' ,131 ,1 ,32, 1
359 ,419, 343, '317 326 316 311 283 309 282 315 286 318 281 287 282 283 267 306 ' ,'0 0 0 0 0 0 0 0 0 0 0 0 0 0 0 0 ' ,58 ,1 ,12, 2
391 ,354, 374, '323 303 314 309 284 270 260 303 275 261 260 269 303 258 257 303 ' ,'0 0 0 0 0 0 0 0 0 0 0 0 0 0 0 0 ' ,66 ,0 ,40, 1
365 ,381, 348, '325 308 315 280 267 287 268 278 253 267 276 251 274 271 234 273 ' ,'0 0 0 0 0 0 0 0 0 0 0 0 0 0 0 0 ' ,89 ,1 ,16, 2
349 ,358, 332, '303 279 273 291 273 254 254 281 267 235 242 236 251 249 246 245 ' ,'0 0 0 0 0 0 0 0 0 0 0 0 0 0 0 0 ' ,71 ,1 ,19, 2
320 ,340, 295, '275 267 279 273 241 221 238 254 239 242 258 202 259 227 224 210 ' ,'0 0 0 0 0 0 0 0 0 0 0 0 0 0 0 0 ' ,74 ,1 ,12, 2
322 ,312, 300, '275 253 250 270 248 246 221 231 232 257 213 224 248 237 233 202 ' ,'0 0 0 0 0 0 0 0 0 0 0 0 0 0 0 0 ' ,78 ,0 ,19, 2
315 ,314, 298, '259 247 260 229 253 223 228 225 201 272 240 247 242 249 224 234 ' ,'0 0 0 0 0 0 0 0 0 0 0 0 0 0 0 0 ' ,72 ,1 ,14, 1
339 ,308, 322, '290 294 278 258 216 251 257 255 219 225 242 235 234 225 232 248 ' ,'0 0 0 0 0 0 0 0 0 0 0 0 0 0 0 0 ' ,82 ,1 ,17, 2
315 ,329, 296, '276 267 269 275 269 251 244 228 249 227 241 257 261 245 238 238 ' ,'0 0 0 0 0 0 0 0 0 0 0 0 0 0 0 0 ' ,52 ,1 ,10, 1
394 ,311, 380, '354 293 238 272 250 308 249 251 246 221 255 232 232 252 243 255 ' ,'0 0 0 0 0 0 0 0 0 0 0 0 0 0 0 0 ' ,134 ,1 ,14, 2
319 ,392, 301, '280 280 253 272 235 213 207 244 219 281 241 230 254 209 276 227 ' ,'0 0 0 0 0 0 0 0 0 0 0 0 0 0 0 0 ' ,76 ,1 ,12, 2
343 ,317, 326, '277 274 287 307 248 235 252 275 240 239 255 277 228 250 223 264 ' ,'0 0 0 0 0 0 0 0 0 0 0 0 0 0 0 0 ' ,86 ,1 ,11, 1
362 ,336, 345, '315 315 315 265 267 267 269 268 280 267 237 255 268 249 238 295 ' ,'0 0 0 0 0 0 0 0 0 0 0 0 0 0 0 0 ' ,86 ,0 ,17, 1
371 ,363, 353, '308 322 322 322 262 262 284 310 264 263 295 283 269 259 268 275 ' ,'0 0 0 0 0 0 0 0 0 0 0 0 0 0 0 0 ' ,66 ,0 ,23, 1
437 ,401, 421, '303 314 403 355 290 279 264 293 268 255 289 281 327 224 263 261 ' ,'0 0 0 0 0 0 0 0 0 0 0 0 0 0 0 0 ' ,175 ,0 ,12, 3
386 ,437, 369, '323 332 346 292 312 260 288 298 301 301 281 247 287 287 278 274 ' ,'0 0 0 0 0 0 0 0 0 0 0 0 0 0 0 0 ' ,95 ,1 ,16, 3
416 ,379, 399, '285 310 366 333 300 289 277 303 264 288 279 305 298 273 305 276 ' ,'0 0 0 0 0 0 0 0 0 0 0 0 0 0 0 0 ' ,104 ,0 ,16, 2
390 ,406, 374, '331 312 322 350 286 319 320 281 287 274 297 311 308 271 289 270 ' ,'0 0 0 0 0 0 0 0 0 0 0 0 0 0 0 0 ' ,84 ,1 ,15, 1
371 ,381, 355, '271 331 314 330 301 270 290 309 266 270 251 248 274 296 271 267 ' ,'0 0 0 0 0 0 0 0 0 0 0 0 0 0 0 0 ' ,85 ,0 ,14, 2
364 ,363, 344, '304 299 325 321 277 267 258 282 286 259 260 282 262 255 260 286 ' ,'0 0 0 0 0 0 0 0 0 0 0 0 0 0 0 0 ' ,72 ,0 ,14, 2
361 ,364, 346, '289 322 318 318 309 271 277 283 245 285 256 248 256 280 288 267 ' ,'0 0 0 0 0 0 0 0 0 0 0 0 0 0 0 0 ' ,81 ,1 ,14, 1
368 ,358, 352, '294 305 312 324 273 260 271 232 253 254 272 262 282 257 236 254 ' ,'0 0 0 0 0 0 0 0 0 0 0 0 0 0 0 0 ' ,96 ,1 ,17, 2
363 ,358, 346, '320 300 292 283 297 278 251 262 290 240 280 259 238 248 222 250 ' ,'0 0 0 0 0 0 0 0 0 0 0 0 0 0 0 0 ' ,101 ,1 ,16, 2
367 ,353, 351, '287 261 327 303 247 245 231 253 257 244 229 249 237 259 243 243 ' ,'0 0 0 0 0 0 0 0 0 0 0 0 0 0 0 0 ' ,98 ,1 ,15, 2
329 ,362, 314, '285 236 272 286 227 229 215 264 231 230 229 248 216 206 210 226 ' ,'0 0 0 0 0 0 0 0 0 0 0 0 0 0 0 0 ' ,83 ,1 ,16, 1
324 ,324, 308, '267 285 282 279 217 215 240 235 229 271 223 244 260 240 258 229 ' ,'0 0 0 0 0 0 0 0 0 0 0 0 0 0 0 0 ' ,74 ,1 ,13, 2
353 ,321, 338, '245 262 268 312 212 226 241 227 231 204 215 232 243 215 214 242 ' ,'0 0 0 0 0 0 0 0 0 0 0 0 0 0 0 0 ' ,105 ,1 ,15, 2
361 ,349, 343, '318 299 308 282 224 266 238 252 257 225 267 229 207 210 264 260 ' ,'0 0 0 0 0 0 0 0 0 0 0 0 0 0 0 0 ' ,110 ,0 ,17, 2
342 ,353, 322, '295 292 282 279 242 236 256 249 246 270 227 246 248 240 256 263 ' ,'0 0 0 0 0 0 0 0 0 0 0 0 0 0 0 0 ' ,66 ,1 ,21, 2
335 ,338, 317, '268 283 292 291 259 236 246 246 272 216 209 265 255 214 234 235 ' ,'0 0 0 0 0 0 0 0 0 0 0 0 0 0 0 0 ' ,86 ,1 ,16, 2
357 ,342, 339, '258 303 284 273 262 211 222 227 215 236 204 263 212 230 243 231 ' ,'0 0 0 0 0 0 0 0 0 0 0 0 0 0 0 0 ' ,99 ,1 ,31, 2
345 ,346, 326, '284 300 300 305 253 252 244 257 233 242 225 251 232 247 221 246 ' ,'0 0 0 0 0 0 0 0 0 0 0 0 0 0 0 0 ' ,85 ,1 ,14, 2
424 ,343, 409, '319 270 323 307 379 279 213 243 265 258 282 234 282 236 212 307 ' ,'0 0 0 0 120589 0 0 0 0 0 0 0 0 0 0 0 ' ,170 ,1 ,19, 2
362 ,416, 344, '302 296 311 282 278 247 258 243 257 270 237 250 263 290 258 280 ' ,'0 0 0 0 0 0 0 0 0 0 0 0 0 0 0 0 ' ,74 ,1 ,27, 2
421 ,353, 399, '290 305 321 294 280 264 275 292 282 277 278 285 293 293 279 269 ' ,'0 0 110 0 0 0 0 0 0 0 0 0 0 0 0 103912 ' ,109 ,1 ,15, 2
391 ,433, 375, '339 332 335 330 293 279 267 281 278 279 275 295 288 278 268 275 ' ,'0 0 0 0 0 0 0 0 0 0 0 0 0 0 0 0 ' ,74 ,1 ,25, 2
404 ,389, 387, '335 333 325 355 286 281 282 280 293 279 271 288 307 286 273 281 ' ,'0 0 0 0 0 0 0 0 0 0 0 0 0 0 0 0 ' ,86 ,0 ,24, 2
378 ,413, 360, '330 313 312 330 287 282 262 269 290 273 283 280 273 250 263 274 ' ,'0 0 0 0 0 0 0 0 0 0 0 0 0 0 0 0 ' ,84 ,1 ,21, 3
418 ,371, 400, '312 290 358 316 277 266 258 280 254 256 243 268 271 263 253 241 ' ,'0 0 0 0 0 0 0 0 0 0 0 0 0 0 0 0 ' ,122 ,1 ,35, 2
368 ,493, 351, '290 297 323 322 239 261 245 270 229 249 249 271 285 275 253 245 ' ,'0 0 0 0 0 0 0 0 0 0 0 0 0 0 0 0 ' ,96 ,0 ,20, 2
363 ,357, 347, '297 309 321 285 257 235 263 259 236 258 273 223 270 250 257 255 ' ,'0 0 0 0 0 0 0 0 0 0 0 0 0 0 0 0 ' ,98 ,1 ,16, 3
347 ,355, 331, '281 301 297 286 243 231 237 265 264 238 243 262 231 200 234 236 ' ,'0 0 0 0 0 0 0 0 0 0 0 0 0 0 0 0 ' ,106 ,0 ,18, 2
351 ,340, 337, '312 267 279 294 263 241 237 246 239 226 247 254 252 235 230 259 ' ,'0 0 0 0 0 0 0 0 0 0 0 0 0 0 0 0 ' ,91 ,1 ,14, 2
344 ,347, 325, '251 278 298 249 219 219 215 239 237 218 203 275 219 231 211 213 ' ,'0 0 0 0 0 0 0 0 0 0 0 0 0 0 0 0 ' ,99 ,1 ,16, 2
352 ,337, 335, '280 277 308 266 264 252 224 229 246 231 224 223 289 241 226 232 ' ,'0 0 0 0 0 0 0 0 0 0 0 0 0 0 0 0 ' ,86 ,0 ,20, 2
354 ,351, 339, '290 282 300 314 267 232 241 270 246 262 267 241 248 252 273 258 ' ,'0 0 0 0 0 0 0 0 0 0 0 0 0 0 0 0 ' ,87 ,1 ,13, 2
345 ,351, 328, '287 280 298 289 243 236 238 251 258 249 254 247 263 259 252 246 ' ,'0 0 0 0 0 0 0 0 0 0 0 0 0 0 0 0 ' ,58 ,1 ,23, 2
421 ,336, 406, '327 301 381 280 266 260 248 286 254 266 284 252 258 278 249 286 ' ,'0 0 0 0 0 0 0 0 0 0 0 0 0 0 0 0 ' ,135 ,0 ,14, 1
402 ,590, 387, '332 321 336 340 296 266 267 322 279 298 273 267 283 275 292 284 ' ,'0 0 0 0 0 0 0 0 0 0 0 0 0 0 0 0 ' ,84 ,1 ,30, 1
405 ,569, 387, '344 345 321 360 301 291 295 302 271 278 271 292 297 289 270 288 ' ,'0 0 0 0 0 0 0 0 0 0 0 0 0 0 0 0 ' ,92 ,1 ,17, 1
419 ,405, 404, '353 329 339 383 306 240 302 279 302 318 274 281 294 295 334 279 ' ,'0 0 0 0 0 0 0 0 0 0 0 0 0 0 0 0 ' ,144 ,1 ,13, 1
387 ,445, 370, '289 333 337 331 300 283 291 284 295 294 280 294 295 291 275 280 ' ,'0 0 0 0 0 0 0 0 0 0 0 0 0 0 0 0 ' ,64 ,1 ,22, 2
421 ,378, 405, '374 294 328 321 273 287 263 281 293 285 257 257 314 272 226 291 ' ,'0 0 0 0 0 0 0 0 0 0 0 0 0 0 0 0 ' ,149 ,1 ,22, 1
432 ,416, 417, '302 319 369 330 292 245 273 281 273 267 269 273 268 259 260 276 ' ,'0 0 0 0 0 0 0 0 0 0 0 0 0 0 0 0 ' ,128 ,1 ,36, 2
365 ,424, 349, '298 291 317 273 285 248 269 264 248 273 240 241 244 269 235 235 ' ,'0 0 0 0 0 0 0 0 0 0 0 0 0 0 0 0 ' ,87 ,1 ,21, 2
377 ,463, 360, '255 311 332 289 286 276 258 246 236 276 276 261 256 248 280 245 ' ,'0 0 0 0 0 0 0 0 0 0 0 0 0 0 0 0 ' ,99 ,1 ,20, 2
354 ,369, 338, '293 280 299 308 212 232 220 247 227 256 230 240 272 260 249 214 ' ,'0 0 0 0 0 0 0 0 0 0 0 0 0 0 0 0 ' ,97 ,1 ,24, 1
352 ,361, 336, '306 268 264 288 234 262 231 243 234 229 260 257 232 232 234 259 ' ,'0 0 0 0 0 0 0 0 0 0 0 0 0 0 0 0 ' ,79 ,1 ,20, 2
338 ,458, 322, '274 267 297 291 255 248 250 248 248 239 239 246 256 252 254 224 ' ,'0 0 0 0 0 0 0 0 0 0 0 0 0 0 0 0 ' ,77 ,1 ,17, 2
358 ,344, 342, '309 288 294 287 246 251 263 226 226 262 253 253 241 247 247 252 ' ,'0 0 0 0 0 0 0 0 0 0 0 0 0 0 0 0 ' ,87 ,1 ,19, 1
380 ,354, 364, '306 300 318 318 287 305 243 258 242 304 306 265 264 259 302 238 ' ,'0 0 0 0 0 0 0 0 0 0 0 0 0 0 0 0 ' ,85 ,1 ,35, 2
360 ,370, 343, '315 316 299 313 277 238 244 265 288 259 275 274 293 271 261 264 ' ,'0 0 0 0 0 0 0 0 0 0 0 0 0 0 0 0 ' ,77 ,1 ,20, 2
466 ,350, 451, '378 291 340 328 235 416 272 264 271 268 348 284 269 289 272 324 ' ,'0 0 0 0 0 150374 0 0 0 0 0 0 0 0 0 0 ' ,186 ,2 ,25, 2
401 ,606, 384, '310 294 335 300 267 232 257 287 262 283 275 291 236 255 278 248 ' ,'0 0 0 0 0 0 0 0 0 0 0 0 0 0 0 0 ' ,106 ,1 ,37, 2
442 ,391, 426, '396 336 343 348 307 328 310 287 298 288 313 294 278 262 332 300 ' ,'0 0 0 0 0 0 0 0 0 0 0 0 0 0 0 0 ' ,132 ,2 ,18, 1
398 ,455, 383, '334 321 351 354 325 347 288 279 287 300 266 299 277 283 285 303 ' ,'0 0 0 0 0 0 0 0 0 0 0 0 0 0 0 0 ' ,90 ,1 ,20, 2
391 ,408, 377, '349 340 345 332 285 286 276 281 288 289 279 295 270 282 280 269 ' ,'0 0 0 0 0 0 0 0 0 0 0 0 0 0 0 0 ' ,87 ,1 ,15, 1
411 ,386, 395, '332 308 363 305 300 286 255 271 243 262 279 256 242 289 274 277 ' ,'0 0 0 0 0 0 0 0 0 0 0 0 0 0 0 0 ' ,119 ,1 ,21, 2
357 ,402, 338, '294 289 267 270 242 265 244 256 238 233 223 252 261 252 255 242 ' ,'0 0 0 0 0 0 0 0 0 0 0 0 0 0 0 0 ' ,78 ,2 ,31, 2
327 ,439, 310, '269 274 259 281 260 223 266 236 249 204 235 262 282 246 225 242 ' ,'0 0 0 0 0 0 0 0 0 0 0 0 0 0 0 0 ' ,82 ,1 ,20, 2
359 ,320, 341, '291 311 311 279 246 256 257 241 244 234 220 247 266 258 261 256 ' ,'0 0 0 0 0 0 0 0 0 0 0 0 0 0 0 0 ' ,92 ,1 ,22, 2
351 ,364, 335, '286 308 304 297 260 254 214 234 248 253 248 219 287 252 227 231 ' ,'0 0 0 0 0 0 0 0 0 0 0 0 0 0 0 0 ' ,99 ,1 ,16, 1
377 ,347, 362, '326 294 301 311 263 238 228 265 247 265 258 240 258 258 239 252 ' ,'0 0 0 0 0 0 0 0 0 0 0 0 0 0 0 0 ' ,103 ,1 ,22, 2
333 ,367, 307, '269 257 288 277 263 244 254 230 242 265 211 216 280 250 225 222 ' ,'0 0 0 0 0 0 0 0 0 0 0 0 0 0 0 0 ' ,72 ,1 ,19, 1
378 ,332, 360, '310 306 321 297 288 251 261 258 266 257 225 270 297 235 267 250 ' ,'0 0 0 0 0 0 0 0 0 0 0 0 0 0 0 0 ' ,98 ,1 ,29, 1
366 ,381, 351, '324 316 324 311 308 279 244 314 278 300 276 272 269 280 274 253 ' ,'0 0 0 0 0 0 0 0 0 0 0 0 0 0 0 0 ' ,83 ,2 ,14, 2
391 ,375, 376, '331 301 344 323 306 267 267 304 257 269 248 252 321 287 287 261 ' ,'0 0 0 0 0 0 0 0 0 0 0 0 0 0 0 0 ' ,96 ,1 ,24, 2
406 ,387, 389, '347 340 353 339 284 294 258 344 300 271 282 273 278 280 275 309 ' ,'0 0 0 0 0 0 0 0 0 0 0 0 0 0 0 0 ' ,98 ,1 ,27, 2
399 ,396, 383, '350 337 346 329 292 295 309 309 264 277 272 304 295 274 297 265 ' ,'0 0 0 0 0 0 0 0 0 0 0 0 0 0 0 0 ' ,91 ,1 ,22, 2
404 ,391, 389, '355 328 352 331 305 295 293 303 298 245 310 269 311 281 297 275 ' ,'0 0 0 0 0 0 0 0 0 0 0 0 0 0 0 0 ' ,115 ,1 ,23, 3
540 ,399, 525, '316 304 388 360 315 275 253 276 274 276 316 258 305 305 283 237 ' ,'0 0 0 0 0 0 0 0 0 0 0 0 0 0 0 0 ' ,156 ,1 ,127, 1
371 ,554, 353, '302 309 326 324 289 267 293 288 259 262 273 265 242 266 256 254 ' ,'0 0 0 0 0 0 0 0 0 0 0 0 0 0 0 0 ' ,87 ,1 ,17, 2
426 ,367, 411, '319 303 365 295 252 279 266 254 251 241 273 255 261 263 255 285 ' ,'0 0 0 0 0 0 0 0 0 0 0 0 0 0 0 0 ' ,125 ,1 ,35, 2
351 ,419, 336, '262 267 287 270 246 224 238 304 261 237 234 243 251 191 226 198 ' ,'0 0 0 0 0 0 0 0 0 0 0 0 0 0 0 0 ' ,117 ,1 ,22, 3
349 ,355, 333, '284 302 293 282 247 255 259 231 245 248 250 251 256 236 210 247 ' ,'0 0 0 0 0 0 0 0 0 0 0 0 0 0 0 0 ' ,97 ,1 ,17, 2
326 ,432, 310, '273 273 281 272 269 251 243 257 231 280 223 243 273 246 259 236 ' ,'0 0 0 0 0 0 0 0 0 0 0 0 0 0 0 0 ' ,61 ,1 ,18, 2
401 ,333, 386, '296 312 351 318 265 244 251 240 232 299 229 246 228 254 252 237 ' ,'0 0 0 0 0 0 0 0 0 0 0 0 0 0 0 0 ' ,126 ,2 ,23, 2
374 ,517, 360, '325 304 284 309 272 280 290 234 269 255 300 228 293 280 258 272 ' ,'0 0 0 0 0 0 0 0 0 0 0 0 0 0 0 0 ' ,100 ,1 ,24, 3
344 ,369, 328, '290 284 299 290 283 246 257 301 238 265 248 241 263 258 228 252 ' ,'0 0 0 0 0 0 0 0 0 0 0 0 0 0 0 0 ' ,72 ,2 ,17, 2
360 ,349, 347, '299 266 287 310 265 242 255 268 261 269 249 213 260 248 255 252 ' ,'0 0 0 0 0 0 0 0 0 0 0 0 0 0 0 0 ' ,96 ,1 ,28, 3
365 ,352, 350, '309 301 310 319 322 258 269 257 276 311 279 259 274 299 294 267 ' ,'0 0 0 0 0 0 0 0 0 0 0 0 0 0 0 0 ' ,68 ,1 ,18, 3
401 ,365, 387, '308 306 359 350 292 274 304 285 275 284 256 283 284 278 275 275 ' ,'0 0 0 0 0 0 0 0 0 0 0 0 0 0 0 0 ' ,104 ,1 ,20, 3
402 ,397, 386, '323 344 317 293 279 297 291 276 294 274 298 295 281 302 291 299 ' ,'0 0 0 0 0 0 0 0 0 0 0 0 0 0 0 0 ' ,73 ,1 ,31, 3
419 ,393, 404, '320 327 374 351 300 311 286 274 282 305 265 279 322 294 314 269 ' ,'0 0 0 0 0 0 0 0 0 0 0 0 0 0 0 0 ' ,112 ,2 ,21, 3
402 ,413, 385, '354 344 329 353 287 270 284 284 320 308 270 261 276 290 267 283 ' ,'0 0 0 0 0 0 0 0 0 0 0 0 0 0 0 0 ' ,98 ,2 ,19, 1
371 ,407, 356, '319 292 323 294 287 272 270 315 267 285 263 282 259 325 302 283 ' ,'0 0 0 0 0 0 0 0 0 0 0 0 0 0 0 0 ' ,65 ,0 ,23, 3
385 ,362, 371, '302 302 336 313 257 252 258 266 273 249 258 253 258 267 242 247 ' ,'0 0 0 0 0 0 0 0 0 0 0 0 0 0 0 0 ' ,96 ,1 ,23, 3
372 ,384, 355, '315 289 283 294 273 281 237 261 256 232 281 245 260 250 243 288 ' ,'0 0 0 0 0 0 0 0 0 0 0 0 0 0 0 0 ' ,86 ,2 ,29, 2
362 ,362, 345, '272 260 305 299 259 241 224 257 238 268 230 230 241 245 266 227 ' ,'0 0 0 0 0 0 0 0 0 0 0 0 0 0 0 0 ' ,85 ,1 ,28, 2
356 ,353, 339, '264 282 271 310 215 254 248 220 255 258 239 255 256 249 222 234 ' ,'0 0 0 0 0 0 0 0 0 0 0 0 0 0 0 0 ' ,95 ,1 ,21, 2
365 ,350, 340, '271 301 300 307 260 233 259 230 228 272 231 235 236 235 278 253 ' ,'0 0 0 0 0 0 0 0 0 0 0 0 0 0 0 0 ' ,87 ,1 ,21, 2
388 ,360, 373, '279 270 339 301 246 245 232 241 237 258 215 243 241 254 234 252 ' ,'0 0 0 0 0 0 0 0 0 0 0 0 0 0 0 0 ' ,128 ,1 ,23, 2
375 ,382, 360, '323 285 305 306 255 288 257 228 242 238 260 232 241 245 238 271 ' ,'0 0 0 0 0 0 0 0 0 0 0 0 0 0 0 0 ' ,100 ,2 ,27, 3
321 ,373, 305, '266 263 276 274 219 246 208 227 233 232 255 207 232 225 246 232 ' ,'0 0 0 0 0 0 0 0 0 0 0 0 0 0 0 0 ' ,69 ,1 ,20, 3
357 ,316, 342, '286 293 311 299 276 247 242 280 261 265 240 232 242 219 234 230 ' ,'0 0 0 0 0 0 0 0 0 0 0 0 0 0 0 0 ' ,96 ,1 ,19, 2
379 ,354, 361, '305 326 310 322 301 271 266 280 244 308 265 243 248 293 294 239 ' ,'0 0 0 0 0 0 0 0 0 0 0 0 0 0 0 0 ' ,93 ,1 ,26, 2
384 ,370, 368, '320 325 304 308 281 273 290 284 317 274 262 250 264 257 294 302 ' ,'0 0 0 0 0 0 0 0 0 0 0 0 0 0 0 0 ' ,84 ,1 ,22, 3
408 ,379, 394, '359 308 350 362 299 295 288 272 283 313 280 298 287 270 260 289 ' ,'0 0 0 0 0 0 0 0 0 0 0 0 0 0 0 0 ' ,102 ,2 ,22, 2
523 ,404, 508, '340 322 323 363 302 284 290 292 279 309 300 252 298 249 288 289 ' ,'0 0 0 0 0 0 0 0 0 0 0 0 0 0 0 0 ' ,117 ,2 ,136, 1
375 ,514, 359, '321 317 315 318 281 258 268 271 308 301 265 246 283 276 254 246 ' ,'0 0 0 0 0 0 0 0 0 0 0 0 0 0 0 0 ' ,83 ,1 ,21, 2
367 ,373, 352, '311 303 294 315 303 258 264 272 254 302 243 277 251 264 276 274 ' ,'0 0 0 0 0 0 0 0 0 0 0 0 0 0 0 0 ' ,77 ,1 ,24, 3
359 ,368, 344, '301 311 277 296 225 245 238 309 239 259 254 275 253 251 226 205 ' ,'0 0 0 0 0 0 0 0 0 0 0 0 0 0 0 0 ' ,113 ,2 ,20, 1
359 ,361, 342, '280 263 297 272 246 288 232 255 252 248 255 225 219 258 221 275 ' ,'0 0 0 0 0 0 0 0 0 0 0 0 0 0 0 0 ' ,80 ,1 ,35, 1
387 ,349, 369, '278 281 334 279 243 232 255 254 252 253 246 262 245 259 251 221 ' ,'0 0 0 0 0 0 0 0 0 0 0 0 0 0 0 0 ' ,118 ,2 ,21, 2
397 ,378, 382, '267 282 340 300 242 230 239 242 253 243 246 257 260 249 230 220 ' ,'0 0 0 0 0 0 0 0 0 0 0 0 0 0 0 0 ' ,126 ,1 ,31, 2
349 ,394, 332, '296 274 272 296 274 240 248 257 227 217 196 249 253 245 233 232 ' ,'0 0 0 0 0 0 0 0 0 0 0 0 0 0 0 0 ' ,105 ,1 ,24, 2
352 ,345, 336, '255 268 267 267 251 217 232 286 264 213 255 243 252 210 223 205 ' ,'0 0 0 0 0 0 0 0 0 0 0 0 0 0 0 0 ' ,85 ,2 ,41, 2
371 ,341, 355, '313 305 278 289 279 269 278 233 258 233 259 232 237 255 253 287 ' ,'0 0 0 0 0 0 0 0 0 0 0 0 0 0 0 0 ' ,85 ,2 ,29, 3
363 ,365, 348, '280 289 285 300 289 255 262 244 241 282 251 215 307 261 257 265 ' ,'0 0 0 0 0 0 0 0 0 0 0 0 0 0 0 0 ' ,96 ,2 ,28, 2
372 ,355, 358, '302 300 308 297 289 262 267 273 253 252 252 215 276 280 243 245 ' ,'0 0 0 0 0 0 0 0 0 0 0 0 0 0 0 0 ' ,99 ,1 ,36, 1
414 ,363, 399, '352 330 320 359 294 281 285 269 257 287 287 306 303 311 281 278 ' ,'0 0 0 0 0 0 0 0 0 0 0 0 0 0 0 0 ' ,107 ,2 ,27, 3
415 ,404, 401, '320 344 355 368 301 283 323 302 299 298 280 300 344 295 289 307 ' ,'0 0 0 0 0 0 0 0 0 0 0 0 0 0 0 0 ' ,91 ,2 ,22, 3
416 ,412, 399, '358 336 343 342 294 266 293 332 314 286 313 299 293 299 294 320 ' ,'0 0 0 0 0 0 0 0 0 0 0 0 0 0 0 0 ' ,96 ,1 ,29, 3
409 ,425, 392, '304 313 349 366 298 251 267 357 279 287 239 255 271 278 256 285 ' ,'0 0 0 0 0 0 0 0 0 0 0 0 0 0 0 0 ' ,126 ,1 ,16, 2
374 ,410, 354, '279 297 295 316 285 262 241 316 272 294 264 271 265 275 261 292 ' ,'0 0 0 0 0 0 0 0 0 0 0 0 0 0 0 0 ' ,76 ,1 ,27, 2
365 ,371, 350, '279 283 309 308 298 245 289 245 252 276 251 255 270 252 293 248 ' ,'0 0 0 0 0 0 0 0 0 0 0 0 0 0 0 0 ' ,68 ,1 ,29, 2
373 ,358, 358, '268 282 323 282 248 237 243 255 264 187 248 280 248 274 248 244 ' ,'0 0 0 0 0 0 0 0 0 0 0 0 0 0 0 0 ' ,140 ,2 ,17, 1
341 ,383, 323, '291 297 265 290 236 248 252 249 266 236 270 232 274 244 231 247 ' ,'0 0 0 0 0 0 0 0 0 0 0 0 0 0 0 0 ' ,67 ,1 ,8, 2
352 ,342, 334, '245 260 302 269 237 242 233 230 217 223 221 249 245 256 227 233 ' ,'0 0 0 0 0 0 0 0 0 0 0 0 0 0 0 0 ' ,89 ,2 ,21, 2
344 ,351, 327, '267 294 279 266 250 239 250 234 250 207 231 251 239 231 248 228 ' ,'0 0 0 0 0 0 0 0 0 0 0 0 0 0 0 0 ' ,89 ,2 ,22, 3
467 ,343, 448, '313 290 288 290 302 389 258 244 247 272 403 245 255 235 286 253 ' ,'0 0 0 0 0 0 0 0 0 0 0 0 0 0 0 0 ' ,174 ,2 ,34, 3
398 ,463, 378, '322 330 290 354 247 256 265 271 254 247 263 234 279 260 248 275 ' ,'0 0 0 0 0 0 0 0 0 0 0 0 0 0 0 0 ' ,117 ,2 ,16, 1
394 ,403, 375, '343 319 313 306 264 290 263 278 295 287 281 272 271 261 262 319 ' ,'0 0 0 0 0 0 0 0 0 0 0 0 0 0 0 0 ' ,88 ,2 ,20, 1
403 ,396, 385, '349 320 299 325 295 251 277 252 255 291 283 239 271 295 269 263 ' ,'0 0 0 0 0 0 0 0 0 0 0 0 0 0 0 0 ' ,109 ,2 ,23, 1
409 ,407, 391, '341 342 332 349 284 291 300 269 300 288 307 322 293 294 298 275 ' ,'0 0 0 0 0 0 0 0 0 0 0 0 0 0 0 0 ' ,89 ,2 ,28, 2
462 ,402, 446, '346 338 408 326 329 294 286 319 309 308 287 277 299 290 297 297 ' ,'0 0 0 0 0 0 0 0 0 0 0 0 0 0 0 0 ' ,134 ,1 ,27, 3
429 ,460, 413, '334 365 380 352 311 276 270 287 275 279 292 288 301 296 255 285 ' ,'0 0 0 0 0 0 0 0 0 0 0 0 0 0 0 0 ' ,125 ,2 ,23, 2
450 ,430, 433, '396 304 365 336 272 371 289 275 291 282 354 269 284 284 272 342 ' ,'0 0 0 0 0 0 0 0 0 0 0 0 0 0 0 0 ' ,129 ,2 ,26, 2
391 ,446, 375, '346 310 329 310 294 262 285 272 277 282 297 222 283 284 288 273 ' ,'0 0 0 0 0 0 0 0 0 0 0 0 0 0 0 0 ' ,128 ,2 ,15, 1
409 ,397, 394, '345 305 352 345 302 279 294 299 252 286 297 265 265 285 273 266 ' ,'0 0 0 0 0 0 0 0 0 0 0 0 0 0 0 0 ' ,107 ,2 ,22, 1
412 ,404, 394, '296 315 361 325 261 274 282 250 259 285 272 291 268 280 283 266 ' ,'0 0 0 0 0 0 0 0 0 0 0 0 0 0 0 0 ' ,116 ,1 ,18, 2
398 ,410, 379, '329 316 349 305 273 248 237 272 238 287 262 260 263 283 268 225 ' ,'0 0 0 0 0 0 0 0 0 0 0 0 0 0 0 0 ' ,132 ,1 ,20, 2
373 ,401, 358, '292 318 296 270 269 242 250 271 269 253 258 282 280 247 254 253 ' ,'0 0 0 0 0 0 0 0 0 0 0 0 0 0 0 0 ' ,81 ,2 ,24, 1
349 ,373, 331, '298 296 272 271 231 240 227 242 243 231 234 244 246 245 236 234 ' ,'0 0 0 0 0 0 0 0 0 0 0 0 0 0 0 0 ' ,72 ,2 ,22, 1
353 ,345, 331, '277 285 287 303 250 235 249 228 247 240 245 261 229 244 253 262 ' ,'0 0 0 0 0 0 0 0 0 0 0 0 0 0 0 0 ' ,76 ,1 ,19, 2
352 ,352, 334, '292 267 292 265 298 252 231 285 252 287 227 230 245 236 256 255 ' ,'0 0 0 0 0 0 0 0 0 0 0 0 0 0 0 0 ' ,74 ,2 ,23, 2
350 ,346, 333, '262 290 298 286 234 221 229 246 237 222 243 257 265 211 216 227 ' ,'0 0 0 0 0 0 0 0 0 0 0 0 0 0 0 0 ' ,92 ,1 ,25, 2
397 ,343, 379, '309 289 321 273 239 242 239 223 239 227 292 264 253 247 230 252 ' ,'0 0 0 0 0 0 0 0 0 0 0 0 0 0 0 0 ' ,104 ,2 ,41, 3
416 ,392, 398, '295 291 361 286 250 259 264 241 298 289 238 245 266 280 266 287 ' ,'0 0 0 0 0 0 0 0 0 0 0 0 0 0 0 0 ' ,125 ,1 ,27, 2
406 ,416, 388, '320 314 339 355 257 270 291 276 336 264 262 243 323 260 269 262 ' ,'0 0 0 0 0 0 0 0 0 0 0 0 0 0 0 0 ' ,110 ,1 ,17, 3
417 ,403, 400, '311 299 358 340 328 278 295 347 305 344 290 266 279 288 309 288 ' ,'0 0 0 0 0 0 0 0 0 0 0 0 0 0 0 0 ' ,95 ,1 ,29, 2
400 ,424, 384, '332 341 311 328 295 273 285 288 288 260 308 278 285 269 285 273 ' ,'0 0 0 0 0 0 0 0 0 0 0 0 0 0 0 0 ' ,84 ,2 ,28, 1
389 ,394, 372, '333 287 330 320 278 273 289 269 285 287 276 268 243 267 261 282 ' ,'0 0 0 0 0 0 0 0 0 0 0 0 0 0 0 0 ' ,95 ,2 ,15, 1
367 ,398, 351, '301 292 309 317 248 279 259 267 269 231 245 262 259 244 278 253 ' ,'0 0 0 0 0 0 0 0 0 0 0 0 0 0 0 0 ' ,83 ,2 ,22, 1
377 ,362, 360, '305 312 293 281 259 249 269 270 248 265 258 246 269 257 268 249 ' ,'0 0 0 0 0 0 0 0 0 0 0 0 0 0 0 0 ' ,72 ,2 ,28, 2
359 ,368, 341, '283 298 311 279 258 249 246 231 245 248 238 249 223 250 243 251 ' ,'0 0 0 0 0 0 0 0 0 0 0 0 0 0 0 0 ' ,94 ,2 ,17, 1
333 ,362, 311, '268 273 276 277 258 227 212 239 247 238 267 226 230 231 236 239 ' ,'0 0 0 0 0 0 0 0 0 0 0 0 0 0 0 0 ' ,67 ,2 ,21, 1
355 ,333, 337, '282 273 296 291 228 251 236 259 256 232 277 234 229 237 239 264 ' ,'0 0 0 0 0 0 0 0 0 0 0 0 0 0 0 0 ' ,74 ,2 ,30, 2
346 ,350, 329, '247 286 245 272 247 220 222 233 259 262 243 245 271 237 230 240 ' ,'0 0 0 0 0 0 0 0 0 0 0 0 0 0 0 0 ' ,72 ,1 ,27, 2
380 ,343, 362, '282 262 315 290 234 236 245 234 240 251 231 230 221 228 232 227 ' ,'0 0 0 0 0 0 0 0 0 0 0 0 0 0 0 0 ' ,105 ,14 ,21, 3
387 ,375, 369, '287 275 328 273 255 219 236 226 238 260 220 204 230 243 247 230 ' ,'0 0 0 0 0 0 0 0 0 0 0 0 0 0 0 0 ' ,126 ,2 ,28, 2
309 ,378, 293, '240 246 262 262 215 217 234 227 254 201 224 218 228 258 234 206 ' ,'0 0 0 0 0 0 0 0 0 0 0 0 0 0 0 0 ' ,63 ,1 ,17, 1
338 ,312, 322, '290 252 282 243 202 252 228 206 189 195 254 214 186 217 207 268 ' ,'0 0 0 0 0 0 0 0 0 0 0 0 0 0 0 0 ' ,110 ,2 ,17, 1
332 ,346, 308, '248 256 259 272 208 195 224 226 217 225 237 228 224 229 193 186 ' ,'0 0 0 0 0 0 0 0 0 0 0 0 0 0 0 0 ' ,90 ,1 ,32, 1
329 ,329, 314, '275 261 277 262 241 240 247 256 219 218 220 220 265 230 258 222 ' ,'0 0 0 0 0 0 0 0 0 0 0 0 0 0 0 0 ' ,64 ,1 ,23, 2
364 ,329, 346, '265 269 316 268 208 218 236 253 234 296 210 211 236 222 267 249 ' ,'0 0 0 0 0 0 0 0 0 0 0 0 0 0 0 0 ' ,111 ,1 ,22, 1
385 ,363, 366, '298 311 302 328 283 241 268 275 277 239 267 265 313 261 259 255 ' ,'0 0 0 0 0 0 0 0 0 0 0 0 0 0 0 0 ' ,93 ,2 ,26, 1
422 ,379, 402, '362 326 356 326 277 312 280 310 247 253 317 284 275 278 286 312 ' ,'0 0 0 0 0 0 0 0 0 0 0 0 0 0 0 0 ' ,124 ,2 ,26, 4
404 ,421, 385, '344 314 327 344 286 271 271 295 292 301 285 252 343 281 291 300 ' ,'0 0 0 0 0 0 0 0 0 0 0 0 0 0 0 0 ' ,99 ,2 ,19, 2
445 ,408, 428, '299 350 360 330 307 297 280 283 314 294 260 314 365 295 281 291 ' ,'0 0 0 0 0 0 0 0 0 0 0 0 0 0 0 0 ' ,112 ,2 ,50, 2
379 ,435, 363, '328 327 314 310 285 275 269 240 279 312 269 258 274 290 280 252 ' ,'0 0 0 0 0 0 0 0 0 0 0 0 0 0 0 0 ' ,97 ,2 ,19, 4
355 ,404, 338, '292 299 308 304 251 261 259 275 253 255 256 269 235 275 270 262 ' ,'0 0 0 0 0 0 0 0 0 0 0 0 0 0 0 0 ' ,75 ,2 ,14, 2
400 ,379, 385, '344 293 339 308 241 250 248 246 261 261 249 262 242 265 272 279 ' ,'0 0 0 0 0 0 0 0 0 0 0 0 0 0 0 0 ' ,109 ,2 ,27, 3
346 ,412, 329, '234 303 293 289 237 230 248 247 267 243 250 218 283 269 257 252 ' ,'0 0 0 0 0 0 0 0 0 0 0 0 0 0 0 0 ' ,80 ,2 ,12, 2
348 ,356, 330, '270 283 290 261 223 233 218 256 264 193 223 218 231 230 249 269 ' ,'0 0 0 0 0 0 0 0 0 0 0 0 0 0 0 0 ' ,96 ,2 ,28, 2
351 ,342, 331, '268 256 301 277 226 211 253 262 219 226 222 248 277 228 252 221 ' ,'0 0 0 0 0 0 0 0 0 0 0 0 0 0 0 0 ' ,89 ,2 ,16, 2
327 ,359, 309, '265 237 282 237 266 214 240 233 249 230 255 249 234 251 231 235 ' ,'0 0 0 0 0 0 0 0 0 0 0 0 0 0 0 0 ' ,71 ,2 ,17, 2
347 ,334, 332, '292 260 268 266 225 267 238 248 254 240 252 201 230 268 229 248 ' ,'0 0 0 0 0 0 0 0 0 0 0 0 0 32 0 0 ' ,96 ,2 ,25, 1
366 ,355, 348, '286 302 281 323 256 236 217 248 247 249 248 241 291 260 235 247 ' ,'0 0 0 0 0 0 0 0 0 0 0 0 0 0 0 0 ' ,110 ,2 ,14, 3
396 ,374, 380, '317 316 349 308 290 280 246 334 301 282 249 256 254 302 306 268 ' ,'0 0 0 0 0 0 0 63 0 0 0 0 0 0 0 0 ' ,105 ,2 ,19, 3
390 ,413, 375, '294 321 293 351 327 265 281 283 261 277 281 265 216 294 282 246 ' ,'0 0 0 0 0 0 0 0 0 0 0 0 0 0 0 0 ' ,136 ,1 ,13, 3
387 ,408, 368, '331 304 321 334 264 233 270 294 288 275 268 247 305 297 251 273 ' ,'0 0 0 0 0 0 0 0 0 0 0 0 0 0 0 0 ' ,109 ,2 ,20, 3
414 ,393, 397, '363 342 371 345 310 317 279 305 297 296 340 263 320 312 242 296 ' ,'0 0 0 0 0 0 0 0 0 0 0 0 0 0 0 0 ' ,132 ,1 ,16, 3
454 ,422, 437, '349 349 334 332 313 296 285 314 303 286 286 289 348 298 257 274 ' ,'0 0 0 0 0 0 0 0 0 0 0 0 0 0 0 0 ' ,117 ,16 ,54, 3
404 ,474, 388, '337 316 334 305 321 296 295 319 291 296 264 290 291 242 269 267 ' ,'0 0 0 0 0 0 0 0 0 0 0 0 0 0 0 0 ' ,103 ,2 ,37, 3
418 ,431, 401, '314 325 368 344 282 255 289 287 266 264 238 261 289 294 321 283 ' ,'0 0 0 0 0 0 0 0 0 0 0 0 0 0 0 0 ' ,131 ,2 ,18, 3
392 ,433, 371, '326 317 340 307 248 274 264 287 266 257 259 253 316 244 261 265 ' ,'0 0 0 0 0 0 0 0 0 0 0 0 0 0 0 0 ' ,103 ,2 ,19, 2
385 ,395, 369, '301 308 341 301 263 272 218 240 280 269 257 271 261 284 262 264 ' ,'0 0 0 0 0 0 0 0 0 0 0 0 0 0 0 0 ' ,126 ,2 ,16, 2
352 ,396, 336, '270 249 279 302 227 240 250 236 233 243 254 258 272 245 261 260 ' ,'0 0 0 0 0 0 0 0 0 0 0 0 0 0 0 0 ' ,86 ,2 ,14, 1
339 ,361, 321, '263 255 275 294 229 247 257 251 212 243 209 252 269 230 237 246 ' ,'0 0 0 0 0 0 0 0 0 0 0 0 0 0 0 0 ' ,86 ,2 ,15, 2
332 ,351, 315, '278 278 276 281 250 219 233 249 234 231 207 239 261 241 246 207 ' ,'0 0 0 0 0 0 0 0 0 0 0 0 0 0 0 0 ' ,81 ,2 ,21, 3
376 ,373, 360, '293 236 302 290 247 230 230 221 241 208 224 238 239 222 234 235 ' ,'0 0 0 0 0 0 0 0 0 0 0 0 0 0 0 0 ' ,106 ,2 ,38, 4
335 ,367, 318, '262 275 257 294 206 241 230 266 219 236 239 221 224 238 236 232 ' ,'0 0 0 0 0 0 0 0 0 0 0 0 0 0 0 0 ' ,90 ,2 ,14, 2
362 ,352, 342, '277 263 314 255 194 213 232 230 255 226 222 196 230 223 223 192 ' ,'0 0 0 0 0 0 0 0 0 0 0 0 0 0 0 0 ' ,129 ,3 ,14, 2
325 ,366, 309, '253 272 260 281 226 218 259 248 227 217 248 236 231 243 217 235 ' ,'0 0 0 0 0 0 0 0 0 0 0 0 0 0 0 0 ' ,69 ,2 ,13, 2
395 ,332, 376, '308 281 347 264 269 264 277 279 239 281 254 258 268 263 233 265 ' ,'0 0 0 0 0 0 0 0 0 0 0 0 0 0 0 0 ' ,117 ,2 ,14, 2
381 ,402, 357, '319 335 299 308 273 248 253 269 262 273 251 249 306 253 245 272 ' ,'0 0 0 0 0 0 0 0 0 0 0 0 0 0 0 0 ' ,94 ,2 ,16, 3
403 ,433, 387, '353 321 327 331 290 313 264 272 276 249 308 261 258 279 278 304 ' ,'0 0 0 0 0 0 0 0 0 0 0 0 0 0 0 0 ' ,111 ,2 ,19, 3
396 ,416, 381, '273 337 313 336 288 273 284 334 298 249 267 246 277 263 274 273 ' ,'0 0 0 0 0 0 0 0 0 0 0 0 0 0 0 0 ' ,95 ,1 ,29, 2
409 ,391, 392, '321 325 337 364 288 291 303 317 274 294 279 277 285 256 292 285 ' ,'0 0 0 0 0 0 0 0 0 0 0 0 0 0 0 0 ' ,112 ,2 ,18, 3
431 ,422, 416, '358 377 384 365 264 303 288 283 301 345 317 307 306 268 323 310 ' ,'0 0 0 0 0 0 0 0 0 0 0 0 0 0 0 0 ' ,127 ,2 ,17, 3
413 ,447, 394, '358 357 361 351 312 292 308 355 298 311 270 276 309 271 302 289 ' ,'0 0 0 0 0 0 0 0 0 0 0 0 0 0 0 0 ' ,101 ,2 ,19, 3
440 ,431, 419, '390 350 342 356 295 333 285 355 303 324 338 271 305 285 307 325 ' ,'0 0 0 0 0 0 0 0 0 0 0 0 0 0 0 0 ' ,129 ,1 ,15, 3
405 ,446, 388, '356 317 317 315 298 302 284 333 317 273 271 280 286 292 305 241 ' ,'0 0 0 0 0 0 0 0 0 0 0 0 0 0 0 0 ' ,124 ,2 ,18, 3
398 ,415, 380, '331 282 332 348 296 280 264 266 302 257 303 262 310 297 303 289 ' ,'0 0 0 0 0 0 0 0 0 0 0 0 0 0 0 0 ' ,97 ,2 ,15, 3
369 ,409, 351, '300 321 323 310 307 280 288 233 263 307 268 276 307 259 293 245 ' ,'0 0 0 0 0 0 0 0 0 0 0 0 0 0 0 0 ' ,97 ,2 ,14, 2
417 ,378, 399, '289 297 351 284 266 276 235 274 268 262 263 238 259 281 263 235 ' ,'0 0 0 0 0 0 0 0 0 0 0 0 0 0 0 0 ' ,120 ,2 ,35, 3
386 ,405, 371, '330 275 292 288 231 266 252 230 235 221 263 252 259 220 225 263 ' ,'0 0 0 0 0 0 0 0 0 0 0 0 0 0 0 0 ' ,117 ,2 ,26, 3
341 ,396, 326, '293 270 287 288 257 242 215 267 267 249 224 238 253 233 278 237 ' ,'0 0 0 0 0 0 0 0 0 0 0 0 0 0 0 0 ' ,81 ,2 ,20, 4
333 ,348, 317, '276 280 290 283 222 237 259 246 228 222 223 255 234 235 244 237 ' ,'0 0 0 0 0 0 0 0 0 0 0 0 0 0 0 0 ' ,73 ,2 ,16, 2
464 ,347, 447, '295 277 289 288 238 419 209 226 255 232 248 257 228 239 227 263 ' ,'0 0 0 0 0 153083 0 0 0 0 0 0 0 0 0 0 ' ,212 ,2 ,15, 2
