174 ,0, 106, '22 40 25 31 29 37 35 48 29 44 49 52 28 49 36 44 37 47 60 32 ' ,'0 0 0 0 0 0 0 0 0 0 0 0 0 0 0 0 0 0 0 0 ' ,49 ,1 ,9, 9
455 ,145, 432, '244 331 303 314 297 292 379 365 315 307 317 376 289 324 272 295 351 330 316 284 ' ,'0 0 0 0 0 0 0 0 0 0 0 0 0 0 0 0 0 0 0 0 ' ,150 ,3 ,24, 2
223 ,510, 198, '117 98 108 132 115 114 121 119 138 174 107 104 127 135 121 104 131 134 120 128 ' ,'0 0 0 0 0 0 0 0 0 0 0 0 0 0 0 0 0 0 0 0 ' ,85 ,1 ,8, 3
939 ,730, 916, '126 117 140 130 154 140 130 136 144 123 128 120 132 127 123 122 129 123 860 136 ' ,'0 0 0 0 0 0 0 0 0 0 0 0 0 0 0 0 0 0 0 0 ' ,155 ,2 ,18, 3
231 ,1313, 198, '130 135 154 134 118 132 134 145 165 128 136 130 147 111 136 140 117 129 133 124 ' ,'0 0 0 0 0 0 0 0 0 0 0 0 0 0 0 0 0 0 0 0 ' ,61 ,1 ,14, 4
209 ,326, 181, '125 123 123 131 125 101 124 146 127 133 110 155 114 156 133 134 128 109 118 127 ' ,'0 0 0 0 0 0 0 0 0 0 0 0 0 0 0 0 0 0 0 0 ' ,62 ,2 ,9, 0
208 ,195, 183, '129 126 133 139 122 142 146 143 166 128 167 144 137 158 119 149 133 172 152 140 ' ,'0 0 0 0 0 0 0 0 0 0 0 0 0 0 0 0 0 0 0 0 ' ,52 ,1 ,7, 1
253 ,295, 233, '129 129 114 132 160 119 125 132 148 151 116 140 152 134 131 140 131 155 152 134 ' ,'0 0 0 0 0 0 0 0 0 0 0 0 0 0 0 0 0 0 0 0 ' ,100 ,3 ,8, 0
343 ,248, 317, '207 141 141 134 134 174 137 109 139 117 202 167 117 132 122 215 144 177 146 125 ' ,'0 0 0 0 0 0 0 0 0 0 0 0 0 0 0 0 0 0 0 0 ' ,109 ,2 ,95, 1
223 ,331, 202, '123 130 114 124 128 138 120 135 157 139 129 127 172 138 105 128 122 124 162 159 ' ,'0 0 0 0 0 0 0 0 0 0 0 0 0 0 0 0 0 0 0 0 ' ,75 ,3 ,16, 1
185 ,218, 164, '124 118 99 118 114 118 125 107 127 112 105 127 125 130 118 123 131 130 146 127 ' ,'0 0 0 0 0 0 0 0 0 0 0 0 0 0 0 0 0 0 0 0 ' ,48 ,2 ,7, 0
233 ,248, 200, '143 134 123 145 135 124 107 166 130 105 125 91 171 158 124 138 121 183 141 119 ' ,'0 0 0 0 0 0 0 0 0 0 0 0 0 0 0 0 0 0 0 0 ' ,86 ,2 ,9, 1
227 ,380, 202, '129 124 107 122 129 135 115 124 111 101 121 139 165 112 186 132 159 116 126 122 ' ,'0 0 0 0 0 0 0 0 0 0 0 0 0 0 0 0 0 0 0 0 ' ,88 ,3 ,10, 0
269 ,316, 254, '171 150 125 168 118 167 142 130 108 142 168 132 134 121 141 164 104 182 183 144 ' ,'0 0 0 0 0 0 0 0 0 0 0 0 0 0 0 0 0 0 0 0 ' ,82 ,3 ,56, 1
250 ,302, 234, '155 185 160 129 146 187 162 211 185 187 177 174 169 146 205 170 179 148 207 191 ' ,'0 0 0 0 0 0 0 0 0 0 0 0 0 0 0 0 0 0 0 0 ' ,78 ,2 ,10, 1
208 ,239, 188, '123 158 173 127 144 144 165 140 137 125 140 154 144 126 147 144 150 131 139 130 ' ,'0 0 0 0 0 0 0 0 0 0 0 0 0 0 0 0 0 0 0 0 ' ,54 ,4 ,6, 1
301 ,198, 285, '194 237 231 212 181 200 230 255 225 192 184 203 250 242 212 213 182 173 264 181 ' ,'0 0 0 0 0 0 0 0 0 0 0 0 0 0 0 0 0 0 0 0 ' ,90 ,2 ,5, 1
184 ,292, 170, '123 147 131 111 133 132 130 106 130 120 138 139 154 150 133 157 134 133 152 145 ' ,'0 0 0 0 0 0 0 0 0 0 0 0 0 0 0 0 0 0 0 0 ' ,52 ,1 ,4, 1
259 ,183, 244, '212 140 164 151 200 219 155 154 139 184 223 137 160 147 189 210 156 156 150 195 ' ,'0 0 0 0 0 0 0 0 0 0 0 0 0 0 0 0 0 0 0 0 ' ,87 ,1 ,9, 1
236 ,275, 218, '144 117 162 136 139 136 167 137 134 143 148 146 141 135 195 158 146 161 128 149 ' ,'0 0 0 0 0 0 0 0 0 0 0 0 0 0 0 0 0 0 0 0 ' ,85 ,4 ,7, 2
203 ,226, 189, '136 142 134 137 160 151 168 149 128 154 134 107 140 155 147 155 155 156 126 160 ' ,'0 0 0 0 0 0 0 0 0 0 0 0 0 0 0 0 0 0 0 0 ' ,62 ,0 ,9, 2
201 ,194, 185, '106 115 169 138 123 134 155 137 132 142 146 137 136 135 128 137 119 138 146 113 ' ,'0 0 0 0 0 0 0 0 0 0 0 0 0 0 0 0 0 0 0 0 ' ,63 ,0 ,9, 1
192 ,190, 175, '134 128 137 128 130 112 139 162 135 120 111 126 120 139 110 141 138 126 135 132 ' ,'0 0 0 0 0 0 0 0 0 0 0 0 0 0 0 0 0 0 0 0 ' ,51 ,1 ,6, 1
237 ,184, 217, '163 146 119 130 203 144 144 119 122 170 138 136 133 117 137 139 147 133 138 161 ' ,'0 0 0 0 0 0 0 0 0 0 0 0 0 0 0 0 0 0 0 0 ' ,87 ,1 ,7, 1
191 ,233, 173, '133 136 131 130 157 132 101 125 135 140 135 127 153 118 130 132 139 119 133 132 ' ,'0 0 0 0 0 0 0 0 0 0 0 0 0 0 0 0 0 0 0 0 ' ,60 ,1 ,5, 1
201 ,182, 181, '142 146 129 122 153 155 144 147 134 124 133 150 150 144 126 130 119 100 103 125 ' ,'0 0 0 0 0 0 0 0 0 0 0 0 0 0 0 0 0 0 0 0 ' ,57 ,1 ,2, 0
196 ,192, 179, '127 110 126 124 113 115 135 160 139 156 112 122 125 102 140 157 144 111 147 136 ' ,'0 0 0 0 0 0 0 0 0 0 0 0 0 0 0 0 0 0 0 0 ' ,61 ,1 ,8, 0
191 ,216, 177, '123 116 132 117 122 120 121 127 110 142 121 131 148 118 120 111 139 119 132 130 ' ,'0 0 0 0 0 0 0 0 0 0 0 0 0 0 0 0 0 0 0 0 ' ,50 ,1 ,10, 1
242 ,219, 226, '147 119 120 132 138 147 110 148 101 166 138 123 132 119 205 151 133 123 130 198 ' ,'0 0 0 0 0 0 0 0 0 0 0 0 0 0 0 0 0 0 0 0 ' ,106 ,1 ,10, 1
180 ,252, 163, '131 120 147 112 127 129 134 128 131 125 119 146 145 120 124 126 124 136 110 139 ' ,'0 0 0 0 0 0 0 0 0 0 0 0 0 0 0 0 0 0 0 0 ' ,39 ,1 ,7, 1
190 ,208, 173, '115 113 114 113 106 111 105 116 105 109 105 107 112 123 121 126 147 153 102 110 ' ,'0 0 0 0 0 0 0 0 0 0 0 0 0 0 0 0 0 0 0 0 ' ,52 ,0 ,4, 1
192 ,180, 176, '116 109 144 118 129 111 124 117 106 118 119 116 101 112 133 120 153 124 135 120 ' ,'0 0 0 0 0 0 0 0 0 0 0 0 0 0 0 0 0 0 0 0 ' ,53 ,1 ,8, 1
184 ,184, 163, '137 123 124 135 128 135 135 151 127 130 128 139 129 129 138 131 137 145 134 137 ' ,'0 0 0 0 0 0 0 0 0 0 0 0 0 0 0 0 0 0 0 0 ' ,25 ,1 ,9, 1
206 ,191, 186, '135 172 148 146 149 169 151 146 138 143 139 162 140 144 153 152 136 155 153 163 ' ,'0 0 0 0 0 0 0 0 0 0 0 0 0 0 0 0 0 0 0 0 ' ,39 ,1 ,6, 1
210 ,224, 184, '140 148 164 159 146 120 142 144 135 151 152 124 146 126 143 133 162 138 132 166 ' ,'0 0 0 0 0 0 0 0 0 0 0 0 0 0 0 0 0 0 0 0 ' ,54 ,1 ,10, 1
208 ,193, 188, '157 143 126 141 146 138 137 145 141 127 124 132 170 145 122 135 145 139 159 146 ' ,'0 0 0 0 0 0 0 0 0 0 0 0 0 0 0 0 0 0 0 0 ' ,52 ,1 ,8, 2
203 ,200, 182, '136 138 136 147 145 135 136 133 133 149 148 140 161 145 148 137 131 150 147 147 ' ,'0 0 0 0 0 0 0 0 0 0 0 0 0 0 0 0 0 0 0 0 ' ,40 ,1 ,4, 2
225 ,194, 207, '126 131 126 137 160 140 125 146 129 165 122 134 122 139 154 140 156 154 162 195 ' ,'0 0 0 0 0 0 0 0 0 0 0 0 0 0 0 0 0 0 0 0 ' ,73 ,1 ,6, 1
223 ,222, 202, '130 115 121 116 185 118 114 98 113 188 129 121 136 148 170 137 136 121 143 128 ' ,'0 0 0 0 0 0 0 0 0 0 0 0 0 0 0 0 0 0 0 0 ' ,96 ,1 ,6, 0
184 ,214, 158, '112 116 103 111 116 129 105 117 119 136 125 105 117 114 140 124 151 131 127 119 ' ,'0 0 0 0 0 0 0 0 0 0 0 0 0 0 0 0 0 0 0 0 ' ,53 ,0 ,5, 1
190 ,176, 168, '134 120 112 146 137 125 127 123 133 122 113 119 135 132 147 129 129 103 155 130 ' ,'0 0 0 0 0 0 0 0 0 0 0 0 0 0 0 0 0 0 0 0 ' ,55 ,1 ,7, 1
183 ,182, 156, '121 126 119 122 116 97 131 135 122 142 123 123 139 128 127 142 111 142 99 133 ' ,'0 0 0 0 0 0 0 0 0 0 0 0 0 0 0 0 0 0 0 0 ' ,56 ,0 ,8, 1
196 ,173, 178, '151 123 144 148 161 130 123 150 140 155 137 121 106 141 166 145 134 120 129 139 ' ,'0 0 0 0 0 0 0 0 0 0 0 0 0 0 0 0 0 0 0 0 ' ,58 ,1 ,6, 0
219 ,189, 195, '128 135 131 177 183 151 115 119 143 168 158 125 124 123 160 147 109 134 143 169 ' ,'0 0 0 0 0 0 0 0 0 0 0 0 0 0 0 0 0 0 0 0 ' ,75 ,1 ,5, 2
177 ,231, 155, '129 112 122 132 144 120 125 128 136 129 118 128 136 117 136 132 133 124 116 132 ' ,'0 0 0 0 0 0 0 0 0 0 0 0 0 0 0 0 0 0 0 0 ' ,34 ,1 ,4, 1
166 ,170, 149, '119 111 115 118 119 126 119 117 119 103 127 125 123 126 132 108 126 127 134 131 ' ,'0 0 0 0 0 0 0 0 0 0 0 0 0 0 0 0 0 0 0 0 ' ,32 ,1 ,7, 1
179 ,157, 161, '126 129 117 131 135 121 124 126 120 132 118 128 122 117 123 133 127 144 126 117 ' ,'0 0 0 0 0 0 0 0 0 0 0 0 0 0 0 0 0 0 0 0 ' ,32 ,1 ,7, 1
190 ,170, 167, '121 130 121 137 153 118 134 116 133 128 126 122 123 122 130 127 124 126 129 126 ' ,'0 0 0 0 0 0 0 0 0 0 0 0 0 0 0 0 0 0 0 0 ' ,42 ,1 ,7, 1
257 ,199, 240, '187 116 106 143 204 156 136 126 133 207 184 92 118 145 213 165 118 159 116 223 ' ,'0 0 0 0 0 0 0 0 0 0 0 0 0 0 0 0 0 0 0 0 ' ,130 ,0 ,8, 1
178 ,285, 161, '125 125 121 144 135 124 132 120 132 150 106 108 118 134 131 112 122 127 133 127 ' ,'0 0 0 0 0 0 0 0 0 0 0 0 0 0 0 0 0 0 0 0 ' ,46 ,1 ,4, 2
193 ,175, 175, '146 123 134 130 125 126 137 133 139 121 130 128 124 161 132 132 129 140 142 137 ' ,'0 0 0 0 0 0 0 0 0 0 0 0 0 0 0 0 0 0 0 0 ' ,40 ,0 ,9, 1
186 ,186, 164, '132 140 138 148 123 135 125 135 135 132 147 128 133 143 139 145 144 130 137 128 ' ,'0 0 0 0 0 0 0 0 0 0 0 0 0 0 0 0 0 0 0 0 ' ,35 ,1 ,3, 1
201 ,179, 184, '139 145 138 162 139 163 138 143 133 129 135 135 117 116 153 136 122 138 152 152 ' ,'0 0 0 0 0 0 0 0 0 0 0 0 0 0 0 0 0 0 0 0 ' ,48 ,0 ,10, 2
256 ,191, 239, '188 137 127 113 136 213 129 124 135 150 222 144 145 146 137 223 153 133 126 153 ' ,'0 0 0 0 0 0 0 0 0 0 0 0 0 0 0 0 0 0 0 0 ' ,109 ,0 ,10, 0
176 ,251, 159, '131 129 111 137 138 118 131 127 142 138 121 144 132 132 148 134 118 146 133 133 ' ,'0 0 0 0 0 0 0 0 0 0 0 0 0 0 0 0 0 0 0 0 ' ,41 ,0 ,3, 0
200 ,198, 181, '131 147 146 157 124 148 142 169 140 138 148 131 145 143 142 132 148 135 154 124 ' ,'0 0 0 0 0 0 0 0 0 0 0 0 0 0 0 0 0 0 0 0 ' ,46 ,1 ,7, 0
199 ,194, 179, '121 145 139 137 128 147 108 145 130 136 133 115 134 127 148 130 132 155 146 129 ' ,'0 0 0 0 0 0 0 0 0 0 0 0 0 0 0 0 0 0 0 0 ' ,56 ,0 ,9, 1
216 ,192, 199, '162 141 173 129 127 143 142 155 136 112 146 161 139 175 148 122 140 129 157 129 ' ,'0 0 0 0 0 0 0 0 0 0 0 0 0 0 0 0 0 0 0 0 ' ,68 ,1 ,5, 1
209 ,210, 190, '147 108 136 145 154 158 152 135 147 163 152 143 150 145 163 171 126 174 144 171 ' ,'0 0 0 0 0 0 0 0 0 0 0 0 0 0 0 0 0 0 0 0 ' ,71 ,0 ,9, 1
224 ,317, 205, '129 132 134 138 135 127 123 137 116 138 119 187 144 139 135 106 127 137 154 135 ' ,'0 0 0 0 0 0 0 0 0 0 0 0 0 0 0 0 0 0 0 0 ' ,88 ,1 ,8, 1
199 ,215, 182, '130 135 137 146 136 117 137 129 120 137 126 135 137 130 161 128 142 151 136 136 ' ,'0 0 0 0 0 0 0 0 0 0 0 0 0 0 0 0 0 0 0 0 ' ,54 ,1 ,7, 1
195 ,229, 175, '122 121 141 148 128 129 133 127 127 128 118 127 136 133 122 140 130 138 124 133 ' ,'0 0 0 0 0 0 0 0 0 0 0 0 0 0 0 0 0 0 0 0 ' ,32 ,1 ,24, 1
175 ,213, 155, '126 126 118 143 140 127 132 139 107 118 124 122 131 143 130 132 125 118 135 111 ' ,'0 0 0 0 0 0 0 0 0 0 0 0 0 0 0 0 0 0 0 0 ' ,39 ,0 ,7, 1
185 ,167, 164, '131 110 126 144 137 151 121 118 128 151 129 98 104 120 131 130 120 122 120 146 ' ,'0 0 0 0 0 0 0 0 0 0 0 0 0 0 0 0 0 0 0 0 ' ,54 ,1 ,6, 1
171 ,176, 151, '120 132 117 108 132 133 122 120 125 123 114 124 132 104 111 124 110 138 121 127 ' ,'0 0 0 0 0 0 0 0 0 0 0 0 0 0 0 0 0 0 0 0 ' ,36 ,0 ,8, 1
169 ,167, 150, '124 125 124 102 120 121 135 127 124 122 113 128 126 122 123 120 129 128 133 115 ' ,'0 0 0 0 0 0 0 0 0 0 0 0 0 0 0 0 0 0 0 0 ' ,35 ,0 ,8, 0
198 ,184, 180, '125 110 114 101 128 121 130 153 122 117 130 108 128 121 119 134 132 130 126 107 ' ,'0 0 0 0 0 0 0 0 0 0 0 0 0 0 0 0 0 0 0 0 ' ,52 ,1 ,21, 0
206 ,201, 181, '118 122 127 141 140 126 127 142 133 161 124 129 172 109 107 99 113 131 102 136 ' ,'0 0 0 0 0 0 0 0 0 0 0 0 0 0 0 0 0 0 0 0 ' ,76 ,1 ,6, 1
341 ,203, 324, '146 120 125 122 167 140 124 165 124 152 110 118 132 105 147 141 117 132 119 150 ' ,'0 0 0 0 0 0 0 0 0 0 0 0 0 0 0 0 0 0 0 0 ' ,205 ,0 ,9, 1
219 ,363, 200, '127 130 130 145 138 127 109 147 137 135 126 133 128 127 117 129 120 141 158 138 ' ,'0 0 0 0 0 0 0 0 0 0 0 0 0 0 0 0 0 0 0 0 ' ,47 ,1 ,31, 1
192 ,209, 172, '120 127 137 150 131 126 143 141 137 143 137 128 141 157 140 145 135 118 144 156 ' ,'0 0 0 0 0 0 0 0 0 0 0 0 0 0 0 0 0 0 0 0 ' ,41 ,0 ,7, 1
192 ,208, 176, '113 137 163 149 120 118 148 105 121 148 132 140 134 159 141 143 135 125 112 140 ' ,'0 0 0 0 0 0 0 0 0 0 0 0 0 0 0 0 0 0 0 0 ' ,58 ,0 ,7, 1
211 ,227, 181, '134 118 177 145 120 137 143 145 146 145 141 142 132 148 150 139 142 144 138 141 ' ,'0 0 0 0 0 0 0 0 0 0 0 0 0 0 0 0 0 0 0 0 ' ,60 ,0 ,10, 1
223 ,236, 202, '132 121 138 141 172 145 135 148 131 151 146 128 122 142 173 131 132 186 135 163 ' ,'0 0 0 0 0 0 0 0 0 0 0 0 0 0 0 0 0 0 0 0 ' ,67 ,1 ,8, 1
197 ,215, 179, '136 133 143 144 146 133 138 148 137 155 125 135 131 131 139 123 138 127 153 166 ' ,'0 0 0 0 0 0 0 0 0 0 0 0 0 0 0 0 0 0 0 0 ' ,46 ,0 ,7, 1
197 ,189, 178, '102 132 139 135 127 123 137 126 120 115 126 127 159 113 124 125 124 164 122 122 ' ,'0 0 0 0 0 0 0 0 0 0 0 0 0 0 0 0 0 0 0 0 ' ,65 ,1 ,8, 1
210 ,187, 192, '117 129 177 135 113 110 106 130 117 121 123 120 154 121 130 126 127 132 118 125 ' ,'0 0 0 0 0 0 0 0 0 0 0 0 0 0 0 0 0 0 0 0 ' ,67 ,1 ,10, 1
197 ,201, 177, '122 113 152 110 126 123 133 164 113 121 123 134 120 123 118 133 131 140 116 122 ' ,'0 0 0 0 0 0 0 0 0 0 0 0 0 0 0 0 0 0 0 0 ' ,52 ,1 ,2, 1
340 ,222, 322, '157 130 132 116 259 147 127 128 134 259 138 119 114 129 265 145 130 129 133 253 ' ,'0 0 0 0 0 0 0 0 0 0 0 0 0 0 0 0 0 0 0 0 ' ,150 ,1 ,46, 0
196 ,352, 177, '120 117 148 127 130 86 116 122 146 154 118 122 132 129 116 127 130 130 126 160 ' ,'0 0 0 0 0 0 0 0 0 0 0 0 0 0 0 0 0 0 0 0 ' ,75 ,0 ,9, 1
182 ,184, 164, '125 113 116 124 124 109 115 132 143 132 122 124 120 121 131 124 114 113 123 113 ' ,'0 0 0 0 0 0 0 0 0 0 0 0 0 0 0 0 0 0 0 0 ' ,38 ,1 ,7, 1
173 ,172, 155, '120 121 118 137 102 119 129 127 128 102 122 119 117 104 126 112 124 132 127 117 ' ,'0 0 0 0 0 0 0 0 0 0 0 0 0 0 0 0 0 0 0 0 ' ,37 ,0 ,12, 1
189 ,162, 172, '113 135 154 111 107 110 106 123 97 113 117 131 144 112 124 118 131 144 125 125 ' ,'0 0 0 0 0 0 0 0 0 0 0 0 0 0 0 0 0 0 0 0 ' ,53 ,3 ,9, 1
203 ,181, 184, '166 133 116 106 171 161 113 116 121 156 166 114 124 118 159 138 100 128 133 160 ' ,'0 0 0 0 0 0 0 0 0 0 0 0 0 0 0 0 0 0 0 0 ' ,71 ,0 ,6, 1
182 ,194, 165, '141 97 152 122 133 112 119 130 129 106 117 125 137 130 143 128 112 135 129 120 ' ,'0 0 0 0 0 0 0 0 0 0 0 0 0 0 0 0 0 0 0 0 ' ,57 ,0 ,8, 0
216 ,178, 199, '121 135 182 127 128 126 136 131 132 136 124 128 132 119 132 126 144 140 135 129 ' ,'0 0 0 0 0 0 0 0 0 0 0 0 0 0 0 0 0 0 0 0 ' ,64 ,0 ,12, 1
206 ,210, 185, '133 150 127 145 134 139 145 147 137 133 141 137 170 148 121 141 134 151 147 139 ' ,'0 0 0 0 0 0 0 0 0 0 0 0 0 0 0 0 0 0 0 0 ' ,49 ,0 ,7, 1
193 ,197, 177, '130 151 146 140 141 139 164 159 141 160 127 157 156 120 142 136 156 147 149 119 ' ,'0 0 0 0 0 0 0 0 0 0 0 0 0 0 0 0 0 0 0 0 ' ,46 ,0 ,7, 1
229 ,186, 214, '137 134 136 156 191 159 156 186 146 181 158 148 184 141 197 152 146 167 158 176 ' ,'0 0 0 0 0 0 0 0 0 0 0 0 0 0 0 0 0 0 0 0 ' ,67 ,1 ,9, 2
197 ,221, 177, '119 130 135 137 149 143 135 135 160 139 129 125 147 134 145 125 137 157 143 149 ' ,'0 0 0 0 0 0 0 0 0 0 0 0 0 0 0 0 0 0 0 0 ' ,45 ,0 ,7, 1
207 ,214, 190, '137 116 133 130 138 120 135 170 153 132 130 138 132 136 146 136 133 136 143 133 ' ,'0 0 0 0 0 0 0 0 0 0 0 0 0 0 0 0 0 0 0 0 ' ,58 ,0 ,13, 1
170 ,199, 151, '130 122 125 141 117 124 137 139 120 115 119 121 124 131 112 121 124 109 127 132 ' ,'0 0 0 0 0 0 0 0 0 0 0 0 0 0 0 0 0 0 0 0 ' ,27 ,0 ,9, 1
176 ,162, 157, '122 123 112 127 114 108 125 132 130 128 129 118 122 137 124 110 131 139 108 110 ' ,'0 0 0 0 0 0 0 0 0 0 0 0 0 0 0 0 0 0 0 0 ' ,35 ,1 ,12, 1
180 ,167, 162, '110 102 123 129 138 114 102 112 119 108 124 112 127 115 143 120 107 115 104 146 ' ,'0 0 0 0 0 0 0 0 0 0 0 0 0 0 0 0 0 0 0 0 ' ,46 ,1 ,10, 1
158 ,170, 140, '103 122 123 99 115 121 120 127 115 120 123 112 122 90 96 107 112 113 104 111 ' ,'0 0 0 0 0 0 0 0 0 0 0 0 0 0 0 0 0 0 0 0 ' ,38 ,1 ,7, 0
183 ,149, 161, '125 121 115 133 122 114 119 107 125 114 126 116 132 133 137 121 104 142 126 118 ' ,'0 0 0 0 0 0 0 0 0 0 0 0 0 0 0 0 0 0 0 0 ' ,40 ,0 ,16, 1
207 ,173, 187, '121 104 137 120 172 128 124 150 117 136 130 121 131 137 120 108 116 139 119 123 ' ,'0 0 0 0 0 0 0 0 0 0 0 0 0 0 0 0 0 0 0 0 ' ,71 ,0 ,9, 1
178 ,195, 163, '127 113 111 129 109 114 131 115 112 102 121 135 127 117 129 108 137 144 107 122 ' ,'0 0 0 0 0 0 0 0 0 0 0 0 0 0 0 0 0 0 0 0 ' ,45 ,0 ,12, 1
182 ,170, 157, '123 124 123 114 150 127 109 121 112 119 122 117 120 119 128 133 124 139 133 117 ' ,'0 0 0 0 0 0 0 0 0 0 0 0 0 0 0 0 0 0 0 0 ' ,39 ,0 ,11, 0
200 ,174, 173, '119 121 110 126 133 121 138 127 120 116 111 110 101 120 130 121 125 135 125 119 ' ,'0 0 0 0 0 0 0 0 0 0 0 0 0 0 0 0 0 0 0 0 ' ,58 ,0 ,9, 1
184 ,191, 165, '132 139 142 130 138 128 133 150 140 118 128 134 125 141 137 131 143 144 134 126 ' ,'0 0 0 0 0 0 0 0 0 0 0 0 0 0 0 0 0 0 0 0 ' ,27 ,0 ,10, 1
183 ,174, 164, '139 135 147 135 141 129 143 145 138 132 134 140 142 137 148 139 130 144 112 137 ' ,'0 0 0 0 0 0 0 0 0 0 0 0 0 0 0 0 0 0 0 0 ' ,41 ,0 ,6, 0
194 ,220, 170, '129 152 148 142 153 127 148 143 152 132 148 133 141 156 145 110 142 137 140 132 ' ,'0 0 0 0 0 0 0 0 0 0 0 0 0 0 0 0 0 0 0 0 ' ,53 ,1 ,9, 1
389 ,187, 370, '163 153 146 134 158 160 152 134 119 146 148 142 138 139 148 171 144 150 139 170 ' ,'0 0 0 0 0 0 0 0 0 0 0 0 0 0 0 0 0 0 0 0 ' ,239 ,1 ,8, 1
197 ,380, 175, '154 155 133 155 157 136 146 159 145 146 131 147 142 146 159 145 143 154 152 142 ' ,'0 0 0 0 0 0 0 0 0 0 0 0 0 0 0 0 0 0 0 0 ' ,32 ,0 ,8, 1
192 ,214, 176, '144 143 159 140 141 142 151 131 157 129 133 151 147 152 141 132 139 151 143 112 ' ,'0 0 0 0 0 0 0 0 0 0 0 0 0 0 0 0 0 0 0 0 ' ,52 ,1 ,9, 2
209 ,185, 191, '143 148 142 133 132 114 139 175 140 146 128 129 130 146 117 125 139 134 131 128 ' ,'0 0 0 0 0 0 0 0 0 0 0 0 0 0 0 0 0 0 0 0 ' ,63 ,0 ,10, 1
212 ,201, 192, '117 131 130 158 154 104 142 158 122 148 129 167 154 139 133 134 166 132 142 132 ' ,'0 0 0 0 0 0 0 0 0 0 0 0 0 0 0 0 0 0 0 0 ' ,73 ,1 ,10, 1
187 ,206, 168, '143 136 149 127 148 133 140 143 144 150 137 135 116 136 139 132 144 133 132 133 ' ,'0 0 0 0 0 0 0 0 0 0 0 0 0 0 0 0 0 0 0 0 ' ,27 ,1 ,9, 1
214 ,178, 196, '123 136 160 136 129 135 126 135 136 134 136 141 174 134 127 131 117 134 155 121 ' ,'0 0 0 0 0 0 0 0 0 0 0 0 0 0 0 0 0 0 0 0 ' ,61 ,0 ,13, 1
172 ,204, 153, '107 111 135 139 116 129 124 121 139 120 126 127 130 136 127 113 131 121 114 129 ' ,'0 0 0 0 0 0 0 0 0 0 0 0 0 0 0 0 0 0 0 0 ' ,35 ,1 ,8, 1
179 ,163, 161, '123 126 123 135 106 130 110 124 130 134 130 122 143 128 112 114 122 117 140 119 ' ,'0 0 0 0 0 0 0 0 0 0 0 0 0 0 0 0 0 0 0 0 ' ,40 ,0 ,10, 1
185 ,169, 169, '118 115 109 106 116 126 121 111 109 128 98 107 114 115 102 107 114 152 127 112 ' ,'0 0 0 0 0 0 0 0 0 0 0 0 0 0 0 0 0 0 0 0 ' ,55 ,0 ,9, 1
195 ,177, 178, '122 113 122 132 153 119 116 113 124 149 121 129 127 113 148 106 88 133 118 159 ' ,'0 0 0 0 0 0 0 0 0 0 0 0 0 0 0 0 0 0 0 0 ' ,73 ,1 ,11, 1
195 ,186, 173, '111 134 117 97 119 94 124 121 124 155 116 119 121 110 113 113 116 114 136 130 ' ,'0 0 0 0 0 0 0 0 0 0 0 0 0 0 0 0 0 0 0 0 ' ,65 ,1 ,10, 1
190 ,188, 171, '112 116 131 125 116 113 120 155 103 109 109 113 117 141 134 122 129 132 116 112 ' ,'0 0 0 0 0 0 0 0 0 0 0 0 0 0 0 0 0 0 0 0 ' ,50 ,0 ,10, 1
174 ,179, 157, '125 122 123 139 128 114 131 123 140 116 125 120 139 118 124 119 123 138 128 116 ' ,'0 0 0 0 0 0 0 0 0 0 0 0 0 0 0 0 0 0 0 0 ' ,30 ,1 ,10, 1
178 ,166, 159, '126 135 129 140 117 124 132 122 115 116 115 134 118 106 131 117 120 114 97 118 ' ,'0 0 0 0 0 0 0 0 0 0 0 0 0 0 0 0 0 0 0 0 ' ,44 ,0 ,15, 1
202 ,168, 185, '154 151 133 100 147 147 129 138 133 162 159 114 122 118 155 159 128 120 103 169 ' ,'0 0 0 0 0 0 0 0 0 0 0 0 0 0 0 0 0 0 0 0 ' ,71 ,0 ,10, 1
179 ,192, 162, '113 129 119 129 104 109 110 97 138 109 114 140 128 125 112 137 141 126 144 115 ' ,'0 0 0 0 0 0 0 0 0 0 0 0 0 0 0 0 0 0 0 0 ' ,49 ,1 ,12, 1
185 ,169, 165, '131 152 131 128 141 125 130 124 124 129 127 130 128 132 143 123 126 129 123 123 ' ,'0 0 0 0 0 0 0 0 0 0 0 0 0 0 0 0 0 0 0 0 ' ,31 ,1 ,9, 1
201 ,177, 181, '139 135 141 132 117 125 156 116 134 159 127 137 139 143 117 131 139 141 151 117 ' ,'0 0 0 0 0 0 0 0 0 0 0 0 0 0 0 0 0 0 0 0 ' ,50 ,1 ,15, 1
229 ,192, 212, '131 149 154 139 138 112 132 161 144 151 146 129 164 156 134 131 152 144 144 130 ' ,'0 0 0 0 0 0 0 0 0 0 0 0 0 0 0 0 0 146 0 0 ' ,81 ,1 ,15, 1
209 ,241, 192, '170 146 149 142 161 176 156 145 131 152 163 157 158 141 163 170 152 144 141 159 ' ,'0 0 0 0 0 0 0 0 0 0 0 0 0 0 0 0 0 0 0 0 ' ,43 ,1 ,10, 1
210 ,240, 193, '130 143 159 151 149 151 160 174 141 145 137 151 131 143 148 141 157 157 153 142 ' ,'0 0 0 0 0 0 0 0 0 0 0 0 0 0 0 0 0 0 0 0 ' ,45 ,1 ,13, 1
204 ,220, 186, '139 145 147 129 105 138 156 138 127 132 135 135 145 130 120 153 146 125 140 128 ' ,'0 0 0 0 0 0 0 0 0 0 0 0 0 0 0 0 0 0 0 0 ' ,55 ,1 ,22, 1
198 ,293, 181, '102 152 104 129 132 132 132 140 148 119 126 143 141 137 140 142 147 160 133 117 ' ,'0 0 0 0 0 0 0 0 0 0 0 0 0 0 0 0 0 0 0 0 ' ,58 ,0 ,13, 1
183 ,190, 164, '125 116 140 111 136 114 145 103 125 119 127 126 111 129 130 140 131 129 123 124 ' ,'0 0 0 0 0 0 0 0 0 0 0 0 0 0 0 0 0 0 0 0 ' ,45 ,1 ,14, 1
192 ,179, 178, '155 140 134 133 154 143 115 136 140 149 146 140 143 119 138 148 134 160 127 137 ' ,'0 0 0 0 0 0 0 0 0 0 0 0 0 0 0 0 0 0 0 0 ' ,43 ,0 ,11, 2
161 ,184, 143, '89 128 108 116 110 123 122 119 122 121 110 127 106 115 123 122 123 102 101 114 ' ,'0 0 0 0 0 0 0 0 0 0 0 0 0 0 0 0 0 0 0 0 ' ,40 ,0 ,7, 1
181 ,152, 165, '107 111 112 120 108 125 121 112 129 128 113 111 121 130 123 111 133 120 103 122 ' ,'0 0 0 0 0 0 0 0 0 0 0 0 0 0 0 0 0 0 0 0 ' ,32 ,1 ,25, 2
178 ,171, 154, '103 105 123 116 104 128 128 109 121 108 109 111 137 104 109 111 129 103 106 122 ' ,'0 0 0 0 0 0 0 0 0 0 0 0 0 0 0 0 0 0 0 0 ' ,45 ,1 ,10, 1
181 ,168, 161, '119 120 151 122 105 121 124 129 127 120 122 130 130 130 128 132 118 129 121 125 ' ,'0 0 0 0 0 0 0 0 0 0 0 0 0 0 0 0 0 0 0 0 ' ,45 ,0 ,7, 0
201 ,174, 186, '139 136 118 135 162 140 129 126 122 160 129 118 119 131 159 147 126 110 112 160 ' ,'0 0 0 0 0 0 0 0 0 0 0 0 0 0 0 0 0 0 0 0 ' ,56 ,0 ,5, 0
188 ,211, 167, '120 135 138 139 128 125 110 136 122 150 110 118 130 148 138 129 116 139 127 138 ' ,'0 0 0 0 0 0 0 0 0 0 0 0 0 0 0 0 0 0 0 0 ' ,46 ,1 ,10, 1
190 ,180, 172, '136 134 135 139 138 130 139 141 133 127 135 136 142 138 142 125 124 142 144 125 ' ,'0 0 0 0 0 0 0 0 0 0 0 0 0 0 0 0 0 0 0 0 ' ,21 ,0 ,23, 1
190 ,191, 169, '141 136 141 154 138 133 138 154 139 142 140 149 133 142 127 129 149 148 138 141 ' ,'0 0 0 0 0 0 0 0 0 0 0 0 0 0 0 0 0 0 0 0 ' ,26 ,0 ,10, 1
218 ,199, 199, '156 153 147 181 129 132 151 161 130 124 129 147 139 177 152 152 149 142 133 145 ' ,'0 0 0 0 0 0 0 0 0 0 0 0 0 0 0 0 0 0 0 0 ' ,61 ,1 ,11, 2
372 ,208, 353, '175 153 154 155 162 166 159 157 160 170 158 147 166 153 140 157 150 164 151 148 ' ,'0 0 0 0 0 0 0 0 0 0 0 0 0 0 0 0 0 0 0 0 ' ,193 ,0 ,14, 1
220 ,366, 201, '143 128 160 137 138 146 140 190 137 137 145 150 157 154 150 134 149 170 146 130 ' ,'0 0 0 0 0 0 0 0 0 0 0 0 0 0 0 0 0 0 0 0 ' ,61 ,0 ,9, 2
255 ,213, 237, '118 142 166 223 148 135 147 145 202 127 141 135 133 211 129 140 145 152 146 143 ' ,'0 0 0 0 0 0 0 0 0 0 0 0 0 0 0 0 0 0 0 0 ' ,106 ,1 ,8, 2
254 ,248, 237, '136 127 130 146 139 137 151 123 170 137 134 150 128 218 161 136 126 141 145 135 ' ,'0 0 0 0 0 0 0 0 0 0 0 0 0 0 0 0 0 0 0 0 ' ,97 ,1 ,11, 1
264 ,246, 244, '119 139 158 192 121 122 130 117 169 140 124 136 141 132 228 133 140 133 145 121 ' ,'0 0 0 0 0 0 0 0 0 0 0 0 0 0 101508 0 0 0 0 0 ' ,113 ,1 ,12, 1
445 ,253, 427, '396 136 144 112 148 412 134 139 112 140 238 121 138 133 160 279 125 99 129 139 ' ,'0 0 0 0 0 0 0 0 0 0 0 0 0 0 0 0 0 0 0 0 ' ,313 ,1 ,9, 1
189 ,437, 170, '124 109 137 123 116 126 124 114 102 121 127 136 152 133 119 115 129 128 137 125 ' ,'0 0 0 0 0 0 0 0 0 0 0 0 0 0 0 0 0 0 0 0 ' ,54 ,0 ,9, 1
168 ,181, 149, '116 137 132 126 130 127 123 129 124 123 132 117 124 120 124 109 114 118 125 120 ' ,'0 0 0 0 0 0 0 0 0 0 0 0 0 0 0 0 0 0 0 0 ' ,30 ,1 ,9, 1
191 ,161, 171, '121 130 135 131 108 110 129 125 148 124 118 124 152 126 124 125 130 127 136 118 ' ,'0 0 0 0 0 0 0 0 0 0 0 0 0 0 0 0 0 0 0 0 ' ,50 ,1 ,9, 1
221 ,183, 204, '135 119 130 120 122 122 124 130 127 124 125 130 144 130 124 119 108 132 129 125 ' ,'0 0 0 0 0 0 0 0 0 0 0 0 0 0 0 0 0 0 0 0 ' ,42 ,0 ,49, 1
223 ,212, 206, '169 121 148 152 168 184 124 137 131 168 174 124 153 126 184 163 114 125 143 174 ' ,'0 0 0 0 0 0 0 0 0 0 0 0 0 0 0 0 0 0 0 0 ' ,72 ,1 ,14, 1
198 ,214, 180, '129 133 156 136 136 130 130 159 134 138 130 128 145 142 124 124 140 134 165 146 ' ,'0 0 0 0 0 0 0 0 0 0 0 0 0 0 0 0 0 0 0 0 ' ,49 ,1 ,7, 0
186 ,194, 166, '125 139 149 145 134 135 147 135 139 128 126 146 141 140 134 124 134 129 139 135 ' ,'0 0 0 0 0 0 0 0 0 0 0 0 0 0 0 0 0 0 0 0 ' ,29 ,0 ,12, 1
208 ,178, 184, '132 131 144 139 130 135 137 163 140 131 120 140 156 142 132 142 135 167 146 132 ' ,'0 0 0 0 0 0 0 0 0 0 0 0 0 0 0 0 0 0 0 0 ' ,51 ,1 ,10, 1
222 ,208, 205, '156 145 154 159 149 137 137 177 142 150 126 143 129 140 160 136 130 186 146 141 ' ,'0 0 0 0 0 0 0 0 0 0 0 0 0 0 0 0 0 0 0 0 ' ,63 ,1 ,12, 1
281 ,246, 265, '191 152 159 148 224 186 147 140 150 217 177 141 165 155 243 173 143 163 148 187 ' ,'0 0 0 0 0 0 0 0 0 0 0 0 0 0 0 0 0 0 0 0 ' ,105 ,1 ,15, 2
208 ,288, 192, '137 128 154 132 148 170 144 148 140 134 163 144 158 132 156 151 141 152 143 138 ' ,'0 0 0 0 0 0 0 0 0 0 0 0 0 0 0 0 0 0 0 0 ' ,45 ,1 ,10, 1
205 ,224, 191, '121 137 140 143 140 131 136 136 162 138 121 134 125 142 138 134 141 143 153 119 ' ,'0 0 0 0 0 0 0 0 0 0 0 0 0 0 0 0 0 0 0 0 ' ,54 ,1 ,13, 1
311 ,197, 287, '126 140 134 152 149 119 130 124 144 129 132 125 158 275 153 129 133 117 190 134 ' ,'0 0 0 0 0 0 0 0 0 0 0 0 0 130 0 0 0 0 0 0 ' ,158 ,1 ,12, 1
193 ,303, 176, '122 124 132 128 121 131 134 114 126 116 114 123 114 149 130 112 130 143 127 110 ' ,'0 0 0 0 0 0 0 0 0 0 0 0 0 0 0 0 0 0 0 0 ' ,43 ,1 ,19, 1
188 ,184, 169, '145 141 154 141 135 156 147 134 136 135 131 129 115 135 124 138 136 136 144 136 ' ,'0 0 0 0 0 0 0 0 0 0 0 0 0 0 0 0 0 0 0 0 ' ,36 ,1 ,10, 0
208 ,179, 190, '125 117 136 156 126 124 128 147 140 119 105 131 154 146 116 124 131 130 130 121 ' ,'0 0 0 0 0 0 0 0 0 0 0 0 0 0 0 0 0 0 0 0 ' ,53 ,1 ,27, 1
197 ,199, 177, '134 122 139 128 121 140 107 143 107 122 118 133 154 120 137 130 131 126 118 132 ' ,'0 0 0 0 0 0 0 0 0 0 0 0 0 0 0 0 0 0 0 0 ' ,48 ,0 ,15, 1
193 ,188, 176, '114 111 113 135 120 108 122 157 121 124 126 125 144 128 122 114 132 133 134 110 ' ,'0 0 0 0 0 0 0 0 0 0 0 0 0 0 0 0 0 0 0 0 ' ,48 ,1 ,12, 1
201 ,188, 186, '128 134 139 148 147 136 143 136 145 112 130 142 113 134 139 140 134 130 151 139 ' ,'0 0 0 0 0 0 0 0 0 0 0 0 0 0 0 0 0 0 0 0 ' ,44 ,1 ,24, 0
206 ,204, 189, '145 131 141 145 156 149 129 146 162 175 138 142 141 144 155 157 143 135 162 141 ' ,'0 0 0 0 0 0 0 0 0 0 0 0 0 0 0 0 0 0 0 0 ' ,48 ,1 ,6, 0
213 ,231, 192, '153 134 153 148 178 154 123 121 163 138 151 139 138 165 151 137 140 143 153 148 ' ,'0 0 0 0 0 0 0 0 0 0 0 0 0 0 0 0 0 0 0 0 ' ,54 ,1 ,7, 1
208 ,205, 181, '135 121 132 161 122 138 140 136 164 124 130 147 138 131 161 151 156 155 159 140 ' ,'0 0 0 0 0 0 0 0 0 0 0 0 0 0 0 0 0 0 0 0 ' ,47 ,0 ,10, 1
211 ,200, 194, '146 149 143 150 152 143 129 145 137 156 130 158 146 158 145 140 146 154 172 126 ' ,'0 0 0 0 0 0 0 0 0 0 0 0 0 0 0 0 0 0 0 0 ' ,48 ,1 ,16, 1
217 ,206, 201, '144 149 132 135 145 137 157 146 156 151 132 164 159 170 148 133 147 127 152 141 ' ,'0 0 0 0 0 0 0 0 0 0 0 0 0 0 0 0 0 0 0 0 ' ,46 ,0 ,25, 1
228 ,219, 209, '150 141 158 135 150 151 145 159 154 172 157 150 161 133 166 154 158 146 152 137 ' ,'0 0 0 0 0 0 0 0 0 0 0 0 0 0 0 0 0 0 0 0 ' ,47 ,1 ,21, 1
227 ,227, 211, '136 145 152 138 139 138 120 143 145 118 122 148 163 143 136 141 139 139 117 130 ' ,'0 0 0 0 0 0 0 0 0 0 0 0 0 0 0 0 0 0 0 0 ' ,52 ,2 ,35, 2
191 ,223, 177, '116 117 148 130 128 127 130 128 137 127 126 122 137 150 125 111 125 132 149 117 ' ,'0 0 0 0 0 0 0 0 0 0 0 0 0 0 0 0 0 0 0 0 ' ,41 ,1 ,17, 2
188 ,195, 169, '126 125 115 131 125 119 117 131 121 125 113 121 139 104 125 105 123 131 125 122 ' ,'0 0 0 0 0 0 0 0 0 0 0 0 0 0 0 0 0 0 0 0 ' ,39 ,0 ,21, 1
174 ,193, 159, '126 132 128 137 127 122 122 132 121 109 116 120 118 137 128 129 118 121 132 127 ' ,'0 0 0 0 0 0 0 0 0 0 0 0 0 0 0 0 0 0 0 0 ' ,30 ,1 ,8, 1
289 ,170, 274, '131 108 126 112 133 139 119 132 139 131 123 129 137 133 127 136 112 106 92 130 ' ,'0 0 0 0 0 0 0 0 0 0 0 0 0 0 0 0 0 0 0 0 ' ,166 ,0 ,9, 2
188 ,321, 171, '138 138 136 137 138 122 134 122 132 132 121 129 131 123 123 106 134 152 128 134 ' ,'0 0 0 0 0 0 0 0 0 0 0 0 0 0 0 0 0 0 0 0 ' ,51 ,1 ,10, 1
181 ,183, 166, '141 119 149 144 134 120 133 136 145 117 136 131 134 128 133 132 140 147 138 134 ' ,'0 0 0 0 0 0 0 0 0 0 0 0 0 0 0 0 0 0 0 0 ' ,34 ,0 ,7, 1
203 ,208, 183, '129 120 148 142 118 137 140 141 134 122 140 131 141 141 129 124 123 126 160 117 ' ,'0 0 0 0 0 0 0 0 0 0 0 0 0 0 0 0 0 0 0 0 ' ,51 ,1 ,8, 1
198 ,197, 177, '133 144 144 140 125 130 133 138 146 162 135 146 112 159 133 142 119 141 135 141 ' ,'0 0 0 0 0 0 0 0 0 0 0 0 0 0 0 0 0 0 0 0 ' ,52 ,1 ,7, 1
228 ,192, 210, '171 141 145 143 175 184 134 139 143 159 188 141 126 149 168 181 142 146 145 165 ' ,'0 0 0 0 0 0 0 0 0 0 0 0 0 0 0 0 0 0 0 0 ' ,61 ,1 ,17, 1
198 ,218, 183, '136 136 144 151 145 136 149 150 142 134 143 129 138 134 150 126 151 166 136 146 ' ,'0 0 0 0 0 0 0 0 0 0 0 0 0 0 0 0 0 0 0 0 ' ,43 ,1 ,6, 2
207 ,195, 191, '150 144 175 155 152 136 130 144 154 121 138 149 157 109 166 141 138 142 163 132 ' ,'0 0 0 0 0 0 0 0 0 0 0 0 0 0 0 0 0 0 0 0 ' ,66 ,1 ,10, 1
198 ,211, 182, '151 138 165 147 145 132 160 160 148 151 151 157 141 155 149 138 149 127 163 114 ' ,'0 0 0 0 0 0 0 0 0 0 0 0 0 0 0 0 0 0 0 0 ' ,49 ,1 ,10, 1
198 ,217, 181, '150 146 153 134 146 151 122 141 144 141 131 147 140 161 150 129 132 141 141 150 ' ,'0 0 0 0 0 0 0 0 0 0 0 0 0 0 0 0 0 0 0 0 ' ,40 ,0 ,9, 2
230 ,218, 214, '159 147 156 151 179 163 125 145 145 169 166 130 119 141 185 174 135 142 201 177 ' ,'0 0 0 0 0 0 0 0 0 0 0 0 0 0 0 0 0 0 0 0 ' ,80 ,1 ,4, 1
179 ,253, 161, '124 127 143 124 140 120 135 126 134 115 118 138 129 130 125 131 127 143 143 125 ' ,'0 0 0 0 0 0 0 0 0 0 0 0 0 0 0 0 0 0 0 0 ' ,28 ,1 ,3, 1
180 ,192, 157, '120 110 133 118 117 122 122 131 126 139 117 125 131 113 142 127 133 118 132 118 ' ,'0 0 0 0 0 0 0 0 0 0 0 0 0 0 0 0 0 0 0 0 ' ,38 ,1 ,4, 1
184 ,180, 154, '122 126 117 138 119 123 128 152 127 131 112 117 114 87 140 105 133 121 131 129 ' ,'0 0 0 0 0 0 0 0 0 0 0 0 0 0 0 0 0 0 0 0 ' ,57 ,1 ,3, 1
169 ,184, 151, '117 118 135 101 114 120 140 126 114 114 106 133 112 139 115 108 128 116 128 114 ' ,'0 0 0 0 0 0 0 0 0 0 0 0 0 0 0 0 0 0 0 0 ' ,40 ,1 ,4, 1
193 ,171, 174, '134 106 131 125 143 152 122 126 124 144 139 120 116 116 150 138 102 127 131 148 ' ,'0 0 0 0 0 0 0 0 0 0 0 0 0 0 0 0 0 0 0 0 ' ,51 ,1 ,18, 1
206 ,184, 188, '118 136 137 107 161 145 121 115 114 163 131 125 109 119 128 104 133 126 99 121 ' ,'0 0 0 0 0 0 0 0 0 0 0 0 0 0 0 0 0 0 0 0 ' ,68 ,1 ,17, 1
194 ,197, 176, '129 118 139 120 129 119 127 157 134 108 123 121 123 95 128 104 130 126 114 121 ' ,'0 0 0 0 0 0 0 0 0 0 0 0 0 0 0 0 0 0 0 0 ' ,61 ,1 ,14, 1
190 ,184, 173, '112 117 130 137 129 126 113 117 125 109 134 129 139 113 147 121 132 116 148 117 ' ,'0 0 0 0 0 0 0 0 0 0 0 0 0 0 0 0 0 0 0 0 ' ,37 ,1 ,18, 1
167 ,298, 149, '133 124 124 131 130 131 127 119 129 122 126 122 128 131 134 116 120 128 128 138 ' ,'0 0 0 0 0 0 0 0 0 0 0 0 0 0 0 0 0 0 0 0 ' ,23 ,1 ,5, 1
411 ,164, 394, '139 123 142 132 148 126 129 137 145 138 155 140 139 136 147 154 133 136 127 135 ' ,'0 0 0 0 0 0 0 0 0 0 0 0 0 0 0 0 0 0 0 0 ' ,257 ,1 ,10, 1
211 ,407, 193, '127 150 123 148 176 129 140 143 148 160 143 146 132 160 145 141 150 142 161 133 ' ,'0 0 0 0 0 0 0 0 0 0 0 0 0 0 0 0 0 0 0 0 ' ,57 ,1 ,6, 1
204 ,219, 181, '159 165 147 132 149 132 147 150 152 148 171 156 168 164 142 133 166 149 141 148 ' ,'0 0 0 0 0 0 0 0 0 0 0 0 0 0 0 0 0 0 0 0 ' ,42 ,1 ,5, 1
221 ,203, 203, '143 148 157 154 157 139 153 151 161 146 142 158 150 160 142 152 147 164 140 133 ' ,'0 0 0 0 0 0 0 0 0 0 0 0 0 0 0 0 0 0 0 0 ' ,36 ,1 ,28, 1
201 ,220, 188, '156 145 164 141 141 133 141 151 144 118 144 143 129 137 119 130 135 122 120 143 ' ,'0 0 0 0 0 0 0 0 0 0 0 0 0 0 0 0 0 0 0 0 ' ,44 ,1 ,17, 1
209 ,199, 194, '162 136 173 133 153 155 124 141 130 159 155 135 131 132 148 153 128 142 139 146 ' ,'0 0 0 0 0 0 0 0 0 0 0 0 0 0 0 0 0 0 0 0 ' ,52 ,5 ,8, 0
222 ,208, 205, '121 184 135 138 157 113 122 132 144 156 131 136 150 132 118 129 132 119 123 125 ' ,'0 0 0 0 0 0 0 0 0 0 0 0 0 0 0 0 0 0 0 0 ' ,76 ,0 ,10, 0
219 ,220, 205, '115 130 137 180 127 132 117 130 122 115 100 127 130 158 153 137 124 119 156 126 ' ,'0 0 0 0 0 0 0 0 0 0 0 0 0 0 0 0 0 0 0 0 ' ,80 ,1 ,11, 1
170 ,236, 155, '127 117 136 105 131 108 126 124 125 114 126 123 132 118 118 129 129 104 120 128 ' ,'0 0 0 0 0 0 0 0 0 0 0 0 0 0 0 0 0 0 0 0 ' ,33 ,1 ,10, 1
192 ,166, 171, '128 126 125 142 123 99 110 122 131 111 118 125 124 124 106 144 133 139 140 113 ' ,'0 0 0 0 0 0 0 0 0 0 0 0 0 0 0 0 0 0 0 0 ' ,52 ,1 ,13, 1
176 ,183, 158, '134 107 116 108 126 126 114 124 102 133 127 114 122 111 139 130 127 108 127 125 ' ,'0 0 0 0 0 0 0 0 0 0 0 0 0 0 0 0 0 0 0 0 ' ,39 ,1 ,9, 1
172 ,174, 156, '119 129 120 125 127 128 116 129 120 127 127 104 129 138 129 134 124 131 130 125 ' ,'0 0 0 0 0 0 0 0 0 0 0 0 0 0 0 0 0 0 0 0 ' ,35 ,1 ,9, 2
194 ,169, 178, '138 136 155 137 143 128 119 134 153 135 112 139 128 128 132 128 141 131 145 135 ' ,'0 0 0 0 0 0 0 0 0 0 0 0 0 0 0 0 0 0 0 0 ' ,43 ,1 ,14, 1
196 ,186, 181, '144 135 165 134 125 135 137 123 143 136 119 108 114 153 135 106 120 131 142 140 ' ,'0 0 0 0 0 0 0 0 0 0 0 0 0 0 0 0 0 0 0 0 ' ,58 ,1 ,10, 1
192 ,196, 176, '127 133 131 158 139 136 127 158 139 136 120 130 136 109 141 143 133 149 134 143 ' ,'0 0 0 0 0 0 0 0 0 0 0 0 0 0 0 0 0 0 0 0 ' ,51 ,1 ,8, 1
302 ,188, 286, '264 146 147 150 151 267 147 144 160 162 265 142 152 152 156 269 149 140 160 144 ' ,'0 0 0 0 0 0 0 0 0 0 0 0 0 0 0 0 0 0 0 0 ' ,129 ,0 ,6, 1
194 ,299, 177, '136 142 160 155 156 151 148 142 143 133 148 159 150 148 156 138 151 150 139 156 ' ,'0 0 0 0 0 0 0 0 0 0 0 0 0 0 0 0 0 0 0 0 ' ,24 ,1 ,7, 0
214 ,189, 188, '151 152 153 146 146 146 137 132 151 149 145 157 148 146 162 130 146 174 163 146 ' ,'0 0 0 0 0 0 0 0 0 0 0 0 0 0 0 0 0 0 0 0 ' ,49 ,1 ,12, 1
202 ,231, 188, '129 161 125 157 146 145 136 138 156 136 122 131 152 156 146 142 152 130 149 119 ' ,'0 0 0 0 0 0 0 0 0 0 0 0 0 0 0 0 0 0 0 0 ' ,40 ,1 ,4, 1
329 ,242, 307, '131 264 153 125 130 141 127 137 289 137 125 127 145 176 134 140 186 138 113 126 ' ,'0 119 0 0 0 0 0 0 136 0 0 0 0 0 0 0 0 0 0 0 ' ,174 ,0 ,11, 1
288 ,325, 273, '181 148 133 140 151 207 146 252 134 158 190 138 138 139 144 210 143 160 142 153 ' ,'0 0 0 0 0 0 0 0 0 0 0 0 0 0 0 0 0 0 0 0 ' ,121 ,1 ,9, 2
195 ,426, 179, '129 135 123 128 123 127 128 133 128 125 135 130 150 136 128 119 126 123 126 127 ' ,'0 0 0 0 0 0 0 0 0 0 0 0 0 0 0 0 0 0 0 0 ' ,42 ,0 ,14, 1
179 ,313, 164, '117 121 137 123 110 123 141 132 128 118 128 112 123 135 121 127 131 124 114 121 ' ,'0 0 0 0 0 0 0 0 0 0 0 0 0 0 0 0 0 0 0 0 ' ,37 ,0 ,7, 1
163 ,180, 147, '118 132 115 133 119 115 130 122 130 116 104 121 129 136 104 128 119 128 114 116 ' ,'0 0 0 0 0 0 0 0 0 0 0 0 0 0 0 0 0 0 0 0 ' ,30 ,0 ,6, 1
184 ,163, 169, '112 148 125 129 115 122 123 131 102 124 120 127 129 131 113 128 134 131 135 125 ' ,'0 0 0 0 0 0 0 0 0 0 0 0 0 0 0 0 0 0 0 0 ' ,45 ,1 ,11, 1
229 ,184, 212, '149 130 131 119 172 140 136 121 125 168 134 131 134 128 179 139 135 123 122 178 ' ,'0 0 0 0 0 0 0 0 0 0 0 0 0 0 0 0 0 0 0 0 ' ,61 ,1 ,26, 1
199 ,220, 185, '123 139 132 164 139 134 143 169 156 139 125 135 109 135 148 155 126 142 146 137 ' ,'0 0 0 0 0 0 0 0 0 0 0 0 0 0 0 0 0 0 0 0 ' ,57 ,1 ,9, 2
203 ,198, 187, '152 142 137 141 148 142 147 146 142 138 120 153 142 135 168 151 135 148 149 144 ' ,'0 0 0 0 0 0 0 0 0 0 0 0 0 0 0 0 0 0 0 0 ' ,50 ,1 ,10, 2
196 ,204, 180, '146 133 157 127 162 139 126 129 136 117 140 144 126 142 142 140 134 130 123 122 ' ,'0 0 0 0 0 0 0 0 0 0 0 0 0 0 0 0 0 0 0 0 ' ,40 ,1 ,9, 2
200 ,193, 181, '141 166 170 140 140 144 150 167 160 152 133 159 129 150 153 155 162 154 145 145 ' ,'0 0 0 0 0 0 0 0 0 0 0 0 0 0 0 0 0 0 0 0 ' ,37 ,1 ,9, 1
233 ,337, 216, '166 144 157 148 190 172 149 166 140 190 166 160 143 159 180 178 165 153 159 186 ' ,'0 0 0 0 0 0 0 0 0 0 0 0 0 0 0 0 0 0 0 0 ' ,53 ,1 ,17, 1
197 ,238, 178, '156 150 140 161 147 132 152 159 156 137 155 160 134 161 152 162 147 154 150 122 ' ,'0 0 0 0 0 0 0 0 0 0 0 0 0 0 0 0 0 0 0 0 ' ,43 ,1 ,8, 1
208 ,194, 189, '135 157 160 157 137 154 155 158 168 157 147 171 141 167 143 148 115 159 166 146 ' ,'0 0 0 0 0 0 0 0 0 0 0 0 0 0 0 0 0 0 0 0 ' ,61 ,1 ,8, 1
317 ,205, 302, '150 152 149 140 151 112 266 141 154 154 146 143 155 143 130 150 146 130 148 139 ' ,'0 0 0 0 0 0 105 0 0 0 0 0 0 0 0 0 0 0 0 0 ' ,166 ,1 ,17, 1
210 ,308, 195, '132 113 146 149 161 133 152 136 152 146 141 151 159 159 145 157 148 162 122 171 ' ,'0 0 0 0 0 0 0 0 0 0 0 0 0 0 0 0 0 0 0 0 ' ,63 ,1 ,11, 2
291 ,207, 279, '147 144 137 140 168 161 138 125 147 164 158 138 148 138 183 174 160 145 137 181 ' ,'0 0 0 0 0 0 0 0 0 0 0 0 0 0 0 0 0 0 0 0 ' ,136 ,1 ,9, 1
202 ,294, 187, '134 140 147 137 156 168 151 144 140 138 141 144 134 134 124 138 152 144 131 142 ' ,'0 0 0 0 0 0 0 0 0 0 0 0 0 0 0 0 0 0 0 0 ' ,46 ,2 ,11, 1
175 ,207, 159, '120 133 136 127 130 130 123 108 117 128 121 132 136 125 120 134 129 123 138 131 ' ,'0 0 0 0 0 0 0 0 0 0 0 0 0 0 0 0 0 0 0 0 ' ,37 ,1 ,9, 1
190 ,210, 174, '115 116 156 127 127 116 131 154 117 130 127 134 117 125 137 114 127 118 118 131 ' ,'0 0 0 0 0 0 0 0 0 0 0 0 0 0 0 0 0 0 0 0 ' ,44 ,1 ,10, 1
197 ,191, 181, '121 126 126 163 119 136 116 132 144 127 120 117 121 144 110 94 124 117 153 124 ' ,'0 0 0 0 0 0 0 0 0 0 0 0 0 0 0 0 0 0 0 0 ' ,70 ,0 ,9, 1
190 ,194, 174, '139 124 116 138 151 142 135 129 120 143 137 137 129 143 147 135 129 124 122 145 ' ,'0 0 0 0 0 0 0 0 0 0 0 0 0 0 0 0 0 0 0 0 ' ,39 ,1 ,14, 1
198 ,186, 178, '130 134 121 129 116 126 125 134 109 122 107 150 117 154 128 152 129 142 140 127 ' ,'0 0 0 0 0 0 0 0 0 0 0 0 0 0 0 0 0 0 0 0 ' ,48 ,0 ,18, 0
237 ,194, 223, '128 142 144 181 137 127 172 123 134 137 132 130 146 132 165 123 171 133 137 105 ' ,'0 0 0 0 0 0 0 0 0 0 0 0 0 0 0 0 0 0 0 0 ' ,81 ,1 ,32, 1
238 ,235, 221, '147 151 143 139 131 140 144 153 128 143 137 138 138 180 149 145 138 154 205 148 ' ,'0 0 0 0 0 0 0 0 0 0 0 0 0 0 0 0 0 0 0 0 ' ,78 ,0 ,8, 2
227 ,237, 209, '144 155 168 147 137 147 130 141 172 130 140 139 132 136 148 151 165 146 192 122 ' ,'0 0 0 0 0 0 0 0 0 0 0 0 0 0 0 0 0 0 0 0 ' ,69 ,1 ,13, 1
200 ,223, 184, '161 149 144 133 156 160 131 162 153 164 165 155 153 164 160 150 166 153 157 144 ' ,'0 0 0 0 0 0 0 0 0 0 0 0 0 0 0 0 0 0 0 0 ' ,37 ,0 ,9, 2
199 ,211, 183, '139 147 130 157 137 123 150 148 152 117 142 141 153 146 155 151 152 158 163 140 ' ,'0 0 0 0 0 0 0 0 0 0 0 0 0 0 0 0 0 0 0 0 ' ,45 ,1 ,15, 1
244 ,208, 227, '142 134 157 132 125 130 133 180 142 143 124 139 128 156 146 142 137 147 138 142 ' ,'0 0 0 0 0 0 0 0 0 0 0 0 0 0 0 0 0 0 0 0 ' ,58 ,1 ,40, 1
202 ,241, 184, '130 143 131 164 131 132 145 145 152 139 125 120 130 118 140 105 137 125 145 137 ' ,'0 0 0 0 0 0 0 0 0 0 0 0 0 0 0 0 0 0 0 0 ' ,66 ,0 ,9, 1
203 ,203, 188, '138 145 121 131 144 121 136 132 139 147 108 121 128 146 132 121 139 135 126 126 ' ,'0 0 0 0 0 0 0 0 0 0 0 0 0 0 0 0 0 0 0 0 ' ,44 ,0 ,11, 1
257 ,205, 242, '148 129 145 123 154 128 120 130 112 137 135 123 113 123 160 117 118 114 123 156 ' ,'0 0 0 0 0 0 0 0 0 0 0 0 0 0 0 0 0 0 0 0 ' ,104 ,1 ,16, 1
180 ,256, 162, '121 114 115 143 130 106 136 143 119 135 116 122 118 110 143 118 116 116 115 116 ' ,'0 0 0 0 0 0 0 0 0 0 0 0 0 0 0 0 0 0 0 0 ' ,41 ,1 ,9, 0
168 ,180, 152, '110 115 130 115 100 108 117 119 131 125 121 112 118 135 108 134 124 117 124 135 ' ,'0 0 0 0 0 0 0 0 0 0 0 0 0 0 0 0 0 0 0 0 ' ,37 ,1 ,9, 1
174 ,168, 159, '119 110 138 128 139 139 125 128 132 117 105 132 120 137 124 122 129 101 123 128 ' ,'0 0 0 0 0 0 0 0 0 0 0 0 0 0 0 0 0 0 0 0 ' ,39 ,1 ,13, 1
181 ,170, 159, '121 115 130 108 116 104 143 118 100 123 114 116 116 121 110 121 113 128 114 122 ' ,'0 0 0 0 0 0 0 0 0 0 0 0 0 0 0 0 0 0 0 0 ' ,47 ,1 ,8, 1
215 ,184, 194, '170 132 134 115 131 142 126 116 119 140 157 117 132 107 132 152 109 129 108 143 ' ,'0 0 0 0 0 0 0 0 0 0 0 0 0 0 0 0 0 0 0 0 ' ,67 ,1 ,15, 1
192 ,206, 175, '108 119 123 95 110 114 102 156 109 90 114 123 102 123 134 128 129 135 135 122 ' ,'0 0 0 0 0 0 0 0 0 0 0 0 0 0 0 0 0 0 0 0 ' ,68 ,1 ,8, 1
181 ,191, 164, '100 108 137 143 140 100 82 121 100 110 117 114 104 127 119 100 97 98 125 120 ' ,'0 0 0 0 0 0 0 0 0 0 0 0 0 0 0 0 0 0 0 0 ' ,63 ,1 ,11, 0
165 ,216, 146, '79 87 130 106 120 102 117 95 119 103 86 112 111 112 117 107 122 106 106 125 ' ,'0 0 0 0 0 0 0 0 0 0 0 0 0 0 0 0 0 0 0 0 ' ,52 ,0 ,13, 1
183 ,265, 169, '115 121 113 129 124 116 125 128 120 109 122 101 116 118 129 108 116 115 116 127 ' ,'0 0 0 0 0 0 0 0 0 0 0 0 0 0 0 0 0 0 0 0 ' ,30 ,1 ,28, 1
207 ,175, 190, '128 118 122 109 161 122 108 121 106 159 118 117 114 128 169 151 114 119 120 170 ' ,'0 0 0 0 0 0 0 0 0 0 0 0 0 0 0 0 0 0 0 0 ' ,67 ,1 ,10, 1
194 ,206, 180, '119 131 138 120 132 114 141 137 135 133 139 139 126 146 146 129 144 136 134 139 ' ,'0 0 0 0 0 0 0 0 0 0 0 0 0 0 0 0 0 0 0 0 ' ,36 ,1 ,25, 0
194 ,185, 174, '146 117 150 151 155 142 150 140 145 122 142 129 132 143 134 154 151 156 136 132 ' ,'0 0 0 0 0 0 0 0 0 0 0 0 0 0 0 0 0 0 0 0 ' ,41 ,1 ,7, 1
254 ,223, 238, '132 207 142 151 154 140 151 154 151 150 151 130 150 151 160 133 200 141 158 143 ' ,'0 0 0 0 0 0 0 0 0 0 0 0 0 0 0 0 0 0 0 0 ' ,83 ,1 ,17, 1
283 ,248, 264, '144 221 154 141 162 151 140 151 145 153 147 221 147 139 155 158 151 157 160 150 ' ,'0 0 0 0 0 0 0 0 0 0 0 0 0 0 0 0 0 0 0 0 ' ,90 ,1 ,33, 1
289 ,273, 270, '141 215 147 127 143 168 145 129 142 253 170 180 147 158 155 180 151 150 158 140 ' ,'0 0 0 0 0 0 0 0 0 0 0 0 0 0 0 0 0 0 0 0 ' ,128 ,1 ,9, 1
229 ,300, 204, '134 123 140 163 131 128 146 164 171 146 111 128 98 118 141 118 139 128 162 136 ' ,'0 0 0 0 0 0 0 0 0 0 0 0 0 0 0 0 0 0 0 0 ' ,75 ,1 ,23, 1
214 ,242, 192, '122 126 139 144 170 121 116 134 126 117 126 138 129 133 127 136 148 123 137 141 ' ,'0 0 0 0 0 0 0 0 0 0 0 0 0 0 0 0 0 0 0 0 ' ,55 ,1 ,13, 1
207 ,211, 185, '100 141 118 127 137 122 139 116 125 114 111 130 152 140 120 119 129 112 140 122 ' ,'0 0 0 0 0 0 0 0 0 0 0 0 0 0 0 0 0 0 0 0 ' ,62 ,2 ,16, 1
168 ,193, 150, '127 133 113 129 122 126 115 130 126 128 105 135 108 111 115 128 116 118 125 110 ' ,'0 0 0 0 0 0 0 0 0 0 0 0 0 0 0 0 0 0 0 0 ' ,32 ,1 ,9, 1
186 ,170, 171, '142 127 93 132 135 123 109 127 121 112 130 108 134 133 123 135 123 118 142 145 ' ,'0 0 0 0 0 0 0 0 0 0 0 0 0 0 0 0 0 0 0 0 ' ,53 ,1 ,19, 1
179 ,182, 156, '118 132 127 115 126 122 127 114 127 113 111 119 128 121 112 123 113 113 127 131 ' ,'0 0 0 0 0 0 0 0 0 0 0 0 0 0 0 0 0 0 0 0 ' ,28 ,1 ,11, 1
211 ,182, 194, '129 132 129 104 110 132 129 115 124 126 106 114 123 135 119 140 126 125 135 126 ' ,'0 0 0 0 0 0 0 0 0 0 0 0 0 0 0 0 0 0 0 0 ' ,75 ,0 ,6, 0
195 ,213, 167, '117 129 131 137 133 128 113 154 143 126 119 121 127 109 120 113 102 129 126 123 ' ,'0 0 0 0 0 0 0 0 0 0 0 0 0 0 0 0 0 0 0 0 ' ,55 ,1 ,10, 1
203 ,218, 187, '131 146 141 165 114 141 137 146 162 140 136 143 142 147 138 145 138 150 147 138 ' ,'0 0 0 0 0 0 0 0 0 0 0 0 0 0 0 0 0 0 0 0 ' ,50 ,1 ,16, 1
205 ,220, 188, '163 123 145 149 145 151 134 140 150 161 148 141 133 149 155 157 144 137 151 134 ' ,'0 0 0 0 0 0 0 0 0 0 0 0 0 0 0 0 0 0 0 0 ' ,44 ,1 ,16, 0
197 ,202, 181, '132 128 147 160 142 149 143 145 147 147 154 147 158 137 159 143 150 131 144 164 ' ,'0 0 0 0 0 0 0 0 0 0 0 0 0 0 0 0 0 0 0 0 ' ,35 ,1 ,5, 1
215 ,213, 199, '126 153 154 175 151 157 163 177 157 134 147 135 157 151 150 155 154 159 160 139 ' ,'0 0 0 0 0 0 0 0 0 0 0 0 0 0 0 0 0 0 0 0 ' ,54 ,1 ,12, 2
208 ,216, 191, '150 152 151 159 149 158 160 161 161 157 131 154 157 170 140 152 151 141 148 152 ' ,'0 0 0 0 0 0 0 0 0 0 0 0 0 0 0 0 0 0 0 0 ' ,39 ,1 ,15, 1
218 ,218, 203, '149 137 178 178 139 143 142 145 122 156 137 147 162 168 147 153 129 146 114 178 ' ,'0 0 0 0 0 0 0 0 0 0 0 0 0 0 0 0 0 0 0 0 ' ,70 ,2 ,12, 2
240 ,220, 220, '151 125 152 142 150 143 127 163 155 174 139 140 133 115 164 149 138 138 150 188 ' ,'0 0 0 0 0 0 0 0 0 0 0 0 0 0 0 0 0 0 0 0 ' ,77 ,1 ,21, 1
188 ,242, 171, '134 121 141 156 128 115 145 126 142 124 121 113 147 147 130 133 128 157 123 115 ' ,'0 0 0 0 0 0 0 0 0 0 0 0 0 0 0 0 0 0 0 0 ' ,44 ,1 ,8, 0
202 ,189, 186, '131 138 143 143 134 138 125 145 137 148 129 152 166 138 131 130 145 147 147 139 ' ,'0 0 0 0 0 0 0 0 0 0 0 0 0 0 0 0 0 0 0 0 ' ,43 ,1 ,10, 1
199 ,203, 171, '135 117 120 100 136 129 142 124 127 127 115 111 161 121 130 112 126 138 143 123 ' ,'0 0 0 0 0 0 0 0 0 0 0 0 0 0 0 0 0 0 0 0 ' ,66 ,1 ,10, 1
205 ,215, 189, '123 140 126 113 134 134 127 121 120 123 109 130 123 121 123 114 124 118 172 126 ' ,'0 0 0 0 0 0 0 0 0 0 0 0 0 0 0 0 0 0 33 0 ' ,61 ,1 ,11, 1
401 ,206, 384, '206 117 118 116 121 353 122 108 141 113 342 119 140 106 142 357 112 113 120 142 ' ,'0 0 0 0 0 0 0 0 0 0 0 0 0 0 0 0 0 0 0 0 ' ,254 ,1 ,19, 1
173 ,393, 157, '118 122 115 132 133 128 109 133 116 118 111 119 124 125 123 103 115 120 136 141 ' ,'0 0 0 0 0 0 0 0 0 0 0 0 0 0 0 0 0 0 0 0 ' ,41 ,1 ,8, 1
172 ,173, 158, '110 113 128 136 111 104 121 112 142 125 112 90 138 114 117 117 120 117 128 126 ' ,'0 0 0 0 0 0 0 0 0 0 0 0 0 0 0 0 0 0 0 0 ' ,48 ,1 ,9, 2
191 ,184, 172, '112 120 108 146 111 118 111 123 118 121 108 112 96 112 129 125 106 119 128 110 ' ,'0 0 0 0 0 0 0 0 0 0 0 0 0 0 0 0 0 0 0 0 ' ,49 ,1 ,19, 1
171 ,196, 153, '114 129 110 130 115 122 133 115 123 109 115 108 137 123 104 122 118 122 109 120 ' ,'0 0 0 0 0 0 0 0 0 0 0 0 0 0 0 0 0 0 0 0 ' ,35 ,1 ,9, 1
263 ,177, 249, '176 129 136 144 167 175 137 139 134 153 178 134 160 127 167 174 127 132 152 168 ' ,'0 0 0 0 0 0 0 0 0 0 0 0 0 0 0 0 0 0 0 0 ' ,81 ,2 ,33, 1
205 ,278, 192, '129 145 150 129 132 124 145 121 139 144 135 140 125 165 134 145 120 142 162 133 ' ,'0 0 0 0 0 0 0 0 0 0 0 0 0 0 0 0 0 0 0 0 ' ,46 ,1 ,20, 1
194 ,200, 176, '150 140 139 149 126 141 142 151 141 119 148 139 143 123 127 142 147 139 152 143 ' ,'0 0 0 0 0 0 0 0 0 0 0 0 0 0 0 0 0 0 0 0 ' ,31 ,0 ,19, 1
196 ,192, 177, '137 138 110 158 147 142 149 150 130 117 129 139 135 148 116 149 143 134 133 150 ' ,'0 0 0 0 0 0 0 0 0 0 0 0 0 0 0 0 0 0 0 0 ' ,49 ,1 ,14, 2
206 ,193, 189, '147 129 112 149 141 116 147 153 155 137 132 150 169 132 149 145 140 146 172 143 ' ,'0 0 0 0 0 0 0 0 0 0 0 0 0 0 0 0 0 0 0 0 ' ,61 ,1 ,8, 1
235 ,204, 217, '172 153 135 155 184 168 157 159 139 197 158 139 154 152 189 173 136 184 156 168 ' ,'0 0 0 0 0 0 0 0 0 0 0 0 0 0 0 0 0 0 0 0 ' ,65 ,1 ,9, 1
237 ,245, 208, '150 146 166 172 150 146 129 154 155 140 145 162 156 156 149 155 142 161 145 150 ' ,'0 0 0 0 0 0 0 0 0 0 0 0 0 0 0 0 0 0 0 0 ' ,44 ,1 ,26, 2
224 ,234, 206, '163 144 139 162 143 158 152 182 158 139 142 141 95 149 111 156 155 169 151 159 ' ,'0 0 0 0 0 0 0 0 0 0 0 0 0 0 0 0 0 0 0 0 ' ,84 ,2 ,14, 2
223 ,220, 206, '136 126 188 157 138 149 146 162 134 141 151 142 152 169 143 136 146 159 133 156 ' ,'0 0 0 0 0 0 0 0 0 0 0 0 0 0 0 0 0 0 0 0 ' ,63 ,1 ,9, 1
220 ,225, 204, '138 150 152 166 149 147 121 143 128 154 139 147 139 160 146 153 141 181 168 149 ' ,'0 0 0 0 0 0 0 0 0 0 0 0 0 0 0 0 0 0 0 0 ' ,61 ,2 ,14, 1
215 ,219, 196, '143 137 150 146 170 154 133 176 160 154 158 147 130 154 174 154 128 145 163 167 ' ,'0 0 0 0 0 0 0 0 0 0 0 0 0 0 0 0 0 0 0 0 ' ,49 ,1 ,11, 2
186 ,219, 171, '134 133 138 144 115 125 124 136 149 136 126 134 128 151 123 121 130 139 134 145 ' ,'0 0 0 0 0 0 0 0 0 0 0 0 0 0 0 0 0 0 0 0 ' ,38 ,1 ,9, 0
184 ,190, 168, '121 125 141 148 133 127 131 123 116 145 114 101 134 128 133 116 127 109 140 119 ' ,'0 0 0 0 0 0 0 0 0 0 0 0 0 0 0 0 0 0 0 0 ' ,49 ,2 ,11, 1
184 ,200, 169, '127 119 120 136 128 128 112 110 127 126 146 124 126 121 132 121 122 115 133 138 ' ,'0 0 0 0 0 0 0 0 0 0 0 0 0 0 0 0 0 0 0 0 ' ,43 ,1 ,10, 1
185 ,204, 168, '102 115 126 108 107 112 131 112 144 117 116 135 124 122 121 112 145 111 121 113 ' ,'0 0 0 0 0 0 0 0 0 0 0 0 0 0 0 0 0 0 0 0 ' ,45 ,1 ,16, 1
186 ,185, 170, '146 104 138 114 140 137 129 112 132 150 143 122 132 138 128 142 124 118 127 141 ' ,'0 0 0 0 0 0 0 0 0 0 0 0 0 0 0 0 0 0 0 0 ' ,50 ,1 ,9, 1
