21
14
12
11
11
11
12
13
12
11
12
11
11
11
11
10
12
11
11
14
13
11
11
11
11
11
12
12
17
12
16
11
10
12
12
11
12
11
10
12
12
12
12
12
11
11
11
12
11
11
31
11
12
12
11
13
11
11
11
14
12
12
11
11
11
11
11
12
13
10
11
11
13
11
11
13
12
12
12
11
11
12
13
12
11
12
16
12
13
12
16
11
12
12
12
12
11
11
12
12
23
11
13
12
12
12
10
10
11
11
13
11
11
12
11
11
11
12
12
12
12
14
12
12
12
12
12
11
12
11
11
10
11
11
11
11
11
11
12
12
12
12
12
12
10
14
13
12
12
11
31
12
12
12
15
13
12
12
11
11
15
11
11
12
12
11
12
12
12
11
11
14
10
10
10
12
12
13
13
15
11
12
11
12
12
11
19
11
11
11
11
12
11
11
11
11
13
12
12
15
20
12
12
30
13
12
12
15
12
11
12
13
12
12
11
12
11
12
12
11
11
11
17
12
11
12
12
11
11
12
14
12
12
11
12
14
13
12
12
12
12
11
11
11
11
11
12
11
11
21
22
12
11
28
11
13
11
10
10
11
11
11
11
13
11
11
13
12
11
11
15
11
12
11
11
11
11
12
11
13
12
10
11
11
11
12
11
11
10
11
11
11
11
10
11
11
11
13
12
15
25
11
12
11
14
18
10
12
11
12
11
10
11
10
11
10
11
11
10
12
11
11
12
11
11
11
11
10
12
11
10
11
11
12
12
10
12
14
11
12
11
11
12
11
11
11
12
11
11
12
32
18
13
14
12
10
12
18
13
12
13
11
11
11
13
12
13
12
12
13
11
11
11
10
11
10
12
11
11
11
10
10
11
11
11
11
10
12
10
12
10
10
11
10
13
11
10
11
13
11
23
12
10
10
11
10
12
11
11
11
10
10
10
11
10
12
11
11
11
13
10
16
11
10
10
11
11
14
13
12
11
12
11
10
11
12
14
11
12
11
13
13
10
9
10
10
12
11
11
11
56
11
11
13
10
11
11
11
11
12
15
12
11
11
11
11
11
12
10
11
13
11
11
11
12
11
12
11
11
12
12
11
11
11
14
13
12
11
12
12
16
13
10
11
13
11
11
11
13
12
