29
20
21
20
19
18
20
19
21
19
18
20
235
19
20
18
22
18
19
18
18
20
19
17
17
19
19
19
18
18
17
18
18
52
19
18
19
18
19
18
17
19
17
18
17
18
17
18
19
17
16
18
19
18
19
18
19
19
17
17
17
18
18
16
234
17
18
18
19
18
20
19
18
18
19
234
20
19
18
17
17
18
19
19
17
18
17
17
18
17
18
17
49
20
22
18
21
19
18
17
17
18
19
18
19
16
19
16
18
16
18
18
18
19
17
19
18
18
19
19
18
17
18
19
19
19
17
18
19
21
20
19
18
19
19
19
19
19
18
18
19
19
30
17
20
18
17
19
18
18
18
18
19
18
18
18
18
20
18
17
20
19
19
19
20
19
18
19
18
18
19
19
18
20
20
18
22
19
17
18
17
18
18
19
18
18
20
19
18
18
17
19
18
18
18
18
19
18
18
18
19
19
19
18
19
19
19
19
19
19
17
17
18
18
18
18
18
18
18
18
18
18
19
18
18
18
19
19
18
18
18
19
18
233
19
18
20
19
24
41
20
20
19
19
20
19
18
19
18
19
18
19
21
18
19
18
18
19
18
20
17
17
18
19
19
19
18
19
18
18
16
19
19
18
18
17
18
19
19
19
21
18
19
19
17
18
18
17
19
19
18
19
20
18
20
20
19
19
19
19
18
20
19
19
19
18
19
17
18
18
19
18
18
18
20
22
18
17
17
19
19
19
19
18
19
18
20
17
17
20
18
19
19
17
19
19
18
17
40
19
19
19
20
19
18
19
18
19
18
18
19
19
18
18
17
17
19
18
18
19
18
20
19
20
17
18
18
18
18
18
18
18
18
18
19
19
18
18
18
19
17
19
19
17
19
19
19
19
25
20
19
19
20
20
18
18
18
19
19
19
19
19
18
17
18
20
19
17
18
19
18
18
17
17
230
19
17
18
18
18
19
16
19
18
18
18
18
19
25
19
18
17
17
17
19
20
25
17
19
18
20
20
18
19
22
20
18
20
18
19
19
17
18
20
19
20
17
19
19
20
19
32
18
19
19
18
18
20
18
18
25
16
19
19
18
18
17
20
20
19
19
18
18
39
16
19
36
18
18
17
