41
13
13
13
13
14
13
11
16
12
15
15
13
13
12
13
13
13
17
13
13
12
14
12
14
13
13
12
14
13
13
14
13
18
15
13
13
13
12
13
13
12
14
12
13
12
15
14
15
13
32
16
15
13
14
13
12
14
13
14
13
16
12
15
13
12
13
12
12
13
13
13
13
13
15
15
12
12
14
13
13
14
15
13
13
12
13
13
20
13
12
12
13
16
14
13
15
13
13
18
25
12
30
14
14
12
13
13
13
13
14
12
14
13
13
13
13
13
13
14
14
14
15
15
14
14
15
16
15
16
17
32
32
23
21
21
25
42
24
41
243
30
2142
3644
1648
1472
2158
14
14
13
21
14
13
12
12
13
13
12
12
13
11
14
16
11
13
13
11
14
14
12
12
12
13
16
13
18
14
12
13
14
12
12
12
15
12
12
14
12
13
15
12
12
12
12
17
14
12
13
15
12
11
14
12
13
13
11
12
12
11
12
12
13
14
13
14
15
13
13
13
14
13
13
12
17
14
13
12
15
13
14
12
14
12
15
13
11
12
11
13
14
13
11
12
12
12
13
11
14
18
13
41
12
18
13
29
15
13
12
11
11
13
11
16
13
13
12
13
15
12
14
12
12
13
12
12
12
95
11
12
13
13
11
14
16
13
12
15
11
15
12
12
11
14
12
12
14
12
12
13
11
29
12
12
11
12
12
12
12
13
11
11
12
11
13
12
14
12
12
11
15
15
12
13
11
13
11
12
15
13
12
12
15
14
16
13
12
13
12
13
12
16
12
11
15
14
12
12
14
14
13
33
78
13
15
16
652
1839
