28
16
15
16
17
13
14
17
15
16
14
14
14
15
14
17
13
13
15
14
15
17
18
14
14
14
15
17
16
15
12
13
12
18
14
17
15
18
18
14
14
14
13
16
14
12
14
15
14
15
14
14
16
15
14
13
14
24
17
13
14
14
14
13
16
16
13
18
20
19
15
14
14
17
13
34
19
13
13
16
15
15
13
14
14
13
14
15
15
14
13
14
13
14
14
15
14
14
14
16
14
14
17
16
14
13
15
13
14
15
15
13
14
16
15
16
14
15
13
13
14
15
15
15
15
15
17
17
15
14
15
16
16
13
14
15
12
15
13
13
14
15
15
16
15
14
14
13
13
14
13
12
15
13
13
13
13
14
14
17
22
18
12
14
14
13
14
13
22
15
19
12
13
15
13
19
14
18
13
13
13
16
13
13
12
12
11
12
12
14
13
12
13
14
14
14
12
12
13
15
14
12
15
14
14
12
12
12
15
14
13
15
13
14
13
13
89
16
13
13
13
14
14
16
13
22
13
12
12
12
12
13
15
13
13
16
13
13
16
16
12
14
13
13
14
14
12
13
12
14
14
14
12
16
14
12
13
13
15
13
16
13
13
14
16
13
14
44
13
17
19
12
13
14
13
21
18
13
14
13
14
19
14
13
12
14
13
13
12
13
13
13
14
18
14
13
13
13
16
16
16
14
14
11
14
13
14
14
12
12
10
13
16
13
13
12
13
13
16
15
16
13
19
19
13
27
16
14
15
12
12
12
13
21
13
20
14
13
15
12
14
13
14
13
14
12
14
12
11
13
13
12
15
14
16
14
14
14
13
12
12
15
13
14
14
14
12
13
14
15
13
12
13
13
12
26
12
15
21
12
12
12
12
12
12
12
13
12
12
13
14
13
13
12
17
16
13
16
14
11
13
13
17
12
13
12
15
14
15
15
13
12
12
13
14
14
16
15
15
13
13
13
14
13
11
12
12
14
13
12
13
14
14
16
14
13
12
14
14
14
12
13
14
12
14
13
14
12
11
14
13
14
11
13
13
13
14
13
12
16
15
15
12
12
12
13
13
13
13
11
12
12
12
12
18
12
14
14
13
13
13
16
14
11
16
12
14
13
12
12
14
14
15
13
15
13
13
15
12
27
