88
42
13
14
13
14
13
13
13
12
13
12
13
12
15
13
14
13
12
12
16
12
17
12
11
13
12
12
12
12
12
12
12
11
12
11
12
11
17
12
12
14
11
13
12
12
13
14
11
12
15
18
11
11
12
12
18
13
12
11
12
10
12
12
12
11
12
11
13
12
11
11
14
12
13
11
13
12
11
12
11
12
11
11
11
12
15
14
20
12
12
12
12
12
12
13
11
12
11
11
12
11
13
12
13
11
13
12
13
12
12
11
12
15
12
11
11
11
12
11
12
12
10
11
12
12
10
11
12
11
12
12
12
12
11
14
12
14
22
12
12
13
12
12
12
13
12
13
12
11
15
19
12
11
13
12
11
12
12
11
12
11
12
11
12
11
14
13
11
12
11
11
11
11
12
13
12
11
12
11
19
12
11
11
11
11
10
12
27
11
10
11
11
14
11
11
12
11
12
11
13
15
11
11
11
15
17
12
12
12
12
11
10
11
11
12
11
13
12
11
11
12
11
10
13
11
11
11
11
11
13
11
10
11
10
11
11
11
31
12
10
11
10
14
12
12
11
14
11
11
11
13
11
12
11
14
128
30
118
421
13204
13535
12
13
11
14
11
11
11
11
12
11
12
11
11
11
12
14
11
10
11
12
11
13
11
12
11
12
10
11
11
10
11
11
11
11
10
11
11
11
13
11
11
12
11
11
11
11
11
11
11
11
12
11
11
11
9
11
12
10
11
13
15
10
11
11
11
11
10
10
11
10
13
11
11
10
11
11
11
10
11
26
11
11
10
10
10
11
10
10
10
11
13
11
10
10
9
