20
14
14
13
35
13
13
15
13
13
12
12
21
14
13
12
12
13
14
13
13
18
13
13
14
13
14
13
13
14
13
12
13
14
19
13
13
13
12
14
13
12
14
13
13
13
13
14
13
12
13
13
14
13
13
12
13
13
17
14
12
11
13
14
13
13
14
13
13
15
13
15
13
12
14
12
15
12
13
13
14
16
14
14
20
12
12
14
13
12
13
12
12
13
14
12
20
14
14
13
13
13
13
15
12
14
13
13
12
14
15
14
12
12
13
13
12
12
12
12
12
18
14
14
19
17
16
3934
10365
10481
10287
9897
9094
7693
6001
13
13
14
13
14
14
16
16
19
16
14
26
16
11
13
13
13
14
13
13
13
13
14
14
13
14
13
18
12
13
11
12
12
14
12
12
19
13
13
13
19
13
18
12
15
13
12
14
14
12
12
13
14
13
14
13
16
12
13
14
12
17
12
12
11
12
12
14
14
14
13
16
14
12
12
13
12
13
17
18
13
13
13
13
13
13
12
13
12
12
13
12
12
16
12
13
12
13
13
13
13
12
16
13
12
11
13
12
12
14
14
13
12
12
13
12
12
16
25
14
13
12
12
15
13
11
14
14
12
18
14
12
13
13
12
13
12
13
15
40
12
15
13
14
13
11
12
18
13
13
13
12
12
14
13
13
12
17
12
12
17
14
12
13
13
12
17
14
27
13
13
13
12
12
13
12
13
11
15
13
13
13
12
12
12
13
13
14
15
13
12
12
13
12
13
16
13
13
12
13
12
14
14
13
12
13
15
13
13
12
14
13
16
16
15
11
14
13
13
16
13
12
15
13
19
13
17
13
12
13
13
12
13
13
12
14
13
14
14
13
12
12
13
12
12
13
14
13
13
14
14
15
15
15
17
18
18
19
19
21
235
