19
12
12
11
11
11
11
11
10
11
11
11
13
12
11
10
14
9
11
10
12
10
11
11
11
10
10
11
10
11
10
9
11
10
11
11
11
16
10
11
10
10
11
12
10
11
11
10
9
12
12
10
11
10
10
9
11
10
10
12
10
11
10
10
10
10
10
12
11
10
11
10
10
9
11
10
10
12
9
12
11
10
11
10
10
10
10
10
11
10
10
15
10
9
10
10
11
10
12
10
29
11
11
10
9
16
10
11
11
10
10
10
11
10
10
11
11
11
10
11
11
10
11
10
13
10
10
10
11
11
11
10
12
11
15
13
12
11
11
11
13
10
10
12
11
10
11
11
11
13
56
11
32
9
10
10
10
10
11
10
11
11
11
10
11
9
10
10
10
10
12
10
10
10
10
10
10
10
10
9
11
10
10
11
10
10
10
11
10
10
10
11
10
9
11
10
10
9
11
10
26
10
11
10
9
11
11
10
10
10
10
10
10
11
10
11
10
11
11
10
10
10
11
10
11
9
11
10
10
11
10
11
10
10
10
10
10
10
11
10
10
11
12
10
11
10
11
10
10
10
29
11
9
10
11
10
10
10
10
10
10
13
11
10
10
12
10
10
12
10
14
10
10
13
11
11
10
11
11
10
10
10
10
9
10
11
10
11
11
11
10
10
10
10
10
10
10
10
10
10
20
11
10
10
23
10
13
12
11
10
12
14
10
10
12
10
10
10
11
10
14
10
10
12
10
11
10
10
11
10
11
10
10
11
11
10
10
11
10
10
10
10
10
10
10
11
10
10
10
9
11
11
12
10
28
16
9
11
10
9
11
10
9
10
10
10
10
10
9
10
10
10
10
9
10
10
17
10
11
11
10
10
10
10
10
11
12
16
12
11
10
10
10
10
10
12
11
10
10
11
16
11
11
10
20
10
11
10
11
10
11
9
11
11
10
10
11
13
10
10
10
10
11
9
14
11
10
12
10
16
13
10
10
11
12
12
11
10
11
11
12
11
10
11
10
9
11
10
11
11
11
10
11
11
10
10
10
10
10
10
10
9
10
10
10
9
19
10
9
10
10
9
10
10
10
10
12
10
11
12
10
10
10
9
10
10
10
9
10
10
10
10
12
11
10
10
11
12
10
10
