27
15
13
13
12
11
13
12
12
10
12
11
21
12
11
13
12
12
12
11
12
13
16
12
12
14
14
14
14
12
11
12
11
11
11
12
13
14
11
12
15
11
13
12
12
11
12
15
11
11
15
13
11
11
11
11
11
11
10
12
14
11
24
12
11
12
13
11
11
10
12
13
11
12
11
12
12
11
10
16
11
12
13
13
12
11
12
13
13
12
13
29
11
12
11
11
12
12
12
11
12
12
13
11
11
12
12
11
15
11
10
10
25
11
11
11
16
11
10
11
10
11
12
12
15
11
11
11
10
11
11
11
16
12
11
11
11
10
14
10
10
11
13
11
12
12
11
11
11
12
12
16
11
11
11
11
12
12
12
11
12
12
12
11
11
10
11
13
11
11
11
11
11
12
11
11
11
12
12
10
10
13
14
11
13
11
12
13
13
11
11
12
12
16
12
13
12
11
11
12
12
11
12
11
11
12
11
11
11
11
11
11
16
13
11
11
12
13
13
11
10
12
11
10
12
11
11
12
12
10
11
10
12
12
11
12
11
11
11
11
11
11
11
10
11
11
11
11
11
11
27
15
10
11
12
27
10
15
11
10
11
12
18
11
11
12
12
11
14
14
15
11
11
11
11
11
11
11
11
12
12
12
13
15
11
11
11
10
12
11
11
12
12
11
13
12
12
11
13
13
13
11
12
12
12
11
16
11
12
16
11
15
16
19
11
10
11
12
11
12
12
10
11
11
11
11
11
11
11
10
11
11
11
11
12
11
10
12
11
11
12
11
11
11
12
11
10
16
11
28
12
12
11
13
13
11
19
12
11
12
12
11
18
11
11
14
10
11
10
11
10
10
12
11
11
10
10
11
11
14
11
11
11
10
11
10
11
12
10
11
11
10
10
11
11
22
11
14
10
11
13
11
10
11
10
11
11
11
11
10
12
11
21
12
13
11
11
11
11
10
11
11
10
11
11
11
11
12
13
11
10
12
11
11
11
11
11
10
12
10
12
11
10
11
11
25
12
11
10
12
12
10
10
11
11
11
11
11
10
12
11
11
16
11
11
11
11
10
12
12
11
11
12
12
12
12
12
11
12
12
11
11
11
11
10
11
12
11
11
11
10
11
11
11
12
11
11
11
13
16
