22
15
14
14
14
15
14
14
13
12
13
16
14
13
13
15
14
13
12
13
12
13
13
13
12
13
13
13
13
13
15
13
13
12
12
13
14
13
13
11
13
15
13
13
12
13
13
13
13
13
15
13
12
13
13
13
13
12
12
13
14
13
13
13
12
12
13
12
14
13
13
15
13
14
14
12
13
13
11
13
38
13
12
13
13
13
52
13
11
13
15
13
13
12
12
14
13
12
26
12
13
12
12
13
12
12
12
11
11
12
12
12
13
13
13
13
13
12
12
12
12
12
12
12
12
12
12
12
12
12
27
11
12
12
13
11
14
11
12
12
13
12
12
12
12
15
12
11
23
12
14
13
12
12
12
12
13
12
12
12
12
15
13
12
12
12
11
12
12
11
12
11
12
12
12
13
11
16
12
13
33
11
13
16
13
11
12
12
12
15
12
14
13
12
12
13
12
12
21
12
13
11
11
12
12
12
14
11
12
12
13
12
14
12
12
13
12
12
12
12
12
12
14
12
11
14
13
12
12
12
12
12
12
12
13
12
14
13
12
13
13
12
12
11
13
12
11
12
21
18
12
12
12
12
12
12
14
12
12
12
12
13
13
12
12
12
11
13
12
11
16
11
12
12
13
12
12
12
12
13
12
28
11
16
12
12
17
12
12
12
11
12
18
12
12
12
13
13
12
13
13
16
11
12
12
12
12
13
12
14
15
14
13
12
12
13
11
12
12
14
12
11
13
12
12
12
18
13
12
12
13
17
17
13
12
18
12
13
13
13
12
15
11
12
12
13
12
15
22
12
13
13
12
12
15
14
12
12
12
12
12
12
12
12
12
12
13
12
14
12
12
13
12
13
13
11
12
13
13
14
12
12
32
13
12
12
13
13
12
12
12
13
11
16
11
12
12
11
20
13
13
12
12
14
12
12
13
11
13
12
13
11
11
13
17
12
12
12
13
12
12
11
11
15
13
12
12
12
11
12
12
12
12
12
13
14
13
13
12
12
13
13
12
12
12
12
12
12
19
12
13
12
12
12
12
12
11
10
12
12
16
12
10
11
14
12
18
12
15
12
11
12
15
13
12
13
12
13
12
11
11
11
12
12
12
11
13
12
12
11
13
13
13
13
12
12
12
11
26
12
