26
19
17
18
16
24
16
14
15
14
15
15
19
17
16
16
15
15
14
16
16
16
16
16
16
16
15
13
16
20
16
21
18
18
17
13
16
16
15
17
19
15
14
14
21
15
15
16
15
14
18
16
17
36
17
25
14
15
17
16
16
16
16
16
15
16
16
15
15
14
15
15
16
15
15
17
16
15
15
16
15
15
15
14
16
14
15
16
14
42
15
15
16
15
16
16
15
14
14
23
15
16
15
14
16
23
15
14
14
18
16
15
17
15
14
15
15
15
15
23
14
17
15
14
14
15
16
16
16
15
16
14
15
17
15
15
15
16
15
16
15
14
37
14
15
15
14
13
17
17
17
16
15
19
16
23
15
15
16
16
18
14
15
16
16
15
15
14
17
16
14
16
15
15
18
14
17
18
21
14
25
14
18
15
24
15
15
15
14
14
15
16
14
16
15
15
16
15
16
14
16
14
15
21
16
27
15
15
16
16
16
15
15
14
14
16
15
16
17
16
15
15
15
16
14
15
17
19
15
16
16
16
16
15
15
16
15
16
15
15
14
15
16
17
16
15
16
15
14
16
16
15
14
20
35
17
16
17
16
15
15
16
15
16
15
14
17
16
16
15
18
16
17
16
21
20
17
16
16
16
21
20
17
15
14
14
15
15
16
15
16
16
15
16
17
15
14
15
14
15
15
16
16
16
40
27
13
14
17
17
16
17
14
15
16
16
15
16
14
15
16
15
17
18
14
15
15
18
16
19
15
16
15
15
16
17
15
16
15
14
15
14
15
16
17
15
16
15
19
15
16
17
15
17
49
22
14
13
14
15
15
15
14
15
15
16
17
15
14
15
15
15
18
16
17
16
15
14
15
16
15
16
14
19
20
16
15
17
16
15
16
15
15
14
15
15
17
15
20
14
17
17
16
15
16
35
16
15
16
15
15
17
16
17
15
18
15
15
14
15
16
15
16
15
16
17
17
16
20
16
16
16
16
16
14
15
18
15
19
13
15
18
15
15
16
40
19
14
16
17
16
15
18
17
40
17
15
15
15
17
17
16
17
16
14
14
15
16
15
17
15
15
17
16
16
19
15
19
16
15
19
17
15
15
15
16
16
16
14
18
16
14
14
15
14
15
16
16
16
15
