25
21
20
18
19
18
17
21
19
18
18
16
17
17
19
17
17
18
18
17
17
16
18
18
17
17
17
17
24
18
18
18
17
17
20
17
19
18
17
17
17
17
17
17
17
17
17
18
18
17
17
16
17
19
16
16
18
16
16
19
16
17
17
18
16
17
18
16
16
20
235
17
17
16
234
17
16
15
16
17
17
17
17
17
40
17
17
17
16
17
17
17
18
19
16
17
34
16
17
19
18
16
17
16
16
19
18
17
18
17
16
16
231
18
21
17
17
19
17
17
17
17
21
17
17
17
17
249
17
19
45
17
18
17
16
18
16
16
17
230
20
17
18
19
15
15
17
16
17
15
18
17
16
18
17
20
16
21
16
18
16
17
17
220
18
17
17
17
17
16
18
17
16
16
16
18
16
16
16
16
17
17
18
18
17
18
16
15
17
15
27
16
17
19
16
19
17
19
16
16
19
17
16
19
16
18
15
17
17
17
17
16
16
17
17
16
17
16
17
18
17
16
19
19
19
17
33
20
16
222
18
19
18
220
20
17
18
17
17
18
17
17
19
16
17
33
17
17
16
17
17
16
16
42
22
18
17
17
17
20
17
19
18
17
220
17
17
17
19
20
38
15
17
221
17
18
17
17
15
17
16
24
112
17
18
18
233
18
16
17
16
21
24
17
17
20
17
218
17
17
17
69
15
17
16
17
20
17
18
17
39
17
16
233
19
19
18
19
17
17
17
18
21
18
20
17
37
23
16
20
17
16
17
17
17
17
16
19
18
17
22
18
16
16
16
16
17
17
16
15
16
17
22
17
17
17
17
17
25
18
17
19
18
20
16
18
17
17
17
17
17
221
21
35
35
17
17
18
221
17
17
19
23
18
20
17
16
17
19
16
17
17
236
16
18
24
219
17
18
16
17
16
17
16
17
17
19
16
17
16
39
16
18
17
17
220
33
16
19
16
17
221
19
17
21
16
17
16
16
18
16
34
32
17
16
17
18
16
16
17
17
17
16
20
17
17
34
20
22
16
217
17
16
16
16
234
17
