36
26
23
232
25
23
25
23
23
24
23
22
36
23
21
230
24
25
22
23
22
22
21
22
21
38
24
23
22
21
239
24
22
22
25
21
22
22
23
21
33
21
22
23
38
22
23
236
24
37
21
23
22
22
21
22
21
22
21
22
22
22
21
21
21
21
222
25
22
22
22
22
22
23
21
22
20
22
22
21
21
21
88
20
22
21
22
21
20
21
23
22
23
22
21
36
242
25
23
21
22
23
22
44
22
24
23
22
23
26
25
22
23
231
23
23
21
23
22
222
22
22
21
21
23
23
23
224
39
22
22
22
23
22
21
22
22
47
244
23
23
23
21
21
20
22
21
21
23
21
23
22
21
21
20
21
242
22
21
226
23
23
20
34
22
22
22
23
22
21
25
24
25
23
21
24
21
21
22
22
227
24
24
22
22
22
22
238
23
24
22
25
23
22
249
22
22
23
28
21
21
21
22
21
22
23
26
235
24
23
23
22
21
22
22
26
22
20
26
22
243
22
26
22
23
24
222
22
23
22
23
22
24
23
25
23
22
39
22
22
223
22
23
22
22
22
22
22
22
22
23
22
22
24
24
21
237
23
21
23
21
223
23
22
49
22
23
21
20
20
23
21
23
21
22
21
21
21
21
20
224
22
41
24
21
22
224
22
21
86
23
23
23
21
22
21
22
21
224
22
22
21
21
20
233
21
28
22
22
23
22
21
22
22
22
22
22
22
22
22
24
22
21
21
22
234
25
21
21
21
22
22
21
21
21
237
23
23
21
21
24
22
21
22
21
21
24
225
22
24
25
223
24
23
21
21
223
22
22
22
260
22
22
21
25
22
21
22
21
21
21
227
22
23
23
21
22
240
21
22
21
22
23
21
24
238
21
22
21
22
21
22
21
21
240
25
22
22
21
21
22
20
21
245
24
22
21
22
21
21
22
22
22
21
22
21
21
230
24
22
22
21
21
21
22
22
