30
24
230
23
23
22
21
22
31
22
20
20
23
20
23
22
22
23
23
21
22
21
23
22
23
22
23
22
23
22
22
20
22
227
21
22
22
22
21
21
21
230
22
21
23
23
23
21
21
45
20
22
20
226
24
22
22
22
22
22
20
22
21
23
20
22
20
21
21
21
22
21
20
22
29
24
21
21
21
22
21
22
22
22
225
24
44
22
21
21
25
22
23
22
22
33
22
22
33
24
38
23
23
22
22
27
22
21
23
25
21
28
20
21
23
53
24
21
25
22
21
22
21
20
39
22
21
21
21
237
21
22
37
21
35
22
22
21
21
22
22
27
21
33
36
21
22
20
20
20
21
20
22
21
21
20
21
20
22
20
21
21
20
23
36
21
21
21
21
20
238
22
21
21
23
21
23
22
22
21
21
21
21
21
22
22
21
22
22
23
22
235
24
23
21
22
21
22
21
22
22
22
22
21
22
21
20
21
26
21
20
20
21
21
21
23
21
21
22
21
22
23
21
21
22
23
22
20
22
21
21
21
21
21
23
22
21
21
21
38
21
22
22
22
219
21
22
24
23
21
22
21
24
21
21
21
22
22
20
21
21
22
22
20
20
20
21
21
26
21
27
21
20
37
21
20
23
20
21
21
21
28
21
21
21
21
22
38
23
22
30
21
21
22
20
22
226
20
22
20
20
20
20
22
21
21
21
21
21
21
22
45
21
20
21
22
20
20
20
20
21
22
20
21
22
20
21
30
20
21
237
22
21
42
21
21
22
21
20
21
21
22
21
24
23
21
22
21
21
21
22
21
21
21
222
22
22
21
22
23
23
20
22
20
21
22
21
22
21
20
21
21
21
35
30
21
21
20
35
22
22
35
233
22
21
23
21
23
22
22
21
21
23
21
23
20
224
22
21
21
21
25
21
20
21
20
21
22
20
21
21
21
22
21
21
25
227
49
25
23
22
22
21
20
21
39
21
21
3803
21
21
21
21
