35
27
27
28
24
230
23
31
26
24
257
25
225
25
24
25
24
24
23
24
22
23
23
23
26
26
26
236
28
26
228
25
26
29
25
22
24
23
25
24
25
25
26
234
24
36
24
23
26
23
22
23
24
218
24
228
24
24
22
30
23
25
25
25
24
24
24
22
23
22
26
22
23
23
24
22
22
26
25
24
22
237
24
23
22
22
23
25
244
29
25
23
24
22
23
23
22
240
24
24
247
27
23
25
21
23
22
23
23
22
23
23
23
225
28
25
46
23
235
23
27
22
25
25
23
24
23
24
24
22
23
23
25
226
26
25
24
24
233
26
23
23
28
22
22
227
24
39
22
50
25
23
24
24
24
23
24
23
23
23
23
28
22
23
23
22
23
22
22
223
23
26
23
22
24
23
24
23
243
24
24
24
23
23
23
234
24
26
23
227
23
24
23
22
23
22
23
25
229
23
23
22
22
23
23
236
24
34
25
25
225
24
23
25
23
25
24
24
24
24
23
27
25
24
23
28
225
23
22
23
22
22
23
428
23
25
23
228
25
23
25
23
23
24
23
40
23
22
22
22
23
24
23
24
23
24
30
23
23
23
23
24
24
24
23
25
22
23
22
22
23
22
24
27
23
244
24
24
25
24
25
224
24
36
22
22
23
22
22
23
23
22
23
22
23
22
23
22
23
24
23
221
23
23
22
23
241
23
24
23
25
22
22
23
223
26
24
23
24
23
23
23
25
23
221
39
24
23
23
21
23
22
23
23
26
22
23
22
22
25
23
22
23
23
22
22
23
23
242
25
23
22
23
22
24
22
22
22
22
24
23
22
22
24
23
22
23
23
22
236
25
34
224
24
23
23
23
22
25
23
242
24
24
22
25
24
23
23
222
24
25
24
24
23
25
240
25
24
23
24
23
24
23
25
24
24
24
24
25
30
24
24
24
40
25
33
25
25
23
24
