30
19
21
18
17
16
16
16
15
16
16
16
16
17
18
16
17
17
14
16
15
17
16
15
16
17
15
15
15
15
15
36
15
15
16
16
16
15
16
17
16
15
34
14
15
15
15
15
15
16
16
15
16
15
15
14
15
15
15
15
15
16
15
16
15
15
16
16
15
16
15
16
15
16
16
15
16
14
15
15
15
16
16
17
16
16
15
15
15
17
18
18
34
16
18
16
14
15
15
15
16
16
16
16
15
15
16
16
17
16
17
16
16
15
16
14
14
15
16
15
14
15
33
16
16
15
15
15
22
15
15
15
16
17
15
18
15
16
14
16
16
16
39
16
16
16
14
14
14
15
17
15
15
16
15
14
15
16
15
15
15
15
15
15
15
15
16
15
15
15
15
15
15
15
15
14
14
13
16
15
14
15
15
15
15
15
15
15
13
15
14
15
21
15
15
14
17
15
15
15
15
14
15
14
15
14
22
14
15
15
15
16
16
14
16
14
15
15
14
16
16
14
14
14
14
14
15
15
15
15
13
13
14
14
15
13
15
14
16
15
15
17
30
17
14
15
14
16
15
14
17
16
16
15
15
15
14
14
15
14
14
14
15
14
16
14
15
15
15
14
17
17
15
15
15
16
15
15
14
16
19
20
14
14
36
14
15
15
15
16
15
15
33
14
15
15
16
15
15
15
16
17
15
15
15
14
15
14
19
14
15
15
14
14
14
15
15
15
14
16
15
15
15
15
15
16
15
15
17
16
17
14
17
14
15
16
15
20
18
16
15
16
49
16
15
15
14
19
16
15
16
15
14
15
15
16
15
15
14
16
15
14
15
16
15
15
16
16
16
16
15
17
15
15
15
14
14
33
17
16
15
15
16
15
15
16
14
17
17
15
15
14
25
16
16
15
15
15
15
16
15
15
15
15
17
16
16
14
18
14
16
14
15
15
13
15
14
14
14
15
16
15
14
15
15
15
15
15
15
16
15
15
14
15
15
14
15
15
14
16
15
15
25
16
15
16
17
16
29
15
16
14
14
15
15
14
14
15
16
15
18
15
14
14
15
15
14
14
15
15
16
15
15
16
15
14
15
15
14
14
15
20
15
14
15
15
15
14
15
14
14
14
21
14
14
31
14
14
14
14
