27
23
20
19
21
19
21
20
21
22
69
21
19
19
18
19
19
19
21
19
20
20
250
20
21
19
20
21
20
20
19
19
20
20
18
17
18
44
19
19
243
19
20
18
19
19
19
20
18
18
19
18
20
29
30
21
230
21
26
26
19
16
19
19
19
17
22
19
18
18
20
20
18
19
19
22
20
23
19
19
20
19
18
20
18
18
20
40
39
20
20
19
18
19
24
38
22
17
18
17
17
19
22
18
273
23
34
18
19
18
17
19
18
17
28
20
19
20
19
19
37
18
19
19
251
5123
7013
28
25
19
22
20
19
18
21
18
18
19
19
18
27
38
19
19
20
20
18
20
19
19
18
230
22
18
229
19
17
16
18
17
40
19
19
17
20
18
19
19
18
24
18
42
18
19
21
17
18
227
18
17
17
19
18
18
241
22
18
21
17
17
17
20
17
18
18
18
18
18
17
36
17
16
16
16
17
18
17
18
21
19
18
17
17
15
16
16
17
17
20
18
22
19
17
20
18
19
18
16
19
18
19
19
31
20
19
19
19
17
17
19
19
17
18
19
18
18
19
18
17
16
17
17
19
20
19
21
19
20
19
232
18
21
18
17
17
17
17
19
18
21
19
21
18
17
18
18
20
16
19
20
32
18
19
18
19
18
18
36
17
17
19
19
19
21
19
19
19
18
228
18
19
23
19
18
19
18
17
18
16
19
17
18
17
19
18
18
19
19
27
19
18
21
18
18
21
18
19
17
26
39
21
19
17
16
18
18
17
19
20
19
18
18
18
18
19
17
17
18
18
18
18
21
17
18
19
21
19
19
17
