35
28
228
25
26
23
24
23
24
24
24
23
23
23
24
25
25
24
25
24
23
23
25
23
25
22
23
23
43
23
24
23
23
25
22
23
23
23
24
23
23
22
23
47
22
23
22
22
25
23
24
23
24
30
24
23
23
24
22
23
24
23
23
22
23
24
22
229
24
24
25
25
24
23
23
22
39
25
26
28
22
23
24
23
24
23
22
22
24
22
25
24
23
22
23
23
25
25
23
23
23
23
223
23
24
225
24
24
25
23
23
33
23
22
30
22
23
23
225
22
38
23
25
22
23
23
22
26
22
24
27
21
23
36
34
34
23
23
23
23
24
33
23
22
24
22
23
22
24
23
23
23
23
22
22
23
25
22
25
21
23
22
22
23
22
24
23
30
36
22
22
23
23
24
24
25
22
23
21
22
22
21
22
21
23
26
230
24
23
230
23
22
23
25
26
23
23
23
23
25
23
242
24
246
24
23
99
23
22
23
22
22
23
23
24
23
22
23
23
24
22
23
22
23
25
34
23
38
23
23
22
23
24
23
23
23
23
23
23
21
23
23
22
24
23
24
24
22
23
23
23
24
25
24
22
24
24
23
25
25
24
23
23
41
26
26
233
23
24
24
22
23
23
23
23
23
24
23
23
24
24
24
23
23
26
28
25
24
25
23
22
25
25
23
26
24
24
23
27
24
23
23
22
22
26
23
23
22
23
23
23
24
23
23
23
23
24
220
24
22
49
23
228
24
24
23
23
23
23
23
25
22
29
23
22
23
245
28
23
21
20
22
23
22
23
45
22
23
23
42
24
25
23
22
22
23
23
22
23
27
25
23
23
22
23
22
22
34
23
23
22
23
23
22
23
24
26
23
225
25
24
22
22
22
22
22
22
24
22
22
23
22
22
23
22
24
23
23
24
24
23
22
23
24
22
23
22
22
24
39
25
22
23
22
39
23
23
24
22
23
33
222
23
24
24
22
22
24
23
23
23
22
22
25
23
26
23
23
23
23
23
23
24
24
23
23
24
22
23
22
22
33
23
23
23
22
22
24
24
23
23
30
28
22
23
22
23
23
22
22
