28
21
19
20
18
20
18
16
17
17
16
16
16
16
17
19
16
17
16
17
16
16
16
16
16
17
15
16
16
16
17
16
17
27
16
17
16
15
18
16
18
17
17
18
16
17
15
19
16
17
18
19
17
17
16
16
17
17
16
17
17
17
17
17
17
16
16
17
16
16
17
16
16
16
16
17
17
18
18
17
17
17
32
18
16
17
19
16
18
18
16
17
16
17
17
17
17
16
15
17
19
17
17
16
17
17
16
16
17
18
17
17
17
17
17
17
53
20
16
15
17
17
24
17
16
17
16
16
16
16
15
16
22
17
17
17
17
22
17
16
17
18
16
35
16
18
16
18
16
17
16
16
17
15
16
16
16
17
16
19
17
18
17
16
16
15
16
15
16
17
16
16
17
16
17
16
16
18
16
17
16
17
15
16
17
16
15
15
24
16
16
16
17
17
17
17
17
17
16
16
16
16
17
16
16
18
17
16
17
17
16
17
17
16
16
16
14
15
16
31
17
17
17
17
16
19
16
17
16
17
16
15
33
17
17
17
17
18
17
16
18
17
16
15
17
16
15
17
16
15
19
18
18
18
18
17
16
15
15
16
16
16
17
16
17
17
18
16
16
31
16
16
16
16
17
17
16
16
16
17
17
16
35
16
16
17
17
17
17
19
16
17
16
16
16
15
16
17
16
17
18
17
16
16
17
16
16
16
15
16
16
16
16
16
16
16
18
14
15
17
16
16
17
15
16
16
16
15
16
16
17
17
17
17
17
15
17
15
16
15
15
16
15
16
20
17
17
17
18
16
17
16
16
16
19
16
18
18
15
16
16
16
16
16
15
20
16
16
16
17
16
16
17
17
17
18
18
17
17
17
150
42
16
15
20
19
15
16
30
15
17
16
16
24
17
18
17
17
17
20
16
17
16
15
16
17
17
16
16
17
17
17
17
15
16
16
17
16
15
16
20
17
17
17
15
16
16
17
16
16
17
37
16
16
16
15
16
16
15
15
15
16
16
15
15
16
14
16
14
17
16
16
16
17
16
17
15
15
16
15
15
15
18
16
14
15
14
16
16
16
30
16
17
15
15
16
15
15
15
15
21
19
16
17
16
16
18
15
16
16
17
16
17
16
18
16
17
16
16
