30
24
24
31
21
24
22
25
21
21
32
22
22
22
22
21
27
21
21
22
218
21
23
19
22
24
22
19
21
19
22
36
21
20
20
19
21
22
21
20
19
20
21
21
21
21
20
20
20
21
20
20
19
22
21
20
20
20
21
21
20
224
24
25
20
21
22
24
20
23
21
21
22
20
21
21
19
22
20
19
33
26
21
20
22
20
20
22
20
22
21
23
22
19
21
23
26
18
19
26
20
21
19
22
19
28
19
31
20
20
237
20
20
35
21
19
20
21
22
21
20
26
21
24
20
20
22
50
22
20
20
20
19
21
20
20
20
22
26
19
20
20
21
20
21
20
21
20
22
23
20
20
22
20
21
22
20
22
21
22
21
24
23
22
22
22
22
20
21
24
22
21
20
20
20
24
220
21
25
21
39
22
20
40
21
21
19
21
21
19
22
20
21
23
23
19
19
22
20
41
22
20
21
19
23
19
20
20
19
21
19
232
22
24
20
20
21
32
22
20
19
20
20
20
22
27
21
20
23
20
22
25
25
26
22
22
178
36
22
22
20
19
26
21
19
20
236
21
20
40
21
23
23
22
21
240
40
19
34
20
25
21
20
19
21
20
23
21
19
19
24
19
19
19
19
22
35
33
21
19
21
20
223
22
21
20
20
22
20
27
221
21
23
20
19
20
221
22
23
20
22
21
21
19
20
21
22
21
20
22
22
37
22
21
23
21
218
73
20
20
21
21
21
20
20
20
27
23
23
221
20
20
223
22
21
22
35
20
20
26
20
21
21
24
21
23
21
27
20
19
20
20
26
22
220
20
21
21
21
26
20
20
19
21
21
23
40
19
20
19
20
20
19
19
22
20
19
20
19
219
21
21
47
20
22
22
21
20
20
21
21
21
21
22
22
22
26
20
23
25
42
22
21
24
30
20
21
21
20
23
19
22
20
20
21
21
20
20
19
21
24
21
22
21
20
21
21
21
48
22
25
20
22
22
34
23
20
23
20
234
20
22
20
21
223
25
21
26
23
23
27
19
19
19
19
20
20
227
21
19
22
19
20
