27
19
17
16
16
15
16
14
15
15
15
14
16
14
29
14
16
15
14
14
14
13
15
15
14
15
14
14
14
14
12
13
14
13
14
14
13
14
14
15
14
14
31
13
14
14
14
14
13
14
15
14
15
15
15
14
14
14
14
15
15
14
14
15
26
14
15
15
15
13
15
15
14
12
14
13
14
14
14
13
15
13
14
15
14
13
15
17
14
14
17
14
35
14
14
15
14
13
15
14
15
14
13
13
15
14
14
14
15
25
14
15
14
15
21
14
15
14
14
15
14
13
14
15
15
14
15
14
15
14
13
14
14
14
14
18
16
25
14
14
14
14
33
14
12
14
14
13
13
14
14
14
12
13
14
13
13
14
14
14
13
13
15
15
24
15
13
14
13
13
14
13
15
15
14
14
14
13
15
14
15
14
13
14
13
14
14
14
15
14
15
14
14
14
14
14
15
13
14
14
16
14
15
14
14
14
14
14
14
14
13
13
14
14
27
14
16
14
14
14
14
16
15
14
33
14
14
13
14
14
14
14
14
14
14
13
13
14
14
14
14
14
17
14
14
13
13
13
14
14
14
14
14
14
14
13
14
14
13
47
14
13
14
14
26
14
14
14
14
13
15
15
13
20
13
13
14
14
14
17
17
14
14
17
14
13
13
14
14
15
14
14
13
14
19
14
14
13
14
16
15
13
14
13
14
14
14
15
14
14
14
14
14
14
24
14
14
14
13
15
14
15
14
13
13
14
13
15
14
14
12
14
14
13
14
14
13
16
13
14
14
13
13
15
59
13
14
13
13
13
14
14
14
14
17
14
13
14
15
14
14
13
13
14
26
14
14
14
13
13
14
15
18
14
14
14
14
14
16
15
14
14
14
15
13
15
15
16
16
14
15
14
14
14
26
14
14
14
13
14
16
14
16
14
14
13
13
13
17
15
14
13
13
13
14
14
13
14
14
14
14
13
13
14
15
14
14
14
14
13
14
14
14
14
13
14
14
13
14
14
13
13
14
14
26
14
14
14
15
14
15
14
13
16
15
14
15
15
14
14
14
14
14
29
15
15
14
13
14
13
13
13
14
13
14
15
15
14
14
14
13
14
14
14
13
13
15
15
15
14
14
14
13
16
14
14
13
14
14
14
