230 ,0, 141, '50 59 60 53 48 54 47 50 ' ,'0 0 0 0 0 0 0 0 ' ,37 ,4 ,18, 17
771 ,218, 752, '619 639 612 583 543 519 500 724 ' ,'0 0 0 0 0 0 0 0 ' ,233 ,2 ,4, 4
899 ,1517, 879, '864 844 646 744 625 530 619 576 ' ,'0 0 0 0 0 0 0 0 ' ,336 ,2 ,3, 3
655 ,889, 634, '546 562 613 556 500 507 568 566 ' ,'0 0 0 0 0 0 0 0 ' ,117 ,2 ,4, 4
786 ,645, 766, '581 752 642 586 525 531 571 581 ' ,'0 0 0 0 0 0 0 0 ' ,227 ,2 ,4, 4
737 ,781, 719, '610 615 700 613 598 537 582 555 ' ,'0 0 0 0 0 0 0 0 ' ,163 ,3 ,6, 6
741 ,729, 724, '634 698 692 660 586 547 586 519 ' ,'0 0 0 0 0 0 0 0 ' ,186 ,4 ,5, 5
644 ,732, 618, '561 580 597 573 534 515 550 545 ' ,'0 0 0 0 0 0 0 0 ' ,85 ,4 ,3, 3
705 ,628, 688, '590 572 561 583 570 598 667 521 ' ,'0 0 0 0 0 0 0 0 ' ,152 ,6 ,5, 5
661 ,694, 644, '524 587 617 547 559 522 516 569 ' ,'0 0 0 0 0 0 0 0 ' ,116 ,3 ,3, 3
589 ,654, 572, '547 498 449 498 445 404 483 497 ' ,'0 0 0 0 0 0 0 0 ' ,150 ,3 ,4, 4
687 ,578, 670, '594 613 572 656 504 532 521 449 ' ,'0 0 0 0 0 0 0 0 ' ,207 ,2 ,4, 4
572 ,677, 556, '480 543 504 512 429 517 462 457 ' ,'0 0 0 0 0 0 0 0 ' ,112 ,1 ,3, 3
751 ,565, 734, '639 717 605 706 552 594 628 594 ' ,'0 0 0 0 0 0 0 0 ' ,165 ,1 ,6, 6
725 ,741, 705, '657 634 589 691 493 535 615 551 ' ,'0 0 0 0 0 0 0 0 ' ,199 ,1 ,3, 3
636 ,715, 621, '567 557 607 519 541 532 561 483 ' ,'0 0 0 0 0 0 0 0 ' ,124 ,1 ,5, 5
644 ,628, 605, '588 547 557 579 495 493 589 552 ' ,'0 0 0 0 0 0 0 0 ' ,120 ,1 ,4, 4
589 ,635, 571, '484 556 552 516 460 534 453 490 ' ,'0 0 0 0 0 0 0 0 ' ,105 ,1 ,5, 5
765 ,581, 741, '695 732 641 672 585 620 568 595 ' ,'0 0 0 0 0 0 0 0 ' ,165 ,1 ,5, 5
710 ,757, 690, '622 678 570 653 637 565 622 607 ' ,'0 0 0 0 0 0 0 0 ' ,114 ,1 ,5, 5
667 ,699, 650, '564 639 564 563 529 531 580 546 ' ,'0 0 0 0 0 0 0 0 ' ,107 ,0 ,3, 3
629 ,660, 611, '499 565 594 548 499 528 481 509 ' ,'0 0 0 0 0 0 0 0 ' ,117 ,1 ,6, 6
600 ,619, 582, '539 567 553 571 555 531 540 532 ' ,'0 0 0 0 0 0 0 0 ' ,40 ,1 ,3, 3
672 ,594, 656, '531 627 643 564 523 569 509 509 ' ,'0 0 0 0 0 0 0 0 ' ,137 ,1 ,5, 5
763 ,663, 746, '556 675 541 727 568 646 625 701 ' ,'0 0 0 0 0 0 0 0 ' ,191 ,1 ,5, 5
885 ,752, 864, '604 599 593 611 544 853 513 571 ' ,'0 0 0 0 0 0 0 0 ' ,343 ,1 ,5, 5
605 ,875, 587, '543 556 525 574 450 550 487 489 ' ,'0 0 0 0 0 0 0 0 ' ,122 ,1 ,4, 4
607 ,596, 585, '569 551 468 568 567 480 464 566 ' ,'0 0 0 0 0 0 0 0 ' ,107 ,1 ,5, 5
778 ,596, 761, '586 747 593 537 533 597 451 502 ' ,'0 0 0 0 0 0 0 0 ' ,299 ,1 ,5, 5
594 ,767, 578, '467 466 483 564 449 470 500 490 ' ,'0 0 0 0 0 0 0 0 ' ,116 ,1 ,5, 5
534 ,584, 517, '414 496 506 485 450 415 460 410 ' ,'0 0 0 0 0 0 0 0 ' ,97 ,1 ,4, 4
589 ,524, 570, '545 549 561 542 438 427 438 522 ' ,'0 0 0 0 0 0 0 0 ' ,135 ,1 ,2, 2
718 ,581, 701, '655 650 687 670 615 585 617 534 ' ,'0 0 0 0 0 0 0 0 ' ,156 ,1 ,4, 4
688 ,710, 671, '656 588 644 583 556 622 509 587 ' ,'0 0 0 0 0 0 0 0 ' ,150 ,1 ,6, 6
711 ,678, 693, '592 577 594 682 583 512 569 568 ' ,'0 0 0 0 0 0 0 0 ' ,171 ,1 ,3, 3
688 ,705, 670, '612 625 656 624 571 524 606 627 ' ,'0 0 0 0 0 0 0 0 ' ,135 ,1 ,6, 6
765 ,677, 748, '620 735 699 641 559 628 535 574 ' ,'0 0 0 0 0 0 0 0 ' ,200 ,1 ,5, 5
681 ,756, 662, '578 645 588 591 567 552 592 562 ' ,'0 0 0 0 0 0 0 0 ' ,99 ,2 ,5, 5
590 ,669, 572, '512 537 559 531 504 512 524 443 ' ,'0 0 0 0 0 0 0 0 ' ,117 ,1 ,5, 5
557 ,580, 541, '509 527 517 522 448 473 467 463 ' ,'0 0 0 0 0 0 0 0 ' ,81 ,1 ,6, 6
572 ,549, 556, '503 489 540 500 490 480 507 517 ' ,'0 0 0 0 0 0 0 0 ' ,63 ,1 ,6, 6
606 ,563, 585, '479 509 570 499 465 479 441 495 ' ,'0 0 0 0 0 0 0 0 ' ,131 ,1 ,5, 5
647 ,592, 632, '550 620 584 542 603 611 500 564 ' ,'0 0 0 0 0 0 0 0 ' ,123 ,1 ,3, 3
1052 ,639, 1034, '1020 679 763 621 659 521 501 654 ' ,'0 0 0 0 0 0 0 0 ' ,521 ,1 ,5, 5
614 ,1040, 596, '518 583 584 579 464 521 477 495 ' ,'0 0 0 0 0 0 0 0 ' ,121 ,1 ,4, 4
705 ,604, 689, '621 677 491 635 518 612 465 534 ' ,'0 0 0 0 0 0 0 0 ' ,214 ,1 ,5, 5
726 ,696, 708, '675 624 616 603 627 693 581 680 ' ,'0 0 0 0 0 0 0 0 ' ,116 ,1 ,4, 4
722 ,715, 706, '586 636 609 601 545 555 693 571 ' ,'0 0 0 0 0 0 0 0 ' ,149 ,1 ,5, 5
565 ,713, 546, '479 521 534 476 442 485 485 452 ' ,'0 0 0 0 0 0 0 0 ' ,95 ,2 ,2, 2
681 ,556, 663, '521 575 649 610 620 577 576 514 ' ,'0 0 0 0 0 0 0 0 ' ,137 ,1 ,5, 5
735 ,673, 716, '652 654 616 703 677 582 583 688 ' ,'0 0 0 0 0 0 0 0 ' ,123 ,1 ,4, 4
689 ,726, 672, '658 573 657 574 581 547 582 495 ' ,'0 0 0 0 0 0 0 0 ' ,166 ,1 ,4, 4
625 ,681, 607, '540 591 553 594 518 553 559 558 ' ,'0 0 0 0 0 0 0 0 ' ,76 ,1 ,5, 5
658 ,616, 639, '609 569 552 625 452 538 548 504 ' ,'0 0 0 0 0 0 0 0 ' ,174 ,1 ,6, 6
636 ,646, 620, '527 557 589 596 592 608 494 600 ' ,'0 0 0 0 0 0 0 0 ' ,115 ,0 ,4, 4
641 ,629, 618, '546 545 583 606 499 529 487 546 ' ,'0 0 0 0 0 0 0 0 ' ,107 ,1 ,6, 5
660 ,628, 643, '612 614 569 627 533 528 631 582 ' ,'0 0 0 0 0 0 0 0 ' ,102 ,0 ,5, 5
772 ,649, 756, '741 669 611 564 564 522 592 546 ' ,'0 0 0 0 0 0 0 0 ' ,221 ,0 ,6, 6
691 ,762, 673, '656 588 578 624 533 512 554 533 ' ,'0 0 0 0 0 0 0 0 ' ,147 ,1 ,6, 6
719 ,682, 703, '608 685 559 673 559 618 606 578 ' ,'0 0 0 0 0 0 0 0 ' ,130 ,1 ,6, 5
837 ,710, 821, '639 703 806 742 617 639 532 722 ' ,'0 0 0 0 0 0 0 0 ' ,278 ,1 ,5, 4
668 ,828, 646, '546 591 479 602 549 531 631 616 ' ,'0 0 0 0 0 0 0 0 ' ,156 ,1 ,4, 4
715 ,656, 697, '669 589 519 550 563 515 502 490 ' ,'0 0 0 0 0 0 0 0 ' ,178 ,0 ,21, 4
655 ,704, 634, '617 570 621 500 546 513 509 579 ' ,'0 0 0 0 0 0 0 0 ' ,123 ,1 ,3, 3
821 ,645, 805, '570 725 609 790 659 687 593 693 ' ,'0 0 0 0 0 0 0 0 ' ,222 ,1 ,5, 5
696 ,811, 677, '604 663 578 633 622 533 635 603 ' ,'0 0 0 0 0 0 0 0 ' ,133 ,1 ,5, 5
892 ,683, 874, '860 631 567 711 593 614 650 729 ' ,'0 0 0 0 0 0 0 0 ' ,293 ,1 ,4, 4
678 ,882, 660, '529 647 508 491 561 560 635 551 ' ,'0 0 0 0 0 0 0 0 ' ,158 ,1 ,5, 5
907 ,668, 888, '605 874 675 539 515 525 657 573 ' ,'0 0 0 0 0 0 0 0 ' ,360 ,1 ,5, 5
724 ,898, 705, '681 691 567 657 620 579 616 652 ' ,'0 0 0 0 0 0 0 0 ' ,126 ,1 ,5, 5
719 ,714, 703, '561 506 619 619 567 559 686 629 ' ,'0 0 0 0 0 0 0 0 ' ,180 ,1 ,6, 6
1173 ,709, 1155, '699 660 681 1142 556 627 611 604 ' ,'0 0 0 0 0 0 0 0 ' ,586 ,1 ,5, 5
801 ,1163, 784, '634 731 703 768 622 639 530 697 ' ,'0 0 0 0 0 0 0 0 ' ,241 ,1 ,5, 5
715 ,790, 697, '508 642 476 683 508 524 495 472 ' ,'0 0 0 0 0 0 0 0 ' ,209 ,1 ,4, 4
667 ,705, 649, '632 606 595 503 512 491 575 467 ' ,'0 0 0 0 0 0 0 0 ' ,169 ,1 ,5, 5
681 ,657, 665, '550 593 650 594 602 550 577 535 ' ,'0 0 0 0 0 0 0 0 ' ,116 ,1 ,5, 5
744 ,672, 728, '574 713 574 609 563 515 677 625 ' ,'0 0 0 0 0 0 0 0 ' ,201 ,1 ,5, 5
743 ,806, 727, '711 700 648 615 518 567 592 547 ' ,'0 0 0 0 0 0 0 0 ' ,196 ,1 ,5, 5
639 ,734, 621, '591 606 502 532 549 542 503 520 ' ,'0 0 0 0 0 0 0 0 ' ,107 ,1 ,4, 4
600 ,629, 582, '564 550 530 540 492 452 473 468 ' ,'0 0 0 0 0 0 0 0 ' ,117 ,2 ,5, 5
558 ,591, 541, '526 479 516 473 493 454 450 442 ' ,'0 0 0 0 0 0 0 0 ' ,80 ,1 ,5, 5
565 ,551, 547, '515 535 518 502 501 470 443 487 ' ,'0 0 0 0 0 0 0 0 ' ,92 ,1 ,3, 3
646 ,556, 630, '575 603 614 580 520 529 495 484 ' ,'0 0 0 0 0 0 0 0 ' ,131 ,1 ,5, 5
704 ,636, 686, '668 561 647 647 535 525 519 569 ' ,'0 0 0 0 0 0 0 0 ' ,154 ,2 ,6, 6
673 ,693, 656, '496 610 621 590 518 639 525 616 ' ,'0 0 0 0 0 0 0 0 ' ,145 ,1 ,6, 6
775 ,662, 754, '588 608 638 739 574 623 558 560 ' ,'0 0 0 0 0 0 0 0 ' ,182 ,1 ,5, 5
751 ,762, 734, '590 719 700 677 572 646 540 560 ' ,'0 0 0 0 0 0 0 0 ' ,181 ,0 ,5, 5
743 ,743, 726, '527 583 709 584 498 567 505 483 ' ,'0 0 0 0 0 0 0 0 ' ,228 ,1 ,5, 5
740 ,733, 722, '603 589 706 676 559 704 614 607 ' ,'0 0 0 0 0 0 0 0 ' ,151 ,1 ,4, 4
644 ,730, 623, '533 608 554 601 520 493 558 491 ' ,'0 0 0 0 0 0 0 0 ' ,118 ,1 ,5, 5
583 ,633, 560, '546 471 486 517 430 446 472 482 ' ,'0 0 0 0 0 0 0 0 ' ,115 ,0 ,5, 5
612 ,574, 593, '423 579 519 480 449 445 448 445 ' ,'0 0 0 0 0 0 0 0 ' ,155 ,0 ,4, 4
527 ,603, 510, '495 493 459 460 427 451 425 425 ' ,'0 0 0 0 0 0 0 0 ' ,73 ,0 ,4, 4
588 ,517, 570, '482 488 521 558 451 458 495 447 ' ,'0 0 0 0 0 0 0 0 ' ,111 ,1 ,3, 3
622 ,581, 605, '525 590 533 553 555 487 428 508 ' ,'0 0 0 0 0 0 0 0 ' ,165 ,1 ,4, 4
614 ,612, 594, '566 577 492 482 501 468 488 526 ' ,'0 0 0 0 0 0 0 0 ' ,114 ,2 ,4, 4
553 ,605, 538, '516 481 521 512 425 460 487 496 ' ,'0 0 0 0 0 0 0 0 ' ,99 ,1 ,5, 5
657 ,544, 640, '622 535 528 529 485 539 453 552 ' ,'0 0 0 0 0 0 0 0 ' ,175 ,1 ,5, 5
755 ,647, 739, '685 657 722 673 509 660 694 527 ' ,'0 0 0 0 0 0 0 0 ' ,215 ,1 ,5, 5
703 ,747, 686, '622 665 564 648 644 633 583 551 ' ,'0 0 0 0 0 0 0 0 ' ,120 ,1 ,5, 5
694 ,696, 676, '540 661 622 595 528 594 521 525 ' ,'0 0 0 0 0 0 0 0 ' ,138 ,2 ,6, 6
818 ,686, 803, '605 640 784 617 631 601 638 606 ' ,'0 0 0 0 0 0 0 0 ' ,188 ,1 ,6, 6
756 ,810, 738, '721 702 608 686 572 646 502 654 ' ,'0 0 0 0 0 0 0 0 ' ,222 ,1 ,6, 6
714 ,745, 696, '680 663 668 651 594 590 522 565 ' ,'0 0 0 0 0 0 0 0 ' ,161 ,1 ,6, 6
692 ,703, 674, '591 656 605 568 532 504 545 571 ' ,'0 0 0 0 0 0 0 0 ' ,154 ,1 ,6, 6
674 ,681, 659, '488 645 572 603 513 474 541 503 ' ,'0 0 0 0 0 0 0 0 ' ,170 ,0 ,5, 5
673 ,666, 656, '605 519 639 577 482 515 582 480 ' ,'0 0 0 0 0 0 0 0 ' ,161 ,1 ,5, 5
772 ,663, 751, '683 673 724 737 535 567 609 539 ' ,'0 0 0 0 0 0 0 0 ' ,201 ,1 ,5, 5
687 ,758, 670, '515 633 655 545 505 567 583 502 ' ,'0 0 0 0 0 0 0 0 ' ,156 ,1 ,2, 2
626 ,680, 608, '472 575 548 593 447 413 506 498 ' ,'0 0 0 0 0 0 0 0 ' ,182 ,2 ,4, 4
543 ,615, 527, '438 476 512 441 424 455 495 424 ' ,'0 0 0 0 0 0 0 0 ' ,90 ,0 ,4, 4
584 ,535, 567, '482 549 519 449 465 504 493 486 ' ,'0 0 0 0 0 0 0 0 ' ,103 ,2 ,4, 4
521 ,574, 504, '443 487 458 470 457 478 443 434 ' ,'0 0 0 0 0 0 0 0 ' ,55 ,1 ,5, 5
582 ,512, 565, '468 532 549 491 507 488 442 481 ' ,'0 0 0 0 0 0 0 0 ' ,110 ,1 ,4, 4
723 ,573, 705, '558 579 635 689 526 552 480 568 ' ,'0 0 0 0 0 0 0 0 ' ,211 ,1 ,4, 4
744 ,713, 722, '605 521 544 706 497 585 463 474 ' ,'0 0 0 0 0 0 0 0 ' ,242 ,2 ,5, 5
571 ,730, 552, '494 501 509 510 476 452 537 472 ' ,'0 0 0 0 0 0 0 0 ' ,86 ,1 ,4, 4
866 ,559, 851, '563 835 510 498 512 541 475 543 ' ,'0 0 0 0 0 0 0 0 ' ,361 ,1 ,5, 5
677 ,858, 659, '625 625 641 634 538 533 625 472 ' ,'0 0 0 0 0 0 0 0 ' ,174 ,1 ,4, 4
883 ,667, 866, '847 783 733 699 563 531 682 744 ' ,'0 0 0 0 0 0 0 0 ' ,320 ,1 ,5, 5
793 ,873, 775, '698 669 756 622 683 588 620 558 ' ,'0 0 0 0 0 0 0 0 ' ,201 ,1 ,5, 5
747 ,784, 731, '645 605 713 626 631 582 542 560 ' ,'0 0 0 0 0 0 0 0 ' ,175 ,2 ,5, 5
816 ,738, 796, '720 713 728 716 571 677 778 672 ' ,'0 0 0 0 0 0 0 0 ' ,209 ,1 ,6, 6
802 ,806, 778, '540 762 569 604 502 558 622 574 ' ,'0 0 0 0 0 0 0 0 ' ,258 ,2 ,5, 5
633 ,791, 614, '550 594 568 596 588 582 501 509 ' ,'0 0 0 0 0 0 0 0 ' ,100 ,2 ,5, 5
646 ,622, 629, '609 582 559 589 488 578 543 508 ' ,'0 0 0 0 0 0 0 0 ' ,124 ,1 ,5, 5
644 ,637, 627, '609 598 536 588 468 498 479 527 ' ,'0 0 0 0 0 0 0 0 ' ,143 ,1 ,5, 5
599 ,634, 581, '479 548 563 512 442 480 497 452 ' ,'0 0 0 0 0 0 0 0 ' ,124 ,1 ,5, 5
562 ,589, 546, '482 486 532 516 429 476 466 500 ' ,'0 0 0 0 0 0 0 0 ' ,102 ,1 ,2, 2
568 ,555, 552, '437 533 532 457 439 486 537 445 ' ,'0 0 0 0 0 0 0 0 ' ,100 ,0 ,5, 5
805 ,558, 787, '498 612 612 571 770 548 660 523 ' ,'0 0 0 0 0 0 0 0 ' ,275 ,1 ,3, 3
652 ,796, 632, '546 570 590 621 494 535 537 488 ' ,'0 0 0 0 0 0 0 0 ' ,133 ,1 ,3, 3
792 ,644, 772, '604 755 625 650 523 519 553 477 ' ,'0 0 0 0 0 0 0 0 ' ,278 ,1 ,6, 6
841 ,781, 823, '674 742 722 807 693 619 566 559 ' ,'0 0 0 0 0 0 0 0 ' ,247 ,1 ,6, 6
842 ,830, 821, '806 804 725 665 635 695 554 590 ' ,'0 0 0 0 0 0 0 0 ' ,256 ,1 ,6, 6
742 ,832, 725, '656 631 630 630 584 703 620 706 ' ,'0 0 0 0 0 0 0 0 ' ,124 ,1 ,6, 6
1068 ,732, 1052, '707 881 1030 668 552 669 633 567 ' ,'0 0 0 0 0 0 0 0 ' ,482 ,2 ,6, 6
767 ,1059, 752, '620 732 654 630 671 656 638 599 ' ,'0 0 0 0 0 0 0 0 ' ,136 ,1 ,6, 6
707 ,758, 685, '533 583 664 545 500 500 596 497 ' ,'0 0 0 0 0 0 0 0 ' ,175 ,1 ,5, 5
613 ,697, 593, '468 568 576 534 490 488 506 483 ' ,'0 0 0 0 0 0 0 0 ' ,109 ,1 ,5, 5
586 ,602, 571, '526 514 554 554 507 483 503 469 ' ,'0 0 0 0 0 0 0 0 ' ,86 ,0 ,5, 5
744 ,576, 728, '465 559 577 484 471 498 481 481 ' ,'0 0 0 0 0 0 0 0 ' ,247 ,1 ,5, 5
608 ,737, 589, '544 510 571 534 499 497 500 486 ' ,'0 0 0 0 0 0 0 0 ' ,91 ,1 ,3, 3
1086 ,598, 1069, '564 895 625 1053 683 712 508 452 ' ,'0 0 0 0 0 0 0 0 ' ,604 ,1 ,5, 5
724 ,1078, 705, '570 589 604 691 609 503 626 521 ' ,'0 0 0 0 0 0 0 0 ' ,188 ,1 ,5, 5
871 ,715, 850, '659 778 550 767 654 601 620 658 ' ,'0 0 0 0 0 0 0 0 ' ,229 ,1 ,5, 5
767 ,860, 751, '698 712 735 699 618 611 718 511 ' ,'0 0 0 0 0 0 0 0 ' ,224 ,2 ,3, 3
723 ,761, 703, '571 648 650 655 683 674 659 675 ' ,'0 0 0 0 0 0 0 0 ' ,118 ,1 ,5, 5
931 ,711, 909, '620 638 712 892 669 608 673 640 ' ,'0 0 0 141 0 0 0 0 ' ,285 ,1 ,6, 6
886 ,919, 869, '741 850 748 762 711 664 664 508 ' ,'0 0 0 0 0 0 0 0 ' ,341 ,1 ,6, 6
794 ,876, 777, '712 734 730 762 600 683 607 498 ' ,'0 0 0 0 0 0 0 0 ' ,262 ,1 ,5, 5
693 ,785, 674, '610 618 657 606 545 511 533 530 ' ,'0 0 0 0 0 0 0 0 ' ,149 ,1 ,4, 4
626 ,685, 608, '512 593 558 560 516 542 448 495 ' ,'0 0 0 0 0 0 0 0 ' ,147 ,1 ,3, 3
711 ,619, 694, '617 563 675 657 572 659 556 488 ' ,'0 0 0 0 0 0 0 0 ' ,188 ,1 ,5, 5
759 ,702, 742, '592 727 621 653 550 649 680 591 ' ,'0 0 0 0 0 0 0 0 ' ,173 ,1 ,5, 5
729 ,748, 712, '692 660 600 569 469 564 561 535 ' ,'0 0 0 0 0 0 0 0 ' ,224 ,1 ,5, 5
662 ,718, 645, '577 630 611 577 539 479 516 497 ' ,'0 0 0 0 0 0 0 0 ' ,153 ,1 ,5, 5
637 ,655, 618, '553 572 551 510 598 499 509 466 ' ,'0 0 0 0 0 0 0 0 ' ,135 ,1 ,5, 5
933 ,626, 915, '693 665 602 897 649 690 570 661 ' ,'0 0 0 0 0 0 0 0 ' ,328 ,1 ,5, 5
857 ,923, 838, '725 684 740 820 598 641 725 588 ' ,'0 0 0 0 0 0 0 0 ' ,232 ,1 ,6, 6
886 ,847, 869, '659 850 845 696 565 765 656 694 ' ,'0 0 0 0 0 165896 0 0 ' ,286 ,1 ,7, 7
1019 ,875, 1004, '639 786 655 986 581 668 614 686 ' ,'0 0 0 0 0 0 0 0 ' ,404 ,1 ,6, 6
888 ,1010, 871, '704 700 670 661 604 612 587 850 ' ,'0 0 0 0 0 0 0 0 ' ,266 ,1 ,6, 6
812 ,878, 796, '696 677 778 647 618 652 605 723 ' ,'0 0 0 0 0 0 0 0 ' ,176 ,1 ,5, 5
682 ,803, 665, '601 646 635 610 478 498 580 507 ' ,'0 0 0 0 0 0 0 0 ' ,170 ,1 ,5, 5
746 ,673, 729, '637 707 663 636 559 496 486 508 ' ,'0 0 0 0 0 0 0 0 ' ,227 ,1 ,5, 5
704 ,737, 688, '506 512 634 541 465 580 482 518 ' ,'0 0 0 0 0 0 0 0 ' ,208 ,1 ,4, 4
636 ,696, 616, '507 541 564 601 536 500 506 475 ' ,'0 0 0 0 0 0 0 0 ' ,126 ,1 ,5, 5
610 ,623, 593, '519 548 573 555 438 451 543 450 ' ,'0 0 0 0 0 0 0 0 ' ,139 ,1 ,5, 5
770 ,600, 754, '547 584 581 670 512 600 734 538 ' ,'0 0 0 0 0 0 162 0 ' ,224 ,1 ,5, 5
924 ,760, 908, '635 803 751 657 723 677 509 890 ' ,'0 0 0 0 0 0 0 0 ' ,385 ,1 ,4, 4
872 ,915, 852, '831 640 663 636 579 593 519 593 ' ,'0 0 0 0 0 0 0 0 ' ,318 ,1 ,5, 5
711 ,861, 695, '596 636 647 669 675 614 640 640 ' ,'0 0 0 0 0 0 0 0 ' ,83 ,1 ,5, 5
797 ,702, 780, '721 693 757 731 589 663 611 613 ' ,'0 0 0 0 0 0 0 0 ' ,174 ,2 ,5, 5
899 ,792, 884, '625 654 590 863 545 580 627 562 ' ,'0 0 0 0 0 0 0 0 ' ,318 ,1 ,6, 6
729 ,890, 713, '600 631 695 695 585 542 548 642 ' ,'0 0 0 0 0 0 0 0 ' ,155 ,1 ,5, 5
753 ,720, 735, '715 630 692 678 548 604 590 565 ' ,'0 0 0 0 0 0 0 0 ' ,170 ,1 ,6, 6
883 ,743, 867, '658 645 748 688 723 613 679 847 ' ,'0 0 0 0 0 0 0 0 ' ,238 ,1 ,6, 6
668 ,874, 655, '546 590 593 573 545 502 638 574 ' ,'0 0 0 0 0 0 0 0 ' ,138 ,2 ,4, 4
689 ,664, 673, '562 608 651 620 496 604 522 622 ' ,'0 0 0 0 0 0 0 0 ' ,159 ,1 ,6, 6
690 ,678, 674, '529 655 470 591 463 489 537 554 ' ,'0 0 0 0 0 0 0 0 ' ,194 ,1 ,5, 5
650 ,680, 627, '500 557 610 531 443 488 495 517 ' ,'0 0 0 0 0 0 0 0 ' ,171 ,1 ,2, 2
606 ,637, 589, '498 505 502 572 466 503 490 507 ' ,'0 0 0 0 0 0 0 0 ' ,106 ,1 ,4, 4
630 ,595, 613, '445 580 592 586 490 525 531 472 ' ,'0 0 0 0 0 0 0 0 ' ,151 ,1 ,4, 4
628 ,620, 611, '511 578 591 513 501 554 445 506 ' ,'0 0 0 0 0 0 0 0 ' ,152 ,1 ,5, 4
676 ,618, 660, '530 641 596 567 496 506 554 524 ' ,'0 0 0 0 0 0 0 0 ' ,146 ,2 ,5, 5
576 ,666, 561, '492 543 530 531 475 484 490 465 ' ,'0 0 0 0 0 0 0 0 ' ,78 ,1 ,5, 5
723 ,566, 707, '691 641 640 588 611 565 591 554 ' ,'0 0 0 0 0 0 0 0 ' ,137 ,1 ,4, 4
1028 ,716, 1012, '660 548 991 622 713 542 727 622 ' ,'0 0 0 0 0 0 0 0 ' ,453 ,1 ,5, 5
769 ,1019, 754, '619 734 624 591 527 644 618 635 ' ,'0 0 0 0 0 0 0 0 ' ,209 ,1 ,7, 7
768 ,760, 752, '671 648 640 737 602 639 636 655 ' ,'0 0 0 0 0 0 0 0 ' ,135 ,1 ,5, 5
735 ,761, 719, '569 700 609 660 523 649 595 483 ' ,'0 0 0 0 0 0 0 0 ' ,220 ,1 ,4, 3
731 ,726, 711, '602 634 630 571 557 492 691 619 ' ,'0 0 0 0 0 0 0 0 ' ,203 ,1 ,5, 5
606 ,722, 588, '476 569 565 549 509 501 555 484 ' ,'0 0 0 0 0 0 0 0 ' ,93 ,2 ,3, 3
582 ,598, 563, '525 545 532 515 391 503 525 418 ' ,'0 0 0 0 0 0 0 0 ' ,155 ,2 ,4, 4
693 ,572, 676, '488 563 522 541 559 512 658 560 ' ,'0 0 0 0 0 0 0 0 ' ,169 ,1 ,5, 5
618 ,683, 600, '452 551 581 515 442 452 437 452 ' ,'0 0 0 0 0 0 0 0 ' ,151 ,1 ,3, 3
645 ,610, 629, '567 609 479 461 447 433 424 508 ' ,'0 0 0 0 0 0 0 0 ' ,190 ,1 ,4, 4
671 ,635, 656, '637 575 591 550 628 432 478 519 ' ,'0 0 0 0 0 0 0 0 ' ,207 ,1 ,5, 5
746 ,663, 727, '496 628 708 684 542 584 444 613 ' ,'0 0 0 0 0 0 0 0 ' ,267 ,1 ,5, 5
970 ,738, 954, '808 934 568 667 564 638 522 642 ' ,'0 0 0 0 0 0 0 0 ' ,415 ,1 ,5, 5
771 ,959, 754, '564 735 566 694 713 622 685 538 ' ,'0 0 0 0 0 0 0 0 ' ,202 ,2 ,4, 4
781 ,766, 765, '741 695 671 745 550 728 534 514 ' ,'0 0 0 0 0 0 0 0 ' ,233 ,2 ,5, 5
858 ,771, 839, '788 819 737 748 634 615 566 684 ' ,'0 0 0 0 0 0 0 0 ' ,256 ,2 ,6, 6
839 ,846, 824, '602 684 804 795 585 619 605 532 ' ,'0 0 0 0 0 0 0 0 ' ,273 ,2 ,6, 6
732 ,831, 717, '586 691 674 657 526 656 492 629 ' ,'0 0 0 0 0 0 0 0 ' ,205 ,1 ,5, 5
647 ,723, 629, '563 583 605 590 494 528 549 540 ' ,'0 0 0 0 0 0 0 0 ' ,110 ,1 ,6, 6
683 ,638, 668, '609 615 609 625 595 613 542 645 ' ,'0 0 0 0 0 0 0 0 ' ,109 ,2 ,5, 5
685 ,674, 670, '515 595 647 594 481 529 538 526 ' ,'0 0 0 0 0 0 0 0 ' ,170 ,2 ,5, 5
658 ,676, 640, '512 621 566 608 500 476 534 530 ' ,'0 0 0 0 0 0 0 0 ' ,149 ,2 ,4, 4
578 ,649, 563, '474 477 542 513 461 481 456 508 ' ,'0 0 0 0 0 0 0 0 ' ,92 ,1 ,5, 5
648 ,570, 628, '510 611 552 555 447 460 486 467 ' ,'0 0 0 0 0 0 0 0 ' ,165 ,2 ,2, 2
629 ,637, 615, '492 593 554 509 485 519 556 575 ' ,'0 0 0 0 0 0 0 0 ' ,113 ,1 ,5, 5
779 ,623, 763, '656 707 597 656 491 525 742 627 ' ,'0 0 0 0 0 0 0 0 ' ,254 ,2 ,5, 5
908 ,770, 891, '525 873 694 748 619 613 612 586 ' ,'0 0 0 0 0 0 0 0 ' ,346 ,2 ,4, 4
858 ,898, 841, '819 691 669 705 566 573 756 588 ' ,'0 0 0 0 0 0 0 0 ' ,257 ,2 ,5, 5
869 ,848, 851, '728 827 645 713 574 596 720 750 ' ,'0 0 0 0 0 0 0 0 ' ,256 ,1 ,6, 6
895 ,860, 878, '730 857 725 643 645 640 588 673 ' ,'0 0 0 0 0 0 0 0 ' ,273 ,1 ,6, 6
810 ,885, 794, '722 772 679 696 605 710 722 695 ' ,'0 0 0 0 0 0 0 0 ' ,172 ,2 ,6, 6
864 ,800, 848, '827 677 687 749 616 616 662 523 ' ,'0 0 0 0 0 0 0 0 ' ,308 ,2 ,6, 6
848 ,855, 833, '578 813 600 611 545 617 735 512 ' ,'0 0 0 0 0 0 0 0 ' ,300 ,2 ,6, 6
779 ,839, 763, '643 742 723 716 553 553 544 625 ' ,'0 0 0 0 0 0 0 0 ' ,202 ,2 ,6, 6
670 ,770, 654, '546 618 632 578 573 528 595 519 ' ,'0 0 0 0 0 0 0 0 ' ,118 ,1 ,5, 5
726 ,660, 709, '644 688 580 640 484 603 484 582 ' ,'0 0 0 0 0 0 0 0 ' ,209 ,2 ,5, 5
604 ,715, 585, '568 558 549 558 453 519 470 453 ' ,'0 0 0 0 0 0 0 0 ' ,115 ,1 ,3, 3
609 ,596, 590, '534 504 571 538 497 450 385 467 ' ,'0 0 0 0 0 0 0 0 ' ,191 ,1 ,4, 4
689 ,597, 673, '561 650 552 604 455 506 536 431 ' ,'0 0 0 0 0 0 0 0 ' ,225 ,1 ,5, 5
703 ,679, 686, '663 628 545 571 551 467 518 530 ' ,'0 0 0 0 0 0 0 0 ' ,203 ,2 ,4, 4
706 ,694, 690, '667 617 543 564 534 539 501 493 ' ,'0 0 0 0 0 0 0 0 ' ,181 ,1 ,5, 5
713 ,712, 697, '631 676 564 564 547 495 545 627 ' ,'0 0 0 0 0 0 0 0 ' ,184 ,1 ,5, 5
755 ,704, 740, '650 639 630 539 553 716 549 677 ' ,'0 0 0 0 0 0 0 0 ' ,183 ,1 ,6, 6
759 ,745, 740, '717 665 613 616 612 624 570 538 ' ,'0 0 0 0 0 0 0 0 ' ,182 ,2 ,5, 5
775 ,749, 760, '737 671 675 674 517 598 621 541 ' ,'0 0 0 0 0 0 0 0 ' ,224 ,1 ,6, 6
726 ,767, 709, '685 570 594 614 620 639 626 565 ' ,'0 0 0 0 0 0 0 0 ' ,124 ,1 ,6, 6
762 ,716, 746, '675 722 620 653 523 556 523 536 ' ,'0 0 0 0 0 0 0 0 ' ,206 ,2 ,6, 5
727 ,753, 708, '638 615 637 681 608 682 500 549 ' ,'0 0 0 0 0 0 0 0 ' ,186 ,1 ,5, 5
802 ,715, 786, '501 611 629 770 450 515 475 463 ' ,'0 0 0 0 0 0 0 0 ' ,320 ,1 ,5, 5
664 ,793, 641, '547 539 567 534 464 505 548 620 ' ,'0 0 0 0 0 0 0 0 ' ,159 ,2 ,3, 3
579 ,652, 561, '483 542 527 539 420 443 483 454 ' ,'0 0 0 0 0 0 0 0 ' ,123 ,2 ,5, 5
600 ,568, 582, '556 483 520 563 429 461 483 494 ' ,'0 0 0 0 0 0 0 0 ' ,134 ,1 ,5, 5
605 ,588, 588, '543 562 514 511 537 449 463 500 ' ,'0 0 0 0 0 0 0 0 ' ,121 ,2 ,5, 5
613 ,594, 597, '436 551 563 574 501 576 437 427 ' ,'0 0 0 0 0 0 0 0 ' ,153 ,1 ,5, 5
597 ,603, 580, '492 497 557 501 434 478 441 439 ' ,'0 0 0 0 0 0 0 0 ' ,129 ,2 ,4, 4
597 ,588, 580, '459 555 467 562 433 519 479 517 ' ,'0 0 0 0 0 0 0 0 ' ,129 ,2 ,5, 5
594 ,586, 574, '514 493 551 495 428 418 535 425 ' ,'0 0 0 0 0 0 0 0 ' ,133 ,1 ,5, 5
599 ,582, 582, '447 500 479 562 466 468 411 414 ' ,'0 0 0 0 0 0 0 0 ' ,152 ,1 ,5, 5
575 ,588, 557, '530 500 437 506 531 488 466 392 ' ,'0 0 0 0 0 0 0 0 ' ,146 ,2 ,4, 4
560 ,565, 544, '490 522 483 499 436 502 391 385 ' ,'0 0 0 0 0 0 0 0 ' ,142 ,2 ,4, 4
753 ,552, 736, '525 713 663 622 524 633 663 479 ' ,'0 0 0 0 0 0 0 0 ' ,236 ,1 ,5, 5
794 ,742, 778, '555 621 757 529 548 575 704 652 ' ,'0 0 0 0 0 0 0 0 ' ,235 ,1 ,3, 3
891 ,787, 875, '728 633 819 857 650 604 581 574 ' ,'0 0 0 0 0 0 0 0 ' ,280 ,1 ,6, 6
831 ,880, 816, '790 677 697 586 695 615 645 706 ' ,'0 0 0 0 0 0 0 0 ' ,215 ,2 ,6, 6
712 ,825, 696, '577 669 621 584 467 541 524 569 ' ,'0 0 0 0 0 0 0 0 ' ,207 ,1 ,5, 5
698 ,703, 682, '636 658 559 627 542 516 529 611 ' ,'0 0 0 0 0 0 0 0 ' ,146 ,2 ,5, 5
694 ,688, 676, '645 655 581 604 503 583 516 555 ' ,'0 0 0 0 0 0 0 0 ' ,154 ,1 ,5, 5
617 ,683, 598, '498 574 500 528 416 560 515 497 ' ,'0 0 0 0 0 0 0 0 ' ,159 ,2 ,5, 5
620 ,607, 603, '545 582 563 553 520 557 522 506 ' ,'0 0 0 0 0 0 0 0 ' ,79 ,2 ,5, 5
752 ,609, 735, '711 553 604 466 518 533 451 483 ' ,'0 0 0 0 0 0 0 0 ' ,265 ,1 ,5, 5
589 ,741, 572, '454 550 493 514 505 430 486 532 ' ,'0 0 0 0 0 0 0 0 ' ,123 ,1 ,5, 5
606 ,577, 587, '552 545 498 529 421 490 468 467 ' ,'0 0 0 0 0 0 0 0 ' ,145 ,2 ,5, 5
682 ,593, 666, '514 581 474 646 464 550 565 502 ' ,'0 0 0 0 0 0 0 0 ' ,181 ,2 ,5, 5
864 ,671, 848, '823 565 678 656 528 509 686 566 ' ,'0 0 0 0 0 0 0 0 ' ,321 ,2 ,4, 4
843 ,856, 827, '628 597 802 691 630 642 602 641 ' ,'0 0 0 0 0 0 0 0 ' ,213 ,2 ,4, 4
756 ,836, 741, '676 717 547 551 548 550 660 676 ' ,'0 0 0 0 0 0 0 0 ' ,171 ,2 ,6, 6
826 ,747, 806, '644 784 631 775 684 771 623 652 ' ,'0 0 0 0 0 0 0 0 ' ,165 ,2 ,6, 6
887 ,813, 867, '638 661 681 814 608 842 679 725 ' ,'0 0 0 0 0 0 0 0 ' ,237 ,2 ,6, 6
796 ,878, 780, '668 721 608 763 555 526 481 576 ' ,'0 0 0 0 0 0 0 0 ' ,283 ,2 ,5, 5
615 ,787, 600, '561 573 575 582 502 565 524 527 ' ,'0 0 0 0 0 0 0 0 ' ,78 ,2 ,6, 6
736 ,605, 720, '693 617 669 576 564 469 607 626 ' ,'0 0 0 0 0 0 0 0 ' ,229 ,2 ,6, 6
648 ,725, 631, '529 608 557 533 512 533 581 506 ' ,'0 0 0 0 0 0 0 0 ' ,107 ,2 ,5, 5
633 ,638, 617, '551 596 556 546 541 461 456 512 ' ,'0 0 0 0 0 0 0 0 ' ,143 ,2 ,4, 4
570 ,625, 547, '476 530 457 513 452 458 505 497 ' ,'0 0 0 0 0 0 0 0 ' ,75 ,2 ,5, 5
652 ,559, 637, '611 511 486 510 466 511 446 470 ' ,'0 0 0 0 0 0 0 0 ' ,173 ,2 ,4, 4
598 ,642, 582, '496 479 553 505 423 482 522 422 ' ,'0 0 0 0 0 0 0 0 ' ,137 ,2 ,5, 5
587 ,588, 567, '510 491 522 476 546 438 409 446 ' ,'0 0 0 0 0 0 0 0 ' ,142 ,2 ,3, 3
582 ,575, 565, '484 536 538 524 443 448 433 430 ' ,'0 0 0 0 0 0 0 0 ' ,115 ,2 ,4, 4
592 ,573, 576, '471 516 550 502 443 546 462 429 ' ,'0 0 0 0 0 0 0 0 ' ,131 ,3 ,5, 5
719 ,584, 703, '547 642 569 682 546 537 463 477 ' ,'0 0 0 0 0 0 0 0 ' ,224 ,2 ,3, 3
790 ,711, 773, '594 734 630 692 751 596 739 527 ' ,'0 0 0 0 0 0 0 0 ' ,227 ,2 ,5, 5
882 ,780, 866, '570 603 698 845 525 502 688 700 ' ,'0 0 0 0 0 0 0 0 ' ,345 ,2 ,5, 5
861 ,874, 846, '736 819 647 789 557 553 659 611 ' ,'0 0 0 0 0 0 0 0 ' ,275 ,2 ,6, 6
751 ,853, 734, '566 662 628 715 568 600 646 557 ' ,'0 0 0 0 0 0 0 0 ' ,157 ,1 ,5, 5
762 ,740, 744, '622 690 633 617 608 536 720 610 ' ,'0 0 0 0 0 0 0 0 ' ,190 ,2 ,5, 5
777 ,753, 761, '644 567 625 740 620 618 596 593 ' ,'0 0 0 0 0 0 0 0 ' ,175 ,2 ,6, 6
818 ,767, 803, '725 711 725 713 705 622 780 627 ' ,'0 0 0 0 0 0 0 0 ' ,161 ,2 ,6, 6
1106 ,810, 1090, '1059 831 600 703 668 588 637 560 ' ,'0 0 0 0 0 0 0 0 ' ,504 ,2 ,6, 6
849 ,1096, 832, '687 607 805 581 561 497 569 521 ' ,'0 0 0 0 0 0 0 0 ' ,314 ,2 ,5, 5
739 ,839, 723, '608 667 550 558 518 699 592 531 ' ,'0 0 0 0 0 0 0 0 ' ,184 ,2 ,5, 5
609 ,729, 592, '541 494 570 473 477 549 430 398 ' ,'0 0 0 0 0 0 0 0 ' ,175 ,2 ,4, 4
634 ,600, 614, '428 600 588 550 510 449 529 484 ' ,'0 0 0 0 0 0 0 0 ' ,167 ,2 ,5, 5
590 ,625, 574, '497 505 510 558 494 505 457 447 ' ,'0 0 0 0 0 0 0 0 ' ,111 ,2 ,3, 3
684 ,583, 667, '643 606 552 430 433 514 500 441 ' ,'0 0 0 0 0 0 0 0 ' ,221 ,2 ,4, 4
