181 ,0, 83, '30 28 26 24 21 22 16 25 ' ,'0 0 0 0 0 0 0 0 ' ,26 ,1 ,8, 8
350 ,109, 330, '196 200 170 249 148 311 183 217 ' ,'0 0 0 0 0 0 0 0 ' ,160 ,0 ,2, 2
982 ,373, 964, '128 132 139 114 85 83 493 949 ' ,'0 0 0 0 0 0 0 0 ' ,868 ,1 ,4, 4
329 ,1149, 312, '191 295 234 191 107 175 103 92 ' ,'0 0 0 0 0 0 0 0 ' ,208 ,1 ,4, 4
195 ,318, 176, '123 137 163 166 85 104 106 93 ' ,'0 0 0 0 0 0 0 0 ' ,81 ,1 ,2, 2
253 ,184, 236, '132 185 141 144 103 214 161 135 ' ,'0 0 0 0 0 0 0 0 ' ,124 ,1 ,1, 1
202 ,245, 175, '165 117 138 145 162 79 109 102 ' ,'0 0 0 0 0 0 0 0 ' ,84 ,0 ,1, 1
200 ,191, 178, '166 152 157 150 85 133 89 90 ' ,'0 0 0 0 0 0 0 0 ' ,82 ,0 ,1, 1
204 ,190, 186, '140 140 176 143 151 143 104 92 ' ,'0 0 0 0 0 0 0 0 ' ,87 ,1 ,1, 1
212 ,194, 196, '142 188 148 138 71 82 89 75 ' ,'0 0 0 0 0 0 0 0 ' ,117 ,1 ,1, 1
185 ,203, 169, '136 124 135 151 95 94 92 81 ' ,'0 0 0 0 0 0 0 0 ' ,80 ,1 ,1, 1
185 ,175, 164, '131 128 138 154 105 106 96 98 ' ,'0 0 0 0 0 0 0 0 ' ,61 ,0 ,0, 0
166 ,173, 141, '122 115 132 115 91 96 94 74 ' ,'0 0 0 0 0 0 0 0 ' ,59 ,1 ,1, 1
209 ,151, 194, '163 181 131 186 154 116 109 115 ' ,'0 0 0 0 0 0 0 0 ' ,78 ,1 ,1, 1
191 ,200, 174, '162 159 148 152 97 120 128 87 ' ,'0 0 0 0 0 0 0 0 ' ,80 ,1 ,1, 1
166 ,180, 149, '134 138 136 124 111 109 95 118 ' ,'0 0 0 0 0 0 0 0 ' ,48 ,1 ,1, 1
247 ,158, 222, '170 159 155 136 102 102 110 86 ' ,'0 0 0 0 0 0 0 0 ' ,128 ,41 ,1, 1
171 ,229, 154, '134 128 144 121 102 106 76 114 ' ,'0 0 0 0 0 0 0 0 ' ,72 ,0 ,1, 1
225 ,161, 202, '188 164 158 168 145 113 114 130 ' ,'0 0 0 0 0 0 0 0 ' ,82 ,1 ,1, 0
234 ,212, 215, '105 180 201 179 134 91 124 102 ' ,'0 0 0 0 0 0 0 0 ' ,116 ,1 ,2, 1
222 ,222, 206, '193 156 157 146 92 65 99 96 ' ,'0 0 0 0 0 0 0 0 ' ,134 ,1 ,1, 1
175 ,213, 158, '101 142 121 147 96 83 79 98 ' ,'0 0 0 0 0 0 0 0 ' ,72 ,1 ,0, 0
169 ,166, 147, '132 135 124 144 98 69 83 77 ' ,'0 0 0 0 0 0 0 0 ' ,77 ,1 ,0, 0
190 ,160, 172, '139 129 152 156 108 102 102 96 ' ,'0 0 0 0 0 0 0 0 ' ,66 ,2 ,1, 1
187 ,180, 163, '156 139 127 153 100 83 75 98 ' ,'0 0 0 0 0 0 0 0 ' ,82 ,2 ,1, 1
165 ,173, 148, '122 125 124 139 82 62 88 105 ' ,'0 0 0 0 0 0 0 0 ' ,78 ,1 ,1, 1
167 ,155, 146, '113 113 142 130 87 77 102 86 ' ,'0 0 0 0 0 0 0 0 ' ,65 ,1 ,1, 1
164 ,157, 149, '125 125 129 134 85 83 74 103 ' ,'0 0 0 0 0 0 0 0 ' ,64 ,1 ,1, 1
163 ,152, 145, '132 135 113 84 131 79 95 130 ' ,'0 0 0 0 0 0 0 0 ' ,60 ,2 ,0, 0
164 ,153, 145, '136 124 116 136 98 74 73 96 ' ,'0 0 0 0 0 0 0 0 ' ,67 ,1 ,1, 1
146 ,152, 127, '117 95 107 101 105 72 73 70 ' ,'0 0 0 0 0 0 0 0 ' ,51 ,0 ,1, 1
182 ,137, 166, '158 121 126 90 89 101 87 93 ' ,'0 0 0 0 0 0 0 0 ' ,73 ,1 ,1, 1
363 ,172, 346, '150 122 338 145 143 129 117 123 ' ,'0 0 0 0 0 0 0 0 ' ,221 ,1 ,1, 1
192 ,353, 174, '126 150 166 134 146 98 100 92 ' ,'0 0 0 0 0 0 0 0 ' ,73 ,0 ,2, 1
180 ,181, 163, '133 157 151 140 95 108 106 100 ' ,'0 0 0 0 0 0 0 0 ' ,61 ,0 ,1, 1
206 ,171, 186, '157 133 151 178 99 101 107 97 ' ,'0 0 0 0 0 0 0 0 ' ,85 ,0 ,1, 1
202 ,196, 185, '138 146 176 135 106 98 119 92 ' ,'0 0 0 0 0 0 0 0 ' ,85 ,0 ,2, 1
177 ,191, 160, '153 143 140 148 97 96 88 117 ' ,'0 0 0 0 0 0 0 0 ' ,66 ,1 ,2, 1
153 ,166, 134, '117 128 128 125 86 76 76 87 ' ,'0 0 0 0 0 0 0 0 ' ,54 ,0 ,1, 1
147 ,142, 127, '109 121 113 119 83 78 91 87 ' ,'0 0 0 0 0 0 0 0 ' ,45 ,0 ,0, 0
171 ,138, 153, '144 127 125 112 105 85 73 89 ' ,'0 0 0 0 0 0 0 0 ' ,71 ,0 ,1, 1
181 ,158, 167, '131 159 136 139 79 75 73 97 ' ,'0 0 0 0 0 0 0 0 ' ,85 ,0 ,1, 1
188 ,171, 170, '161 139 125 137 100 112 96 104 ' ,'0 0 0 0 0 0 0 0 ' ,66 ,0 ,2, 1
194 ,176, 178, '125 127 170 141 120 78 108 109 ' ,'0 0 0 0 0 0 0 0 ' ,94 ,0 ,1, 1
180 ,185, 164, '147 156 146 150 86 82 67 81 ' ,'0 0 0 0 0 0 0 0 ' ,91 ,1 ,1, 1
181 ,171, 165, '125 148 155 105 100 90 90 95 ' ,'0 0 0 0 0 0 0 0 ' ,68 ,0 ,2, 1
253 ,170, 236, '129 195 228 199 76 125 116 92 ' ,'0 0 0 0 0 0 0 0 ' ,154 ,0 ,1, 0
246 ,244, 230, '161 223 122 173 109 76 157 122 ' ,'0 0 0 0 0 0 0 0 ' ,148 ,1 ,2, 1
188 ,236, 171, '131 138 115 119 130 73 97 162 ' ,'0 0 0 0 0 0 0 0 ' ,92 ,1 ,1, 1
162 ,178, 145, '136 138 127 112 86 82 76 90 ' ,'0 0 0 0 0 0 0 0 ' ,64 ,1 ,2, 1
202 ,151, 187, '124 129 136 150 83 180 95 112 ' ,'0 0 0 0 0 0 0 0 ' ,97 ,1 ,1, 0
204 ,193, 185, '130 138 131 175 121 113 80 98 ' ,'0 0 0 0 0 0 0 0 ' ,97 ,1 ,2, 1
181 ,191, 160, '95 151 139 150 79 106 88 101 ' ,'0 0 0 0 0 0 0 0 ' ,75 ,1 ,2, 1
194 ,168, 174, '118 169 138 145 108 81 99 117 ' ,'0 0 0 0 0 0 0 0 ' ,88 ,0 ,2, 1
173 ,182, 156, '126 136 135 147 88 119 92 94 ' ,'0 0 0 0 0 0 0 0 ' ,60 ,0 ,2, 1
164 ,162, 149, '128 120 139 140 136 100 93 103 ' ,'0 0 0 0 0 0 0 0 ' ,50 ,0 ,2, 2
163 ,154, 148, '137 131 141 123 84 95 115 87 ' ,'0 0 0 0 0 0 0 0 ' ,57 ,1 ,1, 0
181 ,155, 162, '138 150 149 155 106 93 114 69 ' ,'0 0 0 0 0 0 0 0 ' ,86 ,0 ,1, 1
184 ,168, 167, '151 141 157 157 132 108 104 91 ' ,'0 0 0 0 0 0 0 0 ' ,65 ,1 ,1, 1
172 ,173, 156, '149 140 130 145 91 143 95 97 ' ,'0 0 0 0 0 0 0 0 ' ,57 ,0 ,1, 1
202 ,162, 184, '147 163 164 176 127 131 127 103 ' ,'0 0 0 0 0 0 0 0 ' ,74 ,0 ,1, 1
195 ,190, 176, '168 156 146 149 89 126 86 122 ' ,'0 0 0 0 0 0 0 0 ' ,83 ,1 ,1, 1
190 ,185, 173, '164 126 139 126 70 89 106 126 ' ,'0 0 0 0 0 0 0 0 ' ,93 ,0 ,2, 1
233 ,180, 164, '156 135 136 136 133 93 85 106 ' ,'0 0 0 0 0 0 0 0 ' ,72 ,0 ,1, 1
226 ,216, 209, '120 202 125 138 102 124 96 103 ' ,'0 0 0 0 0 0 0 0 ' ,109 ,1 ,2, 1
243 ,215, 223, '213 184 181 187 65 106 120 87 ' ,'0 0 0 0 0 0 0 0 ' ,151 ,1 ,2, 1
185 ,232, 168, '160 134 135 125 99 91 112 112 ' ,'0 0 0 0 0 0 0 0 ' ,71 ,1 ,2, 1
226 ,174, 207, '199 186 136 153 157 123 102 165 ' ,'0 0 0 0 0 0 0 0 ' ,99 ,1 ,1, 1
242 ,214, 224, '216 131 137 123 87 119 95 98 ' ,'0 0 0 0 0 0 0 0 ' ,131 ,0 ,1, 1
197 ,232, 179, '158 173 142 154 114 110 105 134 ' ,'0 0 0 0 0 0 0 0 ' ,69 ,0 ,1, 1
538 ,187, 521, '129 128 180 140 130 126 76 98 ' ,'0 0 0 0 0 0 0 0 ' ,435 ,0 ,2, 1
196 ,528, 179, '150 139 171 137 109 102 110 100 ' ,'0 0 0 0 0 0 0 0 ' ,72 ,0 ,1, 1
191 ,186, 168, '146 138 159 151 93 106 139 115 ' ,'0 0 0 0 0 0 0 0 ' ,67 ,0 ,2, 1
228 ,175, 212, '141 118 203 159 102 133 108 133 ' ,'0 0 0 0 0 0 0 0 ' ,102 ,0 ,2, 1
250 ,240, 233, '134 142 147 221 86 115 148 126 ' ,'0 0 0 0 0 0 0 0 ' ,140 ,0 ,1, 1
202 ,240, 185, '144 98 177 128 97 99 109 75 ' ,'0 0 0 0 0 0 0 0 ' ,103 ,1 ,1, 1
174 ,191, 156, '149 118 117 128 124 117 82 94 ' ,'0 0 0 0 0 0 0 0 ' ,69 ,0 ,1, 0
226 ,163, 211, '147 140 202 119 114 99 88 81 ' ,'0 0 0 0 0 0 0 0 ' ,121 ,0 ,2, 1
208 ,217, 191, '145 183 184 130 122 140 97 109 ' ,'0 0 0 0 0 0 0 0 ' ,89 ,0 ,1, 1
270 ,198, 248, '213 116 240 165 103 102 92 79 ' ,'0 0 0 0 0 0 0 0 ' ,163 ,1 ,1, 1
170 ,256, 154, '129 121 147 138 88 98 85 82 ' ,'0 0 0 0 0 0 0 0 ' ,65 ,0 ,1, 1
214 ,160, 196, '163 142 119 189 106 104 86 108 ' ,'0 0 0 0 0 0 0 0 ' ,104 ,0 ,1, 1
157 ,203, 137, '118 107 127 106 98 75 73 94 ' ,'0 0 0 0 0 0 0 0 ' ,56 ,1 ,2, 1
172 ,146, 152, '131 139 106 143 88 83 80 99 ' ,'0 0 0 0 0 0 0 0 ' ,67 ,1 ,1, 1
193 ,160, 177, '140 170 94 142 93 78 93 103 ' ,'0 0 0 0 0 0 0 0 ' ,91 ,1 ,1, 1
238 ,185, 218, '154 211 141 149 99 82 77 82 ' ,'0 0 0 0 0 0 0 0 ' ,135 ,0 ,2, 2
199 ,226, 177, '130 170 138 156 114 113 81 92 ' ,'0 0 0 0 0 0 0 0 ' ,89 ,0 ,1, 0
207 ,186, 189, '115 104 180 165 137 109 125 126 ' ,'0 0 0 0 0 0 0 0 ' ,78 ,0 ,1, 1
189 ,197, 171, '122 113 162 162 100 135 92 116 ' ,'0 0 0 0 0 0 0 0 ' ,73 ,0 ,2, 2
179 ,178, 160, '129 145 154 124 115 112 94 117 ' ,'0 0 0 0 0 0 0 0 ' ,61 ,0 ,1, 1
207 ,169, 190, '129 182 172 146 69 164 93 112 ' ,'0 0 0 0 0 0 0 0 ' ,115 ,0 ,1, 1
164 ,197, 145, '104 128 136 102 79 101 83 95 ' ,'0 0 0 0 0 0 0 0 ' ,58 ,0 ,1, 1
155 ,154, 137, '112 129 113 131 50 78 87 78 ' ,'0 0 0 0 0 0 0 0 ' ,81 ,1 ,0, 0
159 ,145, 142, '122 133 122 113 60 87 80 72 ' ,'0 0 0 0 0 0 0 0 ' ,75 ,0 ,1, 1
171 ,148, 156, '94 120 117 145 68 78 65 95 ' ,'0 0 0 0 0 0 0 0 ' ,81 ,1 ,2, 1
162 ,159, 144, '99 110 135 109 81 84 89 85 ' ,'0 0 0 0 0 0 0 0 ' ,55 ,0 ,1, 1
181 ,150, 164, '110 156 120 136 106 90 70 131 ' ,'0 0 0 0 0 0 0 0 ' ,80 ,0 ,1, 1
183 ,171, 163, '155 128 118 121 74 92 80 94 ' ,'0 0 0 0 0 0 0 0 ' ,83 ,0 ,1, 0
156 ,173, 140, '129 134 91 117 79 84 97 83 ' ,'0 0 0 0 0 0 0 0 ' ,55 ,0 ,1, 0
170 ,147, 153, '131 145 127 115 77 74 98 123 ' ,'0 0 0 0 0 0 0 0 ' ,72 ,0 ,1, 1
235 ,159, 216, '133 188 152 176 137 101 170 208 ' ,'0 0 0 0 0 0 0 0 ' ,109 ,0 ,2, 1
195 ,224, 178, '117 169 147 152 94 104 111 97 ' ,'0 0 0 0 0 0 0 0 ' ,77 ,1 ,1, 1
183 ,184, 167, '160 131 134 136 87 97 104 137 ' ,'0 0 0 0 0 0 0 0 ' ,75 ,0 ,1, 1
183 ,175, 162, '138 128 152 150 92 89 112 103 ' ,'0 0 0 0 0 0 0 0 ' ,65 ,0 ,2, 1
193 ,172, 176, '166 157 159 155 104 91 115 90 ' ,'0 0 0 0 0 0 0 0 ' ,80 ,0 ,2, 2
411 ,183, 394, '142 156 161 123 118 98 98 122 ' ,'0 0 0 0 0 0 0 0 ' ,289 ,1 ,2, 1
193 ,401, 176, '146 156 167 131 84 99 128 108 ' ,'0 0 0 0 0 0 0 0 ' ,86 ,0 ,1, 1
202 ,184, 186, '152 120 176 124 83 97 86 86 ' ,'0 0 0 0 0 0 0 0 ' ,95 ,0 ,2, 2
174 ,193, 149, '136 145 139 144 75 91 95 93 ' ,'0 0 0 0 0 0 0 0 ' ,71 ,1 ,2, 2
205 ,160, 188, '178 97 125 179 139 74 124 87 ' ,'0 0 0 0 0 0 0 0 ' ,107 ,1 ,1, 1
168 ,197, 150, '128 134 138 142 78 91 96 93 ' ,'0 0 0 0 0 0 0 0 ' ,65 ,0 ,1, 1
161 ,159, 144, '106 136 113 119 81 108 86 72 ' ,'0 0 0 0 0 0 0 0 ' ,65 ,0 ,1, 1
148 ,150, 131, '116 105 123 113 70 82 72 104 ' ,'0 0 0 0 0 0 0 0 ' ,55 ,0 ,2, 1
163 ,137, 145, '121 107 137 108 67 78 91 90 ' ,'0 0 0 0 0 0 0 0 ' ,71 ,1 ,1, 1
155 ,154, 139, '130 115 130 121 76 80 83 91 ' ,'0 0 0 0 0 0 0 0 ' ,57 ,1 ,1, 1
160 ,145, 146, '140 116 133 128 86 70 107 85 ' ,'0 0 0 0 0 0 0 0 ' ,68 ,0 ,0, 0
259 ,152, 241, '232 148 149 120 120 137 107 108 ' ,'0 0 0 0 0 0 0 0 ' ,129 ,1 ,1, 1
182 ,247, 166, '120 110 157 105 94 91 87 82 ' ,'0 0 0 0 0 0 0 0 ' ,76 ,0 ,1, 1
191 ,173, 174, '122 166 115 120 88 85 65 106 ' ,'0 0 0 0 0 0 0 0 ' ,102 ,0 ,1, 1
152 ,181, 134, '117 116 127 118 102 83 84 86 ' ,'0 0 0 0 0 0 0 0 ' ,44 ,0 ,1, 1
174 ,143, 155, '111 138 133 148 109 87 102 75 ' ,'0 0 0 0 0 0 0 0 ' ,73 ,1 ,1, 1
234 ,161, 213, '199 148 205 157 161 83 137 107 ' ,'0 0 0 0 0 0 0 0 ' ,124 ,1 ,1, 1
213 ,225, 195, '153 113 185 143 93 125 109 96 ' ,'0 0 0 0 0 0 0 0 ' ,95 ,1 ,2, 1
190 ,202, 174, '134 166 149 149 82 117 101 112 ' ,'0 0 0 0 0 0 0 0 ' ,85 ,0 ,2, 2
239 ,183, 222, '216 158 155 185 94 117 106 118 ' ,'0 0 0 0 0 0 0 0 ' ,122 ,0 ,1, 0
183 ,229, 166, '154 109 137 150 70 110 106 111 ' ,'0 0 0 0 0 0 0 0 ' ,85 ,1 ,1, 1
167 ,173, 148, '137 132 140 126 78 94 100 88 ' ,'0 0 0 0 0 0 0 0 ' ,64 ,1 ,2, 1
163 ,155, 145, '135 127 136 138 97 88 99 102 ' ,'0 0 0 0 0 0 0 0 ' ,51 ,0 ,1, 1
181 ,153, 163, '140 115 147 156 69 92 82 97 ' ,'0 0 0 0 0 0 0 0 ' ,88 ,0 ,1, 1
171 ,171, 151, '141 118 139 120 86 87 83 72 ' ,'0 0 0 0 0 0 0 0 ' ,70 ,0 ,2, 1
154 ,158, 136, '115 128 119 121 69 100 66 76 ' ,'0 0 0 0 0 0 0 0 ' ,65 ,1 ,1, 1
156 ,144, 139, '125 132 116 114 74 72 74 79 ' ,'0 0 0 0 0 0 0 0 ' ,60 ,0 ,1, 1
195 ,145, 175, '166 153 113 129 84 112 71 91 ' ,'0 0 0 0 0 0 0 0 ' ,96 ,1 ,1, 0
188 ,184, 167, '149 138 160 155 77 113 75 98 ' ,'0 0 0 0 0 0 0 0 ' ,87 ,1 ,1, 0
200 ,174, 183, '152 175 134 141 112 112 89 124 ' ,'0 0 0 0 0 0 0 0 ' ,87 ,1 ,1, 1
240 ,189, 220, '146 165 212 198 136 144 56 91 ' ,'0 0 0 0 0 0 0 0 ' ,159 ,0 ,2, 1
223 ,229, 206, '141 171 198 132 113 141 146 95 ' ,'0 0 0 0 0 0 0 0 ' ,103 ,0 ,1, 1
176 ,214, 159, '150 142 144 151 109 105 123 94 ' ,'0 0 0 0 0 0 0 0 ' ,54 ,0 ,2, 2
222 ,165, 203, '195 165 186 158 189 119 119 139 ' ,'0 0 0 0 0 0 0 0 ' ,81 ,0 ,1, 1
208 ,213, 186, '177 128 172 144 100 153 88 110 ' ,'0 0 0 0 0 0 0 0 ' ,91 ,1 ,2, 1
440 ,196, 422, '123 134 151 142 62 85 125 123 ' ,'0 0 0 0 0 0 0 0 ' ,354 ,1 ,2, 1
161 ,432, 144, '134 118 133 136 88 105 71 125 ' ,'0 0 0 0 0 0 0 0 ' ,67 ,1 ,2, 2
175 ,151, 156, '134 114 146 112 87 90 85 86 ' ,'0 0 0 0 0 0 0 0 ' ,63 ,1 ,2, 2
182 ,162, 156, '98 147 149 105 69 84 94 95 ' ,'0 0 0 0 0 0 0 0 ' ,80 ,0 ,1, 1
183 ,173, 166, '158 115 115 138 74 122 79 112 ' ,'0 0 0 0 0 0 0 0 ' ,86 ,0 ,1, 1
245 ,172, 228, '133 137 217 120 99 83 102 93 ' ,'0 0 0 0 0 0 0 0 ' ,138 ,1 ,2, 1
197 ,233, 179, '128 113 171 113 113 115 89 108 ' ,'0 0 0 0 0 0 0 0 ' ,85 ,1 ,1, 1
261 ,186, 243, '234 123 125 97 93 116 124 88 ' ,'0 0 0 0 0 0 0 0 ' ,148 ,1 ,1, 1
208 ,250, 188, '178 128 167 121 113 119 87 109 ' ,'0 0 0 0 0 0 0 0 ' ,94 ,0 ,2, 1
229 ,200, 212, '203 204 156 134 96 132 87 128 ' ,'0 0 0 0 0 0 0 0 ' ,120 ,1 ,0, 0
237 ,219, 219, '210 202 139 179 136 90 99 142 ' ,'0 0 0 0 0 0 0 0 ' ,123 ,1 ,1, 1
211 ,226, 193, '184 161 134 182 110 102 150 126 ' ,'0 0 0 0 0 0 0 0 ' ,85 ,1 ,2, 1
202 ,201, 182, '155 170 163 136 92 98 91 105 ' ,'0 0 0 0 0 0 0 0 ' ,85 ,1 ,1, 1
323 ,189, 305, '295 173 237 268 113 131 125 137 ' ,'0 0 0 0 0 0 0 0 ' ,184 ,0 ,2, 1
217 ,310, 200, '191 160 170 178 86 166 105 130 ' ,'0 0 0 0 0 0 0 0 ' ,108 ,1 ,2, 2
247 ,207, 228, '114 162 220 120 60 100 99 107 ' ,'0 0 0 0 0 0 0 0 ' ,161 ,0 ,1, 1
197 ,236, 179, '138 120 171 118 91 102 94 83 ' ,'0 0 0 0 0 0 0 0 ' ,86 ,0 ,1, 1
191 ,186, 170, '130 160 131 159 90 92 106 97 ' ,'0 0 0 0 0 0 0 0 ' ,74 ,1 ,1, 1
188 ,179, 169, '157 153 133 155 105 105 107 81 ' ,'0 0 0 0 0 0 0 0 ' ,82 ,1 ,1, 1
176 ,177, 159, '145 137 126 152 69 120 98 94 ' ,'0 0 0 0 0 0 0 0 ' ,85 ,0 ,0, 0
160 ,167, 142, '129 134 104 131 84 100 102 92 ' ,'0 0 0 0 0 0 0 0 ' ,53 ,1 ,1, 1
172 ,151, 156, '147 125 128 90 67 100 92 92 ' ,'0 0 0 0 0 0 0 0 ' ,81 ,1 ,1, 1
180 ,163, 162, '142 135 138 134 122 155 152 104 ' ,'0 0 0 0 0 0 0 0 ' ,52 ,0 ,1, 1
455 ,170, 439, '422 219 167 124 270 73 141 106 ' ,'0 0 0 0 0 0 0 0 ' ,359 ,1 ,1, 1
200 ,444, 181, '159 172 133 118 130 115 94 96 ' ,'0 0 0 0 0 0 0 0 ' ,80 ,0 ,1, 1
242 ,190, 223, '158 215 202 180 80 90 88 89 ' ,'0 0 0 0 0 0 0 0 ' ,137 ,0 ,1, 1
233 ,231, 216, '158 206 173 157 87 91 112 114 ' ,'0 0 0 0 0 0 0 0 ' ,121 ,1 ,1, 1
226 ,222, 209, '169 201 145 163 100 104 97 122 ' ,'0 0 0 0 0 0 0 0 ' ,107 ,0 ,1, 1
316 ,217, 298, '155 291 171 168 91 94 129 90 ' ,'0 0 0 0 0 0 0 0 ' ,201 ,1 ,1, 1
223 ,305, 185, '118 157 175 115 90 76 89 105 ' ,'0 0 0 0 0 0 0 0 ' ,102 ,0 ,2, 2
197 ,213, 181, '136 144 173 149 86 93 83 109 ' ,'0 0 0 0 0 0 0 0 ' ,90 ,0 ,1, 1
190 ,187, 172, '114 136 164 120 111 110 77 100 ' ,'0 0 0 0 0 0 0 0 ' ,87 ,1 ,1, 1
191 ,177, 173, '166 112 114 141 60 98 98 113 ' ,'0 0 0 0 0 0 0 0 ' ,108 ,1 ,1, 1
149 ,181, 132, '124 118 97 121 65 96 69 90 ' ,'0 0 0 0 0 0 0 0 ' ,60 ,0 ,1, 1
206 ,139, 190, '179 167 130 183 72 119 92 82 ' ,'0 0 0 0 0 0 0 0 ' ,112 ,0 ,1, 1
317 ,197, 298, '136 171 151 161 102 89 104 92 ' ,'0 0 0 0 0 0 0 0 ' ,204 ,0 ,1, 1
211 ,307, 190, '125 157 124 183 114 83 103 71 ' ,'0 0 0 0 0 0 0 0 ' ,113 ,1 ,1, 1
188 ,200, 168, '154 161 132 136 99 68 129 83 ' ,'0 0 0 0 0 0 0 0 ' ,93 ,1 ,1, 1
228 ,175, 209, '154 179 200 133 111 106 123 125 ' ,'0 0 0 0 0 0 0 0 ' ,95 ,0 ,0, 0
231 ,218, 213, '181 206 166 134 111 155 91 91 ' ,'0 0 0 0 0 0 0 0 ' ,115 ,1 ,1, 1
202 ,220, 183, '134 169 173 124 125 140 109 82 ' ,'0 0 0 0 0 0 0 0 ' ,93 ,1 ,2, 2
187 ,194, 166, '151 125 147 158 118 117 149 102 ' ,'0 0 0 0 0 0 0 0 ' ,56 ,1 ,2, 2
218 ,179, 196, '161 174 147 189 112 108 138 137 ' ,'0 0 0 0 0 0 0 0 ' ,81 ,0 ,1, 1
199 ,209, 183, '173 147 126 167 80 93 109 83 ' ,'0 0 0 0 0 0 0 0 ' ,97 ,0 ,1, 1
243 ,189, 226, '193 114 129 219 114 142 111 83 ' ,'0 0 0 0 0 0 0 0 ' ,136 ,1 ,1, 1
160 ,234, 143, '111 106 127 135 75 109 112 73 ' ,'0 0 0 0 0 0 0 0 ' ,62 ,0 ,1, 1
164 ,151, 147, '109 99 139 113 87 86 88 81 ' ,'0 0 0 0 0 0 0 0 ' ,58 ,0 ,2, 2
170 ,154, 152, '109 134 143 135 81 111 107 80 ' ,'0 0 0 0 0 0 0 0 ' ,65 ,0 ,1, 1
162 ,159, 144, '136 127 122 125 76 101 96 113 ' ,'0 0 0 0 0 0 0 0 ' ,62 ,0 ,1, 1
182 ,151, 163, '155 137 138 125 101 115 65 63 ' ,'0 0 0 0 0 0 0 0 ' ,93 ,1 ,1, 1
168 ,170, 143, '135 120 130 132 103 94 80 92 ' ,'0 0 0 0 0 0 0 0 ' ,64 ,0 ,1, 1
149 ,158, 133, '115 115 126 106 90 85 75 70 ' ,'0 0 0 0 0 0 0 0 ' ,56 ,1 ,1, 1
223 ,142, 204, '145 117 197 171 92 131 98 103 ' ,'0 0 0 0 0 0 0 0 ' ,106 ,1 ,1, 1
214 ,214, 195, '163 157 136 188 150 82 110 72 ' ,'0 0 0 0 0 0 0 0 ' ,118 ,1 ,0, 0
238 ,205, 220, '213 136 156 161 124 164 89 110 ' ,'0 0 0 0 0 0 0 0 ' ,126 ,1 ,1, 1
220 ,228, 204, '173 140 175 196 140 91 92 100 ' ,'0 0 0 0 0 0 0 0 ' ,106 ,0 ,1, 1
264 ,211, 249, '178 176 151 242 109 125 93 135 ' ,'0 0 0 0 0 0 0 0 ' ,146 ,0 ,1, 1
172 ,256, 150, '139 112 142 139 104 117 96 109 ' ,'0 0 0 0 0 0 0 0 ' ,51 ,1 ,1, 1
196 ,159, 179, '151 152 156 170 66 117 154 97 ' ,'0 0 0 0 0 0 0 0 ' ,105 ,0 ,2, 2
195 ,186, 174, '163 145 147 134 107 111 77 90 ' ,'0 0 0 0 0 0 0 0 ' ,87 ,1 ,2, 2
207 ,185, 190, '120 130 181 128 63 87 92 68 ' ,'0 0 0 0 0 0 0 0 ' ,121 ,1 ,1, 1
183 ,196, 163, '153 119 150 156 96 73 89 68 ' ,'0 0 0 0 0 0 0 0 ' ,90 ,1 ,1, 1
154 ,171, 137, '128 127 126 119 95 80 66 78 ' ,'0 0 0 0 0 0 0 0 ' ,63 ,1 ,1, 1
164 ,143, 144, '106 138 124 120 110 67 67 69 ' ,'0 0 0 0 0 0 0 0 ' ,74 ,1 ,1, 1
201 ,153, 184, '154 176 119 129 105 104 99 98 ' ,'0 0 0 0 0 0 0 0 ' ,80 ,1 ,1, 1
198 ,192, 182, '130 159 136 175 139 81 83 94 ' ,'0 0 0 0 0 0 0 0 ' ,97 ,1 ,1, 1
212 ,190, 195, '139 150 187 175 124 103 99 101 ' ,'0 0 0 0 0 0 0 0 ' ,91 ,0 ,2, 2
320 ,202, 303, '125 295 108 120 105 122 113 117 ' ,'0 0 0 0 0 0 0 0 ' ,191 ,1 ,1, 1
230 ,310, 213, '144 196 204 172 88 138 107 169 ' ,'0 0 0 0 0 0 0 0 ' ,118 ,0 ,1, 1
226 ,220, 211, '178 151 194 203 150 136 153 101 ' ,'0 0 0 0 0 0 0 0 ' ,102 ,1 ,2, 2
242 ,217, 224, '134 153 166 216 129 95 72 106 ' ,'0 0 0 0 0 0 0 0 ' ,147 ,1 ,1, 1
221 ,231, 200, '183 184 142 137 110 95 96 93 ' ,'0 0 0 0 0 0 0 0 ' ,99 ,1 ,1, 1
185 ,207, 167, '103 135 156 125 77 89 114 104 ' ,'0 0 0 0 0 0 0 0 ' ,82 ,0 ,1, 1
182 ,175, 165, '101 122 155 134 96 121 134 91 ' ,'0 0 0 0 0 0 0 0 ' ,62 ,1 ,1, 1
189 ,172, 171, '133 116 162 118 85 152 87 89 ' ,'0 0 0 0 0 0 0 0 ' ,79 ,0 ,1, 1
175 ,178, 153, '132 143 147 131 90 112 100 111 ' ,'0 0 0 0 0 0 0 0 ' ,57 ,1 ,0, 0
168 ,165, 151, '126 118 134 144 71 100 86 86 ' ,'0 0 0 0 0 0 0 0 ' ,73 ,0 ,0, 0
164 ,158, 144, '92 113 133 137 60 87 88 87 ' ,'0 0 0 0 0 0 0 0 ' ,79 ,1 ,1, 1
187 ,152, 167, '149 143 140 160 70 97 101 98 ' ,'0 0 0 0 0 0 0 0 ' ,92 ,1 ,1, 1
347 ,175, 330, '132 322 197 219 203 112 90 130 ' ,'0 0 0 0 0 0 0 0 ' ,233 ,0 ,1, 1
221 ,336, 198, '184 177 188 183 106 123 77 136 ' ,'0 0 0 0 0 0 0 0 ' ,114 ,1 ,1, 1
279 ,207, 262, '120 253 164 178 95 93 118 84 ' ,'0 0 0 0 0 0 0 0 ' ,170 ,0 ,1, 1
199 ,268, 183, '163 153 162 176 83 107 118 110 ' ,'0 0 0 0 0 0 0 0 ' ,94 ,0 ,1, 1
234 ,191, 215, '136 136 206 160 202 83 190 145 ' ,'0 0 0 0 0 0 0 0 ' ,125 ,0 ,1, 1
253 ,223, 236, '227 190 201 158 139 194 157 126 ' ,'0 0 0 0 0 0 0 0 ' ,102 ,0 ,1, 1
214 ,242, 198, '161 145 126 185 145 153 107 117 ' ,'0 0 0 0 0 0 0 0 ' ,75 ,0 ,1, 1
224 ,204, 199, '166 159 149 195 127 111 100 107 ' ,'0 0 0 0 0 0 0 0 ' ,96 ,0 ,1, 1
195 ,209, 179, '146 155 168 171 72 97 108 140 ' ,'0 0 0 0 0 0 0 0 ' ,96 ,1 ,1, 1
179 ,187, 162, '123 153 153 143 84 83 127 87 ' ,'0 0 0 0 0 0 0 0 ' ,73 ,0 ,1, 1
221 ,170, 203, '194 130 132 155 112 125 120 97 ' ,'0 0 0 0 0 0 0 0 ' ,98 ,0 ,1, 1
185 ,210, 169, '117 102 145 162 82 65 121 102 ' ,'0 0 0 0 0 0 0 0 ' ,98 ,0 ,1, 1
142 ,177, 126, '114 88 104 118 88 85 100 64 ' ,'0 0 0 0 0 0 0 0 ' ,55 ,0 ,1, 1
190 ,132, 174, '119 133 149 164 97 66 81 103 ' ,'0 0 0 0 0 0 0 0 ' ,101 ,0 ,1, 1
165 ,180, 150, '100 139 124 142 83 89 74 98 ' ,'0 0 0 0 0 0 0 0 ' ,69 ,1 ,1, 1
179 ,156, 161, '152 120 117 115 116 92 112 73 ' ,'0 0 0 0 0 0 0 0 ' ,80 ,1 ,1, 1
327 ,167, 309, '124 142 252 301 119 79 69 81 ' ,'0 0 0 0 0 0 0 0 ' ,235 ,1 ,1, 1
170 ,317, 149, '134 137 122 144 97 95 104 125 ' ,'0 0 0 0 0 0 0 0 ' ,55 ,1 ,0, 0
217 ,160, 194, '118 187 187 127 108 109 128 97 ' ,'0 0 0 0 0 0 0 0 ' ,90 ,1 ,1, 1
218 ,203, 199, '191 187 132 131 80 69 143 85 ' ,'0 0 0 0 0 0 0 0 ' ,127 ,0 ,1, 0
216 ,208, 197, '187 150 118 143 123 85 137 98 ' ,'0 0 0 0 0 0 0 0 ' ,107 ,1 ,1, 1
190 ,207, 173, '164 132 145 123 112 123 97 112 ' ,'0 0 0 0 0 0 0 0 ' ,71 ,1 ,1, 1
201 ,180, 182, '170 158 173 152 75 88 79 92 ' ,'0 0 0 0 0 0 0 0 ' ,101 ,0 ,0, 0
172 ,190, 154, '144 120 144 145 77 71 121 89 ' ,'0 0 0 0 0 0 0 0 ' ,77 ,0 ,1, 0
162 ,161, 144, '108 95 138 109 88 90 97 85 ' ,'0 0 0 0 0 0 0 0 ' ,52 ,0 ,0, 0
206 ,151, 190, '180 111 141 101 80 103 81 88 ' ,'0 0 0 0 0 0 0 0 ' ,102 ,1 ,1, 1
192 ,196, 175, '108 110 119 168 111 60 88 64 ' ,'0 0 0 0 0 0 0 0 ' ,110 ,0 ,0, 0
157 ,182, 137, '108 123 128 103 58 71 94 82 ' ,'0 0 0 0 0 0 0 0 ' ,73 ,0 ,1, 0
168 ,144, 149, '114 121 141 91 56 65 82 61 ' ,'0 0 0 0 0 0 0 0 ' ,89 ,1 ,1, 1
225 ,158, 208, '198 111 101 112 77 68 98 91 ' ,'0 0 0 0 0 0 0 0 ' ,134 ,1 ,1, 1
191 ,215, 171, '162 138 149 106 63 123 71 57 ' ,'0 0 0 0 0 0 0 0 ' ,107 ,0 ,1, 1
186 ,177, 169, '129 161 160 104 77 85 88 82 ' ,'0 0 0 0 0 0 0 0 ' ,84 ,0 ,1, 1
133 ,175, 118, '109 100 102 98 90 69 103 72 ' ,'0 0 0 0 0 0 0 0 ' ,42 ,1 ,0, 0
146 ,124, 130, '114 113 123 102 58 83 62 76 ' ,'0 0 0 0 0 0 0 0 ' ,67 ,1 ,0, 0
145 ,138, 128, '108 100 120 92 91 76 88 72 ' ,'0 0 0 0 0 0 0 0 ' ,49 ,0 ,1, 1
225 ,135, 205, '165 197 137 165 103 123 78 130 ' ,'0 0 0 0 0 0 0 0 ' ,123 ,1 ,0, 0
182 ,214, 165, '134 158 137 144 69 84 78 110 ' ,'0 0 0 0 0 0 0 0 ' ,90 ,1 ,0, 0
303 ,173, 285, '148 172 132 176 93 97 96 276 ' ,'0 0 0 0 0 0 0 0 ' ,185 ,0 ,1, 1
337 ,293, 319, '175 169 151 311 111 86 91 97 ' ,'0 0 0 0 0 0 0 0 ' ,227 ,1 ,1, 1
195 ,327, 175, '167 115 124 124 130 74 79 89 ' ,'0 0 0 0 0 0 0 0 ' ,96 ,0 ,1, 1
318 ,185, 298, '170 151 140 291 89 92 130 54 ' ,'0 0 0 0 0 0 0 0 ' ,237 ,0 ,0, 0
195 ,307, 178, '168 134 140 151 77 110 102 108 ' ,'0 0 0 0 0 0 0 0 ' ,94 ,0 ,1, 1
214 ,184, 196, '137 187 147 104 110 78 76 104 ' ,'0 0 0 0 0 0 0 0 ' ,113 ,1 ,1, 1
210 ,203, 193, '161 161 184 108 80 101 85 88 ' ,'0 0 0 0 0 0 0 0 ' ,107 ,1 ,1, 1
180 ,201, 162, '99 114 144 155 73 84 88 99 ' ,'0 0 0 0 0 0 0 0 ' ,82 ,0 ,1, 1
185 ,170, 168, '118 102 159 141 100 72 86 81 ' ,'0 0 0 0 0 0 0 0 ' ,90 ,1 ,1, 1
262 ,190, 245, '138 238 159 109 64 66 78 77 ' ,'0 120 0 0 0 0 0 0 ' ,174 ,0 ,0, 0
226 ,333, 205, '141 203 103 93 127 47 101 57 ' ,'0 0 0 0 0 0 0 0 ' ,157 ,0 ,1, 1
207 ,217, 191, '178 179 135 123 121 98 124 102 ' ,'0 0 0 0 0 0 0 0 ' ,88 ,1 ,0, 0
213 ,199, 198, '146 190 124 158 90 130 128 110 ' ,'0 0 0 0 0 0 0 0 ' ,99 ,0 ,1, 1
270 ,204, 250, '169 241 157 123 81 120 112 146 ' ,'0 0 0 0 0 0 121 0 ' ,161 ,0 ,1, 1
217 ,256, 196, '159 194 192 188 74 72 107 112 ' ,'0 0 0 0 0 0 0 0 ' ,121 ,0 ,1, 1
221 ,206, 202, '195 133 141 113 128 159 154 190 ' ,'0 0 0 0 0 0 0 0 ' ,82 ,0 ,1, 1
202 ,211, 183, '145 119 128 176 76 72 76 97 ' ,'0 0 0 0 0 0 0 0 ' ,106 ,1 ,1, 1
220 ,191, 203, '133 125 156 196 71 84 141 87 ' ,'0 0 0 0 0 0 0 0 ' ,127 ,0 ,1, 1
184 ,211, 167, '153 126 131 160 73 108 91 66 ' ,'0 0 0 0 0 0 0 0 ' ,94 ,0 ,0, 0
217 ,173, 197, '140 162 157 188 92 128 93 101 ' ,'0 0 0 0 0 0 0 0 ' ,99 ,0 ,1, 1
210 ,207, 192, '185 149 124 156 63 99 96 89 ' ,'0 0 0 0 0 0 0 0 ' ,123 ,0 ,1, 1
154 ,200, 137, '124 123 123 129 74 65 82 84 ' ,'0 0 0 0 0 0 0 0 ' ,66 ,0 ,1, 1
151 ,144, 134, '106 125 99 126 62 65 75 70 ' ,'0 0 0 0 0 0 0 0 ' ,65 ,0 ,0, 0
262 ,141, 244, '237 120 127 128 131 144 86 72 ' ,'0 0 0 0 0 0 0 0 ' ,164 ,0 ,1, 1
165 ,252, 149, '114 134 139 111 73 69 67 99 ' ,'0 0 0 0 0 0 0 0 ' ,74 ,0 ,1, 1
150 ,155, 133, '126 118 107 122 81 90 91 87 ' ,'0 0 0 0 0 0 0 0 ' ,47 ,0 ,0, 0
164 ,141, 145, '129 136 136 118 85 82 104 89 ' ,'0 0 0 0 0 0 0 0 ' ,57 ,0 ,1, 0
180 ,154, 160, '150 124 153 118 67 67 110 132 ' ,'0 0 0 0 0 0 0 0 ' ,89 ,1 ,1, 1
221 ,169, 204, '192 137 169 86 94 147 67 95 ' ,'0 0 0 0 0 0 0 0 ' ,129 ,0 ,1, 1
255 ,211, 239, '141 230 163 114 134 73 76 83 ' ,'0 0 0 0 0 0 0 0 ' ,160 ,1 ,1, 1
203 ,245, 185, '149 178 134 125 93 110 90 89 ' ,'0 0 0 0 0 0 0 0 ' ,92 ,0 ,0, 0
206 ,192, 189, '159 162 178 139 112 89 106 103 ' ,'0 0 0 0 0 0 0 0 ' ,94 ,1 ,1, 1
278 ,198, 260, '157 186 251 109 94 92 114 82 ' ,'0 0 0 0 0 0 0 0 ' ,172 ,1 ,1, 1
277 ,268, 260, '183 166 218 251 101 160 131 116 ' ,'0 0 0 0 0 0 0 0 ' ,151 ,1 ,1, 1
278 ,266, 260, '180 190 251 161 81 83 92 91 ' ,'0 0 0 0 0 0 0 0 ' ,173 ,1 ,1, 1
271 ,268, 247, '167 238 142 170 76 94 105 127 ' ,'0 0 0 0 0 0 0 0 ' ,162 ,0 ,1, 1
230 ,254, 213, '151 139 204 140 193 133 115 111 ' ,'0 0 0 0 0 0 0 0 ' ,96 ,1 ,1, 1
185 ,219, 167, '145 125 161 132 91 71 98 111 ' ,'0 0 0 0 0 0 0 0 ' ,90 ,0 ,0, 0
246 ,177, 229, '185 221 117 139 158 124 70 97 ' ,'0 0 0 0 0 0 0 0 ' ,152 ,0 ,0, 0
186 ,237, 168, '115 153 159 129 97 81 73 91 ' ,'0 0 0 0 0 0 0 0 ' ,90 ,0 ,1, 1
166 ,177, 148, '135 117 136 141 82 65 92 82 ' ,'0 0 0 0 0 0 0 0 ' ,78 ,0 ,0, 0
181 ,159, 163, '111 130 152 152 98 99 70 75 ' ,'0 0 0 0 0 0 0 0 ' ,87 ,0 ,1, 1
181 ,171, 165, '128 157 138 115 99 71 89 84 ' ,'0 0 0 0 0 0 0 0 ' ,89 ,1 ,0, 0
