201 ,0, 127, '69 34 59 46 36 39 41 30 48 29 26 32 40 22 28 77 ' ,'0 0 0 0 0 0 0 0 0 0 0 0 0 0 0 0 ' ,48 ,1 ,10, 10
456 ,160, 430, '341 285 358 323 234 354 344 323 311 271 412 270 251 278 278 297 ' ,'0 0 0 0 0 0 0 0 0 0 0 0 0 0 0 0 ' ,181 ,1 ,7, 7
277 ,444, 253, '188 175 165 236 226 189 197 140 158 160 173 177 148 167 130 152 ' ,'0 0 0 0 0 0 0 0 0 0 0 0 0 0 0 0 ' ,109 ,2 ,6, 5
321 ,271, 291, '215 174 262 253 192 225 262 265 184 205 245 268 112 183 158 146 ' ,'0 0 0 0 0 0 0 0 0 0 0 0 0 0 0 0 ' ,161 ,2 ,7, 7
317 ,303, 287, '266 223 178 191 181 196 167 237 172 192 184 198 163 164 123 131 ' ,'0 0 0 0 0 0 0 0 0 0 0 0 0 0 0 0 ' ,147 ,1 ,2, 2
264 ,308, 242, '165 200 168 215 175 147 186 229 214 186 179 199 171 137 128 170 ' ,'0 0 0 0 0 0 0 0 0 0 0 0 0 0 0 0 ' ,103 ,1 ,3, 2
362 ,254, 333, '243 241 226 246 237 288 171 210 255 184 320 261 149 168 105 238 ' ,'0 0 0 0 0 0 0 0 0 0 0 0 0 0 0 0 ' ,220 ,2 ,1, 1
255 ,351, 227, '208 204 190 225 207 201 176 199 210 214 190 218 149 154 166 143 ' ,'0 0 0 0 0 0 0 0 0 0 0 0 0 0 0 0 ' ,86 ,1 ,1, 1
258 ,245, 237, '191 203 203 222 173 149 204 189 185 188 216 197 163 139 126 140 ' ,'0 0 0 0 0 0 0 0 0 0 0 0 0 0 0 0 ' ,101 ,2 ,1, 1
360 ,250, 344, '274 228 174 236 271 268 305 212 203 215 280 248 140 144 243 263 ' ,'0 0 0 0 0 0 0 0 0 0 0 0 0 0 0 0 ' ,189 ,2 ,0, 0
270 ,351, 250, '184 166 169 194 191 185 174 171 188 151 196 229 133 112 122 168 ' ,'0 0 0 0 0 0 0 0 0 0 0 0 0 0 0 0 ' ,127 ,4 ,1, 1
364 ,261, 346, '144 164 169 162 152 160 331 195 165 192 169 187 149 114 123 133 ' ,'0 0 0 0 0 0 0 0 0 0 0 0 0 0 0 0 ' ,223 ,2 ,1, 1
261 ,355, 239, '229 189 190 193 185 213 156 217 201 155 193 159 123 168 121 152 ' ,'0 0 0 0 0 0 0 0 0 0 0 0 0 0 0 0 ' ,107 ,3 ,1, 1
239 ,254, 216, '181 205 188 205 172 151 186 142 183 193 163 149 110 159 138 142 ' ,'0 0 0 0 0 0 0 0 0 0 0 0 0 0 0 0 ' ,86 ,1 ,1, 1
346 ,229, 314, '269 215 260 253 255 253 231 231 245 220 312 219 179 127 273 196 ' ,'0 0 0 0 0 0 0 0 0 0 0 0 0 0 0 0 ' ,188 ,2 ,1, 1
289 ,337, 270, '208 182 222 215 168 213 203 192 198 189 216 184 173 129 173 137 ' ,'0 0 0 0 0 0 0 0 0 0 0 0 0 0 0 0 ' ,124 ,2 ,1, 1
325 ,283, 292, '226 188 193 234 203 288 250 194 178 191 260 249 177 192 149 230 ' ,'0 0 0 0 0 0 0 0 0 0 0 0 0 0 0 0 ' ,135 ,3 ,1, 1
255 ,317, 233, '198 227 204 169 194 172 219 168 181 194 168 198 148 144 124 135 ' ,'0 0 0 0 0 0 0 0 0 0 0 0 0 0 0 0 ' ,101 ,0 ,1, 1
237 ,244, 208, '176 197 184 162 166 194 187 204 165 180 165 187 135 136 135 150 ' ,'0 0 0 0 0 0 0 0 0 0 0 0 0 0 0 0 ' ,69 ,0 ,1, 1
361 ,223, 335, '205 211 220 197 174 213 178 266 241 208 324 228 178 115 180 223 ' ,'0 0 0 0 0 0 0 0 0 0 0 0 0 0 0 0 ' ,212 ,0 ,2, 2
304 ,347, 286, '190 220 260 186 204 196 276 186 200 209 219 224 160 138 139 164 ' ,'0 0 0 0 0 0 0 0 0 0 0 0 0 0 0 0 ' ,138 ,0 ,2, 1
308 ,296, 281, '165 193 229 196 188 201 156 267 172 195 269 180 154 126 162 134 ' ,'0 0 0 0 0 0 0 0 0 0 0 0 0 0 0 0 ' ,147 ,1 ,1, 1
229 ,290, 207, '154 173 170 171 174 185 187 178 186 174 151 154 162 141 134 162 ' ,'0 0 0 0 0 0 0 0 0 0 0 0 0 0 0 0 ' ,63 ,1 ,1, 1
252 ,218, 227, '164 177 175 194 179 157 204 203 130 218 182 206 142 125 121 150 ' ,'0 0 0 0 0 0 0 0 0 0 0 0 0 0 0 0 ' ,98 ,1 ,2, 2
253 ,238, 230, '192 207 194 177 191 185 187 153 222 192 204 159 119 148 137 184 ' ,'0 0 0 0 0 0 0 0 0 0 0 0 0 0 0 0 ' ,105 ,1 ,1, 1
266 ,242, 246, '164 182 238 168 152 224 193 199 157 213 182 212 129 186 126 142 ' ,'0 0 0 0 0 0 0 0 0 0 0 0 0 0 0 0 ' ,113 ,1 ,2, 1
260 ,256, 243, '157 214 199 183 205 161 227 181 203 228 217 155 168 116 136 141 ' ,'0 0 0 0 0 0 0 0 0 0 0 0 0 0 0 0 ' ,114 ,1 ,2, 2
252 ,249, 230, '174 187 181 219 174 161 154 169 135 197 145 138 179 109 144 124 ' ,'0 0 0 0 0 0 0 0 0 0 0 0 0 0 0 0 ' ,112 ,1 ,2, 2
248 ,242, 226, '175 216 159 146 184 162 187 166 180 159 200 149 103 141 132 125 ' ,'0 0 0 0 0 0 0 0 0 0 0 0 0 0 0 0 ' ,113 ,1 ,2, 2
263 ,238, 241, '216 199 199 146 156 211 199 172 180 175 231 216 160 167 144 145 ' ,'0 0 0 0 0 0 0 0 0 0 0 0 0 0 0 0 ' ,88 ,0 ,1, 1
214 ,255, 196, '186 153 152 177 142 173 184 183 134 164 179 173 164 148 155 147 ' ,'0 0 0 0 0 0 0 0 0 0 0 0 0 0 0 0 ' ,52 ,0 ,1, 1
203 ,206, 185, '137 156 172 150 175 143 162 167 144 150 149 155 150 112 95 109 ' ,'0 0 0 0 0 0 0 0 0 0 0 0 0 0 0 0 ' ,81 ,1 ,1, 1
219 ,197, 200, '141 174 173 151 144 169 143 185 168 155 183 165 158 134 125 123 ' ,'0 0 0 0 0 0 0 0 0 0 0 0 0 0 0 0 ' ,74 ,1 ,2, 1
290 ,212, 268, '222 203 201 189 172 216 261 218 203 177 192 177 152 139 168 176 ' ,'0 0 0 0 0 0 0 0 0 0 0 0 0 0 0 0 ' ,120 ,0 ,1, 1
324 ,277, 294, '198 201 241 187 177 276 245 213 209 227 283 174 149 161 137 200 ' ,'0 0 0 0 0 0 0 0 0 0 0 0 0 0 0 0 ' ,149 ,1 ,1, 1
278 ,308, 259, '196 175 249 225 159 181 215 179 203 180 159 192 140 175 126 175 ' ,'0 0 0 0 0 0 0 0 0 0 0 0 0 0 0 0 ' ,125 ,0 ,2, 2
255 ,268, 236, '206 188 226 192 182 219 197 193 198 182 183 220 162 122 149 154 ' ,'0 0 0 0 0 0 0 0 0 0 0 0 0 0 0 0 ' ,105 ,1 ,2, 2
285 ,244, 268, '224 205 222 210 212 179 171 194 241 205 213 250 128 162 166 157 ' ,'0 0 0 0 0 0 0 0 0 0 0 0 0 0 0 0 ' ,128 ,1 ,2, 2
253 ,274, 234, '196 158 222 214 153 209 151 176 183 168 205 144 132 141 126 118 ' ,'0 0 0 0 0 0 0 0 0 0 0 0 0 0 0 0 ' ,108 ,1 ,3, 2
215 ,243, 199, '185 179 163 190 169 154 180 156 160 152 170 174 129 120 96 120 ' ,'0 0 0 0 0 0 0 0 0 0 0 0 0 0 0 0 ' ,96 ,1 ,1, 1
245 ,207, 225, '174 217 139 171 159 167 168 140 160 167 174 156 136 99 113 125 ' ,'0 0 0 0 0 0 0 0 0 0 0 0 0 0 0 0 ' ,119 ,1 ,2, 2
221 ,236, 204, '144 161 197 154 159 156 154 162 167 165 152 174 106 115 115 105 ' ,'0 0 0 0 0 0 0 0 0 0 0 0 0 0 0 0 ' ,93 ,0 ,1, 1
210 ,214, 191, '165 156 168 174 182 159 145 145 166 150 153 152 139 125 139 138 ' ,'0 0 0 0 0 0 0 0 0 0 0 0 0 0 0 0 ' ,49 ,1 ,1, 1
229 ,199, 213, '184 180 164 175 198 193 190 200 196 144 189 196 125 166 118 173 ' ,'0 0 0 0 0 0 0 0 0 0 0 0 0 0 0 0 ' ,88 ,1 ,1, 1
313 ,220, 292, '221 208 156 215 198 283 172 269 194 160 278 160 151 165 136 223 ' ,'0 0 0 0 0 0 0 0 0 0 0 0 0 0 0 0 ' ,146 ,1 ,1, 1
271 ,302, 250, '157 206 210 193 190 216 242 189 190 169 182 205 164 124 123 143 ' ,'0 0 0 0 0 0 0 0 0 0 0 0 0 0 0 0 ' ,119 ,1 ,1, 1
253 ,261, 230, '188 158 209 164 169 221 186 137 178 175 155 166 125 135 110 141 ' ,'0 0 0 0 0 0 0 0 0 0 0 0 0 0 0 0 ' ,112 ,1 ,1, 1
409 ,244, 389, '381 180 171 259 250 247 216 222 367 241 218 199 146 134 275 141 ' ,'0 0 0 0 0 0 0 0 0 0 0 0 0 0 0 0 ' ,247 ,0 ,1, 1
368 ,398, 348, '172 258 206 191 238 220 340 232 194 172 207 188 167 132 149 154 ' ,'0 0 0 0 0 0 0 0 0 0 0 0 0 0 0 0 ' ,210 ,1 ,2, 1
279 ,357, 258, '178 170 175 201 183 197 198 180 134 156 246 193 163 156 142 175 ' ,'0 0 0 0 0 0 0 0 0 0 0 0 0 0 0 0 ' ,112 ,1 ,2, 1
222 ,271, 202, '157 151 180 184 184 178 169 184 135 172 176 179 139 101 190 152 ' ,'0 0 0 0 0 0 0 0 0 0 0 0 0 0 0 0 ' ,90 ,0 ,1, 0
264 ,212, 242, '161 220 235 195 215 193 184 222 203 181 227 172 145 108 181 163 ' ,'0 0 0 0 0 0 0 0 0 0 0 0 0 0 0 0 ' ,129 ,1 ,1, 1
326 ,255, 305, '256 230 223 187 294 213 204 186 199 265 228 196 133 163 230 208 ' ,'0 0 0 0 0 0 0 0 0 0 0 0 0 0 0 0 ' ,163 ,1 ,2, 2
247 ,316, 229, '168 180 220 197 197 190 203 161 171 201 184 176 147 152 157 116 ' ,'0 0 0 0 0 0 0 0 0 0 0 0 0 0 0 0 ' ,107 ,1 ,2, 1
242 ,239, 220, '161 216 203 209 208 193 145 181 160 164 181 176 126 116 139 145 ' ,'0 0 0 0 0 0 0 0 0 0 0 0 0 0 0 0 ' ,97 ,0 ,1, 0
243 ,233, 223, '198 200 178 180 158 169 218 178 157 185 192 156 129 145 125 160 ' ,'0 0 0 0 0 0 0 0 0 0 0 0 0 0 0 0 ' ,91 ,1 ,1, 1
257 ,233, 238, '186 204 217 217 208 196 203 215 224 166 194 187 154 151 129 147 ' ,'0 0 0 0 0 0 0 0 0 0 0 0 0 0 0 0 ' ,101 ,1 ,1, 1
297 ,249, 276, '194 210 195 177 242 180 192 199 127 264 167 159 134 133 157 138 ' ,'0 0 0 0 0 0 0 0 0 0 0 0 0 0 0 0 ' ,141 ,1 ,2, 2
247 ,286, 231, '185 191 216 201 221 179 182 214 163 173 188 164 124 147 131 129 ' ,'0 0 0 0 0 0 0 0 0 0 0 0 0 0 0 0 ' ,98 ,0 ,1, 1
243 ,238, 226, '171 217 198 159 186 184 189 184 190 208 195 181 165 165 138 163 ' ,'0 0 0 0 0 0 0 0 0 0 0 0 0 0 0 0 ' ,78 ,1 ,1, 1
238 ,236, 221, '183 213 187 179 205 203 198 201 184 191 196 188 144 158 149 163 ' ,'0 0 0 0 0 0 0 0 0 0 0 0 0 0 0 0 ' ,67 ,0 ,1, 1
280 ,230, 260, '183 215 210 251 212 215 233 183 237 203 248 221 172 149 161 177 ' ,'0 0 0 0 0 0 0 0 0 0 0 0 0 0 0 0 ' ,105 ,1 ,1, 1
703 ,271, 680, '238 191 669 300 189 165 192 235 265 248 253 261 189 179 192 135 ' ,'0 0 0 0 0 0 0 0 0 0 0 0 0 0 0 0 ' ,538 ,1 ,2, 1
254 ,690, 231, '181 208 176 175 202 191 178 174 187 164 205 216 171 129 111 94 ' ,'0 0 0 0 0 0 0 0 0 0 0 0 0 0 0 0 ' ,130 ,1 ,1, 1
281 ,241, 259, '255 195 148 198 193 230 171 175 195 162 183 175 102 129 150 141 ' ,'0 0 0 0 0 0 0 0 0 0 0 0 0 0 0 0 ' ,151 ,1 ,1, 1
272 ,270, 254, '138 166 212 244 160 182 165 143 190 207 192 207 143 153 150 125 ' ,'0 0 0 0 0 0 0 0 0 0 0 0 0 0 0 0 ' ,121 ,1 ,1, 1
328 ,264, 305, '188 181 292 208 199 188 183 184 173 167 202 182 152 148 225 157 ' ,'0 0 0 0 0 0 0 0 0 0 0 0 0 0 0 0 ' ,149 ,1 ,1, 1
296 ,318, 274, '253 186 212 157 226 186 217 217 202 169 266 209 194 132 170 132 ' ,'0 0 0 0 0 0 0 0 0 0 0 0 0 0 0 0 ' ,139 ,1 ,1, 1
320 ,285, 297, '258 286 163 221 266 174 203 266 210 227 202 193 203 214 159 137 ' ,'0 0 0 0 0 0 0 0 0 0 0 0 0 0 0 0 ' ,160 ,1 ,2, 2
285 ,309, 255, '222 191 189 179 156 249 203 152 167 162 218 154 138 140 234 206 ' ,'0 0 0 0 0 0 0 0 0 0 0 0 0 0 0 0 ' ,111 ,1 ,1, 1
257 ,266, 235, '162 173 219 157 150 207 214 222 193 197 146 219 181 165 133 123 ' ,'0 0 0 0 0 0 0 0 0 0 0 0 0 0 0 0 ' ,110 ,1 ,2, 2
256 ,246, 236, '213 194 215 189 197 221 202 218 228 152 190 180 136 148 143 203 ' ,'0 0 0 0 0 0 0 0 0 0 0 0 0 0 0 0 ' ,92 ,1 ,1, 1
250 ,247, 229, '181 189 192 212 221 184 158 203 198 210 186 201 117 148 156 192 ' ,'0 0 0 0 0 0 0 0 0 0 0 0 0 0 0 0 ' ,99 ,1 ,2, 2
277 ,241, 252, '216 181 244 185 149 175 178 227 179 193 211 220 154 149 126 175 ' ,'0 0 0 0 0 0 0 0 0 0 0 0 0 0 0 0 ' ,117 ,1 ,1, 1
252 ,264, 233, '204 211 206 176 160 198 200 184 201 194 203 223 162 146 116 193 ' ,'0 0 0 0 0 0 0 0 0 0 0 0 0 0 0 0 ' ,109 ,0 ,2, 2
373 ,242, 351, '222 259 199 167 176 220 229 246 212 210 189 338 287 155 142 168 ' ,'0 0 0 0 0 0 0 0 0 0 0 0 0 0 0 0 ' ,201 ,1 ,1, 1
252 ,367, 232, '166 226 218 144 178 183 174 151 172 213 191 187 166 97 120 128 ' ,'0 0 0 0 0 0 0 0 0 0 0 0 0 0 0 0 ' ,129 ,0 ,1, 1
250 ,242, 230, '139 195 199 174 205 182 169 191 181 219 164 213 120 131 161 122 ' ,'0 0 0 0 0 0 0 0 0 0 0 0 0 0 0 0 ' ,104 ,0 ,1, 1
312 ,241, 280, '262 203 171 156 153 157 199 227 170 174 205 270 106 120 192 133 ' ,'0 0 0 0 0 0 0 0 0 0 0 0 0 0 0 0 ' ,171 ,1 ,2, 2
356 ,304, 338, '329 198 201 238 200 245 222 218 189 236 310 273 150 168 131 204 ' ,'0 0 0 0 0 0 0 0 0 0 0 0 0 0 0 0 ' ,196 ,1 ,2, 2
333 ,345, 308, '199 299 181 221 167 196 178 175 188 170 187 173 146 194 161 102 ' ,'0 0 0 0 0 0 0 0 0 0 0 0 0 0 0 0 ' ,207 ,0 ,1, 1
229 ,325, 210, '157 161 143 193 176 179 172 156 137 170 166 197 127 122 129 124 ' ,'0 0 0 0 0 0 0 0 0 0 0 0 0 0 0 0 ' ,81 ,1 ,0, 0
281 ,224, 255, '196 183 136 197 155 192 194 168 191 206 245 184 117 151 135 148 ' ,'0 0 0 0 0 0 0 0 0 0 0 0 0 0 0 0 ' ,130 ,0 ,2, 2
210 ,271, 185, '164 182 164 166 148 163 151 170 178 146 152 155 112 125 118 144 ' ,'0 0 0 0 0 0 0 0 0 0 0 0 0 0 0 0 ' ,66 ,1 ,1, 1
258 ,201, 233, '224 166 166 201 171 169 165 179 200 216 178 117 128 145 100 147 ' ,'0 0 0 0 0 0 0 0 0 0 0 0 0 0 0 0 ' ,127 ,1 ,1, 1
252 ,249, 233, '162 192 172 192 195 178 195 183 135 164 190 222 129 145 128 125 ' ,'0 0 0 0 0 0 0 0 0 0 0 0 0 0 0 0 ' ,102 ,1 ,2, 2
273 ,242, 254, '175 205 212 217 186 245 239 211 196 189 187 174 144 172 141 153 ' ,'0 0 0 0 0 0 0 0 0 0 0 0 0 0 0 0 ' ,104 ,0 ,2, 1
286 ,266, 258, '206 202 233 206 220 192 208 223 249 201 163 194 119 171 177 131 ' ,'0 0 0 0 0 0 0 0 0 0 0 0 0 0 0 0 ' ,131 ,1 ,1, 1
260 ,272, 241, '234 223 195 167 131 172 194 218 234 225 226 223 182 153 153 141 ' ,'0 0 0 0 0 0 0 0 0 0 0 0 0 0 0 0 ' ,105 ,0 ,1, 1
290 ,253, 273, '244 214 190 210 226 262 227 203 212 247 254 190 150 149 152 257 ' ,'0 0 0 0 0 0 0 0 0 0 0 0 0 0 0 0 ' ,113 ,0 ,2, 2
258 ,280, 231, '223 201 229 205 187 216 203 146 166 202 231 176 123 132 129 181 ' ,'0 0 0 0 0 0 0 0 0 0 0 0 0 0 0 0 ' ,104 ,0 ,1, 1
297 ,249, 276, '261 218 247 206 271 155 172 239 237 229 179 248 228 129 193 158 ' ,'0 0 0 0 0 0 0 0 0 0 0 0 0 0 0 0 ' ,142 ,1 ,1, 1
262 ,288, 245, '188 195 182 187 192 153 238 202 183 208 160 229 159 127 185 120 ' ,'0 0 0 0 0 0 0 0 0 0 0 0 0 0 0 0 ' ,121 ,1 ,1, 1
212 ,253, 194, '148 187 156 143 158 165 174 181 157 164 146 156 115 108 110 113 ' ,'0 0 0 0 0 0 0 0 0 0 0 0 0 0 0 0 ' ,78 ,0 ,1, 1
206 ,202, 187, '144 152 131 131 146 166 161 137 130 168 176 154 92 124 108 117 ' ,'0 0 0 0 0 0 0 0 0 0 0 0 0 0 0 0 ' ,84 ,0 ,1, 1
194 ,197, 173, '121 157 157 162 132 134 136 142 158 153 151 162 127 107 123 136 ' ,'0 0 0 0 0 0 0 0 0 0 0 0 0 0 0 0 ' ,60 ,0 ,1, 1
224 ,183, 205, '164 199 168 159 192 198 151 159 131 164 179 160 124 119 135 126 ' ,'0 0 0 0 0 0 0 0 0 0 0 0 0 0 0 0 ' ,81 ,1 ,1, 1
252 ,215, 229, '152 171 208 192 204 155 187 168 158 190 184 168 130 138 221 136 ' ,'0 0 0 0 0 0 0 0 0 0 0 0 0 0 0 0 ' ,91 ,0 ,1, 1
257 ,242, 238, '199 173 151 192 158 230 164 169 168 154 217 149 164 152 120 122 ' ,'0 0 0 0 0 0 0 0 0 0 0 0 0 0 0 0 ' ,111 ,1 ,1, 1
230 ,245, 209, '139 153 143 162 131 145 150 136 150 146 199 191 120 94 102 136 ' ,'0 0 0 0 0 0 0 0 0 0 0 0 0 0 0 0 ' ,108 ,1 ,1, 1
270 ,219, 250, '160 153 168 243 129 186 171 157 159 149 229 176 132 146 129 120 ' ,'0 0 0 0 0 0 0 0 0 0 0 0 0 0 0 0 ' ,126 ,1 ,1, 1
273 ,261, 256, '196 237 195 213 247 193 190 223 201 154 196 219 132 133 153 167 ' ,'0 0 0 0 0 0 0 0 0 0 0 0 0 0 0 0 ' ,117 ,0 ,1, 1
260 ,264, 244, '209 199 156 183 231 203 234 188 219 206 228 232 143 113 155 131 ' ,'0 0 0 0 0 0 0 0 0 0 0 0 0 0 0 0 ' ,122 ,0 ,1, 1
249 ,251, 232, '192 179 187 191 196 205 202 204 210 218 184 191 122 147 150 153 ' ,'0 0 0 0 0 0 0 0 0 0 0 0 0 0 0 0 ' ,97 ,1 ,2, 1
301 ,237, 283, '275 229 175 201 152 246 175 160 197 190 240 189 170 148 146 135 ' ,'0 0 0 0 0 0 0 0 0 0 0 0 0 0 0 0 ' ,145 ,0 ,1, 1
311 ,295, 293, '229 194 201 186 229 187 205 206 207 209 241 265 149 121 172 143 ' ,'0 0 0 0 0 0 0 0 0 0 0 0 0 0 0 0 ' ,162 ,1 ,3, 2
263 ,301, 246, '219 230 226 197 195 214 217 223 233 207 206 217 161 215 175 158 ' ,'0 0 0 0 0 0 0 0 0 0 0 0 0 0 0 0 ' ,83 ,0 ,2, 1
291 ,255, 270, '203 178 201 176 199 196 229 188 261 226 175 200 106 163 155 200 ' ,'0 0 0 0 0 0 0 0 0 0 0 0 0 0 0 0 ' ,154 ,0 ,1, 1
246 ,278, 223, '186 179 187 182 206 172 214 166 205 166 156 198 142 143 163 152 ' ,'0 0 0 0 0 0 0 0 0 0 0 0 0 0 0 0 ' ,71 ,1 ,2, 1
257 ,237, 236, '212 200 207 173 177 201 191 191 164 228 210 170 148 151 111 169 ' ,'0 0 0 0 0 0 0 0 0 0 0 0 0 0 0 0 ' ,118 ,1 ,1, 1
263 ,247, 243, '188 196 185 224 217 179 195 188 170 233 207 231 140 157 114 99 ' ,'0 0 0 0 0 0 0 0 0 0 0 0 0 0 0 0 ' ,142 ,1 ,1, 1
240 ,256, 217, '198 215 175 159 182 181 171 163 156 187 190 172 105 135 141 142 ' ,'0 0 0 0 0 0 0 0 0 0 0 0 0 0 0 0 ' ,101 ,1 ,2, 1
238 ,230, 211, '157 141 159 176 195 185 162 162 200 199 154 155 125 139 163 115 ' ,'0 0 0 0 0 0 0 0 0 0 0 0 0 0 0 0 ' ,89 ,1 ,1, 1
187 ,220, 168, '154 134 158 136 134 125 157 146 132 149 159 133 113 111 116 121 ' ,'0 0 0 0 0 0 0 0 0 0 0 0 0 0 0 0 ' ,51 ,1 ,1, 1
237 ,177, 215, '206 153 181 189 184 206 168 144 151 166 188 152 102 115 111 150 ' ,'0 0 0 0 0 0 0 0 0 0 0 0 0 0 0 0 ' ,103 ,1 ,1, 1
238 ,225, 217, '181 184 202 197 139 143 170 146 146 155 143 203 115 141 137 109 ' ,'0 0 0 0 0 0 0 0 0 0 0 0 0 0 0 0 ' ,102 ,1 ,1, 1
211 ,226, 184, '155 152 179 155 156 141 145 164 148 163 160 175 132 137 128 136 ' ,'0 0 0 0 0 0 0 0 0 0 0 0 0 0 0 0 ' ,49 ,0 ,1, 1
306 ,198, 288, '176 246 273 152 234 183 173 211 234 276 212 184 112 128 189 142 ' ,'0 0 0 0 0 0 0 0 0 0 0 0 0 0 0 0 ' ,165 ,1 ,1, 1
232 ,296, 215, '152 205 155 175 198 152 172 179 156 155 169 172 102 123 112 116 ' ,'0 0 0 0 0 0 0 0 0 0 0 0 0 0 0 0 ' ,100 ,1 ,2, 2
231 ,221, 212, '159 195 203 184 186 157 146 151 163 191 159 150 114 131 130 143 ' ,'0 0 0 0 0 0 0 0 0 0 0 0 0 0 0 0 ' ,89 ,1 ,2, 2
248 ,219, 229, '135 205 173 202 181 183 169 165 163 182 212 163 137 146 125 119 ' ,'0 0 0 0 0 0 0 0 0 0 0 0 0 0 0 0 ' ,103 ,1 ,1, 1
238 ,237, 219, '154 183 199 178 148 185 169 190 210 179 144 168 140 117 164 114 ' ,'0 0 0 0 0 0 0 0 0 0 0 0 0 0 0 0 ' ,100 ,0 ,1, 1
314 ,227, 295, '231 248 199 188 244 183 175 284 276 209 174 219 127 149 140 159 ' ,'0 0 0 0 0 0 0 0 0 0 0 0 0 0 0 0 ' ,158 ,1 ,2, 1
337 ,303, 317, '207 235 220 250 311 217 208 249 241 227 168 235 185 138 174 166 ' ,'0 0 0 0 0 0 0 0 0 0 0 0 0 0 0 0 ' ,174 ,1 ,1, 1
326 ,332, 304, '251 225 197 295 154 229 196 240 247 202 245 177 133 173 162 160 ' ,'0 0 0 0 0 0 0 0 0 0 0 0 0 0 0 0 ' ,163 ,0 ,2, 1
305 ,319, 284, '180 278 227 247 180 208 240 234 263 258 195 240 150 142 135 161 ' ,'0 0 0 0 0 0 0 0 0 0 0 0 0 0 0 0 ' ,144 ,1 ,1, 1
248 ,299, 230, '176 201 203 197 220 185 196 179 192 178 184 174 124 131 162 168 ' ,'0 0 0 0 0 0 0 0 0 0 0 0 0 0 0 0 ' ,98 ,1 ,2, 2
270 ,238, 247, '170 179 177 187 216 201 185 187 183 238 199 212 152 170 168 155 ' ,'0 0 0 0 0 0 0 0 0 0 0 0 0 0 0 0 ' ,89 ,1 ,2, 2
618 ,257, 599, '171 228 185 589 179 166 159 157 139 246 166 172 158 136 157 142 ' ,'0 0 0 0 0 0 0 0 0 0 0 0 0 0 0 0 ' ,456 ,1 ,2, 1
236 ,605, 219, '186 169 177 203 155 173 163 162 158 166 208 156 101 116 121 145 ' ,'0 0 0 0 0 0 0 0 0 0 0 0 0 0 0 0 ' ,108 ,1 ,2, 1
323 ,227, 304, '197 148 167 179 162 150 169 154 180 207 147 161 111 179 126 136 ' ,'0 0 0 0 0 0 0 0 0 0 0 0 0 0 0 0 ' ,177 ,0 ,2, 2
233 ,312, 217, '160 156 180 176 149 154 176 176 158 208 195 162 114 144 130 120 ' ,'0 0 0 0 0 0 0 0 0 0 0 0 0 0 0 0 ' ,95 ,1 ,1, 1
237 ,227, 217, '172 167 139 166 166 135 144 128 150 203 140 173 133 118 156 93 ' ,'0 0 0 0 0 0 0 0 0 0 0 0 0 0 0 0 ' ,119 ,1 ,2, 1
278 ,229, 260, '250 215 194 188 163 151 192 199 222 224 192 222 139 167 151 148 ' ,'0 0 0 0 0 0 0 0 0 0 0 0 0 0 0 0 ' ,113 ,0 ,2, 2
267 ,270, 247, '225 202 239 174 179 202 191 158 200 191 196 226 121 88 143 144 ' ,'0 0 0 0 0 0 0 0 0 0 0 0 0 0 0 0 ' ,152 ,0 ,1, 1
326 ,257, 305, '204 211 296 208 188 219 177 212 160 165 140 247 137 111 140 154 ' ,'0 0 0 0 0 0 0 0 0 0 0 0 0 0 0 0 ' ,186 ,1 ,2, 1
375 ,316, 357, '263 191 248 205 218 250 234 278 247 197 216 346 247 174 188 174 ' ,'0 0 0 0 0 0 0 0 0 0 0 0 0 0 0 0 ' ,176 ,1 ,2, 2
335 ,367, 316, '188 197 237 267 308 183 232 249 225 237 214 224 145 136 147 130 ' ,'0 0 0 0 0 0 0 0 0 0 0 0 0 0 0 0 ' ,181 ,1 ,1, 1
276 ,326, 257, '190 201 211 204 175 214 177 216 183 248 229 194 226 196 134 151 ' ,'0 0 0 0 0 0 0 0 0 0 0 0 0 0 0 0 ' ,117 ,1 ,2, 1
384 ,268, 365, '235 182 283 208 202 259 266 209 260 281 357 283 207 254 236 174 ' ,'0 0 0 0 0 0 0 0 0 0 0 0 0 0 0 0 ' ,188 ,1 ,2, 1
324 ,375, 305, '233 183 263 185 164 244 228 247 249 226 245 209 175 297 164 179 ' ,'0 0 0 0 0 0 0 0 0 0 0 0 0 0 0 0 ' ,133 ,1 ,3, 2
281 ,313, 265, '225 241 255 170 151 246 219 251 208 206 246 213 196 177 150 172 ' ,'0 0 0 0 0 0 0 0 0 0 0 0 0 0 0 0 ' ,107 ,1 ,2, 1
248 ,272, 229, '168 204 195 159 220 181 190 198 191 212 202 184 113 161 175 133 ' ,'0 0 0 0 0 0 0 0 0 0 0 0 0 0 0 0 ' ,107 ,1 ,1, 1
216 ,240, 198, '165 130 157 162 159 161 185 159 165 179 190 165 158 159 147 150 ' ,'0 0 0 0 0 0 0 0 0 0 0 0 0 0 0 0 ' ,61 ,1 ,1, 0
231 ,206, 213, '165 162 191 163 140 204 170 152 152 183 183 182 136 142 144 143 ' ,'0 0 0 0 0 0 0 0 0 0 0 0 0 0 0 0 ' ,68 ,1 ,2, 1
244 ,221, 222, '156 180 193 159 209 166 191 177 180 183 131 191 124 111 133 107 ' ,'0 0 0 0 0 0 0 0 0 0 0 0 0 0 0 0 ' ,108 ,1 ,2, 2
226 ,229, 205, '167 197 177 119 170 175 171 165 164 183 164 144 116 136 119 140 ' ,'0 0 0 0 0 0 0 0 0 0 0 0 0 0 0 0 ' ,82 ,1 ,1, 1
290 ,214, 271, '149 173 186 215 203 211 227 178 161 259 201 189 159 184 181 117 ' ,'0 0 0 0 0 0 0 0 0 0 0 0 0 0 0 0 ' ,149 ,1 ,1, 1
270 ,278, 245, '190 201 187 143 203 163 214 175 164 231 140 193 103 177 150 113 ' ,'0 0 0 0 0 0 0 0 0 0 0 0 0 0 0 0 ' ,131 ,0 ,1, 1
337 ,251, 316, '244 221 173 161 202 209 307 211 205 237 239 242 116 132 132 160 ' ,'0 0 0 0 0 0 0 0 0 0 0 0 0 0 0 0 ' ,193 ,1 ,2, 2
317 ,326, 296, '191 259 172 230 236 207 138 228 212 285 217 240 272 140 241 150 ' ,'0 0 0 0 0 0 0 0 0 0 0 0 0 0 0 0 ' ,149 ,0 ,2, 1
319 ,307, 296, '216 228 288 260 286 234 164 204 252 261 222 190 164 123 119 143 ' ,'0 0 0 0 0 0 0 0 0 0 0 0 0 0 0 0 ' ,170 ,1 ,1, 1
410 ,306, 384, '242 211 218 255 377 206 177 221 235 263 184 191 127 140 170 210 ' ,'0 0 0 0 0 0 0 0 0 0 0 0 0 0 0 0 ' ,243 ,1 ,2, 1
268 ,403, 248, '225 201 202 218 220 213 221 191 235 198 239 227 139 184 144 133 ' ,'0 0 0 0 0 0 0 0 0 0 0 0 0 0 0 0 ' ,111 ,1 ,1, 1
322 ,260, 305, '291 295 214 200 161 254 274 207 229 232 217 239 159 148 155 153 ' ,'0 0 0 0 0 0 0 0 0 0 0 0 0 0 0 0 ' ,146 ,0 ,2, 2
327 ,312, 309, '216 239 212 175 189 239 240 293 176 238 212 192 142 214 158 169 ' ,'0 0 0 0 0 0 0 0 0 0 0 0 0 0 0 0 ' ,154 ,0 ,2, 1
265 ,316, 250, '169 207 191 162 143 210 200 187 232 196 144 204 160 121 141 143 ' ,'0 0 0 0 0 0 0 0 0 0 0 0 0 0 0 0 ' ,120 ,1 ,1, 1
238 ,256, 220, '194 184 192 139 177 179 173 156 153 207 178 165 133 118 184 114 ' ,'0 0 0 0 0 0 0 0 0 0 0 0 0 0 0 0 ' ,98 ,1 ,2, 2
254 ,229, 233, '169 161 159 181 158 217 161 205 166 165 153 223 160 148 115 145 ' ,'0 0 0 0 0 0 0 0 0 0 0 0 0 0 0 0 ' ,111 ,1 ,1, 0
255 ,244, 237, '215 191 188 191 179 176 215 153 195 177 218 210 225 128 130 155 ' ,'0 0 0 0 0 0 0 0 0 0 0 0 0 0 0 0 ' ,99 ,1 ,1, 1
263 ,246, 246, '214 234 229 227 196 202 194 200 211 174 168 119 139 139 129 113 ' ,'0 0 0 0 0 0 0 0 0 0 0 0 0 0 0 0 ' ,126 ,1 ,1, 1
226 ,255, 211, '179 169 196 192 166 157 179 120 159 187 152 160 134 201 134 130 ' ,'0 0 0 0 0 0 0 0 0 0 0 0 0 0 0 0 ' ,81 ,0 ,2, 1
245 ,216, 228, '165 180 172 182 202 170 191 184 188 188 179 217 160 113 141 107 ' ,'0 0 0 0 0 0 0 0 0 0 0 0 0 0 0 0 ' ,113 ,0 ,2, 1
361 ,236, 343, '194 176 261 231 162 192 213 222 219 328 148 208 157 146 166 165 ' ,'0 0 0 0 0 0 0 0 0 0 0 0 0 0 0 0 ' ,187 ,0 ,2, 1
356 ,352, 339, '229 228 196 254 262 241 236 218 201 264 192 326 174 151 162 219 ' ,'0 0 0 0 0 0 0 0 0 0 0 0 0 0 0 0 ' ,181 ,0 ,2, 2
301 ,352, 278, '198 224 220 269 179 209 250 199 238 172 170 238 152 210 143 168 ' ,'0 0 0 0 0 0 0 0 0 0 0 0 0 0 0 0 ' ,124 ,1 ,2, 2
288 ,291, 269, '187 195 209 224 212 217 261 206 221 186 201 229 113 133 131 150 ' ,'0 0 0 0 0 0 0 0 0 0 0 0 0 0 0 0 ' ,147 ,0 ,2, 1
337 ,279, 317, '202 189 177 179 198 178 307 223 190 175 220 218 186 171 111 155 ' ,'0 0 0 0 0 0 0 0 0 0 0 0 0 0 0 0 ' ,198 ,1 ,1, 1
308 ,330, 287, '208 226 196 214 227 183 252 250 203 254 189 275 161 151 166 119 ' ,'0 0 0 0 0 0 0 0 0 0 0 0 0 0 0 0 ' ,161 ,0 ,2, 1
400 ,296, 382, '228 221 267 194 195 213 262 254 371 198 236 209 179 196 153 152 ' ,'0 0 0 0 0 0 0 0 0 0 0 0 0 0 0 0 ' ,224 ,0 ,2, 2
241 ,390, 224, '148 203 191 164 142 191 209 167 167 191 192 209 142 111 115 205 ' ,'0 0 0 0 0 0 0 0 0 0 0 0 0 0 0 0 ' ,106 ,1 ,2, 2
250 ,232, 232, '186 174 175 164 170 211 221 185 194 201 163 198 128 152 138 113 ' ,'0 0 0 0 0 0 0 0 0 0 0 0 0 0 0 0 ' ,113 ,1 ,2, 2
229 ,240, 212, '164 164 147 199 167 156 173 177 171 203 155 174 132 162 147 171 ' ,'0 0 0 0 0 0 0 0 0 0 0 0 0 0 0 0 ' ,73 ,1 ,1, 1
220 ,220, 202, '155 163 176 138 188 178 177 172 154 172 161 172 163 117 108 131 ' ,'0 0 0 0 0 0 0 0 0 0 0 0 0 0 0 0 ' ,87 ,1 ,1, 1
246 ,211, 231, '210 184 167 180 171 176 159 191 143 179 196 216 133 111 128 143 ' ,'0 0 0 0 0 0 0 0 0 0 0 0 0 0 0 0 ' ,110 ,0 ,2, 2
287 ,238, 263, '142 182 194 253 180 177 169 165 223 229 183 215 120 125 119 123 ' ,'0 0 0 0 0 0 0 0 0 0 0 0 0 0 0 0 ' ,133 ,1 ,2, 2
277 ,270, 261, '190 184 200 171 199 232 225 188 147 213 218 245 115 150 109 123 ' ,'0 0 0 0 0 0 0 0 0 0 0 0 0 0 0 0 ' ,140 ,1 ,1, 1
589 ,269, 566, '205 220 167 195 347 189 173 169 239 262 174 258 132 558 129 127 ' ,'0 0 0 0 0 0 0 0 0 0 0 0 0 0 0 0 ' ,437 ,1 ,1, 1
294 ,579, 269, '191 259 209 245 207 204 225 223 215 196 263 206 145 138 114 175 ' ,'0 0 0 0 0 0 0 0 0 0 0 0 0 0 0 0 ' ,149 ,0 ,1, 0
354 ,284, 338, '202 181 197 214 229 266 243 215 220 323 289 212 188 163 155 165 ' ,'0 0 0 0 0 0 0 0 0 0 0 0 0 0 0 0 ' ,172 ,0 ,2, 1
272 ,345, 249, '173 217 186 223 176 178 243 183 204 193 230 192 113 132 126 153 ' ,'0 0 0 0 0 0 0 0 0 0 0 0 0 0 0 0 ' ,129 ,0 ,2, 1
266 ,259, 249, '193 198 233 194 185 192 201 205 170 204 160 236 136 155 125 134 ' ,'0 0 0 0 0 0 0 0 0 0 0 0 0 0 0 0 ' ,116 ,0 ,2, 2
401 ,257, 382, '238 245 198 172 369 247 223 187 215 212 200 255 178 123 145 139 ' ,'0 0 0 0 0 0 0 0 0 0 0 0 0 0 0 0 ' ,252 ,1 ,2, 2
330 ,390, 305, '177 213 193 142 142 262 191 207 227 291 175 147 134 152 151 188 ' ,'0 0 0 0 0 0 0 0 0 0 0 0 0 0 0 0 ' ,154 ,1 ,2, 2
260 ,321, 242, '231 178 200 180 180 203 171 208 185 162 228 185 140 149 182 225 ' ,'0 0 0 0 0 0 0 0 0 0 0 0 0 0 0 0 ' ,92 ,1 ,1, 1
299 ,250, 283, '147 248 271 162 158 141 251 244 173 223 214 223 119 195 166 239 ' ,'0 0 0 0 0 0 0 0 0 0 0 0 0 0 0 0 ' ,154 ,1 ,2, 1
256 ,290, 239, '151 190 192 152 142 157 224 170 129 179 198 121 141 154 134 119 ' ,'0 0 0 0 0 0 0 0 0 0 0 0 0 0 0 0 ' ,111 ,1 ,1, 1
239 ,246, 222, '108 135 157 143 174 147 153 173 180 209 164 152 143 120 138 130 ' ,'0 0 0 0 0 0 0 0 0 0 0 0 0 0 0 0 ' ,105 ,1 ,2, 2
214 ,229, 194, '170 179 162 166 158 151 187 158 147 154 161 148 104 98 129 126 ' ,'0 0 0 0 0 0 0 0 0 0 0 0 0 0 0 0 ' ,90 ,1 ,1, 1
248 ,206, 230, '179 202 220 141 156 178 188 184 150 172 196 207 133 168 101 144 ' ,'0 0 0 0 0 0 0 0 0 0 0 0 0 0 0 0 ' ,121 ,1 ,1, 1
219 ,238, 202, '139 171 178 136 138 143 161 165 169 152 165 146 101 192 111 135 ' ,'0 0 0 0 0 0 0 0 0 0 0 0 0 0 0 0 ' ,91 ,1 ,2, 2
268 ,209, 250, '145 202 139 182 189 140 237 132 150 162 183 186 127 137 153 106 ' ,'0 0 0 0 0 0 0 0 0 0 0 0 0 0 0 0 ' ,137 ,1 ,2, 2
220 ,255, 202, '129 179 153 182 179 171 183 158 167 188 172 167 137 130 172 116 ' ,'0 0 0 0 0 0 0 0 0 0 0 0 0 0 0 0 ' ,79 ,1 ,2, 1
330 ,210, 311, '183 153 181 149 137 164 240 195 298 226 150 212 126 209 118 117 ' ,'0 0 0 0 0 0 0 0 0 0 0 0 0 0 0 0 ' ,191 ,1 ,2, 2
311 ,321, 293, '174 221 180 147 168 202 214 194 215 199 281 207 141 189 155 201 ' ,'0 0 0 0 0 0 0 0 0 0 0 0 0 0 0 0 ' ,143 ,1 ,2, 1
310 ,301, 293, '157 193 209 280 225 215 234 178 178 190 241 180 227 159 149 170 ' ,'0 0 0 0 0 0 0 0 0 0 0 0 0 0 0 0 ' ,136 ,1 ,2, 2
268 ,302, 249, '207 202 199 148 202 204 240 212 225 178 200 223 118 189 125 147 ' ,'0 0 0 0 0 0 0 0 0 0 0 0 0 0 0 0 ' ,123 ,1 ,2, 2
300 ,259, 278, '177 186 191 230 180 165 215 247 267 254 187 266 109 173 210 163 ' ,'0 0 0 0 0 0 0 0 0 0 0 0 0 0 0 0 ' ,162 ,1 ,1, 1
280 ,291, 257, '175 187 206 203 162 201 162 171 178 157 150 234 141 130 116 122 ' ,'0 0 0 0 0 0 0 0 0 0 0 0 0 0 0 0 ' ,137 ,0 ,1, 1
278 ,272, 261, '164 177 171 173 224 174 166 163 194 182 248 199 113 113 157 168 ' ,'0 0 0 0 0 0 0 0 0 0 0 0 0 0 0 0 ' ,141 ,1 ,2, 2
329 ,269, 312, '301 179 172 197 142 206 205 230 224 189 160 130 146 124 149 139 ' ,'0 0 0 0 0 0 0 0 0 0 0 0 0 0 0 0 ' ,180 ,0 ,1, 1
233 ,321, 212, '191 142 165 202 127 143 202 140 205 168 160 154 134 128 158 111 ' ,'0 0 0 0 0 0 0 0 0 0 0 0 0 0 0 0 ' ,100 ,1 ,1, 1
244 ,224, 224, '179 184 196 216 184 156 149 166 166 169 169 160 168 131 147 106 ' ,'0 0 0 0 0 0 0 0 0 0 0 0 0 0 0 0 ' ,114 ,1 ,1, 1
238 ,233, 213, '159 185 148 209 158 138 187 154 197 154 155 155 115 159 137 140 ' ,'0 0 0 0 0 0 0 0 0 0 0 0 0 0 0 0 ' ,91 ,1 ,0, 0
229 ,227, 213, '146 204 182 156 143 163 152 186 150 157 130 151 156 103 105 146 ' ,'0 0 0 0 0 0 0 0 0 0 0 0 0 0 0 0 ' ,104 ,1 ,1, 1
241 ,223, 221, '124 158 165 169 147 165 183 210 142 143 193 164 94 124 128 136 ' ,'0 0 0 0 0 0 0 0 0 0 0 0 0 0 0 0 ' ,120 ,0 ,1, 1
247 ,233, 226, '186 168 202 218 190 144 134 212 175 162 171 175 173 137 185 161 ' ,'0 0 0 0 0 0 0 0 0 0 0 0 0 0 0 0 ' ,86 ,1 ,1, 1
449 ,238, 427, '182 252 223 419 285 220 198 237 200 206 196 211 133 108 136 161 ' ,'0 0 0 0 0 0 0 0 0 0 0 0 0 0 0 0 ' ,312 ,0 ,2, 2
293 ,440, 267, '152 190 164 265 169 230 166 227 181 212 210 170 116 127 159 186 ' ,'0 0 0 0 0 0 0 0 0 0 0 0 0 0 0 0 ' ,149 ,1 ,1, 1
428 ,284, 408, '203 265 185 187 162 398 246 196 236 183 219 220 138 143 134 148 ' ,'0 0 0 0 0 0 0 0 0 0 0 0 0 0 0 0 ' ,265 ,1 ,2, 2
263 ,417, 232, '236 231 210 192 151 226 169 194 199 190 185 172 166 204 167 166 ' ,'0 0 0 0 0 0 0 0 0 0 0 0 0 0 0 0 ' ,87 ,1 ,1, 1
338 ,255, 313, '227 205 267 281 181 239 272 256 208 259 195 225 159 165 301 206 ' ,'0 0 0 0 0 0 0 0 0 0 0 0 0 0 0 0 ' ,146 ,1 ,1, 1
300 ,327, 282, '259 177 213 209 187 236 197 230 201 271 171 167 183 145 145 185 ' ,'0 0 0 0 0 0 0 0 0 0 0 0 0 0 0 0 ' ,131 ,1 ,1, 1
230 ,292, 212, '198 174 192 127 184 189 157 202 163 172 197 180 155 148 140 191 ' ,'0 0 0 0 0 0 0 0 0 0 0 0 0 0 0 0 ' ,77 ,1 ,1, 1
268 ,219, 250, '205 161 205 183 222 223 207 199 165 159 241 164 149 147 146 236 ' ,'0 0 0 0 0 0 0 0 0 0 0 0 0 0 0 0 ' ,96 ,1 ,2, 2
245 ,259, 222, '182 178 160 176 156 171 156 164 211 197 167 193 113 125 177 164 ' ,'0 0 0 0 0 0 0 0 0 0 0 0 0 0 0 0 ' ,101 ,1 ,1, 1
285 ,236, 266, '165 149 171 173 126 256 182 176 167 146 175 163 123 200 87 130 ' ,'0 0 0 0 0 0 0 0 0 0 0 0 0 0 0 0 ' ,172 ,1 ,1, 1
244 ,275, 224, '131 154 141 189 208 181 138 177 173 183 144 208 112 110 116 114 ' ,'0 0 0 0 0 0 0 0 0 0 0 0 0 0 0 0 ' ,108 ,1 ,1, 1
230 ,235, 209, '161 175 200 187 125 151 156 162 180 163 184 176 151 129 125 156 ' ,'0 0 0 0 0 0 0 0 0 0 0 0 0 0 0 0 ' ,77 ,1 ,2, 2
292 ,218, 275, '250 169 178 154 165 226 183 156 185 184 264 250 107 152 101 214 ' ,'0 0 0 0 0 0 0 0 0 0 0 0 0 0 0 0 ' ,165 ,1 ,1, 1
288 ,282, 267, '208 194 204 170 165 206 191 169 255 232 175 243 174 128 118 143 ' ,'0 0 0 0 0 0 0 0 0 0 0 0 0 0 0 0 ' ,144 ,1 ,2, 2
340 ,280, 322, '196 264 242 237 245 182 210 212 232 310 206 271 135 100 149 208 ' ,'0 0 0 0 0 0 0 0 0 0 0 0 0 0 0 0 ' ,213 ,1 ,1, 1
266 ,331, 244, '171 196 182 233 205 159 195 157 209 228 191 234 197 155 154 179 ' ,'0 0 0 0 0 0 0 0 0 0 0 0 0 0 0 0 ' ,83 ,1 ,1, 1
323 ,255, 306, '239 191 222 181 224 292 221 190 241 205 274 191 140 164 135 117 ' ,'0 0 0 0 0 0 0 0 0 0 0 0 0 0 0 0 ' ,178 ,1 ,1, 1
346 ,314, 328, '229 171 233 234 169 238 268 192 268 244 313 227 138 142 122 287 ' ,'0 0 0 0 0 0 0 0 0 0 0 0 0 0 0 0 ' ,195 ,1 ,1, 1
335 ,337, 316, '186 204 251 207 218 284 241 260 302 258 170 216 151 243 138 181 ' ,'0 0 0 0 0 0 0 0 0 0 0 0 0 0 0 0 ' ,165 ,1 ,2, 2
291 ,325, 267, '240 210 203 181 191 240 222 240 217 241 260 199 123 206 182 186 ' ,'0 0 0 0 0 0 0 0 0 0 0 0 0 0 0 0 ' ,132 ,1 ,2, 2
280 ,280, 258, '167 198 238 155 241 158 221 225 249 224 226 177 215 179 172 145 ' ,'0 0 0 0 0 0 0 0 0 0 0 0 0 0 0 0 ' ,112 ,1 ,1, 1
278 ,270, 257, '230 205 224 152 244 190 165 216 246 182 222 187 211 194 148 166 ' ,'0 0 0 0 0 0 0 0 0 0 0 0 0 0 0 0 ' ,94 ,0 ,2, 2
334 ,269, 311, '215 189 175 139 156 172 189 210 248 213 304 165 169 135 139 150 ' ,'0 0 0 0 0 0 0 0 0 0 0 0 0 0 0 0 ' ,174 ,1 ,2, 2
295 ,324, 275, '211 170 195 172 141 180 193 262 170 207 157 180 135 176 154 172 ' ,'0 0 0 0 0 0 0 0 0 0 0 0 0 0 0 0 ' ,131 ,1 ,2, 2
254 ,286, 237, '190 195 180 227 157 221 152 151 161 156 197 165 147 119 113 151 ' ,'0 0 0 0 0 0 0 0 0 0 0 0 0 0 0 0 ' ,115 ,1 ,0, 0
232 ,245, 214, '146 205 204 185 140 155 192 173 169 173 133 164 149 150 136 110 ' ,'0 0 0 0 0 0 0 0 0 0 0 0 0 0 0 0 ' ,100 ,1 ,1, 1
312 ,225, 290, '150 215 178 174 143 219 214 210 231 278 228 142 121 121 122 132 ' ,'0 0 0 0 0 0 0 0 0 0 0 0 0 0 0 0 ' ,162 ,1 ,1, 1
235 ,300, 217, '162 163 160 155 154 157 209 170 184 133 183 145 123 131 142 129 ' ,'0 0 0 0 0 0 0 0 0 0 0 0 0 0 0 0 ' ,86 ,1 ,1, 1
231 ,227, 212, '171 166 160 186 164 193 204 164 173 158 177 198 143 119 107 130 ' ,'0 0 0 0 0 0 0 0 0 0 0 0 0 0 0 0 ' ,98 ,1 ,1, 1
277 ,223, 257, '170 205 141 139 192 180 209 246 198 167 216 139 111 139 126 202 ' ,'0 0 0 0 0 0 0 0 0 0 0 0 0 0 0 0 ' ,135 ,1 ,2, 2
301 ,266, 276, '225 201 245 247 216 176 168 267 184 263 187 254 137 138 146 151 ' ,'0 0 0 0 0 0 0 0 0 0 0 0 0 0 0 0 ' ,140 ,1 ,1, 1
269 ,292, 251, '204 240 196 159 139 153 225 193 199 218 184 162 147 109 132 160 ' ,'0 0 0 0 0 0 0 0 0 0 0 0 0 0 0 0 ' ,135 ,1 ,1, 1
357 ,262, 338, '220 273 210 259 146 224 218 201 279 207 202 180 151 134 138 331 ' ,'0 0 0 0 0 0 0 0 0 0 0 0 0 0 0 0 ' ,198 ,0 ,1, 1
270 ,348, 253, '235 242 197 163 191 194 205 211 188 187 206 184 220 138 120 208 ' ,'0 0 0 0 0 0 0 0 0 0 0 0 0 0 0 0 ' ,124 ,1 ,2, 2
254 ,262, 229, '201 191 178 144 170 187 203 207 173 199 168 215 181 141 115 133 ' ,'0 0 0 0 0 0 0 0 0 0 0 0 0 0 0 0 ' ,105 ,1 ,2, 2
265 ,244, 246, '184 149 189 162 186 141 183 237 215 229 163 182 152 161 164 145 ' ,'0 0 0 0 0 0 0 0 0 0 0 0 0 0 0 0 ' ,99 ,1 ,1, 1
292 ,256, 274, '162 191 156 173 175 262 240 145 165 158 183 178 130 148 119 106 ' ,'0 0 0 0 0 0 0 0 0 0 0 0 0 0 0 0 ' ,162 ,1 ,2, 2
254 ,283, 237, '192 150 160 194 130 175 170 200 149 148 174 158 134 227 132 146 ' ,'0 0 0 0 0 0 0 0 0 0 0 0 0 0 0 0 ' ,97 ,1 ,2, 2
216 ,246, 196, '141 151 157 167 152 144 163 178 187 156 141 165 124 149 86 121 ' ,'0 0 0 0 0 0 0 0 0 0 0 0 0 0 0 0 ' ,102 ,1 ,2, 2
228 ,204, 205, '167 179 171 172 178 150 180 194 160 152 147 143 145 163 92 122 ' ,'0 0 0 0 0 0 0 0 0 0 0 0 0 0 0 0 ' ,105 ,0 ,1, 1
251 ,214, 229, '132 169 170 163 182 135 166 153 183 134 168 218 128 165 119 113 ' ,'0 0 0 0 0 0 0 0 0 0 0 0 0 0 0 0 ' ,117 ,2 ,1, 1
221 ,242, 200, '144 192 147 167 143 156 195 183 137 124 175 127 118 119 86 150 ' ,'0 0 0 0 0 0 0 0 0 0 0 0 0 0 0 0 ' ,107 ,1 ,2, 2
210 ,212, 194, '157 170 138 185 135 182 125 165 170 143 174 151 116 118 112 154 ' ,'0 0 0 0 0 0 0 0 0 0 0 0 0 0 0 0 ' ,73 ,1 ,1, 1
216 ,201, 199, '131 164 135 154 136 137 154 183 188 167 149 162 98 115 116 145 ' ,'0 0 0 0 0 0 0 0 0 0 0 0 0 0 0 0 ' ,94 ,1 ,1, 1
233 ,208, 212, '163 140 176 177 161 146 150 140 200 142 197 148 111 115 114 108 ' ,'0 0 0 0 0 0 0 0 0 0 0 0 0 0 0 0 ' ,100 ,2 ,1, 1
217 ,222, 195, '183 182 121 167 172 134 170 168 154 155 149 133 131 132 127 101 ' ,'0 0 0 0 0 0 0 0 0 0 0 0 0 0 0 0 ' ,90 ,1 ,1, 1
235 ,210, 211, '147 157 132 143 162 163 190 126 127 138 176 181 125 127 116 119 ' ,'0 0 0 0 0 0 0 0 0 0 0 0 0 0 0 0 ' ,90 ,0 ,1, 1
249 ,222, 230, '220 166 137 147 179 183 142 160 143 146 175 156 166 128 97 172 ' ,'0 0 0 0 0 0 0 0 0 0 0 0 0 0 0 0 ' ,124 ,1 ,2, 2
329 ,238, 309, '177 199 279 171 195 191 221 226 299 266 169 234 149 106 111 164 ' ,'0 0 0 0 0 0 0 0 0 0 0 0 0 0 0 0 ' ,196 ,1 ,1, 1
313 ,319, 291, '161 231 211 238 146 211 183 262 260 240 201 279 145 201 138 177 ' ,'0 0 0 0 0 0 0 0 0 0 0 0 0 0 0 0 ' ,146 ,1 ,1, 1
314 ,305, 296, '228 181 246 207 249 183 234 284 198 250 203 261 156 144 170 153 ' ,'0 0 0 0 0 0 0 0 0 0 0 0 0 0 0 0 ' ,145 ,1 ,1, 1
326 ,303, 304, '268 176 171 196 164 150 293 196 246 224 162 227 153 192 164 155 ' ,'0 0 0 0 0 0 0 0 0 0 0 0 0 0 0 0 ' ,144 ,1 ,2, 2
331 ,314, 315, '240 209 132 301 169 270 241 215 229 226 229 175 152 175 173 167 ' ,'0 0 0 0 0 0 0 0 0 0 0 0 0 0 0 0 ' ,172 ,1 ,3, 2
345 ,321, 327, '200 194 205 176 209 193 257 311 161 224 146 209 132 132 180 124 ' ,'0 0 0 0 0 0 0 0 0 0 0 0 0 0 0 0 ' ,194 ,1 ,2, 1
288 ,336, 272, '194 194 233 226 139 184 261 211 211 175 181 205 177 155 170 156 ' ,'0 0 0 0 0 0 0 0 0 0 0 0 0 0 0 0 ' ,122 ,1 ,2, 2
241 ,278, 224, '171 161 138 213 186 151 175 152 176 195 194 189 130 113 164 115 ' ,'0 0 0 0 0 0 0 0 0 0 0 0 0 0 0 0 ' ,102 ,1 ,1, 1
255 ,230, 232, '170 152 133 173 190 177 224 194 177 182 191 173 161 125 84 148 ' ,'0 0 0 0 0 0 0 0 0 0 0 0 0 0 0 0 ' ,141 ,1 ,2, 1
248 ,245, 230, '166 129 158 164 154 173 219 188 184 169 196 178 161 106 132 151 ' ,'0 0 0 0 0 0 0 0 0 0 0 0 0 0 0 0 ' ,109 ,1 ,2, 1
225 ,240, 208, '144 178 139 121 156 142 196 154 162 162 159 155 162 127 93 124 ' ,'0 0 0 0 0 0 0 0 0 0 0 0 0 0 0 0 ' ,106 ,1 ,1, 1
383 ,215, 294, '159 167 174 163 157 171 157 176 160 138 155 288 128 123 115 122 ' ,'0 0 0 0 0 0 0 0 0 0 0 115 0 0 0 117555 ' ,177 ,1 ,1, 1
439 ,314, 420, '175 156 341 174 216 198 174 202 230 200 169 159 201 107 149 133 ' ,'0 0 145 0 104677 0 0 0 0 0 0 0 0 0 0 0 ' ,237 ,1 ,1, 1
272 ,427, 254, '215 222 210 216 221 219 222 180 167 239 241 193 146 157 148 121 ' ,'0 0 0 0 0 0 0 0 0 0 0 0 0 0 0 0 ' ,127 ,0 ,1, 1
343 ,263, 325, '220 178 178 313 189 269 161 193 167 183 262 188 139 125 135 199 ' ,'0 0 0 0 0 0 0 0 0 0 0 0 0 0 0 0 ' ,192 ,1 ,2, 2
282 ,335, 259, '213 244 173 198 208 203 244 225 202 188 203 238 187 131 185 120 ' ,'0 0 0 0 0 0 0 0 0 0 0 0 0 0 0 0 ' ,130 ,1 ,2, 1
322 ,264, 306, '231 218 146 222 161 241 235 230 194 165 191 266 179 190 120 158 ' ,'0 0 0 0 0 0 0 0 0 0 0 0 0 0 0 0 ' ,174 ,1 ,1, 1
334 ,313, 318, '222 276 303 154 241 269 252 217 203 219 232 278 221 150 204 171 ' ,'0 0 0 0 0 0 0 0 0 0 0 0 0 0 0 0 ' ,158 ,2 ,1, 1
333 ,324, 316, '303 163 219 164 180 217 161 250 192 206 226 217 129 157 172 119 ' ,'0 0 0 0 0 0 0 0 0 0 0 0 0 0 0 0 ' ,188 ,1 ,2, 2
421 ,322, 405, '194 183 172 180 158 232 197 158 203 238 390 164 128 131 128 166 ' ,'0 0 0 0 0 0 0 0 0 0 0 0 0 0 0 0 ' ,266 ,2 ,2, 2
241 ,411, 222, '131 206 161 192 129 209 188 184 144 156 194 167 112 134 151 116 ' ,'0 0 0 0 0 0 0 0 0 0 0 0 0 0 0 0 ' ,103 ,1 ,2, 2
260 ,231, 243, '165 201 168 226 154 188 177 169 230 179 197 169 166 128 144 95 ' ,'0 0 0 0 0 0 0 0 0 0 0 0 0 0 0 0 ' ,139 ,1 ,1, 1
262 ,249, 247, '137 179 187 165 231 163 167 203 140 214 232 178 152 150 158 145 ' ,'0 0 0 0 0 0 0 0 0 0 0 0 0 0 0 0 ' ,99 ,1 ,1, 1
222 ,253, 195, '143 140 168 151 190 151 182 177 154 147 155 152 142 142 130 96 ' ,'0 0 0 0 0 0 0 0 0 0 0 0 0 0 0 0 ' ,99 ,1 ,1, 1
256 ,211, 235, '207 189 151 189 147 214 159 151 153 134 222 136 122 95 88 144 ' ,'0 0 0 0 0 0 0 0 0 0 0 0 0 0 0 0 ' ,137 ,1 ,2, 1
253 ,241, 237, '133 196 191 155 150 198 152 173 228 156 166 126 141 178 119 107 ' ,'0 0 0 0 0 0 0 0 0 0 0 0 0 0 0 0 ' ,123 ,1 ,2, 2
226 ,244, 212, '149 156 137 179 183 142 139 148 147 134 197 149 125 148 130 87 ' ,'0 0 0 0 0 0 0 0 0 0 0 0 0 0 0 0 ' ,117 ,1 ,1, 1
248 ,219, 229, '144 189 190 148 192 172 142 169 179 216 143 184 145 105 131 122 ' ,'0 0 0 0 0 0 0 0 0 0 0 0 0 0 0 0 ' ,115 ,1 ,1, 1
245 ,235, 230, '152 184 164 146 157 166 165 215 155 173 183 165 145 157 147 129 ' ,'0 0 0 0 0 0 0 0 0 0 0 0 0 0 0 0 ' ,93 ,2 ,2, 2
265 ,358, 249, '202 197 194 149 194 180 208 182 206 190 229 237 161 186 107 124 ' ,'0 0 0 0 0 0 0 0 0 0 0 0 0 0 0 0 ' ,133 ,1 ,1, 1
327 ,257, 309, '192 295 170 193 181 177 192 203 194 193 174 191 274 166 107 150 ' ,'0 0 0 0 0 0 0 0 0 0 0 0 0 0 0 0 ' ,191 ,2 ,2, 2
354 ,315, 336, '222 233 324 190 163 168 273 265 209 223 217 235 158 142 115 145 ' ,'0 0 0 0 0 0 0 0 0 0 0 0 0 0 0 0 ' ,213 ,1 ,2, 2
317 ,345, 300, '160 229 223 202 168 172 199 264 195 181 273 288 132 160 154 132 ' ,'0 0 0 0 0 0 0 0 0 0 0 0 0 0 0 0 ' ,160 ,2 ,2, 2
323 ,308, 299, '199 226 186 165 123 195 187 244 203 205 246 178 112 290 137 169 ' ,'0 0 0 0 0 0 0 0 0 0 0 0 0 0 0 0 ' ,179 ,1 ,2, 2
296 ,307, 274, '238 268 196 224 253 261 194 207 226 190 181 246 137 206 104 195 ' ,'0 0 0 0 0 0 0 0 0 0 0 0 0 0 0 0 ' ,165 ,1 ,1, 1
335 ,288, 318, '199 206 188 152 193 226 218 303 262 206 259 212 243 189 138 141 ' ,'0 0 0 0 0 0 0 0 0 0 0 0 0 0 0 0 ' ,171 ,0 ,2, 2
311 ,325, 287, '191 252 206 204 258 219 274 188 172 179 225 218 128 140 156 130 ' ,'0 0 0 0 0 0 0 0 0 0 0 0 0 0 0 0 ' ,148 ,1 ,3, 2
303 ,303, 283, '203 223 211 229 228 219 209 231 192 268 208 180 149 138 168 129 ' ,'0 0 0 0 0 0 0 0 0 0 0 0 0 0 0 0 ' ,152 ,1 ,2, 2
317 ,295, 298, '201 192 189 170 172 231 204 204 198 199 234 283 214 161 124 148 ' ,'0 0 0 0 0 0 0 0 0 0 0 0 0 0 0 0 ' ,164 ,1 ,2, 1
261 ,307, 245, '232 209 182 144 163 196 190 170 185 183 205 193 147 120 133 232 ' ,'0 0 0 0 0 0 0 0 0 0 0 0 0 0 0 0 ' ,116 ,1 ,2, 2
283 ,251, 267, '136 255 172 147 136 184 217 163 185 191 163 236 217 143 129 134 ' ,'0 0 0 0 0 0 0 0 0 0 0 0 0 0 0 0 ' ,128 ,1 ,2, 2
229 ,272, 214, '169 160 186 149 162 172 201 139 192 129 155 153 160 135 121 135 ' ,'0 0 0 0 0 0 0 0 0 0 0 0 0 0 0 0 ' ,83 ,1 ,2, 1
250 ,219, 235, '161 181 147 156 218 138 180 164 194 145 219 162 158 168 127 132 ' ,'0 0 0 0 0 0 0 0 0 0 0 0 0 0 0 0 ' ,97 ,2 ,2, 1
239 ,241, 223, '146 190 180 148 150 139 158 186 175 209 186 129 107 156 138 120 ' ,'0 0 0 0 0 0 0 0 0 0 0 0 0 0 0 0 ' ,105 ,1 ,1, 1
243 ,229, 226, '154 204 195 145 162 163 155 207 140 155 178 167 118 171 112 131 ' ,'0 0 0 0 0 0 0 0 0 0 0 0 0 0 0 0 ' ,100 ,2 ,2, 2
