540 ,0, 372, '72 58 66 50 43 66 63 52 56 45 65 72 ' ,'0 0 0 0 0 0 0 0 0 0 0 0 ' ,278 ,7 ,11, 11
480 ,431, 452, '389 346 291 287 326 364 391 280 272 278 431 261 ' ,'0 0 0 0 0 0 0 0 0 0 0 0 ' ,173 ,2 ,5, 5
451 ,465, 420, '387 380 337 332 323 348 358 328 324 203 344 341 ' ,'175 167 150 146 0 142 157 137 132 0 151 156 ' ,196 ,19 ,3, 3
389 ,434, 362, '176 172 177 174 155 157 148 169 163 335 167 155 ' ,'0 0 0 0 0 0 0 0 0 165 0 0 ' ,197 ,3 ,5, 5
238 ,376, 215, '187 193 189 170 161 168 162 157 152 190 174 175 ' ,'0 0 0 0 0 0 0 0 0 0 0 0 ' ,49 ,5 ,5, 5
349 ,230, 323, '304 279 191 275 170 195 188 186 185 175 280 172 ' ,'89 81 0 92 0 0 0 0 0 0 90 0 ' ,135 ,3 ,4, 4
344 ,337, 321, '191 208 294 188 258 271 253 268 249 291 201 280 ' ,'0 0 80 0 86 94 88 80 89 97 0 87 ' ,117 ,3 ,5, 5
251 ,335, 224, '185 191 205 190 165 167 167 173 157 168 165 164 ' ,'0 0 0 0 0 0 0 0 0 0 0 0 ' ,50 ,3 ,5, 5
316 ,234, 294, '272 238 180 225 163 186 197 171 163 166 212 175 ' ,'45 46 0 34 0 0 0 0 0 0 34 0 ' ,118 ,3 ,5, 5
271 ,311, 238, '181 174 196 179 214 204 218 181 184 208 194 221 ' ,'0 0 51 0 47 34 55 25 31 37 0 52 ' ,52 ,4 ,3, 3
331 ,255, 306, '190 178 167 181 153 165 160 152 156 164 184 160 ' ,'19 12 0 18 0 0 0 0 0 0 18 0 ' ,58 ,5 ,80, 3
288 ,548, 263, '167 171 172 176 138 137 191 149 154 242 138 168 ' ,'0 0 23 0 0 0 32 0 17 89 0 31 ' ,113 ,4 ,2, 2
278 ,278, 255, '214 229 182 160 202 192 137 166 141 164 245 183 ' ,'0 19 0 0 24 28 0 20 0 0 48 0 ' ,108 ,1 ,2, 2
360 ,271, 331, '218 166 204 217 153 166 140 161 171 152 160 154 ' ,'35 0 21 33 0 0 0 0 0 0 0 0 ' ,90 ,1 ,90, 3
376 ,450, 344, '181 180 175 179 158 187 190 172 186 322 277 238 ' ,'0 0 0 0 0 0 0 0 32 0 71 79 ' ,168 ,1 ,5, 5
264 ,360, 241, '205 216 218 190 194 189 205 197 166 180 201 188 ' ,'0 21 0 0 25 21 24 34 0 0 0 0 ' ,56 ,2 ,3, 3
307 ,248, 283, '210 202 200 270 163 166 171 182 175 173 212 171 ' ,'19 0 13 82 0 0 0 0 0 0 0 0 ' ,105 ,1 ,5, 5
240 ,297, 215, '194 194 191 187 184 179 171 178 168 184 201 166 ' ,'0 0 0 0 0 0 0 0 0 0 16 0 ' ,37 ,1 ,5, 5
282 ,225, 257, '201 235 212 186 172 188 221 235 225 189 182 244 ' ,'0 30 0 0 0 19 21 70 61 24 0 71 ' ,63 ,1 ,4, 4
247 ,268, 224, '212 189 210 213 191 166 163 176 172 164 192 161 ' ,'24 0 10 20 23 0 0 0 0 0 12 0 ' ,53 ,0 ,4, 4
246 ,241, 223, '207 195 195 194 169 172 165 166 175 176 191 174 ' ,'0 0 0 0 0 0 0 0 0 0 0 0 ' ,45 ,2 ,6, 6
266 ,236, 241, '227 227 191 213 207 189 195 189 186 184 224 208 ' ,'22 24 0 14 14 10 19 7 7 13 0 9 ' ,41 ,2 ,5, 5
258 ,253, 229, '193 185 203 196 170 176 173 173 162 175 214 161 ' ,'0 0 12 0 0 0 0 0 0 0 22 0 ' ,56 ,2 ,6, 6
243 ,237, 218, '184 207 182 186 170 164 168 154 172 177 175 186 ' ,'0 9 0 0 0 0 0 0 9 12 0 9 ' ,54 ,1 ,2, 2
256 ,236, 230, '217 193 219 202 175 181 184 189 162 179 198 178 ' ,'25 0 7 7 9 7 10 8 0 0 12 0 ' ,59 ,1 ,3, 3
240 ,247, 212, '189 198 195 191 172 172 171 163 166 178 178 157 ' ,'0 6 0 6 0 0 0 0 0 0 8 0 ' ,41 ,1 ,5, 5
236 ,222, 209, '176 179 191 181 180 169 176 165 157 184 192 165 ' ,'0 0 5 0 6 10 7 4 8 12 0 7 ' ,41 ,1 ,5, 5
224 ,222, 201, '181 183 167 170 145 156 157 164 149 177 173 158 ' ,'7 6 0 8 0 0 0 0 0 0 8 0 ' ,42 ,1 ,3, 2
222 ,212, 203, '167 185 182 163 178 184 167 174 174 163 157 173 ' ,'0 0 6 0 6 13 10 5 8 9 0 6 ' ,32 ,1 ,6, 6
592 ,214, 207, '194 174 174 166 163 163 154 169 150 158 172 151 ' ,'0 0 0 0 0 0 0 0 0 0 9 0 ' ,48 ,1 ,5, 5
253 ,582, 230, '199 195 183 215 160 157 166 160 164 164 164 182 ' ,'11 7 6 9 0 0 0 0 10 0 0 9 ' ,60 ,1 ,5, 5
244 ,240, 219, '187 196 209 197 177 182 172 170 160 189 192 156 ' ,'0 0 0 0 7 9 9 6 0 9 8 0 ' ,54 ,1 ,2, 2
231 ,235, 205, '189 186 189 183 173 168 161 185 168 157 184 162 ' ,'0 0 0 0 0 0 0 0 0 0 0 0 ' ,29 ,1 ,5, 5
264 ,215, 235, '200 211 217 221 169 185 185 181 188 187 220 175 ' ,'9 12 0 15 0 0 0 0 0 0 0 0 ' ,47 ,2 ,5, 5
267 ,248, 241, '200 208 199 203 199 198 167 197 191 211 208 182 ' ,'0 0 0 0 7 13 0 6 10 14 8 4 ' ,59 ,2 ,5, 5
479 ,249, 459, '206 213 207 213 181 188 189 197 170 183 189 178 ' ,'0 0 6 0 0 0 15 0 0 0 0 0 ' ,48 ,1 ,237, 2
268 ,470, 240, '214 217 227 210 175 189 190 194 171 192 213 197 ' ,'11 13 0 12 0 0 0 20 0 0 8 0 ' ,57 ,1 ,5, 5
296 ,250, 273, '221 221 245 212 249 204 200 194 207 234 218 190 ' ,'0 0 37 0 76 17 14 0 12 35 0 5 ' ,67 ,1 ,6, 6
285 ,280, 262, '246 238 203 242 187 197 190 191 185 197 227 194 ' ,'11 14 0 19 0 0 0 0 0 0 18 0 ' ,64 ,2 ,6, 6
314 ,273, 289, '217 206 216 222 266 194 179 227 209 185 205 182 ' ,'0 0 0 0 85 0 0 44 30 0 0 5 ' ,100 ,1 ,5, 5
416 ,300, 394, '243 220 357 212 190 203 211 189 191 230 216 183 ' ,'6 10 155 7 0 7 17 0 0 39 10 0 ' ,193 ,22 ,7, 6
243 ,403, 220, '206 200 200 202 169 185 180 185 174 179 199 172 ' ,'0 0 0 0 0 0 0 4 0 0 0 0 ' ,36 ,1 ,4, 4
264 ,235, 231, '222 205 197 194 192 205 189 189 187 175 196 182 ' ,'5 10 5 9 6 7 11 0 9 10 5 3 ' ,40 ,2 ,3, 3
258 ,247, 234, '203 192 219 187 167 175 168 176 157 165 205 171 ' ,'0 0 0 0 0 0 0 4 0 0 6 0 ' ,62 ,2 ,5, 5
262 ,246, 237, '206 221 212 198 203 184 180 176 187 183 212 182 ' ,'4 9 5 5 17 7 6 0 10 14 0 5 ' ,48 ,1 ,4, 4
244 ,250, 217, '198 190 186 182 148 157 163 181 154 151 181 164 ' ,'0 0 4 0 0 0 0 5 0 0 6 0 ' ,46 ,1 ,4, 4
240 ,230, 215, '205 195 173 200 175 173 165 176 202 187 175 179 ' ,'4 10 0 6 11 8 0 0 14 18 0 10 ' ,42 ,1 ,3, 3
251 ,228, 226, '217 198 204 196 178 180 185 181 158 177 177 174 ' ,'0 0 4 0 0 0 12 6 0 0 0 0 ' ,59 ,1 ,2, 2
254 ,237, 224, '207 210 194 209 191 169 176 162 185 192 187 192 ' ,'5 16 0 9 7 0 0 0 11 16 9 10 ' ,50 ,1 ,4, 4
233 ,236, 208, '193 191 194 190 159 179 178 179 153 157 196 170 ' ,'0 0 0 0 0 13 7 0 0 0 0 0 ' ,47 ,2 ,2, 2
241 ,221, 218, '194 199 204 199 178 169 167 188 180 178 188 176 ' ,'0 0 4 12 0 0 0 5 0 0 0 0 ' ,38 ,2 ,6, 6
259 ,231, 235, '223 210 215 222 191 188 185 176 183 174 197 182 ' ,'12 9 0 0 0 0 0 0 10 0 10 10 ' ,48 ,1 ,5, 5
255 ,247, 231, '208 218 205 200 200 199 185 190 185 220 190 200 ' ,'0 0 5 0 6 15 4 0 0 18 0 0 ' ,38 ,1 ,5, 5
266 ,241, 247, '235 217 204 208 171 203 191 186 188 187 226 202 ' ,'11 0 0 8 0 0 0 4 0 0 6 0 ' ,65 ,2 ,4, 4
253 ,257, 236, '206 222 206 210 183 187 179 183 203 190 187 196 ' ,'0 9 0 0 0 0 0 0 7 0 0 4 ' ,44 ,1 ,4, 4
258 ,245, 241, '231 226 218 224 207 201 206 192 177 210 210 205 ' ,'0 0 4 0 6 6 4 0 0 15 0 0 ' ,51 ,1 ,4, 4
260 ,250, 235, '212 218 218 208 200 197 177 201 184 179 220 184 ' ,'6 0 0 5 0 0 0 5 0 0 0 0 ' ,47 ,1 ,6, 6
266 ,246, 249, '213 226 236 212 203 222 188 188 187 182 218 195 ' ,'0 9 0 0 0 0 0 0 5 0 7 4 ' ,55 ,1 ,4, 4
246 ,261, 229, '202 202 217 214 204 200 177 195 183 188 213 176 ' ,'0 0 8 0 6 8 0 0 0 7 0 0 ' ,42 ,1 ,2, 2
259 ,237, 242, '210 230 202 185 170 192 184 196 167 163 212 186 ' ,'6 0 0 8 0 0 6 3 0 0 5 0 ' ,67 ,0 ,5, 5
232 ,250, 213, '204 202 185 190 176 160 176 171 165 167 175 166 ' ,'0 15 4 0 5 0 0 0 7 0 0 7 ' ,41 ,2 ,2, 2
270 ,227, 252, '237 209 230 190 185 176 191 172 175 184 210 179 ' ,'8 0 0 6 0 0 7 6 0 12 12 0 ' ,68 ,2 ,5, 5
227 ,260, 209, '199 200 199 195 181 187 175 176 174 183 177 178 ' ,'9 0 10 7 4 0 0 0 9 0 0 8 ' ,29 ,1 ,3, 3
258 ,220, 242, '204 229 192 195 162 193 189 193 170 187 212 181 ' ,'0 8 6 0 0 0 11 11 0 9 11 0 ' ,68 ,1 ,5, 5
242 ,249, 216, '202 196 212 205 197 168 183 161 169 165 207 178 ' ,'5 0 0 7 4 0 0 0 5 0 8 7 ' ,44 ,1 ,4, 4
281 ,236, 256, '221 245 205 186 168 173 244 181 174 195 204 226 ' ,'0 5 5 0 0 6 9 10 0 8 0 0 ' ,74 ,0 ,4, 4
256 ,274, 231, '205 199 198 213 208 199 186 193 183 187 198 172 ' ,'5 0 0 5 5 0 0 0 5 0 8 5 ' ,45 ,1 ,5, 5
247 ,245, 224, '195 213 188 191 170 169 179 186 162 181 198 174 ' ,'0 4 5 0 0 7 7 6 0 8 0 0 ' ,54 ,1 ,2, 2
228 ,239, 204, '192 188 191 190 172 189 168 158 167 183 186 168 ' ,'4 0 0 0 0 0 0 0 0 0 6 4 ' ,37 ,1 ,2, 2
265 ,218, 239, '203 216 193 226 180 198 192 182 183 175 190 169 ' ,'0 0 0 4 5 0 0 0 8 0 0 0 ' ,57 ,1 ,5, 5
272 ,251, 251, '236 205 208 204 181 186 180 173 169 213 199 182 ' ,'0 5 5 0 0 10 8 6 0 8 6 0 ' ,72 ,1 ,5, 5
253 ,266, 228, '202 209 214 206 199 184 186 186 178 172 215 197 ' ,'6 0 0 6 0 0 0 0 0 0 0 7 ' ,41 ,1 ,4, 4
257 ,240, 231, '205 186 211 211 209 180 176 163 185 170 208 186 ' ,'0 0 10 0 6 0 0 0 14 0 6 0 ' ,56 ,1 ,6, 6
258 ,239, 230, '216 208 206 203 200 186 197 172 176 184 189 180 ' ,'10 9 0 0 0 10 10 6 0 7 0 0 ' ,47 ,1 ,5, 5
255 ,241, 227, '200 214 191 187 191 180 175 169 169 166 188 170 ' ,'0 7 5 0 7 0 0 0 7 0 4 8 ' ,46 ,1 ,4, 4
277 ,240, 246, '228 203 190 208 173 231 205 184 167 175 228 184 ' ,'6 0 0 7 0 10 4 5 0 12 4 0 ' ,68 ,1 ,6, 6
246 ,259, 223, '190 194 195 209 174 163 182 164 178 181 191 183 ' ,'0 4 4 0 3 0 0 0 6 0 0 10 ' ,47 ,1 ,5, 5
258 ,235, 232, '218 214 217 197 166 182 191 179 165 183 198 178 ' ,'4 0 0 5 0 9 3 8 0 11 4 0 ' ,56 ,0 ,4, 4
243 ,247, 220, '204 209 203 202 171 184 190 167 168 182 196 184 ' ,'0 5 4 0 6 0 0 0 4 0 4 5 ' ,41 ,0 ,5, 5
259 ,230, 237, '200 226 194 206 170 186 201 198 177 179 213 185 ' ,'3 0 0 3 0 6 3 5 0 12 0 0 ' ,50 ,2 ,4, 4
363 ,249, 340, '201 195 182 178 169 179 161 185 171 171 192 172 ' ,'0 5 3 0 5 0 0 0 0 0 5 3 ' ,162 ,3 ,4, 4
245 ,349, 220, '203 204 198 208 171 199 187 175 179 187 193 177 ' ,'6 0 0 6 0 0 5 4 5 9 0 0 ' ,33 ,1 ,4, 4
235 ,232, 212, '198 198 195 192 179 176 179 174 167 188 192 178 ' ,'0 5 4 0 4 5 0 0 0 0 5 5 ' ,37 ,1 ,2, 2
250 ,225, 224, '213 196 196 212 164 166 178 187 184 164 187 179 ' ,'7 0 0 5 0 0 0 0 6 0 0 0 ' ,50 ,1 ,2, 2
262 ,240, 235, '220 190 195 206 186 191 173 198 179 204 208 179 ' ,'0 0 6 0 0 5 4 6 0 6 4 0 ' ,51 ,1 ,4, 4
261 ,248, 236, '219 210 190 193 186 188 189 181 182 194 196 200 ' ,'0 5 0 0 4 0 0 0 0 0 0 5 ' ,40 ,1 ,3, 3
275 ,246, 245, '210 205 196 230 177 183 182 187 190 172 229 186 ' ,'7 0 0 5 0 0 0 0 10 0 6 0 ' ,51 ,1 ,5, 5
332 ,257, 307, '218 209 219 199 184 174 195 199 177 181 206 182 ' ,'0 0 5 0 0 0 4 6 0 7 0 0 ' ,53 ,2 ,69, 3
282 ,509, 256, '238 204 195 206 161 172 171 155 165 154 220 166 ' ,'42 17 0 14 8 0 0 0 0 0 10 0 ' ,85 ,1 ,5, 5
280 ,266, 250, '217 175 201 206 173 180 187 193 200 206 237 175 ' ,'0 0 4 0 0 0 20 23 42 39 46 0 ' ,67 ,1 ,4, 4
445 ,262, 419, '304 253 205 238 183 224 191 171 183 176 194 404 ' ,'101 72 0 39 11 12 0 0 0 0 0 242 ' ,236 ,1 ,2, 2
373 ,430, 346, '193 218 196 186 191 186 249 257 328 235 199 189 ' ,'5 24 6 0 0 0 69 74 164 66 20 4 ' ,147 ,1 ,3, 3
255 ,354, 225, '208 189 179 210 167 194 170 179 185 175 208 169 ' ,'0 0 0 10 6 22 0 0 0 0 12 0 ' ,44 ,1 ,4, 4
248 ,238, 218, '195 207 201 180 163 180 188 189 175 179 180 179 ' ,'4 12 5 0 0 0 7 10 10 4 0 4 ' ,34 ,1 ,3, 3
253 ,231, 227, '209 178 188 197 169 188 184 178 163 175 195 177 ' ,'0 0 5 7 7 13 0 0 0 0 7 0 ' ,49 ,3 ,3, 3
250 ,235, 217, '201 206 187 169 175 172 172 184 180 166 196 174 ' ,'5 13 0 0 0 0 8 9 8 6 0 4 ' ,41 ,2 ,3, 3
254 ,232, 220, '204 187 203 198 186 193 167 181 164 173 198 173 ' ,'0 0 5 5 5 8 0 0 0 0 10 0 ' ,47 ,1 ,4, 4
259 ,236, 232, '217 216 183 197 182 169 182 191 189 196 183 189 ' ,'5 17 0 0 0 0 11 15 8 0 0 0 ' ,49 ,1 ,5, 5
249 ,242, 216, '201 187 204 194 183 161 177 154 176 184 178 175 ' ,'0 0 0 13 6 0 0 0 0 7 0 4 ' ,51 ,1 ,3, 3
254 ,231, 224, '208 206 193 189 185 207 175 171 184 181 190 176 ' ,'4 0 0 0 0 10 0 0 0 0 0 0 ' ,38 ,1 ,8, 5
286 ,238, 257, '219 246 214 209 190 201 238 194 192 188 216 200 ' ,'0 31 0 0 0 0 18 16 9 0 22 0 ' ,55 ,1 ,5, 5
273 ,278, 247, '212 203 217 233 208 204 174 186 195 199 200 186 ' ,'0 0 4 21 6 0 0 0 0 7 0 4 ' ,61 ,1 ,3, 3
297 ,256, 270, '254 215 208 209 194 221 189 182 172 184 233 184 ' ,'7 0 0 0 0 11 0 0 0 0 25 0 ' ,83 ,1 ,5, 5
277 ,280, 245, '217 233 213 208 210 206 228 190 179 195 190 214 ' ,'0 18 0 0 0 0 20 16 6 0 0 0 ' ,55 ,1 ,5, 5
285 ,263, 254, '236 205 209 216 221 189 186 187 188 189 210 196 ' ,'5 0 5 11 6 0 0 0 0 8 11 0 ' ,53 ,1 ,5, 5
264 ,267, 238, '223 215 213 205 207 191 194 176 174 178 203 199 ' ,'0 9 0 0 0 9 0 0 0 0 0 0 ' ,54 ,1 ,3, 3
266 ,248, 238, '217 212 221 212 197 182 200 198 196 184 211 185 ' ,'4 0 4 10 5 0 15 6 6 5 11 6 ' ,42 ,1 ,5, 5
261 ,249, 230, '219 189 196 198 175 199 172 186 161 167 201 181 ' ,'0 6 0 0 0 14 0 0 0 0 6 0 ' ,62 ,1 ,2, 2
265 ,243, 239, '215 200 224 206 195 187 196 171 201 183 196 194 ' ,'5 0 5 9 8 0 9 6 4 6 0 4 ' ,56 ,1 ,3, 3
245 ,249, 220, '203 205 200 183 176 174 184 172 179 183 196 190 ' ,'0 8 0 0 0 8 0 0 0 0 11 0 ' ,34 ,1 ,3, 3
268 ,228, 243, '225 201 219 218 188 181 209 178 203 184 221 189 ' ,'5 0 5 6 4 0 5 6 3 6 5 4 ' ,50 ,2 ,4, 4
256 ,251, 232, '214 182 209 185 179 175 164 160 157 171 200 168 ' ,'5 0 5 0 0 5 0 0 0 0 0 0 ' ,56 ,1 ,5, 5
253 ,239, 229, '200 207 199 183 185 184 190 165 190 195 187 184 ' ,'0 5 0 0 3 0 5 5 3 6 9 5 ' ,49 ,2 ,4, 4
260 ,239, 230, '211 188 198 220 180 176 176 177 160 168 203 167 ' ,'4 0 5 9 0 3 0 0 0 0 4 0 ' ,61 ,2 ,5, 5
252 ,244, 221, '208 200 192 185 190 168 187 175 189 181 172 199 ' ,'0 4 0 0 4 0 6 5 3 4 0 6 ' ,43 ,1 ,3, 3
266 ,232, 239, '202 183 215 198 165 188 167 162 160 181 187 171 ' ,'5 0 4 6 0 4 0 0 0 0 6 0 ' ,64 ,1 ,6, 6
252 ,247, 222, '190 208 194 204 184 179 185 186 171 179 183 187 ' ,'0 6 0 0 5 0 6 8 5 6 0 4 ' ,39 ,1 ,4, 4
258 ,234, 226, '214 200 207 195 170 173 171 161 167 163 187 175 ' ,'4 0 5 7 0 0 0 0 0 0 8 0 ' ,55 ,1 ,4, 4
254 ,242, 229, '198 214 192 190 186 165 197 170 179 182 180 199 ' ,'0 6 0 0 6 5 7 6 0 6 0 3 ' ,42 ,1 ,5, 5
263 ,237, 241, '224 190 207 183 179 185 173 181 189 177 205 162 ' ,'4 0 4 0 0 0 0 0 5 0 6 0 ' ,64 ,1 ,4, 4
248 ,249, 219, '192 202 192 203 180 171 176 188 188 178 196 180 ' ,'0 0 0 5 0 0 0 0 0 0 0 0 ' ,37 ,1 ,3, 3
271 ,232, 239, '219 208 214 195 207 204 199 190 173 186 199 195 ' ,'0 8 6 0 7 7 18 10 0 6 7 4 ' ,55 ,2 ,6, 6
258 ,253, 227, '203 195 206 217 174 176 176 173 182 181 198 186 ' ,'4 0 0 0 0 0 0 0 4 0 0 0 ' ,45 ,1 ,3, 3
251 ,243, 230, '212 189 215 199 187 179 176 167 176 172 204 182 ' ,'0 0 6 14 0 0 0 0 0 0 15 4 ' ,50 ,1 ,4, 4
271 ,238, 254, '239 215 208 206 202 192 204 197 182 184 195 191 ' ,'5 14 0 0 7 8 19 10 5 5 0 0 ' ,57 ,1 ,5, 5
242 ,261, 225, '214 214 212 207 190 174 181 170 171 176 209 197 ' ,'0 13 7 15 0 0 0 0 0 0 19 4 ' ,46 ,1 ,3, 3
254 ,232, 235, '220 200 216 188 192 196 183 179 178 195 211 175 ' ,'4 0 0 0 5 5 15 8 4 5 7 0 ' ,46 ,1 ,5, 5
376 ,244, 358, '220 198 228 204 190 179 173 171 181 178 201 178 ' ,'4 8 4 6 5 0 0 0 0 0 0 4 ' ,173 ,115 ,5, 5
246 ,367, 230, '217 199 196 194 189 177 173 181 184 175 195 170 ' ,'0 0 0 0 0 4 5 8 4 4 5 0 ' ,48 ,1 ,4, 4
257 ,238, 241, '210 205 215 228 191 170 180 175 166 193 200 183 ' ,'3 5 3 4 5 0 0 0 0 0 7 3 ' ,66 ,2 ,3, 3
229 ,250, 214, '200 182 184 191 164 158 157 166 165 160 163 169 ' ,'0 0 0 5 0 4 6 6 3 3 0 0 ' ,45 ,2 ,5, 5
315 ,221, 296, '192 189 191 181 172 167 159 165 174 165 181 171 ' ,'6 5 5 0 4 0 0 0 0 0 7 6 ' ,43 ,2 ,87, 3
274 ,393, 256, '194 192 224 225 202 182 174 209 200 242 201 166 ' ,'0 0 24 19 0 18 0 18 17 72 0 0 ' ,77 ,1 ,4, 4
247 ,267, 229, '194 213 180 178 167 181 205 176 175 170 211 198 ' ,'5 9 0 0 0 0 26 0 0 0 30 0 ' ,51 ,2 ,5, 5
258 ,237, 243, '226 199 203 204 202 174 185 169 178 184 188 192 ' ,'0 0 0 0 23 0 0 0 0 0 0 5 ' ,58 ,1 ,6, 6
365 ,247, 255, '263 205 326 298 187 219 179 245 253 175 280 189 ' ,'10 0 101 80 0 37 0 46 72 0 64 0 ' ,148 ,1 ,5, 5
330 ,354, 300, '205 208 216 196 184 181 222 175 188 207 182 207 ' ,'0 7 0 0 0 0 31 0 0 0 0 0 ' ,112 ,1 ,6, 6
296 ,312, 266, '214 215 252 215 195 179 190 177 182 187 192 197 ' ,'0 0 33 0 0 0 0 0 0 5 4 4 ' ,77 ,1 ,5, 5
275 ,280, 248, '232 218 214 234 200 199 211 208 215 187 210 180 ' ,'5 10 0 32 0 20 0 19 26 0 0 0 ' ,55 ,1 ,3, 3
278 ,263, 246, '214 199 209 237 191 185 179 187 175 192 201 180 ' ,'0 0 0 0 5 0 0 0 0 0 6 3 ' ,64 ,1 ,2, 2
293 ,262, 264, '228 220 208 220 188 221 194 201 213 223 215 174 ' ,'8 10 0 18 0 15 0 9 12 5 3 0 ' ,75 ,1 ,2, 2
274 ,272, 250, '230 206 210 226 183 197 213 181 184 192 203 193 ' ,'7 0 7 4 6 0 16 0 0 0 0 4 ' ,53 ,1 ,4, 4
256 ,258, 231, '210 194 195 188 195 198 177 179 178 184 191 168 ' ,'0 5 0 0 0 13 0 4 6 7 4 0 ' ,43 ,1 ,5, 5
248 ,239, 222, '205 182 189 184 173 176 180 158 176 177 190 168 ' ,'7 0 8 6 4 0 11 0 0 0 3 3 ' ,51 ,2 ,2, 2
243 ,232, 209, '200 192 183 189 167 184 165 162 172 178 169 163 ' ,'0 5 0 0 0 9 0 7 8 4 0 0 ' ,40 ,2 ,4, 4
248 ,228, 217, '200 188 187 198 176 190 172 155 153 163 180 169 ' ,'4 0 13 10 8 0 7 0 0 0 6 3 ' ,53 ,1 ,4, 4
249 ,230, 216, '203 202 196 182 178 174 175 174 157 171 180 163 ' ,'0 5 0 0 0 0 0 9 0 6 0 0 ' ,50 ,2 ,3, 3
263 ,235, 233, '203 191 207 212 179 198 182 191 178 186 187 172 ' ,'3 0 13 9 0 11 8 0 12 0 4 0 ' ,45 ,1 ,3, 3
271 ,245, 243, '206 201 193 191 166 179 191 174 174 193 191 177 ' ,'0 4 0 0 0 0 0 0 0 0 0 5 ' ,55 ,1 ,5, 5
293 ,253, 268, '219 190 214 200 222 203 174 189 200 191 209 170 ' ,'3 0 0 0 0 7 0 8 17 6 6 0 ' ,80 ,1 ,6, 6
299 ,277, 271, '206 196 198 228 172 177 185 187 180 188 185 175 ' ,'0 0 14 9 4 0 16 0 0 0 0 0 ' ,79 ,27 ,3, 3
267 ,281, 241, '220 224 216 208 183 188 191 184 187 184 216 202 ' ,'0 6 0 0 0 0 0 0 0 0 5 4 ' ,42 ,1 ,3, 3
276 ,252, 245, '224 179 213 213 179 196 180 197 207 185 192 179 ' ,'4 0 10 11 0 6 0 8 9 5 0 0 ' ,51 ,2 ,6, 6
261 ,256, 234, '212 214 196 189 194 182 200 186 182 186 202 190 ' ,'0 10 0 0 4 0 12 0 0 0 6 4 ' ,43 ,2 ,3, 3
263 ,244, 236, '213 181 214 186 175 194 186 173 188 181 194 175 ' ,'4 0 14 8 0 7 0 6 10 5 0 0 ' ,46 ,1 ,4, 4
266 ,245, 236, '194 209 197 180 194 162 189 165 159 172 186 181 ' ,'0 9 0 0 5 0 8 0 0 0 4 4 ' ,66 ,2 ,3, 3
290 ,250, 263, '213 182 187 195 179 175 164 186 190 180 241 168 ' ,'4 0 11 6 0 5 0 6 8 6 4 0 ' ,83 ,1 ,4, 4
261 ,273, 234, '214 198 198 186 182 170 181 176 168 160 181 186 ' ,'0 5 0 0 4 0 4 0 0 0 0 13 ' ,51 ,2 ,2, 2
276 ,243, 247, '228 199 218 203 192 181 178 180 185 192 199 169 ' ,'4 0 7 5 0 0 0 3 0 5 5 0 ' ,62 ,2 ,5, 5
268 ,259, 242, '203 198 206 181 200 177 180 163 189 163 183 182 ' ,'5 5 0 0 6 3 6 0 3 0 3 5 ' ,64 ,1 ,3, 3
286 ,252, 257, '194 182 190 188 177 167 177 174 171 206 178 174 ' ,'0 0 5 5 0 0 0 0 0 0 0 0 ' ,75 ,8 ,5, 5
266 ,269, 232, '221 194 203 197 190 201 164 184 186 187 189 175 ' ,'0 6 0 0 0 5 0 8 4 4 3 0 ' ,54 ,1 ,3, 3
274 ,247, 248, '229 205 211 211 202 195 180 186 184 203 196 187 ' ,'4 0 6 0 6 0 6 0 0 0 0 4 ' ,50 ,2 ,3, 3
298 ,258, 273, '207 206 210 209 186 191 179 177 187 229 208 181 ' ,'0 0 0 6 0 0 0 0 0 0 3 0 ' ,79 ,1 ,4, 4
287 ,282, 260, '237 215 222 203 212 216 190 187 203 200 204 185 ' ,'5 9 0 0 5 5 7 11 7 5 0 0 ' ,56 ,2 ,7, 7
269 ,269, 247, '211 212 230 215 182 202 198 187 192 175 201 190 ' ,'0 0 7 4 0 0 0 0 0 0 5 3 ' ,47 ,1 ,3, 3
523 ,257, 495, '207 199 196 198 195 175 171 186 168 172 189 182 ' ,'0 8 0 0 0 0 0 7 0 0 0 0 ' ,56 ,2 ,263, 3
306 ,574, 275, '206 184 210 261 183 195 180 173 167 189 178 177 ' ,'9 0 27 57 14 7 17 0 11 19 6 14 ' ,98 ,2 ,3, 3
299 ,286, 274, '255 186 181 178 159 157 164 172 171 154 172 165 ' ,'52 13 0 0 0 0 0 0 0 0 0 0 ' ,104 ,1 ,3, 3
374 ,283, 348, '200 199 269 331 191 174 180 194 174 234 210 244 ' ,'0 0 73 139 18 11 25 31 14 77 14 74 ' ,163 ,1 ,3, 3
270 ,358, 239, '213 190 179 182 191 163 161 169 153 159 194 167 ' ,'17 16 0 0 0 0 0 0 0 0 0 0 ' ,72 ,2 ,6, 6
269 ,248, 242, '212 185 205 200 189 175 178 221 184 200 187 201 ' ,'0 0 9 7 7 8 0 60 13 21 8 22 ' ,51 ,2 ,4, 4
274 ,252, 242, '228 193 208 191 163 170 186 161 168 187 182 169 ' ,'9 0 0 0 0 0 14 0 0 0 0 0 ' ,70 ,1 ,2, 2
281 ,252, 251, '225 210 199 220 172 182 178 172 179 208 201 184 ' ,'0 9 7 6 0 0 0 5 0 0 6 0 ' ,61 ,1 ,6, 6
283 ,260, 257, '214 211 199 189 204 190 193 182 210 205 186 190 ' ,'0 0 0 0 6 11 0 0 9 14 0 16 ' ,58 ,2 ,5, 5
252 ,267, 230, '198 200 202 207 184 175 197 166 180 184 200 188 ' ,'0 9 10 4 0 0 18 0 0 0 0 0 ' ,49 ,2 ,3, 3
305 ,239, 274, '212 198 206 212 188 198 186 181 195 219 202 205 ' ,'0 0 0 0 6 7 0 4 6 11 0 19 ' ,76 ,1 ,5, 5
284 ,283, 258, '227 208 206 203 183 193 185 186 184 210 207 178 ' ,'9 0 0 0 0 0 0 0 0 0 4 0 ' ,60 ,2 ,7, 7
280 ,268, 253, '228 217 229 226 208 183 196 200 182 184 191 190 ' ,'0 9 6 3 0 0 8 0 0 0 0 0 ' ,60 ,1 ,3, 3
324 ,263, 296, '213 220 205 223 201 185 174 180 197 221 196 199 ' ,'0 0 0 0 6 7 0 4 6 10 4 14 ' ,109 ,26 ,6, 6
451 ,308, 422, '221 202 195 184 191 174 202 181 180 167 201 192 ' ,'15 11 5 0 0 0 13 0 0 0 0 0 ' ,60 ,1 ,179, 2
331 ,671, 297, '219 185 178 189 224 160 150 145 155 254 200 185 ' ,'24 0 0 0 0 0 0 0 0 90 16 35 ' ,137 ,2 ,3, 3
284 ,307, 258, '211 196 188 209 192 177 179 164 182 171 236 161 ' ,'0 17 10 13 0 9 8 4 13 0 46 0 ' ,81 ,2 ,3, 3
625 ,270, 411, '254 219 187 178 234 191 198 156 158 360 177 237 ' ,'59 0 0 0 65 0 0 0 0 187 0 75 ' ,238 ,2 ,5, 5
264 ,421, 236, '216 195 193 216 180 174 164 171 197 171 171 172 ' ,'0 16 17 25 0 16 0 6 26 0 12 0 ' ,58 ,1 ,3, 3
278 ,246, 243, '201 188 178 207 174 168 185 154 155 198 179 178 ' ,'9 0 0 0 0 0 5 0 0 5 0 7 ' ,79 ,2 ,2, 2
286 ,254, 257, '226 193 219 193 214 175 167 165 184 172 205 171 ' ,'0 7 10 6 9 9 0 4 9 0 11 0 ' ,82 ,2 ,3, 3
260 ,271, 229, '205 179 189 196 171 174 172 160 158 181 199 174 ' ,'6 0 0 0 0 0 4 0 0 0 16 0 ' ,63 ,2 ,2, 2
273 ,245, 246, '192 199 189 207 183 186 188 178 201 203 190 175 ' ,'0 8 0 10 11 6 0 0 12 7 0 5 ' ,59 ,1 ,2, 2
270 ,258, 239, '219 193 215 187 175 187 182 187 183 197 222 171 ' ,'4 0 10 0 0 0 0 4 0 0 12 0 ' ,59 ,2 ,3, 3
276 ,254, 251, '232 211 208 209 201 196 181 179 186 193 206 191 ' ,'0 0 0 0 0 0 6 0 0 6 0 0 ' ,55 ,2 ,3, 3
578 ,263, 546, '229 230 202 224 195 194 204 166 192 201 223 199 ' ,'0 14 0 15 14 0 0 0 13 0 10 12 ' ,70 ,2 ,300, 5
236 ,643, 220, '201 194 200 173 158 170 174 182 159 157 174 164 ' ,'4 0 0 0 0 0 0 17 0 0 0 0 ' ,50 ,2 ,4, 4
278 ,238, 261, '237 216 220 209 232 194 167 163 208 246 226 218 ' ,'0 13 13 15 0 0 0 0 26 63 36 28 ' ,89 ,2 ,3, 3
268 ,272, 251, '211 179 188 186 166 188 164 234 161 169 188 159 ' ,'6 0 0 0 0 10 0 49 0 0 0 0 ' ,79 ,2 ,4, 4
297 ,261, 280, '219 218 211 209 168 196 181 164 201 262 250 225 ' ,'5 16 14 8 0 0 18 0 29 79 65 45 ' ,100 ,2 ,4, 4
247 ,287, 231, '213 190 181 182 159 185 158 183 155 173 189 157 ' ,'0 0 0 0 0 15 0 20 0 0 5 0 ' ,64 ,2 ,5, 5
245 ,237, 229, '208 208 201 197 158 207 188 164 192 175 214 180 ' ,'6 10 7 4 0 0 15 0 11 4 0 0 ' ,59 ,1 ,4, 4
259 ,237, 244, '223 205 206 182 171 190 169 185 159 185 183 171 ' ,'0 0 0 0 6 8 0 16 0 0 4 6 ' ,73 ,2 ,3, 3
256 ,253, 237, '222 206 204 206 169 173 173 183 167 179 197 179 ' ,'9 6 6 6 0 0 6 0 0 6 5 0 ' ,59 ,1 ,4, 4
254 ,250, 237, '218 207 199 190 179 190 184 167 187 189 201 176 ' ,'0 0 0 0 6 11 0 0 12 0 0 6 ' ,53 ,2 ,4, 4
259 ,244, 243, '224 209 212 229 175 200 178 206 179 195 209 183 ' ,'5 10 6 8 0 0 5 14 0 6 4 0 ' ,58 ,1 ,3, 3
246 ,252, 223, '203 206 210 204 169 171 181 175 189 186 199 176 ' ,'0 0 0 0 0 0 0 0 10 0 0 6 ' ,42 ,1 ,10, 10
272 ,235, 254, '232 213 202 214 190 221 178 175 200 194 229 174 ' ,'0 11 0 0 8 6 0 0 0 0 9 0 ' ,63 ,2 ,2, 2
266 ,266, 242, '216 222 218 212 181 191 198 208 186 180 201 198 ' ,'7 0 9 5 0 0 7 15 0 5 0 0 ' ,43 ,2 ,4, 4
321 ,250, 291, '203 207 214 175 177 202 176 172 194 203 186 170 ' ,'0 0 0 0 0 0 0 0 16 0 0 5 ' ,70 ,2 ,42, 2
310 ,526, 286, '267 192 223 211 183 213 160 205 189 172 200 170 ' ,'30 0 0 14 0 32 0 26 0 0 0 0 ' ,114 ,2 ,3, 3
386 ,298, 356, '208 316 340 200 179 171 177 179 186 186 212 219 ' ,'0 123 146 0 0 0 13 0 13 5 33 14 ' ,175 ,2 ,5, 5
295 ,369, 269, '248 188 195 225 176 232 160 214 165 158 195 158 ' ,'62 0 0 37 16 63 0 41 0 0 0 0 ' ,92 ,2 ,4, 4
262 ,278, 238, '202 210 188 198 175 174 185 164 179 180 200 218 ' ,'0 4 6 0 0 0 8 0 19 5 30 34 ' ,57 ,2 ,3, 3
264 ,246, 238, '209 186 209 218 182 192 166 191 170 170 208 149 ' ,'5 0 0 11 12 6 0 15 0 0 12 0 ' ,71 ,1 ,4, 4
254 ,246, 225, '209 202 190 171 183 176 175 171 167 167 174 164 ' ,'0 7 4 0 0 0 5 0 0 3 0 0 ' ,50 ,2 ,4, 4
282 ,237, 258, '220 202 190 243 178 194 173 193 193 173 207 183 ' ,'5 0 0 14 6 6 0 13 9 0 16 15 ' ,73 ,2 ,3, 3
274 ,267, 243, '201 224 208 197 167 195 194 183 192 195 187 185 ' ,'0 4 5 0 0 0 5 0 0 0 0 0 ' ,47 ,2 ,5, 5
279 ,257, 254, '237 220 208 233 183 204 186 185 205 171 215 200 ' ,'4 0 0 20 0 0 0 0 10 4 17 15 ' ,55 ,1 ,5, 5
267 ,264, 246, '216 212 225 203 176 192 188 192 184 180 209 168 ' ,'0 4 0 0 0 6 0 17 0 0 0 0 ' ,62 ,2 ,6, 6
279 ,258, 257, '234 206 235 192 197 195 201 174 167 182 217 181 ' ,'6 0 6 0 0 0 4 0 0 0 12 0 ' ,75 ,1 ,6, 6
264 ,269, 244, '221 213 224 231 188 191 188 187 227 192 199 206 ' ,'0 0 0 12 0 7 0 0 14 10 0 18 ' ,44 ,2 ,5, 5
282 ,258, 257, '226 211 240 229 198 194 184 224 201 198 225 187 ' ,'0 4 7 0 15 0 0 17 0 0 16 0 ' ,60 ,1 ,6, 6
276 ,271, 249, '220 200 224 239 173 201 193 183 190 187 205 186 ' ,'5 0 0 16 0 0 5 0 0 0 0 0 ' ,55 ,2 ,3, 3
279 ,268, 261, '237 216 225 195 207 208 201 180 193 194 240 200 ' ,'0 4 7 0 13 3 0 0 13 5 7 12 ' ,66 ,2 ,5, 5
254 ,275, 233, '216 201 196 205 166 181 177 183 178 179 202 173 ' ,'8 0 0 11 0 0 0 13 0 0 0 0 ' ,42 ,2 ,6, 6
275 ,241, 253, '235 215 221 198 192 196 190 166 178 178 204 181 ' ,'0 6 4 0 0 6 0 0 0 5 9 12 ' ,74 ,2 ,5, 5
262 ,265, 238, '207 205 194 207 184 172 180 172 178 185 189 169 ' ,'8 0 0 9 10 0 6 6 10 0 0 0 ' ,55 ,2 ,4, 4
270 ,254, 242, '206 222 199 185 164 195 181 165 188 169 216 180 ' ,'0 9 5 0 0 3 0 0 0 4 10 12 ' ,62 ,2 ,5, 5
262 ,251, 238, '224 190 204 197 169 173 174 172 181 163 195 168 ' ,'10 0 0 5 10 0 4 6 8 0 10 0 ' ,55 ,1 ,4, 4
254 ,253, 230, '210 199 188 183 171 172 167 164 169 165 181 163 ' ,'0 5 4 0 0 4 0 0 0 0 0 0 ' ,51 ,2 ,5, 5
255 ,242, 232, '215 202 200 203 170 179 179 184 195 181 207 179 ' ,'5 0 0 6 6 0 0 6 9 0 8 7 ' ,40 ,1 ,6, 6
259 ,244, 236, '204 206 194 187 165 192 177 188 175 180 187 189 ' ,'0 5 4 0 0 0 3 0 0 0 0 0 ' ,50 ,2 ,5, 5
305 ,249, 283, '221 208 212 201 169 210 184 168 186 190 214 178 ' ,'5 0 0 5 0 4 0 0 6 4 16 0 ' ,67 ,3 ,37, 2
281 ,673, 260, '209 207 212 195 200 167 209 219 180 185 171 190 ' ,'0 4 5 0 15 0 15 22 0 0 0 0 ' ,73 ,2 ,7, 7
286 ,274, 265, '230 209 216 204 176 202 192 179 199 208 174 179 ' ,'15 0 0 0 0 0 0 0 0 32 0 0 ' ,72 ,2 ,9, 9
303 ,272, 280, '221 205 199 226 224 204 195 222 183 173 203 199 ' ,'0 0 0 17 38 11 0 48 10 0 25 24 ' ,85 ,2 ,6, 6
311 ,291, 284, '264 247 208 188 165 170 264 164 175 159 214 185 ' ,'41 24 5 0 0 0 93 0 0 0 0 0 ' ,104 ,2 ,5, 5
502 ,298, 481, '221 192 200 253 200 178 179 160 218 411 182 171 ' ,'0 0 0 36 22 19 0 0 36 226 0 0 ' ,293 ,19 ,6, 6
281 ,489, 264, '243 238 208 216 204 207 178 167 163 168 208 226 ' ,'6 13 0 0 0 0 6 0 0 0 12 61 ' ,90 ,3 ,6, 6
273 ,274, 247, '223 202 208 216 189 170 177 166 183 201 192 177 ' ,'0 0 7 10 9 5 0 10 10 20 0 0 ' ,68 ,2 ,3, 3
258 ,258, 235, '221 197 201 189 165 184 182 158 159 165 184 172 ' ,'4 0 0 6 0 0 3 0 0 0 4 5 ' ,67 ,1 ,4, 4
268 ,250, 244, '216 192 197 179 184 183 168 185 184 184 182 160 ' ,'0 3 4 0 7 7 0 5 7 12 5 0 ' ,69 ,2 ,5, 5
264 ,257, 242, '211 191 175 193 160 174 171 162 165 181 174 174 ' ,'5 0 0 7 0 0 5 0 0 0 0 6 ' ,68 ,3 ,2, 2
273 ,255, 250, '205 197 206 185 179 192 173 190 173 190 178 168 ' ,'5 3 5 0 7 4 0 8 5 14 6 0 ' ,65 ,2 ,6, 6
263 ,260, 244, '221 193 197 205 184 167 177 178 174 164 201 173 ' ,'0 0 0 7 0 0 4 0 0 0 3 4 ' ,59 ,2 ,5, 5
267 ,250, 243, '218 194 193 188 189 177 178 164 169 196 179 177 ' ,'3 3 7 0 6 7 0 5 5 8 0 0 ' ,64 ,2 ,5, 5
259 ,254, 239, '208 194 183 193 187 182 180 160 179 166 178 177 ' ,'0 0 5 5 0 0 5 0 0 0 4 3 ' ,63 ,2 ,4, 4
275 ,252, 251, '202 187 191 206 174 175 171 159 167 199 186 168 ' ,'5 6 0 8 5 3 0 6 4 8 0 0 ' ,79 ,2 ,4, 4
313 ,263, 289, '195 203 189 195 162 184 180 174 162 169 171 179 ' ,'0 0 7 0 0 0 5 0 0 0 4 5 ' ,49 ,2 ,61, 3
301 ,663, 279, '235 197 189 209 172 194 172 179 226 227 252 190 ' ,'0 0 0 0 0 16 0 0 0 18 25 0 ' ,94 ,2 ,6, 6
264 ,291, 240, '212 219 212 194 195 182 205 210 188 179 190 207 ' ,'0 0 25 0 0 0 4 12 10 0 0 15 ' ,49 ,2 ,3, 3
541 ,257, 513, '290 244 190 209 357 209 201 184 174 217 237 173 ' ,'60 38 0 0 177 0 0 0 0 0 0 0 ' ,229 ,2 ,98, 3
382 ,749, 356, '222 190 177 342 197 201 157 195 218 217 188 179 ' ,'0 0 0 144 0 22 0 18 28 37 0 0 ' ,185 ,3 ,3, 3
354 ,374, 334, '288 256 225 191 278 232 205 169 179 180 187 225 ' ,'73 37 35 0 104 0 13 0 0 0 6 29 ' ,150 ,2 ,6, 6
363 ,344, 342, '322 200 240 211 170 185 182 180 243 205 191 166 ' ,'80 0 44 18 0 5 0 12 43 27 0 0 ' ,157 ,2 ,5, 5
305 ,351, 283, '218 260 183 192 234 181 219 165 171 188 199 179 ' ,'0 51 0 0 34 0 21 0 0 0 10 10 ' ,102 ,2 ,5, 5
304 ,295, 280, '239 196 220 223 182 183 179 187 192 216 214 170 ' ,'5 0 11 7 0 4 0 6 14 8 7 0 ' ,95 ,16 ,5, 5
245 ,291, 222, '203 193 175 185 161 174 163 166 150 158 171 181 ' ,'0 7 0 0 0 3 5 0 0 0 0 8 ' ,62 ,2 ,2, 2
275 ,231, 254, '225 184 199 184 196 164 157 168 176 198 184 153 ' ,'4 0 11 0 14 0 0 5 13 11 9 0 ' ,84 ,2 ,6, 6
260 ,267, 236, '203 202 189 196 180 167 169 162 150 185 164 169 ' ,'4 0 0 9 0 0 5 0 0 0 0 5 ' ,75 ,3 ,5, 5
467 ,249, 450, '213 193 207 204 185 197 165 195 161 195 192 164 ' ,'0 0 22 0 15 6 0 6 0 0 9 0 ' ,80 ,3 ,193, 3
264 ,1079, 247, '220 205 198 198 178 204 196 193 219 187 198 182 ' ,'7 0 0 0 0 0 0 0 36 16 0 9 ' ,53 ,2 ,6, 5
289 ,258, 274, '255 223 211 225 240 221 227 178 206 178 212 206 ' ,'0 0 0 25 34 35 33 0 0 0 15 0 ' ,82 ,3 ,5, 5
328 ,285, 313, '241 284 292 207 180 192 213 219 182 185 189 228 ' ,'0 74 81 0 0 0 0 37 0 0 0 0 ' ,118 ,3 ,6, 6
319 ,322, 305, '214 223 196 278 193 194 274 184 283 214 225 215 ' ,'0 0 0 54 0 0 84 0 87 23 29 16 ' ,104 ,2 ,6, 6
358 ,312, 342, '245 222 320 199 261 247 207 290 176 170 208 169 ' ,'6 28 114 0 79 52 0 99 0 0 0 0 ' ,156 ,3 ,5, 5
266 ,349, 252, '225 221 194 241 190 189 210 166 224 200 206 189 ' ,'0 0 0 15 0 0 19 0 25 13 11 5 ' ,74 ,2 ,3, 3
256 ,260, 242, '218 209 220 196 191 189 179 188 174 178 212 174 ' ,'4 13 8 0 15 4 0 5 0 0 6 0 ' ,54 ,2 ,6, 6
249 ,246, 234, '202 194 209 213 175 176 189 165 175 179 189 178 ' ,'0 0 9 6 0 0 5 0 8 6 0 4 ' ,53 ,3 ,5, 5
250 ,240, 235, '210 194 180 178 177 188 183 185 152 168 213 176 ' ,'4 6 0 0 9 2 0 5 0 0 6 0 ' ,71 ,2 ,4, 4
271 ,242, 253, '231 202 193 203 178 170 205 166 185 180 200 180 ' ,'5 9 4 8 0 0 14 0 9 4 6 6 ' ,72 ,2 ,5, 5
233 ,265, 219, '198 191 185 190 176 175 174 180 186 188 200 170 ' ,'0 0 0 6 10 3 0 4 0 0 0 0 ' ,35 ,1 ,3, 3
249 ,229, 233, '213 218 202 202 180 183 194 167 217 175 190 179 ' ,'7 21 4 0 0 3 10 0 6 5 5 4 ' ,54 ,2 ,5, 5
234 ,243, 217, '198 192 182 191 165 176 177 168 167 154 184 179 ' ,'0 0 0 6 8 0 0 4 0 0 15 0 ' ,52 ,2 ,3, 3
280 ,225, 259, '202 207 185 188 157 176 198 164 185 185 183 186 ' ,'4 9 4 0 0 0 10 0 7 5 0 3 ' ,54 ,2 ,35, 6
287 ,512, 263, '217 206 222 231 207 194 184 211 195 180 208 174 ' ,'0 0 0 30 20 0 0 34 0 0 11 0 ' ,70 ,2 ,5, 5
287 ,276, 259, '227 233 226 203 186 218 244 201 194 190 193 212 ' ,'4 18 25 0 0 0 58 0 8 0 0 0 ' ,55 ,1 ,3, 3
324 ,273, 306, '229 213 237 272 195 272 196 286 183 199 236 199 ' ,'0 0 0 61 0 68 0 96 0 11 20 4 ' ,111 ,2 ,5, 5
327 ,316, 301, '221 235 270 207 228 200 200 192 183 218 209 191 ' ,'4 14 57 0 31 0 0 0 0 0 0 0 ' ,102 ,2 ,5, 5
389 ,312, 363, '241 237 198 247 221 208 338 194 208 202 227 209 ' ,'0 0 0 30 0 0 136 0 10 11 16 5 ' ,151 ,3 ,6, 6
310 ,372, 283, '238 214 216 234 216 190 196 197 210 203 207 185 ' ,'4 0 0 0 19 0 0 4 0 0 0 0 ' ,79 ,3 ,5, 5
306 ,294, 277, '252 239 239 217 201 207 220 177 197 195 227 200 ' ,'0 6 7 0 0 0 11 0 0 0 11 0 ' ,80 ,2 ,6, 6
306 ,290, 279, '245 216 206 258 199 218 198 194 215 211 220 192 ' ,'4 0 0 22 0 15 0 0 8 10 9 5 ' ,71 ,3 ,5, 5
302 ,290, 275, '225 226 218 204 214 185 209 190 185 194 196 191 ' ,'0 5 8 0 13 0 6 3 0 0 0 0 ' ,70 ,3 ,5, 5
284 ,283, 258, '235 194 205 211 176 203 192 163 199 180 197 175 ' ,'4 0 0 8 0 9 0 0 6 6 5 4 ' ,78 ,2 ,4, 4
268 ,268, 243, '221 195 203 184 176 175 190 173 157 173 167 164 ' ,'0 6 5 9 8 0 13 5 0 0 0 0 ' ,72 ,3 ,2, 2
272 ,253, 249, '224 196 198 202 173 196 173 164 178 187 181 158 ' ,'4 7 0 0 0 15 0 0 12 5 6 4 ' ,70 ,2 ,6, 6
278 ,258, 253, '208 195 189 206 171 191 181 196 168 194 189 168 ' ,'4 0 4 8 10 0 8 4 0 0 10 0 ' ,71 ,2 ,5, 5
279 ,262, 254, '201 215 184 189 181 172 190 182 171 198 200 172 ' ,'0 4 6 0 0 8 0 0 4 12 0 4 ' ,76 ,2 ,2, 2
