72 ,217, 30, '14 8 16 12 9 12 10 7 8 7 11 7 8 10 8 11 ' ,'0 0 0 0 0 0 0 0 0 0 0 0 0 0 0 0 ' ,10 ,0 ,7, 7
171 ,35, 153, '129 129 118 135 119 107 127 99 110 138 109 108 111 122 135 129 ' ,'0 0 0 0 0 0 17 0 0 14 0 0 0 10 16 16 ' ,44 ,0 ,4, 4
177 ,162, 157, '148 136 137 149 135 113 121 113 115 129 143 113 117 117 138 121 ' ,'23 0 0 0 22 0 0 0 0 0 0 0 0 0 0 0 ' ,37 ,0 ,2, 2
209 ,168, 184, '138 152 181 138 115 120 136 150 116 134 125 119 155 122 114 130 ' ,'0 27 27 0 0 0 0 26 0 0 0 0 0 0 0 0 ' ,65 ,1 ,3, 3
195 ,199, 175, '155 128 162 135 117 129 148 120 114 126 139 154 154 116 137 128 ' ,'0 0 0 0 0 0 0 0 0 0 0 31 24 0 0 0 ' ,49 ,1 ,9, 8
227 ,181, 201, '188 155 148 181 127 177 186 118 165 139 162 123 137 194 124 139 ' ,'0 0 0 0 0 29 44 0 30 0 30 0 0 46 0 0 ' ,77 ,1 ,4, 4
241 ,214, 213, '162 134 142 148 161 126 130 126 123 195 129 118 129 133 188 139 ' ,'0 0 0 0 0 0 0 0 0 68 0 0 0 0 55 0 ' ,88 ,3 ,2, 2
310 ,222, 286, '156 139 148 209 195 156 131 124 129 124 159 131 127 125 125 189 ' ,'0 0 0 69 75 0 0 0 0 0 0 0 0 0 0 52 ' ,155 ,1 ,2, 2
295 ,298, 262, '142 223 163 158 120 125 125 200 122 130 116 159 251 119 121 126 ' ,'0 89 0 0 0 0 0 66 0 0 0 0 114 0 0 0 ' ,140 ,0 ,3, 3
314 ,280, 295, '133 151 128 148 107 130 183 109 210 112 277 209 117 162 110 137 ' ,'0 0 0 0 0 0 49 0 83 0 155 89 0 43 0 0 ' ,171 ,1 ,12, 2
267 ,375, 244, '180 125 206 179 150 140 115 110 135 226 114 113 234 134 217 144 ' ,'41 0 83 42 0 0 0 0 0 74 0 0 105 0 95 0 ' ,125 ,1 ,5, 5
253 ,253, 229, '167 208 153 132 170 114 216 133 109 122 108 142 120 121 128 177 ' ,'0 41 0 0 44 0 96 22 0 0 0 0 0 0 0 67 ' ,115 ,0 ,2, 2
211 ,241, 187, '132 122 133 141 98 121 114 115 126 125 181 117 122 114 118 145 ' ,'0 0 0 0 0 0 0 0 20 0 55 0 0 0 0 0 ' ,79 ,0 ,2, 2
320 ,199, 297, '182 123 251 210 109 194 115 154 149 141 178 120 289 130 171 135 ' ,'26 0 124 66 0 81 0 0 0 24 0 0 161 0 43 0 ' ,177 ,0 ,1, 1
275 ,309, 258, '140 191 130 138 132 116 245 108 124 117 144 145 123 132 112 145 ' ,'0 37 0 0 0 0 103 0 0 0 0 0 0 0 0 25 ' ,137 ,1 ,6, 6
253 ,266, 235, '141 138 149 168 150 121 146 150 136 155 124 127 124 169 133 119 ' ,'0 0 0 0 32 0 0 15 0 0 0 0 0 38 0 0 ' ,107 ,0 ,5, 5
185 ,242, 167, '148 139 158 144 136 134 131 124 123 147 128 124 154 133 125 129 ' ,'0 0 0 0 0 0 0 0 0 0 0 0 11 0 0 0 ' ,36 ,0 ,5, 5
299 ,174, 281, '223 169 154 182 125 153 160 142 156 136 270 145 148 145 123 179 ' ,'38 23 9 15 0 0 11 0 27 0 97 0 0 0 0 0 ' ,144 ,1 ,5, 5
214 ,287, 189, '145 154 150 158 146 135 142 139 120 150 130 135 144 165 176 132 ' ,'0 0 0 0 0 0 0 0 0 0 0 0 0 28 34 0 ' ,54 ,1 ,5, 5
192 ,195, 170, '160 147 140 146 129 136 133 116 134 125 135 128 129 134 148 140 ' ,'0 0 0 0 0 0 0 0 0 0 0 0 0 0 0 10 ' ,44 ,0 ,4, 4
233 ,179, 201, '143 152 157 172 192 127 140 135 120 125 124 133 135 151 133 124 ' ,'0 0 10 9 28 0 5 16 0 0 0 0 0 0 0 0 ' ,72 ,1 ,3, 3
208 ,209, 184, '161 157 146 161 130 169 160 128 134 161 161 136 140 144 125 155 ' ,'19 16 0 0 0 12 0 0 0 9 17 0 0 0 0 0 ' ,46 ,1 ,4, 4
208 ,194, 185, '152 141 156 154 136 129 140 126 133 132 142 123 160 140 172 139 ' ,'0 0 0 0 0 0 0 0 0 0 0 0 16 0 34 0 ' ,53 ,0 ,3, 3
205 ,194, 182, '174 149 147 149 151 130 153 139 129 134 162 145 138 133 133 156 ' ,'14 0 0 0 12 0 7 8 0 0 0 9 0 0 0 16 ' ,46 ,0 ,3, 3
205 ,192, 183, '146 156 145 174 129 131 144 131 151 145 150 146 139 167 120 127 ' ,'0 17 7 10 0 0 0 0 10 0 10 0 0 11 0 0 ' ,51 ,0 ,3, 3
205 ,192, 181, '146 143 143 155 158 172 150 121 126 159 134 137 150 133 152 129 ' ,'0 0 0 0 0 19 5 0 0 15 0 0 13 0 17 0 ' ,52 ,0 ,4, 4
198 ,193, 181, '171 136 145 160 144 167 132 138 125 130 145 130 142 140 130 159 ' ,'14 0 6 8 9 0 0 4 0 0 0 5 0 5 0 14 ' ,50 ,1 ,3, 3
178 ,192, 161, '143 137 132 145 117 125 135 124 120 137 125 125 151 133 110 131 ' ,'0 9 0 0 0 0 3 0 10 0 4 0 8 0 0 0 ' ,42 ,1 ,3, 3
169 ,171, 151, '143 127 130 142 127 127 125 109 119 122 124 123 125 121 116 129 ' ,'0 0 0 0 0 6 0 0 0 0 0 0 0 0 8 0 ' ,33 ,0 ,3, 3
229 ,159, 208, '162 151 162 148 121 117 141 124 125 123 124 132 143 131 111 138 ' ,'11 11 8 7 7 0 4 5 0 0 0 5 8 6 0 12 ' ,53 ,1 ,39, 3
188 ,248, 173, '155 132 130 165 136 134 133 119 144 162 155 117 126 127 132 143 ' ,'0 0 0 0 0 0 0 0 37 41 26 0 0 0 0 0 ' ,47 ,1 ,3, 3
230 ,181, 209, '202 169 140 162 130 163 132 117 123 148 130 126 135 130 138 149 ' ,'27 0 0 20 0 35 0 0 0 0 0 0 0 0 14 0 ' ,88 ,0 ,4, 4
216 ,223, 199, '141 171 186 170 145 117 150 154 128 145 171 158 152 144 134 169 ' ,'0 20 20 0 20 0 0 18 0 0 0 12 5 14 0 47 ' ,71 ,0 ,5, 5
196 ,205, 178, '150 139 139 167 118 118 130 118 121 127 130 123 149 130 121 128 ' ,'0 0 0 0 0 0 0 0 0 0 0 0 0 0 0 0 ' ,50 ,0 ,4, 4
259 ,184, 241, '154 150 138 156 139 166 230 129 181 224 217 131 147 155 138 129 ' ,'0 0 0 0 0 0 94 0 59 89 71 0 0 0 0 0 ' ,107 ,1 ,5, 5
302 ,249, 284, '275 146 158 222 139 221 147 136 160 140 198 136 162 181 138 187 ' ,'101 0 0 47 0 83 0 0 0 0 0 0 12 20 0 0 ' ,139 ,0 ,4, 4
217 ,294, 200, '163 173 192 162 138 150 139 133 129 142 143 129 152 150 163 144 ' ,'0 29 31 0 0 0 0 0 0 0 0 0 0 0 27 0 ' ,64 ,0 ,4, 4
232 ,209, 216, '204 154 178 167 174 167 138 168 130 149 132 167 164 141 149 185 ' ,'0 0 0 0 31 0 0 36 0 0 0 33 0 0 0 58 ' ,77 ,1 ,3, 3
216 ,222, 192, '169 153 170 177 126 130 146 125 143 143 156 132 152 176 141 128 ' ,'11 0 0 0 0 0 3 0 12 0 6 0 10 24 0 0 ' ,54 ,1 ,4, 4
213 ,202, 188, '163 161 154 175 139 150 144 130 141 144 156 137 155 147 137 146 ' ,'0 13 0 4 0 5 0 0 0 0 0 0 0 0 0 0 ' ,45 ,1 ,4, 4
226 ,197, 199, '167 147 188 159 149 148 159 183 129 139 141 165 157 136 153 137 ' ,'0 0 20 0 0 0 3 20 0 0 0 23 4 0 17 4 ' ,62 ,0 ,3, 3
219 ,229, 190, '179 145 150 166 135 139 135 124 148 129 145 135 150 151 123 131 ' ,'5 0 0 0 0 0 0 0 0 0 0 0 0 11 0 0 ' ,55 ,0 ,4, 4
228 ,200, 202, '164 166 149 191 121 136 148 135 149 146 143 132 141 160 144 147 ' ,'0 10 0 5 0 0 0 0 13 5 4 0 0 0 0 0 ' ,63 ,1 ,2, 2
202 ,216, 177, '169 143 161 162 139 136 133 132 140 145 156 125 140 158 138 154 ' ,'0 0 10 0 0 0 3 0 0 0 0 0 0 11 9 0 ' ,44 ,0 ,2, 2
202 ,187, 183, '153 140 159 171 128 127 141 133 120 155 131 139 141 128 130 143 ' ,'4 0 0 7 11 0 0 13 0 0 0 13 0 0 0 4 ' ,51 ,1 ,2, 2
200 ,195, 178, '166 147 150 170 128 149 144 134 133 126 143 139 145 138 128 146 ' ,'0 6 6 0 0 5 4 0 6 6 5 0 5 0 0 0 ' ,38 ,0 ,2, 2
215 ,191, 190, '160 144 136 152 131 137 133 125 125 168 135 123 142 127 131 142 ' ,'3 0 0 0 0 0 0 9 0 0 0 0 0 0 15 3 ' ,58 ,1 ,2, 2
198 ,204, 176, '148 141 133 161 129 132 145 108 126 138 120 123 125 121 112 127 ' ,'0 14 0 5 14 0 4 0 10 0 0 0 5 0 0 0 ' ,52 ,1 ,1, 1
187 ,186, 166, '152 128 148 154 111 124 123 128 125 132 133 124 143 135 114 138 ' ,'0 0 6 0 0 3 0 0 0 6 0 0 0 12 0 0 ' ,39 ,1 ,2, 2
204 ,180, 185, '174 142 144 168 116 147 143 133 131 124 139 136 150 146 125 139 ' ,'4 0 0 4 0 0 0 10 0 0 0 5 6 0 10 3 ' ,51 ,1 ,1, 1
196 ,195, 174, '158 144 150 148 127 125 140 119 119 135 127 130 137 142 113 131 ' ,'0 17 0 0 10 0 0 0 0 0 0 0 0 12 0 0 ' ,45 ,0 ,5, 5
193 ,183, 174, '144 135 156 163 115 121 127 140 139 133 133 122 149 136 130 133 ' ,'0 0 5 0 0 0 0 0 8 6 5 0 7 0 0 0 ' ,44 ,1 ,3, 3
198 ,183, 176, '155 139 146 166 131 149 137 120 131 137 134 125 144 146 134 136 ' ,'0 0 0 6 0 7 3 0 0 0 0 0 0 0 0 0 ' ,40 ,1 ,4, 4
195 ,186, 174, '161 150 147 161 135 136 146 121 135 140 137 123 141 161 142 143 ' ,'0 0 0 0 0 0 0 0 0 0 0 0 0 8 8 3 ' ,41 ,1 ,6, 6
205 ,183, 182, '171 165 171 157 157 138 149 158 125 158 145 145 154 148 134 139 ' ,'0 16 0 0 17 0 0 17 0 0 0 0 3 0 0 0 ' ,50 ,1 ,3, 3
205 ,193, 184, '173 154 167 160 130 148 144 140 154 147 157 138 146 148 131 156 ' ,'3 0 7 0 0 0 3 0 11 4 4 0 0 0 0 0 ' ,37 ,1 ,3, 3
205 ,195, 186, '164 143 162 179 135 145 146 133 140 150 145 129 158 162 130 139 ' ,'0 0 0 5 0 4 0 0 0 0 0 0 0 9 0 0 ' ,45 ,1 ,2, 2
232 ,196, 210, '175 156 173 157 143 149 154 149 144 187 146 137 172 144 133 147 ' ,'0 0 0 0 0 0 0 0 0 0 0 0 4 0 0 0 ' ,62 ,1 ,4, 4
209 ,218, 187, '162 174 177 166 129 137 165 147 145 136 143 146 153 145 129 150 ' ,'0 17 5 0 0 0 5 14 0 0 0 9 0 0 0 5 ' ,42 ,1 ,3, 3
214 ,197, 193, '167 142 153 159 169 152 136 125 136 155 148 131 151 170 140 146 ' ,'3 0 0 0 24 0 0 0 0 4 4 0 0 7 0 0 ' ,56 ,1 ,6, 6
204 ,201, 183, '162 173 162 166 128 138 152 123 140 134 151 131 163 153 133 148 ' ,'0 0 0 5 0 4 0 0 0 0 0 0 4 0 0 0 ' ,49 ,0 ,4, 4
188 ,191, 163, '152 151 144 146 123 143 137 120 123 137 132 136 152 131 122 140 ' ,'0 5 0 0 0 0 4 0 0 0 0 0 0 0 0 0 ' ,35 ,1 ,1, 1
201 ,178, 178, '160 150 145 164 119 126 138 131 126 128 126 133 144 139 118 122 ' ,'3 0 7 5 0 0 0 10 0 0 0 6 5 8 6 0 ' ,46 ,1 ,2, 2
213 ,188, 192, '183 145 141 165 130 146 137 140 128 133 138 137 130 157 121 128 ' ,'0 0 0 0 10 4 4 0 7 0 3 0 0 0 0 0 ' ,57 ,1 ,3, 3
206 ,205, 187, '174 143 155 169 124 143 139 121 121 138 151 130 160 140 127 145 ' ,'6 6 8 0 0 0 0 0 0 0 0 0 5 7 13 3 ' ,58 ,2 ,4, 4
204 ,194, 182, '155 137 149 174 118 141 141 135 123 136 148 130 144 143 115 141 ' ,'0 0 0 5 0 0 5 13 0 5 4 11 0 0 0 0 ' ,52 ,1 ,1, 1
246 ,195, 220, '153 147 150 212 113 150 136 121 176 127 132 128 157 163 120 131 ' ,'0 5 0 0 0 3 0 0 8 0 0 0 7 7 0 0 ' ,92 ,1 ,4, 3
201 ,235, 180, '167 135 156 171 125 136 152 136 129 157 131 146 133 136 134 148 ' ,'0 0 6 4 0 0 4 11 0 0 0 11 0 0 9 4 ' ,43 ,1 ,3, 3
198 ,191, 176, '167 137 140 159 131 136 132 117 122 148 140 129 136 142 129 135 ' ,'0 0 0 0 6 0 0 0 6 6 4 0 5 4 0 0 ' ,51 ,1 ,2, 2
198 ,189, 179, '163 142 146 169 130 139 131 116 116 149 132 128 141 136 112 126 ' ,'6 5 5 5 0 3 0 0 0 0 0 0 0 0 0 0 ' ,54 ,1 ,2, 2
253 ,192, 227, '153 130 152 150 124 139 132 119 124 123 134 125 134 140 112 136 ' ,'0 0 0 0 0 0 3 0 0 0 0 0 0 0 0 4 ' ,37 ,1 ,61, 3
229 ,408, 206, '158 148 176 172 137 131 161 142 131 187 131 138 164 146 133 137 ' ,'0 0 0 0 0 0 0 10 0 13 0 10 21 8 11 0 ' ,67 ,1 ,4, 4
232 ,218, 210, '200 151 148 165 140 158 151 125 165 141 161 131 158 160 151 156 ' ,'29 11 0 0 11 0 0 0 25 0 6 0 0 0 0 0 ' ,77 ,1 ,2, 2
224 ,222, 203, '165 145 162 191 150 130 151 134 158 150 136 137 147 140 129 159 ' ,'0 0 15 19 0 6 5 0 0 0 0 0 0 0 0 0 ' ,63 ,1 ,5, 5
267 ,212, 235, '174 148 150 161 134 140 140 123 127 121 143 131 219 139 125 148 ' ,'0 0 0 0 0 0 0 0 0 0 0 0 84 0 0 13 ' ,100 ,1 ,5, 5
275 ,245, 255, '242 179 151 178 146 146 155 142 201 226 143 166 139 167 151 170 ' ,'73 18 0 0 0 0 4 19 60 91 9 21 0 16 12 0 ' ,102 ,2 ,5, 5
295 ,266, 271, '148 136 182 255 150 127 142 115 127 126 132 122 160 134 132 138 ' ,'0 0 38 98 31 5 0 0 0 0 0 0 8 0 0 0 ' ,141 ,1 ,4, 4
217 ,283, 195, '185 142 140 164 128 136 139 117 127 134 139 133 133 153 131 151 ' ,'19 0 0 0 0 0 3 0 0 0 0 0 0 19 0 25 ' ,70 ,1 ,2, 2
218 ,206, 197, '151 160 174 183 121 134 141 155 156 162 135 163 158 156 139 135 ' ,'0 10 18 5 0 0 0 17 30 34 4 23 8 0 9 0 ' ,54 ,1 ,4, 4
201 ,207, 178, '166 144 130 158 135 128 143 115 122 135 139 129 143 139 143 158 ' ,'0 0 0 0 18 4 3 0 0 0 0 0 0 6 0 5 ' ,54 ,1 ,3, 3
217 ,192, 193, '181 159 168 168 119 127 141 132 124 153 163 142 153 151 132 152 ' ,'16 14 7 4 0 0 0 0 0 12 0 0 5 0 5 0 ' ,61 ,1 ,2, 2
213 ,206, 190, '178 135 159 181 141 123 138 126 142 131 146 131 136 155 129 139 ' ,'0 0 0 0 11 0 0 7 16 0 5 9 0 7 0 0 ' ,60 ,1 ,4, 4
200 ,202, 180, '170 134 144 157 108 141 141 124 118 134 142 120 143 126 118 143 ' ,'6 0 0 0 0 3 3 0 0 0 0 0 5 0 0 5 ' ,52 ,1 ,4, 4
205 ,190, 183, '158 153 153 152 124 132 144 132 123 169 131 137 150 136 124 136 ' ,'0 5 5 0 0 0 0 0 0 0 0 0 0 0 6 0 ' ,49 ,0 ,4, 4
209 ,191, 187, '156 148 170 173 169 133 137 129 133 149 151 137 145 150 119 137 ' ,'0 0 0 0 0 0 5 7 11 13 3 14 5 5 0 0 ' ,51 ,1 ,2, 2
194 ,199, 174, '163 143 156 161 145 139 136 119 132 140 136 121 138 159 117 157 ' ,'5 0 0 5 9 6 0 0 0 0 0 0 0 0 0 0 ' ,39 ,1 ,2, 2
204 ,186, 182, '170 145 156 166 119 148 141 133 142 129 138 119 147 150 124 153 ' ,'0 0 5 0 0 0 6 0 0 0 0 0 0 5 0 7 ' ,53 ,1 ,4, 4
204 ,189, 182, '167 156 148 168 132 128 145 122 121 144 139 130 150 135 151 136 ' ,'0 0 0 0 0 0 0 0 0 10 0 0 5 0 8 0 ' ,47 ,1 ,8, 8
210 ,188, 189, '173 158 150 182 137 138 145 136 144 136 139 150 148 142 132 148 ' ,'5 0 0 0 0 0 0 9 14 0 4 9 0 0 0 0 ' ,46 ,1 ,2, 2
201 ,203, 180, '167 159 159 170 136 146 149 123 137 135 144 138 151 148 142 151 ' ,'0 8 9 6 7 0 0 0 0 0 0 0 0 8 0 0 ' ,44 ,1 ,2, 2
201 ,193, 178, '163 145 152 149 125 132 134 137 124 143 136 128 149 142 127 146 ' ,'0 0 0 0 0 4 3 0 0 0 0 0 4 0 0 5 ' ,37 ,1 ,5, 5
222 ,186, 199, '169 143 140 190 145 177 138 124 125 153 145 140 144 151 142 164 ' ,'6 0 0 6 0 0 0 0 0 11 3 0 0 0 12 0 ' ,66 ,1 ,3, 3
220 ,213, 200, '167 184 158 163 125 142 135 137 130 130 150 149 129 140 160 135 ' ,'0 11 11 0 9 0 3 11 0 0 0 12 4 8 0 6 ' ,56 ,1 ,4, 4
222 ,205, 193, '180 143 138 164 130 162 147 120 120 137 148 137 137 136 130 150 ' ,'6 0 0 0 0 7 0 0 0 0 0 0 0 0 0 0 ' ,67 ,1 ,2, 2
207 ,208, 188, '165 151 158 180 136 145 146 119 143 152 139 142 155 154 135 140 ' ,'0 7 6 4 0 0 3 0 14 17 6 5 6 4 13 0 ' ,48 ,1 ,2, 2
219 ,200, 193, '166 134 148 168 136 129 129 125 122 134 131 123 140 136 167 152 ' ,'4 0 0 0 9 4 0 0 0 0 0 0 0 0 0 7 ' ,63 ,0 ,3, 3
200 ,204, 174, '150 154 135 170 147 143 147 121 125 138 142 132 142 151 127 140 ' ,'0 3 3 5 0 0 4 0 0 7 5 0 5 4 5 0 ' ,50 ,1 ,2, 2
182 ,192, 162, '152 149 136 150 137 125 131 125 131 124 134 132 139 150 116 153 ' ,'0 0 0 0 13 0 0 6 7 0 0 5 0 0 0 7 ' ,36 ,1 ,2, 2
187 ,169, 171, '158 136 140 156 117 142 140 119 125 133 151 130 139 162 118 138 ' ,'4 0 0 5 0 3 4 0 0 0 0 0 3 5 0 0 ' ,47 ,2 ,1, 1
191 ,181, 177, '161 137 162 159 133 130 143 134 132 141 132 125 141 133 136 131 ' ,'0 0 6 0 0 0 0 0 0 4 4 0 0 0 8 0 ' ,37 ,1 ,3, 3
201 ,182, 184, '172 154 154 149 132 138 152 129 121 136 157 130 143 167 130 139 ' ,'5 0 0 0 5 0 0 0 5 0 0 4 3 6 0 6 ' ,55 ,2 ,4, 4
194 ,190, 178, '165 150 138 152 110 144 158 119 119 131 146 138 144 137 117 159 ' ,'0 4 0 4 0 3 5 0 0 0 0 0 0 0 0 0 ' ,56 ,1 ,3, 3
190 ,187, 176, '159 142 162 154 132 144 137 130 122 133 142 122 139 139 130 145 ' ,'0 0 5 0 0 0 0 0 0 0 0 0 0 0 0 0 ' ,43 ,1 ,4, 4
197 ,184, 181, '162 155 170 167 141 155 151 130 137 145 157 135 146 156 149 150 ' ,'0 0 0 0 0 0 4 0 0 5 8 0 3 4 6 0 ' ,41 ,1 ,4, 4
213 ,190, 198, '171 159 155 175 147 156 148 128 131 139 150 142 148 162 136 151 ' ,'9 0 0 6 6 0 0 0 10 0 0 8 0 0 0 6 ' ,60 ,1 ,5, 5
208 ,207, 192, '174 168 180 158 136 141 163 144 132 130 140 156 176 151 135 165 ' ,'0 7 8 0 0 4 0 8 0 0 0 0 6 0 0 0 ' ,52 ,2 ,4, 4
200 ,200, 182, '165 155 154 173 135 140 164 137 135 135 134 138 145 155 137 159 ' ,'0 0 0 0 0 0 5 0 0 0 0 0 0 4 0 0 ' ,38 ,1 ,5, 5
229 ,189, 215, '201 154 151 185 147 144 155 135 125 159 149 136 152 141 147 155 ' ,'13 0 0 7 0 0 0 0 0 13 4 0 0 0 7 0 ' ,80 ,1 ,4, 4
203 ,222, 184, '163 168 174 174 140 153 164 130 141 140 138 150 162 155 126 149 ' ,'0 5 8 0 5 0 0 6 12 0 0 9 4 0 0 6 ' ,52 ,1 ,2, 2
203 ,198, 188, '161 153 150 169 125 166 158 132 126 136 150 134 132 149 131 179 ' ,'0 0 0 0 0 3 6 0 0 0 0 0 0 6 0 0 ' ,55 ,1 ,2, 2
217 ,201, 196, '181 144 150 166 141 155 142 123 120 150 146 123 154 146 130 181 ' ,'10 0 0 4 0 0 0 0 0 11 7 0 3 0 4 4 ' ,65 ,1 ,2, 2
206 ,208, 188, '155 168 147 164 133 141 162 129 132 145 142 142 139 149 135 139 ' ,'0 4 6 0 4 0 4 7 10 0 0 4 0 7 0 0 ' ,51 ,10 ,1, 1
215 ,202, 192, '174 147 148 161 124 144 148 131 127 137 161 129 141 134 118 151 ' ,'8 0 0 5 0 4 0 0 0 8 4 0 5 0 0 0 ' ,50 ,2 ,3, 3
194 ,202, 173, '153 150 152 159 135 136 156 138 124 136 140 136 137 142 128 146 ' ,'0 3 6 0 5 0 8 0 0 0 0 0 0 5 4 4 ' ,38 ,1 ,3, 3
200 ,185, 173, '152 147 156 164 116 138 146 130 118 123 127 137 151 145 119 142 ' ,'5 0 0 5 0 6 0 4 7 0 0 5 4 0 0 0 ' ,46 ,2 ,3, 3
218 ,186, 199, '169 150 146 179 125 144 151 114 120 168 136 129 132 150 135 145 ' ,'0 6 5 0 0 0 5 0 0 8 4 0 0 6 5 3 ' ,76 ,1 ,2, 2
196 ,213, 174, '153 143 139 167 123 137 139 121 127 134 135 129 134 139 120 148 ' ,'5 0 0 5 3 0 0 0 4 0 0 5 4 0 0 0 ' ,47 ,1 ,1, 1
208 ,194, 187, '153 161 149 175 133 143 139 122 123 128 125 128 132 150 109 162 ' ,'0 9 0 0 0 7 0 5 0 0 0 0 0 4 0 0 ' ,57 ,1 ,2, 2
196 ,203, 172, '151 140 147 152 122 134 147 143 112 148 144 122 137 124 124 139 ' ,'0 0 5 0 0 0 4 0 0 9 6 0 4 0 5 5 ' ,52 ,1 ,4, 4
215 ,182, 189, '158 150 138 176 138 147 152 117 135 141 134 137 148 168 129 141 ' ,'6 0 0 4 7 0 0 0 8 0 0 4 0 6 0 0 ' ,60 ,1 ,3, 3
198 ,199, 173, '151 153 163 152 119 143 156 145 121 131 133 120 157 135 114 140 ' ,'0 11 5 0 0 6 5 8 0 0 0 0 3 0 0 0 ' ,44 ,1 ,2, 2
234 ,183, 208, '164 140 151 163 126 142 150 127 125 139 146 131 133 141 133 138 ' ,'5 0 0 3 0 0 0 0 0 9 5 0 0 4 6 4 ' ,69 ,28 ,3, 3
207 ,218, 182, '150 146 142 166 125 134 148 132 120 130 136 121 158 134 137 142 ' ,'0 0 0 0 6 0 0 0 0 0 0 0 3 0 0 0 ' ,49 ,1 ,4, 4
221 ,190, 196, '183 147 166 163 135 165 150 126 138 156 143 132 146 158 137 144 ' ,'0 6 7 0 0 8 4 6 8 0 0 0 0 0 0 0 ' ,58 ,1 ,3, 3
214 ,206, 192, '161 142 155 167 139 146 151 132 137 137 145 135 140 151 155 153 ' ,'0 0 0 0 0 0 0 0 0 8 3 0 0 5 0 0 ' ,43 ,1 ,5, 5
221 ,201, 188, '176 155 167 175 151 163 155 135 147 135 162 133 149 148 143 161 ' ,'7 0 0 3 0 0 0 0 0 0 0 0 3 0 7 4 ' ,46 ,1 ,2, 2
204 ,205, 182, '152 153 154 166 145 145 159 138 126 148 125 143 146 141 135 140 ' ,'0 10 0 0 7 0 0 0 0 0 0 8 0 0 0 0 ' ,44 ,1 ,5, 5
216 ,190, 193, '179 157 161 184 139 147 151 145 146 127 139 136 149 154 124 155 ' ,'7 0 9 4 0 4 0 12 11 0 0 0 0 9 0 0 ' ,49 ,1 ,2, 1
224 ,205, 202, '164 150 149 176 133 138 156 131 129 150 137 148 141 151 173 148 ' ,'0 0 0 0 0 0 4 0 0 7 0 0 3 0 5 5 ' ,65 ,1 ,1, 1
213 ,214, 190, '151 162 167 170 140 152 153 137 131 138 137 153 151 177 145 144 ' ,'0 7 9 0 9 4 0 0 0 0 0 7 0 7 0 0 ' ,41 ,1 ,3, 3
218 ,198, 180, '172 151 166 166 124 166 148 129 117 142 149 133 146 139 150 150 ' ,'7 0 0 0 0 0 5 8 0 5 3 0 5 0 0 4 ' ,63 ,1 ,3, 3
242 ,199, 215, '155 144 145 179 120 140 145 134 124 162 135 137 149 145 136 151 ' ,'0 3 4 0 0 0 0 0 0 0 0 0 0 5 6 0 ' ,77 ,19 ,2, 2
218 ,225, 192, '158 149 142 178 114 142 149 127 148 129 134 143 140 148 135 143 ' ,'4 0 0 5 0 9 4 5 4 0 0 9 4 0 0 0 ' ,52 ,1 ,2, 2
208 ,201, 183, '159 139 142 172 112 133 149 123 114 134 129 123 116 148 134 140 ' ,'0 6 4 0 0 0 0 0 0 6 3 0 0 4 4 3 ' ,60 ,1 ,2, 2
191 ,194, 165, '144 141 148 151 115 132 145 115 114 125 134 129 124 147 110 129 ' ,'5 0 0 3 7 0 4 0 0 0 0 0 3 0 0 0 ' ,40 ,2 ,3, 3
206 ,174, 182, '155 141 144 170 112 142 158 129 137 134 130 130 141 156 134 141 ' ,'0 0 0 0 0 4 0 6 10 0 0 7 0 5 0 0 ' ,41 ,1 ,2, 2
270 ,193, 238, '170 152 156 149 116 146 171 122 119 146 139 140 159 119 116 148 ' ,'0 5 5 0 0 0 4 0 0 7 4 0 6 0 0 6 ' ,60 ,1 ,54, 2
242 ,344, 215, '201 154 151 174 124 165 146 118 132 141 161 132 145 150 133 159 ' ,'44 0 0 5 0 0 0 0 0 0 0 0 0 0 0 0 ' ,86 ,2 ,4, 4
233 ,225, 209, '184 149 157 179 179 169 155 130 162 156 155 137 142 174 139 144 ' ,'0 0 0 0 28 26 0 0 0 0 0 0 0 25 0 0 ' ,70 ,1 ,3, 3
293 ,221, 265, '153 249 148 178 134 144 180 159 140 142 145 222 184 152 140 142 ' ,'0 85 0 0 0 0 24 18 6 0 0 40 7 0 0 0 ' ,114 ,1 ,4, 4
318 ,276, 283, '267 150 157 183 143 167 158 126 136 185 148 128 142 152 251 162 ' ,'90 0 0 11 0 0 0 0 0 49 10 0 0 0 99 15 ' ,143 ,2 ,4, 4
346 ,292, 321, '161 144 171 193 197 260 305 139 150 163 156 135 156 145 142 144 ' ,'0 0 0 0 60 112 152 0 0 0 0 0 4 0 0 0 ' ,171 ,1 ,4, 4
362 ,329, 337, '165 324 288 172 147 158 166 182 152 141 148 178 166 155 138 146 ' ,'0 166 122 0 0 0 0 54 10 0 0 33 0 0 0 0 ' ,184 ,2 ,2, 2
288 ,350, 262, '190 165 154 180 153 172 171 145 147 229 204 149 154 166 168 194 ' ,'10 0 0 4 0 0 15 0 0 54 58 0 7 19 29 41 ' ,104 ,1 ,4, 4
214 ,271, 190, '169 154 153 159 148 178 162 136 133 146 147 144 144 159 136 163 ' ,'0 0 0 0 4 23 0 0 0 0 0 0 0 0 0 0 ' ,48 ,1 ,2, 2
220 ,201, 195, '158 149 163 180 120 131 154 145 132 141 151 153 143 166 119 138 ' ,'4 0 5 5 0 0 15 19 7 0 0 11 4 8 0 4 ' ,50 ,2 ,3, 3
193 ,203, 176, '154 133 145 154 137 142 137 115 122 149 129 128 137 126 127 132 ' ,'0 0 0 0 0 0 0 0 0 4 0 0 0 0 4 0 ' ,50 ,1 ,2, 2
211 ,184, 184, '157 143 148 172 121 148 148 127 132 129 127 127 140 146 123 127 ' ,'0 3 4 4 5 18 10 0 0 0 0 0 4 8 0 0 ' ,48 ,1 ,3, 3
222 ,195, 197, '181 137 153 147 118 132 125 126 136 148 155 129 142 133 160 157 ' ,'6 0 0 0 0 0 0 9 17 0 12 8 0 0 0 16 ' ,60 ,2 ,4, 4
216 ,207, 190, '145 138 145 163 129 145 133 125 129 161 134 133 134 151 140 134 ' ,'0 0 0 0 0 0 0 0 0 6 0 0 0 12 7 0 ' ,57 ,1 ,2, 2
226 ,199, 199, '179 139 156 175 137 162 144 124 125 132 151 130 148 144 129 142 ' ,'0 11 4 6 5 18 11 0 0 0 0 0 6 0 0 0 ' ,63 ,2 ,4, 4
252 ,211, 225, '176 158 157 160 125 140 144 149 138 131 136 144 141 162 132 137 ' ,'5 0 0 0 0 0 0 17 6 0 0 11 0 15 0 0 ' ,77 ,32 ,4, 4
209 ,235, 183, '158 140 150 171 132 153 153 125 142 143 166 144 157 150 132 158 ' ,'0 0 0 0 0 0 13 0 0 4 17 0 5 0 0 16 ' ,46 ,1 ,3, 3
209 ,194, 182, '157 163 160 169 148 161 154 135 136 145 141 143 152 142 139 146 ' ,'0 7 5 4 0 17 0 0 0 0 0 0 0 0 4 0 ' ,38 ,1 ,2, 2
223 ,191, 198, '169 143 162 174 151 150 138 129 143 148 145 131 141 171 138 160 ' ,'6 0 0 0 5 0 0 0 0 0 0 0 0 19 0 0 ' ,57 ,2 ,4, 4
205 ,208, 180, '160 144 153 167 145 144 162 155 154 140 156 149 153 155 131 161 ' ,'0 0 0 0 0 0 13 22 12 0 14 8 4 0 0 19 ' ,26 ,2 ,3, 3
212 ,189, 187, '148 149 163 158 122 135 155 125 129 147 138 131 154 120 155 140 ' ,'0 9 8 7 0 0 0 0 0 14 0 0 0 0 7 0 ' ,55 ,2 ,4, 4
207 ,195, 182, '168 146 138 164 128 148 155 122 135 128 139 125 136 148 120 134 ' ,'7 0 0 0 5 13 16 0 0 0 0 0 9 17 0 0 ' ,50 ,1 ,2, 2
211 ,192, 184, '162 145 157 173 125 133 137 133 171 146 140 130 149 128 118 151 ' ,'0 0 6 5 0 0 0 12 14 0 6 7 0 0 0 6 ' ,48 ,1 ,2, 2
214 ,193, 188, '156 140 148 145 134 157 143 121 140 146 145 121 145 148 147 143 ' ,'6 0 0 0 0 12 5 0 0 9 0 0 3 19 7 0 ' ,53 ,1 ,3, 3
207 ,196, 177, '149 149 146 138 125 137 130 117 126 137 128 135 142 146 135 130 ' ,'0 0 3 0 5 0 0 0 5 0 0 10 0 0 0 0 ' ,50 ,2 ,3, 3
231 ,188, 207, '168 139 154 155 121 137 140 134 121 132 146 137 151 148 119 142 ' ,'6 5 0 5 0 0 6 7 0 0 4 0 3 9 0 8 ' ,74 ,24 ,4, 4
195 ,215, 175, '148 131 156 151 126 155 136 117 117 143 132 121 145 130 125 140 ' ,'0 0 0 0 0 13 0 0 0 7 0 0 0 0 5 0 ' ,47 ,1 ,3, 3
202 ,184, 182, '155 136 151 170 128 130 124 123 124 135 138 121 140 149 119 139 ' ,'0 0 4 5 4 0 0 0 0 0 0 0 0 0 0 0 ' ,48 ,1 ,4, 4
206 ,192, 190, '172 159 165 174 133 139 163 134 144 137 147 143 152 160 148 162 ' ,'4 5 0 0 0 0 9 9 6 0 4 9 4 12 0 5 ' ,44 ,1 ,3, 3
221 ,199, 197, '164 148 154 170 161 146 150 146 132 141 150 134 143 149 127 151 ' ,'0 0 0 0 0 0 0 0 0 8 0 0 0 0 0 0 ' ,58 ,1 ,2, 2
216 ,209, 195, '171 163 179 173 158 162 139 141 135 133 147 140 153 150 145 169 ' ,'0 0 6 0 0 11 0 0 0 0 0 0 4 0 7 0 ' ,48 ,2 ,8, 8
216 ,200, 197, '153 151 156 183 148 153 142 147 155 139 144 155 155 162 134 169 ' ,'0 0 0 6 4 0 0 0 4 0 0 10 0 9 0 0 ' ,43 ,2 ,3, 3
213 ,210, 195, '177 156 164 165 138 155 149 144 151 140 162 132 159 150 134 152 ' ,'4 0 0 0 0 0 0 10 0 0 0 0 0 0 0 4 ' ,52 ,2 ,4, 4
291 ,205, 272, '163 152 163 150 127 133 165 126 130 144 161 136 154 157 133 141 ' ,'0 0 0 0 0 0 9 0 0 4 0 0 4 8 0 0 ' ,44 ,2 ,88, 2
214 ,293, 202, '159 160 151 191 132 147 145 120 132 161 144 137 144 165 160 130 ' ,'0 9 0 13 0 0 0 0 0 0 0 0 0 0 22 0 ' ,72 ,1 ,4, 4
279 ,208, 265, '171 141 175 163 121 140 177 160 133 144 162 205 148 145 129 144 ' ,'0 0 0 0 5 0 0 34 0 0 10 76 10 0 0 10 ' ,136 ,49 ,3, 3
264 ,276, 250, '177 141 231 194 116 170 144 117 149 144 121 126 161 134 137 128 ' ,'0 0 98 50 0 47 14 0 0 11 0 0 0 10 0 0 ' ,124 ,2 ,3, 3
290 ,259, 277, '258 175 152 164 117 143 127 127 264 132 199 236 179 141 171 137 ' ,'101 35 0 0 0 0 0 0 143 0 12 90 45 0 52 0 ' ,149 ,1 ,3, 3
227 ,285, 211, '162 148 150 168 128 134 140 198 139 127 143 120 175 149 113 158 ' ,'0 0 5 12 6 0 8 66 0 0 0 0 0 15 0 27 ' ,88 ,1 ,4, 4
230 ,224, 216, '182 157 141 150 138 204 133 124 122 163 166 134 160 148 116 164 ' ,'7 14 0 0 0 64 0 0 0 30 0 0 18 0 0 0 ' ,88 ,1 ,3, 3
202 ,226, 189, '161 146 147 179 125 138 157 132 140 138 133 131 144 162 162 137 ' ,'0 0 0 0 0 0 10 0 4 0 0 3 0 9 34 0 ' ,53 ,1 ,2, 2
205 ,197, 189, '171 148 153 183 134 153 141 125 128 136 153 129 144 144 125 169 ' ,'0 0 5 13 4 0 0 0 0 0 11 0 0 0 0 13 ' ,57 ,1 ,2, 2
205 ,202, 191, '179 152 165 171 139 144 141 133 128 145 144 146 169 154 129 147 ' ,'5 0 0 0 0 5 0 0 0 0 0 0 20 7 0 0 ' ,55 ,1 ,4, 4
194 ,198, 179, '166 154 152 155 128 133 153 142 125 148 129 138 145 149 125 130 ' ,'0 0 0 0 0 0 6 0 0 16 0 0 0 0 0 0 ' ,47 ,2 ,3, 3
204 ,188, 190, '170 161 152 184 155 168 151 142 141 159 154 138 159 155 160 147 ' ,'0 0 0 0 0 0 0 0 3 0 18 3 11 0 25 0 ' ,44 ,1 ,3, 2
244 ,202, 229, '168 152 155 188 149 196 149 140 145 141 195 139 156 180 139 165 ' ,'4 0 0 12 4 0 0 7 0 0 0 0 0 4 0 14 ' ,82 ,21 ,2, 2
213 ,247, 193, '173 163 167 174 137 155 159 138 139 148 143 152 159 172 135 143 ' ,'0 10 0 0 0 5 4 0 0 0 0 0 0 0 0 0 ' ,45 ,2 ,4, 4
212 ,201, 195, '158 151 159 152 143 149 151 133 124 160 142 130 156 152 139 152 ' ,'0 0 0 0 0 0 0 0 0 11 0 0 9 0 0 0 ' ,64 ,1 ,2, 2
212 ,208, 193, '167 157 148 182 137 156 155 127 154 133 144 146 139 162 155 136 ' ,'0 0 5 19 0 0 6 0 3 0 10 3 0 9 13 0 ' ,57 ,2 ,2, 2
198 ,213, 178, '157 150 136 162 119 132 152 120 119 137 140 135 147 142 145 132 ' ,'0 12 0 0 0 0 0 11 0 0 0 0 10 0 0 5 ' ,51 ,1 ,3, 3
211 ,187, 192, '169 125 138 164 114 124 131 118 124 157 125 138 133 133 128 125 ' ,'0 0 0 10 0 0 6 0 0 13 0 0 0 4 0 0 ' ,65 ,1 ,3, 3
217 ,201, 195, '159 141 143 154 135 136 142 118 129 156 164 139 157 138 141 155 ' ,'6 0 0 0 6 0 0 0 4 0 16 4 8 0 11 6 ' ,66 ,2 ,3, 3
208 ,204, 188, '152 135 151 176 133 150 140 142 133 132 139 130 137 146 122 149 ' ,'0 0 0 0 0 16 5 11 0 0 0 0 0 5 0 0 ' ,48 ,2 ,2, 2
218 ,202, 196, '160 133 150 185 116 126 139 129 132 152 126 124 141 166 145 143 ' ,'8 0 5 4 0 0 0 0 0 16 0 3 5 0 10 0 ' ,60 ,1 ,3, 3
204 ,207, 181, '158 147 157 167 146 143 152 123 132 152 148 139 132 138 116 139 ' ,'0 6 0 0 7 0 4 7 4 0 16 0 0 4 0 5 ' ,52 ,1 ,2, 2
223 ,194, 202, '172 134 147 157 129 131 131 126 123 135 136 129 139 147 124 133 ' ,'6 0 4 6 0 4 0 0 0 7 0 0 3 0 0 0 ' ,70 ,17 ,4, 4
204 ,214, 186, '169 144 140 152 116 139 145 122 128 144 139 134 137 156 138 132 ' ,'0 4 0 0 0 0 5 0 0 0 5 3 0 8 9 0 ' ,53 ,2 ,4, 4
239 ,196, 217, '150 144 132 166 120 138 137 121 137 148 207 124 149 154 124 202 ' ,'0 0 0 0 0 0 0 0 5 0 0 0 0 0 0 6 ' ,86 ,2 ,3, 3
219 ,231, 201, '180 140 151 185 119 148 151 134 145 138 139 136 153 152 124 145 ' ,'3 0 4 6 0 4 0 7 0 0 0 0 4 6 0 0 ' ,52 ,2 ,4, 4
203 ,208, 181, '167 156 142 172 125 141 150 125 141 140 136 143 144 149 147 134 ' ,'0 0 0 0 0 0 3 0 0 6 0 0 0 0 0 0 ' ,48 ,2 ,2, 2
245 ,196, 226, '171 157 165 167 128 151 164 144 136 184 149 144 158 173 138 157 ' ,'0 4 0 0 0 0 0 0 0 0 6 0 5 0 0 0 ' ,78 ,2 ,4, 4
227 ,236, 207, '189 156 165 175 124 155 151 149 145 131 152 136 165 171 147 150 ' ,'3 0 4 5 0 0 0 0 3 0 0 0 0 14 0 5 ' ,58 ,2 ,5, 5
190 ,217, 170, '159 145 149 162 131 133 137 142 135 134 137 139 146 148 127 143 ' ,'0 0 0 0 5 0 4 0 0 0 0 0 0 0 0 0 ' ,29 ,2 ,2, 2
205 ,189, 185, '161 162 146 162 125 150 151 120 133 143 144 145 148 152 152 151 ' ,'0 9 0 0 0 0 0 0 0 7 6 5 7 7 16 0 ' ,50 ,2 ,3, 3
205 ,195, 188, '174 148 157 169 119 147 139 128 149 125 154 145 149 153 111 161 ' ,'5 0 4 10 0 5 6 0 6 0 0 0 0 0 0 13 ' ,51 ,2 ,2, 2
184 ,202, 167, '153 142 151 151 131 134 130 123 128 135 129 130 135 129 126 125 ' ,'0 9 0 0 5 0 0 7 0 9 0 0 5 3 0 0 ' ,36 ,1 ,2, 2
205 ,176, 185, '171 145 149 157 109 144 147 124 125 140 125 142 142 140 126 138 ' ,'9 0 5 7 0 0 4 0 0 0 4 4 0 0 8 0 ' ,53 ,2 ,2, 2
202 ,195, 184, '168 133 152 151 136 136 132 127 136 129 139 119 155 155 127 144 ' ,'0 0 0 0 0 6 0 6 4 0 0 0 3 3 0 5 ' ,50 ,1 ,3, 3
196 ,191, 176, '163 142 142 167 134 127 139 117 130 139 133 149 139 136 132 128 ' ,'7 0 0 0 0 0 4 0 0 6 0 6 0 0 10 0 ' ,50 ,2 ,2, 2
200 ,190, 180, '162 144 159 165 127 137 149 130 144 148 149 132 145 169 122 151 ' ,'0 0 4 5 0 0 0 0 0 0 6 0 4 8 0 5 ' ,41 ,2 ,1, 1
207 ,190, 185, '160 150 142 176 125 151 149 126 147 126 135 134 154 145 119 158 ' ,'0 5 0 0 0 18 4 0 4 0 0 0 0 0 0 0 ' ,47 ,2 ,2, 2
212 ,201, 192, '176 157 160 163 141 141 146 140 124 144 142 136 150 141 130 146 ' ,'6 0 4 0 4 0 0 0 0 0 0 6 3 0 0 0 ' ,59 ,1 ,3, 3
195 ,199, 175, '160 151 151 167 125 141 140 139 146 132 139 139 148 146 129 136 ' ,'0 0 0 4 0 0 0 0 0 0 3 0 0 3 0 0 ' ,33 ,1 ,2, 2
285 ,190, 266, '164 164 162 166 127 159 153 125 133 123 136 144 142 140 137 152 ' ,'0 4 0 0 0 8 3 0 0 0 0 0 5 0 0 3 ' ,50 ,2 ,86, 3
243 ,449, 225, '173 150 174 192 150 142 159 153 178 159 153 142 174 212 135 158 ' ,'5 0 10 0 20 0 0 12 0 0 0 0 0 55 0 0 ' ,71 ,1 ,5, 4
241 ,237, 223, '181 167 149 167 146 143 161 126 145 190 148 153 149 153 174 142 ' ,'0 0 0 12 0 0 0 0 0 15 0 14 0 0 43 0 ' ,89 ,2 ,3, 3
235 ,232, 216, '204 147 178 157 130 155 153 144 145 144 187 132 194 152 134 183 ' ,'0 0 0 0 0 0 5 0 0 0 35 0 33 0 0 11 ' ,76 ,1 ,2, 2
375 ,230, 356, '237 151 157 158 153 244 143 133 195 135 177 132 149 344 132 144 ' ,'16 9 0 0 0 102 0 0 39 0 0 0 0 201 0 0 ' ,212 ,2 ,4, 4
320 ,369, 303, '164 156 165 177 267 137 152 166 135 195 138 251 220 159 237 134 ' ,'0 0 0 16 109 0 6 34 0 38 0 119 74 0 103 0 ' ,161 ,2 ,4, 4
256 ,316, 237, '203 143 132 146 123 167 147 108 138 121 224 126 129 149 120 162 ' ,'0 6 0 0 0 0 0 0 0 0 86 0 0 5 0 35 ' ,119 ,2 ,4, 4
326 ,248, 307, '164 136 159 164 134 294 135 119 223 119 186 132 155 133 114 132 ' ,'9 0 26 0 0 159 4 0 90 0 0 0 6 0 0 0 ' ,177 ,1 ,3, 3
235 ,318, 213, '154 136 166 160 178 136 137 138 134 161 142 143 150 138 141 146 ' ,'0 0 0 16 33 0 0 16 0 12 5 4 0 5 10 0 ' ,67 ,2 ,3, 3
218 ,222, 201, '186 137 160 154 129 143 145 122 146 144 136 131 156 128 119 150 ' ,'8 0 11 0 0 0 5 0 20 0 0 0 5 0 0 8 ' ,69 ,2 ,2, 2
197 ,212, 178, '152 136 138 167 128 133 135 122 135 139 140 122 138 161 111 140 ' ,'0 0 0 8 14 6 0 9 0 0 0 0 0 6 0 0 ' ,47 ,2 ,1, 1
219 ,190, 200, '161 152 145 164 158 134 148 118 157 162 136 149 142 142 128 157 ' ,'5 4 0 0 0 0 5 0 0 15 3 6 0 0 6 0 ' ,69 ,2 ,4, 4
208 ,209, 190, '168 144 176 166 148 138 155 130 148 135 146 135 161 151 133 150 ' ,'0 0 14 0 0 0 0 0 16 0 0 0 6 5 0 11 ' ,50 ,2 ,2, 2
205 ,203, 185, '165 150 154 172 136 156 160 128 143 143 143 140 162 148 130 144 ' ,'0 0 0 5 0 4 0 0 0 0 0 0 0 0 0 0 ' ,46 ,2 ,3, 3
211 ,196, 192, '160 153 171 165 157 141 149 150 137 141 153 136 154 143 154 146 ' ,'0 0 0 0 15 0 7 12 0 0 0 0 7 0 0 0 ' ,45 ,2 ,4, 4
223 ,202, 206, '150 155 151 161 143 145 158 127 146 171 152 150 158 166 153 157 ' ,'0 0 0 0 0 0 0 0 0 10 3 4 0 5 10 0 ' ,68 ,2 ,4, 4
232 ,215, 210, '196 159 174 169 137 144 159 149 158 157 150 145 156 147 156 169 ' ,'0 0 17 0 0 0 0 0 15 0 0 0 0 0 0 19 ' ,54 ,2 ,4, 4
221 ,221, 196, '181 177 176 182 144 150 157 151 149 150 154 147 165 174 154 148 ' ,'0 0 0 7 0 4 6 0 0 0 0 0 7 0 0 0 ' ,45 ,1 ,2, 2
223 ,214, 203, '183 156 158 161 161 149 154 153 138 152 170 132 148 159 145 145 ' ,'9 3 0 0 29 0 0 10 0 0 4 0 0 9 0 0 ' ,57 ,3 ,4, 4
258 ,209, 235, '173 152 174 174 143 144 166 139 137 172 147 149 160 148 198 167 ' ,'0 0 15 0 0 0 6 0 0 16 0 3 0 0 14 9 ' ,89 ,2 ,4, 4
205 ,249, 187, '162 141 150 176 139 140 134 135 158 126 148 125 151 155 133 152 ' ,'0 0 0 9 0 4 0 0 14 0 0 0 5 5 0 0 ' ,53 ,2 ,3, 3
196 ,200, 178, '157 157 162 162 135 144 140 138 126 125 140 148 146 138 117 154 ' ,'0 3 0 0 0 0 5 7 0 0 5 0 0 0 0 0 ' ,42 ,1 ,4, 4
220 ,189, 200, '172 140 162 184 157 137 135 139 159 166 140 139 145 139 159 142 ' ,'0 0 13 0 16 0 0 0 12 15 0 3 5 4 7 6 ' ,57 ,1 ,3, 3
211 ,210, 191, '168 146 150 159 123 142 145 120 120 131 147 136 142 143 106 143 ' ,'3 3 0 8 0 3 0 0 0 0 0 0 0 0 0 0 ' ,56 ,1 ,8, 8
197 ,197, 176, '159 145 164 152 125 142 160 129 120 124 138 132 150 152 106 133 ' ,'0 0 7 0 0 0 6 6 0 0 5 3 5 8 0 0 ' ,49 ,1 ,1, 1
218 ,191, 197, '161 161 161 160 148 149 137 124 139 151 136 128 127 140 137 140 ' ,'4 6 0 4 9 0 0 0 13 10 0 0 0 0 6 5 ' ,60 ,2 ,3, 3
216 ,209, 197, '155 147 182 151 118 142 154 127 124 131 131 128 149 144 134 127 ' ,'0 0 6 0 0 3 4 0 0 0 0 0 5 5 0 0 ' ,66 ,2 ,3, 3
203 ,208, 186, '168 145 164 155 142 144 150 126 131 139 151 136 146 149 126 142 ' ,'0 0 0 0 0 0 0 6 0 0 3 4 0 0 0 0 ' ,50 ,2 ,3, 3
239 ,196, 213, '172 167 159 168 153 153 156 131 135 167 145 151 138 149 141 147 ' ,'3 14 0 5 7 0 5 0 0 14 0 0 0 0 5 4 ' ,72 ,2 ,2, 2
213 ,227, 187, '167 150 167 162 126 155 156 132 147 138 139 136 146 157 141 140 ' ,'0 0 5 0 0 5 0 0 0 0 0 0 5 4 0 0 ' ,47 ,2 ,2, 2
215 ,208, 199, '166 155 166 166 123 147 160 152 144 157 145 140 152 145 129 139 ' ,'0 0 0 0 0 0 0 0 0 0 0 0 0 0 0 0 ' ,50 ,2 ,5, 5
255 ,209, 229, '175 164 165 160 142 149 163 141 142 145 140 139 136 159 128 157 ' ,'3 0 0 0 0 0 5 5 0 0 3 4 0 0 0 0 ' ,44 ,2 ,43, 2
271 ,413, 246, '164 153 171 232 181 174 137 130 202 170 170 133 152 167 168 189 ' ,'0 0 0 22 44 0 0 0 59 0 0 0 5 27 50 41 ' ,107 ,2 ,4, 4
197 ,255, 183, '165 160 161 146 125 155 172 123 119 137 154 153 131 156 121 149 ' ,'0 0 19 0 0 16 24 0 0 0 0 0 0 0 0 0 ' ,57 ,1 ,2, 2
393 ,190, 376, '191 177 179 159 203 154 171 141 142 357 167 170 168 280 143 157 ' ,'26 29 0 8 73 0 0 11 0 210 10 25 9 135 0 0 ' ,225 ,2 ,4, 4
298 ,383, 284, '221 142 171 172 135 183 243 132 271 137 175 139 151 164 220 213 ' ,'0 0 23 0 0 40 102 0 145 0 0 0 0 0 93 73 ' ,141 ,2 ,4, 4
298 ,292, 283, '268 157 154 153 120 159 155 164 134 126 186 218 154 153 118 144 ' ,'101 18 0 4 0 0 0 31 0 0 4 77 4 4 0 0 ' ,156 ,2 ,3, 3
193 ,291, 178, '163 140 152 154 129 139 143 114 131 144 138 130 141 136 136 136 ' ,'0 0 10 0 5 0 5 0 6 5 0 0 0 0 9 4 ' ,54 ,3 ,3, 3
196 ,184, 182, '170 151 145 154 120 148 142 114 128 136 142 143 143 142 116 148 ' ,'3 9 0 0 0 9 0 0 0 0 0 0 5 3 0 0 ' ,58 ,1 ,2, 2
203 ,191, 188, '173 151 156 157 115 131 155 133 118 128 142 147 146 136 116 134 ' ,'0 0 10 4 0 0 5 9 0 0 5 6 0 0 0 0 ' ,63 ,2 ,2, 2
198 ,198, 183, '169 142 149 161 134 161 143 129 139 135 139 138 157 140 133 145 ' ,'4 0 0 0 5 7 6 0 4 4 0 0 4 3 5 3 ' ,43 ,2 ,4, 4
199 ,190, 182, '159 149 171 161 133 142 144 119 124 131 135 129 139 138 120 134 ' ,'0 7 6 5 0 0 0 0 0 0 5 0 0 0 0 0 ' ,56 ,2 ,1, 1
199 ,192, 185, '166 142 147 161 137 135 148 136 125 134 129 146 146 141 131 142 ' ,'4 0 0 0 3 0 4 14 0 4 0 5 4 4 0 4 ' ,50 ,2 ,5, 5
208 ,190, 193, '178 148 156 163 119 148 160 116 147 135 140 131 143 144 122 141 ' ,'0 7 5 6 0 8 0 0 6 0 0 0 0 0 4 0 ' ,66 ,2 ,2, 2
199 ,201, 185, '167 152 157 147 115 136 150 123 121 132 147 129 140 134 124 125 ' ,'4 0 0 0 0 0 4 5 0 0 3 5 3 5 0 0 ' ,60 ,2 ,3, 3
224 ,198, 201, '177 147 150 153 136 129 143 114 127 157 142 136 138 132 126 149 ' ,'0 6 0 0 4 0 0 0 5 5 0 0 0 0 3 10 ' ,76 ,3 ,3, 3
202 ,216, 181, '158 142 157 152 128 130 144 136 124 132 123 135 166 137 121 129 ' ,'0 0 15 6 0 0 4 0 0 0 0 0 3 5 0 0 ' ,50 ,2 ,2, 2
228 ,194, 207, '181 165 149 150 138 146 159 128 126 147 140 143 130 135 150 148 ' ,'5 0 0 0 0 0 0 0 0 0 4 0 0 0 0 0 ' ,72 ,2 ,3, 3
261 ,219, 243, '175 172 168 162 151 153 165 151 137 195 138 140 163 156 135 143 ' ,'0 21 0 0 13 0 0 14 0 9 0 0 4 0 0 0 ' ,97 ,1 ,4, 4
238 ,251, 202, '172 164 195 191 141 177 163 133 156 154 162 141 157 194 135 189 ' ,'0 0 25 14 0 18 4 0 10 0 0 0 0 17 5 20 ' ,74 ,2 ,4, 4
224 ,229, 201, '170 144 159 161 130 145 134 129 129 156 133 127 130 129 132 133 ' ,'7 0 0 0 0 0 0 0 0 0 0 0 0 0 0 0 ' ,62 ,3 ,4, 4
223 ,211, 201, '158 180 169 168 142 137 168 146 120 142 169 183 134 152 123 144 ' ,'0 31 0 0 12 0 5 20 0 0 15 51 7 6 0 0 ' ,73 ,3 ,3, 3
238 ,214, 211, '168 147 174 171 137 166 127 155 154 158 164 134 140 130 144 159 ' ,'0 0 19 10 0 21 0 0 17 12 0 0 0 0 6 9 ' ,70 ,2 ,4, 4
219 ,221, 197, '177 151 154 161 122 133 153 133 127 136 142 141 145 136 134 139 ' ,'8 10 0 0 0 0 6 0 0 0 0 0 4 5 0 0 ' ,56 ,2 ,3, 3
215 ,207, 193, '167 151 157 175 124 136 154 161 125 152 146 157 158 132 136 142 ' ,'0 0 8 9 6 0 0 25 0 0 12 17 0 0 0 0 ' ,59 ,2 ,3, 3
229 ,206, 210, '185 142 149 171 126 172 138 127 141 153 160 136 156 141 156 161 ' ,'17 0 0 0 0 23 4 0 6 10 0 0 5 0 6 7 ' ,70 ,3 ,3, 3
226 ,219, 205, '145 149 133 141 131 129 132 111 117 163 133 147 131 131 126 129 ' ,'0 5 5 0 6 0 0 0 0 0 4 9 0 4 0 0 ' ,84 ,2 ,4, 4
331 ,220, 309, '157 135 133 143 124 135 150 135 110 122 137 130 131 124 125 145 ' ,'4 0 0 4 0 0 13 19 0 6 0 0 4 0 0 5 ' ,58 ,2 ,134, 3
244 ,382, 222, '159 138 205 162 126 149 140 135 148 127 136 127 143 136 128 125 ' ,'0 7 58 0 0 9 0 0 5 0 0 0 0 13 6 0 ' ,87 ,2 ,3, 3
227 ,232, 208, '170 153 148 164 150 143 145 160 134 157 152 133 150 142 140 145 ' ,'0 0 0 0 27 0 0 36 0 0 17 13 0 0 0 0 ' ,64 ,2 ,3, 3
276 ,218, 255, '164 149 183 175 139 144 149 130 135 134 141 149 165 229 205 148 ' ,'5 0 0 0 0 0 0 0 0 0 0 0 21 82 0 0 ' ,112 ,3 ,4, 4
316 ,261, 295, '185 163 280 190 146 172 159 144 168 141 162 141 151 159 154 150 ' ,'0 10 121 0 0 18 0 0 14 10 0 0 0 0 5 5 ' ,140 ,2 ,4, 4
235 ,305, 209, '188 152 165 176 158 149 160 149 141 131 149 139 148 146 135 145 ' ,'0 0 0 0 0 0 4 0 0 0 0 0 0 0 0 0 ' ,58 ,2 ,3, 3
312 ,219, 292, '203 173 164 220 238 175 154 215 188 164 193 184 233 228 137 169 ' ,'6 0 0 48 83 0 0 78 0 0 48 37 80 37 0 0 ' ,122 ,2 ,8, 8
248 ,300, 227, '193 149 170 175 135 150 159 137 142 167 154 137 158 153 123 147 ' ,'0 0 0 0 0 0 4 0 0 0 0 0 0 0 0 7 ' ,79 ,15 ,3, 3
242 ,239, 209, '175 156 170 196 137 149 145 133 156 148 140 145 158 189 143 140 ' ,'0 19 0 21 0 12 0 0 15 6 0 0 14 23 5 0 ' ,65 ,3 ,4, 4
238 ,221, 219, '202 158 162 155 164 136 142 141 126 138 180 154 142 139 142 147 ' ,'5 0 0 0 9 0 0 6 0 0 32 21 0 0 0 0 ' ,76 ,3 ,4, 4
228 ,229, 208, '177 163 188 157 133 154 150 135 153 130 149 149 158 171 146 144 ' ,'0 9 8 0 0 0 2 0 10 0 0 0 12 15 0 7 ' ,57 ,2 ,5, 5
229 ,216, 206, '176 136 156 182 132 162 131 123 133 159 141 137 144 154 134 135 ' ,'3 0 0 15 0 16 0 0 0 9 0 0 0 0 6 0 ' ,74 ,3 ,4, 4
198 ,219, 180, '154 155 163 152 132 155 146 135 124 130 158 137 148 147 125 140 ' ,'0 8 5 0 4 0 3 5 0 0 17 10 5 10 0 0 ' ,48 ,1 ,3, 3
234 ,188, 211, '191 132 140 176 126 146 130 116 136 139 148 131 139 156 120 135 ' ,'5 0 0 14 0 11 0 0 4 6 0 0 0 0 5 5 ' ,82 ,3 ,4, 4
198 ,218, 176, '163 140 163 161 121 138 143 131 123 131 143 146 149 154 122 132 ' ,'0 0 4 0 5 0 4 6 0 0 6 10 5 6 0 0 ' ,46 ,2 ,1, 1
214 ,188, 192, '171 153 147 168 126 135 136 126 127 143 132 135 138 153 136 126 ' ,'4 6 0 8 0 0 0 0 3 0 0 0 0 0 0 0 ' ,55 ,2 ,4, 3
235 ,205, 216, '167 131 158 159 129 141 139 124 132 166 138 136 157 156 131 138 ' ,'0 0 5 0 0 5 5 0 0 6 0 0 4 4 4 5 ' ,79 ,3 ,4, 4
208 ,227, 186, '152 135 147 148 139 137 132 126 124 128 138 148 133 141 116 117 ' ,'0 6 0 0 7 0 0 7 0 0 12 8 0 0 0 0 ' ,58 ,2 ,4, 4
221 ,196, 197, '151 139 139 188 115 134 139 126 141 123 144 123 152 155 122 128 ' ,'3 0 0 9 0 0 4 0 3 0 0 0 8 4 0 0 ' ,66 ,2 ,2, 2
225 ,215, 205, '157 145 162 165 132 148 142 125 144 134 147 136 149 145 152 137 ' ,'0 0 4 0 0 5 0 0 0 6 0 0 0 0 4 4 ' ,67 ,2 ,4, 4
208 ,215, 190, '169 169 161 173 135 147 161 136 137 140 150 146 142 163 139 135 ' ,'0 7 0 0 5 0 4 5 0 0 6 5 0 7 0 0 ' ,44 ,2 ,4, 4
221 ,202, 200, '164 156 181 187 142 144 143 127 153 130 149 140 157 169 130 144 ' ,'0 0 0 9 0 0 0 0 7 0 0 0 8 0 0 0 ' ,63 ,2 ,2, 2
232 ,212, 210, '193 152 167 185 141 159 143 135 132 126 147 138 166 143 140 146 ' ,'0 0 5 0 0 7 0 0 0 0 0 0 0 0 0 5 ' ,69 ,1 ,2, 2
236 ,227, 210, '182 167 168 183 155 142 157 142 153 156 145 153 162 172 150 141 ' ,'0 7 0 0 0 0 3 0 0 10 0 0 12 9 8 0 ' ,59 ,2 ,3, 3
276 ,220, 256, '166 162 173 196 154 153 146 140 147 133 151 140 153 173 151 152 ' ,'0 0 0 6 9 0 0 0 0 0 0 8 0 0 0 0 ' ,61 ,2 ,47, 3
326 ,610, 304, '168 164 191 226 145 143 165 154 212 173 155 143 172 289 131 148 ' ,'0 0 29 0 0 0 0 0 14 0 0 0 0 120 0 0 ' ,149 ,3 ,4, 4
348 ,314, 323, '204 185 155 175 168 192 193 133 133 178 173 160 154 153 275 195 ' ,'0 9 0 0 0 44 23 0 0 31 0 0 10 0 7 18 ' ,184 ,2 ,4, 4
350 ,339, 331, '187 157 185 188 188 155 152 174 160 143 180 149 137 317 140 153 ' ,'5 0 0 18 27 0 0 34 0 0 34 12 0 160 0 0 ' ,179 ,2 ,5, 5
296 ,339, 273, '150 187 219 158 118 204 258 127 125 155 147 154 147 131 123 153 ' ,'0 25 80 0 0 73 120 0 10 0 0 0 12 0 0 0 ' ,140 ,2 ,2, 2
270 ,287, 249, '180 137 147 172 130 172 129 183 138 199 211 121 134 137 143 179 ' ,'10 0 0 20 0 0 0 63 0 76 77 0 0 7 8 59 ' ,116 ,3 ,3, 3
244 ,262, 213, '151 152 161 151 161 125 162 127 110 133 133 155 140 127 130 132 ' ,'0 9 5 0 47 0 19 0 0 0 0 27 7 0 0 0 ' ,96 ,3 ,3, 3
217 ,231, 195, '171 137 140 179 129 149 129 119 145 138 134 125 136 159 138 156 ' ,'9 0 0 11 0 4 0 0 11 17 0 0 0 3 0 18 ' ,64 ,1 ,2, 2
224 ,206, 202, '154 148 160 152 136 131 154 126 124 131 135 138 141 134 134 126 ' ,'0 0 5 0 15 0 14 4 0 0 6 6 7 0 0 0 ' ,63 ,2 ,5, 5
