4738 ,349, 440, '387 191 299 146 349 389 293 354 260 338 381 297 409 174 393 427 ' ,'181 0 103 0 163 176 141 132 122 167 213 127 134 0 201 214 ' ,273 ,1 ,2, 2
4226 ,458, 145, '128 115 129 120 95 104 107 100 99 117 103 105 110 110 114 123 ' ,'0 0 0 0 0 0 0 0 0 0 0 0 0 0 0 0 ' ,35 ,3 ,3, 3
3713 ,157, 141, '129 114 121 118 120 104 122 103 102 110 103 114 115 108 105 112 ' ,'0 0 0 0 0 0 0 0 0 0 0 0 0 0 0 0 ' ,27 ,1 ,2, 2
3206 ,155, 223, '142 186 186 207 110 122 179 96 116 104 104 116 181 194 99 102 ' ,'0 65 59 60 0 0 60 0 0 0 0 0 70 71 0 0 ' ,114 ,2 ,2, 2
2697 ,239, 222, '205 119 127 127 116 153 105 159 96 120 144 170 111 106 189 177 ' ,'83 0 0 0 0 0 0 49 0 0 0 60 0 0 80 62 ' ,114 ,3 ,3, 3
78 ,234, 47, '27 14 19 12 19 39 13 10 13 9 40 13 11 17 15 39 ' ,'0 0 0 0 0 26 0 0 0 0 27 0 0 0 0 0 ' ,31 ,2 ,2, 2
171 ,67, 149, '134 112 124 124 117 105 102 101 97 123 116 102 104 104 124 112 ' ,'0 0 0 0 19 0 0 0 0 0 0 0 0 0 0 0 ' ,40 ,2 ,2, 2
191 ,159, 169, '148 124 133 134 111 114 140 105 113 128 113 130 126 152 115 117 ' ,'0 0 0 0 0 0 25 0 0 0 0 0 19 26 0 0 ' ,50 ,1 ,4, 4
253 ,177, 229, '213 166 182 177 123 123 144 128 118 120 170 124 118 143 121 155 ' ,'44 29 33 32 0 0 0 0 0 0 0 0 0 0 0 0 ' ,98 ,3 ,2, 2
270 ,242, 249, '210 139 158 181 123 232 158 147 120 167 180 150 117 129 159 207 ' ,'0 0 0 0 0 0 0 0 0 0 0 0 0 0 0 37 ' ,114 ,3 ,7, 7
255 ,258, 228, '199 151 155 144 193 187 148 151 163 185 205 147 144 132 142 160 ' ,'0 0 0 0 39 51 0 25 36 29 54 25 0 0 0 0 ' ,85 ,3 ,3, 3
248 ,238, 224, '148 150 141 149 125 128 197 118 134 123 138 122 181 204 175 142 ' ,'0 0 0 0 0 0 51 0 0 0 0 0 44 55 0 0 ' ,96 ,10 ,3, 3
256 ,241, 234, '157 205 212 216 134 129 154 119 128 134 134 139 146 133 115 139 ' ,'0 62 55 71 0 0 0 0 0 0 0 0 0 0 0 0 ' ,95 ,3 ,3, 3
235 ,253, 209, '192 158 147 154 138 152 133 120 137 196 143 123 136 125 117 132 ' ,'0 0 0 0 0 0 0 0 0 0 0 0 0 0 0 0 ' ,81 ,1 ,3, 3
785 ,230, 764, '225 161 134 157 127 214 156 495 202 231 254 199 120 162 209 208 ' ,'0 0 0 0 0 87 25 69 84 92 101 79 0 32 85 88 ' ,390 ,3 ,240, 2
260 ,888, 238, '152 224 183 169 119 173 153 116 115 108 100 128 118 104 127 106 ' ,'27 115 46 35 0 0 0 0 0 0 0 0 0 0 0 0 ' ,126 ,2 ,4, 4
168 ,249, 145, '135 127 127 133 130 130 123 111 106 109 110 111 115 114 116 118 ' ,'0 0 0 0 0 0 0 0 0 0 0 0 0 0 0 0 ' ,29 ,2 ,3, 3
524 ,158, 461, '183 136 139 136 103 259 162 140 136 167 223 109 153 148 255 172 ' ,'0 0 0 0 0 124 38 20 16 0 0 0 16 22 105 33 ' ,169 ,2 ,179, 2
309 ,519, 287, '134 273 227 161 103 137 131 118 116 126 154 115 137 140 113 132 ' ,'0 148 93 31 0 0 0 0 0 0 37 0 0 0 0 0 ' ,169 ,1 ,4, 4
236 ,298, 216, '191 146 153 145 130 135 141 123 123 121 154 126 143 139 124 144 ' ,'32 0 0 0 0 0 0 0 0 0 0 0 0 0 0 0 ' ,81 ,12 ,4, 4
214 ,291, 193, '150 139 145 178 119 134 140 127 130 137 133 129 140 175 117 148 ' ,'0 0 0 0 0 0 0 0 0 0 0 0 0 41 0 0 ' ,62 ,1 ,4, 4
389 ,201, 368, '153 166 170 169 151 167 156 148 145 207 134 356 168 144 351 173 ' ,'0 0 0 0 0 0 0 0 0 0 0 215 25 0 229 29 ' ,223 ,2 ,3, 3
376 ,381, 354, '153 184 209 212 129 344 214 126 178 176 219 135 157 150 147 193 ' ,'0 29 52 26 0 199 50 0 28 32 62 0 0 0 0 0 ' ,217 ,2 ,4, 4
227 ,363, 211, '198 149 149 163 118 163 145 125 130 135 154 135 149 201 126 147 ' ,'27 0 0 0 0 0 0 0 0 0 0 0 0 64 0 0 ' ,78 ,1 ,3, 3
214 ,221, 196, '163 147 175 161 139 137 151 140 133 130 140 143 184 153 141 137 ' ,'0 0 0 0 0 0 0 0 0 0 0 0 38 0 0 0 ' ,55 ,1 ,4, 4
252 ,206, 234, '157 194 180 159 185 176 213 190 138 143 159 220 154 141 204 190 ' ,'0 25 0 0 0 0 18 66 0 0 0 61 0 0 66 41 ' ,86 ,1 ,3, 3
256 ,242, 238, '212 151 160 198 133 175 145 131 226 189 191 134 153 164 143 168 ' ,'24 0 9 24 0 38 0 0 89 51 33 0 0 6 0 0 ' ,96 ,1 ,4, 3
192 ,250, 175, '160 142 152 146 145 143 139 131 123 144 140 130 153 136 138 133 ' ,'0 0 0 0 11 0 0 0 0 0 0 0 15 0 0 0 ' ,40 ,2 ,4, 4
202 ,183, 185, '159 166 152 173 128 144 156 145 138 142 149 144 142 134 130 156 ' ,'0 13 0 11 0 0 7 7 0 0 0 6 0 0 6 12 ' ,48 ,2 ,3, 3
281 ,198, 253, '207 137 182 164 153 170 141 137 150 178 187 132 149 146 145 151 ' ,'10 0 11 0 0 9 0 0 4 36 13 0 9 4 0 0 ' ,106 ,36 ,4, 4
202 ,267, 181, '146 144 154 147 149 153 144 122 130 159 117 124 129 119 128 129 ' ,'0 0 0 0 15 0 5 0 0 0 0 0 0 0 0 0 ' ,53 ,0 ,5, 5
225 ,192, 204, '188 150 143 166 124 165 148 126 121 118 123 138 134 137 126 139 ' ,'11 10 7 18 0 0 0 4 0 0 0 13 10 8 0 12 ' ,69 ,1 ,4, 4
295 ,212, 273, '154 141 137 146 126 159 140 124 124 146 147 131 120 118 125 129 ' ,'0 0 0 0 0 14 7 0 4 14 16 0 0 0 0 0 ' ,47 ,2 ,100, 3
227 ,451, 206, '165 166 139 138 184 132 144 121 117 134 140 146 120 130 136 120 ' ,'0 30 0 0 50 0 0 0 0 0 0 0 0 0 14 0 ' ,78 ,1 ,4, 4
297 ,215, 275, '226 145 164 201 128 264 152 142 143 156 142 145 152 169 132 243 ' ,'45 0 5 43 0 0 4 6 0 0 0 14 16 25 0 59 ' ,127 ,1 ,2, 2
242 ,286, 216, '201 135 148 141 166 206 140 119 162 168 185 126 139 147 119 192 ' ,'0 0 0 0 0 65 0 0 34 23 57 0 0 0 0 0 ' ,88 ,1 ,3, 3
235 ,232, 210, '148 189 151 169 170 124 130 127 112 165 128 159 140 182 191 133 ' ,'0 46 0 0 43 0 0 0 0 0 0 0 0 33 40 0 ' ,88 ,1 ,4, 4
251 ,222, 230, '219 149 171 186 128 135 142 150 138 156 168 133 156 148 121 167 ' ,'70 0 7 32 0 0 5 0 0 0 0 0 15 0 0 0 ' ,90 ,2 ,4, 4
304 ,242, 280, '179 155 171 168 138 135 153 147 141 135 202 148 153 146 162 268 ' ,'0 0 0 0 0 0 0 6 0 0 0 8 0 0 0 134 ' ,134 ,2 ,5, 5
300 ,290, 280, '200 160 170 179 138 241 156 147 140 131 242 145 156 146 141 187 ' ,'0 0 0 0 0 86 0 0 0 0 93 0 0 0 0 0 ' ,128 ,20 ,4, 4
250 ,291, 229, '159 161 170 176 144 143 162 141 215 145 144 134 165 173 142 151 ' ,'0 0 10 0 0 0 5 0 81 11 0 0 16 22 0 0 ' ,83 ,1 ,5, 5
237 ,238, 214, '192 157 162 147 188 163 164 147 140 196 149 142 141 149 154 148 ' ,'9 0 0 16 50 0 0 5 0 0 0 8 0 0 25 0 ' ,65 ,1 ,4, 4
203 ,225, 183, '169 159 174 156 153 163 160 142 153 143 157 140 146 173 136 141 ' ,'0 0 0 0 0 0 3 0 0 0 9 0 0 23 0 5 ' ,33 ,1 ,4, 4
233 ,192, 212, '201 149 182 180 152 160 153 147 135 172 140 130 177 153 129 136 ' ,'0 0 6 10 0 13 0 0 0 9 0 0 25 0 0 0 ' ,66 ,1 ,3, 3
217 ,222, 196, '170 154 186 170 176 146 150 164 172 163 151 140 151 161 159 143 ' ,'12 0 0 0 33 0 0 4 40 0 0 6 0 0 24 0 ' ,46 ,1 ,2, 2
207 ,209, 188, '169 156 177 155 133 146 157 131 143 149 160 140 155 164 144 144 ' ,'0 6 0 0 0 0 3 0 0 0 0 0 6 9 0 4 ' ,48 ,0 ,3, 3
201 ,200, 179, '160 149 156 166 140 153 136 142 138 144 142 129 150 153 164 150 ' ,'6 0 6 6 0 6 0 0 0 11 0 0 0 0 0 0 ' ,41 ,1 ,2, 2
196 ,191, 174, '159 154 166 163 153 145 147 140 143 142 150 138 153 156 147 142 ' ,'0 0 0 0 8 0 3 5 15 0 0 7 5 7 9 0 ' ,27 ,1 ,3, 3
200 ,184, 178, '167 151 163 165 121 145 140 147 125 128 143 136 150 137 146 140 ' ,'0 6 7 0 0 0 0 0 0 0 8 0 0 0 0 4 ' ,45 ,1 ,2, 2
206 ,190, 178, '165 149 150 161 151 156 159 136 132 148 152 133 148 141 121 152 ' ,'7 0 0 6 0 0 3 0 0 10 0 0 0 5 0 0 ' ,41 ,1 ,4, 4
232 ,186, 211, '147 144 199 142 130 128 138 156 138 131 122 130 162 120 159 124 ' ,'0 8 4 0 13 0 0 10 14 0 0 7 9 0 13 0 ' ,81 ,1 ,4, 4
221 ,221, 197, '182 144 136 149 117 167 131 112 125 118 156 130 123 131 139 146 ' ,'6 0 0 6 0 11 0 0 0 0 5 0 0 0 0 4 ' ,73 ,1 ,4, 4
196 ,209, 177, '142 150 162 146 145 149 131 139 123 157 125 127 150 142 120 145 ' ,'0 5 0 0 10 0 0 0 0 12 0 0 8 0 0 0 ' ,44 ,0 ,3, 3
202 ,185, 181, '165 145 157 167 147 141 127 128 132 128 128 132 148 150 160 134 ' ,'0 0 5 0 0 0 0 5 10 0 0 5 0 0 15 0 ' ,43 ,1 ,4, 4
201 ,190, 179, '166 144 154 173 114 143 146 138 146 129 140 132 148 166 122 141 ' ,'7 0 0 10 0 0 3 0 0 0 5 0 0 12 0 5 ' ,49 ,1 ,2, 2
242 ,194, 222, '155 157 145 148 127 156 148 131 126 127 129 136 135 138 203 148 ' ,'0 0 0 0 0 13 0 0 0 0 0 0 5 0 0 0 ' ,85 ,1 ,3, 2
208 ,232, 192, '162 163 179 149 155 134 153 146 125 145 144 142 154 139 150 134 ' ,'0 5 0 0 11 0 0 0 0 11 0 0 0 0 0 0 ' ,45 ,1 ,4, 4
211 ,200, 196, '168 160 181 162 157 160 152 141 136 145 145 152 171 158 151 146 ' ,'0 0 6 0 0 0 3 5 0 0 0 11 0 15 13 0 ' ,46 ,2 ,5, 5
213 ,201, 196, '184 156 179 177 130 157 147 165 140 138 155 139 164 160 140 144 ' ,'14 0 0 12 0 0 0 0 0 0 10 0 5 0 0 0 ' ,53 ,1 ,3, 3
207 ,209, 192, '165 175 179 156 135 160 164 126 133 136 146 149 147 154 149 140 ' ,'0 10 0 0 0 0 0 0 0 0 0 0 0 0 0 4 ' ,53 ,1 ,5, 5
203 ,199, 188, '166 155 173 177 159 146 159 162 138 168 145 149 161 166 157 147 ' ,'0 0 5 0 10 4 4 0 0 9 0 0 0 11 0 0 ' ,39 ,2 ,4, 4
201 ,198, 186, '172 166 177 167 148 177 158 145 143 141 152 150 157 146 138 141 ' ,'0 0 0 0 0 0 0 0 11 0 0 6 9 0 7 0 ' ,38 ,1 ,2, 2
214 ,196, 189, '176 156 166 163 168 133 155 169 135 138 139 144 160 144 144 162 ' ,'12 0 0 0 0 0 0 6 0 0 0 0 0 0 0 0 ' ,46 ,1 ,2, 2
215 ,204, 188, '178 155 161 172 143 160 175 135 142 126 165 140 142 155 138 150 ' ,'0 5 0 0 0 0 5 0 0 0 13 0 0 8 0 4 ' ,45 ,1 ,2, 2
204 ,204, 180, '155 150 165 153 135 140 139 143 136 156 155 142 162 130 143 135 ' ,'0 0 9 0 14 4 0 0 0 11 0 0 10 0 0 0 ' ,38 ,1 ,5, 5
344 ,190, 317, '148 149 155 159 132 154 136 132 134 132 200 137 131 131 147 148 ' ,'8 0 0 9 0 0 4 5 7 0 0 4 0 0 8 0 ' ,74 ,2 ,104, 2
212 ,465, 195, '168 157 184 167 163 173 157 149 130 130 171 142 151 145 151 152 ' ,'0 7 44 0 0 0 0 0 0 0 30 0 17 10 0 5 ' ,56 ,1 ,5, 5
269 ,203, 248, '236 166 139 200 163 151 186 122 163 177 197 189 135 143 144 177 ' ,'65 0 0 50 16 15 20 0 0 27 0 25 0 0 0 0 ' ,114 ,1 ,2, 2
259 ,263, 238, '147 153 138 152 146 129 131 145 148 128 191 126 173 173 134 128 ' ,'0 7 0 0 0 0 0 25 19 0 40 0 17 24 14 0 ' ,101 ,1 ,3, 3
290 ,247, 268, '256 163 153 211 124 149 233 123 130 131 142 135 135 127 136 137 ' ,'95 0 0 60 0 0 88 0 0 0 0 0 0 0 0 6 ' ,135 ,1 ,2, 2
303 ,281, 281, '158 175 182 172 197 178 162 238 172 204 157 205 182 166 186 146 ' ,'0 4 0 0 36 42 0 96 31 70 0 66 7 8 21 0 ' ,129 ,1 ,1, 1
201 ,295, 179, '170 157 146 154 137 132 160 142 123 134 146 152 133 135 123 145 ' ,'0 0 4 0 0 0 22 0 0 0 5 0 0 0 0 0 ' ,46 ,1 ,4, 4
194 ,188, 175, '165 160 138 163 118 134 143 122 131 142 136 136 150 149 128 145 ' ,'4 0 0 6 0 0 0 0 0 6 0 0 0 9 0 4 ' ,43 ,1 ,4, 4
258 ,189, 239, '173 162 142 157 216 156 131 118 142 129 163 132 135 130 133 129 ' ,'0 4 0 0 16 26 0 0 17 0 0 5 9 0 0 0 ' ,103 ,1 ,6, 6
215 ,248, 196, '169 151 169 152 135 150 166 175 123 139 143 127 155 131 177 130 ' ,'0 0 5 0 0 0 24 28 0 0 4 0 0 0 17 0 ' ,65 ,1 ,2, 2
203 ,208, 179, '168 141 147 152 131 143 154 135 137 129 133 136 139 162 152 149 ' ,'4 0 0 4 0 0 0 0 0 0 0 0 0 14 0 0 ' ,38 ,1 ,3, 3
193 ,190, 172, '164 148 160 151 125 144 153 145 130 129 152 136 149 133 133 131 ' ,'0 0 0 0 0 0 0 0 0 0 0 0 13 0 0 4 ' ,35 ,0 ,2, 2
212 ,181, 193, '170 165 150 149 133 163 179 129 134 150 161 144 133 135 136 132 ' ,'0 5 0 0 12 24 31 0 0 8 0 6 0 0 0 0 ' ,49 ,1 ,6, 6
211 ,202, 189, '165 131 165 162 125 136 128 181 162 139 152 133 146 150 148 148 ' ,'4 0 17 0 0 0 0 43 22 0 6 0 0 17 12 0 ' ,56 ,1 ,3, 3
187 ,204, 168, '153 131 152 152 126 120 156 116 136 129 128 148 147 127 113 136 ' ,'0 0 0 0 0 0 17 0 0 0 0 0 10 0 0 12 ' ,38 ,1 ,3, 3
195 ,175, 176, '164 144 153 156 156 152 141 140 151 145 140 131 145 141 121 128 ' ,'0 8 10 0 17 28 0 18 18 15 0 5 0 14 0 0 ' ,40 ,1 ,3, 3
203 ,187, 183, '173 143 138 159 135 141 144 135 124 143 139 125 160 129 146 148 ' ,'3 0 0 5 0 0 15 0 0 0 4 0 6 0 27 0 ' ,48 ,1 ,3, 3
205 ,194, 187, '153 151 159 148 142 169 145 119 130 127 146 126 142 130 128 142 ' ,'0 9 10 0 21 0 0 0 0 0 0 0 0 0 0 9 ' ,42 ,1 ,4, 4
213 ,194, 193, '167 146 158 173 134 139 151 138 137 163 156 138 152 160 167 146 ' ,'4 0 0 3 0 7 14 10 12 16 0 4 4 15 8 0 ' ,39 ,1 ,3, 3
196 ,199, 177, '166 139 136 157 127 134 128 126 116 131 145 121 140 129 124 137 ' ,'0 0 0 0 0 0 0 0 0 0 4 0 0 0 0 0 ' ,50 ,1 ,4, 4
208 ,187, 188, '152 150 153 166 126 138 141 126 126 171 136 130 125 154 147 144 ' ,'4 5 8 0 5 0 0 0 0 0 0 0 0 9 0 5 ' ,53 ,1 ,2, 2
201 ,202, 178, '153 156 139 172 137 146 157 135 136 160 135 151 150 145 131 138 ' ,'0 0 0 3 0 6 12 6 10 7 0 18 4 0 7 0 ' ,38 ,1 ,2, 2
240 ,192, 219, '146 146 146 155 121 145 136 122 120 196 141 127 147 142 129 132 ' ,'0 0 0 0 0 0 0 0 0 0 4 0 0 0 0 0 ' ,87 ,1 ,4, 4
210 ,229, 186, '180 153 154 155 136 133 150 139 127 131 137 133 148 158 134 128 ' ,'3 5 3 0 4 0 10 0 0 0 0 0 6 8 0 5 ' ,55 ,2 ,2, 2
228 ,199, 210, '168 150 151 166 131 139 154 137 131 190 143 133 150 147 131 137 ' ,'0 0 0 5 0 6 0 9 0 6 0 0 0 0 0 0 ' ,68 ,1 ,3, 3
217 ,219, 199, '160 142 140 150 129 137 141 120 144 139 122 129 140 157 177 144 ' ,'0 0 0 0 0 0 0 0 12 0 0 0 0 0 5 0 ' ,66 ,1 ,5, 5
276 ,213, 253, '167 156 172 161 126 148 160 130 127 136 131 150 150 166 177 138 ' ,'4 0 6 0 0 0 8 0 0 0 0 0 0 11 0 0 ' ,61 ,2 ,58, 3
230 ,395, 208, '171 169 156 173 171 153 159 126 139 151 147 153 135 162 189 148 ' ,'0 15 0 14 43 0 0 0 0 0 0 0 0 0 0 13 ' ,72 ,1 ,4, 4
261 ,224, 241, '182 159 199 160 126 171 216 228 123 138 158 173 155 151 182 151 ' ,'0 0 0 0 0 32 86 94 0 7 0 27 0 10 0 0 ' ,108 ,1 ,3, 3
244 ,251, 229, '177 207 167 155 141 163 140 130 171 146 166 135 216 155 136 131 ' ,'4 50 19 0 0 0 0 0 48 0 32 0 75 0 9 0 ' ,91 ,1 ,3, 3
299 ,241, 284, '156 152 145 197 243 131 273 119 135 141 136 141 129 168 120 140 ' ,'0 0 0 33 113 0 139 0 0 0 0 0 0 14 0 8 ' ,157 ,1 ,1, 1
389 ,295, 373, '183 158 206 150 135 227 150 356 213 155 182 174 205 138 144 202 ' ,'9 0 32 0 0 78 0 213 85 17 0 47 40 0 0 0 ' ,226 ,1 ,5, 5
280 ,382, 264, '158 176 137 174 125 137 159 116 135 134 246 139 125 157 138 167 ' ,'0 29 0 10 0 0 4 0 0 0 115 0 0 6 14 0 ' ,130 ,2 ,8, 8
214 ,282, 199, '152 138 146 185 132 148 134 137 161 140 150 135 138 144 135 148 ' ,'0 0 0 0 5 8 0 13 0 0 0 0 5 0 0 7 ' ,54 ,1 ,3, 3
204 ,208, 188, '169 176 137 166 130 140 164 116 128 143 165 161 128 150 134 137 ' ,'4 16 0 7 0 0 3 0 3 5 18 10 0 0 7 0 ' ,60 ,1 ,2, 2
181 ,197, 163, '149 134 135 145 127 143 132 120 123 135 134 122 141 141 119 139 ' ,'0 0 0 0 10 0 0 0 0 0 0 0 5 0 0 4 ' ,33 ,1 ,4, 4
186 ,173, 171, '160 155 148 152 124 140 143 130 120 134 137 126 143 137 120 149 ' ,'3 12 7 0 0 8 4 8 0 4 0 0 0 0 0 0 ' ,44 ,1 ,2, 2
202 ,181, 185, '156 135 139 175 123 130 132 122 148 129 138 141 144 149 126 125 ' ,'0 0 0 13 0 0 0 0 3 0 15 9 5 5 5 0 ' ,50 ,0 ,3, 3
204 ,191, 189, '175 157 155 158 147 134 143 123 127 139 128 136 136 148 143 129 ' ,'4 0 0 0 6 0 5 0 0 0 0 0 0 0 0 7 ' ,56 ,2 ,3, 3
206 ,199, 190, '149 163 179 170 122 137 143 135 148 126 129 125 154 152 125 128 ' ,'0 24 9 0 0 7 0 7 0 0 0 0 0 6 0 0 ' ,56 ,1 ,5, 5
210 ,198, 195, '153 149 158 184 148 137 151 126 135 143 155 151 164 142 138 143 ' ,'0 0 0 18 0 0 0 0 3 4 16 12 4 0 0 0 ' ,59 ,1 ,2, 2
199 ,206, 180, '161 167 165 153 133 138 151 141 137 140 142 139 151 144 152 144 ' ,'0 0 0 0 0 0 4 0 0 0 0 0 0 0 6 0 ' ,38 ,2 ,3, 3
202 ,191, 186, '172 173 174 162 138 142 160 140 149 143 156 137 146 161 141 163 ' ,'3 19 13 0 7 0 0 0 0 0 0 0 0 9 0 5 ' ,38 ,1 ,3, 3
205 ,195, 188, '158 160 167 179 145 136 148 151 148 132 132 133 160 158 147 154 ' ,'0 0 0 13 0 0 0 6 0 0 0 0 6 0 0 0 ' ,45 ,1 ,4, 4
204 ,198, 190, '162 164 159 177 146 136 157 133 160 147 166 159 154 153 144 164 ' ,'0 0 0 0 0 5 7 0 4 5 13 12 0 0 0 0 ' ,46 ,2 ,3, 3
210 ,197, 195, '181 147 178 177 140 148 159 140 139 146 136 146 150 171 144 140 ' ,'4 0 16 0 0 0 0 0 0 0 0 0 0 12 5 0 ' ,45 ,2 ,5, 5
198 ,203, 181, '169 158 156 174 141 140 152 140 133 151 159 141 163 149 143 141 ' ,'0 0 0 9 9 0 4 0 0 0 0 0 0 0 0 6 ' ,39 ,1 ,3, 3
202 ,193, 186, '170 147 156 174 134 162 143 147 140 146 138 150 151 165 144 140 ' ,'0 0 0 0 0 16 0 5 5 5 0 11 0 7 0 0 ' ,40 ,1 ,4, 4
201 ,193, 185, '171 156 163 152 124 139 147 129 132 137 150 147 155 135 133 145 ' ,'5 9 5 0 0 0 6 0 0 0 13 0 7 0 4 0 ' ,51 ,1 ,3, 3
206 ,194, 189, '157 149 156 178 129 137 140 133 140 134 134 138 147 146 132 144 ' ,'0 0 0 16 3 0 0 5 0 0 0 0 0 5 0 7 ' ,47 ,0 ,4, 4
209 ,197, 194, '181 158 152 154 127 151 152 136 135 153 161 156 145 138 134 141 ' ,'4 9 5 0 0 5 4 0 5 18 12 14 5 0 0 0 ' ,58 ,1 ,3, 3
204 ,202, 188, '160 136 149 174 136 135 134 131 127 146 137 130 152 148 143 141 ' ,'0 0 0 7 3 0 0 0 0 0 0 0 0 5 4 6 ' ,50 ,1 ,3, 3
197 ,197, 182, '151 159 165 152 119 134 140 123 128 139 133 131 136 137 123 124 ' ,'3 0 0 0 0 0 5 5 0 4 0 0 5 0 0 0 ' ,54 ,1 ,3, 3
198 ,191, 179, '170 144 139 168 123 137 145 126 141 143 133 144 135 149 132 153 ' ,'0 4 0 9 0 8 0 0 5 0 6 4 0 8 5 0 ' ,48 ,1 ,2, 2
193 ,190, 177, '163 141 150 157 130 143 137 128 122 143 136 133 140 146 127 149 ' ,'5 0 0 0 4 0 4 0 0 0 0 0 4 0 0 4 ' ,45 ,1 ,4, 4
189 ,184, 173, '158 152 145 161 132 137 128 132 138 151 122 138 151 131 122 126 ' ,'0 7 3 0 0 8 0 4 6 5 0 4 0 0 0 0 ' ,39 ,1 ,4, 4
202 ,180, 187, '149 141 141 174 142 136 127 120 143 129 133 134 137 127 133 123 ' ,'4 0 0 7 4 0 4 0 0 0 9 0 4 3 5 0 ' ,55 ,1 ,4, 4
199 ,195, 183, '171 155 165 159 121 130 141 127 136 130 132 135 139 142 136 129 ' ,'0 16 6 0 0 0 0 4 0 0 0 0 0 0 0 3 ' ,54 ,2 ,4, 4
201 ,191, 185, '153 155 147 174 116 131 148 127 145 139 123 137 141 146 128 130 ' ,'0 0 0 6 0 4 5 0 5 5 0 6 4 4 0 0 ' ,58 ,1 ,4, 4
197 ,194, 180, '167 138 150 157 129 146 135 122 126 140 168 130 149 139 134 147 ' ,'5 0 0 0 0 0 0 0 0 0 10 0 0 0 6 0 ' ,40 ,2 ,3, 3
196 ,187, 179, '166 156 154 151 145 135 148 129 132 134 137 129 161 136 139 137 ' ,'0 10 6 0 3 0 0 0 0 0 0 0 4 0 0 5 ' ,40 ,1 ,3, 3
214 ,190, 198, '167 150 150 170 129 132 153 136 143 138 136 142 144 185 132 134 ' ,'0 0 0 6 0 0 5 9 0 0 0 0 0 13 0 0 ' ,58 ,2 ,4, 4
213 ,209, 197, '187 158 156 186 134 147 154 124 151 147 146 143 148 145 129 157 ' ,'3 0 0 0 0 9 0 0 5 0 9 6 0 0 0 0 ' ,61 ,1 ,3, 3
194 ,206, 178, '168 157 167 156 138 150 131 126 136 143 151 137 150 160 147 134 ' ,'0 0 0 0 0 0 0 0 0 0 0 0 4 0 7 0 ' ,44 ,2 ,2, 2
193 ,190, 178, '166 159 151 166 139 140 141 136 133 144 154 143 139 153 127 141 ' ,'0 14 5 0 5 0 6 0 0 0 0 0 0 10 0 7 ' ,42 ,1 ,4, 4
204 ,188, 188, '169 159 160 177 131 138 147 135 154 153 154 137 151 154 136 149 ' ,'3 0 0 10 0 0 0 5 8 9 0 0 0 0 0 0 ' ,45 ,1 ,3, 3
208 ,199, 193, '165 182 175 162 154 171 168 138 143 140 167 157 164 157 146 144 ' ,'0 28 4 0 13 21 16 0 0 0 26 8 6 7 7 0 ' ,46 ,2 ,2, 2
211 ,201, 196, '184 145 154 176 123 152 153 134 140 131 169 132 142 153 134 154 ' ,'3 0 0 6 0 0 0 7 0 0 0 0 0 0 0 11 ' ,64 ,1 ,4, 4
200 ,204, 184, '163 171 159 166 142 140 157 125 143 165 155 157 142 143 144 169 ' ,'0 14 4 0 0 4 7 0 10 5 9 10 3 4 0 0 ' ,48 ,1 ,2, 2
186 ,382, 172, '161 149 150 160 127 147 144 125 136 140 137 135 135 136 134 152 ' ,'3 0 0 5 3 0 0 0 0 0 0 0 0 0 0 6 ' ,36 ,1 ,2, 2
198 ,181, 184, '170 152 151 159 131 136 144 135 128 145 136 139 148 150 133 143 ' ,'0 0 0 0 0 0 7 5 0 5 0 0 0 7 0 0 ' ,48 ,1 ,2, 2
203 ,193, 187, '160 138 142 156 123 127 128 109 122 137 144 158 131 142 129 136 ' ,'0 6 3 0 0 3 0 0 5 0 9 15 0 0 5 0 ' ,68 ,4 ,3, 3
184 ,197, 169, '148 138 144 158 116 125 119 110 118 129 136 123 132 150 119 132 ' ,'0 0 0 6 4 0 0 0 0 0 0 0 0 0 0 6 ' ,49 ,1 ,4, 4
198 ,177, 178, '163 148 162 164 123 132 143 150 124 141 128 138 152 143 122 123 ' ,'0 6 6 0 0 0 6 5 0 10 0 0 0 0 0 0 ' ,45 ,1 ,5, 4
208 ,185, 193, '175 155 154 160 128 124 139 124 122 143 150 142 138 142 136 125 ' ,'4 0 0 0 0 0 0 0 6 0 11 6 4 0 7 0 ' ,58 ,1 ,4, 4
209 ,203, 194, '164 160 144 166 146 139 153 122 150 138 132 143 153 181 128 139 ' ,'0 0 0 6 4 4 7 0 0 0 0 0 0 8 0 5 ' ,62 ,1 ,3, 3
208 ,202, 194, '164 164 149 180 136 136 148 131 134 144 141 135 152 150 140 154 ' ,'0 0 0 0 0 0 0 0 0 0 0 0 0 0 0 0 ' ,50 ,1 ,4, 4
241 ,201, 226, '163 156 181 151 136 134 155 145 147 139 135 141 164 140 141 138 ' ,'0 8 11 0 0 0 0 9 0 5 0 0 6 0 0 0 ' ,52 ,2 ,32, 4
231 ,317, 216, '202 161 167 175 197 164 161 137 183 168 197 171 158 186 170 129 ' ,'0 0 0 11 47 24 9 0 31 0 64 12 0 24 15 0 ' ,76 ,1 ,4, 4
211 ,228, 195, '171 184 149 160 140 152 144 137 148 158 145 137 151 154 131 142 ' ,'0 24 0 0 0 0 0 0 0 0 0 0 5 0 0 6 ' ,54 ,1 ,2, 2
230 ,205, 215, '188 162 193 178 146 154 140 174 137 148 152 136 159 200 140 154 ' ,'18 0 34 0 0 0 0 6 0 5 0 0 0 46 0 0 ' ,63 ,1 ,6, 6
281 ,220, 254, '163 171 156 194 241 130 156 141 146 149 233 161 167 168 152 202 ' ,'0 0 0 28 106 0 0 0 6 0 88 22 6 0 10 0 ' ,101 ,2 ,4, 4
255 ,262, 238, '215 226 206 158 135 142 149 147 128 143 147 174 142 164 126 141 ' ,'32 68 49 0 0 0 0 0 0 0 0 0 0 20 0 5 ' ,101 ,2 ,4, 4
205 ,245, 189, '160 147 154 181 130 153 147 125 126 138 131 133 144 142 125 139 ' ,'0 0 0 19 0 0 5 4 0 3 0 0 4 0 0 0 ' ,56 ,1 ,2, 2
200 ,198, 176, '161 139 146 148 131 151 135 111 119 136 136 147 140 143 129 117 ' ,'0 5 4 0 4 20 0 0 5 0 8 9 0 13 5 0 ' ,55 ,2 ,4, 4
197 ,185, 182, '169 139 133 165 121 130 134 119 131 142 136 135 127 136 123 147 ' ,'6 0 0 10 0 0 4 0 0 4 0 0 4 0 0 6 ' ,51 ,1 ,2, 2
182 ,191, 168, '155 140 146 153 113 118 136 128 122 128 140 138 138 137 121 121 ' ,'0 0 0 0 0 0 0 4 0 0 9 13 0 0 0 0 ' ,45 ,1 ,2, 2
192 ,176, 177, '165 152 147 157 145 163 152 135 136 142 152 139 148 167 132 150 ' ,'7 8 3 0 4 15 2 0 12 0 0 0 0 23 7 0 ' ,35 ,1 ,1, 1
204 ,186, 188, '160 140 159 163 133 132 136 129 137 132 146 128 146 134 128 146 ' ,'0 0 0 11 0 0 0 0 0 0 0 0 6 0 0 6 ' ,48 ,1 ,4, 4
211 ,196, 194, '160 151 155 182 133 131 142 133 153 147 134 123 141 178 139 137 ' ,'0 0 0 0 0 0 0 6 0 6 0 0 0 26 0 0 ' ,58 ,1 ,4, 4
214 ,199, 198, '182 164 160 169 137 158 148 150 147 137 159 157 153 151 130 143 ' ,'13 5 5 0 3 0 0 0 4 0 7 15 0 0 0 0 ' ,50 ,2 ,4, 4
203 ,205, 186, '157 158 164 174 146 165 145 134 144 143 130 140 141 150 139 160 ' ,'0 0 0 13 0 25 0 0 0 0 0 0 8 0 0 0 ' ,46 ,1 ,3, 3
208 ,197, 193, '180 166 158 175 136 150 167 136 142 140 163 140 152 156 136 158 ' ,'0 0 0 0 0 0 5 0 0 0 0 0 0 17 0 7 ' ,48 ,1 ,2, 2
199 ,204, 183, '167 160 147 170 133 159 149 129 141 146 148 146 138 150 135 144 ' ,'7 7 0 0 0 0 0 5 0 5 0 0 0 0 0 0 ' ,43 ,1 ,4, 3
200 ,189, 186, '155 165 157 173 133 130 150 130 155 133 161 144 144 172 141 131 ' ,'0 0 5 17 3 0 6 0 7 0 5 15 13 11 5 0 ' ,46 ,2 ,3, 3
199 ,195, 184, '169 136 135 173 117 153 131 117 136 136 129 116 128 140 117 139 ' ,'0 0 0 0 0 15 0 0 0 0 0 0 0 0 0 0 ' ,58 ,2 ,2, 2
184 ,193, 169, '156 148 144 154 142 137 136 139 128 140 148 119 149 148 127 161 ' ,'7 11 4 0 0 0 4 7 0 4 6 0 8 8 0 13 ' ,41 ,0 ,2, 2
201 ,177, 185, '150 147 148 175 135 137 151 124 137 143 132 143 124 142 130 134 ' ,'0 0 0 11 4 8 0 0 5 0 0 10 0 0 3 0 ' ,53 ,1 ,1, 1
209 ,191, 194, '179 147 162 144 123 147 138 127 115 139 147 124 164 138 127 141 ' ,'6 6 4 0 0 0 0 0 0 6 0 0 7 4 0 7 ' ,70 ,2 ,3, 3
276 ,204, 260, '166 152 149 165 122 137 144 129 136 135 139 130 155 156 138 130 ' ,'0 0 0 7 0 0 4 3 6 0 4 0 0 0 0 0 ' ,116 ,2 ,4, 4
198 ,266, 183, '158 168 154 169 125 128 135 107 122 138 138 133 139 136 134 138 ' ,'0 6 0 0 0 6 0 0 0 0 0 9 0 0 0 0 ' ,64 ,1 ,3, 3
196 ,189, 180, '161 150 148 165 122 128 144 120 121 123 145 140 142 139 121 136 ' ,'4 0 3 0 0 0 3 0 0 0 0 0 7 0 0 5 ' ,45 ,2 ,3, 3
208 ,188, 194, '161 145 164 180 129 138 154 143 130 139 138 127 155 133 132 133 ' ,'0 0 0 11 0 0 0 6 0 0 0 0 0 0 0 0 ' ,55 ,2 ,4, 4
207 ,203, 191, '172 162 168 176 141 139 169 130 162 148 142 151 147 159 158 141 ' ,'0 0 0 0 4 0 7 0 12 0 4 9 0 8 8 0 ' ,47 ,1 ,6, 6
328 ,199, 313, '182 168 175 159 140 156 166 148 139 149 158 145 166 161 144 168 ' ,'5 3 5 0 0 6 0 0 0 0 231 0 4 0 0 0 ' ,160 ,2 ,4, 4
206 ,320, 192, '174 153 171 180 143 148 155 133 148 157 166 138 145 163 138 165 ' ,'0 0 0 0 0 0 0 0 0 4 0 0 0 0 0 4 ' ,46 ,1 ,4, 4
218 ,200, 202, '170 161 182 192 139 142 165 143 159 150 152 147 181 171 143 144 ' ,'0 0 0 6 0 0 4 5 0 0 0 0 5 8 0 0 ' ,55 ,1 ,2, 2
220 ,212, 202, '182 166 157 187 143 136 153 125 139 129 152 156 137 150 146 150 ' ,'6 4 0 0 4 0 0 0 6 0 6 14 0 0 12 0 ' ,65 ,1 ,5, 5
196 ,216, 181, '165 144 163 146 137 147 140 141 124 137 137 125 156 145 125 141 ' ,'0 0 4 0 0 4 4 0 0 0 0 0 0 18 0 0 ' ,45 ,1 ,4, 4
188 ,188, 174, '162 147 144 162 129 141 142 135 127 143 141 120 147 135 123 145 ' ,'0 4 0 5 0 0 0 6 0 8 0 0 6 0 0 5 ' ,41 ,1 ,3, 3
199 ,180, 181, '168 126 146 160 127 145 136 127 122 134 147 140 131 142 133 127 ' ,'8 0 3 0 3 0 0 0 4 0 11 13 0 11 8 0 ' ,49 ,2 ,2, 2
242 ,193, 223, '155 141 142 168 118 119 134 124 126 130 130 129 152 150 111 135 ' ,'0 0 0 8 0 4 0 0 0 0 0 0 3 0 0 4 ' ,59 ,2 ,44, 2
270 ,336, 255, '196 167 172 182 137 154 150 132 155 143 163 150 152 243 125 132 ' ,'50 27 12 0 8 0 0 4 0 0 0 0 0 109 0 0 ' ,115 ,1 ,4, 4
220 ,262, 205, '184 158 159 170 133 164 151 132 140 136 181 152 152 134 142 138 ' ,'0 0 0 0 0 0 4 0 5 0 47 20 20 0 9 0 ' ,55 ,1 ,4, 4
228 ,211, 210, '158 147 159 195 123 144 141 138 159 138 150 133 142 143 131 133 ' ,'0 0 0 33 0 14 0 0 0 0 0 0 0 0 0 0 ' ,73 ,2 ,2, 2
400 ,218, 384, '225 208 225 163 135 178 182 132 152 175 164 157 240 370 157 174 ' ,'60 54 76 0 0 0 6 3 0 43 0 0 81 219 0 13 ' ,239 ,2 ,4, 4
276 ,393, 261, '179 159 153 169 147 131 149 119 132 156 247 166 141 155 155 139 ' ,'0 0 0 0 5 0 0 0 0 0 111 18 0 0 15 0 ' ,129 ,1 ,5, 5
266 ,270, 246, '164 147 156 230 127 163 150 130 156 157 132 127 136 169 134 145 ' ,'0 0 0 66 0 37 5 0 0 0 0 0 0 4 0 0 ' ,106 ,1 ,4, 4
243 ,256, 220, '167 173 201 164 157 160 159 153 131 185 143 138 199 149 135 188 ' ,'4 16 19 0 0 0 0 0 0 28 0 0 22 0 0 43 ' ,78 ,1 ,5, 5
268 ,233, 248, '175 165 161 171 150 146 158 141 139 145 151 142 155 150 213 147 ' ,'0 0 0 0 5 0 0 4 0 0 0 0 0 0 0 0 ' ,99 ,2 ,5, 5
261 ,258, 240, '171 160 163 190 136 157 174 135 146 156 157 151 153 163 206 156 ' ,'0 0 0 7 0 0 3 0 3 0 6 7 0 5 20 0 ' ,87 ,1 ,4, 4
206 ,247, 187, '169 155 167 175 137 160 144 140 137 149 149 148 167 138 124 142 ' ,'5 6 0 0 0 12 0 0 0 0 0 0 20 0 0 0 ' ,42 ,2 ,3, 3
218 ,199, 199, '165 147 178 162 172 142 142 145 131 150 157 133 183 135 134 149 ' ,'0 0 21 0 0 0 0 0 0 12 0 0 0 0 0 14 ' ,60 ,1 ,3, 3
216 ,214, 198, '175 152 148 187 120 130 147 135 130 131 143 128 154 134 145 128 ' ,'0 0 0 7 5 0 3 7 0 0 4 0 16 0 15 0 ' ,62 ,2 ,3, 3
206 ,208, 185, '173 157 170 161 111 158 144 126 126 130 132 134 132 123 119 136 ' ,'4 5 24 0 0 22 0 0 3 0 0 16 0 0 0 0 ' ,54 ,2 ,2, 2
218 ,196, 198, '151 151 153 187 135 139 141 118 129 141 140 135 144 163 119 176 ' ,'0 0 0 8 0 0 3 4 0 12 0 0 11 14 0 16 ' ,71 ,2 ,1, 1
219 ,208, 199, '163 163 141 150 174 137 148 116 129 138 158 145 140 138 154 139 ' ,'4 5 0 0 6 0 0 0 3 0 3 0 0 0 11 0 ' ,71 ,1 ,2, 2
217 ,209, 197, '176 139 167 172 125 181 127 127 134 132 141 122 143 150 114 137 ' ,'0 0 9 0 0 18 0 0 0 0 0 0 0 4 0 0 ' ,61 ,2 ,2, 2
193 ,209, 176, '165 150 143 161 134 136 155 125 121 142 131 126 134 146 122 147 ' ,'4 4 0 5 6 0 7 4 0 0 4 0 0 0 0 13 ' ,48 ,1 ,1, 1
197 ,188, 180, '150 147 149 167 129 156 134 117 146 144 140 130 146 142 128 130 ' ,'0 0 9 0 0 11 0 0 4 0 0 10 0 4 10 0 ' ,52 ,1 ,2, 2
203 ,190, 184, '160 152 160 174 122 131 137 125 124 142 144 128 146 145 144 130 ' ,'0 0 0 6 0 0 0 0 0 5 0 0 6 0 0 5 ' ,48 ,1 ,4, 4
199 ,193, 182, '163 159 146 159 134 143 140 123 124 136 141 131 128 158 144 149 ' ,'4 3 0 0 4 0 5 4 0 0 0 0 0 7 0 0 ' ,41 ,1 ,3, 3
215 ,190, 196, '155 151 175 154 144 146 144 142 132 165 144 129 174 129 137 134 ' ,'0 0 13 0 0 0 0 0 5 0 4 0 7 0 10 0 ' ,58 ,2 ,4, 4
207 ,207, 191, '169 168 157 171 159 141 168 122 152 134 147 141 142 141 142 155 ' ,'0 0 0 10 0 5 4 0 0 0 0 7 0 0 0 0 ' ,54 ,2 ,3, 3
220 ,200, 204, '170 169 166 168 143 139 171 135 139 171 146 142 147 157 167 171 ' ,'4 3 0 0 0 0 0 0 0 4 0 0 0 4 0 15 ' ,52 ,1 ,5, 5
232 ,213, 208, '169 152 175 154 156 131 141 144 134 136 145 135 165 152 139 158 ' ,'0 0 11 0 6 0 0 6 0 0 4 0 9 0 0 0 ' ,71 ,21 ,3, 3
212 ,226, 194, '170 147 165 174 126 127 154 135 143 150 126 141 135 143 152 139 ' ,'0 0 0 4 0 0 4 0 4 0 0 0 0 0 16 0 ' ,55 ,2 ,4, 4
209 ,205, 192, '178 157 146 160 123 154 153 127 131 144 139 151 144 146 149 144 ' ,'8 4 0 0 0 13 0 0 0 0 0 9 0 5 0 0 ' ,54 ,2 ,2, 2
205 ,202, 186, '163 141 170 156 147 124 145 137 130 157 154 136 163 136 154 149 ' ,'0 0 15 0 6 0 4 8 0 16 3 0 0 0 0 9 ' ,51 ,2 ,3, 3
204 ,196, 186, '161 155 151 171 132 153 143 123 144 156 166 140 126 151 154 152 ' ,'9 8 0 3 0 18 0 0 3 0 0 5 0 5 10 0 ' ,52 ,2 ,2, 2
190 ,196, 175, '154 135 159 163 121 144 141 126 111 132 132 124 146 131 138 139 ' ,'0 0 11 0 0 0 6 0 0 0 0 0 7 0 0 6 ' ,56 ,2 ,2, 2
207 ,190, 188, '154 143 153 173 135 135 143 124 133 148 171 137 136 144 125 153 ' ,'0 0 0 5 5 0 0 5 0 12 3 0 0 5 0 0 ' ,48 ,2 ,4, 4
223 ,198, 205, '169 153 147 168 132 157 157 124 125 171 139 135 152 143 121 136 ' ,'6 7 0 0 0 16 8 0 3 0 0 4 5 0 8 0 ' ,68 ,2 ,4, 4
205 ,216, 188, '165 144 166 176 126 135 130 128 133 133 138 130 133 155 125 131 ' ,'0 0 8 4 0 0 0 0 0 0 0 0 0 3 0 5 ' ,49 ,2 ,3, 3
201 ,197, 184, '170 148 164 154 149 130 148 137 125 150 145 130 153 146 130 130 ' ,'5 0 0 0 5 0 3 4 0 11 4 0 7 0 0 0 ' ,50 ,2 ,1, 1
220 ,194, 203, '165 144 148 170 144 149 141 129 138 136 141 139 143 154 136 144 ' ,'0 0 4 0 0 6 0 0 3 0 0 6 0 3 10 0 ' ,63 ,21 ,2, 2
206 ,214, 189, '174 148 154 173 144 142 158 152 125 143 155 134 148 136 130 141 ' ,'0 0 0 4 0 0 5 0 0 0 0 0 4 0 0 5 ' ,56 ,2 ,2, 2
230 ,198, 212, '196 162 153 166 119 157 154 134 136 135 178 147 154 147 160 157 ' ,'3 0 0 0 0 0 0 7 0 0 4 0 0 0 0 0 ' ,66 ,2 ,4, 4
228 ,222, 208, '154 163 175 174 179 136 164 135 149 163 138 144 160 155 154 136 ' ,'0 5 0 0 7 0 0 0 4 13 0 0 0 3 0 0 ' ,62 ,2 ,3, 3
300 ,219, 278, '168 154 172 177 141 183 153 132 135 148 142 146 151 144 152 140 ' ,'0 0 5 5 0 10 3 0 0 0 0 10 4 0 6 0 ' ,65 ,1 ,72, 2
225 ,420, 198, '179 160 154 176 147 184 154 133 138 146 152 139 145 174 150 177 ' ,'0 0 0 0 0 0 0 0 0 0 0 0 0 13 0 25 ' ,55 ,2 ,3, 3
265 ,207, 242, '195 200 197 177 153 153 162 177 141 166 182 167 224 150 141 199 ' ,'5 46 0 0 10 0 0 19 0 16 5 0 54 0 0 0 ' ,90 ,2 ,5, 5
277 ,253, 256, '163 154 172 244 145 177 150 140 144 192 158 178 152 226 165 159 ' ,'0 0 8 7 0 21 4 0 5 0 0 31 0 0 35 0 ' ,105 ,2 ,3, 3
301 ,266, 285, '165 194 146 159 117 136 126 141 148 149 145 139 264 160 109 238 ' ,'10 55 0 0 0 0 0 0 0 0 0 0 133 28 0 78 ' ,148 ,2 ,3, 3
238 ,293, 214, '152 152 178 159 184 141 136 162 125 169 117 143 147 133 148 115 ' ,'0 0 22 7 42 0 13 47 0 33 5 0 0 0 0 0 ' ,86 ,1 ,3, 3
284 ,225, 262, '167 148 146 175 160 180 130 120 158 162 125 197 138 153 176 166 ' ,'4 5 0 0 0 38 0 0 30 0 0 59 5 8 57 0 ' ,129 ,49 ,4, 4
201 ,271, 179, '165 150 162 169 136 132 139 131 120 147 123 139 141 129 122 130 ' ,'0 0 19 7 12 0 4 20 0 0 0 0 0 0 0 3 ' ,51 ,1 ,2, 2
208 ,191, 187, '148 128 156 172 154 136 130 120 147 143 122 119 128 139 126 128 ' ,'0 0 0 0 0 0 0 0 8 15 3 0 0 12 0 0 ' ,54 ,2 ,4, 4
238 ,197, 216, '172 165 154 150 132 153 158 147 136 135 142 150 137 131 183 141 ' ,'9 4 0 0 0 16 4 0 0 0 0 4 0 0 6 0 ' ,73 ,1 ,4, 4
222 ,225, 202, '170 151 179 182 146 143 148 135 154 135 148 136 143 161 127 166 ' ,'0 0 7 5 0 0 0 0 0 0 0 0 0 12 0 4 ' ,46 ,2 ,4, 4
326 ,213, 301, '165 150 169 160 171 153 156 150 144 265 139 135 169 157 129 135 ' ,'0 0 0 0 16 0 0 10 0 12 0 0 4 0 0 0 ' ,156 ,2 ,4, 4
209 ,313, 187, '170 158 165 164 130 161 145 132 140 156 162 148 143 172 141 137 ' ,'4 4 0 0 0 0 4 0 5 0 4 0 0 0 0 0 ' ,45 ,1 ,3, 3
220 ,196, 200, '162 164 174 186 138 170 149 140 124 157 136 141 150 161 142 170 ' ,'0 0 11 5 0 28 0 0 0 0 0 4 0 13 7 0 ' ,64 ,2 ,4, 4
235 ,211, 215, '197 153 167 181 136 149 147 145 148 159 151 138 165 155 142 160 ' ,'0 0 0 0 0 0 0 0 0 0 0 0 6 0 0 6 ' ,64 ,2 ,5, 5
223 ,224, 200, '181 161 158 168 157 141 156 137 139 171 149 147 153 163 151 161 ' ,'4 0 0 0 12 0 3 0 0 14 0 0 0 0 0 0 ' ,53 ,2 ,3, 3
244 ,211, 223, '188 163 192 190 127 164 148 130 157 146 161 148 149 156 137 186 ' ,'0 0 12 5 0 0 0 0 5 0 5 6 0 9 0 0 ' ,82 ,21 ,4, 4
214 ,237, 187, '168 167 154 169 138 175 145 123 134 149 140 141 138 139 144 152 ' ,'0 0 0 0 0 43 0 0 0 0 0 0 0 0 6 0 ' ,56 ,1 ,4, 4
224 ,200, 206, '188 169 162 163 160 158 160 147 133 159 144 147 139 151 153 156 ' ,'4 5 0 0 17 0 3 19 0 12 0 0 0 8 0 5 ' ,63 ,2 ,4, 4
216 ,216, 196, '167 160 177 170 128 137 146 134 131 138 151 153 157 137 132 137 ' ,'0 0 11 6 0 0 0 0 5 0 0 8 4 0 0 0 ' ,51 ,1 ,4, 4
204 ,207, 184, '166 143 146 163 117 157 130 112 121 132 152 125 137 137 139 122 ' ,'3 0 0 0 0 14 3 0 0 0 5 0 0 5 7 0 ' ,55 ,2 ,6, 6
217 ,191, 197, '152 145 153 175 168 125 134 139 120 138 132 128 137 140 120 127 ' ,'0 4 0 4 13 0 0 10 0 14 0 0 7 0 0 4 ' ,69 ,2 ,2, 2
215 ,208, 195, '179 152 147 156 142 137 144 111 121 123 145 158 132 127 109 126 ' ,'0 0 0 0 0 15 6 0 4 0 0 5 0 0 0 0 ' ,73 ,3 ,4, 4
203 ,207, 185, '163 151 148 156 144 130 130 121 123 137 128 139 136 146 134 144 ' ,'3 4 0 0 0 0 0 0 0 0 0 0 5 7 6 0 ' ,54 ,2 ,4, 4
230 ,194, 201, '170 141 167 156 147 148 132 138 130 164 142 128 146 151 146 134 ' ,'0 0 14 6 20 0 0 12 0 9 0 0 0 0 0 6 ' ,66 ,2 ,3, 3
219 ,220, 195, '161 157 141 180 132 128 144 133 136 139 139 135 133 154 136 133 ' ,'4 0 0 0 0 0 4 0 4 0 0 4 0 11 0 0 ' ,55 ,2 ,3, 3
248 ,203, 229, '158 145 162 153 180 157 146 141 126 136 137 141 150 145 127 148 ' ,'0 0 0 0 0 8 0 0 0 0 3 0 5 0 6 0 ' ,94 ,20 ,2, 2
203 ,241, 187, '166 150 173 174 135 145 155 142 130 153 148 137 152 158 130 142 ' ,'0 0 14 0 0 0 3 12 0 6 0 0 0 6 0 6 ' ,49 ,2 ,3, 3
202 ,196, 185, '162 158 153 172 142 145 155 131 149 152 144 145 158 167 130 141 ' ,'0 0 0 0 8 0 0 0 0 0 0 0 0 0 0 0 ' ,44 ,2 ,3, 3
202 ,195, 185, '166 152 152 160 132 149 164 131 159 139 149 142 151 144 140 145 ' ,'4 3 0 0 0 0 0 0 4 0 0 3 0 0 0 0 ' ,41 ,2 ,4, 4
207 ,197, 191, '159 148 176 171 134 136 145 123 126 137 155 128 145 147 143 143 ' ,'0 0 7 4 0 9 4 0 0 0 5 0 0 6 16 0 ' ,55 ,2 ,4, 4
236 ,199, 221, '150 145 155 153 137 124 143 153 124 143 143 130 151 126 139 132 ' ,'0 0 0 0 4 0 0 18 0 8 0 0 6 0 0 12 ' ,43 ,1 ,49, 4
262 ,353, 244, '161 171 225 185 127 195 165 153 150 135 175 169 143 166 136 158 ' ,'0 0 78 6 0 48 10 0 10 0 0 22 0 17 0 0 ' ,103 ,2 ,4, 4
293 ,251, 276, '163 156 170 170 177 135 138 235 135 217 128 141 257 149 162 137 ' ,'0 0 0 0 0 0 0 71 0 79 0 0 98 0 34 0 ' ,136 ,2 ,3, 3
291 ,286, 275, '218 167 257 183 131 159 197 132 138 140 169 241 139 187 125 179 ' ,'25 4 105 19 10 0 58 0 0 0 0 96 0 47 0 34 ' ,137 ,2 ,3, 3
332 ,284, 314, '210 145 165 158 123 211 127 115 137 125 231 128 294 127 129 178 ' ,'0 0 0 0 0 73 0 0 15 0 92 0 150 0 0 0 ' ,184 ,2 ,5, 5
343 ,322, 326, '177 152 174 183 164 150 142 238 120 312 153 140 151 158 171 166 ' ,'10 5 0 10 21 0 11 105 0 175 0 0 0 21 37 27 ' ,199 ,2 ,2, 2
192 ,336, 177, '154 149 144 164 123 139 136 123 129 139 135 143 139 139 119 127 ' ,'0 0 0 0 0 5 0 0 0 0 0 4 4 0 0 0 ' ,47 ,2 ,3, 3
192 ,184, 176, '163 145 147 166 125 140 156 131 125 156 159 149 152 153 145 152 ' ,'4 5 0 8 0 0 19 8 0 10 18 0 0 9 17 0 ' ,37 ,2 ,2, 2
202 ,186, 184, '169 148 155 160 149 131 135 125 121 134 146 140 145 145 133 140 ' ,'0 0 10 0 8 0 0 0 0 0 0 4 0 0 0 7 ' ,53 ,3 ,3, 3
223 ,192, 200, '185 156 148 175 138 137 151 121 142 145 163 136 138 150 119 139 ' ,'4 5 0 6 0 6 11 0 11 0 18 0 5 8 0 0 ' ,65 ,2 ,4, 4
215 ,209, 191, '159 144 157 170 162 132 134 136 125 142 141 122 143 142 128 143 ' ,'0 0 5 0 6 0 0 7 0 5 0 0 0 0 11 6 ' ,55 ,2 ,4, 4
216 ,202, 196, '173 151 144 164 135 129 133 119 120 131 137 149 148 143 116 134 ' ,'4 3 0 0 0 0 0 0 0 0 0 6 3 8 0 0 ' ,64 ,3 ,3, 3
204 ,203, 183, '159 149 156 165 127 145 128 129 133 144 144 126 146 138 135 139 ' ,'0 0 6 6 0 8 0 5 12 9 10 0 0 0 10 0 ' ,41 ,1 ,3, 3
218 ,195, 196, '164 145 142 183 140 151 146 131 131 135 133 132 133 150 130 155 ' ,'0 0 0 0 11 0 7 0 0 0 0 0 0 9 0 20 ' ,56 ,2 ,3, 3
216 ,208, 191, '172 155 155 169 128 143 144 130 131 132 145 139 146 127 121 148 ' ,'7 3 0 7 0 0 0 0 0 0 0 4 4 0 0 0 ' ,53 ,2 ,4, 4
251 ,208, 230, '212 151 173 184 153 163 174 142 160 145 204 135 156 164 134 140 ' ,'0 0 10 0 0 23 26 0 15 0 42 0 0 0 0 0 ' ,80 ,3 ,5, 5
226 ,237, 208, '162 158 174 181 163 146 147 154 145 157 158 137 160 177 174 142 ' ,'0 0 0 0 0 0 0 8 0 13 0 0 0 23 32 0 ' ,55 ,2 ,4, 4
226 ,216, 209, '191 155 159 183 148 145 144 129 125 155 172 134 155 129 125 177 ' ,'33 5 0 12 18 0 0 0 0 0 0 0 13 0 0 37 ' ,73 ,2 ,4, 4
208 ,218, 191, '160 153 164 158 118 123 173 126 127 130 136 161 152 179 134 145 ' ,'0 0 15 0 0 0 31 0 0 0 0 5 0 29 0 0 ' ,57 ,2 ,2, 2
242 ,201, 224, '177 137 156 160 128 155 140 145 137 148 182 136 160 141 187 159 ' ,'0 0 0 0 0 14 0 17 18 8 41 0 9 0 39 0 ' ,79 ,2 ,3, 3
232 ,238, 213, '166 166 152 190 139 135 159 129 143 174 153 156 139 182 152 164 ' ,'0 7 9 6 24 0 15 0 0 0 0 6 0 12 0 27 ' ,71 ,3 ,5, 5
207 ,222, 190, '168 147 149 164 123 155 144 137 139 136 169 140 147 141 132 148 ' ,'0 0 0 0 0 10 0 0 15 0 14 0 8 0 0 0 ' ,39 ,3 ,4, 4
214 ,199, 197, '164 148 164 167 140 141 164 138 162 163 148 138 150 166 153 155 ' ,'6 6 0 5 0 0 5 8 0 11 0 0 0 6 15 13 ' ,48 ,1 ,4, 4
211 ,205, 192, '139 132 140 140 121 120 134 125 119 153 117 125 130 131 120 118 ' ,'0 0 4 0 14 0 0 0 0 0 0 4 5 0 0 0 ' ,62 ,2 ,3, 3
241 ,201, 221, '162 138 131 172 139 156 139 113 145 160 139 140 118 149 127 146 ' ,'5 0 0 4 0 18 5 5 9 14 7 0 0 6 9 0 ' ,67 ,2 ,32, 3
204 ,516, 185, '168 138 151 152 126 171 125 116 130 122 141 129 117 144 113 178 ' ,'0 0 8 0 0 0 0 0 0 0 0 0 0 0 0 47 ' ,59 ,2 ,2, 2
241 ,199, 225, '153 149 154 159 162 154 141 144 139 131 135 134 159 147 188 136 ' ,'0 0 0 0 30 0 0 0 0 0 0 9 10 0 0 0 ' ,78 ,2 ,3, 3
293 ,235, 272, '257 161 159 154 168 234 166 125 141 154 242 141 139 166 139 194 ' ,'35 0 0 0 0 26 17 0 0 0 90 0 0 8 0 0 ' ,141 ,2 ,2, 2
265 ,286, 246, '168 183 206 179 197 131 152 162 165 179 132 137 141 143 206 135 ' ,'0 23 13 0 0 0 0 37 22 46 0 0 0 0 42 0 ' ,102 ,2 ,5, 5
260 ,254, 242, '163 156 163 179 136 142 144 120 138 184 211 126 177 150 132 221 ' ,'0 0 0 0 0 0 0 0 0 0 0 0 29 0 0 85 ' ,110 ,2 ,5, 5
291 ,250, 274, '195 164 147 179 137 139 182 130 147 137 136 179 154 171 141 141 ' ,'31 0 0 0 0 0 31 0 0 0 0 24 0 18 0 0 ' ,72 ,2 ,60, 2
301 ,409, 278, '162 183 178 188 196 190 150 122 195 241 162 160 193 159 171 158 ' ,'0 28 28 9 0 41 0 0 52 106 0 0 44 0 0 0 ' ,143 ,2 ,4, 4
320 ,294, 297, '178 153 206 192 185 144 185 276 166 196 147 144 146 226 229 160 ' ,'0 0 0 0 56 0 40 153 0 0 0 0 0 68 80 13 ' ,138 ,3 ,4, 4
246 ,305, 228, '210 195 163 201 166 155 168 125 132 139 201 158 206 146 136 180 ' ,'21 28 0 30 0 0 0 0 0 0 52 17 54 0 0 0 ' ,90 ,2 ,4, 4
289 ,239, 270, '182 151 151 218 156 170 191 164 246 196 136 138 151 254 167 135 ' ,'0 0 10 0 0 36 52 37 77 58 0 0 0 117 22 0 ' ,121 ,2 ,5, 5
273 ,275, 251, '180 136 148 191 214 142 129 119 125 136 136 158 138 154 139 152 ' ,'23 0 0 20 89 0 0 0 0 0 0 28 5 6 0 6 ' ,119 ,2 ,4, 4
204 ,262, 186, '165 154 143 160 127 158 136 120 124 141 160 136 134 155 120 127 ' ,'0 10 4 0 0 12 4 0 6 6 23 0 0 0 0 0 ' ,49 ,2 ,4, 4
219 ,191, 196, '166 137 154 179 127 150 122 130 127 131 136 133 145 139 133 144 ' ,'12 0 0 7 0 0 0 9 0 0 0 0 4 4 11 4 ' ,59 ,3 ,5, 5
193 ,204, 176, '158 155 151 155 134 135 157 123 131 133 141 139 142 136 129 155 ' ,'0 7 4 0 7 0 3 0 0 0 7 5 0 0 0 0 ' ,41 ,1 ,3, 3
215 ,185, 197, '176 144 149 158 122 141 132 119 134 158 152 134 139 146 141 162 ' ,'10 0 0 0 0 9 0 0 8 4 0 0 4 4 9 0 ' ,60 ,2 ,4, 4
222 ,204, 201, '168 147 130 156 164 127 134 121 122 124 123 133 131 146 158 132 ' ,'0 6 0 4 9 0 3 12 0 0 0 6 0 0 0 4 ' ,70 ,3 ,2, 2
224 ,213, 202, '185 132 153 154 138 130 137 114 127 130 167 118 156 143 125 147 ' ,'0 0 3 0 0 0 0 0 0 0 5 0 4 6 0 0 ' ,77 ,3 ,3, 3
251 ,211, 234, '174 144 153 167 129 145 154 118 139 137 154 132 141 152 195 171 ' ,'12 0 0 6 0 0 6 0 9 4 0 0 0 0 6 0 ' ,97 ,2 ,4, 4
214 ,239, 197, '178 162 168 157 142 148 148 147 131 138 152 138 164 147 154 179 ' ,'0 15 4 0 11 0 0 20 0 0 0 0 3 0 0 5 ' ,55 ,2 ,5, 5
210 ,205, 190, '160 172 156 163 136 141 156 126 141 142 148 149 142 170 142 144 ' ,'0 0 0 0 0 0 5 0 0 0 0 13 0 14 0 0 ' ,49 ,1 ,8, 8
219 ,199, 199, '183 154 168 178 157 163 151 130 148 144 176 131 164 153 140 163 ' ,'19 0 0 12 0 23 0 0 10 5 13 0 0 0 0 0 ' ,56 ,2 ,4, 4
219 ,207, 197, '170 184 181 174 152 150 155 129 142 151 157 156 160 146 151 164 ' ,'0 19 4 0 0 0 0 0 0 0 0 0 6 0 8 5 ' ,57 ,1 ,4, 4
224 ,207, 202, '166 176 186 162 157 140 178 166 139 163 142 150 163 159 162 155 ' ,'0 0 0 0 11 0 5 21 0 0 0 0 0 6 0 0 ' ,55 ,2 ,3, 3
230 ,213, 211, '187 165 176 184 143 158 160 142 135 155 182 134 175 147 135 150 ' ,'15 0 0 0 0 0 0 0 0 0 21 0 5 0 0 0 ' ,65 ,2 ,6, 6
298 ,218, 277, '166 174 176 197 142 170 172 143 182 244 173 142 165 192 188 151 ' ,'0 8 6 0 0 0 6 0 14 8 0 0 0 6 9 0 ' ,124 ,2 ,3, 3
218 ,289, 197, '165 144 179 168 160 163 143 134 155 135 152 138 174 170 153 157 ' ,'0 0 0 0 15 0 0 0 0 0 0 0 0 0 0 7 ' ,46 ,2 ,5, 5
217 ,205, 198, '174 154 172 182 132 154 155 131 140 140 158 152 167 159 143 153 ' ,'12 0 0 9 0 0 4 0 0 0 8 11 5 6 0 0 ' ,52 ,2 ,5, 5
218 ,208, 198, '162 159 166 156 159 148 138 123 144 143 141 147 141 155 126 135 ' ,'0 10 4 0 0 13 0 0 8 15 0 0 0 0 7 0 ' ,64 ,2 ,3, 3
193 ,208, 175, '158 136 158 147 128 132 153 122 128 131 124 150 144 136 132 155 ' ,'7 0 0 0 6 0 3 6 0 0 0 0 4 4 0 13 ' ,43 ,2 ,2, 2
206 ,184, 187, '174 150 146 163 120 135 140 118 133 134 133 137 133 155 126 132 ' ,'0 8 4 10 0 11 0 0 6 0 4 7 0 0 0 0 ' ,58 ,2 ,3, 3
204 ,197, 187, '154 146 152 164 119 124 146 122 122 146 155 123 143 150 136 142 ' ,'0 0 0 0 0 0 6 0 0 6 0 0 3 4 6 9 ' ,50 ,2 ,3, 3
225 ,197, 207, '155 154 155 166 133 134 149 141 123 171 137 145 153 148 123 142 ' ,'6 5 3 6 9 0 0 5 0 0 0 4 0 0 0 0 ' ,74 ,3 ,3, 3
