40126 ,0, 158, '91 64 62 57 76 107 67 68 34 32 58 38 ' ,'0 0 0 0 0 0 0 0 0 0 0 0 ' ,81 ,11 ,1, 1
14697 ,251, 152, '137 107 94 99 92 88 107 97 70 67 115 60 ' ,'0 0 0 0 0 0 0 0 0 0 0 0 ' ,76 ,1 ,1, 1
275 ,375, 36, '16 15 14 15 19 14 16 13 9 13 12 9 ' ,'0 0 0 0 0 0 0 0 0 0 0 0 ' ,14 ,1 ,0, 0
265 ,262, 245, '9 12 9 14 14 11 16 13 10 6 13 10 ' ,'0 0 0 0 0 0 0 0 0 0 0 0 ' ,223 ,1 ,1, 1
266 ,255, 244, '16 18 15 16 15 11 17 13 14 9 6 12 ' ,'0 0 0 0 0 0 0 0 0 0 0 0 ' ,221 ,1 ,1, 1
259 ,255, 241, '11 14 13 13 16 20 13 17 9 14 6 10 ' ,'0 0 0 0 0 0 0 0 0 0 0 0 ' ,222 ,1 ,1, 1
62 ,252, 37, '11 20 13 17 13 15 19 13 6 6 12 14 ' ,'0 0 0 0 0 0 0 0 0 0 0 0 ' ,17 ,1 ,0, 0
483 ,50, 459, '15 17 20 16 14 23 14 20 10 8 8 9 ' ,'0 0 0 0 0 0 0 0 0 0 0 0 ' ,440 ,1 ,1, 1
61 ,672, 38, '14 21 18 22 18 15 20 18 15 12 11 14 ' ,'0 0 0 0 0 0 0 0 0 0 0 0 ' ,17 ,1 ,1, 1
477 ,49, 443, '12 18 14 17 16 14 14 14 10 10 8 7 ' ,'0 0 0 0 0 0 0 0 0 0 0 0 ' ,424 ,1 ,0, 0
478 ,660, 454, '15 19 16 19 17 17 17 18 14 11 8 13 ' ,'0 0 0 0 0 0 0 0 0 0 0 0 ' ,433 ,1 ,1, 1
61 ,468, 37, '16 15 16 19 13 14 15 20 11 9 7 10 ' ,'0 0 0 0 0 0 0 0 0 0 0 0 ' ,19 ,2 ,0, 0
672 ,50, 648, '20 14 22 19 17 26 14 24 10 15 8 10 ' ,'0 0 0 0 0 0 0 0 0 0 0 0 ' ,631 ,0 ,1, 1
274 ,662, 253, '12 18 16 19 13 17 13 14 13 8 12 11 ' ,'0 0 0 0 0 0 0 0 0 0 0 0 ' ,228 ,1 ,1, 1
277 ,263, 256, '30 22 21 18 24 25 16 20 19 17 9 12 ' ,'0 0 0 0 0 0 0 0 0 0 0 0 ' ,232 ,1 ,1, 1
261 ,267, 235, '23 19 17 20 18 16 18 18 14 11 8 12 ' ,'0 0 0 0 0 0 0 0 0 0 0 0 ' ,209 ,1 ,1, 1
276 ,448, 254, '28 20 16 19 17 20 18 17 12 11 8 12 ' ,'0 0 0 0 0 0 0 0 0 0 0 0 ' ,229 ,2 ,1, 1
263 ,269, 234, '12 13 14 16 17 11 13 10 8 11 6 9 ' ,'0 0 0 0 0 0 0 0 0 0 0 0 ' ,222 ,1 ,0, 0
54 ,252, 34, '12 16 16 17 15 11 17 15 12 10 6 12 ' ,'0 0 0 0 0 0 0 0 0 0 0 0 ' ,11 ,1 ,0, 0
261 ,43, 36, '13 17 14 26 16 22 22 16 11 7 9 9 ' ,'0 0 0 0 0 0 0 0 0 0 0 0 ' ,21 ,1 ,0, 0
264 ,49, 242, '12 18 17 19 18 12 21 21 13 12 6 13 ' ,'0 0 0 0 0 0 0 0 0 0 0 0 ' ,223 ,1 ,0, 0
47 ,253, 29, '19 17 10 16 15 19 16 10 11 8 9 11 ' ,'0 0 0 0 0 0 0 0 0 0 0 0 ' ,13 ,0 ,1, 1
56 ,34, 34, '21 15 13 23 17 15 15 11 17 8 8 10 ' ,'0 0 0 0 0 0 0 0 0 0 0 0 ' ,18 ,2 ,0, 0
50 ,46, 34, '19 15 18 24 17 18 13 17 6 12 12 12 ' ,'0 0 0 0 0 0 0 0 0 0 0 0 ' ,16 ,2 ,0, 0
43 ,44, 28, '16 19 15 17 14 16 15 14 11 9 8 10 ' ,'0 0 0 0 0 0 0 0 0 0 0 0 ' ,11 ,1 ,1, 1
46 ,35, 28, '19 15 15 15 18 20 16 13 10 10 14 8 ' ,'0 0 0 0 0 0 0 0 0 0 0 0 ' ,13 ,1 ,0, 0
50 ,36, 34, '18 20 18 19 12 20 21 19 14 6 11 11 ' ,'0 0 0 0 0 0 0 0 0 0 0 0 ' ,19 ,2 ,0, 0
47 ,40, 27, '14 14 13 14 18 14 14 13 10 9 6 9 ' ,'0 0 0 0 0 0 0 0 0 0 0 0 ' ,12 ,2 ,0, 0
57 ,37, 39, '15 18 15 20 16 15 17 16 10 11 9 16 ' ,'0 0 0 0 0 0 0 0 0 0 0 0 ' ,12 ,1 ,0, 0
47 ,49, 32, '18 19 15 21 18 17 17 13 13 12 10 12 ' ,'0 0 0 0 0 0 0 0 0 0 0 0 ' ,15 ,2 ,1, 1
51 ,39, 34, '18 14 13 13 23 16 12 11 8 12 12 8 ' ,'0 0 0 0 0 0 0 0 0 0 0 0 ' ,18 ,1 ,0, 0
45 ,40, 26, '17 20 16 22 19 17 19 16 13 10 9 11 ' ,'0 0 0 0 0 0 0 0 0 0 0 0 ' ,12 ,0 ,1, 1
51 ,38, 32, '21 21 13 20 16 15 16 13 10 9 10 6 ' ,'0 0 0 0 0 0 0 0 0 0 0 0 ' ,18 ,1 ,1, 1
43 ,44, 26, '18 11 16 18 18 17 15 16 12 11 11 9 ' ,'0 0 0 0 0 0 0 0 0 0 0 0 ' ,9 ,0 ,0, 0
276 ,33, 254, '19 17 15 22 19 17 19 15 12 16 10 8 ' ,'0 0 0 0 0 0 0 0 0 0 0 0 ' ,231 ,0 ,1, 1
267 ,671, 246, '11 15 12 17 17 18 17 12 11 10 6 10 ' ,'0 0 0 0 0 0 0 0 0 0 0 0 ' ,225 ,1 ,0, 0
275 ,256, 252, '14 12 16 12 17 16 14 9 8 11 7 7 ' ,'0 0 0 0 0 0 0 0 0 0 0 0 ' ,231 ,0 ,0, 0
307 ,262, 284, '14 14 20 18 13 18 14 19 11 8 6 10 ' ,'0 0 0 0 0 0 0 0 0 0 0 0 ' ,266 ,1 ,0, 0
64 ,504, 45, '27 18 14 17 14 14 15 17 13 9 6 13 ' ,'0 0 0 0 0 0 0 0 0 0 0 0 ' ,24 ,1 ,1, 1
264 ,53, 244, '26 16 18 20 19 13 16 11 8 15 7 9 ' ,'0 0 0 0 0 0 0 0 0 0 0 0 ' ,225 ,1 ,0, 0
690 ,255, 669, '16 14 15 16 14 11 14 16 11 7 6 9 ' ,'0 0 0 0 0 0 0 0 0 0 0 0 ' ,652 ,0 ,0, 0
684 ,681, 664, '16 17 19 20 15 16 16 16 11 10 7 11 ' ,'0 0 0 0 0 0 0 0 0 0 0 0 ' ,644 ,1 ,1, 1
470 ,877, 449, '17 21 14 21 16 13 22 14 13 12 10 14 ' ,'0 0 0 0 0 0 0 0 0 0 0 0 ' ,429 ,1 ,0, 0
372 ,462, 348, '18 19 19 16 20 18 15 17 8 8 11 8 ' ,'0 0 0 0 0 0 0 0 0 0 0 0 ' ,330 ,0 ,0, 0
474 ,362, 450, '12 12 19 22 12 16 12 17 11 12 13 13 ' ,'0 0 0 0 0 0 0 0 0 0 0 0 ' ,426 ,1 ,0, 0
467 ,469, 441, '11 14 12 22 27 16 13 12 8 12 6 9 ' ,'0 0 0 0 0 0 0 0 0 0 0 0 ' ,418 ,1 ,0, 0
1166 ,452, 334, '38 21 17 18 17 36 25 17 13 13 21 18 ' ,'0 0 0 0 0 0 0 0 0 0 0 0 ' ,305 ,47 ,0, 0
1644 ,552, 39, '15 18 18 22 17 22 27 16 12 11 8 16 ' ,'0 0 0 0 0 0 0 0 0 0 0 0 ' ,16 ,1 ,0, 0
269 ,50, 39, '21 18 17 19 17 15 22 16 12 12 9 11 ' ,'0 0 0 0 0 0 0 0 0 0 0 0 ' ,19 ,1 ,1, 1
545 ,259, 524, '12 16 14 16 12 12 17 15 12 6 17 12 ' ,'0 0 0 0 0 0 0 0 0 0 0 0 ' ,500 ,1 ,0, 0
268 ,534, 247, '10 13 20 12 18 15 13 13 7 9 6 7 ' ,'0 0 0 0 0 0 0 0 0 0 0 0 ' ,227 ,2 ,0, 0
689 ,256, 668, '22 24 23 25 17 18 19 19 14 12 8 13 ' ,'0 0 0 0 0 0 0 0 0 0 0 0 ' ,645 ,1 ,0, 0
274 ,882, 253, '15 17 19 15 14 13 15 21 12 8 6 9 ' ,'0 0 0 0 0 0 0 0 0 0 0 0 ' ,236 ,1 ,0, 0
271 ,263, 250, '25 20 19 16 15 11 21 14 10 14 13 17 ' ,'0 0 0 0 0 0 0 0 0 0 0 0 ' ,228 ,0 ,0, 0
264 ,261, 244, '17 15 15 20 21 19 16 14 10 10 7 12 ' ,'0 0 0 0 0 0 0 0 0 0 0 0 ' ,224 ,1 ,1, 1
459 ,255, 436, '26 13 18 15 22 24 15 12 7 12 6 11 ' ,'0 0 0 0 0 0 0 0 0 0 0 0 ' ,416 ,1 ,0, 0
492 ,449, 466, '26 21 19 15 17 18 25 11 8 12 16 5 ' ,'0 0 0 0 0 0 0 0 0 0 0 0 ' ,446 ,1 ,0, 0
56 ,476, 36, '19 25 13 14 14 12 16 13 12 8 6 10 ' ,'0 0 0 0 0 0 0 0 0 0 0 0 ' ,18 ,1 ,0, 0
465 ,47, 444, '18 18 15 17 14 9 16 14 10 9 6 10 ' ,'0 0 0 0 0 0 0 0 0 0 0 0 ' ,422 ,1 ,1, 1
1088 ,457, 1066, '17 16 18 20 18 17 17 16 10 14 10 9 ' ,'0 0 0 0 0 0 0 0 0 0 0 0 ' ,1043 ,1 ,0, 0
1238 ,1077, 267, '23 21 18 22 19 19 19 19 14 11 13 13 ' ,'0 0 0 0 0 0 0 0 0 0 0 0 ' ,245 ,3 ,0, 0
272 ,280, 253, '10 14 11 15 18 14 12 12 8 11 9 8 ' ,'0 0 0 0 0 0 0 0 0 0 0 0 ' ,235 ,1 ,0, 0
264 ,268, 245, '11 26 12 19 15 25 21 23 11 10 7 9 ' ,'0 0 0 0 0 0 0 0 0 0 0 0 ' ,222 ,1 ,1, 1
66 ,255, 44, '15 16 18 14 12 13 13 11 8 7 5 8 ' ,'0 0 0 0 0 0 0 0 0 0 0 0 ' ,27 ,1 ,0, 0
685 ,57, 664, '11 16 16 18 15 13 19 16 10 9 7 9 ' ,'0 0 0 0 0 0 0 0 0 0 0 0 ' ,642 ,0 ,0, 0
287 ,677, 264, '14 14 14 17 14 11 18 14 12 8 6 10 ' ,'0 0 0 0 0 0 0 0 0 0 0 0 ' ,247 ,29 ,0, 0
280 ,276, 256, '17 14 19 13 18 16 11 18 8 12 7 8 ' ,'0 0 0 0 0 0 0 0 0 0 0 0 ' ,237 ,0 ,0, 0
323 ,266, 300, '17 14 16 20 16 17 15 13 9 10 9 9 ' ,'0 0 0 0 0 0 0 0 0 0 0 0 ' ,279 ,1 ,0, 0
268 ,313, 33, '17 14 16 18 17 14 12 15 10 10 7 8 ' ,'0 0 0 0 0 0 0 0 0 0 0 0 ' ,15 ,1 ,0, 0
262 ,252, 38, '14 13 20 13 17 17 14 24 8 12 7 8 ' ,'0 0 0 0 0 0 0 0 0 0 0 0 ' ,19 ,1 ,0, 0
57 ,261, 40, '14 18 16 17 15 11 14 14 12 9 15 8 ' ,'0 0 0 0 0 0 0 0 0 0 0 0 ' ,15 ,0 ,0, 0
498 ,47, 478, '22 12 18 15 18 17 16 18 10 12 6 12 ' ,'0 0 0 0 0 0 0 0 0 0 0 0 ' ,458 ,0 ,0, 0
263 ,489, 239, '12 15 18 18 18 14 15 16 12 11 8 11 ' ,'0 0 0 0 0 0 0 0 0 0 0 0 ' ,224 ,1 ,0, 0
266 ,251, 243, '12 14 13 20 16 18 14 12 9 12 10 8 ' ,'0 0 0 0 0 0 0 0 0 0 0 0 ' ,226 ,1 ,0, 0
64 ,255, 39, '22 30 32 30 28 19 27 24 17 16 25 15 ' ,'0 0 0 0 0 0 0 0 0 0 0 0 ' ,16 ,1 ,0, 0
63 ,259, 42, '20 38 22 29 29 22 25 27 16 18 11 19 ' ,'0 0 0 0 0 0 0 0 0 0 0 0 ' ,27 ,1 ,0, 0
281 ,58, 257, '31 34 31 32 31 24 26 31 16 17 13 17 ' ,'0 0 0 0 0 0 0 0 0 0 0 0 ' ,239 ,1 ,0, 0
62 ,273, 43, '35 27 35 39 32 35 30 32 15 21 20 15 ' ,'0 0 0 0 0 0 0 0 0 0 0 0 ' ,23 ,1 ,0, 0
189 ,52, 172, '155 158 89 96 90 157 158 164 126 120 87 147 ' ,'0 0 0 0 0 0 0 0 0 0 0 0 ' ,78 ,0 ,0, 0
101 ,180, 83, '31 30 29 30 35 29 33 31 19 16 14 76 ' ,'0 0 0 0 0 0 0 0 0 0 0 0 ' ,62 ,1 ,0, 0
64 ,92, 43, '32 35 27 28 29 27 32 24 18 17 23 21 ' ,'0 0 0 0 0 0 0 0 0 0 0 0 ' ,20 ,1 ,1, 1
61 ,51, 43, '30 29 24 32 36 31 29 32 13 11 20 27 ' ,'0 0 0 0 0 0 0 0 0 0 0 0 ' ,27 ,1 ,0, 0
65 ,51, 43, '31 26 24 35 28 22 25 27 21 23 20 10 ' ,'0 0 0 0 0 0 0 0 0 0 0 0 ' ,24 ,1 ,0, 0
61 ,56, 44, '30 36 27 30 26 23 30 27 20 14 18 12 ' ,'0 0 0 0 0 0 0 0 0 0 0 0 ' ,24 ,1 ,2, 1
247 ,50, 230, '29 42 36 32 34 27 37 31 23 18 19 18 ' ,'0 0 0 0 0 0 0 0 0 0 0 0 ' ,204 ,1 ,1, 0
57 ,237, 40, '30 26 33 29 29 29 35 25 18 17 19 16 ' ,'0 0 0 0 0 0 0 0 0 0 0 0 ' ,18 ,1 ,0, 0
67 ,48, 48, '41 21 31 26 32 36 27 34 14 18 22 13 ' ,'0 0 0 0 0 0 0 0 0 0 0 0 ' ,28 ,1 ,1, 1
64 ,54, 45, '28 37 22 35 31 33 37 35 20 20 20 15 ' ,'0 0 0 0 0 0 0 0 0 0 0 0 ' ,22 ,1 ,1, 1
62 ,52, 40, '27 28 33 29 34 31 32 33 13 23 21 16 ' ,'0 0 0 0 0 0 0 0 0 0 0 0 ' ,21 ,1 ,0, 0
63 ,47, 48, '32 30 31 23 31 39 23 27 18 17 18 17 ' ,'0 0 0 0 0 0 0 0 0 0 0 0 ' ,25 ,1 ,0, 0
321 ,56, 299, '30 26 31 23 25 26 23 38 17 16 18 17 ' ,'0 0 0 0 0 0 0 0 0 0 0 0 ' ,270 ,0 ,0, 0
300 ,307, 278, '29 39 35 37 27 38 27 30 19 17 34 21 ' ,'0 0 0 0 0 0 0 0 0 0 0 0 ' ,247 ,1 ,1, 1
86 ,288, 61, '38 30 37 32 35 35 28 35 16 17 26 17 ' ,'0 0 0 0 0 0 0 0 0 0 0 0 ' ,34 ,1 ,0, 0
278 ,274, 52, '25 38 36 33 35 32 40 31 18 19 19 23 ' ,'0 0 0 0 0 0 0 0 0 0 0 0 ' ,22 ,1 ,0, 0
713 ,62, 690, '29 30 29 28 28 39 31 31 16 13 16 17 ' ,'0 0 0 0 0 0 0 0 0 0 0 0 ' ,665 ,1 ,0, 0
389 ,702, 363, '99 78 76 77 89 110 81 90 41 46 49 40 ' ,'0 0 0 0 0 0 0 0 0 0 0 0 ' ,314 ,1 ,0, 0
84 ,378, 64, '33 33 30 27 34 41 32 35 25 22 16 17 ' ,'0 0 0 0 0 0 0 0 0 0 0 0 ' ,36 ,1 ,0, 0
101 ,73, 77, '30 32 28 37 31 59 35 34 20 20 20 17 ' ,'0 0 0 0 0 0 0 0 0 0 0 0 ' ,54 ,0 ,0, 0
67 ,93, 46, '38 21 34 30 36 30 30 36 19 23 22 18 ' ,'0 0 0 0 0 0 0 0 0 0 0 0 ' ,22 ,0 ,0, 0
291 ,63, 273, '26 35 29 32 37 30 34 36 21 19 16 21 ' ,'0 0 0 0 0 0 0 0 0 0 0 0 ' ,246 ,1 ,0, 0
680 ,282, 658, '25 26 27 25 30 37 28 24 19 17 13 25 ' ,'0 0 0 0 0 0 0 0 0 0 0 0 ' ,631 ,1 ,0, 0
502 ,670, 483, '29 38 29 35 31 33 32 36 16 19 13 14 ' ,'0 0 0 0 0 0 0 0 0 0 0 0 ' ,454 ,0 ,0, 0
293 ,693, 267, '29 40 27 27 31 42 35 33 20 18 19 20 ' ,'0 0 0 0 0 0 0 0 0 0 0 0 ' ,242 ,1 ,0, 0
283 ,282, 249, '24 31 26 30 33 37 38 28 16 18 15 19 ' ,'0 0 0 0 0 0 0 0 0 0 0 0 ' ,222 ,1 ,0, 0
734 ,466, 714, '31 41 29 29 34 38 30 35 20 21 12 22 ' ,'0 0 0 0 0 0 0 0 0 0 0 0 ' ,682 ,1 ,1, 1
292 ,726, 269, '31 146 34 29 36 26 48 36 13 23 21 24 ' ,'0 95 0 0 0 0 0 0 0 0 0 0 ' ,245 ,1 ,0, 0
280 ,483, 261, '32 35 37 28 35 24 34 34 17 21 11 28 ' ,'0 0 0 0 0 0 0 0 0 0 0 0 ' ,227 ,1 ,1, 1
73 ,272, 54, '28 33 33 31 31 31 36 34 20 19 23 22 ' ,'0 0 0 0 0 0 0 0 0 0 0 0 ' ,24 ,1 ,0, 0
292 ,65, 270, '32 28 34 37 36 31 29 39 20 20 12 15 ' ,'0 0 0 0 0 0 0 0 0 0 0 0 ' ,240 ,1 ,0, 0
268 ,281, 248, '28 33 39 39 31 26 33 32 21 19 14 19 ' ,'0 0 0 0 0 0 0 0 0 0 0 0 ' ,218 ,1 ,0, 0
478 ,260, 255, '32 27 34 27 38 15 22 36 22 23 16 17 ' ,'0 0 0 0 0 0 0 0 0 0 0 0 ' ,224 ,1 ,0, 0
72 ,511, 53, '30 34 35 39 35 35 32 37 23 14 16 23 ' ,'0 0 0 0 0 0 0 0 0 0 0 0 ' ,27 ,1 ,0, 0
288 ,62, 266, '22 26 30 35 28 44 35 26 13 19 17 20 ' ,'0 0 0 0 0 0 0 0 0 0 0 0 ' ,244 ,1 ,0, 0
89 ,281, 65, '39 20 33 32 38 35 25 29 19 17 16 21 ' ,'0 0 0 0 0 0 0 0 0 0 0 0 ' ,36 ,1 ,0, 0
926 ,74, 903, '32 32 35 38 32 28 34 32 18 20 21 22 ' ,'0 0 0 0 0 0 0 0 0 0 0 0 ' ,879 ,1 ,1, 1
746 ,917, 728, '30 34 33 34 39 33 34 36 20 23 15 16 ' ,'0 0 0 0 0 0 0 0 0 0 0 0 ' ,702 ,23 ,1, 1
86 ,945, 66, '25 25 30 40 26 39 39 35 22 21 23 22 ' ,'0 0 0 0 0 0 0 0 0 0 0 0 ' ,36 ,0 ,0, 0
285 ,75, 266, '24 38 37 37 25 27 28 32 21 20 23 23 ' ,'0 0 0 0 0 0 0 0 0 0 0 0 ' ,236 ,3 ,0, 0
494 ,275, 270, '30 21 35 41 36 31 29 30 24 21 12 20 ' ,'0 0 0 0 0 0 0 0 0 0 0 0 ' ,244 ,1 ,0, 0
689 ,283, 470, '31 36 34 26 30 30 37 30 21 19 12 18 ' ,'0 0 0 0 0 0 0 0 0 0 0 0 ' ,441 ,1 ,1, 1
516 ,479, 496, '31 35 27 32 36 44 34 30 20 17 16 19 ' ,'0 0 0 0 0 0 0 0 0 0 0 0 ' ,467 ,1 ,0, 0
266 ,505, 247, '28 39 38 29 30 50 37 24 22 21 16 20 ' ,'0 0 0 0 0 0 0 0 0 0 0 0 ' ,213 ,1 ,0, 0
85 ,257, 65, '32 30 26 32 33 42 34 30 16 15 19 20 ' ,'0 0 0 0 0 0 0 0 0 0 0 0 ' ,40 ,1 ,0, 0
538 ,76, 311, '27 34 19 36 35 32 28 40 17 16 8 20 ' ,'0 0 0 0 0 0 0 0 0 0 0 0 ' ,286 ,2 ,1, 1
296 ,323, 275, '33 21 22 32 24 21 34 30 21 12 13 16 ' ,'0 0 0 0 0 0 0 0 0 0 0 0 ' ,254 ,1 ,0, 0
277 ,287, 254, '15 16 23 17 20 20 19 20 11 13 6 15 ' ,'0 0 0 0 0 0 0 0 0 0 0 0 ' ,232 ,1 ,0, 0
282 ,266, 262, '15 21 18 26 19 18 20 26 13 10 9 13 ' ,'0 0 0 0 0 0 0 0 0 0 0 0 ' ,240 ,1 ,0, 0
546 ,685, 522, '15 18 20 18 21 17 16 15 8 9 8 9 ' ,'0 0 0 0 0 0 0 0 0 0 0 0 ' ,501 ,1 ,0, 0
287 ,532, 267, '17 20 19 19 19 18 21 19 14 12 6 12 ' ,'0 0 0 0 0 0 0 0 0 0 0 0 ' ,242 ,1 ,0, 0
513 ,278, 485, '19 20 22 16 22 23 17 20 10 12 12 14 ' ,'0 0 0 0 0 0 0 0 0 0 0 0 ' ,463 ,1 ,0, 0
474 ,701, 445, '24 19 13 16 21 22 19 20 10 10 14 10 ' ,'0 0 0 0 0 0 0 0 0 0 0 0 ' ,422 ,1 ,1, 1
500 ,657, 274, '13 19 16 22 16 20 20 12 12 10 8 15 ' ,'0 0 0 0 0 0 0 0 0 0 0 0 ' ,252 ,1 ,1, 0
63 ,289, 45, '13 16 16 18 16 12 20 15 11 11 11 10 ' ,'0 0 0 0 0 0 0 0 0 0 0 0 ' ,25 ,1 ,0, 0
282 ,55, 260, '14 20 17 20 19 19 25 19 13 13 13 12 ' ,'0 0 0 0 0 0 0 0 0 0 0 0 ' ,236 ,1 ,0, 0
276 ,272, 258, '21 19 25 17 19 16 19 15 10 9 6 12 ' ,'0 0 0 0 0 0 0 0 0 0 0 0 ' ,235 ,1 ,0, 0
42 ,268, 23, '14 17 14 16 16 17 18 16 12 15 8 11 ' ,'0 0 0 0 0 0 0 0 0 0 0 0 ' ,10 ,0 ,0, 0
49 ,33, 30, '22 15 19 16 21 17 18 22 9 14 6 8 ' ,'0 0 0 0 0 0 0 0 0 0 0 0 ' ,19 ,0 ,0, 0
43 ,38, 27, '15 21 16 20 16 15 21 19 20 10 10 12 ' ,'0 0 0 0 0 0 0 0 0 0 0 0 ' ,13 ,1 ,0, 0
55 ,34, 40, '18 16 19 24 33 21 25 28 12 12 11 14 ' ,'0 0 0 0 0 0 0 0 0 0 0 0 ' ,24 ,1 ,0, 0
44 ,48, 30, '21 22 20 21 21 22 21 17 18 11 12 13 ' ,'0 0 0 0 0 0 0 0 0 0 0 0 ' ,13 ,0 ,0, 0
45 ,34, 28, '14 18 15 14 16 17 17 16 12 8 15 16 ' ,'0 0 0 0 0 0 0 0 0 0 0 0 ' ,15 ,1 ,1, 1
53 ,36, 36, '22 18 24 24 22 31 18 27 18 15 14 10 ' ,'0 0 0 0 0 0 0 0 0 0 0 0 ' ,21 ,1 ,1, 1
53 ,44, 28, '13 16 15 19 21 15 17 17 9 8 18 9 ' ,'0 0 0 0 0 0 0 0 0 0 0 0 ' ,14 ,1 ,0, 0
44 ,43, 27, '13 14 18 15 20 14 19 20 8 13 8 7 ' ,'0 0 0 0 0 0 0 0 0 0 0 0 ' ,12 ,0 ,1, 1
46 ,34, 24, '14 21 15 19 16 17 19 15 12 10 9 10 ' ,'0 0 0 0 0 0 0 0 0 0 0 0 ' ,11 ,1 ,0, 0
51 ,36, 27, '17 23 19 20 19 20 15 20 12 12 12 6 ' ,'0 0 0 0 0 0 0 0 0 0 0 0 ' ,15 ,1 ,0, 0
46 ,43, 31, '20 20 18 20 20 17 20 16 10 9 12 11 ' ,'0 0 0 0 0 0 0 0 0 0 0 0 ' ,13 ,0 ,0, 0
43 ,38, 28, '15 19 18 18 17 18 20 16 12 11 9 12 ' ,'0 0 0 0 0 0 0 0 0 0 0 0 ' ,13 ,1 ,1, 1
57 ,37, 37, '19 18 18 18 16 20 18 17 14 11 7 14 ' ,'0 0 0 0 0 0 0 0 0 0 0 0 ' ,17 ,0 ,1, 0
60 ,456, 38, '18 18 14 22 18 21 17 22 9 10 6 9 ' ,'0 0 0 0 0 0 0 0 0 0 0 0 ' ,23 ,1 ,0, 0
257 ,51, 234, '20 21 16 17 17 15 139 21 12 13 10 13 ' ,'0 0 0 0 0 0 0 0 0 0 0 0 ' ,215 ,1 ,0, 0
500 ,245, 479, '19 17 17 22 14 22 17 15 11 9 7 12 ' ,'0 0 0 0 0 0 0 0 0 0 0 0 ' ,462 ,1 ,0, 0
289 ,491, 269, '30 20 27 19 23 24 19 23 13 16 10 19 ' ,'0 0 0 0 0 0 0 0 0 0 0 0 ' ,251 ,2 ,0, 0
288 ,280, 268, '17 20 16 19 17 22 20 17 13 10 12 14 ' ,'0 0 0 0 0 0 0 0 0 0 0 0 ' ,246 ,1 ,0, 0
304 ,478, 279, '19 18 22 21 27 28 20 23 12 15 10 11 ' ,'0 0 0 0 0 0 0 0 0 0 0 0 ' ,258 ,1 ,1, 1
76 ,292, 48, '16 19 18 19 17 20 17 17 12 9 12 14 ' ,'0 0 0 0 0 0 0 0 0 0 0 0 ' ,33 ,1 ,0, 0
214 ,64, 194, '176 20 18 21 20 20 18 16 11 9 12 10 ' ,'0 0 0 0 0 0 0 0 0 0 0 0 ' ,177 ,1 ,1, 1
495 ,205, 473, '15 17 23 24 20 14 15 22 15 14 9 7 ' ,'0 0 0 0 0 0 0 0 0 0 0 0 ' ,455 ,1 ,0, 0
318 ,483, 270, '23 18 16 18 20 15 17 15 11 9 8 9 ' ,'0 0 0 0 0 0 0 0 0 0 0 0 ' ,252 ,1 ,0, 0
1111 ,280, 1089, '19 21 17 21 20 15 17 20 11 10 11 8 ' ,'0 0 0 0 0 0 0 0 0 0 0 0 ' ,1071 ,2 ,0, 0
456 ,1309, 230, '18 21 18 17 14 19 16 20 9 8 10 11 ' ,'0 0 0 0 0 0 0 0 0 0 0 0 ' ,213 ,1 ,1, 1
704 ,447, 685, '16 18 16 15 15 19 22 12 8 14 8 13 ' ,'0 0 0 0 0 0 0 0 0 0 0 0 ' ,665 ,0 ,0, 0
694 ,898, 674, '16 19 15 22 19 24 17 16 12 11 15 13 ' ,'0 0 0 0 150 0 0 0 0 0 0 0 ' ,652 ,1 ,0, 0
1320 ,685, 1300, '13 17 12 21 17 18 20 16 8 12 10 7 ' ,'0 0 0 0 0 0 0 0 0 0 0 0 ' ,1279 ,1 ,0, 0
1120 ,1310, 895, '16 15 14 18 15 16 17 16 11 9 12 9 ' ,'0 0 0 0 0 0 0 0 0 0 0 0 ' ,878 ,1 ,1, 1
1112 ,907, 1087, '16 15 21 21 18 16 17 18 14 11 10 9 ' ,'0 0 0 0 0 0 0 0 0 0 0 0 ' ,1069 ,1 ,0, 0
699 ,1250, 679, '19 16 21 15 20 15 15 21 9 16 5 10 ' ,'0 0 0 0 0 0 0 0 0 0 0 0 ' ,658 ,1 ,0, 0
506 ,688, 484, '19 21 15 19 16 21 18 17 13 10 5 11 ' ,'0 0 0 0 0 0 0 0 0 0 0 0 ' ,462 ,1 ,1, 1
506 ,494, 484, '20 21 16 19 17 26 16 14 9 8 13 10 ' ,'0 0 0 0 0 0 0 0 0 0 0 0 ' ,465 ,1 ,1, 1
1762 ,495, 1741, '35 32 33 34 31 28 39 30 16 22 11 19 ' ,'0 0 0 0 0 0 0 0 0 0 0 0 ' ,1715 ,1 ,0, 0
532 ,1752, 513, '36 31 31 28 34 41 38 34 19 23 21 25 ' ,'0 0 0 0 0 0 0 0 0 0 0 0 ' ,482 ,1 ,0, 0
312 ,521, 290, '36 39 35 33 37 30 35 34 22 22 16 22 ' ,'0 0 0 0 0 0 0 0 0 0 0 0 ' ,259 ,1 ,0, 0
517 ,301, 496, '37 31 27 31 33 32 35 32 20 16 20 22 ' ,'0 0 0 0 0 0 0 0 0 0 0 0 ' ,471 ,1 ,0, 0
334 ,714, 312, '33 40 34 34 33 29 43 36 20 19 14 18 ' ,'0 0 0 0 0 0 0 0 0 0 0 0 ' ,274 ,1 ,0, 0
95 ,325, 72, '28 25 29 30 37 42 36 36 16 24 12 15 ' ,'0 0 0 0 0 0 0 0 0 0 0 0 ' ,45 ,1 ,0, 0
330 ,87, 278, '27 37 35 34 34 30 35 35 21 20 17 13 ' ,'0 0 0 0 0 0 0 0 0 0 0 0 ' ,248 ,1 ,0, 0
264 ,292, 242, '37 30 33 30 27 31 37 36 21 20 16 22 ' ,'0 0 0 0 0 0 0 0 0 0 0 0 ' ,212 ,1 ,0, 0
476 ,254, 456, '35 30 31 33 34 27 33 34 27 18 16 21 ' ,'0 0 0 0 0 0 0 0 0 0 0 0 ' ,428 ,1 ,0, 0
717 ,467, 696, '36 32 32 33 30 32 34 44 19 21 16 11 ' ,'0 0 0 0 0 0 0 0 0 0 0 0 ' ,673 ,1 ,0, 0
740 ,1111, 719, '31 39 29 42 32 38 32 33 16 19 16 16 ' ,'0 0 0 0 0 0 0 0 0 0 0 0 ' ,692 ,1 ,0, 0
520 ,732, 499, '38 38 39 36 27 31 32 37 17 16 19 21 ' ,'0 0 0 0 0 0 0 0 0 0 0 0 ' ,466 ,1 ,1, 1
361 ,509, 333, '27 25 28 34 26 39 35 24 18 21 16 18 ' ,'0 0 0 0 0 0 0 0 0 0 0 0 ' ,304 ,39 ,0, 0
811 ,343, 792, '31 38 33 26 28 44 29 39 22 21 17 12 ' ,'0 0 0 0 0 0 0 0 0 0 0 0 ' ,758 ,1 ,0, 0
436 ,801, 416, '34 35 32 36 23 27 33 33 19 20 15 17 ' ,'0 0 0 0 0 0 0 0 0 0 0 0 ' ,391 ,1 ,0, 0
517 ,426, 498, '23 32 22 31 33 36 29 34 17 15 16 15 ' ,'0 0 0 0 0 0 0 0 0 0 0 0 ' ,473 ,1 ,0, 0
172 ,508, 150, '24 29 26 45 25 30 29 31 19 12 17 17 ' ,'0 0 0 0 0 0 0 0 0 0 0 0 ' ,126 ,1 ,1, 1
69 ,161, 50, '29 24 24 23 38 22 27 29 18 16 16 14 ' ,'0 0 0 0 0 0 0 0 0 0 0 0 ' ,27 ,1 ,0, 0
525 ,264, 505, '33 30 26 39 32 37 29 31 18 16 12 20 ' ,'0 0 0 0 0 0 0 0 0 0 0 0 ' ,477 ,1 ,0, 0
57 ,515, 41, '33 32 29 34 32 31 33 23 17 19 12 21 ' ,'0 0 0 0 0 0 0 0 0 0 0 0 ' ,22 ,0 ,0, 0
53 ,47, 36, '29 21 22 22 26 25 24 20 12 17 21 15 ' ,'0 0 0 0 0 0 0 0 0 0 0 0 ' ,19 ,1 ,1, 1
57 ,44, 42, '28 23 25 26 31 34 30 33 9 14 19 14 ' ,'0 0 0 0 0 0 0 0 0 0 0 0 ' ,28 ,1 ,0, 0
58 ,48, 38, '31 24 30 30 29 27 24 28 13 20 20 12 ' ,'0 0 0 0 0 0 0 0 0 0 0 0 ' ,20 ,1 ,0, 0
54 ,50, 37, '23 28 31 22 28 24 23 26 11 20 20 14 ' ,'0 0 0 0 0 0 0 0 0 0 0 0 ' ,22 ,1 ,1, 1
51 ,46, 36, '27 27 30 24 26 30 25 24 18 14 15 18 ' ,'0 0 0 0 0 0 0 0 0 0 0 0 ' ,17 ,1 ,0, 0
55 ,43, 39, '24 26 22 31 27 21 28 29 10 20 10 15 ' ,'0 0 0 0 0 0 0 0 0 0 0 0 ' ,24 ,1 ,0, 0
58 ,47, 42, '30 25 35 29 26 22 29 27 19 13 18 15 ' ,'0 0 0 0 0 0 0 0 0 0 0 0 ' ,22 ,1 ,0, 0
54 ,50, 38, '20 27 21 33 25 25 24 24 20 13 17 18 ' ,'0 0 0 0 0 0 0 0 0 0 0 0 ' ,20 ,1 ,0, 0
55 ,45, 38, '23 27 28 26 24 24 22 32 13 16 18 15 ' ,'0 0 0 0 0 0 0 0 0 0 0 0 ' ,20 ,1 ,0, 0
57 ,44, 42, '29 29 35 34 26 28 27 29 19 14 13 16 ' ,'0 0 0 0 0 0 0 0 0 0 0 0 ' ,24 ,1 ,1, 1
57 ,47, 41, '17 21 24 35 20 21 22 24 22 18 12 12 ' ,'0 0 0 0 0 0 0 0 0 0 0 0 ' ,25 ,0 ,0, 0
57 ,48, 41, '25 28 33 37 25 33 33 35 18 14 14 20 ' ,'0 0 0 0 0 0 0 0 0 0 0 0 ' ,23 ,1 ,0, 0
523 ,49, 498, '22 24 16 25 20 33 21 28 17 18 9 17 ' ,'0 0 0 0 0 0 0 0 0 0 0 0 ' ,475 ,13 ,1, 1
94 ,708, 73, '29 26 23 29 23 29 23 21 13 15 16 15 ' ,'0 0 0 0 0 0 0 0 0 0 0 0 ' ,47 ,1 ,0, 0
928 ,288, 907, '31 28 21 24 30 29 27 22 16 20 16 14 ' ,'0 0 0 0 0 0 0 0 0 0 0 0 ' ,888 ,1 ,0, 0
462 ,923, 437, '40 28 25 26 21 30 29 23 18 18 14 15 ' ,'0 0 0 0 0 0 0 0 0 0 0 0 ' ,414 ,0 ,0, 0
301 ,452, 280, '19 25 29 35 30 29 21 27 13 19 19 15 ' ,'0 0 0 0 0 0 0 0 0 0 0 0 ' ,259 ,1 ,0, 0
537 ,291, 515, '28 28 30 26 31 21 27 32 14 19 17 8 ' ,'0 0 0 0 0 0 0 0 0 0 0 0 ' ,497 ,30 ,0, 0
551 ,729, 529, '19 30 29 18 24 28 29 25 14 14 12 18 ' ,'0 0 0 0 0 0 0 0 0 0 0 0 ' ,507 ,1 ,1, 1
498 ,541, 270, '25 30 22 28 30 30 26 28 18 21 18 16 ' ,'0 0 0 0 0 0 0 0 0 0 0 0 ' ,244 ,1 ,0, 0
515 ,489, 495, '27 31 27 24 29 28 27 33 17 18 14 16 ' ,'0 0 0 0 0 0 0 0 0 0 0 0 ' ,470 ,1 ,0, 0
305 ,506, 285, '29 20 24 24 33 21 24 34 14 20 14 10 ' ,'0 0 0 0 0 0 0 0 0 0 0 0 ' ,261 ,1 ,0, 0
736 ,296, 711, '24 36 30 23 28 42 26 29 16 13 14 17 ' ,'0 0 0 0 0 0 0 0 0 0 0 0 ' ,685 ,1 ,1, 1
719 ,723, 700, '26 31 26 33 32 23 31 29 20 18 22 18 ' ,'0 0 0 0 0 0 0 0 0 0 0 0 ' ,672 ,1 ,0, 0
310 ,710, 289, '29 33 25 26 34 22 27 34 15 21 15 11 ' ,'0 0 0 0 0 0 0 0 0 0 0 0 ' ,263 ,1 ,0, 0
740 ,299, 718, '19 30 18 31 26 26 28 23 20 15 14 12 ' ,'0 0 0 0 0 0 0 0 0 0 0 0 ' ,690 ,1 ,0, 0
533 ,728, 505, '37 21 21 27 26 26 26 32 18 12 13 14 ' ,'0 0 0 0 0 0 0 0 0 0 0 0 ' ,483 ,1 ,0, 0
314 ,517, 292, '31 30 30 40 30 40 34 31 20 17 22 17 ' ,'0 0 0 0 0 0 0 0 0 0 0 0 ' ,265 ,1 ,0, 0
677 ,304, 657, '29 27 24 27 17 27 23 25 18 26 19 15 ' ,'0 0 0 0 0 0 0 0 0 0 0 0 ' ,629 ,1 ,0, 0
1565 ,666, 1545, '20 30 29 28 26 31 29 26 12 17 14 12 ' ,'0 0 0 0 0 0 0 0 0 0 0 0 ' ,1521 ,1 ,0, 0
317 ,1556, 296, '26 35 27 26 34 25 29 31 12 22 13 16 ' ,'0 0 0 0 0 0 0 0 0 0 0 0 ' ,271 ,1 ,1, 1
321 ,305, 290, '31 31 26 30 30 21 35 27 20 13 15 16 ' ,'0 0 0 0 0 0 0 0 0 0 0 0 ' ,263 ,1 ,0, 0
488 ,303, 261, '23 29 23 21 21 29 34 26 17 14 17 15 ' ,'0 0 0 0 0 0 0 0 0 0 0 0 ' ,234 ,1 ,1, 1
294 ,272, 276, '23 26 27 23 33 35 32 34 12 20 14 7 ' ,'0 0 0 0 0 0 0 0 0 0 0 0 ' ,256 ,1 ,1, 1
985 ,284, 957, '29 27 26 29 26 23 27 27 15 17 16 14 ' ,'0 0 0 0 0 0 0 0 0 0 0 0 ' ,933 ,2 ,0, 0
101 ,972, 75, '28 34 19 34 30 32 30 27 21 16 16 20 ' ,'0 0 0 0 0 0 0 0 0 0 0 0 ' ,50 ,1 ,0, 0
297 ,85, 278, '18 20 31 26 29 29 26 28 17 17 20 21 ' ,'0 0 0 0 0 0 0 0 0 0 0 0 ' ,252 ,1 ,0, 0
277 ,288, 257, '25 26 26 27 22 29 24 25 16 12 16 14 ' ,'0 0 0 0 0 0 0 0 0 0 0 0 ' ,234 ,1 ,0, 0
518 ,268, 496, '26 32 32 27 30 22 33 33 20 19 15 16 ' ,'0 0 0 0 0 0 0 0 0 0 0 0 ' ,468 ,1 ,0, 0
513 ,507, 495, '22 32 27 36 26 35 28 30 17 18 11 12 ' ,'0 0 0 0 0 0 0 0 0 0 0 0 ' ,470 ,0 ,0, 0
514 ,503, 494, '24 28 29 25 18 31 32 27 19 14 21 17 ' ,'0 0 0 0 0 0 0 0 0 0 0 0 ' ,471 ,0 ,0, 0
305 ,505, 286, '24 28 21 39 33 30 23 26 20 18 10 11 ' ,'0 0 0 0 0 0 0 0 0 0 0 0 ' ,260 ,0 ,0, 0
666 ,296, 644, '34 36 17 29 27 25 17 24 19 12 14 9 ' ,'0 0 0 0 0 0 0 0 0 0 0 0 ' ,622 ,1 ,1, 0
313 ,655, 291, '29 27 24 28 34 29 34 34 16 19 9 16 ' ,'0 0 0 0 0 0 0 0 0 0 0 0 ' ,266 ,1 ,0, 0
316 ,512, 294, '32 34 30 29 22 36 31 31 15 15 16 19 ' ,'0 0 0 0 0 0 0 0 0 0 0 0 ' ,264 ,1 ,0, 0
321 ,303, 298, '38 32 26 24 27 34 32 30 13 9 14 21 ' ,'0 0 0 0 0 0 0 0 0 0 0 0 ' ,280 ,1 ,0, 0
294 ,308, 276, '20 29 32 25 32 29 34 33 19 14 12 21 ' ,'0 0 0 0 0 0 0 0 0 0 0 0 ' ,250 ,1 ,1, 1
517 ,284, 293, '26 23 25 24 24 42 26 30 19 16 8 17 ' ,'0 0 0 0 0 0 0 0 0 0 0 0 ' ,264 ,0 ,1, 1
296 ,312, 277, '20 25 22 29 30 33 23 33 16 16 15 16 ' ,'0 0 0 0 0 0 0 0 0 0 0 0 ' ,251 ,1 ,0, 0
316 ,287, 298, '33 27 23 34 26 39 33 27 16 17 14 18 ' ,'0 0 0 0 0 0 0 0 0 0 0 0 ' ,268 ,1 ,1, 0
301 ,307, 279, '25 33 34 24 30 15 21 32 18 20 17 11 ' ,'0 0 0 0 0 0 0 0 0 0 0 0 ' ,256 ,1 ,1, 1
98 ,291, 75, '39 31 30 28 33 29 29 31 20 24 14 19 ' ,'0 0 0 0 0 0 0 0 0 0 0 0 ' ,46 ,1 ,0, 0
312 ,88, 292, '24 29 27 33 30 29 28 29 20 18 15 16 ' ,'0 0 0 0 0 0 0 0 0 0 0 0 ' ,253 ,0 ,0, 0
500 ,705, 274, '26 34 23 25 24 20 28 30 17 13 15 20 ' ,'0 0 0 0 0 0 0 0 0 0 0 0 ' ,250 ,1 ,0, 0
900 ,486, 882, '33 27 31 28 40 22 28 28 19 16 11 19 ' ,'0 0 0 0 0 0 0 0 0 0 0 0 ' ,853 ,1 ,1, 1
922 ,893, 285, '29 32 24 36 31 30 22 28 17 12 21 17 ' ,'0 0 0 0 0 0 0 0 0 0 0 0 ' ,262 ,1 ,1, 1
54 ,914, 40, '29 32 25 28 32 22 26 28 15 21 8 15 ' ,'0 0 0 0 0 0 0 0 0 0 0 0 ' ,24 ,1 ,0, 0
58 ,45, 41, '26 29 19 28 33 31 28 32 19 19 11 8 ' ,'0 0 0 0 0 0 0 0 0 0 0 0 ' ,27 ,1 ,1, 1
59 ,48, 42, '29 24 32 35 28 28 28 31 19 15 21 15 ' ,'0 0 0 0 0 0 0 0 0 0 0 0 ' ,20 ,1 ,0, 0
59 ,48, 44, '30 37 30 30 28 33 32 33 24 17 18 15 ' ,'0 0 0 0 0 0 0 0 0 0 0 0 ' ,22 ,1 ,1, 1
53 ,50, 39, '26 29 25 27 25 25 32 31 16 23 17 18 ' ,'0 0 0 0 0 0 0 0 0 0 0 0 ' ,17 ,1 ,1, 1
64 ,44, 49, '25 41 34 20 33 34 24 33 12 15 20 25 ' ,'0 0 0 0 0 0 0 0 0 0 0 0 ' ,32 ,1 ,1, 1
57 ,56, 37, '24 28 31 30 26 30 23 25 22 17 16 16 ' ,'0 0 0 0 0 0 0 0 0 0 0 0 ' ,16 ,1 ,0, 0
59 ,48, 41, '31 33 32 36 25 30 22 30 9 16 15 14 ' ,'0 0 0 0 0 0 0 0 0 0 0 0 ' ,28 ,1 ,0, 0
123 ,52, 107, '24 28 32 28 32 31 33 31 20 16 17 17 ' ,'0 0 0 0 0 0 0 0 0 0 0 0 ' ,85 ,0 ,0, 0
56 ,114, 41, '27 34 32 32 25 32 31 26 17 20 16 26 ' ,'0 0 0 0 0 0 0 0 0 0 0 0 ' ,19 ,0 ,1, 1
59 ,46, 43, '31 36 26 34 31 26 28 31 25 21 19 19 ' ,'0 0 0 0 0 0 0 0 0 0 0 0 ' ,17 ,0 ,0, 0
57 ,48, 42, '33 33 27 32 27 27 27 32 19 15 18 19 ' ,'0 0 0 0 0 0 0 0 0 0 0 0 ' ,21 ,1 ,0, 0
61 ,48, 46, '25 30 35 33 36 22 32 33 15 22 15 17 ' ,'0 0 0 0 0 0 0 0 0 0 0 0 ' ,27 ,1 ,0, 0
299 ,53, 270, '31 31 32 43 31 21 35 26 21 13 26 16 ' ,'0 0 0 0 0 0 0 0 0 0 0 0 ' ,248 ,1 ,0, 0
295 ,287, 275, '30 33 26 24 26 28 39 33 15 13 21 20 ' ,'0 0 0 0 0 0 0 0 0 0 0 0 ' ,249 ,1 ,0, 0
311 ,284, 290, '43 30 34 32 29 30 29 39 19 13 11 18 ' ,'0 0 0 0 0 0 0 0 0 0 0 0 ' ,266 ,1 ,0, 0
304 ,299, 280, '31 28 35 44 41 30 32 34 16 22 18 15 ' ,'0 0 0 0 0 0 0 0 0 0 0 0 ' ,253 ,0 ,0, 0
741 ,297, 722, '26 37 31 33 31 36 34 32 15 19 9 17 ' ,'0 0 0 0 0 0 0 0 0 0 0 0 ' ,696 ,1 ,1, 1
492 ,732, 473, '30 31 30 37 32 34 32 34 19 18 12 15 ' ,'0 0 0 0 0 0 0 0 0 0 0 0 ' ,446 ,1 ,0, 0
312 ,482, 289, '32 33 37 31 37 30 33 37 15 22 11 11 ' ,'0 0 0 0 0 0 0 0 0 0 0 0 ' ,269 ,0 ,0, 0
385 ,504, 360, '38 36 35 36 31 32 39 26 17 13 8 14 ' ,'0 0 0 0 0 0 0 0 0 0 0 0 ' ,335 ,1 ,1, 1
312 ,1023, 293, '30 37 36 39 33 30 28 33 20 18 17 21 ' ,'0 0 0 0 0 0 0 0 0 0 0 0 ' ,264 ,1 ,1, 1
505 ,302, 488, '25 29 34 31 33 31 31 32 19 18 11 23 ' ,'0 0 0 0 0 0 0 0 0 0 0 0 ' ,458 ,1 ,0, 0
317 ,496, 296, '32 29 31 34 27 35 28 34 20 21 18 18 ' ,'0 0 0 0 0 0 0 0 0 0 0 0 ' ,265 ,1 ,0, 0
548 ,308, 525, '21 29 31 27 32 43 36 27 19 18 17 19 ' ,'0 0 0 0 0 0 0 0 0 0 0 0 ' ,496 ,1 ,0, 0
750 ,537, 730, '33 34 29 34 16 38 28 27 14 19 15 17 ' ,'0 0 0 0 0 0 0 0 0 0 0 0 ' ,705 ,1 ,0, 0
533 ,741, 512, '29 39 34 30 31 27 35 34 21 21 21 18 ' ,'0 0 0 0 0 0 0 0 0 0 0 0 ' ,481 ,1 ,0, 0
753 ,524, 732, '33 29 33 37 26 30 34 29 23 18 10 17 ' ,'0 0 0 0 0 0 0 0 0 0 0 0 ' ,703 ,2 ,0, 0
321 ,742, 296, '23 25 29 31 32 38 29 34 22 21 16 16 ' ,'0 0 0 0 0 0 0 0 0 0 0 0 ' ,269 ,2 ,0, 0
300 ,308, 280, '34 31 28 33 34 30 33 30 20 25 22 15 ' ,'0 0 0 0 0 0 0 0 0 0 0 0 ' ,254 ,1 ,1, 1
522 ,289, 501, '31 29 30 37 40 42 28 33 22 22 12 15 ' ,'0 0 0 0 0 0 0 0 0 0 0 0 ' ,468 ,1 ,0, 0
325 ,512, 305, '23 34 29 29 29 34 26 36 10 23 12 19 ' ,'0 0 0 0 0 0 0 0 0 0 0 0 ' ,276 ,0 ,1, 1
