40628 ,0, 236, '80 77 74 88 ' ,'0 0 0 0 ' ,81 ,8 ,6, 6
30876 ,323, 756, '728 502 617 653 ' ,'0 0 0 0 ' ,248 ,3 ,5, 5
30065 ,1007, 802, '739 782 671 660 ' ,'0 0 0 0 ' ,121 ,1 ,6, 5
29804 ,822, 990, '697 735 740 819 ' ,'0 0 0 0 ' ,264 ,2 ,6, 6
12738 ,1228, 1045, '963 1017 949 862 ' ,'0 0 0 0 ' ,146 ,3 ,6, 6
12318 ,1314, 1047, '1011 926 924 891 ' ,'0 0 0 0 ' ,132 ,2 ,6, 6
3675 ,1060, 1254, '882 755 857 803 ' ,'0 0 0 0 ' ,475 ,3 ,6, 6
1925 ,1264, 1904, '790 705 719 711 ' ,'0 0 0 0 ' ,1176 ,4 ,6, 6
1946 ,2114, 1893, '783 782 891 847 ' ,'0 0 0 0 ' ,1085 ,4 ,6, 6
1279 ,1904, 1235, '915 837 918 899 ' ,'0 0 0 0 ' ,296 ,3 ,6, 6
1321 ,1247, 1280, '873 878 906 891 ' ,'0 0 0 0 ' ,372 ,3 ,6, 6
1255 ,1290, 1182, '914 942 1136 954 ' ,'0 0 0 0 ' ,223 ,5 ,17, 17
1545 ,1220, 1499, '887 896 966 967 ' ,'0 0 0 0 ' ,581 ,2 ,6, 6
1362 ,1517, 1257, '839 830 1226 831 ' ,'0 0 0 0 ' ,411 ,2 ,6, 6
1100 ,1304, 1054, '851 851 1024 785 ' ,'0 0 0 0 ' ,256 ,2 ,5, 5
916 ,1074, 872, '853 852 808 834 ' ,'0 0 0 0 ' ,34 ,1 ,8, 8
1066 ,886, 1015, '930 960 986 921 ' ,'0 0 0 0 ' ,77 ,2 ,7, 7
1022 ,1026, 987, '969 914 882 936 ' ,'0 0 0 0 ' ,78 ,2 ,6, 6
1164 ,998, 1123, '937 1107 934 996 ' ,'0 0 0 0 ' ,169 ,2 ,6, 6
1052 ,1134, 1028, '1008 815 886 870 ' ,'0 0 0 0 ' ,195 ,1 ,9, 9
997 ,1038, 975, '829 868 953 850 ' ,'0 0 0 0 ' ,129 ,2 ,9, 9
1285 ,983, 1264, '885 993 983 986 ' ,'0 0 0 0 ' ,263 ,2 ,6, 6
1105 ,1473, 1062, '921 1042 847 896 ' ,'0 0 0 0 ' ,175 ,2 ,7, 7
1331 ,1073, 1281, '983 907 972 886 ' ,'0 0 0 0 ' ,355 ,2 ,6, 6
2307 ,1306, 2052, '987 1017 932 906 ' ,'0 0 0 0 ' ,1119 ,1 ,7, 7
1252 ,2269, 1204, '927 891 998 827 ' ,'0 0 0 0 ' ,357 ,2 ,6, 6
2151 ,1223, 2111, '963 1044 894 866 ' ,'0 0 0 0 ' ,1228 ,1 ,6, 6
2015 ,2119, 1965, '964 894 926 892 ' ,'0 0 0 0 ' ,1053 ,2 ,6, 6
996 ,1978, 920, '868 904 863 893 ' ,'0 0 0 0 ' ,16 ,2 ,5, 5
1800 ,949, 1763, '999 900 916 909 ' ,'0 0 0 0 ' ,828 ,1 ,6, 6
1359 ,1772, 1281, '856 902 941 908 ' ,'0 0 0 0 ' ,345 ,2 ,6, 6
1053 ,1298, 1030, '834 903 896 990 ' ,'0 0 0 0 ' ,148 ,2 ,10, 10
1902 ,1036, 1884, '895 881 818 887 ' ,'0 0 0 0 ' ,1049 ,2 ,6, 6
1669 ,1983, 1434, '917 1053 846 798 ' ,'0 0 0 0 ' ,619 ,2 ,6, 6
1145 ,1447, 1100, '1042 911 909 919 ' ,'0 0 0 0 ' ,158 ,1 ,7, 7
2294 ,1110, 2244, '908 948 948 884 ' ,'0 0 0 0 ' ,1341 ,2 ,6, 6
1513 ,2255, 1456, '872 864 889 860 ' ,'0 0 0 0 ' ,568 ,1 ,6, 6
1476 ,1472, 1430, '923 777 1099 920 ' ,'0 631 0 0 ' ,492 ,2 ,6, 6
1985 ,1443, 1939, '923 866 888 933 ' ,'0 0 0 0 ' ,679 ,1 ,7, 7
2182 ,1954, 2138, '911 1076 928 834 ' ,'0 0 0 0 ' ,1281 ,2 ,7, 7
1445 ,2154, 1235, '908 1003 953 913 ' ,'0 0 0 0 ' ,299 ,1 ,6, 6
2109 ,1247, 1808, '944 937 938 941 ' ,'0 0 0 0 ' ,854 ,2 ,5, 5
909 ,1831, 875, '818 858 779 831 ' ,'0 0 0 0 ' ,79 ,1 ,9, 9
1015 ,884, 993, '845 897 879 971 ' ,'0 0 0 0 ' ,114 ,2 ,6, 6
990 ,1007, 969, '861 884 930 947 ' ,'0 0 0 0 ' ,77 ,2 ,6, 6
1113 ,1184, 1075, '929 952 1038 1043 ' ,'0 0 0 0 ' ,106 ,2 ,7, 7
1023 ,1090, 978, '811 930 925 789 ' ,'0 0 0 0 ' ,159 ,1 ,20, 20
1689 ,991, 930, '946 909 932 887 ' ,'0 0 0 0 ' ,664 ,2 ,6, 6
2525 ,1668, 2454, '906 816 874 856 ' ,'0 0 0 0 ' ,1618 ,2 ,11, 11
2288 ,2481, 1346, '903 832 875 1843 ' ,'0 0 0 1026 ' ,919 ,1 ,6, 6
1078 ,2265, 1038, '877 1015 991 793 ' ,'0 0 0 0 ' ,229 ,2 ,5, 5
1114 ,1051, 1076, '859 961 1036 884 ' ,'0 0 0 0 ' ,199 ,1 ,6, 6
1115 ,1087, 1079, '925 1022 1037 915 ' ,'0 0 0 0 ' ,148 ,1 ,7, 7
1015 ,1090, 966, '932 892 919 872 ' ,'0 0 0 0 ' ,76 ,1 ,6, 6
1048 ,985, 1008, '938 864 961 878 ' ,'0 0 0 0 ' ,124 ,1 ,8, 8
939 ,1018, 906, '846 819 824 889 ' ,'0 0 0 0 ' ,70 ,1 ,6, 6
1005 ,914, 982, '897 881 949 962 ' ,'0 0 0 0 ' ,81 ,1 ,10, 10
1014 ,991, 993, '917 864 973 874 ' ,'0 0 0 0 ' ,109 ,1 ,10, 10
1390 ,1001, 1005, '1053 983 1067 973 ' ,'0 0 0 0 ' ,375 ,2 ,10, 10
1310 ,1373, 1269, '1222 971 1134 929 ' ,'0 0 0 0 ' ,322 ,1 ,10, 10
1400 ,1289, 1347, '935 1092 1051 943 ' ,'0 0 0 0 ' ,384 ,2 ,6, 6
1118 ,1361, 1057, '984 930 1009 900 ' ,'0 0 0 0 ' ,139 ,1 ,7, 7
1960 ,1283, 1907, '916 889 894 945 ' ,'0 0 0 0 ' ,1000 ,1 ,6, 6
1069 ,1921, 1017, '812 855 802 876 ' ,'0 0 0 0 ' ,171 ,1 ,6, 6
2575 ,1039, 2077, '918 799 912 927 ' ,'0 0 0 0 ' ,1341 ,2 ,6, 6
2182 ,2542, 2107, '1061 878 960 887 ' ,'0 0 0 0 ' ,1228 ,1 ,6, 6
1579 ,2154, 1491, '930 851 995 857 ' ,'0 0 0 0 ' ,659 ,1 ,7, 7
2938 ,1552, 2903, '883 920 1013 851 ' ,'0 0 0 0 ' ,2035 ,1 ,8, 8
1354 ,2918, 1330, '900 844 798 832 ' ,'0 0 0 0 ' ,512 ,1 ,10, 10
985 ,1338, 963, '883 885 916 831 ' ,'0 0 0 0 ' ,110 ,2 ,11, 11
3567 ,971, 3535, '983 1015 836 837 ' ,'0 0 0 0 ' ,2681 ,1 ,6, 6
7413 ,3548, 1475, '993 777 974 855 ' ,'0 0 0 0 ' ,675 ,1 ,6, 6
6475 ,1515, 3652, '812 867 903 874 ' ,'0 0 0 0 ' ,2763 ,1 ,6, 6
2767 ,3680, 2713, '760 764 829 816 ' ,'0 0 0 0 ' ,1928 ,1 ,5, 5
3521 ,2731, 3451, '852 836 863 802 ' ,'0 0 0 0 ' ,2631 ,1 ,10, 10
1327 ,3478, 1068, '787 798 847 758 ' ,'0 0 0 0 ' ,523 ,2 ,6, 6
2373 ,1309, 2348, '1012 952 1016 1001 ' ,'0 0 0 0 ' ,1376 ,2 ,8, 8
3537 ,2364, 3477, '875 871 873 882 ' ,'0 0 0 0 ' ,2599 ,1 ,6, 6
1780 ,3505, 1706, '863 752 814 790 ' ,'0 0 0 0 ' ,952 ,1 ,6, 6
971 ,1739, 924, '895 884 867 799 ' ,'0 0 0 0 ' ,109 ,2 ,6, 6
1169 ,936, 1124, '995 921 1073 940 ' ,'0 0 0 0 ' ,182 ,1 ,6, 6
1044 ,1132, 1004, '845 903 948 901 ' ,'0 0 0 0 ' ,136 ,1 ,6, 6
1008 ,1013, 971, '945 894 858 765 ' ,'0 0 0 0 ' ,183 ,2 ,11, 11
1094 ,977, 1054, '891 948 992 913 ' ,'0 0 0 0 ' ,139 ,1 ,11, 11
1074 ,1062, 1034, '885 1012 905 865 ' ,'0 0 0 0 ' ,151 ,2 ,6, 6
1074 ,1047, 1029, '907 858 972 825 ' ,'0 0 0 0 ' ,187 ,2 ,6, 6
1081 ,1038, 1046, '892 823 1022 896 ' ,'0 0 0 0 ' ,209 ,1 ,8, 8
2164 ,1061, 2143, '956 809 915 873 ' ,'0 0 0 0 ' ,1314 ,2 ,9, 9
3977 ,2153, 3941, '930 885 988 907 ' ,'0 0 0 0 ' ,3034 ,1 ,6, 6
1036 ,3952, 977, '823 918 766 860 ' ,'0 0 0 0 ' ,153 ,2 ,6, 6
3499 ,1233, 3028, '1006 883 944 879 ' ,'0 0 0 0 ' ,2130 ,2 ,9, 9
1584 ,3051, 1508, '943 843 907 808 ' ,'0 0 0 0 ' ,691 ,2 ,6, 6
4106 ,1547, 1013, '967 975 907 883 ' ,'0 0 0 0 ' ,129 ,1 ,6, 6
1023 ,1074, 965, '833 950 781 743 ' ,'0 0 0 0 ' ,219 ,2 ,6, 6
1208 ,1001, 1138, '978 1126 1040 1018 ' ,'0 0 0 0 ' ,114 ,2 ,6, 6
2849 ,1174, 1790, '1030 1208 1107 993 ' ,'0 0 0 0 ' ,790 ,1 ,11, 11
1650 ,1810, 1625, '842 808 848 854 ' ,'0 0 0 0 ' ,798 ,2 ,9, 9
3281 ,1636, 3246, '884 834 837 967 ' ,'0 0 0 0 ' ,2386 ,1 ,6, 6
3188 ,3258, 3141, '924 787 898 853 ' ,'0 0 0 0 ' ,2335 ,2 ,6, 6
2043 ,3159, 1970, '845 770 993 835 ' ,'0 0 0 0 ' ,1181 ,1 ,6, 6
3708 ,2000, 3644, '877 882 922 871 ' ,'0 0 0 0 ' ,2757 ,1 ,6, 6
1146 ,3660, 1058, '797 854 994 897 ' ,'0 0 0 0 ' ,183 ,2 ,6, 6
2918 ,1077, 2862, '1057 957 966 1031 ' ,'0 0 0 0 ' ,1882 ,1 ,6, 6
3339 ,2883, 3300, '848 825 900 813 ' ,'0 0 0 0 ' ,2468 ,1 ,10, 10
1289 ,3316, 1271, '819 824 842 902 ' ,'0 0 0 0 ' ,426 ,2 ,8, 8
