39372 ,0, 330, '26 18 32 18 18 11 13 15 34 16 13 20 13 15 11 23 ' ,'0 0 0 0 0 0 0 0 0 0 0 0 0 0 0 0 ' ,262 ,9 ,17, 17
14818 ,615, 1273, '370 183 333 210 184 455 154 274 226 172 504 142 243 205 130 405 ' ,'0 0 0 0 0 0 0 0 0 0 0 0 0 0 0 0 ' ,1118 ,1 ,2, 2
182 ,1287, 99, '87 89 67 59 36 64 35 76 31 40 25 42 28 47 32 57 ' ,'0 0 0 0 0 0 0 0 0 0 0 0 0 0 0 0 ' ,85 ,1 ,1, 1
894 ,155, 845, '119 109 86 77 29 46 46 45 46 52 63 48 55 41 31 135 ' ,'0 0 0 0 0 0 0 0 0 0 0 0 0 0 0 0 ' ,804 ,1 ,0, 0
199 ,873, 106, '116 76 91 100 51 61 30 63 49 60 60 64 51 60 50 46 ' ,'0 0 0 0 0 0 0 0 0 0 0 0 0 0 0 0 ' ,72 ,1 ,1, 1
1883 ,212, 1771, '177 106 79 90 52 133 40 53 53 51 98 54 66 38 61 271 ' ,'0 0 0 0 0 0 0 0 0 0 0 0 0 0 0 0 ' ,1758 ,1 ,2, 2
202 ,2069, 129, '103 104 102 99 31 68 59 63 58 51 101 65 65 62 59 40 ' ,'0 0 0 0 0 0 0 0 0 0 0 0 0 0 0 0 ' ,84 ,1 ,1, 1
779 ,360, 648, '124 66 93 90 51 88 46 53 44 50 103 50 41 65 65 82 ' ,'0 0 0 0 0 0 0 0 0 0 0 0 0 0 0 0 ' ,623 ,1 ,1, 1
187 ,744, 127, '102 104 98 105 74 60 51 53 57 59 75 55 58 60 54 53 ' ,'0 0 0 0 0 0 0 0 0 0 0 0 0 0 0 0 ' ,80 ,1 ,0, 0
887 ,377, 849, '98 101 93 106 53 108 54 54 58 44 69 51 49 36 52 53 ' ,'0 0 0 0 0 0 0 0 0 0 0 0 0 0 0 0 ' ,798 ,1 ,0, 0
1282 ,870, 1257, '132 88 92 99 58 44 42 62 49 46 51 56 50 59 49 46 ' ,'0 0 0 0 0 0 0 0 0 0 0 0 0 0 0 0 ' ,1208 ,2 ,1, 1
636 ,1270, 614, '94 64 80 81 21 43 41 37 44 41 52 41 43 30 32 31 ' ,'0 0 0 0 0 0 0 0 0 0 0 0 0 0 0 0 ' ,576 ,1 ,1, 1
2783 ,626, 919, '86 80 59 88 59 71 55 47 56 46 47 44 50 45 39 38 ' ,'0 0 0 0 0 0 0 0 0 0 0 0 0 0 0 0 ' ,872 ,2 ,1, 1
781 ,1147, 451, '125 95 109 91 41 44 49 38 41 35 101 69 46 43 45 76 ' ,'0 0 0 0 0 0 0 0 0 0 0 0 0 0 0 0 ' ,390 ,1 ,3, 1
1841 ,710, 1789, '115 88 84 79 47 55 62 40 34 38 118 55 34 42 43 89 ' ,'0 0 0 0 0 0 0 0 0 0 0 0 0 0 0 0 ' ,1572 ,2 ,1, 1
305 ,2219, 233, '156 81 98 73 53 111 29 87 75 82 98 65 31 63 69 119 ' ,'0 0 0 0 0 0 0 0 0 0 0 0 0 0 0 0 ' ,175 ,2 ,1, 1
269 ,271, 224, '161 78 122 124 89 188 29 118 87 110 101 68 64 78 52 131 ' ,'0 0 0 0 0 0 0 0 0 0 0 0 0 0 0 0 ' ,156 ,1 ,1, 1
2086 ,236, 1409, '132 90 116 107 46 50 28 66 64 56 77 53 80 58 51 88 ' ,'0 0 0 0 0 0 0 0 0 0 0 0 0 0 0 0 ' ,1363 ,1 ,1, 1
485 ,1841, 410, '116 80 102 85 40 81 45 65 48 36 84 28 44 43 28 75 ' ,'0 0 0 0 0 0 0 0 0 0 0 0 0 0 0 0 ' ,376 ,2 ,0, 0
577 ,482, 526, '120 86 92 86 42 65 55 45 59 34 97 35 34 45 49 36 ' ,'0 0 0 0 0 0 0 0 0 0 0 0 0 0 0 0 ' ,466 ,2 ,0, 0
527 ,955, 478, '110 78 115 74 40 51 37 41 46 50 78 38 44 45 44 43 ' ,'0 0 0 0 0 0 0 0 0 0 0 0 0 0 0 0 ' ,429 ,2 ,1, 1
965 ,500, 481, '70 82 113 95 45 58 54 47 56 41 83 44 66 54 57 65 ' ,'0 0 0 0 0 0 0 0 0 0 0 0 0 0 0 0 ' ,425 ,1 ,0, 0
530 ,515, 486, '135 92 82 87 40 134 39 57 56 34 105 43 37 39 39 51 ' ,'0 0 0 0 0 0 0 0 0 0 0 0 0 0 0 0 ' ,437 ,1 ,0, 0
431 ,499, 365, '73 82 78 88 41 82 30 43 63 53 90 44 61 50 41 71 ' ,'0 0 0 0 0 0 0 0 0 0 0 0 0 0 0 0 ' ,331 ,2 ,0, 0
1317 ,397, 947, '156 91 89 107 44 96 35 47 34 40 68 44 45 28 43 75 ' ,'0 0 0 0 0 0 0 0 0 0 0 0 0 0 0 0 ' ,898 ,2 ,0, 0
1339 ,1169, 1278, '123 78 99 88 53 46 43 27 42 45 69 46 32 33 46 125 ' ,'0 0 0 0 0 0 0 0 0 0 0 0 0 0 0 0 ' ,1225 ,2 ,1, 1
151 ,1311, 113, '95 77 83 75 32 47 20 44 52 62 40 58 24 47 52 87 ' ,'0 0 0 0 0 0 0 0 0 0 0 0 0 0 0 0 ' ,71 ,1 ,0, 0
587 ,123, 304, '80 87 86 61 47 74 33 51 44 48 47 29 44 27 37 66 ' ,'0 0 0 0 0 0 0 0 0 0 0 0 0 0 0 0 ' ,267 ,2 ,0, 0
446 ,320, 424, '94 76 81 49 59 59 40 55 31 48 40 43 41 41 58 58 ' ,'0 0 0 0 0 0 0 0 0 0 0 0 0 0 0 0 ' ,375 ,1 ,0, 0
1018 ,433, 990, '77 85 92 84 31 47 43 55 46 54 70 51 51 36 62 83 ' ,'0 0 0 0 0 0 0 0 0 0 0 0 0 0 0 0 ' ,940 ,2 ,0, 0
1043 ,997, 785, '107 83 71 62 52 68 31 59 50 42 40 53 36 48 48 47 ' ,'0 0 0 0 0 0 0 0 0 0 0 0 0 0 0 0 ' ,746 ,0 ,0, 0
367 ,797, 320, '92 88 107 86 49 75 38 37 63 36 45 47 53 57 43 68 ' ,'0 0 0 0 0 0 0 0 0 0 0 0 0 0 0 0 ' ,272 ,1 ,0, 0
1311 ,354, 1216, '97 65 117 98 38 50 38 55 54 57 58 44 59 46 57 69 ' ,'0 0 0 0 0 0 0 0 0 0 0 0 0 0 0 0 ' ,1149 ,1 ,0, 0
1310 ,1459, 1222, '179 39 99 68 43 74 30 43 60 26 119 42 42 48 47 87 ' ,'0 0 0 0 0 0 0 0 0 0 0 0 0 0 0 0 ' ,1178 ,1 ,1, 1
190 ,1456, 151, '89 70 81 90 47 44 37 25 52 39 38 43 42 43 48 48 ' ,'0 0 0 0 0 0 0 0 0 0 0 0 0 0 0 0 ' ,102 ,0 ,1, 1
174 ,161, 117, '99 86 93 82 38 42 54 29 51 35 41 45 31 43 48 38 ' ,'0 0 0 0 0 0 0 0 0 0 0 0 0 0 0 0 ' ,76 ,1 ,1, 0
160 ,146, 117, '85 78 79 63 34 24 38 62 42 40 64 32 47 48 37 74 ' ,'0 0 0 0 0 0 0 0 0 0 0 0 0 0 0 0 ' ,86 ,1 ,0, 0
173 ,131, 125, '92 60 112 51 39 33 55 53 42 45 45 31 38 54 46 56 ' ,'0 0 0 0 0 0 0 0 0 0 0 0 0 0 0 0 ' ,85 ,0 ,0, 0
147 ,137, 101, '84 80 81 90 41 52 41 42 59 42 39 36 42 36 53 75 ' ,'0 0 0 0 0 0 0 0 0 0 0 0 0 0 0 0 ' ,54 ,1 ,0, 0
167 ,115, 113, '96 89 87 89 50 51 33 47 33 47 37 45 45 44 47 63 ' ,'0 0 0 0 0 0 0 0 0 0 0 0 0 0 0 0 ' ,76 ,0 ,0, 0
148 ,129, 101, '88 80 74 80 49 42 29 52 34 44 53 45 21 47 39 60 ' ,'0 0 0 0 0 0 0 0 0 0 0 0 0 0 0 0 ' ,71 ,1 ,0, 0
156 ,121, 118, '96 82 104 90 56 37 43 39 50 48 23 55 39 50 51 45 ' ,'0 0 0 0 0 0 0 0 0 0 0 0 0 0 0 0 ' ,84 ,0 ,1, 1
176 ,128, 144, '130 80 116 86 50 65 34 51 34 52 39 53 43 49 60 73 ' ,'0 0 0 0 0 0 0 0 0 0 0 0 0 0 0 0 ' ,99 ,1 ,0, 0
151 ,154, 93, '90 94 93 101 52 72 41 50 46 58 38 50 57 38 51 53 ' ,'0 0 0 0 0 0 0 0 0 0 0 0 0 0 0 0 ' ,57 ,0 ,0, 0
225 ,124, 169, '96 86 102 90 52 54 57 65 43 61 142 51 45 51 52 132 ' ,'0 0 0 0 0 0 0 0 0 0 0 0 0 0 0 0 ' ,111 ,1 ,0, 0
154 ,184, 115, '107 85 99 101 52 54 47 49 49 37 46 53 65 47 67 70 ' ,'0 0 0 0 0 0 0 0 0 0 0 0 0 0 0 0 ' ,61 ,1 ,0, 0
202 ,128, 125, '138 102 103 97 41 55 53 45 51 38 93 42 50 32 46 72 ' ,'0 0 0 0 0 0 0 0 0 0 0 0 0 0 0 0 ' ,103 ,1 ,0, 0
414 ,175, 152, '106 81 124 107 42 130 48 42 48 44 86 36 51 34 44 54 ' ,'0 0 0 0 0 0 0 0 0 0 0 0 0 0 0 0 ' ,93 ,1 ,0, 0
1385 ,386, 1136, '109 100 102 110 46 52 51 51 61 37 63 41 45 51 55 42 ' ,'0 0 0 0 0 0 0 0 0 0 0 0 0 0 0 0 ' ,1079 ,1 ,0, 0
213 ,1354, 194, '75 101 86 72 33 53 54 48 55 49 50 44 48 57 48 73 ' ,'0 0 0 0 0 0 0 0 0 0 0 0 0 0 0 0 ' ,150 ,1 ,0, 0
140 ,202, 113, '87 78 99 99 31 47 57 34 50 38 45 46 49 46 52 81 ' ,'0 0 0 0 0 0 0 0 0 0 0 0 0 0 0 0 ' ,73 ,1 ,0, 0
420 ,123, 398, '103 105 78 87 64 60 55 45 38 43 30 44 43 50 38 49 ' ,'0 0 0 0 0 0 0 0 0 0 0 0 0 0 0 0 ' ,348 ,5 ,1, 1
144 ,406, 119, '108 82 96 85 51 52 50 36 29 42 49 31 36 56 44 38 ' ,'0 0 0 0 0 0 0 0 0 0 0 0 0 0 0 0 ' ,77 ,0 ,0, 0
146 ,131, 110, '76 57 64 84 32 37 50 41 36 55 91 30 38 34 33 41 ' ,'0 0 0 0 0 0 0 0 0 0 0 0 0 0 0 0 ' ,67 ,1 ,1, 1
1699 ,142, 1637, '138 86 81 69 34 51 63 37 53 42 121 42 27 37 47 53 ' ,'0 0 0 0 0 0 0 0 0 0 0 0 0 0 0 0 ' ,1549 ,1 ,0, 0
2160 ,1660, 2108, '90 86 85 81 37 39 50 50 57 45 67 50 35 38 53 74 ' ,'0 0 0 0 0 0 0 0 0 0 0 0 0 0 0 0 ' ,2036 ,1 ,1, 1
3878 ,2124, 3830, '114 81 112 73 36 87 41 43 38 50 66 53 35 47 33 50 ' ,'0 0 0 0 0 0 0 0 0 0 0 0 0 0 0 0 ' ,3735 ,1 ,1, 1
751 ,4047, 694, '48 66 86 67 44 98 34 50 50 55 108 34 48 54 48 93 ' ,'0 0 0 0 0 0 0 0 0 0 0 0 0 0 0 0 ' ,627 ,1 ,1, 0
781 ,713, 723, '78 73 64 72 71 40 49 52 48 57 49 34 44 43 33 99 ' ,'0 0 0 0 0 0 0 0 0 0 0 0 0 0 0 0 ' ,663 ,0 ,1, 1
630 ,961, 358, '133 82 83 87 38 50 40 46 50 44 98 39 48 38 45 25 ' ,'0 0 0 0 0 0 0 0 0 0 0 0 0 0 0 0 ' ,290 ,1 ,0, 0
1000 ,588, 954, '95 88 88 93 54 35 39 47 44 51 55 40 43 38 43 23 ' ,'0 0 0 0 0 0 0 0 0 0 0 0 0 0 0 0 ' ,877 ,1 ,1, 1
264 ,968, 196, '121 89 81 72 44 73 53 33 42 39 80 27 37 57 55 55 ' ,'0 0 0 0 0 0 0 0 0 0 0 0 0 0 0 0 ' ,132 ,0 ,0, 0
517 ,219, 470, '80 79 133 67 39 35 39 22 41 39 54 50 30 45 45 80 ' ,'0 0 0 0 0 0 0 0 0 0 0 0 0 0 0 0 ' ,420 ,1 ,0, 0
1679 ,503, 1614, '135 105 75 95 46 78 59 42 37 57 45 41 39 53 19 97 ' ,'0 0 0 0 0 0 0 0 0 0 0 0 0 0 0 0 ' ,1546 ,56 ,0, 0
473 ,1637, 408, '155 91 81 61 60 116 43 38 35 33 134 44 28 47 44 126 ' ,'0 0 0 0 0 0 0 0 0 0 0 0 0 0 0 0 ' ,343 ,1 ,0, 0
176 ,454, 141, '79 70 89 84 45 43 52 33 29 35 34 43 41 54 45 68 ' ,'0 0 0 0 0 0 0 0 0 0 0 0 0 0 0 0 ' ,97 ,1 ,0, 0
313 ,152, 291, '57 109 75 62 52 34 50 41 42 39 46 46 42 46 41 64 ' ,'0 0 0 0 0 0 0 0 0 0 0 0 0 0 0 0 ' ,247 ,0 ,1, 1
122 ,505, 98, '84 86 89 66 53 48 46 34 54 42 29 47 47 39 36 39 ' ,'0 0 0 0 0 0 0 0 0 0 0 0 0 0 0 0 ' ,61 ,0 ,0, 0
135 ,112, 115, '78 93 70 103 30 79 46 44 47 59 36 54 52 49 58 53 ' ,'0 0 0 0 0 0 0 0 0 0 0 0 0 0 0 0 ' ,74 ,1 ,1, 1
511 ,537, 489, '86 85 81 75 52 78 45 53 57 66 33 22 55 45 38 53 ' ,'0 0 0 0 0 0 0 0 0 0 0 0 0 0 0 0 ' ,456 ,0 ,1, 1
1398 ,500, 1144, '100 65 92 95 44 51 45 42 53 66 36 47 49 57 49 54 ' ,'0 0 0 0 0 0 0 0 0 0 0 0 0 0 0 0 ' ,1079 ,1 ,0, 0
6165 ,1359, 5891, '123 75 82 80 36 49 35 59 49 42 71 46 46 48 33 76 ' ,'0 0 0 0 0 0 0 0 0 0 0 0 0 0 0 0 ' ,5847 ,1 ,0, 0
5011 ,6326, 4696, '124 63 74 65 42 93 26 21 42 48 51 38 35 32 46 52 ' ,'0 0 0 0 0 0 0 0 0 0 0 0 0 0 0 0 ' ,4671 ,1 ,0, 0
297 ,4968, 222, '85 205 76 91 49 26 37 57 42 43 64 51 37 30 39 49 ' ,'0 0 0 0 0 0 0 0 0 0 0 0 0 0 0 0 ' ,177 ,1 ,0, 0
1190 ,273, 1141, '102 215 97 95 54 41 41 61 47 39 57 50 54 43 54 89 ' ,'0 0 0 0 0 0 0 0 0 0 0 0 0 0 0 0 ' ,1092 ,1 ,0, 0
1456 ,1161, 1379, '127 72 81 75 63 85 36 27 66 49 65 35 30 53 53 34 ' ,'0 0 0 0 0 0 0 0 0 0 0 0 0 0 0 0 ' ,1316 ,1 ,0, 0
400 ,1418, 356, '89 70 70 70 41 52 40 42 44 53 94 35 44 51 43 29 ' ,'0 0 0 0 0 0 0 0 0 0 0 0 0 0 0 0 ' ,308 ,0 ,1, 1
1133 ,373, 1107, '72 96 84 84 43 40 39 38 49 53 50 37 42 41 41 27 ' ,'0 0 0 0 0 0 0 0 0 0 0 0 0 0 0 0 ' ,1062 ,1 ,1, 1
554 ,1327, 528, '68 66 89 86 30 46 55 45 51 64 38 49 32 34 32 30 ' ,'0 0 0 0 0 0 0 0 0 0 0 0 0 0 0 0 ' ,494 ,1 ,0, 0
487 ,544, 466, '118 91 86 82 46 50 56 39 37 45 54 60 45 48 69 49 ' ,'0 0 0 0 0 0 0 0 0 0 0 0 0 0 0 0 ' ,409 ,0 ,1, 1
128 ,478, 100, '53 93 89 87 49 36 34 50 49 54 84 44 26 42 45 52 ' ,'0 0 0 0 0 0 0 0 0 0 0 0 0 0 0 0 ' ,67 ,1 ,0, 0
1159 ,115, 155, '98 60 77 80 51 24 40 48 44 60 95 51 41 48 57 54 ' ,'0 0 0 0 0 0 0 0 0 0 0 0 0 0 0 0 ' ,1075 ,1 ,1, 1
1741 ,1134, 1661, '89 59 79 88 34 46 43 38 42 48 34 58 29 47 48 109 ' ,'0 0 0 0 0 0 0 0 0 0 0 0 0 0 0 0 ' ,1620 ,1 ,0, 0
168 ,1714, 121, '84 87 81 82 55 55 36 71 56 53 52 47 30 47 57 49 ' ,'0 0 0 0 0 0 0 0 0 0 0 0 0 0 0 0 ' ,80 ,1 ,1, 1
153 ,146, 113, '83 97 83 103 49 45 41 42 63 42 36 51 44 59 50 55 ' ,'0 0 0 0 0 0 0 0 0 0 0 0 0 0 0 0 ' ,65 ,0 ,0, 0
147 ,124, 110, '83 79 89 79 49 43 28 42 49 26 52 45 53 43 64 66 ' ,'0 0 0 0 0 0 0 0 0 0 0 0 0 0 0 0 ' ,74 ,1 ,0, 0
152 ,123, 115, '77 73 92 78 39 49 47 62 56 58 40 40 53 42 48 43 ' ,'0 0 0 0 0 0 0 0 0 0 0 0 0 0 0 0 ' ,66 ,0 ,1, 1
137 ,127, 95, '70 67 74 81 35 30 34 47 59 40 57 25 42 29 49 26 ' ,'0 0 0 0 0 0 0 0 0 0 0 0 0 0 0 0 ' ,60 ,1 ,0, 0
153 ,109, 114, '77 93 83 75 32 44 37 52 43 37 70 56 80 27 47 33 ' ,'0 0 0 0 0 0 0 0 0 0 0 0 0 0 0 0 ' ,71 ,1 ,1, 1
169 ,125, 132, '94 84 86 88 40 61 62 24 44 46 35 46 43 42 48 39 ' ,'0 0 0 0 0 0 0 0 0 0 0 0 0 0 0 0 ' ,88 ,1 ,1, 1
232 ,146, 187, '78 84 84 88 31 46 37 38 44 35 46 57 43 32 49 105 ' ,'0 0 0 0 0 0 0 0 0 0 0 0 0 0 0 0 ' ,146 ,0 ,1, 0
171 ,212, 137, '87 88 116 71 32 40 48 36 66 60 39 50 42 41 46 48 ' ,'0 0 0 0 0 0 0 0 0 0 0 0 0 0 0 0 ' ,97 ,0 ,0, 0
176 ,148, 143, '90 81 123 99 52 42 47 41 51 63 41 59 46 53 39 61 ' ,'0 0 0 0 0 0 0 0 0 0 0 0 0 0 0 0 ' ,97 ,0 ,0, 0
203 ,155, 136, '120 101 97 103 56 51 48 66 61 54 38 51 62 38 45 62 ' ,'0 0 0 0 0 0 0 0 0 0 0 0 0 0 0 0 ' ,80 ,1 ,0, 0
169 ,158, 134, '92 108 114 94 51 41 50 43 60 51 42 56 42 52 42 52 ' ,'0 0 0 0 0 0 0 0 0 0 0 0 0 0 0 0 ' ,85 ,1 ,1, 1
514 ,143, 446, '118 91 108 81 48 57 42 44 54 54 30 49 35 47 30 46 ' ,'0 0 0 0 0 0 0 0 0 0 0 0 0 0 0 0 ' ,403 ,1 ,1, 1
1439 ,660, 1362, '172 104 98 76 34 105 41 40 53 26 50 40 49 60 58 76 ' ,'0 0 0 0 0 0 0 0 0 0 0 0 0 0 0 0 ' ,1321 ,1 ,0, 0
715 ,1420, 659, '232 93 84 79 37 87 48 35 65 54 108 39 28 42 46 108 ' ,'0 0 0 0 0 0 0 0 0 0 0 0 0 0 0 0 ' ,620 ,1 ,0, 0
133 ,882, 110, '94 92 99 84 63 56 27 25 68 31 42 58 48 51 50 33 ' ,'0 0 0 0 0 0 0 0 0 0 0 0 0 0 0 0 ' ,81 ,1 ,0, 0
509 ,123, 484, '112 91 79 73 28 49 40 36 55 27 67 45 48 50 41 38 ' ,'0 0 0 0 0 0 0 0 0 0 0 0 0 0 0 0 ' ,445 ,1 ,1, 1
469 ,497, 438, '110 82 74 75 45 83 54 44 55 38 66 48 48 69 41 37 ' ,'0 0 0 0 0 0 0 0 0 0 0 0 0 0 0 0 ' ,395 ,1 ,1, 1
426 ,447, 402, '75 89 72 61 30 69 42 47 49 50 46 50 44 32 39 56 ' ,'0 0 0 0 0 0 0 0 0 0 0 0 0 0 0 0 ' ,363 ,1 ,1, 1
1439 ,415, 1408, '73 84 66 85 46 48 48 49 40 51 66 48 54 48 32 36 ' ,'0 0 0 0 0 0 0 0 0 0 0 0 0 0 0 0 ' ,1366 ,1 ,1, 1
252 ,1421, 135, '118 85 81 90 30 56 50 50 37 40 42 28 47 56 35 69 ' ,'0 0 0 0 0 0 0 0 0 0 0 0 0 0 0 0 ' ,109 ,1 ,0, 0
739 ,248, 695, '98 68 73 79 37 64 49 43 47 57 81 46 36 51 45 70 ' ,'0 0 0 0 0 0 0 0 0 0 0 0 0 0 0 0 ' ,628 ,1 ,1, 1
476 ,711, 422, '112 92 80 192 50 67 48 40 44 42 86 48 35 58 38 63 ' ,'0 0 0 0 0 0 0 0 0 0 0 0 0 0 0 0 ' ,377 ,1 ,1, 1
1240 ,652, 1138, '88 98 60 95 43 57 47 43 36 46 74 56 38 39 31 42 ' ,'0 0 0 0 0 0 0 0 0 0 0 0 0 0 0 0 ' ,1086 ,1 ,1, 1
164 ,1203, 111, '95 71 93 84 53 59 36 42 52 48 71 41 39 44 45 30 ' ,'0 0 0 0 0 0 0 0 0 0 0 0 0 0 0 0 ' ,66 ,1 ,1, 1
507 ,130, 434, '92 93 82 88 59 56 45 43 53 52 31 38 53 41 53 56 ' ,'0 0 0 0 0 0 0 0 0 0 0 0 0 0 0 0 ' ,386 ,1 ,1, 1
2237 ,477, 2194, '133 79 60 76 36 144 46 32 53 46 68 48 42 42 43 68 ' ,'0 0 0 0 0 0 0 0 0 0 0 0 0 0 0 0 ' ,2115 ,1 ,0, 0
742 ,2429, 646, '86 77 83 84 25 87 38 33 44 66 46 18 49 26 48 43 ' ,'0 0 0 0 0 0 0 0 0 0 0 0 0 0 0 0 ' ,613 ,1 ,0, 0
2531 ,705, 2465, '108 90 87 90 22 43 49 35 45 64 47 40 54 39 39 59 ' ,'0 0 0 0 0 0 0 0 0 0 0 0 0 0 0 0 ' ,2422 ,1 ,1, 1
5437 ,2716, 5379, '106 51 216 66 32 68 24 56 42 64 39 42 59 45 44 72 ' ,'0 0 0 0 0 0 0 0 0 0 0 0 0 0 0 0 ' ,5350 ,0 ,1, 1
136 ,5602, 110, '87 89 79 84 38 27 33 37 19 27 32 48 38 64 59 60 ' ,'0 0 0 0 0 0 0 0 0 0 0 0 0 0 0 0 ' ,85 ,1 ,1, 1
764 ,120, 739, '82 83 94 81 49 44 38 41 53 44 57 42 38 34 35 69 ' ,'0 0 0 0 0 0 0 0 0 0 0 0 0 0 0 0 ' ,703 ,1 ,1, 1
540 ,758, 516, '77 94 93 102 48 33 35 29 52 49 40 56 40 44 39 50 ' ,'0 0 0 0 0 0 0 0 0 0 0 0 0 0 0 0 ' ,478 ,1 ,1, 1
949 ,728, 910, '72 80 76 94 58 80 27 51 49 32 46 34 46 56 40 45 ' ,'0 0 0 0 0 0 0 0 0 0 0 0 0 0 0 0 ' ,877 ,1 ,0, 0
622 ,942, 570, '160 90 87 88 38 53 39 40 49 48 163 37 59 50 45 64 ' ,'0 0 0 0 0 0 0 0 0 0 0 0 0 0 0 0 ' ,521 ,1 ,1, 0
686 ,587, 642, '136 65 96 95 28 87 36 31 55 35 30 30 55 41 46 50 ' ,'0 0 0 0 0 0 0 0 0 0 0 0 0 0 0 0 ' ,593 ,1 ,0, 0
970 ,669, 899, '121 90 85 96 33 45 53 32 47 50 61 20 32 40 45 57 ' ,'0 0 0 0 0 0 0 0 0 0 0 0 0 0 0 0 ' ,868 ,1 ,1, 1
506 ,937, 466, '76 73 83 67 26 83 36 41 44 37 58 45 40 52 47 57 ' ,'0 0 0 0 0 0 0 0 0 0 0 0 0 0 0 0 ' ,427 ,1 ,1, 1
2386 ,484, 1978, '111 82 104 98 40 68 43 37 43 56 78 43 35 36 49 67 ' ,'0 0 0 0 0 0 0 0 0 0 0 0 0 0 0 0 ' ,2269 ,1 ,1, 1
610 ,2368, 535, '82 86 94 62 42 35 21 33 42 46 80 29 22 25 40 45 ' ,'0 0 0 0 0 0 0 0 0 0 0 0 0 0 0 0 ' ,476 ,0 ,0, 0
252 ,592, 197, '73 92 94 86 42 69 48 32 27 44 61 48 44 55 44 107 ' ,'0 0 0 0 0 0 0 0 0 0 0 0 0 0 0 0 ' ,162 ,1 ,1, 0
863 ,242, 418, '83 98 101 103 37 94 38 40 46 54 43 45 35 27 52 88 ' ,'0 0 0 0 0 0 0 0 0 0 0 0 0 0 0 0 ' ,697 ,0 ,1, 1
2071 ,1017, 1652, '100 74 71 79 57 70 43 29 48 40 43 39 30 49 42 80 ' ,'0 0 0 0 0 0 0 0 0 0 0 0 0 0 0 0 ' ,1593 ,1 ,0, 0
1175 ,1683, 1101, '95 81 112 99 38 76 32 35 40 51 79 41 46 61 33 96 ' ,'0 0 0 0 0 0 0 0 0 0 0 0 0 0 0 0 ' ,1049 ,1 ,1, 1
657 ,1146, 608, '91 69 95 83 40 98 32 129 49 41 46 39 82 56 56 90 ' ,'0 0 0 0 0 0 0 0 0 0 0 0 0 0 0 0 ' ,565 ,1 ,1, 1
1256 ,630, 1169, '122 105 81 107 61 43 45 49 49 35 89 42 47 58 40 51 ' ,'0 0 0 0 0 0 0 0 0 0 0 0 0 0 0 0 ' ,1121 ,1 ,1, 1
984 ,1217, 900, '75 84 62 97 45 53 27 48 47 35 64 28 51 46 40 71 ' ,'0 0 0 0 0 0 0 0 0 0 0 0 0 0 0 0 ' ,867 ,1 ,1, 1
216 ,923, 114, '120 72 84 108 34 31 36 32 44 56 46 26 46 44 36 66 ' ,'0 0 0 0 0 0 0 0 0 0 0 0 0 0 0 0 ' ,83 ,1 ,0, 0
493 ,185, 473, '95 93 75 109 38 41 36 52 51 51 34 46 33 56 40 27 ' ,'0 0 0 0 0 0 0 0 0 0 0 0 0 0 0 0 ' ,440 ,1 ,1, 1
561 ,484, 531, '134 64 98 73 37 35 40 37 43 42 43 34 35 31 35 45 ' ,'0 0 0 0 0 0 0 0 0 0 0 0 0 0 0 0 ' ,493 ,1 ,1, 1
433 ,543, 408, '86 80 110 98 52 45 48 22 38 60 49 52 45 29 45 81 ' ,'0 0 0 0 0 0 0 0 0 0 0 0 0 0 0 0 ' ,379 ,1 ,1, 1
1098 ,420, 1075, '84 76 93 98 46 43 29 41 47 34 76 59 47 47 48 52 ' ,'0 0 0 0 0 0 0 0 0 0 0 0 0 0 0 0 ' ,1038 ,1 ,1, 1
1454 ,1087, 1413, '86 89 85 88 36 100 26 42 26 43 99 57 29 41 48 73 ' ,'0 0 0 0 0 0 0 0 0 0 0 0 0 0 0 0 ' ,1379 ,1 ,1, 1
146 ,1426, 106, '69 78 86 71 44 31 33 39 25 33 47 35 47 58 34 30 ' ,'0 0 0 0 0 0 0 0 0 0 0 0 0 0 0 0 ' ,74 ,0 ,0, 0
161 ,119, 120, '74 75 100 95 44 44 58 76 43 53 65 26 43 52 47 27 ' ,'0 0 0 0 0 0 0 0 0 0 0 0 0 0 0 0 ' ,89 ,1 ,0, 0
149 ,134, 106, '98 90 86 91 33 44 34 61 46 41 74 32 29 39 46 50 ' ,'0 0 0 0 0 0 0 0 0 0 0 0 0 0 0 0 ' ,65 ,0 ,1, 1
191 ,119, 145, '107 62 126 109 25 43 53 61 35 55 65 51 51 44 44 45 ' ,'0 0 0 0 0 0 0 0 0 0 0 0 0 0 0 0 ' ,108 ,1 ,1, 1
163 ,165, 123, '114 78 86 99 35 67 63 36 53 49 39 36 54 30 49 32 ' ,'0 0 0 0 0 0 0 0 0 0 0 0 0 0 0 0 ' ,83 ,1 ,0, 0
163 ,138, 126, '104 71 108 98 38 52 36 56 41 47 65 47 48 47 43 45 ' ,'0 0 0 0 0 0 0 0 0 0 0 0 0 0 0 0 ' ,84 ,1 ,0, 0
178 ,140, 138, '114 65 84 78 38 68 39 45 44 58 50 37 70 39 46 45 ' ,'0 0 0 0 0 0 0 0 0 0 0 0 0 0 0 0 ' ,95 ,4 ,0, 0
166 ,150, 117, '75 82 93 103 44 36 36 47 41 59 45 30 48 44 34 43 ' ,'0 0 0 0 0 0 0 0 0 0 0 0 0 0 0 0 ' ,82 ,1 ,1, 1
165 ,142, 135, '106 92 115 90 53 47 48 42 27 55 44 42 44 57 40 28 ' ,'0 0 0 0 0 0 0 0 0 0 0 0 0 0 0 0 ' ,105 ,1 ,0, 0
182 ,151, 149, '90 73 129 84 49 46 36 59 52 34 39 48 48 45 38 47 ' ,'0 0 0 0 0 0 0 0 0 0 0 0 0 0 0 0 ' ,107 ,1 ,1, 1
178 ,163, 142, '127 74 63 79 58 48 48 45 51 58 44 29 53 43 50 51 ' ,'0 0 0 0 0 0 0 0 0 0 0 0 0 0 0 0 ' ,96 ,1 ,1, 1
157 ,154, 121, '87 77 98 86 51 56 28 42 35 63 51 25 46 39 52 42 ' ,'0 0 0 0 0 0 0 0 0 0 0 0 0 0 0 0 ' ,83 ,1 ,0, 0
546 ,138, 506, '117 67 91 91 50 32 55 48 44 37 50 44 75 31 54 28 ' ,'0 0 0 0 0 0 0 0 0 0 0 0 0 0 0 0 ' ,467 ,1 ,1, 1
1565 ,530, 1502, '122 78 108 101 37 36 45 42 54 40 78 29 33 46 25 37 ' ,'0 0 0 0 0 0 0 0 0 0 0 0 0 0 0 0 ' ,1466 ,1 ,0, 0
476 ,1944, 417, '108 62 125 86 46 90 31 37 36 34 58 58 29 39 47 39 ' ,'0 0 0 0 0 0 0 0 0 0 0 0 0 0 0 0 ' ,376 ,1 ,1, 1
949 ,858, 675, '123 82 104 90 53 67 66 35 56 52 49 35 24 62 111 34 ' ,'0 0 0 0 0 0 0 0 0 0 0 0 0 0 0 0 ' ,626 ,1 ,1, 1
688 ,693, 622, '117 76 92 86 126 72 49 35 45 33 74 24 37 55 50 50 ' ,'0 0 0 0 0 0 0 0 0 0 0 0 0 0 0 0 ' ,590 ,1 ,1, 1
136 ,651, 114, '101 98 77 84 36 49 56 35 48 50 26 41 33 62 42 31 ' ,'0 0 0 0 0 0 0 0 0 0 0 0 0 0 0 0 ' ,76 ,0 ,1, 1
290 ,126, 270, '71 89 105 112 46 38 141 36 35 43 44 44 40 64 56 32 ' ,'0 0 0 0 0 0 0 0 0 0 0 0 0 0 0 0 ' ,228 ,1 ,0, 0
646 ,281, 624, '102 99 85 110 48 46 37 46 45 32 33 44 46 50 44 61 ' ,'0 0 0 0 0 0 0 0 0 0 0 0 0 0 0 0 ' ,583 ,1 ,1, 1
1498 ,638, 1476, '107 98 87 124 45 32 51 63 46 70 28 47 43 47 30 66 ' ,'0 0 0 0 0 0 0 0 0 0 0 0 0 0 0 0 ' ,1436 ,1 ,1, 1
1346 ,1688, 1265, '171 73 87 85 41 47 28 32 55 29 50 35 53 53 60 61 ' ,'0 0 0 0 0 0 0 0 0 0 0 0 0 0 0 0 ' ,1230 ,0 ,1, 1
215 ,1325, 158, '127 64 72 106 47 33 46 48 59 41 65 45 46 33 30 65 ' ,'0 0 0 0 0 0 0 0 0 0 0 0 0 0 0 0 ' ,117 ,1 ,1, 1
575 ,185, 503, '140 85 95 87 57 74 27 46 58 44 69 53 66 41 30 91 ' ,'0 0 0 0 0 0 0 0 0 0 0 0 0 0 0 0 ' ,472 ,2 ,1, 1
930 ,556, 837, '125 82 92 76 38 51 47 23 54 58 68 51 43 40 35 110 ' ,'0 0 0 0 0 0 0 0 0 0 0 0 0 0 0 0 ' ,784 ,23 ,1, 1
516 ,1090, 468, '74 89 94 80 41 95 35 43 58 64 58 43 28 47 36 80 ' ,'0 0 0 0 0 0 0 0 0 0 0 0 0 0 0 0 ' ,427 ,1 ,1, 1
794 ,500, 714, '85 104 92 91 52 68 54 42 65 54 42 50 45 50 43 56 ' ,'0 0 0 0 0 0 0 0 0 0 0 0 0 0 0 0 ' ,668 ,1 ,0, 0
355 ,764, 294, '93 82 100 76 29 80 35 44 51 57 29 45 45 46 44 62 ' ,'0 0 0 0 0 0 0 0 0 0 0 0 0 0 0 0 ' ,251 ,1 ,1, 1
879 ,558, 465, '107 105 82 88 32 59 39 23 55 42 41 36 48 38 77 68 ' ,'0 0 0 0 0 0 0 0 0 0 0 0 0 0 0 0 ' ,714 ,1 ,2, 2
1041 ,850, 536, '105 87 81 90 52 59 68 39 51 39 46 44 51 47 37 28 ' ,'0 0 0 0 0 0 0 0 0 0 0 0 0 0 0 0 ' ,921 ,0 ,1, 1
187 ,1115, 133, '73 60 89 87 43 57 57 52 38 47 46 27 65 44 48 93 ' ,'0 0 0 0 0 0 0 0 0 0 0 0 0 0 0 0 ' ,72 ,1 ,1, 1
779 ,160, 724, '138 89 93 100 47 44 37 42 52 46 70 43 58 50 55 93 ' ,'0 0 0 0 0 0 0 0 0 0 0 0 0 0 0 0 ' ,681 ,1 ,1, 1
1088 ,746, 643, '125 89 74 85 43 89 42 43 45 63 50 36 52 49 37 43 ' ,'0 0 0 0 0 0 0 0 0 0 0 0 0 0 0 0 ' ,983 ,1 ,0, 0
597 ,1063, 302, '134 94 73 79 43 64 44 75 55 48 43 49 68 54 36 85 ' ,'0 0 0 0 0 0 0 0 0 0 0 0 0 0 0 0 ' ,491 ,1 ,1, 1
541 ,774, 400, '151 69 81 75 49 49 44 68 51 46 40 57 54 27 29 78 ' ,'0 0 0 0 0 0 0 0 0 0 0 0 0 0 0 0 ' ,447 ,1 ,1, 1
757 ,539, 673, '113 85 73 81 42 76 55 29 57 51 55 42 53 43 48 37 ' ,'0 0 0 0 0 0 0 0 0 0 0 0 0 0 0 0 ' ,634 ,1 ,1, 1
998 ,931, 900, '115 76 107 80 40 41 47 37 42 38 108 47 77 41 47 69 ' ,'0 0 0 0 0 0 0 0 0 0 0 0 0 0 0 0 ' ,862 ,20 ,0, 0
422 ,981, 395, '114 73 77 92 55 28 53 35 34 49 56 46 49 42 44 49 ' ,'0 0 0 0 0 0 0 0 0 0 0 0 0 0 0 0 ' ,360 ,1 ,0, 0
1622 ,417, 1251, '86 91 91 74 54 53 36 47 42 60 45 37 46 49 35 86 ' ,'0 0 0 0 0 0 0 0 0 0 0 0 0 0 0 0 ' ,1564 ,1 ,1, 1
149 ,1615, 123, '92 100 77 82 46 39 42 53 66 44 47 50 36 52 45 60 ' ,'0 0 0 0 0 0 0 0 0 0 0 0 0 0 0 0 ' ,79 ,1 ,1, 1
491 ,139, 468, '110 96 82 61 33 47 49 53 53 60 44 48 41 48 57 45 ' ,'0 0 0 0 0 0 0 0 0 0 0 0 0 0 0 0 ' ,420 ,1 ,1, 1
535 ,1092, 483, '97 109 81 92 55 66 48 55 51 59 39 28 44 56 55 39 ' ,'0 0 0 0 0 0 0 0 0 0 0 0 0 0 0 0 ' ,408 ,1 ,1, 1
584 ,525, 521, '52 111 101 87 40 29 53 33 45 49 61 25 35 70 68 47 ' ,'0 0 0 0 0 0 0 0 0 0 0 0 0 0 0 0 ' ,470 ,1 ,1, 1
916 ,774, 810, '80 101 63 68 27 112 50 58 31 53 145 44 27 45 58 80 ' ,'0 0 0 0 0 0 0 0 0 0 0 0 0 0 0 0 ' ,775 ,1 ,0, 0
1152 ,868, 771, '98 102 90 111 54 81 38 51 48 55 53 42 57 40 57 86 ' ,'0 0 0 0 0 0 0 0 0 0 0 0 0 0 0 0 ' ,726 ,1 ,1, 1
242 ,820, 198, '153 85 85 79 38 39 44 67 37 46 88 40 61 57 53 52 ' ,'0 0 0 0 0 0 0 0 0 0 0 0 0 0 0 0 ' ,140 ,1 ,0, 0
1056 ,228, 1009, '85 57 76 80 44 81 47 42 43 39 66 42 60 54 46 44 ' ,'0 0 0 0 0 0 0 127 0 0 0 0 0 0 0 0 ' ,955 ,0 ,1, 1
1039 ,1022, 982, '78 66 83 78 31 58 35 49 30 30 43 44 37 48 31 29 ' ,'0 0 0 0 0 0 0 0 0 0 0 0 0 0 0 0 ' ,943 ,2 ,1, 1
1352 ,1016, 1280, '112 87 71 75 37 89 41 42 47 56 40 115 25 37 55 79 ' ,'0 0 0 0 0 0 0 0 0 0 0 0 0 0 0 0 ' ,1237 ,1 ,0, 0
