242 ,0, 150, '99 90 114 85 74 68 67 100 ' ,'0 0 0 0 0 0 0 0 ' ,55 ,7 ,3, 3
263 ,175, 218, '101 88 171 91 88 88 86 155 ' ,'0 0 0 0 0 0 0 0 ' ,123 ,2 ,2, 2
62 ,232, 42, '20 21 18 22 22 14 15 12 ' ,'0 0 0 0 0 0 0 0 ' ,21 ,1 ,1, 1
68 ,1034, 38, '17 20 19 26 15 18 16 12 ' ,'0 0 0 0 0 0 0 0 ' ,15 ,1 ,1, 1
71 ,70, 45, '25 28 20 26 15 16 17 13 ' ,'0 0 0 0 0 0 0 0 ' ,23 ,1 ,1, 1
72 ,53, 35, '23 28 17 22 18 20 19 11 ' ,'0 0 0 0 0 0 0 0 ' ,17 ,0 ,1, 1
57 ,43, 38, '29 26 20 21 18 23 22 13 ' ,'0 0 0 0 0 0 0 0 ' ,14 ,1 ,1, 0
59 ,43, 39, '18 23 15 26 14 13 16 11 ' ,'0 0 0 0 0 0 0 0 ' ,20 ,0 ,2, 2
68 ,49, 48, '29 22 16 19 18 20 33 22 ' ,'0 0 0 0 0 0 0 0 ' ,23 ,1 ,1, 1
54 ,57, 31, '20 19 21 23 11 13 13 11 ' ,'0 0 0 0 0 0 0 0 ' ,12 ,0 ,1, 1
66 ,40, 32, '19 18 16 21 18 13 14 18 ' ,'0 0 0 0 0 0 0 0 ' ,12 ,1 ,1, 1
60 ,56, 36, '16 20 27 25 13 11 17 19 ' ,'0 0 0 0 0 0 0 0 ' ,15 ,0 ,1, 1
55 ,41, 39, '29 25 18 27 23 19 19 13 ' ,'0 0 0 0 0 0 0 0 ' ,14 ,2 ,0, 0
56 ,46, 38, '29 19 21 20 17 11 14 14 ' ,'0 0 0 0 0 0 0 0 ' ,17 ,1 ,1, 1
49 ,44, 30, '14 21 18 15 13 16 16 9 ' ,'0 0 0 0 0 0 0 0 ' ,12 ,1 ,0, 0
67 ,38, 47, '29 22 22 35 26 21 16 15 ' ,'0 0 0 0 0 0 0 0 ' ,27 ,1 ,1, 1
79 ,57, 50, '25 23 16 27 13 17 16 36 ' ,'0 0 0 0 0 0 0 0 ' ,25 ,0 ,1, 1
67 ,62, 38, '21 21 18 23 14 15 23 13 ' ,'0 0 0 0 0 0 0 0 ' ,16 ,1 ,1, 1
58 ,59, 40, '23 22 25 18 15 12 17 10 ' ,'0 0 0 0 0 0 0 0 ' ,21 ,2 ,1, 1
53 ,49, 35, '25 26 20 27 15 19 17 28 ' ,'0 0 0 0 0 0 0 0 ' ,13 ,1 ,0, 0
76 ,44, 40, '22 20 15 21 13 18 16 10 ' ,'0 0 0 0 0 0 0 0 ' ,22 ,1 ,1, 1
63 ,64, 45, '26 24 27 25 16 17 18 16 ' ,'0 0 0 0 0 0 0 0 ' ,24 ,2 ,1, 0
61 ,52, 37, '25 24 19 29 17 21 19 13 ' ,'0 0 0 0 0 0 0 0 ' ,17 ,2 ,0, 0
63 ,49, 39, '27 20 31 21 19 11 15 12 ' ,'0 0 0 0 0 0 0 0 ' ,21 ,2 ,0, 0
73 ,53, 50, '18 23 23 17 14 11 18 11 ' ,'0 0 0 0 0 0 0 0 ' ,29 ,1 ,0, 0
66 ,62, 40, '21 27 18 24 15 16 17 12 ' ,'0 0 0 0 0 0 0 0 ' ,20 ,1 ,0, 0
50 ,49, 31, '22 23 16 18 17 17 19 20 ' ,'0 0 0 0 0 0 0 0 ' ,8 ,2 ,0, 0
64 ,39, 45, '28 22 18 30 19 16 16 15 ' ,'0 0 0 0 0 0 0 0 ' ,24 ,1 ,0, 0
61 ,53, 37, '25 17 18 22 17 17 12 11 ' ,'0 0 0 0 0 0 0 0 ' ,17 ,2 ,1, 1
58 ,52, 34, '22 17 16 20 18 14 10 10 ' ,'0 0 0 0 0 0 0 0 ' ,17 ,2 ,0, 0
68 ,49, 43, '24 17 18 20 14 17 12 9 ' ,'0 0 0 0 0 0 0 0 ' ,24 ,1 ,1, 1
94 ,54, 53, '21 23 26 20 19 12 14 27 ' ,'0 0 0 0 0 0 0 0 ' ,34 ,1 ,1, 0
70 ,70, 48, '21 27 26 23 19 14 15 13 ' ,'0 0 0 0 0 0 0 0 ' ,31 ,1 ,0, 0
58 ,60, 36, '20 19 19 23 14 14 15 11 ' ,'0 0 0 0 0 0 0 0 ' ,19 ,1 ,0, 0
44 ,45, 28, '19 18 15 19 12 15 13 9 ' ,'0 0 0 0 0 0 0 0 ' ,11 ,1 ,0, 0
75 ,37, 41, '16 23 27 23 15 10 16 22 ' ,'0 0 0 0 0 0 0 0 ' ,20 ,1 ,1, 1
63 ,46, 44, '17 20 37 20 19 17 15 14 ' ,'0 0 0 0 0 0 0 0 ' ,25 ,1 ,0, 0
48 ,52, 33, '21 21 24 23 18 23 14 13 ' ,'0 0 0 0 0 0 0 0 ' ,11 ,1 ,0, 0
68 ,37, 40, '20 18 19 23 20 15 18 12 ' ,'0 0 0 0 0 0 0 0 ' ,23 ,1 ,0, 0
70 ,47, 43, '24 21 30 19 15 14 19 12 ' ,'0 0 0 0 0 0 0 0 ' ,26 ,0 ,0, 0
64 ,50, 37, '21 16 18 22 15 16 11 13 ' ,'0 0 0 0 0 0 0 0 ' ,21 ,1 ,0, 0
56 ,45, 36, '27 24 16 21 19 16 17 12 ' ,'0 0 0 0 0 0 0 0 ' ,14 ,1 ,1, 1
52 ,43, 33, '18 23 25 17 15 16 20 11 ' ,'0 0 0 0 0 0 0 0 ' ,12 ,1 ,0, 0
88 ,39, 70, '18 21 19 21 12 13 13 10 ' ,'0 0 0 0 0 0 0 0 ' ,53 ,0 ,0, 0
53 ,78, 31, '23 15 24 20 12 19 14 9 ' ,'0 0 0 0 0 0 0 0 ' ,11 ,0 ,0, 0
58 ,41, 37, '16 19 26 21 12 11 14 11 ' ,'0 0 0 0 0 0 0 0 ' ,20 ,0 ,0, 0
89 ,46, 58, '23 22 47 25 15 16 24 37 ' ,'0 0 0 0 0 0 0 0 ' ,38 ,1 ,0, 0
66 ,65, 32, '23 24 19 27 16 19 18 16 ' ,'0 0 0 0 0 0 0 0 ' ,12 ,1 ,0, 0
53 ,52, 36, '26 21 19 29 20 16 16 12 ' ,'0 0 0 0 0 0 0 0 ' ,14 ,1 ,0, 0
85 ,41, 46, '31 31 34 25 21 26 26 21 ' ,'0 0 0 0 0 0 0 0 ' ,20 ,1 ,0, 0
50 ,55, 31, '17 18 19 23 13 13 22 11 ' ,'0 0 0 0 0 0 0 0 ' ,14 ,0 ,0, 0
45 ,38, 27, '17 21 13 18 16 12 11 9 ' ,'0 0 0 0 0 0 0 0 ' ,10 ,1 ,0, 0
49 ,34, 30, '17 22 13 19 11 12 13 10 ' ,'0 0 0 0 0 0 0 0 ' ,13 ,1 ,0, 0
67 ,36, 26, '20 22 15 16 16 20 17 11 ' ,'0 0 0 0 0 0 0 0 ' ,8 ,1 ,0, 0
51 ,42, 32, '26 24 20 18 17 21 22 12 ' ,'0 0 0 0 0 0 0 0 ' ,15 ,1 ,0, 0
72 ,41, 43, '19 34 31 18 17 14 20 21 ' ,'0 0 0 0 0 0 0 0 ' ,25 ,1 ,0, 0
63 ,52, 43, '14 21 17 16 22 13 11 17 ' ,'0 0 0 0 0 0 0 0 ' ,28 ,1 ,0, 0
45 ,51, 27, '22 20 16 21 20 15 17 10 ' ,'0 0 0 0 0 0 0 0 ' ,10 ,0 ,0, 0
51 ,34, 32, '22 25 17 21 19 15 14 11 ' ,'0 0 0 0 0 0 0 0 ' ,15 ,1 ,0, 0
60 ,39, 37, '28 17 17 19 17 18 13 10 ' ,'0 0 0 0 0 0 0 0 ' ,12 ,1 ,0, 0
56 ,44, 37, '16 21 17 18 17 12 13 10 ' ,'0 0 0 0 0 0 0 0 ' ,21 ,1 ,0, 0
51 ,44, 34, '24 28 16 21 17 20 11 11 ' ,'0 0 0 0 0 0 0 0 ' ,15 ,1 ,1, 1
66 ,41, 36, '19 19 14 25 13 9 15 9 ' ,'0 0 0 0 0 0 0 0 ' ,18 ,1 ,1, 1
45 ,41, 27, '19 19 17 21 19 12 17 11 ' ,'0 0 0 0 0 0 0 0 ' ,13 ,1 ,1, 1
58 ,34, 28, '21 18 20 16 14 19 15 15 ' ,'0 0 0 0 0 0 0 0 ' ,9 ,0 ,0, 0
59 ,38, 29, '18 22 17 18 15 12 11 9 ' ,'0 0 0 0 0 0 0 0 ' ,12 ,0 ,0, 0
50 ,36, 32, '16 15 15 18 10 12 11 13 ' ,'0 0 0 0 0 0 0 0 ' ,16 ,1 ,1, 1
82 ,44, 65, '27 31 57 26 17 17 14 13 ' ,'0 0 0 0 0 0 0 0 ' ,44 ,1 ,0, 0
50 ,70, 32, '19 27 16 20 18 14 21 11 ' ,'0 0 0 0 0 0 0 0 ' ,16 ,1 ,0, 0
55 ,42, 37, '16 21 15 22 15 18 16 10 ' ,'0 0 0 0 0 0 0 0 ' ,18 ,1 ,0, 0
48 ,44, 26, '18 17 13 21 13 14 14 14 ' ,'0 0 0 0 0 0 0 0 ' ,10 ,1 ,0, 0
61 ,33, 32, '18 23 13 26 17 9 13 16 ' ,'0 0 0 0 0 0 0 0 ' ,18 ,1 ,1, 1
45 ,38, 29, '17 22 16 20 18 12 18 18 ' ,'0 0 0 0 0 0 0 0 ' ,13 ,1 ,0, 0
116 ,34, 42, '24 23 17 23 16 18 17 11 ' ,'0 0 0 0 0 0 0 0 ' ,23 ,1 ,1, 1
53 ,49, 32, '21 20 20 21 14 17 16 10 ' ,'0 0 0 0 0 0 0 0 ' ,17 ,1 ,0, 0
62 ,39, 34, '24 24 21 27 16 19 18 15 ' ,'0 0 0 0 0 0 0 0 ' ,13 ,1 ,0, 0
54 ,42, 30, '15 16 22 20 17 9 13 9 ' ,'0 0 0 0 0 0 0 0 ' ,16 ,1 ,0, 0
64 ,36, 26, '20 21 18 17 14 15 16 9 ' ,'0 0 0 0 0 0 0 0 ' ,8 ,0 ,0, 0
54 ,33, 33, '23 28 19 25 14 17 18 13 ' ,'0 0 0 0 0 0 0 0 ' ,17 ,1 ,0, 0
45 ,41, 29, '15 20 17 23 16 12 11 9 ' ,'0 0 0 0 0 0 0 0 ' ,12 ,1 ,0, 0
54 ,34, 31, '25 24 23 25 16 18 17 10 ' ,'0 0 0 0 0 0 0 0 ' ,13 ,1 ,0, 0
68 ,40, 46, '21 20 15 28 12 16 15 11 ' ,'0 0 0 0 0 0 0 0 ' ,23 ,1 ,0, 0
49 ,53, 29, '14 21 14 24 15 19 18 18 ' ,'0 0 0 0 0 0 0 0 ' ,11 ,1 ,0, 0
58 ,42, 26, '18 18 16 18 18 14 14 10 ' ,'0 0 0 0 0 0 0 0 ' ,10 ,1 ,0, 0
47 ,35, 28, '16 15 13 16 15 12 12 9 ' ,'0 0 0 0 0 0 0 0 ' ,13 ,5 ,0, 0
50 ,36, 28, '19 19 13 20 17 14 14 9 ' ,'0 0 0 0 0 0 0 0 ' ,8 ,1 ,0, 0
51 ,36, 27, '13 15 14 16 16 12 12 9 ' ,'0 0 0 0 0 0 0 0 ' ,14 ,1 ,0, 0
54 ,38, 28, '18 20 19 20 14 15 15 10 ' ,'0 0 0 0 0 0 0 0 ' ,10 ,1 ,0, 0
51 ,37, 27, '19 18 12 21 17 19 14 10 ' ,'0 0 0 0 0 0 0 0 ' ,8 ,1 ,0, 0
58 ,36, 39, '17 17 19 18 17 12 12 10 ' ,'0 0 0 0 0 0 0 0 ' ,22 ,9 ,1, 1
59 ,47, 34, '16 22 16 23 15 18 18 28 ' ,'0 0 0 0 0 0 0 0 ' ,14 ,0 ,0, 0
54 ,43, 29, '21 21 17 21 18 15 15 12 ' ,'0 0 0 0 0 0 0 0 ' ,12 ,1 ,1, 0
52 ,38, 35, '27 28 22 23 19 20 22 14 ' ,'0 0 0 0 0 0 0 0 ' ,14 ,1 ,0, 0
44 ,43, 27, '19 17 13 18 17 14 14 9 ' ,'0 0 0 0 0 0 0 0 ' ,12 ,1 ,1, 1
86 ,32, 65, '15 15 27 15 16 12 12 13 ' ,'0 0 0 0 0 0 0 0 ' ,52 ,30 ,0, 0
58 ,76, 28, '21 21 15 15 15 17 17 10 ' ,'0 0 0 0 0 0 0 0 ' ,13 ,1 ,0, 0
49 ,46, 28, '19 19 14 22 12 15 14 10 ' ,'0 0 0 0 0 0 0 0 ' ,10 ,1 ,0, 0
47 ,35, 30, '23 22 16 23 15 11 18 11 ' ,'0 0 0 0 0 0 0 0 ' ,15 ,1 ,1, 1
45 ,36, 27, '17 17 18 19 17 15 14 14 ' ,'0 0 0 0 0 0 0 0 ' ,8 ,1 ,0, 0
52 ,34, 29, '18 17 13 16 14 11 12 9 ' ,'0 0 0 0 0 0 0 0 ' ,14 ,1 ,0, 0
53 ,37, 28, '17 17 13 22 11 13 13 9 ' ,'0 0 0 0 0 0 0 0 ' ,14 ,1 ,0, 0
71 ,43, 53, '17 17 40 17 16 12 12 8 ' ,'0 0 0 0 0 0 0 0 ' ,36 ,1 ,0, 0
43 ,57, 26, '19 20 13 15 16 17 16 9 ' ,'0 0 0 0 0 0 0 0 ' ,8 ,1 ,0, 0
45 ,34, 23, '14 18 15 20 11 10 14 9 ' ,'0 0 0 0 0 0 0 0 ' ,11 ,0 ,1, 1
54 ,31, 30, '19 24 18 21 17 12 19 12 ' ,'0 0 0 0 0 0 0 0 ' ,14 ,0 ,0, 0
55 ,40, 38, '20 25 18 23 16 18 18 28 ' ,'0 0 0 0 0 0 0 0 ' ,17 ,0 ,1, 1
45 ,44, 26, '16 21 15 22 18 12 13 10 ' ,'0 0 0 0 0 0 0 0 ' ,11 ,0 ,0, 0
51 ,37, 34, '17 23 25 20 19 13 19 11 ' ,'0 0 0 0 0 0 0 0 ' ,17 ,1 ,0, 0
63 ,41, 44, '16 20 15 21 12 14 16 21 ' ,'0 0 0 0 0 0 0 0 ' ,28 ,1 ,0, 0
103 ,53, 78, '26 26 35 26 16 20 18 17 ' ,'0 0 0 0 0 0 0 0 ' ,57 ,0 ,0, 0
47 ,90, 27, '20 19 13 15 17 17 15 9 ' ,'0 0 0 0 0 0 0 0 ' ,12 ,0 ,1, 1
51 ,35, 35, '24 19 14 22 13 10 15 12 ' ,'0 0 0 0 0 0 0 0 ' ,19 ,1 ,1, 1
47 ,40, 31, '21 21 13 16 15 15 17 9 ' ,'0 0 0 0 0 0 0 0 ' ,11 ,0 ,1, 1
58 ,38, 34, '25 20 18 24 13 10 17 11 ' ,'0 0 0 0 0 0 0 0 ' ,16 ,0 ,0, 0
50 ,42, 32, '18 16 13 21 10 13 13 9 ' ,'0 0 0 0 0 0 0 0 ' ,16 ,0 ,0, 0
50 ,39, 26, '16 17 13 17 16 11 12 9 ' ,'0 0 0 0 0 0 0 0 ' ,10 ,0 ,0, 0
57 ,33, 25, '17 17 13 18 11 14 13 8 ' ,'0 0 0 0 0 0 0 0 ' ,9 ,1 ,0, 0
55 ,34, 33, '17 17 22 19 16 10 12 9 ' ,'0 0 0 0 0 0 0 0 ' ,15 ,1 ,0, 0
77 ,45, 45, '13 19 23 20 13 11 15 8 ' ,'0 0 0 0 0 0 0 0 ' ,25 ,0 ,0, 0
56 ,58, 35, '17 16 26 19 16 9 11 9 ' ,'0 0 0 0 0 0 0 0 ' ,21 ,0 ,1, 1
43 ,44, 26, '20 15 14 15 15 15 9 9 ' ,'0 0 0 0 0 0 0 0 ' ,11 ,0 ,0, 0
53 ,33, 30, '16 19 15 24 14 11 16 10 ' ,'0 0 0 0 0 0 0 0 ' ,15 ,1 ,1, 1
47 ,41, 25, '16 18 13 17 15 12 11 9 ' ,'0 0 0 0 0 0 0 0 ' ,11 ,1 ,0, 0
62 ,40, 25, '16 21 16 18 15 10 17 10 ' ,'0 0 0 0 0 0 0 0 ' ,13 ,1 ,0, 0
48 ,52, 29, '16 19 14 20 12 12 20 10 ' ,'0 0 0 0 0 0 0 0 ' ,12 ,1 ,0, 0
86 ,35, 64, '37 39 53 34 32 22 30 36 ' ,'0 0 0 0 0 0 0 0 ' ,36 ,1 ,0, 0
76 ,77, 48, '34 38 38 39 30 22 31 25 ' ,'0 0 0 0 0 0 0 0 ' ,19 ,1 ,0, 0
87 ,53, 56, '43 29 35 38 27 23 27 42 ' ,'0 0 0 0 0 0 0 0 ' ,31 ,1 ,0, 0
85 ,72, 64, '42 44 51 34 32 34 35 27 ' ,'0 0 0 0 0 0 0 0 ' ,29 ,1 ,0, 0
351 ,72, 325, '125 103 212 148 98 92 139 306 ' ,'0 0 0 0 0 0 0 0 ' ,230 ,1 ,0, 0
102 ,334, 52, '44 45 32 39 31 32 22 23 ' ,'0 0 0 0 0 0 0 0 ' ,24 ,1 ,0, 0
98 ,74, 53, '42 34 36 47 26 31 25 34 ' ,'0 0 0 0 0 0 0 0 ' ,39 ,1 ,1, 1
200 ,87, 179, '169 171 43 166 30 37 23 21 ' ,'117 0 0 115 0 0 0 0 ' ,150 ,1 ,1, 1
413 ,188, 392, '37 43 373 44 34 22 33 21 ' ,'0 0 295 0 0 0 0 0 ' ,364 ,1 ,0, 0
57 ,399, 41, '31 35 31 32 22 21 31 26 ' ,'0 0 0 0 0 0 0 0 ' ,13 ,1 ,0, 0
77 ,45, 55, '39 41 38 40 31 24 28 29 ' ,'0 0 0 0 0 0 0 0 ' ,21 ,1 ,1, 1
77 ,62, 48, '39 37 39 39 30 25 32 36 ' ,'0 0 0 0 0 0 0 0 ' ,15 ,0 ,1, 1
82 ,73, 61, '42 38 52 36 34 33 22 24 ' ,'0 0 0 0 0 0 0 0 ' ,34 ,1 ,0, 0
114 ,76, 81, '39 41 38 37 27 27 29 40 ' ,'0 0 0 0 0 0 0 0 ' ,32 ,1 ,1, 1
86 ,92, 55, '37 37 34 40 29 32 29 23 ' ,'0 0 0 0 0 0 0 0 ' ,14 ,1 ,1, 1
87 ,63, 62, '31 31 51 48 36 36 30 25 ' ,'0 0 0 0 0 0 0 0 ' ,28 ,1 ,0, 0
127 ,68, 84, '47 41 59 44 29 38 33 73 ' ,'0 0 0 0 0 0 0 0 ' ,53 ,1 ,1, 1
137 ,116, 77, '47 41 70 42 29 33 29 35 ' ,'0 0 0 0 0 0 0 0 ' ,45 ,1 ,0, 0
107 ,86, 74, '53 45 40 35 29 29 36 49 ' ,'0 0 0 0 0 0 0 0 ' ,39 ,1 ,0, 0
107 ,80, 59, '45 49 38 44 25 31 37 42 ' ,'0 0 0 0 0 0 0 0 ' ,34 ,0 ,0, 0
210 ,74, 70, '52 36 39 48 33 25 33 22 ' ,'0 0 0 0 0 0 0 0 ' ,27 ,0 ,1, 1
358 ,188, 335, '105 94 109 85 198 207 185 311 ' ,'0 0 0 0 0 119 0 0 ' ,239 ,1 ,0, 0
86 ,346, 67, '46 46 58 52 31 29 31 30 ' ,'0 0 0 0 0 0 0 0 ' ,33 ,1 ,0, 0
76 ,73, 57, '43 51 41 32 29 32 36 28 ' ,'0 0 0 0 0 0 0 0 ' ,22 ,1 ,1, 1
173 ,66, 148, '41 43 40 48 28 32 36 27 ' ,'0 0 0 0 0 0 0 0 ' ,115 ,1 ,0, 0
76 ,158, 53, '44 38 28 45 26 29 26 37 ' ,'0 0 0 0 0 0 0 0 ' ,22 ,1 ,1, 1
90 ,61, 54, '38 34 34 39 29 27 25 45 ' ,'0 0 0 0 0 0 0 0 ' ,25 ,1 ,0, 0
82 ,68, 65, '43 46 56 50 36 28 33 31 ' ,'0 0 0 0 0 0 0 0 ' ,33 ,0 ,1, 1
77 ,71, 60, '42 47 38 54 34 40 31 34 ' ,'0 0 0 0 0 0 0 0 ' ,24 ,1 ,0, 0
75 ,69, 58, '40 50 40 51 30 26 35 21 ' ,'0 0 0 0 0 0 0 0 ' ,29 ,1 ,1, 1
77 ,64, 60, '43 49 50 44 31 25 26 27 ' ,'0 0 0 0 0 0 0 0 ' ,29 ,1 ,0, 0
70 ,65, 54, '46 46 42 40 29 31 30 32 ' ,'0 0 0 0 0 0 0 0 ' ,17 ,1 ,1, 1
75 ,60, 56, '46 51 47 42 34 30 38 29 ' ,'0 0 0 0 0 0 0 0 ' ,19 ,0 ,0, 0
82 ,63, 66, '48 45 53 43 38 27 34 30 ' ,'0 0 0 0 0 0 0 0 ' ,32 ,1 ,1, 1
77 ,73, 61, '42 53 50 40 35 30 38 34 ' ,'0 0 0 0 0 0 0 0 ' ,26 ,1 ,1, 1
78 ,66, 58, '36 48 39 53 30 30 30 29 ' ,'0 0 0 0 0 0 0 0 ' ,28 ,1 ,0, 0
77 ,68, 53, '48 46 37 35 30 39 28 28 ' ,'0 0 0 0 0 0 0 0 ' ,22 ,0 ,0, 0
86 ,66, 60, '44 46 48 54 37 23 38 30 ' ,'0 0 0 0 0 0 0 0 ' ,30 ,1 ,0, 0
93 ,67, 66, '47 48 38 59 37 31 31 22 ' ,'0 0 0 0 0 0 0 0 ' ,31 ,1 ,1, 1
79 ,77, 57, '41 51 37 38 30 27 36 40 ' ,'0 0 0 0 0 0 0 0 ' ,25 ,1 ,0, 0
80 ,65, 60, '44 46 47 53 33 28 32 27 ' ,'0 0 0 0 0 0 0 0 ' ,28 ,1 ,1, 1
78 ,68, 54, '43 48 43 38 37 34 33 25 ' ,'0 0 0 0 0 0 0 0 ' ,22 ,1 ,0, 0
78 ,63, 56, '47 48 39 36 32 30 41 23 ' ,'0 0 0 0 0 0 0 0 ' ,26 ,1 ,1, 1
84 ,62, 55, '50 51 40 47 30 33 34 47 ' ,'0 0 0 0 0 0 0 0 ' ,25 ,1 ,0, 0
77 ,68, 57, '50 29 40 42 37 25 32 32 ' ,'0 0 0 0 0 0 0 0 ' ,26 ,1 ,0, 0
84 ,63, 65, '51 37 36 48 27 31 29 32 ' ,'0 0 0 0 0 0 0 0 ' ,32 ,1 ,1, 1
80 ,72, 62, '33 36 42 46 35 28 27 54 ' ,'0 0 0 0 0 0 0 0 ' ,29 ,0 ,1, 1
76 ,69, 59, '51 52 43 38 31 33 33 38 ' ,'0 0 0 0 0 0 0 0 ' ,21 ,1 ,1, 1
72 ,65, 52, '39 46 31 42 39 30 29 32 ' ,'0 0 0 0 0 0 0 0 ' ,18 ,1 ,1, 1
95 ,58, 61, '54 39 31 49 36 25 31 31 ' ,'0 0 0 0 0 0 0 0 ' ,31 ,1 ,0, 0
72 ,67, 55, '43 40 45 47 31 37 25 19 ' ,'0 0 0 0 0 0 0 0 ' ,26 ,1 ,0, 0
61 ,60, 41, '25 23 29 29 22 17 17 14 ' ,'0 0 0 0 0 0 0 0 ' ,20 ,0 ,1, 1
55 ,53, 36, '23 24 24 30 19 18 24 16 ' ,'0 0 0 0 0 0 0 0 ' ,14 ,1 ,0, 0
53 ,45, 36, '30 27 23 29 20 18 21 15 ' ,'0 0 0 0 0 0 0 0 ' ,14 ,1 ,0, 0
66 ,43, 45, '19 20 20 25 21 13 16 13 ' ,'0 0 0 0 0 0 0 0 ' ,24 ,1 ,0, 0
55 ,51, 36, '27 27 24 20 21 13 21 15 ' ,'0 0 0 0 0 0 0 0 ' ,18 ,1 ,1, 1
74 ,44, 49, '25 23 24 20 23 16 15 14 ' ,'0 0 0 0 0 0 0 0 ' ,29 ,1 ,0, 0
53 ,66, 37, '18 27 20 22 18 15 17 14 ' ,'0 0 0 0 0 0 0 0 ' ,18 ,1 ,0, 0
50 ,44, 34, '20 24 18 29 15 17 16 13 ' ,'0 0 0 0 0 0 0 0 ' ,13 ,0 ,0, 0
72 ,42, 37, '25 20 17 21 19 18 14 27 ' ,'0 0 0 0 0 0 0 0 ' ,19 ,0 ,0, 0
65 ,46, 35, '28 24 20 27 15 22 17 16 ' ,'0 0 0 0 0 0 0 0 ' ,15 ,1 ,0, 0
74 ,56, 41, '28 23 29 28 22 15 16 17 ' ,'0 0 0 0 0 0 0 0 ' ,21 ,1 ,0, 0
56 ,48, 33, '25 25 18 25 21 16 17 20 ' ,'0 0 0 0 0 0 0 0 ' ,15 ,2 ,0, 0
68 ,42, 31, '24 21 25 21 19 13 14 12 ' ,'0 0 0 0 0 0 0 0 ' ,14 ,1 ,0, 0
63 ,46, 41, '27 29 26 34 19 21 23 29 ' ,'0 0 0 0 0 0 0 0 ' ,17 ,1 ,0, 0
58 ,49, 36, '26 22 19 28 20 27 16 14 ' ,'0 0 0 0 0 0 0 0 ' ,15 ,1 ,0, 0
59 ,44, 36, '28 26 21 24 22 19 20 12 ' ,'0 0 0 0 0 0 0 0 ' ,11 ,1 ,1, 1
59 ,44, 42, '30 31 25 37 18 22 21 23 ' ,'0 0 0 0 0 0 0 0 ' ,18 ,1 ,0, 0
52 ,52, 34, '23 22 24 26 19 14 14 13 ' ,'0 0 0 0 0 0 0 0 ' ,15 ,1 ,1, 1
53 ,42, 35, '24 24 18 29 24 19 18 13 ' ,'0 0 0 0 0 0 0 0 ' ,14 ,1 ,0, 0
74 ,43, 38, '20 18 25 27 18 13 14 21 ' ,'0 0 0 0 0 0 0 0 ' ,21 ,0 ,0, 0
51 ,45, 33, '24 26 17 21 15 21 22 22 ' ,'0 0 0 0 0 0 0 0 ' ,13 ,1 ,0, 0
60 ,39, 40, '23 21 17 32 22 14 16 12 ' ,'0 0 0 0 0 0 0 0 ' ,22 ,1 ,0, 0
55 ,48, 37, '21 20 21 28 17 11 17 17 ' ,'0 0 0 0 0 0 0 0 ' ,22 ,1 ,0, 0
57 ,46, 37, '29 28 20 23 18 17 20 13 ' ,'0 0 0 0 0 0 0 0 ' ,15 ,0 ,0, 0
81 ,44, 64, '22 26 20 29 15 13 18 14 ' ,'0 0 0 0 0 0 0 0 ' ,45 ,28 ,1, 1
66 ,69, 43, '29 19 19 22 23 22 21 14 ' ,'0 0 0 0 0 0 0 0 ' ,20 ,1 ,0, 0
67 ,57, 35, '21 21 20 26 27 19 15 14 ' ,'0 0 0 0 0 0 0 0 ' ,20 ,1 ,1, 0
57 ,49, 39, '30 30 28 28 28 17 20 20 ' ,'0 0 0 0 0 0 0 0 ' ,18 ,1 ,0, 0
51 ,45, 33, '26 27 20 28 18 13 19 10 ' ,'0 0 0 0 0 0 0 0 ' ,16 ,0 ,0, 0
119 ,39, 102, '32 34 64 37 20 25 22 59 ' ,'0 0 0 0 0 0 0 0 ' ,76 ,28 ,1, 1
69 ,108, 51, '22 23 44 30 19 19 14 28 ' ,'0 0 0 0 0 0 0 0 ' ,34 ,1 ,1, 1
49 ,59, 31, '18 24 19 20 17 13 17 13 ' ,'0 0 0 0 0 0 0 0 ' ,14 ,2 ,1, 1
55 ,40, 34, '27 24 19 26 20 17 17 14 ' ,'0 0 0 0 0 0 0 0 ' ,14 ,1 ,0, 0
61 ,41, 40, '25 26 20 33 16 14 19 12 ' ,'0 0 0 0 0 0 0 0 ' ,20 ,1 ,0, 0
58 ,45, 38, '30 23 22 25 17 17 19 12 ' ,'0 0 0 0 0 0 0 0 ' ,18 ,1 ,0, 0
55 ,46, 36, '18 23 21 24 15 13 16 12 ' ,'0 0 0 0 0 0 0 0 ' ,19 ,1 ,0, 0
54 ,48, 36, '20 23 25 24 13 13 15 24 ' ,'0 0 0 0 0 0 0 0 ' ,18 ,1 ,0, 0
62 ,42, 41, '20 20 25 27 13 15 13 14 ' ,'0 0 0 0 0 0 0 0 ' ,23 ,1 ,0, 0
62 ,48, 41, '26 33 20 29 23 14 26 13 ' ,'0 0 0 0 0 0 0 0 ' ,22 ,1 ,0, 0
48 ,46, 34, '19 26 18 23 17 13 19 12 ' ,'0 0 0 0 0 0 0 0 ' ,15 ,1 ,1, 1
56 ,38, 35, '20 25 19 31 23 11 16 12 ' ,'0 0 0 0 0 0 0 0 ' ,18 ,0 ,0, 0
60 ,41, 43, '23 21 34 24 21 14 14 13 ' ,'0 0 0 0 0 0 0 0 ' ,23 ,1 ,1, 0
52 ,50, 36, '28 26 20 27 13 20 18 11 ' ,'0 0 0 0 0 0 0 0 ' ,16 ,1 ,1, 1
61 ,41, 37, '23 19 16 31 21 16 17 12 ' ,'0 0 0 0 0 0 0 0 ' ,17 ,1 ,0, 0
52 ,46, 34, '22 27 18 21 18 14 20 14 ' ,'0 0 0 0 0 0 0 0 ' ,17 ,1 ,0, 0
59 ,42, 41, '24 25 19 24 13 18 17 13 ' ,'0 0 0 0 0 0 0 0 ' ,17 ,1 ,0, 0
51 ,48, 33, '20 21 20 23 18 12 15 12 ' ,'0 0 0 0 0 0 0 0 ' ,16 ,1 ,0, 0
82 ,39, 66, '42 55 50 44 29 26 39 21 ' ,'0 0 0 0 0 0 0 0 ' ,36 ,1 ,0, 0
80 ,72, 57, '49 43 47 40 35 31 34 32 ' ,'0 0 0 0 0 0 0 0 ' ,22 ,1 ,1, 1
172 ,65, 150, '48 43 61 50 36 35 27 112 ' ,'0 0 0 0 0 0 0 0 ' ,118 ,1 ,1, 1
98 ,158, 80, '43 51 60 53 32 31 36 32 ' ,'0 0 0 0 0 0 0 0 ' ,45 ,1 ,0, 0
101 ,87, 84, '51 44 70 55 39 26 33 31 ' ,'0 0 0 0 0 0 0 0 ' ,53 ,0 ,1, 1
88 ,90, 72, '44 53 56 51 30 30 30 27 ' ,'0 0 0 0 0 0 0 0 ' ,33 ,1 ,1, 1
81 ,78, 62, '53 48 46 53 32 29 28 27 ' ,'0 0 0 0 0 0 0 0 ' ,28 ,1 ,1, 1
118 ,71, 89, '47 48 77 53 37 26 34 28 ' ,'0 0 0 0 0 0 0 0 ' ,56 ,1 ,1, 1
82 ,95, 65, '45 50 49 58 33 36 31 29 ' ,'0 0 0 0 0 0 0 0 ' ,29 ,1 ,0, 0
101 ,71, 78, '53 43 57 45 31 28 34 32 ' ,'0 0 0 0 0 0 0 0 ' ,43 ,0 ,1, 1
82 ,84, 63, '47 52 48 44 34 26 38 31 ' ,'0 0 0 0 0 0 0 0 ' ,33 ,0 ,0, 0
78 ,70, 58, '45 47 46 51 31 31 35 31 ' ,'0 0 0 0 0 0 0 0 ' ,23 ,1 ,0, 0
81 ,65, 63, '53 45 40 50 30 28 39 27 ' ,'0 0 0 0 0 0 0 0 ' ,29 ,1 ,1, 1
85 ,69, 68, '47 52 55 56 35 29 36 44 ' ,'0 0 0 0 0 0 0 0 ' ,33 ,1 ,1, 1
100 ,75, 58, '49 46 45 45 35 30 28 33 ' ,'0 0 0 0 0 0 0 0 ' ,25 ,0 ,0, 0
88 ,83, 73, '44 51 52 52 26 38 36 63 ' ,'0 0 0 0 0 0 0 0 ' ,40 ,1 ,1, 1
91 ,80, 73, '47 49 59 53 32 36 34 27 ' ,'0 0 0 0 0 0 0 0 ' ,36 ,1 ,1, 1
89 ,83, 67, '49 45 47 38 34 27 36 30 ' ,'0 0 0 0 0 0 0 0 ' ,35 ,1 ,1, 1
95 ,81, 52, '42 33 33 47 21 34 30 38 ' ,'0 0 0 0 0 0 0 0 ' ,25 ,1 ,0, 0
72 ,58, 50, '34 43 34 41 35 24 31 27 ' ,'0 0 0 0 0 0 0 0 ' ,20 ,1 ,1, 1
68 ,56, 51, '40 42 33 36 24 27 35 31 ' ,'0 0 0 0 0 0 0 0 ' ,21 ,1 ,1, 1
96 ,57, 68, '38 36 56 41 26 21 30 32 ' ,'0 0 0 0 0 0 0 0 ' ,43 ,2 ,0, 0
64 ,86, 45, '34 34 30 34 28 20 22 16 ' ,'0 0 0 0 0 0 0 0 ' ,20 ,1 ,0, 0
74 ,49, 59, '38 40 38 52 26 21 29 33 ' ,'0 0 0 0 0 0 0 0 ' ,33 ,1 ,0, 0
77 ,64, 62, '47 36 50 53 24 33 25 23 ' ,'0 0 0 0 0 0 0 0 ' ,32 ,0 ,0, 0
73 ,68, 50, '34 36 38 33 21 23 21 18 ' ,'0 0 0 0 0 0 0 0 ' ,25 ,1 ,0, 0
70 ,57, 53, '37 37 28 46 27 27 29 27 ' ,'0 0 0 0 0 0 0 0 ' ,22 ,1 ,0, 0
70 ,60, 55, '38 31 41 39 22 27 26 23 ' ,'0 0 0 0 0 0 0 0 ' ,26 ,1 ,0, 0
89 ,61, 52, '40 23 29 44 29 28 17 14 ' ,'0 0 0 0 0 0 0 0 ' ,27 ,1 ,1, 1
104 ,57, 84, '44 33 71 32 22 19 29 47 ' ,'0 0 0 0 0 0 0 0 ' ,60 ,1 ,0, 0
65 ,91, 50, '39 34 32 43 25 23 23 32 ' ,'0 0 0 0 0 0 0 0 ' ,23 ,1 ,1, 1
70 ,55, 51, '42 36 25 35 27 30 25 23 ' ,'0 0 0 0 0 0 0 0 ' ,20 ,1 ,1, 1
80 ,57, 63, '33 40 30 36 23 21 26 53 ' ,'0 0 0 0 0 0 0 0 ' ,36 ,1 ,1, 1
65 ,69, 48, '37 36 31 36 22 26 30 19 ' ,'0 0 0 0 0 0 0 0 ' ,20 ,1 ,1, 1
83 ,54, 67, '33 35 29 40 25 27 23 51 ' ,'0 0 0 0 0 0 0 0 ' ,38 ,1 ,0, 0
65 ,73, 49, '32 37 36 36 19 18 24 38 ' ,'0 0 0 0 0 0 0 0 ' ,27 ,1 ,0, 0
90 ,54, 71, '35 37 31 42 25 19 27 21 ' ,'0 0 0 0 0 0 0 0 ' ,29 ,1 ,1, 1
71 ,79, 56, '37 41 44 38 23 17 25 21 ' ,'0 0 0 0 0 0 0 0 ' ,34 ,2 ,0, 0
70 ,62, 53, '33 33 37 44 27 29 20 22 ' ,'0 0 0 0 0 0 0 0 ' ,27 ,1 ,0, 0
85 ,58, 65, '36 39 33 38 25 21 29 55 ' ,'0 0 0 0 0 0 0 0 ' ,39 ,1 ,0, 0
79 ,71, 61, '33 33 32 42 27 19 29 47 ' ,'0 0 0 0 0 0 0 0 ' ,37 ,1 ,0, 0
85 ,68, 61, '44 39 48 41 27 24 32 23 ' ,'0 0 0 0 0 0 0 0 ' ,31 ,1 ,0, 0
66 ,72, 48, '37 37 32 38 28 18 30 36 ' ,'0 0 0 0 0 0 0 0 ' ,27 ,0 ,0, 0
80 ,60, 63, '34 36 50 37 27 27 21 30 ' ,'0 0 0 0 0 0 0 0 ' ,36 ,1 ,0, 0
67 ,69, 52, '38 44 34 37 30 24 32 28 ' ,'0 0 0 0 0 0 0 0 ' ,22 ,1 ,0, 0
110 ,57, 88, '36 41 63 38 33 26 28 25 ' ,'0 0 0 0 0 0 0 0 ' ,57 ,1 ,1, 1
78 ,98, 54, '39 40 39 43 26 33 31 38 ' ,'0 0 0 0 0 0 0 0 ' ,23 ,1 ,0, 0
65 ,60, 50, '29 35 30 45 28 23 28 23 ' ,'0 0 0 0 0 0 0 0 ' ,25 ,1 ,0, 0
116 ,56, 96, '40 43 41 41 34 23 27 23 ' ,'0 0 0 0 0 0 0 0 ' ,68 ,1 ,0, 0
97 ,105, 51, '32 35 31 43 30 19 22 40 ' ,'0 0 0 0 0 0 0 0 ' ,28 ,0 ,0, 0
69 ,64, 49, '39 36 34 44 26 26 27 34 ' ,'0 0 0 0 0 0 0 0 ' ,20 ,0 ,0, 0
72 ,58, 53, '37 30 27 48 28 26 18 40 ' ,'0 0 0 0 0 0 0 0 ' ,29 ,0 ,0, 0
88 ,61, 71, '41 34 37 39 23 30 30 22 ' ,'0 0 0 0 0 0 0 0 ' ,41 ,0 ,1, 1
81 ,77, 52, '44 37 37 42 28 33 26 26 ' ,'0 0 0 0 0 0 0 0 ' ,21 ,1 ,0, 0
71 ,59, 53, '43 44 37 36 28 24 33 41 ' ,'0 0 0 0 0 0 0 0 ' ,21 ,1 ,1, 1
76 ,59, 60, '39 41 43 48 23 28 28 23 ' ,'0 0 0 0 0 0 0 0 ' ,30 ,0 ,1, 1
104 ,65, 87, '33 37 46 37 29 20 36 29 ' ,'0 0 0 0 0 0 0 0 ' ,61 ,1 ,1, 1
83 ,93, 54, '46 46 35 41 29 26 29 34 ' ,'0 0 0 0 0 0 0 0 ' ,24 ,1 ,0, 0
77 ,74, 51, '43 41 36 42 33 26 28 36 ' ,'0 0 0 0 0 0 0 0 ' ,23 ,1 ,1, 1
78 ,58, 47, '33 42 30 39 29 32 26 33 ' ,'0 0 0 0 0 0 0 0 ' ,12 ,0 ,0, 0
86 ,64, 69, '55 46 57 43 28 29 25 37 ' ,'0 0 0 0 0 0 0 0 ' ,40 ,1 ,1, 1
79 ,76, 62, '38 36 34 42 24 31 27 28 ' ,'0 0 0 0 0 0 0 0 ' ,32 ,1 ,1, 1
88 ,69, 67, '50 40 52 33 22 21 28 17 ' ,'0 0 0 0 0 0 0 0 ' ,41 ,1 ,0, 0
74 ,76, 54, '45 43 31 35 34 29 24 44 ' ,'0 0 0 0 0 0 0 0 ' ,20 ,0 ,1, 1
135 ,64, 96, '43 35 64 38 24 36 32 43 ' ,'0 0 0 0 0 0 0 0 ' ,67 ,1 ,0, 0
89 ,112, 61, '37 39 36 53 38 22 29 34 ' ,'0 0 0 0 0 0 0 0 ' ,29 ,1 ,1, 1
74 ,66, 54, '44 33 42 38 23 32 27 25 ' ,'0 0 0 0 0 0 0 0 ' ,26 ,1 ,1, 1
75 ,66, 56, '43 44 41 46 35 28 25 27 ' ,'0 0 0 0 0 0 0 0 ' ,24 ,1 ,1, 1
120 ,62, 102, '38 39 67 48 34 28 31 83 ' ,'0 0 0 0 0 0 0 0 ' ,70 ,1 ,0, 0
77 ,109, 61, '36 36 50 54 35 24 30 19 ' ,'0 0 0 0 0 0 0 0 ' ,35 ,0 ,0, 0
63 ,67, 47, '37 30 35 38 27 23 27 19 ' ,'0 0 0 0 0 0 0 0 ' ,20 ,0 ,1, 1
83 ,53, 63, '34 34 48 40 18 24 27 25 ' ,'0 0 0 0 0 0 0 0 ' ,38 ,1 ,1, 1
76 ,75, 55, '40 41 39 45 30 24 25 32 ' ,'0 0 0 0 0 0 0 0 ' ,27 ,1 ,0, 0
76 ,64, 53, '35 43 43 37 34 26 30 27 ' ,'0 0 0 0 0 0 0 0 ' ,23 ,1 ,0, 0
74 ,63, 58, '47 47 45 48 24 31 27 24 ' ,'0 0 0 0 0 0 0 0 ' ,28 ,1 ,0, 0
72 ,64, 53, '41 38 42 36 27 22 35 23 ' ,'0 0 0 0 0 0 0 0 ' ,25 ,1 ,0, 0
77 ,59, 56, '42 40 41 41 22 27 28 22 ' ,'0 0 0 0 0 0 0 0 ' ,28 ,0 ,1, 1
74 ,65, 55, '38 44 33 38 33 28 26 36 ' ,'0 0 0 0 0 0 0 0 ' ,22 ,3 ,1, 1
84 ,62, 59, '44 43 47 45 30 30 26 37 ' ,'0 0 0 0 0 0 0 0 ' ,28 ,0 ,0, 0
104 ,67, 86, '42 37 67 43 27 28 27 47 ' ,'0 0 0 0 0 0 0 0 ' ,53 ,1 ,1, 1
73 ,91, 57, '38 36 45 43 33 22 34 37 ' ,'0 0 0 0 0 0 0 0 ' ,30 ,1 ,0, 0
84 ,63, 58, '36 41 49 44 31 27 37 27 ' ,'0 0 0 0 0 0 0 0 ' ,28 ,1 ,1, 1
89 ,65, 72, '40 47 59 43 32 28 36 27 ' ,'0 0 0 0 0 0 0 0 ' ,38 ,0 ,0, 0
91 ,80, 74, '34 41 65 47 21 22 30 30 ' ,'0 0 0 0 0 0 0 0 ' ,48 ,1 ,0, 0
101 ,82, 84, '37 39 73 39 29 24 28 46 ' ,'0 0 0 0 0 0 0 0 ' ,50 ,1 ,0, 0
107 ,90, 88, '47 53 61 45 28 25 28 66 ' ,'0 0 0 0 0 0 0 0 ' ,58 ,1 ,1, 1
89 ,94, 64, '35 41 42 57 24 27 38 28 ' ,'0 0 0 0 0 0 0 0 ' ,32 ,0 ,1, 1
75 ,74, 58, '46 39 41 37 27 23 27 21 ' ,'0 0 0 0 0 0 0 0 ' ,30 ,0 ,0, 0
91 ,64, 69, '28 45 51 47 30 29 35 18 ' ,'0 0 0 0 0 0 0 0 ' ,39 ,1 ,1, 1
101 ,78, 60, '42 45 49 42 30 25 34 28 ' ,'0 0 0 0 0 0 0 0 ' ,26 ,1 ,1, 1
167 ,68, 149, '42 35 39 45 28 24 26 31 ' ,'0 0 0 0 0 0 0 0 ' ,122 ,1 ,0, 0
106 ,156, 89, '42 41 73 52 30 28 32 30 ' ,'0 0 0 0 0 0 0 0 ' ,57 ,1 ,0, 0
78 ,97, 59, '47 34 44 54 35 32 33 31 ' ,'0 0 0 0 0 0 0 0 ' ,22 ,1 ,0, 0
78 ,68, 58, '50 43 43 48 38 28 21 26 ' ,'0 0 0 0 0 0 0 0 ' ,31 ,1 ,0, 0
71 ,64, 52, '45 43 41 42 28 30 30 39 ' ,'0 0 0 0 0 0 0 0 ' ,20 ,1 ,0, 0
73 ,60, 53, '46 42 41 45 30 23 31 27 ' ,'0 0 0 0 0 0 0 0 ' ,25 ,1 ,0, 0
88 ,62, 66, '38 45 47 45 24 30 27 28 ' ,'0 0 0 0 0 0 0 0 ' ,35 ,1 ,0, 0
74 ,75, 57, '36 47 45 45 20 28 28 25 ' ,'0 0 0 0 0 0 0 0 ' ,30 ,1 ,1, 1
104 ,61, 84, '48 47 46 37 34 32 33 39 ' ,'0 0 0 0 0 0 0 0 ' ,51 ,30 ,0, 0
107 ,94, 70, '43 49 34 49 35 34 25 44 ' ,'0 0 0 0 0 0 0 0 ' ,37 ,1 ,1, 1
78 ,83, 57, '41 45 45 42 35 26 32 42 ' ,'0 0 0 0 0 0 0 0 ' ,25 ,1 ,0, 0
87 ,63, 62, '50 53 43 48 18 22 30 29 ' ,'0 0 0 0 0 0 0 0 ' ,40 ,1 ,0, 0
122 ,67, 68, '39 47 44 43 32 35 33 34 ' ,'0 0 0 0 0 0 0 0 ' ,39 ,1 ,0, 0
93 ,111, 66, '45 48 43 59 29 28 34 34 ' ,'0 0 0 0 0 0 0 0 ' ,33 ,1 ,0, 0
89 ,74, 71, '45 54 52 62 28 33 33 30 ' ,'0 0 0 0 0 0 0 0 ' ,33 ,1 ,0, 0
91 ,77, 69, '46 38 52 48 35 32 33 29 ' ,'0 0 0 0 0 0 0 0 ' ,31 ,0 ,0, 0
83 ,74, 65, '45 43 51 45 31 22 28 46 ' ,'0 0 0 0 0 0 0 0 ' ,38 ,1 ,1, 1
79 ,71, 55, '46 42 28 39 32 28 32 25 ' ,'0 0 0 0 0 0 0 0 ' ,23 ,1 ,0, 0
121 ,62, 96, '50 44 43 50 32 30 34 37 ' ,'0 0 0 0 0 0 0 0 ' ,61 ,34 ,0, 0
79 ,102, 61, '43 48 51 43 30 23 31 21 ' ,'0 0 0 0 0 0 0 0 ' ,35 ,1 ,0, 0
86 ,70, 69, '43 39 41 43 32 33 30 28 ' ,'0 0 0 0 0 0 0 0 ' ,34 ,1 ,0, 0
92 ,75, 57, '36 34 42 41 33 32 31 45 ' ,'0 0 0 0 0 0 0 0 ' ,22 ,1 ,1, 1
