58
55
55
55
45
48
49
50
52
53
55
47
48
51
52
54
45
46
49
50
52
53
44
47
48
49
51
53
47
49
40
41
54
55
46
38
39
40
41
42
44
35
49
39
41
46
44
35
46
47
49
51
144
46
47
48
50
41
42
74
45
46
48
39
41
42
44
56
47
48
39
40
42
43
44
46
37
49
50
51
53
54
45
47
48
49
52
124
45
46
48
49
50
53
53
46
36
38
50
52
43
44
45
57
48
50
51
42
44
45
46
47
38
50
41
32
44
35
36
48
39
42
42
44
45
47
38
121
43
44
46
47
48
50
40
42
43
45
47
48
39
41
42
42
43
44
66
36
38
39
40
42
43
33
36
36
47
39
40
42
43
44
46
46
48
50
41
44
44
73
42
43
35
36
37
39
40
62
47
45
46
48
50
51
42
42
44
56
48
49
41
41
42
45
46
48
49
52
44
45
99
50
51
42
44
46
48
49
50
42
43
44
45
46
47
38
39
41
42
43
45
36
38
39
40
42
43
54
46
46
47
49
50
52
53
44
45
47
48
40
41
42
43
44
45
47
59
39
41
43
44
76
46
38
50
51
53
54
56
46
48
50
51
52
54
54
46
48
49
51
52
55
46
46
48
50
61
63
43
45
46
47
49
51
43
116
47
49
50
41
42
45
46
47
50
71
42
45
45
46
48
39
41
42
44
44
46
47
39
40
42
43
44
45
37
39
40
42
43
45
36
37
39
50
42
43
54
36
37
50
50
52
54
55
57
48
39
51
42
44
56
58
39
40
42
64
46
47
49
40
42
44
55
56
57
49
40
42
43
44
56
58
49
50
51
53
55
51
42
53
57
46
49
49
41
54
45
58
39
40
42
44
60
46
47
39
50
42
43
45
47
48
38
40
42
44
44
45
37
39
40
42
43
45
46
38
39
39
42
43
45
46
38
40
42
42
44
46
48
39
40
42
44
46
47
129
40
42
43
45
46
47
39
40
194
43
45
37
38
40
42
43
55
46
48
48
50
52
42
44
45
47
49
49
51
42
44
45
46
48
49
52
53
45
46
47
49
50
51
53
44
36
37
38
40
41
43
45
35
38
39
40
43
44
35
37
38
40
41
44
45
35
48
39
