57
53
54
54
54
45
46
47
47
49
50
51
52
51
42
53
44
54
56
57
47
38
39
39
40
41
42
43
44
44
45
37
38
37
38
39
39
41
42
43
43
34
36
36
47
48
49
40
41
195
54
55
36
38
38
39
50
51
52
52
44
45
46
47
39
41
51
56
53
54
51
50
51
52
57
54
55
54
55
56
47
47
48
48
49
50
50
51
51
52
54
44
46
45
47
48
49
59
52
53
43
45
45
46
47
48
48
49
50
51
42
42
43
44
44
46
46
47
48
59
40
49
51
51
53
54
54
55
56
57
57
48
49
49
49
50
51
53
55
55
56
58
49
50
50
51
52
53
53
57
57
58
59
50
50
51
52
54
54
54
56
57
48
48
49
40
50
51
52
53
55
54
45
45
47
47
48
49
49
50
51
52
53
43
45
46
45
45
47
58
58
48
50
51
52
52
53
54
56
45
47
48
49
63
51
41
43
44
45
46
46
46
48
80
40
31
42
41
43
43
44
46
47
47
48
49
40
40
42
43
44
43
44
45
46
47
47
38
38
39
40
41
56
37
38
50
46
46
47
48
48
39
50
41
41
42
43
45
45
46
47
58
58
79
49
52
52
54
54
46
46
46
49
51
51
52
42
54
44
45
46
47
58
48
49
51
52
53
43
44
55
56
79
48
59
50
92
43
54
44
56
57
58
57
59
49
40
50
51
52
43
43
33
34
35
36
37
38
39
40
31
32
33
33
34
35
37
38
49
39
40
51
41
43
33
45
46
46
47
38
39
40
41
42
44
45
45
45
57
48
39
50
50
51
52
53
54
55
55
50
51
52
52
53
54
54
55
56
56
46
48
48
49
50
50
51
52
52
53
43
44
45
46
47
47
48
39
40
41
41
42
43
44
55
45
36
44
55
66
57
37
38
39
40
42
54
55
55
56
56
46
47
48
60
50
51
52
53
44
44
56
57
48
49
50
50
52
52
55
56
47
46
37
38
39
39
40
41
42
42
43
45
36
37
37
38
39
40
61
42
43
49
39
40
40
41
42
43
44
45
35
36
37
48
39
40
41
42
53
44
44
46
46
57
59
61
62
42
43
44
45
46
47
49
49
51
43
44
45
46
47
47
48
48
49
40
40
41
43
