61
50
50
41
42
43
46
47
48
50
52
43
44
46
47
49
51
52
43
45
46
47
50
51
42
44
45
57
48
48
49
39
41
52
53
55
46
47
48
50
52
52
54
56
47
50
50
53
54
45
46
48
51
51
52
43
46
56
48
50
51
42
44
45
47
49
51
42
44
45
48
49
40
42
43
46
47
71
42
45
47
48
51
41
47
44
44
46
47
42
42
45
46
47
49
50
42
43
45
159
53
44
46
47
49
50
52
54
45
47
48
50
50
62
53
44
49
48
50
52
53
44
46
47
49
50
61
53
44
37
38
49
51
42
44
45
48
50
50
42
44
45
47
49
51
52
45
45
47
48
52
43
34
35
37
48
50
51
43
44
47
48
50
51
54
45
47
48
51
51
53
44
46
48
50
51
74
54
46
47
48
50
51
53
54
46
47
50
51
53
53
56
46
48
49
52
53
45
107
48
49
51
53
44
45
48
49
51
52
43
45
45
48
49
51
42
44
46
48
49
51
43
45
46
49
50
63
43
46
47
50
50
52
53
45
46
49
50
52
53
46
46
49
50
52
53
54
47
49
50
51
53
44
46
47
50
51
53
54
46
47
48
50
51
53
54
47
47
51
53
51
52
54
56
47
49
51
53
54
45
48
50
52
53
56
47
49
50
53
55
56
48
49
50
53
54
45
47
55
47
47
48
40
52
43
45
47
48
39
42
43
45
46
48
39
51
52
53
54
56
48
50
52
54
55
47
48
50
51
54
55
56
56
47
49
50
53
54
47
48
50
51
53
55
47
48
51
41
43
45
46
48
40
42
41
43
44
47
48
40
41
43
45
47
49
50
42
44
46
47
49
49
41
43
44
46
79
40
41
43
45
47
48
51
41
43
45
46
48
49
41
43
45
49
48
49
41
43
44
46
48
50
41
73
44
48
47
38
40
42
56
33
34
36
37
39
31
33
35
36
68
39
41
41
43
46
48
81
41
44
45
87
48
49
52
43
44
47
48
50
41
43
44
46
47
49
50
42
44
46
47
49
50
41
43
45
46
37
39
41
42
43
45
36
38
39
41
43
34
46
47
49
50
42
46
47
49
51
52
44
45
48
49
51
52
44
45
48
49
51
52
44
46
38
39
50
41
43
45
