72
59
50
50
60
69
51
51
52
54
258
45
49
50
40
52
57
48
59
50
45
255
49
49
50
52
52
53
54
45
46
280
49
49
50
50
51
53
53
257
56
46
47
58
48
69
49
101
51
52
53
53
54
55
56
57
56
56
47
47
48
58
50
71
274
62
52
53
70
39
50
41
41
266
55
45
46
48
39
50
51
42
42
42
43
43
65
55
56
67
47
47
262
103
52
42
44
45
46
46
47
48
49
50
50
51
52
54
55
55
55
46
57
48
57
60
61
293
51
52
53
54
55
56
47
48
50
50
51
52
63
44
45
46
46
47
48
48
64
43
44
49
39
50
51
43
56
46
55
56
47
59
49
50
51
51
53
64
66
56
47
50
51
51
51
53
54
54
57
58
283
41
46
48
48
49
51
54
56
45
46
68
48
49
50
50
71
52
52
53
56
57
58
48
49
50
53
54
54
55
57
57
58
57
79
60
60
62
53
65
277
56
57
77
58
60
61
51
63
54
45
45
250
50
51
53
55
55
59
49
49
50
162
51
53
53
53
54
45
46
272
50
52
52
42
53
44
44
44
55
56
57
49
50
52
52
52
53
55
56
55
57
283
60
71
57
57
57
262
61
62
266
57
58
455
73
62
62
54
55
56
57
60
61
62
63
64
55
66
57
47
58
60
51
52
53
46
46
57
51
53
54
54
55
56
46
48
48
49
50
51
52
53
54
54
54
56
56
57
57
252
60
61
51
52
53
56
56
57
48
243
62
52
53
54
65
66
66
68
58
54
55
56
55
56
47
272
49
49
54
54
55
255
48
60
51
51
52
53
53
54
55
66
78
68
64
61
62
63
54
45
55
45
58
48
50
51
52
53
53
56
57
47
58
59
61
61
61
52
64
63
64
77
48
49
51
62
55
56
57
57
57
58
59
50
52
42
63
43
47
47
48
69
49
49
50
51
41
52
52
42
53
54
55
55
57
252
50
41
52
52
64
54
54
55
46
47
48
62
43
54
45
45
56
47
59
60
51
52
57
58
53
53
55
56
