58
53
54
55
55
55
57
48
38
49
50
52
48
47
49
51
50
41
42
52
43
53
55
45
45
46
46
37
48
49
49
49
43
43
44
45
47
47
38
39
49
49
51
41
51
52
53
54
43
45
45
46
46
47
48
48
48
49
50
40
40
41
43
44
44
45
45
47
47
48
39
39
40
51
41
42
55
46
46
47
49
49
39
40
41
42
42
43
43
47
48
65
46
55
46
37
48
49
59
52
53
54
55
46
45
46
47
48
49
49
50
51
42
43
43
44
45
46
57
57
58
60
50
51
51
53
53
55
54
57
58
58
49
48
60
50
57
58
58
59
51
51
52
52
53
55
56
56
58
59
50
51
52
53
54
56
57
57
58
49
51
51
52
54
45
56
57
58
58
59
50
51
48
55
46
57
58
59
60
51
51
52
53
54
56
57
57
60
59
50
51
52
53
54
55
44
46
58
59
50
52
52
54
54
46
48
49
51
51
41
42
44
44
44
46
47
49
39
40
40
41
43
44
45
46
47
49
49
39
40
52
42
43
44
55
59
59
62
51
52
53
54
54
64
56
57
78
54
54
55
57
46
47
49
49
50
50
52
53
52
54
55
46
57
47
48
49
50
52
53
54
52
52
53
53
54
44
45
45
46
47
51
52
52
53
55
57
49
49
39
51
51
52
63
53
54
56
47
47
48
49
50
51
52
52
54
44
44
46
46
48
49
50
50
51
52
54
74
44
46
47
47
47
48
61
50
61
53
42
43
54
44
56
57
58
49
50
41
52
52
53
44
45
47
47
48
49
51
42
42
43
44
45
56
57
58
57
58
59
50
51
51
53
44
55
57
57
58
58
50
51
51
52
84
55
46
48
49
59
50
41
42
42
43
44
45
45
46
46
47
38
39
49
40
52
43
44
40
40
51
42
53
54
55
45
46
47
49
49
47
48
48
49
50
51
53
54
45
51
52
53
53
55
56
57
59
48
45
46
50
52
53
53
75
55
56
47
48
48
49
50
51
53
53
54
46
47
67
48
49
52
51
52
52
53
53
54
45
46
47
48
49
51
52
53
44
44
55
46
47
48
49
49
50
50
51
43
44
45
45
46
47
48
49
50
50
41
42
44
44
45
45
47
47
48
49
50
50
41
42
