222
46
47
48
51
41
42
53
55
55
56
61
50
41
52
42
44
55
56
37
48
59
50
51
53
44
54
47
47
69
39
41
42
43
45
36
46
41
40
41
42
44
36
36
37
49
40
51
53
44
46
47
49
49
50
52
43
44
45
46
47
48
49
41
42
43
44
45
57
47
39
41
52
53
55
51
42
54
55
56
48
50
51
53
55
56
46
47
49
50
81
52
53
44
45
47
48
50
142
43
44
45
47
48
49
51
43
43
44
46
47
49
39
41
42
43
46
47
47
39
40
41
43
43
44
35
37
48
49
50
52
43
44
45
47
48
49
51
41
42
43
45
45
46
38
39
40
42
43
44
45
35
37
39
50
52
53
44
45
36
60
41
42
43
87
46
48
40
41
42
34
36
37
38
41
41
42
43
35
46
78
49
50
53
54
45
46
47
49
50
51
53
44
45
46
49
50
52
43
44
46
47
49
50
41
42
43
46
47
48
48
50
41
42
44
46
56
58
49
50
51
52
44
46
46
48
49
40
42
42
64
45
46
38
44
45
46
48
49
50
62
52
43
44
56
57
58
132
42
44
46
47
40
41
41
44
45
45
46
38
39
40
42
44
45
47
37
39
41
42
43
45
36
37
39
40
41
44
35
66
38
39
40
41
43
34
45
47
48
49
51
52
53
76
57
47
38
50
51
52
54
54
57
48
50
52
52
54
49
60
42
43
44
46
46
38
39
40
41
53
55
56
56
48
49
50
52
53
55
46
47
49
50
51
52
54
45
36
38
39
41
42
44
34
36
48
38
41
42
42
36
45
46
49
51
42
43
44
45
46
47
48
49
51
52
52
54
55
56
51
53
55
46
48
49
50
53
54
45
47
48
49
52
52
45
37
38
40
42
43
44
36
38
39
42
43
76
37
38
39
40
42
44
34
48
39
49
51
53
54
45
46
46
47
50
51
51
43
47
46
47
48
50
41
42
43
44
46
47
38
39
41
42
43
44
46
37
38
50
41
43
55
46
38
50
51
53
54
45
47
48
49
51
52
53
46
47
48
51
51
53
56
46
47
182
51
52
44
44
45
47
48
49
51
53
44
46
47
48
50
51
73
44
45
45
57
57
58
40
52
53
45
46
75
57
