48
46
49
51
53
44
47
49
50
52
53
55
46
47
39
41
43
44
45
46
57
49
40
41
43
44
46
47
49
50
51
52
54
55
56
47
49
50
51
54
55
56
52
48
50
50
154
55
57
48
48
50
52
53
54
55
46
48
49
50
52
54
55
56
47
49
40
41
43
44
56
36
38
40
41
43
44
55
36
38
38
39
41
42
44
45
37
38
39
39
41
42
43
34
36
37
38
40
41
42
43
45
37
48
39
40
42
43
34
36
37
38
40
41
42
43
35
37
38
41
43
44
45
36
38
39
40
42
43
45
36
38
39
39
41
42
44
35
46
47
39
51
52
53
45
168
48
49
51
51
42
44
46
48
50
51
41
42
44
45
46
58
48
49
57
50
51
52
54
45
47
49
50
51
52
53
44
46
47
49
50
51
41
43
44
45
57
58
59
49
51
52
53
55
46
47
50
51
53
55
46
48
49
50
52
54
55
46
48
49
50
51
53
54
45
47
49
51
52
53
54
55
46
48
49
51
53
54
55
57
48
49
51
52
54
55
57
48
49
51
52
54
56
56
47
49
50
51
52
54
55
56
48
49
50
53
53
54
55
47
51
42
45
46
47
50
40
41
43
45
46
48
48
50
41
42
45
46
48
50
41
42
44
45
46
48
49
51
42
43
44
56
57
47
50
52
52
53
56
57
48
50
51
52
54
55
47
38
50
41
43
43
46
46
46
39
40
41
43
44
47
69
49
42
43
44
36
47
48
39
41
31
33
35
36
37
38
40
31
68
49
43
45
46
47
49
41
42
44
45
46
48
49
48
39
52
52
53
55
55
56
47
48
49
51
52
53
54
46
47
60
53
53
54
46
47
49
50
50
53
54
55
45
47
48
49
51
52
53
44
56
47
48
49
50
52
53
44
46
46
47
49
51
53
43
45
46
45
46
47
48
50
41
42
44
45
47
48
50
51
43
44
46
47
48
50
41
41
53
45
46
47
48
40
42
42
44
45
46
48
39
40
41
54
55
56
48
49
50
52
53
54
55
46
47
48
50
52
52
45
46
47
47
55
46
38
39
40
61
43
44
45
46
48
49
41
46
44
45
37
38
40
40
52
54
45
47
48
49
51
53
43
45
98
48
49
40
42
