58
54
44
46
48
48
50
51
43
45
45
47
48
50
51
52
43
44
86
47
49
50
52
53
44
46
47
49
50
54
44
57
48
49
50
52
53
44
55
46
49
50
51
51
42
288
47
50
50
51
53
53
54
56
57
48
48
50
51
52
53
55
46
48
48
50
54
55
56
57
49
50
52
52
54
55
57
48
50
51
53
54
56
47
48
48
72
52
52
54
54
57
48
49
51
52
54
56
56
58
49
50
51
53
57
58
50
51
51
43
43
46
58
48
50
41
42
176
57
57
49
50
52
53
53
56
57
48
49
51
52
54
56
58
50
82
52
54
54
56
58
48
242
52
54
56
57
46
48
49
53
56
56
57
48
50
51
52
53
56
57
48
49
51
52
53
116
48
48
49
50
53
54
55
46
48
49
50
52
51
53
54
46
47
49
50
51
53
55
45
46
48
49
51
53
44
45
46
47
50
50
52
53
45
46
48
49
51
52
53
45
47
48
49
51
52
55
56
57
49
50
52
54
55
56
47
49
50
52
63
55
46
47
60
50
51
53
55
210
48
49
52
53
54
56
46
47
53
56
47
48
49
51
41
44
44
56
47
39
51
42
54
55
148
49
50
52
54
45
46
57
49
50
51
43
44
55
56
49
42
43
65
57
47
50
53
44
45
47
58
59
50
51
43
43
45
46
48
49
50
52
43
44
44
47
48
49
51
41
42
43
46
46
47
50
40
41
43
45
46
46
58
49
50
50
52
53
55
46
47
49
60
52
53
54
55
46
47
50
51
52
53
45
47
47
50
51
41
42
43
46
47
59
51
41
52
45
56
56
49
50
40
73
43
55
56
57
58
49
50
51
53
53
54
56
47
48
50
52
53
44
45
47
48
49
41
43
44
46
57
47
50
51
52
53
55
46
46
48
49
49
50
52
53
44
46
47
47
49
50
41
43
43
45
46
48
49
41
43
54
45
47
48
49
52
42
44
44
47
47
48
49
42
42
43
45
47
50
48
40
41
44
45
46
47
50
40
42
44
45
46
47
49
40
41
43
36
47
50
51
51
53
105
55
47
48
49
51
51
43
45
45
47
48
49
51
42
53
45
46
47
60
52
43
44
47
57
48
40
51
41
43
