56
39
30
42
33
34
25
26
28
29
32
33
44
25
25
26
28
29
30
31
32
24
26
27
29
31
32
34
25
27
29
40
42
44
45
46
38
39
41
42
44
45
46
37
40
41
42
43
45
36
27
29
31
31
33
35
36
27
28
30
42
43
44
35
27
27
28
29
42
43
45
36
38
40
31
32
33
35
36
27
28
41
32
33
34
36
26
28
30
31
33
35
36
28
29
31
42
45
46
37
37
39
40
40
42
44
35
36
39
40
41
44
44
36
37
40
41
43
35
34
36
26
28
29
31
32
33
25
27
29
30
42
34
35
26
49
66
26
28
29
30
31
34
25
26
27
30
72
33
34
47
28
29
31
32
35
36
28
30
31
33
34
36
28
19
20
22
35
27
28
20
31
32
34
36
37
38
30
32
33
34
46
27
30
32
33
53
35
26
27
28
30
42
43
34
37
38
39
42
43
45
36
38
40
41
42
45
36
37
39
40
41
33
36
38
29
31
33
24
25
27
28
30
32
34
36
28
29
32
33
36
37
37
29
31
33
44
37
38
39
31
32
35
36
37
39
41
42
33
35
37
40
41
43
24
35
36
38
39
40
41
32
36
34
36
38
39
41
32
34
35
34
35
37
38
30
31
33
34
35
37
38
30
31
32
33
56
37
28
30
33
35
38
40
33
36
38
40
42
43
44
35
38
39
40
42
44
44
35
27
29
30
31
42
33
36
37
28
39
31
33
23
24
27
28
30
32
33
25
26
28
29
31
32
22
25
26
27
29
30
31
32
24
25
27
29
29
30
22
33
34
35
37
39
40
32
32
35
35
37
38
30
32
33
34
36
36
27
29
30
32
34
34
25
27
30
32
33
38
36
27
40
30
32
34
35
57
39
30
32
44
46
47
27
40
41
42
45
46
36
37
39
40
41
42
33
34
37
38
39
40
42
33
34
36
37
39
39
31
32
33
35
36
37
29
30
41
42
34
35
46
38
39
40
42
44
55
37
38
38
40
42
43
25
36
38
31
32
33
34
26
28
29
31
28
39
30
31
33
24
25
27
28
30
32
33
34
36
37
39
40
32
36
35
28
29
31
31
23
35
26
40
31
32
34
25
37
29
30
31
24
25
26
28
29
29
32
22
24
27
