59
48
38
40
40
61
42
54
45
36
37
48
39
41
42
43
55
55
58
58
60
40
51
54
55
56
57
58
49
51
52
54
55
56
57
37
38
39
41
42
43
46
47
48
39
41
42
44
45
57
58
39
40
42
43
44
46
36
48
50
51
42
43
66
47
48
50
70
50
31
43
38
39
39
51
53
55
46
47
48
49
51
52
53
44
44
45
47
58
38
40
51
42
44
45
57
58
60
51
52
55
46
47
48
49
61
41
44
44
45
47
49
51
42
43
46
45
47
47
49
50
51
55
54
49
36
38
39
40
51
43
49
39
41
41
44
45
56
36
37
48
49
51
52
54
45
46
47
48
50
51
58
39
41
42
63
44
45
47
48
49
83
44
45
47
47
49
40
41
42
44
56
46
47
48
39
41
42
53
54
56
56
58
49
50
51
52
53
55
56
57
48
49
50
52
53
56
58
59
50
52
43
44
44
45
48
49
50
51
42
44
44
46
47
48
49
51
43
44
45
46
47
49
50
41
42
55
57
58
58
60
51
53
54
64
55
57
58
59
50
55
56
47
38
40
41
42
44
45
46
48
40
41
42
43
45
47
49
39
41
52
44
45
46
47
49
41
42
43
44
46
46
49
39
40
42
44
47
51
42
43
45
46
37
69
50
51
53
55
55
47
49
51
53
53
55
56
58
49
52
52
53
54
56
57
48
49
51
53
54
56
57
48
50
52
52
54
54
56
58
49
50
52
53
54
56
57
48
50
51
54
53
55
57
58
39
40
42
43
44
45
46
48
49
50
51
53
56
45
46
48
49
49
51
53
53
54
45
46
38
39
40
41
42
34
35
36
48
48
61
41
43
44
46
58
49
50
51
53
54
56
57
58
49
50
72
53
55
46
48
48
49
51
43
43
44
46
47
48
51
52
42
44
45
47
48
50
52
53
51
52
43
44
46
46
48
48
51
42
42
43
44
46
48
49
51
42
43
66
47
48
49
40
42
44
45
45
48
50
41
43
45
46
48
49
40
42
43
44
49
51
42
43
44
44
45
47
48
49
50
51
42
43
43
44
47
48
49
50
51
43
44
45
45
58
58
48
50
52
54
54
56
47
49
50
41
42
44
45
47
38
39
40
42
43
45
36
38
41
32
