59
57
48
50
49
51
53
55
56
37
38
39
41
43
42
44
45
47
48
49
50
51
53
44
45
47
49
50
51
52
43
45
46
48
49
50
52
42
44
45
49
48
49
43
44
47
47
49
50
51
42
44
45
46
47
48
49
50
41
43
44
45
47
49
50
44
43
44
45
46
48
49
41
43
44
45
47
48
49
40
51
53
64
56
46
48
50
51
72
53
54
45
46
47
49
50
53
54
45
47
48
49
51
51
52
54
46
47
49
50
51
52
54
46
47
48
50
51
53
43
44
45
47
48
50
51
42
43
44
45
47
49
193
42
43
54
45
47
48
39
40
41
43
44
45
46
38
38
39
42
43
54
55
36
38
59
40
41
42
43
45
36
38
40
39
42
42
44
34
36
38
39
40
42
54
45
45
47
49
49
50
52
44
45
45
47
49
50
51
42
43
45
46
47
52
53
54
55
46
48
50
41
52
54
44
45
46
47
48
49
50
52
42
44
44
45
45
48
48
39
40
42
43
44
45
58
48
49
50
41
53
85
76
46
37
39
40
41
43
45
46
37
52
42
54
45
56
57
49
50
50
51
52
55
56
47
47
48
50
52
53
54
56
59
39
41
42
43
45
46
43
45
47
47
59
40
41
43
44
45
46
68
39
40
52
54
54
57
58
38
50
50
53
54
55
56
48
49
51
52
53
55
47
47
49
49
51
52
43
44
46
48
49
50
42
43
44
45
47
48
50
51
41
43
45
46
47
48
40
41
43
156
47
48
49
40
41
52
54
56
57
48
50
54
52
54
54
55
46
48
49
50
51
50
52
53
44
45
46
47
49
40
50
41
43
57
47
38
41
42
43
45
47
47
49
40
42
43
45
46
60
49
42
43
45
46
47
48
50
50
42
44
45
46
47
49
40
41
43
43
44
45
57
49
49
50
42
43
46
51
48
43
41
42
44
45
47
49
40
41
42
54
55
56
57
48
49
50
51
53
74
55
46
47
50
51
52
53
44
46
46
48
49
50
53
44
45
46
48
49
51
52
53
55
46
47
48
70
51
53
53
44
46
47
49
49
52
53
44
46
47
48
49
51
42
44
45
46
48
50
51
42
42
44
46
47
48
54
34
36
60
51
53
43
55
45
47
48
