52
48
50
51
41
42
42
44
44
46
37
38
39
40
42
43
44
36
37
39
51
42
33
35
36
38
29
31
32
43
34
36
37
38
39
32
32
33
34
35
36
38
39
42
32
33
36
37
38
39
40
31
32
33
35
36
37
38
39
40
31
33
35
37
48
39
50
41
43
44
35
47
47
48
39
40
42
43
44
56
47
48
49
39
40
41
42
44
44
46
37
39
40
41
42
43
44
45
36
37
38
40
40
31
33
33
34
37
50
40
31
33
33
34
36
38
39
40
42
33
34
35
36
37
38
40
31
32
34
44
35
37
38
39
40
42
41
31
32
33
34
36
37
38
32
34
35
36
99
38
40
40
32
33
33
35
47
38
39
40
31
32
34
35
36
37
48
39
42
41
41
42
43
44
45
46
37
39
40
51
42
43
44
45
37
38
40
41
42
43
44
35
36
37
39
40
41
42
33
36
37
39
41
42
45
45
37
39
41
42
44
45
46
47
40
41
41
43
46
49
48
49
40
41
42
43
44
46
47
48
39
40
41
42
43
45
46
37
38
39
41
42
44
35
36
37
38
39
40
41
43
44
36
37
38
39
41
43
45
47
38
40
43
45
47
38
50
41
32
35
37
35
36
38
40
42
36
38
40
51
41
43
44
45
46
38
39
39
40
42
43
44
45
36
39
41
41
42
34
35
37
37
39
40
41
42
44
45
25
37
28
29
40
41
43
44
34
36
37
38
39
40
32
33
34
26
27
28
30
51
42
44
46
47
39
40
41
43
43
45
47
48
39
40
40
42
42
44
45
46
48
39
40
41
42
43
44
35
37
38
39
40
42
43
44
35
36
37
40
41
44
44
45
36
37
39
39
42
44
66
36
37
38
39
43
46
47
48
39
41
44
35
38
34
36
38
40
42
33
35
36
37
38
40
41
42
23
35
35
34
35
36
37
49
51
44
45
46
38
39
40
41
32
35
36
37
38
29
30
31
33
34
35
36
27
28
30
31
32
35
36
38
29
30
31
33
45
38
39
40
32
33
33
45
46
47
43
41
42
42
34
35
36
37
38
39
32
33
34
45
46
47
39
40
41
42
43
45
46
58
38
56
37
38
39
40
41
42
43
35
37
38
39
40
41
42
33
34
68
39
