64
59
60
60
63
64
54
45
55
46
47
47
49
50
59
254
53
43
44
241
51
51
42
54
55
56
61
52
42
44
45
46
47
47
47
48
48
70
60
61
52
52
54
54
54
54
57
58
59
59
62
79
60
50
51
53
52
53
65
65
66
66
56
46
47
48
58
49
60
50
52
52
63
45
46
47
48
68
59
55
61
51
53
53
53
54
55
58
49
50
51
51
52
43
44
44
45
46
47
49
59
50
52
52
53
54
47
48
49
50
51
52
53
53
42
46
47
47
49
49
50
51
52
53
43
44
45
46
47
48
48
49
60
51
51
56
56
47
59
49
51
51
52
84
53
57
58
59
50
51
246
54
45
67
48
49
71
51
52
42
54
54
55
47
48
48
59
49
60
61
52
57
58
59
63
54
54
55
57
58
59
60
61
62
52
53
64
45
46
48
59
59
60
65
63
43
54
55
45
47
48
39
40
41
42
44
65
45
47
49
49
50
41
41
42
248
57
254
53
54
45
46
47
47
47
48
49
50
53
54
53
45
46
47
48
50
60
51
53
85
45
46
48
41
50
41
52
45
47
46
51
51
53
43
51
51
52
53
43
44
45
46
58
48
50
50
51
52
52
54
54
45
46
47
53
64
54
59
61
65
55
56
47
58
50
50
62
53
58
59
60
51
52
53
53
54
53
54
56
66
57
47
48
50
55
56
57
261
60
60
51
52
52
53
56
56
59
50
61
62
63
54
55
55
56
57
57
57
59
60
61
43
44
56
55
46
58
48
49
51
52
44
56
55
55
45
47
59
51
52
53
248
46
47
48
48
50
41
42
42
43
58
263
52
43
43
45
56
57
58
59
58
60
60
51
52
53
65
56
57
73
81
61
62
53
55
55
56
57
57
62
62
63
53
44
45
45
57
67
271
59
51
52
53
54
55
56
60
61
62
63
55
66
64
65
260
57
59
60
61
62
62
73
46
47
48
48
49
49
50
51
62
52
43
57
48
48
59
59
60
41
41
42
54
55
46
39
39
40
41
42
43
64
167
58
39
64
45
46
46
262
51
63
76
46
47
48
49
60
51
51
52
52
53
250
