61
60
61
60
61
63
53
43
54
45
46
58
49
50
60
51
52
43
44
55
56
57
57
58
60
61
53
54
54
55
56
47
58
59
60
61
41
53
57
47
57
58
59
50
51
53
55
55
146
57
58
59
60
50
52
52
53
54
55
55
59
60
61
62
53
54
55
55
55
57
58
58
49
50
61
62
52
53
44
45
46
47
57
58
59
60
60
50
44
55
57
57
59
59
60
61
41
52
53
44
55
46
57
58
59
60
51
52
63
58
59
48
49
60
41
42
53
54
55
61
62
63
54
55
46
47
47
38
40
41
42
43
33
35
35
37
38
39
40
61
52
53
53
54
54
56
57
57
58
49
50
52
53
55
59
58
59
59
49
51
52
42
55
48
48
40
41
41
42
42
43
44
55
46
58
59
49
50
52
51
53
55
56
63
54
56
57
47
48
48
49
50
51
52
53
54
54
55
46
47
49
49
50
51
52
52
53
44
45
47
49
50
51
52
52
43
44
46
47
48
49
40
41
52
53
44
44
45
47
48
49
49
51
52
43
44
45
47
48
38
39
40
41
32
33
34
44
36
48
59
50
60
51
52
53
54
55
50
47
58
49
39
50
51
52
53
54
51
52
54
45
45
45
47
47
49
49
51
53
54
54
44
46
47
48
50
51
41
53
54
55
55
48
59
50
41
53
55
56
56
57
49
50
41
52
54
55
57
57
58
49
49
50
52
53
53
55
57
48
47
49
39
40
41
42
43
44
35
36
36
37
38
39
41
52
53
46
47
47
48
49
50
51
52
43
34
36
46
37
37
37
48
49
50
48
49
60
50
51
52
53
54
45
56
58
49
50
49
50
51
54
53
54
55
55
47
49
50
51
52
52
53
53
44
45
47
48
49
51
51
98
47
38
49
40
40
51
52
53
54
45
46
47
48
49
50
50
41
42
43
45
46
47
48
49
50
50
51
41
41
42
43
44
46
57
48
49
60
40
41
41
42
42
54
61
51
63
54
45
38
38
39
50
52
53
55
56
57
47
48
48
50
50
51
52
53
54
45
46
47
68
60
50
52
53
54
56
57
58
59
49
50
52
53
54
54
55
56
57
49
69
50
51
52
53
54
65
46
46
57
38
52
43
44
45
46
67
48
49
