197 ,0, 121, '45 42 32 49 32 46 32 31 25 27 52 31 34 29 39 71 28 50 40 41 ' ,'0 0 0 0 0 0 0 0 0 0 0 0 0 0 0 0 0 0 0 0 ' ,65 ,7 ,10, 10
381 ,173, 353, '270 284 304 301 280 256 288 336 249 263 261 220 291 303 222 252 270 315 251 263 ' ,'0 0 0 0 0 0 0 0 0 0 0 0 0 0 0 0 0 0 0 0 ' ,117 ,2 ,7, 6
149 ,386, 125, '89 83 82 76 79 87 74 99 88 75 80 75 78 81 90 83 77 89 81 104 ' ,'0 0 0 0 0 0 0 0 0 0 0 0 0 0 0 0 0 0 0 0 ' ,42 ,2 ,4, 4
588 ,163, 563, '89 88 83 87 108 94 81 85 94 149 87 82 88 79 86 90 82 80 76 98 ' ,'0 0 0 0 0 0 0 0 0 0 0 0 0 0 0 0 0 0 0 0 ' ,481 ,2 ,1, 1
203 ,630, 129, '102 87 87 86 91 90 85 87 85 91 90 90 84 90 88 113 83 86 102 110 ' ,'0 0 0 0 0 0 0 0 0 0 0 0 0 0 0 0 0 0 0 0 ' ,33 ,1 ,2, 2
150 ,192, 128, '89 100 92 93 91 85 99 111 91 106 89 92 110 106 116 99 91 98 101 89 ' ,'0 0 0 0 0 0 0 0 0 0 0 0 0 0 0 0 0 0 0 0 ' ,34 ,1 ,1, 1
255 ,140, 226, '109 94 102 92 97 95 95 96 96 89 96 88 91 98 93 96 88 88 92 98 ' ,'0 0 0 0 0 0 0 0 0 0 0 0 0 0 0 0 0 0 0 0 ' ,132 ,112 ,2, 2
207 ,246, 153, '94 90 110 113 94 93 87 95 98 105 90 92 91 134 95 95 90 103 111 101 ' ,'0 0 0 0 0 0 0 0 0 0 0 0 0 0 0 0 0 0 0 0 ' ,57 ,3 ,2, 2
157 ,164, 129, '95 92 100 87 91 103 90 119 91 88 92 93 105 91 87 97 92 102 91 103 ' ,'0 0 0 0 0 0 0 0 0 0 0 0 0 0 0 0 0 0 0 0 ' ,39 ,3 ,1, 1
151 ,146, 113, '85 97 84 96 100 103 82 92 98 93 87 86 78 94 95 85 88 90 95 87 ' ,'0 0 0 0 0 0 0 0 0 0 0 0 0 0 0 0 0 0 0 0 ' ,37 ,3 ,2, 2
133 ,138, 108, '73 88 86 90 83 94 86 80 77 84 91 88 84 76 85 83 86 86 78 76 ' ,'0 0 0 0 0 0 0 0 0 0 0 0 0 0 0 0 0 0 0 0 ' ,23 ,2 ,1, 1
141 ,123, 118, '79 78 71 75 76 93 80 86 87 94 98 79 78 81 92 105 82 70 75 75 ' ,'0 0 0 0 0 0 0 0 0 0 0 0 0 0 0 0 0 0 0 0 ' ,37 ,6 ,1, 1
183 ,132, 164, '143 128 93 104 113 114 119 139 116 110 78 120 144 111 148 137 104 115 110 96 ' ,'0 0 0 0 0 0 0 0 0 0 0 0 0 0 0 0 0 0 0 0 ' ,76 ,1 ,1, 1
192 ,175, 158, '125 96 109 86 95 108 100 117 96 106 84 88 92 86 105 95 84 105 126 148 ' ,'0 0 0 0 0 0 0 0 0 0 0 0 0 0 0 0 0 0 0 0 ' ,80 ,1 ,2, 2
142 ,185, 123, '95 94 89 88 88 86 93 94 89 103 99 84 90 80 81 89 110 86 81 82 ' ,'0 0 0 0 0 0 0 0 0 0 0 0 0 0 0 0 0 0 0 0 ' ,32 ,1 ,2, 2
165 ,133, 135, '109 132 122 99 108 103 90 105 111 117 119 118 103 87 115 130 102 89 97 108 ' ,'0 0 0 0 0 0 0 0 0 0 0 0 0 0 0 0 0 0 0 0 ' ,31 ,1 ,1, 1
282 ,154, 262, '194 181 189 188 83 176 167 193 160 114 173 171 168 174 206 202 172 209 208 222 ' ,'0 0 0 0 0 0 0 0 0 0 0 0 0 0 0 0 0 0 0 0 ' ,172 ,17 ,1, 1
143 ,273, 117, '100 90 103 91 94 108 90 96 86 95 100 87 101 98 109 98 94 94 94 89 ' ,'0 0 0 0 0 0 0 0 0 0 0 0 0 0 0 0 0 0 0 0 ' ,25 ,1 ,1, 1
163 ,136, 135, '102 109 133 98 99 100 111 100 103 126 119 87 122 110 99 113 98 105 103 105 ' ,'0 0 0 0 0 0 0 0 0 0 0 0 0 0 0 0 0 0 0 0 ' ,37 ,1 ,3, 3
163 ,153, 144, '88 102 105 122 97 99 89 98 93 105 114 89 133 100 86 101 92 94 121 96 ' ,'0 0 0 0 0 0 0 0 0 0 0 0 0 0 0 0 0 0 0 0 ' ,49 ,1 ,2, 2
167 ,153, 147, '104 92 94 92 84 134 83 86 103 82 95 82 96 97 102 127 82 84 96 117 ' ,'0 0 0 0 0 0 0 0 0 0 0 0 0 0 0 0 0 0 0 0 ' ,53 ,1 ,1, 1
186 ,157, 163, '115 92 108 91 150 132 85 93 89 143 122 91 92 83 123 132 88 89 100 110 ' ,'0 0 0 0 0 0 0 0 0 0 0 0 0 0 0 0 0 0 0 0 ' ,66 ,1 ,2, 2
136 ,174, 113, '100 97 94 96 97 103 96 93 104 90 102 101 86 94 96 99 92 99 96 107 ' ,'0 0 0 0 0 0 0 0 0 0 0 0 0 0 0 0 0 0 0 0 ' ,23 ,1 ,1, 1
138 ,128, 116, '110 98 93 88 91 92 78 89 91 90 99 87 86 87 97 89 87 97 97 101 ' ,'0 0 0 0 0 0 0 0 0 0 0 0 0 0 0 0 0 0 0 0 ' ,30 ,1 ,1, 1
127 ,126, 105, '89 89 85 92 97 100 88 84 90 97 96 86 92 90 86 99 98 91 88 85 ' ,'0 0 0 0 0 0 0 0 0 0 0 0 0 0 0 0 0 0 0 0 ' ,16 ,0 ,1, 1
138 ,119, 110, '97 89 96 87 87 96 85 87 82 98 106 80 92 99 96 90 88 86 79 85 ' ,'0 0 0 0 0 0 0 0 0 0 0 0 0 0 0 0 0 0 0 0 ' ,27 ,1 ,1, 1
171 ,128, 147, '100 88 90 98 104 86 93 99 98 108 98 86 81 94 115 110 98 83 91 136 ' ,'0 0 0 0 0 0 0 0 0 0 0 0 0 0 0 0 0 0 0 0 ' ,58 ,2 ,2, 2
139 ,160, 114, '99 92 91 82 84 79 92 77 103 86 76 82 82 74 91 99 82 80 74 87 ' ,'0 0 0 0 0 0 0 0 0 0 0 0 0 0 0 0 0 0 0 0 ' ,39 ,3 ,1, 1
126 ,134, 103, '86 81 83 73 90 77 78 89 97 80 80 87 76 80 72 74 79 77 77 80 ' ,'0 0 0 0 0 0 0 0 0 0 0 0 0 0 0 0 0 0 0 0 ' ,26 ,1 ,1, 1
118 ,119, 97, '70 74 88 75 77 79 74 76 77 74 87 76 79 83 76 78 70 77 80 82 ' ,'0 0 0 0 0 0 0 0 0 0 0 0 0 0 0 0 0 0 0 0 ' ,19 ,1 ,1, 1
126 ,108, 105, '85 78 80 85 80 88 82 87 91 78 93 76 77 85 84 89 81 80 79 83 ' ,'0 0 0 0 0 0 0 0 0 0 0 0 0 0 0 0 0 0 0 0 ' ,24 ,2 ,1, 1
168 ,116, 153, '114 94 86 110 99 129 84 140 97 125 83 83 131 88 90 87 85 92 94 105 ' ,'0 0 0 0 0 0 0 0 0 0 0 0 0 0 0 0 0 0 0 0 ' ,60 ,2 ,2, 2
139 ,158, 112, '99 93 93 89 77 95 93 79 81 89 85 100 90 93 94 105 81 90 89 86 ' ,'0 0 0 0 0 0 0 0 0 0 0 0 0 0 0 0 0 0 0 0 ' ,36 ,1 ,1, 1
132 ,130, 112, '79 87 89 95 93 96 99 82 101 86 82 91 90 104 84 92 89 89 85 83 ' ,'0 0 0 0 0 0 0 0 0 0 0 0 0 0 0 0 0 0 0 0 ' ,27 ,1 ,1, 1
136 ,123, 118, '89 94 101 97 98 94 95 96 86 97 107 91 89 93 89 100 89 99 100 94 ' ,'0 0 0 0 0 0 0 0 0 0 0 0 0 0 0 0 0 0 0 0 ' ,22 ,1 ,2, 2
169 ,136, 147, '94 104 108 111 100 97 107 109 100 126 97 92 111 109 100 89 98 91 93 91 ' ,'0 0 0 0 0 0 0 0 0 0 0 0 0 0 0 0 0 0 0 0 ' ,45 ,2 ,2, 2
150 ,155, 133, '87 100 107 100 103 97 99 108 103 110 98 90 111 119 106 102 91 94 98 95 ' ,'0 0 0 0 0 0 0 0 0 0 0 0 0 0 0 0 0 0 0 0 ' ,36 ,1 ,1, 1
147 ,139, 127, '95 95 94 103 92 95 91 91 112 90 89 94 94 116 92 96 100 95 118 95 ' ,'0 0 0 0 0 0 0 0 0 0 0 0 0 0 0 0 0 0 0 0 ' ,30 ,1 ,1, 1
142 ,136, 123, '88 92 113 93 100 86 91 94 97 92 94 95 102 89 91 99 91 90 112 90 ' ,'0 0 0 0 0 0 0 0 0 0 0 0 0 0 0 0 0 0 0 0 ' ,31 ,1 ,1, 1
135 ,132, 116, '104 96 97 104 95 96 94 95 95 94 92 93 101 101 94 91 102 94 108 90 ' ,'0 0 0 0 0 0 0 0 0 0 0 0 0 0 0 0 0 0 0 0 ' ,16 ,1 ,1, 1
159 ,128, 143, '95 101 98 109 107 88 95 110 112 91 93 93 95 93 100 105 101 95 91 102 ' ,'0 0 0 0 0 0 0 0 0 0 0 0 0 0 0 0 0 0 0 0 ' ,42 ,1 ,2, 2
159 ,151, 136, '104 114 110 95 106 108 113 111 90 106 113 99 90 113 105 115 106 97 120 118 ' ,'0 0 0 0 0 0 0 0 0 0 0 0 0 0 0 0 0 0 0 0 ' ,27 ,2 ,1, 1
134 ,149, 110, '96 96 89 99 107 88 91 96 92 94 91 89 94 92 94 92 96 95 100 93 ' ,'0 0 0 0 0 0 0 0 0 0 0 0 0 0 0 0 0 0 0 0 ' ,21 ,1 ,1, 1
129 ,125, 111, '98 90 91 85 90 89 93 91 81 94 85 89 88 97 81 85 96 89 97 95 ' ,'0 0 0 0 0 0 0 0 0 0 0 0 0 0 0 0 0 0 0 0 ' ,21 ,2 ,1, 1
149 ,121, 124, '89 114 87 103 89 86 106 93 90 92 77 85 85 83 84 84 83 96 86 84 ' ,'0 0 0 0 0 0 0 0 0 0 0 0 0 0 0 0 0 0 0 0 ' ,34 ,1 ,1, 1
135 ,142, 109, '97 91 86 102 90 81 81 83 106 94 84 88 84 92 96 88 85 80 95 85 ' ,'0 0 0 0 0 0 0 0 0 0 0 0 0 0 0 0 0 0 0 0 ' ,29 ,1 ,1, 1
124 ,125, 105, '89 86 82 77 95 79 84 84 78 88 95 87 83 87 87 82 83 82 84 86 ' ,'0 0 0 0 0 0 0 0 0 0 0 0 0 0 0 0 0 0 0 0 ' ,17 ,1 ,2, 2
138 ,114, 119, '79 77 75 83 72 74 81 92 86 79 77 78 74 102 93 95 85 109 94 76 ' ,'0 0 0 0 0 0 0 0 0 0 0 0 0 0 0 0 0 0 0 0 ' ,40 ,1 ,1, 1
131 ,128, 114, '79 78 86 83 87 81 89 105 79 82 93 75 87 78 82 83 76 87 88 81 ' ,'0 0 0 0 0 0 0 0 0 0 0 0 0 0 0 0 0 0 0 0 ' ,32 ,1 ,1, 1
136 ,124, 115, '80 89 96 92 82 78 82 81 82 86 83 80 85 99 81 94 81 81 98 76 ' ,'0 0 0 0 0 0 0 0 0 0 0 0 0 0 0 0 0 0 0 0 ' ,24 ,0 ,2, 2
130 ,128, 113, '80 88 88 85 82 79 83 87 88 85 80 83 95 91 87 86 80 102 80 79 ' ,'0 0 0 0 0 0 0 0 0 0 0 0 0 0 0 0 0 0 0 0 ' ,25 ,1 ,1, 1
129 ,122, 110, '81 94 84 103 90 81 86 85 90 85 88 88 97 81 89 93 83 88 88 79 ' ,'0 0 0 0 0 0 0 0 0 0 0 0 0 0 0 0 0 0 0 0 ' ,22 ,0 ,1, 1
144 ,121, 116, '85 88 106 99 89 104 93 88 100 88 92 86 83 89 94 94 88 88 95 82 ' ,'0 0 0 0 0 0 0 0 0 0 0 0 0 0 0 0 0 0 0 0 ' ,27 ,1 ,3, 2
135 ,126, 115, '95 100 98 99 95 93 95 89 107 94 94 92 95 94 95 103 103 100 101 89 ' ,'0 0 0 0 0 0 0 0 0 0 0 0 0 0 0 0 0 0 0 0 ' ,18 ,1 ,1, 1
128 ,125, 110, '89 100 89 97 93 95 99 96 94 94 90 93 92 94 101 92 91 100 96 90 ' ,'0 0 0 0 0 0 0 0 0 0 0 0 0 0 0 0 0 0 0 0 ' ,12 ,1 ,1, 1
145 ,121, 126, '95 96 94 101 94 94 88 96 110 98 92 94 91 118 90 96 91 102 106 92 ' ,'0 0 0 0 0 0 0 0 0 0 0 0 0 0 0 0 0 0 0 0 ' ,33 ,1 ,2, 2
145 ,136, 125, '103 98 96 102 102 92 102 103 100 97 100 104 92 104 115 90 101 98 109 111 ' ,'0 0 0 0 0 0 0 0 0 0 0 0 0 0 0 0 0 0 0 0 ' ,26 ,1 ,3, 3
144 ,137, 123, '101 97 98 101 98 103 99 99 107 98 110 95 98 93 94 99 101 96 103 96 ' ,'0 0 0 0 0 0 0 0 0 0 0 0 0 0 0 0 0 0 0 0 ' ,23 ,0 ,2, 2
145 ,137, 126, '95 96 99 103 106 97 98 107 114 101 108 100 98 108 99 97 98 106 100 100 ' ,'0 0 0 0 0 0 0 0 0 0 0 0 0 0 0 0 0 0 0 0 ' ,26 ,1 ,1, 1
137 ,137, 120, '96 108 92 95 98 91 109 98 106 100 104 101 95 99 94 97 110 107 96 105 ' ,'0 0 0 0 0 0 0 0 0 0 0 0 0 0 0 0 0 0 0 0 ' ,21 ,1 ,1, 1
141 ,129, 123, '101 108 104 88 110 92 97 92 94 96 97 108 104 92 94 116 98 95 90 106 ' ,'0 0 0 0 0 0 0 0 0 0 0 0 0 0 0 0 0 0 0 0 ' ,25 ,0 ,2, 2
139 ,132, 110, '96 88 95 90 96 83 111 79 97 91 79 88 101 95 90 103 84 100 97 93 ' ,'0 0 0 0 0 0 0 0 0 0 0 0 0 0 0 0 0 0 0 0 ' ,34 ,1 ,1, 1
129 ,132, 110, '84 92 87 83 90 77 79 84 83 88 75 79 79 90 87 80 84 100 93 91 ' ,'0 0 0 0 0 0 0 0 0 0 0 0 0 0 0 0 0 0 0 0 ' ,26 ,1 ,2, 2
170 ,118, 145, '86 82 132 83 83 88 82 86 97 85 83 78 99 90 83 86 81 90 79 84 ' ,'0 0 0 0 0 0 0 0 0 0 0 0 0 0 0 0 0 0 0 0 ' ,57 ,2 ,1, 1
120 ,164, 101, '85 89 77 95 78 83 82 87 86 89 83 84 78 86 85 82 90 80 84 90 ' ,'0 0 0 0 0 0 0 0 0 0 0 0 0 0 0 0 0 0 0 0 ' ,18 ,1 ,2, 2
127 ,110, 99, '82 87 89 86 89 79 77 85 83 77 77 81 81 82 84 80 78 85 77 79 ' ,'0 0 0 0 0 0 0 0 0 0 0 0 0 0 0 0 0 0 0 0 ' ,18 ,1 ,2, 2
156 ,111, 133, '78 84 127 95 80 80 87 95 80 80 81 79 77 90 81 94 83 84 86 79 ' ,'0 0 0 0 0 0 0 0 0 0 0 0 0 0 0 0 0 0 0 0 ' ,50 ,2 ,1, 1
233 ,145, 215, '77 86 89 85 85 79 82 88 92 86 79 80 91 83 87 94 81 83 187 82 ' ,'0 0 0 0 0 0 0 0 0 0 0 0 0 0 0 0 0 0 0 0 ' ,130 ,1 ,1, 1
141 ,224, 120, '86 77 98 84 113 79 106 86 99 96 83 79 92 84 94 86 92 101 97 88 ' ,'0 0 0 0 0 0 0 0 0 0 0 0 0 0 0 0 0 0 0 0 ' ,39 ,1 ,1, 1
123 ,132, 101, '80 84 81 87 92 88 81 84 82 79 90 74 89 87 84 86 83 86 85 80 ' ,'0 0 0 0 0 0 0 0 0 0 0 0 0 0 0 0 0 0 0 0 ' ,18 ,1 ,1, 1
129 ,113, 103, '86 90 93 89 80 81 90 90 92 77 90 84 96 88 86 83 91 86 95 79 ' ,'0 0 0 0 0 0 0 0 0 0 0 0 0 0 0 0 0 0 0 0 ' ,20 ,0 ,1, 1
143 ,121, 123, '97 96 92 91 103 92 86 94 95 95 93 83 111 94 97 91 82 91 93 96 ' ,'0 0 0 0 0 0 0 0 0 0 0 0 0 0 0 0 0 0 0 0 ' ,34 ,1 ,1, 1
138 ,135, 118, '95 94 104 90 106 97 95 90 92 91 93 92 95 93 95 96 96 99 105 89 ' ,'0 0 0 0 0 0 0 0 0 0 0 0 0 0 0 0 0 0 0 0 ' ,20 ,1 ,2, 2
167 ,128, 143, '88 99 97 134 99 86 89 106 107 94 96 91 89 112 113 94 85 95 98 109 ' ,'0 0 0 0 0 0 0 0 0 0 0 0 0 0 0 0 0 0 0 0 ' ,50 ,1 ,2, 2
134 ,157, 111, '92 101 93 91 86 91 88 88 95 83 100 94 95 104 88 85 85 93 93 88 ' ,'0 0 0 0 0 0 0 0 0 0 0 0 0 0 0 0 0 0 0 0 ' ,21 ,1 ,1, 1
131 ,127, 112, '93 92 81 86 90 90 80 89 90 93 91 79 77 90 93 105 77 86 97 86 ' ,'0 0 0 0 0 0 0 0 0 0 0 0 0 0 0 0 0 0 0 0 ' ,28 ,1 ,2, 2
151 ,123, 131, '83 82 83 115 81 88 80 120 82 82 81 76 84 87 88 88 75 119 112 78 ' ,'0 0 0 0 0 0 0 0 0 0 0 0 0 0 0 0 0 0 0 0 ' ,49 ,1 ,2, 2
120 ,140, 102, '82 84 92 81 85 89 78 82 90 81 82 72 82 86 84 85 74 85 93 89 ' ,'0 0 0 0 0 0 0 0 0 0 0 0 0 0 0 0 0 0 0 0 ' ,18 ,0 ,2, 2
143 ,110, 127, '91 82 77 86 87 82 78 83 81 89 84 79 115 79 100 85 76 80 92 87 ' ,'0 0 0 0 0 0 0 0 0 0 0 0 0 0 0 0 0 0 0 0 ' ,44 ,1 ,1, 1
129 ,135, 106, '81 86 93 103 83 94 87 78 81 87 78 76 81 91 88 84 75 76 85 94 ' ,'0 0 0 0 0 0 0 0 0 0 0 0 0 0 0 0 0 0 0 0 ' ,27 ,1 ,2, 2
121 ,119, 101, '82 89 91 75 82 79 86 81 85 81 85 83 81 83 92 95 78 83 84 82 ' ,'0 0 0 0 0 0 0 0 0 0 0 0 0 0 0 0 0 0 0 0 ' ,18 ,1 ,1, 1
124 ,112, 102, '84 84 93 79 89 93 79 83 81 80 81 81 81 90 86 95 78 79 84 78 ' ,'0 0 0 0 0 0 0 0 0 0 0 0 0 0 0 0 0 0 0 0 ' ,20 ,1 ,1, 1
126 ,118, 106, '96 85 95 87 87 81 90 84 88 79 80 88 97 92 91 88 83 87 91 87 ' ,'0 0 0 0 0 0 0 0 0 0 0 0 0 0 0 0 0 0 0 0 ' ,19 ,1 ,2, 2
125 ,116, 108, '84 88 89 84 89 81 84 99 93 85 91 86 89 89 96 86 79 99 87 85 ' ,'0 0 0 0 0 0 0 0 0 0 0 0 0 0 0 0 0 0 0 0 ' ,23 ,2 ,1, 1
130 ,118, 110, '95 96 87 92 92 86 91 86 96 82 82 86 87 98 93 94 84 96 100 99 ' ,'0 0 0 0 0 0 0 0 0 0 0 0 0 0 0 0 0 0 0 0 ' ,20 ,1 ,1, 1
128 ,121, 107, '86 96 93 86 89 87 86 87 92 98 89 87 84 85 93 89 84 91 98 91 ' ,'0 0 0 0 0 0 0 0 0 0 0 0 0 0 0 0 0 0 0 0 ' ,17 ,1 ,1, 1
149 ,118, 121, '103 95 102 94 93 89 95 101 115 83 85 88 87 95 97 94 86 98 91 85 ' ,'0 0 0 0 0 0 0 0 0 0 0 0 0 0 0 0 0 0 0 0 ' ,37 ,1 ,1, 1
136 ,141, 118, '86 95 94 88 102 95 100 110 92 93 91 98 95 100 91 89 89 94 101 97 ' ,'0 0 0 0 0 0 0 0 0 0 0 0 0 0 0 0 0 0 0 0 ' ,25 ,1 ,2, 2
150 ,130, 126, '94 93 96 92 98 97 95 116 90 101 103 90 98 97 88 96 92 102 104 91 ' ,'0 0 0 0 0 0 0 0 0 0 0 0 0 0 0 0 0 0 0 0 ' ,30 ,2 ,1, 1
137 ,139, 120, '82 91 108 87 97 96 94 95 109 90 100 92 110 93 96 95 91 101 107 97 ' ,'0 0 0 0 0 0 0 0 0 0 0 0 0 0 0 0 0 0 0 0 ' ,30 ,1 ,2, 2
151 ,127, 131, '94 85 90 123 96 80 91 81 115 88 90 88 86 98 100 99 88 86 124 102 ' ,'0 0 0 0 0 0 0 0 0 0 0 0 0 0 0 0 0 0 0 0 ' ,42 ,1 ,2, 2
129 ,144, 105, '87 81 89 87 82 84 89 90 79 76 86 78 87 90 83 84 93 88 98 93 ' ,'0 0 0 0 0 0 0 0 0 0 0 0 0 0 0 0 0 0 0 0 ' ,20 ,1 ,1, 1
122 ,114, 104, '79 82 87 98 82 85 77 87 91 84 87 76 79 83 85 95 88 90 82 81 ' ,'0 0 0 0 0 0 0 0 0 0 0 0 0 0 0 0 0 0 0 0 ' ,20 ,1 ,2, 2
127 ,114, 109, '82 83 85 90 88 86 83 90 93 79 83 77 100 86 87 92 79 81 90 82 ' ,'0 0 0 0 0 0 0 0 0 0 0 0 0 0 0 0 0 0 0 0 ' ,25 ,1 ,1, 1
124 ,120, 104, '86 79 89 80 87 84 78 91 75 80 84 75 91 83 85 89 81 84 82 88 ' ,'0 0 0 0 0 0 0 0 0 0 0 0 0 0 0 0 0 0 0 0 ' ,21 ,1 ,1, 1
156 ,112, 136, '80 95 82 124 93 87 84 81 89 98 89 78 81 120 91 90 84 78 83 89 ' ,'0 0 0 0 0 0 0 0 0 0 0 0 0 0 0 0 0 0 0 0 ' ,45 ,1 ,2, 2
147 ,148, 120, '87 81 84 118 95 102 83 85 86 81 87 79 82 116 96 97 84 84 100 101 ' ,'0 0 0 0 0 0 0 0 0 0 0 0 0 0 0 0 0 0 0 0 ' ,42 ,1 ,1, 1
153 ,136, 128, '81 81 81 124 88 79 84 84 97 78 81 76 78 92 80 92 78 80 88 79 ' ,'0 0 0 0 0 0 0 0 0 0 0 0 0 0 0 0 0 0 0 0 ' ,48 ,1 ,1, 1
143 ,146, 125, '85 86 78 76 77 83 73 85 112 76 84 80 74 89 83 93 78 87 117 78 ' ,'0 0 0 0 0 0 0 0 0 0 0 0 0 0 0 0 0 0 0 0 ' ,44 ,1 ,2, 2
162 ,134, 139, '79 89 92 89 95 79 99 89 122 82 90 89 77 103 84 86 86 79 126 110 ' ,'0 0 0 0 0 0 0 0 0 0 0 0 0 0 0 0 0 0 0 0 ' ,54 ,1 ,2, 2
128 ,152, 108, '89 83 83 97 93 89 87 99 99 86 86 88 86 87 92 94 82 91 83 84 ' ,'0 0 0 0 0 0 0 0 0 0 0 0 0 0 0 0 0 0 0 0 ' ,21 ,1 ,1, 1
148 ,127, 126, '85 87 92 106 89 93 88 82 107 88 84 94 80 114 87 87 90 91 112 82 ' ,'0 0 0 0 0 0 0 0 0 0 0 0 0 0 0 0 0 0 0 0 ' ,34 ,1 ,2, 2
152 ,138, 124, '89 90 94 104 93 91 88 92 96 92 96 88 88 112 104 104 95 93 117 96 ' ,'0 0 0 0 0 0 0 0 0 0 0 0 0 0 0 0 0 0 0 0 ' ,34 ,1 ,2, 2
153 ,141, 134, '99 101 110 96 99 96 97 98 125 98 93 98 92 108 123 95 97 100 113 91 ' ,'0 0 0 0 0 0 0 0 0 0 0 0 0 0 0 0 0 0 0 0 ' ,34 ,1 ,1, 1
147 ,144, 128, '95 99 111 107 97 104 97 106 95 111 104 95 98 100 103 101 94 100 119 98 ' ,'0 0 0 0 0 0 0 0 0 0 0 0 0 0 0 0 0 0 0 0 ' ,26 ,1 ,2, 2
138 ,137, 120, '108 107 111 113 93 96 108 94 99 97 102 100 100 108 95 101 101 99 106 94 ' ,'0 0 0 0 0 0 0 0 0 0 0 0 0 0 0 0 0 0 0 0 ' ,21 ,1 ,1, 1
141 ,129, 122, '99 98 102 101 114 108 96 99 93 100 100 99 93 100 96 94 94 109 114 100 ' ,'0 0 0 0 0 0 0 0 0 0 0 0 0 0 0 0 0 0 0 0 ' ,20 ,1 ,2, 2
165 ,131, 146, '101 109 101 119 100 94 96 95 114 99 98 91 93 130 95 98 96 94 119 92 ' ,'0 0 0 0 0 0 0 0 0 0 0 0 0 0 0 0 0 0 0 0 ' ,44 ,1 ,1, 1
167 ,157, 145, '93 98 106 95 103 95 95 92 95 133 85 89 99 101 110 93 91 113 103 108 ' ,'0 0 0 0 0 0 0 0 0 0 0 0 0 0 0 0 0 0 0 0 ' ,51 ,1 ,3, 3
140 ,156, 120, '88 99 90 105 97 91 90 90 102 99 103 88 89 90 104 91 90 92 99 88 ' ,'0 0 0 0 0 0 0 0 0 0 0 0 0 0 0 0 0 0 0 0 ' ,22 ,1 ,2, 2
142 ,132, 123, '94 88 94 86 105 84 85 86 88 92 82 86 98 87 95 86 89 91 86 106 ' ,'0 0 0 0 0 0 0 0 0 0 0 0 0 0 0 0 0 0 0 0 ' ,33 ,1 ,2, 2
131 ,132, 102, '89 90 92 96 99 88 94 76 91 92 83 84 91 83 88 88 91 86 88 85 ' ,'0 0 0 0 0 0 0 0 0 0 0 0 0 0 0 0 0 0 0 0 ' ,18 ,1 ,2, 2
149 ,121, 126, '89 91 86 104 91 91 88 80 88 94 82 79 83 84 89 92 89 90 95 91 ' ,'0 0 0 0 0 0 0 0 0 0 0 0 0 0 0 0 0 0 0 0 ' ,38 ,19 ,1, 1
136 ,140, 112, '87 92 89 96 89 84 96 89 95 90 87 86 85 92 90 87 88 89 82 96 ' ,'0 0 0 0 0 0 0 0 0 0 0 0 0 0 0 0 0 0 0 0 ' ,20 ,1 ,1, 1
131 ,127, 114, '97 88 81 99 88 80 87 91 78 95 81 86 85 97 87 87 82 91 95 84 ' ,'0 0 0 0 0 0 0 0 0 0 0 0 0 0 0 0 0 0 0 0 ' ,23 ,1 ,2, 2
131 ,121, 108, '85 83 87 93 94 83 93 81 85 81 88 83 82 85 82 97 81 90 103 80 ' ,'0 0 0 0 0 0 0 0 0 0 0 0 0 0 0 0 0 0 0 0 ' ,25 ,1 ,1, 1
129 ,122, 110, '84 91 86 90 85 82 84 79 86 80 77 79 78 77 80 100 78 85 83 80 ' ,'0 0 0 0 0 0 0 0 0 0 0 0 0 0 0 0 0 0 0 0 ' ,22 ,1 ,2, 2
166 ,121, 149, '86 89 83 82 83 73 89 90 79 81 88 81 86 90 84 86 84 101 89 91 ' ,'0 0 0 0 0 0 0 0 0 0 0 0 0 0 0 0 0 0 0 0 ' ,61 ,30 ,2, 2
141 ,157, 118, '81 90 82 96 77 82 84 88 90 85 78 89 85 111 82 81 85 91 89 80 ' ,'0 0 0 0 0 0 0 0 0 0 0 0 0 0 0 0 0 0 0 0 ' ,38 ,1 ,2, 2
143 ,131, 119, '89 95 87 95 81 77 89 92 83 99 90 84 99 91 95 82 82 86 89 92 ' ,'0 0 0 0 0 0 0 0 0 0 0 0 0 0 0 0 0 0 0 0 ' ,33 ,1 ,2, 2
143 ,128, 125, '87 102 84 94 84 80 117 84 85 83 83 93 79 85 98 85 86 82 99 93 ' ,'0 0 0 0 0 0 0 0 0 0 0 0 0 0 0 0 0 0 0 0 ' ,38 ,2 ,1, 1
128 ,134, 107, '80 93 100 87 90 87 91 88 91 86 84 92 89 91 98 89 84 92 85 98 ' ,'0 0 0 0 0 0 0 0 0 0 0 0 0 0 0 0 0 0 0 0 ' ,19 ,1 ,2, 1
155 ,120, 135, '88 100 94 97 89 94 98 91 92 89 89 88 89 102 97 98 93 88 100 83 ' ,'0 0 0 0 0 0 0 0 0 0 0 0 0 0 0 0 0 0 0 0 ' ,44 ,27 ,2, 2
137 ,148, 106, '88 103 91 96 97 86 93 101 99 93 97 86 90 89 97 104 93 90 111 97 ' ,'0 0 0 0 0 0 0 0 0 0 0 0 0 0 0 0 0 0 0 0 ' ,25 ,1 ,1, 1
138 ,128, 113, '94 98 96 105 101 102 97 94 98 91 99 97 90 95 94 96 92 101 110 87 ' ,'0 0 0 0 0 0 0 0 0 0 0 0 0 0 0 0 0 0 0 0 ' ,21 ,1 ,2, 2
132 ,129, 111, '105 93 99 101 100 96 95 102 97 92 97 85 93 104 87 95 91 97 105 91 ' ,'0 0 0 0 0 0 0 0 0 0 0 0 0 0 0 0 0 0 0 0 ' ,22 ,1 ,1, 1
152 ,124, 122, '90 103 115 124 94 95 90 89 101 91 89 87 94 108 95 90 96 93 94 87 ' ,'0 0 0 0 0 0 0 0 0 0 0 0 0 0 0 0 0 0 0 0 ' ,35 ,0 ,1, 1
178 ,143, 160, '95 93 96 98 91 94 104 98 84 89 93 97 102 119 90 86 96 101 128 92 ' ,'0 0 0 0 0 0 0 0 0 0 0 0 0 0 0 0 0 0 0 0 ' ,65 ,22 ,2, 2
150 ,172, 128, '102 96 97 99 92 86 94 118 90 82 84 89 99 102 87 100 93 102 97 87 ' ,'0 0 0 0 0 0 0 0 0 0 0 0 0 0 0 0 0 0 0 0 ' ,37 ,1 ,1, 1
137 ,140, 110, '83 92 97 92 86 92 82 90 99 86 92 91 95 92 95 86 86 93 92 86 ' ,'0 0 0 0 0 0 0 0 0 0 0 0 0 0 0 0 0 0 0 0 ' ,19 ,1 ,2, 2
132 ,118, 117, '97 87 106 96 97 86 80 87 83 88 91 82 97 109 99 82 87 89 107 89 ' ,'0 0 0 0 0 0 0 0 0 0 0 0 0 0 0 0 0 0 0 0 ' ,30 ,1 ,1, 1
148 ,124, 133, '94 94 100 88 90 81 86 96 102 94 79 87 96 92 84 84 87 85 89 114 ' ,'0 0 0 0 0 0 0 0 0 0 0 0 0 0 0 0 0 0 0 0 ' ,42 ,1 ,2, 2
133 ,141, 116, '93 90 109 83 87 83 83 87 83 96 83 81 91 95 88 90 87 102 84 88 ' ,'0 0 0 0 0 0 0 0 0 0 0 0 0 0 0 0 0 0 0 0 ' ,25 ,1 ,1, 1
123 ,126, 100, '78 79 80 77 85 84 80 85 78 84 81 77 85 81 91 88 82 77 78 80 ' ,'0 0 0 0 0 0 0 0 0 0 0 0 0 0 0 0 0 0 0 0 ' ,17 ,0 ,2, 2
212 ,114, 187, '116 79 92 74 84 76 77 90 77 84 88 80 83 86 87 90 81 81 82 84 ' ,'0 0 0 0 0 0 0 0 0 0 0 0 0 0 0 0 0 0 0 0 ' ,102 ,57 ,1, 1
123 ,196, 106, '83 87 93 87 83 81 82 95 91 84 96 84 94 94 87 92 89 83 88 87 ' ,'0 0 0 0 0 0 0 0 0 0 0 0 0 0 0 0 0 0 0 0 ' ,17 ,1 ,1, 1
167 ,114, 148, '95 87 92 106 86 92 85 136 106 88 88 80 96 98 101 90 87 110 94 91 ' ,'0 0 0 0 0 0 0 0 0 0 0 0 0 0 0 0 0 0 0 0 ' ,54 ,1 ,2, 2
156 ,159, 133, '90 90 95 115 98 89 95 99 111 104 99 88 105 112 123 88 101 101 106 106 ' ,'0 0 0 0 0 0 0 0 0 0 0 0 0 0 0 0 0 0 0 0 ' ,40 ,1 ,3, 3
151 ,149, 130, '91 97 94 103 94 108 97 106 101 97 98 94 100 116 101 100 98 105 102 92 ' ,'0 0 0 0 0 0 0 0 0 0 0 0 0 0 0 0 0 0 0 0 ' ,24 ,2 ,1, 1
144 ,142, 125, '96 94 101 97 94 96 94 115 97 101 97 94 106 93 92 103 93 101 104 94 ' ,'0 0 0 0 0 0 0 0 0 0 0 0 0 0 0 0 0 0 0 0 ' ,25 ,1 ,2, 2
136 ,135, 118, '102 97 110 95 101 100 93 97 97 97 97 94 97 96 90 100 98 92 105 88 ' ,'0 0 0 0 0 0 0 0 0 0 0 0 0 0 0 0 0 0 0 0 ' ,17 ,0 ,1, 1
140 ,128, 122, '106 93 109 91 95 97 90 100 100 110 102 90 111 91 94 97 98 99 104 95 ' ,'0 0 0 0 0 0 0 0 0 0 0 0 0 0 0 0 0 0 0 0 ' ,25 ,2 ,1, 1
172 ,132, 156, '98 96 109 92 99 97 98 98 90 114 143 94 113 98 102 145 95 97 101 100 ' ,'0 0 0 0 0 0 0 0 0 0 0 0 0 0 0 0 0 0 0 0 ' ,58 ,2 ,2, 2
171 ,164, 138, '92 89 92 99 91 87 96 103 100 92 131 93 94 104 104 139 96 104 101 95 ' ,'0 0 0 0 0 0 0 0 0 0 0 0 0 0 0 0 0 0 0 0 ' ,50 ,1 ,2, 2
162 ,159, 144, '126 95 95 91 98 98 102 88 128 92 134 88 95 88 90 85 93 97 125 94 ' ,'0 0 0 0 0 0 0 0 0 0 0 0 0 0 0 0 0 0 0 0 ' ,52 ,1 ,1, 1
151 ,153, 131, '87 87 90 96 96 82 83 87 101 85 83 78 88 115 85 95 82 87 103 90 ' ,'0 0 0 0 0 0 0 0 0 0 0 0 0 0 0 0 0 0 0 0 ' ,37 ,2 ,2, 2
120 ,142, 101, '84 79 81 84 84 82 80 83 82 86 86 78 74 86 80 84 81 83 82 88 ' ,'0 0 0 0 0 0 0 0 0 0 0 0 0 0 0 0 0 0 0 0 ' ,14 ,1 ,1, 1
129 ,111, 107, '76 83 91 98 84 80 79 81 82 77 82 80 77 95 84 93 76 79 96 77 ' ,'0 0 0 0 0 0 0 0 0 0 0 0 0 0 0 0 0 0 0 0 ' ,27 ,1 ,1, 1
133 ,119, 112, '83 82 93 105 89 83 82 84 91 92 84 80 98 85 83 92 77 102 102 87 ' ,'0 0 0 0 0 0 0 0 0 0 0 0 0 0 0 0 0 0 0 0 ' ,31 ,1 ,2, 2
125 ,125, 106, '93 90 87 89 90 90 86 81 91 88 91 79 86 84 89 95 94 93 86 92 ' ,'0 0 0 0 0 0 0 0 0 0 0 0 0 0 0 0 0 0 0 0 ' ,15 ,1 ,2, 2
129 ,116, 110, '89 85 87 87 88 91 85 91 102 92 98 87 82 88 88 89 81 91 85 81 ' ,'0 0 0 0 0 0 0 0 0 0 0 0 0 0 0 0 0 0 0 0 ' ,22 ,2 ,1, 1
133 ,120, 115, '89 90 89 101 104 91 89 97 100 104 87 89 86 92 96 103 94 92 108 90 ' ,'0 0 0 0 0 0 0 0 0 0 0 0 0 0 0 0 0 0 0 0 ' ,20 ,1 ,2, 2
143 ,125, 118, '101 100 91 105 94 95 100 93 99 89 107 99 92 104 94 98 88 102 98 90 ' ,'0 0 0 0 0 0 0 0 0 0 0 0 0 0 0 0 0 0 0 0 ' ,20 ,1 ,1, 1
148 ,127, 123, '101 100 102 113 96 94 88 93 104 100 89 95 88 109 98 95 90 113 102 97 ' ,'0 0 0 0 0 0 0 0 0 0 0 0 0 0 0 0 0 0 0 0 ' ,29 ,2 ,3, 3
157 ,134, 132, '95 97 105 113 111 99 96 98 92 110 98 89 109 100 95 110 95 116 97 118 ' ,'0 0 0 0 0 0 0 0 0 0 0 0 0 0 0 0 0 0 0 0 ' ,26 ,1 ,1, 1
130 ,142, 111, '91 89 98 93 85 93 84 88 95 93 99 85 89 96 93 104 91 100 94 93 ' ,'0 0 0 0 0 0 0 0 0 0 0 0 0 0 0 0 0 0 0 0 ' ,20 ,0 ,1, 1
147 ,122, 116, '88 80 86 85 95 91 85 82 81 91 97 92 84 88 81 89 86 90 93 88 ' ,'0 0 0 0 0 0 0 0 0 0 0 0 0 0 0 0 0 0 0 0 ' ,38 ,1 ,1, 1
141 ,139, 123, '92 85 85 96 86 86 86 78 78 86 77 91 74 96 88 88 92 86 84 107 ' ,'0 0 0 0 0 0 0 0 0 0 0 0 0 0 0 0 0 0 0 0 ' ,39 ,1 ,1, 1
152 ,133, 135, '82 80 124 88 98 86 83 83 86 88 89 83 84 112 83 82 82 100 82 90 ' ,'0 0 0 0 0 0 0 0 0 0 0 0 0 0 0 0 0 0 0 0 ' ,48 ,1 ,2, 2
120 ,143, 102, '85 84 92 90 87 79 78 79 88 89 85 85 74 92 80 90 81 81 83 80 ' ,'0 0 0 0 0 0 0 0 0 0 0 0 0 0 0 0 0 0 0 0 ' ,18 ,1 ,1, 1
128 ,112, 111, '86 89 94 98 87 82 78 91 81 86 85 84 83 88 85 97 81 101 87 84 ' ,'0 0 0 0 0 0 0 0 0 0 0 0 0 0 0 0 0 0 0 0 ' ,26 ,1 ,1, 1
128 ,120, 111, '90 89 86 92 86 83 88 87 99 82 89 88 81 89 95 87 86 88 96 84 ' ,'0 0 0 0 0 0 0 0 0 0 0 0 0 0 0 0 0 0 0 0 ' ,19 ,1 ,2, 2
128 ,118, 108, '94 84 100 100 89 86 83 85 83 91 92 85 82 86 90 89 91 88 87 88 ' ,'0 0 0 0 0 0 0 0 0 0 0 0 0 0 0 0 0 0 0 0 ' ,20 ,1 ,1, 1
135 ,121, 117, '86 90 85 96 94 97 86 84 89 86 95 85 85 105 88 95 92 89 94 94 ' ,'0 0 0 0 0 0 0 0 0 0 0 0 0 0 0 0 0 0 0 0 ' ,24 ,1 ,2, 2
140 ,128, 121, '86 97 86 94 100 89 91 98 111 99 93 86 93 103 93 97 85 101 98 90 ' ,'0 0 0 0 0 0 0 0 0 0 0 0 0 0 0 0 0 0 0 0 ' ,29 ,1 ,1, 1
146 ,130, 127, '95 96 95 117 95 107 98 92 102 95 101 88 91 105 90 100 88 94 93 109 ' ,'0 0 0 0 0 0 0 0 0 0 0 0 0 0 0 0 0 0 0 0 ' ,32 ,2 ,2, 2
137 ,138, 119, '96 97 98 106 112 95 92 99 101 102 107 94 102 100 105 100 88 95 103 99 ' ,'0 0 0 0 0 0 0 0 0 0 0 0 0 0 0 0 0 0 0 0 ' ,24 ,1 ,2, 2
151 ,127, 131, '97 100 99 103 101 102 96 107 108 101 101 97 96 121 96 117 90 98 115 93 ' ,'0 0 0 0 0 0 0 0 0 0 0 0 0 0 0 0 0 0 0 0 ' ,33 ,1 ,1, 1
147 ,144, 129, '111 94 102 115 97 100 98 104 107 95 105 91 96 106 95 105 93 111 121 93 ' ,'0 0 0 0 0 0 0 0 0 0 0 0 0 0 0 0 0 0 0 0 ' ,27 ,1 ,3, 3
135 ,138, 115, '88 103 99 100 101 95 93 87 97 92 93 93 90 100 87 109 91 102 98 97 ' ,'0 0 0 0 0 0 0 0 0 0 0 0 0 0 0 0 0 0 0 0 ' ,20 ,1 ,2, 2
133 ,125, 111, '88 92 97 97 90 97 89 85 90 90 87 88 92 92 84 94 93 98 87 92 ' ,'0 0 0 0 0 0 0 0 0 0 0 0 0 0 0 0 0 0 0 0 ' ,18 ,1 ,2, 2
133 ,121, 111, '82 89 87 88 95 98 77 89 97 101 88 77 79 92 79 84 91 96 99 96 ' ,'0 0 0 0 0 0 0 0 0 0 0 0 0 0 0 0 0 0 0 0 ' ,31 ,1 ,2, 2
127 ,124, 107, '84 85 77 87 85 84 85 73 81 86 85 68 90 84 87 94 75 90 91 91 ' ,'0 0 0 0 0 0 0 0 0 0 0 0 0 0 0 0 0 0 0 0 ' ,31 ,1 ,1, 1
127 ,119, 104, '83 76 84 89 83 88 85 86 97 86 82 80 81 85 77 88 72 93 91 80 ' ,'0 0 0 0 0 0 0 0 0 0 0 0 0 0 0 0 0 0 0 0 ' ,25 ,1 ,1, 1
125 ,118, 106, '84 81 91 94 91 89 81 88 93 88 75 80 90 87 86 86 86 95 83 83 ' ,'0 0 0 0 0 0 0 0 0 0 0 0 0 0 0 0 0 0 0 0 ' ,22 ,1 ,1, 1
142 ,115, 116, '85 85 87 86 94 84 81 90 83 82 86 87 82 85 86 102 81 98 83 86 ' ,'0 0 0 0 0 0 0 0 0 0 0 0 0 0 0 0 0 0 0 0 ' ,35 ,1 ,2, 2
147 ,136, 131, '93 86 105 98 98 83 90 104 117 85 109 87 95 109 96 90 86 88 103 98 ' ,'0 0 0 0 0 0 0 0 0 0 0 0 0 0 0 0 0 0 0 0 ' ,40 ,1 ,1, 1
166 ,138, 148, '103 86 95 96 95 89 88 94 136 96 90 90 97 104 111 93 86 96 115 96 ' ,'0 0 0 0 0 0 0 0 0 0 0 0 0 0 0 0 0 0 0 0 ' ,51 ,2 ,1, 1
136 ,157, 119, '89 90 97 100 109 88 98 99 106 97 93 100 90 109 97 88 91 89 97 93 ' ,'0 0 0 0 0 0 0 0 0 0 0 0 0 0 0 0 0 0 0 0 ' ,24 ,1 ,1, 1
138 ,128, 121, '95 90 100 94 96 105 90 94 91 91 92 93 89 101 98 94 88 99 113 86 ' ,'0 0 0 0 0 0 0 0 0 0 0 0 0 0 0 0 0 0 0 0 ' ,26 ,2 ,1, 1
138 ,129, 117, '89 91 100 101 99 93 96 93 105 94 99 95 95 101 101 93 87 97 100 95 ' ,'0 0 0 0 0 0 0 0 0 0 0 0 0 0 0 0 0 0 0 0 ' ,23 ,1 ,1, 1
154 ,130, 134, '103 96 104 107 109 97 105 95 101 102 102 93 105 104 107 100 94 121 109 104 ' ,'0 0 0 0 0 0 0 0 0 0 0 0 0 0 0 0 0 0 0 0 ' ,28 ,1 ,2, 2
148 ,144, 130, '102 99 105 104 97 97 104 93 103 100 95 95 95 120 100 98 97 101 115 96 ' ,'0 0 0 0 0 0 0 0 0 0 0 0 0 0 0 0 0 0 0 0 ' ,28 ,2 ,2, 2
140 ,140, 119, '99 91 105 112 102 98 94 92 93 99 106 89 91 100 97 97 99 97 105 98 ' ,'0 0 0 0 0 0 0 0 0 0 0 0 0 0 0 0 0 0 0 0 ' ,23 ,1 ,2, 2
139 ,132, 123, '92 102 90 110 91 86 96 85 91 92 94 92 89 101 89 93 94 107 103 89 ' ,'0 0 0 0 0 0 0 0 0 0 0 0 0 0 0 0 0 0 0 0 ' ,28 ,2 ,1, 1
129 ,132, 109, '79 86 91 82 90 80 83 80 80 90 84 83 92 87 84 82 86 95 79 96 ' ,'0 0 0 0 0 0 0 0 0 0 0 0 0 0 0 0 0 0 0 0 ' ,25 ,1 ,2, 2
122 ,122, 106, '88 87 81 94 85 79 80 80 89 77 81 80 76 92 81 86 80 81 89 81 ' ,'0 0 0 0 0 0 0 0 0 0 0 0 0 0 0 0 0 0 0 0 ' ,18 ,1 ,2, 2
132 ,115, 114, '85 87 95 80 93 100 86 87 81 84 84 102 92 87 83 91 81 90 86 88 ' ,'0 0 0 0 0 0 0 0 0 0 0 0 0 0 0 0 0 0 0 0 ' ,26 ,1 ,1, 1
139 ,124, 116, '84 82 90 85 82 83 81 85 94 82 86 78 82 88 81 93 89 83 108 84 ' ,'0 0 0 0 0 0 0 0 0 0 0 0 0 0 0 0 0 0 0 0 ' ,27 ,1 ,1, 1
118 ,125, 103, '88 79 84 78 84 81 87 85 84 87 88 78 85 85 89 93 81 82 84 90 ' ,'0 0 0 0 0 0 0 0 0 0 0 0 0 0 0 0 0 0 0 0 ' ,17 ,1 ,1, 1
125 ,111, 107, '82 87 88 88 85 78 81 87 94 81 82 81 81 97 81 94 87 82 85 84 ' ,'0 0 0 0 0 0 0 0 0 0 0 0 0 0 0 0 0 0 0 0 ' ,19 ,1 ,1, 1
124 ,117, 106, '90 83 92 91 89 79 82 89 90 82 85 82 87 94 83 85 81 97 83 86 ' ,'0 0 0 0 0 0 0 0 0 0 0 0 0 0 0 0 0 0 0 0 ' ,20 ,1 ,1, 1
133 ,116, 114, '87 82 88 88 92 83 89 88 97 89 82 89 86 105 101 88 86 91 98 91 ' ,'0 0 0 0 0 0 0 0 0 0 0 0 0 0 0 0 0 0 0 0 ' ,23 ,1 ,2, 1
130 ,124, 113, '91 89 90 90 95 86 88 99 97 92 88 85 86 92 99 103 90 92 94 87 ' ,'0 0 0 0 0 0 0 0 0 0 0 0 0 0 0 0 0 0 0 0 ' ,17 ,1 ,1, 1
130 ,121, 113, '84 92 93 101 90 84 96 101 95 89 91 91 86 106 94 94 100 94 92 85 ' ,'0 0 0 0 0 0 0 0 0 0 0 0 0 0 0 0 0 0 0 0 ' ,20 ,1 ,1, 1
166 ,123, 149, '96 91 97 98 128 96 99 99 97 98 92 94 92 97 102 107 90 101 101 114 ' ,'0 0 0 0 0 0 0 0 0 0 0 0 0 0 0 0 0 0 0 0 ' ,50 ,1 ,1, 1
156 ,158, 139, '96 100 107 109 116 93 103 99 128 103 98 97 102 106 111 90 96 101 119 101 ' ,'0 0 0 0 0 0 0 0 0 0 0 0 0 0 0 0 0 0 0 0 ' ,38 ,1 ,2, 2
137 ,149, 120, '88 92 93 104 99 90 92 92 97 101 93 90 87 102 93 89 96 109 106 98 ' ,'0 0 0 0 0 0 0 0 0 0 0 0 0 0 0 0 0 0 0 0 ' ,22 ,1 ,1, 1
148 ,131, 126, '88 84 87 91 87 88 103 88 118 84 90 100 91 107 83 97 89 93 107 93 ' ,'0 0 0 0 0 0 0 0 0 0 0 0 0 0 0 0 0 0 0 0 ' ,38 ,2 ,2, 2
153 ,137, 133, '104 85 78 83 83 83 85 120 86 89 98 79 105 86 86 92 83 111 88 90 ' ,'0 0 0 0 0 0 0 0 0 0 0 0 0 0 0 0 0 0 0 0 ' ,48 ,2 ,1, 1
143 ,143, 122, '82 75 88 90 87 91 74 84 89 80 90 76 106 96 84 87 76 112 101 87 ' ,'0 0 0 0 0 0 0 0 0 0 0 0 0 0 0 0 0 0 0 0 ' ,44 ,1 ,1, 1
136 ,134, 115, '90 84 94 89 89 81 79 82 97 103 83 75 76 92 80 82 84 95 82 86 ' ,'0 0 0 0 0 0 0 0 0 0 0 0 0 0 0 0 0 0 0 0 ' ,29 ,2 ,1, 1
166 ,129, 142, '81 128 100 92 87 79 84 93 97 77 86 84 81 80 85 90 89 91 82 83 ' ,'0 0 0 0 0 0 0 0 0 0 0 0 0 0 0 0 0 0 0 0 ' ,54 ,4 ,1, 1
123 ,159, 102, '91 87 82 91 80 85 83 81 98 80 78 85 80 82 82 93 79 86 88 86 ' ,'0 0 0 0 0 0 0 0 0 0 0 0 0 0 0 0 0 0 0 0 ' ,18 ,1 ,1, 1
154 ,114, 136, '89 80 87 116 87 83 82 92 90 84 85 90 78 124 86 91 81 90 82 90 ' ,'0 0 0 0 0 0 0 0 0 0 0 0 0 0 0 0 0 0 0 0 ' ,46 ,2 ,1, 1
141 ,145, 121, '86 98 86 95 87 84 113 95 96 88 96 86 92 87 82 98 97 85 90 88 ' ,'0 0 0 0 0 0 0 0 0 0 0 0 0 0 0 0 0 0 0 0 ' ,34 ,2 ,1, 1
134 ,133, 117, '91 87 89 103 93 84 86 97 95 98 87 87 87 98 100 101 93 106 96 89 ' ,'0 0 0 0 0 0 0 0 0 0 0 0 0 0 0 0 0 0 0 0 ' ,24 ,1 ,1, 1
130 ,127, 114, '91 97 89 99 94 89 93 99 107 92 88 96 89 94 99 95 87 92 94 87 ' ,'0 0 0 0 0 0 0 0 0 0 0 0 0 0 0 0 0 0 0 0 ' ,19 ,1 ,1, 1
141 ,124, 124, '90 90 101 103 97 94 98 108 92 94 103 93 88 96 101 96 89 103 106 97 ' ,'0 0 0 0 0 0 0 0 0 0 0 0 0 0 0 0 0 0 0 0 ' ,24 ,2 ,1, 1
171 ,132, 148, '91 137 93 91 108 100 93 96 96 93 91 132 96 99 102 93 91 103 91 90 ' ,'0 0 0 0 0 0 0 0 0 0 0 0 0 0 0 0 0 0 0 0 ' ,54 ,2 ,1, 1
137 ,160, 120, '95 90 95 107 100 95 97 93 104 102 96 94 96 96 103 108 96 104 98 97 ' ,'0 0 0 0 0 0 0 0 0 0 0 0 0 0 0 0 0 0 0 0 ' ,23 ,2 ,1, 1
155 ,129, 131, '110 108 96 101 92 96 100 91 120 97 94 94 109 106 96 94 94 94 106 94 ' ,'0 0 0 0 0 0 0 0 0 0 0 0 0 0 0 0 0 0 0 0 ' ,33 ,1 ,2, 2
167 ,145, 145, '99 93 105 131 101 110 97 90 128 102 107 94 94 123 98 98 102 100 93 92 ' ,'0 0 0 0 0 0 0 0 0 0 0 0 0 0 0 0 0 0 0 0 ' ,48 ,1 ,1, 1
137 ,278, 121, '92 91 95 110 97 93 95 83 106 89 106 97 99 94 91 92 101 100 104 92 ' ,'0 0 0 0 0 0 0 0 0 0 0 0 0 0 0 0 0 0 0 0 ' ,21 ,1 ,1, 1
131 ,129, 114, '85 97 92 93 97 94 87 88 88 88 92 84 93 96 86 92 91 102 92 91 ' ,'0 0 0 0 0 0 0 0 0 0 0 0 0 0 0 0 0 0 0 0 ' ,21 ,2 ,2, 2
134 ,123, 116, '87 86 85 93 83 94 79 90 95 83 82 83 83 101 80 81 89 82 104 89 ' ,'0 0 0 0 0 0 0 0 0 0 0 0 0 0 0 0 0 0 0 0 ' ,28 ,1 ,1, 1
152 ,123, 131, '85 80 86 86 94 89 78 81 90 85 77 92 93 87 112 76 78 116 107 92 ' ,'0 0 0 0 0 0 0 0 0 0 0 0 0 0 0 0 0 0 0 0 ' ,48 ,1 ,1, 1
129 ,139, 103, '87 82 85 87 87 86 88 88 90 90 88 81 81 84 82 95 80 91 81 85 ' ,'0 0 0 0 0 0 0 0 0 0 0 0 0 0 0 0 0 0 0 0 ' ,24 ,2 ,1, 1
126 ,121, 108, '83 84 89 86 86 80 82 90 91 84 96 78 86 95 82 86 82 86 83 79 ' ,'0 0 0 0 0 0 0 0 0 0 0 0 0 0 0 0 0 0 0 0 ' ,22 ,1 ,1, 1
127 ,118, 110, '88 93 85 83 84 90 88 93 101 84 86 88 87 86 89 90 86 94 81 84 ' ,'0 0 0 0 0 0 0 0 0 0 0 0 0 0 0 0 0 0 0 0 ' ,22 ,2 ,1, 1
151 ,116, 121, '92 102 88 98 95 84 100 94 111 93 97 89 84 95 93 89 88 93 100 89 ' ,'0 0 0 0 0 0 0 0 0 0 0 0 0 0 0 0 0 0 0 0 ' ,32 ,2 ,2, 2
146 ,134, 129, '97 99 110 95 100 94 94 100 122 109 102 92 92 115 115 97 88 110 111 99 ' ,'0 0 0 0 0 0 0 0 0 0 0 0 0 0 0 0 0 0 0 0 ' ,31 ,1 ,1, 1
138 ,140, 121, '98 97 94 102 90 92 97 104 108 92 100 104 94 96 90 103 101 93 101 91 ' ,'0 0 0 0 0 0 0 0 0 0 0 0 0 0 0 0 0 0 0 0 ' ,20 ,1 ,2, 2
138 ,129, 119, '96 96 90 105 99 96 91 97 102 94 108 100 94 100 105 105 101 102 99 102 ' ,'0 0 0 0 0 0 0 0 0 0 0 0 0 0 0 0 0 0 0 0 ' ,21 ,1 ,3, 3
167 ,129, 151, '102 140 95 104 96 97 99 104 111 94 96 97 93 113 91 112 101 98 101 99 ' ,'0 0 0 0 0 0 0 0 0 0 0 0 0 0 0 0 0 0 0 0 ' ,49 ,2 ,2, 2
144 ,160, 123, '107 104 102 95 105 100 109 103 96 100 98 103 100 102 94 101 101 106 97 108 ' ,'0 0 0 0 0 0 0 0 0 0 0 0 0 0 0 0 0 0 0 0 ' ,19 ,1 ,2, 2
181 ,134, 165, '112 101 100 112 99 153 100 99 103 107 135 102 95 112 96 118 110 102 110 101 ' ,'0 0 0 0 0 0 0 0 0 0 0 0 0 0 0 0 0 0 0 0 ' ,60 ,1 ,2, 1
182 ,172, 159, '140 103 100 107 99 99 94 107 105 102 151 96 99 98 99 95 98 110 104 120 ' ,'0 0 0 0 0 0 0 0 0 0 0 0 0 0 0 0 0 0 0 0 ' ,57 ,2 ,3, 3
240 ,176, 220, '188 98 99 93 103 92 95 114 96 93 198 97 105 113 87 159 105 111 101 102 ' ,'0 0 0 0 0 0 0 0 0 0 0 0 0 0 0 0 0 0 0 0 ' ,124 ,3 ,2, 2
171 ,230, 157, '90 90 101 97 109 134 104 90 89 97 130 94 94 103 88 93 97 104 87 95 ' ,'0 0 0 0 0 0 0 0 0 0 0 0 0 0 0 0 0 0 0 0 ' ,62 ,7 ,2, 2
167 ,162, 145, '99 95 100 85 91 113 84 86 87 96 108 85 92 88 90 84 91 95 102 87 ' ,'0 0 0 0 0 0 0 0 0 0 0 0 0 0 0 0 0 0 0 0 ' ,59 ,2 ,1, 1
130 ,163, 106, '91 96 94 90 80 85 84 82 87 88 82 88 85 82 85 94 86 86 95 82 ' ,'0 0 0 0 0 0 0 0 0 0 0 0 0 0 0 0 0 0 0 0 ' ,19 ,2 ,1, 1
124 ,114, 108, '92 94 88 84 78 85 84 90 93 91 91 85 82 97 84 93 85 79 91 86 ' ,'0 0 0 0 0 0 0 0 0 0 0 0 0 0 0 0 0 0 0 0 ' ,20 ,2 ,2, 2
144 ,115, 128, '89 77 84 85 82 80 80 99 89 79 79 79 85 76 83 83 79 83 78 79 ' ,'0 0 0 0 0 0 0 0 0 0 0 0 0 0 0 0 0 0 0 0 ' ,44 ,17 ,2, 2
126 ,135, 109, '92 87 88 91 86 89 86 87 88 84 79 81 90 92 89 87 81 82 90 87 ' ,'0 0 0 0 0 0 0 0 0 0 0 0 0 0 0 0 0 0 0 0 ' ,18 ,2 ,2, 2
149 ,117, 134, '98 89 91 118 89 91 93 95 126 93 89 99 90 85 91 89 86 96 83 105 ' ,'0 0 0 0 0 0 0 0 0 0 0 0 0 0 0 0 0 0 0 0 ' ,46 ,2 ,2, 2
160 ,143, 142, '87 94 118 97 89 124 101 107 93 91 99 96 96 91 98 131 89 92 86 86 ' ,'0 0 0 0 0 0 0 0 0 0 0 0 0 0 0 0 0 0 0 0 ' ,50 ,2 ,2, 2
167 ,153, 152, '130 95 136 90 96 88 102 94 94 92 87 96 129 97 95 138 90 91 96 101 ' ,'0 0 0 0 0 0 0 0 0 0 0 0 0 0 0 0 0 0 0 0 ' ,54 ,2 ,1, 1
199 ,158, 183, '109 96 138 95 107 108 98 141 105 98 96 100 102 107 99 105 100 90 96 102 ' ,'0 0 0 0 0 0 0 0 0 0 0 0 0 0 0 0 0 0 0 0 ' ,85 ,32 ,1, 1
153 ,191, 136, '98 119 103 108 99 97 99 95 114 100 95 101 109 114 121 99 94 115 115 111 ' ,'0 0 0 0 0 0 0 0 0 0 0 0 0 0 0 0 0 0 0 0 ' ,28 ,1 ,2, 2
148 ,144, 129, '89 89 110 101 93 95 89 91 87 94 95 96 93 114 88 98 92 103 108 102 ' ,'0 0 0 0 0 0 0 0 0 0 0 0 0 0 0 0 0 0 0 0 ' ,28 ,2 ,3, 3
139 ,139, 123, '88 90 89 90 92 111 81 90 82 90 93 87 92 92 88 98 93 95 93 93 ' ,'0 0 0 0 0 0 0 0 0 0 0 0 0 0 0 0 0 0 0 0 ' ,32 ,2 ,2, 2
320 ,129, 303, '91 83 82 117 95 87 82 82 100 89 95 86 80 96 83 86 85 87 99 86 ' ,'0 0 0 0 0 0 0 0 0 0 0 0 0 0 0 0 0 0 0 0 ' ,213 ,178 ,2, 2
129 ,311, 114, '96 87 102 82 89 90 88 91 76 88 84 82 87 85 93 90 91 89 82 91 ' ,'0 0 0 0 0 0 0 0 0 0 0 0 0 0 0 0 0 0 0 0 ' ,25 ,1 ,1, 1
133 ,120, 115, '83 87 89 87 91 97 81 80 82 100 84 84 83 94 87 93 90 90 86 92 ' ,'0 0 0 0 0 0 0 0 0 0 0 0 0 0 0 0 0 0 0 0 ' ,26 ,2 ,1, 1
143 ,126, 123, '84 88 108 81 105 95 96 87 81 99 85 95 91 93 86 93 96 93 100 89 ' ,'0 0 0 0 0 0 0 0 0 0 0 0 0 0 0 0 0 0 0 0 ' ,32 ,1 ,2, 2
151 ,134, 136, '86 87 84 116 90 91 79 88 82 83 118 86 94 84 81 88 85 83 82 82 ' ,'0 0 0 0 0 0 0 0 0 0 0 0 0 0 0 0 0 0 0 0 ' ,44 ,2 ,1, 1
159 ,142, 142, '83 83 90 97 88 85 78 84 133 90 93 79 99 81 86 93 86 95 115 85 ' ,'0 0 0 0 0 0 0 0 0 0 0 0 0 0 0 0 0 0 0 0 ' ,58 ,2 ,1, 1
193 ,150, 169, '81 85 102 109 84 81 82 93 128 91 85 88 84 76 90 87 94 89 109 81 ' ,'0 0 0 0 0 0 0 0 0 0 0 0 0 0 0 0 0 0 0 0 ' ,85 ,32 ,2, 2
125 ,178, 108, '86 90 89 83 86 84 88 87 88 86 88 86 88 82 88 89 94 85 99 82 ' ,'0 0 0 0 0 0 0 0 0 0 0 0 0 0 0 0 0 0 0 0 ' ,19 ,2 ,2, 2
145 ,116, 126, '85 86 87 104 87 95 90 97 86 105 85 81 88 104 85 87 89 92 86 110 ' ,'0 0 0 0 0 0 0 0 0 0 0 0 0 0 0 0 0 0 0 0 ' ,36 ,2 ,1, 1
140 ,137, 114, '97 86 90 86 82 95 81 106 94 83 87 86 90 91 80 92 83 95 83 88 ' ,'0 0 0 0 0 0 0 0 0 0 0 0 0 0 0 0 0 0 0 0 ' ,28 ,1 ,1, 1
142 ,125, 121, '99 86 84 98 95 108 83 93 92 81 90 85 83 86 87 90 87 84 96 81 ' ,'0 0 0 0 0 0 0 0 0 0 0 0 0 0 0 0 0 0 0 0 ' ,32 ,3 ,2, 2
124 ,136, 99, '97 81 95 91 90 86 81 88 84 83 87 85 83 81 78 87 82 84 86 86 ' ,'0 0 0 0 0 0 0 0 0 0 0 0 0 0 0 0 0 0 0 0 ' ,19 ,1 ,1, 1
219 ,116, 197, '83 119 86 110 87 81 140 100 100 88 92 91 79 103 81 85 97 84 91 92 ' ,'0 0 0 0 0 0 0 0 0 0 0 0 0 0 0 0 138 0 0 0 ' ,114 ,1 ,1, 1
156 ,210, 125, '91 88 88 88 109 116 90 95 88 88 111 86 89 94 97 89 84 93 90 99 ' ,'0 0 0 0 0 0 0 0 0 0 0 0 0 0 0 0 0 0 0 0 ' ,38 ,2 ,1, 1
138 ,221, 122, '101 100 89 98 106 95 97 96 94 98 105 98 95 101 109 96 105 104 105 99 ' ,'0 0 0 0 0 0 0 0 0 0 0 0 0 0 0 0 0 0 0 0 ' ,22 ,1 ,2, 2
229 ,129, 213, '97 98 98 102 104 101 104 100 102 104 112 98 105 113 97 98 100 111 102 95 ' ,'0 0 0 0 0 0 0 0 0 0 0 0 0 0 0 0 0 0 0 0 ' ,108 ,2 ,3, 3
191 ,221, 159, '98 94 112 99 157 113 103 109 119 141 105 97 99 103 95 104 102 96 100 97 ' ,'0 0 0 0 0 0 0 0 0 0 0 0 0 0 0 0 0 0 0 0 ' ,66 ,2 ,1, 1
174 ,179, 150, '90 98 80 97 138 105 93 86 93 98 111 91 95 101 84 106 96 88 93 93 ' ,'0 0 0 0 0 0 0 0 0 0 0 0 0 0 0 0 0 0 0 0 ' ,59 ,2 ,2, 2
156 ,157, 141, '81 93 80 88 80 86 84 86 82 97 89 87 86 89 93 93 87 97 86 124 ' ,'0 0 0 0 0 0 0 0 0 0 0 0 0 0 0 0 0 0 0 0 ' ,48 ,2 ,1, 1
155 ,147, 138, '110 87 78 89 87 86 84 82 85 80 90 86 87 128 82 97 89 96 121 89 ' ,'0 0 0 0 0 0 0 0 0 0 0 0 0 0 0 0 0 0 0 0 ' ,51 ,1 ,2, 2
132 ,145, 111, '84 86 83 93 83 88 89 86 88 88 85 89 86 99 82 106 89 96 90 88 ' ,'0 0 0 0 0 0 0 0 0 0 0 0 0 0 0 0 0 0 0 0 ' ,22 ,1 ,1, 1
136 ,124, 113, '81 89 79 94 94 102 89 84 87 98 99 86 83 85 85 91 85 90 95 96 ' ,'0 0 0 0 0 0 0 0 0 0 0 0 0 0 0 0 0 0 0 0 ' ,26 ,2 ,1, 1
132 ,128, 111, '87 99 84 88 91 100 85 91 102 87 91 85 98 89 90 97 86 87 95 95 ' ,'0 0 0 0 0 0 0 0 0 0 0 0 0 0 0 0 0 0 0 0 ' ,25 ,1 ,1, 1
128 ,124, 112, '87 87 78 87 74 90 97 82 92 83 88 87 85 86 77 102 81 79 86 80 ' ,'0 0 0 0 0 0 0 0 0 0 0 0 0 0 0 0 0 0 0 0 ' ,29 ,2 ,1, 1
127 ,120, 111, '84 82 81 80 100 92 78 85 74 81 88 84 85 83 77 91 80 82 79 86 ' ,'0 0 0 0 0 0 0 0 0 0 0 0 0 0 0 0 0 0 0 0 ' ,29 ,1 ,1, 1
124 ,118, 107, '86 85 76 86 84 91 90 87 94 86 86 89 81 84 84 88 84 82 88 85 ' ,'0 0 0 0 0 0 0 0 0 0 0 0 0 0 0 0 0 0 0 0 ' ,22 ,1 ,1, 1
203 ,115, 186, '103 111 90 96 103 96 137 95 109 94 96 99 95 82 89 97 108 105 93 94 ' ,'0 0 0 0 0 0 167 139 0 0 0 182 0 0 0 0 0 0 0 0 ' ,94 ,2 ,2, 2
139 ,194, 121, '100 95 87 90 100 102 106 99 97 100 100 100 106 93 88 98 101 104 97 106 ' ,'0 0 0 0 0 0 0 0 0 0 0 0 0 0 0 0 0 0 0 0 ' ,26 ,1 ,1, 1
144 ,133, 125, '100 100 95 92 107 97 100 104 104 101 111 98 100 93 101 95 100 108 118 110 ' ,'0 0 0 0 0 0 0 0 0 0 0 0 0 0 0 0 0 0 0 0 ' ,26 ,2 ,3, 3
150 ,133, 134, '98 104 94 108 102 106 101 116 117 100 108 105 99 101 93 104 101 110 128 108 ' ,'0 0 0 0 0 0 0 0 0 0 0 0 0 0 0 0 0 0 0 0 ' ,32 ,1 ,1, 1
158 ,142, 138, '98 101 95 98 103 105 101 98 95 101 111 106 99 100 97 99 104 107 96 106 ' ,'0 0 0 0 0 0 0 0 0 0 0 0 0 0 0 0 0 0 0 0 ' ,34 ,2 ,3, 3
147 ,150, 132, '96 109 93 98 120 103 112 94 92 104 97 105 97 102 98 114 102 98 100 103 ' ,'0 0 0 0 0 0 0 0 0 0 0 0 0 0 0 0 0 0 0 0 ' ,31 ,1 ,1, 1
138 ,139, 122, '83 91 90 84 88 98 96 91 78 96 85 93 108 89 91 99 103 102 89 91 ' ,'0 0 0 0 0 0 0 0 0 0 0 0 0 0 0 0 0 0 0 0 ' ,31 ,2 ,2, 2
180 ,128, 163, '88 95 87 136 90 91 92 86 143 89 88 92 90 152 86 100 94 109 131 90 ' ,'0 0 0 0 0 0 0 0 0 0 0 0 0 0 0 0 0 0 0 0 ' ,67 ,2 ,2, 2
129 ,172, 114, '87 92 88 87 95 96 88 82 96 89 88 91 84 97 87 103 98 89 102 90 ' ,'0 0 0 0 0 0 0 0 0 0 0 0 0 0 0 0 0 0 0 0 ' ,24 ,2 ,1, 1
126 ,123, 110, '80 92 79 96 84 88 97 86 79 86 83 89 85 89 83 100 88 85 94 90 ' ,'0 0 0 0 0 0 0 0 0 0 0 0 0 0 0 0 0 0 0 0 ' ,22 ,1 ,1, 1
133 ,118, 116, '83 90 85 84 105 91 85 100 81 98 88 94 86 92 95 97 86 97 84 89 ' ,'0 0 0 0 0 0 0 0 0 0 0 0 0 0 0 0 0 0 0 0 ' ,28 ,1 ,1, 1
143 ,127, 127, '78 91 82 92 81 85 88 107 108 95 83 91 87 80 82 92 89 89 95 92 ' ,'0 0 0 0 0 0 0 0 0 0 0 0 0 0 0 0 0 0 0 0 ' ,32 ,3 ,2, 2
126 ,135, 106, '77 88 85 87 83 91 85 94 85 88 89 85 76 85 81 96 86 79 93 85 ' ,'0 0 0 0 0 0 0 0 0 0 0 0 0 0 0 0 0 0 0 0 ' ,20 ,2 ,1, 1
128 ,114, 112, '85 88 82 87 97 95 95 98 91 85 88 85 87 82 82 101 89 86 97 84 ' ,'0 0 0 0 0 0 0 0 0 0 0 0 0 0 0 0 0 0 0 0 ' ,22 ,1 ,1, 1
141 ,120, 123, '81 93 92 92 81 81 89 85 108 81 82 89 82 113 76 90 87 89 105 94 ' ,'0 0 0 0 0 0 0 0 0 0 0 0 0 0 0 0 0 0 0 0 ' ,39 ,2 ,1, 1
131 ,132, 113, '84 91 82 78 84 81 89 102 85 84 89 95 84 80 79 90 86 85 82 83 ' ,'0 0 0 0 0 0 0 0 0 0 0 0 0 0 0 0 0 0 0 0 ' ,27 ,3 ,1, 1
133 ,123, 116, '92 89 87 90 100 84 101 91 94 96 81 96 81 89 92 95 88 106 99 99 ' ,'0 0 0 0 0 0 0 0 0 0 0 0 0 0 0 0 0 0 0 0 ' ,28 ,1 ,2, 2
164 ,126, 148, '97 96 94 96 103 90 106 107 90 96 90 100 96 93 91 105 100 107 90 91 ' ,'0 0 0 0 0 0 0 0 0 0 0 0 0 0 0 0 0 0 0 0 ' ,54 ,1 ,1, 1
136 ,157, 120, '108 106 89 96 91 107 101 94 97 90 98 98 95 96 89 101 95 95 102 91 ' ,'0 0 0 0 0 0 0 0 0 0 0 0 0 0 0 0 0 0 0 0 ' ,22 ,2 ,1, 1
145 ,128, 128, '100 95 98 106 98 103 98 100 112 91 94 105 105 98 98 102 100 116 110 99 ' ,'0 0 0 0 0 0 0 0 0 0 0 0 0 0 0 0 0 0 0 0 ' ,25 ,2 ,1, 1
152 ,140, 136, '94 121 91 101 108 93 106 106 101 101 99 104 111 97 105 96 114 102 96 109 ' ,'0 0 0 0 0 0 0 0 0 0 0 0 0 0 0 0 0 0 0 0 ' ,38 ,2 ,1, 1
140 ,144, 125, '103 100 99 98 101 108 103 99 100 100 94 102 102 107 101 108 96 113 114 104 ' ,'0 0 0 0 0 0 0 0 0 0 0 0 0 0 0 0 0 0 0 0 ' ,21 ,1 ,1, 1
142 ,133, 126, '99 106 91 107 98 105 102 97 115 109 95 104 99 108 99 97 106 109 106 103 ' ,'0 0 0 0 0 0 0 0 0 0 0 0 0 0 0 0 0 0 0 0 ' ,26 ,2 ,1, 1
150 ,134, 134, '106 107 107 100 101 105 105 94 108 107 107 112 105 100 116 101 112 123 101 108 ' ,'0 0 0 0 0 0 0 0 0 0 0 0 0 0 0 0 0 0 0 0 ' ,32 ,2 ,2, 2
149 ,142, 133, '101 103 97 117 104 101 102 101 106 111 97 105 103 120 105 105 98 114 116 116 ' ,'0 0 0 0 0 0 0 0 0 0 0 0 0 0 0 0 0 0 0 0 ' ,27 ,2 ,2, 2
148 ,143, 133, '109 100 98 102 97 104 100 93 124 95 94 108 101 114 101 97 100 100 102 98 ' ,'0 0 0 0 0 0 0 0 0 0 0 0 0 0 0 0 0 0 0 0 ' ,31 ,1 ,1, 1
239 ,142, 224, '89 96 95 95 94 91 91 90 98 94 87 92 100 100 89 106 92 100 98 209 ' ,'0 0 0 0 0 0 0 0 0 0 0 0 0 0 0 0 0 0 0 0 ' ,125 ,2 ,3, 2
130 ,230, 116, '83 97 85 103 90 97 91 95 81 88 83 87 87 96 90 96 86 87 83 86 ' ,'0 0 0 0 0 0 0 0 0 0 0 0 0 0 0 0 0 0 0 0 ' ,30 ,2 ,1, 1
122 ,125, 107, '80 85 85 80 92 84 92 90 82 85 77 80 85 82 85 86 79 89 84 84 ' ,'0 0 0 0 0 0 0 0 0 0 0 0 0 0 0 0 0 0 0 0 ' ,23 ,2 ,1, 1
127 ,115, 111, '91 85 82 85 79 83 87 84 81 82 84 88 90 88 100 95 83 85 97 79 ' ,'0 0 0 0 0 0 0 0 0 0 0 0 0 0 0 0 0 0 0 0 ' ,24 ,3 ,1, 1
131 ,120, 115, '82 99 99 91 90 92 82 103 89 95 80 88 83 90 105 86 84 92 93 88 ' ,'0 0 0 0 0 0 0 0 0 0 0 0 0 0 0 0 0 0 0 0 ' ,27 ,1 ,1, 1
133 ,124, 116, '91 87 86 84 84 94 87 97 94 86 87 95 80 81 83 94 86 89 86 84 ' ,'0 0 0 0 0 0 0 0 0 0 0 0 0 0 0 0 0 0 0 0 ' ,27 ,3 ,2, 2
