225 ,0, 136, '69 76 71 76 ' ,'0 0 0 0 ' ,21 ,6 ,8, 8
439 ,163, 416, '385 382 374 391 ' ,'0 0 0 0 ' ,20 ,1 ,8, 8
1490 ,426, 412, '351 351 383 370 ' ,'0 0 0 0 ' ,40 ,1 ,8, 8
509 ,424, 442, '368 372 416 390 ' ,'0 0 0 0 ' ,49 ,1 ,8, 8
494 ,498, 478, '411 407 444 401 ' ,'0 0 0 0 ' ,46 ,2 ,9, 9
484 ,485, 461, '436 422 433 429 ' ,'0 0 0 0 ' ,19 ,2 ,7, 7
467 ,474, 450, '424 404 408 412 ' ,'0 0 0 0 ' ,20 ,2 ,10, 10
468 ,456, 452, '408 391 408 423 ' ,'0 0 0 0 ' ,40 ,4 ,9, 9
425 ,458, 408, '382 364 368 386 ' ,'0 0 0 0 ' ,22 ,3 ,9, 9
400 ,413, 384, '346 344 346 352 ' ,'0 0 0 0 ' ,16 ,7 ,8, 8
398 ,389, 377, '332 334 328 349 ' ,'0 0 0 0 ' ,30 ,7 ,8, 8
401 ,386, 386, '349 336 360 358 ' ,'0 0 0 0 ' ,28 ,2 ,7, 7
419 ,395, 402, '384 350 338 360 ' ,'0 0 0 0 ' ,41 ,0 ,8, 8
426 ,407, 411, '386 374 375 381 ' ,'0 0 0 0 ' ,20 ,2 ,9, 9
467 ,417, 450, '403 398 395 430 ' ,'0 0 0 0 ' ,37 ,1 ,9, 9
499 ,457, 482, '461 412 412 418 ' ,'0 0 0 0 ' ,54 ,1 ,9, 9
504 ,490, 486, '420 415 439 467 ' ,'0 0 0 0 ' ,56 ,2 ,9, 9
494 ,495, 479, '431 431 459 451 ' ,'0 0 0 0 ' ,33 ,2 ,9, 9
486 ,486, 470, '415 407 450 429 ' ,'0 0 0 0 ' ,46 ,1 ,11, 11
484 ,476, 469, '451 405 408 407 ' ,'0 0 0 0 ' ,43 ,1 ,10, 10
474 ,474, 459, '422 424 438 438 ' ,'0 0 0 0 ' ,19 ,1 ,10, 10
511 ,464, 494, '477 420 416 427 ' ,'0 0 0 0 ' ,62 ,1 ,8, 8
468 ,502, 454, '396 400 397 395 ' ,'0 0 0 0 ' ,42 ,0 ,9, 9
438 ,459, 420, '388 402 394 387 ' ,'0 0 0 0 ' ,18 ,2 ,7, 7
452 ,431, 438, '389 391 388 384 ' ,'0 0 0 0 ' ,35 ,27 ,9, 9
452 ,443, 436, '400 390 421 392 ' ,'0 0 0 0 ' ,33 ,2 ,6, 6
416 ,444, 400, '359 367 365 386 ' ,'0 0 0 0 ' ,24 ,1 ,7, 7
397 ,406, 379, '357 362 356 363 ' ,'0 0 0 0 ' ,8 ,1 ,8, 8
426 ,388, 410, '354 356 391 359 ' ,'0 0 0 0 ' ,40 ,1 ,8, 8
463 ,416, 447, '366 359 361 392 ' ,'0 0 0 0 ' ,71 ,40 ,9, 9
438 ,452, 421, '384 376 377 405 ' ,'0 0 0 0 ' ,28 ,1 ,8, 8
462 ,427, 435, '382 382 416 396 ' ,'0 0 0 0 ' ,38 ,2 ,8, 8
440 ,441, 423, '396 399 394 395 ' ,'0 0 0 0 ' ,9 ,2 ,12, 11
463 ,429, 445, '423 408 419 420 ' ,'0 0 0 0 ' ,19 ,1 ,11, 11
505 ,452, 489, '437 427 447 438 ' ,'0 0 0 0 ' ,43 ,21 ,11, 11
509 ,497, 492, '441 456 473 454 ' ,'0 0 0 0 ' ,32 ,1 ,8, 8
491 ,499, 476, '431 423 446 457 ' ,'0 0 0 0 ' ,36 ,1 ,10, 10
501 ,481, 484, '422 421 424 465 ' ,'0 0 0 0 ' ,46 ,2 ,10, 10
507 ,490, 492, '438 435 473 448 ' ,'0 0 0 0 ' ,41 ,2 ,8, 8
464 ,500, 449, '422 428 431 426 ' ,'0 0 0 0 ' ,9 ,1 ,9, 9
480 ,454, 464, '431 424 435 443 ' ,'0 0 0 0 ' ,21 ,1 ,12, 12
476 ,469, 461, '421 428 439 429 ' ,'0 0 0 0 ' ,22 ,2 ,10, 10
491 ,466, 475, '400 394 454 413 ' ,'0 0 0 0 ' ,63 ,2 ,10, 10
448 ,481, 432, '387 387 411 392 ' ,'0 0 0 0 ' ,28 ,2 ,9, 9
460 ,438, 445, '380 388 425 382 ' ,'0 0 0 0 ' ,47 ,2 ,8, 8
442 ,452, 423, '375 388 403 394 ' ,'0 0 0 0 ' ,31 ,2 ,8, 8
401 ,431, 383, '347 351 365 351 ' ,'0 0 0 0 ' ,18 ,1 ,8, 8
404 ,391, 386, '363 350 364 356 ' ,'0 0 0 0 ' ,20 ,2 ,8, 8
434 ,393, 416, '376 369 374 397 ' ,'0 0 0 0 ' ,30 ,2 ,9, 9
460 ,421, 443, '423 374 384 379 ' ,'0 0 0 0 ' ,50 ,2 ,9, 9
439 ,449, 423, '398 390 391 398 ' ,'0 0 0 0 ' ,15 ,3 ,9, 9
484 ,429, 466, '420 405 444 407 ' ,'0 0 0 0 ' ,44 ,1 ,11, 11
498 ,473, 478, '441 424 455 429 ' ,'0 0 0 0 ' ,32 ,1 ,11, 11
486 ,483, 468, '441 440 445 447 ' ,'0 0 0 0 ' ,9 ,1 ,10, 10
481 ,474, 464, '437 438 444 442 ' ,'0 0 0 0 ' ,8 ,1 ,9, 9
498 ,471, 481, '452 443 458 450 ' ,'0 0 0 0 ' ,16 ,1 ,10, 10
508 ,486, 492, '453 445 470 458 ' ,'0 0 0 0 ' ,25 ,1 ,10, 10
527 ,498, 512, '455 467 490 447 ' ,'0 0 0 0 ' ,48 ,1 ,9, 9
494 ,518, 477, '446 442 458 453 ' ,'0 0 0 0 ' ,18 ,1 ,7, 7
474 ,486, 459, '424 421 435 436 ' ,'0 0 0 0 ' ,13 ,1 ,12, 12
448 ,464, 432, '387 396 406 412 ' ,'0 0 0 0 ' ,24 ,1 ,8, 8
440 ,438, 424, '362 370 402 379 ' ,'0 0 0 0 ' ,43 ,2 ,9, 9
419 ,429, 402, '380 372 381 376 ' ,'0 0 0 0 ' ,7 ,0 ,10, 10
422 ,408, 404, '383 371 380 377 ' ,'0 0 0 0 ' ,14 ,1 ,9, 9
421 ,409, 402, '370 377 377 385 ' ,'0 0 0 0 ' ,14 ,1 ,9, 9
426 ,410, 405, '384 374 382 367 ' ,'0 0 0 0 ' ,20 ,1 ,8, 8
444 ,416, 428, '387 371 405 388 ' ,'0 0 0 0 ' ,38 ,1 ,9, 9
429 ,433, 413, '385 393 381 385 ' ,'0 0 0 0 ' ,11 ,0 ,9, 9
429 ,417, 409, '384 365 363 390 ' ,'0 0 0 0 ' ,26 ,1 ,8, 8
453 ,420, 437, '390 393 414 412 ' ,'0 0 0 0 ' ,26 ,1 ,8, 8
476 ,442, 460, '409 407 437 429 ' ,'0 0 0 0 ' ,31 ,1 ,10, 10
505 ,465, 489, '468 429 436 451 ' ,'0 0 0 0 ' ,42 ,1 ,8, 8
489 ,498, 474, '419 415 446 419 ' ,'0 0 0 0 ' ,38 ,2 ,10, 10
445 ,480, 429, '396 406 406 396 ' ,'0 0 0 0 ' ,13 ,1 ,8, 8
468 ,436, 452, '378 393 426 376 ' ,'0 0 0 0 ' ,57 ,1 ,9, 9
457 ,458, 434, '411 375 415 405 ' ,'0 0 0 0 ' ,40 ,0 ,6, 6
421 ,448, 404, '374 374 376 384 ' ,'0 0 0 0 ' ,9 ,1 ,9, 9
453 ,409, 438, '381 389 414 375 ' ,'0 0 0 0 ' ,46 ,1 ,9, 9
442 ,443, 426, '390 392 404 392 ' ,'0 0 0 0 ' ,19 ,2 ,7, 7
462 ,433, 447, '386 383 423 391 ' ,'0 0 0 0 ' ,42 ,1 ,10, 10
436 ,452, 420, '389 384 398 382 ' ,'0 0 0 0 ' ,20 ,1 ,9, 9
429 ,425, 412, '387 385 381 390 ' ,'0 0 0 0 ' ,12 ,1 ,8, 8
449 ,418, 433, '411 390 403 393 ' ,'0 0 0 0 ' ,22 ,1 ,9, 9
454 ,438, 437, '415 404 398 400 ' ,'0 0 0 0 ' ,20 ,2 ,7, 7
483 ,445, 465, '420 411 442 428 ' ,'0 0 0 0 ' ,35 ,1 ,9, 9
467 ,471, 450, '417 426 422 420 ' ,'0 0 0 0 ' ,11 ,1 ,10, 10
473 ,456, 458, '434 423 425 423 ' ,'0 0 0 0 ' ,17 ,1 ,9, 9
493 ,464, 478, '431 443 450 458 ' ,'0 0 0 0 ' ,22 ,1 ,11, 11
483 ,484, 468, '426 426 420 446 ' ,'0 0 0 0 ' ,28 ,2 ,10, 10
481 ,474, 466, '439 402 397 403 ' ,'0 0 0 0 ' ,43 ,1 ,10, 10
443 ,471, 428, '398 404 386 396 ' ,'0 0 0 0 ' ,20 ,1 ,10, 10
410 ,433, 396, '372 379 370 382 ' ,'0 0 0 0 ' ,8 ,1 ,5, 5
445 ,405, 429, '401 408 390 391 ' ,'0 0 0 0 ' ,20 ,1 ,7, 7
453 ,437, 438, '387 413 391 397 ' ,'0 0 0 0 ' ,26 ,2 ,7, 7
454 ,445, 435, '393 387 412 382 ' ,'0 0 0 0 ' ,33 ,2 ,9, 9
436 ,444, 419, '386 398 389 383 ' ,'0 0 0 0 ' ,18 ,1 ,9, 9
435 ,425, 420, '393 393 398 402 ' ,'0 0 0 0 ' ,9 ,1 ,6, 6
446 ,428, 431, '389 389 407 379 ' ,'0 0 0 0 ' ,33 ,2 ,9, 9
440 ,436, 422, '404 389 385 403 ' ,'0 0 0 0 ' ,20 ,1 ,5, 5
464 ,433, 448, '413 397 399 428 ' ,'0 0 0 0 ' ,27 ,1 ,9, 9
507 ,453, 490, '463 413 414 431 ' ,'0 0 0 0 ' ,55 ,2 ,9, 9
472 ,498, 457, '434 429 433 435 ' ,'0 0 0 0 ' ,8 ,1 ,8, 8
506 ,463, 488, '459 444 450 463 ' ,'0 0 0 0 ' ,21 ,1 ,10, 10
508 ,494, 486, '449 443 449 464 ' ,'0 0 0 0 ' ,21 ,1 ,11, 11
496 ,499, 482, '443 459 454 460 ' ,'0 0 0 0 ' ,18 ,1 ,8, 8
530 ,490, 514, '459 452 489 456 ' ,'0 0 0 0 ' ,38 ,1 ,10, 10
487 ,519, 472, '440 442 442 443 ' ,'0 0 0 0 ' ,7 ,1 ,8, 8
490 ,480, 473, '422 448 438 441 ' ,'0 0 0 0 ' ,27 ,1 ,11, 11
486 ,479, 472, '423 427 423 454 ' ,'0 0 0 0 ' ,29 ,2 ,6, 6
458 ,479, 442, '398 397 411 421 ' ,'0 0 0 0 ' ,22 ,2 ,10, 10
449 ,447, 434, '401 398 397 402 ' ,'0 0 0 0 ' ,11 ,1 ,9, 9
488 ,441, 471, '445 392 408 430 ' ,'0 0 0 0 ' ,56 ,1 ,9, 9
473 ,476, 450, '399 398 421 422 ' ,'0 0 0 0 ' ,31 ,2 ,8, 8
950 ,457, 934, '390 390 397 912 ' ,'0 0 0 0 ' ,524 ,1 ,7, 7
463 ,941, 444, '388 392 387 427 ' ,'0 0 0 0 ' ,35 ,1 ,9, 8
993 ,450, 977, '405 395 950 418 ' ,'0 0 535 0 ' ,558 ,2 ,9, 9
441 ,982, 424, '383 386 400 381 ' ,'0 0 0 0 ' ,24 ,1 ,8, 8
467 ,434, 450, '397 391 428 386 ' ,'0 0 0 0 ' ,48 ,1 ,5, 5
448 ,460, 432, '411 395 406 405 ' ,'0 0 0 0 ' ,14 ,1 ,7, 7
504 ,438, 487, '401 406 415 426 ' ,'0 553 0 0 ' ,65 ,1 ,9, 9
753 ,493, 738, '421 411 441 411 ' ,'607 0 0 0 ' ,308 ,2 ,10, 10
519 ,743, 504, '436 449 477 461 ' ,'0 0 0 0 ' ,46 ,1 ,10, 10
502 ,510, 486, '457 442 450 432 ' ,'0 0 0 0 ' ,34 ,2 ,11, 11
508 ,493, 492, '462 451 466 455 ' ,'0 0 0 0 ' ,15 ,0 ,11, 11
510 ,499, 494, '456 436 465 459 ' ,'0 0 0 0 ' ,36 ,1 ,12, 12
500 ,499, 484, '415 413 431 465 ' ,'0 0 0 0 ' ,50 ,1 ,7, 7
488 ,492, 469, '410 418 440 438 ' ,'0 0 0 0 ' ,35 ,2 ,10, 10
483 ,475, 467, '418 413 424 445 ' ,'0 0 0 0 ' ,30 ,2 ,10, 10
483 ,472, 466, '407 425 438 439 ' ,'0 0 0 0 ' ,37 ,2 ,8, 8
465 ,473, 449, '422 418 399 415 ' ,'0 0 0 0 ' ,27 ,2 ,7, 7
453 ,455, 438, '401 412 412 407 ' ,'0 0 0 0 ' ,15 ,1 ,9, 9
477 ,443, 456, '412 407 429 409 ' ,'0 0 0 0 ' ,33 ,2 ,9, 9
445 ,466, 429, '402 376 400 377 ' ,'0 0 0 0 ' ,31 ,2 ,8, 8
447 ,435, 431, '393 385 406 396 ' ,'0 0 0 0 ' ,24 ,1 ,6, 6
506 ,438, 491, '465 402 413 423 ' ,'0 0 0 0 ' ,67 ,2 ,7, 7
523 ,498, 505, '480 428 440 471 ' ,'0 0 0 0 ' ,55 ,2 ,10, 10
496 ,510, 481, '453 437 456 462 ' ,'0 0 0 0 ' ,25 ,1 ,7, 6
568 ,491, 553, '509 459 522 465 ' ,'0 0 0 0 ' ,65 ,2 ,12, 12
516 ,558, 499, '460 456 466 474 ' ,'0 0 0 0 ' ,21 ,1 ,9, 9
515 ,505, 498, '453 455 446 477 ' ,'0 0 0 0 ' ,29 ,2 ,9, 9
491 ,505, 475, '450 444 447 438 ' ,'0 0 0 0 ' ,19 ,1 ,6, 6
537 ,485, 516, '487 443 489 445 ' ,'0 0 0 0 ' ,52 ,1 ,9, 9
610 ,529, 518, '490 451 442 447 ' ,'0 0 0 0 ' ,47 ,1 ,10, 10
478 ,602, 461, '429 439 425 436 ' ,'0 0 0 0 ' ,15 ,0 ,9, 9
437 ,469, 421, '392 392 394 389 ' ,'0 0 0 0 ' ,9 ,1 ,5, 5
437 ,431, 419, '386 386 383 377 ' ,'0 0 0 0 ' ,21 ,1 ,9, 9
438 ,425, 422, '390 385 401 380 ' ,'0 0 0 0 ' ,25 ,1 ,5, 5
437 ,432, 422, '391 390 389 395 ' ,'0 0 0 0 ' ,9 ,1 ,7, 7
502 ,429, 487, '420 409 458 414 ' ,'0 0 0 0 ' ,52 ,2 ,8, 8
478 ,493, 461, '433 421 419 429 ' ,'0 0 0 0 ' ,13 ,1 ,10, 10
499 ,465, 477, '436 446 444 444 ' ,'0 0 0 0 ' ,10 ,1 ,10, 10
534 ,483, 519, '488 444 488 456 ' ,'0 0 0 0 ' ,51 ,1 ,8, 8
540 ,526, 524, '495 442 464 458 ' ,'0 0 0 0 ' ,56 ,2 ,9, 9
511 ,531, 495, '456 450 462 474 ' ,'0 0 0 0 ' ,18 ,1 ,10, 10
486 ,502, 471, '440 419 427 436 ' ,'0 0 0 0 ' ,28 ,2 ,11, 11
481 ,475, 465, '436 410 412 415 ' ,'0 0 0 0 ' ,28 ,2 ,9, 9
441 ,470, 425, '385 385 388 405 ' ,'0 0 0 0 ' ,15 ,1 ,8, 8
461 ,430, 447, '372 392 417 378 ' ,'0 0 0 0 ' ,47 ,2 ,8, 8
486 ,452, 470, '442 393 397 387 ' ,'0 0 0 0 ' ,64 ,1 ,8, 8
451 ,475, 436, '402 401 406 398 ' ,'0 0 0 0 ' ,17 ,2 ,7, 7
474 ,442, 459, '433 431 411 406 ' ,'0 0 0 0 ' ,34 ,1 ,9, 9
463 ,463, 448, '415 415 413 399 ' ,'0 0 0 0 ' ,28 ,2 ,8, 8
479 ,455, 465, '429 417 431 426 ' ,'0 0 0 0 ' ,21 ,2 ,11, 11
497 ,469, 482, '447 455 446 437 ' ,'0 0 0 0 ' ,22 ,1 ,9, 9
549 ,486, 534, '474 475 501 468 ' ,'0 0 0 0 ' ,40 ,1 ,11, 11
533 ,537, 517, '492 465 481 461 ' ,'0 0 0 0 ' ,36 ,1 ,10, 10
566 ,523, 553, '482 464 521 483 ' ,'0 0 0 0 ' ,63 ,1 ,10, 10
536 ,557, 521, '489 471 478 467 ' ,'0 0 0 0 ' ,33 ,2 ,10, 10
504 ,526, 486, '447 454 445 442 ' ,'0 0 0 0 ' ,18 ,2 ,11, 11
473 ,493, 457, '422 430 418 420 ' ,'0 0 0 0 ' ,14 ,1 ,10, 10
461 ,462, 445, '393 387 379 403 ' ,'0 0 0 0 ' ,42 ,21 ,7, 7
441 ,453, 424, '389 379 394 376 ' ,'0 0 0 0 ' ,27 ,2 ,8, 8
507 ,429, 491, '391 384 394 399 ' ,'0 0 0 0 ' ,84 ,2 ,9, 9
450 ,499, 435, '408 391 398 411 ' ,'0 0 0 0 ' ,15 ,1 ,9, 9
478 ,441, 460, '428 407 412 428 ' ,'0 0 0 0 ' ,26 ,2 ,10, 9
517 ,465, 503, '440 432 435 451 ' ,'0 0 0 0 ' ,42 ,32 ,8, 8
493 ,512, 477, '441 430 445 450 ' ,'0 0 0 0 ' ,20 ,1 ,10, 10
491 ,481, 476, '454 438 446 438 ' ,'0 0 0 0 ' ,17 ,1 ,6, 6
512 ,485, 496, '468 440 446 447 ' ,'0 0 0 0 ' ,25 ,1 ,8, 8
519 ,503, 502, '466 446 458 473 ' ,'0 0 0 0 ' ,27 ,2 ,9, 9
560 ,507, 545, '479 462 460 483 ' ,'0 0 0 0 ' ,57 ,35 ,9, 9
532 ,552, 516, '479 465 473 488 ' ,'0 0 0 0 ' ,25 ,1 ,8, 8
508 ,524, 493, '457 453 448 456 ' ,'0 0 0 0 ' ,15 ,1 ,11, 11
504 ,498, 488, '422 423 457 428 ' ,'0 0 0 0 ' ,35 ,1 ,10, 10
466 ,494, 450, '422 407 399 394 ' ,'0 0 0 0 ' ,36 ,1 ,8, 8
430 ,461, 414, '386 383 378 378 ' ,'0 0 0 0 ' ,15 ,1 ,8, 8
451 ,419, 436, '401 403 384 388 ' ,'0 0 0 0 ' ,24 ,1 ,7, 7
471 ,442, 455, '423 392 395 416 ' ,'0 0 0 0 ' ,34 ,1 ,8, 8
448 ,462, 433, '403 391 398 395 ' ,'0 0 0 0 ' ,18 ,2 ,9, 9
452 ,438, 437, '404 398 392 395 ' ,'0 0 0 0 ' ,14 ,1 ,9, 9
459 ,441, 439, '406 401 400 408 ' ,'0 0 0 0 ' ,12 ,1 ,9, 9
468 ,445, 453, '422 410 409 411 ' ,'0 0 0 0 ' ,18 ,1 ,9, 9
487 ,461, 471, '429 421 434 439 ' ,'0 0 0 0 ' ,27 ,1 ,7, 7
505 ,479, 490, '446 423 460 459 ' ,'0 0 0 0 ' ,42 ,1 ,8, 8
513 ,497, 498, '458 462 465 463 ' ,'0 0 0 0 ' ,13 ,1 ,8, 8
553 ,506, 538, '505 446 472 477 ' ,'0 0 0 0 ' ,67 ,2 ,9, 9
532 ,545, 516, '446 444 483 471 ' ,'0 0 0 0 ' ,43 ,1 ,10, 10
464 ,521, 449, '410 417 412 412 ' ,'0 0 0 0 ' ,11 ,1 ,10, 10
456 ,453, 440, '400 406 403 418 ' ,'0 0 0 0 ' ,10 ,1 ,10, 10
449 ,445, 433, '405 402 387 395 ' ,'0 0 0 0 ' ,18 ,1 ,7, 7
446 ,441, 430, '380 399 380 381 ' ,'0 0 0 0 ' ,22 ,2 ,9, 9
440 ,436, 425, '390 385 379 388 ' ,'0 0 0 0 ' ,11 ,1 ,8, 8
459 ,431, 442, '407 391 389 394 ' ,'0 0 0 0 ' ,26 ,2 ,9, 9
466 ,448, 446, '413 392 393 393 ' ,'0 0 0 0 ' ,28 ,1 ,8, 8
497 ,451, 479, '434 410 448 410 ' ,'0 0 0 0 ' ,45 ,2 ,9, 9
482 ,488, 467, '443 436 423 422 ' ,'0 0 0 0 ' ,24 ,2 ,5, 5
502 ,477, 481, '448 427 430 443 ' ,'0 0 0 0 ' ,24 ,2 ,9, 9
524 ,492, 507, '446 432 472 443 ' ,'0 0 0 0 ' ,47 ,1 ,8, 8
522 ,516, 507, '472 432 468 458 ' ,'0 0 0 0 ' ,49 ,1 ,7, 7
570 ,514, 555, '474 452 516 471 ' ,'0 0 0 0 ' ,70 ,2 ,13, 13
515 ,560, 499, '464 453 467 463 ' ,'0 0 0 0 ' ,15 ,1 ,10, 10
516 ,505, 498, '454 428 452 442 ' ,'0 0 0 0 ' ,37 ,1 ,10, 10
490 ,505, 470, '433 424 430 427 ' ,'0 0 0 0 ' ,15 ,1 ,11, 11
473 ,477, 458, '418 416 428 412 ' ,'0 0 0 0 ' ,24 ,2 ,6, 6
444 ,467, 428, '388 399 386 402 ' ,'0 0 0 0 ' ,16 ,2 ,8, 8
437 ,435, 415, '381 377 377 370 ' ,'0 0 0 0 ' ,15 ,1 ,9, 9
455 ,421, 439, '407 385 399 389 ' ,'0 0 0 0 ' ,26 ,2 ,8, 8
447 ,445, 431, '397 387 402 393 ' ,'0 0 0 0 ' ,12 ,1 ,8, 8
459 ,437, 441, '399 407 406 393 ' ,'0 0 0 0 ' ,24 ,1 ,7, 7
482 ,450, 466, '436 428 434 428 ' ,'0 0 0 0 ' ,18 ,2 ,7, 7
504 ,474, 489, '455 442 456 446 ' ,'0 0 0 0 ' ,18 ,1 ,8, 8
513 ,496, 499, '463 458 469 451 ' ,'0 0 0 0 ' ,22 ,1 ,9, 9
562 ,506, 547, '465 454 512 461 ' ,'0 0 0 0 ' ,60 ,2 ,11, 11
546 ,552, 531, '495 454 484 460 ' ,'0 0 0 0 ' ,45 ,2 ,11, 11
531 ,536, 514, '468 478 478 473 ' ,'0 0 0 0 ' ,18 ,2 ,11, 11
573 ,519, 556, '479 471 522 477 ' ,'0 0 0 0 ' ,53 ,1 ,8, 8
528 ,565, 511, '465 463 471 476 ' ,'0 0 0 0 ' ,13 ,1 ,12, 12
535 ,516, 518, '449 454 486 455 ' ,'0 0 0 0 ' ,35 ,2 ,11, 11
530 ,524, 514, '424 420 481 452 ' ,'0 0 0 0 ' ,69 ,1 ,8, 8
488 ,522, 472, '410 416 410 446 ' ,'0 0 0 0 ' ,31 ,1 ,10, 10
448 ,477, 433, '394 404 398 413 ' ,'0 0 0 0 ' ,17 ,1 ,5, 5
470 ,442, 447, '395 396 414 393 ' ,'0 0 0 0 ' ,35 ,1 ,9, 9
441 ,452, 426, '389 385 378 390 ' ,'0 0 0 0 ' ,14 ,1 ,9, 9
487 ,431, 471, '413 402 436 400 ' ,'0 0 0 0 ' ,52 ,3 ,9, 9
491 ,478, 474, '432 435 420 418 ' ,'0 0 0 0 ' ,32 ,2 ,9, 9
492 ,479, 476, '438 431 444 435 ' ,'0 0 0 0 ' ,23 ,2 ,7, 7
509 ,485, 493, '462 436 454 470 ' ,'0 0 0 0 ' ,31 ,2 ,7, 7
527 ,502, 508, '473 448 480 465 ' ,'0 0 0 0 ' ,36 ,2 ,6, 6
528 ,518, 513, '467 450 478 473 ' ,'0 0 0 0 ' ,30 ,1 ,11, 11
539 ,519, 520, '437 443 484 461 ' ,'0 0 0 0 ' ,51 ,2 ,10, 10
487 ,528, 469, '427 426 429 427 ' ,'0 0 0 0 ' ,12 ,2 ,10, 10
465 ,475, 449, '385 398 411 412 ' ,'0 0 0 0 ' ,32 ,2 ,10, 10
464 ,455, 448, '404 414 406 403 ' ,'0 0 0 0 ' ,20 ,1 ,8, 8
469 ,454, 454, '403 411 412 401 ' ,'0 0 0 0 ' ,30 ,2 ,7, 7
459 ,461, 444, '397 402 397 411 ' ,'0 0 0 0 ' ,11 ,1 ,9, 9
479 ,452, 463, '395 401 428 405 ' ,'0 0 0 0 ' ,33 ,2 ,8, 8
465 ,469, 450, '391 411 418 410 ' ,'0 0 0 0 ' ,33 ,2 ,6, 6
464 ,458, 448, '400 408 393 423 ' ,'0 0 0 0 ' ,29 ,1 ,8, 8
456 ,454, 441, '406 401 395 407 ' ,'0 0 0 0 ' ,14 ,2 ,9, 9
459 ,446, 443, '402 410 396 399 ' ,'0 0 0 0 ' ,18 ,1 ,9, 9
462 ,449, 444, '406 416 400 400 ' ,'0 0 0 0 ' ,21 ,1 ,5, 5
453 ,455, 438, '400 408 408 398 ' ,'0 0 0 0 ' ,22 ,2 ,4, 4
454 ,448, 439, '400 408 384 384 ' ,'0 0 0 0 ' ,32 ,1 ,7, 7
472 ,445, 454, '405 409 408 402 ' ,'0 0 0 0 ' ,25 ,1 ,7, 7
486 ,463, 468, '427 415 426 445 ' ,'0 0 0 0 ' ,27 ,2 ,9, 9
533 ,477, 517, '448 443 484 447 ' ,'0 0 0 0 ' ,42 ,2 ,9, 9
521 ,524, 506, '466 468 469 471 ' ,'0 0 0 0 ' ,11 ,1 ,6, 6
523 ,516, 508, '471 456 474 474 ' ,'0 0 0 0 ' ,18 ,2 ,8, 8
503 ,518, 486, '431 422 447 424 ' ,'0 0 0 0 ' ,35 ,3 ,11, 11
463 ,493, 447, '412 405 400 404 ' ,'0 0 0 0 ' ,17 ,2 ,7, 7
471 ,455, 455, '417 404 414 418 ' ,'0 0 0 0 ' ,19 ,2 ,8, 8
520 ,461, 505, '411 427 396 406 ' ,'0 0 0 0 ' ,73 ,48 ,9, 9
465 ,510, 450, '412 408 407 424 ' ,'0 0 0 0 ' ,12 ,1 ,9, 9
486 ,455, 471, '404 422 435 413 ' ,'0 0 0 0 ' ,34 ,3 ,9, 9
439 ,477, 424, '388 389 372 376 ' ,'0 0 0 0 ' ,23 ,2 ,7, 7
440 ,429, 425, '382 384 382 378 ' ,'0 0 0 0 ' ,26 ,1 ,6, 6
547 ,432, 531, '427 416 407 479 ' ,'0 0 0 0 ' ,98 ,27 ,9, 9
506 ,539, 483, '433 438 442 433 ' ,'0 0 0 0 ' ,13 ,2 ,10, 10
512 ,488, 496, '454 460 465 444 ' ,'0 0 0 0 ' ,17 ,2 ,7, 7
763 ,505, 747, '469 455 475 464 ' ,'0 0 0 0 ' ,252 ,3 ,10, 10
540 ,753, 523, '465 461 476 497 ' ,'0 0 0 0 ' ,28 ,3 ,10, 10
764 ,530, 749, '462 471 465 470 ' ,'0 0 0 0 ' ,256 ,1 ,10, 10
552 ,756, 537, '494 440 498 449 ' ,'0 0 0 0 ' ,62 ,2 ,6, 6
482 ,544, 466, '419 426 425 430 ' ,'0 0 0 0 ' ,12 ,2 ,10, 10
484 ,472, 468, '430 433 417 439 ' ,'0 0 0 0 ' ,22 ,1 ,7, 7
475 ,475, 459, '411 420 415 424 ' ,'0 0 0 0 ' ,12 ,1 ,9, 9
489 ,465, 473, '413 419 437 412 ' ,'0 0 0 0 ' ,40 ,3 ,8, 8
638 ,480, 622, '398 404 433 402 ' ,'0 0 0 0 ' ,197 ,3 ,9, 9
492 ,628, 474, '443 399 404 406 ' ,'0 0 0 0 ' ,47 ,1 ,5, 5
446 ,485, 432, '393 391 398 392 ' ,'0 0 0 0 ' ,14 ,1 ,5, 5
679 ,440, 663, '439 411 399 404 ' ,'0 0 0 0 ' ,237 ,3 ,5, 5
486 ,673, 471, '432 399 397 391 ' ,'0 0 0 0 ' ,53 ,3 ,9, 9
448 ,476, 434, '398 387 398 397 ' ,'0 0 0 0 ' ,14 ,2 ,8, 8
515 ,440, 496, '443 410 457 403 ' ,'0 0 0 0 ' ,67 ,2 ,9, 9
529 ,505, 513, '451 444 476 441 ' ,'0 0 0 0 ' ,51 ,4 ,6, 6
537 ,522, 521, '462 437 484 447 ' ,'0 0 0 0 ' ,48 ,3 ,10, 10
556 ,527, 542, '461 448 498 449 ' ,'0 0 0 0 ' ,64 ,3 ,12, 12
532 ,547, 517, '483 449 467 469 ' ,'0 0 0 0 ' ,38 ,2 ,9, 9
534 ,524, 519, '480 461 475 471 ' ,'0 0 0 0 ' ,23 ,2 ,11, 11
542 ,524, 526, '487 456 483 466 ' ,'0 0 0 0 ' ,34 ,2 ,10, 10
545 ,532, 530, '483 471 490 479 ' ,'0 0 0 0 ' ,28 ,2 ,11, 11
525 ,537, 509, '475 455 475 471 ' ,'0 0 0 0 ' ,23 ,2 ,7, 7
520 ,519, 502, '463 452 455 462 ' ,'0 0 0 0 ' ,16 ,1 ,6, 6
512 ,512, 495, '450 434 452 464 ' ,'0 0 0 0 ' ,33 ,2 ,10, 10
471 ,501, 456, '407 409 403 413 ' ,'0 0 0 0 ' ,17 ,2 ,9, 9
450 ,461, 436, '399 401 388 390 ' ,'0 0 0 0 ' ,19 ,1 ,5, 5
453 ,444, 436, '404 393 391 405 ' ,'0 0 0 0 ' ,17 ,2 ,6, 6
460 ,444, 446, '401 408 393 420 ' ,'0 0 0 0 ' ,24 ,2 ,8, 8
478 ,451, 463, '408 395 430 401 ' ,'0 0 0 0 ' ,37 ,2 ,5, 5
