190 ,0, 123, '43 25 25 35 28 40 32 23 37 30 31 43 42 46 44 34 33 37 19 39 ' ,'0 0 0 0 0 0 0 0 0 0 0 0 0 0 0 0 0 0 0 0 ' ,62 ,6 ,8, 8
1363 ,161, 1334, '266 204 245 243 253 255 221 250 278 256 233 181 240 264 242 243 213 248 205 231 ' ,'0 0 0 0 0 0 0 0 0 0 0 0 0 0 0 0 0 0 0 0 ' ,99 ,0 ,4, 4
108 ,1782, 85, '52 54 52 55 50 56 52 52 57 58 50 53 45 61 53 49 55 62 62 53 ' ,'0 0 0 0 0 0 0 0 0 0 0 0 0 0 0 0 0 0 0 0 ' ,21 ,1 ,13, 13
121 ,100, 101, '55 61 60 70 60 61 58 59 79 56 57 56 57 60 51 56 61 58 55 64 ' ,'0 0 0 0 0 0 0 0 0 0 0 0 0 0 0 0 0 0 0 0 ' ,35 ,1 ,3, 3
119 ,113, 75, '56 59 58 60 55 55 57 56 63 52 62 56 59 79 57 56 54 58 54 53 ' ,'0 0 0 0 0 0 0 0 0 0 0 0 0 0 0 0 0 0 0 0 ' ,30 ,1 ,3, 3
265 ,121, 151, '61 58 59 68 64 69 70 57 61 60 62 53 63 66 91 66 58 73 58 60 ' ,'0 0 0 0 0 0 0 0 0 0 0 0 0 0 0 0 0 0 0 0 ' ,94 ,2 ,2, 2
122 ,254, 99, '56 60 65 56 68 61 69 63 73 63 53 56 63 67 63 67 64 62 55 57 ' ,'0 0 0 0 0 0 0 0 0 0 0 0 0 0 0 0 0 0 0 0 ' ,39 ,2 ,1, 1
116 ,116, 98, '64 63 67 65 72 73 67 61 69 56 84 58 72 70 64 84 55 70 54 64 ' ,'0 0 0 0 0 0 0 0 0 0 0 0 0 0 0 0 0 0 0 0 ' ,36 ,2 ,1, 1
115 ,108, 98, '51 70 57 52 55 56 51 58 51 57 54 47 69 57 59 63 54 59 51 58 ' ,'0 0 0 0 0 0 0 0 0 0 0 0 0 0 0 0 0 0 0 0 ' ,38 ,2 ,1, 1
103 ,108, 84, '52 51 70 51 55 57 51 50 60 59 58 55 48 54 57 58 49 53 45 50 ' ,'0 0 0 0 0 0 0 0 0 0 0 0 0 0 0 0 0 0 0 0 ' ,33 ,3 ,0, 0
92 ,95, 70, '54 57 55 47 51 50 47 46 56 48 60 47 48 46 48 59 45 55 45 53 ' ,'0 0 0 0 0 0 0 0 0 0 0 0 0 0 0 0 0 0 0 0 ' ,18 ,2 ,1, 1
107 ,83, 87, '52 48 48 58 74 46 53 53 50 47 56 44 58 50 48 55 48 51 61 64 ' ,'0 0 0 0 0 0 0 0 0 0 0 0 0 0 0 0 0 0 0 0 ' ,34 ,1 ,1, 1
128 ,100, 84, '57 53 60 57 64 61 52 63 45 49 60 61 65 56 65 69 51 57 48 47 ' ,'0 0 0 0 0 0 0 0 0 0 0 0 0 0 0 0 0 0 0 0 ' ,28 ,2 ,1, 1
136 ,119, 116, '71 55 55 63 56 64 73 54 56 60 65 70 65 104 54 56 62 69 64 93 ' ,'0 0 0 0 0 0 0 0 0 0 0 0 0 0 0 0 0 0 0 0 ' ,59 ,3 ,1, 1
158 ,129, 140, '122 102 98 120 63 91 122 104 97 89 115 116 66 75 85 97 115 103 91 95 ' ,'0 0 0 0 0 0 0 0 0 0 0 0 0 0 0 0 0 0 0 0 ' ,59 ,3 ,1, 1
160 ,148, 131, '79 74 99 86 74 78 92 84 72 70 68 83 88 60 70 66 73 102 71 80 ' ,'0 0 0 0 0 0 0 0 0 0 0 0 0 0 0 0 0 0 0 0 ' ,57 ,2 ,1, 1
184 ,147, 163, '148 132 115 127 127 117 120 147 138 137 120 119 148 115 136 121 125 132 106 135 ' ,'0 0 0 0 0 0 0 0 0 0 0 0 0 0 0 0 0 0 0 0 ' ,46 ,2 ,1, 1
138 ,176, 105, '96 60 68 82 57 68 53 56 64 55 57 55 57 72 61 63 53 58 66 58 ' ,'0 0 0 0 0 0 0 0 0 0 0 0 0 0 0 0 0 0 0 0 ' ,55 ,1 ,1, 1
119 ,125, 98, '53 56 67 57 56 66 64 60 60 55 54 62 57 69 53 59 58 59 55 69 ' ,'0 0 0 0 0 0 0 0 0 0 0 0 0 0 0 0 0 0 0 0 ' ,38 ,2 ,1, 1
121 ,111, 96, '53 56 78 57 59 52 59 77 65 56 58 76 78 87 80 61 88 70 71 58 ' ,'0 0 0 0 0 0 0 0 0 0 0 0 0 0 0 0 0 0 0 0 ' ,36 ,1 ,1, 1
125 ,112, 100, '50 61 57 61 56 60 76 53 63 58 50 85 64 55 63 59 57 52 54 52 ' ,'0 0 0 0 0 0 0 0 0 0 0 0 0 0 0 0 0 0 0 0 ' ,42 ,2 ,1, 0
107 ,110, 83, '58 68 55 60 68 55 66 56 59 60 67 66 70 63 59 64 62 55 62 54 ' ,'0 0 0 0 0 0 0 0 0 0 0 0 0 0 0 0 0 0 0 0 ' ,24 ,0 ,1, 1
94 ,97, 76, '51 56 65 67 55 55 61 57 58 57 52 54 56 61 54 50 59 54 59 52 ' ,'0 0 0 0 0 0 0 0 0 0 0 0 0 0 0 0 0 0 0 0 ' ,20 ,1 ,1, 1
108 ,85, 86, '54 57 55 65 58 53 60 54 66 64 55 54 58 64 76 55 59 76 62 59 ' ,'0 0 0 0 0 0 0 0 0 0 0 0 0 0 0 0 0 0 0 0 ' ,28 ,1 ,1, 1
99 ,96, 76, '48 52 56 61 52 47 58 58 54 54 56 58 57 66 59 56 52 56 70 53 ' ,'0 0 0 0 0 0 0 0 0 0 0 0 0 0 0 0 0 0 0 0 ' ,22 ,1 ,1, 1
112 ,89, 88, '48 47 50 51 56 52 78 53 55 54 51 56 55 49 55 57 51 54 51 52 ' ,'0 0 0 0 0 0 0 0 0 0 0 0 0 0 0 0 0 0 0 0 ' ,33 ,1 ,1, 1
101 ,97, 76, '51 54 46 70 52 58 51 51 51 48 47 46 50 56 50 49 54 51 44 46 ' ,'0 0 0 0 0 0 0 0 0 0 0 0 0 0 0 0 0 0 0 0 ' ,26 ,1 ,0, 0
116 ,88, 98, '48 64 49 76 70 59 54 50 43 49 46 48 70 48 70 45 46 65 82 50 ' ,'0 0 0 0 0 0 0 0 0 0 0 0 0 0 0 0 0 0 0 0 ' ,47 ,1 ,1, 1
89 ,106, 73, '51 52 44 51 47 54 50 51 60 54 49 48 47 50 48 47 47 59 46 48 ' ,'0 0 0 0 0 0 0 0 0 0 0 0 0 0 0 0 0 0 0 0 ' ,21 ,4 ,0, 0
101 ,79, 82, '54 55 51 50 74 50 55 57 53 55 50 59 50 51 52 51 51 53 50 46 ' ,'0 0 0 0 0 0 0 0 0 0 0 0 0 0 0 0 0 0 0 0 ' ,27 ,1 ,1, 1
108 ,92, 92, '51 53 64 78 84 57 50 53 53 58 47 74 55 54 62 52 57 62 49 61 ' ,'0 0 0 0 0 0 0 0 0 0 0 0 0 0 0 0 0 0 0 0 ' ,36 ,1 ,1, 1
96 ,99, 79, '56 58 51 60 57 48 53 55 55 51 53 59 53 67 59 58 56 53 52 53 ' ,'0 0 0 0 0 0 0 0 0 0 0 0 0 0 0 0 0 0 0 0 ' ,23 ,1 ,1, 1
112 ,87, 86, '51 58 59 58 59 61 62 46 61 54 55 63 53 51 49 63 66 53 64 51 ' ,'0 0 0 0 0 0 0 0 0 0 0 0 0 0 0 0 0 0 0 0 ' ,33 ,0 ,1, 1
93 ,108, 73, '57 52 64 53 57 53 52 55 53 60 62 56 55 60 56 62 50 62 61 62 ' ,'0 0 0 0 0 0 0 0 0 0 0 0 0 0 0 0 0 0 0 0 ' ,16 ,0 ,1, 1
107 ,82, 90, '57 59 64 62 79 55 59 55 61 79 53 58 58 55 63 63 54 58 56 64 ' ,'0 0 0 0 0 0 0 0 0 0 0 0 0 0 0 0 0 0 0 0 ' ,28 ,0 ,1, 1
102 ,99, 80, '56 62 61 69 69 56 67 54 64 57 60 57 59 65 59 72 65 71 71 72 ' ,'0 0 0 0 0 0 0 0 0 0 0 0 0 0 0 0 0 0 0 0 ' ,19 ,0 ,2, 2
101 ,92, 79, '63 58 63 71 60 56 65 54 59 53 56 58 56 58 55 56 56 72 58 61 ' ,'0 0 0 0 0 0 0 0 0 0 0 0 0 0 0 0 0 0 0 0 ' ,22 ,2 ,1, 1
116 ,92, 84, '59 54 63 60 67 75 61 59 69 63 74 57 70 67 67 55 56 54 59 59 ' ,'0 0 0 0 0 0 0 0 0 0 0 0 0 0 0 0 0 0 0 0 ' ,39 ,1 ,0, 0
124 ,108, 102, '56 58 60 64 70 57 66 58 92 68 61 55 66 70 60 58 58 55 96 60 ' ,'0 0 0 0 0 0 0 0 0 0 0 0 0 0 0 0 0 0 0 0 ' ,41 ,1 ,1, 1
106 ,116, 82, '60 60 57 63 60 60 63 66 71 57 55 62 66 64 67 59 71 60 65 61 ' ,'0 0 0 0 0 0 0 0 0 0 0 0 0 0 0 0 0 0 0 0 ' ,18 ,1 ,2, 1
112 ,98, 92, '63 59 85 68 60 53 64 57 64 56 53 55 55 57 63 60 56 60 58 54 ' ,'0 0 0 0 0 0 0 0 0 0 0 0 0 0 0 0 0 0 0 0 ' ,29 ,1 ,2, 2
97 ,101, 76, '58 55 61 68 63 59 56 57 69 56 63 66 60 68 65 59 62 65 63 58 ' ,'0 0 0 0 0 0 0 0 0 0 0 0 0 0 0 0 0 0 0 0 ' ,16 ,0 ,1, 1
91 ,87, 71, '59 54 62 53 57 54 62 51 59 58 50 52 55 48 59 52 54 53 54 50 ' ,'0 0 0 0 0 0 0 0 0 0 0 0 0 0 0 0 0 0 0 0 ' ,15 ,1 ,0, 0
98 ,80, 80, '61 48 70 61 66 55 52 53 60 54 54 49 51 53 53 60 47 61 58 49 ' ,'0 0 0 0 0 0 0 0 0 0 0 0 0 0 0 0 0 0 0 0 ' ,24 ,1 ,2, 1
113 ,87, 84, '52 70 64 48 59 56 53 70 54 63 60 58 67 67 57 54 58 65 51 52 ' ,'0 0 0 0 0 0 0 0 0 0 0 0 0 0 0 0 0 0 0 0 ' ,22 ,1 ,2, 2
107 ,103, 84, '53 55 53 61 61 47 55 57 58 58 46 49 55 68 54 53 49 51 77 53 ' ,'0 0 0 0 0 0 0 0 0 0 0 0 0 0 0 0 0 0 0 0 ' ,31 ,0 ,1, 1
89 ,97, 70, '45 48 63 61 50 46 54 56 50 58 45 52 47 57 62 49 54 51 51 46 ' ,'0 0 0 0 0 0 0 0 0 0 0 0 0 0 0 0 0 0 0 0 ' ,21 ,1 ,1, 1
96 ,79, 75, '46 49 55 50 50 45 47 47 55 64 45 54 53 48 46 55 45 60 48 62 ' ,'0 0 0 0 0 0 0 0 0 0 0 0 0 0 0 0 0 0 0 0 ' ,24 ,1 ,0, 0
92 ,86, 74, '49 53 51 52 54 50 59 46 57 52 56 49 56 52 50 49 53 46 63 47 ' ,'0 0 0 0 0 0 0 0 0 0 0 0 0 0 0 0 0 0 0 0 ' ,17 ,1 ,1, 1
94 ,84, 79, '51 51 62 69 64 53 49 52 64 52 55 50 51 51 54 55 58 51 50 55 ' ,'0 0 0 0 0 0 0 0 0 0 0 0 0 0 0 0 0 0 0 0 ' ,22 ,1 ,1, 1
98 ,90, 81, '62 57 54 68 63 51 56 56 49 53 51 51 50 65 55 61 52 59 50 50 ' ,'0 0 0 0 0 0 0 0 0 0 0 0 0 0 0 0 0 0 0 0 ' ,23 ,1 ,0, 0
99 ,91, 76, '64 56 56 54 66 68 52 57 55 61 51 51 56 53 60 54 60 61 59 55 ' ,'0 0 0 0 0 0 0 0 0 0 0 0 0 0 0 0 0 0 0 0 ' ,21 ,1 ,1, 1
107 ,90, 84, '57 57 80 68 61 60 64 56 79 57 54 62 62 60 57 56 57 52 60 56 ' ,'0 0 0 0 0 0 0 0 0 0 0 0 0 0 0 0 0 0 0 0 ' ,29 ,1 ,1, 1
99 ,97, 80, '59 63 61 72 61 61 61 67 54 62 62 57 67 61 62 71 58 57 57 57 ' ,'0 0 0 0 0 0 0 0 0 0 0 0 0 0 0 0 0 0 0 0 ' ,18 ,1 ,0, 0
111 ,90, 93, '57 60 59 72 67 62 63 64 62 78 57 61 60 61 66 71 58 56 60 62 ' ,'0 0 0 0 0 0 0 0 0 0 0 0 0 0 0 0 0 0 0 0 ' ,27 ,1 ,1, 1
109 ,102, 90, '63 57 63 58 65 59 57 63 61 60 54 56 60 67 61 61 58 64 59 80 ' ,'0 0 0 0 0 0 0 0 0 0 0 0 0 0 0 0 0 0 0 0 ' ,30 ,1 ,1, 1
103 ,100, 81, '70 60 66 70 68 61 68 57 61 60 57 64 63 63 69 70 62 59 67 60 ' ,'0 0 0 0 0 0 0 0 0 0 0 0 0 0 0 0 0 0 0 0 ' ,17 ,1 ,2, 2
111 ,94, 91, '79 68 60 60 65 58 67 64 59 73 83 61 60 72 64 60 59 63 59 63 ' ,'0 0 0 0 0 0 0 0 0 0 0 0 0 0 0 0 0 0 0 0 ' ,28 ,0 ,1, 1
97 ,101, 78, '60 69 69 59 68 69 65 58 57 65 70 66 59 55 62 65 59 60 59 60 ' ,'0 0 0 0 0 0 0 0 0 0 0 0 0 0 0 0 0 0 0 0 ' ,16 ,1 ,1, 1
106 ,88, 87, '68 59 62 63 63 55 57 64 64 64 59 55 71 60 63 56 55 79 61 58 ' ,'0 0 0 0 0 0 0 0 0 0 0 0 0 0 0 0 0 0 0 0 ' ,27 ,1 ,1, 1
104 ,103, 85, '49 61 55 63 68 51 55 54 56 58 60 54 55 66 69 71 50 57 65 62 ' ,'0 0 0 0 0 0 0 0 0 0 0 0 0 0 0 0 0 0 0 0 ' ,28 ,1 ,1, 1
104 ,98, 85, '58 51 50 54 71 45 56 54 49 46 49 46 59 51 52 47 46 57 47 70 ' ,'0 0 0 0 0 0 0 0 0 0 0 0 0 0 0 0 0 0 0 0 ' ,30 ,2 ,1, 1
91 ,93, 73, '54 58 53 54 52 66 56 54 46 50 53 57 54 48 64 54 51 63 58 49 ' ,'0 0 0 0 0 0 0 0 0 0 0 0 0 0 0 0 0 0 0 0 ' ,18 ,1 ,1, 1
91 ,83, 73, '51 56 46 66 60 48 52 56 57 49 46 51 46 50 46 56 47 55 52 45 ' ,'0 0 0 0 0 0 0 0 0 0 0 0 0 0 0 0 0 0 0 0 ' ,21 ,1 ,1, 1
115 ,81, 70, '56 52 50 51 52 46 52 49 46 53 51 53 48 50 50 58 62 48 53 52 ' ,'0 0 0 0 0 0 0 0 0 0 0 0 0 0 0 0 0 0 0 0 ' ,18 ,1 ,1, 1
88 ,80, 68, '49 51 55 65 59 52 47 58 58 54 43 52 54 54 58 51 48 61 51 52 ' ,'0 0 0 0 0 0 0 0 0 0 0 0 0 0 0 0 0 0 0 0 ' ,21 ,0 ,1, 1
101 ,79, 71, '61 55 57 50 59 51 53 57 48 51 51 52 51 48 48 55 51 54 50 50 ' ,'0 0 0 0 0 0 0 0 0 0 0 0 0 0 0 0 0 0 0 0 ' ,16 ,0 ,0, 0
99 ,86, 81, '50 50 64 58 55 49 58 47 60 72 59 59 58 74 54 59 57 52 71 56 ' ,'0 0 0 0 0 0 0 0 0 0 0 0 0 0 0 0 0 0 0 0 ' ,26 ,1 ,0, 0
105 ,90, 81, '73 71 51 59 52 58 63 58 71 71 60 64 54 63 62 54 64 77 53 71 ' ,'0 0 0 0 0 0 0 0 0 0 0 0 0 0 0 0 0 0 0 0 ' ,29 ,1 ,1, 1
91 ,96, 74, '58 59 50 57 58 51 53 55 48 50 52 48 56 57 50 54 55 50 62 51 ' ,'0 0 0 0 0 0 0 0 0 0 0 0 0 0 0 0 0 0 0 0 ' ,14 ,0 ,0, 0
98 ,80, 75, '64 64 61 56 61 54 63 55 54 56 49 55 49 69 60 57 60 54 68 58 ' ,'0 0 0 0 0 0 0 0 0 0 0 0 0 0 0 0 0 0 0 0 ' ,16 ,0 ,1, 1
97 ,87, 80, '58 68 70 73 67 63 59 60 62 61 59 61 59 64 66 63 61 65 54 60 ' ,'0 0 0 0 0 0 0 0 0 0 0 0 0 0 0 0 0 0 0 0 ' ,15 ,1 ,1, 1
96 ,89, 75, '63 63 61 57 62 59 63 60 56 59 65 60 53 59 63 68 57 60 56 60 ' ,'0 0 0 0 0 0 0 0 0 0 0 0 0 0 0 0 0 0 0 0 ' ,16 ,1 ,1, 1
89 ,86, 69, '60 58 56 58 57 58 51 56 61 56 52 57 54 57 56 52 61 59 58 60 ' ,'0 0 0 0 0 0 0 0 0 0 0 0 0 0 0 0 0 0 0 0 ' ,13 ,1 ,0, 0
93 ,84, 75, '57 54 58 66 53 55 50 51 59 47 59 49 55 58 53 58 50 54 52 64 ' ,'0 0 0 0 0 0 0 0 0 0 0 0 0 0 0 0 0 0 0 0 ' ,19 ,1 ,1, 1
95 ,85, 78, '56 56 59 59 49 55 46 47 63 52 45 49 48 59 51 60 50 51 49 48 ' ,'0 0 0 0 0 0 0 0 0 0 0 0 0 0 0 0 0 0 0 0 ' ,23 ,1 ,1, 1
94 ,86, 75, '50 52 53 65 57 48 60 50 67 56 54 55 66 56 53 51 52 53 65 51 ' ,'0 0 0 0 0 0 0 0 0 0 0 0 0 0 0 0 0 0 0 0 ' ,23 ,0 ,1, 1
95 ,86, 76, '68 57 54 58 55 53 50 54 66 50 48 46 58 66 54 58 48 49 52 47 ' ,'0 0 0 0 0 0 0 0 0 0 0 0 0 0 0 0 0 0 0 0 ' ,21 ,0 ,0, 0
94 ,84, 67, '56 64 51 57 53 53 51 50 59 56 49 55 50 49 51 65 61 51 57 49 ' ,'0 0 0 0 0 0 0 0 0 0 0 0 0 0 0 0 0 0 0 0 ' ,19 ,1 ,1, 1
104 ,86, 81, '49 56 59 63 75 59 52 49 51 54 65 48 56 52 60 54 56 53 66 59 ' ,'0 0 0 0 0 0 0 0 0 0 0 0 0 0 0 0 0 0 0 0 ' ,27 ,1 ,0, 0
100 ,94, 79, '55 55 59 62 52 58 73 54 62 50 58 53 62 56 58 56 59 53 56 55 ' ,'0 0 0 0 0 0 0 0 0 0 0 0 0 0 0 0 0 0 0 0 ' ,23 ,1 ,0, 0
111 ,90, 90, '52 53 45 54 52 54 50 53 57 50 49 51 62 55 48 48 58 60 65 50 ' ,'0 0 0 0 0 0 0 0 0 0 0 0 0 0 0 0 0 0 0 0 ' ,41 ,20 ,1, 1
92 ,104, 71, '54 65 60 64 56 50 57 60 49 53 60 54 52 54 53 62 57 50 60 53 ' ,'0 0 0 0 0 0 0 0 0 0 0 0 0 0 0 0 0 0 0 0 ' ,18 ,0 ,2, 2
99 ,82, 77, '57 66 50 56 54 55 58 65 53 50 49 54 58 62 65 58 54 49 63 50 ' ,'0 0 0 0 0 0 0 0 0 0 0 0 0 0 0 0 0 0 0 0 ' ,19 ,1 ,1, 1
113 ,91, 94, '63 57 54 57 69 56 62 60 63 52 50 56 55 61 56 61 59 56 61 82 ' ,'0 0 0 0 0 0 0 0 0 0 0 0 0 0 0 0 0 0 0 0 ' ,34 ,1 ,1, 1
101 ,104, 83, '61 61 53 60 57 56 61 52 56 55 58 51 59 60 53 57 57 54 73 53 ' ,'0 0 0 0 0 0 0 0 0 0 0 0 0 0 0 0 0 0 0 0 ' ,27 ,1 ,1, 1
240 ,92, 220, '80 62 62 54 59 60 51 56 53 61 61 51 72 57 59 60 58 80 59 54 ' ,'0 0 0 0 0 0 0 0 0 0 0 0 0 0 0 0 0 0 0 0 ' ,165 ,135 ,1, 1
110 ,231, 91, '60 59 69 63 59 54 68 84 63 54 57 66 65 70 66 57 71 77 75 53 ' ,'0 0 0 0 0 0 0 0 0 0 0 0 0 0 0 0 0 0 0 0 ' ,33 ,0 ,1, 0
115 ,102, 99, '57 60 73 59 66 68 65 90 60 59 50 58 71 59 65 65 58 63 70 58 ' ,'0 0 0 0 0 0 0 0 0 0 0 0 0 0 0 0 0 0 0 0 ' ,43 ,1 ,0, 0
101 ,107, 84, '56 68 70 58 60 55 56 60 61 57 59 54 56 75 63 70 54 72 68 54 ' ,'0 0 0 0 0 0 0 0 0 0 0 0 0 0 0 0 0 0 0 0 ' ,23 ,1 ,2, 2
111 ,91, 87, '55 57 57 59 73 50 48 56 52 47 47 47 63 47 73 49 49 60 60 48 ' ,'0 0 0 0 0 0 0 0 0 0 0 0 0 0 0 0 0 0 0 0 ' ,31 ,1 ,1, 1
90 ,95, 66, '48 62 61 55 53 50 50 49 57 49 50 47 57 51 52 60 47 46 53 54 ' ,'0 0 0 0 0 0 0 0 0 0 0 0 0 0 0 0 0 0 0 0 ' ,17 ,1 ,1, 1
91 ,79, 73, '64 63 59 68 59 61 51 58 54 55 56 48 56 51 57 60 51 54 61 53 ' ,'0 0 0 0 0 0 0 0 0 0 0 0 0 0 0 0 0 0 0 0 ' ,15 ,0 ,0, 0
93 ,82, 77, '53 57 56 56 57 49 52 49 53 51 59 66 54 59 54 55 59 54 58 52 ' ,'0 0 0 0 0 0 0 0 0 0 0 0 0 0 0 0 0 0 0 0 ' ,22 ,1 ,1, 1
100 ,84, 78, '49 51 66 67 52 58 53 60 51 60 49 68 62 58 50 56 51 56 54 46 ' ,'0 0 0 0 0 0 0 0 0 0 0 0 0 0 0 0 0 0 0 0 ' ,24 ,1 ,0, 0
109 ,89, 91, '52 57 53 58 65 47 53 76 64 71 49 75 49 58 53 49 59 78 74 50 ' ,'0 0 0 0 0 0 0 0 0 0 0 0 0 0 0 0 0 0 0 0 ' ,39 ,1 ,0, 0
96 ,100, 75, '53 57 60 60 54 47 44 51 66 45 53 50 56 54 56 51 51 55 68 47 ' ,'0 0 0 0 0 0 0 0 0 0 0 0 0 0 0 0 0 0 0 0 ' ,27 ,1 ,1, 1
107 ,85, 88, '76 54 49 62 61 80 73 53 52 47 80 57 47 52 61 51 55 49 53 53 ' ,'0 0 0 0 0 0 0 0 0 0 0 0 0 0 0 0 0 0 0 0 ' ,35 ,1 ,0, 0
110 ,100, 91, '49 59 54 52 73 51 55 55 50 56 50 52 60 50 54 83 65 51 49 53 ' ,'0 0 0 0 0 0 0 0 0 0 0 0 0 0 0 0 0 0 0 0 ' ,34 ,1 ,1, 1
107 ,99, 79, '59 58 59 63 51 50 53 60 66 52 57 52 47 54 49 79 63 56 62 48 ' ,'0 0 0 0 0 0 0 0 0 0 0 0 0 0 0 0 0 0 0 0 ' ,24 ,1 ,1, 1
106 ,93, 86, '59 62 53 62 62 52 57 51 55 51 60 62 55 61 54 77 58 49 67 56 ' ,'0 0 0 0 0 0 0 0 0 0 0 0 0 0 0 0 0 0 0 0 ' ,30 ,1 ,1, 1
96 ,97, 76, '63 57 58 70 57 57 58 57 54 55 67 57 56 69 56 58 59 61 60 58 ' ,'0 0 0 0 0 0 0 0 0 0 0 0 0 0 0 0 0 0 0 0 ' ,16 ,1 ,1, 1
111 ,86, 91, '65 84 68 59 59 63 64 57 60 66 62 79 55 60 64 67 61 54 66 58 ' ,'0 0 0 0 0 0 0 0 0 0 0 0 0 0 0 0 0 0 0 0 ' ,30 ,1 ,1, 1
98 ,102, 79, '70 63 59 62 67 66 69 57 62 61 68 60 58 57 59 64 60 61 63 57 ' ,'0 0 0 0 0 0 0 0 0 0 0 0 0 0 0 0 0 0 0 0 ' ,15 ,1 ,1, 1
112 ,88, 93, '76 66 62 84 59 56 63 55 74 56 64 65 72 71 77 72 60 59 82 66 ' ,'0 0 0 0 0 0 0 0 0 0 0 0 0 0 0 0 0 0 0 0 ' ,30 ,1 ,1, 1
112 ,100, 93, '61 60 67 68 70 63 67 64 58 82 63 57 68 57 65 63 59 67 59 55 ' ,'0 0 0 0 0 0 0 0 0 0 0 0 0 0 0 0 0 0 0 0 ' ,27 ,0 ,1, 1
139 ,103, 119, '58 63 62 61 58 74 67 54 113 55 62 57 62 63 63 67 58 60 101 62 ' ,'0 0 0 0 0 0 0 0 0 0 0 0 0 0 0 0 0 0 0 0 ' ,60 ,1 ,1, 1
107 ,130, 86, '81 65 67 59 65 59 56 65 63 61 73 74 69 64 69 63 62 61 59 58 ' ,'0 0 0 0 0 0 0 0 0 0 0 0 0 0 0 0 0 0 0 0 ' ,24 ,1 ,1, 1
107 ,98, 85, '75 73 53 54 67 67 57 53 62 57 55 52 54 59 63 59 52 59 59 57 ' ,'0 0 0 0 0 0 0 0 0 0 0 0 0 0 0 0 0 0 0 0 ' ,21 ,1 ,1, 1
102 ,92, 84, '65 57 56 54 58 54 53 61 61 64 51 55 73 52 60 59 57 59 58 55 ' ,'0 0 0 0 0 0 0 0 0 0 0 0 0 0 0 0 0 0 0 0 ' ,23 ,0 ,2, 2
97 ,92, 78, '65 57 51 56 64 53 64 48 56 52 67 62 53 69 52 55 50 59 62 54 ' ,'0 0 0 0 0 0 0 0 0 0 0 0 0 0 0 0 0 0 0 0 ' ,24 ,1 ,0, 0
97 ,88, 77, '66 55 61 51 59 69 60 58 59 59 60 54 61 53 55 58 50 57 54 54 ' ,'0 0 0 0 0 0 0 0 0 0 0 0 0 0 0 0 0 0 0 0 ' ,23 ,1 ,1, 1
107 ,89, 91, '66 57 60 56 82 65 65 55 69 68 61 53 61 56 68 54 59 59 67 48 ' ,'0 0 0 0 0 0 0 0 0 0 0 0 0 0 0 0 0 0 0 0 ' ,33 ,1 ,1, 1
102 ,100, 84, '54 61 57 71 63 50 56 54 49 63 49 55 56 76 58 58 73 62 51 52 ' ,'0 0 0 0 0 0 0 0 0 0 0 0 0 0 0 0 0 0 0 0 ' ,29 ,1 ,1, 1
91 ,92, 73, '53 57 62 62 54 58 61 53 58 62 50 51 54 57 55 53 59 52 59 50 ' ,'0 0 0 0 0 0 0 0 0 0 0 0 0 0 0 0 0 0 0 0 ' ,13 ,0 ,0, 0
99 ,82, 69, '56 52 57 61 62 60 52 55 54 55 68 56 60 52 55 57 50 54 56 55 ' ,'0 0 0 0 0 0 0 0 0 0 0 0 0 0 0 0 0 0 0 0 ' ,23 ,1 ,1, 1
97 ,88, 77, '48 55 51 62 55 58 54 57 52 59 49 57 54 67 52 56 69 50 61 53 ' ,'0 0 0 0 0 0 0 0 0 0 0 0 0 0 0 0 0 0 0 0 ' ,21 ,1 ,0, 0
85 ,88, 65, '50 55 52 53 47 48 55 60 54 59 48 48 52 60 50 52 52 54 53 50 ' ,'0 0 0 0 0 0 0 0 0 0 0 0 0 0 0 0 0 0 0 0 ' ,15 ,0 ,0, 0
96 ,75, 78, '54 57 61 65 63 52 67 54 59 48 52 50 53 63 49 63 58 50 50 47 ' ,'0 0 0 0 0 0 0 0 0 0 0 0 0 0 0 0 0 0 0 0 ' ,22 ,1 ,0, 0
89 ,87, 71, '49 57 59 54 57 55 59 59 51 59 51 48 55 60 55 57 56 62 55 54 ' ,'0 0 0 0 0 0 0 0 0 0 0 0 0 0 0 0 0 0 0 0 ' ,15 ,1 ,1, 1
102 ,80, 79, '50 70 63 55 52 54 53 57 57 50 56 57 52 55 49 65 62 51 61 50 ' ,'0 0 0 0 0 0 0 0 0 0 0 0 0 0 0 0 0 0 0 0 ' ,19 ,1 ,1, 0
126 ,88, 103, '52 64 61 61 93 56 62 62 78 57 58 55 56 64 50 63 59 74 65 69 ' ,'0 0 0 0 0 0 0 0 0 0 0 0 0 0 0 0 0 0 0 0 ' ,45 ,1 ,1, 1
99 ,117, 82, '61 60 68 71 62 68 59 59 73 61 61 58 57 62 61 62 62 57 64 73 ' ,'0 0 0 0 0 0 0 0 0 0 0 0 0 0 0 0 0 0 0 0 ' ,20 ,1 ,1, 1
111 ,91, 85, '61 65 67 68 67 54 63 55 63 76 56 57 61 65 67 58 55 52 64 63 ' ,'0 0 0 0 0 0 0 0 0 0 0 0 0 0 0 0 0 0 0 0 ' ,23 ,1 ,1, 1
90 ,95, 73, '60 54 63 55 66 62 65 56 65 65 58 56 58 60 59 56 58 59 57 59 ' ,'0 0 0 0 0 0 0 0 0 0 0 0 0 0 0 0 0 0 0 0 ' ,15 ,1 ,0, 0
110 ,81, 87, '53 52 60 71 57 62 66 57 66 57 54 60 53 55 57 61 52 55 58 58 ' ,'0 0 0 0 0 0 0 0 0 0 0 0 0 0 0 0 0 0 0 0 ' ,29 ,1 ,1, 1
97 ,96, 80, '61 66 73 60 68 56 61 56 55 63 59 53 61 64 63 58 56 60 57 60 ' ,'0 0 0 0 0 0 0 0 0 0 0 0 0 0 0 0 0 0 0 0 ' ,17 ,0 ,1, 1
92 ,86, 75, '57 54 62 53 64 59 61 52 59 56 51 53 55 53 56 57 56 52 62 53 ' ,'0 0 0 0 0 0 0 0 0 0 0 0 0 0 0 0 0 0 0 0 ' ,16 ,1 ,1, 1
102 ,84, 84, '56 61 64 58 61 58 56 56 53 71 53 53 73 64 58 58 56 59 55 74 ' ,'0 0 0 0 0 0 0 0 0 0 0 0 0 0 0 0 0 0 0 0 ' ,26 ,1 ,1, 1
94 ,92, 76, '52 60 59 56 53 54 58 68 57 56 54 61 63 60 54 50 60 60 66 56 ' ,'0 0 0 0 0 0 0 0 0 0 0 0 0 0 0 0 0 0 0 0 ' ,19 ,1 ,1, 1
95 ,86, 80, '50 51 65 56 59 64 53 58 56 67 50 57 55 53 59 53 56 56 51 55 ' ,'0 0 0 0 0 0 0 0 0 0 0 0 0 0 0 0 0 0 0 0 ' ,21 ,0 ,0, 0
95 ,87, 77, '58 56 61 67 55 60 68 52 58 54 57 55 52 68 53 58 58 58 55 51 ' ,'0 0 0 0 0 0 0 0 0 0 0 0 0 0 0 0 0 0 0 0 ' ,18 ,1 ,1, 1
88 ,85, 68, '49 53 53 58 48 55 53 51 49 51 44 54 57 55 52 49 51 49 47 55 ' ,'0 0 0 0 0 0 0 0 0 0 0 0 0 0 0 0 0 0 0 0 ' ,18 ,0 ,1, 1
94 ,80, 71, '50 59 51 55 50 49 58 58 56 51 50 52 50 64 51 49 51 52 66 53 ' ,'0 0 0 0 0 0 0 0 0 0 0 0 0 0 0 0 0 0 0 0 ' ,17 ,1 ,1, 1
96 ,79, 78, '52 62 58 56 58 51 56 56 67 60 53 56 58 50 61 52 50 55 50 53 ' ,'0 0 0 0 0 0 0 0 0 0 0 0 0 0 0 0 0 0 0 0 ' ,20 ,1 ,1, 1
107 ,90, 88, '54 81 64 53 69 53 59 59 64 58 60 72 51 56 64 62 56 59 49 57 ' ,'0 0 0 0 0 0 0 0 0 0 0 0 0 0 0 0 0 0 0 0 ' ,30 ,1 ,0, 0
105 ,98, 85, '57 66 61 65 57 64 60 55 66 63 57 59 63 58 59 60 60 59 80 57 ' ,'0 0 0 0 0 0 0 0 0 0 0 0 0 0 0 0 0 0 0 0 ' ,23 ,1 ,0, 0
101 ,95, 81, '59 67 59 58 67 60 58 52 73 61 51 59 58 59 67 63 55 55 65 71 ' ,'0 0 0 0 0 0 0 0 0 0 0 0 0 0 0 0 0 0 0 0 ' ,23 ,1 ,1, 1
110 ,91, 83, '58 68 61 66 62 53 64 56 76 59 57 65 61 65 69 59 62 63 64 62 ' ,'0 0 0 0 0 0 0 0 0 0 0 0 0 0 0 0 0 0 0 0 ' ,22 ,1 ,1, 1
97 ,101, 79, '56 65 68 56 70 57 64 56 69 62 53 59 57 68 64 59 56 63 56 59 ' ,'0 0 0 0 0 0 0 0 0 0 0 0 0 0 0 0 0 0 0 0 ' ,18 ,0 ,2, 2
92 ,88, 74, '58 55 65 57 63 61 58 57 62 62 58 57 55 63 61 60 54 60 60 59 ' ,'0 0 0 0 0 0 0 0 0 0 0 0 0 0 0 0 0 0 0 0 ' ,15 ,0 ,1, 1
98 ,82, 76, '59 57 62 63 60 60 60 58 60 71 59 62 62 61 65 58 58 65 59 58 ' ,'0 0 0 0 0 0 0 0 0 0 0 0 0 0 0 0 0 0 0 0 ' ,15 ,0 ,1, 1
103 ,91, 78, '59 60 59 62 62 58 64 55 66 64 53 60 60 66 54 59 60 60 59 59 ' ,'0 0 0 0 0 0 0 0 0 0 0 0 0 0 0 0 0 0 0 0 ' ,17 ,1 ,0, 0
93 ,90, 73, '65 55 57 51 59 58 63 59 56 58 49 57 59 61 67 57 58 57 69 55 ' ,'0 0 0 0 0 0 0 0 0 0 0 0 0 0 0 0 0 0 0 0 ' ,17 ,1 ,0, 0
95 ,84, 77, '42 49 54 60 52 55 53 57 69 58 44 57 58 69 67 52 48 61 59 56 ' ,'0 0 0 0 0 0 0 0 0 0 0 0 0 0 0 0 0 0 0 0 ' ,27 ,0 ,1, 1
102 ,86, 84, '49 52 65 61 50 51 52 53 47 49 51 46 51 54 59 52 52 58 61 47 ' ,'0 0 0 0 0 0 0 0 0 0 0 0 0 0 0 0 0 0 0 0 ' ,25 ,0 ,2, 1
87 ,91, 69, '55 50 48 49 47 49 49 54 54 50 47 50 47 55 55 51 47 46 52 47 ' ,'0 0 0 0 0 0 0 0 0 0 0 0 0 0 0 0 0 0 0 0 ' ,15 ,1 ,1, 1
110 ,77, 92, '54 56 52 58 52 71 53 64 54 57 54 48 51 59 56 65 55 60 50 52 ' ,'0 0 0 0 0 0 0 0 0 0 0 0 0 0 0 0 0 0 0 0 ' ,17 ,1 ,1, 1
98 ,99, 78, '54 54 60 53 54 55 56 48 48 50 57 47 52 59 68 58 52 53 57 55 ' ,'0 0 0 0 0 0 0 0 0 0 0 0 0 0 0 0 0 0 0 0 ' ,19 ,1 ,1, 1
94 ,87, 76, '53 57 66 62 67 64 52 52 49 57 53 50 52 50 59 58 51 52 60 58 ' ,'0 0 0 0 0 0 0 0 0 0 0 0 0 0 0 0 0 0 0 0 ' ,18 ,0 ,1, 1
111 ,85, 93, '56 55 65 52 59 59 59 57 52 55 54 73 59 59 61 56 81 64 54 54 ' ,'0 0 0 0 0 0 0 0 0 0 0 0 0 0 0 0 0 0 0 0 ' ,35 ,1 ,1, 1
120 ,103, 103, '58 84 56 74 60 56 55 56 72 55 61 90 63 71 57 60 55 59 81 58 ' ,'0 0 0 0 0 0 0 0 0 0 0 0 0 0 0 0 0 0 0 0 ' ,43 ,1 ,1, 1
109 ,111, 84, '57 70 63 53 56 61 61 60 61 57 67 53 61 66 71 69 60 72 61 53 ' ,'0 0 0 0 0 0 0 0 0 0 0 0 0 0 0 0 0 0 0 0 ' ,17 ,0 ,0, 0
94 ,100, 75, '64 61 68 60 62 58 62 59 64 61 68 60 60 66 59 60 57 60 70 64 ' ,'0 0 0 0 0 0 0 0 0 0 0 0 0 0 0 0 0 0 0 0 ' ,13 ,1 ,1, 1
101 ,85, 80, '60 61 56 54 69 59 54 55 58 60 51 53 58 56 60 58 53 59 61 57 ' ,'0 0 0 0 0 0 0 0 0 0 0 0 0 0 0 0 0 0 0 0 ' ,20 ,1 ,1, 1
109 ,93, 90, '54 54 61 79 59 57 62 50 59 53 60 59 60 83 55 53 56 52 67 56 ' ,'0 0 0 0 0 0 0 0 0 0 0 0 0 0 0 0 0 0 0 0 ' ,32 ,0 ,1, 1
92 ,100, 72, '52 53 51 53 57 59 55 54 58 62 62 53 51 49 50 55 52 50 50 50 ' ,'0 0 0 0 0 0 0 0 0 0 0 0 0 0 0 0 0 0 0 0 ' ,19 ,1 ,0, 0
106 ,83, 90, '49 49 47 54 54 55 51 58 63 55 57 55 55 54 50 65 44 62 58 53 ' ,'0 0 0 0 0 0 0 0 0 0 0 0 0 0 0 0 0 0 0 0 ' ,33 ,2 ,1, 1
96 ,97, 73, '48 61 48 52 49 51 54 65 56 49 49 59 56 63 47 45 50 50 60 60 ' ,'0 0 0 0 0 0 0 0 0 0 0 0 0 0 0 0 0 0 0 0 ' ,26 ,1 ,1, 1
93 ,84, 76, '49 58 54 56 57 59 56 53 65 54 57 55 53 67 52 54 53 58 58 51 ' ,'0 0 0 0 0 0 0 0 0 0 0 0 0 0 0 0 0 0 0 0 ' ,18 ,1 ,1, 0
96 ,84, 78, '54 56 57 66 56 51 53 53 69 56 59 49 58 60 58 51 56 58 52 61 ' ,'0 0 0 0 0 0 0 0 0 0 0 0 0 0 0 0 0 0 0 0 ' ,20 ,1 ,1, 1
96 ,86, 76, '50 66 61 49 51 56 55 53 57 58 66 55 53 50 56 58 53 61 56 52 ' ,'0 0 0 0 0 0 0 0 0 0 0 0 0 0 0 0 0 0 0 0 ' ,19 ,1 ,1, 1
172 ,86, 153, '62 60 64 56 61 59 58 56 55 56 62 53 56 55 57 57 50 60 53 60 ' ,'0 0 0 0 0 0 0 0 0 0 0 0 0 0 0 0 0 0 0 0 ' ,97 ,83 ,1, 1
110 ,164, 92, '59 62 55 70 57 56 55 79 70 66 62 59 52 63 58 69 60 55 64 78 ' ,'0 0 0 0 0 0 0 0 0 0 0 0 0 0 0 0 0 0 0 0 ' ,32 ,2 ,1, 1
107 ,101, 88, '55 69 54 76 66 57 60 62 75 62 63 60 60 64 64 64 55 67 67 56 ' ,'0 0 0 0 0 0 0 0 0 0 0 0 0 0 0 0 0 0 0 0 ' ,28 ,1 ,1, 1
99 ,96, 80, '60 72 60 66 68 61 64 62 60 67 70 62 72 58 64 63 61 62 62 66 ' ,'0 0 0 0 0 0 0 0 0 0 0 0 0 0 0 0 0 0 0 0 ' ,16 ,1 ,1, 1
116 ,94, 94, '62 62 64 67 76 63 57 66 58 76 62 59 69 82 59 71 62 71 64 65 ' ,'0 0 0 0 0 0 0 0 0 0 0 0 0 0 0 0 0 0 0 0 ' ,26 ,1 ,1, 1
106 ,103, 89, '65 61 64 74 70 73 68 65 61 63 61 58 55 65 73 73 57 68 63 61 ' ,'0 0 0 0 0 0 0 0 0 0 0 0 0 0 0 0 0 0 0 0 ' ,21 ,1 ,1, 1
100 ,96, 80, '61 71 57 63 59 63 59 57 54 67 58 60 67 60 56 54 56 57 64 57 ' ,'0 0 0 0 0 0 0 0 0 0 0 0 0 0 0 0 0 0 0 0 ' ,21 ,1 ,1, 1
88 ,88, 71, '59 54 55 64 62 64 54 58 48 56 60 48 57 50 57 54 51 58 57 57 ' ,'0 0 0 0 0 0 0 0 0 0 0 0 0 0 0 0 0 0 0 0 ' ,17 ,1 ,0, 0
90 ,79, 73, '49 57 52 59 54 55 61 53 51 62 53 50 53 50 53 49 56 61 55 53 ' ,'0 0 0 0 0 0 0 0 0 0 0 0 0 0 0 0 0 0 0 0 ' ,18 ,1 ,1, 1
94 ,79, 74, '52 52 67 50 64 58 54 51 46 62 50 53 51 51 58 50 50 58 57 51 ' ,'0 0 0 0 0 0 0 0 0 0 0 0 0 0 0 0 0 0 0 0 ' ,22 ,0 ,1, 1
89 ,82, 69, '48 53 49 61 62 55 56 49 55 50 49 51 49 51 50 46 54 58 51 51 ' ,'0 0 0 0 0 0 0 0 0 0 0 0 0 0 0 0 0 0 0 0 ' ,16 ,2 ,0, 0
89 ,79, 72, '56 53 55 48 56 61 54 58 52 53 56 52 54 56 56 54 64 51 50 57 ' ,'0 0 0 0 0 0 0 0 0 0 0 0 0 0 0 0 0 0 0 0 ' ,16 ,0 ,1, 1
101 ,81, 79, '53 63 52 63 57 50 60 60 50 54 56 53 52 69 63 60 58 65 59 65 ' ,'0 0 0 0 0 0 0 0 0 0 0 0 0 0 0 0 0 0 0 0 ' ,22 ,0 ,1, 1
136 ,93, 117, '70 58 58 50 56 56 53 61 53 51 59 57 60 57 58 61 59 57 52 57 ' ,'0 0 0 0 0 0 0 0 0 0 0 0 0 0 0 0 0 0 0 0 ' ,63 ,1 ,1, 1
94 ,127, 76, '54 59 58 55 55 54 57 57 60 58 62 61 56 69 58 59 56 57 66 53 ' ,'0 0 0 0 0 0 0 0 0 0 0 0 0 0 0 0 0 0 0 0 ' ,15 ,1 ,1, 1
151 ,85, 132, '61 59 61 55 67 79 58 70 57 62 66 52 57 62 66 63 53 62 67 63 ' ,'0 0 0 0 0 0 0 0 0 0 0 0 0 0 0 0 0 0 0 0 ' ,72 ,44 ,1, 1
99 ,141, 78, '62 64 58 55 68 55 59 72 57 68 58 66 62 64 60 59 60 62 63 61 ' ,'0 0 0 0 0 0 0 0 0 0 0 0 0 0 0 0 0 0 0 0 ' ,22 ,2 ,1, 1
118 ,90, 100, '55 60 69 57 66 59 58 63 68 66 57 58 58 77 67 60 60 84 69 66 ' ,'0 0 0 0 0 0 0 0 0 0 0 0 0 0 0 0 0 0 0 0 ' ,32 ,1 ,1, 1
94 ,107, 80, '56 69 62 55 60 60 64 62 63 62 68 65 65 66 61 64 61 63 73 72 ' ,'0 0 0 0 0 0 0 0 0 0 0 0 0 0 0 0 0 0 0 0 ' ,17 ,1 ,1, 1
102 ,86, 83, '69 69 58 61 61 70 68 63 60 67 63 63 56 66 59 67 72 65 74 62 ' ,'0 0 0 0 0 0 0 0 0 0 0 0 0 0 0 0 0 0 0 0 ' ,19 ,1 ,0, 0
144 ,93, 122, '64 63 70 57 62 61 64 71 54 62 58 54 61 53 70 72 68 79 68 64 ' ,'0 0 0 0 0 0 0 0 0 0 0 0 0 0 0 0 0 0 0 0 ' ,62 ,35 ,1, 1
96 ,132, 78, '62 55 56 57 50 58 57 61 61 60 50 52 58 52 58 54 60 70 62 62 ' ,'0 0 0 0 0 0 0 0 0 0 0 0 0 0 0 0 0 0 0 0 ' ,22 ,1 ,1, 1
92 ,87, 75, '56 58 56 55 51 51 57 53 65 48 51 54 53 59 53 52 65 46 70 48 ' ,'0 0 0 0 0 0 0 0 0 0 0 0 0 0 0 0 0 0 0 0 ' ,21 ,1 ,1, 1
95 ,85, 76, '48 53 51 44 49 49 51 49 56 49 51 51 56 52 50 56 59 69 64 47 ' ,'0 0 0 0 0 0 0 0 0 0 0 0 0 0 0 0 0 0 0 0 ' ,23 ,1 ,1, 1
109 ,87, 92, '86 52 57 53 63 68 51 57 48 55 56 49 64 51 64 57 59 55 50 51 ' ,'0 0 0 0 0 0 0 0 0 0 0 0 0 0 0 0 0 0 0 0 ' ,36 ,1 ,1, 1
135 ,100, 117, '66 50 58 61 63 52 49 65 55 83 50 47 53 55 57 55 50 57 70 59 ' ,'0 0 0 0 0 0 0 0 0 0 0 0 0 0 0 0 0 0 0 0 ' ,60 ,26 ,0, 0
93 ,126, 70, '56 60 56 56 52 50 56 59 56 51 51 52 47 56 55 51 57 51 54 53 ' ,'0 0 0 0 0 0 0 0 0 0 0 0 0 0 0 0 0 0 0 0 ' ,11 ,1 ,1, 1
89 ,74, 73, '53 53 54 62 55 56 61 55 65 50 49 51 52 57 53 51 53 56 55 51 ' ,'0 0 0 0 0 0 0 0 0 0 0 0 0 0 0 0 0 0 0 0 ' ,15 ,1 ,1, 1
107 ,80, 82, '57 53 58 55 58 56 49 55 54 53 55 50 61 57 55 54 53 56 49 63 ' ,'0 0 0 0 0 0 0 0 0 0 0 0 0 0 0 0 0 0 0 0 ' ,21 ,0 ,0, 0
103 ,87, 83, '59 55 57 61 63 52 51 70 53 62 60 51 51 54 68 56 58 57 59 56 ' ,'0 0 0 0 0 0 0 0 0 0 0 0 0 0 0 0 0 0 0 0 ' ,26 ,1 ,1, 1
95 ,93, 79, '51 60 62 52 54 61 63 59 58 54 60 59 58 70 53 51 65 64 70 55 ' ,'0 0 0 0 0 0 0 0 0 0 0 0 0 0 0 0 0 0 0 0 ' ,21 ,1 ,1, 1
188 ,86, 164, '65 58 55 52 59 58 58 59 56 62 61 56 55 59 62 56 62 58 69 64 ' ,'0 0 0 0 0 0 0 0 0 0 0 0 0 0 0 0 0 0 0 0 ' ,104 ,1 ,1, 1
127 ,172, 107, '60 63 67 66 62 65 69 58 59 60 60 58 57 60 72 60 60 65 58 86 ' ,'0 0 0 0 0 0 0 0 0 0 0 0 0 0 0 0 0 0 0 0 ' ,43 ,2 ,2, 2
101 ,117, 83, '57 64 63 62 56 57 67 56 75 59 59 62 63 58 57 59 64 68 71 61 ' ,'0 0 0 0 0 0 0 0 0 0 0 0 0 0 0 0 0 0 0 0 ' ,24 ,1 ,0, 0
98 ,93, 80, '60 67 68 67 57 61 59 58 58 62 56 56 63 54 66 60 59 62 61 69 ' ,'0 0 0 0 0 0 0 0 0 0 0 0 0 0 0 0 0 0 0 0 ' ,20 ,1 ,1, 1
98 ,89, 76, '63 54 64 53 50 57 59 66 66 55 55 54 57 54 58 58 56 57 63 53 ' ,'0 0 0 0 0 0 0 0 0 0 0 0 0 0 0 0 0 0 0 0 ' ,19 ,1 ,1, 1
91 ,88, 76, '61 54 62 68 50 56 56 56 48 54 54 49 52 48 58 55 60 53 56 59 ' ,'0 0 0 0 0 0 0 0 0 0 0 0 0 0 0 0 0 0 0 0 ' ,18 ,1 ,1, 1
111 ,83, 94, '55 56 74 53 53 53 58 62 49 63 48 51 58 67 57 53 54 56 56 76 ' ,'0 0 0 0 0 0 0 0 0 0 0 0 0 0 0 0 0 0 0 0 ' ,38 ,1 ,1, 1
114 ,102, 85, '67 52 54 48 48 51 81 50 47 51 54 71 47 59 52 53 51 53 47 69 ' ,'0 0 0 0 0 0 0 0 0 0 0 0 0 0 0 0 0 0 0 0 ' ,37 ,1 ,1, 1
107 ,97, 90, '71 51 75 54 44 51 50 57 60 53 54 49 67 67 52 77 54 50 52 45 ' ,'0 0 0 0 0 0 0 0 0 0 0 0 0 0 0 0 0 0 0 0 ' ,39 ,1 ,1, 1
102 ,97, 82, '54 46 58 55 48 57 56 54 60 63 52 55 54 52 71 58 48 56 56 54 ' ,'0 0 0 0 0 0 0 0 0 0 0 0 0 0 0 0 0 0 0 0 ' ,27 ,1 ,1, 1
101 ,93, 84, '52 55 55 68 50 63 56 55 50 53 73 63 47 54 55 52 58 53 71 52 ' ,'0 0 0 0 0 0 0 0 0 0 0 0 0 0 0 0 0 0 0 0 ' ,26 ,1 ,1, 1
94 ,92, 79, '62 61 59 57 51 70 64 62 51 52 56 57 49 57 55 62 60 58 50 51 ' ,'0 0 0 0 0 0 0 0 0 0 0 0 0 0 0 0 0 0 0 0 ' ,22 ,1 ,0, 0
118 ,85, 102, '52 58 67 59 58 59 59 69 80 57 61 54 57 83 62 58 55 55 65 53 ' ,'0 0 0 0 0 0 0 0 0 0 0 0 0 0 0 0 0 0 0 0 ' ,37 ,1 ,1, 1
99 ,107, 81, '54 54 68 52 61 57 58 67 57 63 64 55 58 58 65 55 58 69 60 58 ' ,'0 0 0 0 0 0 0 0 0 0 0 0 0 0 0 0 0 0 0 0 ' ,21 ,1 ,1, 1
101 ,88, 81, '56 62 71 62 59 57 59 55 58 55 59 61 57 74 60 65 55 58 70 59 ' ,'0 0 0 0 0 0 0 0 0 0 0 0 0 0 0 0 0 0 0 0 ' ,18 ,1 ,1, 1
108 ,92, 84, '60 63 58 64 60 56 62 58 59 53 65 56 61 67 65 73 57 60 61 57 ' ,'0 0 0 0 0 0 0 0 0 0 0 0 0 0 0 0 0 0 0 0 ' ,23 ,1 ,0, 0
99 ,99, 84, '60 70 67 64 59 64 67 60 73 60 63 64 58 54 64 63 62 66 59 62 ' ,'0 0 0 0 0 0 0 0 0 0 0 0 0 0 0 0 0 0 0 0 ' ,23 ,1 ,1, 1
123 ,91, 106, '57 65 79 61 64 68 70 63 73 65 60 55 61 70 93 60 56 68 66 84 ' ,'0 0 0 0 0 0 0 0 0 0 0 0 0 0 0 0 0 0 0 0 ' ,41 ,1 ,0, 0
100 ,113, 85, '61 57 62 62 57 61 68 59 75 61 59 56 60 56 64 54 59 66 58 56 ' ,'0 0 0 0 0 0 0 0 0 0 0 0 0 0 0 0 0 0 0 0 ' ,21 ,1 ,0, 0
108 ,91, 90, '51 53 61 61 56 62 61 76 64 71 54 61 60 54 61 64 56 62 54 61 ' ,'0 0 0 0 0 0 0 0 0 0 0 0 0 0 0 0 0 0 0 0 ' ,27 ,2 ,1, 1
111 ,97, 89, '51 57 57 52 55 57 53 54 57 61 56 57 49 52 60 55 60 51 67 72 ' ,'0 0 0 0 0 0 0 0 0 0 0 0 0 0 0 0 0 0 0 0 ' ,29 ,1 ,1, 1
94 ,99, 74, '47 46 54 48 46 47 66 57 58 53 54 51 55 46 53 53 50 49 52 48 ' ,'0 0 0 0 0 0 0 0 0 0 0 0 0 0 0 0 0 0 0 0 ' ,23 ,2 ,1, 1
89 ,85, 65, '48 51 48 46 46 50 56 50 47 59 56 49 43 59 52 50 63 56 54 51 ' ,'0 0 0 0 0 0 0 0 0 0 0 0 0 0 0 0 0 0 0 0 ' ,17 ,0 ,0, 0
91 ,80, 76, '49 48 64 52 55 52 56 52 62 55 52 51 49 53 65 52 53 47 54 59 ' ,'0 0 0 0 0 0 0 0 0 0 0 0 0 0 0 0 0 0 0 0 ' ,21 ,0 ,1, 1
92 ,84, 76, '52 48 60 50 51 54 52 56 50 54 59 55 52 66 62 54 52 51 51 54 ' ,'0 0 0 0 0 0 0 0 0 0 0 0 0 0 0 0 0 0 0 0 ' ,22 ,2 ,1, 1
106 ,84, 79, '49 55 51 53 59 52 50 54 57 55 55 52 62 57 72 71 52 61 65 54 ' ,'0 0 0 0 0 0 0 0 0 0 0 0 0 0 0 0 0 0 0 0 ' ,24 ,1 ,1, 1
100 ,91, 75, '58 56 63 52 55 56 59 57 56 59 67 59 54 64 63 57 65 58 59 56 ' ,'0 0 0 0 0 0 0 0 0 0 0 0 0 0 0 0 0 0 0 0 ' ,16 ,1 ,1, 1
105 ,91, 82, '55 56 69 69 59 55 60 71 66 56 63 55 57 80 59 54 55 63 60 55 ' ,'0 0 0 0 0 0 0 0 0 0 0 0 0 0 0 0 0 0 0 0 ' ,26 ,1 ,1, 1
110 ,96, 92, '62 65 61 67 63 64 58 63 63 59 56 56 56 60 69 72 62 67 56 60 ' ,'0 0 0 0 0 0 0 0 0 0 0 0 0 0 0 0 0 0 0 0 ' ,20 ,1 ,1, 1
109 ,101, 90, '58 63 57 65 68 72 69 62 64 57 63 61 57 81 57 68 63 66 69 59 ' ,'0 0 0 0 0 0 0 0 0 0 0 0 0 0 0 0 0 0 0 0 ' ,25 ,1 ,1, 1
104 ,99, 86, '66 58 61 65 63 67 58 59 64 66 75 64 64 58 69 63 56 59 73 62 ' ,'0 0 0 0 0 0 0 0 0 0 0 0 0 0 0 0 0 0 0 0 ' ,21 ,1 ,1, 1
107 ,96, 90, '65 58 64 72 68 81 61 61 78 62 76 59 57 60 59 66 67 58 76 62 ' ,'0 0 0 0 0 0 0 0 0 0 0 0 0 0 0 0 0 0 0 0 ' ,23 ,1 ,1, 1
116 ,98, 99, '62 65 65 70 67 63 73 57 79 63 61 61 58 60 62 73 66 63 67 65 ' ,'0 0 0 0 0 0 0 0 0 0 0 0 0 0 0 0 0 0 0 0 ' ,26 ,1 ,2, 2
111 ,105, 83, '64 66 63 67 60 64 65 65 62 61 62 68 55 62 60 72 60 59 72 68 ' ,'0 0 0 0 0 0 0 0 0 0 0 0 0 0 0 0 0 0 0 0 ' ,17 ,1 ,1, 1
118 ,104, 101, '66 64 69 59 56 67 58 61 92 57 56 54 53 80 73 56 66 58 61 57 ' ,'0 0 0 0 0 0 0 0 0 0 0 0 0 0 0 0 0 0 0 0 ' ,38 ,1 ,2, 2
106 ,110, 88, '65 71 56 58 51 59 58 58 68 52 55 57 56 56 73 54 67 52 60 54 ' ,'0 0 0 0 0 0 0 0 0 0 0 0 0 0 0 0 0 0 0 0 ' ,31 ,1 ,0, 0
110 ,98, 93, '65 56 65 52 48 62 59 55 61 80 66 62 62 51 50 51 76 69 55 68 ' ,'0 0 0 0 0 0 0 0 0 0 0 0 0 0 0 0 0 0 0 0 ' ,39 ,2 ,1, 1
97 ,102, 80, '52 54 53 54 49 53 59 51 72 51 56 49 45 57 54 50 54 50 60 46 ' ,'0 0 0 0 0 0 0 0 0 0 0 0 0 0 0 0 0 0 0 0 ' ,25 ,1 ,1, 1
101 ,91, 84, '52 49 58 66 54 62 52 54 67 64 54 48 59 59 55 53 55 53 72 54 ' ,'0 0 0 0 0 0 0 0 0 0 0 0 0 0 0 0 0 0 0 0 ' ,25 ,1 ,1, 1
111 ,93, 92, '49 49 81 52 51 59 47 54 48 50 57 50 49 59 51 50 50 49 57 48 ' ,'0 0 0 0 0 0 0 0 0 0 0 0 0 0 0 0 0 0 0 0 ' ,35 ,1 ,0, 0
100 ,102, 79, '56 54 60 53 58 58 52 64 57 50 57 49 53 59 69 52 51 58 54 47 ' ,'0 0 0 0 0 0 0 0 0 0 0 0 0 0 0 0 0 0 0 0 ' ,23 ,1 ,1, 1
109 ,87, 94, '56 55 57 52 83 52 49 58 56 77 54 60 52 56 62 59 59 62 55 49 ' ,'0 0 0 0 0 0 0 0 0 0 0 0 0 0 0 0 0 0 0 0 ' ,35 ,1 ,1, 1
96 ,100, 80, '53 57 58 55 65 58 55 66 57 63 52 55 52 60 63 54 57 64 73 58 ' ,'0 0 0 0 0 0 0 0 0 0 0 0 0 0 0 0 0 0 0 0 ' ,19 ,1 ,1, 1
96 ,86, 79, '58 65 63 55 68 69 63 61 62 58 62 58 56 65 60 61 66 63 65 60 ' ,'0 0 0 0 0 0 0 0 0 0 0 0 0 0 0 0 0 0 0 0 ' ,15 ,1 ,1, 1
101 ,86, 82, '55 65 65 68 65 58 61 67 72 68 61 59 61 72 64 56 60 69 67 63 ' ,'0 0 0 0 0 0 0 0 0 0 0 0 0 0 0 0 0 0 0 0 ' ,19 ,1 ,0, 0
102 ,93, 83, '60 62 71 64 65 60 74 61 67 69 59 67 57 59 70 55 62 66 67 69 ' ,'0 0 0 0 0 0 0 0 0 0 0 0 0 0 0 0 0 0 0 0 ' ,24 ,2 ,1, 1
95 ,94, 79, '63 56 58 61 67 61 58 57 60 62 50 63 53 70 61 60 52 60 59 61 ' ,'0 0 0 0 0 0 0 0 0 0 0 0 0 0 0 0 0 0 0 0 ' ,19 ,1 ,1, 1
94 ,85, 74, '60 56 61 61 55 61 59 57 57 56 55 56 58 57 55 54 56 65 69 53 ' ,'0 0 0 0 0 0 0 0 0 0 0 0 0 0 0 0 0 0 0 0 ' ,17 ,1 ,2, 2
98 ,85, 79, '54 50 53 62 54 54 57 56 48 59 51 51 55 67 57 52 55 50 50 60 ' ,'0 0 0 0 0 0 0 0 0 0 0 0 0 0 0 0 0 0 0 0 ' ,20 ,1 ,1, 1
91 ,87, 75, '61 55 59 56 52 54 54 52 62 54 52 52 51 62 58 51 56 51 64 51 ' ,'0 0 0 0 0 0 0 0 0 0 0 0 0 0 0 0 0 0 0 0 ' ,17 ,1 ,0, 0
98 ,82, 77, '58 52 59 61 55 57 55 54 62 65 53 59 51 54 57 53 52 53 52 54 ' ,'0 0 0 0 0 0 0 0 0 0 0 0 0 0 0 0 0 0 0 0 ' ,18 ,1 ,1, 1
100 ,86, 80, '52 54 61 68 50 53 59 61 55 57 50 57 55 55 51 51 54 66 57 51 ' ,'0 0 0 0 0 0 0 0 0 0 0 0 0 0 0 0 0 0 0 0 ' ,24 ,1 ,1, 1
87 ,90, 72, '49 50 59 51 56 56 58 62 48 55 48 49 49 62 61 52 50 56 54 53 ' ,'0 0 0 0 0 0 0 0 0 0 0 0 0 0 0 0 0 0 0 0 ' ,14 ,1 ,1, 1
96 ,79, 79, '51 54 52 56 59 58 61 59 60 60 58 51 64 56 51 51 54 51 62 68 ' ,'0 0 0 0 0 0 0 0 0 0 0 0 0 0 0 0 0 0 0 0 ' ,23 ,1 ,0, 0
108 ,87, 90, '47 51 49 48 74 59 55 51 50 54 52 54 54 56 55 53 81 54 62 58 ' ,'0 0 0 0 0 0 0 0 0 0 0 0 0 0 0 0 0 0 0 0 ' ,34 ,1 ,1, 1
106 ,98, 87, '51 58 55 75 54 54 56 53 56 58 60 52 48 76 51 51 54 51 59 53 ' ,'0 0 0 0 0 0 0 0 0 0 0 0 0 0 0 0 0 0 0 0 ' ,29 ,1 ,1, 1
93 ,97, 73, '49 53 60 52 57 52 53 56 62 49 53 55 57 55 53 67 54 65 59 50 ' ,'0 0 0 0 0 0 0 0 0 0 0 0 0 0 0 0 0 0 0 0 ' ,15 ,1 ,1, 1
103 ,86, 86, '48 57 64 53 62 56 63 53 62 60 58 67 55 56 65 52 69 49 56 57 ' ,'0 0 0 0 0 0 0 0 0 0 0 0 0 0 0 0 0 0 0 0 ' ,28 ,1 ,1, 1
102 ,93, 85, '50 77 49 56 53 55 51 59 54 50 52 68 58 60 56 52 53 58 59 52 ' ,'0 0 0 0 0 0 0 0 0 0 0 0 0 0 0 0 0 0 0 0 ' ,28 ,1 ,1, 1
97 ,94, 81, '50 49 58 58 52 52 48 53 64 57 55 65 55 60 53 50 48 50 57 51 ' ,'0 0 0 0 0 0 0 0 0 0 0 0 0 0 0 0 0 0 0 0 ' ,25 ,1 ,2, 1
93 ,85, 74, '50 54 59 48 51 52 52 62 52 59 54 52 53 57 50 54 55 58 60 49 ' ,'0 0 0 0 0 0 0 0 0 0 0 0 0 0 0 0 0 0 0 0 ' ,15 ,1 ,1, 1
102 ,83, 81, '56 57 69 55 58 55 58 57 61 55 59 60 54 61 57 58 68 57 65 55 ' ,'0 0 0 0 0 0 0 0 0 0 0 0 0 0 0 0 0 0 0 0 ' ,19 ,2 ,0, 0
97 ,92, 74, '54 55 57 60 59 62 59 64 65 54 60 60 53 69 54 69 57 55 58 52 ' ,'0 0 0 0 0 0 0 0 0 0 0 0 0 0 0 0 0 0 0 0 ' ,17 ,1 ,1, 1
95 ,87, 78, '56 58 61 58 66 69 60 66 65 64 58 54 61 62 61 66 58 64 60 60 ' ,'0 0 0 0 0 0 0 0 0 0 0 0 0 0 0 0 0 0 0 0 ' ,14 ,1 ,0, 0
130 ,88, 109, '57 76 60 63 63 61 99 53 78 57 60 60 60 72 67 56 60 72 69 59 ' ,'0 0 0 0 0 0 0 0 0 0 0 0 0 0 0 0 0 0 0 0 ' ,47 ,1 ,1, 1
96 ,122, 79, '51 70 58 54 66 56 67 67 64 60 60 55 65 60 59 54 58 63 58 57 ' ,'0 0 0 0 0 0 0 0 0 0 0 0 0 0 0 0 0 0 0 0 ' ,21 ,0 ,1, 1
111 ,88, 84, '50 55 57 60 52 51 50 51 49 54 52 49 48 59 52 51 50 59 57 57 ' ,'0 0 0 0 0 0 0 0 0 0 0 0 0 0 0 0 0 0 0 0 ' ,38 ,1 ,1, 1
101 ,102, 80, '58 60 62 74 57 56 58 55 71 53 51 53 52 51 55 56 56 54 51 57 ' ,'0 0 0 0 0 0 0 0 0 0 0 0 0 0 0 0 0 0 0 0 ' ,25 ,1 ,0, 0
100 ,92, 85, '54 56 64 69 68 55 55 53 51 58 62 64 53 51 59 61 52 54 57 61 ' ,'0 0 0 0 0 0 0 0 0 0 0 0 0 0 0 0 0 0 0 0 ' ,23 ,2 ,1, 1
94 ,92, 76, '57 59 61 65 58 54 60 56 53 65 60 53 61 49 59 59 58 60 53 56 ' ,'0 0 0 0 0 0 0 0 0 0 0 0 0 0 0 0 0 0 0 0 ' ,19 ,1 ,1, 1
100 ,85, 83, '51 57 61 60 64 52 61 58 55 56 72 54 52 61 57 58 56 54 67 56 ' ,'0 0 0 0 0 0 0 0 0 0 0 0 0 0 0 0 0 0 0 0 ' ,23 ,1 ,1, 1
87 ,91, 70, '47 50 50 50 51 54 48 51 48 49 52 54 51 54 45 61 47 52 54 49 ' ,'0 0 0 0 0 0 0 0 0 0 0 0 0 0 0 0 0 0 0 0 ' ,17 ,1 ,0, 0
217 ,78, 188, '52 63 47 179 51 56 46 56 60 49 49 57 56 63 46 47 60 48 51 53 ' ,'0 0 0 104 0 0 145 0 0 0 0 0 0 0 0 0 0 0 0 0 ' ,135 ,2 ,1, 1
234 ,241, 215, '52 84 56 52 48 55 51 65 50 51 54 53 54 69 46 51 206 57 63 54 ' ,'0 0 0 0 0 0 0 0 0 0 0 177 0 0 0 0 136 0 0 0 ' ,163 ,2 ,1, 1
144 ,225, 124, '69 57 58 46 58 61 54 61 54 54 78 60 54 58 51 82 62 66 55 51 ' ,'0 0 0 0 0 0 0 0 0 0 130 0 0 0 0 0 0 0 0 0 ' ,69 ,1 ,2, 2
97 ,133, 81, '53 59 60 75 57 59 57 74 72 59 59 55 61 62 61 58 54 71 67 63 ' ,'0 0 0 0 0 0 0 0 0 0 0 0 0 0 0 0 0 0 0 0 ' ,22 ,2 ,1, 1
100 ,89, 79, '58 61 62 67 62 64 62 73 61 63 61 69 60 69 59 71 60 65 63 65 ' ,'0 0 0 0 0 0 0 0 0 0 0 0 0 0 0 0 0 0 0 0 ' ,16 ,1 ,1, 1
101 ,91, 82, '57 64 62 58 59 58 63 70 72 62 63 69 73 62 57 66 62 70 67 70 ' ,'0 0 0 0 0 0 0 0 0 0 0 0 0 0 0 0 0 0 0 0 ' ,20 ,1 ,1, 1
99 ,93, 80, '65 65 57 63 62 72 66 59 63 60 57 62 66 71 59 62 68 63 60 62 ' ,'0 0 0 0 0 0 0 0 0 0 0 0 0 0 0 0 0 0 0 0 ' ,16 ,1 ,0, 0
101 ,90, 83, '61 67 58 74 54 64 62 59 77 58 57 59 61 69 58 58 56 63 75 57 ' ,'0 0 0 0 0 0 0 0 0 0 0 0 0 0 0 0 0 0 0 0 ' ,24 ,1 ,1, 1
107 ,93, 89, '59 60 61 68 58 68 60 56 72 60 54 54 56 50 58 59 55 68 86 55 ' ,'0 0 0 0 0 0 0 0 0 0 0 0 0 0 0 0 0 0 0 0 ' ,34 ,1 ,1, 1
116 ,100, 91, '69 60 57 84 59 55 64 56 53 58 52 53 57 62 63 53 55 58 71 59 ' ,'0 0 0 0 0 0 0 0 0 0 0 0 0 0 0 0 0 0 0 0 ' ,32 ,1 ,1, 1
92 ,108, 74, '56 59 54 57 59 60 59 63 55 64 54 64 57 57 65 63 57 63 62 57 ' ,'0 0 0 0 0 0 0 0 0 0 0 0 0 0 0 0 0 0 0 0 ' ,14 ,1 ,0, 0
99 ,84, 82, '61 57 65 75 54 54 61 60 59 50 51 61 59 72 51 50 53 60 54 59 ' ,'0 0 0 0 0 0 0 0 0 0 0 0 0 0 0 0 0 0 0 0 ' ,28 ,2 ,1, 1
96 ,91, 78, '54 58 59 53 51 56 64 58 51 53 56 53 51 64 54 69 55 56 72 50 ' ,'0 0 0 0 0 0 0 0 0 0 0 0 0 0 0 0 0 0 0 0 ' ,21 ,1 ,1, 1
101 ,86, 85, '52 69 64 62 48 53 54 69 53 50 54 52 53 56 52 58 54 67 57 50 ' ,'0 0 0 0 0 0 0 0 0 0 0 0 0 0 0 0 0 0 0 0 ' ,26 ,1 ,1, 1
96 ,94, 77, '57 63 57 55 57 53 54 65 63 61 65 54 63 57 54 51 54 55 54 60 ' ,'0 0 0 0 0 0 0 0 0 0 0 0 0 0 0 0 0 0 0 0 ' ,21 ,2 ,1, 1
98 ,86, 78, '53 53 58 56 54 50 50 62 54 58 58 63 54 62 53 49 55 64 55 59 ' ,'0 0 0 0 0 0 0 0 0 0 0 0 0 0 0 0 0 0 0 0 ' ,25 ,1 ,0, 0
98 ,90, 78, '55 56 56 65 56 53 65 54 62 59 60 54 66 72 60 54 59 52 57 56 ' ,'0 0 0 0 0 0 0 0 0 0 0 0 0 0 0 0 0 0 0 0 ' ,23 ,2 ,1, 1
167 ,88, 148, '48 52 50 49 54 54 76 60 56 56 72 52 45 60 51 73 140 51 53 56 ' ,'0 0 0 0 0 0 0 0 0 0 0 0 0 0 0 0 0 0 0 0 ' ,95 ,1 ,1, 1
95 ,157, 76, '59 57 56 56 65 53 56 57 57 59 59 54 66 72 57 68 61 59 71 59 ' ,'0 0 0 0 0 0 0 0 0 0 0 0 0 0 0 0 0 0 0 0 ' ,20 ,1 ,0, 0
108 ,87, 83, '64 57 67 58 60 52 59 61 72 65 59 67 65 69 53 57 59 60 81 56 ' ,'0 0 0 0 0 0 0 0 0 0 0 0 0 0 0 0 0 0 0 0 ' ,26 ,1 ,1, 1
103 ,98, 84, '67 55 57 57 73 59 57 68 60 62 69 54 61 63 67 61 56 63 59 65 ' ,'0 0 0 0 0 0 0 0 0 0 0 0 0 0 0 0 0 0 0 0 ' ,22 ,1 ,1, 1
115 ,96, 90, '64 56 57 61 63 58 66 78 59 68 62 58 56 62 66 60 63 65 72 81 ' ,'0 0 0 0 0 0 0 0 0 0 0 0 0 0 0 0 0 0 0 0 ' ,32 ,2 ,1, 1
102 ,104, 83, '69 63 62 60 67 74 57 62 57 66 64 57 73 60 62 63 68 65 75 66 ' ,'0 0 0 0 0 0 0 0 0 0 0 0 0 0 0 0 0 0 0 0 ' ,19 ,1 ,0, 0
107 ,91, 88, '59 67 62 76 71 59 64 60 77 73 68 61 57 68 78 65 58 56 70 67 ' ,'0 0 0 0 0 0 0 0 0 0 0 0 0 0 0 0 0 0 0 0 ' ,24 ,1 ,1, 1
193 ,99, 164, '61 68 60 68 65 62 64 68 63 67 67 153 66 67 62 65 65 76 73 64 ' ,'0 0 0 0 0 0 0 0 0 0 0 0 0 0 0 0 0 0 0 0 ' ,104 ,2 ,2, 2
110 ,179, 88, '63 64 60 65 61 62 72 60 81 68 60 62 57 72 65 65 68 62 69 69 ' ,'0 0 0 0 0 0 0 0 0 0 0 0 0 0 0 0 0 0 0 0 ' ,23 ,1 ,1, 1
116 ,102, 95, '62 67 64 62 67 69 70 79 62 68 64 65 61 70 80 64 61 72 72 77 ' ,'0 0 0 0 0 0 0 0 0 0 0 0 0 0 0 0 0 0 0 0 ' ,29 ,2 ,1, 1
98 ,105, 81, '56 60 60 74 62 68 64 61 68 66 60 69 63 66 60 67 73 59 76 65 ' ,'0 0 0 0 0 0 0 0 0 0 0 0 0 0 0 0 0 0 0 0 ' ,18 ,1 ,1, 1
107 ,90, 89, '58 57 80 80 62 64 73 70 82 67 56 59 59 68 64 59 58 63 79 66 ' ,'0 0 0 0 0 0 0 0 0 0 0 0 0 0 0 0 0 0 0 0 ' ,26 ,1 ,1, 1
106 ,99, 88, '52 56 52 55 51 52 65 64 71 53 58 61 51 72 60 56 60 51 57 76 ' ,'0 0 0 0 0 0 0 0 0 0 0 0 0 0 0 0 0 0 0 0 ' ,30 ,1 ,1, 1
89 ,100, 72, '50 53 56 55 53 51 60 57 55 56 49 50 61 64 53 47 54 56 59 58 ' ,'0 0 0 0 0 0 0 0 0 0 0 0 0 0 0 0 0 0 0 0 ' ,19 ,1 ,1, 1
118 ,80, 94, '68 56 50 53 64 53 54 53 76 66 52 51 50 57 56 62 56 58 54 50 ' ,'0 0 0 0 0 0 0 0 0 0 0 0 0 0 0 0 0 0 0 0 ' ,43 ,1 ,1, 1
96 ,109, 77, '58 55 65 53 58 49 50 55 62 56 51 56 54 61 54 55 68 51 57 59 ' ,'0 0 0 0 0 0 0 0 0 0 0 0 0 0 0 0 0 0 0 0 ' ,21 ,1 ,1, 1
320 ,86, 303, '53 56 76 51 57 55 65 55 52 54 57 57 56 51 52 55 61 54 51 54 ' ,'0 0 0 0 0 0 0 0 0 0 0 0 0 0 0 0 0 0 0 0 ' ,248 ,219 ,1, 1
