263 ,0, 143, '79 71 84 73 ' ,'0 0 0 0 ' ,29 ,8 ,8, 8
845 ,163, 819, '389 785 400 429 ' ,'0 0 0 0 ' ,395 ,3 ,8, 8
443 ,829, 425, '392 356 350 365 ' ,'0 0 0 0 ' ,52 ,3 ,8, 8
462 ,722, 443, '367 369 381 417 ' ,'0 0 0 0 ' ,52 ,1 ,9, 9
460 ,526, 440, '392 387 396 408 ' ,'0 0 0 0 ' ,17 ,2 ,14, 14
489 ,445, 463, '435 427 421 429 ' ,'0 0 0 0 ' ,18 ,2 ,11, 11
496 ,471, 473, '429 410 430 438 ' ,'0 0 0 0 ' ,35 ,3 ,11, 11
496 ,480, 471, '414 410 410 442 ' ,'0 0 0 0 ' ,31 ,1 ,9, 9
490 ,477, 467, '411 400 427 430 ' ,'0 0 0 0 ' ,45 ,4 ,8, 8
1067 ,475, 411, '376 364 395 387 ' ,'0 0 0 0 ' ,29 ,1 ,6, 6
392 ,423, 365, '310 315 340 331 ' ,'0 0 0 0 ' ,36 ,4 ,6, 6
390 ,380, 364, '343 340 341 345 ' ,'0 0 0 0 ' ,12 ,3 ,4, 4
413 ,373, 394, '349 346 353 365 ' ,'0 0 0 0 ' ,25 ,3 ,10, 10
459 ,399, 435, '377 379 390 414 ' ,'0 0 0 0 ' ,36 ,1 ,9, 9
482 ,441, 459, '401 398 431 411 ' ,'0 0 0 0 ' ,40 ,5 ,11, 11
477 ,465, 457, '418 428 425 433 ' ,'0 0 0 0 ' ,19 ,2 ,8, 8
1309 ,462, 443, '421 406 423 414 ' ,'0 0 0 0 ' ,14 ,1 ,10, 10
457 ,449, 441, '412 398 420 416 ' ,'0 0 0 0 ' ,23 ,1 ,12, 12
448 ,445, 430, '399 406 408 407 ' ,'0 0 0 0 ' ,13 ,1 ,10, 10
478 ,437, 454, '409 410 420 433 ' ,'0 0 0 0 ' ,27 ,1 ,11, 11
475 ,459, 452, '430 416 436 428 ' ,'0 0 0 0 ' ,20 ,1 ,8, 8
482 ,460, 460, '444 398 432 410 ' ,'0 0 0 0 ' ,46 ,0 ,7, 7
481 ,469, 464, '400 400 425 402 ' ,'0 0 0 0 ' ,45 ,8 ,10, 10
455 ,469, 432, '398 412 396 394 ' ,'0 0 0 0 ' ,22 ,2 ,9, 9
444 ,438, 418, '382 383 384 397 ' ,'0 0 0 0 ' ,17 ,1 ,11, 11
439 ,425, 415, '366 368 395 364 ' ,'0 0 0 0 ' ,34 ,1 ,10, 10
414 ,421, 392, '361 345 376 373 ' ,'0 0 0 0 ' ,34 ,1 ,7, 7
429 ,399, 406, '351 360 383 361 ' ,'0 0 0 0 ' ,34 ,1 ,8, 8
432 ,411, 408, '369 362 371 388 ' ,'0 0 0 0 ' ,27 ,1 ,10, 10
435 ,413, 412, '382 379 397 390 ' ,'0 0 0 0 ' ,21 ,2 ,5, 5
468 ,424, 444, '427 406 387 409 ' ,'0 0 0 0 ' ,43 ,1 ,6, 6
448 ,453, 422, '390 405 400 393 ' ,'0 0 0 0 ' ,19 ,2 ,7, 7
469 ,430, 449, '407 411 422 433 ' ,'0 0 0 0 ' ,27 ,1 ,9, 9
527 ,456, 507, '451 458 486 448 ' ,'0 0 0 0 ' ,41 ,1 ,10, 9
503 ,513, 480, '452 442 458 456 ' ,'0 0 0 0 ' ,17 ,1 ,12, 12
476 ,486, 459, '429 426 436 443 ' ,'0 0 0 0 ' ,18 ,1 ,8, 8
479 ,466, 463, '423 419 439 443 ' ,'0 0 0 0 ' ,25 ,1 ,11, 11
483 ,469, 466, '439 436 446 442 ' ,'0 0 0 0 ' ,11 ,1 ,9, 9
3761 ,470, 475, '435 445 432 457 ' ,'0 0 0 0 ' ,26 ,1 ,9, 9
435 ,485, 411, '362 342 390 363 ' ,'0 0 0 0 ' ,50 ,2 ,9, 9
425 ,417, 403, '378 384 373 383 ' ,'0 0 0 0 ' ,12 ,1 ,8, 8
422 ,409, 400, '370 367 370 384 ' ,'0 0 0 0 ' ,18 ,1 ,6, 6
392 ,412, 369, '349 349 348 350 ' ,'0 0 0 0 ' ,5 ,1 ,9, 8
406 ,375, 381, '354 364 353 363 ' ,'0 0 0 0 ' ,10 ,1 ,9, 9
452 ,387, 426, '409 368 365 380 ' ,'0 0 0 0 ' ,43 ,1 ,8, 8
447 ,432, 427, '409 378 386 379 ' ,'0 0 0 0 ' ,32 ,1 ,8, 8
433 ,433, 410, '384 384 391 388 ' ,'0 0 0 0 ' ,11 ,1 ,9, 9
496 ,420, 470, '450 402 430 401 ' ,'0 0 0 0 ' ,52 ,2 ,9, 9
471 ,477, 448, '413 421 429 416 ' ,'0 0 0 0 ' ,20 ,1 ,8, 8
531 ,455, 514, '493 432 430 422 ' ,'0 0 0 0 ' ,70 ,1 ,9, 9
481 ,521, 464, '439 436 434 449 ' ,'0 0 0 0 ' ,13 ,0 ,7, 7
485 ,473, 468, '446 445 440 447 ' ,'0 0 0 0 ' ,7 ,1 ,10, 10
548 ,475, 526, '504 446 448 446 ' ,'0 0 0 0 ' ,60 ,1 ,11, 11
533 ,531, 508, '483 441 446 463 ' ,'0 0 0 0 ' ,45 ,1 ,12, 12
516 ,516, 494, '470 437 449 443 ' ,'0 0 0 0 ' ,34 ,1 ,12, 12
486 ,499, 464, '428 433 434 443 ' ,'0 0 0 0 ' ,17 ,1 ,10, 10
445 ,470, 422, '395 400 401 403 ' ,'0 0 0 0 ' ,8 ,1 ,9, 9
453 ,426, 430, '365 357 412 383 ' ,'0 0 0 0 ' ,56 ,1 ,7, 7
431 ,437, 408, '384 366 371 390 ' ,'0 0 0 0 ' ,20 ,0 ,10, 10
443 ,412, 420, '371 370 400 392 ' ,'0 0 0 0 ' ,34 ,1 ,7, 7
442 ,427, 415, '379 377 393 377 ' ,'0 0 0 0 ' ,20 ,1 ,9, 9
423 ,424, 401, '378 378 367 378 ' ,'0 0 0 0 ' ,16 ,1 ,7, 7
456 ,409, 435, '381 378 412 382 ' ,'0 0 0 0 ' ,36 ,1 ,9, 9
429 ,440, 403, '385 384 380 385 ' ,'0 0 0 0 ' ,5 ,0 ,9, 9
432 ,412, 410, '364 375 373 391 ' ,'0 0 0 0 ' ,27 ,1 ,9, 9
466 ,416, 443, '407 414 395 386 ' ,'0 0 0 0 ' ,38 ,1 ,10, 10
480 ,449, 457, '431 433 406 422 ' ,'0 0 0 0 ' ,31 ,1 ,10, 10
490 ,462, 470, '441 422 445 427 ' ,'0 0 0 0 ' ,26 ,1 ,9, 9
491 ,477, 474, '447 420 421 452 ' ,'0 0 0 0 ' ,32 ,1 ,11, 11
453 ,479, 435, '407 391 393 414 ' ,'0 0 0 0 ' ,23 ,1 ,9, 9
452 ,443, 436, '407 390 381 415 ' ,'0 0 0 0 ' ,36 ,1 ,8, 8
434 ,444, 412, '373 389 370 380 ' ,'0 0 0 0 ' ,22 ,2 ,9, 9
424 ,417, 398, '372 367 371 374 ' ,'0 0 0 0 ' ,11 ,1 ,9, 9
425 ,405, 404, '380 371 378 372 ' ,'0 0 0 0 ' ,13 ,2 ,9, 9
436 ,409, 411, '384 378 385 389 ' ,'0 0 0 0 ' ,13 ,2 ,9, 9
459 ,415, 437, '386 380 415 379 ' ,'0 0 0 0 ' ,40 ,1 ,8, 8
446 ,443, 422, '386 400 375 390 ' ,'0 0 0 0 ' ,26 ,1 ,8, 8
436 ,429, 417, '394 383 377 396 ' ,'0 0 0 0 ' ,15 ,1 ,9, 9
472 ,422, 453, '401 407 431 424 ' ,'0 0 0 0 ' ,31 ,1 ,8, 8
452 ,459, 429, '410 404 391 405 ' ,'0 0 0 0 ' ,18 ,0 ,7, 7
462 ,438, 444, '418 421 404 414 ' ,'0 0 0 0 ' ,19 ,1 ,9, 9
472 ,450, 451, '416 429 411 420 ' ,'0 0 0 0 ' ,19 ,1 ,10, 10
470 ,457, 450, '422 421 427 422 ' ,'0 0 0 0 ' ,10 ,1 ,9, 9
496 ,454, 478, '452 436 442 439 ' ,'0 0 0 0 ' ,17 ,1 ,12, 12
507 ,485, 486, '434 416 461 437 ' ,'0 0 0 0 ' ,47 ,1 ,11, 11
489 ,493, 472, '401 396 447 419 ' ,'0 0 0 0 ' ,56 ,1 ,10, 10
468 ,479, 450, '420 398 419 422 ' ,'0 0 0 0 ' ,31 ,1 ,9, 9
453 ,456, 437, '391 385 414 393 ' ,'0 0 0 0 ' ,29 ,1 ,8, 8
443 ,443, 421, '399 387 395 406 ' ,'0 0 0 0 ' ,17 ,1 ,6, 6
453 ,428, 431, '405 402 396 414 ' ,'0 0 0 0 ' ,13 ,1 ,8, 8
457 ,437, 436, '395 395 413 400 ' ,'0 0 0 0 ' ,20 ,1 ,8, 8
447 ,443, 422, '404 383 392 401 ' ,'0 0 0 0 ' ,23 ,0 ,6, 6
435 ,432, 411, '386 387 385 387 ' ,'0 0 0 0 ' ,9 ,1 ,8, 8
447 ,419, 425, '386 393 403 387 ' ,'0 0 0 0 ' ,24 ,2 ,6, 6
480 ,435, 456, '432 398 392 394 ' ,'0 0 0 0 ' ,41 ,1 ,9, 9
464 ,462, 442, '417 399 404 394 ' ,'0 0 0 0 ' ,28 ,1 ,7, 7
490 ,448, 467, '443 411 404 404 ' ,'0 0 0 0 ' ,46 ,1 ,8, 8
493 ,473, 473, '427 427 450 433 ' ,'0 0 0 0 ' ,22 ,1 ,8, 8
509 ,480, 484, '441 457 438 439 ' ,'0 0 0 0 ' ,22 ,2 ,11, 11
503 ,489, 480, '446 445 444 460 ' ,'0 0 0 0 ' ,11 ,1 ,11, 11
532 ,484, 512, '448 448 483 454 ' ,'0 0 0 0 ' ,39 ,2 ,11, 11
552 ,523, 531, '497 474 476 446 ' ,'0 0 0 0 ' ,59 ,2 ,17, 17
525 ,535, 501, '474 447 436 475 ' ,'0 0 0 0 ' ,44 ,1 ,8, 8
502 ,509, 477, '450 431 426 447 ' ,'0 0 0 0 ' ,28 ,1 ,10, 10
479 ,483, 463, '435 433 431 421 ' ,'0 0 0 0 ' ,22 ,1 ,8, 8
491 ,469, 475, '449 414 418 443 ' ,'0 0 0 0 ' ,38 ,2 ,9, 9
479 ,479, 463, '438 398 400 417 ' ,'0 0 0 0 ' ,45 ,2 ,6, 6
496 ,472, 472, '446 415 419 438 ' ,'0 0 0 0 ' ,37 ,1 ,8, 8
483 ,479, 462, '409 401 439 437 ' ,'0 0 0 0 ' ,38 ,2 ,8, 8
459 ,467, 436, '391 398 404 415 ' ,'0 0 0 0 ' ,24 ,2 ,8, 8
458 ,443, 436, '394 411 392 416 ' ,'0 0 0 0 ' ,21 ,1 ,8, 8
467 ,443, 447, '401 389 393 426 ' ,'0 0 0 0 ' ,36 ,1 ,10, 10
443 ,452, 423, '382 399 388 386 ' ,'0 0 0 0 ' ,16 ,1 ,8, 8
446 ,427, 429, '394 394 402 405 ' ,'0 0 0 0 ' ,9 ,1 ,9, 9
456 ,433, 436, '412 408 400 402 ' ,'0 0 0 0 ' ,16 ,2 ,7, 7
1109 ,443, 1087, '1050 430 1061 393 ' ,'627 718 620 0 ' ,671 ,1 ,9, 9
515 ,1091, 491, '467 424 418 421 ' ,'0 0 0 0 ' ,51 ,1 ,8, 8
501 ,499, 479, '442 443 453 430 ' ,'0 0 0 0 ' ,28 ,2 ,11, 11
551 ,483, 529, '503 460 456 469 ' ,'0 0 0 0 ' ,49 ,2 ,9, 9
552 ,535, 537, '506 449 457 448 ' ,'0 0 0 0 ' ,67 ,2 ,11, 11
465 ,541, 448, '423 420 423 426 ' ,'0 0 0 0 ' ,6 ,1 ,8, 8
508 ,456, 488, '424 423 461 430 ' ,'0 0 0 0 ' ,39 ,1 ,9, 9
472 ,494, 453, '430 415 418 426 ' ,'0 0 0 0 ' ,17 ,1 ,9, 9
486 ,458, 463, '441 409 410 430 ' ,'0 0 0 0 ' ,35 ,1 ,7, 7
500 ,470, 477, '449 408 421 424 ' ,'0 0 0 0 ' ,46 ,1 ,10, 10
461 ,483, 440, '412 399 409 408 ' ,'0 0 0 0 ' ,15 ,2 ,9, 9
480 ,444, 457, '431 405 420 406 ' ,'0 0 0 0 ' ,32 ,2 ,7, 7
456 ,466, 436, '379 366 409 380 ' ,'0 0 0 0 ' ,49 ,1 ,8, 8
438 ,441, 417, '386 385 391 384 ' ,'0 0 0 0 ' ,16 ,2 ,7, 7
482 ,422, 460, '403 424 429 404 ' ,'0 0 0 0 ' ,35 ,1 ,11, 11
492 ,465, 469, '423 437 443 426 ' ,'0 0 0 0 ' ,24 ,1 ,8, 8
508 ,477, 486, '445 453 453 455 ' ,'0 0 0 0 ' ,17 ,2 ,11, 11
515 ,491, 493, '460 455 468 456 ' ,'0 0 0 0 ' ,16 ,1 ,8, 8
528 ,500, 506, '451 451 454 481 ' ,'0 0 0 0 ' ,30 ,1 ,11, 11
542 ,514, 522, '497 435 448 479 ' ,'0 0 0 0 ' ,67 ,2 ,7, 7
504 ,530, 483, '437 457 451 453 ' ,'0 0 0 0 ' ,21 ,2 ,10, 10
503 ,489, 481, '448 456 451 461 ' ,'0 0 0 0 ' ,9 ,1 ,8, 8
507 ,486, 483, '436 422 443 459 ' ,'0 0 0 0 ' ,37 ,2 ,9, 9
479 ,488, 458, '424 421 434 428 ' ,'0 0 0 0 ' ,10 ,1 ,8, 8
485 ,464, 464, '437 398 429 400 ' ,'0 0 0 0 ' ,39 ,2 ,9, 9
456 ,473, 439, '380 384 389 417 ' ,'0 0 0 0 ' ,36 ,1 ,8, 8
458 ,445, 441, '382 384 411 401 ' ,'0 0 0 0 ' ,32 ,2 ,9, 9
460 ,447, 444, '419 386 387 388 ' ,'0 0 0 0 ' ,36 ,1 ,8, 8
470 ,450, 450, '404 409 423 422 ' ,'0 0 0 0 ' ,21 ,2 ,10, 10
518 ,455, 494, '428 427 467 427 ' ,'0 0 0 0 ' ,48 ,1 ,8, 7
504 ,502, 479, '439 434 452 426 ' ,'0 0 0 0 ' ,31 ,2 ,10, 10
511 ,485, 486, '439 436 460 466 ' ,'0 0 0 0 ' ,25 ,1 ,8, 8
513 ,492, 490, '462 440 457 440 ' ,'0 0 0 0 ' ,29 ,1 ,11, 11
533 ,498, 506, '452 447 461 484 ' ,'0 0 0 0 ' ,33 ,1 ,10, 10
493 ,511, 471, '436 423 419 450 ' ,'0 0 0 0 ' ,30 ,1 ,8, 8
484 ,478, 460, '416 402 411 434 ' ,'0 0 0 0 ' ,34 ,2 ,11, 11
445 ,464, 425, '392 391 385 402 ' ,'0 0 0 0 ' ,14 ,1 ,7, 7
451 ,429, 428, '397 398 383 394 ' ,'0 0 0 0 ' ,23 ,1 ,8, 8
445 ,432, 425, '396 389 383 407 ' ,'0 0 0 0 ' ,20 ,1 ,7, 7
486 ,433, 466, '394 398 437 389 ' ,'0 0 0 0 ' ,55 ,2 ,8, 8
468 ,472, 448, '413 412 420 420 ' ,'0 0 0 0 ' ,12 ,1 ,8, 8
474 ,453, 451, '411 410 426 408 ' ,'0 0 0 0 ' ,23 ,1 ,7, 7
464 ,462, 448, '420 420 413 412 ' ,'0 0 0 0 ' ,18 ,2 ,10, 10
521 ,453, 503, '448 458 474 446 ' ,'0 0 0 0 ' ,36 ,2 ,11, 11
506 ,508, 491, '459 457 449 458 ' ,'0 0 0 0 ' ,13 ,1 ,9, 9
524 ,497, 501, '465 467 470 476 ' ,'0 0 0 0 ' ,11 ,1 ,9, 9
520 ,509, 498, '469 466 475 469 ' ,'0 0 0 0 ' ,10 ,1 ,8, 8
534 ,506, 510, '470 485 465 486 ' ,'0 0 0 0 ' ,17 ,1 ,11, 11
539 ,514, 517, '435 439 489 454 ' ,'0 0 0 0 ' ,55 ,2 ,8, 8
506 ,524, 486, '422 425 454 424 ' ,'0 0 0 0 ' ,42 ,2 ,10, 10
469 ,492, 440, '397 393 398 416 ' ,'0 0 0 0 ' ,23 ,2 ,9, 9
438 ,446, 415, '376 384 371 397 ' ,'0 0 0 0 ' ,20 ,1 ,9, 9
471 ,419, 450, '389 385 423 407 ' ,'0 0 0 0 ' ,42 ,1 ,7, 7
454 ,456, 432, '398 392 394 401 ' ,'0 0 0 0 ' ,12 ,1 ,8, 8
471 ,437, 450, '414 414 414 412 ' ,'0 0 0 0 ' ,18 ,1 ,8, 8
509 ,455, 486, '424 421 460 425 ' ,'0 0 0 0 ' ,39 ,2 ,8, 8
498 ,493, 475, '437 431 438 440 ' ,'0 0 0 0 ' ,16 ,1 ,10, 10
545 ,480, 524, '497 435 440 433 ' ,'0 0 0 0 ' ,65 ,1 ,10, 10
501 ,529, 480, '450 433 449 449 ' ,'0 0 0 0 ' ,20 ,1 ,10, 10
547 ,486, 527, '463 447 493 461 ' ,'0 0 0 0 ' ,53 ,2 ,12, 12
524 ,533, 502, '469 455 470 470 ' ,'0 0 0 0 ' ,21 ,1 ,8, 8
541 ,509, 526, '488 456 499 466 ' ,'0 0 0 0 ' ,47 ,1 ,8, 8
509 ,532, 492, '450 445 464 459 ' ,'0 0 0 0 ' ,21 ,1 ,11, 11
505 ,497, 490, '430 433 462 426 ' ,'0 0 0 0 ' ,46 ,1 ,9, 9
467 ,498, 443, '407 390 411 390 ' ,'0 0 0 0 ' ,27 ,2 ,8, 8
445 ,449, 425, '381 381 397 387 ' ,'0 0 0 0 ' ,18 ,1 ,8, 8
483 ,432, 463, '434 404 394 395 ' ,'0 0 0 0 ' ,46 ,1 ,9, 9
1125 ,467, 429, '397 401 393 390 ' ,'0 0 0 0 ' ,19 ,1 ,9, 9
502 ,434, 484, '385 397 422 373 ' ,'0 0 0 0 ' ,86 ,34 ,10, 10
462 ,489, 440, '402 407 394 392 ' ,'0 0 0 0 ' ,23 ,1 ,9, 9
472 ,444, 452, '419 418 415 405 ' ,'0 0 0 0 ' ,25 ,1 ,8, 8
2050 ,458, 470, '438 429 432 424 ' ,'0 0 0 0 ' ,25 ,1 ,9, 9
499 ,478, 475, '435 430 438 436 ' ,'0 0 0 0 ' ,12 ,1 ,12, 12
508 ,481, 488, '437 445 435 463 ' ,'0 0 0 0 ' ,27 ,2 ,10, 10
504 ,494, 489, '461 411 417 429 ' ,'0 0 0 0 ' ,50 ,1 ,9, 9
489 ,496, 473, '445 404 394 413 ' ,'0 0 0 0 ' ,53 ,1 ,8, 7
450 ,480, 435, '400 397 397 414 ' ,'0 0 0 0 ' ,11 ,1 ,10, 10
469 ,439, 447, '417 384 385 382 ' ,'0 0 0 0 ' ,44 ,2 ,9, 9
435 ,452, 417, '390 381 385 373 ' ,'0 0 0 0 ' ,22 ,1 ,7, 7
449 ,425, 425, '395 385 397 393 ' ,'0 0 0 0 ' ,10 ,1 ,9, 9
457 ,430, 437, '406 393 399 385 ' ,'0 0 0 0 ' ,26 ,2 ,9, 9
479 ,442, 458, '423 427 405 406 ' ,'0 0 0 0 ' ,32 ,2 ,8, 8
505 ,465, 483, '432 449 415 417 ' ,'0 0 0 0 ' ,40 ,3 ,10, 10
515 ,488, 493, '430 431 463 421 ' ,'0 0 0 0 ' ,48 ,2 ,8, 8
586 ,502, 565, '441 427 431 442 ' ,'0 0 0 0 ' ,108 ,1 ,10, 10
509 ,569, 486, '454 428 441 440 ' ,'0 0 0 0 ' ,32 ,3 ,11, 11
522 ,490, 499, '459 448 461 471 ' ,'0 0 0 0 ' ,25 ,1 ,8, 8
514 ,506, 488, '457 438 449 446 ' ,'0 0 0 0 ' ,20 ,2 ,9, 9
500 ,494, 479, '443 425 432 447 ' ,'0 0 0 0 ' ,23 ,1 ,10, 10
485 ,485, 465, '429 419 423 434 ' ,'0 0 0 0 ' ,20 ,2 ,11, 11
475 ,470, 453, '414 424 406 427 ' ,'0 0 0 0 ' ,19 ,2 ,8, 8
467 ,463, 446, '414 395 384 403 ' ,'0 0 0 0 ' ,38 ,2 ,7, 7
461 ,454, 440, '373 385 411 396 ' ,'0 0 0 0 ' ,36 ,1 ,8, 8
451 ,445, 433, '391 404 389 405 ' ,'0 0 0 0 ' ,12 ,1 ,9, 9
461 ,438, 442, '384 393 412 393 ' ,'0 0 0 0 ' ,26 ,1 ,9, 9
467 ,448, 451, '403 407 388 425 ' ,'0 0 0 0 ' ,31 ,2 ,10, 10
471 ,455, 456, '425 427 411 422 ' ,'0 0 0 0 ' ,15 ,1 ,10, 10
489 ,461, 472, '443 438 433 439 ' ,'0 0 0 0 ' ,11 ,1 ,8, 8
525 ,480, 499, '457 463 449 447 ' ,'0 0 0 0 ' ,26 ,2 ,10, 10
1200 ,506, 512, '471 438 459 490 ' ,'0 0 0 0 ' ,47 ,2 ,9, 9
567 ,519, 544, '508 438 494 450 ' ,'0 0 0 0 ' ,70 ,2 ,10, 10
1206 ,548, 512, '477 445 462 478 ' ,'0 0 0 0 ' ,37 ,2 ,11, 11
508 ,517, 486, '437 424 438 457 ' ,'0 0 0 0 ' ,31 ,2 ,11, 11
910 ,491, 470, '431 408 428 438 ' ,'0 0 0 0 ' ,33 ,1 ,11, 11
467 ,475, 442, '410 399 403 414 ' ,'0 0 0 0 ' ,11 ,2 ,8, 8
455 ,447, 433, '400 408 396 400 ' ,'0 0 0 0 ' ,13 ,1 ,7, 7
459 ,439, 431, '388 391 387 411 ' ,'0 0 0 0 ' ,20 ,2 ,7, 7
473 ,439, 448, '415 392 389 378 ' ,'0 0 0 0 ' ,46 ,2 ,9, 9
490 ,452, 466, '437 414 411 401 ' ,'0 0 0 0 ' ,43 ,2 ,9, 9
500 ,473, 480, '414 427 447 414 ' ,'0 0 0 0 ' ,41 ,2 ,10, 10
534 ,484, 516, '482 421 428 420 ' ,'0 0 0 0 ' ,73 ,2 ,9, 9
495 ,522, 479, '450 438 442 444 ' ,'0 0 0 0 ' ,11 ,1 ,9, 9
551 ,486, 536, '468 439 504 456 ' ,'0 0 0 0 ' ,70 ,2 ,8, 8
533 ,543, 510, '468 447 475 469 ' ,'0 0 0 0 ' ,34 ,2 ,9, 9
511 ,517, 490, '456 429 444 449 ' ,'0 0 0 0 ' ,35 ,1 ,10, 10
489 ,497, 465, '433 407 426 432 ' ,'0 0 0 0 ' ,29 ,1 ,8, 8
465 ,471, 444, '399 402 411 403 ' ,'0 0 0 0 ' ,13 ,1 ,11, 11
491 ,449, 467, '422 408 416 436 ' ,'0 0 0 0 ' ,26 ,1 ,9, 9
476 ,472, 452, '407 409 409 421 ' ,'0 0 0 0 ' ,15 ,1 ,9, 9
464 ,458, 448, '410 409 405 414 ' ,'0 0 0 0 ' ,15 ,1 ,8, 8
485 ,454, 463, '417 395 428 396 ' ,'0 0 0 0 ' ,44 ,2 ,7, 7
463 ,469, 444, '396 415 395 400 ' ,'0 0 0 0 ' ,18 ,1 ,9, 9
484 ,449, 458, '424 399 402 400 ' ,'0 0 0 0 ' ,38 ,2 ,8, 8
483 ,463, 461, '430 408 409 402 ' ,'0 0 0 0 ' ,30 ,2 ,6, 6
473 ,468, 451, '397 417 399 402 ' ,'0 0 0 0 ' ,23 ,3 ,9, 9
468 ,457, 446, '401 407 402 406 ' ,'0 0 0 0 ' ,13 ,1 ,9, 9
489 ,453, 468, '436 416 400 401 ' ,'0 0 0 0 ' ,44 ,2 ,6, 6
480 ,477, 460, '392 400 427 394 ' ,'0 0 0 0 ' ,36 ,3 ,9, 9
462 ,465, 440, '396 405 405 407 ' ,'0 0 0 0 ' ,15 ,1 ,9, 9
541 ,445, 526, '490 430 429 407 ' ,'0 0 0 0 ' ,91 ,2 ,13, 13
699 ,531, 684, '494 424 449 439 ' ,'0 0 0 0 ' ,226 ,153 ,11, 11
540 ,689, 523, '489 437 473 474 ' ,'0 0 0 0 ' ,53 ,1 ,11, 11
774 ,529, 527, '491 435 474 462 ' ,'0 0 0 0 ' ,64 ,1 ,11, 11
554 ,535, 526, '490 422 467 435 ' ,'0 0 0 0 ' ,71 ,2 ,10, 10
471 ,532, 451, '411 395 415 414 ' ,'0 0 0 0 ' ,28 ,2 ,9, 9
495 ,458, 471, '437 406 430 410 ' ,'0 0 0 0 ' ,38 ,2 ,9, 9
471 ,478, 450, '412 417 404 412 ' ,'0 0 0 0 ' ,19 ,2 ,9, 9
508 ,454, 487, '421 416 449 417 ' ,'0 0 0 0 ' ,42 ,2 ,10, 10
491 ,492, 472, '439 415 413 440 ' ,'0 0 0 0 ' ,31 ,1 ,9, 9
465 ,478, 445, '413 390 388 382 ' ,'0 0 0 0 ' ,45 ,2 ,6, 6
445 ,453, 425, '381 388 384 395 ' ,'0 0 0 0 ' ,11 ,2 ,8, 8
465 ,431, 444, '403 417 405 408 ' ,'0 0 0 0 ' ,12 ,2 ,7, 7
491 ,452, 471, '435 425 430 432 ' ,'0 0 0 0 ' ,15 ,1 ,10, 10
529 ,476, 507, '461 443 441 477 ' ,'0 0 0 0 ' ,31 ,1 ,11, 11
578 ,512, 557, '518 445 455 463 ' ,'0 0 0 0 ' ,78 ,2 ,10, 10
538 ,562, 516, '482 448 462 469 ' ,'0 0 0 0 ' ,37 ,2 ,9, 9
539 ,523, 522, '488 445 465 472 ' ,'0 0 0 0 ' ,44 ,1 ,11, 11
561 ,527, 544, '506 446 454 454 ' ,'0 0 0 0 ' ,66 ,2 ,10, 10
519 ,551, 504, '469 424 419 458 ' ,'0 0 0 0 ' ,52 ,2 ,8, 8
536 ,512, 514, '477 436 430 462 ' ,'0 0 0 0 ' ,49 ,2 ,8, 8
537 ,521, 513, '425 407 415 429 ' ,'0 0 0 0 ' ,72 ,46 ,10, 10
476 ,518, 454, '418 412 407 417 ' ,'0 0 0 0 ' ,13 ,1 ,10, 10
472 ,461, 452, '411 407 402 426 ' ,'0 0 0 0 ' ,18 ,2 ,6, 6
501 ,459, 478, '421 410 442 402 ' ,'0 0 0 0 ' ,49 ,3 ,9, 8
482 ,483, 462, '426 392 385 421 ' ,'0 0 0 0 ' ,46 ,2 ,9, 9
492 ,467, 469, '414 423 402 395 ' ,'0 0 0 0 ' ,52 ,12 ,7, 7
469 ,475, 447, '410 410 401 411 ' ,'0 0 0 0 ' ,13 ,2 ,8, 8
463 ,452, 442, '406 406 381 393 ' ,'0 0 0 0 ' ,24 ,1 ,8, 8
500 ,448, 476, '437 419 409 434 ' ,'0 0 0 0 ' ,36 ,2 ,7, 7
679 ,484, 658, '460 442 430 439 ' ,'0 0 0 0 ' ,195 ,2 ,9, 9
511 ,664, 487, '452 443 435 462 ' ,'0 0 0 0 ' ,23 ,2 ,10, 9
552 ,494, 530, '496 453 447 452 ' ,'0 0 0 0 ' ,51 ,2 ,9, 9
691 ,538, 672, '471 454 461 474 ' ,'0 0 0 0 ' ,175 ,1 ,10, 10
553 ,679, 530, '494 465 466 474 ' ,'0 0 0 0 ' ,31 ,2 ,10, 10
753 ,537, 732, '696 450 473 482 ' ,'184 0 0 0 ' ,248 ,2 ,12, 12
722 ,736, 706, '489 461 491 479 ' ,'0 0 0 0 ' ,211 ,2 ,11, 11
534 ,713, 520, '482 463 482 478 ' ,'0 0 0 0 ' ,22 ,2 ,12, 12
540 ,524, 526, '461 447 493 465 ' ,'0 0 0 0 ' ,41 ,2 ,10, 10
538 ,531, 516, '482 431 441 440 ' ,'0 0 0 0 ' ,51 ,3 ,8, 8
473 ,524, 451, '412 416 415 411 ' ,'0 0 0 0 ' ,12 ,2 ,9, 9
463 ,456, 443, '385 415 400 407 ' ,'0 0 0 0 ' ,31 ,1 ,8, 8
3748 ,449, 469, '434 407 390 397 ' ,'0 0 0 0 ' ,53 ,2 ,7, 7
