256 ,0, 127, '31 31 28 32 32 31 42 28 33 27 33 36 ' ,'0 0 0 0 0 0 0 0 0 0 0 0 ' ,38 ,6 ,16, 16
274 ,159, 238, '186 220 155 153 146 213 164 145 133 148 222 196 ' ,'0 0 0 0 0 0 0 0 0 0 0 0 ' ,94 ,2 ,4, 4
137 ,262, 117, '85 91 80 74 88 81 78 85 83 84 86 83 ' ,'0 0 0 0 0 0 0 0 0 0 0 0 ' ,25 ,1 ,7, 7
775 ,128, 748, '84 81 77 85 86 82 82 82 83 91 82 79 ' ,'0 0 0 0 0 0 0 0 0 0 0 0 ' ,664 ,1 ,3, 2
133 ,769, 114, '95 85 85 100 86 88 83 84 83 93 88 92 ' ,'0 0 0 0 0 0 0 0 0 0 0 0 ' ,19 ,1 ,2, 2
166 ,128, 133, '92 96 98 100 109 98 92 87 93 91 89 97 ' ,'0 0 0 0 0 0 0 0 0 0 0 0 ' ,35 ,2 ,3, 3
188 ,147, 165, '97 93 102 94 96 109 101 93 104 93 91 92 ' ,'0 0 0 0 0 0 0 0 0 0 0 0 ' ,23 ,2 ,6, 6
146 ,177, 125, '111 93 88 99 90 95 102 89 99 91 95 89 ' ,'0 0 0 0 0 0 0 0 0 0 0 0 ' ,22 ,2 ,2, 1
156 ,134, 123, '92 96 106 110 92 104 92 95 92 87 91 97 ' ,'0 0 0 0 0 0 0 0 0 0 0 0 ' ,20 ,1 ,2, 2
141 ,146, 119, '89 89 84 100 85 96 84 77 95 94 85 79 ' ,'0 0 0 0 0 0 0 0 0 0 0 0 ' ,30 ,3 ,2, 2
127 ,131, 105, '82 79 81 82 82 76 84 80 91 75 83 75 ' ,'0 0 0 0 0 0 0 0 0 0 0 0 ' ,19 ,1 ,2, 2
128 ,189, 107, '88 75 80 81 71 75 77 74 94 77 94 83 ' ,'0 0 0 0 0 0 0 0 0 0 0 0 ' ,25 ,3 ,2, 2
138 ,120, 115, '75 76 76 97 81 81 76 85 82 79 72 80 ' ,'0 0 0 0 0 0 0 0 0 0 0 0 ' ,34 ,2 ,1, 1
136 ,133, 111, '98 77 79 97 76 78 80 75 79 76 80 85 ' ,'0 0 0 0 0 0 0 0 0 0 0 0 ' ,26 ,1 ,2, 2
173 ,125, 150, '111 110 101 96 83 99 119 117 101 104 132 86 ' ,'0 0 0 0 0 0 0 0 0 0 0 0 ' ,54 ,6 ,2, 2
165 ,168, 127, '100 90 90 94 92 114 89 85 95 96 105 88 ' ,'0 0 0 0 0 0 0 0 0 0 0 0 ' ,32 ,2 ,2, 2
149 ,164, 116, '100 94 87 108 85 96 98 104 89 90 97 84 ' ,'0 0 0 0 0 0 0 0 0 0 0 0 ' ,25 ,1 ,1, 1
143 ,129, 119, '92 88 94 97 96 97 86 93 96 97 106 94 ' ,'0 0 0 0 0 0 0 0 0 0 0 0 ' ,23 ,0 ,3, 3
152 ,133, 125, '87 93 90 105 112 88 85 96 107 97 93 90 ' ,'0 0 0 0 0 0 0 0 0 0 0 0 ' ,30 ,2 ,2, 2
151 ,139, 134, '91 99 107 120 125 113 97 94 110 105 91 88 ' ,'0 0 0 0 0 0 0 0 0 0 0 0 ' ,36 ,1 ,2, 2
132 ,147, 110, '97 92 97 91 95 83 88 88 104 88 85 85 ' ,'0 0 0 0 0 0 0 0 0 0 0 0 ' ,20 ,1 ,1, 1
140 ,125, 124, '102 88 100 100 102 90 107 90 98 88 93 91 ' ,'0 0 0 0 0 0 0 0 0 0 0 0 ' ,23 ,1 ,6, 6
151 ,129, 123, '89 94 91 88 108 92 95 92 98 96 94 91 ' ,'0 0 0 0 0 0 0 0 0 0 0 0 ' ,27 ,1 ,2, 2
154 ,141, 128, '84 92 85 94 80 91 84 95 88 112 87 86 ' ,'0 0 0 0 0 0 0 0 0 0 0 0 ' ,39 ,1 ,1, 1
128 ,149, 106, '88 95 86 94 84 87 83 84 91 84 96 87 ' ,'0 0 0 0 0 0 0 0 0 0 0 0 ' ,16 ,1 ,2, 2
131 ,120, 108, '84 93 84 88 88 98 90 85 92 84 86 93 ' ,'0 0 0 0 0 0 0 0 0 0 0 0 ' ,16 ,1 ,1, 1
136 ,124, 110, '88 97 87 91 83 84 87 91 98 84 96 87 ' ,'0 0 0 0 0 0 0 0 0 0 0 0 ' ,14 ,1 ,1, 1
126 ,123, 100, '85 81 77 89 74 81 77 74 80 80 75 86 ' ,'0 0 0 0 0 0 0 0 0 0 0 0 ' ,18 ,1 ,1, 1
134 ,114, 104, '91 82 76 96 78 80 80 84 81 73 75 78 ' ,'0 0 0 0 0 0 0 0 0 0 0 0 ' ,23 ,2 ,2, 2
139 ,122, 111, '73 77 82 94 80 76 82 87 85 79 73 75 ' ,'0 0 0 0 0 0 0 0 0 0 0 0 ' ,28 ,1 ,2, 2
133 ,122, 107, '74 81 77 88 83 80 87 80 91 83 80 83 ' ,'0 0 0 0 0 0 0 0 0 0 0 0 ' ,27 ,1 ,1, 1
140 ,122, 115, '84 94 87 88 95 82 95 101 102 85 94 83 ' ,'0 0 0 0 0 0 0 0 0 0 0 0 ' ,23 ,1 ,2, 2
144 ,126, 118, '90 92 82 82 96 99 86 92 89 84 85 89 ' ,'0 0 0 0 0 0 0 0 0 0 0 0 ' ,25 ,0 ,2, 2
158 ,134, 130, '84 81 79 101 113 83 88 98 98 84 99 90 ' ,'0 0 0 0 0 0 0 0 0 0 0 0 ' ,41 ,1 ,1, 1
150 ,146, 122, '87 87 101 103 86 94 91 91 108 100 93 97 ' ,'0 0 0 0 0 0 0 0 0 0 0 0 ' ,27 ,1 ,4, 4
158 ,133, 129, '114 95 97 100 91 92 103 96 95 102 97 93 ' ,'0 0 0 0 0 0 0 0 0 0 0 0 ' ,30 ,1 ,3, 3
162 ,147, 137, '95 104 97 99 117 93 97 110 103 97 94 94 ' ,'0 0 0 0 0 0 0 0 0 0 0 0 ' ,35 ,0 ,3, 3
145 ,146, 120, '110 100 90 103 87 97 96 94 106 97 93 93 ' ,'0 0 0 0 0 0 0 0 0 0 0 0 ' ,22 ,0 ,2, 2
307 ,131, 115, '91 90 99 107 98 94 93 89 100 85 102 91 ' ,'0 0 0 0 0 0 0 0 0 0 0 0 ' ,19 ,1 ,1, 1
136 ,293, 117, '109 91 106 92 101 95 101 95 102 95 98 90 ' ,'0 0 0 0 0 0 0 0 0 0 0 0 ' ,18 ,1 ,3, 3
137 ,125, 119, '95 98 96 95 92 99 110 93 105 92 100 104 ' ,'0 0 0 0 0 0 0 0 0 0 0 0 ' ,20 ,1 ,2, 2
151 ,128, 128, '93 118 96 97 91 98 111 102 109 96 119 108 ' ,'0 0 0 0 0 0 0 0 0 0 0 0 ' ,26 ,1 ,2, 2
149 ,143, 121, '91 113 98 88 96 94 106 95 109 96 97 97 ' ,'0 0 0 0 0 0 0 0 0 0 0 0 ' ,26 ,1 ,2, 2
131 ,134, 105, '88 89 85 85 83 86 91 87 95 81 86 94 ' ,'0 0 0 0 0 0 0 0 0 0 0 0 ' ,13 ,1 ,2, 2
170 ,118, 146, '83 93 82 91 79 93 93 92 87 86 81 86 ' ,'0 0 0 0 0 0 0 0 0 0 0 0 ' ,55 ,37 ,2, 2
147 ,158, 124, '81 88 82 82 82 95 83 96 80 99 82 89 ' ,'0 0 0 0 0 0 0 0 0 0 0 0 ' ,35 ,1 ,2, 2
157 ,136, 128, '83 83 89 97 80 78 95 83 82 112 90 82 ' ,'0 0 0 0 0 0 0 0 0 0 0 0 ' ,44 ,1 ,1, 1
189 ,144, 97, '72 73 89 89 71 71 76 79 85 76 84 78 ' ,'0 0 0 0 0 0 0 0 0 0 0 0 ' ,21 ,1 ,1, 1
152 ,109, 126, '80 80 81 85 77 79 81 79 80 103 72 77 ' ,'0 0 0 0 0 0 0 0 0 0 0 0 ' ,46 ,1 ,2, 2
154 ,137, 131, '83 87 89 84 81 89 79 82 83 83 82 82 ' ,'0 0 0 0 0 0 0 0 0 0 0 0 ' ,45 ,30 ,1, 1
139 ,147, 117, '90 84 77 82 95 84 84 80 88 86 79 79 ' ,'0 0 0 0 0 0 0 0 0 0 0 0 ' ,27 ,1 ,2, 2
131 ,129, 101, '84 85 83 92 79 86 88 81 84 78 88 83 ' ,'0 0 0 0 0 0 0 0 0 0 0 0 ' ,11 ,0 ,1, 1
144 ,120, 114, '99 98 88 89 89 87 92 86 87 88 88 91 ' ,'0 0 0 0 0 0 0 0 0 0 0 0 ' ,18 ,1 ,2, 2
153 ,128, 125, '94 93 99 100 106 99 99 100 85 90 101 92 ' ,'0 0 0 0 0 0 0 0 0 0 0 0 ' ,35 ,0 ,1, 1
182 ,138, 153, '98 97 90 96 107 90 94 105 100 97 92 88 ' ,'0 0 0 0 0 0 0 0 0 0 0 0 ' ,56 ,26 ,1, 1
131 ,165, 113, '95 107 97 97 95 96 99 104 92 98 94 91 ' ,'0 0 0 0 0 0 0 0 0 0 0 0 ' ,15 ,1 ,1, 1
144 ,123, 126, '114 102 106 108 103 97 104 99 98 100 94 100 ' ,'0 0 0 0 0 0 0 0 0 0 0 0 ' ,21 ,1 ,2, 2
144 ,134, 124, '100 104 105 98 115 94 102 101 94 102 106 102 ' ,'0 0 0 0 0 0 0 0 0 0 0 0 ' ,23 ,1 ,2, 2
174 ,139, 143, '97 100 97 105 116 96 101 94 97 103 102 97 ' ,'0 0 0 0 0 0 0 0 0 0 0 0 ' ,40 ,1 ,2, 2
188 ,158, 158, '122 92 96 92 102 95 93 94 97 94 98 102 ' ,'0 0 0 0 0 0 0 0 0 0 0 0 ' ,56 ,28 ,2, 2
158 ,171, 126, '105 109 92 116 96 93 108 95 91 95 92 91 ' ,'0 0 0 0 0 0 0 0 0 0 0 0 ' ,28 ,1 ,2, 2
139 ,143, 106, '80 87 84 91 86 87 88 92 82 89 83 81 ' ,'0 0 0 0 0 0 0 0 0 0 0 0 ' ,19 ,1 ,1, 1
146 ,120, 114, '79 80 91 85 81 78 84 80 79 91 80 86 ' ,'0 0 0 0 0 0 0 0 0 0 0 0 ' ,29 ,1 ,1, 1
145 ,128, 113, '83 81 85 80 85 102 87 82 84 90 86 76 ' ,'0 0 0 0 0 0 0 0 0 0 0 0 ' ,26 ,1 ,2, 2
148 ,127, 109, '82 86 82 81 79 78 83 78 88 83 89 83 ' ,'0 0 0 0 0 0 0 0 0 0 0 0 ' ,32 ,1 ,2, 2
131 ,130, 99, '81 80 82 79 80 80 81 87 77 78 84 76 ' ,'0 0 0 0 0 0 0 0 0 0 0 0 ' ,15 ,1 ,1, 1
133 ,114, 108, '81 77 87 81 84 80 84 80 85 84 95 76 ' ,'0 0 0 0 0 0 0 0 0 0 0 0 ' ,22 ,1 ,0, 0
138 ,119, 108, '85 83 90 98 77 81 82 86 78 85 81 82 ' ,'0 0 0 0 0 0 0 0 0 0 0 0 ' ,20 ,1 ,1, 1
137 ,119, 103, '82 82 83 90 78 91 81 80 79 79 80 79 ' ,'0 0 0 0 0 0 0 0 0 0 0 0 ' ,18 ,1 ,1, 1
141 ,117, 108, '77 80 96 88 77 82 77 81 95 83 79 81 ' ,'0 0 0 0 0 0 0 0 0 0 0 0 ' ,24 ,1 ,2, 2
138 ,120, 107, '85 83 81 85 83 84 85 77 91 87 79 77 ' ,'0 0 0 0 0 0 0 0 0 0 0 0 ' ,24 ,1 ,1, 1
158 ,123, 127, '93 94 95 93 103 93 87 84 87 91 87 87 ' ,'0 0 0 0 0 0 0 0 0 0 0 0 ' ,33 ,1 ,2, 2
155 ,142, 125, '99 93 98 109 95 99 92 100 91 98 91 93 ' ,'0 0 0 0 0 0 0 0 0 0 0 0 ' ,23 ,1 ,1, 1
279 ,139, 248, '99 94 100 90 99 94 91 91 96 87 103 99 ' ,'0 0 0 0 0 0 0 0 0 0 0 0 ' ,153 ,2 ,1, 1
127 ,261, 110, '84 87 91 88 84 99 94 88 84 87 79 88 ' ,'0 0 0 0 0 0 0 0 0 0 0 0 ' ,22 ,1 ,1, 1
124 ,118, 103, '86 91 81 87 87 82 91 95 85 82 88 94 ' ,'0 0 0 0 0 0 0 0 0 0 0 0 ' ,17 ,1 ,1, 1
112 ,113, 94, '81 84 76 85 79 79 79 86 76 81 82 78 ' ,'0 0 0 0 0 0 0 0 0 0 0 0 ' ,15 ,1 ,1, 1
137 ,105, 109, '87 90 76 80 82 89 81 78 79 86 78 75 ' ,'0 0 0 0 0 0 0 0 0 0 0 0 ' ,27 ,2 ,1, 1
144 ,122, 116, '85 88 95 88 89 77 87 81 86 90 76 79 ' ,'0 0 0 0 0 0 0 0 0 0 0 0 ' ,25 ,2 ,2, 2
1578 ,129, 106, '79 82 85 78 88 80 90 89 91 87 83 88 ' ,'0 0 0 0 0 0 0 0 0 0 0 0 ' ,23 ,0 ,1, 1
139 ,117, 104, '91 79 78 78 77 81 75 82 83 81 73 88 ' ,'0 0 0 0 0 0 0 0 0 0 0 0 ' ,24 ,1 ,2, 2
155 ,121, 126, '94 81 78 78 80 84 83 80 90 102 78 81 ' ,'0 0 0 0 0 0 0 0 0 0 0 0 ' ,40 ,2 ,1, 1
139 ,138, 108, '84 85 91 94 91 94 90 85 89 88 85 83 ' ,'0 0 0 0 0 0 0 0 0 0 0 0 ' ,18 ,1 ,2, 2
139 ,120, 109, '94 90 91 84 86 93 86 89 88 86 83 85 ' ,'0 0 0 0 0 0 0 0 0 0 0 0 ' ,16 ,1 ,1, 1
148 ,122, 120, '83 86 102 84 85 85 89 88 96 88 92 85 ' ,'0 0 0 0 0 0 0 0 0 0 0 0 ' ,25 ,1 ,1, 1
153 ,129, 121, '94 96 93 103 96 89 100 87 95 96 85 89 ' ,'0 0 0 0 0 0 0 0 0 0 0 0 ' ,29 ,1 ,1, 1
153 ,137, 122, '88 86 86 99 94 87 87 96 90 98 96 89 ' ,'0 0 0 0 0 0 0 0 0 0 0 0 ' ,28 ,2 ,1, 1
160 ,135, 132, '96 92 100 97 108 105 96 93 87 95 91 89 ' ,'0 0 0 0 0 0 0 0 0 0 0 0 ' ,36 ,1 ,1, 1
153 ,145, 124, '89 95 92 97 89 104 98 98 96 101 88 92 ' ,'0 0 0 0 0 0 0 0 0 0 0 0 ' ,27 ,1 ,1, 1
155 ,136, 124, '90 89 100 87 100 89 94 101 90 87 89 88 ' ,'0 0 0 0 0 0 0 0 0 0 0 0 ' ,29 ,1 ,1, 1
131 ,138, 111, '87 93 83 79 89 96 86 103 93 86 85 92 ' ,'0 0 0 0 0 0 0 0 0 0 0 0 ' ,25 ,1 ,1, 1
134 ,122, 114, '86 76 78 80 79 84 79 81 89 80 106 79 ' ,'0 0 0 0 0 0 0 0 0 0 0 0 ' ,34 ,1 ,1, 1
125 ,126, 107, '98 89 83 89 98 86 86 85 84 83 86 82 ' ,'0 0 0 0 0 0 0 0 0 0 0 0 ' ,15 ,1 ,1, 1
135 ,118, 109, '83 85 92 80 86 84 82 89 89 81 92 81 ' ,'0 0 0 0 0 0 0 0 0 0 0 0 ' ,20 ,1 ,1, 1
138 ,119, 106, '89 80 85 80 82 81 83 80 91 83 100 89 ' ,'0 0 0 0 0 0 0 0 0 0 0 0 ' ,21 ,1 ,2, 2
143 ,121, 115, '87 77 91 86 89 100 82 90 94 78 87 77 ' ,'0 0 0 0 0 0 0 0 0 0 0 0 ' ,24 ,1 ,2, 2
135 ,124, 103, '94 91 82 81 90 82 83 83 84 77 78 84 ' ,'0 0 0 0 0 0 0 0 0 0 0 0 ' ,21 ,1 ,2, 2
155 ,120, 126, '84 83 85 85 105 90 77 83 83 84 95 79 ' ,'0 0 0 0 0 0 0 0 0 0 0 0 ' ,43 ,1 ,1, 1
138 ,142, 112, '84 89 83 87 88 99 84 91 91 81 82 82 ' ,'0 0 0 0 0 0 0 0 0 0 0 0 ' ,19 ,1 ,1, 1
142 ,121, 110, '97 81 90 87 91 85 82 91 82 82 82 85 ' ,'0 0 0 0 0 0 0 0 0 0 0 0 ' ,24 ,1 ,1, 1
145 ,124, 113, '86 86 88 87 90 84 83 81 104 89 92 91 ' ,'0 0 0 0 0 0 0 0 0 0 0 0 ' ,27 ,1 ,1, 1
153 ,129, 125, '89 92 100 95 91 98 93 92 91 101 88 96 ' ,'0 0 0 0 0 0 0 0 0 0 0 0 ' ,32 ,1 ,2, 2
150 ,141, 121, '101 106 102 102 93 93 93 98 97 101 96 101 ' ,'0 0 0 0 0 0 0 0 0 0 0 0 ' ,20 ,1 ,2, 2
204 ,135, 131, '113 97 105 95 103 89 102 91 105 106 98 98 ' ,'0 0 0 0 0 0 0 0 0 0 0 0 ' ,31 ,1 ,2, 2
153 ,186, 128, '92 110 97 100 98 102 101 102 91 106 96 96 ' ,'0 0 0 0 0 0 0 0 0 0 0 0 ' ,25 ,1 ,3, 3
152 ,137, 125, '95 102 98 115 101 89 107 106 93 96 109 101 ' ,'0 0 0 0 0 0 0 0 0 0 0 0 ' ,28 ,1 ,1, 1
175 ,135, 150, '101 92 108 92 95 93 93 97 98 96 93 98 ' ,'0 0 0 0 0 0 0 0 0 0 0 0 ' ,48 ,0 ,2, 2
277 ,158, 244, '93 98 101 94 94 109 97 96 88 95 103 94 ' ,'0 0 0 0 0 0 0 0 0 0 0 0 ' ,149 ,1 ,2, 2
145 ,259, 115, '86 98 91 89 94 91 94 107 91 85 101 86 ' ,'0 0 0 0 0 0 0 0 0 0 0 0 ' ,24 ,1 ,2, 2
126 ,128, 109, '89 90 90 84 92 90 90 95 90 85 98 99 ' ,'0 0 0 0 0 0 0 0 0 0 0 0 ' ,17 ,0 ,1, 1
124 ,116, 106, '94 95 92 91 85 87 84 83 84 91 90 85 ' ,'0 0 0 0 0 0 0 0 0 0 0 0 ' ,14 ,2 ,1, 1
119 ,114, 102, '86 85 88 82 88 85 88 87 89 90 90 84 ' ,'0 0 0 0 0 0 0 0 0 0 0 0 ' ,14 ,1 ,1, 1
769 ,109, 117, '92 90 89 100 93 87 82 88 96 87 90 88 ' ,'0 0 0 0 0 0 0 0 0 0 0 0 ' ,24 ,0 ,1, 1
154 ,127, 121, '86 83 86 80 102 93 82 84 88 83 87 88 ' ,'0 0 0 0 0 0 0 0 0 0 0 0 ' ,30 ,1 ,1, 1
368 ,130, 120, '86 89 99 92 93 79 83 83 86 83 86 86 ' ,'0 0 0 0 0 0 0 0 0 0 0 0 ' ,34 ,1 ,1, 1
157 ,137, 120, '83 93 88 80 99 92 83 85 93 87 88 79 ' ,'0 0 0 0 0 0 0 0 0 0 0 0 ' ,30 ,0 ,1, 1
142 ,133, 115, '79 90 87 79 91 77 80 86 82 77 85 78 ' ,'0 0 0 0 0 0 0 0 0 0 0 0 ' ,32 ,1 ,1, 1
146 ,128, 120, '92 75 94 79 85 88 77 81 89 91 82 86 ' ,'0 0 0 0 0 0 0 0 0 0 0 0 ' ,37 ,1 ,1, 1
144 ,132, 119, '88 84 92 90 94 86 84 87 86 79 82 82 ' ,'0 0 0 0 0 0 0 0 0 0 0 0 ' ,28 ,1 ,1, 1
151 ,132, 123, '85 86 89 88 85 83 88 88 95 93 80 93 ' ,'0 0 0 0 0 0 0 0 0 0 0 0 ' ,33 ,0 ,2, 2
157 ,135, 129, '84 91 87 91 97 91 87 89 88 98 84 82 ' ,'0 0 0 0 0 0 0 0 0 0 0 0 ' ,37 ,2 ,1, 1
156 ,141, 126, '98 89 92 95 88 90 93 95 91 100 84 89 ' ,'0 0 0 0 0 0 0 0 0 0 0 0 ' ,27 ,0 ,3, 3
158 ,139, 127, '91 90 97 97 98 93 103 91 90 93 88 87 ' ,'0 0 0 0 0 0 0 0 0 0 0 0 ' ,31 ,1 ,1, 1
163 ,141, 131, '101 91 101 102 97 100 94 92 93 91 89 98 ' ,'0 0 0 0 0 0 0 0 0 0 0 0 ' ,30 ,1 ,3, 3
160 ,144, 131, '93 88 89 98 104 106 94 102 98 91 94 90 ' ,'0 0 0 0 0 0 0 0 0 0 0 0 ' ,36 ,2 ,1, 1
154 ,144, 124, '85 84 92 84 96 91 89 89 99 93 96 87 ' ,'0 0 0 0 0 0 0 0 0 0 0 0 ' ,34 ,2 ,1, 1
131 ,137, 115, '86 97 99 94 95 89 93 89 91 104 102 92 ' ,'0 0 0 0 0 0 0 0 0 0 0 0 ' ,20 ,2 ,1, 1
127 ,122, 110, '91 85 93 98 91 85 92 87 87 90 88 87 ' ,'0 0 0 0 0 0 0 0 0 0 0 0 ' ,17 ,1 ,1, 1
130 ,117, 113, '96 83 83 86 93 84 87 93 104 87 95 97 ' ,'0 0 0 0 0 0 0 0 0 0 0 0 ' ,23 ,1 ,2, 2
154 ,122, 124, '84 96 86 91 83 97 91 93 94 95 90 87 ' ,'0 0 0 0 0 0 0 0 0 0 0 0 ' ,31 ,2 ,1, 1
161 ,135, 133, '80 94 90 88 87 95 84 83 95 101 85 87 ' ,'0 0 0 0 0 0 0 0 0 0 0 0 ' ,40 ,2 ,2, 2
182 ,142, 156, '86 93 88 84 92 87 85 90 84 84 95 90 ' ,'0 0 0 0 0 0 0 0 0 0 0 0 ' ,61 ,1 ,1, 1
139 ,165, 115, '91 82 96 82 86 80 78 73 89 76 82 77 ' ,'0 0 0 0 0 0 0 0 0 0 0 0 ' ,33 ,1 ,1, 1
150 ,126, 125, '84 75 87 77 91 80 84 87 90 93 84 85 ' ,'0 0 0 0 0 0 0 0 0 0 0 0 ' ,36 ,1 ,1, 1
138 ,134, 113, '86 79 84 94 80 85 85 83 93 90 89 88 ' ,'0 0 0 0 0 0 0 0 0 0 0 0 ' ,25 ,1 ,2, 2
153 ,123, 122, '84 84 89 87 87 89 85 93 86 91 95 84 ' ,'0 0 0 0 0 0 0 0 0 0 0 0 ' ,30 ,1 ,4, 4
155 ,138, 127, '91 90 91 93 98 92 92 92 104 93 97 93 ' ,'0 0 0 0 0 0 0 0 0 0 0 0 ' ,26 ,1 ,1, 1
155 ,138, 127, '91 95 110 95 96 95 93 92 93 88 101 93 ' ,'0 0 0 0 0 0 0 0 0 0 0 0 ' ,23 ,0 ,2, 2
149 ,135, 122, '100 88 100 100 97 112 97 95 96 91 91 95 ' ,'0 0 0 0 0 0 0 0 0 0 0 0 ' ,28 ,1 ,1, 1
162 ,134, 131, '92 101 91 99 95 95 92 97 96 91 92 98 ' ,'0 0 0 0 0 0 0 0 0 0 0 0 ' ,32 ,1 ,1, 1
314 ,145, 281, '91 92 96 89 107 102 92 104 98 96 103 93 ' ,'0 0 0 0 0 0 0 0 0 0 0 0 ' ,183 ,148 ,1, 1
149 ,296, 122, '94 90 95 95 88 99 100 104 99 93 94 101 ' ,'0 0 0 0 0 0 0 0 0 0 0 0 ' ,24 ,1 ,2, 2
190 ,130, 166, '89 90 100 89 88 100 91 90 98 89 93 89 ' ,'0 0 0 0 0 0 0 0 0 0 0 0 ' ,64 ,1 ,1, 1
161 ,173, 130, '93 92 95 100 90 92 93 90 89 100 109 99 ' ,'0 0 0 0 0 0 0 0 0 0 0 0 ' ,30 ,0 ,1, 1
144 ,147, 116, '82 99 88 93 76 83 86 77 83 93 85 86 ' ,'0 0 0 0 0 0 0 0 0 0 0 0 ' ,33 ,1 ,1, 1
113 ,127, 97, '78 78 84 90 88 81 79 76 89 78 85 82 ' ,'0 0 0 0 0 0 0 0 0 0 0 0 ' ,13 ,1 ,1, 1
124 ,106, 108, '77 78 83 79 84 79 79 86 77 97 83 84 ' ,'0 0 0 0 0 0 0 0 0 0 0 0 ' ,23 ,0 ,1, 1
118 ,115, 102, '84 79 78 86 90 84 83 79 82 77 82 79 ' ,'0 0 0 0 0 0 0 0 0 0 0 0 ' ,14 ,0 ,2, 2
771 ,110, 122, '81 98 83 92 90 83 97 88 81 95 85 96 ' ,'0 0 0 0 0 0 0 0 0 0 0 0 ' ,31 ,1 ,1, 1
1621 ,135, 1587, '88 86 83 91 88 97 90 94 90 89 83 86 ' ,'0 0 0 0 0 0 0 0 0 0 0 0 ' ,1493 ,1 ,2, 2
168 ,1596, 142, '92 89 94 99 98 95 96 97 85 91 90 82 ' ,'0 0 0 0 0 0 0 0 0 0 0 0 ' ,50 ,1 ,2, 2
167 ,153, 140, '93 95 98 104 101 94 90 98 102 96 97 101 ' ,'0 0 0 0 0 0 0 0 0 0 0 0 ' ,42 ,2 ,2, 2
166 ,152, 137, '98 99 103 103 103 111 93 97 97 101 103 94 ' ,'0 0 0 0 0 0 0 0 0 0 0 0 ' ,37 ,1 ,1, 1
163 ,151, 134, '92 91 91 108 101 88 97 98 93 100 109 98 ' ,'0 0 0 0 0 0 0 0 0 0 0 0 ' ,37 ,2 ,3, 3
371 ,147, 123, '87 82 84 99 82 91 80 98 81 89 90 85 ' ,'0 0 0 0 0 0 0 0 0 0 0 0 ' ,33 ,2 ,2, 2
154 ,135, 124, '76 87 78 81 85 94 90 86 85 96 84 85 ' ,'0 0 0 0 0 0 0 0 0 0 0 0 ' ,39 ,1 ,1, 1
147 ,135, 120, '86 81 87 93 86 74 81 81 80 85 79 84 ' ,'0 0 0 0 0 0 0 0 0 0 0 0 ' ,34 ,1 ,1, 1
148 ,132, 117, '90 84 97 97 83 80 84 76 83 88 79 87 ' ,'0 0 0 0 0 0 0 0 0 0 0 0 ' ,32 ,1 ,1, 1
148 ,130, 117, '78 84 80 91 84 80 84 78 88 88 83 86 ' ,'0 0 0 0 0 0 0 0 0 0 0 0 ' ,31 ,1 ,1, 1
132 ,131, 114, '84 83 89 83 102 93 81 96 92 82 85 86 ' ,'0 0 0 0 0 0 0 0 0 0 0 0 ' ,24 ,1 ,2, 2
131 ,122, 113, '86 86 91 90 87 84 84 87 83 79 103 83 ' ,'0 0 0 0 0 0 0 0 0 0 0 0 ' ,25 ,1 ,2, 2
119 ,120, 103, '85 83 91 89 86 95 81 81 92 81 81 84 ' ,'0 0 0 0 0 0 0 0 0 0 0 0 ' ,10 ,1 ,2, 2
165 ,110, 130, '91 98 87 89 94 96 86 85 97 100 88 87 ' ,'0 0 0 0 0 0 0 0 0 0 0 0 ' ,36 ,1 ,2, 2
172 ,146, 142, '98 101 102 104 104 94 94 100 100 110 93 97 ' ,'0 0 0 0 0 0 0 0 0 0 0 0 ' ,42 ,1 ,1, 1
185 ,155, 159, '96 97 103 105 125 97 91 91 99 102 109 93 ' ,'0 0 0 0 0 0 0 0 0 0 0 0 ' ,49 ,1 ,6, 1
172 ,170, 141, '103 94 100 101 94 97 90 96 110 116 92 89 ' ,'0 0 0 0 0 0 0 0 0 0 0 0 ' ,43 ,1 ,1, 1
158 ,155, 128, '96 100 96 97 98 95 96 93 93 96 93 94 ' ,'0 0 0 0 0 0 0 0 0 0 0 0 ' ,26 ,1 ,2, 2
161 ,139, 135, '92 88 105 85 96 96 91 94 85 105 105 87 ' ,'0 0 0 0 0 0 0 0 0 0 0 0 ' ,36 ,2 ,2, 2
161 ,145, 135, '94 89 93 87 95 87 88 103 93 95 100 97 ' ,'0 0 0 0 0 0 0 0 0 0 0 0 ' ,34 ,1 ,2, 2
150 ,144, 118, '100 86 85 92 86 88 77 76 82 85 89 79 ' ,'0 0 0 0 0 0 0 0 0 0 0 0 ' ,32 ,1 ,1, 1
144 ,131, 114, '79 77 80 82 84 82 78 87 82 83 90 88 ' ,'0 0 0 0 0 0 0 0 0 0 0 0 ' ,28 ,1 ,1, 1
133 ,128, 106, '81 78 84 77 80 83 81 81 96 81 85 75 ' ,'0 0 0 0 0 0 0 0 0 0 0 0 ' ,23 ,1 ,1, 1
137 ,120, 109, '93 93 84 81 78 83 84 95 89 79 78 82 ' ,'0 0 0 0 0 0 0 0 0 0 0 0 ' ,22 ,1 ,1, 1
185 ,120, 159, '85 92 92 84 89 86 87 91 95 91 80 89 ' ,'0 0 0 0 0 0 0 0 0 0 0 0 ' ,65 ,35 ,2, 2
145 ,167, 118, '92 92 95 85 94 101 87 86 92 84 84 86 ' ,'0 0 0 0 0 0 0 0 0 0 0 0 ' ,25 ,1 ,1, 1
249 ,127, 119, '92 94 101 87 87 88 93 89 93 86 102 97 ' ,'0 0 0 0 0 0 0 0 0 0 0 0 ' ,25 ,2 ,1, 1
155 ,129, 129, '105 94 92 91 88 90 108 92 89 88 90 91 ' ,'0 0 0 0 0 0 0 0 0 0 0 0 ' ,28 ,1 ,1, 1
165 ,140, 138, '99 104 92 88 94 92 93 87 106 104 100 86 ' ,'0 0 0 0 0 0 0 0 0 0 0 0 ' ,36 ,1 ,2, 2
196 ,148, 167, '91 103 105 95 94 94 93 93 104 89 100 95 ' ,'0 0 0 0 0 0 0 0 0 0 0 0 ' ,58 ,33 ,2, 2
157 ,176, 131, '101 101 100 95 101 108 96 95 101 94 96 92 ' ,'0 0 0 0 0 0 0 0 0 0 0 0 ' ,30 ,1 ,2, 2
134 ,139, 117, '96 95 107 99 98 96 96 102 104 93 103 93 ' ,'0 0 0 0 0 0 0 0 0 0 0 0 ' ,16 ,1 ,2, 2
139 ,125, 123, '99 101 98 100 101 102 92 97 87 90 112 92 ' ,'0 0 0 0 0 0 0 0 0 0 0 0 ' ,27 ,1 ,3, 3
126 ,131, 111, '92 87 101 96 92 87 87 86 87 94 94 86 ' ,'0 0 0 0 0 0 0 0 0 0 0 0 ' ,15 ,0 ,2, 2
177 ,119, 150, '80 76 83 83 89 88 86 92 95 85 90 85 ' ,'0 0 0 0 0 0 0 0 0 0 0 0 ' ,67 ,24 ,1, 1
149 ,162, 121, '80 75 87 77 84 85 82 81 80 81 94 79 ' ,'0 0 0 0 0 0 0 0 0 0 0 0 ' ,38 ,1 ,2, 2
148 ,133, 120, '90 82 82 94 87 84 90 93 85 83 83 87 ' ,'0 0 0 0 0 0 0 0 0 0 0 0 ' ,30 ,1 ,2, 2
150 ,133, 120, '79 86 84 79 84 86 78 90 97 79 90 79 ' ,'0 0 0 0 0 0 0 0 0 0 0 0 ' ,36 ,2 ,1, 1
151 ,133, 123, '93 89 82 83 86 86 88 81 92 80 82 83 ' ,'0 0 0 0 0 0 0 0 0 0 0 0 ' ,32 ,1 ,1, 1
794 ,136, 123, '83 79 81 85 84 95 83 97 88 89 88 80 ' ,'0 0 0 0 0 0 0 0 0 0 0 0 ' ,35 ,1 ,2, 2
165 ,142, 129, '83 91 90 84 93 83 87 84 100 77 95 88 ' ,'0 0 0 0 0 0 0 0 0 0 0 0 ' ,40 ,1 ,1, 0
150 ,143, 124, '86 83 99 99 87 96 88 84 94 86 86 81 ' ,'0 0 0 0 0 0 0 0 0 0 0 0 ' ,32 ,1 ,1, 1
160 ,134, 132, '104 92 98 101 94 83 80 98 91 93 86 93 ' ,'0 0 0 0 0 0 0 0 0 0 0 0 ' ,44 ,1 ,1, 1
161 ,145, 132, '100 99 102 85 93 103 95 90 100 98 93 97 ' ,'0 0 0 0 0 0 0 0 0 0 0 0 ' ,41 ,1 ,1, 1
191 ,145, 160, '105 109 89 92 121 94 101 101 94 94 94 93 ' ,'0 0 0 0 0 0 0 0 0 0 0 0 ' ,58 ,2 ,3, 3
161 ,173, 136, '99 99 105 91 98 96 92 95 100 91 109 101 ' ,'0 0 0 0 0 0 0 0 0 0 0 0 ' ,33 ,1 ,1, 1
259 ,149, 131, '91 103 98 99 91 100 93 90 88 94 97 93 ' ,'0 0 0 0 0 0 0 0 0 0 0 0 ' ,31 ,2 ,1, 1
129 ,138, 112, '81 90 91 91 90 89 88 88 88 82 104 98 ' ,'0 0 0 0 0 0 0 0 0 0 0 0 ' ,23 ,0 ,1, 1
123 ,121, 107, '93 85 85 89 88 91 85 85 83 96 98 89 ' ,'0 0 0 0 0 0 0 0 0 0 0 0 ' ,17 ,0 ,1, 1
127 ,121, 113, '85 100 84 87 85 92 96 78 95 82 88 81 ' ,'0 0 0 0 0 0 0 0 0 0 0 0 ' ,24 ,2 ,1, 1
153 ,123, 121, '78 82 91 76 87 83 86 75 82 75 83 79 ' ,'0 0 0 0 0 0 0 0 0 0 0 0 ' ,31 ,1 ,1, 1
155 ,133, 124, '83 77 81 77 91 88 89 81 87 80 87 78 ' ,'0 0 0 0 0 0 0 0 0 0 0 0 ' ,42 ,1 ,1, 1
154 ,139, 124, '82 86 91 93 87 86 82 80 85 90 97 90 ' ,'0 0 0 0 0 0 0 0 0 0 0 0 ' ,40 ,1 ,1, 1
156 ,144, 129, '87 95 84 77 92 90 80 91 93 85 96 90 ' ,'0 0 0 0 0 0 0 0 0 0 0 0 ' ,36 ,1 ,1, 1
145 ,138, 122, '98 99 101 82 83 90 84 88 86 83 86 91 ' ,'0 0 0 0 0 0 0 0 0 0 0 0 ' ,31 ,1 ,2, 2
166 ,130, 136, '85 94 94 83 100 91 86 88 108 81 91 91 ' ,'0 0 0 0 0 0 0 0 0 0 0 0 ' ,42 ,1 ,1, 1
160 ,147, 134, '94 105 102 85 90 97 95 94 89 88 95 99 ' ,'0 0 0 0 0 0 0 0 0 0 0 0 ' ,38 ,1 ,1, 1
209 ,144, 135, '110 95 90 93 90 91 88 102 102 98 90 95 ' ,'0 0 0 0 0 0 0 0 0 0 0 0 ' ,82 ,1 ,1, 1
170 ,194, 137, '103 101 109 97 94 107 93 88 96 89 92 101 ' ,'0 0 0 0 0 0 0 0 0 0 0 0 ' ,40 ,2 ,2, 2
163 ,152, 138, '104 108 95 103 100 100 95 98 103 100 112 95 ' ,'0 0 0 0 0 0 0 0 0 0 0 0 ' ,32 ,1 ,3, 3
168 ,150, 142, '96 99 104 114 102 96 95 93 97 95 96 107 ' ,'0 0 0 0 0 0 0 0 0 0 0 0 ' ,35 ,2 ,1, 1
217 ,151, 134, '89 90 91 90 98 99 93 86 93 89 93 99 ' ,'0 0 0 0 0 0 0 0 0 0 0 0 ' ,35 ,1 ,2, 2
170 ,142, 140, '91 94 90 91 94 100 101 97 100 100 100 98 ' ,'0 0 0 0 0 0 0 0 0 0 0 0 ' ,40 ,1 ,2, 2
149 ,152, 121, '104 95 89 106 87 96 91 90 84 81 93 85 ' ,'0 0 0 0 0 0 0 0 0 0 0 0 ' ,29 ,1 ,2, 2
143 ,131, 115, '95 96 85 98 79 88 83 75 83 81 85 95 ' ,'0 0 0 0 0 0 0 0 0 0 0 0 ' ,29 ,1 ,2, 2
148 ,126, 121, '88 97 86 86 87 84 84 81 86 84 81 84 ' ,'0 0 0 0 0 0 0 0 0 0 0 0 ' ,32 ,1 ,1, 1
146 ,136, 121, '87 85 86 78 82 87 101 85 81 80 93 88 ' ,'0 0 0 0 0 0 0 0 0 0 0 0 ' ,30 ,1 ,2, 2
158 ,129, 132, '89 89 93 81 91 85 89 87 98 94 90 81 ' ,'0 0 0 0 0 0 0 0 0 0 0 0 ' ,43 ,2 ,2, 2
122 ,142, 107, '92 84 91 76 84 85 86 87 97 80 87 80 ' ,'0 0 0 0 0 0 0 0 0 0 0 0 ' ,16 ,1 ,2, 2
128 ,112, 112, '91 91 100 84 98 90 91 93 94 101 95 97 ' ,'0 0 0 0 0 0 0 0 0 0 0 0 ' ,19 ,1 ,1, 1
131 ,118, 114, '97 99 91 96 102 98 104 92 91 92 86 98 ' ,'0 0 0 0 0 0 0 0 0 0 0 0 ' ,18 ,1 ,1, 1
157 ,125, 131, '101 102 100 91 100 96 95 92 109 96 91 101 ' ,'0 0 0 0 0 0 0 0 0 0 0 0 ' ,35 ,1 ,1, 1
166 ,149, 142, '96 90 97 90 104 107 97 100 97 107 91 89 ' ,'0 0 0 0 0 0 0 0 0 0 0 0 ' ,40 ,1 ,1, 1
200 ,150, 173, '91 93 93 103 133 110 95 94 95 106 98 97 ' ,'0 0 0 0 0 0 0 0 0 0 0 0 ' ,73 ,2 ,2, 2
155 ,185, 128, '94 97 96 101 97 99 100 101 92 92 104 100 ' ,'0 0 0 0 0 0 0 0 0 0 0 0 ' ,30 ,1 ,2, 2
157 ,142, 130, '97 99 95 99 98 107 104 109 94 96 95 107 ' ,'0 0 0 0 0 0 0 0 0 0 0 0 ' ,27 ,1 ,2, 2
183 ,143, 150, '99 96 95 94 99 119 106 97 109 114 97 103 ' ,'0 0 0 0 0 0 0 0 0 0 0 0 ' ,49 ,1 ,1, 1
158 ,165, 128, '92 98 89 101 98 95 96 91 91 95 98 94 ' ,'0 0 0 0 0 0 0 0 0 0 0 0 ' ,35 ,2 ,2, 2
184 ,147, 157, '87 89 90 88 97 101 97 106 91 121 92 90 ' ,'0 0 0 0 0 0 0 0 0 0 0 0 ' ,60 ,2 ,3, 3
154 ,171, 126, '104 94 82 87 91 88 91 86 98 85 90 89 ' ,'0 0 0 0 0 0 0 0 0 0 0 0 ' ,34 ,1 ,2, 2
158 ,138, 126, '82 80 80 77 87 89 89 85 87 82 99 81 ' ,'0 0 0 0 0 0 0 0 0 0 0 0 ' ,40 ,1 ,2, 2
152 ,140, 116, '88 81 87 78 80 90 94 81 85 85 94 80 ' ,'0 0 0 0 0 0 0 0 0 0 0 0 ' ,35 ,2 ,1, 1
828 ,141, 127, '88 100 92 92 84 88 83 85 77 82 83 83 ' ,'0 0 0 0 0 0 0 0 0 0 0 0 ' ,39 ,1 ,2, 2
160 ,136, 125, '78 86 86 89 87 78 80 91 95 84 80 80 ' ,'0 0 0 0 0 0 0 0 0 0 0 0 ' ,41 ,2 ,2, 2
166 ,138, 136, '91 87 98 86 84 83 83 85 94 98 84 86 ' ,'0 0 0 0 0 0 0 0 0 0 0 0 ' ,46 ,2 ,1, 1
135 ,149, 119, '89 91 89 87 100 91 83 97 108 87 85 87 ' ,'0 0 0 0 0 0 0 0 0 0 0 0 ' ,27 ,1 ,1, 1
135 ,127, 119, '97 90 108 109 96 88 93 90 95 94 89 90 ' ,'0 0 0 0 0 0 0 0 0 0 0 0 ' ,23 ,1 ,1, 1
141 ,126, 125, '98 95 94 113 99 94 95 103 94 107 91 99 ' ,'0 0 0 0 0 0 0 0 0 0 0 0 ' ,23 ,2 ,2, 2
176 ,132, 146, '100 99 99 96 104 103 88 95 104 96 102 87 ' ,'0 0 0 0 0 0 0 0 0 0 0 0 ' ,48 ,1 ,2, 2
173 ,162, 141, '107 94 100 90 100 96 94 91 102 103 89 90 ' ,'0 0 0 0 0 0 0 0 0 0 0 0 ' ,43 ,2 ,1, 1
172 ,154, 145, '87 84 90 84 94 90 91 93 84 110 89 87 ' ,'0 0 0 0 0 0 0 0 0 0 0 0 ' ,53 ,1 ,2, 2
166 ,160, 140, '81 80 81 88 102 91 84 85 99 78 91 84 ' ,'0 0 0 0 0 0 0 0 0 0 0 0 ' ,50 ,1 ,2, 2
161 ,149, 138, '86 89 94 93 85 93 90 88 85 95 96 89 ' ,'0 0 0 0 0 0 0 0 0 0 0 0 ' ,41 ,1 ,1, 1
153 ,149, 128, '84 92 89 87 85 95 88 88 100 92 89 89 ' ,'0 0 0 0 0 0 0 0 0 0 0 0 ' ,35 ,1 ,1, 1
171 ,143, 141, '84 85 91 92 102 86 94 87 94 83 93 88 ' ,'0 0 0 0 0 0 0 0 0 0 0 0 ' ,41 ,1 ,1, 1
161 ,151, 135, '87 83 88 82 95 83 90 87 96 84 92 80 ' ,'0 0 0 0 0 0 0 0 0 0 0 0 ' ,39 ,1 ,3, 3
148 ,143, 120, '94 83 85 92 82 89 77 92 82 78 88 81 ' ,'0 0 0 0 0 0 0 0 0 0 0 0 ' ,30 ,1 ,1, 1
151 ,130, 125, '81 80 84 97 84 83 79 97 91 82 97 85 ' ,'0 0 0 0 0 0 0 0 0 0 0 0 ' ,31 ,1 ,1, 1
157 ,134, 132, '97 90 97 109 92 86 85 91 118 81 88 82 ' ,'0 0 0 0 0 0 0 0 0 0 0 0 ' ,37 ,1 ,0, 0
149 ,140, 122, '87 87 88 86 81 85 87 85 89 78 94 91 ' ,'0 0 0 0 0 0 0 0 0 0 0 0 ' ,23 ,2 ,2, 2
153 ,132, 126, '89 84 91 86 87 86 82 93 98 89 100 89 ' ,'0 0 0 0 0 0 0 0 0 0 0 0 ' ,34 ,2 ,1, 1
164 ,137, 138, '88 86 97 84 96 94 85 85 92 82 95 86 ' ,'0 0 0 0 0 0 0 0 0 0 0 0 ' ,42 ,1 ,2, 2
151 ,149, 117, '95 91 85 83 82 82 84 88 98 76 85 82 ' ,'0 0 0 0 0 0 0 0 0 0 0 0 ' ,26 ,1 ,1, 1
139 ,132, 114, '94 87 86 85 82 86 84 88 89 76 83 83 ' ,'0 0 0 0 0 0 0 0 0 0 0 0 ' ,18 ,1 ,2, 1
131 ,122, 116, '89 83 98 91 79 95 85 93 93 80 84 82 ' ,'0 0 0 0 0 0 0 0 0 0 0 0 ' ,26 ,1 ,2, 2
131 ,125, 116, '101 96 90 97 89 90 101 89 89 97 90 90 ' ,'0 0 0 0 0 0 0 0 0 0 0 0 ' ,17 ,1 ,2, 2
137 ,126, 120, '103 95 95 98 95 96 101 97 106 102 108 103 ' ,'0 0 0 0 0 0 0 0 0 0 0 0 ' ,15 ,1 ,2, 2
175 ,129, 142, '97 95 90 108 101 97 100 99 96 98 111 95 ' ,'0 0 0 0 0 0 0 0 0 0 0 0 ' ,41 ,1 ,2, 2
154 ,155, 132, '89 105 82 111 99 90 95 92 90 87 92 87 ' ,'0 0 0 0 0 0 0 0 0 0 0 0 ' ,39 ,2 ,2, 2
143 ,142, 120, '88 99 82 85 85 93 91 91 81 84 91 87 ' ,'0 0 0 0 0 0 0 0 0 0 0 0 ' ,32 ,1 ,1, 1
823 ,133, 128, '84 87 95 91 86 104 92 80 88 93 88 87 ' ,'0 0 0 0 0 0 0 0 0 0 0 0 ' ,35 ,1 ,2, 2
172 ,138, 142, '84 84 87 86 105 91 85 80 85 88 88 83 ' ,'0 0 0 0 0 0 0 0 0 0 0 0 ' ,52 ,2 ,1, 1
157 ,150, 133, '88 86 84 104 86 88 99 82 94 93 100 86 ' ,'0 0 0 0 0 0 0 0 0 0 0 0 ' ,42 ,1 ,1, 1
158 ,144, 135, '92 92 89 84 95 97 96 88 86 87 92 89 ' ,'0 0 0 0 0 0 0 0 0 0 0 0 ' ,43 ,2 ,1, 1
142 ,146, 120, '84 83 81 91 88 84 91 75 85 76 89 83 ' ,'0 0 0 0 0 0 0 0 0 0 0 0 ' ,33 ,1 ,1, 1
282 ,134, 261, '91 77 87 86 80 82 78 77 82 78 97 81 ' ,'0 0 0 0 0 0 0 0 0 0 151 0 ' ,175 ,1 ,1, 1
275 ,275, 250, '231 96 83 238 80 94 97 80 91 80 83 240 ' ,'137 0 0 145 0 0 0 0 0 0 0 138 ' ,161 ,1 ,1, 1
680 ,352, 660, '89 92 83 86 79 90 84 87 89 113 95 85 ' ,'0 0 0 0 0 0 0 0 0 0 0 0 ' ,566 ,2 ,3, 3
161 ,671, 137, '110 94 87 99 94 97 100 91 98 92 88 93 ' ,'0 0 0 0 0 0 0 0 0 0 0 0 ' ,40 ,2 ,2, 2
178 ,148, 157, '97 104 90 112 106 105 97 101 92 114 89 97 ' ,'0 0 0 0 0 0 0 0 0 0 0 0 ' ,61 ,2 ,2, 2
168 ,173, 144, '112 103 100 104 104 102 99 103 101 93 93 101 ' ,'0 0 0 0 0 0 0 0 0 0 0 0 ' ,40 ,2 ,3, 3
138 ,155, 122, '108 112 94 109 106 106 95 98 107 93 93 102 ' ,'0 0 0 0 0 0 0 0 0 0 0 0 ' ,20 ,1 ,1, 1
135 ,131, 118, '91 95 94 111 93 101 97 108 84 99 91 91 ' ,'0 0 0 0 0 0 0 0 0 0 0 0 ' ,27 ,1 ,1, 1
136 ,126, 120, '82 89 85 104 106 91 96 90 86 92 98 88 ' ,'0 0 0 0 0 0 0 0 0 0 0 0 ' ,26 ,1 ,2, 2
156 ,128, 133, '90 98 88 104 90 94 96 98 94 84 111 90 ' ,'0 0 0 0 0 0 0 0 0 0 0 0 ' ,36 ,2 ,2, 2
155 ,146, 132, '84 90 81 89 82 93 89 94 89 85 88 86 ' ,'0 0 0 0 0 0 0 0 0 0 0 0 ' ,41 ,2 ,2, 2
170 ,147, 145, '93 87 89 100 85 89 89 88 84 92 105 85 ' ,'0 0 0 0 0 0 0 0 0 0 0 0 ' ,53 ,2 ,2, 2
156 ,156, 131, '80 84 81 86 81 87 92 90 79 84 95 87 ' ,'0 0 0 0 0 0 0 0 0 0 0 0 ' ,43 ,1 ,2, 2
142 ,141, 119, '93 85 83 83 80 96 84 90 77 82 88 83 ' ,'0 0 0 0 0 0 0 0 0 0 0 0 ' ,36 ,1 ,1, 1
151 ,133, 124, '85 87 78 96 82 85 82 89 80 77 87 80 ' ,'0 0 0 0 0 0 0 0 0 0 0 0 ' ,39 ,1 ,2, 2
149 ,137, 131, '82 82 95 84 81 90 83 82 91 83 93 82 ' ,'0 0 0 0 0 0 0 0 0 0 0 0 ' ,41 ,2 ,2, 2
161 ,139, 134, '84 88 91 82 78 83 87 89 90 92 90 91 ' ,'0 0 0 0 0 0 0 0 0 0 0 0 ' ,43 ,2 ,2, 2
153 ,148, 125, '85 83 86 87 77 87 74 84 86 80 88 88 ' ,'0 0 0 0 0 0 0 0 0 0 0 0 ' ,40 ,1 ,1, 1
154 ,141, 130, '90 93 98 105 88 87 86 85 90 82 95 98 ' ,'0 0 0 0 0 0 0 0 0 0 0 0 ' ,38 ,2 ,2, 2
155 ,141, 132, '91 92 94 104 91 89 85 101 91 89 97 95 ' ,'0 0 0 0 0 0 0 0 0 0 0 0 ' ,36 ,2 ,2, 2
167 ,144, 143, '97 98 94 109 94 91 89 99 96 95 104 94 ' ,'0 0 0 0 0 0 0 0 0 0 0 0 ' ,44 ,2 ,2, 2
165 ,154, 141, '95 100 101 99 101 104 89 94 117 92 92 93 ' ,'0 0 0 0 0 0 0 0 0 0 0 0 ' ,43 ,2 ,2, 2
178 ,155, 156, '98 95 105 92 115 99 89 97 106 107 104 99 ' ,'0 0 0 0 0 0 0 0 0 0 0 0 ' ,56 ,2 ,2, 2
174 ,170, 148, '109 95 102 107 102 100 89 98 103 96 98 95 ' ,'0 0 0 0 0 0 0 0 0 0 0 0 ' ,49 ,2 ,2, 2
163 ,163, 137, '100 99 118 115 103 104 99 99 98 94 109 99 ' ,'0 0 0 0 0 0 0 0 0 0 0 0 ' ,30 ,1 ,1, 1
140 ,155, 125, '111 101 97 104 100 102 110 106 108 100 101 106 ' ,'0 0 0 0 0 0 0 0 0 0 0 0 ' ,15 ,0 ,2, 2
139 ,133, 122, '106 101 98 103 112 99 106 109 108 99 105 104 ' ,'0 0 0 0 0 0 0 0 0 0 0 0 ' ,15 ,1 ,1, 1
142 ,130, 125, '95 97 103 98 98 103 98 114 97 109 96 96 ' ,'0 0 0 0 0 0 0 0 0 0 0 0 ' ,21 ,1 ,2, 2
166 ,137, 144, '94 92 90 106 95 88 97 97 98 98 100 94 ' ,'0 0 0 0 0 0 0 0 0 0 0 0 ' ,42 ,1 ,2, 2
174 ,154, 148, '85 86 87 95 97 85 88 93 99 103 97 84 ' ,'0 0 0 0 0 0 0 0 0 0 0 0 ' ,52 ,1 ,2, 2
154 ,162, 135, '94 83 91 89 84 81 78 79 97 94 85 80 ' ,'0 0 0 0 0 0 0 0 0 0 0 0 ' ,46 ,1 ,2, 2
150 ,146, 130, '86 86 88 86 89 107 88 85 83 95 89 80 ' ,'0 0 0 0 0 0 0 0 0 0 0 0 ' ,37 ,2 ,2, 2
169 ,139, 148, '85 85 82 92 88 81 81 89 101 100 84 92 ' ,'0 0 0 0 0 0 0 0 0 0 0 0 ' ,58 ,1 ,3, 3
160 ,160, 134, '84 87 87 94 93 86 91 87 98 81 90 85 ' ,'0 0 0 0 0 0 0 0 0 0 0 0 ' ,39 ,2 ,2, 2
