2688 ,0, 2597, '2453 1496 881 1675 ' ,'1962 1009 452 597 ' ,1581 ,10 ,8, 8
480 ,2637, 458, '199 208 201 199 ' ,'0 0 0 0 ' ,238 ,2 ,6, 6
664 ,1095, 423, '173 175 184 166 ' ,'0 0 0 0 ' ,233 ,2 ,2, 2
180 ,431, 159, '115 134 132 119 ' ,'0 0 0 0 ' ,22 ,1 ,2, 2
404 ,168, 382, '134 168 144 148 ' ,'0 0 0 0 ' ,214 ,2 ,2, 2
246 ,390, 225, '118 130 115 119 ' ,'0 0 0 0 ' ,23 ,2 ,2, 2
1785 ,262, 1761, '127 129 150 125 ' ,'0 0 0 0 ' ,1611 ,1 ,2, 2
226 ,1767, 201, '157 156 165 159 ' ,'0 0 0 0 ' ,23 ,1 ,2, 2
181 ,279, 159, '125 128 139 129 ' ,'0 0 0 0 ' ,15 ,2 ,2, 2
180 ,165, 160, '131 112 121 115 ' ,'0 0 0 0 ' ,32 ,2 ,2, 2
238 ,371, 218, '113 119 121 118 ' ,'0 0 0 0 ' ,10 ,2 ,2, 2
173 ,250, 152, '107 124 107 109 ' ,'0 0 0 0 ' ,30 ,2 ,2, 2
418 ,160, 395, '132 130 146 127 ' ,'0 0 0 0 ' ,254 ,2 ,2, 2
289 ,404, 262, '146 147 152 146 ' ,'0 0 0 0 ' ,100 ,2 ,2, 2
230 ,361, 209, '127 130 136 133 ' ,'0 0 0 0 ' ,64 ,1 ,2, 2
289 ,217, 269, '114 126 125 118 ' ,'0 0 0 0 ' ,140 ,2 ,2, 2
196 ,275, 174, '152 156 158 151 ' ,'0 0 0 0 ' ,10 ,1 ,2, 2
904 ,279, 474, '112 139 114 121 ' ,'0 0 0 0 ' ,350 ,2 ,2, 2
217 ,486, 198, '173 156 176 159 ' ,'0 0 0 0 ' ,30 ,2 ,2, 2
1524 ,206, 1506, '148 140 133 130 ' ,'0 0 0 0 ' ,1361 ,2 ,2, 2
372 ,1512, 350, '117 164 120 118 ' ,'0 5281 0 0 ' ,217 ,11 ,2, 2
526 ,357, 506, '124 132 145 133 ' ,'0 0 0 0 ' ,361 ,2 ,2, 2
556 ,513, 532, '150 139 145 158 ' ,'0 0 0 0 ' ,375 ,1 ,2, 2
1168 ,538, 1145, '147 149 149 145 ' ,'0 0 0 0 ' ,990 ,1 ,2, 2
434 ,1151, 413, '149 148 145 145 ' ,'0 0 0 0 ' ,255 ,4 ,2, 2
371 ,420, 153, '120 125 122 124 ' ,'0 0 0 0 ' ,17 ,1 ,2, 2
186 ,159, 168, '138 144 129 133 ' ,'0 0 0 0 ' ,25 ,2 ,2, 2
350 ,383, 332, '215 170 158 165 ' ,'5374 0 0 0 ' ,70 ,2 ,2, 1
151 ,339, 137, '118 122 117 126 ' ,'0 0 5386 0 ' ,7 ,1 ,2, 2
174 ,236, 160, '148 136 134 129 ' ,'0 0 0 0 ' ,21 ,2 ,3, 3
162 ,164, 142, '123 117 129 119 ' ,'0 0 0 0 ' ,15 ,2 ,3, 3
160 ,148, 142, '129 122 116 129 ' ,'0 0 0 0 ' ,18 ,2 ,2, 2
220 ,147, 201, '144 144 160 143 ' ,'0 0 0 0 ' ,49 ,2 ,2, 2
166 ,207, 147, '128 135 137 134 ' ,'0 0 0 0 ' ,10 ,2 ,2, 2
190 ,153, 172, '142 146 159 146 ' ,'0 0 0 0 ' ,19 ,1 ,3, 3
173 ,177, 152, '132 129 141 143 ' ,'0 0 0 0 ' ,12 ,1 ,2, 2
179 ,161, 159, '148 132 136 141 ' ,'0 0 0 0 ' ,19 ,2 ,2, 2
164 ,165, 146, '111 134 116 111 ' ,'0 0 0 0 ' ,25 ,2 ,2, 2
288 ,152, 270, '136 129 117 126 ' ,'0 0 0 0 ' ,143 ,1 ,2, 2
166 ,275, 149, '130 116 128 115 ' ,'0 0 0 0 ' ,25 ,2 ,2, 2
148 ,156, 129, '103 110 116 113 ' ,'0 0 0 0 ' ,15 ,2 ,3, 3
215 ,134, 179, '134 144 141 165 ' ,'0 0 0 0 ' ,22 ,1 ,3, 3
170 ,203, 151, '126 129 133 130 ' ,'0 0 0 0 ' ,10 ,1 ,2, 2
179 ,157, 155, '127 137 144 141 ' ,'0 0 0 0 ' ,6 ,1 ,2, 2
174 ,164, 155, '131 130 133 131 ' ,'0 0 0 0 ' ,13 ,2 ,2, 2
761 ,162, 739, '129 134 149 129 ' ,'0 0 0 0 ' ,591 ,1 ,2, 2
471 ,746, 450, '103 110 108 103 ' ,'0 0 0 0 ' ,335 ,1 ,2, 2
1421 ,456, 1400, '102 108 114 111 ' ,'0 0 0 0 ' ,1218 ,1 ,2, 2
3867 ,1406, 3848, '119 136 114 122 ' ,'0 0 0 0 ' ,3719 ,1 ,2, 2
4084 ,3931, 4063, '132 129 128 134 ' ,'0 0 0 0 ' ,3919 ,1 ,2, 2
1377 ,4069, 725, '131 155 143 140 ' ,'0 0 0 0 ' ,572 ,1 ,2, 2
533 ,731, 513, '112 114 126 120 ' ,'0 0 0 0 ' ,385 ,2 ,2, 2
1074 ,521, 1058, '138 145 146 147 ' ,'0 0 0 0 ' ,900 ,2 ,2, 2
244 ,1065, 227, '155 159 177 162 ' ,'0 0 0 0 ' ,52 ,0 ,2, 2
359 ,233, 341, '290 144 155 146 ' ,'0 0 0 0 ' ,181 ,1 ,3, 2
194 ,349, 176, '140 119 124 118 ' ,'0 0 0 0 ' ,42 ,1 ,2, 2
155 ,182, 134, '105 110 112 102 ' ,'0 0 0 0 ' ,19 ,1 ,2, 2
201 ,340, 180, '148 102 103 113 ' ,'0 0 0 0 ' ,64 ,1 ,2, 2
619 ,389, 191, '163 134 138 132 ' ,'0 0 0 0 ' ,46 ,2 ,2, 2
175 ,197, 155, '128 131 132 135 ' ,'0 0 0 0 ' ,9 ,1 ,2, 2
188 ,161, 168, '141 147 140 151 ' ,'0 0 0 0 ' ,12 ,1 ,2, 2
249 ,176, 228, '128 152 211 131 ' ,'0 0 5326 0 ' ,84 ,0 ,2, 2
158 ,235, 136, '104 99 115 121 ' ,'0 0 0 0 ' ,18 ,1 ,2, 2
570 ,142, 350, '103 103 111 203 ' ,'0 0 0 5461 ' ,232 ,1 ,2, 2
300 ,357, 281, '185 142 154 143 ' ,'0 0 0 0 ' ,125 ,0 ,2, 2
154 ,288, 133, '101 108 101 110 ' ,'0 0 0 0 ' ,18 ,2 ,1, 1
391 ,141, 371, '121 118 117 123 ' ,'0 0 0 0 ' ,239 ,1 ,2, 2
670 ,390, 650, '127 130 132 134 ' ,'0 0 0 0 ' ,435 ,1 ,2, 2
288 ,657, 266, '148 168 158 143 ' ,'0 0 0 0 ' ,108 ,2 ,2, 2
233 ,272, 164, '130 133 135 130 ' ,'0 0 0 0 ' ,64 ,1 ,2, 2
157 ,214, 138, '103 112 106 108 ' ,'0 0 0 0 ' ,18 ,1 ,2, 2
893 ,145, 872, '115 150 119 115 ' ,'0 0 0 0 ' ,745 ,0 ,2, 2
456 ,879, 436, '131 133 131 138 ' ,'0 0 0 0 ' ,286 ,2 ,2, 2
202 ,443, 179, '127 130 140 130 ' ,'0 0 0 0 ' ,38 ,2 ,1, 1
1246 ,387, 1228, '101 101 102 106 ' ,'0 0 0 0 ' ,1109 ,2 ,2, 2
1710 ,1234, 1689, '158 140 151 144 ' ,'0 0 0 0 ' ,1533 ,1 ,2, 2
264 ,1696, 246, '161 143 146 141 ' ,'0 0 0 0 ' ,92 ,1 ,2, 2
1108 ,253, 884, '115 133 120 119 ' ,'0 0 0 0 ' ,749 ,1 ,2, 2
410 ,891, 188, '121 115 123 131 ' ,'0 0 0 0 ' ,55 ,2 ,2, 2
763 ,195, 744, '118 142 123 114 ' ,'0 0 0 0 ' ,613 ,1 ,2, 2
565 ,752, 541, '139 116 120 130 ' ,'0 0 0 0 ' ,410 ,2 ,2, 2
210 ,552, 190, '126 130 134 138 ' ,'0 0 0 0 ' ,41 ,1 ,2, 2
1847 ,196, 1827, '125 116 119 114 ' ,'0 0 0 0 ' ,1693 ,2 ,2, 2
2034 ,2034, 2018, '165 133 135 137 ' ,'0 0 0 0 ' ,1868 ,1 ,2, 2
965 ,2024, 950, '155 158 156 168 ' ,'0 0 0 0 ' ,775 ,2 ,2, 2
727 ,957, 704, '157 177 159 166 ' ,'0 0 0 0 ' ,530 ,1 ,2, 2
348 ,711, 330, '119 125 130 114 ' ,'0 0 0 0 ' ,193 ,1 ,3, 3
195 ,335, 178, '159 141 150 149 ' ,'0 0 0 0 ' ,19 ,2 ,2, 2
154 ,185, 137, '110 124 108 113 ' ,'0 0 0 0 ' ,15 ,0 ,3, 3
186 ,142, 166, '146 133 149 144 ' ,'0 0 0 0 ' ,20 ,1 ,2, 2
188 ,172, 172, '111 102 103 109 ' ,'0 0 0 0 ' ,55 ,47 ,4, 3
266 ,176, 247, '117 149 228 131 ' ,'0 0 5439 0 ' ,116 ,1 ,3, 3
186 ,252, 168, '130 150 147 138 ' ,'0 0 0 0 ' ,24 ,2 ,2, 2
206 ,174, 188, '144 143 155 150 ' ,'0 0 0 0 ' ,30 ,2 ,3, 3
175 ,287, 153, '114 140 127 116 ' ,'0 0 0 0 ' ,24 ,1 ,2, 2
192 ,160, 173, '114 127 111 102 ' ,'0 0 0 0 ' ,57 ,29 ,3, 3
163 ,176, 144, '119 118 120 122 ' ,'0 0 0 0 ' ,8 ,1 ,4, 4
220 ,149, 143, '128 137 148 139 ' ,'5496 0 0 0 ' ,57 ,1 ,1, 1
158 ,211, 141, '121 112 112 110 ' ,'0 0 0 0 ' ,17 ,3 ,3, 3
2628 ,154, 2606, '286 100 108 103 ' ,'0 0 0 0 ' ,2487 ,1 ,2, 2
2450 ,2613, 2427, '143 143 154 161 ' ,'0 0 0 0 ' ,2268 ,3 ,3, 3
1112 ,2433, 1091, '267 275 279 292 ' ,'0 0 0 0 ' ,801 ,1 ,2, 2
1329 ,1098, 1308, '250 249 228 241 ' ,'0 0 0 0 ' ,1066 ,1 ,2, 2
658 ,1359, 636, '482 409 391 414 ' ,'0 0 0 0 ' ,229 ,1 ,4, 4
2224 ,649, 2204, '302 419 285 278 ' ,'0 5422 0 0 ' ,1912 ,3 ,3, 3
2074 ,2210, 2054, '309 302 294 281 ' ,'0 0 0 0 ' ,1757 ,1 ,2, 2
567 ,2062, 548, '261 280 284 276 ' ,'0 0 0 0 ' ,246 ,2 ,2, 2
1855 ,619, 1838, '299 308 278 291 ' ,'0 0 0 0 ' ,1546 ,2 ,2, 2
3031 ,2053, 3009, '289 336 306 310 ' ,'0 0 0 0 ' ,2686 ,1 ,4, 4
2287 ,3019, 2262, '313 291 317 299 ' ,'0 5497 0 0 ' ,1950 ,3 ,3, 3
2060 ,2316, 2039, '1973 1595 1500 1610 ' ,'6824 2429 5305 3164 ' ,520 ,1 ,3, 3
351 ,2047, 329, '288 301 291 299 ' ,'0 0 0 0 ' ,20 ,0 ,4, 4
1136 ,337, 871, '542 351 289 311 ' ,'0 0 0 0 ' ,808 ,1 ,6, 5
394 ,1122, 374, '320 303 298 313 ' ,'0 0 0 0 ' ,59 ,1 ,4, 4
784 ,381, 762, '362 315 317 291 ' ,'0 0 0 0 ' ,459 ,3 ,2, 2
1097 ,772, 1077, '307 306 289 289 ' ,'0 0 0 0 ' ,773 ,1 ,2, 2
2019 ,1123, 1999, '309 314 299 306 ' ,'0 0 0 0 ' ,1680 ,2 ,4, 4
833 ,2811, 811, '355 394 315 317 ' ,'0 0 0 0 ' ,478 ,2 ,4, 4
768 ,819, 746, '319 299 418 465 ' ,'0 0 5498 5535 ' ,431 ,1 ,5, 5
2597 ,753, 2576, '333 334 334 329 ' ,'0 0 0 0 ' ,2233 ,2 ,4, 4
6969 ,2665, 5392, '323 330 310 314 ' ,'0 0 0 0 ' ,5091 ,2 ,4, 4
1896 ,5644, 1880, '547 311 347 323 ' ,'5610 0 0 0 ' ,1552 ,2 ,4, 4
5225 ,1888, 5208, '538 301 315 328 ' ,'0 0 0 0 ' ,4890 ,2 ,4, 4
308 ,5214, 288, '256 262 273 274 ' ,'0 0 0 0 ' ,12 ,1 ,2, 2
234 ,295, 213, '191 180 172 167 ' ,'0 0 0 0 ' ,33 ,2 ,3, 3
389 ,221, 259, '187 160 160 152 ' ,'0 0 0 5543 ' ,196 ,2 ,3, 3
211 ,376, 192, '169 171 162 166 ' ,'0 0 0 0 ' ,14 ,1 ,4, 4
367 ,197, 340, '151 320 170 323 ' ,'0 5606 0 0 ' ,174 ,2 ,2, 2
238 ,346, 220, '156 200 164 156 ' ,'0 0 0 0 ' ,48 ,1 ,4, 4
211 ,225, 193, '165 155 165 180 ' ,'0 0 0 0 ' ,19 ,1 ,4, 4
215 ,198, 197, '177 157 157 159 ' ,'0 0 0 0 ' ,21 ,2 ,4, 4
207 ,202, 188, '161 162 145 162 ' ,'0 0 0 0 ' ,23 ,1 ,4, 4
274 ,194, 255, '235 207 199 220 ' ,'0 0 0 0 ' ,34 ,2 ,4, 4
200 ,262, 181, '150 153 161 167 ' ,'0 0 0 0 ' ,15 ,1 ,2, 2
199 ,186, 179, '155 156 158 164 ' ,'0 0 0 0 ' ,7 ,1 ,4, 4
255 ,184, 236, '206 220 207 205 ' ,'0 0 0 0 ' ,15 ,2 ,4, 4
267 ,242, 245, '198 156 150 152 ' ,'0 0 0 0 ' ,80 ,2 ,3, 3
3841 ,255, 3818, '415 154 154 149 ' ,'5703 0 0 0 ' ,3656 ,2 ,4, 4
1009 ,3827, 989, '145 142 164 152 ' ,'0 0 0 0 ' ,828 ,1 ,4, 4
1640 ,997, 1620, '156 145 298 157 ' ,'0 0 0 0 ' ,1461 ,2 ,4, 4
3316 ,1635, 3293, '159 153 164 155 ' ,'0 0 0 0 ' ,3122 ,1 ,4, 4
4526 ,3301, 4345, '149 148 161 151 ' ,'0 0 0 0 ' ,4288 ,3 ,4, 4
293 ,4517, 271, '149 173 165 152 ' ,'0 0 0 0 ' ,104 ,1 ,3, 3
2208 ,280, 2187, '182 173 152 151 ' ,'0 0 0 0 ' ,2020 ,143 ,4, 4
2712 ,2196, 2694, '161 150 152 160 ' ,'0 0 0 0 ' ,2524 ,1 ,3, 3
3073 ,2904, 3053, '160 153 149 153 ' ,'0 0 0 0 ' ,2887 ,2 ,4, 4
8392 ,3286, 5952, '181 157 163 162 ' ,'0 0 0 0 ' ,6183 ,1 ,4, 4
3023 ,6371, 2995, '359 366 340 357 ' ,'0 0 0 0 ' ,2642 ,2 ,3, 3
584 ,3011, 559, '425 351 345 546 ' ,'0 0 0 0 ' ,198 ,1 ,3, 3
2847 ,571, 2825, '358 437 369 335 ' ,'0 0 0 0 ' ,2477 ,2 ,3, 3
1589 ,2835, 1572, '333 442 346 353 ' ,'0 0 0 0 ' ,1197 ,1 ,3, 3
3595 ,1582, 3153, '574 311 333 340 ' ,'5700 0 0 0 ' ,3241 ,2 ,4, 4
1772 ,3579, 1753, '343 505 495 292 ' ,'0 5681 0 0 ' ,1447 ,2 ,3, 3
4581 ,1762, 4560, '286 279 277 286 ' ,'0 0 0 0 ' ,4260 ,3 ,4, 4
3563 ,4568, 3541, '276 244 274 265 ' ,'0 0 0 0 ' ,3281 ,2 ,3, 3
316 ,3547, 298, '265 256 240 279 ' ,'0 0 0 0 ' ,41 ,2 ,3, 3
516 ,303, 498, '259 249 250 482 ' ,'0 0 0 5640 ' ,234 ,2 ,3, 3
353 ,503, 334, '234 315 239 226 ' ,'0 0 0 0 ' ,95 ,2 ,2, 2
569 ,340, 549, '275 316 244 235 ' ,'0 0 0 0 ' ,298 ,1 ,4, 4
305 ,691, 284, '250 248 246 271 ' ,'0 0 0 0 ' ,19 ,1 ,3, 3
340 ,288, 322, '245 303 271 244 ' ,'0 0 0 0 ' ,66 ,1 ,2, 2
332 ,327, 312, '289 269 263 266 ' ,'0 0 0 0 ' ,31 ,2 ,3, 3
332 ,317, 310, '279 269 257 281 ' ,'0 0 0 0 ' ,24 ,4 ,3, 3
327 ,314, 299, '271 260 276 278 ' ,'0 0 0 0 ' ,22 ,1 ,3, 3
396 ,304, 377, '269 245 281 244 ' ,'0 0 0 5687 ' ,114 ,2 ,2, 2
353 ,384, 334, '262 315 227 257 ' ,'0 0 0 0 ' ,83 ,2 ,2, 2
546 ,339, 523, '297 278 306 514 ' ,'0 0 0 0 ' ,233 ,1 ,2, 2
321 ,535, 302, '277 262 282 272 ' ,'0 0 0 0 ' ,22 ,1 ,3, 3
4691 ,518, 4673, '283 271 270 281 ' ,'0 0 0 0 ' ,4381 ,1 ,2, 2
2898 ,4680, 2876, '283 271 307 253 ' ,'0 0 0 0 ' ,2399 ,2 ,2, 2
746 ,3085, 729, '306 492 481 264 ' ,'0 0 0 0 ' ,447 ,2 ,2, 2
4104 ,739, 4087, '282 250 234 250 ' ,'0 0 0 0 ' ,3832 ,2 ,2, 2
2922 ,4297, 2901, '268 271 273 264 ' ,'0 5768 0 0 ' ,2619 ,2 ,2, 2
4351 ,2907, 4330, '379 262 309 303 ' ,'0 0 0 0 ' ,4044 ,2 ,2, 2
814 ,4337, 793, '267 276 269 271 ' ,'0 0 0 0 ' ,506 ,1 ,2, 2
5848 ,1001, 5828, '268 286 268 268 ' ,'0 0 0 0 ' ,5541 ,34 ,2, 2
1491 ,6036, 1467, '258 274 277 265 ' ,'0 0 0 0 ' ,1185 ,2 ,3, 3
530 ,1478, 508, '239 245 253 248 ' ,'0 0 0 0 ' ,241 ,2 ,3, 3
2662 ,769, 2442, '277 344 289 291 ' ,'0 0 0 0 ' ,2130 ,2 ,2, 2
1835 ,2448, 1814, '281 567 291 244 ' ,'0 5802 0 0 ' ,1549 ,2 ,2, 2
434 ,1822, 412, '285 281 261 256 ' ,'0 0 0 0 ' ,137 ,2 ,2, 2
2930 ,572, 2908, '269 275 266 261 ' ,'0 0 0 0 ' ,2632 ,2 ,3, 3
605 ,3045, 587, '301 292 276 272 ' ,'0 0 0 0 ' ,299 ,2 ,4, 4
448 ,600, 428, '296 272 271 300 ' ,'0 5729 0 0 ' ,136 ,1 ,3, 3
1513 ,437, 1496, '284 535 313 294 ' ,'0 0 0 0 ' ,1186 ,2 ,4, 4
2364 ,1912, 2261, '619 325 285 292 ' ,'5861 0 0 0 ' ,2035 ,1 ,3, 3
2183 ,2351, 2161, '396 315 582 314 ' ,'0 0 5764 0 ' ,1829 ,1 ,3, 3
2496 ,2170, 2475, '334 328 339 336 ' ,'0 0 0 0 ' ,2123 ,2 ,4, 4
1038 ,2483, 819, '309 382 324 275 ' ,'0 0 0 5869 ' ,672 ,2 ,4, 4
666 ,1025, 649, '325 311 571 621 ' ,'0 0 5783 0 ' ,322 ,1 ,2, 2
359 ,701, 342, '308 320 283 322 ' ,'0 0 0 0 ' ,38 ,1 ,4, 3
419 ,346, 403, '329 379 328 317 ' ,'0 0 0 0 ' ,73 ,2 ,3, 3
370 ,587, 351, '309 330 291 321 ' ,'0 0 0 0 ' ,38 ,1 ,3, 3
573 ,356, 550, '312 310 331 310 ' ,'0 0 0 0 ' ,229 ,2 ,2, 2
373 ,554, 354, '298 315 335 303 ' ,'0 0 0 0 ' ,40 ,2 ,2, 2
402 ,361, 382, '299 351 311 363 ' ,'0 0 0 6106 ' ,65 ,2 ,3, 3
354 ,387, 339, '305 312 314 318 ' ,'0 0 0 0 ' ,10 ,1 ,3, 3
434 ,343, 415, '319 310 296 286 ' ,'0 0 5785 0 ' ,115 ,2 ,3, 3
