39836 ,0, 293, '247 172 149 154 142 158 173 105 156 136 168 172 123 159 111 185 174 107 180 136 ' ,'0 0 0 0 0 0 0 0 0 0 0 0 0 0 0 0 0 0 0 0 ' ,175 ,7 ,2, 2
363 ,586, 335, '223 163 172 176 160 173 170 180 183 84 230 186 183 195 87 249 176 181 181 145 ' ,'0 0 0 0 0 0 0 0 0 0 0 0 0 0 0 0 0 0 0 0 ' ,235 ,2 ,1, 1
287 ,350, 263, '17 18 22 28 19 17 19 24 18 21 30 23 23 19 21 22 17 24 21 20 ' ,'0 0 0 0 0 0 0 0 0 0 0 0 0 0 0 0 0 0 0 0 ' ,236 ,1 ,1, 1
78 ,476, 46, '33 31 24 23 23 29 27 26 29 21 23 23 31 23 27 18 20 24 33 19 ' ,'0 0 0 0 0 0 0 0 0 0 0 0 0 0 0 0 0 0 0 0 ' ,23 ,1 ,1, 1
71 ,62, 43, '28 26 28 31 26 20 20 20 23 25 28 21 21 25 26 21 20 21 23 24 ' ,'0 0 0 0 0 0 0 0 0 0 0 0 0 0 0 0 0 0 0 0 ' ,17 ,2 ,1, 1
67 ,59, 36, '17 21 22 22 14 13 27 19 22 14 20 21 14 19 18 19 21 16 23 21 ' ,'0 0 0 0 0 0 0 0 0 0 0 0 0 0 0 0 0 0 0 0 ' ,18 ,1 ,1, 1
277 ,52, 250, '24 21 28 27 21 22 15 20 21 19 17 25 18 17 25 18 15 17 16 17 ' ,'0 0 0 0 0 0 0 0 0 0 0 0 0 0 0 0 0 0 0 0 ' ,219 ,2 ,0, 0
285 ,263, 255, '19 18 26 22 24 22 18 19 20 18 34 31 21 20 22 18 28 22 19 24 ' ,'0 0 0 0 0 0 0 0 0 0 0 0 0 0 0 0 0 0 0 0 ' ,229 ,2 ,1, 1
108 ,271, 81, '23 24 29 27 24 41 21 26 26 21 40 20 30 23 31 30 20 26 26 21 ' ,'0 0 0 0 0 0 0 0 0 0 0 0 0 0 0 0 0 0 0 0 ' ,52 ,5 ,1, 1
425 ,95, 402, '31 42 23 23 26 32 19 26 18 38 28 30 20 33 24 28 23 23 35 31 ' ,'0 0 0 0 0 0 0 0 0 0 0 0 0 0 0 0 0 0 0 0 ' ,367 ,3 ,1, 1
527 ,411, 505, '19 17 22 16 15 32 15 21 19 15 16 23 20 28 19 31 19 20 16 19 ' ,'0 0 0 0 0 0 0 0 0 0 0 0 0 0 0 0 0 0 0 0 ' ,480 ,2 ,1, 1
461 ,514, 440, '25 25 37 34 20 28 25 24 26 23 33 20 38 28 22 21 31 39 38 20 ' ,'0 0 0 0 0 0 0 0 0 0 0 0 0 0 0 0 0 0 0 0 ' ,407 ,2 ,1, 1
597 ,450, 573, '22 28 26 23 25 20 22 26 24 25 36 24 24 21 18 23 24 24 19 25 ' ,'0 0 0 0 0 0 0 0 0 0 0 0 0 0 0 0 0 0 0 0 ' ,544 ,3 ,1, 1
68 ,991, 42, '17 17 22 19 21 16 22 26 19 18 27 20 22 20 20 17 17 22 19 22 ' ,'0 0 0 0 0 0 0 0 0 0 0 0 0 0 0 0 0 0 0 0 ' ,14 ,1 ,1, 1
384 ,51, 362, '14 17 16 20 27 26 17 15 18 17 15 17 15 21 21 16 17 15 18 19 ' ,'0 0 0 0 0 0 0 0 0 0 0 0 0 0 0 0 0 0 0 0 ' ,336 ,4 ,0, 0
1032 ,575, 1006, '25 29 29 33 26 29 34 32 39 26 27 28 31 32 32 50 28 28 29 28 ' ,'0 0 0 0 0 0 0 0 0 0 0 0 0 0 0 0 0 0 0 0 ' ,967 ,4 ,0, 0
940 ,1018, 707, '19 23 28 25 20 19 25 22 27 21 32 24 27 25 25 21 30 23 26 19 ' ,'0 0 0 0 0 0 0 0 0 0 0 0 0 0 0 0 0 0 0 0 ' ,674 ,0 ,0, 0
971 ,927, 936, '22 26 19 27 23 29 22 26 22 16 19 21 25 24 30 19 24 20 18 20 ' ,'0 0 0 0 0 0 0 0 0 0 0 0 0 0 0 0 0 0 0 0 ' ,908 ,1 ,0, 0
74 ,956, 50, '33 21 24 20 33 24 32 25 20 21 21 20 22 25 23 19 21 27 20 23 ' ,'0 0 0 0 0 0 0 0 0 0 0 0 0 0 0 0 0 0 0 0 ' ,24 ,2 ,0, 0
467 ,62, 445, '28 25 30 27 26 34 18 25 26 18 54 24 33 27 22 45 25 31 22 18 ' ,'0 0 0 0 0 0 0 0 0 0 0 0 0 0 0 0 0 0 0 0 ' ,414 ,0 ,1, 1
515 ,457, 287, '19 22 25 27 28 18 25 23 20 22 35 20 23 28 29 39 28 29 19 24 ' ,'0 0 0 0 0 0 0 0 0 0 0 0 0 0 0 0 0 0 0 0 ' ,256 ,2 ,0, 0
728 ,303, 703, '35 19 22 25 24 17 25 21 25 19 25 31 20 25 20 17 23 23 20 27 ' ,'0 0 0 0 0 0 0 0 0 0 0 0 0 0 0 0 0 0 0 0 ' ,672 ,1 ,0, 0
538 ,916, 308, '23 16 32 19 15 21 18 24 18 21 15 19 19 33 20 25 30 21 20 16 ' ,'0 0 0 0 0 0 0 0 0 0 0 0 0 0 0 0 0 0 0 0 ' ,286 ,1 ,0, 0
598 ,336, 364, '17 29 20 17 14 15 15 18 27 19 17 27 25 19 21 25 15 31 20 25 ' ,'0 0 0 0 0 0 0 0 0 0 0 0 0 0 0 0 0 0 0 0 ' ,348 ,2 ,0, 0
915 ,383, 892, '17 26 19 24 17 21 29 19 23 19 35 31 16 20 26 19 24 16 18 28 ' ,'0 0 0 0 0 0 0 0 0 0 0 0 0 0 0 0 0 0 0 0 ' ,858 ,2 ,0, 0
847 ,1306, 823, '19 31 26 26 19 32 33 23 27 22 21 36 23 23 34 41 26 24 26 18 ' ,'0 0 0 0 0 0 0 0 0 0 0 0 0 0 0 0 0 0 0 0 ' ,790 ,0 ,0, 0
68 ,835, 48, '20 23 17 21 29 16 20 25 21 21 16 22 17 19 16 30 21 30 20 17 ' ,'0 0 0 0 0 0 0 0 0 0 0 0 0 0 0 0 0 0 0 0 ' ,20 ,1 ,0, 0
63 ,59, 41, '25 21 22 25 19 16 19 22 31 22 16 22 23 25 25 28 17 23 27 20 ' ,'0 0 0 0 0 0 0 0 0 0 0 0 0 0 0 0 0 0 0 0 ' ,17 ,1 ,0, 0
462 ,52, 443, '19 23 23 25 28 18 19 25 25 20 27 19 24 27 25 27 20 23 26 29 ' ,'0 0 0 0 0 0 0 0 0 0 0 0 0 0 0 0 0 0 0 0 ' ,416 ,2 ,0, 0
262 ,452, 242, '27 24 20 22 23 17 23 21 21 20 32 22 21 23 20 35 30 20 24 20 ' ,'0 0 0 0 0 0 0 0 0 0 0 0 0 0 0 0 0 0 0 0 ' ,215 ,0 ,0, 0
1333 ,252, 1307, '24 22 25 22 24 19 20 27 21 27 35 22 27 22 20 33 21 26 32 26 ' ,'0 0 0 0 0 0 0 0 0 0 0 0 0 0 0 0 0 0 0 0 ' ,1285 ,1 ,1, 1
900 ,1324, 881, '20 17 15 21 22 24 17 14 18 14 15 18 28 24 23 14 18 16 18 21 ' ,'0 0 0 0 0 0 0 0 0 0 0 0 0 0 0 0 0 0 0 0 ' ,856 ,1 ,0, 0
61 ,891, 34, '22 22 19 23 25 28 17 18 18 15 18 17 18 26 17 24 27 19 21 17 ' ,'0 0 0 0 0 0 0 0 0 0 0 0 0 0 0 0 0 0 0 0 ' ,14 ,1 ,0, 0
65 ,250, 38, '16 21 21 21 14 24 18 19 24 19 14 20 21 21 27 25 25 30 19 25 ' ,'0 0 0 0 0 0 0 0 0 0 0 0 0 0 0 0 0 0 0 0 ' ,20 ,1 ,0, 0
97 ,55, 72, '36 29 20 30 54 36 38 32 20 19 35 17 30 33 56 61 21 35 19 53 ' ,'0 0 0 0 0 0 0 0 0 0 0 0 0 0 0 0 0 0 0 0 ' ,46 ,1 ,0, 0
86 ,86, 58, '23 23 29 25 25 20 38 46 19 22 34 33 27 24 27 39 22 38 26 25 ' ,'0 0 0 0 0 0 0 0 0 0 0 0 0 0 0 0 0 0 0 0 ' ,27 ,1 ,0, 0
273 ,74, 246, '26 18 21 18 17 18 19 25 16 22 16 19 20 18 18 26 25 21 17 24 ' ,'0 0 0 0 0 0 0 0 0 0 0 0 0 0 0 0 0 0 0 0 ' ,221 ,1 ,0, 0
90 ,280, 66, '26 22 19 25 16 15 27 19 16 15 17 24 19 25 25 22 22 18 23 25 ' ,'0 0 0 0 0 0 0 0 0 0 0 0 0 0 0 0 0 0 0 0 ' ,41 ,1 ,1, 1
142 ,79, 104, '15 29 26 25 24 16 27 21 23 14 19 24 19 14 18 16 24 17 19 23 ' ,'0 0 0 0 0 0 0 0 0 0 0 0 0 0 0 0 0 0 0 0 ' ,94 ,1 ,0, 0
83 ,134, 59, '49 28 21 19 23 17 25 20 19 24 22 38 20 25 31 18 26 24 24 30 ' ,'0 0 0 0 0 0 0 0 0 0 0 0 0 0 0 0 0 0 0 0 ' ,36 ,1 ,0, 0
69 ,74, 42, '29 33 28 26 38 23 29 32 24 29 23 22 20 23 23 27 25 23 25 26 ' ,'0 0 0 0 0 0 0 0 0 0 0 0 0 0 0 0 0 0 0 0 ' ,18 ,1 ,0, 0
81 ,62, 60, '27 25 29 25 24 24 28 35 26 26 22 25 51 27 31 23 26 27 28 25 ' ,'0 0 0 0 0 0 0 0 0 0 0 0 0 0 0 0 0 0 0 0 ' ,32 ,1 ,0, 0
64 ,71, 40, '16 20 20 24 28 18 21 16 25 15 17 20 15 26 25 21 26 18 28 21 ' ,'0 0 0 0 0 0 0 0 0 0 0 0 0 0 0 0 0 0 0 0 ' ,17 ,1 ,0, 0
63 ,51, 40, '14 27 22 19 18 15 25 21 17 18 15 20 20 17 25 27 18 19 23 24 ' ,'0 0 0 0 0 0 0 0 0 0 0 0 0 0 0 0 0 0 0 0 ' ,20 ,1 ,0, 0
63 ,54, 42, '22 28 29 24 23 20 27 29 18 22 17 19 15 19 16 22 22 15 18 19 ' ,'0 0 0 0 0 0 0 0 0 0 0 0 0 0 0 0 0 0 0 0 ' ,16 ,0 ,0, 0
62 ,53, 40, '27 31 17 20 18 22 20 18 24 17 25 31 17 16 18 21 21 17 20 30 ' ,'0 0 0 0 0 0 0 0 0 0 0 0 0 0 0 0 0 0 0 0 ' ,18 ,1 ,0, 0
59 ,52, 37, '16 21 28 23 14 21 26 29 32 25 18 18 22 19 24 18 20 27 29 21 ' ,'0 0 0 0 0 0 0 0 0 0 0 0 0 0 0 0 0 0 0 0 ' ,17 ,1 ,0, 0
60 ,52, 36, '20 17 23 15 22 19 15 21 13 18 22 18 18 14 17 26 16 15 26 18 ' ,'0 0 0 0 0 0 0 0 0 0 0 0 0 0 0 0 0 0 0 0 ' ,15 ,1 ,0, 0
68 ,49, 44, '16 33 23 21 18 19 21 22 17 19 20 20 21 19 23 17 22 23 20 17 ' ,'0 0 0 0 0 0 0 0 0 0 0 0 0 0 0 0 0 0 0 0 ' ,16 ,1 ,1, 1
61 ,59, 42, '37 23 24 22 23 20 19 25 27 19 26 26 23 28 21 19 20 24 23 27 ' ,'0 0 0 0 0 0 0 0 0 0 0 0 0 0 0 0 0 0 0 0 ' ,18 ,1 ,0, 0
60 ,51, 44, '32 32 25 25 20 21 25 21 28 23 19 24 29 24 20 20 25 24 31 26 ' ,'0 0 0 0 0 0 0 0 0 0 0 0 0 0 0 0 0 0 0 0 ' ,17 ,1 ,0, 0
61 ,52, 40, '25 24 24 24 27 20 20 27 20 25 35 19 25 21 21 27 21 25 20 22 ' ,'0 0 0 0 0 0 0 0 0 0 0 0 0 0 0 0 0 0 0 0 ' ,17 ,1 ,0, 0
65 ,53, 43, '20 14 16 21 15 20 23 17 23 17 24 17 14 23 14 21 22 19 27 16 ' ,'0 0 0 0 0 0 0 0 0 0 0 0 0 0 0 0 0 0 0 0 ' ,25 ,1 ,0, 0
318 ,54, 289, '27 26 22 23 26 32 35 24 26 18 31 35 20 24 33 22 31 27 21 24 ' ,'0 0 0 0 0 0 0 0 0 0 0 0 0 0 0 0 0 0 0 0 ' ,259 ,1 ,0, 0
585 ,302, 562, '22 23 24 28 29 33 25 24 17 25 24 18 23 26 24 44 29 21 17 23 ' ,'0 0 0 0 0 0 0 0 0 0 0 0 0 0 0 0 0 103 0 0 ' ,532 ,1 ,0, 0
231 ,573, 208, '36 28 15 36 32 33 21 15 51 18 58 13 19 22 24 72 14 21 18 18 ' ,'0 0 0 0 0 0 0 0 0 0 0 0 0 0 0 0 0 0 0 0 ' ,185 ,2 ,0, 0
170 ,422, 140, '26 32 28 38 27 37 18 29 45 25 26 30 34 29 25 37 30 29 20 22 ' ,'0 0 0 0 0 0 0 0 0 0 0 0 0 0 0 0 0 0 0 0 ' ,115 ,2 ,1, 1
68 ,156, 42, '16 19 18 31 22 30 25 18 20 27 30 19 19 25 26 18 21 19 24 15 ' ,'0 0 0 0 0 0 0 0 0 0 0 0 0 0 0 0 0 0 0 0 ' ,18 ,1 ,0, 0
1573 ,255, 1439, '25 30 29 24 30 36 21 21 24 22 21 31 23 23 27 25 19 21 27 20 ' ,'0 0 0 0 0 0 0 0 0 0 0 0 0 0 0 0 0 0 0 0 ' ,1417 ,1 ,0, 0
2027 ,1456, 2003, '18 17 25 21 25 20 16 24 20 15 20 19 25 22 23 23 15 24 28 18 ' ,'0 0 0 0 0 0 0 0 0 0 0 0 0 0 0 0 0 0 0 0 ' ,1982 ,1 ,0, 0
747 ,2216, 730, '16 21 19 25 21 19 21 27 25 19 23 20 19 28 19 32 22 19 24 17 ' ,'0 0 0 0 0 0 0 0 0 0 0 0 0 0 0 0 0 0 0 0 ' ,705 ,1 ,1, 1
299 ,738, 280, '13 28 19 15 23 23 13 20 15 20 13 18 17 16 20 21 17 18 19 20 ' ,'0 0 0 0 0 0 0 0 0 0 0 0 0 0 0 0 0 0 0 0 ' ,258 ,1 ,0, 0
354 ,295, 325, '15 19 16 22 16 14 18 16 19 13 15 19 16 23 15 24 18 24 19 15 ' ,'0 0 0 0 0 0 0 0 0 0 0 0 0 0 0 0 0 0 0 0 ' ,304 ,1 ,0, 0
453 ,338, 432, '15 25 21 32 27 25 23 17 18 22 29 23 22 19 36 25 24 21 20 21 ' ,'0 0 0 0 0 0 0 0 0 0 0 0 0 0 0 0 0 0 0 0 ' ,408 ,0 ,0, 0
137 ,444, 111, '22 24 32 33 24 26 16 17 18 30 27 26 23 15 21 31 24 22 24 22 ' ,'0 0 0 0 0 0 0 0 0 0 0 0 0 0 0 0 0 0 0 0 ' ,91 ,1 ,0, 0
429 ,322, 404, '16 25 24 28 21 14 22 18 21 15 19 24 21 23 15 26 22 20 14 28 ' ,'0 0 0 0 0 0 0 0 0 0 0 0 0 0 0 0 0 0 0 0 ' ,381 ,2 ,0, 0
630 ,418, 608, '16 19 17 22 18 14 22 24 19 14 14 21 17 18 19 23 17 17 15 19 ' ,'0 0 0 0 0 0 0 0 0 0 0 0 0 0 0 0 0 0 0 0 ' ,586 ,1 ,0, 0
424 ,619, 401, '14 16 28 14 18 27 16 20 17 17 21 15 19 27 23 17 19 20 22 17 ' ,'0 0 0 0 0 0 0 0 0 0 0 0 0 0 0 0 0 0 0 0 ' ,379 ,2 ,0, 0
338 ,412, 316, '18 27 32 31 21 31 22 22 28 21 19 26 32 24 29 30 32 29 26 22 ' ,'0 0 0 0 0 0 0 0 0 0 0 0 0 0 0 0 0 0 0 0 ' ,286 ,2 ,0, 0
574 ,334, 551, '25 26 20 34 27 26 22 20 21 30 18 19 22 21 25 29 24 22 19 25 ' ,'0 0 0 0 0 0 0 0 0 0 0 0 0 0 0 0 0 0 0 0 ' ,522 ,1 ,0, 0
87 ,564, 55, '22 18 16 22 21 19 16 20 15 16 23 15 29 15 22 43 22 19 23 15 ' ,'0 0 0 0 0 0 0 0 0 0 0 0 0 0 0 0 0 0 0 0 ' ,38 ,1 ,0, 0
660 ,275, 436, '31 25 36 35 66 64 41 44 42 56 43 35 35 37 47 36 43 33 51 39 ' ,'0 0 0 0 0 0 0 0 0 0 0 0 0 0 0 0 0 0 0 0 ' ,405 ,1 ,0, 0
548 ,446, 321, '46 43 37 35 55 35 41 36 34 51 54 45 31 43 46 34 53 50 35 27 ' ,'0 0 0 0 0 0 0 0 0 0 0 0 0 0 0 0 0 0 0 0 ' ,281 ,1 ,0, 0
171 ,335, 143, '38 44 37 47 48 45 35 41 57 47 40 31 32 47 38 34 46 37 58 48 ' ,'0 0 0 0 0 0 0 0 0 0 0 0 0 0 0 0 0 0 0 0 ' ,104 ,1 ,1, 1
524 ,157, 496, '41 40 48 41 41 54 58 56 42 43 41 172 46 45 41 66 36 30 46 65 ' ,'0 0 0 0 0 0 0 0 0 0 0 119 0 0 0 0 0 0 0 0 ' ,451 ,1 ,0, 0
642 ,510, 611, '221 194 257 216 170 262 200 289 229 253 273 237 247 239 197 296 155 259 334 263 ' ,'0 0 0 0 0 0 0 0 0 0 0 0 0 0 0 0 0 0 0 0 ' ,424 ,1 ,1, 1
546 ,632, 523, '52 39 41 44 39 44 37 61 42 48 40 47 48 45 40 53 44 33 52 44 ' ,'0 0 0 0 0 0 0 0 0 0 0 0 0 0 0 0 0 0 0 0 ' ,480 ,1 ,1, 1
491 ,536, 470, '65 45 49 37 47 39 39 38 40 52 39 52 47 46 45 36 37 41 32 50 ' ,'0 0 0 0 0 0 0 0 0 0 0 0 0 0 0 0 0 0 0 0 ' ,431 ,1 ,1, 1
116 ,681, 91, '39 55 46 58 36 45 50 36 35 45 78 43 54 48 33 42 36 53 45 35 ' ,'0 0 0 0 0 0 0 0 0 0 0 0 0 0 0 0 0 0 0 0 ' ,51 ,1 ,1, 1
520 ,109, 45, '52 35 43 37 47 38 42 45 38 49 51 58 38 40 38 83 48 53 39 43 ' ,'0 0 0 0 0 0 0 0 0 0 0 0 0 0 0 0 0 0 0 0 ' ,456 ,0 ,0, 0
449 ,514, 342, '55 35 38 32 44 41 33 45 50 31 65 37 39 25 52 66 38 35 32 35 ' ,'0 0 0 0 0 0 0 0 0 0 0 0 0 0 0 0 0 0 0 0 ' ,393 ,1 ,1, 1
664 ,438, 643, '40 40 41 36 32 44 40 37 36 47 35 34 39 36 40 71 43 36 46 37 ' ,'0 0 0 0 0 0 0 0 0 0 0 0 0 0 0 0 0 0 0 0 ' ,600 ,1 ,1, 1
704 ,656, 680, '58 45 46 32 39 50 41 39 43 37 34 34 39 39 43 58 39 42 36 48 ' ,'0 0 0 0 0 0 0 0 0 0 0 0 0 0 0 0 0 0 0 0 ' ,642 ,1 ,0, 0
107 ,692, 79, '34 46 40 50 49 51 37 51 40 40 45 35 41 46 48 70 44 46 43 33 ' ,'0 0 0 0 0 0 0 0 0 0 0 0 0 0 0 0 0 0 0 0 ' ,36 ,1 ,1, 1
783 ,94, 759, '59 47 46 43 36 38 43 47 49 42 56 34 48 51 60 40 42 39 39 44 ' ,'0 0 0 0 0 0 0 0 0 0 0 0 0 0 0 0 0 0 0 0 ' ,713 ,1 ,1, 1
664 ,772, 641, '33 43 41 42 42 56 44 38 58 41 63 37 46 57 53 38 38 49 53 56 ' ,'0 0 0 0 0 0 0 0 0 0 0 0 0 0 0 0 0 0 0 0 ' ,596 ,1 ,1, 1
1876 ,654, 1855, '55 47 33 41 67 39 47 50 45 49 40 41 33 40 45 64 43 37 44 46 ' ,'0 0 0 0 0 0 0 0 0 0 0 0 0 0 0 0 0 0 0 0 ' ,1816 ,2 ,0, 0
510 ,2069, 478, '80 41 48 61 60 43 44 43 68 38 35 60 38 51 47 51 56 45 51 39 ' ,'0 0 0 0 0 0 0 0 0 0 0 0 0 0 0 0 0 0 0 0 ' ,439 ,1 ,0, 0
1056 ,2130, 1033, '637 192 122 120 474 716 343 285 285 472 738 158 306 159 462 590 329 102 165 466 ' ,'0 0 0 0 335 0 214 162 147 296 0 0 189 0 301 272 202 0 0 325 ' ,918 ,1 ,1, 1
524 ,1245, 504, '45 51 40 51 47 80 45 42 50 37 50 40 48 47 33 40 50 33 43 47 ' ,'0 0 0 0 0 0 0 0 0 0 0 0 0 0 0 0 0 0 0 0 ' ,464 ,1 ,0, 0
374 ,517, 348, '56 56 38 44 43 35 43 46 62 38 53 45 43 49 46 36 47 66 44 49 ' ,'0 0 0 0 0 0 0 0 0 0 0 0 0 0 0 0 0 0 0 0 ' ,309 ,1 ,1, 1
666 ,366, 638, '30 60 47 47 45 42 43 48 38 44 68 31 45 38 50 54 44 54 37 45 ' ,'0 0 0 0 0 0 0 0 0 0 0 0 0 0 0 0 0 0 0 0 ' ,599 ,2 ,1, 1
808 ,857, 788, '71 30 44 37 33 30 53 49 43 38 35 35 43 37 50 44 42 39 38 53 ' ,'0 0 0 0 0 0 0 0 0 0 0 0 0 0 0 0 0 0 0 0 ' ,754 ,54 ,1, 1
445 ,1003, 419, '56 45 51 45 54 39 47 51 63 36 56 48 50 70 50 36 64 55 43 41 ' ,'0 0 0 0 0 0 0 0 0 0 0 0 0 0 0 0 0 0 0 0 ' ,368 ,0 ,0, 0
112 ,631, 89, '43 44 46 42 37 64 37 49 61 41 34 51 56 61 31 35 57 51 43 53 ' ,'0 0 0 0 0 0 0 0 0 0 0 0 0 0 0 0 0 0 0 0 ' ,50 ,1 ,0, 0
117 ,105, 84, '44 52 41 42 61 41 50 40 46 46 46 66 47 42 43 78 55 42 45 50 ' ,'0 0 0 0 0 0 0 0 0 0 0 0 0 0 0 0 0 0 0 0 ' ,40 ,1 ,0, 0
332 ,100, 57, '54 53 47 40 36 52 45 47 46 41 39 49 48 39 41 40 41 38 50 35 ' ,'0 0 0 0 0 0 0 0 0 0 0 0 0 0 0 0 0 0 0 0 ' ,266 ,1 ,0, 0
559 ,323, 234, '38 46 47 38 43 44 51 53 51 75 68 50 52 52 45 57 50 44 57 55 ' ,'0 0 0 0 0 0 0 0 0 0 0 0 0 0 0 0 0 0 0 0 ' ,488 ,1 ,0, 0
706 ,552, 60, '50 50 40 48 41 44 39 51 44 45 66 48 46 53 45 45 40 52 46 58 ' ,'0 0 0 0 0 0 0 0 0 0 0 0 0 0 0 0 0 0 0 0 ' ,634 ,1 ,1, 1
384 ,695, 359, '74 46 50 49 48 49 43 52 58 36 48 47 54 58 36 46 48 46 45 58 ' ,'0 0 0 0 0 0 0 0 0 0 0 0 0 0 0 0 0 0 0 0 ' ,313 ,1 ,1, 1
716 ,374, 693, '53 44 32 44 40 42 49 44 51 45 56 56 49 47 50 47 45 41 52 53 ' ,'0 0 0 0 0 0 0 0 0 0 0 0 0 0 0 0 0 0 0 0 ' ,656 ,1 ,0, 0
508 ,707, 480, '50 45 44 36 60 37 52 51 39 41 68 45 48 51 41 38 50 55 48 39 ' ,'0 0 0 0 0 0 0 0 0 0 0 0 0 0 0 0 0 0 0 0 ' ,439 ,1 ,1, 1
557 ,496, 535, '40 64 45 45 48 39 42 48 55 36 42 58 49 52 57 74 41 31 37 42 ' ,'0 0 0 0 0 0 0 0 0 0 0 0 0 0 0 0 0 0 0 0 ' ,498 ,1 ,0, 0
99 ,552, 77, '43 55 49 34 42 45 45 46 35 40 39 43 42 44 56 67 41 53 59 40 ' ,'0 0 0 0 0 0 0 0 0 0 0 0 0 0 0 0 0 0 0 0 ' ,38 ,1 ,0, 0
86 ,89, 63, '45 57 41 45 38 49 38 43 52 37 40 42 45 45 40 43 39 51 60 48 ' ,'0 0 0 0 0 0 0 0 0 0 0 0 0 0 0 0 0 0 0 0 ' ,21 ,1 ,0, 0
110 ,77, 84, '33 44 45 43 52 36 37 47 46 49 46 45 40 51 66 36 46 47 49 42 ' ,'0 0 0 0 0 0 0 0 0 0 0 0 0 0 0 0 0 0 0 0 ' ,46 ,1 ,0, 0
112 ,98, 89, '47 52 56 44 43 60 38 44 62 46 56 50 60 50 48 53 46 52 54 74 ' ,'0 0 0 0 0 0 0 0 0 0 0 0 0 0 0 0 0 0 0 0 ' ,48 ,1 ,1, 1
84 ,102, 64, '45 53 50 54 45 53 35 43 40 46 43 39 46 52 43 38 51 45 56 47 ' ,'0 0 0 0 0 0 0 0 0 0 0 0 0 0 0 0 0 0 0 0 ' ,24 ,1 ,0, 0
108 ,76, 81, '47 44 53 42 51 49 41 50 47 43 46 39 44 50 56 37 59 44 41 65 ' ,'0 0 0 0 0 0 0 0 0 0 0 0 0 0 0 0 0 0 0 0 ' ,38 ,0 ,0, 0
103 ,98, 84, '55 43 50 53 61 43 48 51 53 46 51 50 51 44 59 50 47 54 41 54 ' ,'0 0 0 0 0 0 0 0 0 0 0 0 0 0 0 0 0 0 0 0 ' ,34 ,1 ,0, 0
107 ,93, 85, '51 38 46 37 71 46 43 49 53 43 47 39 42 50 47 52 62 46 50 36 ' ,'0 0 0 0 0 0 0 0 0 0 0 0 0 0 0 0 0 0 0 0 ' ,43 ,1 ,1, 1
107 ,97, 83, '40 60 45 51 52 43 45 53 48 70 46 40 42 51 48 37 32 46 47 41 ' ,'0 0 0 0 0 0 0 0 0 0 0 0 0 0 0 0 0 0 0 0 ' ,49 ,1 ,0, 0
99 ,95, 74, '40 38 53 44 60 45 40 55 52 48 51 46 61 32 59 46 51 46 50 46 ' ,'0 0 0 0 0 0 0 0 0 0 0 0 0 0 0 0 0 0 0 0 ' ,35 ,0 ,0, 0
101 ,85, 76, '58 52 52 47 43 47 33 49 54 64 54 45 48 47 63 50 64 56 38 58 ' ,'0 0 0 0 0 0 0 0 0 0 0 0 0 0 0 0 0 0 0 0 ' ,40 ,1 ,0, 0
110 ,88, 88, '62 54 54 54 56 47 62 59 80 40 61 66 63 62 43 54 65 51 58 39 ' ,'0 0 0 0 0 0 0 0 0 0 0 0 0 0 0 0 0 0 0 0 ' ,33 ,0 ,0, 0
85 ,100, 62, '32 37 49 44 31 36 48 51 40 35 42 31 42 49 44 38 36 42 44 47 ' ,'0 0 0 0 0 0 0 0 0 0 0 0 0 0 0 0 0 0 0 0 ' ,27 ,1 ,0, 0
70 ,78, 48, '29 23 24 25 26 21 30 28 25 27 24 27 27 21 34 21 23 20 33 25 ' ,'0 0 0 0 0 0 0 0 0 0 0 0 0 0 0 0 0 0 0 0 ' ,23 ,1 ,0, 0
80 ,59, 59, '23 38 23 36 39 21 20 35 32 26 23 32 20 27 35 27 21 31 37 30 ' ,'0 0 0 0 0 0 0 0 0 0 0 0 0 0 0 0 0 0 0 0 ' ,29 ,2 ,1, 1
76 ,68, 53, '24 28 26 29 29 29 23 22 30 23 21 25 22 22 42 28 21 20 31 30 ' ,'0 0 0 0 0 0 0 0 0 0 0 0 0 0 0 0 0 0 0 0 ' ,29 ,1 ,0, 0
69 ,66, 48, '22 30 26 23 24 24 29 24 20 25 27 28 24 22 34 18 24 23 31 20 ' ,'0 0 0 0 0 0 0 0 0 0 0 0 0 0 0 0 0 0 0 0 ' ,27 ,0 ,0, 0
73 ,60, 47, '25 33 26 23 31 22 29 27 27 23 21 25 31 29 20 38 37 30 26 23 ' ,'0 0 0 0 0 0 0 0 0 0 0 0 0 0 0 0 0 0 0 0 ' ,21 ,1 ,0, 0
70 ,61, 45, '39 31 25 25 24 19 23 33 28 21 32 35 23 23 21 23 27 26 24 29 ' ,'0 0 0 0 0 0 0 0 0 0 0 0 0 0 0 0 0 0 0 0 ' ,21 ,0 ,0, 0
71 ,57, 44, '24 28 21 25 20 21 25 30 31 24 21 24 20 23 34 23 29 26 35 20 ' ,'0 0 0 0 0 0 0 0 0 0 0 0 0 0 0 0 0 0 0 0 ' ,25 ,1 ,0, 0
66 ,62, 50, '20 24 25 30 22 19 24 35 31 23 17 25 28 23 24 19 24 25 30 21 ' ,'0 0 0 0 0 0 0 0 0 0 0 0 0 0 0 0 0 0 0 0 ' ,27 ,2 ,1, 1
66 ,56, 49, '33 21 28 42 21 20 22 26 30 21 28 22 28 23 20 27 21 29 35 21 ' ,'0 0 0 0 0 0 0 0 0 0 0 0 0 0 0 0 0 0 0 0 ' ,23 ,0 ,0, 0
55 ,58, 35, '24 34 25 26 21 22 23 24 26 20 24 21 27 25 20 26 26 23 31 21 ' ,'0 0 0 0 0 0 0 0 0 0 0 0 0 0 0 0 0 0 0 0 ' ,11 ,1 ,0, 0
64 ,47, 44, '29 19 24 25 26 24 18 24 25 25 28 21 23 37 28 34 23 21 30 27 ' ,'0 0 0 0 0 0 0 0 0 0 0 0 0 0 0 0 0 0 0 0 ' ,22 ,1 ,0, 0
390 ,55, 372, '20 28 32 30 28 22 29 25 28 22 41 25 30 26 22 18 29 27 30 32 ' ,'0 0 0 0 0 0 0 0 0 0 0 0 0 0 0 0 0 0 0 0 ' ,348 ,1 ,0, 0
1304 ,384, 1276, '24 25 32 23 24 21 20 27 19 19 26 22 28 34 22 33 22 31 37 35 ' ,'0 0 0 0 0 0 0 0 0 0 0 0 0 0 0 0 0 0 0 0 ' ,1253 ,1 ,1, 1
462 ,1292, 430, '39 26 31 33 28 48 24 35 32 27 28 28 33 37 27 37 43 32 36 31 ' ,'0 0 0 0 0 0 0 0 0 0 0 0 0 0 0 0 0 0 0 0 ' ,400 ,1 ,1, 1
778 ,443, 751, '36 22 27 24 23 22 20 23 26 25 18 18 23 30 21 21 17 25 28 25 ' ,'0 0 0 0 0 0 0 0 0 0 0 0 0 0 0 0 0 0 0 0 ' ,726 ,1 ,1, 1
8200 ,764, 8171, '50 36 29 43 29 24 24 29 22 27 28 23 29 26 38 43 26 34 49 24 ' ,'0 0 0 0 0 0 0 0 0 0 0 0 0 0 0 0 0 0 0 0 ' ,8144 ,1 ,1, 1
81 ,8188, 53, '18 23 22 24 38 17 22 24 21 18 21 23 28 23 23 30 22 20 22 28 ' ,'0 0 0 0 0 0 0 0 0 0 0 0 0 0 0 0 0 0 0 0 ' ,30 ,1 ,0, 0
276 ,68, 246, '24 28 19 32 22 17 24 26 36 25 19 23 23 27 35 28 26 21 23 20 ' ,'0 0 0 0 0 0 0 0 0 0 0 0 0 0 0 0 0 0 0 0 ' ,221 ,2 ,1, 1
496 ,264, 472, '41 36 30 34 25 24 30 25 27 38 41 27 32 27 30 23 29 29 35 28 ' ,'0 0 0 0 0 0 0 0 0 0 0 0 0 0 0 0 0 0 0 0 ' ,436 ,1 ,1, 1
398 ,889, 375, '26 22 19 24 18 28 26 29 26 24 16 18 18 24 26 19 19 22 29 19 ' ,'0 0 0 0 0 0 0 0 0 0 0 0 0 0 0 0 0 0 0 0 ' ,351 ,1 ,1, 1
447 ,387, 422, '55 41 33 30 21 23 33 26 33 28 32 32 30 37 31 25 36 31 36 42 ' ,'0 0 0 0 0 0 0 0 0 0 0 0 0 0 0 0 0 0 0 0 ' ,386 ,3 ,0, 0
413 ,435, 389, '23 20 25 24 24 20 19 22 30 28 33 22 21 26 26 34 18 22 29 30 ' ,'0 0 0 0 0 0 0 0 0 0 0 0 0 0 0 0 0 0 0 0 ' ,364 ,2 ,0, 0
669 ,403, 649, '39 30 24 35 30 20 26 24 24 28 17 25 23 20 18 18 27 21 38 19 ' ,'0 0 0 0 0 0 0 0 0 0 0 0 0 0 0 0 0 0 0 0 ' ,620 ,1 ,0, 0
66 ,860, 42, '19 26 23 32 26 18 22 28 27 23 31 24 22 26 22 17 30 25 24 22 ' ,'0 0 0 0 0 0 0 0 0 0 0 0 0 0 0 0 0 0 0 0 ' ,17 ,1 ,0, 0
646 ,55, 622, '25 25 20 25 18 18 23 22 31 17 28 25 20 25 21 31 20 28 27 22 ' ,'0 0 0 0 0 0 0 0 0 0 0 0 0 0 0 0 0 0 0 0 ' ,596 ,1 ,0, 0
460 ,636, 178, '18 20 25 21 25 20 21 22 22 21 24 23 26 22 25 28 19 26 27 21 ' ,'0 0 0 0 0 0 0 0 0 0 0 0 0 0 0 0 0 0 0 0 ' ,414 ,1 ,0, 0
424 ,457, 399, '32 21 26 27 25 26 17 21 23 27 20 28 20 25 30 24 39 20 30 28 ' ,'0 0 0 0 0 0 0 0 0 0 0 0 0 0 0 0 0 0 0 0 ' ,372 ,2 ,1, 1
957 ,417, 651, '28 23 23 21 20 22 15 22 21 17 18 24 20 41 23 19 22 26 24 18 ' ,'0 0 0 0 0 0 0 0 0 0 0 0 0 0 0 0 0 0 0 0 ' ,911 ,1 ,0, 0
150 ,947, 128, '19 22 22 36 18 18 17 24 37 26 27 26 24 24 17 29 28 23 26 24 ' ,'0 0 0 0 0 0 0 0 0 0 0 0 0 0 0 0 0 0 0 0 ' ,105 ,1 ,0, 0
811 ,141, 785, '18 21 20 21 23 20 27 23 37 23 34 18 23 33 20 23 18 21 24 18 ' ,'0 0 0 0 0 0 0 0 0 0 0 0 0 0 0 0 0 0 0 0 ' ,758 ,2 ,0, 0
1537 ,801, 1499, '16 29 20 34 25 19 20 22 21 30 30 27 24 19 18 20 28 22 16 17 ' ,'0 0 0 0 0 0 0 0 0 0 0 0 0 0 0 0 0 0 0 0 ' ,1477 ,1 ,0, 0
998 ,1525, 973, '19 26 24 23 20 22 28 21 20 18 32 27 25 24 20 19 22 30 29 22 ' ,'0 0 0 0 0 0 0 0 0 0 0 0 0 0 0 0 0 0 0 0 ' ,946 ,1 ,0, 0
1754 ,984, 1736, '20 24 25 21 22 23 27 26 21 25 18 30 23 31 26 16 25 31 30 27 ' ,'0 0 0 0 0 0 0 0 0 0 0 0 0 0 0 0 0 0 0 0 ' ,1711 ,2 ,1, 1
3185 ,1748, 3161, '25 20 27 23 24 18 21 20 26 22 19 23 26 21 23 25 20 25 23 25 ' ,'0 0 0 0 0 0 0 0 0 0 0 0 0 0 0 0 0 0 0 0 ' ,3140 ,2 ,0, 0
821 ,3178, 797, '39 56 45 47 49 65 56 50 68 59 56 44 54 71 41 55 50 47 51 43 ' ,'0 0 0 0 0 0 0 0 0 0 0 0 0 0 0 0 0 0 0 0 ' ,743 ,2 ,0, 0
723 ,811, 699, '44 58 52 62 39 67 45 51 49 62 47 49 57 45 44 63 52 57 47 45 ' ,'0 0 0 0 0 0 0 0 0 0 0 0 0 0 0 0 0 0 0 0 ' ,649 ,1 ,0, 0
461 ,716, 439, '38 63 44 52 48 51 52 53 70 61 70 51 54 63 60 62 48 55 78 55 ' ,'0 0 0 0 0 0 0 0 0 0 0 0 0 0 0 0 0 0 0 0 ' ,389 ,1 ,1, 1
1746 ,452, 1711, '46 43 53 45 49 48 41 64 53 45 80 56 51 37 49 58 51 42 54 63 ' ,'0 0 0 0 0 0 0 0 0 0 0 0 0 0 0 0 0 0 0 0 ' ,1667 ,2 ,1, 1
1900 ,1736, 1874, '44 49 64 78 53 68 46 48 52 49 44 60 53 61 63 39 45 59 50 49 ' ,'0 0 0 0 0 0 0 0 0 0 0 0 0 0 0 0 0 0 0 0 ' ,1826 ,2 ,1, 1
755 ,1892, 730, '51 49 58 43 63 81 54 48 44 50 46 47 51 43 68 51 55 53 44 52 ' ,'0 0 0 0 0 0 0 0 0 0 0 0 0 0 0 0 0 0 0 0 ' ,682 ,1 ,1, 0
321 ,744, 291, '52 69 48 53 63 63 52 45 46 46 81 57 47 44 54 49 52 53 60 48 ' ,'0 0 0 0 0 0 0 0 0 0 0 0 0 0 0 0 0 0 0 0 ' ,239 ,1 ,1, 1
110 ,303, 87, '55 57 50 56 45 41 41 52 48 42 63 50 49 62 47 38 43 54 53 52 ' ,'0 0 0 0 0 0 0 0 0 0 0 0 0 0 0 0 0 0 0 0 ' ,38 ,1 ,0, 0
388 ,97, 359, '62 52 48 55 48 46 62 60 44 85 60 50 66 43 72 41 53 64 53 53 ' ,'0 0 0 0 0 0 0 0 0 0 0 0 0 0 0 0 0 0 0 0 ' ,312 ,1 ,0, 0
518 ,375, 70, '46 53 49 53 48 49 47 40 52 54 79 47 50 57 40 43 66 42 48 55 ' ,'0 0 0 0 0 0 0 0 0 0 0 0 0 0 0 0 0 0 0 0 ' ,448 ,1 ,1, 1
503 ,509, 56, '43 51 55 49 45 66 52 53 47 52 48 60 49 45 49 52 48 51 50 40 ' ,'0 0 0 0 0 0 0 0 0 0 0 0 0 0 0 0 0 0 0 0 ' ,425 ,1 ,1, 1
118 ,496, 88, '71 58 39 49 51 49 47 47 48 45 38 51 70 46 41 42 49 54 60 73 ' ,'0 0 0 0 0 0 0 0 0 0 0 0 0 0 0 0 0 0 0 0 ' ,45 ,1 ,0, 0
325 ,107, 300, '34 48 40 43 43 46 37 58 43 42 41 44 48 41 52 65 34 41 46 54 ' ,'0 0 0 0 0 0 0 0 0 0 0 0 0 0 0 0 0 0 0 0 ' ,261 ,2 ,0, 0
504 ,513, 478, '57 57 46 37 47 45 47 47 48 41 41 34 42 41 40 66 48 35 41 58 ' ,'0 0 0 0 0 0 0 0 0 0 0 0 0 0 0 0 0 0 0 0 ' ,435 ,1 ,1, 1
1019 ,492, 992, '45 55 45 49 31 32 36 40 47 39 50 41 48 51 43 61 47 50 55 39 ' ,'0 0 0 0 0 0 0 0 0 0 0 0 0 0 0 0 0 0 0 0 ' ,951 ,1 ,0, 0
2493 ,1007, 2468, '40 40 42 46 41 33 48 48 46 41 44 53 39 52 45 69 45 44 58 58 ' ,'0 0 0 0 0 0 0 0 0 0 0 0 0 0 0 0 0 0 0 0 ' ,2425 ,1 ,0, 0
306 ,2483, 278, '38 41 40 41 39 41 59 32 55 57 59 56 38 37 38 38 38 40 26 41 ' ,'0 0 0 0 0 0 0 0 0 0 0 0 0 0 0 0 0 0 0 0 ' ,242 ,2 ,0, 0
109 ,902, 84, '40 43 50 53 37 33 43 35 36 34 37 29 46 43 34 58 37 36 41 63 ' ,'0 0 0 0 0 0 0 0 0 0 0 0 0 0 0 0 0 0 0 0 ' ,47 ,1 ,0, 0
95 ,294, 70, '41 39 40 38 47 41 42 40 43 53 32 32 45 39 35 37 58 29 46 34 ' ,'0 0 0 0 0 0 0 0 0 0 0 0 0 0 0 0 0 0 0 0 ' ,32 ,1 ,1, 1
92 ,80, 64, '49 46 50 31 41 31 28 42 32 48 35 31 40 30 35 28 29 43 34 34 ' ,'0 0 0 0 0 0 0 0 0 0 0 0 0 0 0 0 0 0 0 0 ' ,31 ,1 ,0, 0
85 ,75, 59, '35 43 39 35 38 31 35 42 41 46 39 31 29 39 31 41 40 33 44 37 ' ,'0 0 0 0 0 0 0 0 0 0 0 0 0 0 0 0 0 0 0 0 ' ,23 ,1 ,1, 1
90 ,71, 65, '51 43 47 45 40 39 36 39 39 37 38 40 42 41 47 40 49 38 40 40 ' ,'0 0 0 0 0 0 0 0 0 0 0 0 0 0 0 0 0 0 0 0 ' ,23 ,1 ,0, 0
86 ,75, 60, '41 39 35 49 31 39 29 36 32 37 38 34 36 51 37 37 32 38 49 44 ' ,'0 0 0 0 0 0 0 0 0 0 0 0 0 0 0 0 0 0 0 0 ' ,27 ,1 ,0, 0
97 ,73, 59, '37 38 42 37 33 30 38 30 50 38 33 23 33 30 34 38 43 34 55 46 ' ,'0 0 0 0 0 0 0 0 0 0 0 0 0 0 0 0 0 0 0 0 ' ,35 ,1 ,0, 0
75 ,86, 55, '44 46 34 53 35 34 49 39 40 43 40 40 46 40 46 41 38 34 35 39 ' ,'0 0 0 0 0 0 0 0 0 0 0 0 0 0 0 0 0 0 0 0 ' ,19 ,1 ,1, 1
69 ,65, 53, '40 34 33 37 36 38 34 40 44 39 26 35 28 32 44 33 35 42 47 40 ' ,'0 0 0 0 0 0 0 0 0 0 0 0 0 0 0 0 0 0 0 0 ' ,20 ,1 ,0, 0
82 ,60, 67, '27 35 38 33 32 33 28 36 43 43 56 29 54 42 38 27 36 36 30 44 ' ,'0 0 0 0 0 0 0 0 0 0 0 0 0 0 0 0 0 0 0 0 ' ,35 ,1 ,0, 0
89 ,77, 73, '24 52 51 50 29 30 32 52 52 33 35 41 39 60 51 30 42 39 44 39 ' ,'0 0 0 0 0 0 0 0 0 0 0 0 0 0 0 0 0 0 0 0 ' ,42 ,1 ,1, 1
82 ,80, 64, '49 43 40 42 34 35 39 46 52 33 31 33 30 35 33 51 39 39 44 32 ' ,'0 0 0 0 0 0 0 0 0 0 0 0 0 0 0 0 0 0 0 0 ' ,20 ,1 ,0, 0
93 ,70, 69, '32 34 38 35 37 44 26 60 31 36 45 36 51 33 35 27 32 44 44 40 ' ,'0 0 0 0 0 0 0 0 0 0 0 0 0 0 0 0 0 0 0 0 ' ,37 ,0 ,1, 1
93 ,80, 64, '44 38 39 39 33 33 39 33 43 32 30 34 47 32 44 33 36 56 37 38 ' ,'0 0 0 0 0 0 0 0 0 0 0 0 0 0 0 0 0 0 0 0 ' ,28 ,1 ,0, 0
333 ,78, 302, '53 36 34 32 34 51 41 42 34 32 48 25 42 40 31 38 46 40 31 53 ' ,'0 0 0 0 0 0 0 0 0 0 0 0 0 0 0 0 0 0 0 0 ' ,271 ,1 ,0, 0
345 ,319, 66, '36 31 35 40 33 51 29 36 35 31 27 45 34 36 30 28 24 36 26 35 ' ,'0 0 0 0 0 0 0 0 0 0 0 0 0 0 0 0 0 0 0 0 ' ,281 ,1 ,1, 1
1375 ,334, 1350, '43 36 35 34 31 50 30 44 34 37 34 41 44 37 33 31 32 39 39 29 ' ,'0 0 0 0 0 0 0 0 0 0 0 0 0 0 0 0 0 0 0 0 ' ,1314 ,2 ,1, 1
1058 ,1362, 1031, '34 50 33 43 37 26 46 42 38 42 39 45 32 43 54 50 50 44 37 35 ' ,'0 0 0 0 0 0 0 0 0 0 0 0 0 0 0 0 0 0 0 0 ' ,990 ,2 ,0, 0
574 ,1047, 547, '36 42 42 35 38 36 30 36 33 32 73 34 29 33 38 39 43 38 39 38 ' ,'0 0 0 0 0 0 0 0 0 0 0 0 0 0 0 0 0 0 0 0 ' ,510 ,1 ,0, 0
301 ,559, 272, '33 37 41 42 41 44 32 47 47 36 30 27 43 43 44 65 49 43 37 51 ' ,'0 0 0 0 0 0 0 0 0 0 0 0 0 0 0 0 0 0 0 0 ' ,236 ,1 ,1, 1
465 ,487, 440, '58 49 43 40 43 38 40 36 36 55 31 45 40 39 43 33 47 35 36 79 ' ,'0 0 0 0 0 0 0 0 0 0 0 0 0 0 0 0 0 0 0 0 ' ,399 ,1 ,1, 1
97 ,452, 68, '36 35 48 30 41 34 42 42 35 53 55 42 35 48 41 37 31 34 43 36 ' ,'0 0 0 0 0 0 0 0 0 0 0 0 0 0 0 0 0 0 0 0 ' ,35 ,2 ,0, 0
745 ,282, 719, '33 41 47 41 39 33 24 39 35 43 33 42 35 37 46 48 30 44 44 39 ' ,'0 0 0 0 0 0 0 0 0 0 0 0 0 0 0 0 0 0 0 0 ' ,690 ,1 ,0, 0
417 ,732, 392, '41 38 44 52 33 28 36 31 49 33 52 39 37 54 44 53 42 40 47 38 ' ,'0 0 0 0 0 0 0 0 0 0 0 0 0 0 0 0 0 0 0 0 ' ,353 ,2 ,0, 0
1608 ,404, 1362, '37 52 43 40 43 36 37 43 34 48 67 36 47 38 32 33 48 40 43 50 ' ,'0 0 0 0 0 0 0 0 0 0 0 0 0 0 0 0 0 0 0 0 ' ,1538 ,1 ,0, 0
306 ,1595, 280, '34 31 37 44 38 31 41 39 50 45 39 38 32 45 66 52 43 40 51 37 ' ,'0 0 0 0 0 0 0 0 0 0 0 0 0 0 0 0 0 0 0 0 ' ,244 ,3 ,0, 0
109 ,291, 75, '29 39 31 35 44 36 34 44 54 38 40 40 45 39 54 66 45 40 35 34 ' ,'0 0 0 0 0 0 0 0 0 0 0 0 0 0 0 0 0 0 0 0 ' ,44 ,1 ,0, 0
448 ,96, 209, '57 52 45 34 30 38 39 40 45 35 42 40 42 44 49 36 33 41 45 33 ' ,'0 0 0 0 0 0 0 0 0 0 0 0 0 0 0 0 0 0 0 0 ' ,384 ,2 ,1, 1
539 ,436, 511, '51 60 41 42 47 27 39 42 38 39 31 59 54 35 31 38 42 109 38 48 ' ,'0 0 0 0 0 0 0 0 0 0 0 0 0 0 0 0 0 54 0 0 ' ,471 ,1 ,1, 1
703 ,527, 676, '27 52 36 42 30 30 47 38 35 35 55 40 37 33 40 32 40 49 45 28 ' ,'0 0 0 0 0 0 0 0 0 0 0 0 0 0 0 0 0 0 0 0 ' ,629 ,1 ,0, 0
1187 ,688, 1162, '38 35 49 60 28 40 46 58 39 36 58 42 48 35 35 32 44 45 49 37 ' ,'0 0 0 0 0 0 0 0 0 0 0 0 0 0 0 0 0 0 0 0 ' ,1119 ,0 ,0, 0
125 ,1371, 100, '39 40 47 41 47 32 43 46 45 32 60 47 37 32 47 31 43 37 52 53 ' ,'0 0 0 0 0 0 0 0 0 0 0 0 0 0 0 0 0 0 0 0 ' ,55 ,1 ,0, 0
111 ,110, 77, '68 39 44 33 31 33 39 50 41 33 38 38 45 36 54 41 39 35 45 44 ' ,'0 0 0 0 0 0 0 0 0 0 0 0 0 0 0 0 0 0 0 0 ' ,42 ,2 ,0, 0
555 ,101, 524, '60 35 32 42 38 38 29 41 40 37 34 40 43 34 32 37 33 30 35 42 ' ,'0 0 0 0 0 0 0 0 0 0 0 0 0 0 0 0 0 0 0 0 ' ,490 ,2 ,1, 1
441 ,541, 411, '34 26 41 51 37 64 34 37 39 41 43 36 37 34 55 31 59 48 49 37 ' ,'0 0 0 0 0 0 0 0 0 0 0 0 0 0 0 0 0 0 0 0 ' ,375 ,1 ,0, 0
827 ,430, 800, '62 35 40 39 50 42 36 53 32 36 40 43 41 44 30 37 35 36 47 38 ' ,'0 0 0 0 0 0 0 0 0 0 0 0 0 0 0 0 0 0 0 0 ' ,763 ,1 ,0, 0
1046 ,813, 1019, '40 40 35 40 37 41 34 35 36 38 43 31 34 33 47 54 33 51 43 35 ' ,'0 0 0 0 0 0 0 0 0 0 0 0 0 0 0 0 0 0 0 0 ' ,983 ,1 ,0, 0
423 ,1033, 398, '45 34 42 59 32 74 34 38 37 38 50 29 51 50 42 38 34 36 45 36 ' ,'0 0 0 0 0 0 0 0 0 0 0 0 0 0 0 0 0 0 0 0 ' ,363 ,1 ,0, 0
2062 ,414, 2039, '67 40 46 52 40 39 41 41 32 41 37 38 40 37 43 32 45 38 49 27 ' ,'0 0 0 0 0 0 0 0 0 0 0 0 0 0 0 0 0 0 0 0 ' ,2006 ,1 ,0, 0
323 ,2056, 302, '51 47 38 33 43 28 41 41 41 37 39 43 40 52 41 37 39 38 49 42 ' ,'0 0 0 0 0 0 0 0 0 0 0 0 0 0 0 0 0 0 0 0 ' ,262 ,1 ,0, 0
1605 ,315, 1576, '32 33 35 44 36 42 45 40 34 37 32 46 40 32 34 45 34 33 43 42 ' ,'0 0 0 0 0 0 0 0 0 0 0 0 0 0 0 0 0 0 0 0 ' ,1539 ,1 ,0, 0
1955 ,1792, 1710, '53 47 45 35 39 40 40 42 45 40 34 37 41 35 42 39 55 40 39 34 ' ,'0 0 0 0 0 0 0 0 0 0 0 0 0 0 0 0 0 0 0 0 ' ,1886 ,27 ,0, 0
377 ,1940, 348, '61 41 48 44 44 77 45 38 48 30 68 36 42 28 35 47 54 42 28 43 ' ,'0 0 0 0 0 0 0 0 0 0 0 0 0 0 0 0 0 0 0 0 ' ,313 ,1 ,1, 1
493 ,365, 462, '64 54 54 44 54 64 35 36 35 54 39 46 35 36 35 80 38 42 51 43 ' ,'0 0 0 0 0 0 0 0 0 0 0 0 0 0 0 0 0 0 0 0 ' ,422 ,1 ,0, 0
1205 ,477, 1178, '38 46 39 39 37 35 36 46 45 34 60 34 42 35 55 30 31 34 36 40 ' ,'0 0 0 0 0 0 0 0 0 0 0 0 0 0 0 0 0 0 0 0 ' ,1136 ,2 ,0, 0
516 ,1189, 480, '75 39 47 40 45 33 30 48 51 42 47 34 37 38 48 43 35 42 44 50 ' ,'0 0 0 0 0 0 0 0 0 0 0 0 0 0 0 0 0 0 0 0 ' ,440 ,1 ,0, 0
668 ,501, 638, '58 38 44 42 36 43 40 50 32 44 35 37 43 40 30 38 33 51 40 31 ' ,'0 0 0 0 0 0 0 0 0 0 0 0 0 0 0 0 0 0 0 0 ' ,600 ,1 ,0, 0
705 ,857, 676, '48 31 52 45 40 40 45 42 47 40 34 44 40 37 36 53 48 44 53 57 ' ,'0 0 0 0 0 0 0 0 0 0 0 0 0 0 0 0 0 0 0 0 ' ,637 ,1 ,3, 3
3028 ,691, 3005, '68 37 42 39 35 38 40 43 53 37 41 46 45 43 35 44 50 46 41 47 ' ,'0 0 0 0 0 0 0 0 0 0 0 0 0 0 0 0 0 0 0 0 ' ,2962 ,47 ,0, 0
556 ,3018, 513, '47 39 42 46 35 52 37 36 38 39 36 38 33 48 33 36 43 41 41 58 ' ,'0 0 0 0 0 0 0 0 0 0 0 0 0 0 0 0 0 0 0 0 ' ,473 ,2 ,0, 0
421 ,728, 178, '36 43 46 31 38 63 30 54 34 31 36 36 39 43 40 48 31 43 34 36 ' ,'0 0 0 0 0 0 0 0 0 0 0 0 0 0 0 0 0 0 0 0 ' ,355 ,2 ,0, 0
1103 ,611, 1077, '30 37 36 46 46 65 41 39 36 51 33 41 42 43 30 56 38 49 46 37 ' ,'0 0 0 0 0 0 0 0 0 0 0 0 0 0 0 0 0 0 0 0 ' ,1035 ,1 ,1, 1
1093 ,1090, 1062, '38 40 47 41 43 36 38 40 37 39 36 40 38 42 49 67 34 39 42 47 ' ,'0 0 0 0 0 0 0 0 0 0 0 0 0 0 0 0 0 0 0 0 ' ,1020 ,1 ,0, 0
115 ,1080, 89, '31 29 42 45 41 41 44 49 57 51 43 37 41 47 41 68 31 44 48 40 ' ,'0 0 0 0 0 0 0 0 0 0 0 0 0 0 0 0 0 0 0 0 ' ,55 ,1 ,1, 1
102 ,104, 74, '26 38 45 46 39 45 37 45 46 41 31 47 44 39 36 61 51 47 49 38 ' ,'0 0 0 0 0 0 0 0 0 0 0 0 0 0 0 0 0 0 0 0 ' ,36 ,1 ,1, 1
1869 ,91, 1846, '36 43 56 39 39 68 39 43 53 38 41 47 41 52 31 40 41 34 48 36 ' ,'0 0 0 0 0 0 0 0 0 0 0 0 0 0 0 0 0 0 0 0 ' ,1802 ,1 ,0, 0
523 ,2055, 493, '42 54 56 35 42 55 45 42 50 37 66 38 47 52 41 47 49 41 40 59 ' ,'0 0 0 0 0 0 0 0 0 0 0 0 0 0 0 0 0 0 0 0 ' ,455 ,1 ,1, 1
97 ,509, 71, '45 47 41 65 49 43 39 35 60 54 50 43 50 50 37 48 43 49 58 40 ' ,'0 0 0 0 0 0 0 0 0 0 0 0 0 0 0 0 0 0 0 0 ' ,37 ,1 ,0, 0
110 ,88, 87, '43 48 50 49 39 45 40 44 55 40 52 47 41 66 46 44 43 40 45 67 ' ,'0 0 0 0 0 0 0 0 0 0 0 0 0 0 0 0 0 0 0 0 ' ,42 ,1 ,0, 0
132 ,100, 112, '42 47 45 44 60 44 43 48 42 33 35 45 51 56 40 44 41 45 36 36 ' ,'0 0 0 0 0 0 0 0 0 0 0 0 0 0 0 0 0 0 0 0 ' ,72 ,38 ,0, 0
89 ,120, 69, '34 43 48 48 37 40 63 42 33 50 42 47 53 48 58 41 46 47 37 47 ' ,'0 0 0 0 0 0 0 0 0 0 0 0 0 0 0 0 0 0 0 0 ' ,28 ,1 ,0, 0
90 ,81, 71, '48 44 49 33 43 50 48 44 42 40 63 35 46 54 42 54 36 41 49 54 ' ,'0 0 0 0 0 0 0 0 0 0 0 0 0 0 0 0 0 0 0 0 ' ,31 ,1 ,1, 1
90 ,81, 58, '40 48 45 50 52 47 45 48 45 47 45 38 45 58 41 51 49 42 50 40 ' ,'0 0 0 0 0 0 0 0 0 0 0 0 0 0 0 0 0 0 0 0 ' ,25 ,1 ,1, 1
93 ,85, 70, '58 45 54 48 51 37 38 54 40 48 47 46 44 53 47 64 47 46 56 46 ' ,'0 0 0 0 0 0 0 0 0 0 0 0 0 0 0 0 0 0 0 0 ' ,26 ,1 ,1, 1
147 ,85, 122, '39 50 53 76 46 36 45 39 53 43 38 43 49 63 36 45 42 57 54 35 ' ,'0 0 0 0 0 0 0 0 0 0 0 0 0 0 0 0 0 0 0 0 ' ,80 ,40 ,1, 1
300 ,132, 273, '47 65 46 34 41 46 37 37 42 43 47 60 57 49 54 63 49 60 50 47 ' ,'0 0 0 0 0 0 0 0 0 0 0 0 0 0 0 0 0 0 0 0 ' ,237 ,1 ,0, 0
102 ,287, 84, '37 43 45 48 40 52 65 63 54 52 43 56 61 52 36 36 63 40 57 48 ' ,'0 0 0 0 0 0 0 0 0 0 0 0 0 0 0 0 0 0 0 0 ' ,43 ,1 ,0, 0
95 ,95, 72, '44 30 54 46 55 48 55 39 43 37 46 44 49 45 52 46 38 43 51 47 ' ,'0 0 0 0 0 0 0 0 0 0 0 0 0 0 0 0 0 0 0 0 ' ,40 ,1 ,0, 0
97 ,87, 75, '44 68 46 54 38 61 45 47 47 44 39 57 52 39 42 60 49 43 46 48 ' ,'0 0 0 0 0 0 0 0 0 0 0 0 0 0 0 0 0 0 0 0 ' ,32 ,1 ,0, 0
142 ,89, 113, '47 36 48 45 43 41 39 53 54 54 39 50 47 34 33 42 39 54 45 47 ' ,'0 0 0 0 0 0 0 0 0 0 0 0 0 0 0 0 0 0 0 0 ' ,75 ,37 ,0, 0
1064 ,132, 1038, '45 57 50 48 39 51 55 43 51 42 36 41 45 51 59 39 38 48 53 40 ' ,'0 0 0 0 0 0 0 0 0 0 0 0 0 0 0 0 0 0 0 0 ' ,994 ,2 ,1, 1
