474 ,0, 396, '158 122 119 254 75 100 87 63 176 136 95 61 65 89 152 179 ' ,'0 0 0 0 0 0 0 0 0 0 0 0 0 0 0 0 ' ,133 ,2 ,2, 1
414 ,431, 355, '168 264 116 295 261 139 214 61 241 122 211 247 66 118 128 166 ' ,'0 0 0 0 0 0 0 0 0 0 0 0 0 0 0 0 ' ,209 ,1 ,1, 1
66 ,376, 35, '12 18 19 14 7 7 8 7 11 16 9 7 8 17 8 17 ' ,'0 0 0 0 0 0 0 0 0 0 0 0 0 0 0 0 ' ,25 ,1 ,1, 1
149 ,56, 75, '17 13 14 16 10 13 8 8 12 8 8 20 8 8 9 10 ' ,'0 0 0 0 0 0 0 0 0 0 0 0 0 0 0 0 ' ,50 ,0 ,1, 1
69 ,125, 48, '33 10 17 38 12 24 7 12 29 12 28 6 12 34 14 29 ' ,'0 0 0 0 0 0 0 0 0 0 0 0 0 0 0 0 ' ,26 ,1 ,1, 1
62 ,61, 33, '13 13 17 16 14 10 7 9 8 7 10 11 7 9 13 11 ' ,'0 0 0 0 0 0 0 0 0 0 0 0 0 0 0 0 ' ,23 ,0 ,1, 1
68 ,60, 40, '14 13 17 19 6 6 6 6 6 6 7 7 6 8 6 14 ' ,'0 0 0 0 0 0 0 0 0 0 0 0 0 0 0 0 ' ,24 ,1 ,1, 1
67 ,64, 39, '12 13 15 16 13 8 7 9 11 7 8 7 9 12 16 9 ' ,'0 0 0 0 0 0 0 0 0 0 0 0 0 0 0 0 ' ,21 ,0 ,0, 0
58 ,59, 31, '17 23 16 17 6 11 6 10 13 15 14 7 10 9 12 12 ' ,'0 0 0 0 0 0 0 0 0 0 0 0 0 0 0 0 ' ,14 ,1 ,1, 0
327 ,52, 304, '58 15 14 17 15 56 7 9 289 7 51 8 9 13 10 56 ' ,'0 0 0 0 0 0 0 0 0 0 0 0 0 0 0 0 ' ,289 ,0 ,1, 1
80 ,319, 44, '11 12 17 23 14 11 8 11 12 15 13 27 12 10 8 13 ' ,'0 0 0 0 0 0 0 0 0 0 0 0 0 0 0 0 ' ,39 ,1 ,1, 1
290 ,139, 87, '20 13 13 27 9 6 7 6 11 9 7 6 8 13 10 7 ' ,'0 0 0 0 0 0 0 0 0 0 0 0 0 0 0 0 ' ,33 ,0 ,2, 1
62 ,284, 42, '15 18 13 16 18 5 6 11 12 14 8 7 7 11 17 6 ' ,'0 0 0 0 0 0 0 0 0 0 0 0 0 0 0 0 ' ,27 ,1 ,1, 1
58 ,54, 40, '15 13 16 17 7 9 19 9 18 7 16 26 9 10 10 12 ' ,'0 0 0 0 0 0 0 0 0 0 0 0 0 0 0 0 ' ,26 ,1 ,1, 1
65 ,53, 41, '25 14 13 35 8 35 9 6 26 10 24 12 6 27 6 36 ' ,'0 0 0 0 0 0 0 0 0 0 0 0 0 0 0 0 ' ,28 ,1 ,1, 1
55 ,58, 24, '10 12 11 18 14 7 6 11 7 16 7 7 9 14 11 9 ' ,'0 0 0 0 0 0 0 0 0 0 0 0 0 0 0 0 ' ,17 ,1 ,1, 1
183 ,47, 117, '19 13 18 46 7 10 12 11 7 10 11 7 10 8 7 26 ' ,'0 0 0 0 0 0 0 0 0 0 0 0 0 0 0 0 ' ,97 ,0 ,1, 1
92 ,177, 74, '28 16 21 14 8 8 18 11 15 7 11 7 7 12 21 12 ' ,'0 0 0 0 0 0 0 0 0 0 0 0 0 0 0 0 ' ,46 ,0 ,4, 0
61 ,83, 43, '18 12 15 17 7 7 7 8 12 7 11 12 9 13 8 18 ' ,'0 0 0 0 0 0 0 0 0 0 0 0 0 0 0 0 ' ,24 ,1 ,1, 1
357 ,56, 336, '42 13 16 224 316 28 7 11 218 307 26 15 11 222 313 39 ' ,'0 0 0 0 0 0 0 0 0 0 0 0 0 0 0 0 ' ,308 ,0 ,1, 0
62 ,382, 45, '17 13 17 20 12 11 7 12 10 17 9 18 11 16 15 14 ' ,'0 0 0 0 0 0 0 0 0 0 0 0 0 0 0 0 ' ,27 ,2 ,0, 0
58 ,103, 39, '14 15 17 14 6 22 6 10 6 8 12 9 10 9 6 12 ' ,'0 0 0 0 0 0 0 0 0 0 0 0 0 0 0 0 ' ,23 ,1 ,1, 1
399 ,51, 378, '22 32 19 33 185 9 10 10 181 16 21 42 9 371 14 24 ' ,'0 0 0 0 0 0 0 0 0 0 0 0 0 0 0 0 ' ,342 ,1 ,1, 1
71 ,399, 54, '39 34 18 20 22 17 28 15 17 8 20 11 15 8 10 20 ' ,'0 0 0 0 0 0 0 0 0 0 0 0 0 0 0 0 ' ,27 ,2 ,0, 0
97 ,65, 61, '37 14 19 52 9 39 7 12 38 7 39 7 12 56 8 43 ' ,'0 0 0 0 0 0 0 0 0 0 0 0 0 0 0 0 ' ,37 ,1 ,0, 0
195 ,89, 178, '20 30 17 15 10 12 10 7 7 9 8 7 7 10 7 12 ' ,'0 0 0 0 0 0 0 0 0 0 0 0 0 0 0 0 ' ,134 ,1 ,1, 1
61 ,187, 36, '17 12 20 15 26 17 7 11 11 20 6 10 10 31 11 6 ' ,'0 0 0 0 0 0 0 0 0 0 0 0 0 0 0 0 ' ,8 ,1 ,3, 3
146 ,53, 65, '21 14 17 16 20 16 11 8 7 9 9 6 8 9 20 10 ' ,'0 0 0 0 0 0 0 0 0 0 0 0 0 0 0 0 ' ,47 ,2 ,1, 1
90 ,151, 71, '14 25 20 18 12 12 15 13 8 10 9 15 13 13 8 21 ' ,'0 0 0 0 0 0 0 0 0 0 0 0 0 0 0 0 ' ,46 ,1 ,0, 0
110 ,82, 94, '39 20 14 85 21 32 7 10 61 29 36 9 15 62 10 37 ' ,'0 0 0 0 0 0 0 0 0 0 0 0 0 0 0 0 ' ,57 ,1 ,0, 0
65 ,103, 32, '10 12 20 15 7 11 11 7 6 6 10 6 7 10 6 12 ' ,'0 0 0 0 0 0 0 0 0 0 0 0 0 0 0 0 ' ,26 ,1 ,0, 0
93 ,56, 48, '16 12 16 19 12 8 6 9 9 7 10 6 8 27 9 9 ' ,'0 0 0 0 0 0 0 0 0 0 0 0 0 0 0 0 ' ,34 ,0 ,0, 0
80 ,88, 51, '21 31 18 50 7 27 7 9 10 7 18 7 10 11 7 24 ' ,'0 0 0 0 0 0 0 0 0 0 0 0 0 0 0 0 ' ,13 ,0 ,0, 0
104 ,73, 59, '21 29 20 13 11 8 7 11 9 10 11 8 12 20 11 26 ' ,'0 0 0 0 0 0 0 0 0 0 0 0 0 0 0 0 ' ,36 ,0 ,1, 0
88 ,82, 63, '27 15 56 23 20 28 7 40 14 28 21 6 31 42 10 36 ' ,'0 0 0 0 0 0 0 0 0 0 0 0 0 0 0 0 ' ,46 ,0 ,0, 0
72 ,79, 50, '16 10 12 15 19 21 6 12 6 9 18 10 7 8 21 10 ' ,'0 0 0 0 0 0 0 0 0 0 0 0 0 0 0 0 ' ,23 ,1 ,0, 0
69 ,64, 45, '21 25 15 22 10 10 6 6 16 14 6 11 6 12 6 6 ' ,'0 0 0 0 0 0 0 0 0 0 0 0 0 0 0 0 ' ,20 ,1 ,0, 0
70 ,55, 39, '30 14 27 13 6 17 7 9 8 11 31 7 8 13 8 18 ' ,'0 0 0 0 0 0 0 0 0 0 0 0 0 0 0 0 ' ,12 ,1 ,0, 0
129 ,61, 93, '11 16 18 66 10 11 6 7 8 13 25 15 7 10 7 25 ' ,'0 0 0 0 0 0 0 0 0 0 0 0 0 0 0 0 ' ,36 ,1 ,1, 0
71 ,112, 55, '38 28 37 49 13 28 6 23 6 6 23 6 23 28 9 42 ' ,'0 0 0 0 0 0 0 0 0 0 0 0 0 0 0 0 ' ,27 ,1 ,1, 0
81 ,62, 59, '53 18 18 14 7 6 7 19 8 8 11 6 14 10 13 11 ' ,'0 0 0 0 0 0 0 0 0 0 0 0 0 0 0 0 ' ,45 ,1 ,0, 0
136 ,72, 112, '13 31 19 32 15 9 6 8 7 11 8 6 9 12 7 9 ' ,'0 0 0 0 0 0 0 0 0 0 0 0 0 0 0 0 ' ,84 ,1 ,0, 0
68 ,130, 49, '17 38 24 17 21 6 6 11 10 9 16 6 12 10 7 14 ' ,'0 0 0 0 0 0 0 0 0 0 0 0 0 0 0 0 ' ,32 ,1 ,0, 0
91 ,63, 36, '12 13 19 14 5 17 5 5 5 5 5 5 6 6 5 12 ' ,'0 0 0 0 0 0 0 0 0 0 0 0 0 0 0 0 ' ,24 ,1 ,0, 0
173 ,82, 151, '21 14 140 70 9 26 13 137 62 11 28 11 133 64 11 18 ' ,'0 0 0 0 0 0 0 0 0 0 0 0 0 0 0 0 ' ,133 ,1 ,0, 0
99 ,167, 49, '12 20 17 17 26 7 6 8 5 6 9 6 7 16 19 7 ' ,'0 0 0 0 0 0 0 0 0 0 0 0 0 0 0 0 ' ,20 ,1 ,1, 0
134 ,87, 92, '47 55 38 16 19 14 72 5 5 6 20 30 5 9 28 18 ' ,'0 0 0 0 0 0 0 0 0 0 0 0 0 0 0 0 ' ,75 ,1 ,1, 0
87 ,129, 69, '18 20 13 16 13 9 8 7 9 6 7 17 7 10 5 16 ' ,'0 0 0 0 0 0 0 0 0 0 0 0 0 0 0 0 ' ,47 ,0 ,0, 0
111 ,81, 74, '17 18 13 23 6 7 6 8 12 6 7 12 8 11 6 8 ' ,'0 0 0 0 0 0 0 0 0 0 0 0 0 0 0 0 ' ,9 ,1 ,0, 0
161 ,105, 138, '38 13 126 39 12 27 9 116 26 7 29 7 116 22 14 29 ' ,'0 0 0 0 0 0 0 0 0 0 0 0 0 0 0 0 ' ,115 ,1 ,1, 0
79 ,150, 62, '31 19 21 19 12 11 8 8 8 9 8 7 8 13 12 27 ' ,'0 0 0 0 0 0 0 0 0 0 0 0 0 0 0 0 ' ,24 ,7 ,1, 0
62 ,70, 38, '15 26 20 14 7 9 6 8 13 6 6 5 8 9 10 17 ' ,'0 0 0 0 0 0 0 0 0 0 0 0 0 0 0 0 ' ,9 ,1 ,1, 1
79 ,47, 54, '16 14 18 17 9 8 21 10 17 11 14 22 11 12 9 19 ' ,'0 0 0 0 0 0 0 0 0 0 0 0 0 0 0 0 ' ,38 ,1 ,1, 1
151 ,73, 78, '38 11 19 23 6 34 6 8 19 12 7 16 16 6 6 21 ' ,'0 0 0 0 0 0 0 0 0 0 0 0 0 0 0 0 ' ,64 ,1 ,1, 0
188 ,149, 164, '37 10 85 156 125 37 6 58 141 109 19 5 58 136 109 32 ' ,'0 0 0 0 0 0 0 0 0 0 0 0 0 0 0 0 ' ,145 ,1 ,0, 0
154 ,180, 94, '37 33 13 16 10 10 13 11 7 8 5 11 7 6 10 11 ' ,'0 0 0 0 0 0 0 0 0 0 0 0 0 0 0 0 ' ,63 ,1 ,1, 1
117 ,147, 83, '22 42 19 20 42 6 6 6 31 19 25 19 8 10 14 9 ' ,'0 0 0 0 0 0 0 0 0 0 0 0 0 0 0 0 ' ,30 ,0 ,0, 0
115 ,107, 84, '21 20 18 13 6 11 5 6 5 7 18 5 6 6 6 26 ' ,'0 0 0 0 0 0 0 0 0 0 0 0 0 0 0 0 ' ,56 ,1 ,0, 0
83 ,93, 26, '11 12 18 12 8 16 6 6 11 8 10 9 6 6 6 11 ' ,'0 0 0 0 0 0 0 0 0 0 0 0 0 0 0 0 ' ,27 ,1 ,1, 0
91 ,47, 68, '52 17 55 49 10 50 9 46 54 8 44 10 45 48 10 53 ' ,'0 0 0 0 0 0 0 0 0 0 0 0 0 0 0 0 ' ,50 ,1 ,2, 0
69 ,78, 37, '17 29 21 22 7 9 6 8 20 8 9 12 8 8 6 12 ' ,'0 0 0 0 0 0 0 0 0 0 0 0 0 0 0 0 ' ,24 ,1 ,1, 0
54 ,61, 32, '12 9 15 13 7 16 5 9 5 6 16 4 9 10 7 16 ' ,'0 0 0 0 0 0 0 0 0 0 0 0 0 0 0 0 ' ,21 ,1 ,0, 0
47 ,47, 31, '15 12 24 14 10 22 5 6 12 10 10 5 6 7 5 11 ' ,'0 0 0 0 0 0 0 0 0 0 0 0 0 0 0 0 ' ,5 ,0 ,0, 0
62 ,41, 41, '12 9 14 10 10 13 9 7 5 7 13 5 7 5 8 8 ' ,'0 0 0 0 0 0 0 0 0 0 0 0 0 0 0 0 ' ,17 ,1 ,1, 0
133 ,51, 99, '37 17 37 85 8 32 10 31 91 9 30 11 29 85 16 31 ' ,'0 0 0 0 0 0 0 0 0 0 0 0 0 0 0 0 ' ,80 ,0 ,0, 0
63 ,127, 38, '12 10 13 12 15 12 5 7 10 7 16 4 5 9 5 10 ' ,'0 0 0 0 0 0 0 0 0 0 0 0 0 0 0 0 ' ,19 ,1 ,1, 0
68 ,54, 48, '12 12 17 16 11 7 14 15 6 11 6 7 7 23 6 15 ' ,'0 0 0 0 0 0 0 0 0 0 0 0 0 0 0 0 ' ,21 ,1 ,0, 0
48 ,61, 32, '16 12 15 16 7 22 16 10 8 15 6 13 9 13 17 13 ' ,'0 0 0 0 0 0 0 0 0 0 0 0 0 0 0 0 ' ,9 ,1 ,0, 0
75 ,41, 51, '15 11 16 22 30 6 6 11 6 7 6 18 11 18 24 21 ' ,'0 0 0 0 0 0 0 0 0 0 0 0 0 0 0 0 ' ,32 ,1 ,1, 0
111 ,59, 80, '35 10 72 36 17 19 6 54 27 7 25 7 54 31 6 29 ' ,'0 0 0 0 0 0 0 0 0 0 0 0 0 0 0 0 ' ,56 ,1 ,1, 0
58 ,110, 39, '18 12 14 26 9 16 11 8 5 6 10 6 6 8 7 11 ' ,'0 0 0 0 0 0 0 0 0 0 0 0 0 0 0 0 ' ,15 ,0 ,1, 0
62 ,49, 42, '15 11 12 16 9 7 6 8 6 10 17 6 9 5 5 8 ' ,'0 0 0 0 0 0 0 0 0 0 0 0 0 0 0 0 ' ,25 ,1 ,1, 0
89 ,57, 55, '13 11 9 15 5 9 6 5 5 5 9 12 6 27 5 14 ' ,'0 0 0 0 0 0 0 0 0 0 0 0 0 0 0 0 ' ,27 ,0 ,1, 0
53 ,79, 29, '9 9 15 17 18 8 4 11 5 5 12 5 7 9 23 6 ' ,'0 0 0 0 0 0 0 0 0 0 0 0 0 0 0 0 ' ,12 ,1 ,0, 0
89 ,46, 49, '20 11 54 23 11 27 12 48 19 15 24 6 48 25 15 31 ' ,'0 0 0 0 0 0 0 0 0 0 0 0 0 0 0 0 ' ,44 ,1 ,1, 0
67 ,82, 46, '25 14 17 40 21 6 11 11 9 9 7 6 11 20 20 6 ' ,'0 0 0 0 0 0 0 0 0 0 0 0 0 0 0 0 ' ,26 ,0 ,1, 0
52 ,60, 34, '12 21 14 32 13 19 15 13 6 24 8 9 8 8 8 13 ' ,'0 0 0 0 0 0 0 0 0 0 0 0 0 0 0 0 ' ,9 ,1 ,1, 1
60 ,45, 39, '13 11 20 13 8 8 6 6 7 6 9 6 5 7 8 17 ' ,'0 0 0 0 0 0 0 0 0 0 0 0 0 0 0 0 ' ,27 ,0 ,0, 0
67 ,53, 29, '9 11 13 10 5 9 6 8 6 6 6 5 8 6 5 9 ' ,'0 0 0 0 0 0 0 0 0 0 0 0 0 0 0 0 ' ,25 ,0 ,1, 0
167 ,54, 141, '31 16 133 66 22 24 9 124 49 10 18 12 125 9 23 30 ' ,'0 0 0 0 0 0 0 0 0 0 0 0 0 0 0 0 ' ,119 ,3 ,0, 0
46 ,159, 29, '21 9 12 9 5 14 7 8 5 5 9 6 7 5 9 9 ' ,'0 0 0 0 0 0 0 0 0 0 0 0 0 0 0 0 ' ,11 ,1 ,0, 0
56 ,42, 30, '12 13 14 14 6 6 6 8 8 11 7 6 7 11 10 8 ' ,'0 0 0 0 0 0 0 0 0 0 0 0 0 0 0 0 ' ,19 ,1 ,1, 1
76 ,58, 42, '21 13 12 15 11 5 11 8 11 15 8 5 8 6 12 9 ' ,'0 0 0 0 0 0 0 0 0 0 0 0 0 0 0 0 ' ,27 ,1 ,1, 1
80 ,49, 25, '12 19 16 14 6 13 6 11 7 6 14 13 10 10 5 11 ' ,'0 0 0 0 0 0 0 0 0 0 0 0 0 0 0 0 ' ,31 ,1 ,1, 0
124 ,66, 107, '29 21 99 19 15 27 15 91 7 11 28 9 91 40 6 24 ' ,'0 0 0 0 0 0 0 0 0 0 0 0 0 0 0 0 ' ,87 ,0 ,1, 0
61 ,124, 41, '12 11 15 16 7 7 6 7 4 11 10 17 8 7 5 7 ' ,'0 0 0 0 0 0 0 0 0 0 0 0 0 0 0 0 ' ,16 ,1 ,1, 0
74 ,52, 43, '10 10 17 16 7 4 11 5 4 10 5 5 5 6 10 13 ' ,'0 0 0 0 0 0 0 0 0 0 0 0 0 0 0 0 ' ,26 ,0 ,0, 0
64 ,78, 53, '16 14 10 19 6 19 6 7 10 9 19 9 7 13 9 19 ' ,'0 0 0 0 0 0 0 0 0 0 0 0 0 0 0 0 ' ,30 ,1 ,0, 0
63 ,61, 40, '26 10 13 26 5 5 5 7 6 5 6 6 7 10 5 13 ' ,'0 0 0 0 0 0 0 0 0 0 0 0 0 0 0 0 ' ,24 ,1 ,0, 0
296 ,55, 274, '30 13 66 14 13 30 6 59 146 247 31 7 49 9 9 27 ' ,'0 0 0 0 0 0 0 0 0 0 0 0 0 0 0 0 ' ,245 ,0 ,1, 0
113 ,287, 78, '16 60 15 19 7 7 54 9 6 6 7 54 9 5 6 17 ' ,'0 0 0 0 0 0 0 0 0 0 0 0 0 0 0 0 ' ,66 ,1 ,1, 1
119 ,95, 90, '12 13 15 19 70 17 6 7 14 66 6 16 6 11 80 8 ' ,'0 0 0 0 0 0 0 0 0 0 0 0 0 0 0 0 ' ,75 ,0 ,0, 0
59 ,108, 46, '14 12 20 37 11 8 7 11 9 12 7 7 7 10 11 8 ' ,'0 0 0 0 0 0 0 0 0 0 0 0 0 0 0 0 ' ,27 ,1 ,1, 0
60 ,52, 31, '15 13 21 24 9 16 7 8 6 7 9 17 8 9 12 12 ' ,'0 0 0 0 0 0 0 0 0 0 0 0 0 0 0 0 ' ,7 ,1 ,0, 0
113 ,47, 78, '56 14 66 13 19 57 8 62 59 6 50 13 61 9 5 56 ' ,'0 0 0 0 0 0 0 0 0 0 0 0 0 0 0 0 ' ,55 ,0 ,1, 0
103 ,108, 84, '14 61 17 11 30 11 8 9 6 5 9 63 7 11 8 10 ' ,'0 0 0 0 0 0 0 0 0 0 0 0 0 0 0 0 ' ,56 ,1 ,0, 0
80 ,97, 63, '22 11 17 18 37 17 6 11 10 49 17 5 11 11 9 8 ' ,'0 0 0 0 0 0 0 0 0 0 0 0 0 0 0 0 ' ,46 ,0 ,1, 0
56 ,75, 39, '14 10 18 18 12 9 12 7 6 4 11 5 5 16 8 9 ' ,'0 0 0 0 0 0 0 0 0 0 0 0 0 0 0 0 ' ,20 ,1 ,1, 1
72 ,50, 45, '13 20 14 23 12 6 6 6 10 15 6 6 6 12 11 6 ' ,'0 0 0 0 0 0 0 0 0 0 0 0 0 0 0 0 ' ,17 ,1 ,0, 0
150 ,67, 93, '41 15 39 14 19 28 10 30 60 16 29 10 33 72 6 30 ' ,'0 0 0 0 0 0 0 0 0 0 0 0 0 0 0 0 ' ,68 ,1 ,0, 0
50 ,138, 16, '11 12 15 16 7 8 6 6 4 14 8 5 9 5 8 8 ' ,'0 0 0 0 0 0 0 0 0 0 0 0 0 0 0 0 ' ,15 ,0 ,1, 0
56 ,50, 39, '15 9 16 11 15 5 5 9 9 5 6 5 10 9 17 12 ' ,'0 0 0 0 0 0 0 0 0 0 0 0 0 0 0 0 ' ,26 ,1 ,1, 0
73 ,49, 49, '23 11 18 18 7 26 7 10 14 6 20 6 10 9 21 28 ' ,'0 0 0 0 0 0 0 0 0 0 0 0 0 0 0 0 ' ,28 ,1 ,0, 0
44 ,67, 31, '21 11 11 8 10 14 5 6 5 10 5 5 7 5 10 7 ' ,'0 0 0 0 0 0 0 0 0 0 0 0 0 0 0 0 ' ,11 ,1 ,1, 0
72 ,37, 51, '36 12 45 34 13 27 7 37 5 11 26 8 34 10 17 32 ' ,'0 0 0 0 0 0 0 0 0 0 0 0 0 0 0 0 ' ,37 ,1 ,1, 0
54 ,66, 32, '11 15 11 20 22 17 6 5 12 9 6 7 6 8 14 8 ' ,'0 0 0 0 0 0 0 0 0 0 0 0 0 0 0 0 ' ,14 ,1 ,0, 0
92 ,42, 41, '32 11 16 18 25 28 7 8 14 26 30 6 6 15 27 9 ' ,'0 0 0 0 0 0 0 0 0 0 0 0 0 0 0 0 ' ,23 ,1 ,0, 0
44 ,51, 19, '10 12 14 16 8 5 6 9 5 6 15 5 6 8 7 10 ' ,'0 0 0 0 0 0 0 0 0 0 0 0 0 0 0 0 ' ,5 ,0 ,1, 1
48 ,38, 33, '13 10 14 20 16 5 8 7 11 16 12 6 7 11 12 9 ' ,'0 0 0 0 0 0 0 0 0 0 0 0 0 0 0 0 ' ,13 ,1 ,0, 0
77 ,42, 51, '33 11 28 34 14 43 7 22 12 5 34 11 6 10 9 27 ' ,'0 0 0 0 0 0 0 0 0 0 0 0 0 0 0 0 ' ,37 ,1 ,0, 0
52 ,70, 35, '17 15 15 19 17 9 13 9 15 13 8 8 9 10 18 14 ' ,'0 0 0 0 0 0 0 0 0 0 0 0 0 0 0 0 ' ,10 ,1 ,0, 0
84 ,59, 66, '20 11 12 16 6 6 8 7 8 23 6 5 9 6 5 8 ' ,'0 0 0 0 0 0 0 0 0 0 0 0 0 0 0 0 ' ,48 ,1 ,0, 0
51 ,77, 38, '14 14 15 18 7 5 5 6 8 5 5 4 6 4 5 9 ' ,'0 0 0 0 0 0 0 0 0 0 0 0 0 0 0 0 ' ,21 ,1 ,1, 0
67 ,44, 55, '11 11 13 25 26 7 6 8 16 13 10 6 9 17 6 16 ' ,'0 0 0 0 0 0 0 0 0 0 0 0 0 0 0 0 ' ,14 ,1 ,1, 0
143 ,60, 118, '30 15 109 45 22 31 9 100 35 6 28 9 99 7 6 25 ' ,'0 0 0 0 0 0 0 0 0 0 0 0 0 0 0 0 ' ,91 ,1 ,1, 0
54 ,134, 26, '11 15 13 23 12 12 6 8 17 18 15 5 7 14 10 16 ' ,'0 0 0 0 0 0 0 0 0 0 0 0 0 0 0 0 ' ,11 ,1 ,0, 0
84 ,63, 38, '27 10 17 18 20 6 9 11 6 10 24 8 11 7 18 23 ' ,'0 0 0 0 0 0 0 0 0 0 0 0 0 0 0 0 ' ,33 ,1 ,0, 0
95 ,77, 64, '15 11 17 48 12 11 6 7 6 6 14 6 6 10 6 16 ' ,'0 0 0 0 0 0 0 0 0 0 0 0 0 0 0 0 ' ,18 ,0 ,1, 1
51 ,88, 35, '18 20 14 21 9 11 12 8 13 6 8 6 9 13 8 9 ' ,'0 0 0 0 0 0 0 0 0 0 0 0 0 0 0 0 ' ,17 ,1 ,1, 0
124 ,44, 95, '32 14 90 24 15 22 8 80 18 7 21 9 79 10 5 24 ' ,'0 0 0 0 0 0 0 0 0 0 0 0 0 0 0 0 ' ,78 ,0 ,0, 0
96 ,115, 69, '11 30 13 10 5 5 21 7 5 4 6 5 7 7 5 7 ' ,'0 0 0 0 0 0 0 0 0 0 0 0 0 0 0 0 ' ,41 ,1 ,0, 0
75 ,82, 45, '20 14 15 16 7 5 6 7 5 6 20 6 6 8 6 11 ' ,'0 0 0 0 0 0 0 0 0 0 0 0 0 0 0 0 ' ,22 ,1 ,0, 0
67 ,155, 38, '11 9 14 14 6 16 5 6 7 5 7 5 6 27 6 14 ' ,'0 0 0 0 0 0 0 0 0 0 0 0 0 0 0 0 ' ,35 ,0 ,0, 0
61 ,63, 36, '23 23 17 18 14 9 5 9 8 7 22 19 8 23 15 13 ' ,'0 0 0 0 0 0 0 0 0 0 0 0 0 0 0 0 ' ,6 ,0 ,0, 0
113 ,56, 76, '42 17 48 71 14 35 10 43 61 12 35 9 44 67 13 38 ' ,'0 0 0 0 0 0 0 0 0 0 0 0 0 0 0 0 ' ,59 ,1 ,1, 0
112 ,102, 81, '27 55 16 9 10 10 58 11 17 9 11 55 11 32 6 13 ' ,'0 0 0 0 0 0 0 0 0 0 0 0 0 0 0 0 ' ,40 ,2 ,0, 0
69 ,104, 44, '37 41 31 37 12 16 19 9 29 25 18 18 13 11 13 16 ' ,'0 0 0 0 0 0 0 0 0 0 0 0 0 0 0 0 ' ,30 ,0 ,0, 0
86 ,108, 63, '35 27 23 21 21 29 13 16 43 29 21 16 13 37 11 19 ' ,'0 0 0 0 0 0 0 0 0 0 0 0 0 0 0 0 ' ,35 ,0 ,0, 0
90 ,72, 73, '58 23 30 39 13 29 23 9 11 21 11 12 11 11 15 17 ' ,'0 0 0 0 0 0 0 0 0 0 0 0 0 0 0 0 ' ,37 ,0 ,1, 0
162 ,82, 142, '71 27 73 103 21 65 16 59 79 19 57 15 60 131 18 58 ' ,'0 0 0 0 0 0 0 0 0 0 0 0 0 0 0 0 ' ,114 ,1 ,0, 0
472 ,154, 425, '299 413 232 219 244 375 297 110 196 348 217 267 146 329 291 269 ' ,'0 0 0 0 0 0 0 0 0 0 0 0 0 0 0 0 ' ,291 ,0 ,1, 0
172 ,444, 138, '51 42 28 21 20 33 63 73 89 20 134 12 17 35 34 49 ' ,'0 0 0 0 0 0 0 0 0 0 0 0 0 0 0 0 ' ,117 ,2 ,1, 0
88 ,209, 65, '30 54 28 42 25 24 11 17 15 19 16 24 14 28 14 17 ' ,'0 0 0 0 0 0 0 0 0 0 0 0 0 0 0 0 ' ,38 ,1 ,1, 1
92 ,75, 62, '49 33 35 34 19 18 15 16 15 9 15 40 9 13 18 34 ' ,'0 0 0 0 0 0 0 0 0 0 0 0 0 0 0 0 ' ,45 ,0 ,1, 0
113 ,85, 93, '65 30 50 66 16 52 16 37 63 18 42 14 37 63 17 41 ' ,'0 0 0 0 0 0 0 0 0 0 0 0 0 0 0 0 ' ,67 ,0 ,1, 1
76 ,110, 53, '26 40 30 33 9 14 34 16 14 15 34 17 13 13 12 43 ' ,'0 0 0 0 0 0 0 0 0 0 0 0 0 0 0 0 ' ,30 ,1 ,0, 0
86 ,63, 65, '32 27 26 28 29 20 18 13 21 28 32 14 18 24 24 19 ' ,'0 0 0 0 0 0 0 0 0 0 0 0 0 0 0 0 ' ,27 ,1 ,0, 0
69 ,77, 52, '33 29 30 33 34 15 18 13 28 9 8 21 11 19 24 31 ' ,'0 0 0 0 0 0 0 0 0 0 0 0 0 0 0 0 ' ,20 ,1 ,0, 0
91 ,62, 74, '37 40 26 31 31 17 32 20 14 19 28 11 13 36 38 35 ' ,'0 0 0 0 0 0 0 0 0 0 0 0 0 0 0 0 ' ,21 ,1 ,0, 0
88 ,83, 72, '65 28 62 51 37 37 11 45 37 14 34 15 42 24 19 43 ' ,'0 0 0 0 0 0 0 0 0 0 0 0 0 0 0 0 ' ,44 ,1 ,0, 0
111 ,81, 71, '24 59 31 29 21 18 48 23 13 43 16 45 18 37 49 27 ' ,'0 0 0 0 0 0 0 0 0 0 0 0 0 0 0 0 ' ,65 ,1 ,1, 1
86 ,102, 36, '34 27 28 49 21 18 29 13 15 18 44 25 13 12 20 32 ' ,'0 0 0 0 0 0 0 0 0 0 0 0 0 0 0 0 ' ,23 ,0 ,1, 1
88 ,62, 50, '37 35 32 32 17 26 22 21 42 14 32 19 20 15 27 19 ' ,'0 0 0 0 0 0 0 0 0 0 0 0 0 0 0 0 ' ,41 ,1 ,0, 0
92 ,100, 44, '32 44 28 33 30 39 16 12 27 17 14 24 15 25 26 26 ' ,'0 0 0 0 0 0 0 0 0 0 0 0 0 0 0 0 ' ,37 ,1 ,1, 0
114 ,84, 81, '48 30 60 48 21 39 15 73 43 24 53 15 75 21 12 42 ' ,'0 0 0 0 0 0 0 0 0 0 0 0 0 0 0 0 ' ,53 ,1 ,0, 0
103 ,105, 81, '38 33 26 47 16 21 24 18 33 25 19 51 17 15 67 32 ' ,'0 0 0 0 0 0 0 0 0 0 0 0 0 0 0 0 ' ,61 ,1 ,0, 0
86 ,89, 66, '29 53 39 18 19 40 18 23 20 12 17 34 15 16 15 19 ' ,'0 0 0 0 0 0 0 0 0 0 0 0 0 0 0 0 ' ,45 ,1 ,1, 0
527 ,79, 482, '498 434 258 353 122 142 86 73 79 122 70 142 67 175 169 70 ' ,'0 226503 0 0 0 0 0 0 0 0 0 0 0 0 0 0 ' ,361 ,1 ,1, 0
90 ,517, 65, '34 32 31 45 27 13 15 19 26 16 31 32 18 31 16 23 ' ,'0 0 0 0 0 0 0 0 0 0 0 0 0 0 0 0 ' ,41 ,1 ,0, 0
130 ,84, 95, '50 28 25 21 27 45 25 63 16 15 45 15 59 15 16 43 ' ,'0 0 0 0 0 0 0 0 0 0 0 0 0 0 0 0 ' ,68 ,26 ,0, 0
117 ,123, 71, '26 40 31 28 15 25 20 20 10 14 17 10 18 21 17 37 ' ,'0 0 0 0 0 0 0 0 0 0 0 0 0 0 0 0 ' ,50 ,1 ,1, 0
232 ,126, 186, '50 189 27 24 15 17 15 17 24 15 14 14 14 12 18 40 ' ,'0 0 0 0 0 0 0 0 0 0 0 0 0 0 0 0 ' ,180 ,2 ,0, 0
82 ,211, 56, '35 54 26 54 19 34 33 19 20 15 21 30 19 25 36 34 ' ,'0 0 0 0 0 0 0 0 0 0 0 0 0 0 0 0 ' ,32 ,1 ,0, 0
78 ,75, 40, '34 41 33 32 17 17 27 18 22 11 37 19 19 17 17 25 ' ,'0 0 0 0 0 0 0 0 0 0 0 0 0 0 0 0 ' ,39 ,0 ,1, 1
158 ,71, 119, '45 27 87 51 17 52 13 71 17 41 33 15 71 22 30 49 ' ,'0 0 0 0 0 0 0 0 0 0 0 0 0 0 0 0 ' ,76 ,28 ,0, 0
165 ,151, 60, '47 24 29 37 29 28 23 20 14 29 11 51 19 19 10 37 ' ,'0 0 0 0 0 0 0 0 0 0 0 0 0 0 0 0 ' ,53 ,0 ,0, 0
156 ,134, 134, '27 32 30 55 59 27 98 18 13 24 31 29 19 22 10 16 ' ,'0 0 0 0 0 0 0 0 0 0 0 0 0 0 0 0 ' ,85 ,1 ,0, 0
109 ,150, 51, '65 33 27 55 23 28 26 14 38 38 21 33 17 27 46 23 ' ,'0 0 0 0 0 0 0 0 0 0 0 0 0 0 0 0 ' ,50 ,2 ,1, 0
100 ,101, 39, '51 23 30 33 34 17 17 18 18 13 17 15 18 15 16 15 ' ,'0 0 0 0 0 0 0 0 0 0 0 0 0 0 0 0 ' ,39 ,1 ,0, 0
180 ,94, 152, '53 37 85 45 34 38 16 70 46 41 48 20 71 19 32 56 ' ,'0 0 0 0 0 0 0 0 0 0 0 0 0 0 0 0 ' ,129 ,69 ,0, 0
69 ,168, 42, '44 39 34 33 19 33 16 22 19 33 15 17 24 15 12 34 ' ,'0 0 0 0 0 0 0 0 0 0 0 0 0 0 0 0 ' ,32 ,1 ,1, 0
86 ,104, 55, '46 26 31 44 40 19 14 21 21 18 14 25 20 32 25 20 ' ,'0 0 0 0 0 0 0 0 0 0 0 0 0 0 0 0 ' ,36 ,0 ,1, 1
72 ,80, 55, '33 43 27 45 17 28 8 19 19 9 12 16 15 38 20 30 ' ,'0 0 0 0 0 0 0 0 0 0 0 0 0 0 0 0 ' ,24 ,0 ,0, 0
90 ,64, 63, '48 31 29 37 17 28 15 16 25 14 20 13 12 12 13 20 ' ,'0 0 0 0 0 0 0 0 0 0 0 0 0 0 0 0 ' ,43 ,1 ,0, 0
168 ,83, 145, '71 26 101 51 29 63 12 85 24 21 60 15 84 21 33 54 ' ,'0 0 0 0 0 0 0 0 0 0 0 0 0 0 0 0 ' ,128 ,41 ,1, 0
72 ,161, 23, '18 28 32 25 27 18 12 10 12 20 24 11 15 29 14 23 ' ,'0 0 0 0 0 0 0 0 0 0 0 0 0 0 0 0 ' ,24 ,1 ,0, 0
84 ,86, 70, '53 33 25 42 60 19 14 10 14 20 17 19 15 32 16 40 ' ,'0 0 0 0 0 0 0 0 0 0 0 0 0 0 0 0 ' ,39 ,1 ,0, 0
92 ,78, 69, '25 34 31 35 14 14 17 14 31 17 30 12 15 19 31 16 ' ,'0 0 0 0 0 0 0 0 0 0 0 0 0 0 0 0 ' ,37 ,1 ,1, 0
98 ,85, 64, '29 35 36 34 21 18 12 15 18 14 31 33 15 35 29 34 ' ,'0 0 0 0 0 0 0 0 0 0 0 0 0 0 0 0 ' ,38 ,1 ,1, 0
130 ,92, 109, '71 33 59 30 35 74 17 48 25 17 75 18 41 40 40 42 ' ,'0 0 0 0 0 0 0 0 0 0 0 0 0 0 0 0 ' ,72 ,27 ,1, 0
110 ,126, 63, '47 48 30 30 19 18 38 10 15 14 12 14 15 16 19 24 ' ,'0 0 0 0 0 0 0 0 0 0 0 0 0 0 0 0 ' ,72 ,1 ,0, 0
81 ,102, 32, '57 49 34 34 14 24 15 21 7 14 27 14 19 15 14 27 ' ,'0 0 0 0 0 0 0 0 0 0 0 0 0 0 0 0 ' ,32 ,2 ,1, 0
84 ,76, 27, '26 45 35 32 31 19 15 18 15 29 13 13 18 12 11 42 ' ,'0 0 0 0 0 0 0 0 0 0 0 0 0 0 0 0 ' ,26 ,1 ,0, 0
135 ,78, 102, '36 52 36 36 11 16 23 21 19 11 29 32 19 14 31 26 ' ,'0 0 0 0 0 0 0 0 0 0 0 0 0 0 0 0 ' ,42 ,0 ,1, 0
133 ,126, 114, '42 38 110 60 29 36 25 95 15 29 33 18 91 57 23 38 ' ,'0 0 0 0 0 0 0 0 0 0 0 0 0 0 0 0 ' ,77 ,1 ,0, 0
117 ,147, 89, '35 31 34 47 21 21 13 18 38 15 20 32 16 24 47 24 ' ,'0 0 0 0 0 0 0 0 0 0 0 0 0 0 0 0 ' ,30 ,1 ,9, 0
195 ,116, 99, '26 25 20 35 26 12 14 15 26 25 11 16 7 16 34 26 ' ,'0 0 0 0 0 0 0 0 0 0 0 0 0 0 0 0 ' ,102 ,1 ,1, 0
92 ,140, 66, '19 12 21 22 9 14 7 13 8 7 9 16 11 7 42 25 ' ,'0 0 0 0 0 0 0 0 0 0 0 0 0 0 0 0 ' ,47 ,1 ,0, 0
175 ,81, 68, '29 24 20 44 31 9 8 8 9 16 13 7 8 17 34 7 ' ,'0 0 0 0 0 0 0 0 0 0 0 0 0 0 0 0 ' ,44 ,1 ,1, 0
112 ,127, 48, '33 21 40 18 8 21 7 22 16 7 13 8 23 6 12 19 ' ,'0 0 0 0 0 0 0 0 0 0 0 0 0 0 0 0 ' ,30 ,0 ,0, 0
76 ,85, 34, '24 13 15 17 35 19 9 8 8 7 8 6 13 11 15 8 ' ,'0 0 0 0 0 0 0 0 0 0 0 0 0 0 0 0 ' ,25 ,0 ,1, 0
160 ,71, 128, '32 119 23 13 10 13 6 11 8 7 11 15 12 8 9 32 ' ,'0 0 0 0 0 0 0 0 0 0 0 0 0 0 0 0 ' ,115 ,2 ,0, 0
70 ,149, 41, '14 25 19 18 14 6 8 12 15 7 10 8 11 6 23 7 ' ,'0 0 0 0 0 0 0 0 0 0 0 0 0 0 0 0 ' ,34 ,0 ,0, 0
55 ,66, 29, '20 31 22 16 28 16 8 10 7 12 13 12 8 22 6 12 ' ,'0 0 0 0 0 0 0 0 0 0 0 0 0 0 0 0 ' ,20 ,1 ,0, 0
78 ,47, 54, '14 29 17 36 48 7 18 9 5 12 13 7 8 26 9 10 ' ,'0 0 0 0 0 0 0 0 0 0 0 0 0 0 0 0 ' ,38 ,1 ,0, 0
73 ,102, 27, '20 22 21 18 16 14 7 10 7 8 20 14 11 10 12 16 ' ,'0 0 0 0 0 0 0 0 0 0 0 0 0 0 0 0 ' ,32 ,1 ,0, 0
312 ,68, 261, '12 253 16 15 12 10 247 12 13 21 11 248 10 30 15 12 ' ,'0 0 0 0 0 0 0 0 0 0 0 0 0 0 0 0 ' ,244 ,2 ,0, 0
65 ,301, 24, '18 14 16 20 12 9 8 10 7 9 7 7 12 19 9 22 ' ,'0 0 0 0 0 0 0 0 0 0 0 0 0 0 0 0 ' ,14 ,1 ,0, 0
56 ,57, 26, '18 25 20 23 9 14 8 9 6 10 8 5 9 18 7 13 ' ,'0 0 0 0 0 0 0 0 0 0 0 0 0 0 0 0 ' ,20 ,1 ,0, 0
76 ,51, 27, '16 13 16 28 10 6 7 9 10 9 10 12 10 9 12 19 ' ,'0 0 0 0 0 0 0 0 0 0 0 0 0 0 0 0 ' ,24 ,0 ,0, 0
54 ,107, 38, '22 31 25 25 18 17 19 16 13 21 12 15 17 15 7 29 ' ,'0 0 0 0 0 0 0 0 0 0 0 0 0 0 0 0 ' ,20 ,0 ,1, 0
66 ,49, 30, '19 16 19 39 9 9 24 9 6 8 15 8 8 5 13 15 ' ,'0 0 0 0 0 0 0 0 0 0 0 0 0 0 0 0 ' ,22 ,1 ,1, 0
66 ,59, 29, '36 13 18 32 15 27 8 9 7 21 9 8 11 10 18 9 ' ,'0 0 0 0 0 0 0 0 0 0 0 0 0 0 0 0 ' ,27 ,1 ,0, 0
94 ,60, 53, '20 20 27 21 11 11 8 18 11 15 18 10 14 9 8 26 ' ,'0 0 0 0 0 0 0 0 0 0 0 0 0 0 0 0 ' ,8 ,1 ,1, 0
74 ,192, 24, '27 24 20 14 8 7 7 9 7 6 7 8 10 8 9 13 ' ,'0 0 0 0 0 0 0 0 0 0 0 0 0 0 0 0 ' ,27 ,1 ,1, 0
53 ,96, 37, '22 18 21 27 25 10 8 13 11 13 22 14 14 11 19 7 ' ,'0 0 0 0 0 0 0 0 0 0 0 0 0 0 0 0 ' ,26 ,0 ,0, 0
72 ,46, 26, '31 20 21 29 19 16 7 15 6 6 10 6 12 21 11 11 ' ,'0 0 0 0 0 0 0 0 0 0 0 0 0 0 0 0 ' ,28 ,1 ,0, 0
88 ,60, 25, '13 18 15 18 12 7 9 7 18 14 6 15 8 15 7 8 ' ,'0 0 0 0 0 0 0 0 0 0 0 0 0 0 0 0 ' ,9 ,1 ,1, 0
55 ,80, 28, '20 15 18 18 21 11 11 9 11 16 12 9 9 7 18 23 ' ,'0 0 0 0 0 0 0 0 0 0 0 0 0 0 0 0 ' ,21 ,1 ,0, 0
162 ,48, 121, '13 11 15 32 22 9 7 11 19 7 12 6 7 18 12 11 ' ,'0 0 0 0 0 0 0 0 0 0 0 0 0 0 0 0 ' ,94 ,1 ,0, 0
65 ,203, 35, '14 24 15 13 12 8 9 10 9 8 8 6 10 11 11 23 ' ,'0 0 0 0 0 0 0 0 0 0 0 0 0 0 0 0 ' ,28 ,1 ,0, 0
68 ,60, 16, '18 22 18 15 8 7 13 10 7 7 6 5 12 7 6 10 ' ,'0 0 0 0 0 0 0 0 0 0 0 0 0 0 0 0 ' ,29 ,1 ,0, 0
72 ,61, 28, '20 13 16 21 28 10 8 10 18 8 17 6 13 16 7 13 ' ,'0 0 0 0 0 0 0 0 0 0 0 0 0 0 0 0 ' ,24 ,1 ,1, 0
53 ,63, 39, '13 27 18 17 25 16 6 10 8 15 10 17 13 24 10 14 ' ,'0 0 0 0 0 0 0 0 0 0 0 0 0 0 0 0 ' ,14 ,1 ,2, 2
73 ,45, 43, '24 31 27 29 18 23 12 13 12 17 20 26 13 14 20 15 ' ,'0 0 0 0 0 0 0 0 0 0 0 0 0 0 0 0 ' ,29 ,1 ,0, 0
59 ,66, 24, '27 31 20 20 10 8 5 8 6 7 6 5 9 7 11 12 ' ,'0 0 0 0 0 0 0 0 0 0 0 0 0 0 0 0 ' ,23 ,0 ,1, 0
64 ,52, 21, '23 43 26 26 11 15 10 11 18 8 17 9 13 16 11 13 ' ,'0 0 0 0 0 0 0 0 0 0 0 0 0 0 0 0 ' ,22 ,1 ,1, 0
62 ,62, 16, '18 16 20 18 7 7 7 7 9 7 8 6 13 7 10 22 ' ,'0 0 0 0 0 0 0 0 0 0 0 0 0 0 0 0 ' ,23 ,1 ,1, 0
52 ,44, 24, '21 18 19 18 11 12 8 11 11 9 10 14 11 17 12 11 ' ,'0 0 0 0 0 0 0 0 0 0 0 0 0 0 0 0 ' ,15 ,1 ,0, 0
66 ,46, 46, '21 16 16 18 13 8 19 9 22 6 7 10 8 19 10 18 ' ,'0 0 0 0 0 0 0 0 0 0 0 0 0 0 0 0 ' ,23 ,1 ,0, 0
135 ,61, 89, '24 14 16 24 17 10 7 9 12 29 11 7 8 15 14 25 ' ,'0 0 0 0 0 0 0 0 0 0 0 0 0 0 0 0 ' ,34 ,1 ,0, 0
70 ,116, 29, '25 21 20 21 7 18 7 6 10 10 9 23 9 10 15 10 ' ,'0 0 0 0 0 0 0 0 0 0 0 0 0 0 0 0 ' ,20 ,1 ,0, 0
66 ,162, 19, '30 34 22 12 12 11 11 13 10 7 8 5 12 6 21 21 ' ,'0 0 0 0 0 0 0 0 0 0 0 0 0 0 0 0 ' ,19 ,1 ,0, 0
87 ,67, 31, '22 19 24 25 17 12 6 10 17 13 10 8 6 21 11 10 ' ,'0 0 0 0 0 0 0 0 0 0 0 0 0 0 0 0 ' ,17 ,1 ,0, 0
60 ,106, 21, '19 14 18 18 14 6 7 7 14 11 6 11 10 6 7 26 ' ,'0 0 0 0 0 0 0 0 0 0 0 0 0 0 0 0 ' ,17 ,0 ,2, 1
68 ,52, 22, '18 20 19 28 9 6 12 7 7 7 11 7 9 8 7 16 ' ,'0 0 0 0 0 0 0 0 0 0 0 0 0 0 0 0 ' ,28 ,0 ,1, 0
166 ,54, 144, '19 33 16 19 8 10 6 6 9 9 19 17 7 19 12 16 ' ,'0 0 0 0 0 0 0 0 0 0 0 0 0 0 0 0 ' ,21 ,0 ,110, 0
82 ,157, 58, '21 30 22 17 19 18 7 13 8 8 11 17 5 10 16 16 ' ,'0 0 0 0 0 0 0 0 0 0 0 0 0 0 0 0 ' ,42 ,1 ,0, 0
67 ,75, 23, '20 13 17 19 22 17 7 7 12 10 8 6 12 21 23 11 ' ,'0 0 0 0 0 0 0 0 0 0 0 0 0 0 0 0 ' ,17 ,1 ,1, 0
57 ,56, 16, '24 12 20 20 26 10 6 10 19 7 12 8 6 15 6 12 ' ,'0 0 0 0 0 0 0 0 0 0 0 0 0 0 0 0 ' ,20 ,1 ,0, 0
139 ,47, 83, '29 35 60 31 10 10 7 55 9 9 9 9 42 9 6 35 ' ,'0 0 0 0 0 0 0 0 0 0 0 0 0 0 0 0 ' ,46 ,1 ,0, 0
56 ,99, 34, '14 24 20 23 7 9 8 13 6 7 19 18 10 8 6 11 ' ,'0 0 0 0 0 0 0 0 0 0 0 0 0 0 0 0 ' ,22 ,1 ,0, 0
75 ,45, 49, '15 16 18 19 13 11 10 6 8 8 16 8 8 7 7 8 ' ,'0 0 0 0 0 0 0 0 0 0 0 0 0 0 0 0 ' ,33 ,1 ,3, 0
67 ,67, 26, '16 28 20 16 20 12 10 7 5 19 6 6 8 8 7 12 ' ,'0 0 0 0 0 0 0 0 0 0 0 0 0 0 0 0 ' ,19 ,1 ,0, 0
102 ,60, 75, '37 73 32 48 33 36 24 18 17 15 33 41 11 17 22 41 ' ,'0 0 0 0 0 0 0 0 0 0 0 0 0 0 0 0 ' ,53 ,1 ,1, 1
109 ,95, 38, '61 81 59 52 39 42 23 38 17 15 16 15 37 17 24 18 ' ,'0 0 0 0 0 0 0 0 0 0 0 0 0 0 0 0 ' ,63 ,1 ,1, 0
221 ,103, 177, '29 180 29 56 31 40 146 16 25 19 32 165 16 20 21 16 ' ,'0 0 0 0 0 0 0 0 0 0 0 0 0 0 0 0 ' ,169 ,1 ,0, 0
128 ,211, 55, '53 27 38 73 72 16 19 16 29 62 17 18 17 19 63 25 ' ,'0 0 0 0 0 0 0 0 0 0 0 0 0 0 0 0 ' ,61 ,1 ,1, 1
129 ,118, 68, '38 44 36 28 18 18 14 15 34 15 25 16 12 16 88 19 ' ,'0 0 0 0 0 0 0 0 0 0 0 0 0 0 0 0 ' ,74 ,1 ,0, 0
71 ,126, 55, '46 39 32 49 18 26 11 17 30 28 24 17 17 19 28 20 ' ,'0 0 0 0 0 0 0 0 0 0 0 0 0 0 0 0 ' ,27 ,1 ,0, 0
104 ,70, 41, '33 30 59 33 11 37 27 45 14 34 39 16 42 19 18 23 ' ,'0 0 0 0 0 0 0 0 0 0 0 0 0 0 0 0 ' ,35 ,1 ,1, 0
261 ,96, 238, '37 200 29 34 27 25 29 16 24 29 18 31 15 21 14 27 ' ,'0 0 0 0 0 0 0 0 0 0 0 0 0 0 0 0 ' ,210 ,2 ,1, 0
168 ,255, 127, '37 27 34 39 13 16 12 19 11 103 32 27 25 16 104 15 ' ,'0 0 0 0 0 0 0 0 0 0 0 0 0 0 0 0 ' ,129 ,1 ,0, 0
89 ,160, 65, '52 55 34 41 22 19 19 21 17 21 51 30 18 19 18 13 ' ,'0 0 0 0 0 0 0 0 0 0 0 0 0 0 0 0 ' ,22 ,1 ,0, 0
88 ,78, 53, '33 18 34 38 15 16 26 15 18 20 26 19 15 21 30 34 ' ,'0 0 0 0 0 0 0 0 0 0 0 0 0 0 0 0 ' ,29 ,2 ,0, 0
108 ,79, 76, '49 55 48 25 29 21 29 36 23 15 30 22 29 16 46 28 ' ,'0 0 0 0 0 0 0 0 0 0 0 0 0 0 0 0 ' ,49 ,1 ,1, 0
221 ,102, 170, '47 37 35 34 20 19 19 14 17 15 30 28 13 15 26 15 ' ,'0 0 0 0 0 0 0 0 0 0 0 0 0 0 0 0 ' ,17 ,1 ,138, 0
108 ,202, 85, '30 43 29 32 61 24 26 14 32 49 25 15 12 29 19 35 ' ,'0 0 0 0 0 0 0 0 0 0 0 0 0 0 0 0 ' ,37 ,1 ,0, 0
151 ,102, 133, '51 54 41 32 18 23 19 16 12 24 35 32 19 17 32 26 ' ,'0 0 0 0 0 0 0 0 0 0 0 0 0 0 0 0 ' ,21 ,0 ,1, 0
69 ,143, 52, '34 41 32 37 16 15 11 17 13 13 23 20 16 10 19 21 ' ,'0 0 0 0 0 0 0 0 0 0 0 0 0 0 0 0 ' ,26 ,0 ,0, 0
79 ,63, 46, '34 57 61 32 14 27 21 31 17 30 34 13 29 15 18 33 ' ,'0 0 0 0 0 0 0 0 0 0 0 0 0 0 0 0 ' ,20 ,0 ,0, 0
236 ,74, 214, '31 214 31 24 15 36 22 17 14 15 12 24 17 16 45 26 ' ,'0 0 0 0 0 0 0 0 0 0 0 0 0 0 0 0 ' ,194 ,1 ,0, 0
80 ,238, 54, '28 21 35 41 29 16 16 20 10 40 43 14 18 40 13 33 ' ,'0 0 0 0 0 0 0 0 0 0 0 0 0 0 0 0 ' ,17 ,1 ,1, 0
75 ,82, 41, '29 31 29 36 10 41 14 14 11 10 27 21 13 11 14 17 ' ,'0 0 0 0 0 0 0 0 0 0 0 0 0 0 0 0 ' ,13 ,1 ,0, 0
98 ,146, 40, '33 28 28 47 15 24 21 16 16 13 14 13 17 36 14 20 ' ,'0 0 0 0 0 0 0 0 0 0 0 0 0 0 0 0 ' ,15 ,1 ,0, 0
557 ,79, 527, '34 28 518 45 14 14 18 22 13 29 40 38 24 37 19 35 ' ,'0 0 0 0 0 0 0 0 0 0 0 0 0 0 0 0 ' ,498 ,1 ,1, 1
209 ,552, 157, '22 28 20 31 19 37 135 12 10 36 30 16 10 16 12 28 ' ,'0 0 0 0 0 0 0 0 0 0 0 0 0 0 0 0 ' ,138 ,1 ,0, 0
117 ,202, 55, '39 30 35 25 13 13 10 17 20 18 16 19 16 20 11 16 ' ,'0 0 0 0 0 0 0 0 0 0 0 0 0 0 0 0 ' ,19 ,0 ,1, 1
82 ,87, 39, '32 27 23 27 15 28 21 15 11 14 14 17 12 9 10 14 ' ,'0 0 0 0 0 0 0 0 0 0 0 0 0 0 0 0 ' ,28 ,1 ,1, 0
82 ,70, 57, '27 26 26 46 18 27 8 15 30 14 31 17 18 25 21 13 ' ,'0 0 0 0 0 0 0 0 0 0 0 0 0 0 0 0 ' ,34 ,1 ,0, 0
120 ,74, 99, '29 48 99 25 21 27 9 78 10 12 21 11 83 15 14 39 ' ,'0 0 0 0 0 0 0 0 0 0 0 0 0 0 0 0 ' ,70 ,1 ,0, 0
64 ,115, 49, '25 22 27 31 36 23 25 10 11 13 11 14 15 14 11 40 ' ,'0 0 0 0 0 0 0 0 0 0 0 0 0 0 0 0 ' ,29 ,1 ,0, 0
89 ,61, 46, '25 33 29 25 29 26 12 15 17 9 14 33 15 14 16 20 ' ,'0 0 0 0 0 0 0 0 0 0 0 0 0 0 0 0 ' ,35 ,1 ,0, 0
99 ,81, 50, '22 50 28 40 19 22 17 20 23 25 24 31 11 14 19 17 ' ,'0 0 0 0 0 0 0 0 0 0 0 0 0 0 0 0 ' ,26 ,1 ,0, 0
66 ,91, 39, '24 23 26 43 11 12 13 19 11 12 17 18 10 13 26 20 ' ,'0 0 0 0 0 0 0 0 0 0 0 0 0 0 0 0 ' ,24 ,1 ,1, 1
93 ,59, 74, '27 23 63 22 15 31 11 19 14 13 16 17 46 22 28 18 ' ,'0 0 0 0 0 0 0 0 0 0 0 0 0 0 0 0 ' ,49 ,1 ,0, 0
71 ,86, 34, '23 21 26 23 6 13 20 12 19 7 27 13 15 17 9 26 ' ,'0 0 0 0 0 0 0 0 0 0 0 0 0 0 0 0 ' ,23 ,1 ,0, 0
72 ,56, 47, '21 24 29 37 13 9 14 11 15 12 29 13 13 13 21 10 ' ,'0 0 0 0 0 0 0 0 0 0 0 0 0 0 0 0 ' ,34 ,1 ,1, 0
85 ,64, 72, '31 20 27 26 16 37 18 15 12 16 17 41 11 18 20 20 ' ,'0 0 0 0 0 0 0 0 0 0 0 0 0 0 0 0 ' ,30 ,0 ,0, 0
67 ,95, 49, '36 24 23 34 18 32 9 13 13 15 22 9 17 15 10 31 ' ,'0 0 0 0 0 0 0 0 0 0 0 0 0 0 0 0 ' ,28 ,1 ,1, 1
89 ,60, 68, '25 31 47 45 18 16 15 34 32 13 27 8 35 35 19 14 ' ,'0 0 0 0 0 0 0 0 0 0 0 0 0 0 0 0 ' ,51 ,1 ,0, 0
101 ,85, 74, '35 45 29 32 12 15 20 13 24 17 13 16 17 16 14 30 ' ,'0 0 0 0 0 0 0 0 0 0 0 0 0 0 0 0 ' ,32 ,1 ,1, 0
81 ,85, 56, '25 24 25 45 12 17 22 11 24 54 20 20 11 10 9 15 ' ,'0 0 0 0 0 0 0 0 0 0 0 0 0 0 0 0 ' ,29 ,1 ,1, 0
157 ,87, 142, '27 50 26 29 30 9 7 21 9 21 10 16 13 23 13 12 ' ,'0 0 0 0 0 0 0 0 0 0 0 0 0 0 0 0 ' ,109 ,1 ,0, 0
74 ,186, 34, '25 31 30 29 20 21 13 10 12 19 13 12 13 16 9 17 ' ,'0 0 0 0 0 0 0 0 0 0 0 0 0 0 0 0 ' ,29 ,1 ,0, 0
119 ,68, 104, '25 36 25 98 28 13 12 29 53 31 9 21 31 85 18 14 ' ,'0 0 0 0 0 0 0 0 0 0 0 0 0 0 0 0 ' ,64 ,1 ,1, 0
82 ,113, 43, '31 52 29 31 22 15 13 13 15 12 28 18 13 14 40 30 ' ,'0 0 0 0 0 0 0 0 0 0 0 0 0 0 0 0 ' ,36 ,0 ,0, 0
77 ,82, 33, '50 22 27 25 15 14 14 16 21 11 9 12 9 9 14 17 ' ,'0 0 0 0 0 0 0 0 0 0 0 0 0 0 0 0 ' ,36 ,0 ,0, 0
73 ,68, 34, '26 36 30 27 28 42 12 18 27 17 28 12 13 13 32 26 ' ,'0 0 0 0 0 0 0 0 0 0 0 0 0 0 0 0 ' ,17 ,0 ,0, 0
93 ,66, 49, '24 51 28 29 34 30 13 16 14 14 19 12 15 27 18 50 ' ,'0 0 0 0 0 0 0 0 0 0 0 0 0 0 0 0 ' ,29 ,1 ,1, 0
80 ,86, 63, '33 36 42 58 11 31 11 18 19 9 21 16 18 42 13 16 ' ,'0 0 0 0 0 0 0 0 0 0 0 0 0 0 0 0 ' ,34 ,1 ,1, 1
252 ,73, 229, '20 190 35 30 30 24 15 17 31 28 18 49 20 32 25 17 ' ,'0 0 0 0 0 0 0 0 0 0 0 0 0 0 0 0 ' ,183 ,1 ,0, 0
85 ,246, 52, '29 28 25 44 22 14 17 15 13 16 13 25 14 53 31 32 ' ,'0 0 0 0 0 0 0 0 0 0 0 0 0 0 0 0 ' ,11 ,1 ,1, 1
83 ,78, 29, '29 33 30 27 25 26 14 17 31 17 31 8 14 15 17 19 ' ,'0 0 0 0 0 0 0 0 0 0 0 0 0 0 0 0 ' ,17 ,1 ,0, 0
103 ,73, 79, '43 22 31 74 38 13 18 19 13 12 15 37 17 19 22 20 ' ,'0 0 0 0 0 0 0 0 0 0 0 0 0 0 0 0 ' ,61 ,1 ,0, 0
103 ,93, 88, '49 47 58 84 25 41 14 44 26 9 12 11 47 81 9 15 ' ,'0 0 0 0 0 0 0 0 0 0 0 0 0 0 0 0 ' ,19 ,0 ,0, 0
217 ,96, 181, '43 21 30 27 11 17 139 16 14 11 12 15 14 13 25 18 ' ,'0 0 0 0 0 0 0 0 0 0 0 0 0 0 0 0 ' ,149 ,1 ,1, 0
71 ,207, 49, '23 35 27 32 10 14 11 13 9 10 28 12 13 15 22 40 ' ,'0 0 0 0 0 0 0 0 0 0 0 0 0 0 0 0 ' ,36 ,1 ,0, 0
141 ,66, 55, '45 31 35 28 18 24 11 13 14 18 17 14 16 13 13 40 ' ,'0 0 0 0 0 0 0 0 0 0 0 0 0 0 0 0 ' ,62 ,1 ,1, 1
102 ,133, 36, '31 23 29 27 26 14 10 13 23 13 26 13 12 14 11 19 ' ,'0 0 0 0 0 0 0 0 0 0 0 0 0 0 0 0 ' ,41 ,1 ,1, 0
70 ,92, 37, '26 35 27 49 30 21 8 26 25 24 10 9 23 18 29 24 ' ,'0 0 0 0 0 0 0 0 0 0 0 0 0 0 0 0 ' ,35 ,1 ,0, 0
277 ,66, 238, '47 41 28 43 46 26 10 13 29 21 33 230 17 31 12 14 ' ,'0 0 0 0 0 0 0 0 0 0 0 0 0 0 0 0 ' ,193 ,1 ,1, 1
133 ,271, 75, '52 63 36 21 15 14 41 16 7 13 16 21 16 16 13 10 ' ,'0 0 0 0 0 203325 0 0 0 0 0 0 0 0 0 0 ' ,72 ,2 ,0, 0
214 ,120, 191, '28 35 30 24 28 9 21 19 173 11 22 11 16 45 17 18 ' ,'0 0 0 0 0 0 0 0 0 0 0 0 0 0 0 0 ' ,156 ,1 ,1, 1
88 ,207, 35, '27 29 28 22 13 15 20 13 15 23 15 6 14 23 7 14 ' ,'0 0 0 0 0 0 0 0 0 0 0 0 0 0 0 0 ' ,24 ,1 ,0, 0
85 ,80, 70, '55 32 62 39 17 37 13 47 34 13 40 9 48 19 25 38 ' ,'0 0 0 0 0 0 0 0 0 0 0 0 0 0 0 0 ' ,30 ,1 ,0, 0
80 ,77, 65, '24 36 27 31 29 26 9 17 14 13 12 33 9 17 12 19 ' ,'0 0 0 0 0 0 0 0 0 0 0 0 0 0 0 0 ' ,26 ,0 ,0, 0
100 ,74, 60, '38 31 33 37 13 17 10 13 18 25 21 34 15 17 10 20 ' ,'0 0 0 0 0 0 0 0 0 0 0 0 0 0 0 0 ' ,30 ,1 ,1, 0
67 ,81, 38, '17 38 30 25 10 25 18 14 14 29 11 16 18 11 17 31 ' ,'0 0 0 0 0 0 0 0 0 0 0 0 0 0 0 0 ' ,31 ,1 ,0, 0
75 ,236, 50, '42 31 28 24 14 18 16 15 17 13 26 31 13 37 30 32 ' ,'0 0 0 0 0 0 0 0 0 0 0 0 0 0 0 0 ' ,28 ,1 ,1, 0
109 ,67, 94, '47 21 82 42 26 34 12 69 20 14 36 11 67 13 13 33 ' ,'0 0 0 0 0 0 0 0 0 0 0 0 0 0 0 0 ' ,69 ,1 ,0, 0
81 ,102, 49, '32 24 30 57 32 12 27 14 18 24 20 19 14 14 15 14 ' ,'0 0 0 0 0 0 0 0 0 0 0 0 0 0 0 0 ' ,40 ,1 ,1, 1
74 ,76, 59, '35 26 29 42 9 16 17 13 14 11 14 17 9 19 11 16 ' ,'0 0 0 0 0 0 0 0 0 0 0 0 0 0 0 0 ' ,21 ,0 ,1, 1
89 ,67, 72, '56 22 35 34 36 15 13 17 12 14 15 7 17 19 22 18 ' ,'0 0 0 0 0 0 0 0 0 0 0 0 0 0 0 0 ' ,43 ,1 ,0, 0
62 ,81, 44, '23 22 28 25 26 17 11 7 13 11 28 8 9 22 9 13 ' ,'0 0 0 0 0 0 0 0 0 0 0 0 0 0 0 0 ' ,24 ,1 ,1, 1
91 ,53, 75, '63 22 27 42 17 59 15 29 15 11 59 12 32 25 11 48 ' ,'0 0 0 0 0 0 0 0 0 0 0 0 0 0 0 0 ' ,42 ,0 ,1, 1
100 ,85, 78, '38 22 28 47 20 15 18 15 20 9 15 19 15 15 22 23 ' ,'0 0 0 0 0 0 0 0 0 0 0 0 0 0 0 0 ' ,33 ,1 ,0, 0
67 ,85, 55, '38 25 29 50 20 15 24 13 20 26 20 13 17 19 15 27 ' ,'0 0 0 0 0 0 0 0 0 0 0 0 0 0 0 0 ' ,15 ,0 ,0, 0
77 ,66, 36, '28 42 31 55 45 26 13 16 13 10 35 13 11 16 18 27 ' ,'0 0 0 0 0 0 0 0 0 0 0 0 0 0 0 0 ' ,21 ,1 ,0, 0
109 ,160, 83, '46 49 24 28 23 17 37 16 16 19 16 33 14 28 20 20 ' ,'0 0 0 0 0 0 0 0 0 0 0 0 0 0 0 0 ' ,50 ,0 ,0, 0
113 ,101, 86, '68 31 45 43 32 55 15 35 16 21 61 14 35 15 24 62 ' ,'0 0 0 0 0 0 0 0 0 0 0 0 0 0 0 0 ' ,57 ,0 ,0, 0
227 ,102, 205, '51 171 27 35 28 19 27 19 19 17 22 40 18 24 27 17 ' ,'0 0 0 0 0 0 0 0 0 0 0 0 0 0 0 0 ' ,173 ,1 ,0, 0
57 ,221, 45, '34 33 36 36 19 33 25 13 28 17 27 18 14 22 22 24 ' ,'0 0 0 0 0 0 0 0 0 0 0 0 0 0 0 0 ' ,26 ,1 ,1, 0
91 ,50, 39, '31 28 37 29 12 24 26 12 23 16 24 11 20 20 32 24 ' ,'0 0 0 0 0 0 0 0 0 0 0 0 0 0 0 0 ' ,37 ,1 ,0, 0
73 ,204, 19, '37 29 25 25 16 12 12 19 9 18 14 20 9 42 23 26 ' ,'0 0 0 0 0 0 0 0 0 0 0 0 0 0 0 0 ' ,13 ,2 ,0, 0
102 ,66, 86, '61 31 71 25 14 48 17 56 14 14 54 15 56 15 20 50 ' ,'0 0 0 0 0 0 0 0 0 0 0 0 0 0 0 0 ' ,60 ,1 ,3, 0
191 ,97, 172, '38 23 30 38 31 27 143 16 10 25 16 10 16 16 45 15 ' ,'0 0 0 0 0 0 0 0 0 0 0 0 0 0 0 0 ' ,154 ,1 ,0, 0
66 ,185, 51, '28 19 33 44 22 13 13 26 11 18 13 19 20 30 11 21 ' ,'0 0 0 0 0 0 0 0 0 0 0 0 0 0 0 0 ' ,23 ,1 ,2, 2
83 ,59, 51, '29 30 25 28 13 26 17 17 14 13 25 9 16 33 16 21 ' ,'0 0 0 0 0 0 0 0 0 0 0 0 0 0 0 0 ' ,16 ,2 ,0, 0
100 ,71, 83, '33 38 38 26 19 13 39 11 31 19 23 17 13 18 11 21 ' ,'0 0 0 0 0 0 0 0 0 0 0 0 0 0 0 0 ' ,37 ,0 ,1, 0
86 ,95, 44, '57 28 43 28 15 45 16 30 8 32 40 18 31 12 15 46 ' ,'0 0 0 0 0 0 0 0 0 0 0 0 0 0 0 0 ' ,43 ,1 ,0, 0
224 ,76, 197, '27 31 25 34 11 15 13 10 21 13 41 188 13 19 9 36 ' ,'0 0 0 0 0 0 0 0 0 0 0 0 0 0 0 0 ' ,173 ,2 ,1, 0
80 ,215, 50, '22 31 26 40 11 29 25 16 23 14 25 14 15 19 14 21 ' ,'0 0 0 0 0 0 0 0 0 0 0 0 0 0 0 0 ' ,23 ,0 ,2, 0
90 ,57, 63, '27 22 29 43 29 21 20 16 20 18 17 22 17 17 14 19 ' ,'0 0 0 0 0 0 0 0 0 0 0 0 0 0 0 0 ' ,17 ,1 ,1, 0
91 ,82, 55, '24 54 29 50 23 12 11 14 26 19 46 16 13 12 8 15 ' ,'0 0 0 0 0 0 0 0 0 0 0 0 0 0 0 0 ' ,50 ,1 ,0, 0
97 ,83, 86, '54 37 76 27 14 42 21 63 15 11 38 17 63 14 12 37 ' ,'0 0 0 0 0 0 0 0 0 0 0 0 0 0 0 0 ' ,66 ,2 ,1, 0
107 ,90, 91, '82 25 41 40 10 27 28 20 13 12 16 11 14 11 14 16 ' ,'0 0 0 0 0 0 0 0 0 0 0 0 0 0 0 0 ' ,73 ,1 ,0, 0
149 ,122, 87, '24 50 35 44 45 16 27 27 17 16 27 31 18 14 26 18 ' ,'0 0 0 0 0 0 0 0 0 0 0 0 0 0 0 0 ' ,54 ,2 ,0, 0
171 ,97, 128, '116 34 31 72 16 22 21 19 20 12 24 27 19 37 21 26 ' ,'0 0 0 0 0 0 0 0 0 0 0 0 0 0 0 0 ' ,65 ,2 ,1, 1
86 ,156, 46, '43 41 27 47 10 26 11 16 15 18 12 13 11 46 24 21 ' ,'0 0 0 0 0 0 0 0 0 0 0 0 0 0 0 0 ' ,30 ,0 ,2, 0
153 ,67, 120, '65 32 130 26 13 52 18 114 28 19 53 17 117 13 29 63 ' ,'0 0 0 0 0 0 0 0 0 0 0 0 0 0 0 0 ' ,108 ,0 ,1, 1
86 ,146, 63, '30 44 27 45 13 26 12 18 16 27 33 21 18 47 17 35 ' ,'0 0 0 0 0 0 0 0 0 0 0 0 0 0 0 0 ' ,33 ,1 ,0, 0
114 ,77, 81, '28 67 34 31 31 16 65 14 17 41 29 50 21 28 24 27 ' ,'0 0 0 0 0 0 0 0 0 0 0 0 0 0 0 0 ' ,56 ,1 ,1, 0
123 ,102, 84, '36 48 28 35 49 31 39 16 24 42 19 21 16 21 69 23 ' ,'0 0 0 0 0 0 0 0 0 0 0 0 0 0 0 0 ' ,66 ,1 ,1, 0
82 ,110, 60, '43 36 29 51 20 28 22 16 40 19 18 33 18 20 33 20 ' ,'0 0 0 0 0 0 0 0 0 0 0 0 0 0 0 0 ' ,39 ,1 ,0, 0
100 ,76, 71, '51 28 33 29 19 38 12 71 20 15 39 15 68 13 15 48 ' ,'0 0 0 0 0 0 0 0 0 0 0 0 0 0 0 0 ' ,61 ,0 ,0, 0
88 ,92, 71, '52 24 25 39 37 19 15 17 37 14 23 19 18 32 36 18 ' ,'0 0 0 0 0 0 0 0 0 0 0 0 0 0 0 0 ' ,41 ,0 ,1, 0
169 ,79, 131, '36 57 29 107 19 15 44 16 21 29 15 39 15 38 37 15 ' ,'0 0 0 0 0 0 0 0 0 0 0 0 0 0 0 0 ' ,103 ,0 ,1, 1
106 ,139, 57, '54 22 28 49 42 17 49 17 34 51 24 23 13 18 20 18 ' ,'0 0 0 0 0 0 0 0 0 0 0 0 0 0 0 0 ' ,48 ,1 ,0, 0
111 ,100, 57, '25 32 34 52 36 15 18 23 20 29 18 14 17 20 14 32 ' ,'0 0 0 0 0 0 0 0 0 0 0 0 0 0 0 0 ' ,57 ,1 ,0, 0
98 ,101, 80, '56 35 74 29 32 38 17 56 16 14 31 16 60 22 9 41 ' ,'0 0 0 0 0 0 0 0 0 0 0 0 0 0 0 0 ' ,55 ,1 ,0, 0
249 ,89, 225, '29 181 28 50 29 14 13 17 19 28 15 13 18 25 32 19 ' ,'0 0 0 0 0 0 0 0 0 0 0 0 0 0 0 0 ' ,205 ,1 ,1, 1
91 ,243, 66, '30 45 28 27 18 18 44 21 18 14 17 49 14 15 18 13 ' ,'0 0 0 0 0 0 0 0 0 0 0 0 0 0 0 0 ' ,31 ,1 ,0, 0
129 ,80, 108, '63 32 34 33 17 57 15 19 25 14 62 26 17 32 18 61 ' ,'0 0 0 0 0 0 0 0 0 0 0 0 0 0 0 0 ' ,49 ,1 ,32, 0
87 ,193, 51, '43 28 29 57 16 15 23 15 27 33 15 24 12 19 26 16 ' ,'0 0 0 0 0 0 0 0 0 0 0 0 0 0 0 0 ' ,40 ,0 ,0, 0
87 ,78, 52, '27 40 30 48 22 27 20 20 12 14 33 23 24 18 18 15 ' ,'0 0 0 0 0 0 0 0 0 0 0 0 0 0 0 0 ' ,42 ,1 ,1, 0
