1270 ,0, 1120, '138 77 57 49 72 130 93 54 59 201 126 160 65 64 62 242 66 55 85 57 ' ,'0 0 0 0 0 0 0 0 0 0 0 0 0 0 0 0 0 0 0 0 ' ,1023 ,12 ,1, 0
2454 ,1195, 2425, '185 243 2401 320 167 126 248 2366 194 178 189 202 2356 296 90 138 270 2395 385 252 ' ,'0 0 0 0 0 0 0 0 0 0 0 0 0 0 0 0 0 0 0 0 ' ,2277 ,2 ,1, 0
135 ,2469, 51, '13 9 16 10 10 10 12 13 8 8 13 8 14 9 9 8 9 14 18 25 ' ,'0 0 0 0 0 0 0 0 0 0 0 0 0 0 0 0 0 0 0 0 ' ,25 ,1 ,0, 0
120 ,126, 51, '11 6 10 19 15 18 7 7 8 13 11 7 10 18 15 11 7 10 19 11 ' ,'0 0 0 0 0 0 0 0 0 0 0 0 0 0 0 0 0 0 0 0 ' ,17 ,1 ,1, 0
100 ,107, 82, '11 25 33 24 14 7 10 20 29 23 9 12 30 43 8 16 8 22 8 19 ' ,'0 0 0 0 0 0 0 0 0 0 0 0 0 0 0 0 0 0 0 0 ' ,50 ,1 ,1, 0
78 ,89, 48, '9 7 11 26 22 9 7 12 6 7 9 7 14 11 7 17 17 14 6 13 ' ,'0 0 0 0 0 0 0 0 0 0 0 0 0 0 0 0 0 0 0 0 ' ,31 ,1 ,1, 1
98 ,73, 69, '13 7 13 7 7 10 7 13 7 9 22 15 13 11 16 12 7 13 7 16 ' ,'0 0 0 0 0 0 0 0 0 0 0 0 0 0 0 0 0 0 0 0 ' ,19 ,1 ,0, 0
68 ,91, 42, '7 7 10 18 10 9 7 10 7 8 16 6 8 6 10 11 6 10 10 8 ' ,'0 0 0 0 0 0 0 0 0 0 0 0 0 0 0 0 0 0 0 0 ' ,14 ,0 ,1, 0
100 ,64, 81, '14 7 15 8 6 6 9 7 6 9 6 20 6 7 7 13 16 12 15 10 ' ,'0 0 0 0 0 0 0 0 0 0 0 0 0 0 0 0 0 0 0 0 ' ,12 ,1 ,0, 0
121 ,97, 96, '12 9 67 8 44 10 7 67 26 8 22 7 9 7 12 18 28 64 7 7 ' ,'0 0 0 0 0 0 0 0 0 0 0 0 0 0 0 0 0 0 0 0 ' ,78 ,1 ,0, 0
68 ,115, 40, '8 6 11 7 8 6 7 13 13 14 7 7 20 6 6 17 8 13 13 6 ' ,'0 0 0 0 0 0 0 0 0 0 0 0 0 0 0 0 0 0 0 0 ' ,31 ,1 ,1, 1
133 ,58, 59, '9 7 9 7 7 9 10 7 7 38 7 7 8 6 7 9 10 8 25 6 ' ,'0 0 0 0 0 0 0 0 0 0 0 0 0 0 0 0 0 0 0 0 ' ,70 ,1 ,1, 0
99 ,118, 66, '7 6 14 51 6 6 6 11 20 9 14 19 12 20 17 8 6 14 26 6 ' ,'0 0 0 0 0 0 0 0 0 0 0 0 0 0 0 0 0 0 0 0 ' ,46 ,1 ,0, 0
140 ,97, 119, '13 20 11 23 44 8 7 8 12 18 9 8 7 10 7 28 18 9 15 7 ' ,'0 0 0 0 0 0 0 0 0 0 0 0 0 0 0 0 0 0 0 0 ' ,23 ,1 ,1, 1
113 ,139, 96, '12 14 35 7 8 14 8 26 11 7 13 14 24 18 15 25 8 38 10 8 ' ,'0 0 0 0 0 0 0 0 0 0 0 0 0 0 0 0 0 0 0 0 ' ,78 ,2 ,1, 0
75 ,108, 48, '13 8 13 15 15 7 9 7 17 12 9 7 10 17 14 14 8 8 11 12 ' ,'0 0 0 0 0 0 0 0 0 0 0 0 0 0 0 0 0 0 0 0 ' ,25 ,1 ,0, 0
96 ,67, 54, '12 11 13 11 9 7 11 12 7 6 8 13 14 9 7 10 7 13 6 8 ' ,'0 0 0 0 0 0 0 0 0 0 0 0 0 0 0 0 0 0 0 0 ' ,38 ,1 ,0, 0
171 ,92, 154, '10 20 14 11 9 9 9 11 7 10 8 13 10 10 15 24 9 20 7 32 ' ,'0 0 0 0 0 0 0 0 0 0 0 0 0 0 0 0 0 0 0 0 ' ,128 ,1 ,1, 1
86 ,164, 53, '11 7 11 10 8 12 8 13 7 7 11 9 16 8 7 15 8 11 7 6 ' ,'0 0 0 0 0 0 0 0 0 0 0 0 0 0 0 0 0 0 0 0 ' ,35 ,0 ,1, 1
105 ,79, 46, '12 14 37 8 12 24 12 39 15 12 26 9 35 21 8 15 12 36 17 12 ' ,'0 0 0 0 0 0 0 0 0 0 0 0 0 0 0 0 0 0 0 0 ' ,20 ,1 ,0, 0
98 ,99, 78, '10 15 11 11 9 23 10 6 38 24 9 9 6 7 8 11 9 8 15 12 ' ,'0 0 0 0 0 0 0 0 0 0 0 0 0 0 0 0 0 0 0 0 ' ,48 ,1 ,1, 1
75 ,88, 27, '7 11 12 10 16 12 19 11 15 17 7 8 11 6 13 17 15 8 6 22 ' ,'0 0 0 0 0 0 0 0 0 0 0 0 0 0 0 0 0 0 0 0 ' ,31 ,1 ,1, 0
79 ,68, 66, '18 10 9 25 6 15 7 7 7 7 9 7 6 30 7 10 7 6 7 12 ' ,'0 0 0 0 0 0 0 0 0 0 0 0 0 0 0 0 0 0 0 0 ' ,35 ,1 ,0, 0
96 ,77, 73, '10 18 14 30 28 15 6 7 11 6 7 7 9 6 7 11 8 9 7 16 ' ,'0 0 0 0 0 0 0 0 0 0 0 0 0 0 0 0 0 0 0 0 ' ,49 ,0 ,1, 1
132 ,89, 95, '11 14 55 7 7 6 6 20 20 15 19 7 29 9 11 19 16 21 10 10 ' ,'0 0 0 0 0 0 0 0 0 0 0 0 0 0 0 0 0 0 0 0 ' ,32 ,0 ,2, 2
128 ,129, 78, '10 8 10 8 20 7 8 11 7 23 47 15 12 13 7 20 12 12 11 8 ' ,'0 0 0 0 0 0 0 0 0 0 0 0 0 0 0 0 0 0 0 0 ' ,59 ,1 ,1, 0
77 ,124, 55, '9 8 12 13 17 15 30 12 23 10 10 8 11 11 8 10 8 11 7 10 ' ,'0 0 0 0 0 0 0 0 0 0 0 0 0 0 0 0 0 0 0 0 ' ,39 ,1 ,1, 0
63 ,74, 34, '10 13 8 21 6 8 7 6 13 8 9 6 6 12 6 9 8 7 21 5 ' ,'0 0 0 0 0 0 0 0 0 0 0 0 0 0 0 0 0 0 0 0 ' ,27 ,1 ,1, 1
134 ,57, 93, '6 8 18 12 7 6 5 5 6 20 6 34 18 14 16 19 7 8 29 12 ' ,'0 0 0 0 0 0 0 0 0 0 0 0 0 0 0 0 0 0 0 0 ' ,59 ,1 ,0, 0
108 ,129, 88, '8 23 32 12 7 7 7 8 6 11 6 6 8 9 11 7 6 8 6 11 ' ,'0 0 0 0 0 0 0 0 0 0 0 0 0 0 0 0 0 0 0 0 ' ,58 ,1 ,1, 1
90 ,102, 50, '11 10 17 15 8 19 8 14 21 13 8 7 10 34 19 22 7 11 11 27 ' ,'0 0 0 0 0 0 0 0 0 0 0 0 0 0 0 0 0 0 0 0 ' ,35 ,1 ,0, 0
67 ,76, 39, '17 13 17 16 6 9 7 7 14 6 7 9 7 20 8 17 9 7 23 23 ' ,'0 0 0 0 0 0 0 0 0 0 0 0 0 0 0 0 0 0 0 0 ' ,19 ,1 ,1, 1
84 ,57, 45, '13 6 12 22 24 6 17 10 6 6 19 7 8 34 6 30 23 16 31 20 ' ,'0 0 0 0 0 0 0 0 0 0 0 0 0 0 0 0 0 0 0 0 ' ,23 ,1 ,1, 0
153 ,67, 130, '6 5 11 13 9 23 12 6 7 9 5 9 5 6 36 20 11 6 6 9 ' ,'0 0 0 0 0 0 0 0 0 0 0 0 0 0 0 0 0 0 0 0 ' ,101 ,1 ,1, 0
137 ,149, 111, '9 16 85 20 8 10 10 82 15 36 9 7 82 7 6 16 7 84 6 25 ' ,'0 0 0 0 0 0 0 0 0 0 0 0 0 0 0 0 0 0 0 0 ' ,74 ,1 ,1, 0
86 ,131, 43, '24 7 11 15 15 7 7 10 24 29 8 12 11 23 20 7 15 8 7 8 ' ,'0 0 0 0 0 0 0 0 0 0 0 0 0 0 0 0 0 0 0 0 ' ,13 ,1 ,0, 0
142 ,79, 122, '8 6 10 9 14 11 6 9 12 14 7 7 8 9 7 8 6 7 6 8 ' ,'0 0 0 0 0 0 0 0 0 0 0 0 0 0 0 0 0 0 0 0 ' ,91 ,1 ,1, 0
90 ,138, 51, '14 6 11 11 8 22 6 11 10 10 11 6 11 7 10 38 9 13 12 7 ' ,'0 0 0 0 0 0 0 0 0 0 0 0 0 0 0 0 0 0 0 0 ' ,44 ,1 ,0, 0
79 ,87, 40, '16 11 9 21 12 12 6 12 9 6 9 7 6 19 7 8 10 9 10 6 ' ,'0 0 0 0 0 0 0 0 0 0 0 0 0 0 0 0 0 0 0 0 ' ,24 ,1 ,0, 0
84 ,70, 59, '28 10 41 12 41 7 7 28 6 6 13 8 36 8 7 10 10 28 8 11 ' ,'0 0 0 0 0 0 0 0 0 0 0 0 0 0 0 0 0 0 0 0 ' ,22 ,1 ,0, 0
67 ,80, 38, '5 7 11 6 8 14 7 11 9 12 6 6 12 9 6 6 17 13 5 9 ' ,'0 0 0 0 0 0 0 0 0 0 0 0 0 0 0 0 0 0 0 0 ' ,23 ,0 ,0, 0
73 ,61, 49, '12 6 8 12 26 6 6 7 7 7 7 6 7 8 6 7 6 6 25 9 ' ,'0 0 0 0 0 0 0 0 0 0 0 0 0 0 0 0 0 0 0 0 ' ,31 ,1 ,1, 1
93 ,67, 65, '12 10 10 9 7 5 6 6 5 14 5 5 5 10 8 15 5 5 5 11 ' ,'0 0 0 0 0 0 0 0 0 0 0 0 0 0 0 0 0 0 0 0 ' ,51 ,1 ,0, 0
64 ,85, 32, '5 5 7 8 15 7 11 6 12 5 11 6 8 6 6 9 8 6 11 16 ' ,'0 0 0 0 0 0 0 0 0 0 0 0 0 0 0 0 0 0 0 0 ' ,26 ,0 ,1, 1
120 ,50, 54, '5 6 63 6 6 6 6 59 16 6 6 7 57 11 6 6 10 59 8 8 ' ,'0 0 0 0 0 0 0 0 0 0 0 0 0 0 0 0 0 0 0 0 ' ,55 ,1 ,1, 1
110 ,106, 75, '9 22 11 50 10 9 25 11 33 10 10 18 11 8 14 28 8 15 8 22 ' ,'0 0 0 0 0 0 0 0 0 0 0 0 0 0 0 0 0 0 0 0 ' ,55 ,1 ,1, 1
150 ,86, 120, '9 7 20 21 90 17 7 25 7 30 21 39 17 18 7 11 74 16 20 28 ' ,'0 0 0 0 0 0 0 0 0 0 0 0 0 0 0 0 0 0 0 0 ' ,96 ,0 ,1, 1
108 ,142, 80, '9 8 10 22 51 8 20 10 12 58 27 29 15 22 53 15 7 11 13 54 ' ,'0 0 0 0 0 0 0 0 0 0 0 0 0 0 0 0 0 0 0 0 ' ,57 ,1 ,1, 0
92 ,96, 62, '9 26 10 10 52 13 5 6 8 29 8 26 7 12 31 18 25 6 7 45 ' ,'0 0 0 0 0 0 0 0 0 0 0 0 0 0 0 0 0 0 0 0 ' ,47 ,0 ,1, 0
128 ,87, 111, '7 13 11 11 8 12 6 83 6 11 7 7 84 30 5 15 7 85 5 6 ' ,'0 0 0 0 0 0 0 0 0 0 0 0 0 0 0 0 0 0 0 0 ' ,74 ,1 ,1, 1
116 ,123, 43, '10 7 11 9 11 6 12 11 6 6 11 5 10 6 12 20 17 15 7 5 ' ,'0 0 0 0 0 0 0 0 0 0 0 0 0 0 0 0 0 0 0 0 ' ,28 ,1 ,0, 0
66 ,110, 46, '6 8 8 10 9 6 6 10 7 6 6 13 10 14 5 5 6 12 17 26 ' ,'0 0 0 0 0 0 0 0 0 0 0 0 0 0 0 0 0 0 0 0 ' ,13 ,0 ,1, 1
63 ,56, 32, '9 6 10 12 6 12 6 8 6 8 8 7 8 11 6 10 6 7 6 12 ' ,'0 0 0 0 0 0 0 0 0 0 0 0 0 0 0 0 0 0 0 0 ' ,27 ,0 ,0, 0
241 ,56, 114, '21 5 11 7 64 7 68 8 11 63 12 68 11 14 9 10 61 6 6 9 ' ,'0 0 0 0 0 0 0 0 0 0 0 0 0 0 0 0 0 0 0 0 ' ,95 ,1 ,0, 0
70 ,234, 51, '9 17 7 13 10 6 6 26 7 6 7 7 6 6 11 16 6 26 6 6 ' ,'0 0 0 0 0 0 0 0 0 0 0 0 0 0 0 0 0 0 0 0 ' ,40 ,1 ,0, 0
215 ,64, 132, '15 32 8 7 7 10 7 8 7 7 8 15 12 8 14 28 7 12 23 8 ' ,'0 0 0 0 0 0 0 0 0 0 0 0 0 0 0 0 0 0 0 0 ' ,75 ,1 ,1, 1
145 ,214, 121, '30 39 13 50 14 13 6 14 44 60 6 31 6 31 38 34 27 6 60 14 ' ,'0 0 0 0 0 0 0 0 0 0 0 0 0 0 0 0 0 0 0 0 ' ,96 ,0 ,1, 0
66 ,137, 31, '6 6 12 9 17 9 5 8 8 6 8 16 9 10 6 10 13 9 6 9 ' ,'0 0 0 0 0 0 0 0 0 0 0 0 0 0 0 0 0 0 0 0 ' ,18 ,0 ,1, 0
120 ,55, 96, '26 6 7 8 11 9 58 6 7 10 8 6 6 9 9 8 6 10 7 15 ' ,'0 0 0 0 0 0 0 0 0 0 0 0 0 0 0 0 0 0 0 0 ' ,84 ,1 ,1, 1
97 ,112, 66, '15 5 11 10 22 7 5 12 8 6 6 8 10 9 12 6 5 10 5 10 ' ,'0 0 0 0 0 0 0 0 0 0 0 0 0 0 0 0 0 0 0 0 ' ,38 ,1 ,1, 1
53 ,93, 29, '22 20 11 8 7 6 8 10 7 6 11 16 10 9 7 14 13 12 8 6 ' ,'0 0 0 0 0 0 0 0 0 0 0 0 0 0 0 0 0 0 0 0 ' ,17 ,1 ,0, 0
70 ,54, 41, '16 26 6 8 6 6 9 8 15 7 10 12 6 8 6 20 7 8 6 12 ' ,'0 0 0 0 0 0 0 0 0 0 0 0 0 0 0 0 0 0 0 0 ' ,30 ,0 ,0, 0
77 ,65, 57, '11 10 11 11 10 10 5 6 9 6 13 6 7 8 15 19 8 7 7 16 ' ,'0 0 0 0 0 0 0 0 0 0 0 0 0 0 0 0 0 0 0 0 ' ,38 ,0 ,0, 0
64 ,68, 38, '10 6 11 7 11 11 14 10 7 21 12 6 12 6 7 10 6 10 6 6 ' ,'0 0 0 0 0 0 0 0 0 0 0 0 0 0 0 0 0 0 0 0 ' ,26 ,1 ,0, 0
102 ,62, 44, '12 23 18 7 6 9 11 6 8 5 18 5 6 5 6 17 16 6 13 6 ' ,'0 0 0 0 0 0 0 0 0 0 0 0 0 0 0 0 0 0 0 0 ' ,25 ,1 ,0, 0
71 ,75, 40, '12 7 10 13 10 22 10 9 16 12 28 7 8 7 7 13 14 9 6 7 ' ,'0 0 0 0 0 0 0 0 0 0 0 0 0 0 0 0 0 0 0 0 ' ,26 ,0 ,1, 0
91 ,61, 61, '11 7 9 6 8 19 17 9 11 11 17 16 9 14 19 11 7 9 18 13 ' ,'0 0 0 0 0 0 0 0 0 0 0 0 0 0 0 0 0 0 0 0 ' ,10 ,1 ,0, 0
83 ,84, 59, '15 6 11 16 8 5 5 11 7 8 6 6 7 7 6 15 5 11 12 7 ' ,'0 0 0 0 0 0 0 0 0 0 0 0 0 0 0 0 0 0 0 0 ' ,38 ,1 ,0, 0
87 ,85, 66, '8 21 8 10 39 13 7 9 7 6 8 5 9 5 39 10 5 9 7 37 ' ,'0 0 0 0 0 0 0 0 0 0 0 0 0 0 0 0 0 0 0 0 ' ,43 ,1 ,1, 1
48 ,91, 32, '9 16 10 9 8 11 6 13 22 8 9 7 9 4 14 6 5 6 22 9 ' ,'0 0 0 0 0 0 0 0 0 0 0 0 0 0 0 0 0 0 0 0 ' ,6 ,1 ,0, 0
88 ,46, 57, '10 7 11 7 11 9 19 6 19 13 7 15 6 27 16 8 7 18 7 15 ' ,'0 0 0 0 0 0 0 0 0 0 0 0 0 0 0 0 0 0 0 0 ' ,38 ,1 ,0, 0
80 ,65, 57, '9 8 11 8 16 6 6 7 7 11 7 6 7 19 6 9 8 7 10 8 ' ,'0 0 0 0 0 0 0 0 0 0 0 0 0 0 0 0 0 0 0 0 ' ,36 ,0 ,0, 0
80 ,74, 32, '6 6 13 13 6 11 12 10 10 5 6 11 11 15 6 13 6 11 9 9 ' ,'0 0 0 0 0 0 0 0 0 0 0 0 0 0 0 0 0 0 0 0 ' ,20 ,1 ,0, 0
64 ,53, 36, '10 7 12 13 12 14 7 10 7 8 17 12 10 12 8 25 7 14 8 19 ' ,'0 0 0 0 0 0 0 0 0 0 0 0 0 0 0 0 0 0 0 0 ' ,21 ,0 ,0, 0
65 ,60, 34, '7 5 10 11 5 4 5 9 17 5 9 5 10 16 5 8 6 9 8 9 ' ,'0 0 0 0 0 0 0 0 0 0 0 0 0 0 0 0 0 0 0 0 ' ,15 ,2 ,0, 0
68 ,52, 41, '13 11 8 7 17 5 6 8 6 5 10 10 8 16 10 11 13 8 13 9 ' ,'0 0 0 0 0 0 0 0 0 0 0 0 0 0 0 0 0 0 0 0 ' ,24 ,0 ,0, 0
96 ,62, 77, '13 7 7 7 7 14 16 8 6 8 13 10 6 21 12 10 17 11 8 18 ' ,'0 0 0 0 0 0 0 0 0 0 0 0 0 0 0 0 0 0 0 0 ' ,54 ,0 ,1, 0
92 ,91, 46, '19 26 8 9 5 10 5 8 5 5 12 12 7 8 7 11 5 11 5 9 ' ,'0 0 0 0 0 0 0 0 0 0 0 0 0 0 0 0 0 0 0 0 ' ,12 ,0 ,0, 0
77 ,86, 56, '7 9 9 5 14 11 11 12 6 6 14 6 9 11 18 8 11 9 8 15 ' ,'0 0 0 0 0 0 0 0 0 0 0 0 0 0 0 0 0 0 0 0 ' ,35 ,0 ,0, 0
69 ,76, 51, '7 6 8 15 11 11 6 8 6 7 6 6 10 29 5 7 5 7 8 11 ' ,'0 0 0 0 0 0 0 0 0 0 0 0 0 0 0 0 0 0 0 0 ' ,18 ,1 ,1, 0
74 ,65, 48, '9 6 5 9 13 6 6 6 6 10 9 6 6 6 6 11 9 6 6 6 ' ,'0 0 0 0 0 0 0 0 0 0 0 0 0 0 0 0 0 0 0 0 ' ,18 ,1 ,1, 0
67 ,63, 35, '9 7 9 7 9 8 6 7 12 13 6 8 7 6 9 42 7 8 8 6 ' ,'0 0 0 0 0 0 0 0 0 0 0 0 0 0 0 0 0 0 0 0 ' ,33 ,1 ,0, 0
78 ,62, 41, '6 5 9 9 19 5 5 7 11 7 5 6 8 13 6 19 6 7 5 9 ' ,'0 0 0 0 0 0 0 0 0 0 0 0 0 0 0 0 0 0 0 0 ' ,19 ,3 ,0, 0
65 ,62, 44, '19 6 9 7 9 11 5 9 6 13 14 8 7 8 5 19 23 7 5 13 ' ,'0 0 0 0 0 0 0 0 0 0 0 0 0 0 0 0 0 0 0 0 ' ,32 ,1 ,1, 0
106 ,59, 54, '17 6 8 7 6 23 5 5 6 5 9 6 5 7 5 14 6 5 6 24 ' ,'0 0 0 0 0 0 0 0 0 0 0 0 0 0 0 0 0 0 0 0 ' ,36 ,0 ,1, 1
70 ,97, 50, '12 19 9 9 6 12 6 6 10 6 6 6 6 10 10 17 12 8 14 10 ' ,'0 0 0 0 0 0 0 0 0 0 0 0 0 0 0 0 0 0 0 0 ' ,34 ,0 ,0, 0
110 ,63, 74, '64 5 9 8 24 58 5 7 10 5 55 8 8 5 13 86 6 7 6 8 ' ,'0 0 0 0 0 0 0 0 0 0 0 0 0 0 0 0 0 0 0 0 ' ,79 ,0 ,0, 0
57 ,103, 43, '17 6 8 22 10 15 6 6 26 6 7 6 5 17 6 7 5 10 13 6 ' ,'0 0 0 0 0 0 0 0 0 0 0 0 0 0 0 0 0 0 0 0 ' ,18 ,1 ,0, 0
67 ,50, 50, '7 8 11 23 26 7 6 9 6 15 7 6 8 6 6 8 6 9 7 10 ' ,'0 0 0 0 0 0 0 0 0 0 0 0 0 0 0 0 0 0 0 0 ' ,24 ,1 ,1, 1
75 ,59, 53, '24 7 12 10 6 6 7 12 25 7 6 11 12 12 20 10 7 14 17 18 ' ,'0 0 0 0 0 0 0 0 0 0 0 0 0 0 0 0 0 0 0 0 ' ,33 ,1 ,0, 0
72 ,63, 38, '10 8 15 13 15 11 11 15 13 9 13 8 16 13 9 13 19 13 8 12 ' ,'0 0 0 0 0 0 0 0 0 0 0 0 0 0 0 0 0 0 0 0 ' ,12 ,1 ,1, 0
76 ,62, 53, '47 11 8 9 11 43 6 6 4 12 39 6 10 11 9 43 6 7 5 4 ' ,'0 0 0 0 0 0 0 0 0 0 0 0 0 0 0 0 0 0 0 0 ' ,39 ,1 ,0, 0
62 ,68, 46, '7 13 12 10 13 6 8 12 7 6 23 6 11 13 8 10 6 12 18 6 ' ,'0 0 0 0 0 0 0 0 0 0 0 0 0 0 0 0 0 0 0 0 ' ,21 ,0 ,0, 0
73 ,67, 33, '10 10 8 4 5 14 5 6 5 9 5 6 7 7 6 5 10 6 5 7 ' ,'0 0 0 0 0 0 0 0 0 0 0 0 0 0 0 0 0 0 0 0 ' ,24 ,1 ,0, 0
55 ,55, 38, '7 5 10 13 5 5 4 7 7 14 11 6 8 7 5 11 7 7 5 8 ' ,'0 0 0 0 0 0 0 0 0 0 0 0 0 0 0 0 0 0 0 0 ' ,7 ,1 ,0, 0
75 ,59, 49, '18 6 11 11 8 15 6 12 7 7 13 6 9 8 6 18 12 6 9 8 ' ,'0 0 0 0 0 0 0 0 0 0 0 0 0 0 0 0 0 0 0 0 ' ,38 ,1 ,0, 0
81 ,67, 61, '27 7 9 52 13 25 12 8 34 7 27 6 7 35 8 31 5 5 26 6 ' ,'0 0 0 0 0 0 0 0 0 0 0 0 0 0 0 0 0 0 0 0 ' ,46 ,1 ,2, 0
111 ,75, 42, '10 6 11 7 5 7 5 7 9 9 11 6 7 10 6 9 10 7 8 10 ' ,'0 0 0 0 0 0 0 0 0 0 0 0 0 0 0 0 0 0 0 0 ' ,36 ,0 ,1, 0
98 ,98, 69, '6 5 11 5 6 6 8 8 5 6 15 11 7 24 6 7 7 8 6 13 ' ,'0 0 0 0 0 0 0 0 0 0 0 0 0 0 0 0 0 0 0 0 ' ,13 ,1 ,1, 0
116 ,89, 49, '19 8 10 9 8 7 6 12 9 9 6 6 6 9 7 18 6 6 5 6 ' ,'0 0 0 0 0 0 0 0 0 0 0 0 0 0 0 0 0 0 0 0 ' ,17 ,0 ,0, 0
84 ,109, 72, '11 5 10 8 8 10 6 9 6 8 5 5 9 8 4 5 4 9 5 7 ' ,'0 0 0 0 0 0 0 0 0 0 0 0 0 0 0 0 0 0 0 0 ' ,52 ,2 ,0, 0
76 ,77, 33, '18 6 8 24 11 21 7 8 11 13 18 9 8 18 9 18 12 8 5 22 ' ,'0 0 0 0 0 0 0 0 0 0 0 0 0 0 0 0 0 0 0 0 ' ,11 ,1 ,0, 0
50 ,57, 34, '12 6 15 17 11 18 11 11 9 7 12 6 13 22 6 23 10 12 17 6 ' ,'0 0 0 0 0 0 0 0 0 0 0 0 0 0 0 0 0 0 0 0 ' ,8 ,1 ,1, 0
84 ,46, 37, '10 8 11 7 8 10 7 10 8 20 17 10 9 33 9 21 7 10 15 9 ' ,'0 0 0 0 0 0 0 0 0 0 0 0 0 0 0 0 0 0 0 0 ' ,9 ,0 ,0, 0
72 ,66, 46, '6 6 7 9 5 5 10 7 5 6 6 6 7 11 5 14 7 7 13 10 ' ,'0 0 0 0 0 0 0 0 0 0 0 0 0 0 0 0 0 0 0 0 ' ,25 ,1 ,1, 0
66 ,69, 46, '18 13 8 6 15 7 5 7 12 5 9 10 7 11 13 9 11 7 5 36 ' ,'0 0 0 0 0 0 0 0 0 0 0 0 0 0 0 0 0 0 0 0 ' ,23 ,0 ,0, 0
49 ,58, 33, '22 9 9 27 10 19 6 10 18 6 20 7 10 22 6 22 9 10 15 12 ' ,'0 0 0 0 0 0 0 0 0 0 0 0 0 0 0 0 0 0 0 0 ' ,16 ,1 ,0, 0
61 ,42, 42, '16 13 12 9 9 8 6 9 12 10 11 6 10 32 10 16 9 10 21 8 ' ,'0 0 0 0 0 0 0 0 0 0 0 0 0 0 0 0 0 0 0 0 ' ,6 ,1 ,1, 0
84 ,52, 62, '9 14 8 8 14 10 7 10 6 6 5 10 9 9 7 21 6 5 5 16 ' ,'0 0 0 0 0 0 0 0 0 0 0 0 0 0 0 0 0 0 0 0 ' ,43 ,1 ,3, 0
58 ,78, 33, '11 5 10 10 6 5 5 10 9 5 19 5 7 5 5 5 5 10 5 5 ' ,'0 0 0 0 0 0 0 0 0 0 0 0 0 0 0 0 0 0 0 0 ' ,14 ,1 ,0, 0
123 ,53, 99, '11 6 73 6 8 9 6 71 9 5 9 6 51 8 6 16 17 73 6 9 ' ,'0 0 0 0 0 0 0 0 0 0 0 0 0 0 0 0 0 0 0 0 ' ,82 ,1 ,1, 0
62 ,117, 47, '29 10 8 26 12 37 11 11 21 21 29 7 7 22 6 28 8 7 13 5 ' ,'0 0 0 0 0 0 0 0 0 0 0 0 0 0 0 0 0 0 0 0 ' ,29 ,1 ,0, 0
65 ,55, 33, '9 5 14 9 11 7 5 5 16 5 14 6 6 9 12 9 5 7 13 15 ' ,'0 0 0 0 0 0 0 0 0 0 0 0 0 0 0 0 0 0 0 0 ' ,18 ,1 ,0, 0
65 ,51, 40, '9 6 8 16 10 20 6 7 6 6 9 6 8 10 8 22 14 8 7 10 ' ,'0 0 0 0 0 0 0 0 0 0 0 0 0 0 0 0 0 0 0 0 ' ,24 ,1 ,0, 0
108 ,57, 85, '7 8 12 10 19 5 5 14 10 6 6 5 9 9 9 7 9 10 5 9 ' ,'0 0 0 0 0 0 0 0 0 0 0 0 0 0 0 0 0 0 0 0 ' ,69 ,1 ,0, 0
155 ,101, 131, '20 6 125 9 7 10 6 113 5 8 14 32 113 9 16 11 6 114 12 9 ' ,'0 0 0 0 0 0 0 0 0 0 0 0 0 0 0 0 0 0 0 0 ' ,109 ,1 ,1, 0
83 ,145, 61, '45 5 11 36 13 41 5 9 26 6 51 5 10 11 5 41 6 10 10 9 ' ,'0 0 0 0 0 0 0 0 0 0 0 0 0 0 0 0 0 0 0 0 ' ,49 ,0 ,0, 0
58 ,261, 29, '14 9 10 9 6 5 5 8 6 6 4 6 7 14 5 8 5 8 6 17 ' ,'0 0 0 0 0 0 0 0 0 0 0 0 0 0 0 0 0 0 0 0 ' ,25 ,1 ,0, 0
98 ,53, 85, '14 9 10 8 8 8 6 8 21 34 9 14 8 6 5 19 8 8 6 10 ' ,'0 0 0 0 0 0 0 0 0 0 0 0 0 0 0 0 0 0 0 0 ' ,48 ,0 ,1, 0
54 ,91, 38, '7 5 11 15 10 7 12 12 11 16 7 5 8 9 9 6 5 10 6 7 ' ,'0 0 0 0 0 0 0 0 0 0 0 0 0 0 0 0 0 0 0 0 ' ,13 ,1 ,1, 1
73 ,45, 49, '10 6 30 7 5 6 5 27 6 5 12 5 31 8 14 8 9 30 5 8 ' ,'0 0 0 0 0 0 0 0 0 0 0 0 0 0 0 0 0 0 0 0 ' ,29 ,1 ,1, 0
93 ,65, 77, '51 13 7 64 15 45 5 6 56 6 43 5 5 11 17 52 7 6 57 12 ' ,'0 0 0 0 0 0 0 0 0 0 0 0 0 0 0 0 0 0 0 0 ' ,58 ,0 ,1, 0
53 ,87, 34, '11 6 10 5 8 19 4 10 8 16 8 5 7 5 12 22 7 8 9 8 ' ,'0 0 0 0 0 0 0 0 0 0 0 0 0 0 0 0 0 0 0 0 ' ,16 ,1 ,1, 1
64 ,49, 44, '18 18 18 14 31 14 31 16 20 27 11 20 18 34 17 15 14 20 24 13 ' ,'0 0 0 0 0 0 0 0 0 0 0 0 0 0 0 0 0 0 0 0 ' ,25 ,1 ,1, 1
101 ,52, 52, '24 17 24 18 30 10 11 21 15 22 15 14 17 21 17 11 22 23 17 18 ' ,'0 0 0 0 0 0 0 0 0 0 0 0 0 0 0 0 0 0 0 0 ' ,31 ,1 ,0, 0
108 ,91, 53, '15 28 46 39 16 39 23 32 33 19 13 28 42 15 9 29 18 38 12 13 ' ,'0 0 0 0 0 0 0 0 0 0 0 0 0 0 0 0 0 0 0 0 ' ,40 ,1 ,1, 1
136 ,93, 121, '47 16 19 88 14 35 13 17 93 14 41 14 18 22 14 47 19 21 70 18 ' ,'0 0 0 0 0 0 0 0 0 0 0 0 0 0 0 0 0 0 0 0 ' ,88 ,2 ,1, 0
487 ,126, 468, '269 402 176 373 380 169 376 103 216 426 186 397 185 369 427 195 331 202 377 370 ' ,'0 0 0 0 0 0 0 0 0 0 0 0 0 0 0 0 0 0 0 0 ' ,358 ,1 ,0, 0
276 ,480, 205, '147 25 15 36 72 55 46 69 151 33 56 133 13 198 159 18 39 35 148 185 ' ,'0 0 0 0 0 0 0 0 0 0 0 0 0 0 0 0 0 0 0 0 ' ,169 ,1 ,1, 0
73 ,264, 44, '28 30 19 14 14 27 33 17 23 11 25 26 17 18 15 24 24 22 40 18 ' ,'0 0 0 0 0 0 0 0 0 0 0 0 0 0 0 0 0 0 0 0 ' ,26 ,1 ,1, 1
108 ,65, 66, '31 23 18 16 37 18 19 54 34 19 19 24 62 26 19 14 23 60 32 8 ' ,'0 0 0 0 0 0 0 0 0 0 0 0 0 0 0 0 0 0 0 0 ' ,40 ,1 ,1, 0
86 ,98, 67, '57 16 18 15 18 50 11 9 48 22 52 11 14 27 40 58 22 29 47 30 ' ,'0 0 0 0 0 0 0 0 0 0 0 0 0 0 0 0 0 0 0 0 ' ,34 ,1 ,0, 0
85 ,76, 47, '18 26 26 12 25 13 14 15 10 15 9 15 24 13 31 16 37 16 8 14 ' ,'0 0 0 0 0 0 0 0 0 0 0 0 0 0 0 0 0 0 0 0 ' ,33 ,0 ,1, 1
114 ,79, 55, '20 43 21 23 30 21 18 14 20 18 31 39 13 39 30 26 43 20 24 21 ' ,'0 0 0 0 0 0 0 0 0 0 0 0 0 0 0 0 0 0 0 0 ' ,31 ,1 ,0, 0
132 ,84, 98, '12 69 22 32 19 15 69 14 13 21 19 64 16 18 15 13 54 20 15 26 ' ,'0 0 0 0 0 0 0 0 0 0 0 0 0 0 0 0 0 0 0 0 ' ,66 ,1 ,1, 1
85 ,119, 47, '19 14 18 15 22 19 21 40 16 11 29 28 40 12 20 18 15 39 14 15 ' ,'0 0 0 0 0 0 0 0 0 0 0 0 0 0 0 0 0 0 0 0 ' ,40 ,1 ,0, 0
74 ,77, 49, '41 35 17 37 38 26 23 17 15 23 39 13 18 39 30 51 15 18 31 18 ' ,'0 0 0 0 0 0 0 0 0 0 0 0 0 0 0 0 0 0 0 0 ' ,29 ,0 ,1, 1
84 ,74, 54, '29 28 18 19 27 14 14 8 14 16 17 20 15 16 14 30 15 15 12 19 ' ,'0 0 0 0 0 0 0 0 0 0 0 0 0 0 0 0 0 0 0 0 ' ,40 ,1 ,0, 0
83 ,74, 43, '11 28 21 14 12 35 14 19 18 30 22 24 21 26 14 19 18 13 10 17 ' ,'0 0 0 0 0 0 0 0 0 0 0 0 0 0 0 0 0 0 0 0 ' ,35 ,0 ,1, 1
182 ,69, 126, '16 48 23 28 19 14 16 16 31 19 29 20 16 15 41 17 13 16 30 36 ' ,'0 0 0 0 0 0 0 0 0 0 0 0 0 0 0 0 0 0 0 0 ' ,116 ,1 ,0, 0
112 ,169, 75, '41 18 58 18 24 38 39 61 21 16 14 31 58 22 24 36 21 77 19 23 ' ,'0 0 0 0 0 0 0 0 0 0 0 0 0 0 0 0 0 0 0 0 ' ,39 ,1 ,1, 0
93 ,101, 69, '45 23 17 20 29 36 12 16 18 14 34 18 15 17 18 35 20 13 18 17 ' ,'0 0 0 0 0 0 0 0 0 0 0 0 0 0 0 0 0 0 0 0 ' ,47 ,13 ,1, 1
168 ,170, 147, '11 17 19 23 15 18 14 16 50 20 26 27 16 10 14 22 18 16 34 103 ' ,'0 0 0 0 0 0 0 0 0 0 0 0 0 0 0 0 0 0 0 0 ' ,122 ,1 ,1, 0
83 ,159, 57, '18 36 16 20 23 15 17 17 31 30 24 43 17 21 26 13 24 18 41 43 ' ,'0 0 0 0 0 0 0 0 0 0 0 0 0 0 0 0 0 0 0 0 ' ,15 ,1 ,1, 0
337 ,76, 312, '160 177 79 218 147 59 127 79 165 139 131 171 70 92 157 62 148 175 293 71 ' ,'0 0 0 0 0 0 0 0 0 0 0 0 0 0 0 0 0 0 232253 0 ' ,22 ,1 ,1, 1
153 ,330, 110, '33 14 105 18 20 21 24 102 36 26 31 22 12 39 30 23 39 102 21 34 ' ,'0 0 0 0 0 0 0 0 0 0 0 0 0 0 0 0 0 0 0 0 ' ,93 ,1 ,1, 0
359 ,147, 300, '89 14 17 36 37 296 14 10 29 16 96 26 15 15 53 54 14 19 31 38 ' ,'0 0 0 0 0 0 0 0 0 0 0 0 0 0 0 0 0 0 0 0 ' ,267 ,0 ,1, 0
93 ,404, 68, '14 14 28 27 27 16 11 18 43 36 17 27 19 18 16 20 29 17 24 17 ' ,'0 0 0 0 0 0 0 0 0 0 0 0 0 0 0 0 0 0 0 0 ' ,40 ,0 ,0, 0
99 ,88, 54, '44 15 22 21 12 21 15 24 34 27 49 15 10 15 15 38 10 16 19 12 ' ,'0 0 0 0 0 0 0 0 0 0 0 0 0 0 0 0 0 0 0 0 ' ,40 ,1 ,1, 1
342 ,86, 298, '35 217 16 15 19 20 224 18 9 23 10 233 14 18 12 29 285 16 17 38 ' ,'0 0 0 0 0 0 0 0 0 0 0 0 0 0 0 0 0 0 0 0 ' ,292 ,1 ,1, 1
148 ,333, 107, '41 37 115 21 13 15 15 111 10 15 32 14 17 16 15 15 26 112 16 26 ' ,'0 0 0 0 0 0 0 0 0 0 0 0 0 0 0 0 0 0 0 0 ' ,103 ,1 ,0, 0
221 ,142, 111, '63 17 17 18 23 41 19 15 14 15 42 18 15 45 14 61 21 15 15 51 ' ,'0 0 0 0 0 0 0 0 0 0 0 0 0 0 0 0 0 0 0 0 ' ,23 ,1 ,1, 0
167 ,192, 70, '17 13 17 12 14 17 37 12 24 24 15 12 11 16 21 29 19 16 24 20 ' ,'0 0 0 0 0 0 0 0 0 0 0 0 0 0 0 0 0 0 0 0 ' ,38 ,1 ,0, 0
75 ,123, 45, '19 25 11 25 29 30 10 12 31 27 22 24 16 29 33 22 15 14 30 16 ' ,'0 0 0 0 0 0 0 0 0 0 0 0 0 0 0 0 0 0 0 0 ' ,44 ,1 ,2, 2
131 ,69, 99, '45 66 12 27 16 14 65 25 26 38 24 18 15 15 16 11 64 26 30 32 ' ,'0 0 0 0 0 0 0 0 0 0 0 0 0 0 0 0 0 0 0 0 ' ,80 ,1 ,0, 0
90 ,118, 73, '20 51 22 14 16 20 35 39 16 15 37 44 27 20 16 56 23 27 15 37 ' ,'0 0 0 0 0 0 0 0 0 0 0 0 0 0 0 0 0 0 0 0 ' ,40 ,1 ,1, 1
109 ,85, 72, '47 33 19 19 25 55 15 21 42 38 45 12 32 28 16 51 22 20 31 23 ' ,'0 0 0 0 0 0 0 0 0 0 0 0 0 0 0 0 0 0 0 0 ' ,43 ,1 ,0, 0
84 ,102, 59, '30 15 22 25 42 15 18 17 38 25 23 21 17 11 16 30 18 15 31 28 ' ,'0 0 0 0 0 0 0 0 0 0 0 0 0 0 0 0 0 0 0 0 ' ,17 ,1 ,0, 0
97 ,76, 74, '33 17 13 23 49 12 16 14 18 24 33 19 12 41 21 34 30 8 13 35 ' ,'0 0 0 0 0 0 0 0 0 0 0 0 0 0 0 0 0 0 0 0 ' ,45 ,0 ,1, 0
109 ,91, 85, '28 20 19 17 70 16 52 20 28 38 20 51 27 17 35 21 10 19 14 36 ' ,'0 0 0 0 0 0 0 0 0 0 0 0 0 0 0 0 0 0 0 0 ' ,61 ,0 ,1, 0
124 ,99, 88, '25 88 33 16 39 75 16 33 38 23 35 35 12 32 27 15 56 33 45 64 ' ,'0 0 0 0 0 0 0 0 0 0 0 0 0 0 0 0 0 0 0 0 ' ,57 ,0 ,0, 0
82 ,115, 30, '37 15 23 21 18 37 16 11 26 23 44 15 14 36 15 40 20 13 15 21 ' ,'0 0 0 0 0 0 0 0 0 0 0 0 0 0 0 0 0 0 0 0 ' ,38 ,0 ,1, 1
116 ,70, 70, '20 19 18 11 16 27 30 16 54 11 11 15 18 26 19 13 11 16 26 19 ' ,'0 0 0 0 0 0 0 0 0 0 0 0 0 0 0 0 0 0 0 0 ' ,69 ,0 ,0, 0
82 ,94, 39, '40 27 23 19 20 13 26 22 22 22 23 20 18 21 30 17 33 16 23 20 ' ,'0 0 0 0 0 0 0 0 0 0 0 0 0 0 0 0 0 0 0 0 ' ,22 ,0 ,0, 0
99 ,82, 58, '14 17 13 15 52 9 40 20 17 34 16 41 18 25 23 18 60 16 19 58 ' ,'0 0 0 0 0 0 0 0 0 0 0 0 0 0 0 0 0 0 0 0 ' ,44 ,1 ,1, 1
82 ,92, 38, '21 18 19 16 26 9 19 30 23 28 17 12 30 16 13 20 30 30 17 17 ' ,'0 0 0 0 0 0 0 0 0 0 0 0 0 0 0 0 0 0 0 0 ' ,35 ,0 ,0, 0
105 ,75, 75, '22 37 17 38 31 39 20 13 21 41 12 10 19 24 36 16 23 16 23 27 ' ,'0 0 0 0 0 0 0 0 0 0 0 0 0 0 0 0 0 0 0 0 ' ,50 ,0 ,0, 0
95 ,116, 60, '34 13 22 25 17 21 20 15 23 18 16 18 17 18 28 34 33 19 30 18 ' ,'0 0 0 0 0 0 0 0 0 0 0 0 0 0 0 0 0 0 0 0 ' ,33 ,0 ,0, 0
131 ,91, 70, '16 23 24 21 36 13 51 16 32 35 27 15 19 30 21 25 14 21 26 31 ' ,'0 0 0 0 0 0 0 0 0 0 0 0 0 0 0 0 0 0 0 0 ' ,45 ,1 ,0, 0
86 ,96, 61, '35 17 19 20 49 35 14 15 16 42 17 12 18 14 53 33 9 25 19 45 ' ,'0 0 0 0 0 0 0 0 0 0 0 0 0 0 0 0 0 0 0 0 ' ,46 ,0 ,0, 0
179 ,86, 120, '20 18 35 19 18 28 19 30 41 56 30 31 27 26 56 40 24 30 14 15 ' ,'0 0 0 0 0 0 0 0 0 0 0 0 0 0 0 0 0 0 0 0 ' ,96 ,1 ,0, 0
70 ,125, 49, '41 16 19 23 28 18 28 18 25 36 13 32 15 24 31 29 21 12 28 34 ' ,'0 0 0 0 0 0 0 0 0 0 0 0 0 0 0 0 0 0 0 0 ' ,28 ,0 ,2, 1
63 ,167, 27, '19 37 26 18 9 16 13 14 8 28 15 20 13 8 16 41 25 21 17 14 ' ,'0 0 0 0 0 0 0 0 0 0 0 0 0 0 0 0 0 0 0 0 ' ,35 ,1 ,0, 0
70 ,63, 35, '13 31 17 23 8 12 9 15 8 27 30 20 19 11 16 34 11 7 23 14 ' ,'0 0 0 0 0 0 0 0 0 0 0 0 0 0 0 0 0 0 0 0 ' ,31 ,1 ,1, 0
78 ,69, 50, '7 12 7 12 34 8 8 10 13 33 8 8 8 29 35 14 12 8 7 36 ' ,'0 0 0 0 0 0 0 0 0 0 0 0 0 0 0 0 0 0 0 0 ' ,34 ,1 ,1, 0
78 ,73, 35, '8 8 13 20 7 19 9 11 8 14 14 8 9 16 9 15 19 8 7 9 ' ,'0 0 0 0 0 0 0 0 0 0 0 0 0 0 0 0 0 0 0 0 ' ,20 ,1 ,0, 0
68 ,47, 20, '21 8 12 15 6 9 8 7 11 8 12 7 9 14 7 20 18 8 7 14 ' ,'0 0 0 0 0 0 0 0 0 0 0 0 0 0 0 0 0 0 0 0 ' ,16 ,3 ,0, 0
101 ,220, 66, '10 15 16 30 7 9 9 11 7 8 17 8 9 6 6 15 6 9 9 6 ' ,'0 0 0 0 0 0 0 0 0 0 0 0 0 0 0 0 0 0 0 0 ' ,22 ,1 ,0, 0
65 ,95, 50, '10 12 13 10 11 11 6 10 9 16 7 8 10 9 9 10 7 13 13 14 ' ,'0 0 0 0 0 0 0 0 0 0 0 0 0 0 0 0 0 0 0 0 ' ,35 ,1 ,1, 0
75 ,57, 27, '9 12 8 22 21 11 6 12 8 33 9 14 11 15 19 10 8 10 16 24 ' ,'0 0 0 0 0 0 0 0 0 0 0 0 0 0 0 0 0 0 0 0 ' ,38 ,1 ,1, 0
97 ,66, 51, '23 14 8 14 33 12 19 10 6 9 11 7 9 9 17 22 26 9 15 10 ' ,'0 0 0 0 0 0 0 0 0 0 0 0 0 0 0 0 0 0 0 0 ' ,56 ,1 ,0, 0
70 ,248, 38, '9 9 13 12 6 8 7 10 6 8 15 7 10 10 8 16 9 11 7 13 ' ,'0 0 0 0 0 0 0 0 0 0 0 0 0 0 0 0 0 0 0 0 ' ,39 ,1 ,0, 0
70 ,70, 34, '6 8 8 10 6 7 9 16 17 7 8 7 12 9 7 8 6 7 23 7 ' ,'0 0 0 0 0 0 0 0 0 0 0 0 0 0 0 0 0 0 0 0 ' ,28 ,1 ,1, 0
68 ,58, 29, '21 9 11 25 11 18 8 14 18 12 11 14 10 22 7 12 15 7 15 14 ' ,'0 0 0 0 0 0 0 0 0 0 0 0 0 0 0 0 0 0 0 0 ' ,6 ,0 ,0, 0
108 ,50, 77, '20 15 10 24 47 24 6 12 13 19 13 8 8 12 15 19 9 8 15 12 ' ,'0 0 0 0 0 0 0 0 0 0 0 0 0 0 0 0 0 0 0 0 ' ,25 ,1 ,1, 0
67 ,98, 37, '22 8 20 11 26 9 9 11 9 12 10 6 11 6 7 20 7 12 7 18 ' ,'0 0 0 0 0 0 0 0 0 0 0 0 0 0 0 0 0 0 0 0 ' ,17 ,1 ,0, 0
69 ,59, 33, '13 13 10 12 7 8 22 9 13 9 9 16 9 18 7 24 14 8 17 20 ' ,'0 0 0 0 0 0 0 0 0 0 0 0 0 0 0 0 0 0 0 0 ' ,21 ,1 ,0, 0
82 ,62, 25, '15 9 13 14 11 29 10 10 10 12 24 14 8 15 11 17 22 12 10 13 ' ,'0 0 0 0 0 0 0 0 0 0 0 0 0 0 0 0 0 0 0 0 ' ,30 ,1 ,0, 0
84 ,75, 51, '18 7 12 9 8 16 7 8 8 12 15 13 6 8 8 14 9 5 10 8 ' ,'0 0 0 0 0 0 0 0 0 0 0 0 0 0 0 0 0 0 0 0 ' ,31 ,0 ,0, 0
176 ,76, 162, '14 8 15 7 18 7 8 12 11 115 13 12 12 13 20 16 7 17 7 14 ' ,'0 0 0 0 0 0 0 0 0 0 0 0 0 0 0 0 0 0 0 0 ' ,107 ,1 ,31, 0
69 ,168, 19, '15 8 16 13 7 15 7 12 15 16 12 12 14 12 12 17 9 12 11 16 ' ,'0 0 0 0 0 0 0 0 0 0 0 0 0 0 0 0 0 0 0 0 ' ,32 ,1 ,1, 1
65 ,61, 19, '20 18 9 10 9 6 9 9 12 6 6 7 9 18 8 9 23 8 21 12 ' ,'0 0 0 0 0 0 0 0 0 0 0 0 0 0 0 0 0 0 0 0 ' ,17 ,1 ,0, 0
94 ,58, 77, '26 13 8 9 10 26 6 12 7 21 18 27 6 6 7 29 7 7 14 11 ' ,'0 0 0 0 0 0 0 0 0 0 0 0 0 0 0 0 0 0 0 0 ' ,39 ,0 ,3, 0
92 ,86, 59, '29 7 12 11 31 11 6 7 7 8 16 6 8 14 24 36 8 13 43 19 ' ,'0 0 0 0 0 0 0 0 0 0 0 0 0 0 0 0 0 0 0 0 ' ,48 ,1 ,1, 0
104 ,82, 62, '8 8 11 34 55 7 8 16 6 44 7 13 13 29 6 10 7 11 11 27 ' ,'0 0 0 0 0 0 0 0 0 0 0 0 0 0 0 0 0 0 0 0 ' ,41 ,1 ,1, 0
91 ,97, 57, '12 10 13 10 14 16 7 8 9 6 14 8 13 13 6 11 7 9 10 7 ' ,'0 0 0 0 0 0 0 0 0 0 0 0 0 0 0 0 0 0 0 0 ' ,19 ,1 ,0, 0
68 ,76, 36, '10 7 8 14 10 20 6 11 9 14 25 8 7 13 21 21 9 6 5 15 ' ,'0 0 0 0 0 0 0 0 0 0 0 0 0 0 0 0 0 0 0 0 ' ,32 ,1 ,0, 0
62 ,60, 30, '22 10 8 7 20 8 8 7 7 11 9 9 8 18 7 9 7 8 6 14 ' ,'0 0 0 0 0 0 0 0 0 0 0 0 0 0 0 0 0 0 0 0 ' ,31 ,1 ,1, 0
69 ,55, 27, '19 18 9 8 15 11 8 8 12 8 9 7 7 13 7 12 20 8 21 8 ' ,'0 0 0 0 0 0 0 0 0 0 0 0 0 0 0 0 0 0 0 0 ' ,30 ,1 ,1, 0
87 ,58, 53, '8 7 12 14 36 7 9 7 6 40 12 7 10 14 40 33 6 10 8 47 ' ,'0 0 0 0 0 0 0 0 0 0 0 0 0 0 0 0 0 0 0 0 ' ,40 ,1 ,0, 0
62 ,81, 18, '11 9 13 16 7 9 7 12 9 15 22 7 11 10 6 21 17 11 9 10 ' ,'0 0 0 0 0 0 0 0 0 0 0 0 0 0 0 0 0 0 0 0 ' ,23 ,1 ,1, 0
72 ,50, 43, '21 11 14 30 22 14 12 13 9 20 10 12 9 11 21 10 10 16 19 12 ' ,'0 0 0 0 0 0 0 0 0 0 0 0 0 0 0 0 0 0 0 0 ' ,17 ,0 ,0, 0
92 ,59, 64, '8 7 9 30 30 6 19 12 23 6 7 8 12 25 11 27 7 14 7 14 ' ,'0 0 0 0 0 0 0 0 0 0 0 0 0 0 0 0 0 0 0 0 ' ,25 ,1 ,0, 0
82 ,85, 25, '13 13 12 22 13 11 9 10 9 14 10 11 17 11 9 35 17 11 15 12 ' ,'0 0 0 0 0 0 0 0 0 0 0 0 0 0 0 0 0 0 0 0 ' ,42 ,1 ,1, 0
84 ,76, 38, '22 13 13 21 27 9 27 11 8 21 20 18 12 11 24 13 11 9 8 28 ' ,'0 0 0 0 0 0 0 0 0 0 0 0 0 0 0 0 0 0 0 0 ' ,29 ,1 ,0, 0
94 ,76, 54, '27 20 13 7 7 7 7 9 19 7 8 16 9 14 23 13 12 8 22 6 ' ,'0 0 0 0 0 0 0 0 0 0 0 0 0 0 0 0 0 0 0 0 ' ,59 ,1 ,1, 0
93 ,90, 32, '15 7 12 8 6 9 9 7 13 8 7 7 7 9 7 29 7 7 13 13 ' ,'0 0 0 0 0 0 0 0 0 0 0 0 0 0 0 0 0 0 0 0 ' ,32 ,1 ,1, 1
87 ,79, 65, '10 21 14 11 13 7 7 8 16 7 6 10 9 14 6 31 16 10 14 29 ' ,'0 0 0 0 0 0 0 0 0 0 0 0 0 0 0 0 0 0 0 0 ' ,34 ,1 ,1, 0
91 ,78, 30, '23 12 13 10 11 6 6 8 5 6 6 11 6 32 12 12 6 8 15 10 ' ,'0 0 0 0 0 0 0 0 0 0 0 0 0 0 0 0 0 0 0 0 ' ,16 ,1 ,1, 1
74 ,84, 59, '13 30 11 13 43 9 7 7 9 13 10 7 10 11 15 16 7 7 11 24 ' ,'0 0 0 0 0 0 0 0 0 0 0 0 0 0 0 0 0 0 0 0 ' ,35 ,1 ,1, 1
99 ,65, 32, '8 11 11 12 6 16 10 9 8 7 11 6 10 7 7 14 11 8 8 14 ' ,'0 0 0 0 0 0 0 0 0 0 0 0 0 0 0 0 0 0 0 0 ' ,17 ,1 ,0, 0
78 ,94, 47, '19 11 11 10 11 10 19 13 8 9 9 7 12 10 10 11 8 12 6 9 ' ,'0 0 0 0 0 0 0 0 0 0 0 0 0 0 0 0 0 0 0 0 ' ,32 ,1 ,0, 0
87 ,64, 40, '8 18 12 7 7 11 8 5 14 8 24 9 8 10 5 26 7 7 12 10 ' ,'0 0 0 0 0 0 0 0 0 0 0 0 0 0 0 0 0 0 0 0 ' ,30 ,1 ,1, 0
69 ,76, 40, '19 16 12 33 14 8 12 9 13 6 11 6 6 21 6 21 7 10 24 12 ' ,'0 0 0 0 0 0 0 0 0 0 0 0 0 0 0 0 0 0 0 0 ' ,14 ,1 ,0, 0
98 ,59, 48, '11 7 21 8 40 5 6 13 21 31 10 5 12 15 33 6 17 12 12 42 ' ,'0 0 0 0 0 0 0 0 0 0 0 0 0 0 0 0 0 0 0 0 ' ,33 ,1 ,1, 0
61 ,67, 24, '12 13 12 13 17 8 7 7 8 6 7 7 8 12 7 14 14 6 7 11 ' ,'0 0 0 0 0 0 0 0 0 0 0 0 0 0 0 0 0 0 0 0 ' ,27 ,1 ,0, 0
74 ,55, 22, '9 9 9 9 7 11 6 7 17 6 9 18 6 10 7 18 16 9 7 9 ' ,'0 0 0 0 0 0 0 0 0 0 0 0 0 0 0 0 0 0 0 0 ' ,31 ,1 ,2, 2
76 ,59, 53, '17 9 8 5 8 8 10 10 13 7 7 7 11 25 8 7 10 12 7 8 ' ,'0 0 0 0 0 0 0 0 0 0 0 0 0 0 0 0 0 0 0 0 ' ,36 ,1 ,1, 0
77 ,72, 52, '7 13 12 9 10 12 8 12 8 10 7 8 7 8 7 22 12 9 7 6 ' ,'0 0 0 0 0 0 0 0 0 0 0 0 0 0 0 0 0 0 0 0 ' ,34 ,1 ,0, 0
111 ,63, 70, '9 9 10 13 8 6 7 6 9 7 8 7 20 8 8 23 9 6 12 16 ' ,'0 0 0 0 0 0 0 0 0 0 0 0 0 0 0 0 0 0 0 0 ' ,55 ,1 ,0, 0
61 ,104, 40, '14 11 7 15 18 12 6 9 14 7 10 7 6 13 6 12 5 10 8 16 ' ,'0 0 0 0 0 0 0 0 0 0 0 0 0 0 0 0 0 0 0 0 ' ,25 ,1 ,0, 0
107 ,54, 55, '18 15 21 21 25 34 13 18 16 11 17 29 16 21 18 19 21 24 26 55 ' ,'0 0 0 0 0 0 0 0 0 0 0 0 0 0 0 0 0 0 0 0 ' ,48 ,1 ,1, 0
247 ,98, 126, '13 13 14 49 13 16 23 22 54 18 24 18 20 68 15 25 28 20 72 22 ' ,'0 0 0 0 0 0 0 0 0 0 0 0 0 0 0 0 0 0 0 0 ' ,42 ,1 ,0, 0
105 ,237, 44, '20 26 23 35 18 30 16 15 16 16 16 23 11 17 14 26 34 10 23 17 ' ,'0 0 0 0 0 0 0 0 0 0 0 0 0 0 0 0 0 0 0 0 ' ,36 ,1 ,1, 0
147 ,93, 105, '20 15 18 25 38 19 20 18 27 29 31 15 23 18 20 23 27 17 30 19 ' ,'0 0 0 0 0 0 0 0 0 0 0 0 0 0 0 0 0 0 0 0 ' ,46 ,1 ,67, 0
101 ,139, 52, '38 20 19 38 18 25 29 17 27 17 22 14 17 19 16 14 22 17 31 26 ' ,'0 0 0 0 0 0 0 0 0 0 0 0 0 0 0 0 0 0 0 0 ' ,51 ,1 ,1, 0
91 ,90, 64, '37 23 16 20 19 20 18 24 10 31 17 20 20 30 25 23 14 20 19 39 ' ,'0 0 0 0 0 0 0 0 0 0 0 0 0 0 0 0 0 0 0 0 ' ,26 ,1 ,0, 0
87 ,82, 62, '21 46 31 20 18 19 12 15 37 15 21 15 11 26 24 37 14 19 15 19 ' ,'0 0 0 0 0 0 0 0 0 0 0 0 0 0 0 0 0 0 0 0 ' ,41 ,1 ,0, 0
90 ,80, 65, '37 40 23 19 20 24 15 18 18 36 16 32 22 31 21 17 18 22 23 16 ' ,'0 0 0 0 0 0 0 0 0 0 0 0 0 0 0 0 0 0 0 0 ' ,26 ,1 ,1, 0
87 ,82, 50, '16 38 33 18 28 26 16 20 17 16 22 17 22 17 16 39 17 16 25 20 ' ,'0 0 0 0 0 0 0 0 0 0 0 0 0 0 0 0 0 0 0 0 ' ,25 ,0 ,0, 0
78 ,129, 50, '17 16 25 25 19 16 13 14 48 22 24 24 15 28 23 20 15 23 34 31 ' ,'0 0 0 0 0 0 0 0 0 0 0 0 0 0 0 0 0 0 0 0 ' ,16 ,0 ,1, 0
74 ,71, 48, '13 24 22 15 30 28 16 18 17 27 24 21 17 27 9 16 34 18 33 34 ' ,'0 0 0 0 0 0 0 0 0 0 0 0 0 0 0 0 0 0 0 0 ' ,11 ,1 ,0, 0
110 ,62, 73, '15 21 27 63 30 15 18 18 59 31 29 23 24 69 17 24 19 20 44 21 ' ,'0 0 0 0 0 0 0 0 0 0 0 0 0 0 0 0 0 0 0 0 ' ,50 ,1 ,0, 0
75 ,102, 52, '32 11 12 37 29 18 16 17 7 35 15 38 16 39 15 34 23 18 27 14 ' ,'0 0 0 0 0 0 0 0 0 0 0 0 0 0 0 0 0 0 0 0 ' ,32 ,1 ,0, 0
118 ,67, 74, '21 35 18 17 16 15 32 12 20 16 27 32 17 19 28 30 12 16 15 28 ' ,'0 0 0 0 0 0 0 0 0 0 0 0 0 0 0 0 0 0 0 0 ' ,54 ,1 ,4, 0
74 ,110, 54, '34 25 21 19 19 28 9 18 26 16 11 26 16 15 34 25 28 20 28 19 ' ,'0 0 0 0 0 0 0 0 0 0 0 0 0 0 0 0 0 0 0 0 ' ,36 ,1 ,1, 0
93 ,68, 66, '29 21 38 28 25 24 27 24 14 42 19 12 29 21 39 22 27 36 23 20 ' ,'0 0 0 0 0 0 0 0 0 0 0 0 0 0 0 0 0 0 0 0 ' ,33 ,1 ,1, 0
114 ,79, 93, '35 35 23 13 47 38 10 12 39 26 39 23 17 25 11 18 13 17 35 22 ' ,'0 0 0 0 0 0 0 0 0 0 0 0 0 0 0 0 0 0 0 0 ' ,53 ,1 ,1, 1
117 ,112, 95, '28 14 19 50 30 21 14 31 14 40 33 16 20 31 49 20 25 32 19 11 ' ,'0 0 0 0 0 0 0 0 0 0 0 0 0 0 0 0 0 0 0 0 ' ,72 ,1 ,1, 0
198 ,111, 57, '18 10 17 27 20 13 10 20 32 13 15 15 18 33 13 16 14 19 39 14 ' ,'0 0 0 0 0 0 0 0 0 0 0 0 0 0 0 0 0 0 0 0 ' ,33 ,0 ,1, 1
162 ,184, 141, '9 25 20 15 53 31 22 15 17 43 9 11 29 18 25 14 11 21 29 52 ' ,'0 0 0 0 0 0 0 0 0 0 0 0 0 0 0 0 0 0 0 0 ' ,122 ,0 ,0, 0
97 ,158, 77, '18 30 38 16 20 36 27 39 14 31 25 10 37 22 10 16 34 47 18 13 ' ,'0 0 0 0 0 0 0 0 0 0 0 0 0 0 0 0 0 0 0 0 ' ,23 ,1 ,1, 0
278 ,91, 222, '27 31 13 133 28 20 13 18 100 19 13 23 18 68 13 16 8 21 78 23 ' ,'0 0 0 0 0 0 0 0 0 0 0 0 0 0 0 0 0 0 0 0 ' ,174 ,1 ,1, 0
190 ,244, 72, '22 13 15 25 19 15 17 18 27 28 16 15 11 23 13 14 13 12 30 11 ' ,'0 0 0 0 0 0 0 0 0 0 0 0 0 0 0 0 0 0 0 0 ' ,46 ,1 ,0, 0
72 ,102, 56, '16 14 15 20 19 32 18 15 23 14 17 14 15 30 37 29 26 11 22 35 ' ,'0 0 0 0 0 0 0 0 0 0 0 0 0 0 0 0 0 0 0 0 ' ,23 ,0 ,0, 0
65 ,66, 45, '11 13 20 40 30 13 10 15 31 10 10 17 14 26 16 29 11 17 33 16 ' ,'0 0 0 0 0 0 0 0 0 0 0 0 0 0 0 0 0 0 0 0 ' ,22 ,0 ,0, 0
74 ,58, 42, '12 14 52 12 8 7 14 35 12 13 18 15 37 31 18 28 23 33 7 28 ' ,'0 0 0 0 0 0 0 0 0 0 0 0 0 0 0 0 0 0 0 0 ' ,35 ,0 ,1, 0
69 ,71, 52, '14 23 11 52 10 11 11 14 21 13 16 13 12 23 27 12 24 12 15 35 ' ,'0 0 0 0 0 0 0 0 0 0 0 0 0 0 0 0 0 0 0 0 ' ,39 ,1 ,1, 0
92 ,66, 60, '9 11 17 15 8 13 16 9 27 15 13 15 14 13 10 12 24 15 19 13 ' ,'0 0 0 0 0 0 0 0 0 0 0 0 0 0 0 0 0 0 0 0 ' ,37 ,0 ,0, 0
83 ,81, 48, '7 24 21 17 11 20 16 9 10 18 11 17 18 41 14 17 21 13 24 16 ' ,'0 0 0 0 0 0 0 0 0 0 0 0 0 0 0 0 0 0 0 0 ' ,26 ,1 ,1, 0
113 ,67, 77, '17 68 16 13 23 11 53 8 25 18 24 51 11 22 13 9 53 13 11 24 ' ,'0 0 0 0 0 0 0 0 0 0 0 0 0 0 0 0 0 0 0 0 ' ,75 ,1 ,1, 0
222 ,105, 159, '13 6 13 14 13 21 15 152 14 10 27 16 148 13 20 36 14 100 13 15 ' ,'0 0 0 0 0 0 0 0 0 0 0 0 0 0 0 0 0 0 0 0 ' ,162 ,1 ,0, 0
91 ,230, 60, '9 12 23 29 19 23 15 13 38 12 13 24 18 18 20 17 25 17 51 19 ' ,'0 0 0 0 0 0 0 0 0 0 0 0 0 0 0 0 0 0 0 0 ' ,49 ,0 ,0, 0
72 ,84, 52, '13 13 18 27 20 15 20 16 17 26 15 10 13 13 9 18 28 16 23 33 ' ,'0 0 0 0 0 0 0 0 0 0 0 0 0 0 0 0 0 0 0 0 ' ,38 ,1 ,0, 0
98 ,92, 50, '25 27 14 27 20 25 12 19 14 21 15 12 15 23 21 17 10 14 30 34 ' ,'0 0 0 0 0 0 0 0 0 0 0 0 0 0 0 0 0 0 0 0 ' ,20 ,0 ,1, 1
115 ,82, 86, '10 68 17 29 10 9 66 13 14 22 13 67 14 19 26 13 64 18 28 13 ' ,'0 0 0 0 0 0 0 0 0 0 0 0 0 0 0 0 0 0 0 0 ' ,53 ,1 ,0, 0
113 ,110, 74, '10 8 82 12 13 19 9 74 12 38 8 13 73 18 14 24 11 76 16 28 ' ,'0 0 0 0 0 0 0 0 0 0 0 0 0 0 0 0 0 0 0 0 ' ,74 ,1 ,1, 1
150 ,104, 125, '16 11 16 25 20 19 11 15 15 14 10 8 12 15 14 118 17 7 14 18 ' ,'0 0 0 0 0 0 0 0 0 0 0 0 0 0 0 0 0 0 0 0 ' ,99 ,1 ,0, 0
100 ,149, 51, '11 13 18 8 20 17 13 12 17 17 28 12 9 16 11 35 15 20 38 16 ' ,'0 0 0 0 0 0 0 0 0 0 0 0 0 0 0 0 0 0 0 0 ' ,57 ,1 ,0, 0
96 ,92, 46, '23 13 14 17 10 12 12 14 23 12 31 11 11 17 11 35 15 13 12 20 ' ,'0 0 0 0 0 0 0 0 0 0 0 0 0 0 0 0 0 0 0 0 ' ,28 ,0 ,1, 0
148 ,87, 101, '14 91 14 16 13 12 75 15 24 10 10 89 15 15 7 15 83 13 17 13 ' ,'0 0 0 0 0 0 0 0 0 0 0 0 0 0 0 0 0 0 0 0 ' ,80 ,1 ,1, 1
92 ,126, 47, '16 12 39 23 22 13 18 18 14 14 25 14 13 25 9 21 9 15 13 18 ' ,'0 0 0 0 0 0 0 0 0 0 0 0 0 0 0 0 0 0 0 0 ' ,42 ,0 ,0, 0
243 ,82, 216, '94 15 16 27 29 94 14 15 22 27 99 26 12 25 29 98 13 16 21 34 ' ,'0 0 0 0 0 0 0 0 0 0 0 0 0 0 0 0 0 0 0 0 ' ,138 ,50 ,0, 0
113 ,235, 31, '34 15 14 17 15 13 8 13 15 15 26 13 9 16 15 23 15 14 18 12 ' ,'0 0 0 0 0 0 0 0 0 0 0 0 0 0 0 0 0 0 0 0 ' ,37 ,1 ,0, 0
114 ,165, 59, '13 8 19 13 14 21 11 16 12 15 15 9 15 23 25 17 6 19 29 28 ' ,'0 0 0 0 0 0 0 0 0 0 0 0 0 0 0 0 0 0 0 0 ' ,60 ,1 ,1, 0
95 ,109, 68, '14 34 25 16 19 15 25 9 10 13 14 25 12 32 13 14 17 14 25 11 ' ,'0 0 0 0 0 0 0 0 0 0 0 0 0 0 0 0 0 0 0 0 ' ,23 ,1 ,1, 0
115 ,88, 71, '43 9 40 16 11 22 14 44 13 22 13 71 38 13 12 20 13 42 13 18 ' ,'0 0 0 0 0 0 0 0 0 0 0 0 0 0 0 0 0 0 0 0 ' ,54 ,1 ,1, 1
141 ,108, 77, '31 12 15 29 24 40 11 13 35 17 37 15 11 25 11 34 16 13 10 19 ' ,'0 0 0 0 0 0 0 0 0 0 0 0 0 0 0 0 0 0 0 0 ' ,49 ,1 ,1, 0
116 ,245, 54, '29 33 18 19 44 14 23 19 12 18 39 17 15 16 16 18 30 11 11 9 ' ,'0 0 0 0 0 0 0 0 0 0 0 0 0 0 0 0 0 0 0 0 ' ,59 ,0 ,0, 0
65 ,108, 40, '24 19 16 25 12 17 20 16 14 15 35 22 16 10 27 33 16 17 11 30 ' ,'0 0 0 0 0 0 0 0 0 0 0 0 0 0 0 0 0 0 0 0 ' ,23 ,0 ,0, 0
91 ,57, 61, '26 18 25 24 39 15 54 24 21 14 14 42 17 17 33 26 21 16 35 35 ' ,'0 0 0 0 0 0 0 0 0 0 0 0 0 0 0 0 0 0 0 0 ' ,36 ,1 ,0, 0
105 ,82, 63, '18 23 14 19 11 27 33 54 29 23 31 27 57 11 13 20 13 16 30 14 ' ,'0 0 0 0 0 0 0 0 0 0 0 0 0 0 0 0 0 0 0 0 ' ,44 ,1 ,0, 0
71 ,98, 52, '46 17 15 14 27 43 10 10 36 16 40 23 15 29 9 50 16 15 15 30 ' ,'0 0 0 0 0 0 0 0 0 0 0 0 0 0 0 0 0 0 0 0 ' ,37 ,0 ,0, 0
72 ,64, 44, '11 13 20 17 18 13 14 20 21 17 9 13 18 14 29 36 16 19 18 31 ' ,'0 0 0 0 0 0 0 0 0 0 0 0 0 0 0 0 0 0 0 0 ' ,16 ,0 ,1, 1
108 ,185, 75, '15 11 13 21 18 22 11 16 13 14 15 12 12 17 18 13 13 14 17 23 ' ,'0 0 0 0 0 0 0 0 0 0 0 0 0 0 0 0 0 0 0 0 ' ,29 ,1 ,0, 0
101 ,93, 66, '16 31 16 8 17 21 31 11 14 22 14 37 13 28 21 21 41 9 26 16 ' ,'0 0 0 0 0 0 0 0 0 0 0 0 0 0 0 0 0 0 0 0 ' ,66 ,1 ,1, 0
150 ,95, 105, '17 22 71 18 13 21 20 75 17 11 16 33 73 31 9 23 18 66 10 33 ' ,'169561 0 0 0 0 0 0 0 0 0 0 0 0 0 0 0 0 0 0 0 ' ,77 ,1 ,0, 0
72 ,124, 54, '46 24 28 30 28 45 13 13 13 21 38 10 12 11 32 50 14 17 11 9 ' ,'0 0 0 0 0 0 0 0 0 0 0 0 0 0 0 0 0 0 0 0 ' ,40 ,1 ,0, 0
240 ,64, 215, '22 29 13 44 13 13 17 13 45 12 10 9 11 17 31 15 17 16 31 23 ' ,'0 0 0 0 0 0 180203 0 0 0 0 0 0 0 0 0 0 0 0 0 ' ,204 ,1 ,0, 0
173 ,234, 148, '16 16 22 16 43 10 14 15 23 17 14 13 11 16 21 15 11 8 25 15 ' ,'0 0 0 0 0 0 0 0 0 0 0 0 0 0 0 0 0 0 0 0 ' ,51 ,0 ,0, 0
238 ,161, 213, '34 30 12 33 19 13 12 13 15 18 13 19 17 21 8 25 27 18 32 22 ' ,'0 0 0 0 0 0 0 0 0 0 0 178579 0 0 0 0 0 0 0 0 ' ,197 ,1 ,0, 0
93 ,232, 74, '12 14 60 18 17 6 14 54 11 19 25 8 60 30 23 12 22 17 41 20 ' ,'0 0 0 0 0 0 0 0 0 0 0 0 0 0 0 0 0 0 0 0 ' ,40 ,1 ,0, 0
99 ,104, 63, '50 16 22 28 35 49 14 16 35 21 56 12 31 31 26 52 13 16 29 15 ' ,'0 0 0 0 0 0 0 0 0 0 0 0 0 0 0 0 0 0 0 0 ' ,40 ,1 ,1, 0
113 ,225, 22, '22 18 14 13 17 13 13 10 11 15 19 13 8 18 15 15 31 17 18 17 ' ,'0 0 0 0 0 0 0 0 0 0 0 0 0 0 0 0 0 0 0 0 ' ,22 ,0 ,1, 0
151 ,106, 119, '11 13 12 12 11 17 28 9 32 33 29 10 17 14 13 39 16 13 9 15 ' ,'0 0 0 0 0 0 0 0 0 0 0 0 0 0 0 0 0 0 0 0 ' ,101 ,1 ,1, 1
67 ,131, 50, '13 9 15 17 17 17 10 16 14 9 17 22 14 18 22 14 28 19 18 20 ' ,'0 0 0 0 0 0 0 0 0 0 0 0 0 0 0 0 0 0 0 0 ' ,25 ,0 ,0, 0
130 ,59, 81, '8 15 77 18 16 23 13 77 32 26 9 9 74 37 25 27 11 61 14 11 ' ,'0 0 0 0 0 0 0 0 0 0 0 0 0 0 0 0 0 0 0 0 ' ,77 ,1 ,1, 0
82 ,115, 60, '31 17 16 19 10 34 10 11 13 21 48 11 15 13 10 46 31 13 13 17 ' ,'0 0 0 0 0 0 0 0 0 0 0 0 0 0 0 0 0 0 0 0 ' ,23 ,1 ,3, 0
85 ,72, 41, '19 11 23 32 34 14 13 24 26 13 11 16 11 18 8 9 12 13 16 17 ' ,'0 0 0 0 0 0 0 0 0 0 0 0 0 0 0 0 0 0 0 0 ' ,44 ,1 ,0, 0
76 ,74, 62, '23 8 19 25 11 22 19 16 13 11 21 10 17 17 18 17 14 14 14 17 ' ,'0 0 0 0 0 0 0 0 0 0 0 0 0 0 0 0 0 0 0 0 ' ,21 ,1 ,1, 0
95 ,68, 45, '29 11 12 18 15 27 50 16 14 28 15 34 11 13 19 28 10 11 16 17 ' ,'0 0 0 0 0 0 0 0 0 0 0 0 0 0 0 0 0 0 0 0 ' ,52 ,1 ,0, 0
162 ,88, 135, '15 18 133 13 14 8 26 125 20 35 16 13 12 16 19 23 13 125 23 28 ' ,'0 0 0 0 0 0 0 0 0 0 0 0 0 0 0 0 0 0 0 0 ' ,73 ,0 ,0, 0
71 ,154, 51, '40 17 23 18 23 28 9 16 13 10 40 22 15 11 35 39 18 14 9 13 ' ,'0 0 0 0 0 0 0 0 0 0 0 0 0 0 0 0 0 0 0 0 ' ,33 ,1 ,0, 0
74 ,62, 42, '11 30 14 36 16 17 13 15 16 21 12 15 15 30 15 12 8 15 20 26 ' ,'0 0 0 0 0 0 0 0 0 0 0 0 0 0 0 0 0 0 0 0 ' ,40 ,0 ,0, 0
80 ,76, 42, '9 17 21 18 9 25 14 13 31 13 15 16 9 22 13 15 17 19 15 27 ' ,'0 0 0 0 0 0 0 0 0 0 0 0 0 0 0 0 0 0 0 0 ' ,33 ,1 ,0, 0
146 ,66, 66, '25 34 17 10 24 18 13 16 25 26 13 24 15 13 24 18 15 17 22 19 ' ,'0 0 0 0 0 0 0 0 0 0 0 0 0 0 0 0 0 0 0 0 ' ,41 ,0 ,0, 0
92 ,116, 67, '21 32 45 21 24 12 18 51 21 22 11 42 37 19 19 19 26 36 8 26 ' ,'0 0 0 0 0 0 0 0 0 0 0 0 0 0 0 0 0 0 0 0 ' ,41 ,1 ,0, 0
85 ,84, 58, '34 12 18 15 15 33 8 16 22 14 33 32 14 19 11 37 17 17 15 23 ' ,'0 0 0 0 0 0 0 0 0 0 0 0 0 0 0 0 0 0 0 0 ' ,25 ,0 ,0, 0
72 ,72, 51, '23 16 16 18 16 21 26 13 30 19 18 13 13 31 14 12 19 14 18 19 ' ,'0 0 0 0 0 0 0 0 0 0 0 0 0 0 0 0 0 0 0 0 ' ,24 ,1 ,0, 0
75 ,65, 50, '10 31 16 13 18 25 18 20 30 9 20 13 18 28 32 18 13 16 32 23 ' ,'0 0 0 0 0 0 0 0 0 0 0 0 0 0 0 0 0 0 0 0 ' ,15 ,1 ,0, 0
102 ,64, 86, '10 35 18 24 10 14 26 19 25 13 17 17 10 12 30 29 34 18 26 14 ' ,'0 0 0 0 0 0 0 0 0 0 0 0 0 0 0 0 0 0 0 0 ' ,48 ,0 ,1, 1
75 ,94, 45, '21 12 36 30 37 13 12 32 24 15 23 13 12 16 17 26 10 32 25 32 ' ,'0 0 0 0 0 0 0 0 0 0 0 0 0 0 0 0 0 0 0 0 ' ,36 ,1 ,0, 0
69 ,67, 36, '33 19 16 16 30 40 26 15 13 24 32 17 17 32 13 39 18 17 40 13 ' ,'0 0 0 0 0 0 0 0 0 0 0 0 0 0 0 0 0 0 0 0 ' ,28 ,1 ,1, 0
84 ,71, 67, '22 12 13 20 22 12 15 14 13 15 32 16 14 20 14 19 12 16 34 21 ' ,'0 0 0 0 0 0 0 0 0 0 0 0 0 0 0 0 0 0 0 0 ' ,11 ,0 ,1, 0
77 ,74, 58, '31 22 13 34 17 22 18 14 20 32 10 12 14 15 33 14 23 10 14 38 ' ,'0 0 0 0 0 0 0 0 0 0 0 0 0 0 0 0 0 0 0 0 ' ,32 ,1 ,0, 0
91 ,65, 62, '12 33 18 51 14 15 13 16 17 17 11 23 18 14 14 16 11 12 21 27 ' ,'0 0 0 0 0 0 0 0 0 0 0 0 0 0 0 0 0 0 0 0 ' ,22 ,0 ,0, 0
93 ,80, 58, '23 26 14 26 24 15 20 15 14 11 14 29 10 15 24 31 36 16 15 14 ' ,'0 0 0 0 0 0 0 0 0 0 0 0 0 0 0 0 0 0 0 0 ' ,50 ,1 ,1, 1
73 ,86, 57, '44 11 16 14 25 41 23 18 17 13 46 25 24 23 21 30 24 14 15 31 ' ,'0 0 0 0 0 0 0 0 0 0 0 0 0 0 0 0 0 0 0 0 ' ,30 ,0 ,1, 1
76 ,66, 63, '28 12 17 29 22 27 13 24 14 21 16 20 8 13 20 18 22 17 23 32 ' ,'0 0 0 0 0 0 0 0 0 0 0 0 0 0 0 0 0 0 0 0 ' ,32 ,1 ,1, 1
94 ,72, 39, '13 22 13 19 19 15 23 15 20 17 15 13 13 11 22 13 12 16 17 20 ' ,'0 0 0 0 0 0 0 0 0 0 0 0 0 0 0 0 0 0 0 0 ' ,47 ,1 ,1, 0
95 ,88, 73, '11 13 18 12 48 31 12 12 50 13 8 18 13 15 15 28 28 15 25 63 ' ,'0 0 0 0 0 0 0 0 0 0 0 0 0 0 0 0 0 0 0 0 ' ,46 ,1 ,1, 1
85 ,90, 45, '12 38 17 17 12 16 14 17 32 30 16 14 22 35 14 16 22 20 24 20 ' ,'0 0 0 0 0 0 0 0 0 0 0 0 0 0 0 0 0 0 0 0 ' ,19 ,1 ,0, 0
150 ,71, 86, '62 25 19 14 13 53 17 18 24 33 58 18 16 35 17 61 26 19 27 25 ' ,'0 0 0 0 0 0 0 0 0 0 0 0 0 0 0 0 0 0 0 0 ' ,66 ,1 ,1, 0
83 ,141, 44, '23 28 16 32 35 14 13 13 18 27 14 13 12 11 12 14 23 19 19 28 ' ,'0 0 0 0 0 0 0 0 0 0 0 0 0 0 0 0 0 0 0 0 ' ,19 ,1 ,1, 0
89 ,61, 55, '12 13 20 24 32 37 42 21 13 15 42 8 20 18 39 26 33 20 15 14 ' ,'0 0 0 0 0 0 0 0 0 0 0 0 0 0 0 0 0 0 0 0 ' ,23 ,1 ,1, 0
95 ,75, 71, '23 15 20 15 48 22 13 15 16 24 34 32 16 16 30 44 21 16 16 38 ' ,'0 0 0 0 0 0 0 0 0 0 0 0 0 0 0 0 0 0 0 0 ' ,40 ,1 ,0, 0
132 ,84, 91, '30 33 17 60 20 33 32 20 48 24 26 33 15 64 29 35 25 16 25 32 ' ,'0 0 0 0 0 0 0 0 0 0 0 0 0 0 0 0 0 0 0 0 ' ,65 ,1 ,0, 0
94 ,124, 75, '40 21 22 26 38 45 13 19 17 13 41 15 24 34 28 48 20 12 37 50 ' ,'0 0 0 0 0 0 0 0 0 0 0 0 0 0 0 0 0 0 0 0 ' ,38 ,1 ,0, 0
108 ,87, 75, '19 15 21 21 39 17 15 22 21 33 14 16 17 31 15 13 10 16 26 38 ' ,'0 0 0 0 0 0 0 0 0 0 0 0 0 0 0 0 0 0 0 0 ' ,47 ,1 ,1, 1
98 ,100, 70, '15 15 26 19 24 20 19 22 15 32 23 8 21 16 15 15 14 20 29 16 ' ,'0 0 0 0 0 0 0 0 0 0 0 0 0 0 0 0 0 0 0 0 ' ,35 ,1 ,0, 0
112 ,83, 74, '16 13 20 35 42 16 19 15 14 38 16 19 12 32 27 16 32 12 32 39 ' ,'0 0 0 0 0 0 0 0 0 0 0 0 0 0 0 0 0 0 0 0 ' ,45 ,1 ,1, 1
73 ,106, 34, '35 45 15 21 35 15 12 19 20 36 18 23 18 32 16 32 10 11 34 11 ' ,'0 0 0 0 0 0 0 0 0 0 0 0 0 0 0 0 0 0 0 0 ' ,8 ,0 ,0, 0
80 ,67, 58, '44 15 19 30 10 49 17 15 20 22 34 13 12 21 21 46 16 9 15 12 ' ,'0 0 0 0 0 0 0 0 0 0 0 0 0 0 0 0 0 0 0 0 ' ,31 ,1 ,0, 0
100 ,73, 67, '16 35 14 35 18 22 39 17 15 16 14 14 16 22 14 32 12 17 30 19 ' ,'0 0 0 0 0 0 0 0 0 0 0 0 0 0 0 0 0 0 0 0 ' ,23 ,0 ,0, 0
78 ,91, 49, '28 18 25 28 33 28 16 17 17 11 23 14 15 13 41 33 14 14 26 24 ' ,'0 0 0 0 0 0 0 0 0 0 0 0 0 0 0 0 0 0 0 0 ' ,21 ,0 ,1, 0
71 ,72, 38, '36 16 23 20 53 12 20 14 19 24 14 17 20 15 21 24 25 16 17 26 ' ,'0 0 0 0 0 0 0 0 0 0 0 0 0 0 0 0 0 0 0 0 ' ,36 ,1 ,1, 0
77 ,64, 62, '12 18 15 16 18 17 29 22 34 32 15 31 18 12 13 19 22 17 9 46 ' ,'0 0 0 0 0 0 0 0 0 0 0 0 0 0 0 0 0 0 0 0 ' ,37 ,0 ,2, 1
96 ,68, 54, '38 17 19 18 19 40 16 16 21 43 42 15 16 41 27 42 10 17 12 40 ' ,'0 0 0 0 0 0 0 0 0 0 0 0 0 0 0 0 0 0 0 0 ' ,26 ,1 ,1, 0
75 ,85, 25, '18 36 22 19 16 18 34 16 26 13 17 14 16 16 15 16 14 15 30 19 ' ,'0 0 0 0 0 0 0 0 0 0 0 0 0 0 0 0 0 0 0 0 ' ,31 ,0 ,1, 0
96 ,67, 76, '16 11 15 12 30 16 14 18 18 36 14 19 15 58 44 29 38 16 21 21 ' ,'0 0 0 0 0 0 0 0 0 0 0 0 0 0 0 0 0 0 0 0 ' ,47 ,0 ,1, 1
134 ,83, 77, '29 12 20 18 19 22 13 17 19 83 15 15 14 13 66 10 19 11 16 63 ' ,'0 0 0 0 0 0 0 0 0 0 0 0 0 0 0 0 0 0 0 0 ' ,84 ,1 ,0, 0
77 ,131, 50, '19 26 22 15 12 18 11 14 23 14 27 22 20 16 21 17 13 12 30 14 ' ,'0 0 0 0 0 0 0 0 0 0 0 0 0 0 0 0 0 0 0 0 ' ,28 ,0 ,0, 0
115 ,75, 70, '54 13 16 34 36 66 16 15 27 31 52 12 11 20 29 56 14 13 19 42 ' ,'0 0 0 0 0 0 0 0 0 0 0 0 0 0 0 0 0 0 0 0 ' ,42 ,1 ,1, 0
