423 ,0, 330, '277 195 267 268 ' ,'0 0 0 0 ' ,93 ,1 ,3, 3
130 ,359, 110, '97 95 90 91 ' ,'0 0 0 0 ' ,6 ,1 ,1, 1
68 ,116, 48, '29 31 26 39 ' ,'0 0 0 0 ' ,16 ,1 ,1, 1
821 ,58, 55, '33 28 32 32 ' ,'0 0 0 0 ' ,767 ,1 ,3, 3
185 ,831, 155, '24 26 143 24 ' ,'0 0 0 0 ' ,122 ,2 ,3, 3
67 ,179, 55, '32 33 29 43 ' ,'0 0 0 0 ' ,16 ,1 ,2, 1
59 ,62, 41, '27 30 25 29 ' ,'0 0 0 0 ' ,12 ,1 ,1, 1
74 ,50, 60, '28 29 28 32 ' ,'0 0 0 0 ' ,8 ,1 ,1, 1
70 ,65, 45, '28 28 28 28 ' ,'0 0 0 0 ' ,8 ,0 ,1, 1
57 ,52, 43, '27 28 27 30 ' ,'0 0 0 0 ' ,8 ,1 ,1, 1
63 ,50, 46, '30 30 31 29 ' ,'0 0 0 0 ' ,9 ,1 ,1, 0
84 ,54, 69, '27 28 29 28 ' ,'0 0 0 0 ' ,4 ,1 ,1, 0
54 ,75, 41, '28 27 27 27 ' ,'0 0 0 0 ' ,6 ,1 ,1, 1
59 ,46, 45, '30 30 31 32 ' ,'0 0 0 0 ' ,7 ,0 ,0, 0
73 ,51, 59, '26 28 26 29 ' ,'0 0 0 0 ' ,24 ,1 ,1, 0
52 ,64, 39, '24 25 28 24 ' ,'0 0 0 0 ' ,7 ,1 ,1, 0
55 ,44, 43, '29 29 32 31 ' ,'0 0 0 0 ' ,7 ,2 ,1, 0
51 ,48, 40, '27 26 27 29 ' ,'0 0 0 0 ' ,7 ,1 ,1, 1
65 ,44, 49, '29 28 29 34 ' ,'0 0 0 0 ' ,12 ,2 ,1, 1
72 ,57, 51, '27 27 24 34 ' ,'0 0 0 0 ' ,19 ,1 ,0, 0
59 ,56, 47, '32 31 32 30 ' ,'0 0 0 0 ' ,9 ,4 ,1, 1
59 ,51, 48, '39 28 32 35 ' ,'0 0 0 0 ' ,13 ,1 ,0, 0
74 ,52, 54, '34 35 41 46 ' ,'0 0 0 0 ' ,13 ,2 ,1, 0
61 ,59, 40, '29 32 32 37 ' ,'0 0 0 0 ' ,10 ,2 ,1, 1
60 ,53, 46, '33 33 28 32 ' ,'0 0 0 0 ' ,12 ,2 ,1, 0
58 ,52, 44, '35 38 33 36 ' ,'0 0 0 0 ' ,3 ,1 ,0, 0
52 ,49, 37, '26 27 27 30 ' ,'0 0 0 0 ' ,5 ,1 ,1, 0
60 ,43, 44, '27 29 33 34 ' ,'0 0 0 0 ' ,9 ,2 ,1, 0
66 ,49, 52, '30 32 35 43 ' ,'0 0 0 0 ' ,16 ,2 ,1, 0
71 ,59, 56, '34 35 47 38 ' ,'0 0 0 0 ' ,13 ,2 ,1, 0
81 ,64, 61, '30 29 32 29 ' ,'0 0 0 0 ' ,2 ,1 ,0, 0
57 ,68, 41, '31 30 28 32 ' ,'0 0 0 0 ' ,4 ,1 ,1, 1
67 ,49, 41, '34 32 35 32 ' ,'0 0 0 0 ' ,5 ,0 ,1, 0
64 ,58, 50, '35 36 36 33 ' ,'0 0 0 0 ' ,9 ,1 ,1, 0
143 ,56, 130, '29 30 122 36 ' ,'0 0 0 0 ' ,95 ,1 ,1, 1
49 ,136, 37, '27 27 32 29 ' ,'0 0 0 0 ' ,4 ,1 ,1, 1
56 ,41, 44, '38 29 26 27 ' ,'0 0 0 0 ' ,13 ,0 ,1, 0
57 ,49, 44, '34 32 37 30 ' ,'0 0 0 0 ' ,8 ,0 ,0, 0
69 ,49, 43, '31 29 27 35 ' ,'0 0 0 0 ' ,8 ,3 ,1, 0
66 ,50, 52, '28 30 28 28 ' ,'0 0 0 0 ' ,18 ,1 ,1, 1
56 ,56, 43, '30 28 30 35 ' ,'0 0 0 0 ' ,8 ,1 ,0, 0
63 ,48, 45, '29 31 33 28 ' ,'0 0 0 0 ' ,9 ,0 ,0, 0
58 ,54, 41, '27 28 28 32 ' ,'0 0 0 0 ' ,8 ,0 ,0, 0
49 ,50, 32, '25 25 24 24 ' ,'0 0 0 0 ' ,5 ,1 ,0, 0
168 ,39, 156, '23 23 147 26 ' ,'0 0 0 0 ' ,127 ,1 ,1, 1
49 ,159, 34, '26 27 26 25 ' ,'0 0 0 0 ' ,4 ,1 ,1, 1
55 ,41, 42, '22 36 24 29 ' ,'0 0 0 0 ' ,10 ,1 ,0, 0
50 ,46, 33, '25 25 24 23 ' ,'0 0 0 0 ' ,4 ,1 ,0, 0
53 ,42, 39, '25 26 27 31 ' ,'0 0 0 0 ' ,6 ,1 ,1, 1
71 ,46, 57, '30 30 51 32 ' ,'0 0 0 0 ' ,22 ,1 ,1, 0
62 ,62, 44, '33 34 35 39 ' ,'0 0 0 0 ' ,7 ,1 ,1, 1
50 ,55, 37, '22 22 27 28 ' ,'0 0 0 0 ' ,9 ,1 ,1, 1
52 ,40, 36, '27 27 27 32 ' ,'0 0 0 0 ' ,7 ,1 ,1, 0
61 ,43, 42, '28 32 28 28 ' ,'0 0 0 0 ' ,7 ,1 ,0, 0
66 ,55, 38, '23 24 29 26 ' ,'0 0 0 0 ' ,9 ,1 ,1, 1
76 ,47, 63, '28 54 29 27 ' ,'0 0 0 0 ' ,28 ,1 ,1, 1
58 ,69, 44, '28 32 34 32 ' ,'0 0 0 0 ' ,12 ,1 ,0, 0
50 ,50, 37, '28 29 29 27 ' ,'0 0 0 0 ' ,5 ,1 ,1, 1
60 ,42, 45, '28 32 38 33 ' ,'0 0 0 0 ' ,12 ,1 ,1, 1
74 ,51, 57, '29 30 50 28 ' ,'0 0 0 0 ' ,23 ,1 ,1, 0
51 ,61, 39, '27 28 28 25 ' ,'0 0 0 0 ' ,8 ,1 ,0, 0
55 ,43, 40, '22 23 28 32 ' ,'0 0 0 0 ' ,10 ,1 ,1, 0
52 ,47, 35, '27 27 28 29 ' ,'0 0 0 0 ' ,7 ,1 ,1, 1
63 ,41, 44, '23 23 25 26 ' ,'0 0 0 0 ' ,15 ,0 ,0, 0
63 ,56, 48, '31 30 41 29 ' ,'0 0 0 0 ' ,13 ,1 ,1, 1
44 ,53, 31, '24 25 25 24 ' ,'0 0 0 0 ' ,2 ,0 ,1, 1
58 ,46, 42, '31 33 32 30 ' ,'0 0 0 0 ' ,3 ,1 ,2, 1
52 ,50, 37, '27 28 28 26 ' ,'0 0 0 0 ' ,4 ,1 ,1, 1
58 ,43, 44, '30 32 28 33 ' ,'0 0 0 0 ' ,9 ,1 ,1, 1
123 ,49, 109, '33 29 102 27 ' ,'0 0 0 0 ' ,77 ,1 ,0, 0
49 ,115, 35, '29 27 27 24 ' ,'0 0 0 0 ' ,7 ,0 ,0, 0
60 ,54, 42, '33 29 31 27 ' ,'0 0 0 0 ' ,7 ,1 ,1, 1
55 ,46, 33, '27 27 27 25 ' ,'0 0 0 0 ' ,4 ,1 ,1, 1
48 ,47, 36, '25 25 23 31 ' ,'0 0 0 0 ' ,8 ,1 ,1, 1
94 ,40, 81, '32 31 73 40 ' ,'0 0 0 0 ' ,45 ,2 ,1, 1
74 ,85, 57, '30 32 39 50 ' ,'0 0 0 0 ' ,20 ,1 ,1, 1
67 ,67, 50, '33 32 34 34 ' ,'0 0 0 0 ' ,3 ,1 ,1, 1
51 ,57, 38, '27 27 28 29 ' ,'0 0 0 0 ' ,4 ,1 ,1, 1
49 ,43, 34, '22 23 24 27 ' ,'0 0 0 0 ' ,5 ,1 ,1, 0
76 ,42, 62, '32 32 55 29 ' ,'0 0 0 0 ' ,27 ,1 ,0, 0
61 ,69, 47, '23 23 23 39 ' ,'0 0 0 0 ' ,17 ,2 ,2, 1
58 ,51, 40, '28 28 32 32 ' ,'0 0 0 0 ' ,7 ,1 ,0, 0
49 ,45, 34, '27 26 26 26 ' ,'0 0 0 0 ' ,3 ,1 ,1, 0
110 ,39, 94, '87 24 25 31 ' ,'0 0 0 0 ' ,63 ,1 ,0, 0
71 ,103, 58, '29 28 51 26 ' ,'0 0 0 0 ' ,27 ,1 ,0, 0
53 ,63, 40, '25 26 25 28 ' ,'0 0 0 0 ' ,10 ,6 ,1, 0
50 ,45, 35, '22 22 28 27 ' ,'0 0 0 0 ' ,8 ,1 ,1, 1
51 ,40, 38, '27 27 26 25 ' ,'0 0 0 0 ' ,3 ,1 ,0, 0
69 ,43, 51, '44 28 30 32 ' ,'0 0 0 0 ' ,18 ,1 ,0, 0
78 ,63, 64, '29 27 51 31 ' ,'0 0 0 0 ' ,31 ,0 ,0, 0
70 ,70, 57, '25 27 26 52 ' ,'0 0 0 0 ' ,25 ,1 ,1, 1
57 ,61, 41, '33 33 33 31 ' ,'0 0 0 0 ' ,4 ,0 ,1, 0
57 ,44, 44, '34 32 33 31 ' ,'0 0 0 0 ' ,4 ,1 ,0, 0
65 ,48, 51, '44 30 29 36 ' ,'0 0 0 0 ' ,16 ,0 ,1, 0
62 ,125, 49, '28 28 41 27 ' ,'0 0 0 0 ' ,18 ,0 ,1, 1
68 ,54, 52, '26 25 26 44 ' ,'0 0 0 0 ' ,21 ,1 ,1, 0
52 ,61, 36, '24 25 29 29 ' ,'0 0 0 0 ' ,7 ,1 ,1, 0
91 ,45, 28, '22 24 24 22 ' ,'0 0 0 0 ' ,5 ,0 ,1, 0
60 ,37, 42, '35 28 28 26 ' ,'0 0 0 0 ' ,9 ,0 ,0, 0
74 ,50, 60, '31 30 51 29 ' ,'0 0 0 0 ' ,25 ,1 ,1, 0
56 ,65, 44, '23 21 24 36 ' ,'0 0 0 0 ' ,15 ,1 ,1, 1
51 ,47, 35, '26 26 27 27 ' ,'0 0 0 0 ' ,5 ,0 ,0, 0
50 ,41, 37, '30 29 29 27 ' ,'0 0 0 0 ' ,6 ,1 ,0, 0
64 ,42, 48, '41 29 28 26 ' ,'0 0 0 0 ' ,16 ,0 ,1, 1
87 ,53, 69, '27 27 62 26 ' ,'0 0 0 0 ' ,37 ,1 ,1, 0
71 ,74, 55, '26 26 34 49 ' ,'0 0 0 0 ' ,23 ,1 ,1, 1
57 ,59, 44, '34 34 34 33 ' ,'0 0 0 0 ' ,5 ,1 ,0, 0
47 ,49, 35, '25 24 25 28 ' ,'0 0 0 0 ' ,5 ,1 ,1, 0
104 ,39, 88, '80 29 30 31 ' ,'0 0 0 0 ' ,52 ,1 ,1, 0
77 ,96, 53, '23 26 49 29 ' ,'0 0 0 0 ' ,27 ,2 ,1, 0
64 ,67, 52, '27 27 28 46 ' ,'0 0 0 0 ' ,19 ,2 ,1, 1
53 ,57, 40, '29 33 30 27 ' ,'0 0 0 0 ' ,7 ,1 ,1, 0
57 ,45, 41, '24 25 28 24 ' ,'0 0 0 0 ' ,12 ,1 ,1, 1
81 ,49, 68, '57 26 30 29 ' ,'0 0 0 0 ' ,32 ,2 ,1, 0
53 ,72, 41, '30 30 31 32 ' ,'0 0 0 0 ' ,4 ,1 ,0, 0
70 ,62, 58, '24 25 28 52 ' ,'0 0 0 0 ' ,27 ,1 ,1, 1
50 ,64, 37, '29 29 29 28 ' ,'0 0 0 0 ' ,4 ,1 ,0, 0
56 ,42, 39, '27 29 27 31 ' ,'0 0 0 0 ' ,9 ,2 ,1, 1
95 ,48, 82, '73 35 29 35 ' ,'0 0 0 0 ' ,47 ,1 ,0, 0
494 ,88, 46, '24 23 24 29 ' ,'0 0 0 0 ' ,6 ,1 ,0, 0
135 ,52, 87, '24 25 29 78 ' ,'0 0 0 0 ' ,53 ,2 ,1, 0
331 ,94, 59, '30 29 26 25 ' ,'0 0 0 0 ' ,26 ,1 ,1, 1
98 ,69, 39, '23 23 26 31 ' ,'0 0 0 0 ' ,4 ,1 ,1, 1
1979 ,49, 1309, '47 29 26 25 ' ,'0 0 0 0 ' ,1274 ,1 ,1, 1
8640 ,1930, 1516, '32 30 34 35 ' ,'0 0 0 0 ' ,1469 ,2 ,1, 0
4889 ,1726, 2200, '196 268 180 117 ' ,'0 0 0 0 ' ,2076 ,2 ,2, 2
4736 ,3036, 4232, '57 51 52 64 ' ,'0 0 0 0 ' ,4166 ,1 ,1, 1
2299 ,4662, 971, '59 52 60 64 ' ,'0 0 0 0 ' ,1309 ,1 ,3, 2
12340 ,1802, 123, '57 58 116 65 ' ,'0 0 0 0 ' ,59 ,1 ,2, 2
185 ,134, 165, '131 124 113 155 ' ,'0 0 0 0 ' ,46 ,0 ,1, 1
80 ,176, 66, '55 54 56 59 ' ,'0 0 0 0 ' ,6 ,1 ,1, 0
122 ,73, 96, '89 54 57 54 ' ,'0 0 0 0 ' ,35 ,0 ,1, 1
98 ,100, 81, '59 53 73 56 ' ,'0 0 0 0 ' ,22 ,1 ,1, 0
85 ,86, 71, '55 53 58 63 ' ,'0 0 0 0 ' ,10 ,1 ,1, 1
85 ,78, 71, '60 52 57 56 ' ,'0 0 0 0 ' ,9 ,1 ,1, 1
81 ,75, 66, '57 56 58 61 ' ,'0 0 0 0 ' ,6 ,1 ,0, 0
87 ,72, 72, '67 61 61 59 ' ,'0 0 0 0 ' ,7 ,0 ,1, 1
90 ,80, 76, '64 66 67 64 ' ,'0 0 0 0 ' ,5 ,1 ,1, 1
86 ,81, 71, '62 63 56 65 ' ,'0 0 0 0 ' ,10 ,1 ,0, 0
90 ,80, 77, '66 64 69 62 ' ,'0 0 0 0 ' ,9 ,1 ,1, 0
95 ,81, 79, '65 59 62 71 ' ,'0 0 0 0 ' ,14 ,2 ,1, 0
92 ,86, 77, '63 67 67 63 ' ,'0 0 0 0 ' ,7 ,1 ,1, 0
92 ,82, 77, '62 66 58 70 ' ,'0 0 0 0 ' ,14 ,1 ,1, 1
90 ,85, 76, '56 67 48 65 ' ,'0 0 0 0 ' ,21 ,1 ,1, 1
92 ,82, 76, '64 64 66 67 ' ,'0 0 0 0 ' ,6 ,1 ,1, 1
95 ,84, 79, '65 63 63 64 ' ,'0 0 0 0 ' ,6 ,1 ,1, 1
88 ,87, 75, '64 67 65 66 ' ,'0 0 0 0 ' ,3 ,0 ,1, 1
84 ,80, 71, '58 56 63 59 ' ,'0 0 0 0 ' ,9 ,1 ,1, 1
90 ,76, 77, '64 68 67 52 ' ,'0 0 0 0 ' ,18 ,1 ,1, 1
95 ,81, 79, '53 68 64 72 ' ,'0 0 0 0 ' ,19 ,1 ,1, 1
108 ,86, 89, '62 78 58 59 ' ,'0 0 0 0 ' ,23 ,1 ,1, 0
70 ,100, 55, '35 40 34 41 ' ,'0 0 0 0 ' ,9 ,1 ,1, 1
65 ,61, 52, '35 42 40 43 ' ,'0 0 0 0 ' ,10 ,1 ,0, 0
61 ,57, 49, '37 40 37 36 ' ,'0 0 0 0 ' ,7 ,1 ,1, 0
81 ,54, 52, '36 38 37 44 ' ,'0 0 0 0 ' ,24 ,1 ,1, 0
89 ,70, 68, '38 60 37 39 ' ,'0 0 0 0 ' ,23 ,0 ,1, 0
60 ,73, 47, '35 39 36 35 ' ,'0 0 0 0 ' ,5 ,1 ,1, 1
66 ,52, 40, '28 37 33 32 ' ,'0 0 0 0 ' ,4 ,1 ,1, 1
61 ,50, 48, '31 35 30 36 ' ,'0 0 0 0 ' ,9 ,1 ,1, 0
82 ,53, 66, '37 34 55 33 ' ,'0 0 0 0 ' ,28 ,1 ,1, 0
118 ,71, 81, '42 63 30 36 ' ,'0 0 0 0 ' ,36 ,1 ,0, 0
70 ,111, 49, '36 36 35 33 ' ,'0 0 0 0 ' ,9 ,1 ,1, 0
71 ,53, 58, '35 36 47 38 ' ,'0 0 0 0 ' ,15 ,2 ,1, 1
65 ,63, 51, '36 41 37 34 ' ,'0 0 0 0 ' ,10 ,2 ,1, 1
72 ,56, 58, '48 43 44 48 ' ,'0 0 0 0 ' ,8 ,1 ,1, 0
88 ,63, 75, '31 61 31 39 ' ,'0 0 0 0 ' ,37 ,2 ,1, 1
69 ,79, 52, '32 36 32 46 ' ,'0 0 0 0 ' ,11 ,1 ,0, 0
67 ,60, 55, '43 43 46 46 ' ,'0 0 0 0 ' ,4 ,0 ,1, 1
80 ,59, 46, '33 32 33 37 ' ,'0 0 0 0 ' ,6 ,1 ,0, 0
88 ,57, 74, '33 36 63 35 ' ,'0 0 0 0 ' ,34 ,2 ,1, 1
55 ,79, 42, '32 31 31 34 ' ,'0 0 0 0 ' ,5 ,1 ,0, 0
61 ,47, 48, '37 36 35 33 ' ,'0 0 0 0 ' ,8 ,1 ,1, 1
62 ,52, 49, '35 35 33 41 ' ,'0 0 0 0 ' ,7 ,1 ,1, 1
66 ,54, 45, '32 32 28 35 ' ,'0 0 0 0 ' ,11 ,1 ,1, 1
92 ,53, 78, '34 33 67 33 ' ,'0 0 0 0 ' ,39 ,1 ,1, 1
78 ,84, 61, '31 53 30 39 ' ,'0 0 0 0 ' ,24 ,1 ,1, 0
71 ,67, 50, '38 37 36 34 ' ,'0 0 0 0 ' ,5 ,1 ,1, 0
60 ,63, 45, '32 31 33 36 ' ,'0 0 0 0 ' ,8 ,1 ,1, 0
79 ,52, 65, '42 39 43 57 ' ,'0 0 0 0 ' ,19 ,1 ,0, 0
64 ,70, 50, '35 32 33 34 ' ,'0 0 0 0 ' ,9 ,2 ,1, 1
84 ,55, 71, '45 63 40 52 ' ,'0 0 0 0 ' ,23 ,1 ,1, 0
78 ,76, 57, '33 35 35 49 ' ,'0 0 0 0 ' ,17 ,1 ,1, 1
60 ,63, 44, '32 33 29 37 ' ,'0 0 0 0 ' ,10 ,1 ,1, 1
58 ,51, 44, '34 29 37 37 ' ,'0 0 0 0 ' ,8 ,1 ,1, 0
94 ,49, 73, '33 34 62 34 ' ,'0 0 0 0 ' ,32 ,1 ,1, 1
74 ,80, 61, '31 40 29 53 ' ,'0 0 0 0 ' ,24 ,1 ,1, 1
65 ,67, 47, '35 36 35 35 ' ,'0 0 0 0 ' ,4 ,1 ,1, 0
63 ,57, 50, '32 33 31 38 ' ,'0 0 0 0 ' ,6 ,1 ,1, 1
67 ,55, 50, '36 36 35 37 ' ,'0 0 0 0 ' ,9 ,0 ,1, 0
81 ,54, 67, '35 35 52 33 ' ,'0 0 0 0 ' ,28 ,5 ,1, 1
67 ,72, 53, '32 34 31 41 ' ,'0 0 0 0 ' ,14 ,2 ,1, 1
61 ,57, 47, '35 33 36 30 ' ,'0 0 0 0 ' ,11 ,0 ,1, 1
61 ,56, 47, '29 33 30 35 ' ,'0 0 0 0 ' ,8 ,4 ,0, 0
72 ,53, 59, '39 39 38 51 ' ,'0 0 0 0 ' ,12 ,1 ,1, 1
61 ,64, 48, '33 34 37 32 ' ,'0 0 0 0 ' ,9 ,1 ,1, 1
89 ,70, 66, '35 38 33 58 ' ,'0 0 0 0 ' ,25 ,1 ,1, 0
63 ,70, 50, '34 32 33 33 ' ,'0 0 0 0 ' ,9 ,1 ,1, 1
80 ,55, 44, '34 33 30 36 ' ,'0 0 0 0 ' ,8 ,1 ,1, 0
96 ,72, 84, '75 75 57 59 ' ,'0 0 0 0 ' ,14 ,1 ,0, 0
97 ,89, 83, '68 65 71 69 ' ,'0 0 0 0 ' ,5 ,1 ,1, 1
96 ,103, 85, '71 70 70 76 ' ,'0 0 0 0 ' ,6 ,0 ,1, 1
101 ,107, 85, '73 71 67 73 ' ,'0 0 0 0 ' ,11 ,1 ,1, 1
102 ,90, 88, '70 71 64 81 ' ,'0 0 0 0 ' ,17 ,0 ,1, 1
109 ,92, 98, '89 62 63 74 ' ,'0 0 0 0 ' ,28 ,1 ,1, 1
96 ,102, 82, '64 73 72 70 ' ,'0 0 0 0 ' ,13 ,0 ,0, 0
116 ,88, 102, '72 68 71 96 ' ,'0 0 0 0 ' ,24 ,1 ,1, 1
104 ,108, 87, '74 73 76 63 ' ,'0 0 0 0 ' ,17 ,2 ,1, 1
102 ,96, 86, '76 69 68 63 ' ,'0 0 0 0 ' ,16 ,2 ,1, 1
113 ,91, 95, '82 83 69 72 ' ,'0 0 0 0 ' ,15 ,2 ,2, 1
104 ,100, 81, '62 67 66 65 ' ,'0 0 0 0 ' ,7 ,1 ,1, 1
120 ,112, 98, '54 65 68 89 ' ,'0 0 0 0 ' ,42 ,2 ,1, 1
117 ,137, 82, '72 69 70 71 ' ,'0 0 0 0 ' ,21 ,1 ,1, 1
95 ,104, 83, '59 65 70 65 ' ,'0 0 0 0 ' ,14 ,2 ,1, 1
122 ,87, 105, '92 64 55 59 ' ,'0 0 0 0 ' ,38 ,1 ,1, 1
90 ,114, 78, '68 64 67 64 ' ,'0 0 0 0 ' ,8 ,1 ,1, 0
103 ,82, 92, '56 66 54 70 ' ,'0 0 0 0 ' ,30 ,14 ,1, 1
87 ,97, 75, '58 60 55 63 ' ,'0 0 0 0 ' ,12 ,1 ,1, 1
92 ,79, 80, '65 68 70 63 ' ,'0 0 0 0 ' ,10 ,2 ,1, 0
130 ,86, 116, '94 57 61 61 ' ,'0 0 0 0 ' ,40 ,1 ,1, 1
94 ,123, 82, '52 58 63 72 ' ,'0 0 0 0 ' ,22 ,2 ,1, 1
96 ,87, 82, '49 62 57 61 ' ,'0 0 0 0 ' ,13 ,1 ,9, 1
88 ,88, 73, '60 60 63 56 ' ,'0 0 0 0 ' ,12 ,1 ,1, 1
92 ,79, 82, '61 60 56 49 ' ,'0 0 0 0 ' ,18 ,1 ,1, 1
130 ,86, 83, '72 50 41 50 ' ,'0 0 0 0 ' ,33 ,1 ,1, 1
79 ,124, 68, '55 59 53 47 ' ,'0 0 0 0 ' ,16 ,1 ,1, 0
84 ,73, 64, '53 52 49 53 ' ,'0 0 0 0 ' ,8 ,1 ,1, 0
88 ,74, 58, '52 54 51 52 ' ,'0 0 0 0 ' ,11 ,1 ,1, 1
91 ,79, 78, '53 56 52 61 ' ,'0 0 0 0 ' ,19 ,2 ,1, 1
81 ,83, 65, '50 48 48 50 ' ,'0 0 0 0 ' ,7 ,2 ,0, 0
82 ,71, 63, '49 51 49 53 ' ,'0 0 0 0 ' ,7 ,2 ,1, 1
84 ,75, 71, '53 55 55 52 ' ,'0 0 0 0 ' ,8 ,1 ,1, 1
83 ,76, 63, '49 48 50 52 ' ,'0 0 0 0 ' ,6 ,1 ,1, 1
82 ,73, 69, '58 54 61 53 ' ,'0 0 0 0 ' ,11 ,1 ,0, 0
106 ,75, 91, '75 58 56 53 ' ,'0 0 0 0 ' ,25 ,1 ,1, 1
79 ,98, 66, '48 53 55 57 ' ,'0 0 0 0 ' ,12 ,1 ,0, 0
117 ,72, 101, '56 54 58 61 ' ,'0 0 0 0 ' ,22 ,1 ,1, 1
88 ,108, 73, '64 51 47 49 ' ,'0 0 0 0 ' ,17 ,1 ,0, 0
87 ,81, 70, '58 58 54 54 ' ,'0 0 0 0 ' ,8 ,1 ,1, 1
91 ,74, 79, '67 51 53 62 ' ,'0 0 0 0 ' ,19 ,1 ,1, 0
93 ,84, 74, '57 59 52 65 ' ,'0 0 0 0 ' ,14 ,1 ,1, 1
85 ,171, 73, '55 54 58 51 ' ,'0 0 0 0 ' ,8 ,1 ,0, 0
86 ,77, 73, '54 56 61 63 ' ,'0 0 0 0 ' ,11 ,2 ,1, 0
84 ,77, 70, '56 59 56 61 ' ,'0 0 0 0 ' ,7 ,1 ,1, 0
97 ,77, 81, '68 65 57 69 ' ,'0 0 0 0 ' ,15 ,1 ,1, 1
97 ,89, 79, '50 58 54 70 ' ,'0 0 0 0 ' ,20 ,2 ,1, 0
88 ,89, 75, '58 61 54 63 ' ,'0 0 0 0 ' ,13 ,1 ,1, 1
95 ,79, 82, '62 58 67 67 ' ,'0 0 0 0 ' ,19 ,0 ,1, 1
88 ,87, 75, '59 63 56 64 ' ,'0 0 0 0 ' ,11 ,2 ,0, 0
100 ,79, 85, '77 60 59 56 ' ,'0 0 0 0 ' ,23 ,1 ,0, 0
86 ,91, 71, '46 50 50 62 ' ,'0 0 0 0 ' ,18 ,1 ,1, 0
84 ,76, 71, '56 58 58 55 ' ,'0 0 0 0 ' ,8 ,1 ,1, 0
79 ,79, 66, '53 58 59 54 ' ,'0 0 0 0 ' ,6 ,1 ,0, 0
85 ,71, 65, '54 53 52 55 ' ,'0 0 0 0 ' ,8 ,1 ,1, 1
95 ,77, 82, '72 59 61 51 ' ,'0 0 0 0 ' ,23 ,1 ,1, 1
83 ,86, 71, '56 60 56 61 ' ,'0 0 0 0 ' ,8 ,1 ,0, 0
93 ,76, 76, '65 64 55 52 ' ,'0 0 0 0 ' ,15 ,1 ,3, 0
97 ,80, 79, '49 49 63 57 ' ,'0 0 0 0 ' ,26 ,2 ,0, 0
122 ,86, 109, '99 60 59 56 ' ,'0 0 0 0 ' ,47 ,1 ,1, 0
106 ,144, 92, '82 49 53 65 ' ,'0 0 0 0 ' ,36 ,2 ,0, 0
95 ,108, 83, '61 60 64 71 ' ,'0 0 0 0 ' ,11 ,1 ,1, 0
137 ,88, 124, '60 113 58 60 ' ,'0 0 0 0 ' ,57 ,2 ,1, 1
89 ,129, 71, '44 59 59 62 ' ,'0 0 0 0 ' ,18 ,1 ,1, 0
87 ,82, 75, '56 57 58 66 ' ,'0 0 0 0 ' ,10 ,2 ,1, 1
84 ,83, 71, '57 52 53 61 ' ,'0 0 0 0 ' ,10 ,1 ,1, 1
86 ,76, 74, '59 57 63 65 ' ,'0 0 0 0 ' ,6 ,1 ,1, 0
82 ,78, 67, '50 55 59 58 ' ,'0 0 0 0 ' ,10 ,1 ,1, 1
101 ,75, 83, '51 60 60 73 ' ,'0 0 0 0 ' ,25 ,2 ,1, 1
86 ,89, 73, '56 64 61 61 ' ,'0 0 0 0 ' ,10 ,1 ,1, 0
101 ,78, 84, '74 51 60 65 ' ,'0 0 0 0 ' ,24 ,1 ,1, 0
85 ,94, 71, '54 59 58 51 ' ,'0 0 0 0 ' ,13 ,1 ,1, 1
90 ,76, 77, '66 57 60 58 ' ,'0 0 0 0 ' ,10 ,1 ,1, 1
85 ,81, 71, '60 51 57 61 ' ,'0 0 0 0 ' ,12 ,1 ,1, 1
88 ,75, 75, '57 63 62 65 ' ,'0 0 0 0 ' ,11 ,1 ,1, 1
93 ,80, 78, '65 60 58 68 ' ,'0 0 0 0 ' ,11 ,2 ,1, 1
87 ,85, 74, '55 58 63 54 ' ,'0 0 0 0 ' ,11 ,1 ,1, 1
93 ,78, 77, '63 68 46 58 ' ,'0 0 0 0 ' ,23 ,1 ,0, 0
89 ,87, 76, '62 66 60 61 ' ,'0 0 0 0 ' ,6 ,1 ,1, 0
90 ,81, 67, '56 50 52 49 ' ,'0 0 0 0 ' ,10 ,1 ,1, 1
95 ,77, 83, '74 63 56 62 ' ,'0 0 0 0 ' ,20 ,1 ,1, 1
91 ,87, 78, '63 63 63 59 ' ,'0 0 0 0 ' ,11 ,1 ,1, 1
92 ,82, 79, '62 64 60 71 ' ,'0 0 0 0 ' ,11 ,1 ,1, 0
98 ,84, 81, '54 70 57 62 ' ,'0 0 0 0 ' ,18 ,1 ,1, 0
95 ,86, 80, '61 58 55 68 ' ,'0 0 0 0 ' ,19 ,1 ,0, 0
115 ,87, 96, '85 62 67 59 ' ,'0 0 0 0 ' ,28 ,1 ,1, 0
103 ,100, 82, '46 46 53 75 ' ,'0 0 0 0 ' ,32 ,1 ,1, 1
91 ,91, 77, '50 58 60 59 ' ,'0 0 0 0 ' ,19 ,1 ,1, 1
94 ,82, 80, '59 64 66 69 ' ,'0 0 0 0 ' ,11 ,1 ,1, 1
132 ,85, 119, '107 62 63 62 ' ,'0 0 0 0 ' ,48 ,2 ,1, 0
104 ,125, 91, '80 59 67 66 ' ,'0 0 0 0 ' ,24 ,2 ,1, 1
88 ,95, 76, '65 62 59 57 ' ,'0 0 0 0 ' ,12 ,2 ,1, 1
93 ,79, 76, '59 60 57 60 ' ,'0 0 0 0 ' ,6 ,0 ,1, 0
97 ,81, 84, '61 66 55 67 ' ,'0 0 0 0 ' ,20 ,1 ,1, 1
95 ,87, 77, '64 66 58 57 ' ,'0 0 0 0 ' ,14 ,2 ,1, 1
98 ,86, 84, '74 62 69 65 ' ,'0 0 0 0 ' ,10 ,1 ,1, 1
97 ,88, 82, '66 67 71 59 ' ,'0 0 0 0 ' ,15 ,1 ,1, 1
102 ,91, 87, '65 75 75 69 ' ,'0 0 0 0 ' ,9 ,1 ,1, 0
107 ,93, 93, '69 64 72 78 ' ,'0 0 0 0 ' ,22 ,1 ,1, 1
107 ,98, 84, '64 63 71 72 ' ,'0 0 0 0 ' ,13 ,1 ,1, 1
109 ,100, 97, '79 65 64 57 ' ,'0 0 0 0 ' ,33 ,1 ,0, 0
90 ,102, 77, '64 66 65 66 ' ,'0 0 0 0 ' ,4 ,0 ,0, 0
114 ,81, 101, '63 65 77 66 ' ,'0 0 0 0 ' ,30 ,2 ,0, 0
136 ,105, 122, '71 109 71 66 ' ,'0 0 0 0 ' ,47 ,2 ,1, 1
99 ,127, 85, '63 65 66 75 ' ,'0 0 0 0 ' ,13 ,1 ,0, 0
164 ,90, 111, '99 63 74 67 ' ,'0 0 0 0 ' ,40 ,2 ,0, 0
92 ,117, 78, '54 67 65 61 ' ,'0 0 0 0 ' ,17 ,1 ,0, 0
92 ,85, 74, '57 60 63 60 ' ,'0 0 0 0 ' ,11 ,1 ,0, 0
110 ,84, 88, '62 78 69 63 ' ,'0 0 0 0 ' ,17 ,1 ,1, 0
89 ,96, 77, '60 60 66 56 ' ,'0 0 0 0 ' ,12 ,1 ,1, 0
91 ,81, 80, '65 69 63 60 ' ,'0 0 0 0 ' ,11 ,1 ,2, 1
97 ,83, 83, '67 63 65 69 ' ,'0 0 0 0 ' ,12 ,1 ,0, 0
