325 ,0, 231, '174 163 196 151 102 134 153 115 ' ,'0 0 0 0 0 0 0 0 ' ,84 ,2 ,2, 2
1482 ,260, 1456, '188 178 1438 101 82 165 123 1341 ' ,'0 0 0 0 0 0 0 0 ' ,1365 ,2 ,2, 2
48 ,1517, 32, '18 18 19 21 15 13 12 14 ' ,'0 0 0 0 0 0 0 0 ' ,13 ,1 ,1, 1
52 ,38, 35, '15 17 17 20 16 12 11 10 ' ,'0 0 0 0 0 0 0 0 ' ,17 ,4 ,1, 1
130 ,43, 116, '22 22 21 21 14 15 16 15 ' ,'0 0 0 0 0 0 0 0 ' ,13 ,1 ,2, 2
156 ,120, 129, '19 18 118 21 15 15 13 115 ' ,'0 0 0 0 0 0 0 0 ' ,108 ,2 ,1, 1
61 ,147, 34, '21 23 18 14 11 17 16 14 ' ,'0 0 0 0 0 0 0 0 ' ,20 ,1 ,1, 0
64 ,53, 50, '21 21 21 19 32 14 15 15 ' ,'0 0 0 0 0 0 0 0 ' ,27 ,1 ,2, 1
58 ,56, 25, '17 21 20 19 16 13 12 16 ' ,'0 0 0 0 0 0 0 0 ' ,19 ,1 ,1, 1
60 ,47, 34, '20 22 23 20 15 20 14 17 ' ,'0 0 0 0 0 0 0 0 ' ,23 ,1 ,1, 1
65 ,52, 48, '19 20 24 18 15 15 13 19 ' ,'0 0 0 0 0 0 0 0 ' ,28 ,1 ,1, 1
87 ,58, 68, '15 66 23 18 15 12 58 14 ' ,'0 0 0 0 0 0 0 0 ' ,54 ,1 ,0, 0
67 ,79, 45, '20 21 33 22 19 14 14 30 ' ,'0 0 0 0 0 0 0 0 ' ,23 ,1 ,2, 2
66 ,52, 43, '20 23 33 19 13 13 12 28 ' ,'0 0 0 0 0 0 0 0 ' ,23 ,1 ,1, 1
69 ,59, 53, '44 16 18 15 13 37 11 14 ' ,'0 0 0 0 0 0 0 0 ' ,34 ,2 ,1, 1
71 ,60, 43, '16 20 20 23 17 16 14 14 ' ,'0 0 0 0 0 0 0 0 ' ,35 ,2 ,1, 1
76 ,63, 56, '20 23 21 19 16 11 39 14 ' ,'0 0 0 0 0 0 0 0 ' ,35 ,2 ,1, 0
227 ,67, 195, '22 24 23 22 18 17 18 15 ' ,'0 0 0 0 0 0 0 0 ' ,174 ,1 ,2, 1
56 ,219, 37, '19 18 20 19 14 15 21 29 ' ,'0 0 0 0 0 0 0 0 ' ,11 ,0 ,1, 1
65 ,43, 51, '31 43 29 23 19 19 24 18 ' ,'0 0 0 0 0 0 0 0 ' ,19 ,1 ,0, 0
61 ,69, 33, '25 19 20 24 19 14 13 14 ' ,'0 0 0 0 0 0 0 0 ' ,26 ,2 ,0, 0
73 ,54, 58, '30 34 26 28 17 14 43 17 ' ,'0 0 0 0 0 0 0 0 ' ,24 ,2 ,1, 1
63 ,64, 46, '24 34 21 24 19 18 18 14 ' ,'0 0 0 0 0 0 0 0 ' ,19 ,2 ,1, 0
72 ,55, 56, '22 22 44 26 20 16 28 37 ' ,'0 0 0 0 0 0 0 0 ' ,32 ,2 ,1, 1
53 ,64, 37, '21 27 22 22 16 13 12 11 ' ,'0 0 0 0 0 0 0 0 ' ,18 ,2 ,1, 0
50 ,46, 33, '21 22 19 21 13 17 15 14 ' ,'0 0 0 0 0 0 0 0 ' ,13 ,1 ,0, 0
77 ,45, 62, '20 22 21 24 12 12 32 16 ' ,'0 0 0 0 0 0 0 0 ' ,45 ,2 ,1, 0
54 ,69, 37, '21 21 20 21 13 23 13 15 ' ,'0 0 0 0 0 0 0 0 ' ,14 ,1 ,0, 0
64 ,46, 48, '34 17 39 21 14 22 38 33 ' ,'0 0 0 0 0 0 0 0 ' ,29 ,2 ,1, 1
53 ,58, 34, '26 22 16 18 13 14 25 11 ' ,'0 0 0 0 0 0 0 0 ' ,16 ,2 ,1, 0
77 ,47, 62, '21 30 23 51 31 23 14 16 ' ,'0 0 0 0 0 0 0 0 ' ,35 ,1 ,1, 0
64 ,70, 46, '24 42 22 25 21 19 18 15 ' ,'0 0 0 0 0 0 0 0 ' ,25 ,1 ,1, 0
63 ,56, 39, '22 36 26 24 18 17 21 19 ' ,'0 0 0 0 0 0 0 0 ' ,21 ,1 ,1, 0
71 ,60, 57, '20 23 42 18 12 28 13 34 ' ,'0 0 0 0 0 0 0 0 ' ,32 ,1 ,1, 1
51 ,62, 36, '25 17 20 20 16 12 11 17 ' ,'0 0 0 0 0 0 0 0 ' ,15 ,0 ,0, 0
64 ,43, 39, '18 30 19 23 17 18 27 13 ' ,'0 0 0 0 0 0 0 0 ' ,21 ,1 ,0, 0
82 ,56, 68, '21 41 22 21 16 18 34 16 ' ,'0 0 0 0 0 0 0 0 ' ,38 ,0 ,1, 1
59 ,76, 45, '14 15 22 21 16 14 16 11 ' ,'0 0 0 0 0 0 0 0 ' ,24 ,1 ,0, 0
71 ,60, 56, '22 21 48 21 16 19 20 42 ' ,'0 0 0 0 0 0 0 0 ' ,35 ,1 ,1, 1
49 ,63, 23, '16 17 20 23 18 13 12 17 ' ,'0 0 0 0 0 0 0 0 ' ,18 ,1 ,0, 0
50 ,41, 32, '18 18 24 18 10 13 12 15 ' ,'0 0 0 0 0 0 0 0 ' ,10 ,1 ,1, 0
64 ,42, 49, '20 37 27 25 19 15 35 15 ' ,'0 0 0 0 0 0 0 0 ' ,28 ,1 ,1, 1
156 ,56, 133, '28 33 19 18 12 20 10 10 ' ,'0 0 0 0 0 0 0 0 ' ,106 ,1 ,1, 1
88 ,149, 61, '14 16 53 19 15 18 11 50 ' ,'0 0 0 0 0 0 0 0 ' ,45 ,1 ,0, 0
64 ,72, 45, '17 26 26 26 14 13 12 18 ' ,'0 0 0 0 0 0 0 0 ' ,23 ,1 ,0, 0
82 ,53, 59, '50 50 25 23 19 19 19 19 ' ,'0 0 0 0 0 0 0 0 ' ,38 ,1 ,0, 0
78 ,75, 65, '27 21 20 27 14 38 49 14 ' ,'0 0 0 0 0 0 0 0 ' ,43 ,1 ,0, 0
48 ,71, 35, '26 18 21 29 19 18 12 13 ' ,'0 0 0 0 0 0 0 0 ' ,16 ,0 ,0, 0
77 ,40, 53, '37 31 48 27 23 15 20 42 ' ,'0 0 0 0 0 0 0 0 ' ,30 ,1 ,0, 0
66 ,69, 47, '31 21 20 25 20 26 14 15 ' ,'0 0 0 0 0 0 0 0 ' ,28 ,1 ,1, 0
46 ,58, 31, '16 21 18 15 13 11 9 13 ' ,'0 0 0 0 0 0 0 0 ' ,2 ,0 ,0, 0
77 ,39, 60, '20 57 15 19 16 10 51 12 ' ,'0 0 0 0 0 0 0 0 ' ,49 ,1 ,1, 1
40 ,73, 24, '18 18 17 19 15 13 12 16 ' ,'0 0 0 0 0 0 0 0 ' ,6 ,0 ,1, 0
105 ,36, 44, '21 19 37 16 12 13 20 31 ' ,'0 0 0 0 0 0 0 0 ' ,29 ,0 ,0, 0
82 ,78, 61, '17 18 22 15 11 14 18 13 ' ,'0 0 0 0 0 0 0 0 ' ,24 ,1 ,1, 0
166 ,70, 98, '28 17 24 49 11 27 33 15 ' ,'0 0 0 0 0 0 0 0 ' ,65 ,1 ,0, 0
78 ,120, 44, '14 43 19 16 9 14 34 19 ' ,'0 0 0 0 0 0 0 0 ' ,36 ,1 ,0, 0
107 ,70, 53, '20 22 23 39 27 12 12 13 ' ,'0 0 0 0 0 0 0 0 ' ,27 ,0 ,0, 0
105 ,64, 46, '20 16 48 14 9 10 20 43 ' ,'0 0 0 0 0 0 0 0 ' ,37 ,1 ,0, 0
131 ,60, 75, '22 23 21 18 33 17 19 15 ' ,'0 0 0 0 0 0 0 0 ' ,45 ,0 ,0, 0
63 ,86, 34, '14 17 15 22 9 12 8 12 ' ,'0 0 0 0 0 0 0 0 ' ,17 ,0 ,1, 1
90 ,56, 73, '19 32 18 18 13 14 39 15 ' ,'0 0 0 0 0 0 0 0 ' ,3 ,1 ,1, 0
49 ,80, 34, '17 16 18 21 12 13 10 14 ' ,'0 0 0 0 0 0 0 0 ' ,17 ,1 ,0, 0
68 ,40, 52, '23 19 45 23 17 17 16 40 ' ,'0 0 0 0 0 0 0 0 ' ,30 ,0 ,1, 1
63 ,60, 40, '18 20 17 15 12 12 28 15 ' ,'0 0 0 0 0 0 0 0 ' ,11 ,1 ,1, 1
60 ,54, 42, '16 24 17 23 17 12 12 12 ' ,'0 0 0 0 0 0 0 0 ' ,22 ,0 ,0, 0
70 ,52, 49, '31 43 23 21 15 15 14 17 ' ,'0 0 0 0 0 0 0 0 ' ,30 ,1 ,0, 0
62 ,57, 47, '19 21 17 25 40 13 17 13 ' ,'0 0 0 0 0 0 0 0 ' ,29 ,1 ,1, 1
55 ,53, 37, '17 17 32 19 16 11 10 29 ' ,'0 0 0 0 0 0 0 0 ' ,22 ,1 ,0, 0
112 ,46, 95, '24 28 19 18 14 14 13 15 ' ,'0 0 0 0 0 0 0 0 ' ,77 ,1 ,0, 0
60 ,102, 35, '21 25 19 21 14 11 30 17 ' ,'0 0 0 0 0 0 0 0 ' ,18 ,1 ,0, 0
57 ,50, 21, '14 20 20 37 11 15 15 16 ' ,'0 0 0 0 0 0 0 0 ' ,18 ,0 ,0, 0
51 ,81, 31, '19 17 17 21 27 13 12 13 ' ,'0 0 0 0 0 0 0 0 ' ,17 ,1 ,1, 1
63 ,40, 36, '19 17 33 15 11 16 13 28 ' ,'0 0 0 0 0 0 0 0 ' ,25 ,2 ,1, 1
55 ,53, 35, '28 21 21 22 19 13 22 14 ' ,'0 0 0 0 0 0 0 0 ' ,15 ,1 ,0, 0
118 ,44, 60, '54 29 19 30 17 13 13 13 ' ,'0 0 0 0 0 0 0 0 ' ,39 ,1 ,1, 0
53 ,105, 37, '17 24 18 19 16 14 9 15 ' ,'0 0 0 0 0 0 0 0 ' ,17 ,1 ,0, 0
54 ,63, 34, '13 15 16 24 32 16 11 11 ' ,'0 0 0 0 0 0 0 0 ' ,21 ,0 ,1, 0
107 ,45, 91, '32 25 87 24 17 20 17 81 ' ,'0 0 0 0 0 0 0 0 ' ,69 ,0 ,0, 0
69 ,100, 54, '19 19 20 40 12 12 12 9 ' ,'0 0 0 0 0 0 0 0 ' ,38 ,1 ,1, 1
40 ,60, 24, '14 21 17 21 15 12 11 12 ' ,'0 0 0 0 0 0 0 0 ' ,8 ,2 ,1, 1
40 ,35, 26, '15 15 15 18 14 10 10 11 ' ,'0 0 0 0 0 0 0 0 ' ,12 ,1 ,0, 0
57 ,33, 38, '31 19 17 21 29 30 18 14 ' ,'0 0 0 0 0 0 0 0 ' ,22 ,1 ,0, 0
74 ,47, 61, '27 21 52 21 17 12 13 46 ' ,'0 0 0 0 0 0 0 0 ' ,43 ,1 ,0, 0
63 ,67, 52, '22 17 17 46 15 14 26 15 ' ,'0 0 0 0 0 0 0 0 ' ,32 ,1 ,0, 0
39 ,58, 26, '15 15 15 20 16 17 11 11 ' ,'0 0 0 0 0 0 0 0 ' ,10 ,1 ,1, 1
40 ,33, 28, '17 17 19 22 15 10 10 14 ' ,'0 0 0 0 0 0 0 0 ' ,13 ,0 ,0, 0
75 ,34, 62, '56 19 36 24 46 44 14 11 ' ,'0 0 0 0 0 0 0 0 ' ,46 ,1 ,1, 1
56 ,82, 37, '14 16 34 21 16 10 11 30 ' ,'0 0 0 0 0 0 0 0 ' ,25 ,1 ,0, 0
64 ,47, 42, '23 21 24 22 15 15 12 13 ' ,'0 0 0 0 0 0 0 0 ' ,27 ,10 ,0, 0
41 ,57, 27, '20 17 18 22 18 13 13 16 ' ,'0 0 0 0 0 0 0 0 ' ,7 ,0 ,0, 0
65 ,37, 42, '35 24 22 22 16 18 17 18 ' ,'0 0 0 0 0 0 0 0 ' ,21 ,0 ,1, 1
72 ,54, 57, '50 24 22 27 28 46 15 16 ' ,'0 0 0 0 0 0 0 0 ' ,36 ,0 ,1, 1
69 ,64, 52, '14 14 40 17 13 9 9 37 ' ,'0 0 0 0 0 0 0 0 ' ,30 ,1 ,0, 0
63 ,62, 44, '30 20 22 20 16 15 25 18 ' ,'0 0 0 0 0 0 0 0 ' ,24 ,8 ,0, 0
48 ,51, 24, '17 18 20 23 19 19 12 14 ' ,'0 0 0 0 0 0 0 0 ' ,13 ,1 ,1, 1
45 ,39, 30, '24 21 18 16 13 10 21 13 ' ,'0 0 0 0 0 0 0 0 ' ,14 ,0 ,0, 0
56 ,36, 37, '29 21 17 19 24 30 15 14 ' ,'0 0 0 0 0 0 0 0 ' ,19 ,1 ,0, 0
68 ,47, 54, '25 19 32 19 18 12 14 29 ' ,'0 0 0 0 0 0 0 0 ' ,27 ,1 ,1, 1
40 ,59, 26, '17 17 17 16 9 11 14 9 ' ,'0 0 0 0 0 0 0 0 ' ,6 ,1 ,0, 0
41 ,31, 26, '18 15 16 21 15 10 9 11 ' ,'0 0 0 0 0 0 0 0 ' ,10 ,0 ,1, 0
62 ,37, 49, '33 20 20 18 11 16 10 12 ' ,'0 0 0 0 0 0 0 0 ' ,24 ,1 ,1, 1
59 ,55, 44, '35 20 17 21 32 30 15 13 ' ,'0 0 0 0 0 0 0 0 ' ,24 ,1 ,0, 0
107 ,50, 67, '15 18 45 14 14 17 11 41 ' ,'0 0 0 0 0 0 0 0 ' ,49 ,1 ,1, 1
57 ,74, 23, '16 22 20 19 14 15 18 16 ' ,'0 0 0 0 0 0 0 0 ' ,25 ,1 ,0, 0
47 ,49, 32, '18 18 17 21 18 14 12 16 ' ,'0 0 0 0 0 0 0 0 ' ,11 ,1 ,1, 1
79 ,39, 23, '16 18 23 20 14 11 12 16 ' ,'0 0 0 0 0 0 0 0 ' ,14 ,1 ,0, 0
57 ,41, 36, '28 15 20 19 27 23 9 17 ' ,'0 0 0 0 0 0 0 0 ' ,20 ,0 ,1, 1
59 ,44, 35, '20 22 22 17 14 11 13 17 ' ,'0 0 0 0 0 0 0 0 ' ,10 ,1 ,1, 1
41 ,89, 28, '21 18 20 20 14 15 14 15 ' ,'0 0 0 0 0 0 0 0 ' ,9 ,1 ,1, 1
81 ,33, 62, '16 16 55 20 16 12 10 49 ' ,'0 0 0 0 0 0 0 0 ' ,47 ,1 ,0, 0
42 ,74, 30, '23 22 17 15 12 13 13 11 ' ,'0 0 0 0 0 0 0 0 ' ,9 ,0 ,0, 0
64 ,34, 50, '41 17 17 18 13 36 12 14 ' ,'0 0 0 0 0 0 0 0 ' ,31 ,1 ,0, 0
90 ,56, 66, '21 52 22 22 15 56 11 17 ' ,'0 0 0 0 0 0 0 0 ' ,46 ,1 ,1, 0
55 ,105, 34, '25 23 19 17 13 25 11 15 ' ,'0 0 0 0 0 0 0 0 ' ,22 ,1 ,1, 1
52 ,47, 28, '17 22 22 20 17 15 12 18 ' ,'0 0 0 0 0 0 0 0 ' ,10 ,1 ,1, 0
41 ,44, 23, '14 21 19 18 14 11 11 14 ' ,'0 0 0 0 0 0 0 0 ' ,10 ,1 ,0, 0
69 ,32, 47, '33 16 14 20 16 28 11 10 ' ,'0 0 0 0 0 0 0 0 ' ,23 ,1 ,1, 0
50 ,59, 27, '15 21 19 19 14 10 14 14 ' ,'0 0 0 0 0 0 0 0 ' ,12 ,1 ,0, 0
43 ,42, 29, '16 16 16 16 11 12 17 12 ' ,'0 0 0 0 0 0 0 0 ' ,13 ,2 ,0, 0
43 ,34, 28, '14 15 20 20 15 10 10 12 ' ,'0 0 0 0 0 0 0 0 ' ,13 ,1 ,0, 0
60 ,34, 46, '20 26 20 19 14 39 13 16 ' ,'0 0 0 0 0 0 0 0 ' ,27 ,1 ,1, 0
83 ,51, 67, '59 15 18 15 11 54 10 9 ' ,'0 0 0 0 0 0 0 0 ' ,52 ,2 ,0, 0
47 ,74, 33, '26 24 24 22 17 18 18 17 ' ,'0 0 0 0 0 0 0 0 ' ,11 ,0 ,0, 0
49 ,39, 35, '27 17 22 20 13 10 11 10 ' ,'0 0 0 0 0 0 0 0 ' ,15 ,1 ,0, 0
68 ,42, 50, '37 38 36 36 24 45 24 20 ' ,'0 0 0 0 0 0 0 0 ' ,23 ,0 ,1, 1
65 ,58, 49, '31 37 28 40 26 42 29 19 ' ,'0 0 0 0 0 0 0 0 ' ,26 ,1 ,1, 0
94 ,61, 73, '64 39 23 36 32 56 23 27 ' ,'0 0 0 0 0 0 0 0 ' ,44 ,2 ,0, 0
87 ,82, 62, '42 41 41 41 32 40 46 26 ' ,'0 0 0 0 0 0 0 0 ' ,25 ,1 ,0, 0
397 ,74, 378, '353 182 120 105 144 278 343 83 ' ,'0 0 0 0 0 0 0 0 ' ,284 ,15 ,1, 1
136 ,387, 111, '51 38 38 39 30 31 97 31 ' ,'0 0 0 0 0 0 0 0 ' ,74 ,2 ,1, 1
78 ,118, 62, '52 31 38 38 22 29 24 29 ' ,'0 0 0 0 0 0 0 0 ' ,32 ,1 ,1, 1
87 ,72, 61, '55 36 39 39 34 44 19 26 ' ,'0 0 0 0 0 0 0 0 ' ,32 ,1 ,1, 1
77 ,73, 57, '41 38 37 41 32 22 45 29 ' ,'0 0 0 0 0 0 0 0 ' ,19 ,0 ,1, 1
76 ,62, 52, '30 37 35 45 29 31 31 28 ' ,'0 0 0 0 0 0 0 0 ' ,19 ,1 ,1, 1
61 ,69, 45, '38 33 34 34 31 28 28 25 ' ,'0 0 0 0 0 0 0 0 ' ,17 ,1 ,0, 0
66 ,52, 50, '36 38 42 37 28 20 32 29 ' ,'0 0 0 0 0 0 0 0 ' ,23 ,1 ,1, 0
86 ,58, 65, '46 35 37 37 33 55 20 24 ' ,'0 0 0 0 0 0 0 0 ' ,35 ,1 ,1, 0
111 ,84, 77, '69 41 34 41 36 26 27 27 ' ,'0 0 0 0 0 0 0 0 ' ,46 ,1 ,1, 1
87 ,99, 75, '36 47 37 41 23 36 24 23 ' ,'0 0 0 0 0 0 0 0 ' ,39 ,1 ,1, 1
72 ,79, 59, '49 49 40 38 26 24 22 28 ' ,'0 0 0 0 0 0 0 0 ' ,27 ,1 ,1, 1
86 ,67, 48, '40 40 32 41 29 42 23 28 ' ,'0 0 0 0 0 0 0 0 ' ,18 ,1 ,1, 0
119 ,70, 96, '87 40 35 42 31 41 29 23 ' ,'0 0 0 0 0 0 0 0 ' ,66 ,2 ,1, 0
76 ,113, 62, '50 51 42 43 30 32 38 32 ' ,'0 0 0 0 0 0 0 0 ' ,25 ,1 ,0, 0
92 ,68, 74, '45 68 41 42 29 29 27 28 ' ,'0 0 0 0 0 0 0 0 ' ,41 ,1 ,1, 0
69 ,81, 55, '44 40 37 40 30 22 24 28 ' ,'0 0 0 0 0 0 0 0 ' ,24 ,1 ,0, 0
319 ,62, 306, '225 146 133 134 256 166 296 140 ' ,'0 0 0 0 124693 0 0 0 ' ,167 ,1 ,0, 0
92 ,312, 77, '71 44 39 46 33 49 33 26 ' ,'0 0 0 0 0 0 0 0 ' ,48 ,1 ,1, 0
88 ,236, 74, '46 60 38 36 31 45 28 32 ' ,'0 0 0 0 0 0 0 0 ' ,32 ,1 ,4, 4
68 ,79, 52, '35 46 39 43 33 29 37 28 ' ,'0 0 0 0 0 0 0 0 ' ,16 ,0 ,0, 0
86 ,62, 63, '53 42 37 48 25 36 30 29 ' ,'0 0 0 0 0 0 0 0 ' ,27 ,1 ,1, 0
77 ,68, 54, '44 46 47 37 31 24 30 24 ' ,'0 0 0 0 0 0 0 0 ' ,27 ,1 ,1, 1
95 ,70, 77, '70 42 44 48 30 48 29 25 ' ,'0 0 0 0 0 0 0 0 ' ,39 ,1 ,0, 0
70 ,85, 53, '43 45 46 38 32 30 32 30 ' ,'0 0 0 0 0 0 0 0 ' ,20 ,1 ,0, 0
80 ,61, 55, '34 48 37 36 32 28 33 25 ' ,'0 0 0 0 0 0 0 0 ' ,29 ,0 ,0, 0
84 ,72, 61, '54 46 43 39 33 31 29 24 ' ,'0 0 0 0 0 0 0 0 ' ,35 ,2 ,1, 0
90 ,75, 60, '58 52 39 35 31 45 27 30 ' ,'0 0 0 0 0 0 0 0 ' ,38 ,2 ,1, 1
165 ,80, 145, '137 100 35 46 30 114 120 28 ' ,'0 0 0 0 0 0 0 0 ' ,110 ,1 ,1, 0
79 ,158, 56, '53 48 43 40 30 30 29 24 ' ,'0 0 0 0 0 0 0 0 ' ,24 ,1 ,0, 0
116 ,70, 99, '54 90 37 41 28 47 52 28 ' ,'0 0 0 0 0 0 0 0 ' ,68 ,2 ,1, 1
69 ,112, 48, '36 40 38 28 34 30 32 29 ' ,'0 0 0 0 0 0 0 0 ' ,15 ,1 ,1, 1
73 ,63, 60, '46 42 44 38 28 34 23 31 ' ,'0 0 0 0 0 0 0 0 ' ,25 ,2 ,1, 1
160 ,66, 146, '74 139 42 47 36 75 118 28 ' ,'0 0 0 0 0 0 0 0 ' ,114 ,1 ,0, 0
78 ,153, 61, '43 54 39 36 23 33 23 29 ' ,'0 0 0 0 0 0 0 0 ' ,35 ,2 ,0, 0
83 ,68, 67, '61 35 49 48 28 43 34 30 ' ,'0 0 0 0 0 0 0 0 ' ,34 ,1 ,1, 1
88 ,71, 68, '56 36 47 40 33 37 31 34 ' ,'0 0 0 0 0 0 0 0 ' ,34 ,1 ,1, 1
69 ,78, 54, '39 46 37 39 30 39 25 31 ' ,'0 0 0 0 0 0 0 0 ' ,19 ,1 ,1, 1
103 ,59, 83, '76 47 41 51 35 62 45 25 ' ,'0 0 0 0 0 0 0 0 ' ,43 ,1 ,0, 0
100 ,96, 81, '68 45 46 48 35 32 20 30 ' ,'0 0 0 0 0 0 0 0 ' ,34 ,1 ,1, 1
80 ,94, 66, '55 58 36 46 29 40 36 27 ' ,'0 0 0 0 0 0 0 0 ' ,32 ,1 ,1, 1
89 ,70, 70, '64 35 45 45 28 53 33 23 ' ,'0 0 0 0 0 0 0 0 ' ,48 ,1 ,0, 0
70 ,81, 57, '46 40 46 42 29 27 50 25 ' ,'0 0 0 0 0 0 0 0 ' ,23 ,1 ,0, 0
93 ,63, 78, '63 70 43 38 34 50 24 28 ' ,'0 0 0 0 0 0 0 0 ' ,48 ,2 ,1, 0
91 ,84, 67, '45 54 52 47 26 32 25 30 ' ,'0 0 0 0 0 0 0 0 ' ,36 ,1 ,0, 0
83 ,83, 65, '59 46 31 47 32 26 25 28 ' ,'0 0 0 0 0 0 0 0 ' ,36 ,0 ,1, 0
71 ,74, 43, '36 44 40 41 25 27 33 24 ' ,'0 0 0 0 0 0 0 0 ' ,27 ,1 ,0, 0
55 ,63, 38, '24 31 22 22 14 16 17 17 ' ,'0 0 0 0 0 0 0 0 ' ,19 ,1 ,0, 0
73 ,44, 50, '42 28 29 27 20 32 20 23 ' ,'0 0 0 0 0 0 0 0 ' ,26 ,1 ,1, 0
63 ,77, 46, '35 43 27 24 15 26 17 21 ' ,'0 0 0 0 0 0 0 0 ' ,28 ,1 ,0, 0
85 ,55, 58, '24 21 50 25 22 17 15 44 ' ,'0 0 0 0 0 0 0 0 ' ,36 ,2 ,0, 0
60 ,64, 34, '20 26 20 29 19 15 15 14 ' ,'0 0 0 0 0 0 0 0 ' ,23 ,1 ,0, 0
54 ,51, 40, '27 32 24 28 20 18 17 16 ' ,'0 0 0 0 0 0 0 0 ' ,17 ,1 ,0, 0
67 ,46, 47, '39 30 23 23 18 35 16 15 ' ,'0 0 0 0 0 0 0 0 ' ,29 ,1 ,0, 0
56 ,84, 37, '24 31 24 29 15 29 11 17 ' ,'0 0 0 0 0 0 0 0 ' ,20 ,1 ,0, 0
139 ,50, 111, '29 20 108 19 17 13 15 103 ' ,'0 0 0 0 0 0 0 0 ' ,97 ,2 ,1, 0
54 ,125, 25, '18 25 27 20 19 24 19 20 ' ,'0 0 0 0 0 0 0 0 ' ,14 ,2 ,1, 0
54 ,45, 40, '24 20 29 20 14 16 31 18 ' ,'0 0 0 0 0 0 0 0 ' ,22 ,1 ,1, 1
85 ,47, 67, '57 25 23 26 18 47 16 19 ' ,'0 0 0 0 0 0 0 0 ' ,44 ,2 ,0, 0
51 ,101, 37, '28 28 24 23 16 21 24 19 ' ,'0 0 0 0 0 0 0 0 ' ,18 ,1 ,0, 0
97 ,43, 79, '31 30 73 31 24 26 30 44 ' ,'0 0 0 0 0 0 0 0 ' ,53 ,2 ,1, 0
54 ,88, 39, '32 22 29 21 18 18 23 20 ' ,'0 0 0 0 0 0 0 0 ' ,17 ,1 ,0, 0
62 ,45, 37, '24 23 27 24 16 17 16 19 ' ,'0 0 0 0 0 0 0 0 ' ,15 ,1 ,1, 1
96 ,50, 78, '71 25 26 32 23 64 17 19 ' ,'0 0 0 0 0 0 0 0 ' ,55 ,1 ,1, 0
68 ,140, 52, '21 21 23 21 15 13 25 17 ' ,'0 0 0 0 0 0 0 0 ' ,32 ,0 ,0, 0
72 ,59, 52, '21 27 45 24 19 18 17 38 ' ,'0 0 0 0 0 0 0 0 ' ,28 ,0 ,1, 0
60 ,58, 46, '34 20 24 25 23 15 20 17 ' ,'0 0 0 0 0 0 0 0 ' ,22 ,1 ,0, 0
64 ,53, 44, '26 30 24 25 18 19 18 21 ' ,'0 0 0 0 0 0 0 0 ' ,22 ,1 ,1, 1
85 ,50, 72, '66 19 20 24 19 61 15 16 ' ,'0 0 0 0 0 0 0 0 ' ,52 ,1 ,0, 0
56 ,145, 39, '27 20 21 23 18 14 26 15 ' ,'0 0 0 0 0 0 0 0 ' ,17 ,1 ,0, 0
59 ,51, 45, '20 25 37 26 18 14 17 31 ' ,'0 0 0 0 0 0 0 0 ' ,22 ,1 ,1, 1
84 ,51, 62, '18 33 20 28 18 13 14 14 ' ,'0 0 0 0 0 0 0 0 ' ,36 ,1 ,0, 0
49 ,78, 32, '24 22 22 21 14 17 18 17 ' ,'0 0 0 0 0 0 0 0 ' ,15 ,1 ,0, 0
77 ,40, 58, '50 21 22 28 18 40 14 12 ' ,'0 0 0 0 0 0 0 0 ' ,39 ,1 ,0, 0
61 ,67, 47, '29 29 30 33 24 42 34 24 ' ,'0 0 0 0 0 0 0 0 ' ,21 ,1 ,1, 0
75 ,53, 61, '22 39 42 25 17 15 11 35 ' ,'0 0 0 0 0 0 0 0 ' ,39 ,2 ,1, 0
75 ,69, 55, '49 45 32 32 20 34 19 23 ' ,'0 0 0 0 0 0 0 0 ' ,30 ,1 ,0, 0
55 ,59, 42, '30 35 21 24 22 25 13 18 ' ,'0 0 0 0 0 0 0 0 ' ,12 ,1 ,1, 1
68 ,48, 47, '40 23 22 24 18 26 13 15 ' ,'0 0 0 0 0 0 0 0 ' ,20 ,1 ,0, 0
60 ,62, 39, '23 29 26 23 18 16 24 16 ' ,'0 0 0 0 0 0 0 0 ' ,20 ,1 ,1, 0
65 ,53, 46, '24 16 40 24 18 24 13 36 ' ,'0 0 0 0 0 0 0 0 ' ,26 ,1 ,1, 1
75 ,54, 35, '24 29 23 41 19 19 32 18 ' ,'0 0 0 0 0 0 0 0 ' ,24 ,1 ,0, 0
54 ,68, 32, '24 21 23 22 15 18 14 16 ' ,'0 0 0 0 0 0 0 0 ' ,16 ,2 ,1, 1
92 ,47, 50, '36 21 21 25 18 36 12 15 ' ,'0 0 0 0 0 0 0 0 ' ,32 ,5 ,0, 0
51 ,85, 32, '23 24 24 19 17 21 17 18 ' ,'0 0 0 0 0 0 0 0 ' ,14 ,1 ,1, 0
66 ,45, 47, '17 26 41 22 19 12 13 33 ' ,'0 0 0 0 0 0 0 0 ' ,26 ,1 ,1, 0
162 ,56, 135, '28 24 139 40 17 19 18 133 ' ,'0 0 0 0 0 0 0 0 ' ,125 ,1 ,1, 0
47 ,154, 34, '23 26 23 18 15 14 16 18 ' ,'0 0 0 0 0 0 0 0 ' ,13 ,1 ,1, 1
65 ,39, 48, '40 22 18 22 17 13 23 15 ' ,'0 0 0 0 0 0 0 0 ' ,27 ,0 ,1, 1
67 ,57, 43, '35 26 22 22 31 19 16 15 ' ,'0 0 0 0 0 0 0 0 ' ,23 ,1 ,1, 1
91 ,48, 71, '22 61 55 24 19 14 15 50 ' ,'0 0 0 0 0 0 0 0 ' ,37 ,4 ,1, 1
60 ,83, 46, '25 19 26 39 17 14 20 19 ' ,'0 0 0 0 0 0 0 0 ' ,22 ,1 ,1, 1
48 ,51, 36, '20 19 23 25 15 16 28 16 ' ,'0 0 0 0 0 0 0 0 ' ,15 ,1 ,0, 0
65 ,41, 52, '19 32 23 22 19 12 15 17 ' ,'0 0 0 0 0 0 0 0 ' ,17 ,1 ,11, 0
93 ,55, 82, '51 54 44 42 54 32 31 30 ' ,'0 0 0 0 0 0 0 0 ' ,20 ,1 ,0, 0
141 ,87, 100, '53 58 110 43 28 29 36 77 ' ,'0 0 0 0 0 0 0 0 ' ,72 ,2 ,0, 0
111 ,134, 86, '45 46 48 84 31 55 51 34 ' ,'0 0 0 0 0 0 0 0 ' ,56 ,2 ,0, 0
81 ,97, 68, '61 48 45 45 32 48 59 33 ' ,'0 0 0 0 0 0 0 0 ' ,33 ,0 ,1, 0
111 ,74, 92, '73 83 48 47 58 31 29 34 ' ,'0 0 0 0 0 0 0 0 ' ,47 ,2 ,1, 0
91 ,96, 73, '56 56 47 47 72 28 30 27 ' ,'0 0 0 0 0 0 0 0 ' ,46 ,1 ,1, 1
83 ,82, 69, '45 52 59 51 28 47 28 47 ' ,'0 0 0 0 0 0 0 0 ' ,36 ,1 ,0, 0
103 ,77, 81, '52 49 47 77 29 30 24 31 ' ,'0 0 0 0 0 0 0 0 ' ,53 ,4 ,1, 1
93 ,92, 78, '45 51 46 45 31 70 37 33 ' ,'0 0 0 0 0 0 0 0 ' ,42 ,2 ,1, 1
115 ,86, 99, '38 42 40 51 35 67 29 29 ' ,'0 0 0 0 0 0 0 0 ' ,43 ,1 ,22, 1
95 ,106, 76, '48 64 40 40 32 31 34 27 ' ,'0 0 0 0 0 0 0 0 ' ,40 ,1 ,0, 0
98 ,88, 80, '49 58 71 46 33 48 29 60 ' ,'0 0 0 0 0 0 0 0 ' ,42 ,2 ,1, 0
86 ,89, 73, '41 59 48 65 33 31 27 35 ' ,'0 0 0 0 0 0 0 0 ' ,35 ,2 ,1, 1
83 ,78, 63, '47 56 42 40 28 33 46 27 ' ,'0 0 0 0 0 0 0 0 ' ,29 ,1 ,1, 0
122 ,71, 85, '54 41 42 49 34 35 74 27 ' ,'0 0 0 0 0 0 0 0 ' ,53 ,2 ,0, 0
79 ,115, 66, '41 40 44 45 38 31 25 29 ' ,'0 0 0 0 0 0 0 0 ' ,26 ,1 ,1, 1
98 ,71, 76, '55 31 67 39 26 26 34 48 ' ,'0 0 0 0 0 0 0 0 ' ,45 ,1 ,1, 1
83 ,83, 69, '55 39 40 56 26 42 27 31 ' ,'0 0 0 0 0 0 0 0 ' ,38 ,1 ,0, 0
68 ,74, 48, '41 37 41 33 27 27 37 24 ' ,'0 0 0 0 0 0 0 0 ' ,23 ,1 ,1, 0
80 ,59, 66, '57 42 44 42 29 24 20 26 ' ,'0 0 0 0 0 0 0 0 ' ,33 ,1 ,0, 0
77 ,71, 62, '54 45 42 46 45 39 27 26 ' ,'0 0 0 0 0 0 0 0 ' ,31 ,1 ,1, 1
105 ,65, 70, '44 45 62 43 29 23 24 52 ' ,'0 0 0 0 0 0 0 0 ' ,40 ,1 ,1, 1
80 ,81, 61, '33 34 40 54 24 29 38 24 ' ,'0 0 0 0 0 0 0 0 ' ,30 ,1 ,0, 0
78 ,73, 58, '50 39 43 34 25 22 42 29 ' ,'0 0 0 0 0 0 0 0 ' ,32 ,1 ,0, 0
71 ,70, 56, '45 32 34 31 31 23 25 28 ' ,'0 0 0 0 0 0 0 0 ' ,21 ,2 ,1, 1
80 ,62, 49, '29 37 42 42 37 47 23 28 ' ,'0 0 0 0 0 0 0 0 ' ,29 ,1 ,1, 1
93 ,75, 76, '27 40 66 36 30 28 14 54 ' ,'0 0 0 0 0 0 0 0 ' ,42 ,1 ,1, 1
83 ,81, 63, '37 54 39 46 27 38 38 27 ' ,'0 0 0 0 0 0 0 0 ' ,31 ,1 ,0, 0
65 ,70, 46, '36 29 39 31 28 22 35 26 ' ,'0 0 0 0 0 0 0 0 ' ,16 ,1 ,0, 0
118 ,57, 54, '45 56 37 30 22 23 24 26 ' ,'0 0 0 0 0 0 0 0 ' ,54 ,1 ,1, 1
76 ,91, 61, '37 36 38 33 35 30 49 25 ' ,'0 0 0 0 0 0 0 0 ' ,29 ,1 ,1, 0
93 ,69, 78, '41 51 69 31 29 43 21 59 ' ,'0 0 0 0 0 0 0 0 ' ,50 ,2 ,0, 0
98 ,85, 78, '32 44 37 50 27 35 20 18 ' ,'0 0 0 0 0 0 0 0 ' ,49 ,1 ,1, 1
71 ,83, 58, '41 30 37 35 19 51 34 28 ' ,'0 0 0 0 0 0 0 0 ' ,34 ,1 ,1, 0
58 ,63, 44, '36 29 30 36 23 23 26 19 ' ,'0 0 0 0 0 0 0 0 ' ,21 ,1 ,0, 0
68 ,50, 52, '42 45 37 33 47 21 27 21 ' ,'0 0 0 0 0 0 0 0 ' ,23 ,2 ,0, 0
147 ,60, 126, '45 37 78 38 23 30 29 64 ' ,'0 0 0 0 0 0 0 0 ' ,92 ,1 ,1, 0
76 ,139, 63, '54 45 41 32 27 25 22 29 ' ,'0 0 0 0 0 0 0 0 ' ,31 ,2 ,0, 0
74 ,71, 39, '30 38 36 37 29 25 42 28 ' ,'0 0 0 0 0 0 0 0 ' ,22 ,1 ,0, 0
73 ,66, 60, '51 33 37 36 28 36 46 21 ' ,'0 0 0 0 0 0 0 0 ' ,23 ,1 ,0, 0
93 ,65, 76, '49 35 36 39 76 29 34 28 ' ,'0 0 0 0 0 0 0 0 ' ,47 ,1 ,0, 0
108 ,85, 92, '57 41 82 39 31 31 45 66 ' ,'0 0 0 0 0 0 0 0 ' ,56 ,1 ,0, 0
103 ,102, 86, '56 48 43 39 28 26 19 30 ' ,'0 0 0 0 0 0 0 0 ' ,55 ,23 ,1, 0
74 ,92, 54, '30 35 36 34 17 27 30 26 ' ,'0 0 0 0 0 0 0 0 ' ,33 ,1 ,0, 0
66 ,60, 49, '38 37 41 40 29 26 37 23 ' ,'0 0 0 0 0 0 0 0 ' ,21 ,0 ,1, 0
89 ,58, 75, '49 39 36 36 68 62 36 26 ' ,'0 0 0 0 0 0 0 0 ' ,44 ,1 ,0, 0
82 ,80, 49, '40 37 46 36 26 32 12 38 ' ,'0 0 0 0 0 0 0 0 ' ,29 ,1 ,0, 0
101 ,75, 85, '36 38 36 42 30 51 27 26 ' ,'0 0 0 0 0 0 0 0 ' ,53 ,25 ,1, 0
84 ,90, 65, '41 45 38 32 27 29 23 27 ' ,'0 0 0 0 0 0 0 0 ' ,33 ,1 ,0, 0
79 ,78, 64, '46 38 42 42 29 38 52 27 ' ,'0 0 0 0 0 0 0 0 ' ,28 ,1 ,0, 0
91 ,69, 68, '39 57 38 38 53 28 47 25 ' ,'0 0 0 0 0 0 0 0 ' ,35 ,1 ,1, 1
79 ,82, 59, '47 36 54 33 24 40 26 46 ' ,'0 0 0 0 0 0 0 0 ' ,36 ,2 ,0, 0
100 ,70, 84, '44 41 41 38 29 31 40 28 ' ,'0 0 0 0 0 0 0 0 ' ,48 ,27 ,0, 0
68 ,93, 49, '42 37 39 33 29 29 19 25 ' ,'0 0 0 0 0 0 0 0 ' ,18 ,1 ,1, 1
82 ,61, 70, '37 46 41 42 22 25 27 17 ' ,'0 0 0 0 0 0 0 0 ' ,32 ,1 ,1, 1
82 ,76, 64, '56 35 35 37 41 27 32 28 ' ,'0 0 0 0 0 0 0 0 ' ,31 ,1 ,1, 0
123 ,70, 94, '38 86 63 39 30 27 25 48 ' ,'0 0 0 0 0 0 0 0 ' ,47 ,1 ,1, 1
122 ,99, 104, '48 70 37 39 27 23 24 27 ' ,'0 0 0 0 0 0 0 0 ' ,70 ,27 ,1, 1
82 ,112, 58, '37 49 35 32 23 40 18 29 ' ,'0 0 0 0 0 0 0 0 ' ,29 ,1 ,1, 0
95 ,64, 42, '31 29 35 37 29 28 21 29 ' ,'0 0 0 0 0 0 0 0 ' ,47 ,1 ,0, 0
93 ,86, 80, '47 73 37 41 42 57 42 31 ' ,'0 0 0 0 0 0 0 0 ' ,45 ,0 ,1, 0
106 ,87, 87, '39 56 43 66 34 26 42 26 ' ,'0 0 0 0 0 0 0 0 ' ,33 ,1 ,1, 1
158 ,92, 110, '41 43 38 37 36 28 44 29 ' ,'0 0 0 0 0 0 0 0 ' ,54 ,21 ,1, 1
77 ,114, 64, '42 37 35 58 25 22 27 28 ' ,'0 0 0 0 0 0 0 0 ' ,14 ,1 ,0, 0
79 ,70, 61, '52 27 38 39 16 25 35 18 ' ,'0 0 0 0 0 0 0 0 ' ,44 ,1 ,0, 0
80 ,69, 66, '43 34 46 36 25 31 37 24 ' ,'0 0 0 0 0 0 0 0 ' ,21 ,1 ,1, 1
100 ,99, 70, '60 48 36 49 23 29 29 49 ' ,'0 0 0 0 0 0 0 0 ' ,40 ,1 ,0, 0
147 ,88, 96, '47 54 42 63 51 36 21 27 ' ,'0 0 0 0 0 0 0 0 ' ,58 ,1 ,2, 2
76 ,109, 60, '47 45 41 35 22 28 23 26 ' ,'0 0 0 0 0 0 0 0 ' ,32 ,2 ,1, 1
87 ,64, 72, '62 61 39 40 28 50 28 31 ' ,'0 0 0 0 0 0 0 0 ' ,40 ,1 ,0, 0
81 ,117, 62, '38 53 33 37 25 24 19 29 ' ,'0 0 0 0 0 0 0 0 ' ,31 ,1 ,0, 0
87 ,98, 73, '32 36 33 40 27 36 26 22 ' ,'0 0 0 0 0 0 0 0 ' ,44 ,1 ,0, 0
74 ,102, 60, '50 43 42 38 29 29 30 28 ' ,'0 0 0 0 0 0 0 0 ' ,26 ,1 ,1, 1
89 ,66, 50, '38 51 35 44 29 37 23 21 ' ,'0 0 0 0 0 0 0 0 ' ,28 ,1 ,0, 0
70 ,78, 56, '48 39 44 35 31 44 34 38 ' ,'0 0 0 0 0 0 0 0 ' ,14 ,0 ,1, 1
81 ,64, 62, '49 54 39 37 28 38 33 29 ' ,'0 0 0 0 0 0 0 0 ' ,30 ,1 ,0, 0
78 ,101, 65, '49 31 35 39 28 27 48 17 ' ,'0 0 0 0 0 0 0 0 ' ,39 ,1 ,0, 0
72 ,69, 58, '51 44 41 37 29 33 39 27 ' ,'0 0 0 0 0 0 0 0 ' ,28 ,0 ,1, 0
71 ,67, 57, '43 47 40 40 27 32 29 26 ' ,'0 0 0 0 0 0 0 0 ' ,26 ,1 ,0, 0
71 ,61, 54, '44 37 33 30 24 46 29 23 ' ,'0 0 0 0 0 0 0 0 ' ,22 ,0 ,0, 0
77 ,61, 61, '48 49 43 35 26 26 30 30 ' ,'0 0 0 0 0 0 0 0 ' ,20 ,1 ,1, 0
68 ,66, 55, '35 46 29 42 26 31 25 26 ' ,'0 0 0 0 0 0 0 0 ' ,20 ,1 ,1, 1
80 ,60, 60, '38 48 42 40 27 49 28 22 ' ,'0 0 0 0 0 0 0 0 ' ,31 ,1 ,0, 0
84 ,72, 65, '35 59 43 44 25 35 25 24 ' ,'0 0 0 0 0 0 0 0 ' ,28 ,0 ,0, 0
78 ,76, 57, '42 39 39 36 29 24 26 25 ' ,'0 0 0 0 0 0 0 0 ' ,26 ,1 ,0, 0
99 ,69, 67, '57 37 39 42 32 38 23 27 ' ,'0 0 0 0 0 0 0 0 ' ,40 ,1 ,1, 1
80 ,87, 62, '55 57 30 42 32 30 29 30 ' ,'0 0 0 0 0 0 0 0 ' ,31 ,0 ,0, 0
88 ,71, 70, '61 41 43 36 29 31 26 29 ' ,'0 0 0 0 0 0 0 0 ' ,40 ,1 ,0, 0
80 ,79, 65, '47 57 37 42 33 41 37 27 ' ,'0 0 0 0 0 0 0 0 ' ,33 ,1 ,0, 0
85 ,72, 65, '53 55 38 43 31 26 32 19 ' ,'0 0 0 0 0 0 0 0 ' ,41 ,0 ,1, 0
94 ,78, 80, '71 43 42 38 29 63 28 26 ' ,'0 0 0 0 0 0 0 0 ' ,48 ,1 ,1, 0
93 ,86, 74, '55 37 38 43 33 67 38 27 ' ,'0 0 0 0 0 0 0 0 ' ,43 ,1 ,1, 1
97 ,83, 78, '33 57 43 41 29 48 66 27 ' ,'0 0 0 0 0 0 0 0 ' ,39 ,1 ,0, 0
84 ,89, 65, '54 44 42 37 25 42 48 29 ' ,'0 0 0 0 0 0 0 0 ' ,36 ,1 ,0, 0
86 ,72, 69, '61 43 40 39 32 49 45 29 ' ,'0 0 0 0 0 0 0 0 ' ,34 ,1 ,1, 0
115 ,75, 92, '85 42 44 39 30 41 28 30 ' ,'0 0 0 0 0 0 0 0 ' ,51 ,1 ,0, 0
86 ,104, 56, '47 44 38 46 25 28 27 31 ' ,'0 0 0 0 0 0 0 0 ' ,29 ,1 ,1, 0
135 ,67, 120, '69 48 111 42 31 34 28 72 ' ,'0 0 0 0 0 0 0 0 ' ,85 ,2 ,1, 0
72 ,127, 57, '49 39 38 42 26 45 31 29 ' ,'0 0 0 0 0 0 0 0 ' ,24 ,1 ,0, 0
97 ,64, 78, '47 38 44 40 21 31 54 30 ' ,'0 0 0 0 0 0 0 0 ' ,52 ,0 ,1, 0
97 ,85, 76, '66 46 38 36 26 45 32 28 ' ,'0 0 0 0 0 0 0 0 ' ,47 ,1 ,1, 1
106 ,90, 86, '41 77 41 47 34 34 24 22 ' ,'0 0 0 0 0 0 0 0 ' ,50 ,1 ,1, 1
107 ,98, 93, '58 42 79 39 28 60 39 63 ' ,'0 0 0 0 0 0 0 0 ' ,60 ,1 ,1, 1
98 ,99, 79, '70 51 42 40 24 29 45 29 ' ,'0 0 0 0 0 0 0 0 ' ,51 ,1 ,0, 0
75 ,90, 58, '41 51 41 43 33 32 31 25 ' ,'0 0 0 0 0 0 0 0 ' ,29 ,1 ,0, 0
91 ,63, 78, '67 44 50 44 29 54 31 26 ' ,'0 0 0 0 0 0 0 0 ' ,45 ,1 ,1, 0
94 ,83, 44, '37 42 49 48 32 34 46 34 ' ,'0 0 0 0 0 0 0 0 ' ,42 ,1 ,1, 1
80 ,92, 68, '37 38 42 34 32 30 30 31 ' ,'0 0 0 0 0 0 0 0 ' ,27 ,1 ,0, 0
100 ,72, 74, '40 61 52 32 27 64 49 33 ' ,'0 0 0 0 0 0 0 0 ' ,47 ,2 ,1, 0
122 ,91, 76, '36 71 41 49 33 30 32 25 ' ,'0 0 0 0 0 0 0 0 ' ,48 ,1 ,1, 0
104 ,111, 82, '69 43 43 43 26 66 29 32 ' ,'0 0 0 0 0 0 0 0 ' ,47 ,2 ,0, 0
103 ,98, 76, '38 60 38 44 34 25 66 27 ' ,'0 0 0 0 0 0 0 0 ' ,43 ,1 ,0, 0
