263 ,0, 173, '105 110 117 106 ' ,'0 0 0 0 ' ,19 ,2 ,7, 7
926 ,198, 909, '880 835 828 830 ' ,'0 0 0 0 ' ,61 ,3 ,4, 4
1012 ,923, 937, '841 872 890 910 ' ,'0 0 0 0 ' ,77 ,4 ,6, 6
995 ,1219, 958, '892 894 925 839 ' ,'0 0 0 0 ' ,85 ,1 ,6, 5
1101 ,989, 1086, '947 976 1056 1003 ' ,'0 0 0 0 ' ,117 ,3 ,10, 10
986 ,1093, 966, '936 934 938 905 ' ,'0 0 0 0 ' ,25 ,2 ,9, 9
997 ,989, 983, '923 921 952 925 ' ,'0 0 0 0 ' ,37 ,4 ,9, 9
951 ,988, 937, '851 843 917 871 ' ,'0 0 0 0 ' ,76 ,2 ,8, 7
879 ,944, 864, '812 804 841 811 ' ,'0 0 0 0 ' ,33 ,4 ,8, 8
878 ,869, 862, '843 790 832 783 ' ,'0 0 0 0 ' ,66 ,3 ,6, 6
901 ,868, 887, '851 832 821 863 ' ,'0 0 0 0 ' ,44 ,2 ,9, 9
924 ,891, 910, '857 870 883 878 ' ,'0 0 0 0 ' ,36 ,3 ,8, 8
999 ,916, 986, '903 944 937 930 ' ,'0 0 0 0 ' ,64 ,1 ,8, 7
1002 ,994, 990, '967 971 948 942 ' ,'0 0 0 0 ' ,28 ,1 ,7, 7
1037 ,998, 1023, '1002 1001 993 970 ' ,'0 0 0 0 ' ,33 ,1 ,8, 8
1058 ,1030, 1039, '979 1017 985 980 ' ,'0 0 0 0 ' ,43 ,2 ,9, 9
951 ,1044, 937, '915 895 861 901 ' ,'0 0 0 0 ' ,63 ,2 ,8, 8
1068 ,944, 1051, '935 940 1028 976 ' ,'0 0 0 0 ' ,100 ,2 ,10, 10
980 ,1061, 964, '931 924 887 894 ' ,'0 0 0 0 ' ,65 ,1 ,8, 8
961 ,973, 946, '901 888 906 930 ' ,'0 0 0 0 ' ,44 ,1 ,9, 9
979 ,950, 965, '925 947 909 935 ' ,'0 0 0 0 ' ,39 ,1 ,9, 9
995 ,968, 976, '866 917 959 892 ' ,'0 0 0 0 ' ,98 ,1 ,7, 6
925 ,984, 912, '820 847 860 899 ' ,'0 0 0 0 ' ,80 ,2 ,6, 6
892 ,919, 878, '850 828 847 862 ' ,'0 0 0 0 ' ,37 ,1 ,7, 6
908 ,888, 893, '877 847 869 850 ' ,'0 0 0 0 ' ,30 ,2 ,8, 7
938 ,899, 923, '846 847 907 861 ' ,'0 0 0 0 ' ,63 ,2 ,6, 6
942 ,930, 920, '851 865 906 880 ' ,'0 0 0 0 ' ,57 ,1 ,7, 7
995 ,929, 975, '885 869 951 839 ' ,'0 0 0 0 ' ,117 ,2 ,8, 8
1051 ,981, 1030, '970 1018 931 955 ' ,'0 0 0 0 ' ,91 ,2 ,8, 8
1037 ,1042, 1024, '952 935 1004 935 ' ,'0 0 0 0 ' ,73 ,1 ,11, 10
1097 ,1029, 1079, '960 1004 1060 967 ' ,'0 0 0 0 ' ,102 ,2 ,10, 9
1025 ,1085, 1011, '977 944 992 926 ' ,'0 0 0 0 ' ,69 ,2 ,10, 10
1025 ,1016, 1011, '989 960 960 995 ' ,'0 0 0 0 ' ,37 ,1 ,7, 7
921 ,1019, 908, '888 894 890 888 ' ,'0 0 0 0 ' ,7 ,1 ,5, 5
966 ,916, 947, '887 914 923 922 ' ,'0 0 0 0 ' ,31 ,2 ,9, 9
945 ,958, 927, '903 889 886 915 ' ,'0 0 0 0 ' ,30 ,1 ,6, 5
927 ,940, 913, '858 865 894 839 ' ,'0 0 0 0 ' ,59 ,1 ,9, 8
932 ,919, 917, '860 843 882 891 ' ,'0 0 0 0 ' ,48 ,6 ,9, 8
939 ,925, 927, '854 875 882 869 ' ,'0 0 0 0 ' ,57 ,24 ,9, 8
949 ,931, 929, '889 885 914 902 ' ,'0 0 0 0 ' ,31 ,1 ,6, 6
950 ,936, 931, '913 868 869 898 ' ,'0 0 0 0 ' ,49 ,2 ,8, 8
960 ,939, 947, '882 931 915 904 ' ,'0 0 0 0 ' ,51 ,2 ,7, 7
1011 ,951, 999, '954 975 975 942 ' ,'0 0 0 0 ' ,42 ,3 ,7, 7
1071 ,1005, 1054, '953 1011 1005 1035 ' ,'0 0 0 0 ' ,86 ,2 ,8, 8
1070 ,1062, 1048, '1022 988 1030 942 ' ,'0 0 0 0 ' ,91 ,2 ,7, 7
1043 ,1057, 1026, '997 1002 973 1007 ' ,'0 0 0 0 ' ,37 ,2 ,8, 8
1060 ,1032, 1043, '1024 1019 1002 983 ' ,'0 0 0 0 ' ,47 ,2 ,8, 8
857 ,1051, 836, '824 762 819 811 ' ,'0 0 0 0 ' ,59 ,2 ,7, 6
946 ,849, 931, '884 884 880 914 ' ,'0 0 0 0 ' ,36 ,1 ,7, 7
927 ,938, 915, '870 891 851 898 ' ,'0 0 0 0 ' ,46 ,1 ,8, 8
946 ,918, 935, '838 883 913 882 ' ,'0 0 0 0 ' ,81 ,3 ,7, 7
937 ,938, 921, '865 901 876 862 ' ,'0 0 0 0 ' ,44 ,2 ,8, 8
921 ,925, 907, '888 886 829 873 ' ,'0 0 0 0 ' ,59 ,2 ,9, 8
940 ,911, 924, '893 889 859 910 ' ,'0 0 0 0 ' ,36 ,1 ,6, 6
964 ,929, 947, '897 890 887 932 ' ,'0 0 0 0 ' ,44 ,1 ,7, 7
962 ,956, 945, '899 906 905 926 ' ,'0 0 0 0 ' ,29 ,1 ,8, 8
1031 ,949, 1015, '995 898 972 961 ' ,'0 0 0 0 ' ,81 ,1 ,9, 9
1015 ,1020, 997, '976 951 919 980 ' ,'0 0 0 0 ' ,61 ,1 ,8, 7
1565 ,1005, 1548, '951 936 956 1531 ' ,'0 0 0 573627 ' ,595 ,2 ,9, 9
904 ,1552, 890, '856 809 866 873 ' ,'0 0 0 0 ' ,66 ,1 ,8, 8
932 ,895, 917, '860 843 895 839 ' ,'0 0 0 0 ' ,61 ,1 ,8, 8
937 ,921, 923, '904 842 844 899 ' ,'0 0 0 0 ' ,64 ,2 ,7, 6
993 ,930, 975, '908 890 882 958 ' ,'0 0 0 0 ' ,73 ,1 ,10, 9
978 ,981, 966, '910 911 878 946 ' ,'0 0 0 0 ' ,70 ,2 ,9, 8
950 ,970, 937, '911 879 870 916 ' ,'0 0 0 0 ' ,50 ,2 ,7, 6
914 ,943, 900, '873 868 880 865 ' ,'0 0 0 0 ' ,20 ,1 ,9, 8
987 ,905, 973, '952 845 877 897 ' ,'0 0 0 0 ' ,110 ,1 ,8, 7
999 ,1007, 987, '965 950 854 913 ' ,'0 0 0 0 ' ,114 ,2 ,8, 7
1021 ,993, 1002, '982 955 923 948 ' ,'0 0 0 0 ' ,62 ,2 ,8, 7
1829 ,1015, 1809, '1022 966 954 1024 ' ,'0 0 0 0 ' ,839 ,2 ,6, 6
1015 ,1815, 1002, '940 913 857 984 ' ,'0 0 0 0 ' ,126 ,2 ,10, 9
968 ,1006, 950, '820 806 925 866 ' ,'0 0 0 0 ' ,126 ,2 ,9, 9
1669 ,956, 1655, '855 858 1628 871 ' ,'0 0 747019 0 ' ,778 ,2 ,12, 11
914 ,1659, 893, '871 855 821 815 ' ,'0 0 0 0 ' ,62 ,3 ,9, 8
910 ,902, 894, '839 800 877 847 ' ,'0 0 0 0 ' ,78 ,0 ,8, 8
967 ,900, 952, '880 884 830 934 ' ,'0 0 0 0 ' ,106 ,1 ,9, 8
966 ,959, 952, '899 908 857 931 ' ,'0 0 0 0 ' ,78 ,2 ,9, 9
939 ,960, 927, '865 885 903 893 ' ,'0 0 0 0 ' ,44 ,2 ,9, 9
969 ,933, 956, '896 933 901 915 ' ,'0 0 0 0 ' ,42 ,3 ,9, 9
992 ,960, 979, '955 960 928 939 ' ,'0 0 0 0 ' ,35 ,1 ,8, 8
1043 ,984, 1031, '1000 990 1003 940 ' ,'0 0 0 0 ' ,75 ,2 ,10, 9
1031 ,1035, 999, '954 882 938 983 ' ,'0 0 0 0 ' ,99 ,1 ,8, 8
1038 ,1015, 1020, '966 993 940 974 ' ,'0 0 0 0 ' ,62 ,1 ,8, 8
1133 ,1030, 1119, '942 987 971 1080 ' ,'0 0 0 0 ' ,158 ,1 ,10, 10
1099 ,1124, 1058, '916 957 942 1002 ' ,'0 0 0 0 ' ,125 ,2 ,7, 7
952 ,1063, 939, '874 912 829 913 ' ,'0 0 0 0 ' ,92 ,2 ,7, 7
949 ,947, 934, '827 891 912 891 ' ,'0 0 0 0 ' ,88 ,2 ,9, 8
929 ,939, 916, '845 840 877 893 ' ,'0 0 0 0 ' ,56 ,2 ,9, 9
937 ,920, 923, '812 891 900 880 ' ,'0 0 0 0 ' ,93 ,2 ,8, 8
1000 ,928, 988, '850 898 960 891 ' ,'0 0 0 0 ' ,118 ,3 ,9, 9
962 ,1035, 947, '925 822 836 862 ' ,'0 0 0 0 ' ,108 ,3 ,7, 7
956 ,953, 943, '920 890 890 888 ' ,'0 0 0 0 ' ,39 ,3 ,7, 6
962 ,949, 950, '902 918 929 874 ' ,'0 0 0 0 ' ,59 ,2 ,7, 7
1026 ,954, 1011, '986 974 938 885 ' ,'0 0 0 0 ' ,107 ,1 ,7, 6
1025 ,1017, 1012, '874 961 987 930 ' ,'0 0 0 0 ' ,118 ,3 ,10, 9
1007 ,1017, 994, '940 965 969 872 ' ,'0 0 0 0 ' ,103 ,2 ,8, 8
1035 ,1000, 1020, '946 994 959 951 ' ,'0 0 0 0 ' ,54 ,2 ,9, 9
1009 ,1024, 990, '889 846 964 897 ' ,'0 0 0 0 ' ,122 ,2 ,10, 9
977 ,1001, 963, '863 938 891 913 ' ,'0 0 0 0 ' ,80 ,3 ,7, 7
968 ,968, 952, '820 807 894 928 ' ,'0 0 0 0 ' ,125 ,2 ,9, 9
951 ,957, 937, '890 896 913 912 ' ,'0 0 0 0 ' ,28 ,2 ,8, 8
934 ,943, 922, '850 898 845 877 ' ,'0 0 0 0 ' ,55 ,2 ,9, 9
913 ,925, 897, '875 847 854 866 ' ,'0 0 0 0 ' ,34 ,3 ,6, 5
1008 ,904, 991, '967 816 924 920 ' ,'0 0 0 0 ' ,156 ,2 ,9, 9
982 ,1000, 970, '944 914 913 937 ' ,'0 0 0 0 ' ,32 ,3 ,7, 7
1053 ,975, 1041, '973 945 1003 937 ' ,'0 0 0 0 ' ,84 ,2 ,10, 10
1054 ,1045, 1038, '1011 954 963 945 ' ,'0 0 0 0 ' ,72 ,2 ,9, 9
973 ,1044, 960, '897 858 931 903 ' ,'0 0 0 0 ' ,80 ,2 ,11, 10
1135 ,963, 1122, '956 958 1094 990 ' ,'0 0 0 0 ' ,145 ,2 ,10, 10
1007 ,1127, 995, '919 918 970 926 ' ,'0 0 0 0 ' ,57 ,2 ,8, 8
1008 ,1000, 995, '914 872 939 972 ' ,'0 0 0 0 ' ,103 ,3 ,9, 9
968 ,1000, 955, '877 813 910 933 ' ,'0 0 0 0 ' ,122 ,2 ,9, 9
906 ,1004, 894, '866 775 809 802 ' ,'0 0 0 0 ' ,100 ,3 ,9, 9
925 ,897, 912, '857 876 888 896 ' ,'0 0 0 0 ' ,39 ,2 ,5, 5
984 ,921, 972, '926 922 947 930 ' ,'0 0 0 0 ' ,30 ,2 ,8, 8
1008 ,995, 985, '960 914 962 922 ' ,'0 0 0 0 ' ,50 ,2 ,6, 5
1062 ,1002, 1045, '978 966 1023 972 ' ,'0 0 0 0 ' ,57 ,3 ,6, 5
1015 ,1053, 1001, '909 962 975 977 ' ,'0 0 0 0 ' ,69 ,2 ,9, 9
1009 ,1006, 993, '909 934 932 973 ' ,'0 0 0 0 ' ,64 ,1 ,8, 7
911 ,1000, 895, '803 859 864 875 ' ,'0 0 0 0 ' ,74 ,2 ,7, 7
1022 ,904, 1008, '864 977 873 870 ' ,'0 0 0 0 ' ,123 ,2 ,8, 8
948 ,1013, 934, '873 859 908 826 ' ,'0 0 0 0 ' ,86 ,3 ,9, 9
1000 ,939, 986, '914 959 904 903 ' ,'0 0 0 0 ' ,64 ,3 ,7, 7
982 ,991, 971, '895 930 946 915 ' ,'0 0 0 0 ' ,58 ,3 ,7, 7
1015 ,975, 986, '936 960 877 925 ' ,'0 0 0 0 ' ,72 ,3 ,8, 8
1039 ,999, 1020, '941 931 952 995 ' ,'0 0 0 0 ' ,68 ,3 ,10, 10
1095 ,1050, 1083, '1026 970 1000 1060 ' ,'0 0 0 0 ' ,83 ,3 ,6, 6
1004 ,1092, 990, '957 943 940 968 ' ,'0 0 0 0 ' ,27 ,2 ,9, 9
1030 ,996, 1017, '922 959 993 916 ' ,'0 0 0 0 ' ,82 ,3 ,6, 6
901 ,1044, 877, '840 844 838 821 ' ,'0 0 0 0 ' ,30 ,3 ,7, 6
924 ,882, 912, '868 791 887 871 ' ,'0 0 0 0 ' ,103 ,3 ,6, 6
960 ,919, 947, '844 838 921 878 ' ,'0 0 0 0 ' ,91 ,3 ,6, 5
1109 ,959, 1097, '895 821 925 915 ' ,'0 0 0 0 ' ,258 ,149 ,6, 6
1057 ,1108, 1044, '968 888 1010 952 ' ,'0 0 0 0 ' ,134 ,3 ,11, 11
1060 ,1048, 1046, '1003 994 1022 969 ' ,'0 0 0 0 ' ,59 ,2 ,7, 6
981 ,1053, 965, '916 904 942 914 ' ,'0 0 0 0 ' ,42 ,2 ,7, 7
1094 ,973, 1081, '992 904 999 1063 ' ,'0 0 0 0 ' ,157 ,1 ,8, 8
1080 ,1087, 1064, '907 957 1035 915 ' ,'0 0 0 0 ' ,132 ,1 ,10, 9
906 ,1069, 889, '863 756 845 799 ' ,'0 0 0 0 ' ,111 ,1 ,9, 8
954 ,897, 942, '771 912 867 861 ' ,'0 0 0 0 ' ,150 ,2 ,9, 9
914 ,946, 899, '871 810 856 862 ' ,'0 0 0 0 ' ,68 ,2 ,8, 8
969 ,904, 952, '922 882 886 926 ' ,'0 0 0 0 ' ,49 ,1 ,9, 8
971 ,957, 952, '897 908 922 929 ' ,'0 0 0 0 ' ,34 ,2 ,9, 9
982 ,961, 968, '940 907 879 931 ' ,'0 0 0 0 ' ,67 ,3 ,9, 9
988 ,972, 974, '907 881 946 948 ' ,'0 0 0 0 ' ,71 ,2 ,9, 9
991 ,979, 978, '913 896 948 942 ' ,'0 0 0 0 ' ,61 ,2 ,10, 9
1087 ,983, 1072, '914 941 1047 962 ' ,'0 0 0 0 ' ,136 ,2 ,9, 9
1080 ,1077, 1057, '943 902 1025 881 ' ,'0 0 0 0 ' ,157 ,2 ,10, 9
977 ,1062, 963, '878 910 883 939 ' ,'0 0 0 0 ' ,63 ,2 ,10, 9
1007 ,968, 988, '893 854 907 963 ' ,'0 0 0 0 ' ,110 ,2 ,10, 10
1016 ,992, 1003, '843 875 974 824 ' ,'0 0 0 0 ' ,158 ,2 ,10, 9
957 ,1008, 944, '811 823 916 845 ' ,'0 0 0 0 ' ,104 ,3 ,9, 9
950 ,948, 937, '867 846 907 853 ' ,'0 0 0 0 ' ,66 ,2 ,11, 10
994 ,941, 980, '850 885 950 896 ' ,'0 0 0 0 ' ,107 ,2 ,10, 9
1047 ,986, 1034, '848 874 990 837 ' ,'0 0 0 0 ' ,164 ,2 ,19, 5
1008 ,1038, 990, '884 865 963 931 ' ,'0 0 0 0 ' ,102 ,1 ,9, 9
1100 ,996, 1086, '960 991 976 1062 ' ,'0 0 0 0 ' ,105 ,2 ,9, 9
1046 ,1091, 1013, '937 928 978 907 ' ,'0 0 0 0 ' ,79 ,2 ,16, 8
981 ,1017, 963, '884 928 932 883 ' ,'0 0 0 0 ' ,34 ,2 ,10, 10
1026 ,973, 1013, '943 925 987 964 ' ,'0 0 0 0 ' ,68 ,1 ,7, 7
900 ,1018, 882, '843 854 853 859 ' ,'0 0 0 0 ' ,13 ,1 ,9, 8
1027 ,893, 1014, '847 858 964 855 ' ,'0 0 0 0 ' ,128 ,3 ,8, 8
895 ,1018, 877, '823 846 852 836 ' ,'0 0 0 0 ' ,19 ,2 ,9, 9
962 ,883, 943, '904 883 882 909 ' ,'0 0 0 0 ' ,37 ,2 ,10, 10
993 ,954, 979, '911 884 901 938 ' ,'0 0 0 0 ' ,73 ,18 ,9, 8
1168 ,984, 1153, '1126 1059 1005 887 ' ,'0 0 0 0 ' ,247 ,2 ,8, 7
1067 ,1159, 1050, '1017 951 993 1004 ' ,'0 0 0 0 ' ,68 ,2 ,15, 14
1053 ,1053, 1022, '983 861 915 944 ' ,'0 0 0 0 ' ,138 ,12 ,10, 10
1114 ,1034, 1095, '1007 1037 1066 980 ' ,'0 0 0 0 ' ,94 ,3 ,9, 9
1050 ,1103, 1022, '992 881 917 936 ' ,'0 0 0 0 ' ,119 ,3 ,8, 8
998 ,1042, 984, '822 891 878 958 ' ,'0 0 0 0 ' ,137 ,2 ,10, 10
1014 ,988, 1000, '873 943 969 931 ' ,'0 0 0 0 ' ,105 ,3 ,9, 9
949 ,1006, 936, '888 799 908 799 ' ,'0 0 0 0 ' ,114 ,3 ,7, 7
1008 ,942, 993, '963 842 943 883 ' ,'0 0 0 0 ' ,130 ,3 ,8, 8
1043 ,1001, 1027, '994 924 996 936 ' ,'0 0 0 0 ' ,79 ,2 ,8, 8
1033 ,1033, 1020, '920 863 990 955 ' ,'0 0 0 0 ' ,133 ,2 ,9, 9
998 ,1024, 985, '894 810 905 959 ' ,'0 0 0 0 ' ,150 ,3 ,9, 8
1011 ,989, 996, '901 963 925 935 ' ,'0 0 0 0 ' ,73 ,2 ,9, 9
931 ,999, 912, '880 876 803 879 ' ,'0 0 0 0 ' ,81 ,1 ,9, 9
982 ,920, 969, '904 908 934 898 ' ,'0 0 0 0 ' ,46 ,2 ,10, 9
986 ,974, 972, '944 915 910 891 ' ,'0 0 0 0 ' ,57 ,2 ,8, 8
978 ,979, 961, '929 862 911 901 ' ,'0 0 0 0 ' ,75 ,2 ,8, 8
937 ,970, 924, '878 876 888 889 ' ,'0 0 0 0 ' ,22 ,2 ,8, 8
972 ,935, 954, '911 892 926 889 ' ,'0 0 0 0 ' ,42 ,3 ,8, 8
959 ,960, 946, '905 888 911 825 ' ,'0 0 0 0 ' ,101 ,2 ,9, 8
1001 ,951, 987, '956 939 919 800 ' ,'0 0 0 0 ' ,168 ,3 ,7, 7
994 ,994, 977, '937 945 946 946 ' ,'0 0 0 0 ' ,14 ,1 ,8, 8
965 ,984, 952, '916 883 904 927 ' ,'0 0 0 0 ' ,47 ,2 ,8, 7
1011 ,957, 996, '926 882 965 926 ' ,'0 0 0 0 ' ,91 ,2 ,7, 7
1105 ,1001, 1012, '929 936 981 939 ' ,'0 0 0 0 ' ,60 ,2 ,7, 6
1055 ,1016, 1041, '1011 846 865 933 ' ,'0 0 0 0 ' ,171 ,3 ,9, 8
1067 ,1046, 1052, '908 832 877 1018 ' ,'0 0 0 0 ' ,189 ,2 ,10, 10
983 ,1057, 969, '933 910 942 857 ' ,'0 0 0 0 ' ,90 ,1 ,10, 9
980 ,973, 964, '850 926 842 887 ' ,'0 0 0 0 ' ,64 ,2 ,9, 9
1047 ,973, 1034, '998 890 971 951 ' ,'0 0 0 0 ' ,121 ,3 ,7, 7
986 ,1040, 970, '904 910 886 945 ' ,'0 0 0 0 ' ,64 ,2 ,8, 7
1050 ,978, 1038, '945 980 948 885 ' ,'0 0 0 0 ' ,128 ,29 ,8, 8
919 ,1042, 904, '869 874 784 866 ' ,'0 0 0 0 ' ,96 ,1 ,8, 8
1000 ,909, 980, '883 899 903 956 ' ,'0 0 0 0 ' ,71 ,3 ,10, 9
1005 ,986, 980, '907 901 951 923 ' ,'0 0 0 0 ' ,39 ,2 ,11, 10
1083 ,999, 1069, '963 915 1015 1044 ' ,'0 0 0 0 ' ,131 ,6 ,8, 7
1025 ,1077, 1011, '957 893 908 939 ' ,'0 0 0 0 ' ,91 ,24 ,10, 9
1006 ,1016, 993, '861 832 822 966 ' ,'0 0 0 0 ' ,139 ,2 ,10, 10
1260 ,996, 1248, '947 888 883 890 ' ,'0 0 0 0 ' ,270 ,3 ,10, 9
978 ,1251, 965, '897 907 903 936 ' ,'0 0 0 0 ' ,43 ,2 ,9, 9
965 ,970, 952, '904 886 918 874 ' ,'0 0 0 0 ' ,57 ,3 ,7, 7
1009 ,958, 994, '956 859 901 872 ' ,'0 0 0 0 ' ,111 ,3 ,8, 8
979 ,1002, 963, '894 863 930 888 ' ,'0 0 0 0 ' ,77 ,3 ,9, 8
1006 ,968, 989, '923 881 961 926 ' ,'0 0 0 0 ' ,86 ,2 ,7, 7
946 ,996, 934, '898 890 896 879 ' ,'0 0 0 0 ' ,33 ,2 ,8, 8
1425 ,938, 1408, '1378 1033 1179 965 ' ,'461944 0 0 0 ' ,425 ,3 ,7, 7
967 ,1418, 953, '920 874 896 888 ' ,'0 0 0 0 ' ,55 ,1 ,10, 9
1048 ,958, 1033, '946 926 992 967 ' ,'0 0 0 0 ' ,83 ,3 ,8, 8
1247 ,1062, 1230, '973 973 875 925 ' ,'0 0 0 0 ' ,278 ,2 ,10, 10
1012 ,1238, 996, '955 944 965 938 ' ,'0 0 0 0 ' ,35 ,3 ,9, 9
1117 ,1002, 1103, '926 942 1066 996 ' ,'0 0 0 0 ' ,150 ,2 ,11, 10
998 ,1108, 977, '945 933 913 926 ' ,'0 0 0 0 ' ,45 ,3 ,8, 8
1056 ,989, 1042, '898 904 935 1014 ' ,'0 0 0 0 ' ,120 ,2 ,10, 9
938 ,1050, 924, '888 872 837 818 ' ,'0 0 0 0 ' ,83 ,2 ,9, 8
984 ,930, 972, '904 941 898 894 ' ,'0 0 0 0 ' ,50 ,3 ,8, 8
945 ,976, 932, '899 863 874 889 ' ,'0 0 0 0 ' ,44 ,2 ,9, 8
997 ,936, 984, '898 949 899 958 ' ,'0 0 0 0 ' ,61 ,1 ,9, 9
