541 ,0, 188, '77 76 61 82 78 76 93 64 ' ,'0 0 0 0 0 0 0 0 ' ,46 ,4 ,10, 9
1789 ,530, 1749, '804 697 1723 502 461 767 615 1708 ' ,'0 0 0 0 0 0 0 0 ' ,1268 ,2 ,3, 3
536 ,1781, 511, '487 489 445 463 439 449 416 380 ' ,'0 0 0 0 0 0 0 0 ' ,123 ,4 ,3, 3
715 ,530, 679, '531 644 492 660 469 539 466 417 ' ,'0 0 0 0 0 0 0 0 ' ,245 ,1 ,7, 7
592 ,708, 568, '547 524 463 500 447 461 490 439 ' ,'0 0 0 0 0 0 0 0 ' ,116 ,3 ,5, 5
608 ,580, 593, '506 533 516 519 451 478 568 494 ' ,'0 0 0 0 0 0 0 0 ' ,131 ,4 ,4, 4
627 ,601, 604, '588 539 509 478 463 571 490 480 ' ,'0 0 0 0 0 0 0 0 ' ,129 ,3 ,4, 4
595 ,619, 579, '539 555 496 510 469 505 444 454 ' ,'0 0 0 0 0 0 0 0 ' ,106 ,4 ,4, 4
610 ,585, 591, '481 481 469 500 470 442 439 442 ' ,'0 0 0 0 0 0 0 0 ' ,136 ,3 ,4, 3
508 ,602, 485, '476 460 427 446 405 418 400 414 ' ,'0 0 0 0 0 0 0 0 ' ,74 ,2 ,3, 3
567 ,507, 540, '478 503 531 416 418 500 525 478 ' ,'0 0 0 0 0 0 0 0 ' ,119 ,4 ,3, 2
580 ,559, 556, '543 508 441 398 418 447 460 400 ' ,'0 0 0 0 0 0 0 0 ' ,148 ,4 ,3, 2
544 ,567, 522, '507 456 457 496 430 434 481 466 ' ,'0 0 0 0 0 0 0 0 ' ,82 ,2 ,3, 3
608 ,537, 586, '570 498 466 459 444 560 460 493 ' ,'0 0 0 0 0 0 0 0 ' ,127 ,2 ,2, 2
675 ,602, 655, '607 571 566 498 471 632 514 462 ' ,'0 0 0 0 0 0 0 0 ' ,184 ,2 ,3, 2
805 ,675, 757, '724 675 495 506 467 568 666 466 ' ,'0 0 0 0 0 0 0 0 ' ,261 ,3 ,3, 2
860 ,795, 830, '813 763 557 524 515 614 700 516 ' ,'0 0 0 0 0 0 0 0 ' ,304 ,2 ,5, 4
666 ,848, 645, '598 628 504 493 398 495 578 458 ' ,'0 0 0 0 0 0 0 0 ' ,238 ,1 ,3, 3
805 ,653, 781, '766 722 543 559 575 513 521 502 ' ,'0 0 0 0 0 0 0 0 ' ,262 ,1 ,4, 4
715 ,788, 689, '671 567 489 507 484 652 634 479 ' ,'0 0 0 0 0 0 0 0 ' ,198 ,1 ,3, 3
906 ,705, 881, '746 675 545 523 461 660 642 528 ' ,'0 0 0 0 0 0 0 0 ' ,413 ,2 ,4, 3
737 ,899, 711, '698 511 487 531 464 647 458 468 ' ,'0 0 0 0 0 0 0 0 ' ,227 ,1 ,3, 2
752 ,720, 735, '659 719 500 484 461 650 600 467 ' ,'0 0 0 0 0 0 0 0 ' ,264 ,1 ,4, 3
677 ,742, 660, '646 558 463 467 435 621 577 466 ' ,'0 0 0 0 0 0 0 0 ' ,216 ,2 ,4, 3
712 ,668, 691, '637 674 479 468 453 573 614 456 ' ,'0 0 0 0 0 0 0 0 ' ,230 ,2 ,3, 3
691 ,707, 668, '613 654 473 472 446 594 620 478 ' ,'0 0 0 0 0 0 0 0 ' ,210 ,1 ,3, 2
712 ,683, 695, '652 557 454 448 415 514 675 442 ' ,'0 0 0 0 0 0 0 0 ' ,262 ,2 ,5, 5
694 ,704, 659, '618 604 452 481 478 658 585 438 ' ,'0 0 0 0 0 0 0 0 ' ,223 ,2 ,2, 2
697 ,681, 682, '622 667 462 453 422 553 452 438 ' ,'0 0 0 0 0 0 0 0 ' ,253 ,2 ,3, 2
669 ,690, 645, '568 590 437 447 461 636 549 410 ' ,'0 0 0 0 0 0 0 0 ' ,228 ,2 ,2, 2
682 ,661, 627, '651 617 484 464 420 621 522 423 ' ,'0 0 0 0 0 0 0 0 ' ,239 ,1 ,2, 2
688 ,678, 659, '628 486 440 452 430 494 416 410 ' ,'0 0 0 0 0 0 0 0 ' ,235 ,2 ,4, 4
789 ,674, 768, '658 612 514 552 546 752 732 471 ' ,'0 0 0 0 0 0 0 0 ' ,289 ,2 ,4, 3
782 ,775, 758, '747 645 518 523 500 727 645 466 ' ,'0 0 0 0 0 0 0 0 ' ,282 ,1 ,3, 3
664 ,774, 648, '595 608 569 510 509 554 626 496 ' ,'0 0 0 0 0 0 0 0 ' ,133 ,2 ,11, 11
804 ,656, 788, '641 704 551 571 523 775 714 553 ' ,'0 0 0 0 0 0 0 0 ' ,253 ,1 ,2, 2
798 ,795, 781, '772 689 531 540 490 630 606 497 ' ,'0 0 0 0 0 0 0 0 ' ,283 ,2 ,3, 3
761 ,791, 735, '718 566 483 509 476 594 527 481 ' ,'0 0 0 0 0 0 0 0 ' ,250 ,2 ,3, 3
703 ,753, 689, '672 592 486 542 524 575 655 500 ' ,'0 0 0 0 0 0 0 0 ' ,188 ,2 ,5, 4
763 ,696, 741, '661 727 499 574 489 536 586 454 ' ,'0 0 0 0 0 0 0 0 ' ,274 ,1 ,3, 3
727 ,756, 712, '693 631 523 477 460 509 493 506 ' ,'0 0 0 0 0 0 0 0 ' ,238 ,2 ,5, 5
678 ,719, 656, '644 533 531 557 497 595 543 466 ' ,'0 0 0 0 0 0 0 0 ' ,180 ,1 ,4, 4
685 ,670, 670, '557 588 485 491 497 542 656 476 ' ,'0 0 0 0 0 0 0 0 ' ,182 ,2 ,4, 3
886 ,679, 863, '850 532 449 454 439 643 698 437 ' ,'0 0 0 0 0 0 0 0 ' ,417 ,2 ,3, 3
723 ,876, 702, '683 617 494 568 451 630 525 443 ' ,'0 0 0 0 0 0 0 0 ' ,244 ,1 ,8, 8
695 ,715, 629, '615 631 560 459 446 526 643 569 ' ,'0 0 0 0 0 0 0 0 ' ,197 ,2 ,3, 3
691 ,690, 667, '655 633 468 461 434 565 476 433 ' ,'0 0 0 0 0 0 0 0 ' ,231 ,1 ,3, 3
638 ,684, 624, '475 455 446 449 494 609 504 454 ' ,'0 0 0 0 0 0 0 0 ' ,158 ,2 ,3, 2
710 ,630, 690, '559 634 470 469 429 602 575 441 ' ,'0 0 0 0 0 0 0 0 ' ,254 ,46 ,4, 4
650 ,705, 627, '605 576 457 435 452 613 542 406 ' ,'0 0 0 0 0 0 0 0 ' ,209 ,1 ,5, 4
666 ,636, 647, '560 464 541 505 485 639 580 475 ' ,'0 0 0 0 0 0 0 0 ' ,164 ,2 ,4, 3
912 ,658, 887, '872 728 487 519 470 685 576 462 ' ,'0 0 0 0 0 0 0 0 ' ,417 ,2 ,3, 3
743 ,906, 726, '710 623 523 545 485 678 537 490 ' ,'0 0 0 0 0 0 0 0 ' ,231 ,2 ,5, 4
761 ,735, 740, '552 665 513 514 527 575 544 484 ' ,'0 0 0 0 0 0 0 0 ' ,248 ,61 ,5, 5
770 ,754, 741, '582 724 510 468 479 725 692 466 ' ,'0 0 0 0 0 0 0 0 ' ,261 ,1 ,4, 4
767 ,764, 737, '723 642 527 536 498 523 544 516 ' ,'0 0 0 0 0 0 0 0 ' ,231 ,2 ,4, 3
719 ,751, 695, '682 644 541 570 543 634 587 509 ' ,'0 0 0 0 0 0 0 0 ' ,169 ,1 ,4, 4
802 ,712, 788, '774 750 576 541 511 697 666 482 ' ,'0 0 0 0 0 0 0 0 ' ,293 ,2 ,5, 5
752 ,793, 738, '607 703 518 496 527 543 674 512 ' ,'0 0 0 0 0 0 0 0 ' ,230 ,19 ,6, 6
983 ,745, 953, '941 634 510 543 485 810 723 532 ' ,'0 0 0 0 0 0 0 0 ' ,460 ,2 ,4, 4
611 ,976, 598, '544 581 528 509 481 510 561 469 ' ,'0 0 0 0 0 0 0 0 ' ,112 ,2 ,5, 4
737 ,604, 718, '701 634 493 498 454 573 650 487 ' ,'0 0 0 0 0 0 0 0 ' ,243 ,2 ,5, 4
705 ,731, 690, '596 676 452 480 450 627 590 459 ' ,'0 0 0 0 0 0 0 0 ' ,228 ,2 ,4, 3
717 ,698, 689, '606 658 470 496 470 562 599 456 ' ,'0 0 0 0 0 0 0 0 ' ,220 ,2 ,3, 3
690 ,706, 671, '653 527 424 472 444 601 547 466 ' ,'0 0 0 0 0 0 0 0 ' ,236 ,2 ,4, 4
586 ,681, 571, '523 531 510 456 440 553 434 463 ' ,'0 0 0 0 0 0 0 0 ' ,119 ,1 ,5, 5
618 ,578, 605, '537 552 466 473 500 586 488 439 ' ,'0 0 0 0 0 0 0 0 ' ,149 ,2 ,5, 4
757 ,611, 739, '606 717 456 513 446 624 492 463 ' ,'0 0 0 0 0 0 0 0 ' ,276 ,2 ,4, 4
661 ,749, 639, '609 545 461 472 444 606 579 428 ' ,'0 0 0 0 0 0 0 0 ' ,194 ,2 ,5, 4
848 ,644, 834, '814 662 513 464 464 609 564 431 ' ,'0 0 0 0 0 0 0 0 ' ,387 ,3 ,7, 2
771 ,840, 735, '701 729 571 499 500 610 629 529 ' ,'0 0 0 0 0 0 0 0 ' ,236 ,2 ,3, 2
822 ,763, 802, '781 720 519 585 560 589 557 423 ' ,'0 0 0 0 0 0 0 0 ' ,366 ,1 ,5, 4
736 ,814, 713, '695 607 497 555 490 661 509 454 ' ,'0 0 0 0 0 0 0 0 ' ,248 ,2 ,5, 5
749 ,719, 731, '719 678 541 498 477 692 621 503 ' ,'0 0 0 0 0 0 0 0 ' ,242 ,2 ,5, 4
744 ,744, 730, '713 541 491 495 472 626 697 436 ' ,'0 0 0 0 0 0 0 0 ' ,263 ,2 ,5, 4
681 ,735, 664, '650 505 512 484 451 541 468 446 ' ,'0 0 0 0 0 0 0 0 ' ,204 ,3 ,3, 3
600 ,673, 583, '558 534 507 456 450 524 563 446 ' ,'0 0 0 0 0 0 0 0 ' ,121 ,2 ,9, 8
716 ,594, 698, '681 662 446 431 402 614 522 434 ' ,'0 0 0 0 0 0 0 0 ' ,286 ,2 ,5, 4
661 ,706, 648, '493 555 477 450 476 629 436 435 ' ,'0 0 0 0 0 0 0 0 ' ,178 ,2 ,5, 4
652 ,658, 634, '612 477 476 464 500 573 420 444 ' ,'0 0 0 0 0 0 0 0 ' ,189 ,2 ,5, 5
734 ,650, 721, '706 584 531 449 451 669 670 456 ' ,'0 0 0 0 0 0 0 0 ' ,258 ,1 ,5, 5
751 ,729, 726, '709 534 486 490 466 641 498 440 ' ,'0 0 0 0 0 0 0 0 ' ,277 ,3 ,5, 5
641 ,742, 618, '520 609 480 479 447 579 485 438 ' ,'0 0 0 0 0 0 0 0 ' ,170 ,2 ,5, 4
611 ,630, 598, '578 553 514 452 413 585 449 425 ' ,'0 0 0 0 0 0 0 0 ' ,173 ,2 ,4, 4
793 ,607, 775, '539 761 535 471 476 494 587 446 ' ,'0 0 0 0 0 0 0 0 ' ,324 ,2 ,3, 3
820 ,788, 805, '725 686 643 501 458 738 785 571 ' ,'0 0 0 0 0 0 0 0 ' ,337 ,1 ,5, 5
860 ,814, 840, '824 595 528 533 483 558 528 462 ' ,'0 0 0 0 0 0 0 0 ' ,366 ,2 ,5, 5
758 ,854, 741, '727 709 583 522 512 623 696 503 ' ,'0 0 0 0 0 0 0 0 ' ,227 ,2 ,5, 5
741 ,752, 718, '650 690 516 551 487 657 545 471 ' ,'0 0 0 0 0 0 0 0 ' ,234 ,3 ,6, 5
674 ,734, 655, '619 630 506 499 492 559 581 475 ' ,'0 0 0 0 0 0 0 0 ' ,168 ,3 ,5, 5
708 ,661, 685, '670 503 482 499 481 631 617 470 ' ,'0 0 0 0 0 0 0 0 ' ,203 ,1 ,5, 5
633 ,695, 610, '592 522 489 477 404 557 520 440 ' ,'0 0 0 0 0 0 0 0 ' ,195 ,2 ,5, 5
694 ,619, 679, '609 578 456 468 436 662 517 417 ' ,'0 0 0 0 0 0 0 0 ' ,242 ,3 ,5, 4
693 ,686, 675, '480 660 461 486 444 532 482 407 ' ,'0 0 0 0 0 0 0 0 ' ,256 ,3 ,4, 4
613 ,683, 591, '566 535 450 464 432 533 575 404 ' ,'0 0 0 0 0 0 0 0 ' ,175 ,1 ,4, 4
626 ,603, 597, '540 519 473 458 441 581 573 439 ' ,'0 0 0 0 0 0 0 0 ' ,153 ,2 ,4, 4
589 ,618, 573, '551 546 482 446 469 556 463 414 ' ,'0 0 0 0 0 0 0 0 ' ,147 ,3 ,6, 6
657 ,582, 641, '480 564 467 476 436 431 615 407 ' ,'0 0 0 0 0 0 0 0 ' ,222 ,3 ,4, 4
716 ,649, 652, '494 636 487 456 404 574 441 420 ' ,'0 0 0 0 0 0 0 0 ' ,276 ,2 ,4, 4
691 ,711, 635, '644 589 517 498 457 633 571 425 ' ,'0 0 0 0 0 0 0 0 ' ,219 ,2 ,2, 2
744 ,674, 723, '699 618 535 502 478 665 560 441 ' ,'0 0 0 0 0 0 0 0 ' ,262 ,2 ,5, 4
813 ,733, 777, '756 689 510 539 493 668 633 477 ' ,'0 0 0 0 0 0 0 0 ' ,289 ,3 ,3, 3
796 ,805, 775, '593 755 551 526 498 617 566 479 ' ,'0 0 0 0 0 0 0 0 ' ,263 ,3 ,6, 5
793 ,788, 774, '678 729 535 562 499 760 679 472 ' ,'0 0 0 0 0 0 0 0 ' ,292 ,1 ,3, 3
790 ,786, 767, '740 713 513 537 519 753 657 493 ' ,'0 0 0 0 0 0 0 0 ' ,261 ,1 ,4, 3
915 ,782, 894, '778 876 511 541 579 763 580 482 ' ,'0 0 0 0 0 0 0 0 ' ,402 ,2 ,4, 4
731 ,905, 715, '618 657 530 555 505 689 549 470 ' ,'0 0 0 0 0 0 0 0 ' ,224 ,2 ,3, 3
703 ,721, 687, '670 561 493 539 460 666 621 495 ' ,'0 0 0 0 0 0 0 0 ' ,216 ,3 ,3, 3
682 ,698, 638, '568 619 534 496 455 571 538 498 ' ,'0 0 0 0 0 0 0 0 ' ,179 ,2 ,5, 5
734 ,659, 709, '641 693 493 521 469 460 562 455 ' ,'0 0 0 0 0 0 0 0 ' ,241 ,2 ,3, 3
678 ,959, 660, '560 585 509 507 446 629 513 504 ' ,'0 0 0 0 0 0 0 0 ' ,202 ,3 ,4, 4
711 ,668, 694, '552 652 463 421 443 677 513 450 ' ,'0 0 0 0 0 0 0 0 ' ,262 ,3 ,3, 3
661 ,705, 641, '621 586 453 455 416 498 528 397 ' ,'0 0 0 0 0 0 0 0 ' ,222 ,2 ,4, 3
575 ,651, 549, '447 521 437 521 442 461 506 479 ' ,'0 0 0 0 0 0 0 0 ' ,101 ,3 ,3, 3
659 ,567, 644, '625 541 488 473 437 515 592 435 ' ,'0 0 0 0 0 0 0 0 ' ,194 ,2 ,6, 5
624 ,650, 602, '582 538 455 449 406 591 531 432 ' ,'0 0 0 0 0 0 0 0 ' ,193 ,3 ,2, 2
673 ,620, 650, '629 630 479 482 480 572 476 428 ' ,'0 0 0 0 0 0 0 0 ' ,206 ,2 ,4, 4
656 ,666, 634, '611 536 495 465 440 591 529 427 ' ,'0 0 0 0 0 0 0 0 ' ,201 ,2 ,4, 3
709 ,647, 694, '588 616 479 461 439 580 671 452 ' ,'0 0 0 0 0 0 0 0 ' ,242 ,3 ,4, 4
682 ,701, 662, '579 645 489 510 432 525 563 432 ' ,'0 0 0 0 0 0 0 0 ' ,217 ,2 ,4, 4
712 ,675, 693, '671 612 508 489 441 550 661 446 ' ,'0 0 0 0 0 0 0 0 ' ,240 ,2 ,4, 4
763 ,702, 744, '724 587 504 498 450 617 510 452 ' ,'0 0 0 0 0 0 0 0 ' ,284 ,3 ,4, 4
789 ,754, 776, '758 722 527 496 511 663 602 465 ' ,'0 0 0 0 0 0 0 0 ' ,296 ,2 ,4, 4
779 ,783, 760, '599 742 524 529 498 677 628 485 ' ,'0 0 0 0 0 0 0 0 ' ,268 ,2 ,5, 5
801 ,774, 782, '762 578 500 539 495 627 643 507 ' ,'0 0 0 0 0 0 0 0 ' ,275 ,3 ,5, 5
779 ,791, 765, '747 670 497 517 472 679 597 488 ' ,'0 0 0 0 0 0 0 0 ' ,273 ,2 ,5, 5
800 ,770, 778, '711 662 484 512 467 760 581 492 ' ,'0 0 0 0 0 0 0 0 ' ,298 ,3 ,5, 5
688 ,787, 673, '512 655 490 506 532 537 650 482 ' ,'0 0 0 0 0 0 0 0 ' ,176 ,2 ,2, 2
803 ,683, 788, '632 642 478 499 464 564 590 520 ' ,'0 0 0 0 0 0 0 0 ' ,311 ,2 ,5, 5
705 ,798, 691, '649 672 455 491 433 592 502 459 ' ,'0 0 0 0 0 0 0 0 ' ,245 ,2 ,5, 4
663 ,700, 647, '621 545 432 501 457 536 532 482 ' ,'0 0 0 0 0 0 0 0 ' ,202 ,2 ,5, 5
695 ,656, 669, '647 632 465 442 452 590 543 435 ' ,'0 0 0 0 0 0 0 0 ' ,212 ,1 ,6, 6
652 ,688, 636, '621 565 455 491 432 538 539 455 ' ,'0 0 0 0 0 0 0 0 ' ,192 ,2 ,2, 2
679 ,656, 640, '533 619 464 454 447 605 583 448 ' ,'0 0 0 0 0 0 0 0 ' ,184 ,1 ,2, 2
664 ,673, 648, '497 604 501 483 435 551 633 415 ' ,'0 0 0 0 0 0 0 0 ' ,223 ,2 ,3, 3
785 ,656, 744, '727 565 512 493 443 621 489 451 ' ,'0 0 0 0 0 0 0 0 ' ,314 ,3 ,3, 3
768 ,777, 752, '733 587 550 496 501 711 595 469 ' ,'0 0 0 0 0 0 0 0 ' ,265 ,4 ,5, 5
799 ,764, 782, '658 571 565 531 457 745 530 504 ' ,'0 0 0 0 0 0 0 0 ' ,315 ,3 ,6, 5
795 ,791, 774, '747 605 533 571 462 642 538 494 ' ,'0 0 0 0 0 0 0 0 ' ,301 ,3 ,5, 4
711 ,787, 686, '665 548 522 544 517 626 511 464 ' ,'0 0 0 0 0 0 0 0 ' ,207 ,3 ,5, 5
798 ,700, 777, '578 732 507 527 503 739 601 544 ' ,'0 0 0 0 0 0 0 0 ' ,264 ,10 ,3, 3
836 ,791, 817, '801 561 534 544 491 653 671 502 ' ,'0 0 0 0 0 0 0 0 ' ,317 ,1 ,4, 4
706 ,828, 692, '579 517 499 507 484 675 489 465 ' ,'0 0 0 0 0 0 0 0 ' ,198 ,1 ,4, 3
662 ,727, 645, '603 576 495 501 491 561 627 477 ' ,'0 0 0 0 0 0 0 0 ' ,155 ,1 ,4, 4
714 ,655, 690, '539 667 503 477 450 634 597 434 ' ,'0 0 0 0 0 0 0 0 ' ,237 ,2 ,3, 3
627 ,707, 613, '590 546 480 481 442 580 488 471 ' ,'0 0 0 0 0 0 0 0 ' ,159 ,1 ,3, 3
669 ,617, 648, '591 497 467 451 451 631 460 457 ' ,'0 0 0 0 0 0 0 0 ' ,185 ,2 ,3, 3
698 ,663, 672, '653 485 495 464 454 617 475 478 ' ,'0 0 0 0 0 0 0 0 ' ,203 ,2 ,5, 5
672 ,691, 656, '558 636 506 474 425 603 531 455 ' ,'0 0 0 0 0 0 0 0 ' ,218 ,2 ,3, 3
738 ,662, 721, '706 628 526 496 513 698 548 448 ' ,'0 0 0 0 0 0 0 0 ' ,264 ,2 ,5, 4
724 ,733, 705, '553 686 525 511 460 621 647 465 ' ,'0 0 0 0 0 0 0 0 ' ,233 ,1 ,5, 4
751 ,718, 733, '627 713 498 555 485 626 480 471 ' ,'0 0 0 0 0 0 0 0 ' ,250 ,3 ,4, 4
894 ,744, 877, '852 833 564 580 553 829 728 467 ' ,'0 0 0 0 0 0 0 0 ' ,397 ,2 ,6, 5
782 ,887, 767, '744 721 543 560 515 677 605 490 ' ,'0 0 0 0 0 0 0 0 ' ,261 ,4 ,4, 4
734 ,776, 712, '590 689 514 542 564 555 496 469 ' ,'0 0 0 0 0 0 0 0 ' ,230 ,1 ,4, 3
839 ,726, 824, '645 742 499 476 490 805 520 438 ' ,'0 0 0 0 0 0 0 0 ' ,372 ,2 ,5, 5
717 ,868, 697, '676 472 506 508 474 608 456 498 ' ,'0 0 0 0 0 0 0 0 ' ,212 ,2 ,4, 4
736 ,708, 720, '643 702 446 482 461 562 508 414 ' ,'0 0 0 0 0 0 0 0 ' ,287 ,2 ,5, 4
715 ,727, 698, '590 530 453 451 449 679 468 396 ' ,'0 0 0 0 0 0 0 0 ' ,286 ,2 ,5, 5
664 ,708, 649, '620 631 493 500 466 485 474 423 ' ,'0 0 0 0 0 0 0 0 ' ,201 ,2 ,3, 2
696 ,660, 665, '649 505 465 474 458 609 592 440 ' ,'0 0 0 0 0 0 0 0 ' ,206 ,1 ,4, 4
712 ,682, 697, '679 555 454 488 454 615 473 462 ' ,'0 0 0 0 0 0 0 0 ' ,228 ,1 ,4, 4
750 ,701, 726, '669 620 532 515 436 684 710 452 ' ,'0 0 0 0 0 0 0 0 ' ,282 ,2 ,3, 3
795 ,736, 776, '566 615 758 511 493 498 696 488 ' ,'0 0 213269 0 0 0 0 0 ' ,275 ,3 ,5, 5
781 ,788, 760, '741 674 559 514 506 678 580 497 ' ,'0 0 0 0 0 0 0 0 ' ,249 ,2 ,5, 5
915 ,770, 901, '715 779 545 884 481 808 489 519 ' ,'0 0 0 0 0 0 0 0 ' ,358 ,2 ,6, 5
868 ,933, 849, '831 633 544 576 494 736 567 505 ' ,'0 0 0 0 0 0 0 0 ' ,346 ,2 ,5, 5
887 ,866, 872, '637 850 557 602 573 644 594 484 ' ,'0 0 0 0 0 0 0 0 ' ,372 ,2 ,7, 6
629 ,885, 615, '583 595 521 558 507 557 581 494 ' ,'0 0 0 0 0 0 0 0 ' ,103 ,2 ,5, 5
717 ,619, 690, '618 677 495 507 435 660 633 466 ' ,'0 0 0 0 0 0 0 0 ' ,239 ,1 ,5, 4
765 ,696, 751, '723 627 567 476 465 493 583 428 ' ,'0 0 0 0 0 0 0 0 ' ,297 ,2 ,4, 4
741 ,758, 718, '700 583 464 482 443 620 445 453 ' ,'0 0 0 0 0 0 0 0 ' ,259 ,2 ,3, 3
814 ,904, 798, '682 699 501 487 451 679 433 433 ' ,'243939 0 0 0 0 0 0 0 ' ,338 ,2 ,4, 4
650 ,808, 633, '593 616 483 483 437 575 490 446 ' ,'0 0 0 0 0 0 0 0 ' ,189 ,2 ,5, 4
739 ,645, 716, '606 699 502 499 458 694 504 437 ' ,'0 0 0 0 0 0 0 0 ' ,251 ,2 ,4, 4
790 ,733, 776, '565 661 518 508 491 755 616 425 ' ,'0 0 0 0 0 0 0 0 ' ,335 ,2 ,4, 4
701 ,781, 682, '666 647 583 500 468 647 528 507 ' ,'0 0 0 0 0 0 0 0 ' ,202 ,2 ,5, 5
808 ,693, 783, '773 601 516 519 475 613 619 453 ' ,'0 0 0 0 0 0 0 0 ' ,319 ,2 ,4, 3
728 ,802, 696, '681 584 549 551 525 630 582 497 ' ,'0 0 0 0 0 0 0 0 ' ,181 ,1 ,4, 4
711 ,716, 680, '655 567 542 541 498 665 530 657 ' ,'0 0 0 0 0 0 0 0 ' ,175 ,1 ,4, 4
732 ,696, 717, '675 556 553 561 523 631 691 462 ' ,'0 0 0 0 0 0 0 0 ' ,237 ,2 ,6, 5
866 ,724, 841, '824 717 729 584 516 693 671 605 ' ,'0 0 0 0 0 0 0 0 ' ,314 ,2 ,4, 4
796 ,853, 776, '758 675 477 539 486 677 629 504 ' ,'0 0 0 0 0 0 0 0 ' ,285 ,2 ,6, 5
814 ,787, 752, '732 705 507 515 504 661 488 463 ' ,'0 0 0 0 0 0 0 0 ' ,281 ,2 ,5, 5
748 ,804, 731, '699 592 507 499 444 654 634 461 ' ,'0 0 0 0 0 0 0 0 ' ,225 ,2 ,4, 4
725 ,737, 701, '634 680 466 435 419 654 581 446 ' ,'0 0 0 0 0 0 0 0 ' ,270 ,2 ,4, 4
852 ,711, 838, '605 617 476 445 438 818 500 454 ' ,'0 0 0 0 0 228246 0 0 ' ,384 ,2 ,6, 5
800 ,844, 783, '766 609 476 498 465 542 548 426 ' ,'0 0 0 0 0 0 0 0 ' ,344 ,2 ,5, 4
653 ,798, 636, '491 544 441 471 410 481 616 438 ' ,'0 0 0 0 0 0 0 0 ' ,216 ,3 ,3, 3
685 ,645, 672, '496 652 496 463 414 504 579 398 ' ,'0 0 0 0 0 0 0 0 ' ,253 ,2 ,5, 4
717 ,681, 704, '682 530 502 468 429 478 512 465 ' ,'0 0 0 0 0 0 0 0 ' ,264 ,3 ,4, 4
619 ,709, 604, '510 586 495 461 408 476 485 445 ' ,'0 0 0 0 0 0 0 0 ' ,185 ,2 ,5, 4
744 ,614, 723, '624 674 493 497 488 702 612 466 ' ,'0 0 0 0 0 0 0 0 ' ,241 ,2 ,5, 5
737 ,740, 704, '688 620 542 510 491 635 522 464 ' ,'0 0 0 0 0 0 0 0 ' ,226 ,1 ,5, 5
765 ,720, 749, '679 726 566 560 492 522 614 468 ' ,'0 0 0 0 0 0 0 0 ' ,268 ,2 ,6, 5
767 ,756, 753, '731 695 587 529 513 732 672 487 ' ,'0 0 0 0 0 0 0 0 ' ,248 ,1 ,6, 5
826 ,758, 812, '719 612 556 562 473 786 628 536 ' ,'0 0 0 0 0 0 0 0 ' ,320 ,2 ,6, 5
687 ,818, 672, '654 560 498 497 479 622 461 433 ' ,'0 0 0 0 0 0 0 0 ' ,225 ,2 ,4, 4
728 ,683, 714, '636 589 512 512 483 575 688 455 ' ,'0 0 0 0 0 0 0 0 ' ,240 ,3 ,10, 10
722 ,719, 704, '571 670 495 475 449 594 481 423 ' ,'0 0 0 0 0 0 0 0 ' ,269 ,2 ,2, 2
728 ,715, 711, '612 497 473 493 422 568 671 451 ' ,'0 0 0 0 0 0 0 0 ' ,271 ,3 ,5, 5
687 ,716, 674, '551 521 454 445 462 656 434 449 ' ,'0 0 0 0 0 0 0 0 ' ,227 ,3 ,3, 3
616 ,688, 593, '508 569 461 468 435 497 489 429 ' ,'0 0 0 0 0 0 0 0 ' ,151 ,2 ,4, 4
667 ,652, 648, '630 474 437 493 421 611 521 427 ' ,'0 0 0 0 0 0 0 0 ' ,216 ,3 ,4, 4
747 ,660, 712, '548 695 481 468 469 532 498 456 ' ,'0 0 0 0 0 0 0 0 ' ,235 ,2 ,3, 2
714 ,740, 695, '675 626 528 489 437 522 522 446 ' ,'0 0 0 0 0 0 0 0 ' ,247 ,2 ,4, 3
755 ,706, 739, '711 565 552 484 465 701 523 514 ' ,'0 0 0 0 0 0 0 0 ' ,254 ,3 ,4, 3
758 ,745, 744, '684 606 505 531 514 724 661 474 ' ,'0 0 0 0 0 0 0 0 ' ,257 ,3 ,4, 4
774 ,754, 756, '612 617 547 526 511 738 707 504 ' ,'0 0 0 0 0 0 0 0 ' ,233 ,3 ,4, 4
920 ,768, 900, '829 643 550 561 557 718 575 578 ' ,'0 0 0 0 0 0 0 0 ' ,340 ,3 ,6, 5
647 ,911, 634, '561 609 574 559 513 506 559 505 ' ,'0 0 0 0 0 0 0 0 ' ,108 ,3 ,4, 4
720 ,643, 699, '679 551 548 570 514 546 611 528 ' ,'0 0 0 0 0 0 0 0 ' ,174 ,2 ,6, 5
773 ,720, 752, '713 642 492 525 487 657 617 482 ' ,'0 0 0 0 0 0 0 0 ' ,233 ,1 ,5, 5
745 ,774, 725, '706 634 490 503 452 676 596 467 ' ,'0 0 0 0 0 0 0 0 ' ,262 ,2 ,6, 5
718 ,731, 704, '471 548 491 455 448 462 477 452 ' ,'0 0 0 0 0 0 0 0 ' ,107 ,2 ,143, 3
611 ,709, 595, '572 576 453 448 440 526 533 427 ' ,'0 0 0 0 0 0 0 0 ' ,155 ,3 ,5, 4
676 ,604, 661, '632 565 576 456 410 613 479 526 ' ,'0 0 0 0 0 0 0 0 ' ,236 ,2 ,4, 4
722 ,666, 706, '675 690 493 439 454 543 659 439 ' ,'0 0 0 0 0 0 0 0 ' ,257 ,1 ,4, 4
805 ,714, 791, '768 575 494 490 436 542 515 428 ' ,'0 0 0 0 0 0 0 0 ' ,348 ,3 ,4, 4
785 ,798, 760, '738 678 548 511 496 556 523 458 ' ,'0 0 0 0 0 0 0 0 ' ,287 ,3 ,4, 4
682 ,780, 664, '642 609 550 493 457 582 493 475 ' ,'0 0 0 0 0 0 0 0 ' ,194 ,3 ,5, 5
789 ,669, 774, '753 531 629 504 489 644 497 586 ' ,'0 0 0 0 0 0 0 0 ' ,272 ,2 ,5, 5
747 ,792, 729, '709 682 537 552 501 590 693 470 ' ,'0 0 0 0 0 0 0 0 ' ,244 ,3 ,4, 4
774 ,737, 759, '737 634 562 538 523 674 606 480 ' ,'0 0 0 0 0 0 0 0 ' ,259 ,2 ,5, 5
826 ,765, 809, '777 700 554 581 504 697 567 508 ' ,'0 0 0 0 0 0 0 0 ' ,293 ,3 ,4, 4
975 ,820, 959, '800 942 584 544 479 689 674 536 ' ,'0 0 0 0 0 0 0 0 ' ,469 ,2 ,4, 3
812 ,967, 792, '764 652 574 568 525 606 573 541 ' ,'0 0 0 0 0 0 0 0 ' ,246 ,3 ,5, 5
817 ,823, 801, '781 607 545 564 517 672 614 499 ' ,'0 0 0 0 0 0 0 0 ' ,267 ,3 ,4, 3
725 ,810, 709, '675 684 504 498 470 574 687 471 ' ,'0 0 0 0 0 0 0 0 ' ,224 ,3 ,5, 5
771 ,720, 753, '641 667 477 492 521 516 595 476 ' ,'0 0 0 0 0 0 0 0 ' ,244 ,2 ,5, 4
607 ,768, 594, '558 572 455 515 463 560 429 430 ' ,'0 0 0 0 0 0 0 0 ' ,148 ,3 ,3, 3
744 ,598, 731, '708 556 495 463 439 494 537 469 ' ,'0 0 0 0 0 0 0 0 ' ,281 ,3 ,4, 3
714 ,738, 694, '503 675 483 468 477 657 569 383 ' ,'0 0 0 0 0 0 0 0 ' ,298 ,2 ,4, 4
737 ,706, 716, '540 700 433 508 476 641 463 482 ' ,'0 0 0 0 0 0 0 0 ' ,272 ,4 ,3, 3
772 ,729, 757, '703 664 526 460 432 614 625 466 ' ,'0 0 0 0 0 0 0 0 ' ,314 ,30 ,4, 3
660 ,770, 645, '597 622 548 519 470 529 593 498 ' ,'0 0 0 0 0 0 0 0 ' ,163 ,3 ,5, 4
832 ,652, 819, '770 733 599 551 451 591 618 507 ' ,'0 0 0 0 0 0 0 0 ' ,327 ,1 ,3, 3
807 ,825, 788, '711 693 545 545 471 704 760 479 ' ,'0 0 0 0 0 0 0 0 ' ,299 ,2 ,6, 5
890 ,794, 845, '705 823 588 684 705 623 740 517 ' ,'0 0 0 0 0 0 0 0 ' ,272 ,1 ,3, 3
846 ,859, 812, '780 621 579 633 778 680 562 516 ' ,'0 0 0 0 0 0 0 0 ' ,273 ,1 ,3, 3
1061 ,824, 822, '652 610 537 808 579 732 583 508 ' ,'0 0 0 0 0 0 0 0 ' ,190 ,1 ,4, 3
734 ,863, 680, '593 565 454 664 470 493 556 458 ' ,'0 0 0 0 0 0 0 0 ' ,204 ,2 ,4, 3
682 ,703, 667, '648 521 473 604 532 596 467 472 ' ,'0 0 0 0 0 0 0 0 ' ,182 ,1 ,3, 3
921 ,723, 887, '565 515 456 742 747 560 560 464 ' ,'0 0 0 0 0 0 0 0 ' ,332 ,30 ,6, 6
840 ,905, 766, '658 541 472 649 708 505 623 431 ' ,'0 0 0 0 0 0 0 0 ' ,309 ,2 ,3, 2
826 ,806, 728, '625 549 487 691 572 610 634 515 ' ,'0 0 0 0 0 0 0 0 ' ,192 ,12 ,3, 3
536 ,737, 521, '464 494 454 506 410 457 411 419 ' ,'0 0 0 0 0 0 0 0 ' ,102 ,3 ,2, 2
724 ,533, 711, '476 686 447 453 412 476 538 395 ' ,'0 0 0 0 0 0 0 0 ' ,297 ,3 ,5, 4
606 ,714, 582, '542 483 445 452 440 559 563 426 ' ,'0 0 0 0 0 0 0 0 ' ,146 ,3 ,4, 3
590 ,597, 573, '459 468 430 451 425 551 425 415 ' ,'0 0 0 0 0 0 0 0 ' ,144 ,2 ,3, 3
645 ,581, 629, '495 594 441 416 405 572 522 392 ' ,'0 0 0 0 0 0 0 0 ' ,225 ,3 ,3, 3
674 ,637, 660, '506 639 453 417 426 561 469 441 ' ,'0 0 0 0 0 0 0 0 ' ,232 ,3 ,4, 4
681 ,668, 669, '606 644 446 450 415 507 645 389 ' ,'0 0 0 0 0 0 0 0 ' ,267 ,3 ,3, 3
782 ,676, 768, '595 599 507 490 423 746 707 440 ' ,'0 0 0 0 0 0 0 0 ' ,333 ,3 ,4, 4
728 ,776, 707, '581 688 541 558 483 688 534 486 ' ,'0 0 0 0 0 0 0 0 ' ,212 ,2 ,3, 3
809 ,721, 796, '653 766 540 564 493 567 694 467 ' ,'0 0 0 0 0 0 0 0 ' ,312 ,2 ,3, 3
731 ,809, 714, '695 657 556 555 500 603 685 488 ' ,'0 0 0 0 0 0 0 0 ' ,209 ,1 ,5, 5
804 ,724, 790, '757 727 490 480 461 590 579 526 ' ,'0 0 0 0 0 0 0 0 ' ,318 ,15 ,3, 2
623 ,803, 611, '578 463 483 466 406 465 494 444 ' ,'0 0 0 0 0 0 0 0 ' ,194 ,13 ,3, 3
695 ,618, 680, '654 606 496 517 442 613 472 481 ' ,'0 0 0 0 0 0 0 0 ' ,225 ,3 ,4, 4
656 ,688, 642, '578 492 470 492 446 612 489 462 ' ,'0 0 0 0 0 0 0 0 ' ,183 ,3 ,5, 4
724 ,649, 684, '590 661 515 422 444 492 638 463 ' ,'0 0 0 0 0 0 0 0 ' ,247 ,3 ,3, 2
698 ,709, 685, '664 628 508 488 457 643 424 460 ' ,'0 0 0 0 0 0 0 0 ' ,212 ,2 ,4, 3
619 ,734, 604, '525 581 448 450 407 576 458 417 ' ,'0 0 0 0 0 0 0 0 ' ,185 ,3 ,3, 3
667 ,612, 653, '504 539 473 432 457 629 486 429 ' ,'0 0 0 0 0 0 0 0 ' ,208 ,3 ,5, 4
753 ,659, 729, '705 494 534 473 433 567 451 433 ' ,'0 0 0 0 0 0 0 0 ' ,282 ,3 ,3, 2
747 ,743, 732, '620 629 487 451 480 710 696 404 ' ,'0 0 0 0 0 0 0 0 ' ,301 ,3 ,5, 5
779 ,741, 763, '740 648 533 508 499 686 514 445 ' ,'0 0 0 0 0 0 0 0 ' ,302 ,3 ,6, 5
761 ,771, 734, '685 659 556 525 475 715 640 459 ' ,'0 0 0 0 0 0 0 0 ' ,266 ,2 ,5, 5
796 ,755, 779, '696 676 511 563 552 757 629 504 ' ,'0 0 0 0 0 0 0 0 ' ,259 ,2 ,4, 4
773 ,789, 757, '735 612 624 606 520 715 624 540 ' ,'0 0 0 0 0 0 0 0 ' ,226 ,2 ,4, 4
919 ,765, 903, '877 752 466 537 467 834 729 491 ' ,'0 0 0 0 0 0 0 0 ' ,422 ,4 ,4, 4
688 ,913, 674, '652 604 463 509 487 632 583 469 ' ,'0 0 0 0 0 0 0 0 ' ,195 ,3 ,4, 4
711 ,680, 695, '670 508 558 467 534 570 456 496 ' ,'0 0 0 0 0 0 0 0 ' ,211 ,3 ,4, 4
787 ,704, 761, '735 625 487 513 460 601 601 496 ' ,'0 0 0 0 0 0 0 0 ' ,285 ,3 ,3, 3
929 ,781, 915, '678 776 485 486 482 666 892 458 ' ,'0 0 0 0 0 0 0 0 ' ,434 ,3 ,4, 4
676 ,924, 663, '641 520 485 482 421 599 504 452 ' ,'0 0 0 0 0 0 0 0 ' ,229 ,3 ,4, 4
746 ,671, 718, '634 706 470 443 447 574 545 451 ' ,'0 0 0 0 0 0 0 0 ' ,267 ,3 ,4, 3
661 ,737, 647, '627 469 459 450 423 547 440 436 ' ,'0 0 0 0 0 0 0 0 ' ,212 ,2 ,2, 2
556 ,657, 538, '513 455 455 483 399 468 419 456 ' ,'0 0 0 0 0 0 0 0 ' ,127 ,2 ,3, 3
575 ,545, 550, '471 523 461 453 464 425 527 456 ' ,'0 0 0 0 0 0 0 0 ' ,111 ,2 ,4, 3
562 ,565, 548, '522 451 460 472 474 485 405 421 ' ,'0 0 0 0 0 0 0 0 ' ,105 ,3 ,4, 4
641 ,579, 629, '609 565 530 480 452 580 495 446 ' ,'0 0 0 0 0 0 0 0 ' ,168 ,2 ,2, 2
912 ,644, 874, '664 846 570 496 471 571 566 462 ' ,'0 0 0 0 0 0 0 0 ' ,398 ,3 ,3, 3
716 ,905, 701, '671 543 567 517 485 628 512 458 ' ,'0 0 0 0 0 0 0 0 ' ,228 ,3 ,3, 3
871 ,709, 849, '826 749 570 534 495 672 580 498 ' ,'0 0 0 0 0 0 0 0 ' ,339 ,2 ,6, 6
852 ,861, 821, '782 673 607 553 492 697 702 471 ' ,'0 0 0 0 0 0 0 0 ' ,334 ,2 ,4, 4
732 ,838, 714, '693 648 594 526 537 532 561 526 ' ,'0 0 0 0 0 0 0 0 ' ,173 ,3 ,4, 3
1134 ,726, 1090, '973 745 515 533 516 815 1047 514 ' ,'0 0 0 0 0 0 0 0 ' ,560 ,25 ,3, 3
826 ,1116, 804, '785 542 542 553 528 714 596 485 ' ,'0 0 0 0 0 0 0 0 ' ,296 ,2 ,4, 4
837 ,819, 823, '798 653 544 516 509 644 586 481 ' ,'0 0 0 0 0 0 0 0 ' ,327 ,2 ,5, 5
813 ,829, 800, '714 685 527 510 475 775 721 479 ' ,'0 0 0 0 0 0 0 0 ' ,312 ,2 ,4, 4
771 ,808, 757, '585 527 491 486 422 732 461 464 ' ,'0 0 0 0 0 0 0 0 ' ,324 ,3 ,3, 3
739 ,767, 718, '608 694 465 504 452 552 458 421 ' ,'0 0 0 0 0 0 0 0 ' ,283 ,3 ,4, 4
666 ,730, 645, '621 451 481 450 427 532 581 477 ' ,'0 0 0 0 0 0 0 0 ' ,205 ,2 ,4, 3
670 ,658, 650, '628 634 455 453 434 446 473 422 ' ,'0 0 0 0 0 0 0 0 ' ,217 ,2 ,2, 2
673 ,665, 660, '572 619 459 439 490 641 489 433 ' ,'0 0 0 0 0 0 0 0 ' ,209 ,3 ,2, 2
