2775 ,0, 245, '57 106 48 48 59 103 131 49 44 39 36 71 57 47 66 133 33 34 38 35 ' ,'0 0 0 0 0 0 0 0 0 0 0 0 0 0 0 0 0 0 0 0 ' ,173 ,2 ,8, 8
947 ,425, 908, '493 706 413 870 758 516 650 393 783 435 726 608 328 774 720 692 670 360 825 801 ' ,'0 0 0 0 0 0 0 0 0 0 0 0 0 0 0 0 0 0 0 0 ' ,466 ,2 ,14, 13
666 ,937, 603, '385 429 231 552 537 375 373 213 310 522 427 401 205 349 579 268 338 203 416 535 ' ,'0 0 0 0 0 0 0 0 0 0 0 0 0 0 0 0 0 0 0 0 ' ,336 ,1 ,9, 8
735 ,677, 711, '206 478 213 582 551 370 339 197 479 579 433 319 190 533 488 333 294 225 329 574 ' ,'0 0 0 0 0 0 0 0 0 0 0 0 0 0 0 0 0 0 0 0 ' ,478 ,2 ,3, 1
596 ,730, 572, '202 397 193 460 548 249 427 211 370 521 468 442 205 436 505 224 383 191 335 341 ' ,'0 0 0 0 0 0 0 0 0 0 0 0 0 0 0 0 0 0 0 0 ' ,346 ,2 ,3, 3
900 ,588, 647, '432 387 203 491 513 389 393 219 416 277 366 408 220 490 594 191 329 204 354 476 ' ,'0 0 0 0 0 0 0 0 0 0 0 0 0 0 0 0 0 0 0 0 ' ,444 ,3 ,2, 2
664 ,699, 617, '427 480 226 390 328 332 397 213 421 541 451 331 199 577 565 511 202 195 354 442 ' ,'0 0 0 0 0 0 0 0 0 0 0 0 0 0 0 0 0 0 0 0 ' ,409 ,2 ,2, 2
697 ,657, 649, '159 332 189 607 197 368 353 210 616 251 319 375 173 413 509 370 282 174 466 441 ' ,'0 0 0 0 0 0 0 0 0 0 0 0 0 0 0 0 0 0 0 0 ' ,382 ,2 ,2, 2
547 ,681, 506, '167 433 182 426 357 282 445 205 486 308 318 455 179 464 333 277 356 168 383 329 ' ,'0 0 0 0 0 0 0 0 0 0 0 0 0 0 0 0 0 0 0 0 ' ,293 ,2 ,1, 1
469 ,543, 452, '321 325 187 396 318 178 336 181 165 376 183 394 227 366 345 218 282 159 313 391 ' ,'0 0 0 0 0 0 0 0 0 0 0 0 0 0 0 0 0 0 0 0 ' ,259 ,2 ,2, 2
487 ,461, 455, '322 331 181 169 292 165 358 166 358 284 380 363 164 287 316 352 308 172 290 158 ' ,'0 0 0 0 0 0 0 0 0 0 0 0 0 0 0 0 0 0 0 0 ' ,243 ,2 ,2, 2
586 ,479, 507, '322 301 192 306 245 245 386 192 181 364 194 375 186 288 316 397 318 167 254 184 ' ,'0 0 0 0 0 0 0 0 0 0 0 0 0 0 0 0 0 0 0 0 ' ,357 ,2 ,1, 1
654 ,580, 611, '412 466 253 426 439 172 453 309 398 456 330 485 269 493 490 437 548 301 519 480 ' ,'0 0 0 0 0 0 0 0 0 0 0 0 0 0 0 0 0 0 0 0 ' ,426 ,2 ,2, 2
664 ,646, 601, '243 408 232 586 527 432 367 216 297 482 429 466 208 377 522 326 422 227 241 535 ' ,'0 0 0 0 0 0 0 0 0 0 0 0 0 0 0 0 0 0 0 0 ' ,368 ,1 ,2, 1
640 ,656, 596, '412 447 458 325 435 218 340 463 431 346 522 314 429 192 233 406 309 454 487 341 ' ,'0 0 0 0 0 0 0 0 0 0 0 0 0 0 0 0 0 0 0 0 ' ,374 ,2 ,2, 2
659 ,633, 613, '524 521 241 360 494 458 440 226 276 452 359 465 224 520 515 358 302 253 564 383 ' ,'0 0 0 0 0 0 0 0 0 0 0 0 0 0 0 0 0 0 0 0 ' ,369 ,1 ,2, 2
693 ,657, 636, '513 516 264 475 375 491 521 259 597 486 514 537 282 430 486 512 526 243 623 443 ' ,'0 0 0 0 0 0 0 0 0 0 0 0 0 0 0 0 0 0 0 0 ' ,386 ,1 ,3, 2
602 ,688, 560, '439 463 244 441 473 479 381 302 227 507 288 498 342 534 411 444 449 282 545 322 ' ,'0 0 0 0 0 0 0 0 0 0 0 0 0 0 0 0 0 0 0 0 ' ,318 ,1 ,2, 2
619 ,600, 583, '217 496 190 432 393 363 413 289 322 334 218 442 212 541 363 414 308 204 497 400 ' ,'0 0 0 0 0 0 0 0 0 0 0 0 0 0 0 0 0 0 0 0 ' ,386 ,1 ,2, 2
570 ,617, 403, '488 335 205 498 496 217 385 200 392 403 255 268 220 253 433 230 412 210 369 395 ' ,'0 0 0 0 0 0 0 0 0 0 0 0 0 0 0 0 0 0 0 0 ' ,320 ,1 ,2, 1
583 ,565, 540, '406 343 192 529 203 257 435 217 435 430 431 353 212 459 224 412 318 191 389 375 ' ,'0 0 0 0 0 0 0 0 0 0 0 0 0 0 0 0 0 0 0 0 ' ,300 ,1 ,3, 1
633 ,552, 577, '329 376 220 251 381 197 412 214 417 225 431 402 215 208 354 438 393 188 491 238 ' ,'0 0 0 0 0 0 0 0 0 0 0 0 0 0 0 0 0 0 0 0 ' ,364 ,1 ,3, 2
609 ,626, 574, '206 404 237 381 316 417 467 202 483 396 531 320 210 436 263 298 377 177 454 415 ' ,'0 0 0 0 0 0 0 0 0 0 0 0 0 0 0 0 0 0 0 0 ' ,381 ,2 ,1, 1
520 ,603, 479, '234 400 202 377 205 471 292 193 443 441 390 462 203 291 305 429 395 197 396 443 ' ,'0 0 0 0 0 0 0 0 0 0 0 0 0 0 0 0 0 0 0 0 ' ,281 ,1 ,1, 1
529 ,512, 502, '239 331 337 396 386 397 365 344 272 350 422 425 337 303 453 435 187 303 356 195 ' ,'0 0 0 0 0 0 0 0 0 0 0 0 0 0 0 0 0 0 0 0 ' ,271 ,1 ,2, 2
581 ,521, 423, '180 373 199 374 326 354 427 181 390 298 386 345 190 428 163 206 401 172 396 476 ' ,'0 0 0 0 0 0 0 0 0 0 0 0 0 0 0 0 0 0 0 0 ' ,261 ,1 ,1, 1
516 ,566, 491, '393 340 219 391 406 443 202 169 436 399 313 176 185 294 384 482 383 216 349 334 ' ,'0 0 0 0 0 0 0 0 0 0 0 0 0 0 0 0 0 0 0 0 ' ,296 ,1 ,2, 2
505 ,509, 455, '296 396 208 237 317 398 378 222 442 354 388 420 191 345 408 194 402 213 397 427 ' ,'0 0 0 0 0 0 0 0 0 0 0 0 0 0 0 0 0 0 0 0 ' ,277 ,0 ,2, 1
492 ,494, 413, '411 400 207 210 458 332 325 238 399 433 168 397 230 351 398 217 433 166 235 328 ' ,'0 0 0 0 0 0 0 0 0 0 0 0 0 0 0 0 0 0 0 0 ' ,269 ,1 ,1, 1
516 ,483, 477, '353 207 227 177 254 169 427 217 448 244 455 411 243 179 296 268 330 239 370 257 ' ,'0 0 0 0 0 0 0 0 0 0 0 0 0 0 0 0 0 0 0 0 ' ,277 ,1 ,1, 1
484 ,503, 447, '401 380 321 176 367 260 357 199 391 355 411 361 188 402 384 200 328 179 410 371 ' ,'0 0 0 0 0 0 0 0 0 0 0 0 0 0 0 0 0 0 0 0 ' ,239 ,1 ,1, 1
554 ,481, 518, '447 460 227 201 427 489 373 205 487 291 372 398 209 407 458 454 220 185 326 433 ' ,'0 0 0 0 0 0 0 0 0 0 0 0 0 0 0 0 0 0 0 0 ' ,296 ,1 ,1, 1
540 ,563, 518, '368 479 199 198 474 446 421 199 446 344 412 375 200 354 316 473 212 209 477 203 ' ,'0 0 0 0 0 0 0 0 0 0 0 0 0 0 0 0 0 0 0 0 ' ,280 ,1 ,2, 1
771 ,530, 701, '403 415 253 336 610 555 400 225 477 616 436 426 241 350 568 320 511 231 231 553 ' ,'0 0 0 0 0 0 0 0 0 0 0 0 0 0 0 0 0 0 0 0 ' ,489 ,1 ,2, 2
817 ,762, 623, '512 276 336 346 548 465 353 195 305 371 410 494 217 228 537 612 493 231 463 276 ' ,'0 0 0 0 0 0 0 0 0 0 0 0 0 0 0 0 0 0 0 0 ' ,509 ,1 ,1, 1
586 ,809, 546, '478 543 217 249 445 405 413 216 440 380 211 449 224 216 339 484 353 237 500 423 ' ,'0 0 0 0 0 0 0 0 0 0 0 0 0 0 0 0 0 0 0 0 ' ,326 ,1 ,1, 1
651 ,579, 617, '399 551 229 460 472 377 544 278 484 596 339 482 220 210 290 590 201 256 364 373 ' ,'0 0 0 0 0 0 0 0 0 0 0 0 0 0 0 0 0 0 0 0 ' ,370 ,1 ,2, 1
552 ,637, 509, '431 382 199 454 482 213 276 217 238 406 447 395 218 213 445 197 412 185 333 357 ' ,'0 0 0 0 0 0 0 0 0 0 0 0 0 0 0 0 0 0 0 0 ' ,303 ,1 ,2, 1
552 ,539, 462, '440 341 220 327 413 410 272 186 323 176 359 347 197 429 397 204 429 175 265 319 ' ,'0 0 0 0 0 0 0 0 0 0 0 0 0 0 0 0 0 0 0 0 ' ,267 ,1 ,2, 2
602 ,527, 565, '403 400 423 328 367 337 455 558 349 404 284 388 421 219 470 424 356 462 280 402 ' ,'0 0 0 0 0 0 0 0 0 0 0 0 0 0 0 0 0 0 0 0 ' ,290 ,1 ,3, 2
537 ,590, 453, '378 384 184 244 346 431 365 204 357 460 191 304 189 426 425 432 376 204 404 212 ' ,'0 0 0 0 0 0 0 0 0 0 0 0 0 0 0 0 0 0 0 0 ' ,270 ,2 ,1, 1
597 ,523, 555, '337 393 199 491 203 375 310 183 213 519 438 201 309 476 449 557 379 220 313 412 ' ,'0 0 0 0 0 0 0 0 0 0 0 0 0 0 0 0 0 0 0 0 ' ,357 ,2 ,3, 2
471 ,591, 429, '388 350 195 433 348 380 345 248 347 278 379 323 205 432 382 376 365 196 406 376 ' ,'0 0 0 0 0 0 0 0 0 0 0 0 0 0 0 0 0 0 0 0 ' ,234 ,1 ,2, 2
588 ,462, 521, '512 324 195 191 404 197 355 200 431 350 250 412 193 193 417 479 393 199 368 444 ' ,'0 0 0 0 0 0 0 0 0 0 0 0 0 0 0 0 0 0 0 0 ' ,348 ,2 ,1, 1
468 ,575, 431, '321 400 187 403 419 411 360 199 311 383 388 362 192 210 281 182 316 188 253 309 ' ,'0 0 0 0 0 0 0 0 0 0 0 0 0 0 0 0 0 0 0 0 ' ,247 ,2 ,2, 1
612 ,457, 561, '358 329 185 184 404 326 335 171 542 391 266 377 225 203 302 361 313 171 394 267 ' ,'0 0 0 0 0 0 0 0 0 0 0 0 0 0 0 0 0 0 0 0 ' ,378 ,2 ,3, 2
472 ,602, 453, '356 425 174 373 396 411 365 169 188 379 397 333 171 350 272 427 281 239 406 263 ' ,'0 0 0 0 0 0 0 0 0 0 0 0 0 0 0 0 0 0 0 0 ' ,275 ,1 ,1, 1
545 ,464, 518, '346 382 191 448 371 351 380 177 397 362 397 337 202 236 407 407 375 237 389 425 ' ,'0 0 0 0 0 0 0 0 0 0 0 0 0 0 0 0 0 0 0 0 ' ,330 ,1 ,1, 1
563 ,540, 413, '416 383 197 349 399 354 338 191 394 373 321 382 212 478 307 197 371 223 213 392 ' ,'0 0 0 0 0 0 0 0 0 0 0 0 0 0 0 0 0 0 0 0 ' ,305 ,1 ,1, 1
553 ,547, 461, '366 418 237 424 456 406 312 176 447 405 467 425 199 239 410 218 459 233 380 216 ' ,'0 0 0 0 0 0 0 0 0 0 0 0 0 0 0 0 0 0 0 0 ' ,305 ,2 ,2, 1
648 ,544, 595, '398 441 204 374 503 207 339 202 447 454 201 477 263 289 469 378 424 271 374 444 ' ,'0 0 0 0 0 0 0 0 0 0 0 0 0 0 0 0 0 0 0 0 ' ,373 ,87 ,2, 1
580 ,634, 533, '463 327 200 417 501 431 337 223 453 459 413 438 225 397 283 457 280 204 483 352 ' ,'0 0 0 0 0 0 0 0 0 0 0 0 0 0 0 0 0 0 0 0 ' ,313 ,1 ,2, 1
645 ,573, 438, '438 241 238 288 393 244 360 203 342 445 435 420 214 472 364 444 389 206 453 212 ' ,'0 0 0 0 0 0 0 0 0 0 0 0 0 0 0 0 0 0 0 0 ' ,341 ,1 ,2, 1
558 ,682, 523, '363 443 220 449 479 265 433 207 495 367 209 395 304 255 396 263 387 198 410 472 ' ,'0 0 0 0 0 0 0 0 0 0 0 0 0 0 0 0 0 0 0 0 ' ,314 ,1 ,2, 2
518 ,547, 472, '453 284 216 465 346 250 337 191 412 328 213 449 216 464 417 429 448 206 424 202 ' ,'0 0 0 0 0 0 0 0 0 0 0 0 0 0 0 0 0 0 0 0 ' ,267 ,2 ,2, 1
672 ,520, 523, '227 452 200 447 427 346 424 218 228 351 360 276 226 372 348 463 281 201 404 265 ' ,'0 0 0 0 0 0 0 0 0 0 0 0 0 0 0 0 0 0 0 0 ' ,376 ,49 ,2, 1
626 ,666, 572, '552 255 259 442 428 562 575 218 447 434 503 194 216 428 423 412 226 191 379 454 ' ,'0 0 0 0 0 0 0 0 0 0 0 0 0 0 0 0 0 0 0 0 ' ,389 ,1 ,2, 2
581 ,618, 518, '288 460 218 230 394 431 391 219 505 402 369 420 231 212 395 465 198 252 471 371 ' ,'0 0 0 0 0 0 0 0 0 0 0 0 0 0 0 0 0 0 0 0 ' ,246 ,2 ,3, 2
599 ,574, 561, '436 462 218 221 295 230 512 226 501 432 191 284 236 450 394 421 394 197 430 535 ' ,'0 0 0 0 0 0 0 0 0 0 0 0 0 0 0 0 0 0 0 0 ' ,371 ,2 ,2, 1
563 ,592, 526, '207 320 252 371 365 520 464 203 410 371 375 438 205 220 380 409 202 164 426 435 ' ,'0 0 0 0 0 0 0 0 0 0 0 0 0 0 0 0 0 0 0 0 ' ,351 ,2 ,2, 1
490 ,608, 461, '191 281 211 365 393 412 324 194 292 373 347 410 274 329 303 344 346 269 422 439 ' ,'0 0 0 0 0 0 0 0 0 0 0 0 0 0 0 0 0 0 0 0 ' ,239 ,1 ,1, 1
547 ,482, 521, '362 378 188 441 401 336 377 197 342 370 495 386 206 332 310 426 230 207 402 198 ' ,'0 0 0 0 0 0 0 0 0 0 0 0 0 0 0 0 0 0 0 0 ' ,267 ,2 ,1, 1
532 ,538, 405, '387 358 207 270 187 364 380 184 286 365 382 373 216 387 439 367 399 175 375 344 ' ,'0 0 0 0 0 0 0 0 0 0 0 0 0 0 0 0 0 0 0 0 ' ,293 ,2 ,2, 1
554 ,529, 520, '369 387 188 341 304 364 366 199 243 365 369 360 205 399 451 194 375 165 409 324 ' ,'0 0 0 0 0 0 0 0 0 0 0 0 0 0 0 0 0 0 0 0 ' ,318 ,1 ,2, 1
488 ,544, 436, '191 276 177 433 435 348 330 190 378 339 405 395 198 208 374 181 361 187 262 389 ' ,'0 0 0 0 0 0 0 0 0 0 0 0 0 0 0 0 0 0 0 0 ' ,256 ,1 ,1, 1
483 ,481, 438, '397 355 226 380 389 222 316 212 295 354 193 247 230 333 390 347 372 183 433 356 ' ,'0 0 0 0 0 0 0 0 0 0 0 0 0 0 0 0 0 0 0 0 ' ,242 ,1 ,2, 1
678 ,475, 610, '454 404 232 188 313 344 223 224 400 387 403 316 204 375 343 399 455 208 615 498 ' ,'0 0 0 0 0 0 0 0 0 0 0 0 0 0 0 0 0 0 270526 0 ' ,409 ,1 ,2, 1
509 ,664, 462, '368 405 195 456 410 315 296 176 450 335 357 359 154 206 363 269 380 187 237 389 ' ,'0 0 0 0 0 0 0 0 0 0 0 0 0 0 0 0 0 0 0 0 ' ,251 ,1 ,1, 1
575 ,500, 522, '230 512 204 398 333 203 384 183 484 429 440 338 209 303 186 196 393 186 437 421 ' ,'0 0 0 0 0 0 0 0 0 0 0 0 0 0 0 0 0 0 0 0 ' ,330 ,1 ,3, 2
631 ,570, 579, '292 428 241 433 399 273 398 221 479 452 400 397 213 390 435 440 383 202 547 393 ' ,'0 0 0 0 0 0 0 0 0 0 0 0 0 0 0 0 0 0 0 0 ' ,332 ,1 ,2, 2
599 ,624, 575, '349 365 173 442 440 344 358 200 215 454 408 333 219 310 549 423 435 247 311 332 ' ,'0 0 0 0 0 0 0 0 0 0 0 0 0 0 0 0 0 0 0 0 ' ,396 ,1 ,5, 5
557 ,591, 530, '497 267 185 462 297 303 341 237 465 219 441 389 227 443 449 455 450 183 390 367 ' ,'0 0 0 0 0 0 0 0 0 0 0 0 0 0 0 0 0 0 0 0 ' ,311 ,1 ,9, 8
556 ,546, 530, '462 447 217 247 435 368 445 204 220 296 400 339 206 418 329 214 353 185 332 415 ' ,'0 0 0 0 0 0 0 0 0 0 0 0 0 0 0 0 0 0 0 0 ' ,331 ,1 ,2, 1
516 ,554, 359, '406 346 184 374 290 409 322 182 197 381 397 352 197 378 419 326 431 192 346 372 ' ,'0 0 0 0 0 0 0 0 0 0 0 0 0 0 0 0 0 0 0 0 ' ,274 ,1 ,1, 1
470 ,499, 446, '187 434 202 376 366 194 309 170 378 243 282 304 196 313 386 387 416 167 337 420 ' ,'0 0 0 0 0 0 0 0 0 0 0 0 0 0 0 0 0 0 0 0 ' ,249 ,1 ,2, 1
519 ,463, 479, '372 335 213 180 455 381 360 186 290 389 366 312 201 341 338 369 356 189 168 421 ' ,'0 0 0 0 0 0 0 0 0 0 0 0 0 0 0 0 0 0 0 0 ' ,306 ,1 ,1, 1
509 ,511, 483, '387 363 197 317 408 342 376 192 401 395 360 329 201 475 440 365 335 199 410 377 ' ,'0 0 0 0 0 0 0 0 0 0 0 0 0 0 0 0 0 0 0 0 ' ,267 ,1 ,1, 1
573 ,502, 522, '194 298 190 187 442 328 415 198 405 278 188 272 186 364 373 496 509 183 339 386 ' ,'0 0 0 0 0 0 0 0 0 0 0 0 0 0 0 0 0 0 0 0 ' ,347 ,2 ,2, 2
549 ,565, 438, '371 213 212 451 445 408 362 187 384 463 387 388 292 211 183 360 373 177 328 468 ' ,'0 0 0 0 0 0 0 0 0 0 0 0 0 0 0 0 0 0 0 0 ' ,276 ,1 ,1, 1
558 ,582, 492, '415 305 203 396 437 494 485 209 267 392 494 357 187 392 175 197 475 221 455 424 ' ,'0 0 0 0 0 0 0 0 0 0 0 0 0 0 0 0 0 0 0 0 ' ,310 ,2 ,2, 1
484 ,544, 446, '368 405 183 417 412 256 403 181 211 447 303 279 239 366 366 374 398 180 419 380 ' ,'0 0 0 0 0 0 0 0 0 0 0 0 0 0 0 0 0 0 0 0 ' ,242 ,0 ,2, 1
523 ,477, 496, '432 324 182 410 432 300 196 201 343 311 364 369 198 411 301 407 406 202 253 343 ' ,'0 0 0 0 0 0 0 0 0 0 0 0 0 0 0 0 0 0 0 0 ' ,289 ,1 ,2, 1
470 ,516, 396, '404 171 201 271 412 316 334 190 385 383 370 375 205 399 188 321 376 197 309 389 ' ,'0 0 0 0 0 0 0 0 0 0 0 0 0 0 0 0 0 0 0 0 ' ,225 ,1 ,1, 1
609 ,473, 574, '180 311 195 451 228 316 402 206 550 432 409 378 202 310 428 254 395 200 542 450 ' ,'0 0 0 0 0 0 0 0 0 0 0 0 0 0 0 0 0 0 0 0 ' ,342 ,1 ,2, 1
545 ,582, 524, '214 312 276 449 190 371 422 236 335 495 396 384 205 199 465 348 412 204 452 490 ' ,'0 0 0 0 0 0 0 0 0 0 0 0 0 0 0 0 0 0 0 0 ' ,317 ,2 ,1, 1
647 ,538, 570, '419 265 247 341 381 331 399 252 365 540 363 386 270 229 518 440 408 239 197 541 ' ,'0 0 0 0 0 0 0 0 0 0 0 0 0 0 0 0 0 0 0 0 ' ,371 ,1 ,1, 1
611 ,617, 586, '407 397 198 572 494 469 462 218 320 464 475 381 227 204 543 325 207 269 467 459 ' ,'0 0 0 0 0 0 0 0 0 0 0 0 0 0 0 0 0 0 0 0 ' ,361 ,1 ,2, 2
571 ,601, 528, '412 315 233 227 470 449 412 366 410 493 325 452 203 443 205 430 429 203 503 386 ' ,'0 0 0 0 0 0 0 0 0 0 0 0 0 0 0 0 0 0 0 0 ' ,296 ,1 ,4, 3
535 ,560, 477, '207 353 202 334 346 219 323 216 414 372 431 468 236 419 408 338 421 204 449 211 ' ,'0 0 0 0 0 0 0 0 0 0 0 0 0 0 0 0 0 0 0 0 ' ,286 ,2 ,3, 3
563 ,525, 497, '460 420 169 502 303 215 406 204 405 435 365 345 194 252 302 438 495 189 331 249 ' ,'0 0 0 0 0 0 0 0 0 0 0 0 0 0 0 0 0 0 0 0 ' ,310 ,2 ,1, 1
483 ,557, 439, '212 316 220 419 418 254 413 207 425 362 388 376 212 382 361 360 382 174 228 429 ' ,'0 0 0 0 0 0 0 0 0 0 0 0 0 0 0 0 0 0 0 0 ' ,264 ,1 ,1, 1
499 ,478, 442, '411 278 180 346 412 398 305 214 387 322 423 219 192 463 392 357 195 172 442 192 ' ,'0 0 0 0 0 0 0 0 0 0 0 0 0 0 0 0 0 0 0 0 ' ,280 ,2 ,2, 1
486 ,493, 458, '188 328 189 371 428 381 341 206 396 177 233 314 198 347 221 223 360 170 328 453 ' ,'0 0 0 0 0 0 0 0 0 0 0 0 0 0 0 0 0 0 0 0 ' ,257 ,2 ,2, 1
495 ,480, 344, '277 402 168 359 338 300 393 218 323 305 193 278 190 341 188 383 354 179 284 311 ' ,'0 0 0 0 0 0 0 0 0 0 0 0 0 0 0 0 0 0 0 0 ' ,265 ,3 ,2, 1
485 ,489, 419, '287 421 221 187 270 335 364 186 212 351 356 346 173 392 381 298 340 184 390 370 ' ,'0 0 0 0 0 0 0 0 0 0 0 0 0 0 0 0 0 0 0 0 ' ,260 ,1 ,1, 1
480 ,478, 411, '186 362 279 365 402 376 266 288 281 370 369 355 229 356 370 221 312 238 381 342 ' ,'0 0 0 0 0 0 0 0 0 0 0 0 0 0 0 0 0 0 0 0 ' ,223 ,1 ,2, 2
512 ,472, 458, '353 449 243 382 311 387 179 287 165 346 440 239 215 202 407 385 218 445 378 395 ' ,'0 0 0 0 0 0 0 0 0 0 0 0 0 0 0 0 0 122865 0 0 ' ,278 ,1 ,1, 1
533 ,499, 480, '331 291 175 354 264 249 331 251 192 300 348 385 239 398 346 186 411 206 261 194 ' ,'0 0 0 0 0 0 0 0 0 0 0 0 0 0 0 0 0 0 0 0 ' ,299 ,1 ,1, 1
529 ,504, 493, '425 380 200 379 216 384 348 193 462 451 392 298 274 304 344 273 417 215 207 422 ' ,'0 0 0 0 0 0 0 0 0 0 0 0 0 0 0 0 0 0 0 0 ' ,276 ,1 ,14, 14
564 ,519, 519, '241 471 216 425 412 213 329 201 390 400 434 421 222 224 317 419 491 234 208 359 ' ,'0 0 0 0 0 0 0 0 0 0 0 0 0 0 0 0 0 0 0 0 ' ,301 ,2 ,1, 1
592 ,546, 505, '222 419 216 313 449 208 498 318 366 414 304 330 200 367 402 437 287 196 251 464 ' ,'0 0 0 0 0 0 0 0 0 0 0 0 0 0 0 0 0 0 0 0 ' ,306 ,3 ,2, 2
597 ,604, 569, '393 189 216 232 506 446 371 204 432 446 498 391 273 290 525 439 358 191 541 272 ' ,'0 0 0 0 0 0 0 0 0 0 0 0 0 0 0 0 0 0 0 0 ' ,342 ,1 ,2, 2
540 ,598, 475, '462 438 242 426 392 498 322 220 304 414 237 457 211 366 342 376 454 217 407 406 ' ,'0 0 0 0 0 0 0 0 0 0 0 0 0 0 0 0 0 0 0 0 ' ,271 ,1 ,2, 2
593 ,531, 554, '396 441 263 473 457 418 484 254 503 277 331 526 253 427 478 405 452 186 476 496 ' ,'0 0 0 0 0 0 0 0 0 0 0 0 0 0 0 0 0 0 0 0 ' ,324 ,1 ,2, 1
560 ,579, 502, '380 396 250 393 461 484 328 238 211 260 464 483 238 521 461 221 474 221 451 462 ' ,'0 0 0 0 0 0 0 0 0 0 0 0 0 0 0 0 0 0 0 0 ' ,294 ,1 ,1, 1
587 ,550, 553, '462 467 193 370 437 459 399 224 418 420 273 369 211 471 346 234 504 202 317 395 ' ,'0 0 0 0 0 0 0 0 0 0 0 0 0 0 0 0 0 0 0 0 ' ,332 ,1 ,2, 2
553 ,577, 530, '419 199 236 475 396 351 233 234 457 345 395 199 259 436 433 489 495 247 519 461 ' ,'0 0 0 0 0 0 0 0 0 0 0 0 0 0 0 0 0 0 0 0 ' ,279 ,1 ,2, 1
570 ,547, 535, '320 463 198 481 235 405 426 223 428 333 376 399 202 210 444 444 466 172 535 537 ' ,'0 0 0 0 0 0 0 0 0 0 0 0 0 0 0 0 0 0 0 0 ' ,361 ,1 ,2, 1
535 ,566, 463, '305 437 205 469 386 293 412 209 370 207 480 343 191 431 363 494 223 209 342 206 ' ,'0 0 0 0 0 0 0 0 0 0 0 0 0 0 0 0 0 0 0 0 ' ,273 ,3 ,1, 1
622 ,524, 581, '207 420 175 435 417 532 458 260 195 425 375 429 197 395 462 393 568 219 334 381 ' ,'0 0 0 0 0 0 0 0 0 0 0 0 0 0 0 0 0 0 0 0 ' ,392 ,3 ,2, 0
512 ,628, 363, '167 375 241 355 426 310 381 236 348 334 185 333 239 329 380 463 347 240 420 196 ' ,'0 0 0 0 0 0 0 0 0 0 0 0 0 0 0 0 0 0 0 0 ' ,245 ,2 ,2, 2
484 ,520, 427, '416 189 156 252 335 436 177 222 347 387 340 276 181 434 361 358 381 185 375 387 ' ,'0 0 0 0 0 0 0 0 0 0 0 0 0 0 0 0 0 0 0 0 ' ,282 ,2 ,1, 1
530 ,468, 474, '421 285 189 412 336 447 439 208 341 420 205 278 190 426 402 165 413 198 333 195 ' ,'0 0 0 0 0 0 0 0 0 0 0 0 0 0 0 0 0 0 0 0 ' ,287 ,1 ,1, 1
610 ,524, 571, '220 405 182 222 401 369 332 192 557 358 361 364 268 356 178 381 362 202 544 375 ' ,'0 0 0 0 0 0 0 0 0 0 0 0 0 0 0 0 0 0 0 0 ' ,377 ,2 ,2, 2
481 ,604, 422, '321 354 185 339 432 406 274 284 358 381 390 365 197 402 379 227 406 186 325 234 ' ,'0 0 0 0 0 0 0 0 0 0 0 0 0 0 0 0 0 0 0 0 ' ,236 ,2 ,1, 1
471 ,473, 442, '285 377 260 391 339 305 404 249 303 411 398 387 249 416 305 333 184 167 174 304 ' ,'0 0 0 0 0 0 0 0 0 0 0 0 0 0 0 0 0 0 0 0 ' ,263 ,2 ,2, 1
548 ,468, 465, '422 291 183 497 368 364 363 208 400 383 394 324 197 384 376 367 356 254 300 386 ' ,'0 0 0 0 0 0 0 0 0 0 0 0 0 0 0 0 0 0 0 0 ' ,313 ,2 ,2, 0
544 ,540, 493, '268 357 183 402 236 313 335 207 380 456 206 358 212 276 366 359 454 200 415 310 ' ,'0 0 0 0 0 0 0 0 0 0 0 0 0 0 0 0 0 0 0 0 ' ,265 ,2 ,1, 1
503 ,538, 439, '166 427 196 348 381 304 327 186 421 283 189 294 193 310 402 386 405 206 334 421 ' ,'0 0 0 0 0 0 0 0 0 0 0 0 0 0 0 0 0 0 0 0 ' ,272 ,1 ,1, 1
527 ,495, 490, '216 389 221 398 443 397 386 218 327 407 407 426 212 193 450 234 344 273 312 368 ' ,'0 0 0 0 0 0 0 0 0 0 0 0 0 0 0 0 0 0 0 0 ' ,190 ,1 ,1, 1
533 ,514, 485, '208 409 219 408 468 300 287 211 392 455 454 306 190 241 448 403 453 230 273 232 ' ,'0 0 0 0 0 0 0 0 0 0 0 0 0 0 0 0 0 0 0 0 ' ,282 ,2 ,2, 1
523 ,525, 499, '402 279 205 396 322 476 290 193 469 420 376 337 268 474 261 398 408 254 444 436 ' ,'0 0 0 0 0 0 0 0 0 0 0 0 0 0 0 0 0 0 0 0 ' ,288 ,1 ,4, 4
562 ,513, 521, '359 446 212 199 376 368 404 206 407 353 167 443 229 393 453 284 401 227 500 442 ' ,'0 0 0 0 0 0 0 0 0 0 0 0 0 0 0 0 0 0 0 0 ' ,312 ,1 ,2, 2
619 ,556, 550, '468 237 219 494 184 331 408 194 470 347 341 456 233 295 482 443 409 227 552 495 ' ,'0 0 0 0 0 0 0 0 0 0 0 0 0 0 0 0 0 0 0 0 ' ,351 ,1 ,1, 1
556 ,608, 534, '262 323 225 277 329 424 392 196 316 395 290 331 188 193 444 337 372 179 465 474 ' ,'0 0 0 0 0 0 0 0 0 0 0 0 0 0 0 0 0 0 0 0 ' ,339 ,1 ,1, 1
561 ,552, 535, '319 397 209 228 329 386 342 247 520 280 392 398 244 243 311 341 344 250 398 417 ' ,'0 0 0 0 0 0 0 0 0 0 0 0 0 0 0 0 0 0 0 0 ' ,316 ,0 ,2, 2
601 ,554, 501, '402 220 209 470 274 551 194 210 432 450 481 290 270 426 371 363 486 183 333 403 ' ,'0 0 0 0 0 0 0 0 0 0 0 0 0 0 0 0 0 0 0 0 ' ,356 ,1 ,1, 1
508 ,591, 430, '380 311 200 434 313 441 388 189 383 334 190 310 203 409 392 232 314 201 377 368 ' ,'0 0 0 0 0 0 0 0 0 0 0 0 0 0 0 0 0 0 0 0 ' ,266 ,2 ,1, 1
515 ,496, 480, '201 249 211 351 350 341 376 281 350 331 415 333 208 454 345 408 312 182 209 419 ' ,'0 0 0 0 0 0 0 0 0 0 0 0 0 0 0 0 0 0 0 0 ' ,253 ,1 ,1, 1
640 ,503, 541, '183 295 188 377 371 327 406 183 368 179 186 422 208 385 396 421 403 183 362 392 ' ,'0 0 0 0 0 0 0 0 0 0 0 0 0 0 0 0 0 0 0 0 ' ,401 ,3 ,1, 1
572 ,615, 387, '363 404 180 418 400 296 240 200 369 410 380 314 196 394 193 395 321 156 210 337 ' ,'0 0 0 0 0 0 0 0 0 0 0 0 0 0 0 0 0 0 0 0 ' ,362 ,3 ,1, 1
487 ,564, 463, '363 249 190 437 375 335 194 192 454 174 385 406 170 316 385 442 359 230 401 173 ' ,'0 0 0 0 0 0 0 0 0 0 0 0 0 0 0 0 0 0 0 0 ' ,245 ,2 ,1, 1
560 ,481, 485, '272 395 159 456 332 188 409 174 295 304 276 323 183 193 232 337 297 199 349 319 ' ,'0 0 0 0 0 0 0 0 0 0 0 0 0 0 0 0 0 0 0 0 ' ,337 ,1 ,1, 1
500 ,554, 449, '340 395 186 257 399 378 400 202 427 252 355 419 184 446 393 214 421 201 231 439 ' ,'0 0 0 0 0 0 0 0 0 0 0 0 0 0 0 0 0 0 0 0 ' ,267 ,1 ,1, 1
532 ,493, 496, '297 483 286 403 446 400 398 212 421 434 180 315 204 416 352 381 403 188 379 306 ' ,'0 0 0 0 0 0 0 0 0 0 0 0 0 0 0 0 0 0 0 0 ' ,290 ,2 ,2, 2
559 ,524, 399, '212 270 212 375 279 228 437 211 314 418 365 406 230 384 237 513 420 207 393 392 ' ,'0 0 0 0 0 0 0 0 0 0 0 0 0 0 0 0 0 0 0 0 ' ,288 ,2 ,2, 2
550 ,551, 525, '363 208 224 421 221 455 384 217 459 403 487 414 218 420 438 385 452 224 321 365 ' ,'0 0 0 0 0 0 0 0 0 0 0 0 0 0 0 0 0 0 0 0 ' ,265 ,2 ,5, 2
617 ,543, 524, '209 295 234 234 400 469 492 260 503 243 355 442 259 506 371 211 330 220 445 408 ' ,'0 0 0 0 0 0 0 0 0 0 0 0 0 0 0 0 0 0 0 0 ' ,330 ,2 ,2, 2
550 ,611, 524, '207 326 214 211 447 223 498 216 407 427 478 439 255 244 326 406 480 257 453 435 ' ,'0 0 0 0 0 0 0 0 0 0 0 0 0 0 0 0 0 0 0 0 ' ,282 ,3 ,2, 1
579 ,543, 526, '214 456 206 512 457 332 417 229 456 197 449 347 299 316 430 440 430 198 381 382 ' ,'0 0 0 0 0 0 0 0 0 0 0 0 0 0 0 0 0 0 0 0 ' ,290 ,2 ,1, 1
654 ,571, 611, '251 465 189 497 468 449 352 207 184 494 486 424 221 572 581 217 371 197 562 266 ' ,'0 0 0 0 0 0 0 0 0 0 0 0 0 0 0 0 0 0 0 0 ' ,383 ,1 ,2, 1
594 ,646, 543, '353 310 216 452 446 395 393 292 263 314 454 311 192 487 330 477 209 218 386 474 ' ,'0 0 0 0 0 0 0 0 0 0 0 0 0 0 0 0 0 0 0 0 ' ,278 ,12 ,1, 1
719 ,705, 660, '412 271 209 390 484 192 374 296 463 495 200 359 204 601 435 402 357 159 455 466 ' ,'0 0 0 0 0 0 0 0 0 0 0 0 0 0 0 0 0 0 0 0 ' ,440 ,1 ,1, 1
880 ,706, 794, '420 427 190 191 329 175 266 195 688 409 255 269 195 420 525 206 297 193 557 442 ' ,'0 0 0 0 0 0 0 0 0 0 0 0 0 0 0 0 0 0 0 0 ' ,598 ,1 ,2, 2
654 ,866, 609, '194 334 277 431 555 280 295 207 595 473 353 360 195 445 365 232 397 184 602 530 ' ,'0 0 0 0 0 0 0 0 0 0 0 0 0 0 0 0 0 0 0 0 ' ,412 ,2 ,1, 1
686 ,652, 605, '233 412 209 435 430 175 353 200 514 454 386 336 225 607 282 202 344 184 500 534 ' ,'0 0 0 0 0 0 0 0 0 0 0 0 0 0 0 0 0 0 0 0 ' ,423 ,1 ,1, 1
731 ,675, 590, '381 291 205 579 625 423 273 197 423 450 368 419 203 361 347 387 281 211 495 469 ' ,'0 0 0 0 0 0 0 0 0 0 0 0 0 0 0 0 0 0 0 0 ' ,384 ,2 ,1, 0
949 ,696, 843, '343 445 257 568 693 185 386 195 617 725 404 361 266 579 601 347 405 213 529 896 ' ,'0 0 0 0 0 0 0 0 0 0 0 0 0 0 0 0 0 0 0 465859 ' ,627 ,1 ,1, 1
628 ,958, 576, '410 382 232 508 548 204 411 202 335 431 458 376 208 519 400 210 298 192 571 506 ' ,'0 0 0 0 0 0 0 0 0 0 0 0 0 0 0 0 0 0 0 0 ' ,357 ,1 ,1, 1
750 ,616, 691, '294 285 272 602 416 397 325 275 476 506 430 425 229 624 499 208 420 219 323 559 ' ,'0 0 0 0 0 0 0 0 0 0 0 0 0 0 0 0 0 0 0 0 ' ,385 ,1 ,2, 1
866 ,722, 774, '381 365 217 703 567 406 361 271 540 548 291 374 209 710 722 178 356 217 451 358 ' ,'0 0 0 0 0 0 0 0 0 0 0 0 0 0 0 0 0 0 0 0 ' ,558 ,1 ,4, 1
909 ,831, 851, '518 402 227 567 707 360 512 251 420 639 275 456 233 740 782 402 443 226 458 700 ' ,'0 0 0 0 0 0 0 0 0 0 0 0 0 0 0 0 0 0 0 0 ' ,614 ,1 ,1, 1
826 ,883, 748, '290 463 345 554 486 394 404 327 725 445 454 463 272 649 506 345 393 245 479 235 ' ,'0 0 0 0 0 0 0 0 0 0 0 0 0 0 0 0 0 0 0 0 ' ,433 ,6 ,5, 5
628 ,801, 535, '420 427 246 433 420 311 348 225 374 495 424 404 270 534 473 445 368 185 310 331 ' ,'0 0 0 0 0 0 0 0 0 0 0 0 0 0 0 0 0 0 0 0 ' ,332 ,0 ,2, 1
571 ,620, 323, '422 434 215 413 305 360 426 209 281 298 429 361 183 400 269 455 386 195 332 215 ' ,'0 0 0 0 0 0 0 0 0 0 0 0 0 0 0 0 0 0 0 0 ' ,308 ,1 ,1, 1
488 ,563, 429, '442 387 197 455 349 364 421 199 372 294 273 414 200 210 351 184 283 220 383 397 ' ,'0 0 0 0 0 0 0 0 0 0 0 0 0 0 0 0 0 0 0 0 ' ,260 ,2 ,1, 1
767 ,481, 721, '324 343 207 182 228 356 350 231 346 398 375 216 208 545 704 338 346 175 431 584 ' ,'0 0 0 0 0 0 0 0 0 0 0 0 0 0 341159 0 0 0 0 0 ' ,530 ,1 ,1, 1
511 ,760, 441, '197 437 225 413 267 363 275 185 409 251 421 337 202 222 312 206 367 202 454 346 ' ,'0 0 0 0 0 0 0 0 0 0 0 0 0 0 0 0 0 0 0 0 ' ,275 ,2 ,1, 1
668 ,503, 636, '186 408 223 598 484 354 327 196 602 206 350 439 194 188 504 367 234 169 481 437 ' ,'0 0 0 0 0 0 0 0 0 0 0 0 0 0 0 0 0 0 0 0 ' ,451 ,1 ,2, 1
597 ,659, 569, '186 477 258 371 345 277 351 189 263 349 375 380 219 390 308 446 351 230 347 358 ' ,'0 0 0 0 0 0 0 0 0 0 0 0 0 0 0 0 0 0 0 0 ' ,366 ,2 ,2, 2
605 ,592, 556, '200 443 174 217 312 352 343 205 362 403 388 394 263 388 430 216 271 214 306 317 ' ,'0 0 0 0 0 0 0 0 0 0 0 0 0 0 0 0 0 0 0 0 ' ,402 ,1 ,2, 2
596 ,596, 510, '441 302 219 183 414 406 398 248 377 514 212 390 188 232 443 268 415 177 468 260 ' ,'0 0 0 0 0 0 0 0 0 0 0 0 0 0 0 0 0 0 0 0 ' ,328 ,1 ,2, 2
526 ,579, 495, '419 414 236 279 379 254 350 224 437 457 422 460 229 425 399 207 438 215 360 481 ' ,'0 0 0 0 0 0 0 0 0 0 0 0 0 0 0 0 0 0 0 0 ' ,254 ,2 ,2, 2
612 ,518, 560, '453 484 212 445 454 267 407 253 505 479 481 353 213 249 289 211 358 234 547 471 ' ,'0 0 0 0 0 0 0 0 0 0 0 0 0 0 0 0 0 0 0 0 ' ,331 ,2 ,3, 3
743 ,620, 703, '277 330 234 414 494 220 452 255 435 518 500 501 217 447 415 435 382 316 242 527 ' ,'0 0 0 0 0 0 0 0 0 0 0 0 0 0 0 0 0 0 0 0 ' ,459 ,1 ,2, 2
583 ,738, 460, '451 338 214 328 375 287 324 227 274 456 244 421 221 476 320 275 394 204 456 528 ' ,'0 0 0 0 0 0 0 0 0 0 0 0 0 0 0 0 0 0 0 0 ' ,333 ,2 ,5, 4
594 ,582, 540, '269 447 217 344 281 451 391 213 514 468 381 396 276 222 396 358 425 234 506 398 ' ,'0 0 0 0 0 0 0 0 0 0 0 0 0 0 0 0 0 0 0 0 ' ,348 ,1 ,3, 2
642 ,585, 488, '209 377 276 386 449 326 321 292 424 513 241 287 198 212 352 470 365 265 233 505 ' ,'0 0 0 0 0 0 0 0 0 0 0 0 0 0 0 0 0 0 0 0 ' ,392 ,1 ,2, 1
625 ,635, 523, '188 449 209 382 299 412 203 196 443 337 514 309 197 465 330 359 378 229 240 404 ' ,'0 0 0 0 0 0 0 0 0 0 0 0 0 0 0 0 0 0 0 0 ' ,358 ,2 ,31, 4
487 ,617, 440, '177 370 207 445 361 221 320 175 408 372 403 357 240 235 335 299 285 194 401 392 ' ,'0 0 0 0 0 0 0 0 0 0 0 0 0 0 0 0 0 0 0 0 ' ,229 ,2 ,2, 2
560 ,482, 529, '360 320 204 201 392 328 359 185 393 306 320 359 191 402 235 306 368 183 164 296 ' ,'0 0 0 0 0 0 0 0 0 0 0 0 0 0 0 0 0 0 0 0 ' ,351 ,1 ,3, 2
503 ,556, 462, '183 392 220 288 282 344 367 187 178 337 400 302 168 317 355 167 266 188 370 360 ' ,'0 0 0 0 0 0 0 0 0 0 0 0 0 0 0 0 0 0 0 0 ' ,299 ,1 ,1, 1
548 ,502, 490, '267 402 183 205 437 406 330 161 330 292 432 374 173 364 340 422 365 281 410 378 ' ,'0 0 0 0 0 0 0 0 0 0 0 0 0 0 0 0 0 0 0 0 ' ,322 ,1 ,1, 1
534 ,538, 472, '251 370 229 207 378 196 339 251 400 254 206 317 203 377 410 400 299 173 460 475 ' ,'0 0 0 0 0 0 0 0 0 0 0 0 0 0 0 0 0 0 0 0 ' ,297 ,2 ,1, 1
531 ,525, 502, '472 346 208 233 316 219 370 234 479 461 456 391 190 378 358 371 399 260 455 482 ' ,'0 0 0 0 0 0 0 0 0 0 0 0 0 0 0 0 0 0 0 0 ' ,253 ,1 ,2, 2
557 ,522, 538, '210 307 231 333 461 269 399 192 404 279 436 427 219 394 465 442 401 209 486 420 ' ,'0 0 0 0 0 0 0 0 0 0 0 0 0 0 0 0 0 0 0 0 ' ,317 ,2 ,2, 1
619 ,548, 599, '322 432 218 418 394 426 289 229 432 335 217 433 198 198 384 205 418 209 341 360 ' ,'0 0 0 0 0 0 0 0 0 0 0 0 0 0 0 0 0 0 0 0 ' ,375 ,2 ,2, 1
544 ,628, 503, '316 288 233 258 366 472 419 209 461 368 405 419 186 225 437 463 261 208 301 512 ' ,'0 0 0 0 0 0 0 0 0 0 0 0 0 0 0 0 0 0 0 0 ' ,314 ,2 ,2, 1
587 ,536, 517, '225 347 229 340 457 411 402 216 419 419 415 365 222 301 480 217 501 267 395 427 ' ,'0 0 0 0 0 0 0 0 0 0 0 0 0 0 0 0 0 0 0 0 ' ,295 ,2 ,2, 2
541 ,581, 493, '378 400 223 320 470 470 503 211 456 353 457 437 257 423 403 220 431 254 349 420 ' ,'0 0 0 0 0 0 0 0 0 0 0 0 0 0 0 0 0 0 0 0 ' ,294 ,4 ,6, 2
559 ,535, 518, '432 459 234 271 479 415 434 190 416 410 482 335 233 459 461 388 405 214 295 481 ' ,'0 0 0 0 0 0 0 0 0 0 0 0 0 0 0 0 0 0 0 0 ' ,291 ,1 ,2, 2
658 ,553, 567, '393 358 227 444 251 484 425 226 477 367 418 502 222 424 351 486 269 214 516 434 ' ,'0 0 0 0 0 0 0 0 0 0 0 0 0 0 0 0 0 0 0 0 ' ,381 ,1 ,1, 1
482 ,664, 415, '216 310 210 303 430 393 388 251 224 377 421 371 208 391 360 425 313 207 422 419 ' ,'0 0 0 0 0 0 0 0 0 0 0 0 0 0 0 0 0 0 0 0 ' ,232 ,2 ,1, 1
498 ,474, 449, '277 356 216 357 182 436 360 210 361 402 359 389 189 383 263 257 223 201 350 423 ' ,'0 0 0 0 0 0 0 0 0 0 0 0 0 0 0 0 0 0 0 0 ' ,254 ,1 ,1, 1
496 ,495, 424, '202 320 228 187 441 333 347 205 432 264 448 380 231 373 405 184 373 210 383 333 ' ,'0 0 0 0 0 0 0 0 0 0 0 0 0 0 0 0 0 0 0 0 ' ,260 ,1 ,2, 1
553 ,488, 508, '394 355 205 388 409 417 323 207 381 213 407 424 177 433 340 473 405 161 275 336 ' ,'0 0 0 0 0 0 0 0 0 0 0 0 0 0 0 0 0 0 0 0 ' ,296 ,2 ,1, 1
561 ,547, 511, '426 327 184 391 384 185 317 197 386 370 182 394 195 187 307 222 431 153 358 469 ' ,'0 0 0 0 0 0 0 0 0 0 0 0 0 0 0 0 0 0 0 0 ' ,346 ,1 ,2, 2
548 ,552, 485, '443 296 185 436 208 451 307 302 402 466 448 321 194 504 447 400 223 185 224 330 ' ,'0 0 0 0 0 0 0 0 0 0 0 0 0 0 0 0 0 0 0 0 ' ,311 ,1 ,2, 1
480 ,539, 414, '243 393 224 194 297 399 351 190 368 352 371 332 193 423 286 309 394 229 197 429 ' ,'0 0 0 0 0 0 0 0 0 0 0 0 0 0 0 0 0 0 0 0 ' ,245 ,2 ,2, 1
503 ,469, 423, '338 360 209 399 422 466 325 206 206 438 380 334 319 395 425 182 413 240 409 353 ' ,'0 0 0 0 0 0 0 0 0 0 0 0 0 0 0 0 0 0 0 0 ' ,244 ,2 ,1, 1
510 ,496, 469, '442 235 199 186 325 172 434 194 415 315 313 331 208 363 433 409 448 196 451 419 ' ,'0 0 0 0 0 0 0 0 0 0 0 0 0 0 0 0 0 0 0 0 ' ,287 ,1 ,1, 1
516 ,500, 466, '399 210 230 201 418 377 330 220 375 438 406 428 246 412 454 292 397 198 326 432 ' ,'0 0 0 0 0 0 0 0 0 0 0 0 0 0 0 0 0 0 0 0 ' ,232 ,1 ,2, 2
540 ,503, 499, '412 407 223 395 207 358 399 237 389 352 400 236 242 350 436 505 397 228 408 438 ' ,'0 0 0 0 0 0 0 0 0 0 0 0 0 0 0 0 0 0 0 0 ' ,276 ,2 ,5, 2
616 ,566, 570, '404 471 220 494 530 419 320 250 483 532 398 477 215 522 536 225 396 247 414 320 ' ,'0 0 0 0 0 0 0 0 0 0 0 0 0 0 0 0 0 0 0 0 ' ,353 ,1 ,2, 1
605 ,609, 556, '412 394 277 431 441 392 450 220 490 422 377 420 258 237 475 473 435 244 519 409 ' ,'0 0 0 0 0 0 0 0 0 0 0 0 0 0 0 0 0 0 0 0 ' ,313 ,1 ,1, 1
686 ,600, 554, '588 534 232 359 176 216 315 191 360 459 231 324 272 232 467 387 504 167 339 282 ' ,'0 0 0 0 0 0 0 0 0 0 0 0 0 0 0 0 0 0 0 0 ' ,413 ,2 ,1, 1
482 ,677, 411, '394 347 211 386 430 341 388 210 363 377 283 381 284 440 422 411 423 227 349 428 ' ,'0 0 0 0 0 0 0 0 0 0 0 0 0 0 0 0 0 0 0 0 ' ,223 ,1 ,1, 1
503 ,477, 467, '405 413 194 380 344 447 248 213 292 386 404 379 197 445 389 448 340 220 397 175 ' ,'0 0 0 0 0 0 0 0 0 0 0 0 0 0 0 0 0 0 0 0 ' ,245 ,3 ,1, 1
560 ,487, 491, '392 348 235 359 258 416 341 179 346 332 306 365 238 471 430 327 374 179 490 395 ' ,'0 0 0 0 0 0 0 0 0 0 0 0 0 0 0 0 0 0 58820 0 ' ,329 ,1 ,2, 2
619 ,554, 581, '205 293 232 194 403 396 267 186 463 394 177 382 212 187 347 405 418 215 293 430 ' ,'0 0 0 0 0 0 0 0 0 0 0 0 0 0 0 0 0 0 0 0 ' ,377 ,2 ,1, 1
519 ,606, 467, '191 243 181 181 378 386 448 255 394 400 345 407 183 399 382 374 261 232 377 385 ' ,'0 0 0 0 0 0 0 0 0 0 0 0 0 0 0 0 0 0 0 0 ' ,301 ,2 ,1, 0
490 ,510, 401, '364 429 213 321 400 360 395 290 189 384 199 309 238 334 336 347 302 195 400 420 ' ,'0 0 0 0 0 0 0 0 0 0 0 0 0 0 0 0 0 0 0 0 ' ,225 ,2 ,2, 2
451 ,481, 421, '384 321 174 365 418 422 368 229 325 402 343 340 182 380 387 380 348 184 361 249 ' ,'0 0 0 0 0 0 0 0 0 0 0 0 0 0 0 0 0 0 0 0 ' ,230 ,2 ,1, 1
533 ,572, 477, '381 244 210 277 395 331 299 194 476 413 357 420 275 461 433 369 400 183 274 406 ' ,'0 0 0 0 0 0 0 0 0 0 0 0 0 0 0 0 0 0 0 0 ' ,286 ,2 ,2, 1
582 ,526, 475, '192 364 231 405 283 202 341 180 341 339 453 364 215 537 212 410 448 201 403 415 ' ,'0 0 0 0 0 0 0 0 0 0 0 0 0 0 0 0 0 0 0 0 ' ,327 ,1 ,2, 2
514 ,575, 423, '404 424 263 435 457 197 343 254 453 427 334 355 208 378 338 340 410 199 196 243 ' ,'0 0 0 0 0 0 0 0 0 0 0 0 0 0 0 0 0 0 0 0 ' ,280 ,2 ,1, 1
585 ,507, 504, '298 389 239 281 376 283 361 357 493 528 380 304 276 303 480 257 435 256 551 496 ' ,'0 0 0 0 0 0 0 0 0 0 0 0 0 0 0 0 0 0 0 0 ' ,298 ,2 ,2, 2
664 ,580, 642, '316 467 219 464 305 488 422 181 438 376 444 401 205 239 380 440 367 210 227 273 ' ,'0 0 0 0 0 0 0 0 0 0 0 0 0 0 0 0 0 0 0 0 ' ,423 ,2 ,2, 2
603 ,657, 552, '435 545 239 511 236 442 460 246 292 452 226 276 213 435 492 398 471 281 560 463 ' ,'0 0 0 0 0 0 0 0 0 0 0 0 0 0 0 0 0 0 0 0 ' ,319 ,1 ,2, 2
568 ,598, 531, '519 513 230 244 465 386 506 228 443 390 326 468 207 461 430 335 398 244 438 512 ' ,'0 0 0 0 0 0 0 0 0 0 0 0 0 0 0 0 0 0 0 0 ' ,293 ,2 ,2, 2
540 ,552, 458, '460 448 227 282 421 303 300 202 394 453 371 405 204 395 205 383 462 210 333 387 ' ,'0 0 0 0 0 0 0 0 0 0 0 0 0 0 0 0 0 0 0 0 ' ,267 ,2 ,3, 2
552 ,529, 513, '184 369 253 274 411 423 392 292 340 402 370 295 248 516 386 457 423 220 406 429 ' ,'0 0 0 0 0 0 0 0 0 0 0 0 0 0 0 0 0 0 0 0 ' ,309 ,2 ,2, 2
552 ,563, 523, '409 201 164 411 448 375 192 185 339 408 512 202 225 408 211 492 444 208 501 270 ' ,'0 0 0 0 0 0 0 0 0 0 0 0 0 0 0 0 0 0 0 0 ' ,312 ,2 ,2, 2
501 ,542, 432, '444 256 180 333 183 377 358 231 430 366 388 329 275 388 399 310 269 191 389 405 ' ,'0 0 0 0 0 0 0 0 0 0 0 0 0 0 0 0 0 0 0 0 ' ,274 ,1 ,2, 2
497 ,494, 406, '216 305 188 166 343 411 281 194 437 295 170 371 180 371 222 210 328 198 358 311 ' ,'0 0 0 0 0 0 0 0 0 0 0 0 0 0 0 0 0 0 0 0 ' ,280 ,1 ,1, 1
498 ,492, 446, '356 423 209 304 288 301 314 176 372 367 349 320 155 370 402 190 389 169 375 436 ' ,'0 0 0 0 0 0 0 0 0 0 0 0 0 0 0 0 0 0 0 0 ' ,289 ,1 ,2, 2
492 ,489, 426, '373 318 208 347 453 297 371 268 314 410 347 346 271 436 323 388 407 191 329 195 ' ,'0 0 0 0 0 0 0 0 0 0 0 0 0 0 0 0 0 0 0 0 ' ,247 ,1 ,2, 1
587 ,489, 558, '407 311 233 170 480 395 395 185 476 439 394 273 175 442 508 428 258 237 491 519 ' ,'0 0 0 0 0 0 0 0 0 0 0 0 0 0 0 0 0 0 0 0 ' ,390 ,1 ,2, 2
509 ,582, 489, '391 430 227 381 456 245 440 192 389 366 451 415 271 204 347 467 349 228 477 479 ' ,'0 0 0 0 0 0 0 0 0 0 0 0 0 0 0 0 0 0 0 0 ' ,268 ,2 ,2, 1
620 ,504, 582, '424 265 227 484 234 378 408 204 269 323 392 459 248 194 421 363 412 216 576 408 ' ,'0 0 0 0 0 0 0 0 0 0 0 0 0 0 0 0 0 0 0 0 ' ,375 ,2 ,1, 1
590 ,613, 530, '524 362 236 429 458 462 433 203 349 377 264 391 253 311 170 273 212 206 462 480 ' ,'0 0 0 0 0 0 0 0 0 0 0 0 0 0 0 0 0 0 0 0 ' ,308 ,3 ,2, 2
611 ,582, 555, '435 475 233 534 404 408 354 232 558 204 203 417 255 233 509 253 469 208 505 498 ' ,'0 0 0 0 0 0 0 0 0 0 0 0 0 0 0 0 0 0 0 0 ' ,336 ,2 ,1, 1
552 ,604, 514, '368 490 227 451 355 350 371 196 268 391 385 376 236 346 440 518 177 253 485 352 ' ,'0 0 0 0 0 0 0 0 0 0 0 0 0 0 0 0 0 0 0 0 ' ,294 ,1 ,2, 2
781 ,544, 438, '274 536 199 455 465 386 328 242 250 401 415 426 239 437 419 215 425 233 476 412 ' ,'0 0 0 0 0 0 0 0 0 0 0 0 0 0 0 0 0 0 0 0 ' ,311 ,2 ,2, 2
587 ,767, 527, '502 447 216 433 439 456 423 291 477 425 456 416 244 404 436 323 429 240 488 519 ' ,'0 0 0 0 0 0 0 0 0 0 0 0 0 0 0 0 0 0 0 0 ' ,297 ,2 ,3, 2
619 ,582, 566, '390 448 203 238 431 419 459 235 485 390 421 212 206 369 335 349 526 224 500 344 ' ,'0 0 0 0 0 0 0 0 0 0 0 0 0 0 0 0 0 0 0 0 ' ,380 ,2 ,2, 2
535 ,612, 442, '434 422 232 200 379 218 362 240 369 407 475 424 350 440 471 281 397 260 453 464 ' ,'0 0 0 0 0 0 0 0 0 0 0 0 0 0 0 0 0 0 0 0 ' ,271 ,1 ,2, 2
627 ,527, 607, '587 379 302 423 238 588 369 194 377 458 588 327 225 488 344 586 403 207 201 450 ' ,'0 0 0 0 0 0 0 0 0 0 0 0 0 0 0 0 0 0 0 0 ' ,387 ,2 ,1, 1
508 ,620, 468, '455 475 196 225 316 204 281 233 445 369 228 384 213 451 426 422 347 225 448 201 ' ,'0 0 0 0 0 0 0 0 0 0 0 0 0 0 0 0 0 0 0 0 ' ,282 ,1 ,2, 1
565 ,500, 433, '343 420 205 427 453 391 342 208 380 273 235 368 274 328 420 428 385 188 327 214 ' ,'0 0 0 0 0 0 0 0 0 0 0 0 0 0 0 0 0 0 0 0 ' ,216 ,2 ,2, 2
506 ,546, 416, '208 375 190 417 457 220 306 174 244 434 379 365 214 183 304 438 420 204 388 390 ' ,'0 0 0 0 0 0 0 0 0 0 0 0 0 0 0 0 0 0 0 0 ' ,290 ,2 ,2, 1
524 ,496, 469, '229 307 303 427 406 181 292 302 366 312 154 429 205 196 334 416 365 231 484 219 ' ,'0 0 0 0 0 0 0 0 0 0 0 0 0 0 0 0 0 0 0 0 ' ,304 ,2 ,4, 1
550 ,518, 493, '464 178 185 352 346 469 469 169 304 358 418 298 199 447 408 318 274 176 409 200 ' ,'0 0 0 0 0 0 0 0 0 0 0 0 0 0 0 0 0 0 0 0 ' ,302 ,2 ,2, 1
526 ,548, 472, '390 440 282 486 432 176 319 276 332 461 213 420 220 441 408 378 402 301 424 374 ' ,'0 0 0 0 0 0 0 0 0 0 0 0 0 0 0 0 0 0 0 0 ' ,283 ,2 ,2, 2
483 ,519, 452, '301 388 222 438 425 292 401 270 248 371 191 426 201 384 367 451 211 217 421 171 ' ,'0 0 0 0 0 0 0 0 0 0 0 0 0 0 0 0 0 0 0 0 ' ,235 ,1 ,1, 1
572 ,476, 534, '220 366 172 445 385 334 442 208 446 490 366 429 245 425 412 423 438 223 302 413 ' ,'0 0 0 0 0 0 0 0 0 0 0 0 0 0 0 0 0 0 0 0 ' ,347 ,2 ,1, 1
547 ,562, 529, '402 399 267 404 453 291 394 229 500 450 433 436 267 388 447 398 445 312 461 285 ' ,'0 0 0 0 0 0 0 0 0 0 0 0 0 0 0 0 0 0 0 0 ' ,280 ,3 ,3, 2
574 ,548, 553, '467 405 235 541 214 436 462 208 360 449 389 205 220 508 308 495 204 218 368 268 ' ,'0 0 0 0 0 0 0 0 0 0 0 0 0 0 0 0 0 0 0 0 ' ,329 ,2 ,3, 2
600 ,568, 551, '433 418 329 426 454 447 327 247 520 362 198 303 209 178 465 469 486 190 350 421 ' ,'0 0 0 0 0 0 0 0 0 0 0 0 0 0 0 0 0 0 0 0 ' ,358 ,2 ,2, 1
563 ,606, 478, '324 438 193 429 431 346 317 236 376 261 305 403 215 330 291 460 290 209 322 357 ' ,'0 0 0 0 0 0 0 0 0 0 0 0 0 0 0 0 0 0 0 0 ' ,323 ,1 ,2, 1
477 ,557, 408, '201 307 304 391 392 358 388 194 371 337 258 350 208 416 391 193 438 222 385 371 ' ,'0 0 0 0 0 0 0 0 0 0 0 0 0 0 0 0 0 0 0 0 ' ,248 ,2 ,2, 2
558 ,468, 524, '404 357 258 429 354 232 296 199 395 338 437 457 247 225 414 422 187 175 513 448 ' ,'0 0 0 0 0 0 0 0 0 0 0 0 0 0 0 0 0 0 0 0 ' ,326 ,2 ,2, 2
562 ,551, 526, '401 346 204 512 200 439 388 210 349 440 461 385 199 410 381 310 186 233 381 373 ' ,'0 0 0 0 0 0 0 0 0 0 0 0 0 0 0 0 0 0 0 0 ' ,322 ,1 ,2, 1
630 ,557, 591, '383 359 199 590 402 412 329 201 531 277 334 377 194 253 437 182 289 215 466 244 ' ,'0 0 0 0 0 0 0 0 0 0 0 0 0 0 0 0 0 0 0 0 ' ,390 ,2 ,1, 1
556 ,622, 490, '365 402 226 401 191 412 318 174 427 212 371 263 305 495 416 182 333 193 454 281 ' ,'0 0 0 0 0 0 0 0 0 0 0 0 0 0 0 0 0 0 0 0 ' ,237 ,1 ,2, 1
580 ,549, 494, '187 401 229 393 370 373 252 221 370 317 495 328 207 417 302 356 397 176 449 204 ' ,'0 0 0 0 0 0 0 0 0 0 0 0 0 0 0 0 0 0 0 0 ' ,324 ,3 ,1, 1
485 ,574, 445, '345 422 252 185 312 399 216 204 275 349 306 311 231 427 209 397 327 220 387 405 ' ,'0 0 0 0 0 0 0 0 0 0 0 0 0 0 0 0 0 0 0 0 ' ,231 ,1 ,2, 1
481 ,491, 457, '411 369 187 435 194 415 341 180 380 411 365 224 230 391 229 360 281 188 340 303 ' ,'0 0 0 0 0 0 0 0 0 0 0 0 0 0 0 0 0 0 0 0 ' ,256 ,2 ,2, 1
465 ,474, 432, '387 346 214 273 334 416 373 202 359 382 336 254 187 429 355 199 338 256 355 240 ' ,'0 0 0 0 0 0 0 0 0 0 0 0 0 0 0 0 0 0 0 0 ' ,236 ,2 ,1, 1
581 ,461, 468, '384 370 272 164 289 180 318 171 348 381 334 384 210 193 343 366 224 173 448 284 ' ,'0 0 0 0 0 0 0 0 0 0 0 0 0 0 0 0 0 0 0 0 ' ,358 ,2 ,2, 2
517 ,572, 476, '359 220 186 361 291 196 416 188 182 417 404 352 203 291 428 343 392 166 466 313 ' ,'0 0 0 0 0 0 0 0 0 0 0 0 0 0 0 0 0 0 0 0 ' ,289 ,1 ,1, 1
534 ,509, 459, '338 360 401 435 325 345 378 354 315 343 362 265 424 392 312 356 348 371 450 407 ' ,'0 0 0 0 0 0 0 0 0 0 0 0 0 0 0 0 0 0 33165 0 ' ,113 ,2 ,2, 2
486 ,522, 461, '425 415 176 320 342 314 392 193 421 414 395 160 198 245 402 356 255 177 418 362 ' ,'0 0 0 0 0 0 0 0 0 0 0 0 0 0 0 0 0 0 0 0 ' ,273 ,2 ,1, 1
524 ,479, 436, '197 429 207 354 247 376 405 199 171 281 344 416 194 382 370 413 297 199 423 409 ' ,'0 0 0 0 0 0 0 0 0 0 0 0 0 0 0 0 0 0 0 0 ' ,260 ,2 ,5, 5
583 ,514, 525, '376 318 231 379 268 379 393 228 380 438 430 433 222 453 421 457 191 267 526 456 ' ,'0 0 0 0 0 0 0 0 0 0 0 0 0 0 0 0 0 0 0 0 ' ,299 ,1 ,3, 2
533 ,599, 495, '456 417 217 466 458 355 466 225 438 315 256 451 231 436 488 187 280 244 455 439 ' ,'0 0 0 0 0 0 0 0 0 0 0 0 0 0 0 0 0 0 0 0 ' ,254 ,2 ,2, 2
524 ,527, 427, '480 463 226 465 461 429 390 354 208 231 488 290 209 422 409 213 387 203 460 393 ' ,'0 0 0 0 0 0 0 0 0 0 0 0 0 0 0 0 0 0 0 0 ' ,274 ,2 ,3, 2
596 ,520, 566, '547 415 216 410 348 349 245 213 223 412 500 217 217 393 431 351 447 187 389 332 ' ,'0 0 0 0 0 0 0 0 0 0 0 0 0 0 0 0 0 0 0 0 ' ,364 ,3 ,2, 1
562 ,590, 504, '420 402 260 222 210 208 361 208 370 470 180 471 197 482 397 290 448 240 321 458 ' ,'0 0 0 0 0 0 0 0 0 0 0 0 0 0 0 0 0 0 0 0 ' ,291 ,2 ,2, 2
768 ,554, 734, '403 404 193 440 725 471 259 219 211 693 342 436 205 368 205 412 377 209 502 430 ' ,'0 0 0 0 0 0 0 0 0 0 0 0 0 0 0 0 0 0 0 0 ' ,522 ,1 ,2, 2
602 ,829, 573, '227 390 162 197 290 340 351 197 392 329 350 336 197 321 464 419 359 180 439 235 ' ,'0 0 0 0 0 0 0 0 0 0 0 0 0 0 0 0 0 0 0 0 ' ,348 ,2 ,2, 1
502 ,592, 480, '387 416 194 453 417 334 210 238 406 402 431 304 255 399 288 441 411 217 434 413 ' ,'0 0 0 0 0 0 0 0 0 0 0 0 0 0 0 0 0 0 0 0 ' ,206 ,2 ,2, 1
508 ,495, 475, '377 240 194 204 442 427 289 204 210 371 386 369 190 247 468 392 194 194 418 421 ' ,'0 0 0 0 0 0 0 0 0 0 0 0 0 0 0 0 0 0 0 0 ' ,274 ,1 ,2, 1
523 ,506, 473, '225 380 231 361 259 327 346 172 437 452 330 426 205 437 307 365 164 211 458 387 ' ,'0 0 0 0 0 0 0 0 0 0 0 0 0 0 0 0 0 0 0 0 ' ,291 ,2 ,1, 1
469 ,516, 429, '341 230 182 387 316 348 353 199 219 351 390 348 180 429 387 251 290 184 185 428 ' ,'0 0 0 0 0 0 0 0 0 0 0 0 0 0 0 0 0 0 0 0 ' ,244 ,2 ,2, 1
571 ,466, 545, '390 359 186 235 320 348 345 189 354 467 311 425 199 464 485 190 354 191 482 430 ' ,'0 0 199280 0 0 0 0 0 0 0 0 0 200822 0 0 0 0 0 0 0 ' ,313 ,3 ,2, 2
575 ,564, 557, '532 386 264 440 195 401 438 208 369 480 429 420 266 379 370 277 458 199 466 433 ' ,'0 0 0 0 0 0 0 0 0 0 0 0 0 0 0 0 0 0 0 0 ' ,329 ,3 ,2, 1
578 ,567, 539, '437 260 223 376 454 439 336 210 407 423 424 337 200 401 380 360 355 208 471 457 ' ,'0 0 0 0 0 0 0 0 0 0 0 0 0 0 0 0 0 0 0 0 ' ,311 ,2 ,5, 5
570 ,566, 523, '344 191 232 352 388 205 442 223 445 445 441 427 241 501 474 335 492 215 402 433 ' ,'0 0 0 0 0 0 0 0 0 0 0 0 0 0 0 0 0 0 0 0 ' ,274 ,2 ,1, 1
631 ,560, 459, '470 460 172 317 326 473 412 235 369 539 342 341 200 544 236 261 417 247 420 469 ' ,'0 0 0 0 0 0 0 0 0 0 0 0 0 0 0 0 0 0 0 0 ' ,377 ,2 ,1, 1
549 ,624, 528, '474 472 212 248 425 239 427 223 491 202 337 365 206 471 427 497 434 224 491 474 ' ,'0 0 0 0 0 0 0 0 0 0 0 0 0 0 0 0 0 0 0 0 ' ,197 ,2 ,4, 1
611 ,542, 591, '418 427 262 460 377 383 413 260 556 407 402 351 260 206 209 377 432 213 435 536 ' ,'0 0 0 0 0 0 0 0 0 0 0 0 0 0 0 0 0 0 0 0 ' ,360 ,2 ,2, 2
519 ,607, 495, '412 361 186 218 270 418 432 251 220 396 404 237 248 297 468 405 399 213 417 483 ' ,'0 0 0 0 0 0 0 0 0 0 0 0 0 0 0 0 0 0 0 0 ' ,286 ,1 ,3, 2
527 ,512, 500, '465 423 201 280 446 256 392 200 380 370 348 459 218 414 388 210 423 207 416 424 ' ,'0 0 0 0 0 0 0 0 0 0 0 0 0 0 0 0 0 0 0 0 ' ,266 ,2 ,2, 2
526 ,519, 487, '436 377 198 230 326 343 313 193 351 393 335 387 227 398 435 198 405 204 363 482 ' ,'0 0 0 0 0 0 0 0 0 0 0 0 0 0 0 0 0 0 0 0 ' ,294 ,2 ,1, 1
524 ,514, 501, '431 387 224 342 468 352 432 275 181 356 201 312 218 489 442 261 398 234 488 422 ' ,'0 0 0 0 0 0 0 0 0 0 0 0 0 0 0 0 0 0 0 0 ' ,237 ,3 ,2, 2
501 ,519, 477, '453 233 282 469 358 353 417 192 327 366 253 433 216 363 379 290 348 200 331 395 ' ,'0 0 0 0 0 0 0 0 0 0 0 0 0 0 0 0 0 0 0 0 ' ,256 ,2 ,2, 2
840 ,493, 802, '500 782 190 424 409 518 759 198 451 419 566 242 190 456 350 509 413 209 203 395 ' ,'0 410413 0 0 0 0 475406 0 0 0 0 0 0 0 0 0 358599 0 0 0 ' ,593 ,3 ,2, 1
897 ,831, 750, '549 435 182 266 201 429 450 188 424 160 331 305 182 335 374 332 308 258 196 399 ' ,'0 0 0 0 0 0 0 0 0 0 0 0 0 0 0 0 0 0 0 0 ' ,565 ,4 ,2, 2
551 ,891, 522, '447 391 163 456 303 186 426 209 467 415 516 427 317 232 367 414 248 209 469 218 ' ,'0 0 0 0 0 0 0 0 0 0 296488 0 0 0 0 0 0 0 0 0 ' ,323 ,2 ,2, 1
651 ,548, 619, '370 409 188 395 334 460 389 246 593 351 410 400 185 387 380 230 403 188 416 182 ' ,'0 0 0 0 0 0 0 0 171922 0 0 0 0 0 0 0 0 0 0 0 ' ,392 ,2 ,1, 1
572 ,643, 541, '182 333 193 265 195 385 409 246 297 387 360 351 213 467 383 330 275 164 318 456 ' ,'0 0 0 0 0 0 0 0 0 0 0 0 0 0 0 0 0 0 0 0 ' ,354 ,3 ,3, 2
797 ,564, 720, '428 412 209 161 442 425 322 214 364 637 368 390 249 409 557 350 248 196 649 326 ' ,'0 0 0 0 0 0 0 0 0 0 0 0 0 0 0 0 0 0 0 0 ' ,544 ,2 ,2, 2
662 ,883, 640, '202 332 208 196 395 476 377 241 431 262 403 396 228 212 405 177 365 193 460 535 ' ,'0 0 0 0 0 0 0 0 0 0 0 0 0 0 0 0 0 0 0 0 ' ,436 ,81 ,2, 2
795 ,715, 776, '507 480 309 334 397 391 388 233 488 725 447 413 250 443 547 485 418 216 520 511 ' ,'0 0 0 0 0 0 0 0 0 308187 0 0 0 0 0 0 0 0 0 0 ' ,530 ,2 ,4, 3
520 ,806, 476, '279 470 331 367 408 409 435 210 453 453 436 379 325 476 390 482 417 231 444 458 ' ,'0 0 0 0 0 0 0 0 0 0 0 0 0 0 0 0 0 0 0 0 ' ,276 ,2 ,4, 4
588 ,513, 570, '492 332 241 217 445 242 394 194 479 276 346 297 188 527 426 197 426 202 447 547 ' ,'0 0 0 0 0 0 0 0 0 0 0 0 0 0 0 0 0 0 0 0 ' ,357 ,3 ,3, 2
685 ,581, 661, '407 436 226 300 227 394 344 224 476 452 431 345 230 411 351 443 359 328 353 597 ' ,'0 0 0 0 0 0 0 0 0 0 0 0 0 0 0 0 0 0 0 0 ' ,385 ,3 ,2, 2
580 ,679, 560, '308 201 240 476 393 465 462 254 492 510 334 396 239 220 453 473 371 313 366 519 ' ,'0 0 0 0 0 0 0 0 0 0 0 0 0 0 0 0 0 0 0 0 ' ,323 ,3 ,2, 1
642 ,583, 597, '456 430 205 232 452 543 465 266 376 368 460 491 220 394 451 307 523 246 416 460 ' ,'0 0 0 0 0 0 0 0 0 0 0 0 0 0 0 0 0 0 0 0 ' ,351 ,3 ,1, 1
583 ,632, 553, '232 472 261 491 504 224 318 199 383 454 258 428 252 211 407 453 323 247 382 534 ' ,'0 0 0 0 0 0 0 0 0 0 0 0 0 0 0 0 0 0 0 0 ' ,316 ,2 ,2, 2
603 ,573, 586, '322 450 210 402 447 417 381 234 319 520 417 389 249 440 509 401 430 239 407 492 ' ,'0 0 0 0 0 0 0 0 0 0 0 0 0 0 0 0 0 0 0 0 ' ,347 ,3 ,2, 2
590 ,594, 563, '392 455 176 504 321 415 261 304 381 334 395 240 216 479 500 534 358 234 415 287 ' ,'0 0 0 0 0 0 0 0 0 0 0 0 0 0 0 0 0 0 0 0 ' ,373 ,3 ,2, 1
532 ,582, 507, '173 420 199 444 486 231 415 215 171 374 200 319 216 445 398 304 335 234 412 279 ' ,'0 0 0 0 0 0 0 0 0 0 0 0 0 0 0 0 0 0 0 0 ' ,300 ,3 ,5, 5
573 ,525, 536, '307 346 194 518 235 401 404 230 341 404 189 389 172 397 460 299 176 209 200 454 ' ,'0 0 0 0 0 0 0 0 0 0 0 0 0 0 0 0 0 0 0 0 ' ,335 ,3 ,2, 2
467 ,562, 451, '307 248 294 440 360 369 377 196 344 297 381 384 190 414 400 255 374 205 161 432 ' ,'0 0 0 0 0 0 0 0 0 0 0 0 0 0 0 0 0 0 0 0 ' ,282 ,2 ,2, 1
484 ,458, 462, '203 385 181 364 196 398 312 182 406 300 388 338 194 367 366 241 377 190 396 378 ' ,'0 0 0 0 0 0 0 0 0 0 0 0 0 0 0 0 0 0 0 0 ' ,254 ,3 ,2, 2
492 ,551, 470, '327 195 198 398 272 403 328 209 286 452 384 313 318 327 455 328 330 187 341 183 ' ,'0 0 0 0 0 0 0 0 0 0 0 0 0 0 0 0 0 0 0 0 ' ,249 ,2 ,1, 1
