472 ,0, 216, '132 148 54 64 96 56 69 54 86 126 100 172 ' ,'0 0 0 0 0 0 0 0 0 0 0 0 ' ,102 ,4 ,11, 11
1054 ,435, 1026, '994 802 375 703 485 843 800 323 586 547 957 647 ' ,'0 0 0 0 0 0 0 0 0 0 0 0 ' ,659 ,3 ,19, 19
1184 ,1047, 1167, '553 537 316 469 825 473 467 280 550 1081 522 299 ' ,'0 0 0 0 0 0 0 0 0 0 0 0 ' ,861 ,23 ,2, 1
650 ,1173, 618, '452 517 336 423 382 371 577 278 382 367 318 378 ' ,'0 0 0 0 0 0 0 0 0 0 0 0 ' ,303 ,3 ,4, 4
667 ,652, 625, '533 495 384 580 378 416 552 294 312 500 344 506 ' ,'0 0 0 0 0 0 0 0 0 0 0 0 ' ,263 ,1 ,4, 4
679 ,655, 544, '490 567 354 368 332 386 344 315 385 340 440 442 ' ,'0 0 0 0 0 0 0 0 0 0 0 0 ' ,288 ,3 ,4, 4
635 ,671, 600, '545 472 353 392 344 594 389 316 439 381 483 503 ' ,'0 0 0 0 0 0 0 0 0 0 0 0 ' ,266 ,3 ,4, 3
605 ,630, 524, '548 335 324 423 433 401 496 299 332 411 494 315 ' ,'0 0 0 0 0 0 0 0 0 0 0 0 ' ,258 ,4 ,1, 1
601 ,591, 559, '429 343 306 406 292 265 388 244 307 270 427 499 ' ,'0 0 0 0 0 0 0 0 0 0 0 0 ' ,272 ,5 ,36, 6
521 ,592, 503, '355 471 302 347 296 291 389 258 262 355 471 382 ' ,'0 0 0 0 0 0 0 0 0 0 0 0 ' ,198 ,4 ,10, 10
701 ,512, 683, '505 665 309 413 339 361 602 259 315 266 495 419 ' ,'0 0 0 0 0 0 0 0 0 0 0 0 ' ,414 ,4 ,2, 2
612 ,693, 593, '385 536 311 311 325 331 383 253 314 349 527 413 ' ,'0 0 0 0 0 0 0 0 0 0 0 0 ' ,302 ,4 ,3, 3
638 ,603, 620, '429 572 339 369 404 497 445 287 317 328 333 602 ' ,'0 0 0 0 0 0 0 0 0 0 0 0 ' ,292 ,2 ,4, 4
643 ,629, 625, '549 476 349 365 601 344 318 294 432 345 469 544 ' ,'0 0 0 0 0 0 0 0 0 0 0 0 ' ,211 ,2 ,5, 5
760 ,634, 714, '433 514 363 367 320 477 529 293 397 360 616 502 ' ,'0 0 0 0 0 0 0 0 0 0 0 0 ' ,408 ,2 ,3, 2
742 ,773, 686, '355 621 346 400 458 586 645 295 293 360 559 417 ' ,'0 0 0 0 0 0 0 0 0 0 0 0 ' ,372 ,2 ,4, 3
832 ,750, 816, '510 667 357 451 475 560 689 294 392 431 643 761 ' ,'0 0 0 0 0 0 0 0 0 0 0 0 ' ,506 ,2 ,8, 7
785 ,826, 765, '554 746 363 398 443 494 635 315 313 461 486 416 ' ,'0 0 0 0 0 0 0 0 0 0 0 0 ' ,411 ,2 ,3, 2
695 ,787, 677, '650 654 349 525 367 665 562 334 540 525 650 595 ' ,'0 0 0 0 0 0 0 0 0 0 0 0 ' ,327 ,2 ,4, 3
706 ,716, 680, '579 560 371 447 575 646 655 330 554 660 532 504 ' ,'0 0 0 0 0 0 0 0 0 0 0 0 ' ,330 ,2 ,2, 2
632 ,690, 562, '486 584 323 491 550 456 516 297 460 428 568 561 ' ,'0 0 0 0 0 0 0 0 0 0 0 0 ' ,297 ,0 ,2, 2
702 ,612, 684, '602 413 350 590 469 421 669 311 374 491 654 588 ' ,'0 0 0 0 0 0 0 0 0 0 0 0 ' ,313 ,1 ,2, 2
630 ,698, 611, '598 536 334 531 455 506 488 310 404 353 555 416 ' ,'0 0 0 0 0 0 0 0 0 0 0 0 ' ,281 ,1 ,6, 5
662 ,624, 624, '467 558 328 462 556 567 400 302 490 470 600 540 ' ,'0 0 0 0 0 0 0 0 0 0 0 0 ' ,277 ,1 ,2, 2
650 ,640, 612, '591 590 381 461 372 432 435 301 435 357 582 402 ' ,'0 0 0 0 0 0 0 0 0 0 0 0 ' ,292 ,1 ,1, 1
635 ,630, 588, '578 493 296 487 408 495 519 281 411 356 522 477 ' ,'0 0 0 0 0 0 0 0 0 0 0 0 ' ,265 ,2 ,2, 2
612 ,609, 593, '537 487 312 365 521 575 563 260 459 361 432 326 ' ,'0 0 0 0 0 0 0 0 0 0 0 0 ' ,300 ,1 ,7, 6
647 ,597, 595, '579 537 315 431 443 428 479 267 431 448 470 460 ' ,'0 0 0 0 0 0 0 0 0 0 0 0 ' ,315 ,2 ,3, 2
671 ,610, 627, '427 586 308 308 419 554 511 280 463 440 610 499 ' ,'0 0 0 0 0 0 0 0 0 0 0 0 ' ,250 ,1 ,3, 3
609 ,636, 593, '416 532 313 394 522 572 529 274 391 441 362 432 ' ,'0 0 0 0 0 0 0 0 0 0 0 0 ' ,241 ,3 ,6, 5
699 ,604, 669, '601 629 330 474 440 599 536 295 336 457 585 355 ' ,'0 0 0 0 0 0 0 0 0 0 0 0 ' ,350 ,1 ,5, 5
704 ,690, 670, '589 596 359 573 510 639 418 305 455 363 524 497 ' ,'0 0 0 0 0 0 0 0 0 0 0 0 ' ,339 ,2 ,2, 1
736 ,694, 709, '677 680 382 561 581 541 418 314 500 425 654 661 ' ,'0 0 0 0 0 0 0 0 0 0 0 0 ' ,350 ,2 ,3, 3
754 ,717, 739, '674 617 363 716 504 652 666 338 504 456 657 488 ' ,'0 0 0 0 0 0 0 0 0 0 0 0 ' ,385 ,2 ,9, 9
750 ,749, 735, '616 642 363 467 419 721 671 306 451 584 560 544 ' ,'0 0 0 0 0 0 0 0 0 0 0 0 ' ,411 ,2 ,2, 2
803 ,745, 781, '645 683 413 566 545 762 635 338 432 404 636 689 ' ,'0 0 0 0 0 0 0 0 0 0 0 0 ' ,419 ,2 ,3, 3
719 ,791, 693, '672 658 367 448 502 591 529 325 329 421 536 425 ' ,'0 0 0 0 0 0 0 0 0 0 0 0 ' ,303 ,2 ,4, 3
705 ,727, 691, '666 559 339 404 497 603 514 290 545 342 355 567 ' ,'0 0 0 0 0 0 0 0 0 0 0 0 ' ,378 ,2 ,3, 3
757 ,698, 712, '529 670 317 453 419 484 424 303 468 446 419 619 ' ,'0 0 0 0 0 0 0 0 0 0 0 0 ' ,394 ,2 ,3, 3
691 ,739, 671, '654 627 335 492 342 613 562 328 548 541 512 459 ' ,'0 0 0 0 0 0 0 0 0 0 0 0 ' ,294 ,2 ,2, 1
689 ,681, 675, '528 570 317 655 501 536 587 302 523 426 648 403 ' ,'0 0 0 0 0 0 0 0 0 0 0 0 ' ,165 ,2 ,4, 4
745 ,695, 718, '701 708 606 411 509 552 590 563 413 403 511 554 ' ,'0 0 0 0 0 0 0 0 0 0 0 0 ' ,296 ,1 ,4, 3
695 ,735, 675, '444 651 326 477 337 419 512 289 456 384 530 557 ' ,'0 0 0 0 0 0 0 0 0 0 0 0 ' ,307 ,1 ,3, 2
634 ,686, 615, '563 583 342 476 395 405 534 306 366 455 382 536 ' ,'0 0 0 0 0 0 0 0 0 0 0 0 ' ,223 ,2 ,2, 1
695 ,626, 663, '618 412 328 636 442 425 365 299 503 366 563 564 ' ,'0 0 0 0 0 0 0 0 0 0 0 0 ' ,256 ,1 ,2, 2
633 ,704, 605, '461 592 314 489 466 385 577 290 411 375 545 579 ' ,'0 0 0 0 0 0 0 0 0 0 0 0 ' ,307 ,3 ,1, 1
603 ,621, 588, '569 396 325 466 504 402 345 290 402 398 524 474 ' ,'0 0 0 0 0 0 0 0 0 0 0 0 ' ,275 ,2 ,2, 2
734 ,610, 667, '691 599 319 450 536 464 545 307 486 415 306 476 ' ,'0 0 0 0 0 0 0 0 0 0 0 0 ' ,319 ,1 ,2, 2
689 ,728, 655, '519 365 322 500 423 609 635 302 515 426 628 370 ' ,'0 0 0 0 0 0 0 0 0 0 0 0 ' ,351 ,2 ,3, 3
662 ,677, 630, '504 582 347 537 447 521 417 316 450 360 444 513 ' ,'0 0 0 0 0 0 0 0 0 0 0 0 ' ,279 ,2 ,3, 3
723 ,644, 702, '680 595 366 554 431 584 643 310 480 557 445 609 ' ,'0 0 0 0 0 0 0 0 0 0 0 0 ' ,353 ,2 ,2, 2
753 ,713, 715, '665 698 354 497 492 440 653 315 463 350 615 672 ' ,'0 0 0 0 0 0 0 0 0 0 0 0 ' ,386 ,1 ,3, 3
690 ,758, 655, '498 640 336 431 488 431 622 269 514 603 607 555 ' ,'0 0 0 0 0 0 0 0 0 0 0 0 ' ,366 ,2 ,2, 2
789 ,683, 691, '441 600 331 546 456 551 528 301 589 441 458 575 ' ,'0 0 0 0 0 0 0 0 0 0 0 0 ' ,358 ,2 ,2, 1
754 ,724, 732, '681 684 386 517 513 474 514 350 486 521 438 606 ' ,'0 0 0 0 0 0 0 0 0 0 0 0 ' ,369 ,2 ,3, 3
622 ,784, 604, '394 571 334 557 457 548 527 338 437 490 409 582 ' ,'0 0 0 0 0 0 0 0 0 0 0 0 ' ,252 ,1 ,4, 4
715 ,614, 659, '591 587 358 508 472 630 637 347 546 539 608 614 ' ,'0 0 0 0 0 0 0 0 0 0 0 0 ' ,296 ,1 ,2, 2
705 ,688, 659, '551 663 368 456 498 422 617 340 440 461 428 576 ' ,'0 0 0 0 0 0 0 0 0 0 0 0 ' ,326 ,1 ,2, 2
637 ,696, 614, '602 572 350 492 505 447 555 330 494 413 579 550 ' ,'0 0 0 0 0 0 0 0 0 0 0 0 ' ,250 ,2 ,3, 3
739 ,630, 699, '670 626 352 392 514 642 602 329 374 392 559 468 ' ,'0 0 0 0 0 0 0 0 0 0 0 0 ' ,342 ,2 ,1, 1
651 ,718, 633, '592 474 296 470 393 382 616 302 466 458 516 499 ' ,'0 0 0 0 0 0 0 0 0 0 0 0 ' ,317 ,2 ,3, 3
710 ,645, 654, '591 484 454 439 381 482 555 404 391 511 496 635 ' ,'0 0 0 0 0 0 0 0 0 0 0 0 ' ,247 ,2 ,2, 2
621 ,672, 602, '589 496 357 450 413 413 458 306 328 471 507 580 ' ,'0 0 0 0 0 0 0 0 0 0 0 0 ' ,214 ,2 ,2, 2
607 ,650, 588, '571 538 324 483 452 435 483 284 426 357 396 501 ' ,'0 0 0 0 0 0 0 0 0 0 0 0 ' ,292 ,2 ,1, 1
638 ,603, 561, '526 534 337 404 388 370 533 305 410 406 542 467 ' ,'0 0 0 0 0 0 0 0 0 0 0 0 ' ,257 ,2 ,3, 3
645 ,628, 616, '608 584 318 421 408 470 529 272 392 438 482 599 ' ,'0 0 0 0 0 0 0 0 0 0 0 0 ' ,318 ,1 ,2, 2
668 ,639, 626, '433 563 464 434 360 450 603 459 441 472 372 330 ' ,'0 0 0 0 0 0 0 0 0 0 0 0 ' ,236 ,2 ,2, 2
651 ,655, 612, '510 569 346 366 294 386 470 304 336 389 432 577 ' ,'0 0 0 0 0 0 0 0 0 0 0 0 ' ,292 ,13 ,4, 4
640 ,643, 577, '337 448 346 468 396 506 516 302 414 330 560 523 ' ,'0 0 0 0 0 0 0 0 0 0 0 0 ' ,281 ,2 ,3, 3
753 ,628, 722, '663 669 357 426 548 707 538 329 401 459 351 517 ' ,'0 0 0 0 0 0 0 0 0 0 0 0 ' ,382 ,2 ,3, 3
725 ,741, 671, '605 455 374 506 494 653 590 345 456 433 542 635 ' ,'0 0 0 0 0 0 0 0 0 0 0 0 ' ,336 ,2 ,4, 3
777 ,717, 746, '574 716 524 627 581 510 587 501 486 546 614 521 ' ,'0 0 0 0 0 0 0 0 0 0 0 0 ' ,195 ,7 ,2, 2
763 ,769, 737, '526 714 333 496 442 565 591 316 384 508 602 583 ' ,'0 0 0 0 0 0 0 0 0 0 0 0 ' ,398 ,16 ,2, 2
653 ,756, 587, '607 549 331 437 468 524 395 272 464 354 432 523 ' ,'0 0 0 0 0 0 0 0 0 0 0 0 ' ,315 ,2 ,3, 3
626 ,651, 606, '595 552 354 509 449 453 441 309 455 477 492 478 ' ,'0 0 0 0 0 0 0 0 0 0 0 0 ' ,261 ,2 ,2, 2
639 ,624, 584, '554 389 326 332 445 572 342 296 489 452 546 490 ' ,'0 0 0 0 0 0 0 0 0 0 0 0 ' ,247 ,2 ,2, 2
651 ,611, 625, '327 616 558 483 396 562 502 519 326 450 445 508 ' ,'0 0 0 0 0 0 0 0 0 0 0 0 ' ,288 ,2 ,2, 1
611 ,640, 588, '547 571 329 384 439 559 549 303 390 460 473 513 ' ,'0 0 0 0 0 0 0 0 0 0 0 0 ' ,185 ,2 ,3, 3
637 ,603, 622, '584 565 331 445 388 591 402 255 457 421 497 466 ' ,'0 0 0 0 0 0 0 0 0 0 0 0 ' ,323 ,2 ,4, 4
688 ,627, 649, '652 584 339 436 393 653 396 271 467 456 630 584 ' ,'0 0 0 0 0 0 0 0 0 0 0 0 ' ,385 ,2 ,4, 3
607 ,676, 586, '552 573 318 465 517 383 328 285 340 445 484 440 ' ,'0 0 0 0 0 0 0 0 0 0 0 0 ' ,258 ,1 ,3, 3
624 ,595, 607, '493 563 392 419 414 429 426 348 398 466 576 411 ' ,'0 0 0 0 0 0 0 0 0 0 0 0 ' ,195 ,2 ,4, 3
625 ,620, 603, '551 499 343 369 428 589 284 286 320 467 514 426 ' ,'0 0 0 0 0 0 0 0 0 0 0 0 ' ,309 ,3 ,1, 1
677 ,619, 644, '378 626 345 488 402 580 585 295 436 509 530 409 ' ,'0 0 0 0 0 0 0 0 0 0 0 0 ' ,341 ,2 ,2, 2
678 ,658, 663, '503 580 354 478 479 501 542 315 390 440 525 475 ' ,'0 0 0 0 0 0 0 0 0 0 0 0 ' ,273 ,62 ,9, 8
672 ,670, 645, '641 636 394 482 607 494 630 336 374 606 604 630 ' ,'0 0 0 0 0 0 0 0 0 0 0 0 ' ,286 ,1 ,3, 2
764 ,663, 729, '659 715 484 499 576 603 446 472 538 543 516 607 ' ,'0 0 0 0 0 0 0 0 0 0 0 0 ' ,245 ,2 ,3, 3
861 ,756, 834, '573 569 372 444 492 709 675 305 499 524 788 415 ' ,'0 0 0 0 0 0 0 0 0 0 0 0 ' ,479 ,33 ,4, 4
711 ,855, 682, '451 632 353 491 461 454 643 318 456 484 393 488 ' ,'0 0 0 0 0 0 0 0 0 0 0 0 ' ,349 ,3 ,2, 2
711 ,695, 684, '403 609 346 373 433 571 431 315 357 444 469 534 ' ,'0 0 0 0 0 0 0 0 0 0 0 0 ' ,357 ,1 ,2, 2
695 ,701, 679, '663 646 330 591 383 555 506 291 293 580 657 469 ' ,'0 0 0 0 0 0 0 0 0 0 0 0 ' ,363 ,1 ,2, 2
690 ,685, 670, '601 638 443 428 275 614 603 404 437 365 461 380 ' ,'0 0 0 0 0 0 0 0 0 0 0 0 ' ,340 ,2 ,3, 3
658 ,682, 572, '541 428 309 453 444 326 482 281 324 362 536 439 ' ,'0 0 0 0 0 0 0 0 0 0 0 0 ' ,265 ,1 ,3, 3
701 ,648, 676, '532 409 301 619 663 467 471 306 650 483 285 454 ' ,'0 0 0 0 0 0 0 0 0 0 0 0 ' ,339 ,2 ,3, 3
1003 ,703, 943, '564 458 296 677 722 449 531 280 540 910 500 547 ' ,'0 0 0 0 0 0 0 0 0 0 0 0 ' ,640 ,1 ,11, 10
645 ,996, 614, '489 599 331 435 584 408 436 303 476 505 468 537 ' ,'0 0 0 0 0 0 0 0 0 0 0 0 ' ,297 ,2 ,1, 1
652 ,623, 622, '558 600 475 521 444 381 471 493 386 582 367 555 ' ,'0 0 0 0 0 0 0 0 0 0 0 0 ' ,214 ,2 ,1, 1
814 ,642, 764, '570 328 332 661 544 539 465 267 698 355 565 349 ' ,'0 0 0 0 0 0 0 0 0 0 0 0 ' ,471 ,2 ,3, 2
807 ,786, 779, '593 592 330 763 514 307 492 305 637 658 626 555 ' ,'0 0 0 0 0 0 0 0 0 0 0 0 ' ,389 ,1 ,3, 3
846 ,790, 782, '572 592 341 510 633 476 480 285 742 657 521 424 ' ,'0 0 0 0 0 0 0 0 0 0 0 0 ' ,458 ,5 ,2, 2
1053 ,804, 1011, '609 464 357 978 507 685 557 303 564 747 623 402 ' ,'0 0 0 0 0 0 0 0 0 0 0 0 ' ,238 ,2 ,4, 3
939 ,1143, 863, '439 662 357 823 776 601 630 312 802 776 537 432 ' ,'0 0 0 0 0 0 0 0 0 0 0 0 ' ,569 ,2 ,7, 6
763 ,935, 709, '583 523 386 461 686 631 459 341 653 638 692 451 ' ,'0 0 0 0 0 0 0 0 0 0 0 0 ' ,352 ,2 ,3, 3
768 ,721, 739, '426 733 356 416 426 525 445 320 503 506 638 691 ' ,'0 0 0 0 0 0 0 0 0 0 0 0 ' ,372 ,2 ,2, 2
700 ,763, 678, '617 627 366 479 446 647 581 356 310 441 561 575 ' ,'0 0 0 0 0 0 0 0 0 0 0 0 ' ,354 ,3 ,7, 7
725 ,692, 695, '387 562 377 448 485 676 471 344 472 368 561 578 ' ,'0 0 0 0 0 0 0 0 0 0 0 0 ' ,336 ,3 ,3, 3
686 ,716, 668, '578 553 337 516 363 638 524 312 368 523 584 422 ' ,'0 0 0 0 0 0 0 0 0 0 0 0 ' ,330 ,2 ,3, 2
660 ,677, 641, '573 613 320 409 447 553 363 319 446 511 546 601 ' ,'0 0 0 0 0 0 0 0 0 0 0 0 ' ,313 ,3 ,3, 2
619 ,655, 598, '452 562 336 404 307 569 559 315 384 406 560 561 ' ,'0 0 0 0 0 0 0 0 0 0 0 0 ' ,228 ,2 ,4, 3
615 ,605, 589, '381 506 353 447 340 577 565 295 403 339 518 421 ' ,'0 0 0 0 0 0 0 0 0 0 0 0 ' ,242 ,3 ,2, 2
587 ,606, 566, '342 551 320 363 400 528 369 280 416 424 448 494 ' ,'0 0 0 0 0 0 0 0 0 0 0 0 ' ,275 ,3 ,3, 2
652 ,581, 609, '511 590 322 435 341 483 548 286 417 302 488 526 ' ,'0 0 0 0 0 0 0 0 0 0 0 0 ' ,255 ,3 ,3, 3
623 ,621, 597, '440 541 323 430 349 515 400 266 385 346 355 509 ' ,'0 0 0 0 0 0 0 0 0 0 0 0 ' ,292 ,3 ,1, 1
683 ,614, 665, '401 517 305 401 435 440 543 294 392 446 546 506 ' ,'0 0 0 0 0 0 0 0 0 0 0 0 ' ,363 ,69 ,3, 2
664 ,694, 610, '537 539 336 414 433 558 526 288 507 438 595 474 ' ,'0 0 0 0 0 0 0 0 0 0 0 0 ' ,317 ,3 ,3, 2
633 ,656, 607, '560 595 331 426 467 527 338 274 439 490 394 580 ' ,'0 0 0 0 0 0 0 0 0 0 0 0 ' ,320 ,2 ,3, 3
677 ,624, 625, '598 468 304 507 315 551 498 269 280 345 390 545 ' ,'0 0 0 0 0 0 0 0 0 0 0 0 ' ,299 ,1 ,3, 2
643 ,671, 625, '539 406 325 414 396 605 457 331 451 448 572 591 ' ,'0 0 0 0 0 0 0 0 0 0 0 0 ' ,267 ,2 ,3, 2
612 ,638, 591, '570 565 344 424 384 554 375 288 433 359 509 519 ' ,'0 0 0 0 0 0 0 0 0 0 0 0 ' ,284 ,2 ,3, 2
736 ,603, 694, '662 556 345 526 424 642 552 285 447 349 403 511 ' ,'0 0 0 0 0 0 0 0 0 0 0 0 ' ,385 ,3 ,3, 3
675 ,708, 654, '637 396 352 600 392 604 455 311 474 417 632 519 ' ,'0 0 0 0 0 0 0 0 0 0 0 0 ' ,317 ,2 ,6, 6
669 ,668, 641, '628 620 377 544 463 512 558 286 394 566 463 536 ' ,'0 0 0 0 0 0 0 0 0 0 0 0 ' ,319 ,2 ,3, 3
767 ,660, 743, '617 651 360 582 516 506 728 355 587 482 703 553 ' ,'0 0 0 0 0 0 0 0 0 0 0 0 ' ,366 ,2 ,5, 5
753 ,759, 714, '651 629 293 437 434 698 448 322 376 433 652 669 ' ,'0 0 0 0 0 0 0 0 0 0 0 0 ' ,400 ,1 ,3, 3
685 ,769, 668, '643 483 353 513 342 558 366 295 352 371 638 549 ' ,'0 0 0 0 0 0 0 0 0 0 0 0 ' ,341 ,1 ,3, 3
665 ,678, 643, '629 353 343 444 416 600 519 303 355 452 488 435 ' ,'0 0 0 0 0 0 0 0 0 0 0 0 ' ,321 ,1 ,2, 2
681 ,659, 651, '456 625 337 442 496 525 575 291 440 328 322 623 ' ,'0 0 0 0 0 0 0 0 0 0 0 0 ' ,335 ,2 ,3, 3
619 ,675, 594, '579 522 300 510 301 413 491 257 423 339 312 521 ' ,'0 0 0 0 0 0 0 0 0 0 0 0 ' ,295 ,2 ,3, 1
758 ,610, 737, '451 530 321 442 429 568 709 284 274 415 520 568 ' ,'0 0 0 0 0 0 0 0 0 0 0 0 ' ,443 ,3 ,4, 3
680 ,747, 615, '434 563 344 442 321 533 538 318 306 540 427 328 ' ,'0 0 0 0 0 0 0 0 0 0 0 0 ' ,322 ,2 ,2, 1
652 ,673, 603, '589 568 312 420 265 465 588 298 309 304 583 449 ' ,'0 0 0 0 0 0 0 0 0 0 0 0 ' ,341 ,2 ,2, 2
601 ,655, 558, '477 482 332 497 380 544 468 298 326 464 530 556 ' ,'0 0 0 0 0 0 0 0 0 0 0 0 ' ,245 ,3 ,3, 2
667 ,581, 636, '405 522 339 536 391 322 483 288 446 400 412 487 ' ,'0 0 0 0 0 0 0 0 0 0 0 0 ' ,337 ,3 ,6, 5
676 ,661, 640, '636 477 335 363 494 556 584 293 371 456 619 584 ' ,'0 0 0 0 0 0 0 0 0 0 0 0 ' ,326 ,2 ,4, 3
719 ,669, 701, '537 452 336 474 320 603 404 315 491 400 638 635 ' ,'0 0 0 0 0 0 0 0 0 0 0 0 ' ,377 ,3 ,2, 2
752 ,712, 718, '609 502 321 627 457 591 688 320 425 448 591 473 ' ,'0 0 0 0 0 0 0 0 0 0 0 0 ' ,399 ,2 ,3, 3
737 ,745, 642, '498 622 375 612 473 548 620 321 500 499 618 603 ' ,'0 0 0 0 0 0 0 0 0 0 0 0 ' ,364 ,2 ,2, 2
717 ,724, 688, '624 669 371 395 570 530 551 345 452 601 611 545 ' ,'0 0 0 0 0 0 0 0 0 0 0 0 ' ,316 ,1 ,4, 4
743 ,709, 633, '708 540 376 580 442 693 502 311 508 511 392 575 ' ,'0 0 0 0 0 0 0 0 0 0 0 0 ' ,389 ,2 ,3, 3
700 ,732, 677, '437 601 409 469 477 665 608 325 509 419 415 577 ' ,'0 0 0 0 0 0 0 0 0 0 0 0 ' ,315 ,2 ,4, 3
638 ,693, 598, '586 572 385 502 399 371 479 326 321 502 546 501 ' ,'0 0 0 0 0 0 0 0 0 0 0 0 ' ,256 ,2 ,2, 2
659 ,631, 636, '612 591 366 409 430 505 420 305 513 500 321 574 ' ,'0 0 0 0 0 0 0 0 0 0 0 0 ' ,287 ,2 ,3, 2
660 ,651, 643, '579 624 316 344 460 348 589 301 444 449 482 467 ' ,'0 0 0 0 0 0 0 0 0 0 0 0 ' ,326 ,2 ,2, 1
662 ,652, 645, '434 483 351 499 364 522 581 309 408 482 505 454 ' ,'0 0 0 0 0 0 0 0 0 0 0 0 ' ,280 ,45 ,3, 2
665 ,656, 641, '613 582 340 462 334 450 509 303 377 389 552 567 ' ,'0 0 0 0 0 0 0 0 0 0 0 0 ' ,304 ,2 ,3, 3
668 ,657, 618, '432 544 427 386 390 560 625 371 335 464 487 514 ' ,'0 0 0 0 0 0 0 0 0 0 0 0 ' ,293 ,2 ,2, 2
715 ,665, 687, '640 614 332 488 518 426 542 296 435 401 589 598 ' ,'0 0 0 0 0 0 0 0 0 0 0 0 ' ,380 ,4 ,4, 4
672 ,706, 602, '436 499 318 366 476 511 589 307 303 470 628 517 ' ,'0 0 0 0 0 0 0 0 0 0 0 0 ' ,324 ,3 ,4, 3
666 ,670, 630, '568 614 330 353 357 445 534 293 411 403 592 595 ' ,'0 0 0 0 0 0 0 0 0 0 0 0 ' ,266 ,2 ,3, 2
714 ,655, 694, '603 679 348 472 368 602 363 351 533 558 581 531 ' ,'0 0 0 0 0 0 0 0 0 0 0 0 ' ,303 ,2 ,4, 3
701 ,708, 659, '654 556 404 474 460 594 448 331 407 509 589 551 ' ,'0 0 0 0 0 0 0 0 0 0 0 0 ' ,320 ,2 ,3, 3
800 ,699, 752, '710 598 379 555 586 629 752 345 394 404 403 676 ' ,'0 0 0 0 0 0 0 0 0 0 0 0 ' ,411 ,3 ,2, 2
719 ,794, 699, '671 637 359 373 402 618 612 338 407 499 610 599 ' ,'0 0 0 0 0 0 0 0 0 0 0 0 ' ,347 ,2 ,2, 2
709 ,709, 687, '640 657 349 476 496 543 373 310 442 536 618 390 ' ,'0 0 0 0 0 0 0 0 0 0 0 0 ' ,297 ,2 ,2, 1
808 ,702, 775, '563 606 342 470 341 561 601 261 468 474 543 492 ' ,'0 0 0 0 0 0 0 0 0 0 0 0 ' ,468 ,2 ,3, 2
639 ,806, 619, '570 606 339 522 457 525 570 272 470 393 454 530 ' ,'0 0 0 0 0 0 0 0 0 0 0 0 ' ,317 ,2 ,2, 2
623 ,647, 602, '549 480 325 589 589 421 368 274 511 509 545 495 ' ,'0 0 0 0 0 0 0 0 0 0 0 0 ' ,258 ,1 ,4, 4
681 ,612, 651, '567 627 300 517 350 300 612 287 475 397 530 490 ' ,'0 0 0 0 0 0 0 0 0 0 0 0 ' ,288 ,2 ,3, 2
677 ,673, 631, '593 617 311 411 412 487 535 291 548 420 584 513 ' ,'0 0 0 0 0 0 0 0 0 0 0 0 ' ,267 ,2 ,3, 3
635 ,740, 575, '571 558 340 435 506 446 537 265 447 416 337 547 ' ,'0 0 0 0 0 0 0 0 0 0 0 0 ' ,319 ,2 ,3, 3
656 ,622, 639, '625 523 332 390 437 586 572 289 346 433 429 441 ' ,'0 0 0 0 0 0 0 0 0 0 0 0 ' ,323 ,2 ,4, 4
724 ,656, 668, '506 646 366 588 539 493 379 316 490 411 517 562 ' ,'0 0 0 0 0 0 0 0 0 0 0 0 ' ,334 ,2 ,3, 3
711 ,705, 682, '513 591 367 416 521 663 447 320 381 508 593 577 ' ,'0 0 0 0 0 0 0 0 0 0 0 0 ' ,338 ,3 ,4, 4
776 ,698, 751, '654 668 384 497 520 525 599 332 623 473 491 410 ' ,'0 0 0 0 0 0 0 0 0 0 0 0 ' ,238 ,3 ,4, 3
699 ,769, 679, '582 655 373 491 482 655 647 307 638 566 574 540 ' ,'0 0 0 0 0 0 0 0 0 0 0 0 ' ,346 ,2 ,4, 4
730 ,687, 699, '511 611 400 424 534 700 666 329 343 444 606 548 ' ,'0 0 0 0 0 0 0 0 0 0 0 0 ' ,375 ,2 ,3, 2
756 ,761, 733, '713 647 361 548 486 541 643 307 356 480 601 505 ' ,'0 0 0 0 0 0 0 0 0 0 0 0 ' ,394 ,3 ,4, 3
744 ,749, 725, '657 710 353 431 416 630 576 320 496 526 389 415 ' ,'0 0 0 0 0 0 0 0 0 0 0 0 ' ,394 ,1 ,3, 2
625 ,735, 606, '501 515 348 547 467 565 527 282 484 399 522 397 ' ,'0 0 0 0 0 0 0 0 0 0 0 0 ' ,305 ,3 ,3, 3
650 ,618, 631, '471 609 329 447 368 366 418 264 513 404 307 482 ' ,'0 0 0 0 0 0 0 0 0 0 0 0 ' ,331 ,3 ,8, 1
644 ,641, 578, '575 552 341 353 323 519 477 306 314 404 391 298 ' ,'0 0 0 0 0 0 0 0 0 0 0 0 ' ,279 ,3 ,3, 3
648 ,631, 609, '579 457 326 472 410 526 499 294 332 404 465 441 ' ,'0 0 0 0 0 0 0 0 0 0 0 0 ' ,303 ,2 ,3, 3
649 ,634, 632, '588 565 316 429 364 527 602 299 458 445 519 451 ' ,'0 0 0 0 0 0 0 0 0 0 0 0 ' ,295 ,2 ,3, 3
808 ,640, 790, '770 596 331 441 415 582 610 319 319 391 489 513 ' ,'0 0 0 0 0 0 0 0 0 0 0 0 ' ,457 ,2 ,2, 2
687 ,804, 669, '547 655 345 505 554 476 575 299 540 563 573 541 ' ,'0 0 0 0 0 0 0 0 0 0 0 0 ' ,326 ,2 ,2, 2
703 ,679, 682, '530 568 329 462 444 520 607 297 394 467 611 604 ' ,'0 0 0 0 0 0 0 0 0 0 0 0 ' ,339 ,2 ,3, 3
701 ,692, 678, '486 647 354 419 344 420 509 315 462 451 524 583 ' ,'0 0 0 0 0 0 0 0 0 0 0 0 ' ,332 ,2 ,3, 3
807 ,693, 786, '647 772 365 471 496 652 440 345 416 411 457 478 ' ,'0 0 0 0 0 0 0 0 0 0 0 0 ' ,402 ,2 ,2, 2
710 ,799, 690, '649 579 379 463 469 674 479 331 350 563 524 512 ' ,'0 0 0 0 0 0 0 0 0 0 0 0 ' ,332 ,2 ,4, 3
725 ,705, 692, '423 657 370 582 484 602 540 344 431 552 454 659 ' ,'0 0 0 0 0 0 0 0 0 0 0 0 ' ,336 ,3 ,3, 2
734 ,708, 714, '644 669 370 428 387 639 654 297 479 474 666 439 ' ,'0 0 0 0 0 0 0 0 0 0 0 0 ' ,336 ,3 ,3, 3
730 ,731, 700, '552 592 356 359 480 422 621 325 303 417 594 687 ' ,'0 0 0 0 0 0 0 0 0 0 0 0 ' ,341 ,3 ,2, 2
737 ,724, 676, '560 661 367 389 403 435 561 257 358 332 377 542 ' ,'0 0 0 0 0 0 0 0 0 0 0 0 ' ,393 ,3 ,2, 2
675 ,731, 661, '606 606 335 504 528 459 464 283 425 530 380 551 ' ,'0 0 0 0 0 0 0 0 0 0 0 0 ' ,304 ,3 ,1, 1
650 ,668, 581, '516 488 316 506 610 533 446 282 393 372 475 289 ' ,'0 0 0 0 0 0 0 0 0 0 0 0 ' ,324 ,2 ,3, 3
648 ,643, 625, '478 609 336 422 412 567 505 265 369 464 412 397 ' ,'0 0 0 0 0 0 0 0 0 0 0 0 ' ,313 ,2 ,2, 2
654 ,636, 612, '606 557 318 499 385 506 447 299 457 375 440 551 ' ,'0 0 0 0 0 0 0 0 0 0 0 0 ' ,314 ,3 ,4, 3
651 ,645, 639, '590 556 324 313 420 468 500 272 287 333 435 459 ' ,'0 0 0 0 0 0 0 0 0 0 0 0 ' ,325 ,30 ,2, 2
616 ,643, 574, '569 493 331 424 453 567 441 296 418 351 548 527 ' ,'0 0 0 0 0 0 0 0 0 0 0 0 ' ,281 ,2 ,3, 2
843 ,611, 815, '470 748 296 400 381 405 327 273 319 281 511 473 ' ,'0 0 0 0 0 0 0 0 0 0 0 0 ' ,530 ,2 ,4, 3
656 ,835, 642, '584 618 358 507 394 538 559 306 403 553 531 584 ' ,'0 0 0 0 0 0 0 0 0 0 0 0 ' ,308 ,3 ,4, 3
685 ,647, 669, '574 608 409 399 362 509 647 270 316 420 436 612 ' ,'0 0 0 0 0 0 0 0 0 0 0 0 ' ,379 ,3 ,4, 3
658 ,678, 619, '540 612 352 442 468 456 571 308 583 451 602 427 ' ,'0 0 0 0 0 0 0 0 0 0 0 0 ' ,275 ,2 ,3, 3
728 ,638, 705, '602 528 396 399 371 686 645 327 380 438 569 446 ' ,'0 0 0 0 0 0 0 0 0 0 0 0 ' ,352 ,3 ,8, 8
675 ,720, 651, '609 622 382 479 543 580 563 322 357 515 621 540 ' ,'0 0 0 0 0 0 0 0 0 0 0 0 ' ,318 ,3 ,3, 3
717 ,666, 684, '676 565 349 512 431 542 450 290 358 489 503 555 ' ,'0 0 0 0 0 0 0 0 0 0 0 0 ' ,356 ,3 ,8, 3
684 ,709, 665, '646 641 355 472 410 495 553 339 372 472 579 600 ' ,'0 0 0 0 0 0 0 0 0 0 0 0 ' ,271 ,2 ,3, 2
664 ,678, 626, '499 510 342 440 295 600 339 263 406 332 564 471 ' ,'0 0 0 0 0 0 0 0 0 0 0 0 ' ,331 ,15 ,2, 2
712 ,663, 698, '629 547 327 471 447 555 462 277 351 478 560 297 ' ,'0 0 0 0 0 0 0 0 0 0 0 0 ' ,396 ,2 ,2, 2
649 ,703, 617, '444 541 311 405 421 501 497 260 433 473 473 553 ' ,'0 0 0 0 0 0 0 0 0 0 0 0 ' ,300 ,2 ,4, 3
648 ,642, 629, '482 613 346 372 433 374 481 311 449 350 438 581 ' ,'0 0 0 0 0 0 0 0 0 0 0 0 ' ,286 ,3 ,3, 3
623 ,643, 607, '432 434 329 378 426 587 548 272 392 283 492 565 ' ,'0 0 0 0 0 0 0 0 0 0 0 0 ' ,284 ,3 ,3, 3
737 ,617, 702, '654 457 317 464 430 531 392 294 469 373 397 505 ' ,'0 0 0 0 0 0 0 0 0 0 0 0 ' ,397 ,21 ,3, 3
670 ,730, 647, '571 597 313 442 436 473 457 313 370 494 565 399 ' ,'0 0 0 0 0 0 0 0 0 0 0 0 ' ,300 ,3 ,3, 2
635 ,668, 610, '584 570 358 421 377 428 534 319 374 504 416 537 ' ,'0 0 0 0 0 0 0 0 0 0 0 0 ' ,248 ,2 ,2, 2
725 ,628, 704, '621 454 368 491 465 496 671 300 447 458 551 567 ' ,'0 0 0 0 0 0 0 0 0 0 0 0 ' ,385 ,3 ,4, 4
734 ,711, 669, '670 389 442 347 449 614 651 325 357 462 506 605 ' ,'0 0 0 0 0 0 0 0 0 0 0 0 ' ,264 ,2 ,2, 1
804 ,728, 778, '611 629 362 469 472 758 518 333 436 416 567 357 ' ,'0 0 0 0 0 0 0 0 0 0 0 0 ' ,345 ,3 ,7, 7
768 ,792, 738, '687 719 390 423 465 482 559 313 510 423 533 610 ' ,'0 0 0 0 0 0 0 0 0 0 0 0 ' ,405 ,3 ,4, 4
854 ,751, 785, '580 666 347 458 432 417 669 307 448 544 654 471 ' ,'0 0 0 0 0 0 0 0 0 0 0 0 ' ,491 ,2 ,2, 2
652 ,847, 618, '600 565 352 490 400 460 453 313 473 446 527 387 ' ,'0 0 0 0 0 0 0 0 0 0 0 0 ' ,275 ,2 ,2, 2
637 ,646, 599, '521 537 359 354 447 446 578 318 502 428 472 506 ' ,'0 0 0 0 0 0 0 0 0 0 0 0 ' ,236 ,3 ,3, 3
656 ,631, 635, '606 461 308 451 378 457 517 290 361 387 521 456 ' ,'0 0 0 0 0 0 0 0 0 0 0 0 ' ,338 ,2 ,2, 2
659 ,649, 636, '629 619 509 592 303 485 554 339 395 508 401 519 ' ,'0 0 0 0 0 0 0 0 0 0 0 0 ' ,275 ,2 ,2, 1
669 ,653, 636, '520 457 299 445 509 527 477 266 457 393 520 495 ' ,'0 0 0 0 0 0 0 0 0 0 0 0 ' ,271 ,2 ,92, 2
578 ,661, 555, '466 503 310 424 498 435 534 256 339 389 446 471 ' ,'0 0 0 0 0 0 0 0 0 0 0 0 ' ,230 ,2 ,3, 3
644 ,570, 626, '544 598 327 366 402 516 469 359 434 393 355 559 ' ,'0 0 0 0 0 0 0 0 0 0 0 0 ' ,277 ,3 ,2, 2
696 ,636, 678, '659 474 377 510 420 568 512 269 417 506 532 407 ' ,'0 0 0 0 0 0 0 0 0 0 0 0 ' ,343 ,3 ,3, 3
731 ,691, 685, '683 559 358 559 346 542 534 323 347 505 527 303 ' ,'0 0 0 0 0 0 0 0 0 0 0 0 ' ,361 ,3 ,3, 3
829 ,722, 772, '603 786 375 456 409 588 529 277 531 451 572 482 ' ,'0 0 0 0 0 0 0 0 0 0 0 0 ' ,427 ,3 ,4, 3
742 ,821, 721, '637 678 401 456 437 612 568 337 539 538 700 554 ' ,'0 0 0 0 0 0 0 0 0 0 0 0 ' ,365 ,2 ,4, 4
727 ,731, 696, '490 678 486 336 488 368 602 429 381 446 688 598 ' ,'0 0 0 0 0 0 0 0 0 0 0 0 ' ,348 ,3 ,4, 3
717 ,722, 692, '676 449 402 443 435 666 510 366 409 519 628 517 ' ,'0 0 0 0 0 0 0 0 0 0 0 0 ' ,286 ,3 ,4, 3
763 ,722, 722, '599 711 409 449 525 661 707 296 426 461 556 590 ' ,'0 0 0 0 0 0 0 0 0 0 0 0 ' ,386 ,2 ,3, 3
794 ,753, 750, '713 536 407 487 441 430 464 327 494 411 632 659 ' ,'0 0 0 0 0 0 0 0 0 0 0 0 ' ,371 ,3 ,45, 3
730 ,785, 690, '694 656 366 462 470 683 666 323 467 527 635 656 ' ,'0 0 0 0 0 0 0 0 0 0 0 0 ' ,336 ,3 ,3, 3
709 ,722, 646, '619 630 391 515 479 603 525 354 433 427 617 646 ' ,'0 0 0 0 0 0 0 0 0 0 0 0 ' ,280 ,3 ,3, 3
640 ,703, 624, '512 590 352 403 470 596 378 333 489 357 607 548 ' ,'0 0 0 0 0 0 0 0 0 0 0 0 ' ,265 ,3 ,4, 3
653 ,633, 607, '600 556 336 455 299 464 531 279 384 419 487 498 ' ,'0 0 0 0 0 0 0 0 0 0 0 0 ' ,309 ,3 ,2, 2
649 ,644, 621, '597 524 337 345 418 581 558 301 266 441 461 535 ' ,'0 0 0 0 0 0 0 0 0 0 0 0 ' ,338 ,2 ,2, 2
735 ,638, 707, '530 573 310 422 350 578 539 304 399 699 410 394 ' ,'0 0 0 0 0 0 0 0 0 214827 0 0 ' ,349 ,2 ,3, 3
755 ,726, 484, '598 712 384 457 350 489 424 301 436 405 394 689 ' ,'0 0 0 0 0 0 0 0 0 0 0 0 ' ,351 ,4 ,2, 2
683 ,750, 651, '636 579 347 427 290 438 573 287 355 323 484 506 ' ,'0 0 0 0 0 0 0 0 0 0 0 0 ' ,329 ,3 ,2, 2
753 ,675, 698, '607 564 356 686 528 631 424 307 422 495 361 606 ' ,'0 0 0 0 0 0 0 0 0 0 0 0 ' ,370 ,2 ,1, 1
680 ,744, 649, '641 645 336 559 495 549 593 344 374 402 464 580 ' ,'0 0 0 0 0 0 0 0 0 0 0 0 ' ,310 ,3 ,3, 3
816 ,675, 793, '681 630 375 531 493 400 672 341 486 467 547 778 ' ,'0 0 0 0 0 0 0 0 0 0 0 0 ' ,441 ,2 ,2, 2
717 ,812, 688, '637 651 414 515 592 676 662 309 498 644 403 421 ' ,'0 0 0 0 0 0 0 0 0 0 0 0 ' ,343 ,3 ,2, 2
732 ,710, 698, '642 642 386 488 417 695 569 308 520 461 515 628 ' ,'0 0 0 0 0 0 0 0 0 0 0 0 ' ,382 ,2 ,2, 2
870 ,728, 832, '479 532 347 459 492 622 541 310 503 421 776 532 ' ,'0 0 0 0 0 0 0 0 0 0 280066 0 ' ,493 ,3 ,3, 3
650 ,862, 599, '486 609 358 378 454 474 477 328 462 369 543 447 ' ,'0 0 0 0 0 0 0 0 0 0 0 0 ' ,256 ,3 ,3, 2
794 ,641, 746, '482 544 337 398 405 719 419 276 246 290 648 593 ' ,'0 0 0 0 0 0 0 0 0 0 0 0 ' ,436 ,2 ,2, 2
638 ,782, 600, '540 573 366 492 385 564 409 368 374 332 510 554 ' ,'0 0 0 0 0 0 0 0 0 0 0 0 ' ,258 ,1 ,2, 2
776 ,629, 743, '619 342 347 375 398 580 359 282 433 374 537 574 ' ,'0 0 0 0 0 0 0 0 0 0 0 0 ' ,451 ,3 ,2, 2
616 ,764, 584, '567 385 353 427 482 507 292 300 377 320 515 409 ' ,'0 0 0 0 0 0 0 0 0 0 0 0 ' ,261 ,3 ,2, 2
719 ,602, 684, '498 488 342 489 424 568 593 486 449 447 530 519 ' ,'0 0 0 0 0 0 0 161729 0 0 0 0 ' ,321 ,3 ,2, 2
645 ,709, 602, '605 542 329 338 393 427 425 282 311 412 525 497 ' ,'0 0 0 0 0 0 0 0 0 0 0 0 ' ,308 ,2 ,2, 2
662 ,637, 596, '575 546 385 432 417 560 583 323 369 392 538 450 ' ,'0 0 0 0 0 0 0 0 0 0 0 0 ' ,301 ,3 ,1, 1
687 ,652, 643, '535 482 301 451 296 617 458 314 349 314 571 398 ' ,'0 0 0 0 0 0 0 0 0 0 0 0 ' ,340 ,3 ,3, 3
595 ,677, 550, '560 533 288 464 315 423 533 275 389 420 540 480 ' ,'0 0 0 0 0 0 0 0 0 0 0 0 ' ,280 ,2 ,2, 2
769 ,596, 751, '565 548 331 441 345 392 386 283 392 446 429 522 ' ,'0 0 0 0 0 0 0 0 0 0 0 0 ' ,273 ,3 ,166, 3
643 ,757, 606, '609 544 297 442 458 412 535 278 336 433 391 585 ' ,'0 0 0 0 0 0 0 0 0 0 0 0 ' ,323 ,2 ,2, 2
621 ,635, 587, '507 582 386 522 338 491 423 343 342 463 542 488 ' ,'0 0 0 0 0 0 0 0 0 0 0 0 ' ,242 ,2 ,3, 3
682 ,618, 632, '635 518 325 480 366 598 537 307 362 420 610 375 ' ,'0 0 0 0 0 0 0 0 0 0 0 0 ' ,325 ,3 ,2, 2
704 ,689, 608, '643 649 371 511 479 478 529 332 462 467 440 606 ' ,'0 0 0 0 0 0 0 0 0 0 0 0 ' ,307 ,4 ,3, 3
808 ,681, 769, '506 665 410 584 496 772 687 334 402 495 521 650 ' ,'0 0 0 0 0 195330 0 0 0 0 0 0 ' ,415 ,4 ,3, 3
885 ,802, 840, '677 672 392 463 496 752 621 324 433 472 547 480 ' ,'0 0 0 0 0 0 0 0 0 0 0 0 ' ,493 ,3 ,4, 3
698 ,874, 667, '561 588 472 408 375 533 646 451 402 377 364 606 ' ,'0 0 0 0 0 0 0 0 0 0 0 0 ' ,278 ,7 ,3, 3
671 ,691, 611, '582 578 343 431 444 549 503 312 424 354 336 627 ' ,'0 0 0 0 0 0 0 0 0 0 0 0 ' ,319 ,2 ,3, 2
677 ,660, 631, '640 608 320 488 373 508 541 318 372 390 589 364 ' ,'0 0 0 0 0 0 0 0 0 0 0 0 ' ,311 ,2 ,3, 3
639 ,669, 594, '585 445 324 498 418 458 544 301 471 402 460 535 ' ,'0 0 0 0 0 0 0 0 0 0 0 0 ' ,303 ,2 ,2, 1
728 ,640, 696, '589 545 339 375 468 614 597 313 289 359 576 673 ' ,'0 0 0 0 0 0 0 0 0 0 0 0 ' ,405 ,3 ,3, 3
673 ,719, 626, '639 522 316 461 458 528 316 301 420 428 539 573 ' ,'0 0 0 0 0 0 0 0 0 0 0 0 ' ,312 ,2 ,3, 3
621 ,669, 517, '552 547 306 478 405 459 401 267 410 436 259 533 ' ,'0 0 0 0 0 0 0 0 0 0 0 0 ' ,317 ,2 ,3, 2
586 ,616, 565, '553 552 337 350 421 528 360 278 382 436 390 426 ' ,'0 0 0 0 0 0 0 0 0 0 0 0 ' ,264 ,2 ,1, 1
623 ,581, 603, '524 585 336 369 303 334 528 263 290 418 526 457 ' ,'0 0 0 0 0 0 0 0 0 0 0 0 ' ,315 ,2 ,3, 3
625 ,614, 601, '566 545 348 386 381 528 406 306 405 442 572 390 ' ,'0 0 0 0 0 0 0 0 0 0 0 0 ' ,250 ,3 ,2, 2
730 ,619, 706, '656 641 430 591 692 514 622 362 467 481 633 579 ' ,'0 0 0 0 0 0 0 0 0 0 0 0 ' ,330 ,1 ,3, 3
643 ,723, 616, '473 580 366 571 457 584 401 316 541 366 531 472 ' ,'0 0 0 0 0 0 0 0 0 0 0 0 ' ,278 ,2 ,2, 2
743 ,632, 700, '561 649 387 691 559 527 681 332 691 512 550 627 ' ,'0 0 0 0 0 0 0 0 0 0 0 0 ' ,359 ,3 ,4, 4
719 ,729, 682, '588 668 373 584 475 549 568 325 517 596 673 488 ' ,'0 0 0 0 0 0 0 0 0 0 0 0 ' ,205 ,3 ,3, 3
744 ,711, 731, '525 702 421 503 485 539 660 345 436 452 555 527 ' ,'0 0 0 0 0 0 0 0 0 0 0 0 ' ,363 ,3 ,4, 4
704 ,736, 664, '381 599 388 476 550 408 645 315 564 501 573 567 ' ,'0 0 0 0 0 0 0 0 0 0 0 0 ' ,351 ,2 ,2, 2
789 ,696, 718, '487 558 318 477 473 688 534 325 472 470 625 547 ' ,'0 0 0 0 0 0 0 0 0 0 0 0 ' ,386 ,3 ,5, 1
706 ,783, 632, '504 525 314 374 438 457 611 308 321 376 563 596 ' ,'0 0 0 0 0 0 0 0 0 0 0 0 ' ,315 ,3 ,4, 3
630 ,736, 609, '589 516 322 422 435 525 520 285 306 414 322 441 ' ,'0 0 0 0 0 0 0 0 0 0 0 0 ' ,289 ,3 ,1, 1
655 ,624, 583, '598 514 342 323 422 494 424 343 300 334 535 494 ' ,'0 0 0 0 0 0 0 0 0 0 0 0 ' ,313 ,3 ,2, 2
629 ,646, 598, '515 579 342 380 463 470 509 309 467 447 471 332 ' ,'0 0 0 0 0 0 0 0 0 0 0 0 ' ,283 ,3 ,3, 3
588 ,623, 561, '384 538 300 483 341 464 500 276 343 450 545 398 ' ,'0 0 0 0 0 0 0 0 0 0 0 0 ' ,261 ,2 ,3, 3
694 ,578, 667, '518 473 316 543 442 536 423 279 362 361 643 419 ' ,'0 0 0 0 0 0 0 0 0 0 0 0 ' ,370 ,3 ,3, 3
648 ,686, 579, '598 431 343 405 381 501 348 294 436 266 486 507 ' ,'0 0 0 0 0 0 0 0 0 0 0 0 ' ,286 ,2 ,2, 2
623 ,641, 546, '540 561 320 315 510 520 396 267 482 441 445 426 ' ,'0 0 0 0 0 0 0 0 0 0 0 0 ' ,302 ,2 ,5, 4
642 ,593, 625, '473 604 363 492 296 453 514 314 417 446 539 532 ' ,'0 0 0 0 0 0 0 0 0 0 0 0 ' ,293 ,3 ,3, 3
663 ,635, 606, '619 610 361 567 406 382 547 314 467 409 545 403 ' ,'0 0 0 0 0 0 0 0 0 0 0 0 ' ,289 ,3 ,1, 1
726 ,655, 685, '679 490 332 487 385 590 534 325 440 459 563 469 ' ,'0 0 0 0 0 0 0 0 0 0 0 0 ' ,309 ,2 ,2, 2
705 ,719, 674, '660 579 399 520 383 349 631 317 466 481 572 493 ' ,'0 0 0 0 0 0 0 0 0 0 0 0 ' ,310 ,3 ,3, 3
690 ,763, 670, '654 654 378 505 499 536 552 324 460 467 650 606 ' ,'0 0 0 0 0 0 0 0 0 0 0 0 ' ,322 ,2 ,3, 2
688 ,687, 670, '619 546 489 501 576 599 633 424 466 502 545 654 ' ,'0 0 0 0 0 0 0 0 0 0 0 0 ' ,235 ,2 ,3, 3
769 ,684, 751, '728 522 350 575 574 607 717 342 386 654 595 476 ' ,'0 0 0 0 0 0 0 0 0 0 0 0 ' ,324 ,2 ,2, 2
715 ,766, 696, '510 540 397 397 430 670 600 361 395 452 657 354 ' ,'0 0 0 0 0 0 0 0 0 0 0 0 ' ,266 ,3 ,2, 2
810 ,713, 776, '754 721 411 411 457 688 426 394 426 499 461 531 ' ,'0 0 0 0 0 0 0 0 0 0 0 0 ' ,367 ,3 ,3, 2
685 ,804, 648, '567 637 381 493 614 620 586 346 471 378 635 437 ' ,'0 0 0 0 0 0 0 0 0 0 0 0 ' ,300 ,2 ,2, 2
696 ,677, 644, '648 471 329 452 399 590 498 337 470 441 399 442 ' ,'0 0 0 0 0 0 0 0 0 0 0 0 ' ,250 ,3 ,2, 2
659 ,682, 637, '558 563 332 436 472 460 618 308 452 421 573 478 ' ,'0 0 0 0 0 0 0 0 0 0 0 0 ' ,293 ,3 ,2, 2
672 ,656, 642, '489 553 312 390 409 492 419 294 342 380 623 385 ' ,'0 0 0 0 0 0 0 0 0 0 0 0 ' ,306 ,3 ,2, 2
633 ,663, 582, '568 432 313 470 343 564 567 308 442 453 575 530 ' ,'0 0 0 0 0 0 0 0 0 0 0 0 ' ,252 ,3 ,2, 2
652 ,622, 626, '613 582 325 373 405 446 540 296 504 442 515 291 ' ,'0 0 0 0 0 0 0 0 0 0 0 0 ' ,298 ,3 ,3, 3
620 ,640, 592, '573 419 353 325 311 451 496 347 280 354 493 577 ' ,'0 0 0 0 0 0 0 0 0 0 0 0 ' ,290 ,2 ,2, 2
