791 ,0, 682, '26 640 29 28 21 21 631 19 ' ,'0 0 0 0 0 0 0 0 ' ,619 ,3 ,8, 7
363 ,785, 341, '331 311 178 179 177 275 215 146 ' ,'0 0 0 0 0 0 0 0 ' ,187 ,1 ,4, 4
150 ,359, 134, '121 118 112 116 81 88 79 76 ' ,'0 0 0 0 0 0 0 0 ' ,43 ,1 ,5, 5
217 ,142, 137, '117 120 119 116 85 85 87 83 ' ,'0 0 0 0 0 0 0 0 ' ,45 ,1 ,4, 4
338 ,147, 318, '129 128 302 126 87 114 105 236 ' ,'0 0 0 0 0 0 0 0 ' ,222 ,1 ,3, 3
183 ,327, 154, '131 128 117 121 76 81 88 86 ' ,'0 0 0 0 0 0 0 0 ' ,82 ,1 ,2, 2
177 ,175, 160, '138 146 132 137 96 92 87 106 ' ,'0 0 0 0 0 0 0 0 ' ,64 ,1 ,3, 3
173 ,170, 157, '142 129 99 133 89 83 77 87 ' ,'0 0 0 0 0 0 0 0 ' ,69 ,2 ,2, 2
161 ,164, 91, '120 128 129 124 102 76 80 86 ' ,'0 0 0 0 0 0 0 0 ' ,39 ,1 ,1, 1
170 ,154, 152, '117 127 117 104 75 77 85 82 ' ,'0 0 0 0 0 0 0 0 ' ,68 ,16 ,1, 0
138 ,201, 125, '115 109 109 113 74 75 82 77 ' ,'0 0 0 0 0 0 0 0 ' ,44 ,1 ,1, 1
163 ,131, 133, '107 110 104 116 67 65 72 76 ' ,'0 0 0 0 0 0 0 0 ' ,57 ,5 ,1, 0
154 ,156, 126, '111 109 113 106 66 75 94 78 ' ,'0 0 0 0 0 0 0 0 ' ,55 ,2 ,0, 0
162 ,146, 146, '130 122 102 113 78 90 66 77 ' ,'0 0 0 0 0 0 0 0 ' ,57 ,1 ,1, 1
315 ,155, 243, '113 195 121 120 81 92 129 91 ' ,'0 0 0 0 0 0 0 0 ' ,155 ,2 ,0, 0
227 ,309, 206, '193 155 121 125 126 91 146 85 ' ,'0 0 0 0 0 0 0 0 ' ,113 ,2 ,0, 0
265 ,224, 218, '190 210 128 150 107 137 88 86 ' ,'0 0 0 0 0 0 0 0 ' ,121 ,2 ,0, 0
264 ,251, 246, '190 230 127 131 92 96 135 113 ' ,'0 0 0 0 0 0 0 0 ' ,147 ,2 ,2, 1
172 ,257, 155, '139 133 123 145 83 101 134 71 ' ,'0 0 0 0 0 0 0 0 ' ,71 ,1 ,1, 0
193 ,163, 175, '165 126 127 139 103 97 82 85 ' ,'0 0 0 0 0 0 0 0 ' ,81 ,1 ,1, 1
202 ,194, 181, '169 172 120 129 97 119 103 79 ' ,'0 0 0 0 0 0 0 0 ' ,87 ,1 ,1, 1
218 ,195, 200, '118 195 112 126 85 153 86 82 ' ,'0 0 0 0 0 0 0 0 ' ,111 ,1 ,1, 0
201 ,208, 185, '137 174 113 114 85 109 125 79 ' ,'0 0 0 0 0 0 0 0 ' ,90 ,2 ,1, 1
178 ,192, 155, '142 150 127 100 93 121 120 91 ' ,'0 0 0 0 0 0 0 0 ' ,49 ,1 ,1, 1
203 ,172, 157, '155 111 121 120 69 70 130 83 ' ,'0 0 0 0 0 0 0 0 ' ,96 ,21 ,0, 0
241 ,214, 222, '155 114 127 117 61 75 91 87 ' ,'0 0 0 0 0 0 0 0 ' ,149 ,2 ,1, 1
190 ,233, 164, '155 144 142 127 81 148 79 110 ' ,'0 0 0 0 0 0 0 0 ' ,74 ,1 ,0, 0
182 ,179, 162, '110 150 105 104 66 111 80 76 ' ,'0 0 0 0 0 0 0 0 ' ,89 ,1 ,0, 0
249 ,172, 230, '135 153 108 219 131 101 81 75 ' ,'0 0 0 0 0 0 0 0 ' ,128 ,2 ,1, 1
196 ,237, 182, '161 132 124 123 77 153 65 77 ' ,'0 0 0 0 0 0 0 0 ' ,100 ,13 ,1, 0
167 ,210, 146, '131 140 121 111 79 74 91 81 ' ,'0 0 0 0 0 0 0 0 ' ,66 ,1 ,1, 1
199 ,155, 185, '173 126 119 120 59 77 110 85 ' ,'0 0 0 0 0 0 0 0 ' ,104 ,1 ,1, 1
196 ,191, 155, '132 148 114 96 77 71 91 78 ' ,'0 0 0 0 0 0 0 0 ' ,72 ,1 ,0, 0
196 ,176, 172, '158 119 124 122 84 116 158 89 ' ,'0 0 0 0 0 0 0 0 ' ,84 ,1 ,1, 0
241 ,183, 225, '205 139 125 130 90 124 116 81 ' ,'0 0 0 0 0 0 0 0 ' ,139 ,12 ,1, 1
180 ,244, 164, '130 157 118 131 92 149 96 80 ' ,'0 0 0 0 0 0 0 0 ' ,79 ,1 ,1, 1
201 ,172, 177, '172 160 163 128 91 138 86 111 ' ,'0 0 0 0 0 0 0 0 ' ,83 ,1 ,1, 1
201 ,188, 173, '128 165 135 135 88 86 139 76 ' ,'0 0 0 0 0 0 0 0 ' ,90 ,1 ,1, 0
200 ,186, 184, '165 153 130 130 83 117 115 83 ' ,'0 0 0 0 0 0 0 0 ' ,79 ,2 ,1, 1
226 ,192, 204, '149 192 123 106 82 114 99 74 ' ,'0 0 0 0 0 0 0 0 ' ,127 ,1 ,1, 1
211 ,216, 190, '132 172 125 99 81 125 100 74 ' ,'0 0 0 0 0 0 0 0 ' ,109 ,2 ,1, 1
196 ,197, 181, '130 170 158 126 90 96 94 106 ' ,'0 0 0 0 0 0 0 0 ' ,84 ,1 ,1, 0
191 ,187, 175, '150 140 113 136 66 59 100 87 ' ,'0 0 0 0 0 0 0 0 ' ,104 ,1 ,1, 1
191 ,181, 174, '158 150 127 108 65 153 87 62 ' ,'0 0 0 0 0 0 0 0 ' ,107 ,1 ,1, 1
176 ,184, 161, '142 118 127 116 76 152 69 72 ' ,'0 0 0 0 0 0 0 0 ' ,82 ,1 ,0, 0
185 ,169, 167, '154 150 119 116 82 91 87 76 ' ,'0 0 0 0 0 0 0 0 ' ,82 ,1 ,1, 1
161 ,175, 145, '123 137 136 114 73 80 124 104 ' ,'0 0 0 0 0 0 0 0 ' ,67 ,1 ,0, 0
183 ,153, 166, '125 83 122 108 80 118 108 79 ' ,'0 0 0 0 0 0 0 0 ' ,64 ,1 ,1, 1
152 ,171, 137, '131 105 122 86 85 124 90 76 ' ,'0 0 0 0 0 0 0 0 ' ,54 ,1 ,0, 0
215 ,147, 192, '182 106 114 108 82 123 113 78 ' ,'0 0 0 0 0 0 0 0 ' ,108 ,1 ,0, 0
167 ,209, 151, '143 105 110 110 113 111 114 84 ' ,'0 0 0 0 0 0 0 0 ' ,41 ,1 ,1, 1
185 ,157, 158, '120 149 133 107 86 80 122 112 ' ,'0 0 0 0 0 0 0 0 ' ,70 ,1 ,1, 0
207 ,171, 180, '172 124 125 119 92 91 144 91 ' ,'0 0 0 0 0 0 0 0 ' ,83 ,1 ,1, 1
179 ,195, 162, '117 151 133 119 94 132 132 91 ' ,'0 0 0 0 0 0 0 0 ' ,64 ,1 ,0, 0
213 ,172, 185, '177 166 139 105 98 120 90 95 ' ,'0 0 0 0 0 0 0 0 ' ,91 ,2 ,1, 1
180 ,205, 163, '144 153 114 130 122 141 148 78 ' ,'0 0 0 0 0 0 0 0 ' ,74 ,2 ,1, 1
195 ,169, 171, '136 147 132 115 91 145 102 84 ' ,'0 0 0 0 0 0 0 0 ' ,80 ,1 ,1, 0
206 ,187, 171, '131 173 151 107 91 84 108 80 ' ,'0 0 0 0 0 0 0 0 ' ,93 ,1 ,1, 0
197 ,191, 179, '158 151 134 134 133 119 115 87 ' ,'0 0 0 0 0 0 0 0 ' ,78 ,1 ,1, 1
192 ,188, 165, '156 134 122 123 80 139 83 90 ' ,'0 0 0 0 0 0 0 0 ' ,78 ,1 ,1, 0
186 ,183, 165, '159 142 140 121 104 91 90 88 ' ,'0 0 0 0 0 0 0 0 ' ,72 ,0 ,0, 0
187 ,180, 171, '162 135 131 122 76 108 99 76 ' ,'0 0 0 0 0 0 0 0 ' ,89 ,1 ,1, 0
170 ,179, 146, '140 128 131 113 92 107 114 71 ' ,'0 0 0 0 0 0 0 0 ' ,67 ,0 ,1, 1
189 ,157, 172, '120 158 121 119 82 150 128 79 ' ,'0 0 0 0 0 0 0 0 ' ,83 ,1 ,1, 1
179 ,180, 162, '151 111 122 109 68 106 80 83 ' ,'0 0 0 0 0 0 0 0 ' ,90 ,1 ,1, 1
148 ,170, 136, '118 126 122 118 81 77 121 81 ' ,'0 0 0 0 0 0 0 0 ' ,53 ,1 ,1, 0
170 ,140, 154, '137 146 117 124 81 118 84 81 ' ,'0 0 0 0 0 0 0 0 ' ,67 ,1 ,0, 0
198 ,167, 178, '174 122 111 98 77 78 115 83 ' ,'0 0 0 0 0 0 0 0 ' ,99 ,1 ,0, 0
140 ,188, 124, '116 109 102 111 78 77 80 81 ' ,'0 0 0 0 0 0 0 0 ' ,38 ,1 ,1, 1
219 ,130, 203, '193 115 117 118 77 161 123 105 ' ,'0 0 0 0 0 0 0 0 ' ,120 ,2 ,1, 1
183 ,213, 166, '141 123 120 121 64 130 127 87 ' ,'0 0 0 0 0 0 0 0 ' ,71 ,1 ,1, 1
190 ,180, 173, '127 161 130 118 83 151 89 86 ' ,'0 0 0 0 0 0 0 0 ' ,82 ,1 ,1, 0
230 ,178, 201, '131 193 122 134 91 115 128 92 ' ,'0 0 0 0 0 0 0 0 ' ,105 ,1 ,0, 0
217 ,206, 183, '143 176 113 122 90 135 89 87 ' ,'0 0 0 0 0 0 0 0 ' ,92 ,1 ,0, 0
236 ,209, 213, '166 119 123 120 81 199 90 82 ' ,'0 0 0 0 0 0 0 0 ' ,124 ,1 ,1, 1
176 ,223, 147, '140 140 124 121 80 113 106 82 ' ,'0 0 0 0 0 0 0 0 ' ,62 ,0 ,1, 1
168 ,165, 136, '126 125 113 112 77 69 77 77 ' ,'0 0 0 0 0 0 0 0 ' ,62 ,1 ,1, 0
159 ,162, 141, '121 133 110 98 76 102 82 79 ' ,'0 0 0 0 0 0 0 0 ' ,60 ,1 ,0, 0
174 ,152, 151, '142 117 116 102 65 104 132 85 ' ,'0 0 0 0 0 0 0 0 ' ,86 ,1 ,1, 1
195 ,175, 170, '161 116 121 113 81 116 86 88 ' ,'0 0 0 0 0 0 0 0 ' ,88 ,1 ,1, 0
271 ,186, 246, '131 119 113 95 237 97 92 77 ' ,'0 0 0 0 0 0 0 0 ' ,161 ,2 ,2, 1
158 ,263, 139, '124 133 116 125 86 83 76 84 ' ,'0 0 0 0 0 0 0 0 ' ,56 ,1 ,1, 0
174 ,149, 147, '121 139 96 108 70 117 72 80 ' ,'0 0 0 0 0 0 0 0 ' ,70 ,2 ,0, 0
186 ,165, 149, '127 123 105 117 86 84 140 76 ' ,'0 0 0 0 0 0 0 0 ' ,66 ,1 ,1, 1
182 ,178, 164, '157 146 105 104 75 119 84 83 ' ,'0 0 0 0 0 0 0 0 ' ,79 ,1 ,1, 0
173 ,175, 157, '136 148 143 121 121 92 145 85 ' ,'0 0 0 0 0 0 0 0 ' ,68 ,1 ,1, 0
163 ,166, 146, '138 128 126 119 78 87 87 72 ' ,'0 0 0 0 0 0 0 0 ' ,69 ,1 ,0, 0
165 ,159, 149, '141 140 130 134 90 115 103 94 ' ,'0 0 0 0 0 0 0 0 ' ,55 ,1 ,1, 1
220 ,159, 205, '165 132 138 135 91 96 191 89 ' ,'0 0 0 0 0 0 0 0 ' ,108 ,1 ,1, 1
204 ,213, 187, '179 152 135 132 81 127 101 87 ' ,'0 0 0 0 0 0 0 0 ' ,101 ,1 ,0, 0
214 ,195, 199, '134 191 144 131 85 103 130 84 ' ,'0 0 0 0 0 0 0 0 ' ,108 ,1 ,2, 1
190 ,206, 170, '162 136 121 122 80 78 131 71 ' ,'0 0 0 0 0 0 0 0 ' ,91 ,1 ,1, 1
172 ,179, 151, '116 111 119 105 82 142 80 76 ' ,'0 0 0 0 0 0 0 0 ' ,73 ,1 ,1, 1
168 ,164, 143, '135 109 121 108 64 72 70 72 ' ,'0 0 0 0 0 0 0 0 ' ,74 ,1 ,1, 0
175 ,157, 158, '148 105 118 98 68 109 65 76 ' ,'0 0 0 0 0 0 0 0 ' ,85 ,1 ,0, 0
159 ,167, 136, '126 122 117 105 73 77 111 79 ' ,'0 0 0 0 0 0 0 0 ' ,62 ,1 ,1, 1
182 ,157, 161, '153 125 120 116 80 112 115 70 ' ,'0 0 0 0 0 0 0 0 ' ,87 ,1 ,0, 0
179 ,169, 163, '128 157 125 112 73 111 79 76 ' ,'0 0 0 0 0 0 0 0 ' ,82 ,1 ,0, 0
170 ,174, 145, '119 138 120 116 64 98 109 79 ' ,'0 0 0 0 0 0 0 0 ' ,60 ,1 ,1, 1
196 ,156, 181, '164 111 104 111 74 103 78 69 ' ,'0 0 0 0 0 0 0 0 ' ,107 ,2 ,1, 1
207 ,192, 153, '145 145 119 108 79 83 73 76 ' ,'0 0 0 0 0 0 0 0 ' ,80 ,1 ,0, 0
190 ,193, 165, '155 123 136 114 81 73 100 86 ' ,'0 0 0 0 0 0 0 0 ' ,81 ,1 ,1, 1
216 ,181, 186, '178 137 122 124 87 105 117 90 ' ,'0 0 0 0 0 0 0 0 ' ,102 ,2 ,1, 1
185 ,207, 165, '157 119 124 121 90 94 122 88 ' ,'0 0 0 0 0 0 0 0 ' ,76 ,1 ,1, 0
172 ,176, 153, '146 138 131 131 87 127 91 94 ' ,'0 0 0 0 0 0 0 0 ' ,58 ,1 ,1, 1
177 ,165, 162, '149 150 129 152 85 114 103 85 ' ,'0 0 0 0 0 0 0 0 ' ,75 ,1 ,1, 1
186 ,175, 167, '159 123 121 129 77 143 108 88 ' ,'0 0 0 0 0 0 0 0 ' ,82 ,1 ,0, 0
184 ,174, 159, '151 126 140 114 75 131 86 70 ' ,'0 0 0 0 0 0 0 0 ' ,89 ,2 ,1, 1
200 ,177, 185, '142 177 143 126 127 99 108 82 ' ,'0 0 0 0 0 0 0 0 ' ,79 ,1 ,1, 1
323 ,194, 300, '288 126 120 105 72 142 82 75 ' ,'0 0 0 0 0 0 0 0 ' ,221 ,1 ,2, 2
182 ,306, 161, '150 135 121 118 81 143 131 69 ' ,'0 0 0 0 0 0 0 0 ' ,82 ,1 ,1, 1
180 ,182, 145, '138 122 106 107 77 114 100 82 ' ,'0 0 0 0 0 0 0 0 ' ,64 ,1 ,1, 0
165 ,178, 145, '118 128 110 143 76 103 74 78 ' ,'0 0 0 0 0 0 0 0 ' ,71 ,1 ,0, 0
158 ,156, 126, '118 133 105 121 71 72 78 60 ' ,'0 0 0 0 0 0 0 0 ' ,74 ,2 ,1, 1
165 ,150, 148, '139 108 117 118 80 101 74 62 ' ,'0 0 0 0 0 0 0 0 ' ,81 ,1 ,1, 0
164 ,156, 143, '113 136 91 118 90 96 114 69 ' ,'0 0 0 0 0 0 0 0 ' ,70 ,1 ,0, 0
217 ,152, 191, '182 181 100 91 60 90 95 82 ' ,'0 0 0 0 0 0 0 0 ' ,127 ,1 ,1, 1
190 ,199, 168, '159 150 112 105 85 100 77 74 ' ,'0 0 0 0 0 0 0 0 ' ,89 ,2 ,1, 1
175 ,174, 155, '149 110 97 120 82 107 89 73 ' ,'0 0 0 0 0 0 0 0 ' ,78 ,0 ,0, 0
168 ,164, 155, '146 119 115 107 88 104 75 79 ' ,'0 0 0 0 0 0 0 0 ' ,61 ,1 ,1, 1
167 ,163, 144, '136 121 110 114 69 123 72 82 ' ,'0 0 0 0 0 0 0 0 ' ,74 ,1 ,0, 0
178 ,160, 162, '154 141 126 109 76 101 88 80 ' ,'0 0 0 0 0 0 0 0 ' ,74 ,1 ,1, 0
191 ,169, 172, '162 142 140 121 85 84 108 97 ' ,'0 0 0 0 0 0 0 0 ' ,66 ,1 ,1, 1
180 ,183, 161, '153 128 133 132 88 122 68 89 ' ,'0 0 0 0 0 0 0 0 ' ,68 ,1 ,0, 0
232 ,166, 211, '203 137 138 136 80 111 84 99 ' ,'0 0 0 0 0 0 0 0 ' ,128 ,1 ,1, 1
195 ,220, 175, '166 158 124 135 86 110 121 94 ' ,'0 0 0 0 0 0 0 0 ' ,84 ,1 ,1, 1
205 ,186, 178, '166 149 131 128 78 131 94 66 ' ,'0 0 0 0 0 0 0 0 ' ,106 ,1 ,1, 1
179 ,192, 160, '131 150 134 128 84 94 114 96 ' ,'0 0 0 0 0 0 0 0 ' ,59 ,1 ,1, 1
180 ,171, 161, '111 149 120 119 81 71 109 85 ' ,'0 0 0 0 0 0 0 0 ' ,73 ,1 ,2, 2
181 ,172, 161, '152 121 127 113 73 97 79 94 ' ,'0 0 0 0 0 0 0 0 ' ,84 ,2 ,1, 1
181 ,168, 160, '151 144 103 108 67 98 88 66 ' ,'0 0 0 0 0 0 0 0 ' ,93 ,1 ,1, 1
157 ,172, 133, '123 103 116 112 79 133 111 67 ' ,'0 0 0 0 0 0 0 0 ' ,56 ,2 ,1, 1
165 ,150, 148, '124 105 134 107 61 87 95 96 ' ,'0 0 0 0 0 0 0 0 ' ,82 ,1 ,0, 0
157 ,157, 139, '127 119 119 113 77 107 98 84 ' ,'0 0 0 0 0 0 0 0 ' ,56 ,1 ,2, 2
164 ,149, 151, '141 122 120 118 75 107 81 87 ' ,'0 0 0 0 0 0 0 0 ' ,69 ,2 ,1, 1
166 ,155, 144, '136 133 125 123 87 92 78 86 ' ,'0 0 0 0 0 0 0 0 ' ,56 ,1 ,1, 0
187 ,159, 157, '150 145 124 106 98 107 79 90 ' ,'0 0 0 0 0 0 0 0 ' ,67 ,0 ,1, 1
166 ,175, 151, '137 132 141 119 94 119 118 119 ' ,'0 0 0 0 0 0 0 0 ' ,49 ,1 ,1, 0
211 ,156, 179, '132 168 140 118 79 130 87 88 ' ,'0 0 0 0 0 0 0 0 ' ,87 ,1 ,1, 1
235 ,196, 204, '196 140 132 122 82 165 76 96 ' ,'0 0 0 0 0 0 0 0 ' ,118 ,1 ,1, 1
199 ,227, 176, '128 167 132 119 88 90 94 94 ' ,'0 0 0 0 0 0 0 0 ' ,78 ,1 ,1, 1
203 ,190, 182, '116 172 130 135 90 96 108 83 ' ,'0 0 0 0 0 0 0 0 ' ,91 ,1 ,1, 0
195 ,195, 180, '168 172 160 141 88 103 100 121 ' ,'0 0 0 0 0 0 0 0 ' ,88 ,1 ,2, 1
154 ,188, 139, '116 133 122 119 83 81 83 80 ' ,'0 0 0 0 0 0 0 0 ' ,51 ,1 ,1, 0
223 ,147, 200, '180 119 93 133 82 139 84 81 ' ,'0 0 0 0 0 0 0 0 ' ,103 ,1 ,1, 1
163 ,209, 146, '134 128 138 118 74 78 80 83 ' ,'0 0 0 0 0 0 0 0 ' ,68 ,1 ,1, 0
199 ,154, 178, '143 170 124 114 77 77 100 79 ' ,'0 0 0 0 0 0 0 0 ' ,93 ,2 ,1, 1
258 ,186, 236, '126 147 221 91 64 146 76 191 ' ,'0 0 0 0 0 0 0 0 ' ,168 ,1 ,1, 1
140 ,250, 125, '115 101 115 112 83 79 76 74 ' ,'0 0 0 0 0 0 0 0 ' ,45 ,1 ,1, 1
193 ,132, 175, '167 138 129 116 89 96 85 81 ' ,'0 0 0 0 0 0 0 0 ' ,87 ,1 ,1, 1
161 ,181, 133, '114 125 125 116 88 94 52 71 ' ,'0 0 0 0 0 0 0 0 ' ,51 ,1 ,1, 1
201 ,154, 178, '169 137 121 110 88 108 100 88 ' ,'0 0 0 0 0 0 0 0 ' ,85 ,3 ,1, 1
184 ,189, 168, '148 150 157 110 79 103 119 123 ' ,'0 0 0 0 0 0 0 0 ' ,86 ,1 ,1, 1
188 ,176, 170, '161 160 117 132 95 138 81 97 ' ,'0 0 0 0 0 0 0 0 ' ,74 ,1 ,1, 1
198 ,179, 174, '166 131 127 109 81 78 83 85 ' ,'0 0 0 0 0 0 0 0 ' ,88 ,1 ,0, 0
206 ,190, 183, '176 131 136 143 88 118 113 86 ' ,'0 0 0 0 0 0 0 0 ' ,92 ,0 ,1, 0
184 ,197, 166, '146 134 119 136 78 82 152 73 ' ,'0 0 0 0 0 0 0 0 ' ,82 ,1 ,1, 1
159 ,175, 144, '125 129 129 121 60 112 94 91 ' ,'0 0 0 0 0 0 0 0 ' ,76 ,1 ,2, 1
177 ,149, 135, '121 106 112 117 53 92 81 72 ' ,'0 0 0 0 0 0 0 0 ' ,78 ,1 ,1, 1
212 ,143, 192, '183 127 102 115 81 98 115 85 ' ,'0 0 0 0 0 0 0 0 ' ,110 ,2 ,1, 1
178 ,204, 160, '135 153 105 120 78 77 76 84 ' ,'0 0 0 0 0 0 0 0 ' ,81 ,2 ,1, 1
180 ,171, 152, '104 144 117 127 61 121 81 79 ' ,'0 0 0 0 0 0 0 0 ' ,87 ,1 ,0, 0
166 ,165, 149, '135 141 143 113 70 100 86 100 ' ,'0 0 0 0 0 0 0 0 ' ,75 ,0 ,1, 1
227 ,156, 198, '189 150 111 114 71 143 84 84 ' ,'0 0 0 0 0 0 0 0 ' ,121 ,2 ,1, 1
202 ,221, 179, '171 133 124 134 70 96 84 88 ' ,'0 0 0 0 0 0 0 0 ' ,103 ,1 ,1, 0
175 ,189, 154, '144 142 124 155 92 96 77 93 ' ,'0 0 0 0 0 0 0 0 ' ,78 ,1 ,1, 1
203 ,167, 186, '177 134 113 146 86 143 143 86 ' ,'0 0 0 0 0 0 0 0 ' ,97 ,1 ,1, 0
178 ,197, 160, '122 146 149 142 90 86 89 107 ' ,'0 0 0 0 0 0 0 0 ' ,69 ,1 ,1, 1
165 ,184, 152, '144 140 135 135 84 104 91 85 ' ,'0 0 0 0 0 0 0 0 ' ,61 ,1 ,1, 1
232 ,158, 211, '160 129 121 151 73 206 75 92 ' ,'0 0 0 0 0 0 0 0 ' ,130 ,1 ,1, 0
181 ,221, 157, '136 141 122 107 78 101 147 71 ' ,'0 0 0 0 0 0 0 0 ' ,77 ,0 ,1, 1
188 ,174, 165, '124 161 90 125 76 86 64 66 ' ,'0 0 0 0 0 0 0 0 ' ,97 ,1 ,1, 1
204 ,180, 179, '167 107 172 120 73 113 103 133 ' ,'0 0 0 0 0 0 0 0 ' ,99 ,1 ,1, 1
178 ,190, 163, '149 153 116 114 83 70 84 84 ' ,'0 0 0 0 0 0 0 0 ' ,81 ,1 ,1, 1
178 ,169, 162, '154 127 107 117 78 117 67 66 ' ,'0 0 0 0 0 0 0 0 ' ,90 ,1 ,0, 0
209 ,168, 189, '153 108 118 102 67 84 75 74 ' ,'0 0 0 0 0 0 0 0 ' ,113 ,27 ,1, 1
171 ,198, 151, '142 136 131 115 87 85 95 95 ' ,'0 0 0 0 0 0 0 0 ' ,63 ,1 ,1, 0
209 ,164, 191, '128 147 130 105 86 108 86 99 ' ,'0 0 0 0 0 0 0 0 ' ,65 ,2 ,1, 1
222 ,203, 182, '158 200 130 114 91 176 145 65 ' ,'0 0 0 0 0 0 0 0 ' ,134 ,1 ,0, 0
377 ,252, 360, '350 158 122 120 95 139 81 87 ' ,'0 0 0 0 0 0 0 0 ' ,266 ,1 ,1, 1
202 ,369, 183, '158 168 135 134 88 144 114 100 ' ,'0 0 0 0 0 0 0 0 ' ,83 ,9 ,1, 0
195 ,300, 181, '128 168 113 138 100 118 83 95 ' ,'0 0 0 0 0 0 0 0 ' ,86 ,1 ,2, 1
206 ,189, 187, '134 179 112 99 91 161 89 84 ' ,'0 0 0 0 0 0 0 0 ' ,98 ,2 ,1, 0
194 ,200, 170, '160 159 114 124 66 137 124 73 ' ,'0 0 0 0 0 0 0 0 ' ,94 ,1 ,1, 1
194 ,180, 174, '167 127 121 121 70 137 77 89 ' ,'0 0 0 0 0 0 0 0 ' ,97 ,1 ,1, 1
162 ,184, 142, '117 130 119 121 67 115 81 73 ' ,'0 0 0 0 0 0 0 0 ' ,67 ,2 ,1, 1
208 ,152, 190, '120 183 116 113 83 71 118 64 ' ,'0 0 0 0 0 0 0 0 ' ,94 ,1 ,0, 0
166 ,199, 150, '113 143 109 110 80 86 95 69 ' ,'0 0 0 0 0 0 0 0 ' ,75 ,1 ,1, 0
179 ,164, 141, '127 134 116 114 81 77 68 79 ' ,'0 0 0 0 0 0 0 0 ' ,54 ,1 ,1, 1
173 ,172, 151, '142 132 118 106 75 114 118 77 ' ,'0 0 0 0 0 0 0 0 ' ,68 ,1 ,1, 0
179 ,161, 159, '137 150 120 121 79 87 117 80 ' ,'0 0 0 0 0 0 0 0 ' ,74 ,1 ,1, 0
177 ,173, 162, '112 119 114 110 77 72 144 76 ' ,'0 0 0 0 0 0 0 0 ' ,68 ,1 ,1, 1
165 ,169, 149, '127 138 116 104 105 112 108 84 ' ,'0 0 0 0 0 0 0 0 ' ,59 ,1 ,1, 1
171 ,174, 147, '139 129 138 118 77 107 63 70 ' ,'0 0 0 0 0 0 0 0 ' ,68 ,0 ,1, 1
211 ,155, 198, '185 187 152 132 86 136 83 86 ' ,'0 0 0 0 0 0 0 0 ' ,107 ,2 ,1, 1
200 ,204, 170, '151 164 129 133 101 102 102 91 ' ,'0 0 0 0 0 0 0 0 ' ,61 ,1 ,1, 1
203 ,181, 188, '131 175 137 143 109 92 71 90 ' ,'0 0 0 0 0 0 0 0 ' ,90 ,2 ,2, 1
185 ,195, 172, '155 124 136 125 75 99 83 78 ' ,'0 0 0 0 0 0 0 0 ' ,84 ,1 ,1, 1
190 ,194, 167, '157 147 125 131 84 104 69 77 ' ,'0 0 0 0 0 0 0 0 ' ,93 ,2 ,1, 1
233 ,183, 202, '192 126 109 141 124 157 77 67 ' ,'0 0 0 0 0 0 0 0 ' ,103 ,1 ,1, 1
253 ,207, 202, '160 102 111 130 95 92 93 83 ' ,'0 0 0 0 0 0 0 0 ' ,106 ,1 ,2, 0
166 ,212, 148, '114 140 115 135 66 73 106 67 ' ,'0 0 0 0 0 0 0 0 ' ,75 ,1 ,1, 1
209 ,158, 189, '144 125 101 185 153 105 117 67 ' ,'0 0 0 0 0 0 0 0 ' ,87 ,1 ,1, 1
196 ,253, 183, '114 147 103 136 101 169 118 80 ' ,'0 0 0 0 0 0 0 0 ' ,88 ,0 ,1, 1
210 ,190, 171, '135 119 102 140 77 64 67 72 ' ,'0 0 0 0 0 0 0 0 ' ,93 ,0 ,1, 1
175 ,193, 153, '139 131 125 104 94 99 96 88 ' ,'0 0 0 0 0 0 0 0 ' ,54 ,1 ,1, 0
190 ,163, 158, '148 131 141 101 79 118 97 82 ' ,'0 0 0 0 0 0 0 0 ' ,90 ,2 ,1, 0
185 ,181, 169, '128 129 119 118 82 130 154 87 ' ,'0 0 0 0 0 0 0 0 ' ,82 ,2 ,1, 0
217 ,177, 170, '157 164 115 115 92 84 66 89 ' ,'0 0 0 0 0 0 0 0 ' ,76 ,0 ,1, 0
240 ,209, 224, '212 143 139 126 90 91 111 85 ' ,'0 0 0 0 0 0 0 0 ' ,131 ,2 ,2, 1
238 ,232, 217, '208 129 133 140 73 121 118 92 ' ,'0 0 0 0 0 0 0 0 ' ,144 ,1 ,1, 0
186 ,230, 171, '161 146 132 119 91 102 138 86 ' ,'0 0 0 0 0 0 0 0 ' ,68 ,1 ,1, 0
171 ,177, 154, '145 123 123 129 83 84 122 78 ' ,'0 0 0 0 0 0 0 0 ' ,70 ,2 ,1, 1
186 ,163, 159, '138 153 129 124 68 141 99 83 ' ,'0 0 0 0 0 0 0 0 ' ,86 ,2 ,1, 1
245 ,169, 222, '207 119 127 125 72 101 118 89 ' ,'0 0 0 0 0 0 0 0 ' ,144 ,1 ,1, 1
172 ,233, 158, '123 136 106 124 151 71 100 80 ' ,'0 0 0 0 0 0 0 0 ' ,78 ,1 ,1, 1
198 ,165, 174, '129 167 115 108 70 97 75 76 ' ,'0 0 0 0 0 0 0 0 ' ,93 ,1 ,1, 1
166 ,190, 149, '138 128 134 106 77 79 75 80 ' ,'0 0 0 0 0 0 0 0 ' ,67 ,1 ,0, 0
212 ,158, 164, '108 151 121 99 84 99 86 69 ' ,'0 0 0 0 0 0 0 0 ' ,87 ,0 ,1, 1
204 ,204, 187, '161 129 118 119 83 102 93 88 ' ,'0 0 0 0 0 0 0 0 ' ,76 ,1 ,17, 1
218 ,192, 177, '168 144 130 102 80 95 157 78 ' ,'0 0 0 0 0 0 0 0 ' ,111 ,1 ,1, 1
175 ,207, 159, '150 142 123 127 88 109 74 85 ' ,'0 0 0 0 0 0 0 0 ' ,80 ,1 ,1, 0
204 ,167, 188, '128 176 141 127 83 147 158 101 ' ,'0 0 0 0 0 0 0 0 ' ,100 ,1 ,1, 1
186 ,195, 171, '160 155 149 124 78 112 144 92 ' ,'0 0 0 0 0 0 0 0 ' ,87 ,1 ,1, 1
253 ,178, 238, '226 168 131 126 86 113 125 89 ' ,'0 0 0 0 0 0 0 0 ' ,143 ,1 ,2, 1
178 ,244, 166, '126 157 136 144 96 118 111 85 ' ,'0 0 0 0 0 0 0 0 ' ,74 ,0 ,2, 1
221 ,170, 201, '162 193 145 152 88 155 144 86 ' ,'0 0 0 0 0 0 0 0 ' ,112 ,1 ,2, 1
189 ,212, 170, '129 157 126 136 79 85 99 92 ' ,'0 0 0 0 0 0 0 0 ' ,85 ,1 ,1, 1
173 ,179, 156, '144 142 123 129 82 133 114 84 ' ,'0 0 0 0 0 0 0 0 ' ,69 ,1 ,1, 1
186 ,165, 153, '137 151 130 131 79 121 83 91 ' ,'0 0 0 0 0 0 0 0 ' ,73 ,1 ,1, 1
198 ,178, 186, '170 114 103 112 78 114 71 81 ' ,'0 0 0 0 0 0 0 0 ' ,81 ,1 ,1, 1
175 ,198, 159, '148 151 112 116 64 126 80 76 ' ,'0 0 0 0 0 0 0 0 ' ,89 ,1 ,1, 1
173 ,188, 148, '93 100 101 98 65 136 96 69 ' ,'0 0 0 0 0 0 0 0 ' ,78 ,1 ,0, 0
445 ,157, 427, '114 112 118 101 65 148 101 75 ' ,'0 0 0 0 0 0 0 0 ' ,356 ,1 ,2, 1
186 ,436, 169, '138 149 125 110 76 97 71 82 ' ,'0 0 0 0 0 0 0 0 ' ,89 ,1 ,0, 0
192 ,177, 147, '110 134 116 122 79 120 104 86 ' ,'0 0 0 0 0 0 0 0 ' ,71 ,1 ,1, 0
168 ,165, 148, '134 146 138 146 75 97 104 91 ' ,'0 0 0 0 0 0 0 0 ' ,59 ,1 ,1, 1
174 ,171, 159, '141 146 134 112 85 110 98 95 ' ,'0 0 0 0 0 0 0 0 ' ,66 ,1 ,1, 1
209 ,166, 194, '122 184 121 123 76 152 156 84 ' ,'0 0 0 0 0 0 0 0 ' ,114 ,2 ,1, 1
196 ,201, 184, '160 171 147 121 86 100 133 92 ' ,'0 0 0 0 0 0 0 0 ' ,84 ,1 ,2, 1
214 ,187, 186, '150 176 131 148 93 135 119 92 ' ,'0 0 0 0 0 0 0 0 ' ,88 ,1 ,1, 1
177 ,201, 158, '118 150 126 113 77 136 91 81 ' ,'0 0 0 0 0 0 0 0 ' ,77 ,1 ,1, 1
201 ,179, 186, '150 130 96 108 75 115 120 80 ' ,'0 0 0 0 0 0 0 0 ' ,105 ,0 ,2, 1
182 ,192, 167, '160 130 100 136 67 110 91 77 ' ,'0 0 0 0 0 0 0 0 ' ,95 ,1 ,1, 1
149 ,175, 133, '125 124 121 119 67 73 111 72 ' ,'0 0 0 0 0 0 0 0 ' ,59 ,1 ,0, 0
167 ,140, 152, '142 140 102 126 63 127 83 82 ' ,'0 0 0 0 0 0 0 0 ' ,84 ,2 ,1, 1
178 ,158, 164, '152 127 106 115 59 77 106 72 ' ,'0 0 0 0 0 0 0 0 ' ,97 ,1 ,1, 1
175 ,184, 157, '138 147 113 122 75 90 94 79 ' ,'0 0 0 0 0 0 0 0 ' ,78 ,1 ,1, 0
168 ,166, 142, '132 125 108 76 61 99 101 95 ' ,'0 0 0 0 0 0 0 0 ' ,76 ,2 ,1, 0
130 ,162, 115, '107 106 92 105 76 79 84 74 ' ,'0 0 0 0 0 0 0 0 ' ,36 ,1 ,0, 0
185 ,123, 171, '101 121 104 104 166 114 102 64 ' ,'0 0 0 0 0 0 0 0 ' ,101 ,1 ,1, 1
154 ,177, 140, '112 113 130 131 69 80 98 60 ' ,'0 0 0 0 0 0 0 0 ' ,67 ,1 ,0, 0
177 ,146, 157, '103 144 106 98 77 116 62 75 ' ,'0 0 0 0 0 0 0 0 ' ,72 ,1 ,1, 1
157 ,170, 140, '122 114 116 113 79 79 86 72 ' ,'0 0 0 0 0 0 0 0 ' ,55 ,1 ,1, 0
176 ,150, 145, '138 127 100 90 80 98 78 70 ' ,'0 0 0 0 0 0 0 0 ' ,82 ,1 ,1, 1
209 ,164, 194, '138 165 111 111 89 93 83 79 ' ,'0 0 0 0 0 0 0 0 ' ,100 ,1 ,1, 1
190 ,202, 173, '155 162 128 141 77 94 79 87 ' ,'0 0 0 0 0 0 0 0 ' ,79 ,1 ,1, 1
185 ,183, 166, '153 153 123 121 81 89 72 79 ' ,'0 0 0 0 0 0 0 0 ' ,81 ,1 ,2, 1
182 ,178, 161, '148 120 117 114 70 119 82 100 ' ,'0 0 0 0 0 0 0 0 ' ,82 ,1 ,1, 1
208 ,174, 183, '128 119 111 107 89 86 141 105 ' ,'0 0 0 0 0 0 0 0 ' ,89 ,1 ,1, 1
167 ,203, 151, '136 123 118 117 77 71 120 80 ' ,'0 0 0 0 0 0 0 0 ' ,72 ,1 ,1, 1
157 ,162, 142, '120 132 122 99 85 99 82 79 ' ,'0 0 0 0 0 0 0 0 ' ,57 ,1 ,0, 0
198 ,150, 174, '161 120 100 97 77 80 94 82 ' ,'0 0 0 0 0 0 0 0 ' ,87 ,2 ,1, 1
180 ,191, 166, '153 139 100 117 82 101 73 87 ' ,'0 0 0 0 0 0 0 0 ' ,84 ,1 ,1, 1
232 ,175, 210, '196 112 115 107 71 149 111 83 ' ,'0 0 0 0 0 0 0 0 ' ,139 ,1 ,1, 0
185 ,225, 167, '122 158 113 96 62 93 88 65 ' ,'0 0 0 0 0 0 0 0 ' ,93 ,1 ,1, 1
162 ,174, 148, '131 109 97 97 65 81 100 75 ' ,'0 0 0 0 0 0 0 0 ' ,66 ,1 ,1, 1
269 ,153, 255, '126 134 236 104 67 124 106 74 ' ,'0 0 111678 0 0 0 0 0 ' ,174 ,1 ,1, 1
210 ,260, 185, '163 173 125 98 86 132 112 72 ' ,'0 0 0 0 0 0 0 0 ' ,108 ,2 ,1, 1
197 ,195, 178, '167 164 142 126 87 77 60 86 ' ,'0 0 0 0 0 0 0 0 ' ,108 ,2 ,1, 1
208 ,189, 183, '173 123 105 144 92 85 146 85 ' ,'0 0 0 0 0 0 0 0 ' ,100 ,1 ,0, 0
174 ,199, 153, '136 142 125 135 88 118 79 99 ' ,'0 0 0 0 0 0 0 0 ' ,65 ,0 ,0, 0
231 ,166, 210, '164 155 138 160 199 79 84 78 ' ,'0 0 0 0 0 0 0 0 ' ,105 ,1 ,1, 1
228 ,223, 181, '168 139 130 130 87 88 135 91 ' ,'0 0 0 0 0 0 0 0 ' ,86 ,1 ,1, 1
201 ,219, 181, '125 171 128 145 88 83 113 71 ' ,'0 0 0 0 0 0 0 0 ' ,100 ,1 ,0, 0
208 ,194, 182, '145 153 114 118 71 173 75 87 ' ,'0 0 0 0 0 0 0 0 ' ,102 ,1 ,1, 1
305 ,200, 282, '216 140 95 129 116 108 107 86 ' ,'0 0 0 0 0 0 186772 0 ' ,189 ,1 ,1, 0
300 ,291, 285, '273 109 123 101 89 95 121 86 ' ,'127334 0 0 0 0 0 0 0 ' ,190 ,1 ,1, 0
170 ,300, 156, '146 142 122 101 67 80 81 85 ' ,'0 0 0 0 0 0 0 0 ' ,84 ,1 ,0, 0
167 ,163, 151, '138 104 119 105 85 92 66 77 ' ,'0 0 0 0 0 0 0 0 ' ,70 ,1 ,1, 1
177 ,158, 158, '104 125 118 111 81 147 113 91 ' ,'0 0 0 0 0 0 0 0 ' ,70 ,1 ,1, 1
174 ,170, 162, '123 117 122 150 60 106 77 70 ' ,'0 0 0 0 0 0 0 0 ' ,74 ,1 ,0, 0
164 ,167, 145, '123 122 99 133 83 76 70 80 ' ,'0 0 0 0 0 0 0 0 ' ,68 ,1 ,1, 1
182 ,155, 167, '110 155 155 102 76 131 66 74 ' ,'0 0 0 0 0 0 0 0 ' ,86 ,1 ,1, 1
161 ,183, 146, '118 131 115 128 82 132 64 74 ' ,'0 0 0 0 0 0 0 0 ' ,64 ,1 ,0, 0
179 ,152, 164, '150 134 139 128 75 87 109 83 ' ,'0 0 0 0 0 0 0 0 ' ,65 ,2 ,1, 0
228 ,170, 208, '155 195 122 116 90 91 67 97 ' ,'0 0 0 0 0 0 0 0 ' ,114 ,1 ,1, 1
295 ,220, 278, '175 170 136 131 94 94 116 90 ' ,'0 0 0 0 0 0 0 0 ' ,178 ,1 ,1, 1
205 ,290, 191, '123 153 181 128 81 110 71 134 ' ,'0 0 0 0 0 0 0 0 ' ,110 ,1 ,1, 1
191 ,198, 172, '165 165 142 134 93 130 94 75 ' ,'0 0 0 0 0 0 0 0 ' ,94 ,1 ,1, 1
235 ,183, 206, '138 191 129 145 102 87 98 85 ' ,'0 0 0 0 0 0 0 0 ' ,110 ,2 ,1, 1
191 ,228, 171, '159 166 130 127 106 87 91 100 ' ,'0 0 0 0 0 0 0 0 ' ,68 ,2 ,0, 0
199 ,183, 167, '161 172 126 98 84 108 128 97 ' ,'0 0 0 0 0 0 0 0 ' ,85 ,2 ,1, 1
271 ,191, 237, '131 225 127 135 99 117 102 108 ' ,'0 0 0 0 0 0 0 0 ' ,123 ,2 ,1, 1
231 ,247, 194, '182 139 128 132 89 92 95 72 ' ,'0 0 0 0 0 0 0 0 ' ,114 ,1 ,1, 1
189 ,203, 166, '154 133 121 113 90 76 104 73 ' ,'0 0 0 0 0 0 0 0 ' ,82 ,2 ,2, 1
188 ,177, 162, '150 113 140 136 98 61 90 87 ' ,'0 0 0 0 0 0 0 0 ' ,68 ,1 ,1, 1
145 ,167, 132, '121 97 115 112 84 80 78 67 ' ,'0 0 0 0 0 0 0 0 ' ,54 ,1 ,1, 1
169 ,136, 153, '141 135 132 107 75 100 126 86 ' ,'0 0 0 0 0 0 0 0 ' ,70 ,2 ,1, 1
147 ,162, 129, '89 116 120 113 68 83 90 64 ' ,'0 0 0 0 0 0 0 0 ' ,57 ,1 ,1, 1
