278 ,0, 128, '70 77 70 75 ' ,'0 0 0 0 ' ,15 ,2 ,17, 17
602 ,204, 580, '559 527 530 545 ' ,'0 0 0 0 ' ,43 ,1 ,5, 5
625 ,590, 549, '522 508 511 519 ' ,'0 0 0 0 ' ,23 ,1 ,3, 3
604 ,554, 582, '561 560 567 567 ' ,'0 0 0 0 ' ,15 ,1 ,3, 3
655 ,599, 638, '528 567 582 624 ' ,'0 0 0 0 ' ,92 ,1 ,3, 3
640 ,690, 619, '574 579 571 597 ' ,'0 0 0 0 ' ,35 ,2 ,3, 3
627 ,633, 614, '592 570 590 585 ' ,'0 0 0 0 ' ,31 ,2 ,4, 4
633 ,622, 619, '582 551 572 602 ' ,'0 0 0 0 ' ,55 ,2 ,4, 3
597 ,630, 582, '549 551 559 560 ' ,'0 0 0 0 ' ,16 ,3 ,6, 5
605 ,591, 581, '531 501 548 552 ' ,'0 0 0 0 ' ,58 ,1 ,4, 3
579 ,585, 560, '498 513 516 539 ' ,'0 0 0 0 ' ,46 ,2 ,4, 4
520 ,569, 504, '470 479 484 469 ' ,'0 0 0 0 ' ,23 ,3 ,5, 4
583 ,509, 557, '506 513 538 530 ' ,'0 0 0 0 ' ,40 ,2 ,4, 4
571 ,572, 547, '527 526 485 536 ' ,'0 0 0 0 ' ,51 ,1 ,2, 2
616 ,554, 603, '556 565 542 587 ' ,'0 0 0 0 ' ,48 ,3 ,4, 4
660 ,609, 618, '572 584 589 598 ' ,'0 0 0 0 ' ,54 ,3 ,4, 3
619 ,654, 606, '566 572 577 590 ' ,'0 0 0 0 ' ,23 ,2 ,4, 4
632 ,611, 618, '601 589 542 580 ' ,'0 0 0 0 ' ,64 ,1 ,6, 6
640 ,624, 626, '528 549 607 591 ' ,'0 0 0 0 ' ,86 ,2 ,6, 6
688 ,632, 672, '658 593 569 632 ' ,'0 0 0 0 ' ,91 ,1 ,5, 5
628 ,678, 615, '602 582 593 599 ' ,'0 0 0 0 ' ,24 ,1 ,4, 4
655 ,618, 640, '626 589 564 605 ' ,'0 0 0 0 ' ,59 ,1 ,6, 6
635 ,646, 592, '577 547 556 572 ' ,'0 0 0 0 ' ,32 ,1 ,6, 5
621 ,596, 608, '595 583 556 572 ' ,'0 0 0 0 ' ,41 ,1 ,4, 4
577 ,613, 565, '555 549 541 535 ' ,'0 0 0 0 ' ,24 ,1 ,3, 3
604 ,571, 587, '511 546 533 575 ' ,'0 0 0 0 ' ,55 ,1 ,5, 5
587 ,591, 572, '526 539 551 559 ' ,'0 0 0 0 ' ,34 ,1 ,5, 5
557 ,578, 540, '509 511 490 527 ' ,'0 0 0 0 ' ,39 ,1 ,5, 5
589 ,546, 564, '535 506 526 499 ' ,'0 0 0 0 ' ,58 ,19 ,3, 3
552 ,571, 533, '515 522 511 511 ' ,'0 0 0 0 ' ,13 ,1 ,3, 3
560 ,544, 546, '517 527 533 521 ' ,'0 0 0 0 ' ,20 ,1 ,5, 4
553 ,551, 536, '488 459 516 526 ' ,'0 0 0 0 ' ,65 ,1 ,3, 2
582 ,544, 567, '535 554 509 541 ' ,'0 0 0 0 ' ,45 ,1 ,5, 5
620 ,572, 605, '568 576 589 595 ' ,'0 0 0 0 ' ,29 ,2 ,3, 3
657 ,614, 642, '610 601 629 609 ' ,'0 0 0 0 ' ,22 ,1 ,6, 6
655 ,648, 641, '619 588 609 627 ' ,'0 0 0 0 ' ,41 ,1 ,6, 5
688 ,646, 675, '610 630 656 662 ' ,'0 0 0 0 ' ,52 ,1 ,6, 6
671 ,680, 656, '585 628 633 643 ' ,'0 0 0 0 ' ,62 ,2 ,6, 6
645 ,663, 632, '584 606 617 578 ' ,'0 0 0 0 ' ,41 ,2 ,7, 6
615 ,637, 602, '549 555 574 593 ' ,'0 0 0 0 ' ,43 ,1 ,3, 3
570 ,609, 557, '543 523 539 536 ' ,'0 0 0 0 ' ,23 ,1 ,5, 5
653 ,561, 640, '549 547 624 605 ' ,'0 0 0 0 ' ,77 ,2 ,6, 5
603 ,644, 589, '571 564 572 541 ' ,'0 0 0 0 ' ,35 ,2 ,6, 6
696 ,594, 679, '584 553 664 585 ' ,'0 0 0 0 ' ,112 ,1 ,6, 5
618 ,685, 599, '572 540 560 588 ' ,'0 0 0 0 ' ,52 ,0 ,5, 5
654 ,609, 618, '603 540 555 530 ' ,'0 0 0 0 ' ,78 ,1 ,5, 5
580 ,624, 566, '551 541 512 545 ' ,'0 0 0 0 ' ,37 ,1 ,5, 5
563 ,572, 550, '507 516 530 538 ' ,'0 0 0 0 ' ,33 ,2 ,4, 4
555 ,555, 540, '522 508 529 530 ' ,'0 0 0 0 ' ,24 ,1 ,3, 3
599 ,548, 583, '525 531 515 571 ' ,'0 0 0 0 ' ,57 ,2 ,5, 4
595 ,590, 582, '531 536 515 568 ' ,'0 0 0 0 ' ,55 ,2 ,5, 5
606 ,587, 587, '570 533 564 572 ' ,'0 0 0 0 ' ,42 ,1 ,5, 5
647 ,591, 633, '586 594 618 609 ' ,'0 0 0 0 ' ,34 ,1 ,5, 5
662 ,638, 648, '611 599 634 628 ' ,'0 0 0 0 ' ,35 ,2 ,4, 4
620 ,655, 599, '558 570 583 586 ' ,'0 0 0 0 ' ,30 ,2 ,5, 4
734 ,607, 720, '704 615 595 574 ' ,'0 0 0 0 ' ,136 ,2 ,5, 5
665 ,727, 651, '587 603 637 610 ' ,'0 0 0 0 ' ,54 ,2 ,4, 4
650 ,658, 637, '621 617 601 621 ' ,'0 0 0 0 ' ,24 ,2 ,5, 5
691 ,644, 671, '580 601 656 595 ' ,'0 0 0 0 ' ,80 ,2 ,3, 3
654 ,678, 641, '594 625 612 606 ' ,'0 0 0 0 ' ,33 ,1 ,6, 6
656 ,645, 640, '615 611 624 598 ' ,'0 0 0 0 ' ,31 ,1 ,5, 5
623 ,648, 609, '593 587 594 584 ' ,'0 0 0 0 ' ,14 ,1 ,6, 5
591 ,621, 575, '560 534 556 556 ' ,'0 0 0 0 ' ,27 ,1 ,5, 5
600 ,582, 587, '527 547 575 554 ' ,'0 0 0 0 ' ,49 ,1 ,3, 3
568 ,595, 552, '502 538 518 517 ' ,'0 0 0 0 ' ,38 ,1 ,5, 5
562 ,556, 549, '527 510 534 518 ' ,'0 0 0 0 ' ,27 ,1 ,5, 5
575 ,554, 561, '541 529 521 548 ' ,'0 0 0 0 ' ,28 ,1 ,5, 5
574 ,566, 560, '520 530 545 548 ' ,'0 0 0 0 ' ,29 ,0 ,4, 4
596 ,565, 581, '558 544 567 528 ' ,'0 0 0 0 ' ,43 ,1 ,4, 4
573 ,586, 555, '525 533 540 519 ' ,'0 0 0 0 ' ,24 ,1 ,5, 4
602 ,559, 587, '524 573 555 565 ' ,'0 0 0 0 ' ,51 ,1 ,5, 5
640 ,594, 626, '575 610 605 596 ' ,'0 0 0 0 ' ,38 ,1 ,6, 5
662 ,631, 647, '627 634 599 605 ' ,'0 0 0 0 ' ,37 ,1 ,3, 3
654 ,656, 639, '622 609 619 622 ' ,'0 0 0 0 ' ,18 ,2 ,5, 4
653 ,646, 638, '570 593 567 625 ' ,'0 0 0 0 ' ,58 ,2 ,4, 4
598 ,646, 585, '529 524 566 573 ' ,'0 0 0 0 ' ,51 ,2 ,4, 4
621 ,591, 608, '559 538 552 595 ' ,'0 0 0 0 ' ,55 ,2 ,4, 3
600 ,614, 585, '546 533 518 572 ' ,'0 0 0 0 ' ,55 ,1 ,5, 5
593 ,590, 579, '546 510 560 565 ' ,'0 0 0 0 ' ,58 ,2 ,4, 4
604 ,584, 588, '533 522 545 572 ' ,'0 0 0 0 ' ,54 ,2 ,5, 5
628 ,601, 577, '539 553 529 567 ' ,'0 0 0 0 ' ,37 ,1 ,4, 3
570 ,613, 557, '510 518 546 499 ' ,'0 0 0 0 ' ,48 ,2 ,3, 3
584 ,564, 563, '547 532 530 533 ' ,'0 0 0 0 ' ,19 ,1 ,5, 5
601 ,568, 585, '527 549 569 569 ' ,'0 0 0 0 ' ,48 ,2 ,5, 4
579 ,594, 566, '513 549 514 542 ' ,'0 0 0 0 ' ,39 ,2 ,5, 5
633 ,570, 601, '570 542 565 586 ' ,'0 0 0 0 ' ,46 ,1 ,6, 5
621 ,612, 603, '581 591 575 590 ' ,'0 0 0 0 ' ,16 ,1 ,3, 3
654 ,613, 629, '593 610 595 610 ' ,'0 0 0 0 ' ,24 ,2 ,7, 6
704 ,642, 690, '645 617 671 618 ' ,'0 0 0 0 ' ,55 ,2 ,6, 6
726 ,698, 699, '568 586 626 683 ' ,'0 0 0 0 ' ,120 ,1 ,6, 6
657 ,744, 628, '610 565 608 598 ' ,'0 0 0 0 ' ,50 ,1 ,6, 5
617 ,634, 604, '554 557 515 590 ' ,'0 0 0 0 ' ,75 ,1 ,6, 5
578 ,609, 563, '544 521 547 530 ' ,'0 0 0 0 ' ,30 ,2 ,4, 4
589 ,568, 576, '529 556 506 559 ' ,'0 0 0 0 ' ,56 ,1 ,5, 5
587 ,581, 574, '519 502 452 560 ' ,'0 0 0 0 ' ,109 ,2 ,4, 4
548 ,580, 531, '515 513 483 491 ' ,'0 0 0 0 ' ,34 ,1 ,5, 4
575 ,539, 559, '508 523 505 549 ' ,'0 0 0 0 ' ,43 ,1 ,2, 2
580 ,567, 562, '543 504 538 538 ' ,'0 0 0 0 ' ,47 ,1 ,5, 5
576 ,568, 562, '545 529 543 515 ' ,'0 0 0 0 ' ,33 ,1 ,6, 5
604 ,566, 588, '509 520 508 574 ' ,'0 0 0 0 ' ,67 ,1 ,5, 5
602 ,599, 588, '559 539 570 547 ' ,'0 0 0 0 ' ,34 ,2 ,5, 5
653 ,592, 640, '591 570 560 625 ' ,'0 0 0 0 ' ,60 ,1 ,6, 5
658 ,644, 645, '622 612 557 630 ' ,'0 0 0 0 ' ,74 ,2 ,5, 5
674 ,651, 659, '626 637 640 630 ' ,'0 0 0 0 ' ,18 ,1 ,7, 6
695 ,664, 679, '604 633 607 663 ' ,'0 0 0 0 ' ,63 ,2 ,6, 6
684 ,684, 669, '605 635 651 639 ' ,'0 0 0 0 ' ,50 ,1 ,7, 6
690 ,675, 677, '650 647 613 653 ' ,'0 0 0 0 ' ,50 ,1 ,6, 5
670 ,682, 657, '639 599 596 619 ' ,'0 0 0 0 ' ,45 ,2 ,7, 6
695 ,661, 682, '631 613 625 665 ' ,'0 0 0 0 ' ,55 ,2 ,6, 6
646 ,687, 631, '561 543 587 613 ' ,'0 0 0 0 ' ,74 ,1 ,6, 6
635 ,636, 620, '553 582 588 605 ' ,'0 0 0 0 ' ,55 ,2 ,4, 4
613 ,628, 596, '579 550 545 583 ' ,'0 0 0 0 ' ,36 ,1 ,5, 4
592 ,602, 573, '557 538 509 554 ' ,'0 0 0 0 ' ,51 ,2 ,3, 3
579 ,583, 566, '532 523 538 551 ' ,'0 0 0 0 ' ,29 ,2 ,4, 4
596 ,570, 582, '564 504 542 556 ' ,'0 0 0 0 ' ,66 ,2 ,4, 4
571 ,591, 558, '536 490 537 544 ' ,'0 0 0 0 ' ,57 ,1 ,3, 2
567 ,565, 555, '509 512 535 525 ' ,'0 0 0 0 ' ,33 ,2 ,5, 5
596 ,559, 576, '538 558 540 534 ' ,'0 0 0 0 ' ,30 ,2 ,5, 4
595 ,581, 577, '545 523 537 561 ' ,'0 0 0 0 ' ,41 ,2 ,5, 4
603 ,584, 570, '517 514 532 557 ' ,'0 0 0 0 ' ,42 ,1 ,3, 3
592 ,586, 576, '547 542 556 523 ' ,'0 0 0 0 ' ,38 ,2 ,5, 5
612 ,595, 598, '509 528 570 581 ' ,'0 0 0 0 ' ,76 ,2 ,5, 5
647 ,603, 626, '572 564 561 614 ' ,'0 0 0 0 ' ,52 ,1 ,3, 3
671 ,640, 650, '595 600 612 630 ' ,'0 0 0 0 ' ,39 ,2 ,6, 6
695 ,665, 680, '653 613 614 663 ' ,'0 0 0 0 ' ,51 ,2 ,6, 6
704 ,686, 691, '658 615 593 675 ' ,'0 0 0 0 ' ,83 ,2 ,5, 4
645 ,697, 631, '597 562 606 614 ' ,'0 0 0 0 ' ,57 ,2 ,5, 5
613 ,636, 596, '573 542 573 549 ' ,'0 0 0 0 ' ,39 ,1 ,6, 5
657 ,601, 641, '609 547 595 625 ' ,'0 0 0 0 ' ,79 ,2 ,6, 5
667 ,646, 648, '545 543 571 634 ' ,'0 0 0 0 ' ,90 ,1 ,5, 5
596 ,657, 582, '563 557 527 538 ' ,'0 0 0 0 ' ,42 ,2 ,3, 2
596 ,589, 583, '559 529 555 537 ' ,'0 0 0 0 ' ,39 ,2 ,5, 5
579 ,590, 566, '544 522 538 551 ' ,'0 0 0 0 ' ,31 ,2 ,4, 4
587 ,570, 574, '530 533 532 559 ' ,'0 0 0 0 ' ,19 ,2 ,5, 5
612 ,578, 595, '554 528 536 577 ' ,'0 0 0 0 ' ,48 ,2 ,5, 5
598 ,601, 585, '567 553 555 546 ' ,'0 0 0 0 ' ,27 ,2 ,4, 4
651 ,590, 618, '601 579 579 564 ' ,'0 0 0 0 ' ,37 ,2 ,7, 6
653 ,629, 639, '615 598 602 621 ' ,'0 0 0 0 ' ,25 ,2 ,6, 6
678 ,644, 661, '627 620 605 619 ' ,'0 0 0 0 ' ,40 ,2 ,6, 5
715 ,669, 692, '630 611 594 677 ' ,'0 0 0 0 ' ,80 ,2 ,5, 5
687 ,699, 671, '649 608 625 611 ' ,'0 0 0 0 ' ,50 ,2 ,4, 4
671 ,678, 657, '637 594 610 616 ' ,'0 0 0 0 ' ,49 ,2 ,4, 3
661 ,663, 641, '618 603 591 624 ' ,'0 0 0 0 ' ,36 ,2 ,4, 4
637 ,653, 624, '601 562 583 585 ' ,'0 0 0 0 ' ,43 ,2 ,4, 4
624 ,629, 611, '566 514 556 592 ' ,'0 0 0 0 ' ,83 ,3 ,5, 5
627 ,617, 588, '574 572 556 549 ' ,'0 0 0 0 ' ,26 ,4 ,3, 3
584 ,601, 569, '519 534 548 537 ' ,'0 0 0 0 ' ,37 ,3 ,4, 4
617 ,575, 603, '553 553 504 576 ' ,'0 0 0 0 ' ,78 ,2 ,11, 11
607 ,609, 594, '573 542 553 566 ' ,'0 0 0 0 ' ,37 ,2 ,5, 4
639 ,619, 626, '536 569 535 607 ' ,'0 0 0 0 ' ,75 ,2 ,6, 5
627 ,630, 612, '571 530 591 551 ' ,'0 0 0 0 ' ,66 ,2 ,6, 6
641 ,616, 627, '607 607 583 600 ' ,'0 0 0 0 ' ,29 ,2 ,4, 4
662 ,634, 645, '581 625 613 585 ' ,'0 0 0 0 ' ,47 ,3 ,6, 5
870 ,650, 853, '835 652 610 636 ' ,'219934 0 0 0 ' ,229 ,2 ,3, 3
713 ,864, 700, '638 620 663 681 ' ,'0 0 0 0 ' ,63 ,2 ,7, 6
665 ,705, 648, '610 596 604 632 ' ,'0 0 0 0 ' ,36 ,2 ,6, 6
626 ,652, 612, '561 587 586 589 ' ,'0 0 0 0 ' ,35 ,2 ,4, 4
594 ,616, 579, '543 543 559 550 ' ,'0 0 0 0 ' ,21 ,2 ,3, 2
572 ,585, 559, '541 525 530 546 ' ,'0 0 0 0 ' ,18 ,2 ,5, 4
620 ,563, 608, '574 545 583 584 ' ,'0 0 0 0 ' ,47 ,4 ,5, 5
608 ,612, 591, '565 564 572 574 ' ,'0 0 0 0 ' ,11 ,1 ,5, 5
607 ,600, 594, '573 559 509 563 ' ,'0 0 0 0 ' ,67 ,2 ,6, 5
780 ,599, 766, '553 539 566 552 ' ,'0 0 0 0 ' ,212 ,2 ,5, 5
643 ,771, 629, '596 552 611 540 ' ,'0 0 0 0 ' ,73 ,2 ,4, 3
677 ,635, 661, '572 595 641 588 ' ,'0 0 0 0 ' ,73 ,3 ,6, 5
691 ,669, 675, '653 592 607 625 ' ,'0 0 0 0 ' ,68 ,2 ,6, 6
698 ,683, 681, '639 583 653 611 ' ,'0 0 0 0 ' ,74 ,2 ,8, 7
675 ,687, 658, '599 585 614 641 ' ,'0 0 0 0 ' ,56 ,2 ,6, 5
715 ,664, 702, '631 594 685 626 ' ,'0 0 0 0 ' ,97 ,1 ,3, 3
903 ,708, 882, '613 858 642 648 ' ,'0 246646 0 0 ' ,245 ,3 ,6, 6
634 ,887, 619, '579 563 573 598 ' ,'0 0 0 0 ' ,41 ,3 ,6, 5
727 ,626, 713, '566 534 556 601 ' ,'0 0 0 0 ' ,165 ,1 ,5, 5
553 ,718, 540, '515 505 521 526 ' ,'0 0 0 0 ' ,21 ,1 ,4, 4
565 ,544, 552, '497 518 537 526 ' ,'0 0 0 0 ' ,35 ,1 ,4, 3
656 ,558, 641, '541 542 557 623 ' ,'0 0 0 0 ' ,84 ,2 ,5, 4
603 ,648, 587, '558 570 551 557 ' ,'0 0 0 0 ' ,20 ,2 ,5, 5
849 ,593, 833, '568 577 590 579 ' ,'0 0 0 0 ' ,236 ,1 ,3, 3
642 ,839, 629, '606 584 603 579 ' ,'0 0 0 0 ' ,36 ,1 ,6, 6
666 ,633, 648, '600 581 631 603 ' ,'0 0 0 0 ' ,56 ,2 ,5, 5
693 ,689, 681, '620 591 616 666 ' ,'0 0 0 0 ' ,75 ,2 ,6, 5
689 ,685, 675, '607 637 616 658 ' ,'0 0 0 0 ' ,51 ,1 ,7, 6
676 ,679, 663, '611 617 629 647 ' ,'0 0 0 0 ' ,35 ,2 ,6, 5
688 ,668, 673, '604 626 650 660 ' ,'0 0 0 0 ' ,54 ,1 ,3, 3
743 ,681, 728, '668 640 610 713 ' ,'0 0 0 0 ' ,103 ,1 ,6, 6
653 ,734, 637, '513 568 545 619 ' ,'0 0 0 0 ' ,109 ,2 ,5, 5
615 ,645, 600, '547 538 563 584 ' ,'0 0 0 0 ' ,49 ,2 ,4, 4
627 ,607, 610, '525 506 527 590 ' ,'0 0 0 0 ' ,87 ,1 ,6, 5
618 ,614, 605, '475 549 587 561 ' ,'0 0 0 0 ' ,117 ,1 ,3, 3
602 ,612, 587, '530 533 565 550 ' ,'0 0 0 0 ' ,42 ,2 ,5, 5
586 ,593, 573, '470 537 552 550 ' ,'0 0 0 0 ' ,86 ,1 ,5, 5
611 ,578, 598, '536 535 559 581 ' ,'0 0 0 0 ' ,46 ,1 ,5, 5
617 ,602, 604, '573 541 584 581 ' ,'0 0 0 0 ' ,49 ,1 ,5, 5
591 ,609, 577, '518 537 557 526 ' ,'0 0 0 0 ' ,41 ,1 ,5, 5
640 ,581, 625, '604 553 565 587 ' ,'0 0 0 0 ' ,56 ,2 ,5, 4
716 ,631, 703, '577 590 610 685 ' ,'0 0 0 0 ' ,111 ,1 ,5, 5
664 ,709, 648, '622 611 598 598 ' ,'0 0 0 0 ' ,28 ,1 ,14, 14
876 ,655, 839, '655 649 630 802 ' ,'0 0 0 0 ' ,173 ,1 ,6, 5
753 ,860, 693, '583 585 638 677 ' ,'0 0 0 0 ' ,89 ,2 ,3, 3
659 ,697, 629, '539 601 546 587 ' ,'0 0 0 0 ' ,75 ,1 ,3, 3
661 ,637, 646, '563 600 555 629 ' ,'0 0 0 0 ' ,73 ,1 ,4, 4
592 ,651, 580, '545 539 561 569 ' ,'0 0 0 0 ' ,28 ,2 ,3, 3
592 ,587, 576, '496 527 478 555 ' ,'0 0 0 0 ' ,86 ,1 ,3, 3
679 ,582, 631, '468 530 508 614 ' ,'0 0 0 0 ' ,157 ,2 ,5, 4
587 ,648, 574, '521 540 557 548 ' ,'0 0 0 0 ' ,38 ,1 ,5, 5
587 ,579, 572, '492 518 496 558 ' ,'0 0 0 0 ' ,68 ,2 ,3, 3
613 ,582, 600, '551 535 581 548 ' ,'0 0 0 0 ' ,49 ,2 ,5, 5
624 ,605, 610, '577 581 580 593 ' ,'0 0 0 0 ' ,16 ,1 ,5, 5
641 ,614, 626, '590 597 603 592 ' ,'0 0 0 0 ' ,19 ,2 ,5, 5
691 ,635, 668, '574 573 577 638 ' ,'0 0 0 0 ' ,79 ,2 ,6, 6
670 ,672, 658, '616 587 613 645 ' ,'0 0 0 0 ' ,57 ,1 ,3, 3
726 ,664, 709, '641 617 663 690 ' ,'0 0 0 0 ' ,74 ,2 ,6, 6
691 ,714, 678, '643 655 626 658 ' ,'0 0 0 0 ' ,34 ,2 ,7, 7
677 ,682, 664, '592 582 622 644 ' ,'0 0 0 0 ' ,65 ,2 ,6, 6
693 ,668, 637, '587 605 601 618 ' ,'0 0 0 0 ' ,32 ,2 ,6, 6
613 ,642, 599, '577 573 570 552 ' ,'0 0 0 0 ' ,33 ,1 ,4, 4
596 ,603, 583, '540 553 552 565 ' ,'0 0 0 0 ' ,28 ,2 ,4, 3
601 ,589, 588, '510 523 563 564 ' ,'0 0 0 0 ' ,59 ,2 ,6, 5
563 ,593, 546, '525 525 485 516 ' ,'0 0 0 0 ' ,45 ,2 ,2, 2
675 ,557, 658, '636 523 563 529 ' ,'0 0 0 0 ' ,120 ,1 ,4, 4
701 ,664, 688, '560 526 664 560 ' ,'0 0 0 0 ' ,145 ,2 ,6, 5
655 ,693, 640, '569 550 599 623 ' ,'0 0 0 0 ' ,73 ,2 ,5, 5
650 ,646, 626, '600 599 598 604 ' ,'0 0 0 0 ' ,10 ,2 ,4, 4
654 ,637, 641, '568 601 596 625 ' ,'0 0 0 0 ' ,55 ,1 ,7, 6
708 ,645, 696, '635 673 662 647 ' ,'0 0 0 0 ' ,43 ,2 ,6, 6
703 ,701, 690, '653 612 669 669 ' ,'0 0 0 0 ' ,61 ,1 ,6, 6
714 ,694, 699, '650 646 677 636 ' ,'0 0 0 0 ' ,47 ,2 ,6, 5
724 ,705, 709, '686 669 624 651 ' ,'0 0 0 0 ' ,67 ,1 ,7, 6
709 ,716, 696, '616 634 670 636 ' ,'0 0 0 0 ' ,59 ,1 ,6, 6
705 ,701, 693, '648 621 667 641 ' ,'0 0 0 0 ' ,51 ,2 ,6, 5
690 ,697, 676, '566 482 633 659 ' ,'0 0 0 0 ' ,177 ,2 ,6, 6
607 ,680, 592, '570 550 555 565 ' ,'0 0 0 0 ' ,22 ,2 ,6, 5
576 ,600, 562, '544 513 515 525 ' ,'0 0 0 0 ' ,32 ,1 ,5, 5
593 ,566, 579, '520 533 557 535 ' ,'0 0 0 0 ' ,42 ,1 ,6, 6
571 ,583, 559, '529 516 536 530 ' ,'0 0 0 0 ' ,28 ,2 ,4, 4
610 ,563, 597, '556 550 568 580 ' ,'0 0 0 0 ' ,30 ,1 ,4, 4
619 ,603, 604, '554 583 550 554 ' ,'0 0 0 0 ' ,36 ,2 ,4, 4
647 ,611, 634, '608 606 612 577 ' ,'0 0 0 0 ' ,43 ,2 ,5, 5
680 ,639, 664, '578 577 610 641 ' ,'0 0 0 0 ' ,69 ,3 ,5, 5
694 ,668, 680, '633 622 645 662 ' ,'0 0 0 0 ' ,40 ,3 ,6, 6
710 ,685, 696, '665 591 664 678 ' ,'0 0 0 0 ' ,87 ,2 ,7, 6
678 ,701, 658, '619 576 637 588 ' ,'0 0 0 0 ' ,65 ,2 ,5, 5
661 ,663, 649, '625 619 595 619 ' ,'0 0 0 0 ' ,32 ,2 ,6, 6
602 ,652, 589, '551 547 564 547 ' ,'0 0 0 0 ' ,26 ,2 ,6, 6
624 ,593, 600, '576 536 576 555 ' ,'0 0 0 0 ' ,48 ,2 ,5, 4
620 ,608, 606, '577 540 583 588 ' ,'0 0 0 0 ' ,48 ,1 ,5, 5
562 ,611, 550, '516 512 529 517 ' ,'0 0 0 0 ' ,19 ,2 ,5, 5
609 ,554, 595, '571 512 534 533 ' ,'0 0 0 0 ' ,66 ,2 ,5, 5
601 ,599, 581, '521 489 506 563 ' ,'0 0 0 0 ' ,76 ,2 ,4, 3
598 ,594, 580, '531 532 530 565 ' ,'0 0 0 0 ' ,32 ,1 ,2, 2
593 ,586, 577, '526 496 554 533 ' ,'0 0 0 0 ' ,66 ,2 ,4, 4
586 ,585, 572, '543 503 549 504 ' ,'0 0 0 0 ' ,53 ,2 ,5, 5
575 ,576, 561, '477 538 519 525 ' ,'0 0 0 0 ' ,67 ,1 ,4, 4
558 ,566, 545, '513 511 511 523 ' ,'0 0 0 0 ' ,17 ,1 ,4, 4
604 ,552, 588, '522 564 531 554 ' ,'0 0 0 0 ' ,49 ,2 ,5, 5
584 ,597, 569, '513 510 545 530 ' ,'0 0 0 0 ' ,43 ,2 ,4, 4
637 ,575, 624, '556 533 566 601 ' ,'0 0 0 0 ' ,72 ,3 ,6, 6
697 ,628, 683, '608 595 577 664 ' ,'0 0 0 0 ' ,87 ,2 ,6, 6
719 ,688, 706, '673 622 632 677 ' ,'0 0 0 0 ' ,67 ,2 ,6, 6
662 ,710, 649, '622 595 589 612 ' ,'0 0 0 0 ' ,37 ,2 ,7, 7
681 ,654, 665, '592 547 642 640 ' ,'0 0 0 0 ' ,101 ,1 ,6, 6
613 ,671, 600, '555 540 538 583 ' ,'0 0 0 0 ' ,43 ,1 ,5, 5
601 ,606, 587, '545 565 563 550 ' ,'0 0 0 0 ' ,22 ,2 ,4, 4
622 ,595, 608, '568 536 587 531 ' ,'0 0 0 0 ' ,62 ,2 ,5, 5
626 ,616, 610, '579 520 546 595 ' ,'0 0 0 0 ' ,79 ,1 ,3, 3
657 ,620, 641, '557 539 599 624 ' ,'0 0 0 0 ' ,87 ,3 ,4, 4
575 ,649, 562, '520 506 537 524 ' ,'0 0 0 0 ' ,39 ,3 ,5, 5
596 ,567, 582, '538 476 505 569 ' ,'0 0 0 0 ' ,88 ,2 ,4, 3
638 ,588, 625, '532 547 547 609 ' ,'0 0 0 0 ' ,78 ,2 ,4, 3
627 ,633, 612, '587 564 583 567 ' ,'0 0 0 0 ' ,29 ,1 ,3, 3
671 ,618, 654, '596 622 612 612 ' ,'0 0 0 0 ' ,39 ,3 ,6, 6
694 ,659, 680, '615 627 604 660 ' ,'0 0 0 0 ' ,52 ,2 ,7, 6
722 ,687, 702, '590 622 643 681 ' ,'0 0 0 0 ' ,89 ,1 ,7, 6
684 ,708, 671, '609 643 650 628 ' ,'0 0 0 0 ' ,45 ,1 ,4, 4
720 ,679, 707, '604 602 591 636 ' ,'0 0 0 0 ' ,100 ,1 ,4, 3
653 ,715, 640, '548 541 613 527 ' ,'0 0 0 0 ' ,98 ,2 ,5, 4
657 ,645, 642, '604 542 621 619 ' ,'0 0 0 0 ' ,84 ,1 ,5, 5
616 ,648, 597, '568 558 572 573 ' ,'0 0 0 0 ' ,23 ,2 ,5, 4
600 ,604, 585, '558 511 528 558 ' ,'0 0 0 0 ' ,56 ,2 ,5, 5
627 ,590, 613, '546 510 587 538 ' ,'0 0 0 0 ' ,79 ,2 ,5, 4
610 ,618, 596, '518 499 571 529 ' ,'0 0 0 0 ' ,80 ,2 ,5, 5
585 ,600, 571, '547 499 530 510 ' ,'0 0 0 0 ' ,54 ,2 ,4, 4
598 ,577, 578, '524 554 553 529 ' ,'0 0 0 0 ' ,37 ,1 ,3, 3
586 ,585, 573, '550 510 545 529 ' ,'0 0 0 0 ' ,48 ,1 ,3, 3
557 ,580, 542, '506 523 515 504 ' ,'0 0 0 0 ' ,22 ,2 ,4, 4
656 ,553, 640, '549 529 613 593 ' ,'0 0 0 0 ' ,93 ,1 ,5, 5
660 ,647, 647, '553 618 615 615 ' ,'0 0 0 0 ' ,75 ,2 ,5, 5
672 ,651, 658, '633 539 573 624 ' ,'0 0 0 0 ' ,101 ,2 ,6, 5
677 ,663, 665, '619 605 630 647 ' ,'0 0 0 0 ' ,44 ,1 ,4, 4
663 ,671, 650, '614 592 581 624 ' ,'0 0 0 0 ' ,51 ,1 ,5, 4
699 ,656, 686, '644 618 661 631 ' ,'0 0 0 0 ' ,49 ,2 ,6, 6
691 ,691, 677, '643 639 655 641 ' ,'0 0 0 0 ' ,20 ,1 ,6, 5
708 ,683, 690, '601 613 627 656 ' ,'0 0 0 0 ' ,71 ,3 ,4, 3
716 ,700, 702, '676 618 636 666 ' ,'0 0 0 0 ' ,64 ,2 ,6, 6
689 ,708, 676, '649 595 594 626 ' ,'0 0 0 0 ' ,62 ,2 ,7, 7
723 ,680, 707, '615 562 609 687 ' ,'0 0 0 0 ' ,126 ,2 ,6, 5
744 ,714, 726, '586 701 573 584 ' ,'0 0 0 0 ' ,132 ,1 ,5, 4
588 ,736, 572, '551 524 513 523 ' ,'0 0 0 0 ' ,41 ,2 ,3, 3
625 ,580, 610, '586 524 549 549 ' ,'0 0 0 0 ' ,68 ,2 ,4, 4
587 ,614, 572, '513 507 524 554 ' ,'0 0 0 0 ' ,49 ,2 ,5, 5
589 ,578, 576, '526 551 509 509 ' ,'0 0 0 0 ' ,51 ,2 ,5, 5
