3932 ,0, 3837, '1596 2267 1400 1408 ' ,'1129 436 990 952 ' ,1777 ,928 ,10, 10
269 ,3863, 247, '183 182 225 192 ' ,'0 0 0 0 ' ,51 ,1 ,8, 8
166 ,262, 148, '114 121 112 109 ' ,'0 0 0 0 ' ,21 ,1 ,2, 2
146 ,154, 130, '114 97 96 100 ' ,'0 0 0 0 ' ,20 ,1 ,2, 2
168 ,138, 150, '123 117 121 132 ' ,'0 0 0 0 ' ,20 ,1 ,2, 2
178 ,159, 154, '127 126 125 122 ' ,'0 0 0 0 ' ,12 ,1 ,3, 3
282 ,168, 266, '155 117 120 116 ' ,'5366 0 0 0 ' ,101 ,1 ,2, 2
182 ,271, 150, '124 120 117 134 ' ,'0 0 0 0 ' ,22 ,2 ,2, 2
178 ,161, 149, '128 119 132 133 ' ,'0 0 0 0 ' ,14 ,2 ,2, 2
173 ,153, 150, '128 122 115 130 ' ,'0 0 0 0 ' ,17 ,2 ,3, 3
167 ,155, 143, '121 118 116 120 ' ,'0 0 0 0 ' ,14 ,2 ,3, 3
175 ,151, 143, '125 123 128 126 ' ,'0 0 0 0 ' ,7 ,2 ,2, 2
149 ,156, 124, '106 99 103 105 ' ,'0 0 0 0 ' ,4 ,0 ,3, 3
165 ,224, 145, '128 117 123 131 ' ,'0 0 0 0 ' ,17 ,1 ,3, 3
168 ,150, 147, '125 117 118 132 ' ,'0 0 0 0 ' ,16 ,1 ,2, 2
172 ,152, 149, '135 121 131 115 ' ,'0 0 0 0 ' ,23 ,1 ,3, 3
158 ,154, 137, '123 118 118 120 ' ,'0 0 0 0 ' ,7 ,1 ,2, 2
165 ,142, 143, '128 129 124 120 ' ,'0 0 0 0 ' ,8 ,1 ,4, 4
159 ,148, 138, '126 121 120 121 ' ,'0 0 0 0 ' ,7 ,1 ,4, 4
176 ,262, 155, '131 143 122 132 ' ,'0 0 0 0 ' ,23 ,1 ,2, 2
273 ,159, 135, '121 125 121 129 ' ,'0 0 0 0 ' ,119 ,1 ,3, 3
173 ,255, 151, '142 119 123 119 ' ,'0 0 0 0 ' ,25 ,0 ,2, 2
168 ,158, 145, '132 134 133 122 ' ,'0 0 0 0 ' ,14 ,1 ,2, 2
172 ,150, 147, '134 123 136 121 ' ,'0 0 0 0 ' ,18 ,1 ,2, 2
169 ,153, 143, '123 125 118 132 ' ,'0 0 0 0 ' ,13 ,2 ,2, 2
170 ,246, 146, '130 130 133 127 ' ,'0 0 0 0 ' ,12 ,1 ,2, 2
210 ,155, 132, '119 125 120 122 ' ,'0 0 0 0 ' ,59 ,2 ,3, 3
155 ,194, 130, '108 109 119 107 ' ,'0 0 0 0 ' ,14 ,1 ,4, 4
150 ,137, 129, '110 109 117 120 ' ,'0 0 0 0 ' ,12 ,1 ,2, 2
179 ,134, 155, '124 119 127 146 ' ,'0 0 0 0 ' ,21 ,1 ,3, 3
168 ,160, 146, '133 133 128 130 ' ,'0 0 0 0 ' ,9 ,2 ,3, 3
163 ,254, 141, '130 121 120 122 ' ,'0 0 0 0 ' ,12 ,0 ,2, 2
160 ,147, 140, '113 101 126 107 ' ,'0 0 0 0 ' ,26 ,1 ,5, 5
171 ,145, 148, '131 117 137 133 ' ,'0 0 0 0 ' ,21 ,1 ,3, 3
169 ,154, 146, '129 133 130 134 ' ,'0 0 0 0 ' ,7 ,1 ,3, 3
181 ,150, 160, '119 125 148 130 ' ,'0 0 0 0 ' ,25 ,2 ,3, 3
269 ,164, 247, '145 124 135 139 ' ,'0 0 0 0 ' ,96 ,1 ,3, 3
164 ,251, 150, '125 127 138 124 ' ,'0 0 0 0 ' ,16 ,1 ,2, 2
280 ,159, 253, '123 117 125 126 ' ,'0 0 0 0 ' ,125 ,1 ,4, 4
167 ,260, 150, '123 128 139 128 ' ,'0 0 0 0 ' ,17 ,1 ,3, 3
151 ,156, 136, '121 121 124 123 ' ,'0 0 0 0 ' ,4 ,0 ,3, 3
167 ,141, 151, '106 101 100 105 ' ,'0 0 5359 0 ' ,39 ,1 ,2, 2
269 ,156, 255, '115 116 117 112 ' ,'0 0 0 0 ' ,131 ,1 ,4, 4
176 ,260, 153, '118 119 142 114 ' ,'0 0 0 0 ' ,31 ,1 ,3, 3
154 ,165, 133, '121 117 117 120 ' ,'0 0 0 0 ' ,5 ,1 ,3, 3
207 ,138, 186, '172 121 140 125 ' ,'5394 0 0 0 ' ,54 ,2 ,4, 3
169 ,190, 150, '123 131 138 136 ' ,'0 0 0 0 ' ,16 ,1 ,3, 3
284 ,157, 262, '249 128 139 128 ' ,'0 0 0 0 ' ,125 ,2 ,2, 2
156 ,269, 132, '112 108 108 119 ' ,'0 0 0 0 ' ,11 ,1 ,3, 3
167 ,137, 145, '118 116 132 125 ' ,'0 0 0 0 ' ,19 ,1 ,2, 2
154 ,150, 130, '104 106 117 106 ' ,'0 0 0 0 ' ,15 ,0 ,3, 3
147 ,135, 124, '108 108 105 108 ' ,'0 0 0 0 ' ,7 ,1 ,3, 3
171 ,132, 146, '129 122 131 122 ' ,'0 0 0 0 ' ,11 ,0 ,4, 4
163 ,149, 136, '117 122 118 124 ' ,'0 0 0 0 ' ,6 ,1 ,3, 3
145 ,142, 125, '106 112 100 111 ' ,'0 0 0 0 ' ,14 ,1 ,2, 2
160 ,132, 140, '120 126 124 122 ' ,'0 0 0 0 ' ,8 ,1 ,2, 2
144 ,144, 122, '107 106 102 106 ' ,'0 0 0 0 ' ,6 ,1 ,3, 3
169 ,125, 147, '123 124 133 132 ' ,'0 0 0 0 ' ,11 ,1 ,4, 4
200 ,153, 179, '117 103 107 169 ' ,'0 0 0 5346 ' ,62 ,1 ,4, 4
278 ,184, 257, '125 122 126 247 ' ,'0 0 0 0 ' ,123 ,1 ,3, 3
175 ,263, 154, '124 120 138 121 ' ,'0 0 0 0 ' ,22 ,1 ,3, 3
172 ,157, 152, '137 121 132 122 ' ,'0 0 0 0 ' ,19 ,1 ,3, 3
213 ,156, 165, '118 103 180 102 ' ,'0 0 0 0 ' ,82 ,1 ,2, 2
177 ,199, 147, '117 131 120 119 ' ,'0 0 0 0 ' ,15 ,1 ,4, 4
168 ,153, 145, '133 118 120 125 ' ,'0 0 0 0 ' ,17 ,1 ,2, 2
181 ,151, 152, '138 124 128 122 ' ,'0 0 0 0 ' ,20 ,1 ,3, 3
163 ,159, 140, '126 123 121 120 ' ,'0 0 0 0 ' ,9 ,1 ,3, 3
168 ,145, 147, '118 119 114 135 ' ,'0 0 0 0 ' ,20 ,1 ,2, 2
152 ,151, 128, '116 103 103 103 ' ,'0 0 0 0 ' ,13 ,1 ,2, 2
150 ,134, 129, '105 112 101 118 ' ,'0 0 0 0 ' ,15 ,1 ,3, 3
168 ,133, 138, '121 121 122 126 ' ,'0 5426 0 0 ' ,4 ,1 ,4, 4
164 ,146, 142, '116 113 128 117 ' ,'0 0 0 0 ' ,12 ,1 ,3, 3
291 ,147, 263, '125 130 136 146 ' ,'0 0 0 0 ' ,126 ,1 ,2, 2
178 ,272, 163, '122 133 147 132 ' ,'0 0 0 0 ' ,28 ,1 ,3, 3
147 ,168, 132, '116 101 107 107 ' ,'0 0 0 0 ' ,19 ,1 ,3, 3
137 ,137, 123, '103 101 105 112 ' ,'0 0 0 0 ' ,9 ,1 ,2, 2
157 ,128, 142, '120 124 126 129 ' ,'0 0 0 0 ' ,9 ,1 ,2, 2
150 ,147, 135, '118 114 116 120 ' ,'0 0 0 0 ' ,5 ,1 ,4, 3
258 ,140, 240, '130 122 127 228 ' ,'0 0 0 5378 ' ,103 ,1 ,3, 3
163 ,245, 141, '122 124 120 132 ' ,'0 0 0 0 ' ,8 ,1 ,2, 2
159 ,147, 138, '118 117 119 125 ' ,'0 0 0 0 ' ,7 ,1 ,3, 3
167 ,143, 140, '123 122 126 123 ' ,'0 0 0 0 ' ,7 ,1 ,1, 1
152 ,146, 130, '108 113 114 112 ' ,'0 0 0 0 ' ,8 ,1 ,4, 4
250 ,134, 137, '122 115 121 120 ' ,'0 0 0 0 ' ,98 ,1 ,1, 1
162 ,236, 137, '118 118 114 117 ' ,'0 0 0 0 ' ,7 ,1 ,3, 3
162 ,144, 139, '121 116 119 127 ' ,'0 0 0 0 ' ,8 ,1 ,3, 3
147 ,144, 124, '109 103 103 102 ' ,'0 0 0 0 ' ,10 ,1 ,3, 3
172 ,128, 145, '122 120 119 117 ' ,'0 0 0 0 ' ,13 ,1 ,3, 3
170 ,155, 143, '128 123 127 130 ' ,'0 0 0 0 ' ,7 ,1 ,2, 2
190 ,152, 171, '125 129 131 128 ' ,'0 0 0 0 ' ,30 ,21 ,3, 3
178 ,176, 155, '139 122 121 134 ' ,'0 0 0 0 ' ,19 ,2 ,2, 2
261 ,161, 237, '120 217 123 131 ' ,'0 5450 0 0 ' ,101 ,1 ,4, 4
143 ,240, 122, '102 106 108 99 ' ,'0 0 0 0 ' ,10 ,1 ,3, 3
227 ,127, 205, '123 119 126 115 ' ,'0 0 0 5477 ' ,71 ,2 ,2, 2
163 ,330, 143, '125 120 113 119 ' ,'0 0 0 0 ' ,12 ,1 ,3, 3
322 ,148, 302, '119 122 126 286 ' ,'0 0 0 0 ' ,168 ,1 ,4, 4
167 ,306, 144, '125 123 114 126 ' ,'0 0 0 0 ' ,15 ,1 ,3, 3
200 ,149, 178, '114 117 112 125 ' ,'0 0 5396 0 ' ,47 ,1 ,3, 3
166 ,183, 145, '123 121 118 127 ' ,'0 0 0 0 ' ,12 ,1 ,3, 3
345 ,151, 319, '132 123 299 128 ' ,'0 0 0 0 ' ,179 ,1 ,4, 4
150 ,323, 124, '108 104 107 105 ' ,'0 0 0 0 ' ,7 ,1 ,2, 2
173 ,134, 149, '127 131 121 120 ' ,'0 0 0 0 ' ,18 ,2 ,3, 3
171 ,157, 151, '127 120 120 137 ' ,'0 0 0 0 ' ,14 ,1 ,3, 3
292 ,155, 269, '248 128 121 121 ' ,'5415 0 0 0 ' ,135 ,2 ,3, 3
167 ,273, 143, '126 119 124 124 ' ,'0 0 0 0 ' ,12 ,1 ,3, 3
170 ,151, 149, '126 123 122 127 ' ,'0 0 0 0 ' ,8 ,1 ,3, 3
166 ,153, 147, '108 105 103 104 ' ,'0 5387 0 0 ' ,28 ,2 ,1, 1
167 ,153, 145, '119 123 118 118 ' ,'0 0 0 0 ' ,12 ,1 ,3, 3
318 ,150, 297, '123 276 118 117 ' ,'0 0 0 0 ' ,169 ,2 ,4, 4
301 ,301, 286, '115 112 116 123 ' ,'0 0 0 0 ' ,156 ,1 ,3, 3
169 ,290, 153, '123 129 129 137 ' ,'0 0 0 0 ' ,12 ,1 ,3, 3
163 ,159, 148, '121 122 124 134 ' ,'0 0 0 0 ' ,10 ,0 ,3, 3
176 ,152, 160, '123 125 125 146 ' ,'0 0 5531 0 ' ,20 ,1 ,3, 3
164 ,165, 149, '119 118 130 115 ' ,'0 0 0 0 ' ,22 ,1 ,3, 3
323 ,153, 308, '116 118 287 122 ' ,'0 0 0 0 ' ,174 ,2 ,3, 3
170 ,312, 147, '122 120 122 121 ' ,'0 0 0 0 ' ,11 ,1 ,3, 3
167 ,156, 144, '121 125 117 120 ' ,'0 0 0 0 ' ,8 ,1 ,3, 3
167 ,150, 148, '115 129 122 128 ' ,'0 0 0 0 ' ,17 ,1 ,3, 3
231 ,154, 136, '115 124 119 125 ' ,'5430 0 0 0 ' ,73 ,2 ,3, 3
163 ,214, 141, '119 120 118 120 ' ,'0 0 0 0 ' ,8 ,1 ,1, 1
333 ,148, 311, '294 117 114 115 ' ,'0 0 0 0 ' ,179 ,2 ,3, 3
169 ,317, 151, '126 132 122 117 ' ,'0 0 0 0 ' ,16 ,1 ,3, 3
169 ,157, 148, '118 124 122 117 ' ,'0 0 0 0 ' ,14 ,1 ,3, 3
310 ,152, 147, '125 128 133 120 ' ,'0 0 0 0 ' ,155 ,2 ,3, 3
348 ,294, 321, '128 124 140 123 ' ,'0 0 0 0 ' ,175 ,2 ,3, 3
174 ,325, 151, '132 122 130 124 ' ,'0 0 0 0 ' ,16 ,2 ,2, 2
179 ,156, 154, '125 125 134 128 ' ,'0 0 0 0 ' ,14 ,2 ,2, 2
521 ,161, 300, '275 215 186 190 ' ,'0 0 0 0 ' ,93 ,2 ,6, 6
193 ,306, 174, '153 149 128 134 ' ,'0 0 0 0 ' ,24 ,1 ,6, 6
173 ,179, 152, '128 130 129 138 ' ,'0 0 0 0 ' ,9 ,1 ,4, 4
176 ,157, 154, '135 125 129 126 ' ,'0 0 0 0 ' ,12 ,1 ,3, 3
186 ,158, 166, '146 129 125 131 ' ,'0 0 0 0 ' ,23 ,1 ,3, 2
170 ,171, 153, '125 129 134 129 ' ,'0 0 0 0 ' ,10 ,1 ,2, 2
311 ,158, 288, '125 129 125 128 ' ,'5551 0 0 0 ' ,148 ,1 ,4, 4
248 ,291, 226, '136 134 128 140 ' ,'0 0 0 0 ' ,74 ,1 ,3, 3
183 ,232, 157, '136 138 130 131 ' ,'0 0 0 0 ' ,13 ,1 ,2, 2
197 ,355, 174, '139 130 146 136 ' ,'0 5547 0 0 ' ,23 ,1 ,3, 3
190 ,180, 149, '144 139 139 136 ' ,'0 0 0 5564 ' ,14 ,1 ,3, 3
391 ,173, 368, '143 347 137 133 ' ,'0 0 0 0 ' ,221 ,1 ,2, 2
384 ,374, 363, '157 140 149 344 ' ,'0 0 0 0 ' ,204 ,1 ,4, 4
199 ,488, 175, '147 140 153 141 ' ,'0 0 0 0 ' ,15 ,1 ,4, 4
183 ,179, 162, '141 144 135 143 ' ,'0 0 0 0 ' ,8 ,1 ,2, 2
189 ,168, 166, '144 138 147 152 ' ,'0 0 0 0 ' ,14 ,2 ,2, 2
202 ,173, 178, '156 146 159 138 ' ,'0 0 0 0 ' ,27 ,1 ,3, 3
1642 ,182, 1617, '894 1593 1522 1186 ' ,'459 1119 1130 6099 ' ,706 ,2 ,4, 4
405 ,1623, 389, '142 140 139 150 ' ,'0 0 0 0 ' ,233 ,2 ,4, 4
192 ,395, 174, '153 144 134 137 ' ,'0 0 0 0 ' ,21 ,2 ,4, 4
191 ,179, 175, '138 133 149 132 ' ,'0 516 0 0 ' ,31 ,4 ,3, 3
178 ,181, 161, '134 131 134 135 ' ,'0 0 0 0 ' ,13 ,2 ,3, 3
341 ,168, 207, '138 305 130 145 ' ,'0 0 0 0 ' ,172 ,2 ,2, 2
183 ,333, 161, '133 143 136 135 ' ,'0 0 0 0 ' ,9 ,0 ,4, 4
191 ,166, 175, '157 143 146 146 ' ,'0 0 0 0 ' ,18 ,1 ,4, 4
198 ,178, 176, '148 148 146 140 ' ,'0 0 0 0 ' ,19 ,2 ,4, 4
388 ,182, 366, '342 149 162 140 ' ,'5666 0 0 0 ' ,212 ,1 ,4, 4
201 ,371, 179, '159 151 140 165 ' ,'0 0 0 0 ' ,20 ,1 ,3, 3
184 ,185, 166, '147 138 139 138 ' ,'0 0 0 0 ' ,10 ,1 ,4, 4
290 ,172, 268, '157 141 146 141 ' ,'0 0 0 5577 ' ,107 ,1 ,4, 4
190 ,271, 175, '148 146 144 139 ' ,'0 0 0 0 ' ,21 ,1 ,3, 3
201 ,179, 178, '150 145 142 138 ' ,'0 0 0 0 ' ,24 ,1 ,4, 4
191 ,333, 174, '153 152 141 152 ' ,'0 0 0 0 ' ,15 ,1 ,4, 4
200 ,180, 183, '160 146 141 135 ' ,'0 0 0 0 ' ,31 ,1 ,4, 4
291 ,187, 158, '143 144 139 143 ' ,'0 0 5591 0 ' ,114 ,1 ,2, 2
357 ,278, 338, '148 138 141 150 ' ,'0 5611 0 0 ' ,177 ,2 ,4, 4
402 ,344, 382, '161 144 324 142 ' ,'0 0 0 0 ' ,227 ,2 ,4, 4
207 ,386, 185, '163 143 143 139 ' ,'0 0 0 0 ' ,32 ,2 ,4, 4
366 ,355, 344, '158 144 140 143 ' ,'0 0 0 0 ' ,187 ,2 ,2, 2
191 ,350, 172, '153 143 141 143 ' ,'0 0 0 0 ' ,16 ,1 ,4, 4
195 ,176, 174, '149 154 139 150 ' ,'0 0 0 0 ' ,17 ,2 ,4, 4
198 ,179, 177, '158 144 142 150 ' ,'0 0 0 0 ' ,15 ,1 ,3, 3
197 ,182, 177, '148 146 143 142 ' ,'0 0 0 0 ' ,18 ,1 ,4, 4
513 ,181, 366, '169 158 153 149 ' ,'0 0 0 0 ' ,139 ,1 ,3, 3
207 ,494, 186, '160 154 148 141 ' ,'0 0 0 0 ' ,27 ,1 ,3, 3
195 ,376, 175, '157 144 142 141 ' ,'0 0 0 0 ' ,15 ,1 ,3, 3
252 ,180, 164, '143 143 146 143 ' ,'0 579 0 0 ' ,66 ,1 ,3, 3
200 ,234, 180, '147 145 158 166 ' ,'0 0 0 0 ' ,15 ,1 ,3, 3
380 ,185, 363, '154 341 155 141 ' ,'0 0 0 0 ' ,205 ,1 ,2, 2
436 ,370, 414, '396 143 150 143 ' ,'0 0 0 0 ' ,254 ,1 ,3, 3
206 ,528, 184, '161 151 142 145 ' ,'0 0 0 0 ' ,21 ,1 ,4, 4
401 ,189, 372, '148 348 143 142 ' ,'0 595 0 0 ' ,215 ,2 ,4, 4
303 ,376, 286, '144 144 134 144 ' ,'0 0 604 5708 ' ,118 ,1 ,4, 4
190 ,290, 175, '141 149 142 142 ' ,'0 0 0 0 ' ,17 ,2 ,3, 3
382 ,180, 367, '148 146 155 352 ' ,'0 0 0 0 ' ,199 ,1 ,4, 4
193 ,373, 178, '143 157 149 147 ' ,'0 0 0 0 ' ,17 ,1 ,3, 3
462 ,184, 378, '147 156 145 150 ' ,'0 0 0 0 ' ,79 ,2 ,2, 2
386 ,451, 372, '142 144 346 150 ' ,'5770 0 593 0 ' ,204 ,2 ,4, 4
189 ,377, 174, '148 147 143 152 ' ,'0 0 0 0 ' ,9 ,1 ,4, 4
249 ,179, 175, '144 151 148 144 ' ,'0 615 0 0 ' ,61 ,1 ,2, 2
196 ,481, 174, '149 149 146 144 ' ,'0 0 0 0 ' ,16 ,2 ,3, 3
399 ,179, 377, '155 355 143 157 ' ,'0 0 0 0 ' ,217 ,1 ,2, 2
344 ,383, 322, '154 156 161 156 ' ,'0 0 0 0 ' ,144 ,1 ,4, 4
206 ,526, 185, '158 147 144 149 ' ,'0 0 0 0 ' ,19 ,1 ,4, 4
407 ,190, 386, '145 362 146 142 ' ,'0 624 0 0 ' ,228 ,1 ,2, 2
330 ,392, 307, '144 141 141 147 ' ,'0 0 626 0 ' ,141 ,2 ,4, 4
548 ,312, 524, '143 142 151 149 ' ,'0 0 0 0 ' ,213 ,1 ,4, 4
206 ,529, 181, '144 144 155 142 ' ,'0 0 0 0 ' ,23 ,2 ,3, 3
203 ,377, 180, '146 146 144 150 ' ,'0 0 0 0 ' ,12 ,1 ,4, 4
554 ,186, 388, '142 151 150 142 ' ,'0 0 0 0 ' ,163 ,2 ,2, 2
201 ,540, 181, '142 146 150 148 ' ,'0 0 0 0 ' ,14 ,1 ,4, 4
192 ,384, 170, '140 144 143 140 ' ,'0 0 0 0 ' ,11 ,1 ,4, 4
356 ,174, 168, '158 141 140 148 ' ,'0 634 0 0 ' ,169 ,2 ,4, 4
202 ,341, 181, '149 157 147 150 ' ,'0 0 624 0 ' ,15 ,1 ,4, 4
432 ,187, 410, '153 146 365 145 ' ,'0 0 0 0 ' ,225 ,2 ,4, 4
455 ,613, 430, '146 150 147 408 ' ,'0 0 0 5779 ' ,262 ,1 ,3, 3
209 ,441, 187, '156 152 156 143 ' ,'0 0 0 0 ' ,26 ,1 ,3, 3
472 ,192, 405, '161 142 376 142 ' ,'0 0 635 0 ' ,238 ,1 ,3, 3
199 ,553, 175, '149 142 143 150 ' ,'0 0 0 0 ' ,11 ,1 ,2, 2
200 ,181, 177, '157 145 140 140 ' ,'0 0 0 0 ' ,20 ,1 ,3, 3
295 ,182, 163, '140 141 136 141 ' ,'0 665 0 0 ' ,117 ,1 ,2, 2
203 ,280, 179, '144 144 142 145 ' ,'0 0 0 0 ' ,14 ,2 ,4, 4
414 ,184, 393, '145 140 151 144 ' ,'0 0 0 0 ' ,230 ,2 ,3, 3
236 ,563, 212, '147 147 138 149 ' ,'0 0 0 5760 ' ,48 ,1 ,3, 3
421 ,218, 399, '140 135 139 385 ' ,'0 0 0 0 ' ,238 ,1 ,3, 3
510 ,405, 439, '141 136 138 144 ' ,'0 0 691 0 ' ,241 ,1 ,3, 3
200 ,491, 176, '143 142 144 142 ' ,'0 0 0 0 ' ,19 ,2 ,3, 3
482 ,183, 457, '430 152 138 144 ' ,'5827 0 0 0 ' ,294 ,2 ,4, 4
365 ,500, 167, '146 141 151 145 ' ,'0 689 0 0 ' ,179 ,2 ,4, 4
195 ,346, 180, '145 148 140 163 ' ,'0 0 0 0 ' ,15 ,1 ,4, 4
320 ,185, 307, '144 146 149 137 ' ,'0 0 0 0 ' ,154 ,3 ,4, 4
196 ,311, 180, '145 146 138 143 ' ,'0 0 0 0 ' ,18 ,1 ,4, 4
278 ,186, 167, '143 141 146 160 ' ,'0 0 0 0 ' ,98 ,2 ,2, 2
445 ,268, 431, '156 146 391 151 ' ,'0 0 673 0 ' ,266 ,13 ,4, 4
199 ,437, 185, '154 149 151 155 ' ,'0 0 0 0 ' ,10 ,1 ,4, 4
426 ,190, 175, '142 149 146 142 ' ,'5844 711 0 0 ' ,251 ,2 ,4, 4
200 ,492, 179, '143 141 142 140 ' ,'0 0 0 0 ' ,19 ,2 ,4, 4
201 ,184, 178, '151 150 151 152 ' ,'0 0 0 0 ' ,12 ,1 ,3, 3
377 ,184, 353, '147 149 150 145 ' ,'0 0 0 0 ' ,188 ,1 ,4, 4
654 ,358, 434, '146 154 160 143 ' ,'0 0 0 0 ' ,215 ,2 ,2, 2
208 ,636, 187, '163 149 146 152 ' ,'0 0 0 0 ' ,19 ,1 ,4, 4
472 ,191, 451, '146 147 423 146 ' ,'0 0 715 0 ' ,283 ,3 ,4, 4
475 ,455, 453, '167 418 148 158 ' ,'0 724 0 0 ' ,279 ,9 ,4, 4
252 ,457, 233, '146 153 161 162 ' ,'5911 0 0 0 ' ,58 ,2 ,4, 4
305 ,237, 284, '147 142 150 141 ' ,'0 0 741 0 ' ,124 ,2 ,4, 4
546 ,289, 428, '497 140 141 431 ' ,'0 741 0 5762 ' ,361 ,2 ,4, 4
432 ,528, 411, '153 144 387 146 ' ,'0 0 0 0 ' ,245 ,2 ,4, 4
443 ,415, 424, '161 399 141 139 ' ,'0 0 0 0 ' ,264 ,1 ,2, 2
195 ,622, 175, '141 141 143 142 ' ,'0 0 0 0 ' ,16 ,2 ,4, 4
289 ,178, 267, '141 142 145 141 ' ,'0 0 0 0 ' ,106 ,2 ,4, 4
307 ,270, 168, '158 141 138 140 ' ,'0 0 0 0 ' ,131 ,1 ,4, 4
452 ,289, 429, '138 140 127 137 ' ,'0 0 751 0 ' ,269 ,2 ,3, 3
195 ,434, 169, '140 133 137 139 ' ,'0 0 0 0 ' ,16 ,2 ,3, 3
505 ,174, 485, '139 418 140 127 ' ,'0 760 0 5800 ' ,324 ,1 ,3, 3
229 ,566, 207, '149 129 142 127 ' ,'0 0 761 0 ' ,59 ,2 ,3, 3
278 ,212, 150, '137 124 126 136 ' ,'0 770 0 0 ' ,103 ,1 ,3, 3
478 ,447, 458, '128 133 432 131 ' ,'0 0 0 0 ' ,307 ,2 ,3, 3
457 ,463, 435, '137 408 123 121 ' ,'0 0 0 0 ' ,294 ,2 ,2, 2
183 ,440, 163, '131 123 125 123 ' ,'0 0 0 0 ' ,24 ,1 ,3, 3
284 ,169, 261, '126 115 135 118 ' ,'0 0 0 0 ' ,122 ,2 ,3, 3
354 ,265, 143, '122 116 113 118 ' ,'0 0 0 0 ' ,192 ,2 ,2, 2
474 ,337, 451, '145 120 122 117 ' ,'0 0 0 5884 ' ,310 ,2 ,3, 3
464 ,458, 441, '125 124 415 122 ' ,'0 0 0 0 ' ,296 ,2 ,3, 3
482 ,447, 459, '133 123 122 410 ' ,'0 0 0 0 ' ,283 ,2 ,2, 2
177 ,463, 156, '126 120 119 129 ' ,'0 0 0 0 ' ,10 ,1 ,3, 3
373 ,161, 346, '126 124 116 124 ' ,'0 0 790 0 ' ,201 ,2 ,3, 3
441 ,351, 148, '143 121 120 118 ' ,'0 812 0 0 ' ,288 ,2 ,3, 3
177 ,492, 163, '134 126 123 139 ' ,'0 0 794 0 ' ,16 ,2 ,3, 3
169 ,167, 154, '127 120 118 123 ' ,'0 0 0 0 ' ,15 ,1 ,3, 3
812 ,159, 798, '129 117 402 120 ' ,'0 819 0 0 ' ,402 ,2 ,2, 2
176 ,803, 161, '130 121 119 119 ' ,'0 0 0 0 ' ,23 ,2 ,3, 3
620 ,166, 534, '134 129 118 117 ' ,'0 0 0 0 ' ,291 ,2 ,2, 2
191 ,611, 163, '126 125 129 128 ' ,'0 0 0 0 ' ,12 ,1 ,3, 3
367 ,166, 346, '127 122 123 122 ' ,'0 0 0 0 ' ,202 ,2 ,4, 4
491 ,350, 469, '141 120 440 125 ' ,'0 0 0 0 ' ,326 ,2 ,3, 3
1002 ,474, 983, '382 129 123 125 ' ,'179 712 0 0 ' ,486 ,2 ,2, 2
180 ,988, 165, '130 125 128 123 ' ,'0 0 0 0 ' ,25 ,2 ,3, 3
186 ,170, 166, '128 121 136 121 ' ,'0 0 0 0 ' ,28 ,2 ,3, 3
174 ,170, 157, '129 121 123 117 ' ,'0 0 0 0 ' ,25 ,2 ,2, 2
193 ,164, 173, '141 140 126 123 ' ,'0 0 0 0 ' ,31 ,2 ,3, 3
180 ,178, 159, '127 127 121 125 ' ,'0 0 0 0 ' ,13 ,1 ,3, 3
189 ,164, 167, '129 121 133 121 ' ,'0 0 0 0 ' ,28 ,2 ,3, 3
191 ,171, 168, '137 126 134 121 ' ,'0 0 0 0 ' ,27 ,1 ,3, 3
188 ,174, 166, '136 127 128 124 ' ,'0 0 0 0 ' ,24 ,1 ,3, 3
185 ,170, 164, '129 125 131 122 ' ,'0 0 0 0 ' ,26 ,2 ,2, 2
186 ,169, 166, '140 130 124 122 ' ,'0 0 0 0 ' ,24 ,3 ,3, 3
185 ,171, 162, '135 128 127 125 ' ,'0 0 0 0 ' ,17 ,2 ,3, 3
189 ,167, 166, '128 130 138 130 ' ,'0 0 0 0 ' ,17 ,1 ,3, 3
206 ,172, 176, '146 129 136 127 ' ,'0 0 0 0 ' ,31 ,2 ,3, 3
194 ,199, 172, '133 126 141 129 ' ,'0 0 0 0 ' ,27 ,3 ,3, 3
197 ,177, 176, '130 132 141 138 ' ,'0 0 0 0 ' ,10 ,1 ,3, 3
186 ,181, 164, '139 130 139 125 ' ,'0 0 0 0 ' ,18 ,1 ,2, 2
187 ,169, 165, '126 130 136 122 ' ,'0 0 0 0 ' ,29 ,2 ,3, 3
189 ,171, 171, '139 133 143 129 ' ,'0 0 0 0 ' ,25 ,2 ,2, 2
193 ,176, 172, '149 131 134 132 ' ,'0 0 0 0 ' ,15 ,1 ,4, 4
246 ,176, 223, '140 130 179 132 ' ,'0 0 0 0 ' ,72 ,1 ,3, 3
194 ,228, 172, '134 128 137 126 ' ,'0 0 0 0 ' ,23 ,1 ,4, 3
185 ,175, 165, '133 128 127 129 ' ,'0 0 0 0 ' ,11 ,1 ,2, 2
203 ,172, 182, '134 132 135 130 ' ,'0 0 0 0 ' ,35 ,2 ,2, 2
199 ,188, 173, '131 137 138 124 ' ,'0 0 0 0 ' ,29 ,1 ,3, 3
198 ,182, 183, '124 129 128 131 ' ,'430 0 0 0 ' ,34 ,2 ,2, 2
200 ,188, 173, '142 137 125 121 ' ,'0 0 0 0 ' ,30 ,2 ,3, 3
288 ,182, 274, '245 133 132 128 ' ,'0 0 0 0 ' ,126 ,2 ,3, 3
236 ,278, 220, '129 195 125 128 ' ,'0 0 0 0 ' ,72 ,3 ,2, 2
177 ,227, 162, '130 131 125 133 ' ,'0 0 0 0 ' ,12 ,1 ,3, 3
181 ,168, 167, '131 128 130 128 ' ,'0 0 0 0 ' ,21 ,2 ,3, 3
182 ,212, 166, '129 130 131 134 ' ,'0 0 0 0 ' ,12 ,2 ,3, 3
179 ,171, 166, '126 132 127 127 ' ,'0 0 0 0 ' ,25 ,2 ,3, 3
183 ,171, 162, '138 126 126 130 ' ,'0 439 0 0 ' ,17 ,2 ,3, 3
264 ,167, 246, '128 128 216 122 ' ,'0 0 5481 0 ' ,101 ,1 ,3, 3
193 ,251, 169, '128 133 129 127 ' ,'0 0 0 0 ' ,18 ,1 ,3, 3
273 ,174, 253, '219 127 127 130 ' ,'446 0 0 0 ' ,103 ,3 ,3, 3
184 ,267, 162, '128 130 125 128 ' ,'0 0 0 0 ' ,13 ,1 ,3, 3
194 ,168, 173, '143 130 132 133 ' ,'0 0 0 0 ' ,13 ,1 ,3, 3
185 ,300, 166, '130 132 126 130 ' ,'0 0 0 0 ' ,15 ,1 ,3, 3
193 ,171, 171, '130 133 128 132 ' ,'0 0 0 0 ' ,18 ,1 ,3, 3
265 ,176, 237, '140 128 130 141 ' ,'474 0 0 0 ' ,77 ,2 ,3, 3
197 ,242, 173, '128 132 139 128 ' ,'0 0 0 0 ' ,27 ,3 ,3, 3
316 ,178, 294, '266 132 130 129 ' ,'0 0 0 0 ' ,142 ,2 ,3, 3
276 ,300, 253, '131 224 128 130 ' ,'0 0 0 0 ' ,109 ,2 ,2, 2
191 ,260, 169, '128 135 139 141 ' ,'0 0 0 0 ' ,14 ,2 ,2, 2
226 ,176, 206, '130 128 142 127 ' ,'496 0 0 0 ' ,55 ,3 ,3, 3
191 ,210, 170, '130 133 142 131 ' ,'0 0 0 0 ' ,17 ,1 ,3, 3
338 ,176, 315, '286 133 138 128 ' ,'0 0 0 0 ' ,165 ,2 ,3, 3
291 ,320, 267, '133 237 130 134 ' ,'0 0 0 0 ' ,114 ,2 ,3, 3
196 ,272, 174, '141 135 145 139 ' ,'0 0 0 0 ' ,14 ,2 ,3, 3
235 ,179, 213, '132 131 139 132 ' ,'498 0 0 0 ' ,66 ,2 ,3, 3
197 ,218, 177, '140 140 135 140 ' ,'0 0 0 0 ' ,12 ,1 ,3, 3
355 ,181, 334, '308 253 146 137 ' ,'0 515 0 0 ' ,176 ,3 ,2, 2
208 ,340, 185, '145 145 147 135 ' ,'0 0 0 0 ' ,31 ,2 ,3, 3
214 ,191, 189, '152 156 150 150 ' ,'0 0 0 0 ' ,16 ,2 ,4, 4
331 ,194, 308, '273 147 146 157 ' ,'561 0 0 0 ' ,133 ,2 ,4, 4
206 ,312, 185, '145 144 140 147 ' ,'0 0 0 0 ' ,17 ,2 ,3, 3
371 ,190, 348, '160 270 141 154 ' ,'0 0 0 0 ' ,182 ,3 ,4, 4
213 ,353, 184, '143 145 139 134 ' ,'0 0 0 0 ' ,27 ,2 ,3, 3
266 ,196, 243, '155 141 145 140 ' ,'0 0 0 0 ' ,79 ,2 ,3, 3
349 ,248, 328, '296 143 150 136 ' ,'534 0 0 0 ' ,169 ,3 ,4, 4
207 ,332, 185, '150 145 142 152 ' ,'0 0 0 0 ' ,14 ,1 ,2, 2
264 ,192, 250, '145 144 143 137 ' ,'0 0 588 0 ' ,91 ,3 ,3, 3
196 ,384, 182, '141 147 156 141 ' ,'0 0 0 0 ' ,16 ,2 ,4, 4
345 ,187, 333, '300 136 255 139 ' ,'0 0 0 0 ' ,171 ,3 ,4, 4
197 ,337, 181, '140 140 140 136 ' ,'0 0 0 0 ' ,14 ,2 ,3, 3
237 ,187, 222, '140 141 136 133 ' ,'0 0 0 0 ' ,65 ,2 ,4, 4
326 ,227, 311, '142 140 278 133 ' ,'0 0 0 0 ' ,156 ,2 ,2, 2
255 ,317, 236, '160 145 148 134 ' ,'0 0 0 0 ' ,78 ,2 ,3, 3
