853 ,0, 748, '481 453 437 397 479 704 436 558 ' ,'240 231 211 200 297 484 238 325 ' ,299 ,11 ,10, 10
232 ,789, 205, '136 123 132 144 125 129 124 149 ' ,'0 0 0 0 0 0 0 0 ' ,68 ,33 ,4, 4
128 ,224, 102, '69 61 82 62 62 61 65 69 ' ,'0 0 0 0 0 0 0 0 ' ,24 ,1 ,6, 6
527 ,111, 502, '62 62 77 62 60 60 478 60 ' ,'0 0 0 0 0 0 0 0 ' ,427 ,2 ,6, 5
114 ,517, 89, '59 61 69 60 55 73 57 59 ' ,'0 0 0 0 0 0 0 0 ' ,21 ,1 ,1, 1
102 ,102, 85, '65 60 63 63 60 61 64 69 ' ,'0 0 0 0 0 0 0 0 ' ,15 ,2 ,1, 1
109 ,92, 87, '72 73 63 68 57 63 62 55 ' ,'0 0 0 0 0 0 0 0 ' ,22 ,2 ,2, 1
109 ,95, 92, '75 69 74 73 74 64 57 60 ' ,'0 0 0 0 0 0 0 0 ' ,25 ,2 ,1, 1
105 ,99, 85, '73 65 61 68 70 66 67 68 ' ,'0 0 0 0 0 0 0 0 ' ,12 ,3 ,1, 1
104 ,93, 86, '70 69 66 68 66 65 63 62 ' ,'0 0 0 0 0 0 0 0 ' ,15 ,3 ,1, 1
133 ,95, 106, '82 89 67 73 60 60 62 62 ' ,'0 0 0 0 0 0 0 0 ' ,34 ,4 ,2, 2
117 ,120, 91, '72 69 71 67 71 81 69 65 ' ,'0 0 0 0 0 0 0 0 ' ,18 ,2 ,1, 1
113 ,107, 88, '61 70 72 63 59 57 59 60 ' ,'0 0 0 0 0 0 0 0 ' ,19 ,2 ,2, 2
117 ,104, 95, '69 69 77 67 64 65 60 61 ' ,'0 0 0 0 0 0 0 0 ' ,26 ,2 ,1, 1
119 ,109, 97, '65 77 80 68 62 61 62 63 ' ,'0 0 0 0 0 0 0 0 ' ,25 ,2 ,2, 2
100 ,108, 81, '67 52 60 53 55 54 61 59 ' ,'0 0 0 0 0 0 0 0 ' ,16 ,2 ,2, 2
115 ,95, 92, '65 61 69 66 74 61 59 59 ' ,'0 0 0 0 0 0 0 0 ' ,21 ,2 ,1, 1
109 ,105, 87, '69 73 67 70 58 66 65 60 ' ,'0 0 0 0 0 0 0 0 ' ,18 ,4 ,1, 1
134 ,95, 110, '66 70 77 68 81 67 68 62 ' ,'0 0 0 0 0 0 0 0 ' ,35 ,1 ,1, 1
104 ,125, 84, '56 59 59 59 61 54 53 54 ' ,'0 0 0 0 0 0 0 0 ' ,22 ,2 ,1, 1
122 ,97, 92, '74 88 67 74 58 61 62 67 ' ,'0 0 0 0 0 0 0 0 ' ,25 ,1 ,2, 2
115 ,111, 94, '66 64 70 63 66 70 69 64 ' ,'0 0 0 0 0 0 0 0 ' ,17 ,1 ,2, 2
107 ,107, 82, '69 72 71 73 58 59 61 71 ' ,'0 0 0 0 0 0 0 0 ' ,14 ,1 ,2, 2
118 ,90, 90, '68 79 67 72 57 64 64 64 ' ,'0 0 0 0 0 0 0 0 ' ,18 ,1 ,1, 1
129 ,107, 104, '65 67 74 66 77 62 74 62 ' ,'0 0 0 0 0 0 0 0 ' ,31 ,2 ,2, 2
111 ,118, 88, '81 71 71 70 62 63 68 60 ' ,'0 0 0 0 0 0 0 0 ' ,18 ,1 ,1, 1
113 ,104, 88, '63 66 69 66 66 67 60 65 ' ,'0 0 0 0 0 0 0 0 ' ,22 ,0 ,1, 1
120 ,102, 95, '85 77 66 69 60 68 66 74 ' ,'0 0 0 0 0 0 0 0 ' ,21 ,1 ,1, 1
114 ,111, 88, '72 66 67 67 59 72 61 73 ' ,'0 0 0 0 0 0 0 0 ' ,19 ,2 ,1, 1
105 ,104, 81, '66 66 71 67 58 68 59 70 ' ,'0 0 0 0 0 0 0 0 ' ,14 ,1 ,2, 2
110 ,91, 89, '61 71 71 65 61 57 58 68 ' ,'0 0 0 0 0 0 0 0 ' ,20 ,1 ,1, 1
109 ,96, 86, '69 61 72 65 61 59 56 60 ' ,'0 0 0 0 0 0 0 0 ' ,22 ,2 ,1, 1
118 ,94, 93, '68 65 83 77 57 73 69 61 ' ,'0 0 0 0 0 0 0 0 ' ,24 ,2 ,2, 2
111 ,106, 85, '71 66 70 66 57 59 70 75 ' ,'0 0 0 0 0 0 0 0 ' ,18 ,2 ,1, 1
109 ,96, 85, '71 76 68 68 59 65 60 67 ' ,'0 0 0 0 0 0 0 0 ' ,17 ,1 ,1, 1
103 ,98, 78, '63 66 67 69 55 69 61 60 ' ,'0 0 0 0 0 0 0 0 ' ,10 ,0 ,1, 1
111 ,92, 90, '80 66 77 65 64 61 57 60 ' ,'0 0 0 0 0 0 0 0 ' ,24 ,1 ,2, 2
113 ,102, 88, '75 72 74 65 66 73 66 64 ' ,'0 0 0 0 0 0 0 0 ' ,16 ,1 ,2, 2
113 ,97, 87, '72 72 68 76 64 63 65 66 ' ,'0 0 0 0 0 0 0 0 ' ,17 ,1 ,1, 1
106 ,104, 82, '66 64 65 67 54 59 63 73 ' ,'0 0 0 0 0 0 0 0 ' ,15 ,1 ,2, 2
94 ,95, 78, '64 71 69 66 59 67 62 63 ' ,'0 0 0 0 0 0 0 0 ' ,12 ,0 ,0, 0
105 ,85, 83, '75 66 69 66 59 62 71 63 ' ,'0 0 0 0 0 0 0 0 ' ,17 ,1 ,1, 1
100 ,96, 82, '64 66 68 66 65 59 70 63 ' ,'0 0 0 0 0 0 0 0 ' ,16 ,2 ,2, 2
91 ,88, 76, '62 67 56 66 52 53 56 61 ' ,'0 0 0 0 0 0 0 0 ' ,16 ,1 ,1, 1
91 ,82, 72, '60 57 63 56 56 57 51 53 ' ,'0 0 0 0 0 0 0 0 ' ,15 ,2 ,1, 1
98 ,81, 81, '64 66 64 70 66 63 71 59 ' ,'0 0 0 0 0 0 0 0 ' ,15 ,2 ,1, 1
111 ,88, 88, '67 73 69 77 62 62 63 63 ' ,'0 0 0 0 0 0 0 0 ' ,21 ,2 ,1, 1
103 ,100, 80, '58 59 59 65 59 52 55 50 ' ,'0 0 0 0 0 0 0 0 ' ,17 ,1 ,1, 1
111 ,86, 89, '79 80 69 63 64 63 64 60 ' ,'0 0 0 0 0 0 0 0 ' ,22 ,0 ,1, 1
107 ,101, 86, '67 65 67 69 67 62 60 65 ' ,'0 0 0 0 0 0 0 0 ' ,18 ,1 ,1, 1
110 ,95, 85, '67 77 67 69 62 63 63 61 ' ,'0 0 0 0 0 0 0 0 ' ,17 ,1 ,1, 1
119 ,98, 96, '77 67 75 64 70 69 60 61 ' ,'0 0 0 0 0 0 0 0 ' ,29 ,1 ,1, 1
119 ,109, 96, '79 69 72 77 66 67 67 68 ' ,'0 0 0 0 0 0 0 0 ' ,21 ,1 ,2, 1
120 ,105, 92, '68 63 62 64 64 64 66 69 ' ,'0 0 0 0 0 0 0 0 ' ,20 ,1 ,2, 2
105 ,105, 82, '61 59 63 59 60 56 62 50 ' ,'0 0 0 0 0 0 0 0 ' ,22 ,1 ,2, 2
103 ,93, 82, '69 71 69 66 57 57 60 62 ' ,'0 0 0 0 0 0 0 0 ' ,18 ,1 ,1, 1
116 ,97, 94, '67 68 66 71 65 66 64 68 ' ,'0 0 0 0 0 0 0 0 ' ,22 ,1 ,1, 1
131 ,103, 105, '67 70 72 63 75 62 62 63 ' ,'0 0 0 0 0 0 0 0 ' ,36 ,1 ,2, 2
122 ,116, 96, '67 63 64 62 65 70 59 69 ' ,'0 0 0 0 0 0 0 0 ' ,28 ,1 ,2, 2
106 ,105, 82, '69 65 71 66 53 65 70 67 ' ,'0 0 0 0 0 0 0 0 ' ,9 ,1 ,2, 2
109 ,95, 89, '69 72 67 64 62 59 59 65 ' ,'0 0 0 0 0 0 0 0 ' ,24 ,1 ,1, 1
102 ,97, 78, '60 62 56 53 55 56 54 62 ' ,'0 0 0 0 0 0 0 0 ' ,15 ,0 ,1, 1
118 ,85, 93, '64 68 81 67 60 64 69 82 ' ,'0 0 0 0 0 0 0 0 ' ,21 ,1 ,1, 1
104 ,108, 79, '59 60 60 58 53 53 62 52 ' ,'0 0 0 0 0 0 0 0 ' ,17 ,1 ,2, 2
111 ,93, 92, '68 70 70 71 59 63 59 60 ' ,'0 0 0 0 0 0 0 0 ' ,24 ,1 ,2, 2
111 ,102, 83, '70 59 56 55 50 54 64 52 ' ,'0 0 0 0 0 0 0 0 ' ,21 ,1 ,1, 1
115 ,101, 93, '68 64 66 73 58 62 64 57 ' ,'0 0 0 0 0 0 0 0 ' ,27 ,1 ,2, 2
116 ,108, 95, '62 65 67 64 58 64 67 72 ' ,'0 0 0 0 0 0 0 0 ' ,23 ,1 ,2, 2
116 ,102, 92, '75 68 66 63 61 66 60 67 ' ,'0 0 0 0 0 0 0 0 ' ,21 ,1 ,2, 2
108 ,102, 86, '68 68 66 65 60 61 69 55 ' ,'0 0 0 0 0 0 0 0 ' ,21 ,1 ,1, 1
120 ,96, 89, '60 73 61 72 56 74 59 57 ' ,'0 0 0 0 0 0 0 0 ' ,27 ,2 ,2, 1
113 ,102, 86, '62 63 60 77 58 61 70 62 ' ,'0 0 0 0 0 0 0 0 ' ,22 ,1 ,1, 1
123 ,99, 100, '66 75 65 64 72 62 62 61 ' ,'0 0 0 0 0 0 0 0 ' ,33 ,1 ,1, 1
115 ,114, 81, '60 61 58 55 49 55 53 59 ' ,'0 0 0 0 0 0 0 0 ' ,18 ,1 ,2, 2
129 ,97, 106, '63 71 70 70 70 64 62 63 ' ,'0 0 0 0 0 0 0 0 ' ,35 ,2 ,2, 2
123 ,120, 98, '70 65 70 66 71 69 68 60 ' ,'0 0 0 0 0 0 0 0 ' ,29 ,1 ,1, 1
112 ,112, 92, '82 69 67 64 64 64 59 61 ' ,'0 0 0 0 0 0 0 0 ' ,26 ,1 ,1, 1
103 ,101, 85, '76 67 64 67 62 62 74 60 ' ,'0 0 0 0 0 0 0 0 ' ,18 ,0 ,1, 1
90 ,94, 76, '54 59 60 62 58 55 57 64 ' ,'0 0 0 0 0 0 0 0 ' ,13 ,1 ,1, 1
110 ,81, 93, '71 64 77 69 64 64 64 60 ' ,'0 0 0 0 0 0 0 0 ' ,18 ,1 ,2, 2
101 ,102, 86, '56 60 60 60 54 53 53 75 ' ,'0 0 0 0 0 0 0 0 ' ,26 ,1 ,1, 1
101 ,92, 86, '72 69 71 65 64 63 62 62 ' ,'0 0 0 0 0 0 0 0 ' ,11 ,1 ,1, 1
115 ,92, 92, '62 65 66 73 59 58 65 63 ' ,'0 0 0 0 0 0 0 0 ' ,28 ,2 ,1, 1
117 ,101, 93, '63 67 62 72 68 61 62 57 ' ,'0 0 0 0 0 0 0 0 ' ,27 ,2 ,1, 1
109 ,108, 85, '61 69 67 66 55 63 60 67 ' ,'0 0 0 0 0 0 0 0 ' ,17 ,1 ,2, 2
105 ,94, 83, '61 52 71 67 52 55 60 51 ' ,'0 0 0 0 0 0 0 0 ' ,21 ,1 ,1, 1
113 ,97, 90, '65 63 67 58 52 53 49 56 ' ,'0 0 0 0 0 0 0 0 ' ,32 ,1 ,2, 2
126 ,99, 102, '71 63 88 62 61 63 57 58 ' ,'0 0 0 0 0 0 0 0 ' ,32 ,1 ,2, 2
128 ,117, 99, '66 65 66 68 62 63 69 61 ' ,'0 0 0 0 0 0 0 0 ' ,30 ,1 ,1, 1
125 ,113, 100, '61 80 70 65 64 68 72 60 ' ,'0 0 0 0 0 0 0 0 ' ,28 ,1 ,2, 2
118 ,109, 92, '67 65 62 65 56 65 71 60 ' ,'0 0 0 0 0 0 0 0 ' ,22 ,1 ,2, 2
126 ,106, 103, '70 80 74 70 68 61 66 65 ' ,'0 0 0 0 0 0 0 0 ' ,34 ,2 ,2, 2
125 ,119, 100, '68 63 67 74 58 64 64 85 ' ,'0 0 0 0 0 0 0 0 ' ,28 ,4 ,2, 2
120 ,115, 95, '69 70 64 68 57 65 76 64 ' ,'0 0 0 0 0 0 0 0 ' ,18 ,1 ,2, 2
120 ,106, 97, '63 68 66 62 58 60 60 68 ' ,'0 0 0 0 0 0 0 0 ' ,27 ,2 ,1, 1
118 ,105, 95, '65 66 63 68 55 62 57 58 ' ,'0 0 0 0 0 0 0 0 ' ,28 ,2 ,1, 1
116 ,108, 94, '64 75 64 70 60 59 62 56 ' ,'0 0 0 0 0 0 0 0 ' ,27 ,2 ,2, 2
127 ,108, 102, '65 56 61 57 56 60 49 51 ' ,'0 0 0 0 0 0 0 0 ' ,41 ,12 ,1, 1
117 ,113, 98, '64 63 65 64 59 65 56 59 ' ,'0 0 0 0 0 0 0 0 ' ,31 ,2 ,2, 2
129 ,108, 106, '67 63 66 78 70 57 67 67 ' ,'0 0 0 0 0 0 0 0 ' ,39 ,1 ,2, 2
121 ,118, 100, '65 70 63 75 58 61 56 65 ' ,'0 0 0 0 0 0 0 0 ' ,33 ,4 ,2, 2
119 ,112, 89, '60 58 62 60 53 53 54 62 ' ,'0 0 0 0 0 0 0 0 ' ,28 ,1 ,2, 2
180 ,103, 155, '75 71 66 65 76 63 58 72 ' ,'0 0 0 0 0 0 0 0 ' ,85 ,41 ,1, 1
121 ,167, 88, '63 56 55 57 51 51 64 60 ' ,'0 0 0 0 0 0 0 0 ' ,28 ,1 ,2, 2
116 ,102, 93, '66 65 64 66 57 57 58 59 ' ,'0 0 0 0 0 0 0 0 ' ,27 ,1 ,2, 2
127 ,101, 101, '66 72 67 65 61 62 56 59 ' ,'0 0 0 0 0 0 0 0 ' ,35 ,1 ,2, 2
129 ,113, 105, '66 68 80 67 69 62 67 62 ' ,'0 0 0 0 0 0 0 0 ' ,36 ,2 ,2, 2
129 ,118, 99, '70 71 65 61 61 57 62 63 ' ,'0 0 0 0 0 0 0 0 ' ,33 ,1 ,1, 1
120 ,113, 100, '66 67 69 61 61 64 68 59 ' ,'0 0 0 0 0 0 0 0 ' ,31 ,1 ,1, 1
131 ,110, 105, '69 63 60 65 66 58 62 56 ' ,'0 0 0 0 0 0 0 0 ' ,43 ,2 ,1, 1
110 ,120, 92, '72 65 73 64 58 67 69 76 ' ,'0 0 0 0 0 0 0 0 ' ,18 ,1 ,2, 2
126 ,101, 105, '63 71 66 72 64 60 59 62 ' ,'0 0 0 0 0 0 0 0 ' ,35 ,1 ,1, 1
94 ,116, 78, '57 65 60 65 55 59 55 60 ' ,'0 0 0 0 0 0 0 0 ' ,13 ,1 ,1, 1
102 ,84, 86, '66 68 73 63 57 58 58 61 ' ,'0 0 0 0 0 0 0 0 ' ,18 ,1 ,2, 2
101 ,92, 86, '68 64 68 62 69 64 64 59 ' ,'0 0 0 0 0 0 0 0 ' ,17 ,2 ,1, 1
96 ,92, 81, '63 60 67 69 65 58 58 67 ' ,'0 0 0 0 0 0 0 0 ' ,13 ,1 ,1, 1
101 ,87, 81, '66 65 61 68 55 60 70 56 ' ,'0 0 0 0 0 0 0 0 ' ,17 ,1 ,1, 1
102 ,92, 87, '69 76 67 69 62 65 63 66 ' ,'0 0 0 0 0 0 0 0 ' ,15 ,1 ,1, 1
121 ,92, 104, '63 67 66 63 62 57 58 65 ' ,'0 0 0 0 0 0 0 0 ' ,33 ,2 ,2, 2
128 ,112, 106, '70 66 72 69 66 62 58 68 ' ,'0 0 0 0 0 0 0 0 ' ,38 ,1 ,2, 2
126 ,112, 101, '58 65 56 63 59 49 54 50 ' ,'0 0 0 0 0 0 0 0 ' ,41 ,1 ,1, 1
138 ,116, 116, '66 68 67 66 77 58 78 65 ' ,'0 0 0 0 0 0 0 0 ' ,48 ,2 ,2, 2
124 ,130, 101, '59 63 62 55 57 64 51 58 ' ,'0 0 0 0 0 0 0 0 ' ,36 ,1 ,2, 2
132 ,112, 108, '65 73 60 64 63 70 62 63 ' ,'0 0 0 0 0 0 0 0 ' ,35 ,1 ,2, 2
138 ,123, 115, '69 65 75 64 63 74 65 66 ' ,'0 0 0 0 0 0 0 0 ' ,40 ,2 ,2, 2
119 ,124, 97, '54 62 59 55 56 53 58 53 ' ,'0 0 0 0 0 0 0 0 ' ,31 ,1 ,2, 2
135 ,109, 109, '74 66 67 81 64 64 60 72 ' ,'0 0 0 0 0 0 0 0 ' ,39 ,3 ,1, 1
129 ,120, 106, '73 63 71 65 66 67 61 61 ' ,'0 0 0 0 0 0 0 0 ' ,32 ,1 ,1, 1
143 ,120, 120, '68 66 71 69 71 66 71 75 ' ,'0 0 0 0 0 0 0 0 ' ,43 ,2 ,1, 1
152 ,130, 128, '75 69 69 71 77 74 64 63 ' ,'0 0 0 0 0 0 0 0 ' ,54 ,2 ,2, 1
285 ,137, 262, '130 130 133 160 210 164 204 215 ' ,'0 0 0 0 0 0 0 0 ' ,122 ,2 ,2, 2
125 ,274, 101, '75 68 69 66 64 76 73 66 ' ,'0 0 0 0 0 0 0 0 ' ,25 ,2 ,2, 2
140 ,110, 115, '74 70 69 73 77 71 69 63 ' ,'0 0 0 0 0 0 0 0 ' ,41 ,1 ,1, 1
145 ,127, 119, '77 69 79 70 70 64 72 66 ' ,'0 0 0 0 0 0 0 0 ' ,44 ,2 ,1, 1
132 ,128, 109, '76 73 67 76 63 67 75 71 ' ,'0 0 0 0 0 0 0 0 ' ,32 ,2 ,2, 2
137 ,120, 109, '68 68 70 69 61 67 63 68 ' ,'0 0 0 0 0 0 0 0 ' ,33 ,1 ,2, 2
132 ,126, 109, '64 66 70 69 65 68 63 73 ' ,'0 0 0 0 0 0 0 0 ' ,33 ,2 ,2, 2
143 ,120, 118, '73 83 78 67 67 84 69 65 ' ,'0 0 0 0 0 0 0 0 ' ,36 ,2 ,2, 2
140 ,129, 116, '69 73 81 72 65 71 72 68 ' ,'0 0 0 0 0 0 0 0 ' ,33 ,2 ,2, 2
129 ,128, 103, '79 78 77 76 65 70 70 67 ' ,'0 0 0 0 0 0 0 0 ' ,25 ,1 ,1, 1
141 ,113, 117, '84 72 75 78 65 68 77 71 ' ,'0 0 0 0 0 0 0 0 ' ,38 ,2 ,1, 1
139 ,130, 114, '84 75 74 83 64 71 72 71 ' ,'0 0 0 0 0 0 0 0 ' ,34 ,1 ,1, 1
135 ,128, 111, '85 80 86 78 69 72 69 69 ' ,'0 0 0 0 0 0 0 0 ' ,31 ,2 ,2, 2
147 ,124, 122, '78 76 71 72 72 69 66 69 ' ,'0 0 0 0 0 0 0 0 ' ,43 ,1 ,2, 2
164 ,137, 145, '76 71 73 74 73 74 79 80 ' ,'0 0 0 0 0 0 0 0 ' ,64 ,2 ,1, 1
224 ,156, 204, '75 80 82 77 71 74 72 74 ' ,'0 0 0 0 0 0 0 0 ' ,118 ,89 ,3, 3
135 ,211, 113, '78 80 80 74 70 73 68 74 ' ,'0 0 0 0 0 0 0 0 ' ,34 ,2 ,2, 2
605 ,124, 578, '514 427 430 489 376 561 414 454 ' ,'243 202 199 182 172 322 182 204 ' ,156 ,4 ,2, 2
112 ,591, 97, '76 77 76 84 71 76 86 74 ' ,'0 0 0 0 0 0 0 0 ' ,14 ,1 ,1, 1
115 ,102, 97, '73 84 79 84 69 72 71 85 ' ,'0 0 0 0 0 0 0 0 ' ,19 ,1 ,2, 2
117 ,106, 96, '76 84 81 80 75 76 68 76 ' ,'0 0 0 0 0 0 0 0 ' ,17 ,1 ,2, 2
120 ,104, 99, '72 72 87 77 68 83 73 74 ' ,'0 0 0 0 0 0 0 0 ' ,21 ,2 ,2, 2
107 ,107, 88, '70 69 76 74 64 65 74 74 ' ,'0 0 0 0 0 0 0 0 ' ,15 ,0 ,1, 1
118 ,97, 101, '87 72 84 79 69 67 76 66 ' ,'0 0 0 0 0 0 0 0 ' ,23 ,2 ,2, 2
114 ,109, 97, '69 84 78 76 68 70 65 72 ' ,'0 0 0 0 0 0 0 0 ' ,20 ,1 ,2, 2
157 ,105, 129, '72 72 84 74 71 72 78 73 ' ,'0 0 0 0 0 0 0 0 ' ,42 ,2 ,1, 1
144 ,139, 119, '82 72 80 74 66 73 75 74 ' ,'0 0 0 0 0 0 0 0 ' ,34 ,2 ,2, 2
159 ,135, 135, '79 78 85 77 75 76 69 77 ' ,'0 0 0 0 0 0 0 0 ' ,41 ,2 ,4, 4
148 ,144, 125, '83 75 78 76 67 68 77 73 ' ,'0 0 0 0 0 0 0 0 ' ,44 ,2 ,2, 2
158 ,134, 135, '84 94 74 78 83 82 73 79 ' ,'0 0 0 0 0 0 0 0 ' ,46 ,2 ,3, 3
151 ,145, 126, '76 78 91 80 76 71 70 79 ' ,'0 0 0 0 0 0 0 0 ' ,44 ,1 ,1, 1
148 ,137, 122, '88 74 76 76 71 75 73 71 ' ,'0 0 0 0 0 0 0 0 ' ,38 ,1 ,2, 2
146 ,134, 123, '83 76 79 76 68 92 77 74 ' ,'0 0 0 0 0 0 0 0 ' ,35 ,2 ,2, 2
160 ,134, 138, '95 79 78 80 78 76 72 73 ' ,'0 0 0 0 0 0 0 0 ' ,53 ,1 ,2, 2
155 ,150, 125, '86 86 81 85 68 72 73 67 ' ,'0 0 0 0 0 0 0 0 ' ,41 ,2 ,1, 1
147 ,139, 124, '79 77 78 79 72 82 72 78 ' ,'0 0 0 0 0 0 0 0 ' ,40 ,1 ,2, 2
151 ,137, 128, '77 93 76 86 72 87 74 71 ' ,'0 0 0 0 0 0 0 0 ' ,46 ,2 ,2, 2
151 ,139, 129, '84 78 80 82 79 74 70 78 ' ,'0 0 0 0 0 0 0 0 ' ,48 ,2 ,2, 2
152 ,142, 126, '76 80 83 77 68 88 86 68 ' ,'0 0 0 0 0 0 0 0 ' ,43 ,1 ,1, 1
249 ,135, 136, '76 86 76 75 72 83 71 79 ' ,'0 0 0 0 0 0 0 0 ' ,51 ,1 ,2, 2
160 ,154, 135, '84 74 75 77 75 74 77 80 ' ,'0 0 0 0 0 0 0 0 ' ,49 ,2 ,2, 2
139 ,147, 119, '81 74 84 88 72 74 75 73 ' ,'0 0 0 0 0 0 0 0 ' ,34 ,1 ,2, 2
160 ,127, 132, '82 75 76 84 76 75 81 77 ' ,'0 0 0 0 0 0 0 0 ' ,45 ,1 ,2, 2
238 ,144, 213, '94 74 85 80 76 75 73 72 ' ,'0 0 0 0 0 0 0 0 ' ,128 ,84 ,1, 1
158 ,226, 125, '84 77 80 85 75 78 77 75 ' ,'0 0 0 0 0 0 0 0 ' ,42 ,1 ,2, 2
152 ,143, 131, '77 77 79 79 77 75 73 84 ' ,'0 0 0 0 0 0 0 0 ' ,45 ,1 ,1, 1
177 ,146, 156, '80 75 84 82 100 77 70 73 ' ,'0 0 0 0 0 0 0 0 ' ,75 ,1 ,2, 2
154 ,169, 129, '81 78 81 80 74 72 81 74 ' ,'0 0 0 0 0 0 0 0 ' ,45 ,2 ,1, 1
162 ,143, 137, '80 82 89 78 82 75 77 72 ' ,'0 0 0 0 0 0 0 0 ' ,51 ,1 ,2, 2
150 ,146, 126, '92 84 80 78 71 82 72 74 ' ,'0 0 0 0 0 0 0 0 ' ,39 ,1 ,1, 1
159 ,135, 129, '82 72 80 79 76 79 73 76 ' ,'0 0 0 0 0 0 0 0 ' ,46 ,2 ,2, 2
153 ,143, 134, '85 75 89 88 75 72 76 80 ' ,'0 0 0 0 0 0 0 0 ' ,49 ,2 ,1, 1
165 ,149, 137, '79 75 79 86 83 71 76 79 ' ,'0 0 0 0 0 0 0 0 ' ,54 ,2 ,2, 2
350 ,150, 324, '88 86 85 85 86 80 75 73 ' ,'0 0 0 0 0 0 0 0 ' ,237 ,174 ,2, 2
176 ,336, 149, '84 84 78 75 88 71 70 78 ' ,'0 0 0 0 0 0 0 0 ' ,66 ,2 ,1, 1
119 ,158, 102, '82 78 84 82 68 85 82 74 ' ,'0 0 0 0 0 0 0 0 ' ,22 ,1 ,1, 1
112 ,110, 95, '81 76 80 79 68 71 72 77 ' ,'0 0 0 0 0 0 0 0 ' ,15 ,1 ,1, 1
113 ,101, 97, '82 79 78 79 74 81 68 76 ' ,'0 0 0 0 0 0 0 0 ' ,19 ,1 ,1, 1
117 ,104, 101, '86 78 79 78 72 73 76 75 ' ,'0 0 0 0 0 0 0 0 ' ,16 ,1 ,2, 2
121 ,108, 105, '84 77 79 76 76 70 69 74 ' ,'0 0 0 0 0 0 0 0 ' ,15 ,1 ,2, 2
121 ,111, 106, '87 80 78 85 75 76 78 78 ' ,'0 0 0 0 0 0 0 0 ' ,14 ,1 ,2, 1
174 ,112, 148, '78 77 84 81 84 73 75 78 ' ,'0 0 0 0 0 0 0 0 ' ,57 ,1 ,2, 2
149 ,161, 129, '94 88 81 83 70 79 76 86 ' ,'0 0 0 0 0 0 0 0 ' ,40 ,2 ,2, 2
172 ,141, 143, '88 82 84 78 80 75 83 74 ' ,'0 0 0 0 0 0 0 0 ' ,56 ,2 ,2, 2
161 ,156, 138, '85 79 81 94 71 78 78 76 ' ,'0 0 0 0 0 0 0 0 ' ,50 ,2 ,1, 1
161 ,152, 138, '91 72 82 79 69 75 70 70 ' ,'0 0 0 0 0 0 0 0 ' ,53 ,1 ,2, 2
165 ,152, 142, '84 75 74 110 71 72 82 78 ' ,'0 0 0 0 0 0 0 0 ' ,57 ,1 ,2, 2
163 ,156, 136, '75 79 85 85 69 75 77 77 ' ,'0 0 0 0 0 0 0 0 ' ,46 ,2 ,2, 2
155 ,149, 134, '78 71 84 75 68 80 80 72 ' ,'0 0 0 0 0 0 0 0 ' ,49 ,2 ,1, 1
229 ,147, 131, '76 75 78 74 67 76 82 76 ' ,'0 0 0 0 0 0 0 0 ' ,46 ,1 ,2, 2
161 ,141, 140, '78 80 83 81 71 86 68 77 ' ,'0 0 0 0 0 0 0 0 ' ,58 ,2 ,2, 2
167 ,151, 136, '73 77 85 78 77 69 75 74 ' ,'0 0 0 0 0 0 0 0 ' ,54 ,1 ,2, 2
163 ,146, 141, '81 87 77 80 74 70 74 80 ' ,'0 0 0 0 0 0 0 0 ' ,53 ,2 ,2, 2
167 ,153, 144, '86 87 74 87 74 74 78 75 ' ,'0 0 0 0 0 0 0 0 ' ,58 ,1 ,2, 2
167 ,156, 141, '80 86 89 91 78 72 80 75 ' ,'0 0 0 0 0 0 0 0 ' ,59 ,2 ,1, 1
167 ,154, 146, '77 87 77 92 81 69 73 81 ' ,'0 0 0 0 0 0 0 0 ' ,64 ,3 ,2, 2
211 ,157, 190, '88 84 85 84 118 71 86 79 ' ,'0 0 0 0 0 0 0 0 ' ,106 ,2 ,2, 2
167 ,202, 143, '77 76 79 79 76 75 80 75 ' ,'0 0 0 0 0 0 0 0 ' ,48 ,2 ,2, 2
187 ,152, 161, '76 79 84 79 92 76 78 76 ' ,'0 0 0 0 0 0 0 0 ' ,70 ,2 ,2, 2
156 ,175, 136, '78 88 77 81 74 74 77 66 ' ,'0 0 0 0 0 0 0 0 ' ,52 ,2 ,1, 1
154 ,150, 131, '77 78 75 78 74 81 80 85 ' ,'0 0 0 0 0 0 0 0 ' ,37 ,1 ,1, 1
166 ,149, 136, '89 78 74 74 76 74 81 76 ' ,'0 0 0 0 0 0 0 0 ' ,45 ,2 ,1, 1
178 ,150, 155, '81 76 89 77 92 81 71 78 ' ,'0 0 0 0 0 0 0 0 ' ,71 ,2 ,2, 2
176 ,165, 153, '74 80 74 86 72 77 72 76 ' ,'0 0 0 0 0 0 0 0 ' ,64 ,14 ,1, 1
171 ,169, 148, '77 83 85 83 83 73 72 75 ' ,'0 0 0 0 0 0 0 0 ' ,63 ,1 ,2, 2
178 ,160, 156, '73 79 82 79 81 82 78 81 ' ,'0 0 0 0 0 0 0 0 ' ,67 ,2 ,2, 2
158 ,168, 132, '89 74 81 98 67 69 80 83 ' ,'0 0 0 0 0 0 0 0 ' ,51 ,2 ,2, 2
164 ,142, 143, '96 73 84 90 67 78 74 77 ' ,'0 0 0 0 0 0 0 0 ' ,56 ,17 ,2, 2
205 ,157, 178, '75 79 79 80 87 73 79 82 ' ,'0 0 0 0 0 0 0 0 ' ,94 ,21 ,1, 1
162 ,192, 140, '76 77 84 80 72 76 77 75 ' ,'0 0 0 0 0 0 0 0 ' ,49 ,2 ,2, 2
162 ,153, 142, '84 74 82 77 73 70 76 73 ' ,'0 0 0 0 0 0 0 0 ' ,57 ,2 ,2, 2
120 ,154, 104, '79 77 75 76 71 81 69 71 ' ,'0 0 0 0 0 0 0 0 ' ,16 ,1 ,1, 1
137 ,110, 117, '76 83 83 80 71 81 73 80 ' ,'0 0 0 0 0 0 0 0 ' ,30 ,1 ,2, 2
141 ,123, 120, '88 80 74 76 74 78 69 72 ' ,'0 0 0 0 0 0 0 0 ' ,32 ,1 ,2, 2
119 ,128, 104, '88 76 87 81 79 75 81 73 ' ,'0 0 0 0 0 0 0 0 ' ,19 ,1 ,1, 1
115 ,112, 100, '77 79 74 80 72 80 81 72 ' ,'0 0 0 0 0 0 0 0 ' ,12 ,1 ,2, 2
118 ,106, 102, '81 76 76 77 74 84 71 81 ' ,'0 0 0 0 0 0 0 0 ' ,19 ,1 ,1, 1
162 ,109, 135, '84 72 83 73 68 74 71 75 ' ,'0 0 0 0 0 0 0 0 ' ,48 ,2 ,2, 2
151 ,145, 134, '90 76 82 77 78 76 83 81 ' ,'0 0 0 0 0 0 0 0 ' ,44 ,2 ,1, 1
300 ,147, 152, '88 85 89 76 77 74 74 74 ' ,'0 0 0 0 0 0 0 0 ' ,59 ,2 ,2, 2
165 ,163, 145, '77 79 81 81 76 86 82 83 ' ,'0 0 0 0 0 0 0 0 ' ,52 ,2 ,1, 1
170 ,157, 148, '82 89 83 88 77 72 75 85 ' ,'0 0 0 0 0 0 0 0 ' ,62 ,2 ,2, 2
172 ,161, 146, '86 77 90 80 76 82 76 74 ' ,'0 0 0 0 0 0 0 0 ' ,57 ,1 ,2, 2
187 ,155, 160, '84 87 93 80 74 72 75 80 ' ,'0 0 0 0 0 0 0 0 ' ,71 ,2 ,2, 2
176 ,177, 148, '77 86 77 80 73 76 75 73 ' ,'0 0 0 0 0 0 0 0 ' ,59 ,1 ,2, 2
174 ,159, 148, '86 84 77 77 76 77 67 82 ' ,'0 0 0 0 0 0 0 0 ' ,63 ,2 ,2, 2
168 ,160, 141, '78 78 84 80 72 80 81 79 ' ,'0 0 0 0 0 0 0 0 ' ,54 ,2 ,2, 2
173 ,157, 154, '93 78 85 79 81 80 91 79 ' ,'0 0 0 0 0 0 0 0 ' ,63 ,2 ,2, 2
161 ,165, 133, '75 78 79 81 74 81 74 75 ' ,'0 0 0 0 0 0 0 0 ' ,39 ,2 ,1, 1
185 ,146, 160, '87 81 80 76 93 72 74 85 ' ,'0 0 0 0 0 0 0 0 ' ,71 ,2 ,2, 2
167 ,173, 142, '89 83 74 80 73 73 72 81 ' ,'0 0 0 0 0 0 0 0 ' ,56 ,2 ,2, 2
583 ,154, 557, '74 73 77 74 75 71 89 72 ' ,'0 0 0 0 0 0 0 0 ' ,472 ,2 ,1, 1
184 ,573, 160, '78 74 80 68 82 64 64 67 ' ,'0 0 0 0 0 0 0 0 ' ,85 ,3 ,1, 1
176 ,174, 155, '78 69 77 79 75 69 64 69 ' ,'0 0 0 0 0 0 0 0 ' ,78 ,2 ,2, 2
163 ,166, 142, '68 75 78 75 71 74 67 74 ' ,'0 0 0 0 0 0 0 0 ' ,62 ,1 ,1, 1
166 ,153, 145, '78 75 75 69 68 65 67 66 ' ,'0 0 0 0 0 0 0 0 ' ,67 ,1 ,1, 1
188 ,154, 165, '67 68 79 71 92 69 73 71 ' ,'0 0 0 0 0 0 0 0 ' ,83 ,2 ,1, 1
186 ,175, 155, '70 68 72 70 78 64 73 77 ' ,'0 0 0 0 0 0 0 0 ' ,76 ,2 ,1, 1
169 ,169, 144, '74 68 70 70 69 62 64 73 ' ,'0 0 0 0 0 0 0 0 ' ,62 ,2 ,2, 2
164 ,157, 143, '77 66 75 79 66 60 68 64 ' ,'0 0 0 0 0 0 0 0 ' ,67 ,2 ,1, 1
162 ,151, 136, '72 70 69 70 66 61 62 58 ' ,'0 0 0 0 0 0 0 0 ' ,64 ,2 ,1, 1
505 ,150, 482, '70 65 84 67 57 63 67 61 ' ,'0 0 0 0 0 0 0 0 ' ,409 ,2 ,1, 1
155 ,496, 132, '78 65 65 64 59 64 59 58 ' ,'0 0 0 0 0 0 0 0 ' ,62 ,2 ,1, 1
155 ,144, 133, '74 67 69 68 60 63 63 73 ' ,'0 0 0 0 0 0 0 0 ' ,55 ,2 ,2, 2
152 ,145, 130, '63 65 66 66 57 65 67 68 ' ,'0 0 0 0 0 0 0 0 ' ,51 ,3 ,2, 2
161 ,143, 140, '70 71 65 65 58 68 66 70 ' ,'0 0 0 0 0 0 0 0 ' ,64 ,2 ,1, 1
156 ,156, 132, '64 72 71 68 58 70 61 64 ' ,'0 0 0 0 0 0 0 0 ' ,54 ,2 ,1, 1
114 ,142, 98, '68 70 81 64 61 70 64 59 ' ,'0 0 0 0 0 0 0 0 ' ,20 ,1 ,1, 1
273 ,104, 253, '63 72 66 67 65 65 60 63 ' ,'0 0 0 0 0 0 0 0 ' ,176 ,2 ,2, 2
113 ,259, 93, '63 72 67 68 60 73 62 73 ' ,'0 0 0 0 0 0 0 0 ' ,15 ,2 ,2, 2
107 ,98, 92, '68 64 74 67 70 61 60 63 ' ,'0 0 0 0 0 0 0 0 ' ,15 ,1 ,2, 2
114 ,97, 97, '66 62 71 63 63 64 65 62 ' ,'0 0 0 0 0 0 0 0 ' ,16 ,2 ,2, 2
125 ,104, 106, '68 66 75 68 67 63 62 65 ' ,'0 0 0 0 0 0 0 0 ' ,22 ,2 ,2, 2
165 ,113, 138, '78 63 64 66 65 59 61 62 ' ,'0 0 0 0 0 0 0 0 ' ,62 ,2 ,2, 2
168 ,151, 145, '70 65 69 69 68 68 59 63 ' ,'0 0 0 0 0 0 0 0 ' ,68 ,2 ,2, 2
163 ,157, 138, '70 71 67 70 60 62 64 68 ' ,'0 0 0 0 0 0 0 0 ' ,57 ,2 ,2, 2
158 ,155, 139, '66 69 77 69 66 77 68 71 ' ,'0 0 0 0 0 0 0 0 ' ,56 ,3 ,2, 2
435 ,148, 411, '72 71 63 65 61 64 58 64 ' ,'0 0 0 0 0 0 0 390 ' ,332 ,2 ,1, 1
167 ,638, 143, '69 74 68 68 67 62 62 66 ' ,'0 0 0 0 0 0 0 0 ' ,69 ,3 ,2, 2
147 ,155, 126, '71 63 68 69 59 59 58 64 ' ,'0 0 0 0 0 0 0 0 ' ,55 ,2 ,1, 1
180 ,137, 156, '67 63 64 73 76 69 69 61 ' ,'0 0 0 0 0 0 0 0 ' ,81 ,3 ,1, 1
169 ,168, 146, '72 69 72 80 67 60 67 67 ' ,'0 0 0 0 0 0 0 0 ' ,73 ,3 ,2, 2
168 ,158, 144, '76 63 73 67 76 62 67 61 ' ,'0 0 0 0 0 0 0 0 ' ,69 ,2 ,2, 2
151 ,158, 125, '66 66 66 70 59 61 71 75 ' ,'0 0 0 0 0 0 0 0 ' ,50 ,1 ,1, 1
147 ,134, 129, '76 69 76 76 61 63 63 72 ' ,'0 0 0 0 0 0 0 0 ' ,53 ,9 ,1, 1
154 ,139, 133, '69 70 67 76 59 73 66 62 ' ,'0 0 0 0 0 0 0 0 ' ,55 ,2 ,2, 2
158 ,143, 130, '70 75 67 68 60 66 62 64 ' ,'0 0 0 0 0 0 0 0 ' ,52 ,2 ,2, 2
161 ,140, 136, '76 67 66 66 60 72 60 67 ' ,'0 0 0 0 0 0 0 0 ' ,59 ,2 ,1, 1
175 ,149, 153, '69 69 70 71 72 71 64 68 ' ,'0 0 0 0 0 0 0 0 ' ,74 ,2 ,2, 2
161 ,165, 138, '77 71 69 66 66 69 64 65 ' ,'0 0 0 0 0 0 0 0 ' ,55 ,2 ,2, 2
167 ,149, 143, '85 69 76 80 63 73 65 67 ' ,'0 0 0 0 0 0 0 0 ' ,63 ,2 ,1, 1
158 ,157, 133, '73 68 78 80 61 64 65 63 ' ,'0 0 0 0 0 0 0 0 ' ,56 ,2 ,2, 2
151 ,145, 130, '75 65 71 67 66 61 61 68 ' ,'0 0 0 0 0 0 0 0 ' ,51 ,2 ,1, 1
157 ,142, 134, '66 67 69 73 64 68 62 70 ' ,'0 0 0 0 0 0 0 0 ' ,53 ,2 ,2, 2
160 ,144, 138, '66 72 68 77 69 72 63 66 ' ,'0 0 0 0 0 0 0 0 ' ,56 ,2 ,1, 1
160 ,148, 137, '69 71 70 78 64 77 65 63 ' ,'0 0 0 0 0 0 0 0 ' ,56 ,2 ,2, 2
188 ,149, 163, '87 82 76 68 91 73 62 64 ' ,'0 0 0 0 0 0 0 0 ' ,84 ,3 ,2, 2
162 ,175, 141, '83 78 71 66 66 75 71 60 ' ,'0 0 0 0 0 0 0 0 ' ,56 ,1 ,2, 2
152 ,152, 129, '86 73 75 71 63 65 66 70 ' ,'0 0 0 0 0 0 0 0 ' ,53 ,2 ,1, 1
187 ,142, 162, '73 66 71 70 75 79 70 66 ' ,'0 0 0 0 0 0 0 0 ' ,73 ,3 ,2, 2
187 ,174, 155, '86 75 72 74 70 66 67 76 ' ,'0 0 0 0 0 0 0 0 ' ,75 ,3 ,1, 1
167 ,172, 140, '70 70 76 67 69 81 68 64 ' ,'0 0 0 0 0 0 0 0 ' ,63 ,2 ,2, 2
161 ,153, 136, '84 72 73 68 64 67 69 69 ' ,'0 0 0 0 0 0 0 0 ' ,53 ,1 ,2, 2
123 ,152, 106, '79 83 71 73 69 66 61 63 ' ,'0 0 0 0 0 0 0 0 ' ,31 ,2 ,1, 1
128 ,115, 96, '73 78 66 72 73 64 61 61 ' ,'0 0 0 0 0 0 0 0 ' ,21 ,1 ,1, 1
116 ,101, 98, '67 67 68 70 64 64 64 73 ' ,'0 0 0 0 0 0 0 0 ' ,18 ,2 ,2, 2
118 ,103, 101, '74 73 71 67 67 66 68 63 ' ,'0 0 0 0 0 0 0 0 ' ,21 ,2 ,1, 1
115 ,109, 101, '69 76 74 73 83 76 64 67 ' ,'0 0 0 0 0 0 0 0 ' ,17 ,2 ,2, 2
115 ,107, 100, '73 76 70 73 66 65 62 63 ' ,'0 0 0 0 0 0 0 0 ' ,23 ,1 ,1, 1
174 ,105, 145, '84 68 72 69 59 64 69 70 ' ,'0 0 0 0 0 0 0 0 ' ,64 ,3 ,1, 1
160 ,163, 142, '70 67 75 72 61 69 72 68 ' ,'0 0 0 0 0 0 0 0 ' ,51 ,2 ,2, 2
167 ,150, 146, '72 68 71 72 61 62 63 70 ' ,'0 0 0 0 0 0 0 0 ' ,68 ,2 ,1, 1
172 ,157, 151, '71 68 75 74 65 65 62 65 ' ,'0 0 0 0 0 0 0 0 ' ,74 ,3 ,2, 2
167 ,162, 145, '83 69 69 69 64 68 69 67 ' ,'0 0 0 0 0 0 0 0 ' ,59 ,4 ,2, 2
327 ,154, 304, '80 74 69 72 67 71 63 74 ' ,'0 0 0 0 0 0 0 0 ' ,224 ,159 ,2, 2
179 ,314, 155, '79 68 67 67 65 65 61 68 ' ,'0 0 0 0 0 0 0 0 ' ,74 ,2 ,1, 1
174 ,167, 147, '84 68 70 91 65 69 65 69 ' ,'0 0 0 0 0 0 0 0 ' ,62 ,2 ,2, 2
178 ,159, 156, '80 72 69 69 66 69 65 66 ' ,'0 0 0 0 0 0 0 0 ' ,73 ,3 ,1, 1
171 ,170, 147, '70 75 72 73 66 64 66 73 ' ,'0 0 0 0 0 0 0 0 ' ,68 ,3 ,1, 1
213 ,159, 188, '69 70 80 66 69 65 67 66 ' ,'0 0 0 0 0 0 0 0 ' ,108 ,37 ,2, 2
163 ,201, 141, '67 73 83 70 63 71 69 65 ' ,'0 0 0 0 0 0 0 0 ' ,59 ,2 ,1, 1
178 ,154, 155, '77 69 82 78 74 65 68 72 ' ,'0 0 0 0 0 0 0 0 ' ,76 ,2 ,1, 1
178 ,167, 160, '84 71 73 79 79 64 73 74 ' ,'0 0 0 0 0 0 0 0 ' ,80 ,2 ,2, 2
174 ,170, 149, '69 71 77 85 61 75 73 71 ' ,'0 0 0 0 0 0 0 0 ' ,57 ,3 ,1, 1
203 ,164, 180, '78 70 71 75 62 75 64 78 ' ,'0 0 0 0 0 0 0 0 ' ,101 ,34 ,2, 2
180 ,188, 155, '74 72 78 78 64 67 70 70 ' ,'0 0 0 0 0 0 0 0 ' ,73 ,3 ,1, 1
166 ,168, 140, '81 74 82 73 63 72 68 68 ' ,'0 0 0 0 0 0 0 0 ' ,57 ,2 ,1, 1
187 ,161, 165, '72 70 77 70 78 67 70 68 ' ,'0 0 0 0 0 0 0 0 ' ,81 ,3 ,2, 2
184 ,175, 161, '73 84 87 83 79 69 69 67 ' ,'0 0 0 0 0 0 0 0 ' ,80 ,3 ,2, 2
198 ,173, 178, '73 73 90 75 64 66 74 69 ' ,'0 0 0 0 0 0 0 0 ' ,87 ,34 ,2, 2
181 ,188, 159, '77 78 87 79 74 76 75 69 ' ,'0 0 0 0 0 0 0 0 ' ,69 ,2 ,2, 2
177 ,170, 154, '84 89 94 108 73 77 72 76 ' ,'0 0 0 0 0 0 0 0 ' ,67 ,3 ,2, 2
179 ,163, 156, '75 78 78 79 78 77 74 75 ' ,'0 0 0 0 0 0 0 0 ' ,62 ,3 ,2, 2
200 ,171, 177, '78 81 83 91 92 72 74 68 ' ,'0 0 0 0 0 0 0 0 ' ,83 ,2 ,2, 2
206 ,188, 185, '81 92 82 83 75 70 72 77 ' ,'0 0 0 0 0 0 0 0 ' ,101 ,26 ,2, 2
172 ,192, 148, '84 78 83 79 74 73 82 76 ' ,'0 0 0 0 0 0 0 0 ' ,48 ,3 ,2, 2
164 ,161, 144, '86 77 77 79 72 74 83 71 ' ,'0 0 0 0 0 0 0 0 ' ,56 ,3 ,2, 2
185 ,157, 158, '81 84 88 80 68 71 73 72 ' ,'0 0 0 0 0 0 0 0 ' ,69 ,3 ,2, 2
177 ,173, 151, '73 83 81 79 67 72 74 85 ' ,'0 0 0 0 0 0 0 0 ' ,64 ,3 ,1, 1
131 ,160, 112, '84 87 87 78 69 72 73 82 ' ,'0 0 0 0 0 0 0 0 ' ,23 ,2 ,2, 2
131 ,117, 114, '75 83 82 93 68 73 70 86 ' ,'0 0 0 0 0 0 0 0 ' ,26 ,2 ,1, 1
135 ,120, 110, '78 77 81 77 72 71 71 74 ' ,'0 0 0 0 0 0 0 0 ' ,21 ,2 ,1, 1
142 ,118, 123, '73 78 85 79 68 73 72 77 ' ,'0 0 0 0 0 0 0 0 ' ,37 ,2 ,2, 2
124 ,129, 103, '81 83 71 72 71 78 73 66 ' ,'0 0 0 0 0 0 0 0 ' ,19 ,2 ,2, 2
123 ,110, 106, '77 78 72 78 70 75 73 72 ' ,'0 0 0 0 0 0 0 0 ' ,18 ,2 ,1, 1
197 ,114, 173, '74 76 72 77 81 70 80 68 ' ,'0 0 0 0 0 0 0 0 ' ,83 ,2 ,2, 2
