243 ,0, 143, '103 60 74 57 61 77 67 81 36 41 47 33 ' ,'0 0 0 0 0 0 0 0 0 0 0 0 ' ,78 ,9 ,2, 2
151 ,177, 130, '97 121 103 92 92 107 120 96 57 65 91 56 ' ,'0 0 0 0 0 0 0 0 0 0 0 0 ' ,61 ,1 ,1, 1
52 ,178, 29, '12 17 18 15 14 13 16 16 13 8 8 9 ' ,'0 0 0 0 0 0 0 0 0 0 0 0 ' ,14 ,0 ,1, 1
55 ,873, 36, '15 12 15 15 16 14 13 14 8 12 9 7 ' ,'0 0 0 0 0 0 0 0 0 0 0 0 ' ,18 ,1 ,1, 1
63 ,43, 35, '12 16 11 23 13 22 19 11 15 9 8 12 ' ,'0 0 0 0 0 0 0 0 0 0 0 0 ' ,20 ,0 ,0, 0
56 ,45, 35, '16 22 19 15 16 13 18 14 10 11 9 12 ' ,'0 0 0 0 0 0 0 0 0 0 0 0 ' ,18 ,1 ,1, 1
58 ,49, 28, '19 17 11 17 15 21 17 11 13 9 9 10 ' ,'0 0 0 0 0 0 0 0 0 0 0 0 ' ,12 ,1 ,0, 0
57 ,49, 29, '14 16 17 12 21 13 16 17 6 6 13 10 ' ,'0 0 0 0 0 0 0 0 0 0 0 0 ' ,19 ,0 ,1, 1
54 ,44, 31, '16 20 14 14 11 18 17 15 8 10 10 12 ' ,'0 0 0 0 0 0 0 0 0 0 0 0 ' ,15 ,0 ,1, 1
57 ,44, 31, '20 21 14 16 16 15 18 17 10 9 7 8 ' ,'0 0 0 0 0 0 0 0 0 0 0 0 ' ,16 ,0 ,1, 1
47 ,44, 26, '18 12 11 13 11 17 16 12 7 11 11 8 ' ,'0 0 0 0 0 0 0 0 0 0 0 0 ' ,11 ,0 ,1, 1
56 ,36, 30, '17 15 16 12 11 15 17 16 11 10 10 12 ' ,'0 0 0 0 0 0 0 0 0 0 0 0 ' ,14 ,1 ,1, 1
60 ,44, 35, '16 16 17 16 18 13 15 17 12 6 8 9 ' ,'0 0 0 0 0 0 0 0 0 0 0 0 ' ,18 ,3 ,2, 2
55 ,51, 30, '16 16 15 14 15 16 18 21 5 7 12 13 ' ,'0 0 0 0 0 0 0 0 0 0 0 0 ' ,18 ,1 ,1, 1
58 ,48, 34, '18 14 20 17 18 18 23 16 12 7 20 8 ' ,'0 0 0 0 0 0 0 0 0 0 0 0 ' ,14 ,1 ,2, 1
61 ,46, 31, '14 15 13 12 16 15 13 17 8 5 7 7 ' ,'0 0 0 0 0 0 0 0 0 0 0 0 ' ,17 ,2 ,0, 0
59 ,47, 35, '19 18 14 19 16 11 19 14 9 6 6 12 ' ,'0 0 0 0 0 0 0 0 0 0 0 0 ' ,21 ,2 ,1, 1
48 ,48, 28, '12 15 11 20 10 11 16 13 13 11 6 10 ' ,'0 0 0 0 0 0 0 0 0 0 0 0 ' ,16 ,1 ,0, 0
53 ,41, 30, '12 10 11 10 14 11 17 10 6 6 6 14 ' ,'0 0 0 0 0 0 0 0 0 0 0 0 ' ,20 ,2 ,1, 1
59 ,42, 35, '11 13 13 14 12 9 17 12 10 5 7 9 ' ,'0 0 0 0 0 0 0 0 0 0 0 0 ' ,20 ,2 ,1, 0
54 ,46, 32, '16 18 12 19 15 11 17 15 11 10 6 12 ' ,'0 0 0 0 0 0 0 0 0 0 0 0 ' ,19 ,1 ,1, 1
54 ,43, 32, '16 12 14 12 12 14 16 19 18 10 6 8 ' ,'0 0 0 0 0 0 0 0 0 0 0 0 ' ,18 ,1 ,0, 0
53 ,46, 28, '14 15 16 16 17 14 16 17 10 7 7 9 ' ,'0 0 0 0 0 0 0 0 0 0 0 0 ' ,13 ,0 ,0, 0
59 ,37, 32, '23 17 21 18 16 13 13 18 14 10 9 6 ' ,'0 0 0 0 0 0 0 0 0 0 0 0 ' ,19 ,1 ,1, 1
63 ,48, 40, '32 16 16 20 18 21 18 15 12 14 11 9 ' ,'0 0 0 0 0 0 0 0 0 0 0 0 ' ,21 ,1 ,1, 1
59 ,49, 36, '15 19 13 23 14 26 20 12 12 9 14 13 ' ,'0 0 0 0 0 0 0 0 0 0 0 0 ' ,17 ,1 ,0, 0
63 ,49, 31, '25 12 11 16 14 16 12 10 8 10 7 13 ' ,'0 0 0 0 0 0 0 0 0 0 0 0 ' ,19 ,0 ,0, 0
59 ,46, 32, '19 17 21 17 11 15 20 18 12 7 9 12 ' ,'0 0 0 0 0 0 0 0 0 0 0 0 ' ,16 ,1 ,0, 0
59 ,45, 35, '18 19 17 17 13 18 18 17 9 11 20 11 ' ,'0 0 0 0 0 0 0 0 0 0 0 0 ' ,19 ,2 ,0, 0
56 ,51, 32, '20 19 14 19 11 21 18 19 13 13 9 11 ' ,'0 0 0 0 0 0 0 0 0 0 0 0 ' ,16 ,1 ,0, 0
55 ,48, 33, '18 15 24 14 11 18 13 14 10 15 12 6 ' ,'0 0 0 0 0 0 0 0 0 0 0 0 ' ,18 ,1 ,0, 0
65 ,47, 34, '20 14 15 15 12 18 16 16 11 13 13 9 ' ,'0 0 0 0 0 0 0 0 0 0 0 0 ' ,17 ,5 ,0, 0
54 ,49, 28, '19 12 20 19 12 11 12 15 9 6 7 8 ' ,'0 0 0 0 0 0 0 0 0 0 0 0 ' ,14 ,0 ,0, 0
64 ,41, 31, '18 14 16 15 15 18 17 15 10 7 13 9 ' ,'0 0 0 0 0 0 0 0 0 0 0 0 ' ,15 ,0 ,0, 0
60 ,47, 34, '20 20 14 12 20 16 21 13 7 13 10 13 ' ,'0 0 0 0 0 0 0 0 0 0 0 0 ' ,19 ,1 ,0, 0
40 ,46, 19, '11 13 14 13 17 13 14 15 8 13 6 7 ' ,'0 0 0 0 0 0 0 0 0 0 0 0 ' ,11 ,0 ,0, 0
84 ,32, 61, '15 17 16 17 13 18 15 16 11 8 8 9 ' ,'0 0 0 0 0 0 0 0 0 0 0 0 ' ,50 ,38 ,0, 0
45 ,75, 28, '21 13 20 20 16 17 14 21 13 12 14 8 ' ,'0 0 0 0 0 0 0 0 0 0 0 0 ' ,14 ,1 ,0, 0
47 ,36, 28, '15 15 17 18 18 16 20 17 11 12 7 9 ' ,'0 0 0 0 0 0 0 0 0 0 0 0 ' ,15 ,0 ,0, 0
47 ,37, 29, '16 18 14 12 22 19 20 16 7 10 11 14 ' ,'0 0 0 0 0 0 0 0 0 0 0 0 ' ,15 ,1 ,0, 0
45 ,38, 28, '14 15 16 16 19 14 17 18 11 13 12 8 ' ,'0 0 0 0 0 0 0 0 0 0 0 0 ' ,10 ,1 ,0, 0
90 ,35, 55, '16 20 14 12 12 16 18 12 7 11 10 13 ' ,'0 0 0 0 0 0 0 0 0 0 0 0 ' ,41 ,28 ,0, 0
52 ,71, 28, '15 17 14 15 12 21 18 12 11 9 9 11 ' ,'0 0 0 0 0 0 0 0 0 0 0 0 ' ,11 ,1 ,1, 1
52 ,43, 29, '17 19 10 16 11 18 13 10 10 6 11 8 ' ,'0 0 0 0 0 0 0 0 0 0 0 0 ' ,13 ,0 ,1, 1
54 ,43, 29, '13 19 11 23 10 15 16 10 16 6 8 10 ' ,'0 0 0 0 0 0 0 0 0 0 0 0 ' ,15 ,0 ,0, 0
60 ,44, 34, '11 13 15 20 17 11 12 12 8 8 8 6 ' ,'0 0 0 0 0 0 0 0 0 0 0 0 ' ,16 ,0 ,0, 0
91 ,46, 66, '16 21 15 15 12 34 19 13 8 10 27 31 ' ,'0 0 0 0 0 0 0 0 0 0 0 0 ' ,51 ,24 ,1, 1
57 ,79, 33, '18 14 13 14 16 19 13 12 8 5 10 6 ' ,'0 0 0 0 0 0 0 0 0 0 0 0 ' ,16 ,1 ,0, 0
51 ,40, 27, '14 21 18 15 17 15 17 17 6 8 8 10 ' ,'0 0 0 0 0 0 0 0 0 0 0 0 ' ,15 ,1 ,0, 0
55 ,38, 32, '12 19 17 19 22 13 17 17 9 6 8 9 ' ,'0 0 0 0 0 0 0 0 0 0 0 0 ' ,17 ,0 ,0, 0
55 ,42, 33, '13 17 16 21 12 16 21 10 11 12 6 11 ' ,'0 0 0 0 0 0 0 0 0 0 0 0 ' ,19 ,4 ,0, 0
50 ,47, 26, '18 17 18 13 12 16 13 15 9 6 13 11 ' ,'0 0 0 0 0 0 0 0 0 0 0 0 ' ,11 ,1 ,0, 0
61 ,41, 31, '16 17 16 23 11 16 17 15 12 12 10 12 ' ,'0 0 0 0 0 0 0 0 0 0 0 0 ' ,15 ,1 ,0, 0
63 ,47, 35, '12 23 18 25 20 13 15 20 6 6 7 7 ' ,'0 0 0 0 0 0 0 0 0 0 0 0 ' ,22 ,0 ,1, 1
52 ,48, 28, '16 17 19 16 11 19 15 18 7 5 9 9 ' ,'0 0 0 0 0 0 0 0 0 0 0 0 ' ,15 ,1 ,0, 0
60 ,39, 38, '11 27 11 23 10 10 32 11 16 12 11 14 ' ,'0 0 0 0 0 0 0 0 0 0 0 0 ' ,22 ,0 ,0, 0
49 ,53, 27, '12 23 17 19 16 17 10 10 13 9 6 8 ' ,'0 0 0 0 0 0 0 0 0 0 0 0 ' ,12 ,0 ,0, 0
58 ,37, 37, '21 17 17 23 23 21 19 17 11 5 7 9 ' ,'0 0 0 0 0 0 0 0 0 0 0 0 ' ,20 ,0 ,0, 0
52 ,45, 29, '13 18 14 14 12 11 15 15 9 7 6 6 ' ,'0 0 0 0 0 0 0 0 0 0 0 0 ' ,17 ,1 ,0, 0
53 ,40, 23, '11 23 17 18 18 15 17 17 11 7 8 10 ' ,'0 0 0 0 0 0 0 0 0 0 0 0 ' ,14 ,1 ,0, 0
59 ,42, 26, '12 12 20 15 12 12 13 14 7 10 6 6 ' ,'0 0 0 0 0 0 0 0 0 0 0 0 ' ,14 ,0 ,0, 0
57 ,45, 30, '12 14 16 15 16 16 16 16 10 10 8 9 ' ,'0 0 0 0 0 0 0 0 0 0 0 0 ' ,16 ,1 ,0, 0
50 ,44, 29, '17 18 12 13 20 16 21 13 5 6 11 11 ' ,'0 0 0 0 0 0 0 0 0 0 0 0 ' ,16 ,0 ,0, 0
54 ,45, 26, '14 19 12 19 15 14 17 12 7 4 10 9 ' ,'0 0 0 0 0 0 0 0 0 0 0 0 ' ,13 ,1 ,1, 1
55 ,43, 27, '13 15 17 17 13 12 14 16 11 6 7 9 ' ,'0 0 0 0 0 0 0 0 0 0 0 0 ' ,16 ,0 ,0, 0
50 ,37, 25, '18 14 15 16 8 17 13 14 9 5 9 8 ' ,'0 0 0 0 0 0 0 0 0 0 0 0 ' ,9 ,1 ,0, 0
50 ,35, 29, '23 23 14 18 13 17 19 14 10 6 11 10 ' ,'0 0 0 0 0 0 0 0 0 0 0 0 ' ,12 ,1 ,1, 1
50 ,43, 28, '19 16 19 18 12 18 15 17 10 7 14 9 ' ,'0 0 0 0 0 0 0 0 0 0 0 0 ' ,13 ,1 ,0, 0
57 ,41, 34, '17 20 14 14 18 17 17 13 8 8 10 10 ' ,'0 0 0 0 0 0 0 0 0 0 0 0 ' ,20 ,1 ,0, 0
47 ,51, 27, '15 13 13 20 17 15 12 13 11 10 10 18 ' ,'0 0 0 0 0 0 0 0 0 0 0 0 ' ,11 ,0 ,0, 0
54 ,38, 24, '11 15 15 15 18 13 17 15 8 5 6 8 ' ,'0 0 0 0 0 0 0 0 0 0 0 0 ' ,15 ,1 ,0, 0
51 ,39, 29, '23 15 11 13 18 17 17 11 10 10 11 10 ' ,'0 0 0 0 0 0 0 0 0 0 0 0 ' ,18 ,1 ,0, 0
44 ,42, 27, '15 17 10 16 15 19 12 14 13 8 10 5 ' ,'0 0 0 0 0 0 0 0 0 0 0 0 ' ,13 ,0 ,1, 1
39 ,36, 23, '13 15 16 15 12 12 13 15 10 7 7 9 ' ,'0 0 0 0 0 0 0 0 0 0 0 0 ' ,9 ,0 ,0, 0
47 ,29, 33, '19 19 15 18 16 15 13 16 12 10 7 8 ' ,'0 0 0 0 0 0 0 0 0 0 0 0 ' ,11 ,1 ,0, 0
46 ,38, 29, '14 16 12 18 17 14 22 12 7 11 9 11 ' ,'0 0 0 0 0 0 0 0 0 0 0 0 ' ,17 ,0 ,1, 1
42 ,36, 25, '11 14 17 19 12 11 16 16 11 7 5 11 ' ,'0 0 0 0 0 0 0 0 0 0 0 0 ' ,14 ,0 ,0, 0
55 ,33, 30, '14 14 17 21 11 13 15 15 10 10 6 9 ' ,'0 0 0 0 0 0 0 0 0 0 0 0 ' ,16 ,1 ,1, 1
55 ,47, 25, '13 15 16 14 9 14 13 14 9 5 9 9 ' ,'0 0 0 0 0 0 0 0 0 0 0 0 ' ,11 ,0 ,0, 0
53 ,42, 29, '14 15 16 16 10 13 22 17 10 5 7 9 ' ,'0 0 0 0 0 0 0 0 0 0 0 0 ' ,16 ,1 ,0, 0
49 ,40, 25, '15 18 12 13 9 13 16 12 4 5 8 10 ' ,'0 0 0 0 0 0 0 0 0 0 0 0 ' ,9 ,1 ,0, 0
49 ,37, 25, '14 18 18 17 11 15 16 17 11 8 8 11 ' ,'0 0 0 0 0 0 0 0 0 0 0 0 ' ,11 ,1 ,1, 1
47 ,35, 23, '12 14 15 16 10 11 13 16 11 6 6 8 ' ,'0 0 0 0 0 0 0 0 0 0 0 0 ' ,12 ,1 ,0, 0
51 ,35, 27, '15 18 13 14 18 15 19 12 7 6 9 13 ' ,'0 0 0 0 0 0 0 0 0 0 0 0 ' ,15 ,0 ,0, 0
57 ,42, 36, '13 19 12 16 19 17 16 11 10 6 8 11 ' ,'0 0 0 0 0 0 0 0 0 0 0 0 ' ,15 ,1 ,0, 0
57 ,52, 31, '10 12 13 15 21 11 12 13 8 5 4 7 ' ,'0 0 0 0 0 0 0 0 0 0 0 0 ' ,23 ,1 ,0, 0
50 ,46, 25, '12 16 13 16 16 13 15 11 9 5 8 9 ' ,'0 0 0 0 0 0 0 0 0 0 0 0 ' ,11 ,1 ,0, 0
46 ,43, 22, '12 14 15 13 10 15 13 15 9 10 5 8 ' ,'0 0 0 0 0 0 0 0 0 0 0 0 ' ,10 ,0 ,0, 0
50 ,37, 28, '17 15 13 17 16 16 13 14 12 12 10 8 ' ,'0 0 0 0 0 0 0 0 0 0 0 0 ' ,14 ,1 ,1, 1
73 ,43, 40, '14 17 13 20 24 14 19 12 10 10 9 12 ' ,'0 0 0 0 0 0 0 0 0 0 0 0 ' ,26 ,1 ,0, 0
50 ,51, 28, '16 19 14 14 17 21 19 13 9 10 11 7 ' ,'0 0 0 0 0 0 0 0 0 0 0 0 ' ,13 ,0 ,1, 1
50 ,36, 27, '16 17 15 21 14 15 18 13 11 7 9 12 ' ,'0 0 0 0 0 0 0 0 0 0 0 0 ' ,12 ,1 ,0, 0
47 ,40, 27, '13 16 17 19 11 14 15 18 11 9 9 9 ' ,'0 0 0 0 0 0 0 0 0 0 0 0 ' ,12 ,1 ,0, 0
57 ,38, 31, '14 16 18 21 17 11 15 18 12 5 10 11 ' ,'0 0 0 0 0 0 0 0 0 0 0 0 ' ,15 ,1 ,1, 1
54 ,46, 29, '13 12 15 17 15 12 19 16 9 7 7 9 ' ,'0 0 0 0 0 0 0 0 0 0 0 0 ' ,16 ,1 ,0, 0
53 ,47, 30, '16 17 15 19 11 15 19 17 11 9 10 9 ' ,'0 0 0 0 0 0 0 0 0 0 0 0 ' ,14 ,1 ,0, 0
47 ,41, 25, '16 17 11 19 13 14 18 18 11 5 9 8 ' ,'0 0 0 0 0 0 0 0 0 0 0 0 ' ,11 ,0 ,0, 0
55 ,39, 30, '14 19 13 12 17 15 11 16 8 5 11 5 ' ,'0 0 0 0 0 0 0 0 0 0 0 0 ' ,13 ,0 ,1, 1
53 ,40, 27, '14 20 19 17 11 17 19 17 11 8 8 15 ' ,'0 0 0 0 0 0 0 0 0 0 0 0 ' ,13 ,1 ,0, 0
55 ,42, 29, '17 14 15 15 9 19 15 14 9 12 11 7 ' ,'0 0 0 0 0 0 0 0 0 0 0 0 ' ,12 ,0 ,0, 0
58 ,48, 35, '18 17 11 27 10 15 16 12 11 11 12 10 ' ,'0 0 0 0 0 0 0 0 0 0 0 0 ' ,17 ,1 ,1, 1
45 ,48, 24, '17 15 12 15 9 13 18 10 9 5 9 9 ' ,'0 0 0 0 0 0 0 0 0 0 0 0 ' ,8 ,1 ,0, 0
56 ,34, 29, '12 18 14 12 14 13 17 14 8 6 6 11 ' ,'0 0 0 0 0 0 0 0 0 0 0 0 ' ,18 ,1 ,1, 1
42 ,42, 21, '13 16 9 11 9 14 15 9 4 5 8 9 ' ,'0 0 0 0 0 0 0 0 0 0 0 0 ' ,7 ,0 ,0, 0
51 ,36, 25, '11 14 15 14 18 12 13 15 10 6 6 8 ' ,'0 0 0 0 0 0 0 0 0 0 0 0 ' ,16 ,1 ,0, 0
50 ,40, 26, '16 19 17 15 10 16 14 15 8 11 10 10 ' ,'0 0 0 0 0 0 0 0 0 0 0 0 ' ,13 ,0 ,0, 0
46 ,40, 24, '17 15 11 16 12 13 14 10 14 6 8 11 ' ,'0 0 0 0 0 0 0 0 0 0 0 0 ' ,11 ,1 ,0, 0
43 ,41, 27, '10 17 13 12 15 13 16 20 7 9 5 11 ' ,'0 0 0 0 0 0 0 0 0 0 0 0 ' ,14 ,1 ,0, 0
46 ,34, 29, '14 13 15 23 18 14 19 15 13 10 5 6 ' ,'0 0 0 0 0 0 0 0 0 0 0 0 ' ,16 ,1 ,0, 0
45 ,36, 30, '15 16 13 18 22 15 16 12 11 10 10 11 ' ,'0 0 0 0 0 0 0 0 0 0 0 0 ' ,13 ,0 ,0, 0
43 ,36, 27, '13 17 18 20 13 12 15 16 11 8 8 8 ' ,'0 0 0 0 0 0 0 0 0 0 0 0 ' ,13 ,1 ,0, 0
39 ,36, 23, '16 12 10 14 16 15 13 10 9 10 10 7 ' ,'0 0 0 0 0 0 0 0 0 0 0 0 ' ,10 ,1 ,1, 1
39 ,30, 23, '12 14 11 15 13 12 14 10 8 9 8 9 ' ,'0 0 0 0 0 0 0 0 0 0 0 0 ' ,10 ,0 ,1, 1
51 ,29, 29, '17 12 14 20 15 18 12 14 8 5 10 7 ' ,'0 0 0 0 0 0 0 0 0 0 0 0 ' ,15 ,0 ,0, 0
56 ,40, 28, '12 14 20 17 17 12 13 22 10 11 6 9 ' ,'0 0 0 0 0 0 0 0 0 0 0 0 ' ,17 ,0 ,1, 1
57 ,43, 38, '17 19 15 16 14 17 16 15 11 9 10 9 ' ,'0 0 0 0 0 0 0 0 0 0 0 0 ' ,23 ,1 ,0, 0
55 ,49, 32, '12 18 17 17 15 17 14 15 10 7 6 9 ' ,'0 0 0 0 0 0 0 0 0 0 0 0 ' ,19 ,0 ,0, 0
49 ,43, 29, '16 12 15 16 13 12 12 15 11 6 6 7 ' ,'0 0 0 0 0 0 0 0 0 0 0 0 ' ,19 ,1 ,0, 0
58 ,40, 30, '16 17 17 10 19 17 15 17 5 10 8 8 ' ,'0 0 0 0 0 0 0 0 0 0 0 0 ' ,21 ,0 ,0, 0
49 ,42, 28, '12 15 16 17 11 13 13 15 10 5 7 9 ' ,'0 0 0 0 0 0 0 0 0 0 0 0 ' ,14 ,1 ,0, 0
60 ,38, 37, '14 16 8 14 18 14 17 13 6 9 10 9 ' ,'0 0 0 0 0 0 0 0 0 0 0 0 ' ,25 ,1 ,0, 0
55 ,48, 36, '14 18 11 16 16 14 15 11 11 8 9 11 ' ,'0 0 0 0 0 0 0 0 0 0 0 0 ' ,21 ,1 ,1, 1
47 ,49, 23, '13 12 13 19 9 13 11 12 11 5 6 6 ' ,'0 0 0 0 0 0 0 0 0 0 0 0 ' ,14 ,1 ,0, 0
67 ,37, 36, '19 12 15 15 15 19 12 14 10 6 13 9 ' ,'0 0 0 0 0 0 0 0 0 0 0 0 ' ,24 ,0 ,0, 0
47 ,51, 28, '13 15 17 19 10 10 15 16 11 6 7 9 ' ,'0 0 0 0 0 0 0 0 0 0 0 0 ' ,13 ,0 ,1, 1
53 ,38, 30, '12 15 16 19 16 17 13 15 16 5 6 9 ' ,'0 0 0 0 0 0 0 0 0 0 0 0 ' ,15 ,1 ,0, 0
49 ,45, 25, '13 15 16 17 11 12 13 15 11 9 8 8 ' ,'0 0 0 0 0 0 0 0 0 0 0 0 ' ,12 ,0 ,0, 0
93 ,34, 70, '17 17 15 16 13 17 16 13 12 6 6 11 ' ,'0 0 0 0 0 0 0 0 0 0 0 0 ' ,59 ,0 ,1, 1
56 ,79, 32, '16 19 12 22 14 14 16 13 12 6 8 10 ' ,'0 0 0 0 0 0 0 0 0 0 0 0 ' ,16 ,0 ,0, 0
56 ,43, 32, '17 14 16 16 11 17 12 15 10 13 11 7 ' ,'0 0 0 0 0 0 0 0 0 0 0 0 ' ,18 ,1 ,0, 0
141 ,43, 118, '110 95 80 79 86 76 85 89 53 50 54 42 ' ,'0 0 0 0 0 0 0 0 0 0 0 0 ' ,70 ,1 ,0, 0
96 ,128, 74, '42 18 17 15 54 14 57 17 10 6 6 7 ' ,'0 0 0 0 0 0 0 0 0 0 0 0 ' ,57 ,1 ,0, 0
236 ,82, 208, '15 16 18 21 21 13 17 16 12 6 7 10 ' ,'0 0 0 0 0 0 0 0 0 0 0 0 ' ,193 ,1 ,1, 1
66 ,221, 38, '18 13 18 15 17 18 15 15 10 11 12 7 ' ,'0 0 0 0 0 0 0 0 0 0 0 0 ' ,22 ,0 ,0, 0
61 ,56, 37, '17 15 14 14 20 18 13 14 14 11 11 7 ' ,'0 0 0 0 0 0 0 0 0 0 0 0 ' ,24 ,0 ,0, 0
66 ,45, 40, '18 15 14 14 18 17 16 14 8 10 9 7 ' ,'0 0 0 0 0 0 0 0 0 0 0 0 ' ,23 ,1 ,0, 0
69 ,51, 41, '20 15 17 16 20 22 15 15 11 11 12 8 ' ,'0 0 0 0 0 0 0 0 0 0 0 0 ' ,22 ,0 ,0, 0
57 ,52, 32, '17 13 15 14 10 18 17 14 9 12 11 7 ' ,'0 0 0 0 0 0 0 0 0 0 0 0 ' ,13 ,1 ,0, 0
63 ,43, 33, '13 14 17 17 12 14 15 17 12 6 7 9 ' ,'0 0 0 0 0 0 0 0 0 0 0 0 ' ,21 ,1 ,0, 0
63 ,46, 35, '14 20 16 15 11 18 17 15 10 15 7 14 ' ,'0 0 0 0 0 0 0 0 0 0 0 0 ' ,20 ,0 ,0, 0
66 ,45, 34, '15 21 19 17 14 18 17 18 12 7 8 6 ' ,'0 0 0 0 0 0 0 0 0 0 0 0 ' ,21 ,1 ,1, 0
61 ,49, 26, '13 26 17 14 13 20 16 14 8 6 6 11 ' ,'0 0 0 0 0 0 0 0 0 0 0 0 ' ,18 ,0 ,0, 0
101 ,43, 69, '15 17 19 18 12 17 21 18 13 12 8 14 ' ,'0 0 0 0 0 0 0 0 0 0 0 0 ' ,52 ,35 ,0, 0
49 ,86, 26, '15 20 18 18 18 16 19 11 12 9 8 11 ' ,'0 0 0 0 0 0 0 0 0 0 0 0 ' ,11 ,1 ,1, 1
46 ,40, 30, '17 16 18 18 19 21 17 18 13 9 11 10 ' ,'0 0 0 0 0 0 0 0 0 0 0 0 ' ,11 ,0 ,0, 0
76 ,36, 55, '20 21 15 28 16 18 20 14 12 10 12 11 ' ,'0 0 0 0 0 0 0 0 0 0 0 0 ' ,40 ,1 ,0, 0
46 ,63, 30, '23 18 15 19 16 22 20 13 13 10 9 12 ' ,'0 0 0 0 0 0 0 0 0 0 0 0 ' ,14 ,1 ,0, 0
279 ,37, 263, '189 225 195 173 58 74 205 253 35 31 35 33 ' ,'0 160 133 0 0 0 0 0 0 0 0 0 ' ,224 ,1 ,1, 1
47 ,269, 28, '15 18 17 21 17 17 18 18 13 9 9 11 ' ,'0 0 0 0 0 0 0 0 0 0 0 0 ' ,13 ,0 ,0, 0
57 ,40, 38, '23 14 17 17 12 20 16 16 8 14 12 7 ' ,'0 0 0 0 0 0 0 0 0 0 0 0 ' ,16 ,0 ,0, 0
62 ,49, 40, '16 16 18 18 18 15 16 17 13 11 7 10 ' ,'0 0 0 0 0 0 0 0 0 0 0 0 ' ,24 ,0 ,0, 0
60 ,48, 36, '16 18 16 14 13 16 18 15 10 13 7 8 ' ,'0 0 0 0 0 0 0 0 0 0 0 0 ' ,22 ,1 ,0, 0
188 ,48, 166, '16 18 13 20 127 16 19 13 13 6 8 11 ' ,'0 0 0 0 109 0 0 0 0 0 0 0 ' ,129 ,1 ,0, 0
62 ,171, 40, '19 15 16 17 15 19 15 17 11 6 11 9 ' ,'0 0 0 0 0 0 0 0 0 0 0 0 ' ,23 ,0 ,1, 1
66 ,50, 30, '15 18 20 14 14 22 17 17 8 6 9 11 ' ,'0 0 0 0 0 0 0 0 0 0 0 0 ' ,16 ,1 ,0, 0
84 ,48, 47, '21 12 24 18 13 14 20 16 11 12 6 6 ' ,'0 0 0 0 0 0 0 0 0 0 0 0 ' ,28 ,0 ,0, 0
60 ,64, 34, '16 15 17 18 17 15 14 16 10 11 7 8 ' ,'0 0 0 0 0 0 0 0 0 0 0 0 ' ,24 ,1 ,0, 0
58 ,43, 32, '16 23 22 23 12 20 24 13 15 7 10 12 ' ,'0 0 0 0 0 0 0 0 0 0 0 0 ' ,17 ,1 ,0, 0
72 ,43, 42, '17 15 15 20 18 16 14 15 11 6 7 7 ' ,'0 0 0 0 0 0 0 0 0 0 0 0 ' ,24 ,1 ,1, 1
58 ,56, 32, '17 18 14 14 11 16 20 14 8 8 11 11 ' ,'0 0 0 0 0 0 0 0 0 0 0 0 ' ,15 ,1 ,0, 0
60 ,42, 33, '16 18 20 19 16 15 18 18 13 9 9 11 ' ,'0 0 0 0 0 0 0 0 0 0 0 0 ' ,20 ,1 ,0, 0
56 ,45, 35, '18 15 17 16 18 18 14 16 10 6 12 7 ' ,'0 0 0 0 0 0 0 0 0 0 0 0 ' ,21 ,1 ,0, 0
61 ,47, 30, '21 19 15 19 17 21 18 13 12 6 9 12 ' ,'0 0 0 0 0 0 0 0 0 0 0 0 ' ,14 ,1 ,0, 0
59 ,46, 33, '19 16 18 19 13 17 18 18 12 6 9 10 ' ,'0 0 0 0 0 0 0 0 0 0 0 0 ' ,19 ,0 ,0, 0
66 ,44, 37, '15 16 14 20 14 16 26 14 13 12 8 13 ' ,'0 0 0 0 0 0 0 0 0 0 0 0 ' ,19 ,1 ,0, 0
59 ,47, 33, '15 21 19 20 13 15 17 19 13 6 9 16 ' ,'0 0 0 0 0 0 0 0 0 0 0 0 ' ,19 ,1 ,0, 0
75 ,44, 39, '16 18 18 22 20 16 18 19 12 15 9 12 ' ,'0 0 0 0 0 0 0 0 0 0 0 0 ' ,29 ,0 ,0, 0
63 ,58, 40, '21 19 16 24 20 15 19 14 7 10 11 13 ' ,'0 0 0 0 0 0 0 0 0 0 0 0 ' ,26 ,1 ,0, 0
59 ,49, 33, '15 17 16 20 18 18 15 17 10 13 7 9 ' ,'0 0 0 0 0 0 0 0 0 0 0 0 ' ,22 ,1 ,1, 0
63 ,43, 38, '19 19 16 23 19 17 20 17 12 13 12 15 ' ,'0 0 0 0 0 0 0 0 0 0 0 0 ' ,21 ,0 ,0, 0
68 ,48, 37, '18 19 11 16 17 20 22 18 9 8 12 14 ' ,'0 0 0 0 0 0 0 0 0 0 0 0 ' ,22 ,1 ,0, 0
51 ,46, 29, '16 19 13 13 12 20 20 15 8 7 12 12 ' ,'0 0 0 0 0 0 0 0 0 0 0 0 ' ,14 ,1 ,0, 0
57 ,40, 32, '15 17 18 18 13 16 17 18 13 6 9 11 ' ,'0 0 0 0 0 0 0 0 0 0 0 0 ' ,16 ,0 ,0, 0
57 ,46, 35, '16 14 16 20 12 17 13 18 11 6 12 9 ' ,'0 0 0 0 0 0 0 0 0 0 0 0 ' ,20 ,1 ,0, 0
55 ,45, 32, '22 17 21 19 12 16 18 20 12 6 10 11 ' ,'0 0 0 0 0 0 0 0 0 0 0 0 ' ,14 ,1 ,1, 1
55 ,43, 31, '16 15 17 18 12 12 16 17 11 6 6 8 ' ,'0 0 0 0 0 0 0 0 0 0 0 0 ' ,18 ,1 ,0, 0
60 ,45, 37, '19 19 15 20 13 16 19 14 8 11 11 12 ' ,'0 0 0 0 0 0 0 0 0 0 0 0 ' ,22 ,1 ,1, 1
56 ,46, 32, '24 22 18 19 12 22 24 18 12 13 12 12 ' ,'0 0 0 0 0 0 0 0 0 0 0 0 ' ,15 ,1 ,0, 0
62 ,44, 38, '17 20 15 16 17 20 22 14 8 7 11 13 ' ,'0 0 0 0 0 0 0 0 0 0 0 0 ' ,22 ,1 ,1, 1
49 ,53, 32, '11 23 18 16 18 17 21 18 12 13 7 10 ' ,'0 0 0 0 0 0 0 0 0 0 0 0 ' ,18 ,0 ,0, 0
45 ,40, 30, '17 21 14 14 11 17 23 14 8 12 11 11 ' ,'0 0 0 0 0 0 0 0 0 0 0 0 ' ,17 ,1 ,0, 0
46 ,35, 31, '19 17 18 21 14 23 17 21 13 8 8 14 ' ,'0 0 0 0 0 0 0 0 0 0 0 0 ' ,16 ,1 ,1, 1
43 ,36, 28, '16 14 15 15 18 19 15 16 10 12 12 8 ' ,'0 0 0 0 0 0 0 0 0 0 0 0 ' ,13 ,1 ,0, 0
42 ,34, 27, '16 17 13 19 16 16 18 13 12 10 10 12 ' ,'0 0 0 0 0 0 0 0 0 0 0 0 ' ,11 ,0 ,0, 0
48 ,32, 30, '20 25 18 26 19 21 21 17 10 12 13 20 ' ,'0 0 0 0 0 0 0 0 0 0 0 0 ' ,15 ,1 ,1, 1
63 ,40, 37, '21 21 16 15 16 18 19 14 9 11 12 13 ' ,'0 0 0 0 0 0 0 0 0 0 0 0 ' ,24 ,1 ,0, 0
54 ,55, 31, '17 18 14 22 18 16 19 12 9 12 9 11 ' ,'0 0 0 0 0 0 0 0 0 0 0 0 ' ,15 ,0 ,0, 0
55 ,43, 31, '18 17 19 19 13 15 17 18 14 8 9 11 ' ,'0 0 0 0 0 0 0 0 0 0 0 0 ' ,16 ,1 ,0, 0
58 ,44, 32, '19 19 17 16 12 19 13 17 8 7 12 8 ' ,'0 0 0 0 0 0 0 0 0 0 0 0 ' ,18 ,0 ,0, 0
52 ,43, 29, '18 20 13 21 16 15 17 15 13 6 9 10 ' ,'0 0 0 0 0 0 0 0 0 0 0 0 ' ,15 ,1 ,0, 0
70 ,40, 45, '18 19 15 15 21 18 21 15 8 13 13 12 ' ,'0 0 0 0 0 0 0 0 0 0 0 0 ' ,29 ,1 ,0, 0
63 ,52, 38, '17 19 19 14 18 16 20 15 16 11 11 12 ' ,'0 0 0 0 0 0 0 0 0 0 0 0 ' ,21 ,1 ,0, 0
64 ,47, 43, '16 16 18 20 19 17 20 19 11 12 7 10 ' ,'0 0 0 0 0 0 0 0 0 0 0 0 ' ,24 ,1 ,1, 1
54 ,53, 27, '19 14 16 25 19 17 17 19 7 6 8 10 ' ,'0 0 0 0 0 0 0 0 0 0 0 0 ' ,15 ,0 ,0, 0
58 ,40, 34, '16 19 19 20 14 20 16 22 12 8 10 11 ' ,'0 0 0 0 0 0 0 0 0 0 0 0 ' ,18 ,1 ,0, 0
52 ,44, 32, '15 16 16 24 12 13 16 19 11 7 7 9 ' ,'0 0 0 0 0 0 0 0 0 0 0 0 ' ,18 ,1 ,1, 1
53 ,39, 31, '17 20 12 19 14 17 18 16 11 6 11 11 ' ,'0 0 0 0 0 0 0 0 0 0 0 0 ' ,16 ,1 ,0, 0
60 ,43, 33, '19 17 18 20 12 13 17 19 14 6 7 9 ' ,'0 0 0 0 0 0 0 0 0 0 0 0 ' ,19 ,0 ,0, 0
55 ,45, 32, '17 14 16 15 12 18 16 15 10 6 12 8 ' ,'0 0 0 0 0 0 0 0 0 0 0 0 ' ,18 ,1 ,0, 0
54 ,46, 28, '19 19 19 15 10 20 17 17 9 7 13 7 ' ,'0 0 0 0 0 0 0 0 0 0 0 0 ' ,10 ,0 ,0, 0
52 ,43, 29, '20 18 17 22 13 19 11 17 12 11 11 6 ' ,'0 0 0 0 0 0 0 0 0 0 0 0 ' ,17 ,1 ,0, 0
58 ,42, 37, '16 19 13 20 18 19 18 18 12 7 7 11 ' ,'0 0 0 0 0 0 0 0 0 0 0 0 ' ,19 ,1 ,0, 0
51 ,42, 30, '14 16 18 16 12 12 16 17 12 6 8 8 ' ,'0 0 0 0 0 0 0 0 0 0 0 0 ' ,16 ,1 ,1, 1
53 ,37, 31, '18 14 19 25 13 17 15 17 13 5 12 8 ' ,'0 0 0 0 0 0 0 0 0 0 0 0 ' ,17 ,0 ,1, 1
59 ,44, 36, '22 17 19 17 16 22 18 18 15 7 12 10 ' ,'0 0 0 0 0 0 0 0 0 0 0 0 ' ,20 ,1 ,1, 1
54 ,51, 33, '19 15 16 17 13 21 15 16 10 6 12 9 ' ,'0 0 0 0 0 0 0 0 0 0 0 0 ' ,18 ,0 ,0, 0
59 ,41, 32, '19 21 15 24 16 17 21 14 13 9 10 12 ' ,'0 0 0 0 0 0 0 0 0 0 0 0 ' ,15 ,1 ,0, 0
63 ,44, 41, '20 15 18 20 21 18 15 18 10 6 12 7 ' ,'0 0 0 0 0 0 0 0 0 0 0 0 ' ,26 ,1 ,0, 0
63 ,50, 41, '17 19 15 16 21 18 18 13 8 10 11 12 ' ,'0 0 0 0 0 0 0 0 0 0 0 0 ' ,25 ,1 ,1, 1
61 ,53, 39, '15 16 18 21 19 14 16 18 10 12 7 9 ' ,'0 0 0 0 0 0 0 0 0 0 0 0 ' ,25 ,1 ,1, 1
54 ,50, 33, '18 14 15 25 15 18 14 17 12 8 11 7 ' ,'0 0 0 0 0 0 0 0 0 0 0 0 ' ,18 ,0 ,0, 0
51 ,41, 35, '19 14 15 17 17 18 14 16 9 12 12 7 ' ,'0 0 0 0 0 0 0 0 0 0 0 0 ' ,21 ,0 ,0, 0
71 ,44, 50, '13 16 19 21 29 14 16 17 12 12 8 10 ' ,'0 0 0 0 0 0 0 0 0 0 0 0 ' ,34 ,0 ,1, 1
57 ,65, 31, '16 18 20 24 12 15 18 13 10 7 9 11 ' ,'0 0 0 0 0 0 0 0 0 0 0 0 ' ,17 ,1 ,1, 1
54 ,43, 31, '13 17 18 21 11 13 20 19 11 7 9 10 ' ,'0 0 0 0 0 0 0 0 0 0 0 0 ' ,17 ,1 ,0, 0
45 ,47, 24, '17 16 17 18 12 13 16 18 12 8 7 7 ' ,'0 0 0 0 0 0 0 0 0 0 0 0 ' ,14 ,0 ,1, 1
45 ,35, 29, '17 12 17 14 19 21 15 16 9 12 11 8 ' ,'0 0 0 0 0 0 0 0 0 0 0 0 ' ,14 ,1 ,0, 0
49 ,36, 33, '14 16 18 23 15 20 18 18 11 16 7 10 ' ,'0 0 0 0 0 0 0 0 0 0 0 0 ' ,16 ,0 ,0, 0
46 ,40, 31, '15 16 23 19 22 14 18 18 11 15 8 13 ' ,'0 0 0 0 0 0 0 0 0 0 0 0 ' ,16 ,1 ,0, 0
49 ,36, 34, '17 20 16 23 17 19 23 16 13 12 11 12 ' ,'0 0 0 0 0 0 0 0 0 0 0 0 ' ,16 ,1 ,0, 0
46 ,40, 31, '22 17 17 19 19 20 17 19 14 8 11 11 ' ,'0 0 0 0 0 0 0 0 0 0 0 0 ' ,13 ,1 ,1, 1
61 ,38, 36, '14 17 19 20 12 14 17 20 12 12 8 8 ' ,'0 0 0 0 0 0 0 0 0 0 0 0 ' ,23 ,0 ,0, 0
55 ,49, 35, '19 16 17 15 13 15 15 16 10 7 12 9 ' ,'0 0 0 0 0 0 0 0 0 0 0 0 ' ,21 ,1 ,0, 0
67 ,46, 44, '16 17 19 17 21 16 18 18 12 6 6 11 ' ,'0 0 0 0 0 0 0 0 0 0 0 0 ' ,30 ,1 ,0, 0
56 ,61, 35, '13 15 18 19 13 13 17 17 11 7 13 9 ' ,'0 0 0 0 0 0 0 0 0 0 0 0 ' ,19 ,1 ,1, 1
54 ,45, 32, '15 19 14 20 13 18 20 14 12 6 11 12 ' ,'0 0 0 0 0 0 0 0 0 0 0 0 ' ,17 ,0 ,0, 0
60 ,42, 29, '20 16 13 17 12 19 15 13 11 6 9 9 ' ,'0 0 0 0 0 0 0 0 0 0 0 0 ' ,15 ,1 ,0, 0
55 ,44, 33, '13 15 15 14 13 16 15 16 9 8 6 6 ' ,'0 0 0 0 0 0 0 0 0 0 0 0 ' ,18 ,0 ,0, 0
169 ,40, 147, '15 17 18 27 14 16 18 19 13 7 9 10 ' ,'0 0 0 0 0 0 0 0 0 0 0 0 ' ,131 ,1 ,0, 0
56 ,155, 30, '16 16 18 20 12 21 16 16 11 11 8 9 ' ,'0 0 0 0 0 0 0 0 0 0 0 0 ' ,17 ,1 ,0, 0
65 ,45, 43, '18 21 15 16 24 16 19 14 8 6 10 12 ' ,'0 0 0 0 0 0 0 0 0 0 0 0 ' ,30 ,1 ,1, 1
60 ,50, 34, '15 18 12 19 19 14 17 12 12 7 9 11 ' ,'0 0 0 0 0 0 0 0 0 0 0 0 ' ,24 ,1 ,0, 0
67 ,50, 46, '19 18 20 15 19 20 15 15 9 7 11 7 ' ,'0 0 0 0 0 0 0 0 0 0 0 0 ' ,24 ,1 ,0, 0
59 ,56, 36, '17 19 20 24 16 16 17 20 11 6 9 10 ' ,'0 0 0 0 0 0 0 0 0 0 0 0 ' ,21 ,1 ,0, 0
56 ,46, 35, '13 24 19 19 12 13 25 17 11 14 8 12 ' ,'0 0 0 0 0 0 0 0 0 0 0 0 ' ,21 ,1 ,1, 1
53 ,47, 28, '22 19 14 19 13 21 18 13 13 10 14 12 ' ,'0 0 0 0 0 0 0 0 0 0 0 0 ' ,12 ,1 ,0, 0
73 ,42, 42, '14 17 12 17 13 15 18 12 11 13 9 11 ' ,'0 0 0 0 0 0 0 0 0 0 0 0 ' ,25 ,1 ,0, 0
62 ,55, 39, '19 19 16 14 19 16 19 15 9 13 11 12 ' ,'0 0 0 0 0 0 0 0 0 0 0 0 ' ,26 ,1 ,0, 0
51 ,49, 31, '15 18 13 21 17 21 18 13 15 6 9 13 ' ,'0 0 0 0 0 0 0 0 0 0 0 0 ' ,16 ,1 ,0, 0
56 ,41, 33, '19 14 17 22 17 18 15 16 12 14 12 9 ' ,'0 0 0 0 0 0 0 0 0 0 0 0 ' ,18 ,0 ,0, 0
64 ,42, 41, '16 20 22 15 14 18 18 19 8 8 10 12 ' ,'0 0 0 0 0 0 0 0 0 0 0 0 ' ,26 ,5 ,0, 0
62 ,52, 41, '14 16 17 26 17 21 16 16 11 12 6 9 ' ,'0 0 0 0 0 0 0 0 0 0 0 0 ' ,25 ,1 ,0, 0
58 ,56, 38, '19 13 15 21 16 18 14 15 9 10 11 8 ' ,'0 0 0 0 0 0 0 0 0 0 0 0 ' ,24 ,1 ,0, 0
72 ,48, 50, '14 17 20 19 15 17 21 17 11 10 8 11 ' ,'0 0 0 0 0 0 0 0 0 0 0 0 ' ,32 ,15 ,0, 0
58 ,61, 36, '16 14 11 15 18 18 14 11 10 6 12 7 ' ,'0 0 0 0 0 0 0 0 0 0 0 0 ' ,22 ,0 ,1, 1
49 ,49, 27, '15 17 12 18 11 14 20 13 15 5 9 11 ' ,'0 0 0 0 0 0 0 0 0 0 0 0 ' ,13 ,1 ,1, 1
49 ,35, 29, '12 14 17 18 11 12 15 18 11 11 7 9 ' ,'0 0 0 0 0 0 0 0 0 0 0 0 ' ,15 ,1 ,0, 0
57 ,42, 38, '18 14 16 21 17 17 13 15 9 11 10 8 ' ,'0 0 0 0 0 0 0 0 0 0 0 0 ' ,23 ,1 ,1, 1
104 ,45, 78, '14 14 18 20 20 13 16 15 11 10 6 9 ' ,'0 0 0 0 0 0 0 0 0 0 0 0 ' ,64 ,41 ,0, 0
58 ,90, 37, '16 13 13 21 14 17 14 15 11 7 11 7 ' ,'0 0 0 0 0 0 0 0 0 0 0 0 ' ,20 ,1 ,0, 0
63 ,49, 41, '16 17 17 17 19 12 17 10 12 9 7 10 ' ,'0 0 0 0 0 0 0 0 0 0 0 0 ' ,26 ,1 ,0, 0
45 ,53, 30, '15 18 18 16 13 21 16 18 11 8 7 10 ' ,'0 0 0 0 0 0 0 0 0 0 0 0 ' ,12 ,1 ,0, 0
55 ,34, 25, '12 12 16 18 16 11 14 15 10 10 5 8 ' ,'0 0 0 0 0 0 0 0 0 0 0 0 ' ,10 ,1 ,0, 0
41 ,33, 24, '15 12 13 17 15 16 13 14 8 11 11 6 ' ,'0 0 0 0 0 0 0 0 0 0 0 0 ' ,11 ,1 ,0, 0
41 ,33, 27, '13 17 17 20 12 15 16 16 11 7 12 10 ' ,'0 0 0 0 0 0 0 0 0 0 0 0 ' ,12 ,0 ,1, 1
46 ,34, 28, '20 12 16 21 14 16 14 14 8 8 11 4 ' ,'0 0 0 0 0 0 0 0 0 0 0 0 ' ,15 ,1 ,0, 0
49 ,38, 34, '16 11 18 25 9 15 11 17 12 11 8 7 ' ,'0 0 0 0 0 0 0 0 0 0 0 0 ' ,19 ,0 ,0, 0
42 ,40, 26, '18 17 17 19 18 15 14 15 10 11 6 8 ' ,'0 0 0 0 0 0 0 0 0 0 0 0 ' ,14 ,0 ,1, 0
54 ,33, 31, '14 14 15 15 12 12 14 15 11 8 7 7 ' ,'0 0 0 0 0 0 0 0 0 0 0 0 ' ,16 ,1 ,0, 0
50 ,39, 28, '14 18 17 20 9 13 17 17 12 11 8 10 ' ,'0 0 0 0 0 0 0 0 0 0 0 0 ' ,13 ,1 ,0, 0
148 ,42, 125, '17 14 14 10 18 17 13 14 5 5 10 5 ' ,'0 0 0 0 0 0 0 0 0 0 0 0 ' ,112 ,93 ,0, 0
55 ,137, 28, '13 17 15 14 11 14 16 12 5 7 9 9 ' ,'0 0 0 0 0 0 0 0 0 0 0 0 ' ,17 ,1 ,0, 0
52 ,37, 29, '14 13 16 18 9 12 12 15 10 10 7 8 ' ,'0 0 0 0 0 0 0 0 0 0 0 0 ' ,15 ,1 ,0, 0
130 ,41, 104, '11 13 14 19 15 9 12 14 10 5 5 7 ' ,'0 0 0 0 0 0 0 0 0 0 0 0 ' ,94 ,1 ,0, 0
57 ,117, 28, '11 17 11 17 12 12 17 11 10 10 6 10 ' ,'0 0 0 0 0 0 0 0 0 0 0 0 ' ,9 ,0 ,0, 0
55 ,43, 33, '21 14 16 15 16 19 14 15 10 10 15 8 ' ,'0 0 0 0 0 0 0 0 0 0 0 0 ' ,19 ,1 ,0, 0
56 ,48, 35, '18 18 13 13 13 20 17 13 7 8 13 10 ' ,'0 0 0 0 0 0 0 0 0 0 0 0 ' ,21 ,1 ,0, 0
142 ,44, 120, '17 17 16 16 16 18 18 17 12 12 8 20 ' ,'0 0 0 0 0 0 0 0 0 0 0 0 ' ,106 ,1 ,1, 1
70 ,131, 39, '17 16 17 16 17 18 16 18 12 12 10 10 ' ,'0 0 0 0 0 0 0 0 0 0 0 0 ' ,25 ,1 ,0, 0
61 ,53, 37, '12 16 16 11 18 12 15 21 5 7 6 9 ' ,'0 0 0 0 0 0 0 0 0 0 0 0 ' ,23 ,1 ,0, 0
55 ,45, 35, '19 14 15 13 17 13 20 16 8 9 11 7 ' ,'0 0 0 0 0 0 0 0 0 0 0 0 ' ,17 ,1 ,0, 0
58 ,48, 40, '17 13 15 19 17 17 14 15 9 12 11 7 ' ,'0 0 0 0 0 0 0 0 0 0 0 0 ' ,24 ,1 ,1, 1
60 ,54, 37, '12 17 17 25 17 12 15 17 10 10 6 11 ' ,'0 0 0 0 0 0 0 0 0 0 0 0 ' ,25 ,0 ,0, 0
59 ,44, 38, '18 13 21 15 16 17 14 13 8 11 10 7 ' ,'0 0 0 0 0 0 0 0 0 0 0 0 ' ,24 ,1 ,0, 0
56 ,49, 36, '15 16 12 24 13 15 22 13 10 8 6 10 ' ,'0 0 0 0 0 0 0 0 0 0 0 0 ' ,19 ,1 ,0, 0
52 ,45, 29, '14 15 16 23 14 12 15 18 15 7 6 9 ' ,'0 0 0 0 0 0 0 0 0 0 0 0 ' ,18 ,1 ,0, 0
62 ,46, 35, '21 18 12 15 15 15 17 19 8 9 9 10 ' ,'0 0 0 0 0 0 0 0 0 0 0 0 ' ,18 ,0 ,0, 0
61 ,46, 39, '13 14 16 16 18 12 15 16 11 10 7 9 ' ,'0 0 0 0 0 0 0 0 0 0 0 0 ' ,26 ,1 ,0, 0
55 ,48, 27, '17 12 13 12 17 12 12 15 8 13 11 12 ' ,'0 0 0 0 0 0 0 0 0 0 0 0 ' ,19 ,1 ,0, 0
63 ,42, 37, '13 15 18 25 15 14 16 17 11 9 8 8 ' ,'0 0 0 0 0 0 0 0 0 0 0 0 ' ,22 ,1 ,0, 0
65 ,47, 39, '19 12 14 16 17 16 18 13 6 5 10 10 ' ,'0 0 0 0 0 0 0 0 0 0 0 0 ' ,25 ,1 ,1, 1
59 ,49, 37, '15 16 18 17 14 15 17 20 9 8 9 10 ' ,'0 0 0 0 0 0 0 0 0 0 0 0 ' ,21 ,1 ,0, 0
56 ,52, 34, '20 14 16 21 17 20 16 16 12 11 10 7 ' ,'0 0 0 0 0 0 0 0 0 0 0 0 ' ,18 ,1 ,0, 0
57 ,41, 35, '15 18 12 18 14 16 19 14 16 10 9 10 ' ,'0 0 0 0 0 0 0 0 0 0 0 0 ' ,17 ,0 ,1, 1
49 ,42, 27, '15 16 18 17 13 13 17 17 11 8 8 10 ' ,'0 0 0 0 0 0 0 0 0 0 0 0 ' ,15 ,1 ,0, 0
52 ,39, 30, '18 14 16 17 16 17 15 14 9 11 10 8 ' ,'0 0 0 0 0 0 0 0 0 0 0 0 ' ,17 ,1 ,1, 1
51 ,45, 32, '17 13 18 22 17 17 15 14 11 5 10 6 ' ,'0 0 0 0 0 0 0 0 0 0 0 0 ' ,19 ,1 ,0, 0
54 ,42, 32, '15 11 16 16 19 14 11 15 10 6 6 8 ' ,'0 0 0 0 0 0 0 0 0 0 0 0 ' ,20 ,1 ,1, 1
44 ,39, 25, '18 14 16 15 17 20 14 16 10 11 10 8 ' ,'0 0 0 0 0 0 0 0 0 0 0 0 ' ,13 ,1 ,0, 0
43 ,36, 25, '16 16 15 13 17 18 13 15 7 11 10 6 ' ,'0 0 0 0 0 0 0 0 0 0 0 0 ' ,12 ,0 ,0, 0
48 ,34, 28, '15 18 16 22 15 15 17 18 11 9 8 11 ' ,'0 0 0 0 0 0 0 0 0 0 0 0 ' ,15 ,1 ,0, 0
45 ,38, 27, '14 14 15 14 22 11 21 18 9 11 5 7 ' ,'0 0 0 0 0 0 0 0 0 0 0 0 ' ,17 ,1 ,0, 0
43 ,40, 26, '15 18 13 18 15 16 18 13 11 9 9 10 ' ,'0 0 0 0 0 0 0 0 0 0 0 0 ' ,11 ,1 ,0, 0
43 ,35, 28, '18 23 18 19 13 17 19 15 10 7 6 8 ' ,'0 0 0 0 0 0 0 0 0 0 0 0 ' ,15 ,1 ,0, 0
59 ,33, 35, '21 21 11 17 11 18 20 10 9 6 9 10 ' ,'0 0 0 0 0 0 0 0 0 0 0 0 ' ,18 ,1 ,1, 1
57 ,47, 32, '12 19 16 15 12 15 16 17 10 6 6 8 ' ,'0 0 0 0 0 0 0 0 0 0 0 0 ' ,19 ,1 ,1, 1
48 ,48, 24, '15 17 13 18 12 15 19 14 10 5 9 10 ' ,'0 0 0 0 0 0 0 0 0 0 0 0 ' ,12 ,0 ,0, 0
61 ,34, 34, '16 19 14 15 17 17 18 13 8 10 10 10 ' ,'0 0 0 0 0 0 0 0 0 0 0 0 ' ,21 ,1 ,0, 0
58 ,45, 35, '16 25 14 18 12 18 18 14 7 5 10 13 ' ,'0 0 0 0 0 0 0 0 0 0 0 0 ' ,19 ,0 ,0, 0
63 ,43, 42, '14 15 19 16 18 14 15 17 11 5 6 9 ' ,'0 0 0 0 0 0 0 0 0 0 0 0 ' ,28 ,1 ,0, 0
53 ,53, 30, '17 13 15 16 11 17 14 15 9 5 11 7 ' ,'0 0 0 0 0 0 0 0 0 0 0 0 ' ,19 ,1 ,0, 0
65 ,43, 43, '16 18 18 21 24 15 18 13 10 5 6 9 ' ,'0 0 0 0 0 0 0 0 0 0 0 0 ' ,26 ,0 ,0, 0
54 ,55, 27, '20 13 15 13 11 18 18 14 8 7 11 6 ' ,'0 0 0 0 0 0 0 0 0 0 0 0 ' ,14 ,1 ,1, 1
64 ,42, 42, '25 17 16 13 11 19 17 11 6 16 7 10 ' ,'0 0 0 0 0 0 0 0 0 0 0 0 ' ,28 ,1 ,0, 0
54 ,53, 36, '12 25 14 12 15 19 18 13 9 9 5 11 ' ,'0 0 0 0 0 0 0 0 0 0 0 0 ' ,25 ,1 ,0, 0
61 ,48, 37, '16 17 14 28 19 21 15 13 10 6 10 5 ' ,'0 0 0 0 0 0 0 0 0 0 0 0 ' ,21 ,1 ,0, 0
53 ,52, 30, '14 16 17 17 11 13 17 18 10 5 8 9 ' ,'0 0 0 0 0 0 0 0 0 0 0 0 ' ,16 ,0 ,0, 0
45 ,39, 26, '13 16 18 20 12 14 15 18 12 6 7 10 ' ,'0 0 0 0 0 0 0 0 0 0 0 0 ' ,12 ,0 ,0, 0
54 ,36, 32, '23 13 14 21 17 22 17 14 8 12 11 6 ' ,'0 0 0 0 0 0 0 0 0 0 0 0 ' ,20 ,1 ,0, 0
52 ,47, 31, '17 12 16 21 15 14 12 18 11 6 8 6 ' ,'0 0 0 0 0 0 0 0 0 0 0 0 ' ,19 ,0 ,0, 0
53 ,39, 30, '16 15 14 23 16 20 13 15 11 6 11 7 ' ,'0 0 0 0 0 0 0 0 0 0 0 0 ' ,17 ,1 ,0, 0
47 ,44, 25, '16 17 14 18 11 10 18 13 11 6 7 10 ' ,'0 0 0 0 0 0 0 0 0 0 0 0 ' ,12 ,1 ,0, 0
60 ,37, 34, '11 14 14 15 12 17 15 15 10 11 6 9 ' ,'0 0 0 0 0 0 0 0 0 0 0 0 ' ,21 ,0 ,0, 0
64 ,44, 34, '20 13 14 16 17 24 13 14 10 5 9 7 ' ,'0 0 0 0 0 0 0 0 0 0 0 0 ' ,25 ,1 ,0, 0
59 ,49, 35, '16 16 19 19 21 14 18 18 11 8 8 10 ' ,'0 0 0 0 0 0 0 0 0 0 0 0 ' ,21 ,1 ,0, 0
61 ,52, 37, '17 17 15 18 20 16 17 14 12 11 10 7 ' ,'0 0 0 0 0 0 0 0 0 0 0 0 ' ,25 ,1 ,1, 1
66 ,52, 41, '15 17 18 17 23 15 19 17 11 11 7 10 ' ,'0 0 0 0 0 0 0 0 0 0 0 0 ' ,29 ,1 ,0, 0
66 ,56, 45, '16 16 18 18 18 13 16 16 10 6 7 9 ' ,'0 0 0 0 0 0 0 0 0 0 0 0 ' ,32 ,1 ,0, 0
57 ,56, 35, '17 13 12 15 15 17 14 17 8 6 10 6 ' ,'0 0 0 0 0 0 0 0 0 0 0 0 ' ,22 ,1 ,0, 0
51 ,43, 26, '13 15 17 18 11 11 16 16 11 11 7 9 ' ,'0 0 0 0 0 0 0 0 0 0 0 0 ' ,12 ,0 ,0, 0
59 ,40, 33, '13 15 16 18 18 13 20 17 11 11 7 6 ' ,'0 0 0 0 0 0 0 0 0 0 0 0 ' ,21 ,1 ,0, 0
56 ,48, 26, '15 16 19 19 12 14 17 17 11 11 6 10 ' ,'0 0 0 0 0 0 0 0 0 0 0 0 ' ,15 ,1 ,0, 0
52 ,41, 29, '23 17 18 17 13 15 15 18 11 11 7 8 ' ,'0 0 0 0 0 0 0 0 0 0 0 0 ' ,16 ,1 ,0, 0
59 ,41, 37, '17 19 14 15 18 19 13 15 8 10 11 11 ' ,'0 0 0 0 0 0 0 0 0 0 0 0 ' ,24 ,1 ,0, 0
45 ,46, 29, '19 17 15 24 18 19 15 16 15 12 11 8 ' ,'0 0 0 0 0 0 0 0 0 0 0 0 ' ,16 ,1 ,0, 0
47 ,36, 30, '18 17 19 18 21 15 19 18 12 9 9 11 ' ,'0 0 0 0 0 0 0 0 0 0 0 0 ' ,15 ,0 ,0, 0
45 ,37, 26, '18 16 17 21 18 17 15 17 11 12 12 9 ' ,'0 0 0 0 0 0 0 0 0 0 0 0 ' ,14 ,0 ,0, 0
49 ,35, 30, '16 20 21 15 23 17 19 19 8 10 11 11 ' ,'0 0 0 0 0 0 0 0 0 0 0 0 ' ,18 ,1 ,0, 0
43 ,36, 26, '15 17 17 21 19 14 17 17 11 11 8 12 ' ,'0 0 0 0 0 0 0 0 0 0 0 0 ' ,13 ,0 ,0, 0
45 ,34, 27, '17 20 15 15 17 19 13 16 8 12 12 11 ' ,'0 0 0 0 0 0 0 0 0 0 0 0 ' ,14 ,1 ,0, 0
74 ,36, 51, '17 13 16 19 22 20 17 15 16 6 11 6 ' ,'0 0 0 0 0 0 0 0 0 0 0 0 ' ,35 ,0 ,0, 0
64 ,60, 38, '14 17 17 20 18 15 16 17 10 11 6 10 ' ,'0 0 0 0 0 0 0 0 0 0 0 0 ' ,26 ,1 ,0, 0
69 ,56, 39, '14 20 15 25 18 14 15 17 9 6 6 8 ' ,'0 0 0 0 0 0 0 0 0 0 0 0 ' ,28 ,0 ,0, 0
59 ,53, 30, '14 18 18 22 14 17 18 19 12 6 9 11 ' ,'0 0 0 0 0 0 0 0 0 0 0 0 ' ,15 ,0 ,0, 0
61 ,42, 40, '15 24 12 20 12 16 18 11 12 6 9 10 ' ,'0 0 0 0 0 0 0 0 0 0 0 0 ' ,25 ,0 ,0, 0
65 ,49, 41, '16 20 20 20 15 19 17 18 12 6 11 11 ' ,'0 0 0 0 0 0 0 0 0 0 0 0 ' ,23 ,1 ,0, 0
