293 ,0, 227, '122 104 107 100 100 133 121 93 102 113 142 94 89 125 89 160 105 91 101 95 ' ,'0 0 0 0 0 0 0 0 0 0 0 0 0 0 0 0 0 0 0 0 ' ,98 ,10 ,3, 3
1440 ,264, 1403, '181 166 174 159 176 145 161 164 170 192 140 185 172 145 141 169 184 166 163 204 ' ,'0 0 0 0 0 0 0 0 0 0 0 0 0 0 0 0 0 0 0 0 ' ,1144 ,1064 ,2, 2
828 ,1610, 806, '21 22 780 17 20 21 25 18 22 19 19 21 632 19 21 20 22 20 19 15 ' ,'0 0 0 0 0 0 0 0 0 0 0 0 0 0 0 0 0 0 0 0 ' ,779 ,1 ,2, 2
60 ,820, 37, '21 18 21 21 19 15 18 21 18 15 16 17 18 19 27 25 17 27 18 22 ' ,'0 0 0 0 0 0 0 0 0 0 0 0 0 0 0 0 0 0 0 0 ' ,16 ,0 ,1, 1
60 ,53, 39, '20 21 22 25 18 18 20 25 23 18 26 16 16 20 18 21 20 23 25 17 ' ,'0 0 0 0 0 0 0 0 0 0 0 0 0 0 0 0 0 0 0 0 ' ,16 ,1 ,1, 1
146 ,51, 126, '17 19 14 24 17 15 19 13 26 17 13 17 16 25 16 18 19 14 119 18 ' ,'0 0 0 0 0 0 0 0 0 0 0 0 0 0 0 0 0 0 0 0 ' ,107 ,1 ,1, 1
56 ,138, 36, '19 22 16 16 22 19 22 18 24 21 19 21 18 19 22 17 23 18 16 20 ' ,'0 0 0 0 0 0 0 0 0 0 0 0 0 0 0 0 0 0 0 0 ' ,13 ,1 ,1, 1
59 ,49, 44, '25 22 21 19 17 16 19 23 19 19 16 20 18 18 17 23 24 20 19 16 ' ,'0 0 0 0 0 0 0 0 0 0 0 0 0 0 0 0 0 0 0 0 ' ,14 ,1 ,2, 2
63 ,50, 48, '22 23 29 25 21 18 22 31 23 18 20 22 26 21 19 21 23 24 32 20 ' ,'0 0 0 0 0 0 0 0 0 0 0 0 0 0 0 0 0 0 0 0 ' ,20 ,1 ,1, 1
76 ,56, 50, '20 25 28 21 37 22 21 28 33 28 27 17 27 35 28 17 33 33 35 19 ' ,'0 0 0 0 0 0 0 0 0 0 0 0 0 0 0 0 0 0 0 0 ' ,23 ,1 ,2, 2
88 ,62, 62, '23 23 23 32 19 17 26 23 29 30 24 20 23 22 23 17 17 23 29 19 ' ,'0 0 0 0 0 0 0 0 0 0 0 0 0 0 0 0 0 0 0 0 ' ,39 ,16 ,0, 0
75 ,80, 53, '18 20 30 19 29 23 19 27 18 16 21 20 19 22 24 19 18 20 19 20 ' ,'0 0 0 0 0 0 0 0 0 0 0 0 0 0 0 0 0 0 0 0 ' ,27 ,2 ,1, 1
83 ,71, 54, '17 20 26 34 18 21 18 23 39 30 25 16 18 28 26 19 18 21 39 21 ' ,'0 0 0 0 0 0 0 0 0 0 0 0 0 0 0 0 0 0 0 0 ' ,30 ,2 ,0, 0
75 ,66, 51, '18 21 23 20 27 18 22 19 18 18 16 18 18 18 25 20 19 19 18 23 ' ,'0 0 0 0 0 0 0 0 0 0 0 0 0 0 0 0 0 0 0 0 ' ,25 ,2 ,1, 1
83 ,63, 53, '16 23 17 20 25 20 23 14 27 16 23 20 15 16 23 22 21 16 19 17 ' ,'0 0 0 0 0 0 0 0 0 0 0 0 0 0 0 0 0 0 0 0 ' ,26 ,1 ,2, 2
95 ,70, 66, '19 21 25 27 24 20 22 22 23 33 20 18 21 23 18 32 20 25 21 28 ' ,'0 0 0 0 0 0 0 0 0 0 0 0 0 0 0 0 0 0 0 0 ' ,39 ,20 ,0, 0
68 ,84, 40, '17 21 23 20 24 23 20 20 20 16 18 20 16 27 30 22 21 21 21 19 ' ,'0 0 0 0 0 0 0 0 0 0 0 0 0 0 0 0 0 0 0 0 ' ,13 ,0 ,1, 1
79 ,62, 55, '22 29 19 30 37 20 23 24 17 19 19 16 18 16 20 22 16 17 27 22 ' ,'0 0 0 0 0 0 0 0 0 0 0 0 0 0 0 0 0 0 0 0 ' ,24 ,1 ,1, 1
64 ,69, 41, '22 17 16 19 21 20 15 20 25 15 20 16 15 29 16 20 15 18 16 17 ' ,'0 0 0 0 0 0 0 0 0 0 0 0 0 0 0 0 0 0 0 0 ' ,18 ,1 ,1, 1
73 ,52, 46, '18 23 29 30 19 17 20 22 29 20 19 19 21 22 21 16 25 22 28 26 ' ,'0 0 0 0 0 0 0 0 0 0 0 0 0 0 0 0 0 0 0 0 ' ,22 ,1 ,1, 1
88 ,63, 66, '16 31 21 20 23 20 26 20 19 22 16 15 20 22 18 19 23 19 26 21 ' ,'0 0 0 0 0 0 0 0 0 0 0 0 0 0 0 0 0 0 0 0 ' ,40 ,23 ,1, 1
73 ,82, 46, '17 21 21 21 25 17 20 21 20 20 20 19 21 21 17 18 23 29 20 17 ' ,'0 0 0 0 0 0 0 0 0 0 0 0 0 0 0 0 0 0 0 0 ' ,14 ,1 ,0, 0
65 ,57, 40, '26 23 18 22 17 20 24 18 22 18 21 22 16 28 23 27 27 21 23 25 ' ,'0 0 0 0 0 0 0 0 0 0 0 0 0 0 0 0 0 0 0 0 ' ,17 ,1 ,0, 0
64 ,65, 41, '23 20 20 19 23 27 19 25 20 21 21 18 17 18 19 24 21 18 20 17 ' ,'0 0 0 0 0 0 0 0 0 0 0 0 0 0 0 0 0 0 0 0 ' ,15 ,1 ,1, 1
70 ,52, 43, '17 22 30 23 17 21 25 20 22 25 18 24 29 23 19 22 22 18 27 28 ' ,'0 0 0 0 0 0 0 0 0 0 0 0 0 0 0 0 0 0 0 0 ' ,21 ,1 ,0, 0
103 ,61, 79, '22 20 22 20 17 21 18 16 18 21 21 18 29 19 17 37 20 23 16 20 ' ,'0 0 0 0 0 0 0 0 0 0 0 0 0 0 0 0 0 0 0 0 ' ,56 ,24 ,0, 0
71 ,93, 47, '22 21 24 29 21 19 20 22 23 23 19 21 27 22 22 20 20 29 22 29 ' ,'0 0 0 0 0 0 0 0 0 0 0 0 0 0 0 0 0 0 0 0 ' ,23 ,1 ,1, 1
64 ,65, 40, '16 19 22 20 26 24 20 20 20 20 23 19 27 19 24 17 21 20 21 24 ' ,'0 0 0 0 0 0 0 0 0 0 0 0 0 0 0 0 0 0 0 0 ' ,21 ,1 ,0, 0
65 ,53, 36, '17 20 18 20 23 18 20 23 20 21 18 20 26 20 25 18 22 22 28 20 ' ,'0 0 0 0 0 0 0 0 0 0 0 0 0 0 0 0 0 0 0 0 ' ,17 ,1 ,1, 1
68 ,58, 45, '25 21 21 19 23 25 23 17 21 22 25 24 19 18 16 22 17 20 25 24 ' ,'0 0 0 0 0 0 0 0 0 0 0 0 0 0 0 0 0 0 0 0 ' ,19 ,1 ,1, 1
70 ,56, 40, '16 25 21 22 20 21 23 18 18 22 28 18 23 20 24 24 20 25 26 21 ' ,'0 0 0 0 0 0 0 0 0 0 0 0 0 0 0 0 0 0 0 0 ' ,18 ,0 ,0, 0
66 ,57, 45, '19 16 27 19 17 30 29 27 19 22 17 17 30 19 20 19 17 23 18 18 ' ,'0 0 0 0 0 0 0 0 0 0 0 0 0 0 0 0 0 0 0 0 ' ,22 ,1 ,1, 1
76 ,63, 41, '23 19 21 26 16 19 25 32 23 16 22 17 29 20 25 23 32 20 20 23 ' ,'0 0 0 0 0 0 0 0 0 0 0 0 0 0 0 0 0 0 0 0 ' ,20 ,1 ,0, 0
63 ,60, 37, '17 23 19 26 22 17 25 19 24 20 21 24 17 24 22 16 23 24 25 18 ' ,'0 0 0 0 0 0 0 0 0 0 0 0 0 0 0 0 0 0 0 0 ' ,19 ,1 ,0, 0
100 ,54, 76, '39 22 46 35 32 34 36 31 40 51 24 52 36 30 29 35 28 22 24 41 ' ,'0 0 0 0 0 0 0 0 0 0 0 0 0 0 0 0 0 0 0 0 ' ,48 ,1 ,0, 0
80 ,86, 55, '20 23 21 43 21 23 24 18 24 20 21 24 18 23 23 25 24 21 25 18 ' ,'0 0 0 0 0 0 0 0 0 0 0 0 0 0 0 0 0 0 0 0 ' ,29 ,1 ,1, 1
64 ,70, 42, '32 21 22 21 19 20 21 21 21 19 18 20 25 26 21 19 25 23 21 23 ' ,'0 0 0 0 0 0 0 0 0 0 0 0 0 0 0 0 0 0 0 0 ' ,17 ,0 ,1, 1
79 ,55, 45, '22 26 23 22 16 35 35 21 23 21 17 27 25 24 21 28 34 31 21 21 ' ,'0 0 0 0 0 0 0 0 0 0 0 0 0 0 0 0 0 0 0 0 ' ,20 ,1 ,0, 0
71 ,62, 44, '19 18 19 36 18 17 30 19 27 22 17 27 18 32 20 17 17 17 22 19 ' ,'0 0 0 0 0 0 0 0 0 0 0 0 0 0 0 0 0 0 0 0 ' ,21 ,1 ,0, 0
70 ,59, 47, '15 17 18 19 35 19 18 19 22 24 30 19 19 18 22 19 18 28 28 21 ' ,'0 0 0 0 0 0 0 0 0 0 0 0 0 0 0 0 0 0 0 0 ' ,27 ,1 ,0, 0
158 ,60, 138, '22 22 17 21 20 19 22 18 25 26 19 23 19 21 20 28 22 16 32 27 ' ,'0 0 0 0 0 0 0 0 0 0 0 0 0 0 0 0 0 0 0 0 ' ,117 ,1 ,0, 0
59 ,149, 44, '22 20 21 18 24 19 21 34 22 24 17 17 20 22 27 19 20 21 20 22 ' ,'0 0 0 0 0 0 0 0 0 0 0 0 0 0 0 0 0 0 0 0 ' ,20 ,1 ,0, 0
55 ,51, 36, '20 22 32 23 21 21 22 23 22 20 25 21 18 21 16 23 22 18 29 20 ' ,'0 0 0 0 0 0 0 0 0 0 0 0 0 0 0 0 0 0 0 0 ' ,16 ,1 ,0, 0
68 ,48, 51, '17 18 18 22 41 16 21 18 17 31 15 16 19 20 18 27 16 22 17 27 ' ,'0 0 0 0 0 0 0 0 0 0 0 0 0 0 0 0 0 0 0 0 ' ,32 ,1 ,0, 0
53 ,60, 38, '23 24 28 22 18 18 17 20 22 23 24 18 16 26 19 20 18 24 23 21 ' ,'0 0 0 0 0 0 0 0 0 0 0 0 0 0 0 0 0 0 0 0 ' ,11 ,0 ,1, 1
62 ,44, 37, '24 22 18 21 16 21 21 14 20 21 18 18 15 19 14 21 19 16 24 20 ' ,'0 0 0 0 0 0 0 0 0 0 0 0 0 0 0 0 0 0 0 0 ' ,15 ,1 ,1, 0
63 ,49, 37, '21 17 23 24 22 20 17 17 21 13 19 16 17 16 14 22 16 17 15 17 ' ,'0 0 0 0 0 0 0 0 0 0 0 0 0 0 0 0 0 0 0 0 ' ,19 ,0 ,0, 0
63 ,54, 39, '21 21 22 18 18 26 20 21 16 22 19 21 21 22 21 18 22 24 31 18 ' ,'0 0 0 0 0 0 0 0 0 0 0 0 0 133 0 0 0 0 0 0 ' ,15 ,1 ,0, 0
76 ,52, 49, '18 19 25 19 19 18 20 17 20 32 16 16 19 19 16 19 19 22 22 21 ' ,'0 0 0 0 0 0 0 0 0 0 0 0 0 0 0 0 0 0 0 0 ' ,27 ,0 ,0, 0
80 ,68, 49, '18 19 16 34 21 17 26 21 35 20 18 16 29 16 20 24 20 32 32 24 ' ,'0 0 0 0 0 0 0 0 0 0 0 0 0 0 0 0 0 0 0 0 ' ,24 ,1 ,0, 0
67 ,64, 48, '18 25 20 21 29 22 20 21 21 20 21 27 26 19 24 17 19 24 21 26 ' ,'0 0 0 0 0 0 0 0 0 0 0 0 0 0 0 0 0 0 0 0 ' ,24 ,1 ,0, 0
68 ,58, 41, '17 19 25 19 20 21 21 24 19 20 17 19 22 20 27 19 18 28 23 21 ' ,'0 0 0 0 0 0 0 0 0 0 0 0 0 0 0 0 0 0 0 0 ' ,19 ,1 ,1, 1
65 ,55, 36, '19 18 18 22 20 20 17 20 15 17 20 17 20 20 27 25 19 23 23 15 ' ,'0 0 0 0 0 0 0 0 0 0 0 0 0 0 0 0 0 0 0 0 ' ,16 ,1 ,0, 0
71 ,51, 46, '19 25 25 22 22 16 21 21 18 20 19 15 23 18 15 26 20 25 20 18 ' ,'0 0 0 0 0 0 0 0 0 0 0 0 0 0 0 0 0 0 0 0 ' ,20 ,0 ,0, 0
72 ,62, 43, '21 31 16 26 16 24 27 19 22 19 16 24 17 19 24 34 25 15 15 31 ' ,'0 0 0 0 0 0 0 0 0 0 0 0 0 0 0 0 0 0 0 0 ' ,30 ,1 ,0, 0
96 ,66, 62, '37 59 48 37 26 46 47 16 42 15 30 49 39 17 17 19 41 33 29 36 ' ,'0 0 0 0 0 0 0 0 0 0 0 0 0 0 0 0 0 0 0 0 ' ,48 ,1 ,0, 0
72 ,87, 48, '31 36 35 33 35 33 23 24 23 28 20 19 22 16 25 28 20 28 18 25 ' ,'0 0 0 0 0 0 0 0 0 0 0 0 0 0 0 0 0 0 0 0 ' ,20 ,1 ,0, 0
66 ,58, 37, '27 22 18 23 20 24 22 15 22 22 19 20 20 22 15 25 21 21 26 19 ' ,'0 0 0 0 0 0 0 0 0 0 0 0 0 0 0 0 0 0 0 0 ' ,15 ,0 ,0, 0
78 ,55, 45, '20 16 22 17 13 20 17 16 16 24 13 16 24 16 16 19 15 15 18 14 ' ,'0 0 0 0 0 0 0 0 0 0 0 0 0 0 0 0 0 0 0 0 ' ,19 ,1 ,0, 0
66 ,62, 39, '19 19 27 24 18 21 19 17 23 23 20 17 17 27 16 21 18 17 25 15 ' ,'0 0 0 0 0 0 0 0 0 0 0 0 0 0 0 0 0 0 0 0 ' ,18 ,0 ,0, 0
60 ,56, 38, '19 21 23 24 16 23 21 20 30 21 18 21 25 23 24 22 21 20 34 15 ' ,'0 0 0 0 0 0 0 0 0 0 0 0 0 0 0 0 0 0 0 0 ' ,14 ,1 ,1, 1
66 ,52, 41, '16 17 20 21 30 16 25 23 20 17 17 17 33 19 23 23 26 24 20 20 ' ,'0 0 0 0 0 0 0 0 0 0 0 0 0 0 0 0 0 0 0 0 ' ,20 ,1 ,0, 0
57 ,56, 33, '15 17 18 18 24 27 23 22 15 18 14 14 14 18 19 15 16 21 15 15 ' ,'0 0 0 0 0 0 0 0 0 0 0 0 0 0 0 0 0 0 0 0 ' ,17 ,2 ,0, 0
78 ,48, 52, '17 21 22 15 19 16 20 22 27 17 21 18 18 26 27 23 19 23 25 24 ' ,'0 0 0 0 0 0 0 0 0 0 0 0 0 0 0 0 0 0 0 0 ' ,22 ,0 ,1, 1
64 ,65, 38, '24 16 20 16 16 21 29 19 16 19 32 16 19 17 21 23 17 19 21 15 ' ,'0 0 0 0 0 0 0 0 0 0 0 0 0 0 0 0 0 0 0 0 ' ,16 ,1 ,1, 1
65 ,52, 39, '16 20 17 23 23 25 15 19 15 16 25 23 15 16 19 26 21 17 15 16 ' ,'0 0 0 0 0 0 0 0 0 0 0 0 0 0 0 0 0 0 0 0 ' ,19 ,0 ,1, 1
75 ,57, 38, '24 16 22 24 14 17 26 20 18 19 19 13 24 32 14 19 13 20 24 18 ' ,'0 0 0 0 0 0 0 0 0 0 0 0 0 0 0 0 0 0 0 0 ' ,20 ,1 ,0, 0
63 ,64, 39, '17 24 23 16 18 25 19 16 20 20 16 19 16 16 17 25 30 22 16 18 ' ,'0 0 0 0 0 0 0 0 0 0 0 0 0 0 0 0 0 0 0 0 ' ,20 ,1 ,0, 0
69 ,55, 42, '15 32 23 35 15 16 17 22 19 19 17 19 24 33 15 18 17 18 17 20 ' ,'0 0 0 0 0 0 0 0 0 0 0 0 0 0 0 0 0 0 0 0 ' ,22 ,2 ,0, 0
62 ,62, 31, '23 28 19 29 19 27 17 19 16 17 19 17 19 29 15 24 16 18 16 18 ' ,'0 0 0 0 0 0 0 0 0 0 0 0 0 0 0 0 0 0 0 0 ' ,17 ,1 ,0, 0
76 ,52, 51, '31 21 30 14 38 16 17 17 13 17 25 21 16 14 26 25 14 14 14 21 ' ,'0 0 0 0 0 0 0 0 0 0 0 0 0 0 0 0 0 0 0 0 ' ,34 ,1 ,0, 0
66 ,66, 38, '17 19 19 20 18 18 25 15 29 15 18 14 15 31 15 22 19 16 33 15 ' ,'0 0 0 0 0 0 0 0 0 0 0 0 0 0 0 0 0 0 0 0 ' ,19 ,0 ,0, 0
62 ,57, 36, '24 16 20 20 18 22 18 17 15 17 21 15 18 23 14 22 24 19 16 15 ' ,'0 0 0 0 0 0 0 0 0 0 0 0 0 0 0 0 0 0 0 0 ' ,15 ,1 ,0, 0
66 ,55, 40, '20 15 25 29 18 20 19 18 31 15 20 21 16 23 15 21 27 20 24 15 ' ,'0 0 0 0 0 0 0 0 0 0 0 0 0 0 0 0 0 0 0 0 ' ,15 ,1 ,1, 1
66 ,60, 38, '18 15 18 25 18 18 19 18 17 15 22 24 17 24 17 25 15 18 15 16 ' ,'0 0 0 0 0 0 0 0 0 0 0 0 0 0 0 0 0 0 0 0 ' ,18 ,1 ,1, 1
67 ,50, 48, '20 19 20 15 21 19 15 17 21 17 20 17 15 29 24 20 26 20 23 16 ' ,'0 0 0 0 0 0 0 0 0 0 0 0 0 0 0 0 0 0 0 0 ' ,26 ,1 ,0, 0
64 ,58, 46, '21 25 27 26 21 15 22 16 17 18 15 26 18 16 19 17 15 18 24 19 ' ,'0 0 0 0 0 0 0 0 0 0 0 0 0 0 0 0 0 0 0 0 ' ,23 ,0 ,0, 0
71 ,54, 50, '20 19 23 27 28 21 21 21 15 22 18 23 13 16 14 20 14 13 26 20 ' ,'0 0 0 0 0 0 0 0 0 0 0 0 0 0 0 0 0 0 0 0 ' ,28 ,1 ,1, 1
63 ,58, 42, '18 15 15 20 19 20 26 30 20 22 19 20 20 24 19 18 15 25 25 20 ' ,'0 0 0 0 0 0 0 0 0 0 0 0 0 0 0 0 0 0 0 0 ' ,20 ,0 ,1, 1
73 ,187, 46, '16 26 13 14 13 32 27 20 20 13 27 13 21 23 32 21 25 27 22 20 ' ,'0 0 0 0 0 0 0 0 0 0 0 0 0 0 0 0 0 0 0 0 ' ,23 ,1 ,0, 0
56 ,70, 41, '26 22 19 26 14 22 27 18 19 15 18 16 14 24 18 17 20 22 15 14 ' ,'0 0 0 0 0 0 0 0 0 0 0 0 0 0 0 0 0 0 0 0 ' ,20 ,1 ,0, 0
59 ,49, 39, '18 14 19 22 19 17 25 20 26 17 16 15 19 18 21 18 16 22 15 17 ' ,'0 0 0 0 0 0 0 0 0 0 0 0 0 0 0 0 0 0 0 0 ' ,20 ,0 ,0, 0
67 ,52, 43, '18 18 16 19 15 17 15 15 29 19 18 20 18 14 16 18 17 34 21 15 ' ,'0 0 0 0 0 0 0 0 0 0 0 0 0 0 0 0 0 0 0 0 ' ,22 ,1 ,1, 1
74 ,58, 44, '19 22 15 19 17 22 17 16 21 16 19 26 19 30 20 22 20 17 16 16 ' ,'0 0 0 0 0 0 0 0 0 0 0 0 0 0 0 0 0 0 0 0 ' ,24 ,1 ,0, 0
72 ,63, 45, '17 22 16 13 20 15 23 15 21 17 15 16 15 23 17 16 16 14 12 15 ' ,'0 0 0 0 0 0 0 0 0 0 0 0 0 0 0 0 0 0 0 0 ' ,24 ,1 ,1, 1
76 ,54, 48, '21 15 19 20 14 22 13 18 28 27 19 18 17 31 18 25 16 22 19 15 ' ,'0 0 0 0 0 0 0 0 0 0 0 0 0 0 0 0 0 0 0 0 ' ,24 ,1 ,1, 1
68 ,67, 46, '21 28 34 20 19 22 16 16 17 16 20 15 25 18 29 19 24 26 19 17 ' ,'0 0 0 0 0 0 0 0 0 0 0 0 0 0 0 0 0 0 0 0 ' ,22 ,1 ,0, 0
78 ,56, 49, '17 24 19 20 21 20 16 24 20 15 18 18 26 23 18 20 18 15 15 15 ' ,'0 0 0 0 0 0 0 0 0 0 0 0 0 0 0 0 0 0 0 0 ' ,30 ,1 ,1, 1
65 ,64, 40, '14 13 14 17 21 13 14 14 26 13 19 19 14 29 17 19 17 24 16 13 ' ,'0 0 0 0 0 0 0 0 0 0 0 0 0 0 0 0 0 0 0 0 ' ,23 ,0 ,0, 0
88 ,52, 61, '18 17 17 20 23 19 15 16 16 15 19 26 16 19 15 24 20 16 16 15 ' ,'0 0 0 0 0 0 0 0 0 0 0 0 0 0 0 0 0 0 0 0 ' ,38 ,1 ,0, 0
62 ,74, 39, '22 20 28 19 19 23 25 24 23 15 14 16 22 19 16 20 18 22 22 15 ' ,'0 0 0 0 0 0 0 0 0 0 0 0 0 0 0 0 0 0 0 0 ' ,17 ,1 ,0, 0
60 ,53, 40, '24 22 17 23 21 15 16 16 25 15 16 16 17 20 16 18 16 19 21 15 ' ,'0 0 0 0 0 0 0 0 0 0 0 0 0 0 0 0 0 0 0 0 ' ,18 ,1 ,0, 0
68 ,52, 42, '17 19 20 17 19 17 16 22 16 17 17 17 19 16 18 24 24 22 18 16 ' ,'0 0 0 0 0 0 0 0 0 0 0 0 0 0 0 0 0 0 0 0 ' ,21 ,0 ,1, 1
71 ,57, 44, '23 16 24 15 21 21 18 21 15 26 27 15 18 17 15 26 17 28 19 15 ' ,'0 0 0 0 0 0 0 0 0 0 0 0 0 0 0 0 0 0 0 0 ' ,26 ,1 ,1, 1
75 ,64, 47, '19 23 19 19 16 19 21 16 21 25 21 19 15 21 15 19 22 16 19 16 ' ,'0 0 0 0 0 0 0 0 0 0 0 0 0 0 0 0 0 0 0 0 ' ,24 ,1 ,1, 1
69 ,64, 45, '17 19 21 27 23 18 21 21 21 18 20 18 18 28 24 21 19 21 16 15 ' ,'0 0 0 0 0 0 0 0 0 0 0 0 0 0 0 0 0 0 0 0 ' ,23 ,0 ,0, 0
65 ,62, 43, '17 17 20 17 17 16 30 19 20 17 16 15 20 20 20 21 15 22 34 20 ' ,'0 0 0 0 0 0 0 0 0 0 0 0 0 0 0 0 0 0 0 0 ' ,23 ,4 ,0, 0
65 ,55, 43, '20 28 20 17 21 20 18 17 15 15 21 25 19 17 21 26 34 18 17 16 ' ,'0 0 0 0 0 0 0 0 0 0 0 0 0 0 0 0 0 0 0 0 ' ,21 ,1 ,0, 0
79 ,54, 56, '15 22 19 19 29 13 17 17 17 17 17 21 18 20 18 19 20 22 17 20 ' ,'0 0 0 0 0 0 0 0 0 0 0 0 0 0 0 0 0 0 0 0 ' ,28 ,0 ,1, 1
60 ,66, 41, '19 20 17 22 21 19 15 17 14 23 17 18 17 19 24 20 20 17 16 15 ' ,'0 0 0 0 0 0 0 0 0 0 0 0 0 0 0 0 0 0 0 0 ' ,21 ,1 ,0, 0
69 ,56, 39, '19 18 18 16 16 18 21 15 19 18 23 14 15 14 16 24 20 16 17 20 ' ,'0 0 0 0 0 0 0 0 0 0 0 0 0 0 0 0 0 0 0 0 ' ,20 ,1 ,0, 0
116 ,52, 85, '21 17 17 20 22 23 17 19 18 30 21 18 25 18 19 26 18 30 17 22 ' ,'0 0 0 0 0 0 0 0 0 0 0 0 0 0 0 0 0 0 0 0 ' ,60 ,35 ,1, 1
62 ,104, 41, '16 19 15 23 18 18 21 15 22 15 18 18 14 18 14 19 19 14 26 19 ' ,'0 0 0 0 0 0 0 0 0 0 0 0 0 0 0 0 0 0 0 0 ' ,22 ,0 ,0, 0
65 ,54, 42, '14 17 18 17 17 15 17 19 22 23 16 17 18 19 21 16 18 19 22 18 ' ,'0 0 0 0 0 0 0 0 0 0 0 0 0 0 0 0 0 0 0 0 ' ,22 ,1 ,0, 0
59 ,58, 38, '24 22 16 22 22 19 21 17 15 19 20 20 16 15 20 20 21 22 25 18 ' ,'0 0 0 0 0 0 0 0 0 0 0 0 0 0 0 0 0 0 0 0 ' ,14 ,1 ,0, 0
71 ,52, 52, '26 24 25 22 20 24 24 22 21 19 16 17 19 18 18 29 18 21 20 24 ' ,'0 0 0 0 0 0 0 0 0 0 0 0 0 0 0 0 0 0 0 0 ' ,22 ,1 ,0, 0
103 ,64, 79, '28 17 19 18 19 24 16 17 17 16 20 17 18 16 21 24 22 22 18 16 ' ,'0 0 0 0 0 0 0 0 0 0 0 0 0 0 0 0 0 0 0 0 ' ,57 ,38 ,0, 0
169 ,90, 142, '21 20 20 17 19 23 22 19 19 19 22 20 18 18 23 29 131 21 19 19 ' ,'0 0 0 0 0 0 0 0 0 0 0 0 0 0 0 0 0 0 0 0 ' ,118 ,1 ,1, 1
71 ,157, 46, '14 18 21 20 15 15 30 18 16 22 14 16 17 22 20 18 17 19 15 22 ' ,'0 0 0 0 0 0 0 0 0 0 0 0 0 0 0 0 0 0 0 0 ' ,28 ,0 ,0, 0
68 ,59, 47, '20 25 23 26 18 24 20 20 25 16 19 21 21 23 25 19 20 22 20 16 ' ,'0 0 0 0 0 0 0 0 0 0 0 0 0 0 0 0 0 0 0 0 ' ,22 ,1 ,0, 0
67 ,61, 44, '23 15 17 20 22 24 18 19 17 14 21 15 17 18 14 22 24 18 17 14 ' ,'0 0 0 0 0 0 0 0 0 0 0 0 0 0 0 0 0 0 0 0 ' ,21 ,0 ,0, 0
51 ,58, 30, '16 21 22 22 19 20 20 20 15 18 18 19 20 15 16 19 19 20 23 17 ' ,'0 0 0 0 0 0 0 0 0 0 0 0 0 0 0 0 0 0 0 0 ' ,12 ,1 ,0, 0
50 ,42, 31, '20 20 18 17 21 21 17 17 16 21 21 16 17 17 21 22 19 18 17 21 ' ,'0 0 0 0 0 0 0 0 0 0 0 0 0 0 0 0 0 0 0 0 ' ,10 ,1 ,0, 0
52 ,39, 34, '25 23 21 22 20 27 21 21 23 23 21 20 21 20 20 20 20 22 24 21 ' ,'0 0 0 0 0 0 0 0 0 0 0 0 0 0 0 0 0 0 0 0 ' ,12 ,1 ,0, 0
50 ,44, 32, '21 22 18 16 24 20 19 18 16 24 22 16 18 17 21 22 18 17 18 21 ' ,'0 0 0 0 0 0 0 0 0 0 0 0 0 0 0 0 0 0 0 0 ' ,10 ,0 ,0, 0
51 ,41, 36, '20 22 17 24 20 19 21 20 23 20 20 21 16 22 19 20 25 17 27 18 ' ,'0 0 0 0 0 0 0 0 0 0 0 0 0 0 0 0 0 0 0 0 ' ,12 ,0 ,1, 1
50 ,44, 34, '19 20 19 22 17 18 22 19 18 16 18 17 20 19 18 22 17 20 25 15 ' ,'0 0 0 0 0 0 0 0 0 0 0 0 0 0 0 0 0 0 0 0 ' ,10 ,1 ,1, 1
57 ,41, 37, '22 21 20 22 21 17 21 25 21 16 17 24 22 25 19 19 19 20 21 16 ' ,'0 0 0 0 0 0 0 0 0 0 0 0 0 0 0 0 0 0 0 0 ' ,14 ,0 ,0, 0
68 ,47, 42, '18 20 24 15 16 18 20 21 13 14 18 17 24 13 15 22 21 23 29 13 ' ,'0 0 0 0 0 0 0 0 0 0 0 0 0 0 0 0 0 0 0 0 ' ,21 ,1 ,1, 1
71 ,58, 50, '17 20 20 29 16 21 15 20 23 15 18 18 19 19 15 17 17 22 24 24 ' ,'0 0 0 0 0 0 0 0 0 0 0 0 0 0 0 0 0 0 0 0 ' ,28 ,1 ,0, 0
62 ,59, 43, '18 19 20 22 17 18 20 25 25 17 17 19 21 26 20 19 21 22 21 17 ' ,'0 0 0 0 0 0 0 0 0 0 0 0 0 0 0 0 0 0 0 0 ' ,22 ,1 ,0, 0
75 ,56, 48, '18 16 16 31 17 22 16 22 26 14 19 15 22 21 28 22 21 15 26 18 ' ,'0 0 0 0 0 0 0 0 0 0 0 121 125 0 0 0 0 0 0 0 ' ,33 ,0 ,0, 0
253 ,66, 232, '21 18 19 19 25 16 20 25 19 13 16 22 18 19 14 24 12 20 18 16 ' ,'0 139 0 0 0 0 0 0 0 0 0 0 0 0 0 0 0 0 0 0 ' ,49 ,1 ,1, 1
71 ,237, 44, '21 21 20 32 15 19 21 19 22 15 20 20 19 25 18 27 25 16 41 22 ' ,'0 0 0 0 0 0 0 0 0 0 0 0 0 0 0 0 0 0 0 0 ' ,20 ,0 ,0, 0
73 ,61, 49, '18 20 23 21 30 16 20 22 20 21 16 18 20 25 21 19 20 21 25 17 ' ,'0 0 0 0 0 0 0 0 0 0 0 0 0 0 0 0 0 0 0 0 ' ,23 ,1 ,1, 1
73 ,62, 52, '18 22 21 20 28 26 19 20 21 30 17 20 19 24 26 17 20 21 24 24 ' ,'0 0 0 0 0 0 0 0 0 0 0 0 0 0 0 0 0 0 0 0 ' ,28 ,1 ,0, 0
69 ,66, 36, '25 16 18 33 25 20 16 19 28 18 20 16 16 20 16 21 18 23 16 19 ' ,'0 0 0 0 0 0 0 0 0 0 0 0 0 0 0 0 0 0 0 0 ' ,17 ,1 ,0, 0
66 ,54, 41, '18 24 22 36 21 16 25 24 20 16 16 20 21 36 23 20 20 22 22 18 ' ,'0 0 0 0 0 0 0 0 0 0 0 0 0 0 0 0 0 0 0 0 ' ,19 ,1 ,0, 0
76 ,56, 52, '23 24 18 18 24 21 25 20 23 21 20 20 18 17 20 26 23 19 18 22 ' ,'0 0 0 0 0 0 0 0 0 0 0 0 0 0 0 0 0 0 0 0 ' ,29 ,1 ,1, 1
262 ,64, 235, '186 172 185 144 197 207 198 135 203 157 196 137 227 127 169 189 130 117 198 214 ' ,'0 0 0 0 0 0 0 0 0 0 0 0 0 0 0 0 0 0 0 0 ' ,108 ,1 ,0, 0
133 ,247, 106, '23 18 23 41 28 51 75 20 37 29 87 17 18 100 29 43 20 22 20 68 ' ,'0 0 0 0 0 0 0 0 0 0 0 0 0 0 0 0 0 0 0 0 ' ,83 ,0 ,1, 1
73 ,116, 44, '19 21 22 25 23 22 24 22 22 18 19 20 26 28 21 20 22 24 21 17 ' ,'0 0 0 0 0 0 0 0 0 0 0 0 0 0 0 0 0 0 0 0 ' ,21 ,1 ,0, 0
76 ,56, 53, '18 22 21 24 18 19 22 22 29 21 20 20 22 21 17 20 22 28 23 28 ' ,'0 0 0 0 0 0 0 0 0 0 0 0 0 0 0 0 0 0 0 0 ' ,24 ,1 ,1, 1
88 ,67, 63, '21 22 19 19 16 20 31 17 23 21 22 17 16 18 21 21 23 18 23 16 ' ,'0 0 0 0 0 0 0 0 0 0 0 0 0 0 0 0 0 0 0 0 ' ,29 ,1 ,1, 1
65 ,75, 40, '27 21 23 21 16 17 21 24 23 24 22 20 21 22 15 20 20 22 24 17 ' ,'0 0 0 0 0 0 0 0 0 0 0 0 0 0 0 0 0 0 0 0 ' ,16 ,1 ,1, 1
68 ,59, 44, '24 17 19 19 19 19 23 19 18 27 22 18 32 18 18 22 18 24 19 20 ' ,'0 0 0 0 0 0 0 0 0 0 0 0 0 0 0 0 0 0 0 0 ' ,22 ,1 ,0, 0
90 ,61, 60, '27 23 27 23 16 23 22 23 23 16 22 21 25 23 16 23 22 24 26 40 ' ,'0 0 0 0 0 0 0 0 0 0 0 0 0 0 0 0 0 0 0 0 ' ,31 ,1 ,1, 1
79 ,74, 49, '22 25 23 20 20 20 35 24 22 16 31 24 23 22 18 28 20 24 22 21 ' ,'0 0 0 0 0 0 0 0 0 0 0 0 0 0 0 0 0 0 0 0 ' ,24 ,1 ,1, 1
74 ,68, 50, '20 18 20 33 23 25 23 18 29 25 20 21 18 20 30 20 21 20 27 27 ' ,'0 0 0 0 0 0 0 0 0 0 0 0 0 0 0 0 0 0 0 0 ' ,26 ,1 ,0, 0
80 ,63, 55, '26 21 25 21 38 28 19 28 35 19 31 22 26 42 20 26 17 25 26 29 ' ,'0 0 0 0 0 0 0 0 0 0 0 0 0 0 0 0 0 0 0 0 ' ,32 ,0 ,0, 0
61 ,65, 38, '23 21 26 29 25 24 22 22 29 18 26 18 19 22 18 23 22 22 21 22 ' ,'0 0 0 0 0 0 0 0 0 0 0 0 0 0 0 0 0 0 0 0 ' ,17 ,1 ,0, 0
68 ,56, 42, '25 23 24 26 19 24 22 23 25 20 23 21 22 22 24 24 22 23 23 23 ' ,'0 0 0 0 0 0 0 0 0 0 0 0 0 0 0 0 0 0 0 0 ' ,15 ,0 ,1, 1
76 ,61, 44, '20 22 25 26 24 20 23 22 21 16 21 20 22 21 21 19 21 22 25 19 ' ,'0 0 0 0 0 0 0 0 0 0 0 0 0 0 0 0 0 0 0 0 ' ,21 ,1 ,1, 1
68 ,58, 42, '21 23 23 23 26 20 23 29 24 19 27 22 23 27 19 23 25 24 23 21 ' ,'0 0 0 0 0 0 0 0 0 0 0 0 0 0 0 0 0 0 0 0 ' ,17 ,1 ,0, 0
70 ,58, 44, '20 23 30 31 20 23 22 25 31 19 24 21 22 24 22 22 22 24 23 20 ' ,'0 0 0 0 0 0 0 0 0 0 0 0 0 0 0 0 0 0 0 0 ' ,19 ,1 ,0, 0
74 ,59, 49, '19 23 22 19 19 19 21 23 19 20 22 19 20 19 28 25 17 19 20 23 ' ,'0 0 0 0 0 0 0 0 0 0 0 0 0 0 0 0 0 0 0 0 ' ,28 ,0 ,0, 0
201 ,65, 177, '173 92 79 156 88 124 87 108 133 131 122 93 73 104 103 109 102 86 161 86 ' ,'0 0 0 0 0 0 0 0 0 0 0 0 0 0 0 0 0 0 71 0 ' ,28 ,1 ,1, 1
57 ,190, 33, '21 31 21 31 25 23 22 20 24 21 21 23 19 24 21 23 23 23 30 22 ' ,'0 0 0 0 0 0 0 0 0 0 0 0 0 0 0 0 0 0 0 0 ' ,11 ,1 ,0, 0
53 ,49, 38, '19 19 20 27 19 19 22 26 32 19 20 21 20 25 20 31 24 23 24 19 ' ,'0 0 0 0 0 0 0 0 0 0 0 0 0 0 0 0 0 0 0 0 ' ,12 ,1 ,1, 1
49 ,45, 32, '21 19 19 26 24 24 18 18 20 21 23 18 19 24 23 25 23 20 19 24 ' ,'0 0 0 0 0 0 0 0 0 0 0 0 0 0 0 0 0 0 0 0 ' ,10 ,1 ,0, 0
54 ,42, 35, '24 22 21 21 24 19 21 25 22 19 18 21 20 21 19 19 21 21 23 24 ' ,'0 0 0 0 0 0 0 0 0 0 0 0 0 0 0 0 0 0 0 0 ' ,10 ,1 ,1, 1
49 ,44, 35, '18 20 27 22 24 22 21 21 24 24 18 19 19 22 23 18 19 20 19 22 ' ,'0 0 0 0 0 0 0 0 0 0 0 0 0 0 0 0 0 0 0 0 ' ,10 ,1 ,1, 0
57 ,40, 42, '20 24 26 30 25 20 23 18 30 17 20 21 19 23 25 28 24 18 25 21 ' ,'0 0 0 0 0 0 0 0 0 0 0 0 0 0 0 0 0 0 0 0 ' ,16 ,1 ,0, 0
76 ,48, 50, '24 26 21 31 17 21 24 19 24 24 24 21 16 18 21 21 24 17 18 25 ' ,'0 0 0 0 0 0 0 0 0 0 0 0 0 0 0 0 0 0 0 0 ' ,27 ,1 ,0, 0
81 ,60, 54, '29 24 27 21 25 30 21 22 23 29 21 19 22 28 25 21 21 24 22 24 ' ,'0 0 0 0 0 0 0 0 0 0 0 0 0 0 0 0 0 0 0 0 ' ,29 ,1 ,0, 0
78 ,65, 45, '21 23 19 25 20 23 25 20 26 25 19 21 17 26 27 22 23 19 29 21 ' ,'0 0 0 0 0 0 0 0 0 0 0 0 0 0 0 0 0 0 0 0 ' ,23 ,1 ,0, 0
79 ,58, 52, '20 21 24 22 25 19 22 25 21 24 25 21 24 27 20 21 20 23 24 22 ' ,'0 0 0 0 0 0 0 0 0 0 0 0 0 0 0 0 0 0 0 0 ' ,25 ,1 ,1, 1
76 ,61, 45, '24 29 21 20 22 18 18 23 25 20 19 24 20 21 23 21 26 21 31 26 ' ,'0 0 0 0 0 0 0 0 0 0 0 0 0 0 0 0 0 0 0 0 ' ,22 ,1 ,0, 0
86 ,58, 59, '31 23 25 23 37 21 22 24 21 22 19 19 25 27 32 29 23 30 26 22 ' ,'0 0 0 0 0 0 0 0 0 0 0 0 0 0 0 0 0 0 0 0 ' ,27 ,1 ,1, 1
79 ,69, 50, '18 20 21 18 23 19 23 22 29 23 26 21 22 29 22 21 23 22 21 28 ' ,'0 0 0 0 0 0 0 0 0 0 0 0 0 0 0 0 0 0 0 0 ' ,27 ,1 ,0, 0
80 ,62, 53, '22 24 26 20 22 23 25 18 20 24 22 21 19 17 22 22 23 20 26 19 ' ,'0 0 0 0 0 0 0 0 0 0 0 0 0 0 0 0 0 0 0 0 ' ,25 ,1 ,1, 1
77 ,62, 51, '36 23 23 23 22 21 22 23 22 22 31 20 21 23 25 21 24 34 28 20 ' ,'0 0 0 0 0 0 0 0 0 0 0 0 0 0 0 0 0 0 0 0 ' ,20 ,0 ,1, 1
79 ,61, 51, '24 19 18 20 25 24 22 21 27 21 24 18 19 29 29 25 19 23 23 22 ' ,'0 0 0 0 0 0 0 0 0 0 0 0 0 0 0 0 0 0 0 0 ' ,27 ,1 ,0, 0
75 ,61, 46, '20 33 27 27 24 21 25 25 23 19 23 33 26 23 19 22 24 24 25 27 ' ,'0 0 0 0 0 0 0 0 0 0 0 0 0 0 0 0 0 0 0 0 ' ,18 ,1 ,0, 0
83 ,57, 56, '25 23 23 21 25 20 22 23 21 29 18 18 23 26 18 23 21 22 20 23 ' ,'0 0 0 0 0 0 0 0 0 0 0 0 0 0 0 0 0 0 0 0 ' ,25 ,1 ,0, 0
73 ,67, 45, '23 20 26 18 22 22 20 20 20 29 23 17 17 21 23 23 18 30 19 21 ' ,'0 0 0 0 0 0 0 0 0 0 0 0 0 0 0 0 0 0 0 0 ' ,22 ,1 ,1, 1
73 ,56, 47, '21 23 22 22 19 20 22 24 31 20 21 21 22 24 21 24 22 23 28 25 ' ,'0 0 0 0 0 0 0 0 0 0 0 0 0 0 0 0 0 0 0 0 ' ,22 ,1 ,1, 1
84 ,58, 55, '24 19 23 19 22 25 21 20 31 29 23 18 20 29 20 24 19 22 19 25 ' ,'0 0 0 0 0 0 0 0 0 0 0 0 0 0 0 0 0 0 0 0 ' ,23 ,1 ,1, 1
89 ,66, 60, '18 22 37 31 34 20 29 33 24 30 36 29 20 21 32 34 24 31 21 22 ' ,'0 0 0 0 0 0 0 0 0 0 0 0 0 0 0 0 0 0 0 0 ' ,35 ,1 ,0, 0
75 ,75, 48, '25 20 22 23 23 25 20 22 32 18 26 20 20 27 30 24 21 24 21 19 ' ,'0 0 0 0 0 0 0 0 0 0 0 0 0 0 0 0 0 0 0 0 ' ,23 ,1 ,0, 0
71 ,60, 49, '17 21 29 28 18 28 23 35 28 29 25 19 24 31 18 26 22 33 23 20 ' ,'0 0 0 0 0 0 0 0 0 0 0 0 0 0 0 0 0 0 0 0 ' ,25 ,1 ,0, 0
75 ,59, 48, '29 18 23 21 24 20 28 21 20 18 18 23 21 25 28 26 17 37 29 18 ' ,'0 0 0 0 0 0 0 0 0 0 0 0 0 0 0 0 0 0 0 0 ' ,23 ,0 ,1, 1
79 ,58, 55, '21 24 18 32 30 22 31 26 28 30 22 33 18 25 20 27 25 27 34 23 ' ,'0 0 0 0 0 0 0 0 0 0 0 0 0 0 0 0 0 0 0 0 ' ,27 ,0 ,0, 0
89 ,62, 62, '27 32 23 24 31 26 18 27 19 19 30 23 24 27 21 31 24 26 20 32 ' ,'0 0 0 0 0 0 0 0 0 0 0 0 0 0 0 0 0 0 0 0 ' ,37 ,1 ,0, 0
72 ,74, 43, '18 21 23 21 22 25 17 20 30 24 18 18 21 28 26 25 26 22 29 20 ' ,'0 0 0 0 0 0 0 0 0 0 0 0 0 0 0 0 0 0 0 0 ' ,20 ,0 ,0, 0
87 ,55, 49, '19 22 25 26 24 28 30 25 23 20 20 22 23 23 17 24 23 24 24 19 ' ,'0 0 0 0 0 0 0 0 0 0 0 0 0 0 0 0 0 0 0 0 ' ,20 ,0 ,1, 1
76 ,64, 53, '21 31 20 17 22 23 26 20 18 18 23 26 18 20 32 21 24 22 17 18 ' ,'0 0 0 0 0 0 0 0 0 0 0 0 0 0 0 0 0 0 0 0 ' ,28 ,1 ,1, 1
71 ,67, 49, '19 26 25 23 19 20 22 28 27 31 20 17 23 25 24 22 21 32 34 19 ' ,'0 0 0 0 0 0 0 0 0 0 0 0 0 0 0 0 0 0 0 0 ' ,27 ,1 ,1, 1
89 ,59, 59, '20 23 25 31 25 20 26 29 25 32 21 23 24 31 20 27 23 26 23 19 ' ,'0 0 0 0 0 0 0 0 0 0 0 0 0 0 0 0 0 0 0 0 ' ,28 ,2 ,0, 0
75 ,68, 48, '25 21 23 23 19 18 24 25 22 21 20 19 22 26 20 20 20 22 21 24 ' ,'0 0 0 0 0 0 0 0 0 0 0 0 0 0 0 0 0 0 0 0 ' ,20 ,1 ,0, 0
78 ,58, 53, '23 25 27 25 24 22 26 27 29 21 22 23 23 25 25 29 24 30 27 26 ' ,'0 0 0 0 0 0 0 0 0 0 0 0 0 0 0 0 0 0 0 0 ' ,19 ,2 ,1, 1
86 ,64, 49, '24 20 20 18 19 22 29 20 21 22 23 19 20 19 21 28 19 20 22 27 ' ,'0 0 0 0 0 0 0 0 0 0 0 0 0 0 0 0 0 0 0 0 ' ,21 ,1 ,1, 1
81 ,64, 54, '24 23 20 29 25 21 25 21 27 18 23 24 19 29 17 23 24 22 31 25 ' ,'0 0 0 0 0 0 0 0 0 0 0 0 0 0 0 0 0 0 0 0 ' ,24 ,2 ,1, 1
64 ,63, 46, '22 18 20 19 23 23 20 22 29 22 22 17 20 28 23 18 18 21 20 23 ' ,'0 0 0 0 0 0 0 0 0 0 0 0 0 0 0 0 0 0 0 0 ' ,24 ,1 ,0, 0
56 ,55, 38, '21 23 31 29 28 21 23 25 24 22 23 21 24 24 21 24 23 25 29 20 ' ,'0 0 0 0 0 0 0 0 0 0 0 0 0 0 0 0 0 0 0 0 ' ,12 ,1 ,1, 1
56 ,45, 40, '23 22 20 20 25 25 22 23 20 26 25 19 30 23 24 27 21 23 24 27 ' ,'0 0 0 0 0 0 0 0 0 0 0 0 0 0 0 0 0 0 0 0 ' ,15 ,1 ,1, 1
61 ,48, 43, '20 17 26 29 22 31 18 28 31 21 24 30 25 28 22 22 18 23 25 21 ' ,'0 0 0 0 0 0 0 0 0 0 0 0 0 0 0 0 0 0 0 0 ' ,19 ,1 ,1, 1
51 ,50, 34, '26 26 24 28 20 23 21 24 27 18 20 21 22 25 19 21 20 24 23 21 ' ,'0 0 0 0 0 0 0 0 0 0 0 0 0 0 0 0 0 0 0 0 ' ,11 ,1 ,0, 0
63 ,42, 46, '22 21 31 31 17 25 20 28 28 18 26 19 20 25 29 25 19 20 32 23 ' ,'0 0 0 0 0 0 0 0 0 0 0 0 0 0 0 0 0 0 0 0 ' ,23 ,1 ,0, 0
87 ,54, 52, '24 19 22 20 34 24 22 23 29 24 25 20 18 21 23 24 19 22 25 21 ' ,'0 0 0 0 0 0 0 0 0 0 0 0 0 0 0 0 0 0 0 0 ' ,31 ,1 ,1, 1
76 ,69, 49, '21 23 28 25 32 22 22 18 25 20 21 21 19 22 21 23 22 19 22 25 ' ,'0 0 0 0 0 0 0 0 0 0 0 0 0 0 0 0 0 0 0 0 ' ,20 ,1 ,0, 0
83 ,58, 56, '24 19 20 21 32 30 20 20 19 28 23 20 21 24 26 25 19 20 20 30 ' ,'0 0 0 0 0 0 0 0 0 0 0 0 0 0 0 0 0 0 0 0 ' ,32 ,1 ,0, 0
77 ,67, 48, '22 29 28 31 25 24 26 19 25 27 22 23 25 27 22 30 24 25 31 29 ' ,'0 0 0 0 0 0 0 0 0 0 0 0 0 0 0 0 0 0 0 0 ' ,21 ,1 ,1, 1
91 ,60, 59, '31 21 23 20 29 21 22 22 22 29 19 22 23 21 25 20 20 22 27 33 ' ,'0 0 0 0 0 0 0 0 0 0 0 0 0 0 0 0 0 0 0 0 ' ,35 ,2 ,0, 0
75 ,75, 45, '22 28 20 19 20 23 27 19 17 21 24 23 20 22 22 31 26 19 18 21 ' ,'0 0 0 0 0 0 0 0 0 0 0 0 0 0 0 0 0 0 0 0 ' ,23 ,1 ,1, 1
83 ,62, 51, '20 18 33 20 21 20 34 33 24 28 21 18 24 25 19 20 19 25 23 17 ' ,'0 0 0 0 0 0 0 0 0 0 0 0 0 0 0 0 0 0 0 0 ' ,26 ,0 ,1, 1
72 ,65, 44, '26 18 19 18 23 19 21 23 27 18 18 19 26 32 17 19 24 29 23 17 ' ,'0 0 0 0 0 0 0 0 0 0 0 0 0 0 0 0 0 0 0 0 ' ,20 ,1 ,0, 0
80 ,57, 56, '23 16 17 35 20 25 24 19 19 29 22 22 19 30 27 33 22 19 27 32 ' ,'0 0 0 0 0 0 0 0 0 0 0 0 0 0 0 0 0 0 0 0 ' ,31 ,1 ,0, 0
81 ,66, 45, '19 17 19 19 17 22 23 20 25 24 29 29 20 33 21 28 21 17 25 19 ' ,'0 0 0 0 0 0 0 0 0 0 0 0 0 0 0 0 0 0 0 0 ' ,24 ,1 ,1, 1
87 ,62, 59, '21 34 25 24 18 22 26 24 24 17 23 18 21 26 19 29 17 22 31 28 ' ,'0 0 0 0 0 0 0 0 0 0 0 0 0 0 0 0 0 0 0 0 ' ,24 ,1 ,0, 0
87 ,70, 58, '18 18 39 20 18 20 30 20 19 17 27 25 25 26 26 23 26 39 22 19 ' ,'0 0 0 0 0 0 0 0 0 0 0 0 0 0 0 0 0 0 0 0 ' ,22 ,1 ,1, 1
86 ,68, 56, '28 19 28 20 18 31 24 19 28 23 25 26 21 18 21 25 30 33 26 18 ' ,'0 0 0 0 0 0 0 0 0 0 0 0 0 0 0 0 0 0 0 0 ' ,24 ,2 ,1, 1
87 ,67, 52, '20 26 19 26 20 24 32 22 26 34 21 16 17 18 22 22 32 21 18 20 ' ,'0 0 0 0 0 0 0 0 0 0 0 0 0 0 0 0 0 0 0 0 ' ,33 ,1 ,1, 1
88 ,71, 57, '21 19 25 32 18 19 19 24 24 20 18 19 26 19 18 34 32 24 31 25 ' ,'0 0 0 0 0 0 0 0 0 0 0 0 0 0 0 0 0 0 0 0 ' ,26 ,1 ,1, 1
91 ,69, 63, '25 41 23 23 18 24 21 21 19 32 28 34 24 19 33 25 35 23 19 27 ' ,'0 0 0 0 0 0 0 0 0 0 0 0 0 0 0 0 0 0 0 0 ' ,37 ,1 ,0, 0
89 ,73, 55, '20 28 18 30 23 20 18 21 34 33 23 25 19 41 21 25 26 24 25 19 ' ,'0 0 0 0 0 0 0 0 0 0 0 0 0 0 0 0 0 0 0 0 ' ,35 ,1 ,0, 0
78 ,69, 53, '18 31 20 25 17 29 20 30 24 26 21 19 28 27 17 24 21 20 25 18 ' ,'0 0 0 0 0 0 0 0 0 0 0 0 0 0 0 0 0 0 0 0 ' ,24 ,2 ,0, 0
74 ,64, 44, '21 21 21 17 17 27 28 19 18 22 27 22 17 26 19 23 21 20 30 23 ' ,'0 0 0 0 0 0 0 0 0 0 0 0 0 0 0 0 0 0 0 0 ' ,23 ,1 ,0, 0
74 ,58, 44, '21 18 20 30 20 24 17 20 33 19 23 25 21 25 23 22 22 19 31 20 ' ,'0 0 0 0 0 0 0 0 0 0 0 0 0 0 0 0 0 0 0 0 ' ,20 ,0 ,0, 0
77 ,62, 51, '22 27 24 42 22 23 21 22 18 20 24 29 22 35 19 27 21 23 31 19 ' ,'0 0 0 0 0 0 0 0 0 0 0 0 0 0 0 0 0 0 0 0 ' ,24 ,1 ,0, 0
76 ,61, 47, '24 20 29 17 17 24 30 24 21 19 24 16 28 22 18 27 19 25 18 20 ' ,'0 0 0 0 0 0 0 0 0 0 0 0 0 0 0 0 0 0 0 0 ' ,23 ,1 ,0, 0
84 ,58, 55, '18 21 26 19 18 20 21 22 28 19 23 26 22 26 30 20 21 24 34 19 ' ,'0 0 0 0 0 0 0 0 0 0 0 0 0 0 0 0 0 0 0 0 ' ,27 ,5 ,0, 0
109 ,69, 81, '22 21 21 35 28 21 20 29 27 18 23 21 24 28 39 22 25 26 39 30 ' ,'0 0 0 0 0 0 0 0 0 0 0 0 0 0 0 0 0 0 0 0 ' ,48 ,1 ,0, 0
88 ,91, 61, '20 27 25 30 18 18 21 28 21 21 21 21 25 32 21 23 24 27 33 20 ' ,'0 0 0 0 0 0 0 0 0 0 0 0 0 0 0 0 0 0 0 0 ' ,29 ,1 ,0, 0
77 ,72, 53, '31 29 25 27 21 19 25 18 18 18 25 24 28 28 18 26 25 20 20 19 ' ,'0 0 0 0 0 0 0 0 0 0 0 0 0 0 0 0 0 0 0 0 ' ,23 ,1 ,0, 0
90 ,64, 60, '20 22 24 16 24 28 19 19 33 17 20 20 20 19 16 21 34 20 32 19 ' ,'0 0 0 0 0 0 0 0 0 0 0 0 0 0 0 0 0 0 0 0 ' ,31 ,1 ,1, 1
84 ,279, 52, '31 19 30 18 17 24 26 20 19 22 24 26 30 24 17 24 22 19 22 21 ' ,'0 0 0 0 0 0 0 0 0 0 0 0 0 0 0 0 0 0 0 0 ' ,22 ,1 ,1, 1
104 ,67, 75, '21 19 23 36 24 25 33 21 24 23 21 19 20 19 17 23 28 20 27 22 ' ,'0 0 0 0 0 0 0 0 0 0 0 0 0 0 0 0 0 0 0 0 ' ,48 ,24 ,0, 0
90 ,86, 61, '24 28 19 19 24 20 18 17 26 20 21 19 29 21 25 29 23 23 18 18 ' ,'0 0 0 0 0 0 0 0 0 0 0 0 0 0 0 0 0 0 0 0 ' ,35 ,1 ,0, 0
67 ,73, 53, '25 20 18 16 18 21 27 25 33 33 21 18 36 31 17 22 32 19 21 29 ' ,'0 0 0 0 0 0 0 0 0 0 0 0 0 0 0 0 0 0 0 0 ' ,28 ,1 ,1, 1
61 ,63, 46, '17 18 22 24 21 20 21 32 23 21 19 20 18 29 21 19 27 20 29 22 ' ,'0 0 0 0 0 0 0 0 0 0 0 0 0 0 0 0 0 0 0 0 ' ,21 ,1 ,0, 0
65 ,56, 50, '22 18 18 26 17 22 19 19 24 17 21 26 21 22 19 28 23 20 27 21 ' ,'0 0 0 0 0 0 0 0 0 0 0 0 0 0 0 0 0 0 0 0 ' ,25 ,1 ,1, 1
63 ,58, 46, '17 20 31 25 22 18 20 21 17 21 19 24 17 27 18 23 17 19 23 24 ' ,'0 0 0 0 0 0 0 0 0 0 0 0 0 0 0 0 0 0 0 0 ' ,21 ,1 ,0, 0
75 ,55, 58, '20 19 23 18 27 18 21 23 31 24 24 19 20 26 23 19 31 22 26 24 ' ,'0 0 0 0 0 0 0 0 0 0 0 0 0 0 0 0 0 0 0 0 ' ,33 ,1 ,1, 1
83 ,69, 61, '21 38 26 18 18 20 28 25 28 20 20 27 24 34 25 28 21 25 18 21 ' ,'0 0 0 0 0 0 0 0 0 0 0 0 0 0 0 0 0 0 0 0 ' ,40 ,1 ,1, 1
96 ,72, 54, '18 22 21 26 19 17 24 21 22 25 18 23 20 20 24 21 23 20 25 25 ' ,'0 0 0 0 0 0 0 0 0 0 0 0 0 0 0 0 0 0 0 0 ' ,39 ,2 ,1, 1
82 ,78, 51, '18 24 23 21 23 19 22 24 23 25 20 22 21 21 27 23 21 23 24 25 ' ,'0 0 0 0 0 0 0 0 0 0 0 0 0 0 0 0 0 0 0 0 ' ,32 ,2 ,0, 0
90 ,69, 65, '18 26 19 29 19 22 24 24 25 19 25 22 18 30 22 27 25 19 25 22 ' ,'0 0 0 0 0 0 0 0 0 0 0 0 0 0 0 0 0 0 0 0 ' ,37 ,1 ,1, 1
89 ,80, 62, '25 22 31 20 19 20 22 25 24 31 23 20 24 22 34 23 22 19 23 27 ' ,'0 0 0 0 0 0 0 0 0 0 0 0 0 0 0 0 0 0 0 0 ' ,37 ,0 ,0, 0
99 ,76, 56, '29 35 27 40 29 20 26 24 28 30 23 22 24 23 28 22 23 30 33 19 ' ,'0 0 0 0 0 0 0 0 0 0 0 0 0 0 0 0 0 0 0 0 ' ,36 ,1 ,0, 0
90 ,78, 67, '24 25 21 29 25 22 28 20 29 42 25 23 18 25 23 25 25 19 29 23 ' ,'0 0 0 0 0 0 0 0 0 0 0 0 0 0 0 0 0 0 0 0 ' ,37 ,1 ,1, 1
86 ,76, 60, '24 21 27 22 25 25 23 22 21 18 28 19 24 21 23 26 23 22 20 24 ' ,'0 0 0 0 0 0 0 0 0 0 0 0 0 0 0 0 0 0 0 0 ' ,36 ,1 ,0, 0
92 ,70, 61, '21 23 21 25 25 23 24 25 31 19 23 22 24 25 31 24 25 20 38 22 ' ,'0 0 0 0 0 0 0 0 0 0 0 0 0 0 0 0 0 0 0 0 ' ,30 ,1 ,0, 0
95 ,76, 71, '20 22 25 23 25 25 24 25 26 27 21 23 23 25 37 23 24 26 29 18 ' ,'0 0 0 0 0 0 0 0 0 0 0 0 0 0 0 0 0 0 0 0 ' ,40 ,1 ,0, 0
87 ,81, 60, '24 34 22 20 24 18 19 20 21 32 18 21 23 28 22 34 18 22 26 26 ' ,'0 0 0 0 0 0 0 0 0 0 0 0 0 0 0 0 0 0 0 0 ' ,36 ,1 ,0, 0
88 ,71, 58, '21 23 25 21 25 23 24 23 24 19 23 23 19 23 23 22 24 38 23 24 ' ,'0 0 0 0 0 0 0 0 0 0 0 0 0 0 0 0 0 0 0 0 ' ,27 ,0 ,0, 0
87 ,68, 60, '23 32 23 20 16 29 23 23 24 24 24 21 22 23 27 23 25 24 21 31 ' ,'0 0 0 0 0 0 0 0 0 0 0 0 0 0 0 0 0 0 0 0 ' ,37 ,1 ,0, 0
100 ,73, 71, '23 24 25 24 25 23 24 24 24 19 28 22 21 24 21 24 25 25 24 25 ' ,'0 0 0 0 0 0 0 0 0 0 0 0 0 0 0 0 0 0 0 0 ' ,31 ,2 ,1, 1
93 ,80, 63, '26 23 23 18 24 20 26 23 17 19 17 28 21 17 30 21 25 22 18 25 ' ,'0 0 0 0 0 0 0 0 0 0 0 0 0 0 0 0 0 0 0 0 ' ,36 ,1 ,1, 1
81 ,73, 53, '22 31 29 27 25 22 23 32 29 21 22 24 25 32 19 24 22 20 25 20 ' ,'0 0 0 0 0 0 0 0 0 0 0 0 0 0 0 0 0 0 0 0 ' ,26 ,1 ,0, 0
139 ,65, 113, '20 21 24 22 20 19 26 21 24 18 20 21 21 22 16 20 21 23 25 24 ' ,'0 0 0 0 0 0 0 0 0 0 0 0 0 0 0 0 0 0 0 0 ' ,82 ,1 ,0, 0
90 ,122, 52, '18 22 19 17 21 17 22 21 22 21 18 19 19 20 23 20 19 24 20 22 ' ,'0 0 0 0 0 0 0 0 0 0 0 0 0 0 0 0 0 0 0 0 ' ,31 ,0 ,0, 0
90 ,75, 63, '22 23 22 27 26 22 25 20 24 24 21 22 20 23 25 25 23 20 26 22 ' ,'0 0 0 0 0 0 0 0 0 0 0 0 0 0 0 0 0 0 0 0 ' ,35 ,2 ,0, 0
105 ,75, 54, '17 26 18 22 19 18 17 19 16 17 20 17 16 17 18 20 16 19 31 22 ' ,'0 0 0 0 0 0 0 0 0 0 0 0 0 0 0 0 0 0 0 0 ' ,31 ,1 ,0, 0
85 ,91, 56, '20 32 21 19 23 24 32 22 19 16 27 22 20 16 20 22 30 21 18 24 ' ,'0 0 0 0 0 0 0 0 0 0 0 0 0 0 0 0 0 0 0 0 ' ,35 ,1 ,1, 1
89 ,69, 60, '19 28 18 17 23 20 15 16 23 29 21 20 30 16 19 20 16 16 26 28 ' ,'0 0 0 0 0 0 0 0 0 0 0 0 0 0 0 0 0 0 0 0 ' ,41 ,1 ,0, 0
97 ,74, 61, '23 23 20 28 16 21 20 19 30 16 20 18 19 18 19 22 22 16 20 17 ' ,'0 0 0 0 0 0 0 0 0 0 0 0 0 0 0 0 0 0 0 0 ' ,34 ,2 ,0, 0
90 ,77, 56, '18 15 20 26 16 18 17 23 30 15 19 22 21 31 20 19 15 21 21 16 ' ,'0 0 0 0 0 0 0 0 0 0 0 0 0 0 0 0 0 0 0 0 ' ,33 ,1 ,1, 1
91 ,70, 61, '22 17 15 18 20 22 16 22 19 16 22 22 19 31 18 24 16 17 19 17 ' ,'0 0 0 0 0 0 0 0 0 0 0 0 0 0 0 0 0 0 0 0 ' ,31 ,1 ,0, 0
88 ,74, 57, '20 29 14 20 16 17 22 15 27 14 17 18 23 27 18 21 18 18 22 15 ' ,'0 0 0 0 0 0 0 0 0 0 0 0 0 0 0 0 0 0 0 0 ' ,27 ,1 ,0, 0
90 ,70, 55, '16 28 14 22 17 15 14 23 37 14 15 17 14 29 15 20 17 23 16 17 ' ,'0 0 0 0 0 0 0 0 0 0 0 0 0 0 0 0 0 0 0 0 ' ,33 ,1 ,1, 1
98 ,74, 68, '21 24 21 21 17 20 30 20 17 21 18 16 18 19 15 21 21 23 17 15 ' ,'0 0 0 0 0 0 0 0 0 0 0 0 0 0 0 0 0 0 0 0 ' ,38 ,1 ,1, 1
83 ,79, 49, '18 16 18 15 18 18 19 16 20 14 18 17 21 19 15 21 26 17 18 16 ' ,'0 0 0 0 0 0 0 0 0 0 0 0 0 0 0 0 0 0 0 0 ' ,28 ,1 ,0, 0
101 ,65, 66, '16 16 15 34 15 17 17 16 20 25 24 16 19 27 17 18 23 21 22 15 ' ,'0 0 0 0 0 0 0 0 0 0 0 0 0 0 0 0 0 0 0 0 ' ,39 ,2 ,1, 1
96 ,78, 62, '25 15 20 18 16 19 25 18 26 15 19 20 19 23 23 24 19 21 18 17 ' ,'0 0 0 0 0 0 0 0 0 0 0 0 0 0 0 0 0 0 0 0 ' ,37 ,2 ,1, 0
64 ,77, 48, '21 22 16 32 20 15 22 22 27 28 17 22 24 25 24 33 27 16 15 29 ' ,'0 0 0 0 0 0 0 0 0 0 0 0 0 0 0 0 0 0 0 0 ' ,27 ,2 ,0, 0
65 ,57, 49, '18 20 15 25 16 20 25 17 20 19 21 16 16 15 16 22 28 17 19 20 ' ,'0 0 0 0 0 0 0 0 0 0 0 0 0 0 0 0 0 0 0 0 ' ,25 ,1 ,1, 1
61 ,58, 45, '16 16 23 17 15 16 17 25 25 17 17 18 21 15 15 20 17 26 18 16 ' ,'0 0 0 0 0 0 0 0 0 0 0 0 0 0 0 0 0 0 0 0 ' ,22 ,1 ,1, 1
60 ,52, 45, '23 15 20 24 24 21 15 22 25 23 21 18 18 18 22 27 15 20 17 18 ' ,'0 0 0 0 0 0 0 0 0 0 0 0 0 0 0 0 0 0 0 0 ' ,24 ,2 ,0, 0
72 ,53, 50, '17 30 22 24 17 16 21 16 19 29 18 15 16 25 19 21 21 18 16 16 ' ,'0 0 0 0 0 0 0 0 0 0 0 0 0 0 0 0 0 0 0 0 ' ,28 ,1 ,0, 0
68 ,60, 45, '15 21 19 25 19 15 16 19 29 22 15 18 19 31 21 19 19 19 21 15 ' ,'0 0 0 0 0 0 0 0 0 0 0 0 0 0 0 0 0 0 0 0 ' ,22 ,2 ,0, 0
60 ,60, 27, '19 20 16 17 16 19 23 15 18 15 19 21 24 19 17 24 21 16 17 15 ' ,'0 0 0 0 0 0 0 0 0 0 0 0 0 0 0 0 0 0 0 0 ' ,23 ,1 ,0, 0
90 ,55, 59, '17 20 18 25 15 17 22 16 22 18 17 20 18 16 16 20 28 21 28 15 ' ,'0 0 0 0 0 0 0 0 0 0 0 0 0 0 0 0 0 0 0 0 ' ,35 ,2 ,0, 0
80 ,73, 50, '26 18 21 17 14 21 18 21 15 18 27 21 15 19 19 22 24 22 19 19 ' ,'0 0 0 0 0 0 0 0 0 0 0 0 0 0 0 0 0 0 0 0 ' ,30 ,1 ,0, 0
90 ,61, 59, '15 19 18 20 14 19 28 20 27 21 22 20 18 21 15 17 25 18 15 21 ' ,'0 0 0 0 0 0 0 0 0 0 0 0 0 0 0 0 0 0 0 0 ' ,38 ,1 ,1, 1
92 ,69, 59, '15 18 24 20 15 17 28 23 23 17 16 18 26 16 16 25 19 22 18 17 ' ,'0 0 0 0 0 0 0 0 0 0 0 0 0 0 0 0 0 0 0 0 ' ,37 ,1 ,0, 0
97 ,75, 61, '24 21 18 16 16 28 22 17 23 19 19 21 18 27 15 23 28 19 21 20 ' ,'0 0 0 0 0 0 0 0 0 0 0 0 0 0 0 0 0 0 0 0 ' ,40 ,1 ,0, 0
93 ,74, 59, '16 18 22 20 16 16 18 23 29 19 28 18 23 32 15 21 24 22 29 17 ' ,'0 0 0 0 0 0 0 0 0 0 0 0 0 0 0 0 0 0 0 0 ' ,36 ,1 ,0, 0
85 ,74, 60, '16 16 15 24 21 18 25 17 16 16 18 16 16 26 14 19 20 16 15 15 ' ,'0 0 0 0 0 0 0 0 0 0 0 0 0 0 0 0 0 0 0 0 ' ,37 ,1 ,1, 1
91 ,69, 61, '20 26 18 25 28 20 21 17 32 18 20 17 19 23 27 21 21 18 31 16 ' ,'0 0 0 0 0 0 0 0 0 0 0 0 0 0 0 0 0 0 0 0 ' ,33 ,2 ,0, 0
104 ,70, 76, '21 25 16 22 25 21 19 17 16 26 22 21 25 15 30 22 24 17 15 18 ' ,'0 0 0 0 0 0 0 0 0 0 0 0 0 0 0 0 0 0 0 0 ' ,58 ,1 ,0, 0
87 ,95, 57, '24 21 19 15 28 23 25 21 17 19 21 25 19 15 27 23 19 19 18 19 ' ,'0 0 0 0 0 0 0 0 0 0 0 0 0 0 0 0 0 0 0 0 ' ,33 ,1 ,0, 0
82 ,66, 52, '23 25 22 15 20 20 20 19 24 15 20 23 19 15 21 22 24 20 24 21 ' ,'0 0 0 0 0 0 0 0 0 0 0 0 0 0 0 0 0 0 0 0 ' ,33 ,1 ,1, 1
90 ,66, 59, '19 18 20 19 16 18 19 19 20 22 16 17 21 20 22 26 15 20 19 15 ' ,'0 0 0 0 0 0 0 0 0 0 0 0 0 0 0 0 0 0 0 0 ' ,34 ,2 ,0, 0
86 ,70, 50, '28 22 28 16 18 21 17 24 17 20 25 16 24 18 16 29 16 28 19 22 ' ,'0 0 0 0 0 0 0 0 0 0 0 0 0 0 0 0 0 0 0 0 ' ,31 ,2 ,0, 0
78 ,70, 48, '19 27 17 22 16 19 21 17 21 22 18 27 16 29 19 22 20 15 24 17 ' ,'0 0 0 0 0 0 0 0 0 0 0 0 0 0 0 0 0 0 0 0 ' ,27 ,1 ,0, 0
85 ,62, 57, '22 18 22 16 20 24 18 23 16 21 24 18 17 17 17 22 18 18 17 26 ' ,'0 0 0 0 0 0 0 0 0 0 0 0 0 0 0 0 0 0 0 0 ' ,35 ,1 ,0, 0
81 ,65, 56, '22 18 20 18 16 28 19 16 20 23 20 17 22 24 16 24 21 16 29 22 ' ,'0 0 0 0 0 0 0 0 0 0 0 0 0 0 0 0 0 0 0 0 ' ,30 ,1 ,1, 1
77 ,67, 53, '19 20 21 21 19 19 19 31 20 30 17 18 22 22 22 18 18 22 20 24 ' ,'0 0 0 0 0 0 0 0 0 0 0 0 0 0 0 0 0 0 0 0 ' ,31 ,1 ,0, 0
76 ,69, 53, '22 23 16 17 23 22 23 20 18 18 21 23 20 18 18 23 23 35 19 18 ' ,'0 0 0 0 0 0 0 0 0 0 0 0 0 0 0 0 0 0 0 0 ' ,31 ,1 ,0, 0
94 ,69, 64, '18 22 24 20 29 27 20 18 20 22 17 16 23 24 23 19 27 20 19 21 ' ,'0 0 0 0 0 0 0 0 0 0 0 0 0 0 0 0 0 0 0 0 ' ,36 ,2 ,0, 0
81 ,76, 58, '20 17 21 20 20 21 22 20 19 18 26 17 20 19 19 24 18 23 19 25 ' ,'0 0 0 0 0 0 0 0 0 0 0 0 0 0 0 0 0 0 0 0 ' ,34 ,2 ,1, 1
93 ,69, 64, '30 21 24 22 26 19 22 29 22 15 23 21 23 20 15 20 20 20 20 19 ' ,'0 0 0 0 0 0 0 0 0 0 0 0 0 0 0 0 0 0 0 0 ' ,33 ,1 ,0, 0
86 ,73, 59, '16 19 21 20 28 19 20 25 20 23 25 24 20 22 24 25 19 22 20 21 ' ,'0 0 0 0 0 0 0 0 0 0 0 0 0 0 0 0 0 0 0 0 ' ,32 ,1 ,0, 0
82 ,68, 55, '22 16 31 23 18 21 16 19 26 22 20 23 19 17 23 23 16 19 19 22 ' ,'0 0 0 0 0 0 0 0 0 0 0 0 0 0 0 0 0 0 0 0 ' ,31 ,1 ,1, 0
86 ,65, 58, '19 23 17 27 23 22 23 29 26 19 20 21 17 22 25 23 21 20 30 16 ' ,'0 0 0 0 0 0 0 0 0 0 0 0 0 0 0 0 0 0 0 0 ' ,33 ,2 ,0, 0
86 ,69, 60, '24 18 19 23 27 25 19 18 19 19 24 25 18 18 21 23 17 19 24 18 ' ,'0 0 0 0 0 0 0 0 0 0 0 0 0 0 0 0 0 0 0 0 ' ,32 ,2 ,1, 1
79 ,69, 56, '27 21 19 19 24 22 19 20 25 25 22 17 19 18 18 23 18 19 19 21 ' ,'0 0 0 0 0 0 0 0 0 0 0 0 0 0 0 0 0 0 0 0 ' ,32 ,1 ,0, 0
88 ,67, 58, '21 28 24 20 26 26 20 21 24 18 25 25 21 29 16 19 19 24 21 16 ' ,'0 0 0 0 0 0 0 0 0 0 0 0 0 0 0 0 0 0 0 0 ' ,28 ,1 ,0, 0
88 ,72, 61, '21 22 17 22 22 20 24 24 21 22 35 22 26 25 17 35 28 17 28 17 ' ,'0 0 0 0 0 0 0 0 0 0 0 0 0 0 0 0 0 0 0 0 ' ,37 ,1 ,1, 1
79 ,75, 54, '19 20 23 22 16 21 22 21 23 21 19 27 20 20 25 20 20 22 22 16 ' ,'0 0 0 0 0 0 0 0 0 0 0 0 0 0 0 0 0 0 0 0 ' ,32 ,1 ,0, 0
85 ,66, 59, '20 27 20 22 25 20 25 18 26 15 20 22 18 26 23 26 23 17 29 23 ' ,'0 0 0 0 0 0 0 0 0 0 0 0 0 0 0 0 0 0 0 0 ' ,37 ,2 ,0, 0
58 ,72, 42, '23 20 21 28 23 27 22 26 28 20 23 20 20 21 19 27 19 21 21 25 ' ,'0 0 0 0 0 0 0 0 0 0 0 0 0 0 0 0 0 0 0 0 ' ,15 ,1 ,0, 0
55 ,51, 39, '21 17 16 28 22 22 23 26 23 21 21 17 21 23 20 25 18 16 20 22 ' ,'0 0 0 0 0 0 0 0 0 0 0 0 0 0 0 0 0 0 0 0 ' ,18 ,1 ,0, 0
54 ,48, 38, '18 20 15 21 21 19 25 25 21 19 19 21 17 29 19 21 21 23 24 22 ' ,'0 0 0 0 0 0 0 0 0 0 0 0 0 0 0 0 0 0 0 0 ' ,16 ,1 ,0, 0
57 ,45, 33, '22 26 20 18 23 23 18 18 23 23 23 20 17 26 20 23 21 19 28 20 ' ,'0 0 0 0 0 0 0 0 0 0 0 0 0 0 0 0 0 0 0 0 ' ,15 ,1 ,0, 0
58 ,48, 39, '29 21 23 22 23 25 26 25 16 20 26 20 20 20 20 27 22 26 19 20 ' ,'0 0 0 0 0 0 0 0 0 0 0 0 0 0 0 0 0 0 0 0 ' ,17 ,1 ,0, 0
58 ,49, 38, '20 31 25 23 20 18 20 20 21 18 18 24 20 18 17 23 19 21 19 14 ' ,'0 0 0 0 0 0 0 0 0 0 0 0 0 0 0 0 0 0 0 0 ' ,16 ,1 ,0, 0
86 ,50, 57, '18 20 22 22 16 20 21 22 21 18 24 22 21 21 16 22 20 22 20 19 ' ,'0 0 0 0 0 0 0 0 0 0 0 0 0 0 0 0 0 0 0 0 ' ,32 ,1 ,0, 0
81 ,73, 60, '22 23 19 18 24 27 24 19 18 27 24 26 19 21 21 22 23 18 19 24 ' ,'0 0 0 0 0 0 0 0 0 0 0 0 0 0 0 0 0 0 0 0 ' ,36 ,1 ,1, 1
82 ,75, 56, '27 21 26 28 21 18 22 20 25 19 18 19 21 27 18 18 19 21 19 19 ' ,'0 0 0 0 0 0 0 0 0 0 0 0 0 0 0 0 0 0 0 0 ' ,32 ,1 ,1, 1
71 ,73, 51, '16 25 21 21 20 17 32 19 20 17 21 24 21 27 18 18 23 20 37 16 ' ,'0 0 0 0 0 0 0 0 0 0 0 0 0 0 0 0 0 0 0 0 ' ,26 ,1 ,0, 0
196 ,61, 170, '19 22 51 23 17 21 22 17 27 21 20 22 117 31 21 23 22 45 37 17 ' ,'0 0 0 0 0 0 0 0 0 0 0 0 85 0 0 0 0 0 0 0 ' ,144 ,41 ,1, 1
84 ,179, 52, '17 18 21 21 20 19 26 22 26 20 20 20 20 25 24 19 20 21 25 20 ' ,'0 0 0 0 0 0 0 0 0 0 0 0 0 0 0 0 0 0 0 0 ' ,29 ,2 ,0, 0
86 ,67, 58, '24 22 20 18 27 22 20 19 21 17 22 18 16 18 20 23 18 19 18 18 ' ,'0 0 0 0 0 0 0 0 0 0 0 0 0 0 0 0 0 0 0 0 ' ,32 ,1 ,0, 0
82 ,67, 56, '20 19 21 20 23 26 25 21 20 17 17 18 20 19 19 21 20 22 26 16 ' ,'0 0 0 0 0 0 0 0 0 0 0 0 0 0 0 0 0 0 0 0 ' ,26 ,2 ,1, 1
118 ,64, 92, '16 35 20 22 25 15 76 20 20 22 18 36 19 19 23 22 26 19 19 20 ' ,'0 0 0 0 0 0 53 0 0 0 0 0 0 0 0 0 0 0 0 0 ' ,64 ,2 ,1, 1
84 ,102, 56, '20 22 22 21 19 18 20 22 24 18 22 20 21 28 26 19 22 22 23 19 ' ,'0 0 0 0 0 0 0 0 0 0 0 0 0 0 0 0 0 0 0 0 ' ,25 ,1 ,0, 0
81 ,66, 56, '19 20 25 23 19 22 20 25 27 19 19 20 21 28 23 21 21 22 22 18 ' ,'0 0 0 0 0 0 0 0 0 0 0 0 0 0 0 0 0 0 0 0 ' ,27 ,2 ,1, 0
91 ,67, 56, '20 23 17 22 16 19 22 17 24 26 19 21 24 29 21 23 21 22 23 16 ' ,'0 0 0 0 0 0 0 0 0 0 0 0 0 0 0 0 0 0 0 0 ' ,27 ,1 ,0, 0
82 ,65, 56, '20 22 18 31 20 22 22 19 26 22 20 23 16 22 21 21 21 24 23 21 ' ,'0 0 0 0 0 0 0 0 0 0 0 0 0 0 0 0 0 0 0 0 ' ,32 ,2 ,0, 0
71 ,65, 43, '21 18 23 27 17 21 18 19 16 19 23 18 20 20 15 21 19 20 16 22 ' ,'0 0 0 0 0 0 0 0 0 0 0 0 0 0 0 0 0 0 0 0 ' ,24 ,1 ,0, 0
82 ,58, 48, '21 22 20 18 17 21 23 18 18 21 22 21 17 18 21 25 24 19 19 19 ' ,'0 0 0 0 0 0 0 0 0 0 0 0 0 0 0 0 0 0 0 0 ' ,30 ,2 ,1, 1
94 ,63, 57, '31 22 21 21 20 17 21 21 31 21 19 19 21 22 26 25 19 23 20 16 ' ,'0 0 0 0 0 0 0 0 0 0 0 0 0 0 0 0 0 0 0 0 ' ,34 ,1 ,0, 0
85 ,79, 57, '17 19 26 20 24 22 20 23 20 31 21 18 20 20 30 17 19 20 19 22 ' ,'0 0 0 0 0 0 0 0 0 0 0 0 0 0 0 0 0 0 0 0 ' ,40 ,2 ,0, 0
90 ,73, 57, '19 23 23 21 16 18 20 27 26 17 18 20 23 22 32 24 22 28 20 17 ' ,'0 0 0 0 0 0 0 0 0 0 0 0 0 0 0 0 0 0 0 0 ' ,34 ,1 ,0, 0
86 ,71, 53, '22 24 20 21 28 31 25 20 19 17 25 17 19 30 16 25 18 21 29 19 ' ,'0 0 0 0 0 0 0 0 0 0 0 0 0 0 0 0 0 0 0 0 ' ,29 ,1 ,0, 0
84 ,68, 61, '21 26 20 23 23 24 18 27 19 27 25 18 20 21 21 24 20 20 19 19 ' ,'0 0 0 0 0 0 0 0 0 0 0 0 0 0 0 0 0 0 0 0 ' ,33 ,2 ,1, 1
139 ,72, 109, '17 19 22 20 17 24 20 23 21 20 17 19 22 25 28 23 17 21 20 30 ' ,'0 0 0 0 0 0 0 0 0 0 0 0 0 0 0 0 0 0 0 0 ' ,81 ,1 ,0, 0
89 ,120, 55, '23 29 19 26 22 20 23 18 29 24 24 25 22 27 19 23 23 17 31 24 ' ,'0 0 0 0 0 0 0 0 0 0 0 0 0 0 0 0 0 0 0 0 ' ,36 ,1 ,1, 1
76 ,71, 45, '18 21 23 22 19 21 22 23 22 23 21 21 21 24 19 22 22 21 25 19 ' ,'0 0 0 0 0 0 0 0 0 0 0 0 0 0 0 0 0 0 0 0 ' ,23 ,1 ,0, 0
86 ,65, 60, '19 21 23 20 20 19 21 21 21 24 26 20 20 23 22 24 20 23 20 33 ' ,'0 0 0 0 0 0 0 0 0 0 0 0 0 0 0 0 0 0 0 0 ' ,38 ,1 ,0, 0
88 ,69, 56, '23 22 17 22 23 21 23 26 31 19 21 18 20 21 17 24 25 18 24 17 ' ,'0 0 0 0 0 0 0 0 0 0 0 0 0 0 0 0 0 0 0 0 ' ,29 ,1 ,1, 1
78 ,73, 52, '18 23 22 28 19 25 23 23 19 21 20 22 21 22 22 25 23 24 30 19 ' ,'0 0 0 0 0 0 0 0 0 0 0 0 0 0 0 0 0 0 0 0 ' ,23 ,1 ,0, 0
83 ,63, 55, '21 23 20 18 25 22 26 19 19 23 30 21 20 20 18 30 24 19 20 19 ' ,'0 0 0 0 0 0 0 0 0 0 0 0 0 0 0 0 0 0 0 0 ' ,28 ,2 ,1, 1
79 ,67, 53, '21 23 26 24 20 22 23 24 25 27 20 23 26 23 22 23 22 25 27 20 ' ,'0 0 0 0 0 0 0 0 0 0 0 0 0 0 0 0 0 0 0 0 ' ,23 ,2 ,1, 1
87 ,61, 62, '17 22 21 27 30 19 20 22 28 24 19 20 24 26 16 22 20 25 31 19 ' ,'0 0 0 0 0 0 0 0 0 0 0 0 0 0 0 0 0 0 0 0 ' ,33 ,2 ,1, 1
89 ,73, 61, '20 23 23 24 20 21 25 18 27 23 25 23 22 26 20 23 23 21 29 26 ' ,'0 0 0 0 0 0 0 0 0 0 0 0 0 0 0 0 0 0 0 0 ' ,31 ,1 ,0, 0
57 ,72, 44, '28 24 21 23 27 23 19 19 20 23 23 18 20 34 21 25 18 20 28 24 ' ,'0 0 0 0 0 0 0 0 0 0 0 0 0 0 0 0 0 0 0 0 ' ,16 ,1 ,1, 1
63 ,49, 46, '27 26 24 22 20 20 21 26 23 20 18 37 24 34 21 24 21 22 22 26 ' ,'0 0 0 0 0 0 0 0 0 0 0 0 0 0 0 0 0 0 0 0 ' ,20 ,1 ,0, 0
57 ,55, 39, '23 19 20 19 23 23 24 20 28 22 25 23 20 22 23 30 19 20 36 24 ' ,'0 0 0 0 0 0 0 0 0 0 0 0 0 0 0 0 0 0 0 0 ' ,16 ,1 ,0, 0
67 ,113, 47, '21 22 27 23 20 20 24 22 22 24 23 19 28 35 19 21 20 24 22 19 ' ,'0 0 0 0 0 0 0 0 0 0 0 0 0 0 0 0 0 0 0 0 ' ,20 ,2 ,0, 0
61 ,53, 44, '19 29 22 19 17 18 26 27 24 21 19 30 23 37 20 20 26 22 22 18 ' ,'0 0 0 0 0 0 0 0 0 0 0 0 0 0 0 0 0 0 0 0 ' ,21 ,1 ,1, 1
61 ,53, 37, '21 17 20 21 22 22 24 17 20 22 23 22 19 20 22 23 18 21 21 23 ' ,'0 0 0 0 0 0 0 0 0 0 0 0 0 0 0 0 0 0 0 0 ' ,12 ,1 ,0, 0
81 ,46, 61, '22 19 27 35 17 23 19 27 20 17 23 23 24 24 18 23 21 20 36 28 ' ,'0 0 0 0 0 0 0 0 0 0 0 0 0 0 0 0 0 0 0 0 ' ,37 ,2 ,0, 0
