572 ,0, 469, '362 434 369 327 362 352 387 330 ' ,'172 196 179 133 173 155 171 158 ' ,108 ,10 ,5, 5
176 ,508, 151, '107 124 118 114 103 104 136 104 ' ,'0 0 0 0 0 0 0 0 ' ,36 ,2 ,4, 4
82 ,163, 62, '40 43 50 47 37 36 38 39 ' ,'0 0 0 0 0 0 0 0 ' ,18 ,2 ,3, 3
91 ,72, 72, '50 44 44 39 47 36 40 37 ' ,'0 0 0 0 0 0 0 0 ' ,17 ,1 ,7, 7
80 ,77, 60, '39 42 45 40 46 34 36 45 ' ,'0 0 0 0 0 0 0 0 ' ,13 ,1 ,2, 2
85 ,71, 68, '43 46 47 54 46 38 39 35 ' ,'0 0 0 0 0 0 0 0 ' ,23 ,1 ,2, 2
84 ,77, 64, '40 47 47 43 39 36 38 38 ' ,'0 0 0 0 0 0 0 0 ' ,21 ,2 ,1, 1
85 ,72, 61, '43 43 48 40 39 43 39 41 ' ,'0 0 0 0 0 0 0 0 ' ,14 ,1 ,1, 1
99 ,68, 74, '42 44 41 47 35 40 40 38 ' ,'0 0 0 0 0 0 0 0 ' ,29 ,2 ,1, 1
82 ,85, 57, '46 40 46 42 37 41 36 39 ' ,'0 0 0 0 0 0 0 0 ' ,12 ,1 ,1, 1
84 ,70, 64, '45 44 39 49 41 38 44 35 ' ,'0 0 0 0 0 0 0 0 ' ,16 ,3 ,1, 1
92 ,72, 63, '48 40 46 47 42 43 37 38 ' ,'0 0 0 0 0 0 0 0 ' ,16 ,2 ,1, 1
88 ,72, 65, '53 38 44 43 36 41 39 46 ' ,'0 0 0 0 0 0 0 0 ' ,19 ,3 ,1, 1
93 ,75, 68, '47 52 50 45 36 38 38 41 ' ,'0 0 0 0 0 0 0 0 ' ,21 ,3 ,1, 1
99 ,86, 72, '53 44 48 43 52 41 37 43 ' ,'0 0 0 0 0 0 0 0 ' ,25 ,2 ,1, 1
76 ,80, 52, '39 35 37 35 34 33 37 31 ' ,'0 0 0 0 0 0 0 0 ' ,14 ,2 ,2, 2
83 ,65, 59, '49 46 45 40 38 39 36 37 ' ,'0 0 0 0 0 0 0 0 ' ,16 ,2 ,1, 1
85 ,74, 65, '41 47 44 47 33 39 42 57 ' ,'0 0 0 0 0 0 0 0 ' ,21 ,1 ,1, 1
88 ,79, 63, '43 47 40 51 37 43 42 35 ' ,'0 0 0 0 0 0 0 0 ' ,22 ,1 ,1, 1
75 ,76, 55, '35 37 42 42 30 32 34 33 ' ,'0 0 0 0 0 0 0 0 ' ,15 ,1 ,1, 1
87 ,68, 63, '41 52 48 50 37 35 41 43 ' ,'0 0 0 0 0 0 0 0 ' ,19 ,1 ,0, 0
88 ,72, 62, '44 41 40 49 37 41 33 35 ' ,'0 0 0 0 0 0 0 0 ' ,19 ,1 ,1, 1
83 ,72, 62, '51 45 48 45 35 41 39 38 ' ,'0 0 0 0 0 0 0 0 ' ,16 ,2 ,0, 0
97 ,73, 62, '48 44 48 47 42 54 39 41 ' ,'0 0 0 0 0 0 0 0 ' ,14 ,1 ,1, 1
83 ,74, 58, '47 47 42 47 41 45 42 38 ' ,'0 0 0 0 0 0 0 0 ' ,11 ,2 ,0, 0
106 ,70, 58, '39 44 41 40 34 37 47 35 ' ,'0 0 0 0 0 0 0 0 ' ,14 ,1 ,1, 1
98 ,94, 70, '58 48 54 49 34 45 42 48 ' ,'0 0 0 0 0 0 0 0 ' ,22 ,1 ,1, 1
84 ,86, 60, '49 47 52 40 34 43 41 45 ' ,'0 0 0 0 0 0 0 0 ' ,11 ,1 ,1, 1
91 ,75, 64, '49 44 52 45 37 43 47 40 ' ,'0 0 0 0 0 0 0 0 ' ,19 ,2 ,1, 1
88 ,76, 63, '53 41 42 41 34 42 36 49 ' ,'0 0 0 0 0 0 0 0 ' ,21 ,2 ,1, 1
89 ,72, 64, '51 45 42 43 33 58 44 39 ' ,'0 0 0 0 0 0 0 0 ' ,20 ,1 ,1, 1
88 ,78, 64, '55 44 44 45 39 47 41 38 ' ,'0 0 0 0 0 0 0 0 ' ,18 ,1 ,1, 1
84 ,77, 60, '40 43 46 44 41 44 45 40 ' ,'0 0 0 0 0 0 0 0 ' ,11 ,0 ,0, 0
80 ,70, 62, '46 42 45 46 38 36 45 38 ' ,'0 0 0 0 0 0 0 0 ' ,19 ,1 ,0, 0
86 ,71, 58, '48 49 45 49 34 43 41 37 ' ,'0 0 0 0 0 0 0 0 ' ,13 ,0 ,1, 1
83 ,77, 60, '41 50 43 45 33 48 40 39 ' ,'0 0 0 0 0 0 0 0 ' ,13 ,2 ,2, 2
93 ,73, 68, '46 39 59 40 34 44 44 42 ' ,'0 0 0 0 0 0 0 0 ' ,19 ,1 ,1, 1
75 ,81, 55, '40 42 44 46 43 35 44 42 ' ,'0 0 0 0 0 0 0 0 ' ,16 ,1 ,1, 1
74 ,65, 56, '46 46 49 47 38 38 41 41 ' ,'0 0 0 0 0 0 0 0 ' ,13 ,1 ,1, 1
69 ,65, 53, '43 39 43 41 39 42 42 38 ' ,'0 0 0 0 0 0 0 0 ' ,6 ,1 ,1, 1
81 ,61, 59, '46 45 51 48 43 42 41 41 ' ,'0 0 0 0 0 0 0 0 ' ,11 ,1 ,1, 1
75 ,67, 55, '44 46 42 43 43 40 47 37 ' ,'0 0 0 0 0 0 0 0 ' ,11 ,1 ,1, 1
82 ,64, 61, '48 46 56 50 37 43 45 40 ' ,'0 0 0 0 0 0 0 0 ' ,20 ,1 ,1, 0
84 ,73, 57, '37 38 46 43 38 32 32 35 ' ,'0 0 0 0 0 0 0 0 ' ,16 ,2 ,1, 1
76 ,66, 54, '40 35 45 44 30 36 31 38 ' ,'0 0 0 0 0 0 0 0 ' ,16 ,0 ,1, 1
94 ,67, 69, '40 45 54 61 35 44 38 42 ' ,'0 0 0 0 0 0 0 0 ' ,25 ,0 ,1, 1
88 ,82, 60, '43 44 46 47 35 39 41 46 ' ,'0 0 0 0 0 0 0 0 ' ,15 ,1 ,1, 1
80 ,74, 56, '36 40 41 40 30 32 34 40 ' ,'0 0 0 0 0 0 0 0 ' ,18 ,2 ,1, 1
82 ,67, 58, '41 45 45 43 38 35 37 38 ' ,'0 0 0 0 0 0 0 0 ' ,17 ,1 ,0, 0
91 ,69, 66, '40 42 44 58 37 36 37 39 ' ,'0 0 0 0 0 0 0 0 ' ,24 ,1 ,1, 1
91 ,80, 64, '41 47 43 47 44 41 38 37 ' ,'0 0 0 0 0 0 0 0 ' ,21 ,2 ,1, 1
80 ,73, 55, '44 42 48 43 35 43 40 40 ' ,'0 0 0 0 0 0 0 0 ' ,8 ,1 ,1, 1
84 ,68, 59, '49 45 44 40 34 38 46 35 ' ,'0 0 0 0 0 0 0 0 ' ,17 ,2 ,1, 1
86 ,69, 56, '43 44 40 50 33 35 36 39 ' ,'0 0 0 0 0 0 0 0 ' ,15 ,1 ,1, 1
82 ,69, 57, '44 45 46 41 33 38 35 31 ' ,'0 0 0 0 0 0 0 0 ' ,18 ,1 ,1, 1
81 ,69, 57, '41 43 41 43 37 38 36 36 ' ,'0 0 0 0 0 0 0 0 ' ,14 ,1 ,1, 1
81 ,72, 60, '49 48 44 44 40 40 37 36 ' ,'0 0 0 0 0 0 0 0 ' ,18 ,2 ,1, 1
82 ,68, 59, '50 46 41 38 36 49 43 35 ' ,'0 0 0 0 0 0 0 0 ' ,16 ,1 ,1, 1
94 ,72, 70, '46 41 44 63 35 49 37 40 ' ,'0 0 0 0 0 0 0 0 ' ,27 ,1 ,1, 1
90 ,81, 64, '43 44 45 43 41 35 37 40 ' ,'0 0 0 0 0 0 0 0 ' ,22 ,1 ,1, 1
77 ,80, 54, '45 41 44 44 32 33 35 34 ' ,'0 0 0 0 0 0 0 0 ' ,13 ,2 ,1, 1
73 ,65, 49, '38 34 41 35 28 35 30 30 ' ,'0 0 0 0 0 0 0 0 ' ,11 ,1 ,1, 1
84 ,61, 63, '43 49 47 47 36 38 38 44 ' ,'0 0 0 0 0 0 0 0 ' ,18 ,6 ,1, 1
87 ,76, 63, '42 34 38 39 28 35 30 34 ' ,'0 0 0 0 0 0 0 0 ' ,26 ,13 ,1, 1
77 ,75, 55, '43 45 42 43 33 40 40 35 ' ,'0 0 0 0 0 0 0 0 ' ,11 ,1 ,0, 0
75 ,70, 54, '36 37 44 41 28 32 33 35 ' ,'0 0 0 0 0 0 0 0 ' ,15 ,1 ,1, 1
91 ,63, 69, '48 42 49 44 45 42 37 37 ' ,'0 0 0 0 0 0 0 0 ' ,26 ,1 ,2, 2
91 ,82, 67, '42 42 44 47 40 39 37 40 ' ,'0 0 0 0 0 0 0 0 ' ,24 ,2 ,1, 1
89 ,78, 61, '46 46 41 53 37 39 45 35 ' ,'0 0 0 0 0 0 0 0 ' ,18 ,1 ,2, 1
80 ,76, 58, '48 49 41 48 33 42 39 33 ' ,'0 0 0 0 0 0 0 0 ' ,16 ,1 ,1, 1
83 ,70, 59, '44 41 49 47 33 38 36 38 ' ,'0 0 0 0 0 0 0 0 ' ,17 ,1 ,1, 1
88 ,74, 66, '43 38 45 46 48 37 41 39 ' ,'0 0 0 0 0 0 0 0 ' ,24 ,1 ,1, 1
78 ,77, 57, '42 48 45 48 33 38 41 41 ' ,'0 0 0 0 0 0 0 0 ' ,12 ,1 ,1, 1
69 ,72, 52, '37 39 40 44 33 32 34 38 ' ,'0 0 0 0 0 0 0 0 ' ,14 ,0 ,1, 1
73 ,60, 56, '39 41 44 48 34 39 42 38 ' ,'0 0 0 0 0 0 0 0 ' ,15 ,1 ,0, 0
77 ,64, 58, '47 50 44 46 38 45 37 39 ' ,'0 0 0 0 0 0 0 0 ' ,13 ,0 ,0, 0
72 ,65, 56, '46 42 45 43 36 42 46 40 ' ,'0 0 0 0 0 0 0 0 ' ,14 ,1 ,1, 1
79 ,63, 55, '48 45 45 45 42 43 39 47 ' ,'0 0 0 0 0 0 0 0 ' ,12 ,0 ,0, 0
69 ,66, 52, '41 40 43 42 34 33 35 34 ' ,'0 0 0 0 0 0 0 0 ' ,16 ,1 ,0, 0
102 ,59, 73, '45 43 45 49 50 48 37 39 ' ,'0 0 0 0 0 0 0 0 ' ,30 ,1 ,1, 1
79 ,90, 57, '41 35 39 36 29 36 31 32 ' ,'0 0 0 0 0 0 0 0 ' ,17 ,1 ,1, 1
79 ,66, 58, '44 42 44 41 38 49 35 36 ' ,'0 0 0 0 0 0 0 0 ' ,11 ,1 ,1, 1
87 ,67, 63, '50 43 43 42 41 41 40 38 ' ,'0 0 0 0 0 0 0 0 ' ,16 ,1 ,1, 1
99 ,76, 72, '40 38 45 43 50 36 35 41 ' ,'0 0 0 0 0 0 0 0 ' ,33 ,2 ,1, 1
79 ,88, 56, '46 43 45 43 35 35 36 38 ' ,'0 0 0 0 0 0 0 0 ' ,13 ,1 ,1, 1
78 ,67, 53, '33 41 38 37 36 32 32 33 ' ,'0 0 0 0 0 0 0 0 ' ,17 ,1 ,1, 1
79 ,69, 54, '44 38 40 40 31 44 36 35 ' ,'0 0 0 0 0 0 0 0 ' ,11 ,1 ,1, 1
81 ,66, 60, '42 52 43 42 37 36 37 46 ' ,'0 0 0 0 0 0 0 0 ' ,20 ,1 ,1, 1
92 ,71, 67, '46 44 45 45 46 37 39 35 ' ,'0 0 0 0 0 0 0 0 ' ,25 ,1 ,0, 0
85 ,76, 60, '39 43 46 50 34 35 37 36 ' ,'0 0 0 0 0 0 0 0 ' ,21 ,2 ,1, 1
90 ,72, 65, '43 38 46 50 36 40 34 35 ' ,'0 0 0 0 0 0 0 0 ' ,23 ,1 ,2, 2
82 ,75, 57, '40 44 47 45 36 39 40 42 ' ,'0 0 0 0 0 0 0 0 ' ,10 ,1 ,1, 1
84 ,65, 60, '40 42 46 51 36 41 37 38 ' ,'0 0 0 0 0 0 0 0 ' ,14 ,1 ,1, 1
83 ,72, 60, '44 40 43 41 42 40 37 37 ' ,'0 0 0 0 0 0 0 0 ' ,19 ,1 ,0, 0
93 ,76, 70, '40 43 44 54 34 36 38 39 ' ,'0 0 0 0 0 0 0 0 ' ,19 ,1 ,1, 1
88 ,82, 60, '49 39 41 49 35 39 34 35 ' ,'0 0 0 0 0 0 0 0 ' ,23 ,1 ,0, 0
84 ,78, 67, '45 46 39 41 43 38 48 33 ' ,'0 0 0 0 0 0 0 0 ' ,27 ,1 ,1, 1
84 ,80, 57, '36 42 45 37 31 30 39 46 ' ,'0 0 0 0 0 0 0 0 ' ,20 ,1 ,1, 1
86 ,67, 64, '52 39 40 39 34 38 33 36 ' ,'0 0 0 0 0 0 0 0 ' ,22 ,1 ,1, 1
93 ,72, 65, '48 49 53 45 34 36 38 40 ' ,'0 0 0 0 0 0 0 0 ' ,23 ,1 ,1, 1
82 ,81, 59, '45 40 41 49 36 43 34 37 ' ,'0 0 0 0 0 0 0 0 ' ,18 ,1 ,0, 0
78 ,70, 56, '37 39 40 47 30 32 38 36 ' ,'0 0 0 0 0 0 0 0 ' ,16 ,1 ,1, 1
91 ,68, 66, '46 43 45 58 36 44 37 39 ' ,'0 0 0 0 0 0 0 0 ' ,21 ,1 ,0, 0
79 ,79, 56, '38 40 39 34 31 39 36 33 ' ,'0 0 0 0 0 0 0 0 ' ,15 ,2 ,1, 1
102 ,68, 77, '39 49 54 48 44 34 36 38 ' ,'0 0 0 0 0 0 0 0 ' ,28 ,1 ,1, 1
109 ,90, 63, '44 38 48 39 32 39 34 35 ' ,'0 0 0 0 0 0 0 0 ' ,22 ,1 ,1, 1
92 ,95, 66, '41 47 45 38 37 40 43 43 ' ,'0 0 0 0 0 0 0 0 ' ,21 ,0 ,2, 1
89 ,73, 66, '39 45 44 46 39 34 40 37 ' ,'0 0 0 0 0 0 0 0 ' ,26 ,1 ,1, 1
91 ,76, 66, '41 42 44 49 37 36 38 35 ' ,'0 0 0 0 0 0 0 0 ' ,23 ,1 ,0, 0
77 ,75, 61, '50 40 38 39 38 38 35 33 ' ,'0 0 0 0 0 0 0 0 ' ,19 ,2 ,1, 1
84 ,67, 66, '48 45 55 44 44 38 39 40 ' ,'0 0 0 0 0 0 0 0 ' ,18 ,1 ,1, 1
83 ,73, 62, '53 40 43 44 37 40 35 41 ' ,'0 0 0 0 0 0 0 0 ' ,20 ,1 ,1, 1
70 ,70, 53, '38 40 35 34 36 36 37 31 ' ,'0 0 0 0 0 0 0 0 ' ,13 ,1 ,1, 1
81 ,61, 60, '43 39 50 40 39 40 42 38 ' ,'0 0 0 0 0 0 0 0 ' ,12 ,1 ,1, 1
79 ,72, 62, '45 52 39 43 43 44 36 34 ' ,'0 0 0 0 0 0 0 0 ' ,21 ,2 ,1, 1
77 ,70, 55, '37 40 45 44 45 35 41 43 ' ,'0 0 0 0 0 0 0 0 ' ,16 ,1 ,1, 1
86 ,65, 64, '41 41 39 47 37 43 50 43 ' ,'0 0 0 0 0 0 0 0 ' ,17 ,1 ,1, 1
102 ,71, 78, '38 48 42 43 49 36 39 40 ' ,'0 0 0 0 0 0 0 0 ' ,37 ,1 ,1, 1
108 ,88, 84, '47 46 41 47 53 38 39 35 ' ,'0 0 0 0 0 0 0 0 ' ,41 ,2 ,1, 1
91 ,98, 70, '40 42 44 52 39 36 42 38 ' ,'0 0 0 0 0 0 0 0 ' ,27 ,0 ,1, 1
89 ,87, 65, '37 40 35 36 36 34 34 29 ' ,'0 0 0 0 0 0 0 0 ' ,26 ,1 ,1, 0
84 ,75, 63, '43 43 44 43 35 38 38 40 ' ,'0 0 0 0 0 0 0 0 ' ,15 ,1 ,0, 0
85 ,71, 61, '42 37 45 37 36 36 38 29 ' ,'0 0 0 0 0 0 0 0 ' ,24 ,2 ,1, 1
89 ,73, 68, '44 38 40 45 41 36 34 35 ' ,'0 0 0 0 0 0 0 0 ' ,26 ,2 ,1, 1
95 ,78, 74, '39 43 56 44 44 42 40 41 ' ,'0 0 0 0 0 0 0 0 ' ,26 ,1 ,1, 1
79 ,84, 57, '34 35 39 37 30 29 32 34 ' ,'0 0 0 0 0 0 0 0 ' ,21 ,1 ,1, 1
92 ,67, 64, '42 39 48 47 36 39 35 44 ' ,'0 0 0 0 0 0 0 0 ' ,23 ,1 ,1, 1
92 ,72, 68, '42 41 53 43 37 37 34 38 ' ,'0 0 0 0 0 0 0 0 ' ,31 ,1 ,0, 0
107 ,85, 74, '41 52 49 58 37 38 40 42 ' ,'0 0 0 0 0 0 0 0 ' ,31 ,1 ,0, 0
98 ,90, 68, '46 44 52 45 36 40 42 39 ' ,'0 0 0 0 0 0 0 0 ' ,20 ,1 ,0, 0
251 ,83, 229, '169 101 113 186 184 192 177 129 ' ,'0 0 0 0 0 0 0 0 ' ,117 ,1 ,2, 2
95 ,241, 73, '59 44 51 48 40 41 45 43 ' ,'0 0 0 0 0 0 0 0 ' ,20 ,1 ,1, 1
100 ,83, 72, '59 49 47 49 40 42 38 40 ' ,'0 0 0 0 0 0 0 0 ' ,25 ,1 ,2, 2
109 ,84, 87, '53 47 42 51 53 42 43 40 ' ,'0 0 0 0 0 0 0 0 ' ,36 ,2 ,1, 1
91 ,96, 70, '51 42 45 44 39 45 43 42 ' ,'0 0 0 0 0 0 0 0 ' ,18 ,1 ,2, 2
88 ,82, 63, '47 44 47 48 39 42 40 46 ' ,'0 0 0 0 0 0 0 0 ' ,13 ,1 ,1, 1
93 ,77, 66, '49 41 47 57 39 44 46 41 ' ,'0 0 0 0 0 0 0 0 ' ,15 ,1 ,1, 1
96 ,81, 72, '48 39 45 46 39 52 39 40 ' ,'0 0 0 0 0 0 0 0 ' ,24 ,2 ,1, 1
87 ,86, 65, '47 47 43 54 40 44 43 39 ' ,'0 0 0 0 0 0 0 0 ' ,18 ,1 ,1, 1
94 ,75, 71, '49 54 49 48 42 38 40 42 ' ,'0 0 0 0 0 0 0 0 ' ,24 ,2 ,1, 1
98 ,79, 75, '55 55 53 48 45 50 47 41 ' ,'0 0 0 0 0 0 0 0 ' ,24 ,1 ,1, 1
92 ,88, 73, '62 54 45 50 40 43 43 39 ' ,'0 0 0 0 0 0 0 0 ' ,25 ,1 ,1, 1
110 ,86, 83, '52 48 55 45 38 43 41 42 ' ,'0 0 0 0 0 0 0 0 ' ,20 ,0 ,1, 1
104 ,99, 75, '49 47 49 50 39 44 43 45 ' ,'0 0 0 0 0 0 0 0 ' ,25 ,0 ,1, 1
88 ,89, 66, '49 47 51 48 42 42 44 46 ' ,'0 0 0 0 0 0 0 0 ' ,16 ,1 ,1, 1
106 ,79, 83, '51 46 51 50 41 49 39 43 ' ,'0 0 0 0 0 0 0 0 ' ,34 ,1 ,1, 1
81 ,91, 63, '49 47 49 48 40 40 43 43 ' ,'0 0 0 0 0 0 0 0 ' ,15 ,1 ,1, 1
414 ,72, 397, '334 385 330 324 260 308 354 314 ' ,'184 244 183 168 127 171 191 181 ' ,128 ,1 ,1, 1
82 ,402, 66, '48 52 51 55 42 47 51 46 ' ,'0 0 0 0 0 0 0 0 ' ,14 ,0 ,1, 1
87 ,71, 69, '59 49 52 47 46 46 41 44 ' ,'0 0 0 0 0 0 0 0 ' ,20 ,1 ,1, 1
84 ,76, 65, '50 49 52 48 42 45 48 46 ' ,'0 0 0 0 0 0 0 0 ' ,15 ,1 ,0, 0
80 ,73, 64, '46 45 46 45 39 47 50 42 ' ,'0 0 0 0 0 0 0 0 ' ,16 ,1 ,2, 2
93 ,70, 70, '54 51 50 46 43 47 46 45 ' ,'0 0 0 0 0 0 0 0 ' ,14 ,2 ,0, 0
100 ,85, 77, '56 48 54 43 42 54 47 40 ' ,'0 0 0 0 0 0 0 0 ' ,25 ,2 ,1, 1
101 ,89, 75, '46 46 53 62 38 42 43 43 ' ,'0 0 0 0 0 0 0 0 ' ,24 ,1 ,1, 1
111 ,87, 84, '53 46 50 49 49 41 50 45 ' ,'0 0 0 0 0 0 0 0 ' ,36 ,2 ,1, 1
108 ,97, 81, '52 55 51 42 46 44 44 48 ' ,'0 0 0 0 0 0 0 0 ' ,30 ,1 ,2, 2
108 ,97, 84, '48 48 52 50 47 42 42 45 ' ,'0 0 0 0 0 0 0 0 ' ,34 ,2 ,1, 1
108 ,96, 85, '52 44 63 46 45 45 48 41 ' ,'0 0 0 0 0 0 0 0 ' ,35 ,2 ,1, 1
110 ,99, 84, '49 47 50 52 47 43 44 44 ' ,'0 0 0 0 0 0 0 0 ' ,32 ,1 ,1, 1
104 ,98, 84, '62 48 50 55 41 49 43 51 ' ,'0 0 0 0 0 0 0 0 ' ,34 ,2 ,1, 1
107 ,99, 83, '53 53 58 45 48 47 48 48 ' ,'0 0 0 0 0 0 0 0 ' ,28 ,2 ,1, 1
110 ,97, 85, '62 46 51 47 48 47 42 44 ' ,'0 0 0 0 0 0 0 0 ' ,33 ,1 ,1, 1
108 ,99, 84, '51 56 48 44 45 47 50 44 ' ,'0 0 0 0 0 0 0 0 ' ,31 ,2 ,1, 1
103 ,102, 80, '55 49 50 62 42 43 46 39 ' ,'0 0 0 0 0 0 0 0 ' ,33 ,2 ,1, 1
127 ,94, 98, '57 50 53 59 54 44 47 42 ' ,'0 0 0 0 0 0 0 0 ' ,48 ,2 ,1, 1
97 ,110, 74, '58 50 52 54 41 44 53 47 ' ,'0 0 0 0 0 0 0 0 ' ,20 ,1 ,1, 1
103 ,83, 77, '56 46 52 54 48 41 44 49 ' ,'0 0 0 0 0 0 0 0 ' ,29 ,1 ,1, 1
99 ,88, 75, '51 51 46 49 43 45 48 41 ' ,'0 0 0 0 0 0 0 0 ' ,24 ,1 ,1, 1
100 ,91, 73, '45 55 49 48 39 50 42 42 ' ,'0 0 0 0 0 0 0 0 ' ,19 ,1 ,1, 1
110 ,88, 84, '49 51 47 66 41 52 51 48 ' ,'0 0 0 0 0 0 0 0 ' ,27 ,1 ,1, 1
101 ,100, 78, '56 49 46 58 40 51 47 41 ' ,'0 0 0 0 0 0 0 0 ' ,27 ,1 ,1, 1
102 ,88, 77, '57 49 51 53 40 47 51 47 ' ,'0 0 0 0 0 0 0 0 ' ,22 ,2 ,1, 1
105 ,88, 85, '53 47 50 49 42 55 42 45 ' ,'0 0 0 0 0 0 0 0 ' ,35 ,2 ,1, 1
116 ,97, 93, '55 49 60 58 41 43 47 47 ' ,'0 0 0 0 0 0 0 0 ' ,42 ,18 ,1, 1
105 ,105, 80, '57 65 48 53 43 46 48 43 ' ,'0 0 0 0 0 0 0 0 ' ,26 ,2 ,1, 1
105 ,91, 78, '61 52 47 53 41 45 48 51 ' ,'0 0 0 0 0 0 0 0 ' ,27 ,1 ,1, 1
99 ,91, 76, '54 49 53 55 43 44 47 47 ' ,'0 0 0 0 0 0 0 0 ' ,25 ,1 ,0, 0
99 ,90, 69, '54 51 54 62 41 45 46 54 ' ,'0 0 0 0 0 0 0 0 ' ,21 ,1 ,1, 1
125 ,82, 101, '48 50 58 58 43 43 44 47 ' ,'0 0 0 0 0 0 0 0 ' ,50 ,21 ,2, 2
103 ,111, 80, '56 54 50 47 41 47 42 45 ' ,'0 0 0 0 0 0 0 0 ' ,28 ,2 ,1, 1
104 ,91, 81, '56 58 53 56 44 43 47 43 ' ,'0 0 0 0 0 0 0 0 ' ,30 ,1 ,1, 1
206 ,92, 185, '54 49 58 50 45 50 50 55 ' ,'0 0 0 0 0 0 0 0 ' ,132 ,1 ,1, 1
82 ,196, 65, '49 54 53 48 44 42 42 46 ' ,'0 0 0 0 0 0 0 0 ' ,16 ,1 ,1, 1
80 ,74, 63, '52 46 49 49 45 57 43 42 ' ,'0 0 0 0 0 0 0 0 ' ,13 ,1 ,1, 1
88 ,71, 73, '56 49 63 58 44 44 53 48 ' ,'0 0 0 0 0 0 0 0 ' ,21 ,1 ,1, 1
79 ,78, 63, '48 47 51 47 39 49 49 48 ' ,'0 0 0 0 0 0 0 0 ' ,15 ,1 ,1, 1
87 ,68, 68, '56 51 54 51 42 42 45 51 ' ,'0 0 0 0 0 0 0 0 ' ,20 ,1 ,1, 1
111 ,76, 89, '53 48 47 47 52 51 42 45 ' ,'0 0 0 0 0 0 0 0 ' ,37 ,1 ,1, 1
100 ,101, 75, '49 47 52 56 41 44 44 43 ' ,'0 0 0 0 0 0 0 0 ' ,25 ,1 ,2, 2
122 ,86, 94, '58 51 54 53 54 51 55 48 ' ,'0 0 0 0 0 0 0 0 ' ,38 ,1 ,1, 1
105 ,104, 81, '50 48 52 56 45 43 45 58 ' ,'0 0 0 0 0 0 0 0 ' ,30 ,1 ,1, 1
104 ,93, 78, '63 48 49 49 46 48 48 44 ' ,'0 0 0 0 0 0 0 0 ' ,25 ,1 ,1, 1
119 ,91, 94, '57 57 52 52 52 44 47 52 ' ,'0 0 0 0 0 0 0 0 ' ,41 ,2 ,1, 1
110 ,108, 86, '59 50 49 49 49 49 41 45 ' ,'0 0 0 0 0 0 0 0 ' ,36 ,2 ,1, 1
107 ,99, 84, '51 48 47 49 47 49 42 41 ' ,'0 0 0 0 0 0 0 0 ' ,34 ,1 ,1, 1
107 ,99, 83, '54 48 51 48 54 42 50 45 ' ,'0 0 0 0 0 0 0 0 ' ,32 ,1 ,1, 1
101 ,97, 82, '47 51 48 43 43 44 44 44 ' ,'0 0 0 0 0 0 0 0 ' ,30 ,2 ,1, 1
105 ,90, 81, '51 57 50 52 45 42 44 47 ' ,'0 0 0 0 0 0 0 0 ' ,31 ,1 ,0, 0
105 ,90, 85, '51 51 52 48 53 45 43 56 ' ,'0 0 0 0 0 0 0 0 ' ,29 ,1 ,1, 1
98 ,100, 76, '51 53 50 57 43 57 48 49 ' ,'0 0 0 0 0 0 0 0 ' ,19 ,1 ,1, 1
103 ,87, 76, '47 53 55 67 41 47 45 44 ' ,'0 0 0 0 0 0 0 0 ' ,24 ,2 ,1, 1
111 ,96, 90, '55 46 48 50 47 50 51 44 ' ,'0 0 0 0 0 0 0 0 ' ,31 ,1 ,0, 0
106 ,102, 82, '60 50 50 52 44 44 51 41 ' ,'0 0 0 0 0 0 0 0 ' ,31 ,1 ,1, 1
102 ,91, 84, '50 50 55 52 44 50 54 47 ' ,'0 0 0 0 0 0 0 0 ' ,28 ,1 ,1, 1
111 ,95, 90, '57 52 53 46 49 49 48 43 ' ,'0 0 0 0 0 0 0 0 ' ,36 ,1 ,1, 1
112 ,101, 90, '52 51 48 57 50 44 46 52 ' ,'0 0 0 0 0 0 0 0 ' ,36 ,1 ,1, 1
120 ,102, 94, '55 50 62 55 45 50 54 46 ' ,'0 0 0 0 0 0 0 0 ' ,33 ,1 ,0, 0
101 ,108, 79, '50 56 47 58 46 44 47 42 ' ,'0 0 0 0 0 0 0 0 ' ,28 ,1 ,1, 1
114 ,94, 88, '51 52 48 48 52 46 40 44 ' ,'0 0 0 0 0 0 0 0 ' ,39 ,1 ,1, 1
120 ,102, 97, '52 52 47 51 52 52 45 41 ' ,'0 0 0 0 0 0 0 0 ' ,46 ,1 ,2, 1
111 ,104, 89, '59 50 57 50 47 42 45 44 ' ,'0 0 0 0 0 0 0 0 ' ,38 ,1 ,1, 1
118 ,99, 94, '52 46 48 58 47 45 41 42 ' ,'0 0 0 0 0 0 0 0 ' ,44 ,1 ,1, 1
120 ,102, 93, '54 51 52 56 50 49 41 41 ' ,'0 0 0 0 0 0 0 0 ' ,42 ,2 ,1, 1
113 ,106, 92, '47 48 51 49 49 41 42 46 ' ,'0 0 0 0 0 0 0 0 ' ,43 ,1 ,1, 1
118 ,101, 93, '48 56 51 52 46 45 45 47 ' ,'0 0 0 0 0 0 0 0 ' ,39 ,1 ,1, 1
127 ,106, 105, '49 52 47 48 58 43 43 40 ' ,'0 0 0 0 0 0 0 0 ' ,54 ,2 ,1, 1
111 ,118, 91, '50 49 51 56 42 41 42 50 ' ,'0 0 0 0 0 0 0 0 ' ,40 ,2 ,1, 1
80 ,105, 64, '51 46 50 49 47 47 43 43 ' ,'0 0 0 0 0 0 0 0 ' ,9 ,1 ,0, 0
83 ,70, 68, '50 57 52 51 44 45 54 40 ' ,'0 0 0 0 0 0 0 0 ' ,18 ,1 ,1, 1
94 ,74, 75, '63 49 53 48 48 48 48 45 ' ,'0 0 0 0 0 0 0 0 ' ,20 ,1 ,0, 0
88 ,85, 73, '61 46 47 51 46 45 43 43 ' ,'0 0 0 0 0 0 0 0 ' ,19 ,1 ,1, 1
83 ,81, 64, '48 54 52 51 44 44 43 46 ' ,'0 0 0 0 0 0 0 0 ' ,11 ,1 ,2, 1
93 ,74, 76, '62 49 48 44 40 45 42 44 ' ,'0 0 0 0 0 0 0 0 ' ,24 ,2 ,1, 1
123 ,83, 101, '52 49 52 52 53 43 51 50 ' ,'0 0 0 0 0 0 0 0 ' ,49 ,1 ,1, 1
113 ,116, 88, '51 56 46 56 41 45 42 42 ' ,'0 0 0 0 0 0 0 0 ' ,35 ,1 ,1, 1
118 ,97, 94, '56 53 53 55 40 42 44 46 ' ,'0 0 0 0 0 0 0 0 ' ,45 ,2 ,1, 1
109 ,103, 86, '53 46 50 46 47 46 43 42 ' ,'0 0 0 0 0 0 0 0 ' ,34 ,2 ,1, 1
114 ,99, 90, '50 50 53 57 51 47 47 48 ' ,'0 0 0 0 0 0 0 0 ' ,36 ,1 ,1, 1
113 ,99, 91, '53 50 55 51 47 55 44 46 ' ,'0 0 0 0 0 0 0 0 ' ,39 ,2 ,0, 0
122 ,100, 97, '56 49 52 57 56 50 47 52 ' ,'0 0 0 0 0 0 0 0 ' ,42 ,1 ,0, 0
110 ,111, 88, '51 56 61 52 45 44 43 47 ' ,'0 0 0 0 0 0 0 0 ' ,34 ,1 ,1, 1
111 ,99, 88, '56 52 54 49 46 47 57 46 ' ,'0 0 0 0 0 0 0 0 ' ,32 ,1 ,1, 1
122 ,100, 94, '52 55 54 51 55 52 46 50 ' ,'0 0 0 0 0 0 0 0 ' ,37 ,1 ,0, 0
111 ,109, 87, '58 52 52 54 42 48 42 50 ' ,'0 0 0 0 0 0 0 0 ' ,34 ,1 ,0, 0
105 ,96, 83, '58 50 47 53 41 44 52 47 ' ,'0 0 0 0 0 0 0 0 ' ,30 ,2 ,1, 1
110 ,92, 86, '64 58 65 49 42 45 44 51 ' ,'0 0 0 0 0 0 0 0 ' ,29 ,1 ,1, 1
109 ,100, 84, '50 47 49 51 42 46 41 44 ' ,'0 0 0 0 0 0 0 0 ' ,34 ,0 ,1, 1
110 ,94, 87, '53 50 52 50 42 43 50 47 ' ,'0 0 0 0 0 0 0 0 ' ,35 ,1 ,1, 1
103 ,100, 81, '52 46 48 62 40 49 47 44 ' ,'0 0 0 0 0 0 0 0 ' ,27 ,2 ,1, 1
119 ,90, 99, '56 49 49 45 47 44 45 41 ' ,'0 0 0 0 0 0 0 0 ' ,46 ,1 ,1, 1
128 ,108, 106, '46 46 47 46 58 39 44 48 ' ,'0 0 0 0 0 0 0 0 ' ,56 ,1 ,1, 1
109 ,114, 87, '48 46 46 44 43 42 51 40 ' ,'0 0 0 0 0 0 0 0 ' ,36 ,1 ,1, 1
116 ,94, 94, '46 47 48 49 46 41 42 44 ' ,'0 0 0 0 0 0 0 0 ' ,45 ,1 ,1, 1
116 ,105, 88, '49 54 47 44 42 43 44 38 ' ,'0 0 0 0 0 0 0 0 ' ,40 ,2 ,1, 1
109 ,96, 87, '52 46 50 54 39 41 53 39 ' ,'0 0 0 0 0 0 0 0 ' ,37 ,1 ,1, 1
112 ,99, 89, '42 42 45 44 41 47 39 48 ' ,'0 0 0 0 0 0 0 0 ' ,39 ,1 ,1, 1
119 ,103, 94, '46 44 47 46 49 40 50 42 ' ,'0 0 0 0 0 0 0 0 ' ,43 ,2 ,1, 1
115 ,103, 91, '42 44 43 44 46 36 39 39 ' ,'0 0 0 0 0 0 0 0 ' ,45 ,1 ,1, 1
127 ,103, 104, '45 39 41 56 56 41 46 37 ' ,'0 0 0 0 0 0 0 0 ' ,57 ,1 ,0, 0
107 ,116, 82, '47 41 44 43 34 36 40 51 ' ,'0 0 0 0 0 0 0 0 ' ,36 ,2 ,0, 0
108 ,98, 86, '49 40 41 41 39 40 36 38 ' ,'0 0 0 0 0 0 0 0 ' ,39 ,1 ,1, 1
107 ,99, 84, '42 42 45 46 41 37 40 41 ' ,'0 0 0 0 0 0 0 0 ' ,38 ,1 ,1, 1
108 ,93, 88, '41 40 47 42 40 37 40 42 ' ,'0 0 0 0 0 0 0 0 ' ,40 ,1 ,1, 1
80 ,104, 63, '43 44 49 43 43 39 37 42 ' ,'0 0 0 0 0 0 0 0 ' ,17 ,1 ,0, 0
78 ,70, 61, '44 38 41 42 42 41 42 38 ' ,'0 0 0 0 0 0 0 0 ' ,13 ,1 ,0, 0
72 ,68, 56, '43 44 40 39 39 40 40 36 ' ,'0 0 0 0 0 0 0 0 ' ,10 ,1 ,1, 1
77 ,63, 63, '48 44 50 45 36 44 37 40 ' ,'0 0 0 0 0 0 0 0 ' ,16 ,1 ,1, 1
82 ,68, 66, '43 53 40 52 45 38 40 41 ' ,'0 0 0 0 0 0 0 0 ' ,18 ,1 ,1, 1
83 ,74, 67, '46 46 47 47 42 37 38 38 ' ,'0 0 0 0 0 0 0 0 ' ,18 ,1 ,1, 1
105 ,73, 82, '45 43 49 47 36 36 38 42 ' ,'0 0 0 0 0 0 0 0 ' ,36 ,2 ,1, 1
111 ,91, 90, '47 46 44 66 39 40 36 40 ' ,'0 0 0 0 0 0 0 0 ' ,43 ,1 ,1, 1
120 ,101, 98, '44 43 47 48 49 38 46 42 ' ,'0 0 0 0 0 0 0 0 ' ,50 ,1 ,1, 1
112 ,112, 91, '49 43 45 43 44 36 37 39 ' ,'0 0 0 0 0 0 0 0 ' ,44 ,2 ,1, 1
116 ,104, 93, '44 43 39 52 37 47 42 36 ' ,'0 0 0 0 0 0 0 0 ' ,45 ,1 ,1, 1
122 ,99, 100, '41 42 43 44 42 35 38 39 ' ,'0 0 0 0 0 0 0 0 ' ,53 ,2 ,1, 1
110 ,111, 88, '49 39 43 51 34 41 35 37 ' ,'0 0 0 0 0 0 0 0 ' ,43 ,2 ,0, 0
139 ,101, 117, '56 51 40 38 39 35 43 39 ' ,'0 0 0 0 0 0 0 0 ' ,72 ,1 ,1, 1
114 ,126, 91, '55 43 43 41 35 42 37 39 ' ,'0 0 0 0 0 0 0 0 ' ,42 ,1 ,1, 1
125 ,102, 94, '43 43 38 44 35 40 49 47 ' ,'0 0 0 0 0 0 0 0 ' ,42 ,1 ,1, 1
129 ,104, 108, '42 41 49 49 37 37 39 42 ' ,'0 0 0 0 0 0 0 0 ' ,60 ,18 ,1, 1
123 ,120, 99, '45 44 40 46 43 39 46 44 ' ,'0 0 0 0 0 0 0 0 ' ,50 ,2 ,1, 0
109 ,110, 91, '42 50 44 45 35 39 39 41 ' ,'0 0 0 0 0 0 0 0 ' ,41 ,1 ,1, 1
119 ,102, 95, '49 46 42 52 41 40 45 36 ' ,'0 0 0 0 0 0 0 0 ' ,46 ,2 ,0, 0
126 ,110, 104, '42 47 46 51 39 41 42 51 ' ,'0 0 0 0 0 0 0 0 ' ,48 ,2 ,1, 1
140 ,112, 120, '49 46 43 45 37 45 40 43 ' ,'0 0 0 0 0 0 0 0 ' ,66 ,24 ,1, 1
117 ,131, 99, '47 41 44 43 48 36 45 43 ' ,'0 0 0 0 0 0 0 0 ' ,53 ,2 ,0, 0
122 ,111, 100, '48 41 43 43 41 38 54 47 ' ,'0 0 0 0 0 0 0 0 ' ,50 ,1 ,1, 1
131 ,111, 107, '49 41 44 42 51 42 37 44 ' ,'0 0 0 0 0 0 0 0 ' ,53 ,1 ,0, 0
113 ,119, 92, '53 46 49 47 35 39 47 45 ' ,'0 0 0 0 0 0 0 0 ' ,42 ,2 ,1, 1
141 ,103, 119, '49 42 47 44 38 42 47 42 ' ,'0 0 0 0 0 0 0 0 ' ,65 ,28 ,1, 1
113 ,129, 91, '47 45 49 47 36 43 42 48 ' ,'0 0 0 0 0 0 0 0 ' ,36 ,2 ,1, 1
108 ,101, 93, '53 49 47 49 38 42 43 45 ' ,'0 0 0 0 0 0 0 0 ' ,39 ,2 ,1, 1
104 ,102, 87, '45 44 48 43 36 49 39 40 ' ,'0 0 0 0 0 0 0 0 ' ,34 ,1 ,1, 1
117 ,100, 93, '56 44 45 44 36 46 44 42 ' ,'0 0 0 0 0 0 0 0 ' ,39 ,1 ,1, 1
142 ,102, 119, '43 45 41 49 39 39 40 47 ' ,'0 0 0 0 0 0 0 0 ' ,68 ,27 ,1, 1
109 ,133, 85, '44 48 52 47 36 39 42 43 ' ,'0 0 0 0 0 0 0 0 ' ,38 ,2 ,0, 0
110 ,94, 90, '54 43 53 45 36 38 43 41 ' ,'0 0 0 0 0 0 0 0 ' ,39 ,1 ,2, 2
118 ,103, 92, '48 46 43 42 38 42 43 39 ' ,'0 0 0 0 0 0 0 0 ' ,41 ,1 ,1, 1
113 ,104, 92, '54 45 46 48 39 40 48 43 ' ,'0 0 0 0 0 0 0 0 ' ,42 ,2 ,1, 1
277 ,102, 261, '44 46 47 46 39 40 42 44 ' ,'0 0 0 0 0 0 0 0 ' ,210 ,1 ,1, 1
78 ,268, 62, '43 44 45 44 47 37 38 40 ' ,'0 0 0 0 0 0 0 0 ' ,14 ,1 ,1, 1
82 ,68, 66, '45 44 42 53 46 42 49 38 ' ,'0 0 0 0 0 0 0 0 ' ,19 ,1 ,1, 1
82 ,74, 66, '43 46 49 45 44 47 39 45 ' ,'0 0 0 0 0 0 0 0 ' ,13 ,1 ,1, 1
78 ,73, 62, '46 42 43 42 44 42 36 39 ' ,'0 0 0 0 0 0 0 0 ' ,16 ,1 ,0, 0
81 ,69, 65, '50 44 47 47 39 41 50 42 ' ,'0 0 0 0 0 0 0 0 ' ,14 ,1 ,1, 1
117 ,70, 96, '50 45 43 46 39 57 41 37 ' ,'0 0 0 0 0 0 0 0 ' ,47 ,1 ,1, 1
124 ,108, 103, '51 47 48 44 43 38 45 45 ' ,'0 0 0 0 0 0 0 0 ' ,54 ,2 ,1, 1
121 ,113, 98, '49 39 42 41 42 42 46 40 ' ,'0 0 0 0 0 0 0 0 ' ,46 ,1 ,1, 1
125 ,112, 100, '50 41 45 48 45 41 38 42 ' ,'0 0 0 0 0 0 0 0 ' ,53 ,1 ,1, 1
120 ,110, 97, '47 46 44 42 42 42 52 38 ' ,'0 0 0 0 0 0 0 0 ' ,45 ,2 ,1, 1
118 ,111, 92, '51 50 54 49 39 40 40 42 ' ,'0 0 0 0 0 0 0 0 ' ,41 ,2 ,1, 1
132 ,106, 108, '48 52 43 43 53 44 38 42 ' ,'0 0 0 0 0 0 0 0 ' ,58 ,1 ,1, 1
125 ,118, 104, '48 41 46 42 49 49 38 40 ' ,'0 0 0 0 0 0 0 0 ' ,54 ,2 ,1, 1
230 ,114, 204, '47 49 47 48 49 50 42 40 ' ,'0 0 0 0 0 0 0 0 ' ,152 ,2 ,0, 0
110 ,217, 89, '49 42 47 47 38 43 38 41 ' ,'0 0 0 0 0 0 0 0 ' ,41 ,1 ,1, 1
122 ,103, 101, '52 47 48 42 45 42 37 44 ' ,'0 0 0 0 0 0 0 0 ' ,53 ,1 ,0, 0
115 ,118, 91, '55 44 47 54 44 38 41 41 ' ,'0 0 0 0 0 0 0 0 ' ,40 ,2 ,0, 0
121 ,102, 96, '48 46 44 42 36 42 42 37 ' ,'0 0 0 0 0 0 0 0 ' ,47 ,2 ,1, 1
116 ,106, 93, '44 50 48 41 38 44 41 42 ' ,'0 0 0 0 0 0 0 0 ' ,41 ,2 ,1, 1
121 ,106, 96, '48 40 45 57 37 42 37 38 ' ,'0 0 0 0 0 0 0 0 ' ,49 ,2 ,1, 1
124 ,109, 98, '51 45 43 52 44 42 43 36 ' ,'0 0 0 0 0 0 0 0 ' ,49 ,2 ,1, 1
135 ,112, 108, '53 42 47 44 43 45 39 41 ' ,'0 0 0 0 0 0 0 0 ' ,54 ,1 ,1, 1
116 ,121, 89, '48 42 46 44 37 43 39 40 ' ,'0 0 0 0 0 0 0 0 ' ,39 ,2 ,1, 1
116 ,95, 94, '54 41 48 48 40 40 36 42 ' ,'0 0 0 0 0 0 0 0 ' ,44 ,2 ,1, 1
123 ,104, 98, '54 46 41 43 46 47 39 42 ' ,'0 0 0 0 0 0 0 0 ' ,48 ,1 ,1, 1
114 ,112, 89, '47 47 43 48 38 49 43 38 ' ,'0 0 0 0 0 0 0 0 ' ,38 ,1 ,1, 1
120 ,100, 93, '55 47 46 48 39 46 48 42 ' ,'0 0 0 0 0 0 0 0 ' ,40 ,2 ,1, 1
122 ,110, 102, '47 45 49 50 43 41 41 41 ' ,'0 0 0 0 0 0 0 0 ' ,52 ,1 ,1, 1
127 ,114, 105, '51 46 51 50 40 43 58 43 ' ,'0 0 0 0 0 0 0 0 ' ,51 ,2 ,1, 1
313 ,117, 287, '53 46 48 49 48 52 42 41 ' ,'0 0 0 0 0 0 0 0 ' ,235 ,1 ,1, 1
121 ,302, 101, '52 52 48 47 41 46 53 41 ' ,'0 0 0 0 0 0 0 0 ' ,46 ,1 ,1, 1
129 ,114, 105, '54 46 56 63 40 50 51 44 ' ,'0 0 0 0 0 0 0 0 ' ,46 ,1 ,2, 2
136 ,113, 113, '52 49 56 46 47 45 47 51 ' ,'0 0 0 0 0 0 0 0 ' ,57 ,3 ,1, 1
130 ,124, 106, '64 53 60 51 50 42 44 45 ' ,'0 0 0 0 0 0 0 0 ' ,53 ,1 ,1, 1
138 ,115, 113, '55 51 47 46 46 46 47 42 ' ,'0 0 0 0 0 0 0 0 ' ,56 ,2 ,1, 1
92 ,124, 76, '55 46 52 52 47 46 54 48 ' ,'0 0 0 0 0 0 0 0 ' ,16 ,1 ,1, 1
192 ,82, 176, '65 50 50 47 44 45 48 44 ' ,'0 0 0 0 0 0 0 0 ' ,118 ,2 ,1, 1
87 ,182, 71, '48 48 50 49 48 43 44 45 ' ,'0 0 0 0 0 0 0 0 ' ,16 ,2 ,1, 1
88 ,77, 69, '53 50 56 50 46 47 42 43 ' ,'0 0 0 0 0 0 0 0 ' ,13 ,1 ,1, 1
94 ,74, 79, '49 48 50 61 44 43 52 42 ' ,'0 0 0 0 0 0 0 0 ' ,22 ,2 ,1, 1
87 ,85, 73, '52 55 56 47 39 40 49 43 ' ,'0 0 0 0 0 0 0 0 ' ,22 ,1 ,1, 1
87 ,79, 71, '58 47 51 44 43 42 55 41 ' ,'0 0 0 0 0 0 0 0 ' ,17 ,1 ,0, 0
118 ,77, 102, '46 46 49 49 40 41 42 52 ' ,'0 0 0 0 0 0 0 0 ' ,52 ,1 ,1, 1
143 ,111, 114, '47 47 48 48 49 45 53 44 ' ,'0 0 0 0 0 0 0 0 ' ,55 ,2 ,1, 1
127 ,128, 103, '59 49 44 44 38 44 54 43 ' ,'0 0 0 0 0 0 0 0 ' ,47 ,1 ,1, 1
