391 ,0, 295, '44 122 54 193 35 84 59 49 107 38 36 162 46 185 45 106 ' ,'0 0 0 0 0 0 0 0 0 0 0 0 0 0 0 0 ' ,171 ,4 ,17, 17
1385 ,366, 1136, '939 846 345 906 717 627 753 377 920 622 711 929 304 959 912 453 ' ,'0 0 0 0 0 0 0 0 0 0 0 0 0 0 0 0 ' ,627 ,2 ,180, 13
895 ,1394, 797, '317 433 248 390 281 443 410 186 409 433 471 456 222 411 408 305 ' ,'0 0 0 0 0 0 0 0 0 0 0 0 0 0 0 0 ' ,382 ,4 ,208, 2
842 ,939, 788, '313 446 282 617 379 446 412 242 384 270 524 476 244 322 674 445 ' ,'0 0 0 0 0 0 0 0 0 0 0 0 0 0 0 0 ' ,401 ,2 ,131, 2
627 ,841, 592, '327 486 270 452 416 500 463 219 491 482 469 421 236 525 342 494 ' ,'0 0 0 0 0 0 0 0 0 0 0 0 0 0 0 0 ' ,322 ,4 ,19, 2
607 ,665, 571, '329 546 299 520 267 446 335 247 427 348 366 454 243 291 430 306 ' ,'0 0 0 0 0 0 0 0 0 0 0 0 0 0 0 0 ' ,293 ,3 ,22, 2
641 ,599, 600, '531 529 309 504 502 486 339 243 499 545 454 327 261 563 443 250 ' ,'0 0 0 0 0 0 0 0 0 0 0 0 0 0 0 0 ' ,313 ,2 ,17, 3
843 ,635, 798, '416 306 274 713 696 469 468 244 453 348 505 292 252 299 293 526 ' ,'0 0 0 0 0 0 0 0 0 0 0 0 0 0 0 0 ' ,461 ,3 ,70, 1
577 ,853, 529, '501 425 248 350 344 419 238 225 237 339 240 448 279 394 426 420 ' ,'0 0 0 0 0 0 0 0 0 0 0 0 0 0 0 0 ' ,237 ,4 ,20, 1
649 ,642, 591, '399 296 252 410 446 431 397 208 429 413 225 368 212 378 340 483 ' ,'0 0 0 0 0 0 0 0 0 0 0 0 0 0 0 0 ' ,278 ,2 ,78, 2
562 ,819, 529, '428 488 243 448 236 320 368 199 427 378 306 469 199 365 373 207 ' ,'0 0 0 0 0 0 0 0 0 0 0 0 0 0 0 0 ' ,85 ,5 ,31, 1
558 ,634, 505, '398 456 252 358 434 222 319 213 287 365 294 412 211 436 298 202 ' ,'0 0 0 0 0 0 0 0 0 0 0 0 0 0 0 0 ' ,271 ,2 ,17, 1
630 ,554, 578, '441 409 278 476 398 358 312 235 314 440 399 403 242 379 323 514 ' ,'0 0 0 0 0 0 0 0 0 0 0 0 0 0 0 0 ' ,298 ,3 ,25, 1
558 ,648, 519, '280 390 272 343 205 243 446 229 307 351 473 391 228 440 321 487 ' ,'0 0 0 0 0 0 0 0 0 0 0 0 0 0 0 0 ' ,269 ,2 ,25, 1
658 ,626, 637, '584 403 295 519 369 410 245 257 373 298 347 511 241 452 323 465 ' ,'0 0 0 0 0 0 0 0 0 0 0 0 0 0 0 0 ' ,346 ,2 ,40, 2
598 ,648, 573, '267 377 270 414 386 551 417 240 323 464 413 461 237 419 290 293 ' ,'0 0 0 0 0 0 0 0 0 0 0 0 0 0 0 0 ' ,263 ,3 ,11, 2
678 ,591, 640, '486 518 348 340 559 467 439 262 547 576 509 609 295 513 427 401 ' ,'0 0 0 0 0 0 0 0 0 0 0 0 0 0 0 0 ' ,347 ,2 ,16, 2
596 ,671, 560, '455 492 292 285 384 313 426 242 431 374 290 481 237 271 413 462 ' ,'0 0 0 0 0 0 0 0 0 0 0 0 0 0 0 0 ' ,286 ,3 ,23, 1
669 ,595, 652, '426 581 291 518 250 416 613 255 487 268 584 487 271 491 237 557 ' ,'0 0 0 0 0 0 0 0 0 0 0 0 0 0 0 0 ' ,373 ,2 ,13, 1
721 ,701, 663, '562 585 296 599 293 444 422 248 390 418 297 436 227 519 381 496 ' ,'0 0 0 0 0 0 0 0 0 0 0 0 0 0 0 0 ' ,358 ,1 ,48, 2
707 ,764, 690, '333 583 298 504 485 654 534 244 422 517 268 572 230 287 371 278 ' ,'0 0 0 0 0 0 0 0 0 0 0 0 0 0 0 0 ' ,418 ,3 ,7, 1
727 ,735, 671, '587 508 267 507 614 273 399 249 607 518 373 437 234 296 449 328 ' ,'0 0 0 0 0 0 0 0 0 0 0 0 0 0 0 0 ' ,381 ,1 ,6, 2
632 ,726, 602, '382 494 296 574 457 326 448 214 351 337 557 392 228 232 472 510 ' ,'0 0 0 0 0 0 0 0 0 0 0 0 0 0 0 0 ' ,307 ,3 ,12, 2
610 ,625, 583, '465 404 277 431 424 469 382 254 506 453 301 448 246 270 431 401 ' ,'0 0 0 0 0 0 0 0 0 0 0 0 0 0 0 0 ' ,278 ,3 ,18, 1
591 ,624, 554, '462 429 275 388 462 322 434 231 476 344 355 441 248 307 394 285 ' ,'0 0 0 0 0 0 0 0 0 0 0 0 0 0 0 0 ' ,287 ,2 ,16, 1
619 ,576, 593, '284 534 280 356 348 458 429 222 443 313 466 469 242 447 390 296 ' ,'0 0 0 0 0 0 0 0 0 0 0 0 0 0 0 0 ' ,301 ,2 ,21, 1
612 ,611, 586, '279 510 255 382 419 518 393 213 242 447 464 378 213 424 363 330 ' ,'0 0 0 0 0 0 0 0 0 0 0 0 0 0 0 0 ' ,268 ,2 ,53, 1
611 ,599, 598, '435 484 247 491 489 389 445 227 428 356 446 378 216 458 233 206 ' ,'0 0 0 0 0 0 0 0 0 0 0 0 0 0 0 0 ' ,273 ,3 ,73, 1
585 ,602, 536, '272 496 260 381 333 265 409 218 335 394 493 445 211 423 228 373 ' ,'0 0 0 0 0 0 0 0 0 0 0 0 0 0 0 0 ' ,283 ,3 ,22, 1
619 ,590, 583, '538 424 266 462 262 233 380 208 350 334 276 438 216 246 244 470 ' ,'0 0 0 0 0 0 0 0 0 0 0 0 0 0 0 0 ' ,329 ,1 ,15, 1
554 ,614, 540, '400 476 250 441 468 229 458 226 415 296 476 449 225 333 340 361 ' ,'0 0 0 0 0 0 0 0 0 0 0 0 0 0 0 0 ' ,250 ,2 ,38, 1
584 ,546, 566, '430 386 242 484 377 443 414 209 408 303 341 353 206 456 344 450 ' ,'0 0 0 0 0 0 0 0 0 0 0 0 0 0 0 0 ' ,300 ,2 ,48, 2
651 ,576, 628, '308 447 264 530 449 463 565 245 488 453 496 516 239 437 372 257 ' ,'0 0 0 0 0 0 0 0 0 0 0 0 0 0 0 0 ' ,311 ,2 ,29, 1
683 ,702, 665, '569 536 277 489 432 417 498 242 535 321 389 566 239 504 534 358 ' ,'0 0 0 0 0 0 0 0 0 0 0 0 0 0 0 0 ' ,328 ,1 ,74, 2
705 ,684, 682, '498 588 330 462 517 566 391 286 543 597 357 481 266 568 510 659 ' ,'0 0 0 0 0 0 0 0 0 0 0 0 0 0 0 0 ' ,377 ,2 ,12, 1
659 ,698, 647, '567 563 292 545 551 311 530 265 556 535 437 554 274 401 462 482 ' ,'0 0 0 0 0 0 0 0 0 0 0 0 0 0 0 0 ' ,285 ,1 ,24, 1
729 ,654, 707, '611 371 299 356 596 342 539 261 503 477 566 505 254 532 355 474 ' ,'0 0 0 0 0 0 0 0 0 0 0 0 0 0 0 0 ' ,215 ,1 ,30, 2
616 ,720, 605, '371 485 293 358 408 434 432 266 492 414 382 514 235 460 460 492 ' ,'0 0 0 0 0 0 0 0 0 0 0 0 0 0 0 0 ' ,257 ,2 ,26, 2
684 ,613, 655, '627 373 286 345 461 494 541 240 453 429 540 511 206 302 421 290 ' ,'0 0 0 0 0 0 0 0 0 0 0 0 0 0 0 0 ' ,405 ,2 ,19, 2
622 ,672, 606, '333 439 270 446 479 509 427 229 405 374 422 430 227 321 571 317 ' ,'0 0 0 0 0 0 0 0 0 0 0 0 0 0 0 0 ' ,328 ,1 ,17, 1
622 ,627, 597, '417 529 269 396 455 483 464 245 413 344 315 451 221 415 251 426 ' ,'0 0 0 0 0 0 0 0 0 0 0 0 0 0 0 0 ' ,306 ,2 ,24, 1
570 ,637, 544, '262 486 281 398 285 406 450 240 461 462 387 441 216 366 482 394 ' ,'0 0 0 0 0 0 0 0 0 0 0 0 0 0 0 0 ' ,253 ,1 ,23, 2
638 ,574, 605, '555 514 398 275 469 479 398 338 255 413 509 509 329 332 444 430 ' ,'0 0 0 0 0 0 0 0 0 0 0 0 0 0 0 0 ' ,271 ,2 ,10, 1
556 ,632, 531, '505 423 276 496 417 464 378 235 385 437 436 437 264 348 437 342 ' ,'0 0 0 0 0 0 0 0 0 0 0 0 0 0 0 0 ' ,263 ,2 ,15, 1
821 ,579, 788, '588 512 270 511 340 439 438 213 276 737 246 364 211 519 739 451 ' ,'0 0 0 0 0 0 0 0 0 0 0 0 0 0 0 0 ' ,521 ,1 ,39, 1
731 ,814, 716, '406 622 270 332 376 542 493 225 406 235 280 250 219 382 324 231 ' ,'0 0 0 0 0 0 0 0 0 0 0 0 0 0 0 0 ' ,435 ,1 ,14, 2
539 ,755, 509, '450 317 264 300 353 363 404 228 358 405 438 416 226 324 356 423 ' ,'0 0 0 0 0 0 0 0 0 0 0 0 0 0 0 0 ' ,223 ,1 ,46, 1
688 ,546, 658, '472 483 268 394 322 288 342 223 427 467 389 408 217 346 561 425 ' ,'0 0 0 0 0 0 0 0 0 0 0 0 0 0 0 0 ' ,340 ,1 ,88, 1
680 ,664, 660, '617 523 262 488 392 483 463 215 410 413 433 491 225 419 432 268 ' ,'0 0 0 0 0 0 0 0 0 0 0 0 0 0 0 0 ' ,400 ,2 ,30, 1
650 ,690, 614, '524 532 258 538 410 485 513 237 285 365 309 580 228 505 241 230 ' ,'0 0 0 0 0 0 0 0 0 0 0 0 0 0 0 0 ' ,355 ,2 ,16, 1
702 ,648, 658, '410 540 318 576 389 428 443 286 337 502 425 369 292 366 475 236 ' ,'0 0 0 0 0 0 0 0 0 0 0 0 0 0 0 0 ' ,334 ,1 ,55, 1
906 ,751, 880, '420 530 291 553 304 580 492 249 424 560 523 404 238 397 359 607 ' ,'0 0 0 0 0 0 0 0 0 0 0 0 0 0 0 0 ' ,340 ,2 ,262, 2
584 ,928, 566, '327 511 296 415 471 511 469 230 451 465 357 403 246 399 295 457 ' ,'0 0 0 0 0 0 0 0 0 0 0 0 0 0 0 0 ' ,263 ,1 ,22, 1
754 ,583, 739, '395 477 279 679 285 550 565 241 498 521 244 528 242 692 675 491 ' ,'0 0 0 0 0 0 0 0 0 0 0 0 0 0 0 0 ' ,432 ,1 ,37, 1
691 ,754, 653, '547 511 346 624 332 251 436 252 423 464 543 528 258 526 590 310 ' ,'0 0 0 0 0 0 0 0 0 0 0 0 0 0 0 0 ' ,345 ,2 ,18, 2
664 ,688, 632, '581 501 361 514 319 457 513 289 424 477 502 537 290 458 422 541 ' ,'0 0 0 0 0 0 0 0 0 0 0 0 0 0 0 0 ' ,223 ,1 ,44, 2
713 ,649, 694, '614 575 319 578 414 391 627 281 433 456 500 527 244 365 535 447 ' ,'0 0 0 0 0 0 0 0 0 0 0 0 0 0 0 0 ' ,371 ,1 ,45, 3
658 ,712, 628, '612 501 324 499 436 304 456 260 450 434 572 378 221 461 533 334 ' ,'0 0 0 0 0 0 0 0 0 0 0 0 0 0 0 0 ' ,384 ,2 ,13, 2
634 ,679, 605, '523 434 292 491 279 263 447 250 397 549 440 441 256 318 517 285 ' ,'0 0 0 0 0 0 0 0 0 0 0 0 0 0 0 0 ' ,304 ,1 ,23, 2
652 ,632, 630, '548 576 342 409 405 304 439 262 487 301 484 489 244 501 353 316 ' ,'0 0 0 0 0 0 0 0 0 0 0 0 0 0 0 0 ' ,323 ,1 ,26, 3
635 ,646, 607, '501 435 314 427 480 478 502 277 305 494 236 501 284 438 508 245 ' ,'0 0 0 0 0 0 0 0 0 0 0 0 0 0 0 0 ' ,296 ,2 ,33, 2
663 ,669, 627, '271 497 273 517 346 276 386 227 430 410 503 478 207 314 393 422 ' ,'0 0 0 0 0 0 0 0 0 0 0 0 0 0 0 0 ' ,360 ,2 ,46, 2
738 ,682, 720, '511 473 264 423 437 333 340 228 370 428 279 367 226 434 447 549 ' ,'0 0 0 0 0 0 0 0 0 0 0 0 0 0 0 0 ' ,363 ,1 ,3, 2
608 ,733, 583, '267 378 259 519 490 331 386 225 424 421 298 426 215 273 500 487 ' ,'0 0 0 0 0 0 0 0 0 0 0 0 0 0 0 0 ' ,307 ,1 ,27, 1
534 ,608, 517, '478 450 266 459 213 278 368 205 395 334 482 418 216 431 304 207 ' ,'0 0 0 0 0 0 0 0 0 0 0 0 0 0 0 0 ' ,277 ,2 ,18, 2
538 ,550, 524, '282 434 313 475 355 448 433 259 350 426 411 412 257 455 413 244 ' ,'0 0 0 0 0 0 0 0 0 0 0 0 0 0 0 0 ' ,201 ,2 ,25, 2
609 ,538, 572, '338 440 277 328 491 477 454 230 312 397 457 381 205 418 370 241 ' ,'0 0 0 0 0 0 0 0 0 0 0 0 0 0 0 0 ' ,293 ,3 ,45, 2
586 ,612, 559, '280 487 259 379 351 240 337 237 394 420 419 400 229 425 335 413 ' ,'0 0 0 0 0 0 0 0 0 0 0 0 0 0 0 0 ' ,269 ,2 ,33, 1
531 ,578, 506, '462 473 271 462 396 390 343 232 424 366 423 277 238 409 318 449 ' ,'0 0 0 0 0 0 0 0 0 0 0 0 0 0 0 0 ' ,204 ,0 ,14, 1
641 ,528, 608, '495 496 265 479 239 490 480 235 508 243 246 469 228 485 533 404 ' ,'0 0 0 0 0 0 0 0 0 0 0 0 0 0 0 0 ' ,309 ,2 ,50, 2
620 ,675, 601, '487 413 315 384 361 571 521 279 432 499 424 463 271 473 484 309 ' ,'0 0 0 0 0 0 0 0 0 0 0 0 0 0 0 0 ' ,281 ,1 ,20, 1
686 ,625, 661, '543 519 299 522 362 463 458 248 498 573 435 478 254 432 390 325 ' ,'0 0 0 0 0 0 0 0 0 0 0 0 0 0 0 0 ' ,325 ,1 ,40, 1
644 ,713, 626, '517 499 294 552 472 503 451 271 396 429 406 460 249 387 415 289 ' ,'0 0 0 0 0 0 0 0 0 0 0 0 0 0 0 0 ' ,294 ,2 ,50, 1
608 ,641, 592, '392 426 298 356 403 259 478 258 419 459 535 442 254 376 432 345 ' ,'0 0 0 0 0 0 0 0 0 0 0 0 0 0 0 0 ' ,273 ,1 ,48, 2
601 ,614, 565, '478 473 287 547 353 265 424 226 448 466 356 468 230 439 231 522 ' ,'0 0 0 0 0 0 0 0 0 0 0 0 0 0 0 0 ' ,298 ,1 ,22, 1
621 ,608, 598, '551 421 274 423 287 249 466 237 427 452 411 349 249 427 452 444 ' ,'0 0 0 0 0 0 0 0 0 0 0 0 0 0 0 0 ' ,294 ,6 ,35, 1
549 ,614, 500, '491 470 279 460 307 445 436 237 421 290 438 333 261 471 434 224 ' ,'0 0 0 0 0 0 0 0 0 0 0 0 0 0 0 0 ' ,229 ,2 ,23, 1
570 ,557, 546, '396 387 286 501 436 234 419 219 370 417 422 450 214 421 475 456 ' ,'0 0 0 0 0 0 0 0 0 0 0 0 0 0 0 0 ' ,275 ,1 ,34, 1
577 ,562, 546, '270 508 266 396 376 238 384 217 445 443 492 405 222 507 300 476 ' ,'0 0 0 0 0 0 0 0 0 0 0 0 0 0 0 0 ' ,297 ,1 ,13, 2
560 ,581, 546, '382 494 260 371 228 214 424 234 271 330 411 396 222 419 404 482 ' ,'0 0 0 0 0 0 0 0 0 0 0 0 0 0 0 0 ' ,263 ,1 ,34, 2
574 ,596, 555, '531 407 319 370 455 417 407 301 378 460 227 356 302 419 378 205 ' ,'0 0 0 0 0 0 0 0 0 0 0 0 0 0 0 0 ' ,290 ,3 ,18, 1
585 ,665, 567, '440 529 284 491 335 402 394 225 278 395 279 335 211 468 368 407 ' ,'0 0 0 0 0 0 0 0 0 0 0 0 0 0 0 0 ' ,317 ,1 ,32, 1
562 ,599, 545, '414 466 257 431 326 326 436 235 432 380 412 404 258 331 388 224 ' ,'0 0 0 0 0 0 0 0 0 0 0 0 0 0 0 0 ' ,254 ,2 ,45, 1
674 ,552, 658, '447 418 292 461 368 275 293 207 258 358 458 437 212 432 425 511 ' ,'0 0 0 0 0 0 0 0 0 0 0 0 0 0 0 0 ' ,265 ,3 ,137, 2
580 ,665, 534, '513 476 298 511 417 463 355 253 413 371 446 456 238 302 328 436 ' ,'0 0 0 0 0 0 0 0 0 0 0 0 0 0 0 0 ' ,232 ,1 ,19, 2
604 ,672, 590, '340 508 296 400 435 296 524 242 421 238 496 488 247 493 372 523 ' ,'0 0 0 0 0 0 0 0 0 0 0 0 0 0 0 0 ' ,235 ,1 ,37, 2
710 ,596, 685, '435 506 298 486 423 550 538 254 423 552 355 514 262 319 506 286 ' ,'0 0 0 0 0 0 0 0 0 0 0 0 0 0 0 0 ' ,305 ,2 ,118, 2
657 ,703, 631, '505 545 317 504 441 276 471 268 481 448 508 529 260 487 264 472 ' ,'0 0 0 0 0 0 0 0 0 0 0 0 0 0 0 0 ' ,292 ,3 ,44, 1
647 ,638, 627, '545 383 311 482 496 517 466 257 393 291 443 499 263 408 368 491 ' ,'0 0 0 0 0 0 0 0 0 0 0 0 0 0 0 0 ' ,242 ,2 ,40, 3
739 ,650, 713, '337 504 304 674 431 519 461 244 317 477 220 589 249 349 427 423 ' ,'0 0 0 0 0 0 0 0 0 0 0 0 0 0 0 0 ' ,416 ,6 ,19, 2
567 ,757, 526, '359 490 333 395 487 481 392 302 423 292 488 241 301 441 411 508 ' ,'0 0 0 0 0 0 0 0 0 0 0 0 0 0 0 0 ' ,265 ,1 ,16, 2
632 ,568, 602, '504 432 296 292 480 379 443 231 228 463 463 326 239 314 499 469 ' ,'0 0 0 0 0 0 0 0 0 0 0 0 0 0 0 0 ' ,274 ,1 ,90, 1
562 ,623, 533, '447 391 261 310 401 331 414 215 211 256 218 422 248 417 408 502 ' ,'0 0 0 0 0 0 0 0 0 0 0 0 0 0 0 0 ' ,282 ,1 ,9, 1
580 ,554, 557, '457 492 273 351 366 411 370 199 308 466 384 430 220 316 380 271 ' ,'0 0 0 0 0 0 0 0 0 0 0 0 0 0 0 0 ' ,298 ,2 ,34, 4
597 ,567, 582, '419 453 277 413 455 308 426 221 247 338 451 432 220 258 340 251 ' ,'0 0 0 0 0 0 0 0 0 0 0 0 0 0 0 0 ' ,254 ,3 ,56, 1
582 ,589, 561, '410 483 285 447 353 229 426 254 308 363 450 481 254 232 345 310 ' ,'0 0 0 0 0 0 0 0 0 0 0 0 0 0 0 0 ' ,256 ,2 ,40, 1
587 ,574, 557, '318 524 262 389 337 329 515 229 402 398 414 361 226 380 383 481 ' ,'0 0 0 0 0 0 0 0 0 0 0 0 0 0 0 0 ' ,292 ,2 ,14, 2
551 ,609, 515, '254 394 279 368 320 366 320 220 353 403 413 436 222 232 377 458 ' ,'0 0 0 0 0 0 0 0 0 0 0 0 0 0 0 0 ' ,228 ,2 ,56, 1
569 ,546, 556, '274 428 277 478 277 316 448 227 385 339 504 299 220 439 247 439 ' ,'0 0 0 0 0 0 0 0 0 0 0 0 0 0 0 0 ' ,272 ,2 ,30, 1
695 ,564, 621, '587 532 260 288 266 481 329 239 252 285 232 458 254 301 330 348 ' ,'0 0 0 0 0 0 0 0 0 0 0 0 0 0 0 0 ' ,352 ,2 ,13, 1
654 ,758, 636, '466 475 323 395 339 269 382 254 335 346 277 350 273 389 323 278 ' ,'0 0 0 0 0 0 0 0 0 0 0 0 0 0 0 0 ' ,294 ,1 ,42, 2
596 ,655, 568, '478 525 308 304 458 247 329 253 354 444 437 539 249 260 496 453 ' ,'0 0 0 0 0 0 0 0 0 0 0 0 0 0 0 0 ' ,287 ,2 ,8, 1
721 ,599, 705, '567 655 309 457 437 407 477 274 372 391 276 476 251 485 395 526 ' ,'0 0 0 0 0 0 0 0 0 0 0 0 0 0 0 0 ' ,404 ,2 ,22, 1
640 ,711, 617, '459 492 323 568 502 302 481 251 462 340 543 409 261 394 430 279 ' ,'0 0 0 0 0 0 0 0 0 0 0 0 0 0 0 0 ' ,332 ,1 ,27, 2
646 ,633, 617, '440 481 291 459 550 385 465 273 544 410 273 523 267 429 325 595 ' ,'0 0 0 0 0 0 0 0 0 0 0 0 0 0 0 0 ' ,307 ,1 ,12, 1
645 ,639, 631, '587 393 306 529 444 298 494 278 421 489 401 529 295 303 407 511 ' ,'0 0 0 0 0 0 0 0 0 0 0 0 0 0 0 0 ' ,269 ,1 ,34, 1
664 ,641, 644, '446 553 292 585 466 393 486 260 396 498 448 482 279 353 425 439 ' ,'0 0 0 0 0 0 0 0 0 0 0 0 0 0 0 0 ' ,329 ,2 ,49, 2
676 ,659, 656, '577 593 342 507 483 251 439 265 447 388 490 435 293 250 312 281 ' ,'0 0 0 0 0 0 0 0 0 0 0 0 0 0 0 0 ' ,186 ,2 ,11, 2
651 ,686, 634, '294 466 286 577 263 306 431 237 385 531 276 514 250 429 528 552 ' ,'0 0 0 0 0 0 0 0 0 0 0 0 0 0 0 0 ' ,294 ,1 ,48, 1
606 ,643, 581, '501 547 287 465 420 479 381 252 287 468 457 462 259 458 429 468 ' ,'0 0 0 0 0 0 0 0 0 0 0 0 0 0 0 0 ' ,287 ,1 ,26, 1
640 ,611, 622, '296 407 348 320 432 267 380 256 453 380 497 427 311 296 251 585 ' ,'0 0 0 0 0 0 0 0 0 0 0 0 0 0 0 0 ' ,294 ,1 ,29, 2
539 ,693, 516, '324 400 275 431 252 471 358 230 427 450 414 396 212 458 404 450 ' ,'0 0 0 0 0 0 0 0 0 0 0 0 0 0 0 0 ' ,237 ,3 ,22, 2
582 ,535, 563, '492 430 529 396 370 482 454 481 474 466 258 375 492 251 347 216 ' ,'0 0 0 0 0 0 0 0 0 0 0 0 0 0 0 0 ' ,273 ,1 ,26, 2
656 ,573, 641, '581 522 254 304 401 331 312 227 383 386 208 420 238 430 213 422 ' ,'0 0 0 0 0 0 0 0 0 0 0 0 0 0 0 0 ' ,357 ,3 ,40, 2
535 ,652, 508, '255 422 282 465 252 354 431 185 377 335 421 461 213 408 225 372 ' ,'0 0 0 0 0 0 0 0 0 0 0 0 0 0 0 0 ' ,268 ,3 ,22, 1
538 ,550, 514, '285 431 333 347 456 476 423 290 379 447 417 465 302 322 372 225 ' ,'0 0 0 0 0 0 0 0 0 0 0 0 0 0 0 0 ' ,227 ,2 ,13, 2
600 ,569, 567, '469 499 267 266 350 448 408 236 367 415 311 510 237 235 380 485 ' ,'0 0 0 0 0 0 0 0 0 0 0 0 0 0 0 0 ' ,293 ,4 ,5, 1
635 ,603, 605, '454 503 284 422 378 264 415 229 273 427 266 405 242 231 397 269 ' ,'0 0 0 0 0 0 0 0 0 0 0 0 0 0 0 0 ' ,275 ,2 ,78, 2
564 ,634, 551, '504 403 260 407 337 419 438 265 437 208 257 414 239 230 458 339 ' ,'0 0 0 0 0 0 0 0 0 0 0 0 0 0 0 0 ' ,275 ,2 ,34, 2
639 ,561, 579, '427 453 277 349 367 445 260 217 265 402 510 370 249 269 400 324 ' ,'0 0 0 0 0 0 0 0 0 0 0 0 0 0 0 0 ' ,294 ,2 ,60, 1
605 ,589, 559, '251 495 375 508 507 382 270 338 429 343 503 466 341 273 318 373 ' ,'0 0 0 0 0 0 0 0 0 0 0 0 0 0 0 0 ' ,237 ,2 ,37, 2
594 ,610, 573, '424 496 280 273 460 232 470 263 497 329 331 434 247 459 360 387 ' ,'0 0 0 0 0 0 0 0 0 0 0 0 0 0 0 0 ' ,178 ,1 ,19, 2
590 ,591, 572, '541 471 300 495 454 274 460 255 484 349 257 384 269 385 489 483 ' ,'0 0 0 0 0 0 0 0 0 0 0 0 0 0 0 0 ' ,223 ,1 ,23, 8
719 ,676, 667, '558 488 335 589 482 312 372 252 329 528 535 524 263 538 400 309 ' ,'0 0 0 0 0 0 0 0 0 0 0 0 0 0 0 0 ' ,360 ,2 ,46, 2
618 ,772, 586, '536 541 338 435 295 485 516 281 415 466 429 508 268 448 479 303 ' ,'0 0 0 0 0 0 0 0 0 0 0 0 0 0 0 0 ' ,258 ,1 ,19, 2
629 ,652, 614, '375 483 330 348 514 495 517 311 317 426 468 410 316 454 483 317 ' ,'0 0 0 0 0 0 0 0 0 0 0 0 0 0 0 0 ' ,242 ,2 ,48, 2
632 ,620, 604, '419 563 312 541 511 519 420 249 416 532 445 248 234 409 417 403 ' ,'0 0 0 0 0 0 0 0 0 0 0 0 0 0 0 0 ' ,316 ,1 ,18, 1
587 ,632, 563, '469 485 303 515 440 488 438 252 364 333 252 422 254 404 368 243 ' ,'0 0 0 0 0 0 0 0 0 0 0 0 0 0 0 0 ' ,258 ,1 ,23, 1
597 ,583, 575, '321 515 263 467 462 252 479 236 291 408 484 387 242 388 426 464 ' ,'0 0 0 0 0 0 0 0 0 0 0 0 0 0 0 0 ' ,315 ,2 ,16, 2
647 ,591, 614, '313 540 273 401 402 450 425 249 406 447 389 437 196 274 388 289 ' ,'0 0 0 0 0 0 0 0 0 0 0 0 0 0 0 0 ' ,366 ,2 ,27, 2
575 ,652, 551, '491 456 290 506 370 375 395 237 402 329 423 333 244 438 408 430 ' ,'0 0 0 0 0 0 0 0 0 0 0 0 0 0 0 0 ' ,271 ,1 ,37, 2
567 ,572, 544, '440 424 269 388 475 471 449 220 460 369 229 426 235 338 420 368 ' ,'0 0 0 0 0 0 0 0 0 0 0 0 0 0 0 0 ' ,248 ,1 ,57, 2
570 ,567, 546, '350 512 256 433 288 223 338 225 323 307 455 444 217 374 343 456 ' ,'0 0 0 0 0 0 0 0 0 0 0 0 0 0 0 0 ' ,258 ,1 ,24, 1
601 ,572, 581, '511 397 276 475 545 469 447 225 461 412 255 432 243 420 396 301 ' ,'0 0 0 0 0 0 0 0 0 0 0 0 0 0 0 0 ' ,260 ,1 ,21, 2
628 ,593, 609, '488 316 280 448 447 478 414 219 505 498 228 502 213 368 406 408 ' ,'0 0 0 0 0 0 0 0 0 0 0 0 0 0 0 0 ' ,307 ,1 ,30, 1
631 ,619, 598, '314 463 348 561 314 513 462 277 530 322 553 546 272 577 536 248 ' ,'0 0 0 0 0 0 0 0 0 0 0 0 0 0 0 0 ' ,285 ,1 ,22, 2
614 ,649, 599, '342 494 316 566 519 365 529 254 474 435 261 450 228 423 341 480 ' ,'0 0 0 0 0 0 0 0 0 0 0 0 0 0 0 0 ' ,291 ,1 ,25, 2
710 ,605, 687, '531 504 334 531 415 534 531 248 525 619 502 493 267 441 495 456 ' ,'0 0 0 0 0 0 0 0 0 0 0 0 0 0 0 0 ' ,384 ,2 ,19, 2
873 ,830, 844, '324 779 311 492 413 569 539 265 406 559 321 439 271 286 489 542 ' ,'0 267858 0 0 0 0 0 0 0 0 0 0 0 0 0 0 ' ,508 ,2 ,38, 2
749 ,991, 733, '577 558 316 625 412 266 404 266 559 492 453 525 255 612 512 245 ' ,'0 0 0 0 0 0 0 0 0 0 0 0 0 0 0 0 ' ,373 ,1 ,79, 2
1030 ,741, 999, '386 629 324 778 820 527 634 261 832 549 316 488 279 463 390 563 ' ,'0 0 0 0 0 0 0 0 0 0 0 0 0 0 0 0 ' ,568 ,1 ,110, 1
1082 ,1044, 1060, '611 477 287 365 609 405 644 263 529 694 527 417 261 988 676 396 ' ,'0 0 0 0 0 0 315712 0 0 0 0 0 0 414023 0 0 ' ,658 ,1 ,56, 2
713 ,1078, 692, '325 566 276 295 388 242 406 239 557 661 534 332 234 533 622 236 ' ,'0 0 0 0 0 0 0 0 0 0 0 0 0 0 0 0 ' ,396 ,1 ,14, 1
855 ,766, 737, '293 401 315 559 482 418 358 282 577 522 389 487 275 518 596 460 ' ,'0 0 0 0 0 0 0 0 0 0 0 0 0 0 0 0 ' ,311 ,7 ,110, 1
1075 ,874, 996, '415 390 301 443 670 343 396 233 579 586 249 340 236 698 537 475 ' ,'0 0 0 0 0 0 0 0 0 0 0 0 145264 0 0 0 ' ,361 ,1 ,233, 2
1204 ,1043, 1098, '469 467 306 605 511 478 382 216 733 698 291 399 269 589 819 473 ' ,'0 0 0 0 0 0 0 0 0 0 0 0 0 0 0 0 ' ,604 ,1 ,160, 2
686 ,1129, 667, '528 388 272 511 428 221 525 185 477 298 402 571 241 422 234 486 ' ,'0 0 0 0 0 0 0 0 0 0 0 0 0 0 0 0 ' ,325 ,1 ,85, 1
594 ,805, 569, '496 495 395 375 413 446 471 314 426 472 420 511 313 433 464 521 ' ,'0 0 0 0 0 0 0 0 0 0 0 0 0 0 0 0 ' ,202 ,2 ,49, 2
703 ,584, 665, '267 552 302 550 435 264 493 232 551 534 215 462 247 480 534 490 ' ,'0 0 0 0 0 0 0 0 0 0 0 0 0 0 0 0 ' ,355 ,1 ,80, 2
736 ,684, 721, '545 509 315 632 384 578 407 270 656 498 510 337 257 328 504 457 ' ,'0 0 0 0 0 0 0 0 0 0 0 0 0 0 0 0 ' ,422 ,1 ,24, 1
718 ,742, 692, '585 531 329 672 578 627 511 270 612 422 614 408 283 615 498 299 ' ,'0 0 0 0 0 0 0 0 0 0 0 0 0 0 0 0 ' ,302 ,2 ,16, 3
672 ,720, 656, '586 394 317 449 315 348 482 280 503 480 560 595 311 416 481 309 ' ,'0 0 0 0 0 0 0 0 0 0 0 0 0 0 0 0 ' ,310 ,3 ,47, 2
630 ,663, 571, '384 535 312 515 263 472 475 328 407 483 501 258 339 389 561 360 ' ,'0 0 0 0 0 0 0 0 0 0 0 0 0 0 0 0 ' ,294 ,1 ,16, 2
620 ,639, 589, '402 501 279 410 417 504 303 240 443 327 446 515 248 424 324 444 ' ,'0 0 0 0 0 0 0 0 0 0 0 0 0 0 0 0 ' ,245 ,2 ,39, 2
545 ,629, 523, '304 430 266 452 269 457 325 233 349 314 471 378 229 386 257 451 ' ,'0 0 0 0 0 0 0 0 0 0 0 0 0 0 0 0 ' ,256 ,1 ,23, 2
607 ,543, 574, '458 466 327 510 480 354 392 248 452 517 505 416 243 359 432 307 ' ,'0 0 0 0 0 0 0 0 0 0 0 0 0 0 0 0 ' ,312 ,2 ,10, 2
675 ,604, 648, '315 477 267 314 393 411 442 229 421 454 379 338 240 368 405 490 ' ,'0 0 0 0 0 0 0 0 0 0 0 0 0 0 0 0 ' ,256 ,1 ,134, 1
640 ,668, 613, '388 487 299 294 430 238 537 272 515 313 465 378 261 378 498 453 ' ,'0 0 0 0 0 0 0 0 0 0 0 0 0 0 0 0 ' ,295 ,1 ,27, 2
579 ,621, 552, '287 476 262 499 449 411 404 233 461 396 452 449 222 435 374 237 ' ,'0 0 0 0 0 0 0 0 0 0 0 0 0 0 0 0 ' ,272 ,2 ,28, 2
594 ,572, 560, '526 456 283 318 410 522 271 217 325 459 474 244 256 456 494 468 ' ,'0 0 0 0 0 0 0 0 0 0 0 0 0 0 0 0 ' ,318 ,1 ,24, 3
673 ,609, 630, '531 559 295 394 341 425 493 258 225 376 415 313 244 505 402 249 ' ,'0 0 0 0 0 0 0 0 0 0 0 0 0 0 0 0 ' ,326 ,2 ,46, 2
686 ,684, 669, '508 581 283 490 261 457 390 252 456 486 276 457 267 528 423 320 ' ,'0 0 0 0 0 0 0 0 0 0 0 0 0 0 0 0 ' ,320 ,2 ,75, 2
715 ,680, 694, '585 546 325 650 388 532 550 251 469 424 484 412 272 413 564 269 ' ,'0 0 0 0 0 0 0 0 0 0 0 0 0 0 0 0 ' ,303 ,2 ,36, 6
681 ,715, 666, '606 549 317 542 563 346 490 268 467 504 575 443 267 307 497 291 ' ,'0 0 0 0 0 0 0 0 0 0 0 0 0 0 0 0 ' ,343 ,4 ,44, 1
697 ,678, 684, '574 638 319 615 402 438 448 276 566 417 527 354 278 282 528 633 ' ,'0 0 0 0 0 0 0 0 0 0 0 0 0 0 0 0 ' ,361 ,2 ,33, 1
687 ,692, 658, '541 486 316 516 476 258 448 270 253 528 264 522 283 424 585 439 ' ,'0 0 0 0 0 0 0 0 0 0 0 0 0 0 0 0 ' ,335 ,2 ,59, 3
659 ,676, 626, '607 373 300 495 407 545 474 258 392 318 313 493 251 470 436 287 ' ,'0 0 0 0 0 0 0 0 0 0 0 0 0 0 0 0 ' ,334 ,2 ,9, 1
626 ,666, 593, '522 467 336 397 366 464 285 219 470 432 465 419 241 282 499 374 ' ,'0 0 0 0 0 0 0 0 0 0 0 0 0 0 0 0 ' ,311 ,1 ,56, 1
584 ,656, 553, '519 488 269 470 398 438 421 237 283 420 400 368 228 370 460 227 ' ,'0 0 0 0 0 0 0 0 0 0 0 0 0 0 0 0 ' ,298 ,2 ,20, 2
577 ,630, 563, '505 391 271 348 260 499 385 221 407 374 423 384 232 393 265 305 ' ,'0 0 0 0 0 0 0 0 0 0 0 0 0 0 0 0 ' ,274 ,2 ,47, 1
584 ,569, 565, '269 474 277 510 351 455 364 237 323 356 463 367 231 471 311 240 ' ,'0 0 0 0 0 0 0 0 0 0 0 0 0 0 0 0 ' ,244 ,1 ,44, 2
571 ,578, 544, '350 480 253 438 434 242 471 252 270 437 376 457 227 430 446 255 ' ,'0 0 0 0 0 0 0 0 0 0 0 0 0 0 0 0 ' ,260 ,2 ,27, 2
667 ,571, 619, '550 479 297 490 384 510 455 240 360 441 474 577 260 412 377 398 ' ,'0 0 0 0 0 0 0 0 0 0 0 0 0 0 0 0 ' ,345 ,1 ,27, 2
696 ,681, 679, '379 513 244 341 309 417 528 233 426 487 320 550 232 411 453 222 ' ,'0 0 0 0 0 0 0 0 0 0 0 0 0 0 0 0 ' ,422 ,2 ,21, 3
612 ,700, 589, '541 322 267 547 431 541 351 219 491 379 445 545 232 269 502 452 ' ,'0 0 0 0 0 0 0 0 0 0 0 0 0 0 0 0 ' ,336 ,1 ,25, 2
702 ,720, 676, '554 590 299 595 557 242 449 261 471 303 469 468 265 286 516 331 ' ,'0 0 0 0 0 0 0 0 0 0 0 0 0 0 0 0 ' ,340 ,2 ,38, 2
703 ,842, 664, '538 575 303 621 292 502 518 250 269 527 537 326 273 453 431 255 ' ,'0 0 0 0 0 0 0 0 0 0 0 0 0 0 0 0 ' ,349 ,1 ,48, 1
650 ,696, 632, '404 497 312 425 424 264 549 240 505 543 376 537 277 402 512 392 ' ,'0 0 0 0 0 0 0 0 0 0 0 0 0 0 0 0 ' ,330 ,6 ,53, 2
725 ,666, 687, '418 392 310 544 520 504 549 296 307 480 492 539 295 373 548 458 ' ,'0 0 0 0 0 0 0 0 0 0 0 0 0 0 0 0 ' ,304 ,1 ,55, 1
756 ,702, 641, '562 502 385 314 530 547 314 328 484 531 474 291 479 611 437 446 ' ,'0 0 0 0 0 0 0 0 0 0 0 0 0 0 0 0 ' ,49 ,2 ,15, 2
677 ,949, 657, '576 447 295 323 542 290 469 254 529 466 501 416 264 509 472 266 ' ,'0 0 0 0 0 0 0 0 0 0 0 0 0 0 0 0 ' ,326 ,2 ,55, 1
744 ,677, 645, '500 453 298 467 476 364 416 241 453 247 481 358 252 489 525 464 ' ,'0 0 0 0 0 0 0 0 0 0 0 0 0 0 0 0 ' ,349 ,2 ,54, 2
549 ,736, 526, '449 470 264 462 354 420 322 237 308 364 215 417 239 408 382 457 ' ,'0 0 0 0 0 0 0 0 0 0 0 0 0 0 0 0 ' ,254 ,2 ,40, 2
659 ,538, 624, '378 436 255 561 489 252 421 237 339 401 383 385 234 569 508 291 ' ,'0 0 0 0 0 0 0 0 0 0 0 0 0 0 0 0 ' ,334 ,1 ,48, 1
617 ,658, 591, '560 482 264 448 345 413 228 229 396 413 392 230 227 405 427 459 ' ,'0 0 0 0 0 0 0 0 0 0 0 0 0 0 0 0 ' ,313 ,2 ,20, 2
670 ,613, 626, '485 470 264 322 326 378 453 222 396 370 595 461 219 365 435 224 ' ,'0 0 0 0 0 0 0 0 0 0 0 0 0 0 0 0 ' ,377 ,2 ,32, 2
548 ,767, 520, '415 493 254 280 470 296 372 225 245 361 413 366 277 313 409 277 ' ,'0 0 0 0 0 0 0 0 0 0 0 0 0 0 0 0 ' ,255 ,1 ,18, 2
565 ,549, 552, '415 423 254 409 336 455 461 225 462 458 223 476 225 409 481 215 ' ,'0 0 0 0 0 0 0 0 0 0 0 0 0 0 0 0 ' ,251 ,2 ,49, 1
643 ,565, 622, '517 287 244 557 471 434 429 234 352 421 369 397 236 314 445 447 ' ,'0 0 0 0 0 0 0 0 0 0 0 0 0 0 0 0 ' ,133 ,1 ,62, 2
641 ,638, 611, '488 568 310 324 430 466 411 218 421 367 376 455 259 390 296 455 ' ,'0 0 0 0 0 0 0 0 0 0 0 0 0 0 0 0 ' ,337 ,2 ,42, 2
801 ,637, 780, '456 510 277 744 494 537 515 251 421 518 378 512 257 344 300 252 ' ,'0 0 0 0 0 0 0 0 0 0 0 0 0 0 0 0 ' ,473 ,2 ,28, 2
741 ,808, 716, '625 593 287 464 493 602 368 264 416 448 646 535 270 310 455 548 ' ,'0 0 0 0 0 0 0 0 0 0 0 0 0 0 0 0 ' ,383 ,2 ,42, 2
726 ,740, 703, '429 551 317 585 467 380 524 280 441 569 502 494 275 614 534 322 ' ,'0 0 0 0 0 0 0 0 0 0 0 0 0 0 0 0 ' ,311 ,1 ,84, 1
720 ,734, 693, '608 579 306 397 541 268 542 257 298 521 276 419 269 531 465 520 ' ,'0 0 0 0 0 0 0 0 0 0 0 0 0 0 0 0 ' ,355 ,1 ,59, 2
734 ,713, 722, '630 552 293 416 463 345 427 250 365 490 550 327 248 339 321 524 ' ,'0 0 0 0 0 0 0 0 0 0 0 0 0 0 0 0 ' ,330 ,2 ,78, 2
624 ,731, 612, '497 550 283 385 507 245 415 230 471 489 490 384 253 351 512 394 ' ,'0 0 0 0 0 0 0 0 0 0 0 0 0 0 0 0 ' ,300 ,2 ,50, 1
602 ,616, 586, '473 493 266 473 465 228 349 244 436 422 480 316 247 318 410 444 ' ,'0 0 0 0 0 0 0 0 0 0 0 0 0 0 0 0 ' ,287 ,2 ,32, 2
565 ,602, 544, '431 405 256 294 432 212 369 219 381 436 272 344 227 376 338 239 ' ,'0 0 0 0 0 0 0 0 0 0 0 0 0 0 0 0 ' ,250 ,1 ,63, 2
579 ,556, 567, '275 448 277 366 451 438 393 234 393 396 260 420 228 227 294 332 ' ,'0 0 0 0 0 0 0 0 0 0 0 0 0 0 0 0 ' ,292 ,2 ,40, 2
573 ,583, 560, '440 411 274 333 434 512 231 229 302 384 382 438 229 376 357 449 ' ,'0 0 0 0 0 0 0 0 0 0 0 0 0 0 0 0 ' ,276 ,1 ,33, 1
573 ,570, 561, '287 458 269 433 418 499 356 197 380 372 216 413 212 308 358 331 ' ,'0 0 0 0 0 0 0 0 0 0 0 0 0 0 0 0 ' ,294 ,2 ,37, 2
549 ,572, 526, '463 461 263 393 374 221 397 228 349 279 353 380 235 394 392 319 ' ,'0 0 0 0 0 0 0 0 0 0 0 0 0 0 0 0 ' ,212 ,1 ,50, 2
632 ,541, 614, '310 472 276 417 364 234 542 209 281 257 493 459 245 337 413 441 ' ,'0 0 0 0 0 0 0 0 0 0 0 0 0 0 0 0 ' ,318 ,1 ,38, 2
607 ,625, 585, '323 527 242 369 245 498 477 239 405 478 401 496 226 385 416 418 ' ,'0 0 0 0 0 0 0 0 0 0 0 0 0 0 0 0 ' ,281 ,1 ,32, 2
621 ,600, 593, '550 417 303 491 402 419 470 238 363 379 529 460 268 338 308 466 ' ,'0 0 0 0 0 0 0 0 0 0 0 0 0 0 0 0 ' ,289 ,2 ,32, 2
695 ,620, 678, '541 611 283 383 259 477 459 256 403 527 305 486 269 429 484 514 ' ,'0 0 0 0 0 0 0 0 0 0 0 0 0 0 0 0 ' ,345 ,2 ,47, 2
699 ,700, 677, '594 513 326 482 506 272 542 270 566 414 369 585 317 472 421 467 ' ,'0 0 0 0 0 0 0 0 0 0 0 0 0 0 0 0 ' ,374 ,2 ,9, 2
713 ,698, 700, '539 648 301 512 314 420 452 277 472 309 397 547 272 469 268 353 ' ,'0 0 0 0 0 0 0 0 0 0 0 0 0 0 0 0 ' ,351 ,2 ,30, 2
728 ,717, 708, '632 455 278 455 512 264 445 247 422 385 295 555 266 538 490 280 ' ,'0 0 0 0 0 0 0 0 0 0 0 0 0 0 0 0 ' ,380 ,2 ,54, 3
661 ,719, 645, '573 406 297 351 471 481 337 259 509 482 496 479 253 355 446 411 ' ,'0 0 0 0 0 0 0 0 0 0 0 0 0 0 0 0 ' ,255 ,2 ,56, 3
651 ,650, 607, '497 478 287 486 400 518 406 257 410 453 313 388 249 448 307 260 ' ,'0 0 0 0 0 0 0 0 0 0 0 0 0 0 0 0 ' ,260 ,3 ,61, 1
578 ,644, 556, '515 507 284 459 446 396 354 227 384 497 422 256 228 413 377 376 ' ,'0 0 0 0 0 0 0 0 0 0 0 0 0 0 0 0 ' ,229 ,1 ,27, 1
572 ,589, 559, '285 486 257 308 364 223 462 222 407 309 378 446 234 359 392 212 ' ,'0 0 0 0 0 0 0 0 0 0 0 0 0 0 0 0 ' ,300 ,2 ,38, 2
568 ,569, 550, '440 473 257 450 471 232 405 261 412 476 228 424 221 277 395 349 ' ,'0 0 0 0 0 0 0 0 0 0 0 0 0 0 0 0 ' ,263 ,1 ,50, 2
691 ,556, 674, '569 320 255 394 375 505 444 240 430 405 482 321 229 292 398 440 ' ,'0 0 0 0 0 0 0 0 0 0 0 0 0 0 0 0 ' ,336 ,2 ,89, 1
577 ,689, 564, '514 438 280 391 505 492 405 225 436 350 459 353 231 358 232 507 ' ,'0 0 0 0 0 0 0 0 0 0 0 0 0 0 0 0 ' ,277 ,2 ,31, 1
640 ,568, 618, '414 470 288 470 393 472 495 258 403 499 478 504 259 267 359 450 ' ,'0 0 0 0 0 0 0 0 0 0 0 0 0 0 0 0 ' ,300 ,2 ,50, 2
649 ,643, 632, '518 514 321 485 453 564 289 237 481 479 408 537 241 379 336 243 ' ,'0 0 0 0 0 0 0 0 0 0 0 0 0 0 0 0 ' ,326 ,2 ,53, 2
649 ,796, 625, '432 310 314 402 327 436 502 259 467 528 320 506 254 456 467 487 ' ,'0 0 0 0 0 0 0 0 0 0 0 0 0 0 0 0 ' ,287 ,1 ,42, 2
678 ,676, 635, '478 562 317 502 517 465 541 279 386 538 476 500 287 258 557 309 ' ,'0 0 0 0 0 0 0 0 0 0 0 0 0 0 0 0 ' ,311 ,2 ,22, 1
827 ,711, 811, '558 544 312 510 370 299 521 312 543 406 494 568 285 481 318 465 ' ,'0 0 0 0 0 0 0 0 0 0 0 0 0 0 0 0 ' ,229 ,1 ,226, 2
663 ,858, 649, '572 440 302 547 293 518 504 241 558 461 342 567 259 508 343 368 ' ,'0 0 0 0 0 0 0 0 0 0 0 0 0 0 0 0 ' ,295 ,2 ,48, 2
721 ,654, 710, '586 487 297 507 484 343 406 257 464 253 358 450 255 534 357 282 ' ,'0 0 0 0 0 0 0 0 0 0 0 0 0 0 0 0 ' ,366 ,2 ,49, 2
726 ,742, 714, '501 574 301 421 472 370 593 255 376 461 453 546 240 454 306 256 ' ,'0 0 0 0 0 0 0 0 0 0 0 0 0 0 0 0 ' ,416 ,2 ,32, 1
915 ,718, 903, '453 314 315 329 440 578 467 310 368 512 557 392 277 350 629 557 ' ,'0 0 0 0 0 0 0 0 0 0 0 0 0 0 0 0 ' ,556 ,189 ,56, 2
674 ,914, 634, '393 560 297 413 486 493 460 272 411 466 470 446 270 373 444 343 ' ,'0 0 0 0 0 0 0 0 0 0 0 0 0 0 0 0 ' ,288 ,2 ,41, 2
661 ,671, 642, '522 566 278 581 466 397 486 224 277 271 245 417 237 418 501 254 ' ,'0 0 0 0 0 0 0 0 0 0 0 0 0 0 0 0 ' ,347 ,2 ,46, 3
619 ,661, 602, '473 539 321 449 288 414 489 267 324 505 394 427 257 472 217 237 ' ,'0 0 0 0 0 0 0 0 0 0 0 0 0 0 0 0 ' ,235 ,2 ,36, 1
584 ,606, 563, '446 457 271 497 309 412 495 238 330 320 273 376 221 437 365 239 ' ,'0 0 0 0 0 0 0 0 0 0 0 0 0 0 0 0 ' ,305 ,2 ,24, 1
623 ,585, 604, '548 488 265 435 327 342 372 234 389 381 511 326 290 426 436 499 ' ,'0 0 0 0 0 0 0 0 0 0 0 0 0 0 0 0 ' ,312 ,3 ,38, 2
562 ,619, 549, '447 438 284 476 431 498 507 231 413 410 234 370 233 489 458 285 ' ,'0 0 0 0 0 0 0 0 0 0 0 0 0 0 0 0 ' ,270 ,1 ,25, 1
676 ,558, 656, '573 435 294 441 347 416 570 236 356 418 472 235 225 464 425 235 ' ,'0 0 0 0 0 0 0 0 0 0 0 0 0 0 0 0 ' ,350 ,2 ,61, 2
630 ,674, 617, '403 565 295 507 456 462 420 225 469 318 243 527 250 336 391 532 ' ,'0 0 0 0 0 0 0 0 0 0 0 0 0 0 0 0 ' ,303 ,2 ,36, 1
645 ,625, 630, '498 464 300 505 321 266 531 251 413 344 398 495 259 394 531 495 ' ,'0 0 0 0 0 0 0 0 0 0 0 0 0 0 0 0 ' ,321 ,3 ,39, 1
663 ,636, 652, '591 528 294 559 524 522 308 256 464 550 482 485 260 522 374 551 ' ,'0 0 0 0 0 0 0 0 0 0 0 0 0 0 0 0 ' ,265 ,2 ,49, 2
787 ,655, 764, '480 599 310 527 353 600 578 268 384 481 431 480 270 445 392 258 ' ,'0 0 0 0 0 0 0 0 0 0 0 0 0 0 0 0 ' ,347 ,2 ,132, 1
770 ,776, 758, '640 522 287 609 367 571 569 276 434 406 471 499 279 483 347 272 ' ,'0 0 0 0 0 0 0 0 0 0 0 0 0 0 0 0 ' ,334 ,2 ,75, 1
670 ,761, 649, '367 583 303 298 416 415 425 252 412 533 472 491 298 533 486 512 ' ,'0 0 0 0 0 0 0 0 0 0 0 0 0 0 0 0 ' ,315 ,2 ,42, 2
619 ,667, 600, '380 469 279 520 453 364 446 235 526 404 426 299 238 307 431 525 ' ,'0 0 0 0 0 0 0 0 0 0 0 0 0 0 0 0 ' ,284 ,3 ,49, 1
647 ,615, 609, '563 517 291 388 434 252 358 232 460 491 441 482 238 420 448 509 ' ,'0 0 0 0 0 0 0 0 0 0 0 0 0 0 0 0 ' ,292 ,3 ,33, 1
564 ,647, 539, '369 385 249 370 245 443 449 242 289 442 453 474 240 415 398 251 ' ,'0 0 0 0 0 0 0 0 0 0 0 0 0 0 0 0 ' ,245 ,2 ,35, 1
586 ,668, 571, '373 487 255 441 320 433 392 201 396 385 453 417 233 343 346 215 ' ,'0 0 0 0 0 0 0 0 0 0 0 0 0 0 0 0 ' ,315 ,3 ,28, 1
599 ,643, 583, '285 432 277 488 412 467 347 223 372 331 325 493 227 316 442 214 ' ,'0 0 0 0 0 0 0 0 0 0 0 0 0 0 0 0 ' ,304 ,2 ,41, 2
645 ,595, 620, '421 478 280 491 346 537 447 234 435 295 511 359 254 428 260 492 ' ,'0 0 0 0 0 0 0 0 0 0 0 0 0 0 0 0 ' ,260 ,2 ,57, 1
603 ,637, 587, '539 276 244 510 472 449 449 192 384 483 509 358 240 353 321 344 ' ,'0 0 0 0 0 0 0 0 0 0 0 0 0 0 0 0 ' ,330 ,2 ,33, 1
550 ,604, 528, '435 418 251 444 408 371 414 195 286 357 467 323 203 312 332 208 ' ,'0 0 0 0 0 0 0 0 0 0 0 0 0 0 0 0 ' ,273 ,2 ,44, 1
597 ,552, 583, '258 488 239 314 422 346 385 228 444 309 404 348 227 431 381 253 ' ,'0 0 0 0 0 0 0 0 0 0 0 0 0 0 0 0 ' ,296 ,3 ,34, 1
521 ,600, 506, '274 350 255 372 307 446 401 201 424 336 449 203 195 338 403 266 ' ,'0 0 0 0 0 0 0 0 0 0 0 0 0 0 0 0 ' ,266 ,3 ,24, 1
587 ,521, 549, '464 388 260 390 291 445 449 194 412 402 208 396 232 449 350 324 ' ,'0 0 0 0 0 0 0 0 0 0 0 0 0 0 0 0 ' ,215 ,3 ,49, 2
595 ,585, 580, '329 510 252 326 374 501 377 217 434 390 461 303 235 330 338 465 ' ,'0 0 0 0 0 0 0 0 0 0 0 0 0 0 0 0 ' ,272 ,2 ,51, 1
580 ,584, 567, '489 465 248 375 266 253 325 241 405 272 245 413 191 437 355 467 ' ,'0 0 0 0 0 0 0 0 0 0 0 0 0 0 0 0 ' ,241 ,2 ,56, 1
631 ,571, 616, '529 453 271 417 461 236 463 294 284 441 451 523 260 526 470 285 ' ,'0 0 0 0 0 0 0 0 0 0 0 0 0 0 0 0 ' ,249 ,2 ,49, 2
711 ,633, 690, '471 561 293 503 331 545 438 263 451 364 318 529 265 459 491 507 ' ,'0 0 0 0 0 0 0 0 0 0 0 0 0 0 0 0 ' ,276 ,3 ,109, 3
775 ,717, 762, '508 589 333 702 654 597 413 315 622 454 424 545 279 668 590 575 ' ,'0 0 0 0 0 0 0 0 0 0 0 0 0 0 0 0 ' ,318 ,2 ,49, 2
754 ,769, 741, '572 570 321 432 505 439 415 261 490 527 534 406 284 395 488 506 ' ,'0 0 0 0 0 0 0 0 0 0 0 0 0 0 0 0 ' ,292 ,2 ,151, 2
693 ,747, 679, '573 535 318 446 462 261 523 316 469 550 445 466 211 285 425 361 ' ,'0 0 0 0 0 0 0 0 0 0 0 0 0 0 0 0 ' ,368 ,3 ,78, 2
710 ,713, 697, '580 365 284 434 533 504 467 256 311 415 495 429 256 485 312 339 ' ,'0 0 0 0 0 0 0 0 0 0 0 0 0 0 0 0 ' ,310 ,4 ,92, 2
585 ,700, 563, '494 425 300 378 488 378 493 242 481 269 259 431 224 289 443 453 ' ,'0 0 0 0 0 0 0 0 0 0 0 0 0 0 0 0 ' ,274 ,2 ,27, 1
611 ,585, 599, '505 435 255 486 332 407 321 228 257 507 449 401 220 395 464 466 ' ,'0 0 0 0 0 0 0 0 0 0 0 0 0 0 0 0 ' ,299 ,2 ,53, 2
620 ,602, 588, '505 250 282 351 303 413 281 234 417 323 421 250 231 395 352 451 ' ,'0 0 0 0 0 0 0 0 0 0 0 0 0 0 0 0 ' ,253 ,2 ,66, 1
700 ,711, 679, '274 502 234 273 452 243 440 236 230 423 484 436 244 374 383 433 ' ,'0 0 0 0 0 0 0 0 0 0 0 0 0 0 0 0 ' ,360 ,2 ,75, 2
626 ,696, 610, '274 453 263 298 409 364 406 228 283 356 296 473 221 341 397 428 ' ,'0 0 0 0 0 0 0 0 0 0 0 0 0 0 0 0 ' ,256 ,3 ,105, 1
600 ,614, 586, '502 402 259 472 309 248 408 237 427 441 458 325 211 472 338 213 ' ,'0 0 0 0 0 0 0 0 0 0 0 0 0 0 0 0 ' ,267 ,2 ,45, 1
704 ,611, 681, '588 380 321 380 369 496 371 280 446 482 260 397 290 510 378 504 ' ,'0 0 0 0 0 0 0 0 0 0 0 0 0 0 0 0 ' ,316 ,2 ,62, 1
681 ,701, 662, '549 436 290 310 552 542 485 230 434 520 477 219 236 547 387 446 ' ,'0 0 0 0 0 0 0 0 0 0 0 0 0 0 0 0 ' ,308 ,3 ,98, 1
689 ,673, 672, '427 553 291 565 359 487 514 261 576 429 475 492 221 391 563 255 ' ,'0 0 0 0 0 0 0 0 0 0 0 0 0 0 0 0 ' ,326 ,1 ,79, 1
717 ,681, 705, '599 418 315 387 483 456 540 253 395 442 295 485 277 401 453 566 ' ,'0 0 0 0 0 0 0 0 0 0 0 0 0 0 0 0 ' ,348 ,3 ,88, 2
758 ,712, 736, '608 496 343 455 553 277 456 271 529 379 530 391 275 328 606 349 ' ,'0 0 0 0 0 0 0 0 0 0 0 0 0 0 0 0 ' ,343 ,2 ,46, 2
750 ,753, 729, '561 536 378 524 476 394 488 335 461 423 521 429 319 335 565 353 ' ,'0 0 0 0 0 0 0 0 0 0 0 0 0 0 0 0 ' ,267 ,2 ,84, 2
767 ,761, 752, '610 574 311 546 473 514 439 273 418 500 390 339 274 306 520 538 ' ,'0 0 0 0 0 0 0 0 0 0 0 0 0 0 0 0 ' ,429 ,3 ,39, 2
703 ,759, 662, '325 567 307 523 287 267 491 249 402 477 550 543 260 418 471 293 ' ,'0 0 0 0 0 0 0 0 0 0 0 0 0 0 0 0 ' ,331 ,1 ,65, 7
734 ,688, 719, '398 391 294 643 331 264 375 250 466 536 555 400 256 270 555 313 ' ,'0 0 0 0 0 0 0 0 0 0 0 0 0 0 0 0 ' ,386 ,2 ,60, 2
653 ,725, 639, '404 377 274 490 425 397 445 248 431 505 471 357 251 412 388 401 ' ,'0 0 0 0 0 0 0 0 0 0 0 0 0 0 0 0 ' ,313 ,2 ,46, 1
643 ,645, 631, '396 489 324 414 248 410 516 297 372 471 511 530 274 445 403 537 ' ,'0 0 0 0 0 0 0 0 0 0 0 0 0 0 0 0 ' ,274 ,3 ,57, 1
619 ,640, 602, '425 389 259 475 320 497 323 243 247 471 484 375 240 293 406 532 ' ,'0 0 0 0 0 0 0 0 0 0 0 0 0 0 0 0 ' ,295 ,3 ,55, 1
571 ,611, 558, '430 464 293 360 219 226 408 229 457 368 413 303 242 338 377 337 ' ,'0 0 0 0 0 0 0 0 0 0 0 0 0 0 0 0 ' ,208 ,2 ,37, 1
674 ,565, 660, '348 363 270 396 340 423 415 233 452 552 220 425 231 434 254 436 ' ,'0 0 0 0 0 0 0 0 0 0 0 0 0 0 0 0 ' ,342 ,2 ,43, 2
651 ,665, 634, '264 506 239 488 463 210 351 229 490 522 338 386 200 446 512 443 ' ,'0 0 0 0 0 0 0 0 0 0 0 0 0 0 0 0 ' ,349 ,2 ,55, 1
577 ,652, 564, '494 383 262 278 390 214 372 249 474 437 434 390 243 362 379 244 ' ,'0 0 0 0 0 0 0 0 0 0 0 0 0 0 0 0 ' ,298 ,4 ,40, 1
583 ,590, 570, '344 399 246 306 434 465 419 211 401 445 379 468 231 254 463 489 ' ,'0 0 0 0 0 0 0 0 0 0 0 0 0 0 0 0 ' ,276 ,3 ,68, 2
621 ,609, 596, '448 490 259 468 499 453 422 243 436 264 454 366 250 510 474 246 ' ,'0 0 0 0 0 0 0 0 0 0 0 0 0 0 0 0 ' ,268 ,2 ,66, 1
713 ,632, 698, '401 544 293 422 512 539 531 237 273 505 429 604 232 314 467 300 ' ,'0 0 0 0 0 0 0 0 0 0 132946 0 0 0 0 0 ' ,380 ,2 ,53, 1
726 ,701, 714, '309 518 280 509 476 438 443 232 562 355 312 398 247 592 607 510 ' ,'0 0 0 0 0 0 0 0 0 0 0 0 0 0 0 0 ' ,386 ,3 ,64, 1
666 ,723, 653, '419 477 368 384 546 517 438 273 505 477 516 467 291 527 436 535 ' ,'0 0 0 0 0 0 0 0 0 0 0 0 0 0 0 0 ' ,274 ,2 ,91, 2
838 ,700, 826, '545 304 309 628 536 534 289 318 510 639 483 358 283 560 526 554 ' ,'0 0 0 0 0 0 0 0 0 0 0 0 0 0 0 0 ' ,421 ,87 ,73, 2
807 ,828, 776, '502 521 302 709 552 535 582 266 415 580 280 468 269 635 368 307 ' ,'0 0 0 0 0 0 0 0 0 0 0 0 0 0 0 0 ' ,441 ,3 ,35, 2
784 ,800, 763, '569 579 327 545 556 285 423 289 603 536 438 581 286 508 342 286 ' ,'0 0 0 0 0 0 0 0 0 0 0 0 0 0 0 0 ' ,314 ,1 ,109, 1
763 ,774, 740, '649 455 321 584 509 297 497 271 606 532 262 482 264 515 483 339 ' ,'0 0 0 0 0 0 0 0 0 0 0 0 0 0 0 0 ' ,369 ,3 ,72, 3
710 ,763, 697, '591 557 389 455 527 260 341 356 539 365 284 518 399 309 501 545 ' ,'0 0 0 0 0 0 0 0 0 0 0 0 0 0 0 0 ' ,332 ,2 ,77, 2
690 ,702, 673, '580 470 294 456 435 509 457 273 496 410 549 467 262 388 263 543 ' ,'0 0 0 0 0 0 0 0 0 0 0 0 0 0 0 0 ' ,332 ,3 ,66, 1
860 ,728, 847, '487 512 305 524 518 281 491 305 386 503 775 384 256 440 495 408 ' ,'0 0 0 0 0 0 0 0 0 0 0 0 0 0 0 0 ' ,497 ,3 ,56, 2
639 ,862, 626, '496 505 285 547 245 466 473 255 347 498 309 462 235 511 420 489 ' ,'0 0 0 0 0 0 0 0 0 0 0 0 0 0 0 0 ' ,279 ,2 ,59, 1
638 ,639, 625, '342 485 258 526 419 457 461 220 394 474 390 421 229 238 457 446 ' ,'0 0 0 0 0 0 0 0 0 0 0 0 0 0 0 0 ' ,290 ,3 ,81, 2
648 ,627, 632, '271 463 284 476 224 483 478 239 441 453 242 410 237 386 332 499 ' ,'0 0 0 0 0 0 0 0 0 0 0 0 0 0 0 0 ' ,305 ,36 ,50, 2
614 ,647, 594, '531 253 265 455 312 396 478 230 365 231 521 433 213 279 342 396 ' ,'0 0 0 0 0 0 0 0 0 0 0 0 0 0 0 0 ' ,312 ,2 ,38, 1
609 ,744, 588, '439 472 276 505 408 238 347 222 338 379 441 419 236 236 429 251 ' ,'0 0 0 0 0 0 0 0 0 0 0 0 0 0 0 0 ' ,286 ,3 ,69, 2
