809 ,0, 714, '560 486 485 401 572 616 488 668 ' ,'336980 262 248 217 384701 339787 255 388 ' ,261 ,4 ,10, 10
196 ,745, 180, '140 146 149 135 127 128 143 136 ' ,'0 0 0 0 0 0 0 0 ' ,34 ,2 ,4, 4
1034 ,191, 1016, '91 70 77 70 69 68 75 996 ' ,'0 0 0 0 0 0 0 0 ' ,930 ,2 ,6, 5
117 ,1023, 100, '82 71 77 78 62 67 74 78 ' ,'0 0 0 0 0 0 0 0 ' ,24 ,1 ,3, 3
192 ,113, 176, '76 84 85 83 82 77 71 74 ' ,'0 0 0 0 0 0 0 0 ' ,17 ,1 ,74, 2
118 ,200, 94, '69 72 75 79 65 64 62 67 ' ,'0 0 0 0 0 0 0 0 ' ,20 ,1 ,1, 1
150 ,99, 130, '84 87 84 85 74 82 76 73 ' ,'0 0 0 0 0 0 0 0 ' ,52 ,3 ,2, 2
105 ,181, 88, '61 61 62 66 62 71 67 58 ' ,'0 0 0 0 0 0 0 0 ' ,21 ,2 ,1, 1
116 ,94, 100, '70 68 88 83 65 82 77 65 ' ,'0 0 0 0 0 0 0 0 ' ,22 ,2 ,2, 2
106 ,107, 86, '64 59 68 68 61 64 60 68 ' ,'0 0 0 0 0 0 0 0 ' ,16 ,3 ,2, 1
127 ,92, 104, '71 65 68 83 64 63 68 65 ' ,'0 0 0 0 0 0 0 0 ' ,29 ,3 ,2, 2
108 ,118, 92, '78 59 68 69 63 61 55 65 ' ,'0 0 0 0 0 0 0 0 ' ,23 ,3 ,2, 1
124 ,99, 107, '75 81 80 97 70 70 75 69 ' ,'0 0 0 0 0 0 0 0 ' ,24 ,1 ,1, 1
110 ,115, 93, '81 68 81 67 68 66 63 70 ' ,'0 0 0 0 0 0 0 0 ' ,21 ,1 ,2, 2
102 ,101, 86, '61 55 62 74 55 66 58 61 ' ,'0 0 0 0 0 0 0 0 ' ,19 ,1 ,3, 2
123 ,92, 108, '89 98 91 83 81 79 79 84 ' ,'0 0 0 0 0 0 0 0 ' ,21 ,1 ,2, 1
101 ,115, 86, '69 66 67 69 61 70 65 73 ' ,'0 0 0 0 0 0 0 0 ' ,14 ,1 ,1, 1
123 ,92, 104, '73 90 77 94 79 73 71 78 ' ,'0 0 0 0 0 0 0 0 ' ,26 ,1 ,1, 1
102 ,115, 87, '68 60 78 63 64 62 57 62 ' ,'0 0 0 0 0 0 0 0 ' ,20 ,1 ,1, 1
125 ,93, 103, '85 85 80 95 75 84 82 85 ' ,'0 0 0 0 0 0 0 0 ' ,18 ,1 ,2, 2
97 ,115, 79, '64 69 68 63 62 69 55 67 ' ,'0 0 0 0 0 0 0 0 ' ,16 ,1 ,1, 1
123 ,90, 106, '88 90 93 83 88 91 82 83 ' ,'0 0 0 0 0 0 0 0 ' ,16 ,1 ,1, 1
122 ,115, 93, '76 76 79 86 80 75 75 74 ' ,'0 0 0 0 0 0 0 0 ' ,11 ,1 ,2, 1
114 ,112, 97, '84 75 75 70 63 70 65 64 ' ,'0 0 0 0 0 0 0 0 ' ,22 ,1 ,2, 2
102 ,103, 85, '66 75 63 67 59 63 60 59 ' ,'0 0 0 0 0 0 0 0 ' ,16 ,1 ,2, 1
111 ,93, 95, '85 82 76 79 73 74 70 75 ' ,'0 0 0 0 0 0 0 0 ' ,16 ,1 ,2, 2
138 ,104, 122, '70 77 89 75 72 60 67 68 ' ,'0 0 0 0 0 0 0 0 ' ,49 ,0 ,1, 1
123 ,127, 107, '82 75 88 89 70 79 81 78 ' ,'0 0 0 0 0 0 0 0 ' ,24 ,1 ,1, 1
104 ,114, 89, '70 68 69 72 69 61 62 74 ' ,'0 0 0 0 0 0 0 0 ' ,18 ,1 ,2, 2
97 ,95, 80, '64 61 73 67 59 61 56 58 ' ,'0 0 0 0 0 0 0 0 ' ,18 ,1 ,1, 1
87 ,89, 68, '54 53 56 59 53 54 55 52 ' ,'0 0 0 0 0 0 0 0 ' ,9 ,1 ,1, 1
104 ,77, 88, '79 69 74 68 62 68 62 68 ' ,'0 0 0 0 0 0 0 0 ' ,18 ,1 ,2, 2
115 ,95, 96, '77 81 87 82 72 84 72 74 ' ,'0 0 0 0 0 0 0 0 ' ,17 ,1 ,1, 1
100 ,111, 84, '65 66 66 61 61 76 72 67 ' ,'0 0 0 0 0 0 0 0 ' ,16 ,1 ,1, 1
93 ,91, 78, '67 60 63 57 51 57 50 50 ' ,'0 0 0 0 0 0 0 0 ' ,19 ,1 ,2, 2
96 ,83, 78, '66 65 66 67 61 62 57 61 ' ,'0 0 0 0 0 0 0 0 ' ,14 ,1 ,1, 1
100 ,86, 85, '67 75 63 66 57 74 61 69 ' ,'0 0 0 0 0 0 0 0 ' ,17 ,1 ,3, 2
108 ,91, 94, '84 80 78 73 73 74 70 74 ' ,'0 0 0 0 0 0 0 0 ' ,16 ,1 ,2, 2
109 ,100, 89, '72 67 75 70 73 80 69 72 ' ,'0 0 0 0 0 0 0 0 ' ,17 ,1 ,1, 1
112 ,101, 96, '86 75 72 71 67 81 69 68 ' ,'0 0 0 0 0 0 0 0 ' ,19 ,1 ,2, 1
111 ,103, 94, '72 70 85 69 62 68 72 63 ' ,'0 0 0 0 0 0 0 0 ' ,26 ,1 ,1, 1
116 ,101, 94, '71 74 86 74 64 65 69 65 ' ,'0 0 0 0 0 0 0 0 ' ,24 ,1 ,2, 1
104 ,102, 89, '81 62 73 63 64 64 68 57 ' ,'0 0 0 0 0 0 0 0 ' ,21 ,0 ,2, 1
102 ,94, 86, '72 76 66 70 59 71 62 62 ' ,'0 0 0 0 0 0 0 0 ' ,19 ,1 ,2, 2
101 ,93, 84, '62 63 57 75 67 57 49 59 ' ,'0 0 0 0 0 0 0 0 ' ,29 ,1 ,1, 1
102 ,92, 84, '71 62 64 77 59 61 55 60 ' ,'0 0 0 0 0 0 0 0 ' ,22 ,0 ,2, 1
104 ,93, 87, '73 77 72 70 62 67 66 64 ' ,'0 0 0 0 0 0 0 0 ' ,16 ,1 ,2, 2
190 ,93, 152, '143 76 90 80 72 134 66 73 ' ,'0 0 0 0 0 0 0 0 ' ,76 ,1 ,1, 1
104 ,180, 90, '77 81 74 79 72 72 73 75 ' ,'0 0 0 0 0 0 0 0 ' ,8 ,1 ,2, 2
122 ,96, 106, '92 88 86 96 80 89 84 96 ' ,'0 0 0 0 0 0 0 0 ' ,19 ,0 ,1, 1
99 ,114, 82, '64 63 68 66 55 69 58 57 ' ,'0 0 0 0 0 0 0 0 ' ,18 ,6 ,2, 2
92 ,89, 74, '56 59 65 60 60 52 51 53 ' ,'0 0 0 0 0 0 0 0 ' ,18 ,1 ,1, 1
107 ,83, 86, '76 56 59 57 53 81 54 54 ' ,'0 0 0 0 0 0 0 0 ' ,29 ,0 ,2, 2
103 ,95, 83, '73 66 62 67 59 77 62 62 ' ,'0 0 0 0 0 0 0 0 ' ,20 ,0 ,1, 1
109 ,94, 94, '80 76 84 79 68 86 76 73 ' ,'0 0 0 0 0 0 0 0 ' ,19 ,1 ,2, 1
103 ,101, 83, '67 79 76 79 66 69 63 70 ' ,'0 0 0 0 0 0 0 0 ' ,18 ,1 ,2, 2
92 ,95, 76, '56 53 66 69 55 59 54 63 ' ,'0 0 0 0 0 0 0 0 ' ,16 ,1 ,1, 1
110 ,83, 94, '85 72 71 61 56 76 58 56 ' ,'0 0 0 0 0 0 0 0 ' ,30 ,1 ,1, 1
110 ,101, 94, '73 76 82 72 68 63 72 68 ' ,'0 0 0 0 0 0 0 0 ' ,20 ,0 ,2, 1
97 ,100, 80, '59 60 71 63 57 68 58 69 ' ,'0 0 0 0 0 0 0 0 ' ,16 ,1 ,1, 1
91 ,89, 74, '65 58 61 61 53 54 64 56 ' ,'0 0 0 0 0 0 0 0 ' ,13 ,0 ,2, 1
97 ,81, 82, '67 67 73 74 64 63 67 66 ' ,'0 0 0 0 0 0 0 0 ' ,11 ,0 ,1, 1
134 ,89, 119, '108 57 60 66 61 100 50 55 ' ,'0 0 0 0 0 0 0 0 ' ,62 ,0 ,2, 2
102 ,124, 83, '66 73 75 72 61 73 61 65 ' ,'0 0 0 0 0 0 0 0 ' ,17 ,0 ,1, 1
95 ,95, 80, '57 59 61 68 57 50 53 67 ' ,'0 0 0 0 0 0 0 0 ' ,19 ,0 ,1, 1
91 ,86, 72, '55 54 60 59 55 64 48 53 ' ,'0 0 0 0 0 0 0 0 ' ,17 ,1 ,1, 1
98 ,81, 78, '62 56 55 72 54 57 51 50 ' ,'0 0 0 0 0 0 0 0 ' ,20 ,0 ,1, 1
149 ,90, 133, '120 96 81 82 89 124 81 75 ' ,'0 0 0 0 0 0 0 0 ' ,50 ,1 ,1, 1
101 ,140, 86, '69 73 71 79 66 67 70 67 ' ,'0 0 0 0 0 0 0 0 ' ,12 ,1 ,2, 1
98 ,92, 85, '70 63 62 66 55 56 57 60 ' ,'0 0 0 0 0 0 0 0 ' ,14 ,0 ,2, 2
104 ,88, 84, '59 57 58 64 53 49 60 72 ' ,'0 0 0 0 0 0 0 0 ' ,21 ,1 ,2, 1
95 ,90, 77, '58 55 70 61 49 62 50 52 ' ,'0 0 0 0 0 0 0 0 ' ,21 ,0 ,1, 1
123 ,85, 107, '91 67 78 75 64 96 63 68 ' ,'0 0 0 0 0 0 0 0 ' ,37 ,0 ,1, 1
105 ,115, 90, '69 69 82 76 63 64 63 65 ' ,'0 0 0 0 0 0 0 0 ' ,19 ,0 ,1, 1
186 ,99, 144, '131 67 64 63 64 119 72 60 ' ,'0 0 0 0 0 0 0 0 ' ,74 ,1 ,3, 2
115 ,208, 99, '74 75 83 79 76 74 84 71 ' ,'0 0 0 0 0 0 0 0 ' ,17 ,0 ,2, 2
95 ,104, 79, '66 58 65 56 59 58 54 56 ' ,'0 0 0 0 0 0 0 0 ' ,18 ,1 ,2, 1
130 ,86, 112, '101 61 58 59 52 95 49 53 ' ,'0 0 0 0 0 0 0 0 ' ,56 ,1 ,1, 1
117 ,119, 102, '79 87 84 92 75 83 82 84 ' ,'0 0 0 0 0 0 0 0 ' ,18 ,1 ,2, 2
102 ,109, 79, '59 63 56 65 52 52 52 53 ' ,'0 0 0 0 0 0 0 0 ' ,19 ,1 ,1, 1
101 ,96, 85, '75 69 72 77 64 67 62 66 ' ,'0 0 0 0 0 0 0 0 ' ,16 ,0 ,1, 1
107 ,92, 89, '71 74 74 74 66 68 65 72 ' ,'0 0 0 0 0 0 0 0 ' ,16 ,1 ,1, 1
117 ,98, 103, '91 76 69 61 62 85 65 61 ' ,'0 0 0 0 0 0 0 0 ' ,33 ,1 ,2, 1
98 ,108, 78, '66 65 70 64 59 55 60 58 ' ,'0 0 0 0 0 0 0 0 ' ,15 ,0 ,1, 1
91 ,88, 75, '58 61 59 54 48 54 50 58 ' ,'0 0 0 0 0 0 0 0 ' ,17 ,1 ,2, 2
94 ,81, 77, '57 67 60 57 59 52 52 54 ' ,'0 0 0 0 0 0 0 0 ' ,16 ,1 ,2, 2
91 ,82, 75, '60 54 60 60 50 55 50 56 ' ,'0 0 0 0 0 0 0 0 ' ,15 ,1 ,1, 1
127 ,82, 108, '97 61 64 64 58 95 57 59 ' ,'0 0 0 0 0 0 0 0 ' ,43 ,1 ,1, 1
87 ,113, 72, '56 64 55 57 50 52 49 56 ' ,'0 0 0 0 0 0 0 0 ' ,14 ,0 ,1, 1
91 ,78, 78, '65 59 65 61 61 70 57 61 ' ,'0 0 0 0 0 0 0 0 ' ,15 ,1 ,1, 1
105 ,85, 91, '69 68 79 72 63 63 63 65 ' ,'0 0 0 0 0 0 0 0 ' ,19 ,1 ,1, 1
125 ,98, 108, '83 88 85 100 67 71 69 79 ' ,'0 0 0 0 0 0 0 0 ' ,32 ,1 ,1, 1
166 ,115, 150, '138 87 95 102 87 121 79 91 ' ,'0 0 0 0 0 0 0 0 ' ,62 ,1 ,2, 1
92 ,156, 74, '52 65 56 56 49 50 53 53 ' ,'0 0 0 0 0 0 0 0 ' ,18 ,1 ,2, 2
95 ,84, 74, '56 53 58 65 50 52 50 53 ' ,'0 0 0 0 0 0 0 0 ' ,17 ,1 ,1, 1
97 ,79, 81, '67 63 66 71 65 57 56 60 ' ,'0 0 0 0 0 0 0 0 ' ,16 ,1 ,1, 1
102 ,87, 86, '65 67 67 62 55 61 67 76 ' ,'0 0 0 0 0 0 0 0 ' ,23 ,1 ,1, 1
123 ,93, 94, '79 75 72 71 65 83 71 67 ' ,'0 0 0 0 0 0 0 0 ' ,18 ,1 ,2, 2
99 ,115, 83, '59 63 71 54 49 55 52 57 ' ,'0 0 0 0 0 0 0 0 ' ,22 ,1 ,1, 1
94 ,93, 80, '57 64 61 64 53 56 59 62 ' ,'0 0 0 0 0 0 0 0 ' ,17 ,0 ,2, 2
98 ,85, 82, '55 67 60 58 51 60 55 59 ' ,'0 0 0 0 0 0 0 0 ' ,21 ,4 ,2, 1
88 ,88, 73, '57 63 59 54 57 53 54 61 ' ,'0 0 0 0 0 0 0 0 ' ,10 ,0 ,2, 2
106 ,79, 82, '71 57 60 70 51 67 55 56 ' ,'0 0 0 0 0 0 0 0 ' ,24 ,1 ,1, 1
90 ,93, 76, '58 58 55 63 55 66 49 56 ' ,'0 0 0 0 0 0 0 0 ' ,17 ,0 ,2, 1
118 ,82, 104, '81 93 85 80 75 75 76 75 ' ,'0 0 0 0 0 0 0 0 ' ,18 ,1 ,2, 1
113 ,109, 97, '75 76 80 81 80 70 85 72 ' ,'0 0 0 0 0 0 0 0 ' ,18 ,1 ,2, 2
100 ,103, 82, '69 64 66 67 64 59 58 60 ' ,'0 0 0 0 0 0 0 0 ' ,12 ,1 ,2, 2
132 ,88, 115, '95 72 69 73 103 86 65 76 ' ,'0 0 0 0 0 0 0 0 ' ,39 ,1 ,2, 1
100 ,122, 83, '67 62 69 66 62 55 58 62 ' ,'0 0 0 0 0 0 0 0 ' ,17 ,1 ,2, 1
121 ,92, 105, '81 83 92 89 83 83 87 85 ' ,'0 0 0 0 0 0 0 0 ' ,14 ,0 ,2, 2
104 ,160, 82, '58 63 63 72 59 53 49 53 ' ,'0 0 0 0 0 0 0 0 ' ,24 ,1 ,2, 2
103 ,87, 85, '66 69 66 69 75 60 63 61 ' ,'0 0 0 0 0 0 0 0 ' ,17 ,1 ,2, 1
127 ,93, 110, '98 70 56 58 73 86 50 63 ' ,'0 0 0 0 0 0 0 0 ' ,51 ,1 ,1, 1
107 ,119, 93, '77 78 72 70 73 67 63 71 ' ,'0 0 0 0 0 0 0 0 ' ,21 ,1 ,2, 2
93 ,98, 75, '61 65 62 60 52 58 52 59 ' ,'0 0 0 0 0 0 0 0 ' ,14 ,0 ,1, 1
100 ,83, 82, '70 54 61 63 48 53 50 54 ' ,'0 0 0 0 0 0 0 0 ' ,22 ,1 ,1, 1
94 ,90, 78, '55 68 63 61 54 54 48 53 ' ,'0 0 0 0 0 0 0 0 ' ,22 ,1 ,1, 1
128 ,86, 110, '70 65 64 72 97 67 55 59 ' ,'0 0 0 0 0 0 0 0 ' ,47 ,1 ,2, 1
106 ,118, 83, '58 58 59 71 53 54 50 54 ' ,'0 0 0 0 0 0 0 0 ' ,26 ,1 ,1, 1
95 ,91, 75, '59 67 57 58 52 53 49 52 ' ,'0 0 0 0 0 0 0 0 ' ,16 ,0 ,2, 2
93 ,84, 77, '63 56 56 57 50 49 52 56 ' ,'0 0 0 0 0 0 0 0 ' ,17 ,1 ,2, 2
104 ,82, 88, '63 76 68 78 65 65 56 60 ' ,'0 0 0 0 0 0 0 0 ' ,22 ,1 ,2, 1
115 ,95, 95, '82 55 59 59 78 80 59 51 ' ,'0 0 0 0 0 0 0 0 ' ,32 ,1 ,2, 2
105 ,100, 89, '63 63 76 77 61 71 56 68 ' ,'0 0 0 0 0 0 0 0 ' ,24 ,1 ,2, 2
103 ,96, 87, '63 64 74 58 59 63 60 61 ' ,'0 0 0 0 0 0 0 0 ' ,22 ,1 ,1, 1
192 ,95, 174, '162 157 159 153 148 133 138 140 ' ,'0 0 0 0 0 0 0 0 ' ,30 ,0 ,2, 2
223 ,180, 200, '187 151 151 148 147 141 140 145 ' ,'0 0 0 0 0 0 0 0 ' ,54 ,1 ,2, 2
226 ,213, 200, '187 143 148 160 155 168 136 156 ' ,'0 0 0 0 0 0 0 0 ' ,51 ,1 ,2, 2
255 ,207, 240, '179 199 224 211 195 213 193 196 ' ,'0 0 0 0 0 0 0 0 ' ,50 ,1 ,1, 1
385 ,247, 368, '317 313 296 224 239 352 239 309 ' ,'0 0 0 0 0 0 0 0 ' ,134 ,2 ,3, 3
244 ,375, 225, '189 212 190 170 164 187 172 149 ' ,'0 0 0 0 0 0 0 0 ' ,63 ,2 ,2, 2
228 ,236, 212, '196 157 167 180 158 159 196 151 ' ,'0 0 0 0 0 0 0 0 ' ,49 ,2 ,3, 3
222 ,220, 207, '180 194 187 142 169 158 142 169 ' ,'0 0 0 0 0 0 0 0 ' ,54 ,2 ,2, 2
215 ,214, 199, '162 150 185 185 146 184 154 174 ' ,'0 0 0 0 0 0 0 0 ' ,43 ,1 ,1, 1
213 ,206, 197, '158 184 155 154 147 140 173 164 ' ,'0 0 0 0 0 0 0 0 ' ,46 ,1 ,2, 1
254 ,202, 239, '215 149 179 178 150 148 227 162 ' ,'0 0 0 0 0 0 0 0 ' ,78 ,1 ,2, 1
230 ,244, 216, '143 162 174 205 176 155 151 160 ' ,'0 0 0 0 0 0 0 0 ' ,61 ,1 ,3, 2
213 ,220, 198, '177 176 185 185 171 144 159 171 ' ,'0 0 0 0 0 0 0 0 ' ,43 ,1 ,2, 2
261 ,203, 237, '183 161 180 212 158 224 171 199 ' ,'0 0 0 0 0 0 0 0 ' ,68 ,2 ,2, 2
309 ,249, 208, '171 194 139 151 148 141 165 140 ' ,'0 0 0 0 0 0 0 0 ' ,114 ,1 ,3, 2
230 ,297, 216, '166 173 199 188 160 184 159 192 ' ,'0 0 0 0 0 0 0 0 ' ,43 ,1 ,2, 2
265 ,219, 249, '213 213 199 182 175 233 154 189 ' ,'0 0 0 0 0 0 0 0 ' ,81 ,1 ,3, 2
301 ,255, 280, '225 200 204 218 179 197 267 205 ' ,'0 0 0 0 0 0 0 0 ' ,87 ,2 ,2, 2
268 ,286, 255, '237 190 207 202 169 237 166 188 ' ,'0 0 0 0 0 0 0 0 ' ,77 ,1 ,3, 2
335 ,260, 317, '195 190 226 200 169 166 177 185 ' ,'0 0 0 0 0 0 0 0 ' ,139 ,0 ,3, 2
270 ,326, 254, '237 183 196 179 176 182 164 189 ' ,'0 0 0 0 0 0 0 0 ' ,77 ,1 ,2, 2
809 ,260, 789, '771 584 625 510 543 657 625 582 ' ,'353812 227 260 174 222493 330508 250 255 ' ,268 ,1 ,2, 2
326 ,796, 311, '218 239 229 206 225 173 296 189 ' ,'0 0 0 0 0 0 0 0 ' ,125 ,1 ,3, 3
273 ,318, 257, '222 238 243 219 169 236 172 211 ' ,'0 0 0 0 0 0 0 0 ' ,75 ,1 ,2, 2
256 ,263, 240, '164 188 224 183 153 181 162 191 ' ,'0 0 0 0 0 0 0 0 ' ,74 ,1 ,2, 2
270 ,248, 254, '196 196 240 191 180 151 234 193 ' ,'0 0 0 0 0 0 0 0 ' ,94 ,1 ,2, 2
234 ,261, 212, '164 199 177 163 154 175 190 167 ' ,'0 0 0 0 0 0 0 0 ' ,47 ,1 ,2, 2
246 ,221, 231, '187 218 207 205 199 168 172 176 ' ,'0 0 0 0 0 0 0 0 ' ,52 ,1 ,3, 3
332 ,236, 313, '291 204 199 254 207 258 300 229 ' ,'0 0 0 0 0 0 0 0 ' ,99 ,1 ,2, 2
251 ,320, 234, '193 186 222 196 169 166 142 197 ' ,'0 0 0 0 0 0 0 0 ' ,85 ,2 ,2, 2
255 ,242, 240, '171 191 225 197 162 217 179 194 ' ,'0 0 0 0 0 0 0 0 ' ,64 ,2 ,2, 2
258 ,246, 242, '196 228 183 168 150 185 205 193 ' ,'0 0 0 0 0 0 0 0 ' ,79 ,1 ,2, 2
286 ,247, 268, '252 201 202 219 185 209 224 220 ' ,'0 0 0 0 0 0 0 0 ' ,70 ,2 ,1, 1
275 ,294, 258, '211 175 244 241 219 195 236 184 ' ,'0 0 0 0 0 0 0 0 ' ,72 ,1 ,3, 3
237 ,266, 223, '199 205 205 209 174 181 182 185 ' ,'0 0 0 0 0 0 0 0 ' ,35 ,1 ,2, 2
251 ,230, 233, '190 218 219 202 180 189 203 199 ' ,'0 0 0 0 0 0 0 0 ' ,41 ,1 ,3, 2
283 ,242, 266, '252 206 193 222 159 207 197 169 ' ,'0 0 0 0 0 0 0 0 ' ,97 ,1 ,2, 2
337 ,274, 320, '303 198 254 287 192 214 245 220 ' ,'0 0 0 0 0 0 0 0 ' ,116 ,1 ,3, 2
290 ,325, 274, '256 258 238 195 256 208 219 203 ' ,'0 0 0 0 0 0 0 0 ' ,69 ,1 ,2, 2
259 ,284, 245, '202 230 197 215 178 165 154 147 ' ,'0 0 0 0 0 0 0 0 ' ,85 ,1 ,3, 2
264 ,250, 249, '227 212 182 212 181 171 182 226 ' ,'0 0 0 0 0 0 0 0 ' ,66 ,1 ,2, 2
253 ,254, 238, '223 216 194 201 215 195 192 165 ' ,'0 0 0 0 0 0 0 0 ' ,62 ,1 ,2, 2
321 ,245, 305, '218 178 188 295 179 183 229 164 ' ,'0 0 0 0 0 0 0 0 ' ,129 ,1 ,1, 1
266 ,336, 249, '209 165 197 240 162 180 177 180 ' ,'0 0 0 0 0 0 0 0 ' ,76 ,1 ,1, 1
337 ,257, 321, '226 272 304 214 167 194 241 255 ' ,'0 0 0 0 0 0 0 0 ' ,141 ,1 ,3, 3
262 ,327, 247, '212 220 204 238 158 201 232 176 ' ,'0 0 0 0 0 0 0 0 ' ,77 ,1 ,3, 2
267 ,253, 249, '211 235 194 223 166 190 177 177 ' ,'0 0 0 0 0 0 0 0 ' ,70 ,1 ,2, 2
332 ,256, 317, '250 212 301 181 175 201 234 186 ' ,'0 0 0 0 0 0 0 0 ' ,130 ,1 ,2, 2
275 ,323, 262, '245 231 218 236 208 174 177 205 ' ,'0 0 0 0 0 0 0 0 ' ,74 ,1 ,3, 3
335 ,267, 267, '209 253 213 174 179 223 225 214 ' ,'0 0 0 0 0 0 0 0 ' ,85 ,2 ,1, 1
200 ,327, 183, '137 143 167 154 125 131 139 132 ' ,'0 0 0 0 0 0 0 0 ' ,44 ,1 ,2, 2
131 ,189, 116, '90 93 97 84 86 103 88 83 ' ,'0 0 0 0 0 0 0 0 ' ,21 ,2 ,2, 2
141 ,122, 118, '94 90 94 92 83 83 98 104 ' ,'0 0 0 0 0 0 0 0 ' ,23 ,1 ,2, 2
136 ,123, 119, '93 92 96 93 84 105 93 94 ' ,'0 0 0 0 0 0 0 0 ' ,17 ,1 ,2, 2
145 ,126, 129, '93 104 92 87 114 95 76 91 ' ,'0 0 0 0 0 0 0 0 ' ,41 ,2 ,2, 2
128 ,134, 112, '99 96 89 90 76 85 85 86 ' ,'0 0 0 0 0 0 0 0 ' ,23 ,0 ,2, 2
134 ,118, 117, '102 86 95 97 77 79 75 90 ' ,'0 0 0 0 0 0 0 0 ' ,33 ,1 ,1, 1
136 ,126, 121, '97 80 104 92 71 76 76 92 ' ,'0 0 0 0 0 0 0 0 ' ,35 ,2 ,3, 2
122 ,125, 106, '86 88 92 89 72 89 87 84 ' ,'0 0 0 0 0 0 0 0 ' ,22 ,1 ,2, 2
136 ,113, 116, '101 88 86 94 79 79 81 77 ' ,'0 0 0 0 0 0 0 0 ' ,25 ,1 ,2, 1
129 ,127, 112, '85 83 97 87 83 83 78 83 ' ,'0 0 0 0 0 0 0 0 ' ,22 ,0 ,2, 2
131 ,118, 115, '99 93 85 91 76 80 84 97 ' ,'0 0 0 0 0 0 0 0 ' ,26 ,1 ,1, 1
131 ,122, 113, '95 94 92 87 82 88 95 85 ' ,'0 0 0 0 0 0 0 0 ' ,18 ,1 ,1, 1
135 ,120, 120, '85 105 89 86 77 90 75 79 ' ,'0 0 0 0 0 0 0 0 ' ,33 ,1 ,1, 1
149 ,126, 132, '107 104 117 107 100 118 113 98 ' ,'0 0 0 0 0 0 0 0 ' ,22 ,1 ,1, 1
126 ,139, 111, '91 93 93 92 81 86 97 87 ' ,'0 0 0 0 0 0 0 0 ' ,18 ,1 ,2, 1
131 ,118, 115, '91 89 89 104 75 75 78 82 ' ,'0 0 0 0 0 0 0 0 ' ,28 ,1 ,2, 2
146 ,120, 130, '117 108 109 111 104 104 99 114 ' ,'0 0 0 0 0 0 0 0 ' ,20 ,1 ,1, 1
127 ,137, 108, '79 91 83 84 69 74 85 73 ' ,'0 0 0 0 0 0 0 0 ' ,25 ,2 ,3, 3
117 ,119, 101, '82 77 84 83 75 74 71 74 ' ,'0 0 0 0 0 0 0 0 ' ,20 ,1 ,2, 2
124 ,108, 110, '85 95 89 89 88 69 77 87 ' ,'0 0 0 0 0 0 0 0 ' ,28 ,1 ,2, 1
123 ,116, 109, '83 83 93 84 81 88 73 76 ' ,'0 0 0 0 0 0 0 0 ' ,24 ,2 ,2, 2
122 ,115, 107, '86 92 87 81 76 93 78 80 ' ,'0 0 0 0 0 0 0 0 ' ,16 ,1 ,2, 2
126 ,113, 111, '85 90 84 82 81 86 70 79 ' ,'0 0 0 0 0 0 0 0 ' ,29 ,1 ,2, 2
129 ,117, 113, '98 82 98 78 73 77 77 76 ' ,'0 0 0 0 0 0 0 0 ' ,28 ,1 ,1, 1
137 ,121, 122, '89 92 102 101 81 74 70 86 ' ,'0 0 0 0 0 0 0 0 ' ,36 ,1 ,2, 1
125 ,128, 110, '80 83 89 90 81 81 80 88 ' ,'0 0 0 0 0 0 0 0 ' ,17 ,1 ,2, 2
126 ,115, 110, '84 82 91 89 76 83 80 73 ' ,'0 0 0 0 0 0 0 0 ' ,25 ,2 ,2, 2
155 ,117, 138, '116 114 106 111 97 106 106 105 ' ,'0 0 0 0 0 0 0 0 ' ,26 ,0 ,3, 2
129 ,146, 114, '98 90 87 89 78 81 82 83 ' ,'0 0 0 0 0 0 0 0 ' ,21 ,1 ,2, 2
152 ,121, 136, '115 109 104 112 104 99 107 108 ' ,'0 0 0 0 0 0 0 0 ' ,23 ,1 ,2, 2
138 ,142, 122, '87 95 104 80 74 74 80 83 ' ,'0 0 0 0 0 0 0 0 ' ,35 ,2 ,2, 2
125 ,128, 109, '87 86 84 84 82 84 72 85 ' ,'0 0 0 0 0 0 0 0 ' ,25 ,1 ,2, 2
131 ,114, 113, '81 96 80 78 71 76 78 77 ' ,'0 0 0 0 0 0 0 0 ' ,24 ,2 ,2, 2
186 ,117, 112, '82 79 97 89 84 81 74 78 ' ,'0 0 0 0 0 0 0 0 ' ,85 ,1 ,1, 1
121 ,177, 106, '88 80 85 85 79 78 91 74 ' ,'0 0 0 0 0 0 0 0 ' ,19 ,1 ,1, 1
119 ,111, 105, '84 91 79 79 79 84 83 77 ' ,'0 0 0 0 0 0 0 0 ' ,15 ,1 ,2, 2
118 ,110, 105, '85 84 77 79 76 80 92 75 ' ,'0 0 0 0 0 0 0 0 ' ,15 ,1 ,1, 1
140 ,111, 122, '98 86 84 79 75 106 72 78 ' ,'0 0 0 0 0 0 0 0 ' ,39 ,1 ,2, 2
124 ,128, 110, '81 90 88 71 90 80 72 77 ' ,'0 0 0 0 0 0 0 0 ' ,28 ,2 ,1, 1
124 ,116, 108, '79 77 83 86 71 79 84 76 ' ,'0 0 0 0 0 0 0 0 ' ,21 ,1 ,2, 2
122 ,115, 105, '88 82 80 75 74 75 75 81 ' ,'0 0 0 0 0 0 0 0 ' ,17 ,1 ,3, 2
130 ,111, 110, '77 97 87 97 72 87 76 82 ' ,'0 0 0 0 0 0 0 0 ' ,28 ,1 ,2, 2
165 ,118, 144, '122 90 86 82 75 128 83 88 ' ,'0 0 0 0 0 0 0 0 ' ,54 ,1 ,2, 2
122 ,151, 108, '90 90 86 77 71 76 80 82 ' ,'0 0 0 0 0 0 0 0 ' ,23 ,1 ,2, 2
122 ,113, 104, '83 79 82 83 72 69 81 72 ' ,'0 0 0 0 0 0 0 0 ' ,22 ,1 ,2, 1
122 ,114, 108, '93 87 86 79 69 81 73 77 ' ,'0 0 0 0 0 0 0 0 ' ,21 ,1 ,3, 2
134 ,111, 111, '94 82 78 83 72 83 78 72 ' ,'0 0 0 0 0 0 0 0 ' ,24 ,1 ,2, 2
247 ,118, 233, '207 219 190 200 197 214 203 171 ' ,'0 0 0 0 0 0 0 0 ' ,51 ,1 ,2, 2
316 ,240, 300, '273 242 224 288 217 272 224 232 ' ,'0 0 0 0 0 0 0 0 ' ,69 ,1 ,2, 2
719 ,307, 703, '226 687 262 594 208 203 299 227 ' ,'0 391 0 291 0 0 0 0 ' ,488 ,2 ,2, 2
379 ,709, 364, '346 344 280 251 220 227 233 236 ' ,'0 0 0 0 0 0 0 0 ' ,129 ,1 ,2, 2
361 ,370, 346, '213 207 276 257 237 329 263 210 ' ,'0 0 0 0 0 0 0 0 ' ,125 ,1 ,3, 2
992 ,351, 976, '279 209 206 268 222 242 250 209 ' ,'0 0 0 0 0 0 0 0 ' ,756 ,2 ,2, 2
335 ,984, 315, '294 249 268 276 203 221 238 208 ' ,'0 0 0 0 0 0 0 0 ' ,97 ,2 ,2, 2
314 ,327, 299, '203 274 224 286 227 237 281 268 ' ,'0 0 0 0 0 0 0 0 ' ,83 ,1 ,1, 1
375 ,306, 356, '339 280 247 304 206 314 232 250 ' ,'0 0 0 0 0 0 0 0 ' ,136 ,2 ,2, 2
808 ,361, 794, '228 224 218 217 201 184 200 263 ' ,'0 0 0 0 0 0 0 0 ' ,595 ,2 ,3, 3
327 ,823, 310, '267 213 294 245 243 262 166 207 ' ,'0 0 0 0 0 0 0 0 ' ,133 ,2 ,2, 2
351 ,320, 339, '277 199 219 328 216 273 191 223 ' ,'5327388 0 0 0 0 0 0 0 ' ,134 ,1 ,2, 2
282 ,344, 267, '225 208 250 228 165 205 206 205 ' ,'0 0 0 0 0 0 0 0 ' ,88 ,1 ,2, 2
333 ,272, 317, '255 204 299 225 232 237 226 200 ' ,'0 0 0 0 0 0 0 0 ' ,104 ,1 ,2, 2
284 ,325, 270, '252 197 239 216 204 199 217 204 ' ,'0 0 0 0 0 0 0 0 ' ,59 ,2 ,2, 2
275 ,276, 260, '230 178 241 204 193 212 206 181 ' ,'0 0 5536 0 0 0 0 0 ' ,69 ,2 ,2, 2
293 ,265, 275, '240 187 255 238 166 171 172 217 ' ,'0 0 0 0 0 0 0 0 ' ,95 ,1 ,1, 1
257 ,284, 239, '192 223 193 182 140 147 196 188 ' ,'0 0 0 0 0 0 0 0 ' ,86 ,2 ,2, 2
214 ,246, 199, '158 180 175 178 145 186 151 153 ' ,'0 0 0 0 0 0 0 0 ' ,39 ,1 ,1, 1
216 ,205, 202, '184 179 180 174 162 157 145 147 ' ,'0 0 0 0 0 0 0 0 ' ,43 ,2 ,2, 2
246 ,206, 232, '212 174 200 165 150 193 168 173 ' ,'0 0 0 0 0 0 0 0 ' ,67 ,1 ,2, 2
240 ,238, 189, '155 164 172 178 151 176 148 160 ' ,'0 0 0 0 0 0 0 0 ' ,51 ,1 ,1, 1
199 ,233, 184, '142 157 152 170 108 127 125 140 ' ,'0 0 0 0 0 0 0 0 ' ,60 ,1 ,2, 2
238 ,189, 224, '205 180 166 154 143 171 198 164 ' ,'0 0 0 0 0 0 0 0 ' ,64 ,2 ,2, 2
227 ,229, 211, '133 143 150 170 135 161 194 165 ' ,'0 0 0 0 0 0 0 0 ' ,63 ,1 ,2, 2
200 ,219, 185, '158 141 138 169 101 168 136 126 ' ,'0 0 0 0 0 0 0 0 ' ,69 ,2 ,1, 1
227 ,192, 193, '163 175 158 146 119 137 129 141 ' ,'0 0 0 0 0 0 0 0 ' ,56 ,1 ,2, 1
223 ,198, 205, '147 144 187 164 146 158 180 153 ' ,'0 0 0 0 0 0 0 0 ' ,48 ,2 ,2, 2
216 ,215, 200, '153 182 151 118 125 123 121 131 ' ,'0 0 0 0 0 0 0 0 ' ,70 ,1 ,2, 2
195 ,206, 180, '136 164 157 148 122 141 113 142 ' ,'0 0 0 0 0 0 0 0 ' ,54 ,1 ,2, 2
259 ,185, 245, '227 136 178 146 128 191 145 144 ' ,'0 0 0 0 0 0 0 0 ' ,101 ,2 ,2, 2
214 ,251, 199, '170 178 158 167 156 176 143 139 ' ,'0 0 0 0 0 0 0 0 ' ,46 ,1 ,2, 1
181 ,205, 166, '125 149 122 142 136 133 121 119 ' ,'0 0 0 0 0 0 0 0 ' ,34 ,2 ,2, 2
195 ,173, 181, '145 146 134 167 155 122 139 128 ' ,'0 0 0 0 0 0 0 0 ' ,46 ,2 ,1, 1
191 ,188, 176, '140 160 133 120 126 135 154 132 ' ,'0 0 0 0 0 0 0 0 ' ,43 ,2 ,2, 2
225 ,183, 210, '191 121 132 125 123 156 124 141 ' ,'0 0 0 0 0 0 0 0 ' ,74 ,2 ,2, 2
208 ,216, 192, '142 154 166 149 137 175 152 154 ' ,'0 0 0 0 0 0 0 0 ' ,40 ,1 ,2, 2
189 ,199, 173, '147 153 148 152 131 150 124 136 ' ,'0 0 0 0 0 0 0 0 ' ,36 ,1 ,2, 2
211 ,179, 189, '158 171 160 165 164 154 130 145 ' ,'0 0 0 0 0 0 0 0 ' ,45 ,1 ,2, 2
213 ,198, 197, '176 155 181 139 146 141 176 142 ' ,'0 0 0 0 0 0 0 0 ' ,45 ,1 ,1, 1
228 ,204, 211, '157 195 147 147 162 149 127 156 ' ,'0 0 0 0 0 0 0 0 ' ,71 ,2 ,2, 2
233 ,219, 218, '198 195 187 177 149 142 161 136 ' ,'0 0 0 0 0 0 0 0 ' ,70 ,2 ,2, 2
213 ,224, 198, '162 167 134 153 113 177 178 131 ' ,'0 0 0 0 0 0 0 0 ' ,69 ,2 ,2, 2
871 ,204, 857, '164 173 173 149 159 647 137 159 ' ,'0 0 0 0 429167 407113 0 0 ' ,696 ,2 ,1, 1
228 ,864, 216, '178 158 198 174 135 151 162 155 ' ,'0 0 0 0 0 0 0 0 ' ,68 ,2 ,2, 2
264 ,220, 230, '213 205 181 168 158 173 164 167 ' ,'0 0 0 0 0 0 0 0 ' ,60 ,1 ,1, 1
208 ,235, 194, '142 161 173 175 151 140 168 150 ' ,'0 0 0 0 0 0 0 0 ' ,41 ,2 ,2, 2
198 ,198, 184, '147 147 148 172 149 137 126 134 ' ,'0 0 0 0 0 0 0 0 ' ,47 ,2 ,1, 1
235 ,190, 222, '188 203 171 156 146 148 167 166 ' ,'0 0 0 0 0 0 0 0 ' ,62 ,2 ,2, 2
234 ,227, 220, '171 195 196 203 135 170 178 183 ' ,'0 0 0 0 0 0 0 0 ' ,68 ,2 ,2, 2
236 ,227, 221, '201 160 169 150 163 166 125 144 ' ,'0 0 0 0 0 0 0 0 ' ,82 ,2 ,2, 2
227 ,227, 203, '182 157 157 161 140 154 132 136 ' ,'0 0 0 0 0 0 0 0 ' ,59 ,1 ,2, 2
253 ,211, 238, '154 155 145 222 144 169 162 142 ' ,'0 0 0 0 0 0 0 0 ' ,62 ,2 ,1, 1
256 ,244, 241, '171 192 173 151 157 220 161 156 ' ,'0 0 0 0 0 0 0 0 ' ,78 ,2 ,2, 2
277 ,247, 256, '176 181 235 132 157 156 147 135 ' ,'0 0 0 0 0 0 0 0 ' ,113 ,2 ,2, 2
221 ,263, 206, '166 160 187 162 120 128 131 165 ' ,'0 0 0 0 0 0 0 0 ' ,68 ,2 ,2, 2
212 ,213, 196, '177 157 149 157 150 150 157 146 ' ,'0 0 0 0 0 0 0 0 ' ,34 ,2 ,2, 2
222 ,205, 205, '173 190 142 158 142 157 153 157 ' ,'0 0 0 0 0 0 0 0 ' ,50 ,2 ,2, 2
243 ,214, 228, '161 161 208 147 168 125 143 177 ' ,'0 0 0 0 0 0 0 0 ' ,89 ,2 ,2, 2
211 ,233, 195, '146 176 172 145 155 161 138 154 ' ,'0 0 0 0 0 0 0 0 ' ,42 ,2 ,2, 2
209 ,201, 194, '162 151 167 147 158 143 175 172 ' ,'0 0 0 0 0 0 0 0 ' ,34 ,2 ,2, 2
249 ,202, 233, '213 202 199 200 140 169 138 161 ' ,'0 0 0 0 0 0 0 0 ' ,81 ,2 ,2, 2
239 ,239, 220, '176 147 201 158 131 164 119 170 ' ,'0 0 0 0 0 0 0 0 ' ,90 ,3 ,1, 1
231 ,228, 217, '180 169 176 203 151 158 170 181 ' ,'0 0 0 0 0 0 0 0 ' ,52 ,2 ,2, 2
207 ,222, 189, '170 155 166 163 128 125 125 134 ' ,'0 0 0 0 0 0 0 0 ' ,51 ,2 ,1, 1
266 ,197, 228, '206 176 152 172 179 159 168 154 ' ,'0 0 0 0 0 0 0 0 ' ,58 ,3 ,2, 2
307 ,257, 288, '186 198 266 174 152 172 141 156 ' ,'0 0 0 0 0 0 0 0 ' ,135 ,2 ,2, 1
225 ,293, 208, '165 170 185 159 142 166 140 137 ' ,'0 0 0 0 0 0 0 0 ' ,55 ,2 ,2, 1
231 ,217, 216, '155 172 172 148 156 178 197 190 ' ,'0 0 0 0 0 0 0 0 ' ,53 ,2 ,1, 1
255 ,224, 234, '154 206 208 209 153 179 157 181 ' ,'0 0 0 0 0 0 0 0 ' ,62 ,1 ,2, 2
278 ,238, 262, '155 179 159 183 163 173 138 177 ' ,'0 0 0 0 0 0 0 0 ' ,54 ,1 ,59, 2
228 ,271, 211, '190 156 133 165 144 165 145 147 ' ,'0 0 0 0 0 0 0 0 ' ,61 ,1 ,2, 2
241 ,215, 222, '201 178 159 162 141 118 170 174 ' ,'0 0 0 0 0 0 0 0 ' ,88 ,1 ,2, 2
209 ,230, 193, '172 149 137 171 154 144 135 133 ' ,'0 0 0 0 0 0 0 0 ' ,44 ,2 ,1, 1
252 ,198, 237, '218 201 212 204 192 175 183 181 ' ,'0 0 0 0 0 0 0 0 ' ,47 ,2 ,2, 2
233 ,242, 217, '165 190 195 177 164 172 162 140 ' ,'0 0 0 0 0 0 0 0 ' ,61 ,2 ,1, 1
242 ,261, 227, '163 178 205 178 142 152 120 184 ' ,'0 0 0 0 0 0 0 0 ' ,93 ,2 ,2, 2
255 ,235, 234, '186 200 172 219 149 205 184 200 ' ,'0 0 0 0 0 0 0 0 ' ,70 ,2 ,2, 2
271 ,245, 255, '189 161 235 176 171 177 148 226 ' ,'0 0 0 0 0 0 0 0 ' ,95 ,2 ,2, 2
239 ,261, 206, '166 177 186 145 167 158 149 142 ' ,'0 0 0 0 0 0 0 0 ' ,48 ,2 ,1, 1
225 ,212, 211, '183 177 184 180 152 193 161 174 ' ,'0 0 0 0 0 0 0 0 ' ,45 ,2 ,1, 1
213 ,262, 193, '145 176 169 183 129 156 163 173 ' ,'0 0 0 0 0 0 0 0 ' ,56 ,1 ,1, 1
224 ,205, 210, '181 194 184 183 155 170 168 179 ' ,'0 0 0 0 0 0 0 0 ' ,39 ,2 ,1, 1
263 ,217, 248, '227 204 224 184 179 163 149 188 ' ,'0 0 0 0 0 0 0 0 ' ,85 ,1 ,1, 1
246 ,254, 232, '201 214 199 217 174 207 192 197 ' ,'0 0 0 0 0 0 0 0 ' ,43 ,2 ,1, 1
296 ,238, 280, '200 187 223 181 154 181 262 188 ' ,'0 0 0 0 0 0 0 0 ' ,111 ,2 ,1, 1
246 ,323, 229, '202 153 188 158 156 162 175 210 ' ,'0 0 0 0 0 0 0 0 ' ,59 ,2 ,2, 2
233 ,236, 219, '169 190 182 175 168 197 199 147 ' ,'0 0 0 0 0 0 0 0 ' ,57 ,2 ,2, 2
275 ,223, 260, '234 237 230 242 165 215 184 166 ' ,'0 0 0 0 0 0 0 0 ' ,77 ,1 ,2, 2
331 ,266, 316, '163 200 209 212 184 176 295 192 ' ,'0 0 0 0 0 0 0 0 ' ,134 ,3 ,2, 2
262 ,321, 246, '205 216 227 202 186 201 216 208 ' ,'0 0 0 0 0 0 0 0 ' ,42 ,1 ,1, 1
278 ,253, 262, '211 200 231 236 187 201 244 192 ' ,'0 0 0 0 0 0 0 0 ' ,59 ,2 ,1, 1
267 ,269, 251, '163 228 202 189 167 189 209 226 ' ,'0 0 0 0 0 0 0 0 ' ,71 ,2 ,2, 2
257 ,256, 243, '178 213 212 189 160 165 198 157 ' ,'0 0 0 0 0 0 0 0 ' ,68 ,2 ,1, 1
349 ,249, 333, '309 197 231 236 173 171 176 183 ' ,'0 0 0 0 0 0 0 0 ' ,143 ,2 ,2, 2
292 ,339, 277, '205 258 220 212 184 181 184 231 ' ,'0 0 0 0 0 0 0 0 ' ,81 ,2 ,2, 2
341 ,282, 327, '302 247 211 244 219 188 210 228 ' ,'0 0 0 0 0 0 0 0 ' ,124 ,2 ,2, 2
305 ,333, 291, '241 263 267 238 178 169 207 220 ' ,'0 0 0 0 0 0 0 0 ' ,106 ,2 ,2, 2
332 ,297, 318, '202 237 295 203 179 204 180 243 ' ,'0 0 0 0 0 0 0 0 ' ,124 ,2 ,3, 2
313 ,324, 296, '217 189 271 196 231 203 187 140 ' ,'0 0 0 0 0 0 0 0 ' ,140 ,3 ,2, 2
261 ,304, 245, '221 216 195 198 181 188 184 168 ' ,'0 0 0 0 0 0 0 0 ' ,58 ,2 ,2, 2
280 ,251, 266, '242 201 197 196 183 213 190 193 ' ,'0 0 0 0 0 0 0 0 ' ,61 ,2 ,1, 1
300 ,272, 280, '217 241 256 193 236 177 192 173 ' ,'0 0 0 0 0 0 0 0 ' ,87 ,2 ,2, 2
296 ,287, 278, '202 198 252 238 189 217 183 178 ' ,'0 0 0 0 0 0 0 0 ' ,84 ,2 ,2, 2
334 ,284, 318, '199 215 293 161 162 217 195 199 ' ,'0 0 0 0 0 0 0 0 ' ,139 ,3 ,1, 1
323 ,324, 307, '229 216 226 288 168 203 178 184 ' ,'0 0 0 0 0 0 0 0 ' ,122 ,2 ,2, 2
264 ,312, 246, '219 187 224 197 178 202 191 166 ' ,'0 0 0 0 0 0 0 0 ' ,63 ,2 ,2, 2
312 ,252, 297, '244 181 274 187 162 267 193 208 ' ,'0 0 0 0 0 0 0 0 ' ,120 ,2 ,1, 1
293 ,304, 279, '237 213 254 222 174 230 194 173 ' ,'0 0 0 0 0 0 0 0 ' ,88 ,2 ,2, 2
279 ,284, 264, '195 158 240 228 163 219 163 187 ' ,'0 0 0 0 0 0 0 0 ' ,91 ,2 ,2, 2
283 ,269, 270, '244 194 210 240 218 201 176 199 ' ,'0 0 0 0 0 0 0 0 ' ,77 ,2 ,2, 2
245 ,274, 228, '205 207 203 184 198 155 180 162 ' ,'0 0 0 0 0 0 0 0 ' ,58 ,2 ,2, 1
