581 ,0, 484, '404 444 380 330 247 371 397 337 ' ,'185878 222 151 131 108936 165650 174 163 ' ,181 ,2 ,11, 10
161 ,511, 139, '116 118 127 116 108 108 112 110 ' ,'0 0 0 0 0 0 0 0 ' ,22 ,2 ,3, 2
758 ,199, 728, '44 49 58 45 40 37 41 45 ' ,'0 0 0 0 0 0 0 0 ' ,25 ,1 ,42, 4
1019 ,735, 997, '49 55 46 979 45 42 453 41 ' ,'0 0 0 0 0 0 0 0 ' ,939 ,2 ,4, 4
90 ,1005, 73, '56 58 58 52 43 43 52 44 ' ,'0 0 0 0 0 0 0 0 ' ,13 ,1 ,3, 3
93 ,79, 75, '51 51 61 55 43 42 48 42 ' ,'0 0 0 0 0 0 0 0 ' ,21 ,1 ,4, 3
85 ,82, 68, '50 56 47 49 43 40 41 41 ' ,'0 0 0 0 0 0 0 0 ' ,20 ,2 ,2, 2
96 ,80, 69, '48 52 47 54 42 50 42 40 ' ,'0 0 0 0 0 0 0 0 ' ,16 ,1 ,1, 1
76 ,85, 60, '49 43 48 43 45 42 35 36 ' ,'0 0 0 0 0 0 0 0 ' ,14 ,2 ,1, 1
77 ,67, 61, '42 42 38 51 39 39 41 33 ' ,'0 0 0 0 0 0 0 0 ' ,20 ,1 ,1, 1
77 ,68, 62, '48 53 49 49 44 51 43 41 ' ,'0 0 0 0 0 0 0 0 ' ,11 ,1 ,1, 1
79 ,67, 62, '46 45 45 50 44 41 42 49 ' ,'0 0 0 0 0 0 0 0 ' ,14 ,2 ,1, 1
92 ,70, 71, '57 47 58 57 41 45 41 48 ' ,'0 0 0 0 0 0 0 0 ' ,21 ,1 ,1, 1
87 ,80, 69, '50 57 51 54 44 45 43 43 ' ,'0 0 0 0 0 0 0 0 ' ,16 ,2 ,1, 1
77 ,74, 60, '39 43 48 34 39 30 36 36 ' ,'0 0 0 0 0 0 0 0 ' ,15 ,2 ,1, 1
79 ,66, 61, '47 43 48 45 41 37 41 38 ' ,'0 0 0 0 0 0 0 0 ' ,14 ,1 ,1, 0
89 ,68, 74, '53 63 54 54 50 46 47 48 ' ,'0 0 0 0 0 0 0 0 ' ,16 ,0 ,2, 1
87 ,79, 68, '54 53 52 59 41 45 42 49 ' ,'0 0 0 0 0 0 0 0 ' ,20 ,1 ,1, 1
73 ,78, 49, '34 39 38 35 34 30 35 34 ' ,'0 0 0 0 0 0 0 0 ' ,10 ,0 ,2, 1
87 ,55, 71, '55 57 56 54 49 56 60 57 ' ,'0 0 0 0 0 0 0 0 ' ,11 ,0 ,2, 1
84 ,77, 59, '41 42 52 42 39 45 36 40 ' ,'0 0 0 0 0 0 0 0 ' ,21 ,0 ,1, 1
90 ,71, 73, '53 53 54 57 48 47 59 49 ' ,'0 0 0 0 0 0 0 0 ' ,16 ,1 ,1, 1
74 ,79, 58, '49 44 45 47 45 36 46 44 ' ,'0 0 0 0 0 0 0 0 ' ,15 ,1 ,1, 0
86 ,66, 69, '57 55 57 58 48 48 57 44 ' ,'0 0 0 0 0 0 0 0 ' ,15 ,1 ,1, 1
88 ,76, 72, '48 58 52 62 38 57 43 44 ' ,'0 0 0 0 0 0 0 0 ' ,27 ,1 ,1, 1
77 ,78, 62, '54 47 45 49 42 39 45 39 ' ,'0 0 0 0 0 0 0 0 ' ,14 ,1 ,1, 1
97 ,69, 67, '50 54 50 52 45 53 51 52 ' ,'0 0 0 0 0 0 0 0 ' ,11 ,1 ,2, 1
95 ,77, 78, '51 49 50 71 43 43 49 51 ' ,'0 0 0 0 0 0 0 0 ' ,28 ,1 ,1, 1
79 ,86, 66, '55 48 51 46 36 41 39 43 ' ,'0 0 0 0 0 0 0 0 ' ,16 ,0 ,1, 1
74 ,71, 58, '40 42 40 49 34 34 46 34 ' ,'0 0 0 0 0 0 0 0 ' ,15 ,1 ,1, 1
80 ,65, 65, '43 52 43 47 40 37 39 48 ' ,'0 0 0 0 0 0 0 0 ' ,16 ,1 ,1, 1
102 ,72, 86, '41 41 43 44 32 36 37 36 ' ,'0 0 0 0 0 0 0 0 ' ,44 ,35 ,1, 1
96 ,93, 78, '61 66 70 69 55 52 54 54 ' ,'0 0 0 0 0 0 0 0 ' ,20 ,1 ,1, 1
70 ,86, 55, '41 40 41 48 36 34 37 36 ' ,'0 0 0 0 0 0 0 0 ' ,9 ,1 ,1, 1
69 ,62, 52, '38 46 44 47 30 35 35 37 ' ,'0 0 0 0 0 0 0 0 ' ,14 ,0 ,1, 1
78 ,61, 61, '47 44 40 52 36 45 37 35 ' ,'0 0 0 0 0 0 0 0 ' ,19 ,1 ,2, 1
77 ,68, 59, '44 42 44 52 39 35 37 42 ' ,'0 0 0 0 0 0 0 0 ' ,18 ,1 ,1, 1
96 ,68, 75, '68 59 62 50 42 43 43 47 ' ,'0 0 0 0 0 0 0 0 ' ,28 ,1 ,0, 0
83 ,87, 67, '50 60 49 51 45 43 46 54 ' ,'0 0 0 0 0 0 0 0 ' ,18 ,1 ,2, 1
75 ,74, 57, '49 48 45 49 39 37 42 37 ' ,'0 0 0 0 0 0 0 0 ' ,16 ,1 ,1, 0
75 ,66, 55, '46 41 40 46 37 41 38 37 ' ,'0 0 0 0 0 0 0 0 ' ,13 ,0 ,1, 1
85 ,65, 68, '59 51 53 49 48 45 41 48 ' ,'0 0 0 0 0 0 0 0 ' ,23 ,1 ,0, 0
70 ,76, 51, '42 40 43 39 36 31 36 43 ' ,'0 0 0 0 0 0 0 0 ' ,14 ,0 ,1, 1
76 ,57, 52, '44 39 41 43 40 38 34 40 ' ,'0 0 0 0 0 0 0 0 ' ,14 ,1 ,1, 1
70 ,60, 53, '39 38 41 42 43 33 37 42 ' ,'0 0 0 0 0 0 0 0 ' ,12 ,0 ,1, 1
73 ,59, 54, '47 44 43 40 40 38 40 39 ' ,'0 0 0 0 0 0 0 0 ' ,10 ,0 ,1, 0
76 ,60, 57, '39 47 41 47 37 35 37 36 ' ,'0 0 0 0 0 0 0 0 ' ,15 ,0 ,1, 1
77 ,64, 60, '51 51 49 49 38 41 43 42 ' ,'0 0 0 0 0 0 0 0 ' ,15 ,0 ,2, 1
80 ,67, 53, '41 48 42 47 40 45 38 38 ' ,'0 0 0 0 0 0 0 0 ' ,10 ,0 ,1, 1
82 ,64, 65, '55 50 58 53 44 47 53 44 ' ,'0 0 0 0 0 0 0 0 ' ,13 ,1 ,1, 1
78 ,71, 49, '39 38 40 39 31 36 32 36 ' ,'0 0 0 0 0 0 0 0 ' ,9 ,0 ,1, 1
66 ,56, 50, '39 43 40 36 37 34 32 38 ' ,'0 0 0 0 0 0 0 0 ' ,9 ,1 ,1, 1
72 ,56, 52, '39 35 36 36 31 35 32 39 ' ,'0 0 0 0 0 0 0 0 ' ,14 ,1 ,1, 0
71 ,61, 54, '44 35 39 38 31 46 32 36 ' ,'0 0 0 0 0 0 0 0 ' ,17 ,0 ,0, 0
73 ,60, 55, '46 46 38 45 44 36 44 39 ' ,'0 0 0 0 0 0 0 0 ' ,14 ,1 ,1, 1
82 ,61, 64, '56 43 50 51 38 43 38 43 ' ,'0 0 0 0 0 0 0 0 ' ,21 ,1 ,1, 1
69 ,72, 52, '43 43 42 39 38 39 35 34 ' ,'0 0 0 0 0 0 0 0 ' ,11 ,1 ,0, 0
77 ,59, 61, '49 50 47 54 42 46 42 49 ' ,'0 0 0 0 0 0 0 0 ' ,13 ,1 ,1, 1
65 ,69, 48, '38 39 40 35 35 32 36 34 ' ,'0 0 0 0 0 0 0 0 ' ,10 ,1 ,1, 1
91 ,55, 70, '48 49 53 63 43 41 48 52 ' ,'0 0 0 0 0 0 0 0 ' ,23 ,1 ,1, 1
72 ,78, 55, '43 39 44 43 34 36 34 46 ' ,'0 0 0 0 0 0 0 0 ' ,14 ,1 ,1, 1
73 ,64, 52, '44 41 42 43 38 34 37 39 ' ,'0 0 0 0 0 0 0 0 ' ,11 ,1 ,1, 0
74 ,58, 56, '49 40 47 46 45 42 40 48 ' ,'0 0 0 0 0 0 0 0 ' ,11 ,1 ,0, 0
85 ,63, 70, '50 51 61 55 46 43 53 46 ' ,'0 0 0 0 0 0 0 0 ' ,19 ,0 ,1, 1
73 ,75, 53, '41 37 39 37 30 32 30 44 ' ,'0 0 0 0 0 0 0 0 ' ,15 ,1 ,1, 1
82 ,61, 66, '58 48 47 46 36 41 50 44 ' ,'0 0 0 0 0 0 0 0 ' ,22 ,1 ,0, 0
75 ,73, 58, '47 46 47 49 43 38 41 42 ' ,'0 0 0 0 0 0 0 0 ' ,15 ,1 ,1, 1
80 ,65, 61, '51 52 47 48 47 49 40 42 ' ,'0 0 0 0 0 0 0 0 ' ,13 ,1 ,1, 0
76 ,68, 59, '50 49 46 52 41 47 42 40 ' ,'0 0 0 0 0 0 0 0 ' ,11 ,0 ,1, 1
77 ,65, 57, '49 47 44 51 46 44 47 38 ' ,'0 0 0 0 0 0 0 0 ' ,14 ,0 ,0, 0
63 ,67, 48, '39 39 37 35 35 34 38 34 ' ,'0 0 0 0 0 0 0 0 ' ,6 ,0 ,0, 0
66 ,55, 48, '34 37 36 40 33 31 33 30 ' ,'0 0 0 0 0 0 0 0 ' ,11 ,1 ,2, 1
74 ,54, 59, '52 48 48 43 38 39 45 44 ' ,'0 0 0 0 0 0 0 0 ' ,14 ,1 ,1, 1
79 ,66, 56, '40 45 41 49 38 43 37 41 ' ,'0 0 0 0 0 0 0 0 ' ,13 ,1 ,1, 1
77 ,65, 58, '47 49 46 51 44 45 45 37 ' ,'0 0 0 0 0 0 0 0 ' ,15 ,1 ,0, 0
82 ,67, 64, '51 55 46 52 41 42 41 51 ' ,'0 0 0 0 0 0 0 0 ' ,16 ,1 ,2, 1
65 ,70, 47, '35 37 37 39 32 30 33 31 ' ,'0 0 0 0 0 0 0 0 ' ,11 ,1 ,1, 1
63 ,56, 48, '39 35 39 35 32 33 31 35 ' ,'0 0 0 0 0 0 0 0 ' ,9 ,1 ,1, 1
94 ,54, 74, '63 56 60 58 45 52 47 46 ' ,'0 0 0 0 0 0 0 0 ' ,22 ,0 ,0, 0
64 ,85, 49, '40 35 36 37 41 35 30 30 ' ,'0 0 0 0 0 0 0 0 ' ,11 ,0 ,1, 1
71 ,56, 56, '46 44 46 42 43 45 37 41 ' ,'0 0 0 0 0 0 0 0 ' ,12 ,0 ,1, 1
77 ,62, 59, '49 47 50 45 39 44 43 38 ' ,'0 0 0 0 0 0 0 0 ' ,13 ,0 ,1, 1
107 ,65, 90, '82 43 47 48 38 78 36 48 ' ,'0 0 0 0 0 0 0 0 ' ,47 ,1 ,0, 0
82 ,98, 65, '57 46 47 46 42 48 43 42 ' ,'0 0 0 0 0 0 0 0 ' ,16 ,1 ,1, 1
67 ,72, 52, '40 33 38 43 29 34 33 35 ' ,'0 0 0 0 0 0 0 0 ' ,14 ,1 ,1, 1
86 ,57, 67, '55 45 37 39 33 48 36 32 ' ,'0 0 0 0 0 0 0 0 ' ,24 ,1 ,1, 1
67 ,73, 51, '38 44 39 43 37 34 39 36 ' ,'0 0 0 0 0 0 0 0 ' ,11 ,0 ,1, 1
94 ,59, 78, '67 50 53 48 49 61 44 46 ' ,'0 0 0 0 0 0 0 0 ' ,28 ,1 ,1, 0
68 ,84, 49, '40 41 38 41 35 35 32 31 ' ,'0 0 0 0 0 0 0 0 ' ,11 ,1 ,0, 0
77 ,58, 60, '42 47 45 47 39 37 34 51 ' ,'0 0 0 0 0 0 0 0 ' ,20 ,1 ,1, 1
84 ,67, 65, '44 48 47 59 42 45 43 41 ' ,'0 0 0 0 0 0 0 0 ' ,17 ,0 ,1, 1
93 ,73, 72, '64 51 51 60 45 46 46 46 ' ,'0 0 0 0 0 0 0 0 ' ,21 ,0 ,1, 0
88 ,81, 71, '62 59 60 63 50 54 52 50 ' ,'0 0 0 0 0 0 0 0 ' ,14 ,1 ,1, 1
63 ,78, 47, '35 34 37 39 33 30 39 35 ' ,'0 0 0 0 0 0 0 0 ' ,10 ,0 ,1, 1
73 ,54, 57, '47 42 44 40 35 38 36 39 ' ,'0 0 0 0 0 0 0 0 ' ,13 ,1 ,1, 1
73 ,67, 57, '47 38 40 40 38 37 34 38 ' ,'0 0 0 0 0 0 0 0 ' ,16 ,1 ,0, 0
81 ,65, 61, '43 45 42 53 38 41 39 39 ' ,'0 0 0 0 0 0 0 0 ' ,16 ,0 ,1, 1
90 ,72, 73, '63 50 55 48 42 51 45 40 ' ,'0 0 0 0 0 0 0 0 ' ,24 ,0 ,1, 1
73 ,80, 54, '43 44 38 45 33 44 37 33 ' ,'0 0 0 0 0 0 0 0 ' ,11 ,0 ,2, 1
69 ,64, 52, '38 37 40 37 37 36 33 36 ' ,'0 0 0 0 0 0 0 0 ' ,13 ,1 ,1, 0
66 ,60, 49, '41 34 38 38 33 31 32 33 ' ,'0 0 0 0 0 0 0 0 ' ,12 ,0 ,1, 0
78 ,58, 57, '43 45 48 46 39 36 46 39 ' ,'0 0 0 0 0 0 0 0 ' ,13 ,1 ,2, 1
77 ,62, 59, '43 50 47 53 44 37 39 37 ' ,'0 0 0 0 0 0 0 0 ' ,15 ,0 ,1, 1
83 ,67, 69, '51 50 59 53 44 46 39 43 ' ,'0 0 0 0 0 0 0 0 ' ,22 ,1 ,2, 1
127 ,73, 104, '49 50 45 52 95 40 47 40 ' ,'0 0 0 0 0 0 0 0 ' ,58 ,1 ,1, 0
87 ,117, 72, '56 60 54 58 48 55 51 47 ' ,'0 0 0 0 0 0 0 0 ' ,15 ,0 ,1, 1
65 ,78, 50, '42 37 40 41 34 34 31 29 ' ,'0 0 0 0 0 0 0 0 ' ,12 ,1 ,0, 0
80 ,59, 63, '53 48 46 48 41 47 43 49 ' ,'0 0 0 0 0 0 0 0 ' ,14 ,1 ,0, 0
70 ,70, 55, '40 43 40 45 35 34 43 35 ' ,'0 0 0 0 0 0 0 0 ' ,12 ,1 ,1, 1
83 ,59, 66, '56 49 46 55 42 46 43 41 ' ,'0 0 0 0 0 0 0 0 ' ,17 ,1 ,1, 1
73 ,84, 56, '37 37 45 46 32 30 38 33 ' ,'0 0 0 0 0 0 0 0 ' ,18 ,1 ,1, 0
87 ,65, 63, '52 54 50 43 41 40 43 44 ' ,'0 0 0 0 0 0 0 0 ' ,16 ,1 ,1, 1
117 ,79, 100, '91 44 49 48 37 80 38 42 ' ,'0 0 0 0 0 0 0 0 ' ,56 ,0 ,1, 1
94 ,107, 71, '56 49 67 53 39 39 43 48 ' ,'0 0 0 0 0 0 0 0 ' ,31 ,1 ,1, 0
73 ,84, 58, '42 40 43 50 44 37 35 45 ' ,'0 0 0 0 0 0 0 0 ' ,17 ,0 ,1, 0
73 ,66, 55, '43 33 33 41 32 35 34 44 ' ,'0 0 0 0 0 0 0 0 ' ,16 ,0 ,2, 1
74 ,62, 56, '41 34 41 47 30 34 30 35 ' ,'0 0 0 0 0 0 0 0 ' ,20 ,1 ,1, 1
102 ,63, 87, '76 38 42 44 40 69 33 42 ' ,'0 0 0 0 0 0 0 0 ' ,46 ,1 ,1, 1
68 ,93, 52, '42 37 34 37 31 36 29 30 ' ,'0 0 0 0 0 0 0 0 ' ,15 ,2 ,1, 1
69 ,60, 53, '42 40 39 35 35 32 36 34 ' ,'0 0 0 0 0 0 0 0 ' ,10 ,1 ,1, 1
66 ,59, 49, '34 38 35 43 32 30 38 31 ' ,'0 0 0 0 0 0 0 0 ' ,13 ,0 ,0, 0
84 ,56, 66, '49 53 53 57 45 44 48 44 ' ,'0 0 0 0 0 0 0 0 ' ,15 ,1 ,2, 1
84 ,76, 68, '59 43 37 39 33 55 33 33 ' ,'0 0 0 0 0 0 0 0 ' ,27 ,0 ,1, 1
80 ,74, 66, '49 45 43 45 38 56 39 38 ' ,'0 0 0 0 0 0 0 0 ' ,18 ,1 ,2, 1
73 ,70, 57, '48 44 44 47 39 37 43 38 ' ,'0 0 0 0 0 0 0 0 ' ,11 ,0 ,2, 1
147 ,61, 130, '93 100 107 122 78 81 75 87 ' ,'0 0 0 0 0 0 0 0 ' ,49 ,0 ,1, 1
147 ,136, 129, '110 119 102 70 87 95 76 92 ' ,'0 0 0 0 0 0 0 0 ' ,53 ,2 ,1, 1
157 ,136, 140, '104 94 99 97 67 117 69 76 ' ,'0 0 0 0 0 0 0 0 ' ,63 ,1 ,1, 0
194 ,146, 176, '118 144 166 133 137 163 86 117 ' ,'0 0 0 0 0 0 0 0 ' ,82 ,1 ,1, 1
276 ,182, 259, '175 216 187 199 248 207 162 214 ' ,'0 0 0 0 0 0 0 0 ' ,89 ,1 ,2, 2
148 ,266, 134, '95 115 122 121 90 85 88 98 ' ,'0 0 0 0 0 0 0 0 ' ,38 ,0 ,3, 3
155 ,138, 138, '127 119 122 117 103 92 92 116 ' ,'0 0 0 0 0 0 0 0 ' ,38 ,0 ,2, 2
154 ,144, 137, '126 113 113 106 100 98 100 84 ' ,'0 0 0 0 0 0 0 0 ' ,43 ,1 ,2, 2
148 ,144, 129, '98 101 117 114 83 118 96 98 ' ,'0 0 0 0 0 0 0 0 ' ,38 ,0 ,1, 1
135 ,137, 116, '104 89 95 95 90 65 81 94 ' ,'0 0 0 0 0 0 0 0 ' ,45 ,1 ,1, 1
155 ,123, 135, '105 98 116 105 95 108 81 85 ' ,'0 0 0 0 0 0 0 0 ' ,48 ,1 ,1, 1
165 ,145, 147, '91 138 107 110 93 93 97 74 ' ,'0 0 0 0 0 0 0 0 ' ,64 ,1 ,1, 1
159 ,154, 141, '130 116 93 96 101 114 91 106 ' ,'0 0 0 0 0 0 0 0 ' ,41 ,1 ,1, 1
168 ,147, 151, '118 108 140 128 109 116 121 98 ' ,'0 0 0 0 0 0 0 0 ' ,44 ,1 ,1, 1
168 ,157, 153, '107 142 121 123 108 106 93 86 ' ,'0 0 0 0 0 0 0 0 ' ,57 ,2 ,1, 1
322 ,160, 302, '292 102 124 116 118 106 125 104 ' ,'132308 0 0 0 0 0 0 0 ' ,194 ,1 ,0, 0
191 ,314, 173, '116 103 146 134 131 126 134 162 ' ,'0 0 0 0 0 0 0 0 ' ,61 ,1 ,1, 1
184 ,183, 166, '154 130 150 129 113 134 109 86 ' ,'0 0 0 0 0 0 0 0 ' ,71 ,1 ,2, 1
173 ,171, 158, '107 136 108 148 101 133 98 99 ' ,'0 0 0 0 0 0 0 0 ' ,52 ,1 ,1, 1
163 ,164, 144, '124 121 116 134 89 106 113 118 ' ,'0 0 0 0 0 0 0 0 ' ,44 ,1 ,2, 1
157 ,150, 142, '121 131 123 109 104 109 113 103 ' ,'0 0 0 0 0 0 0 0 ' ,30 ,1 ,1, 1
482 ,147, 466, '208 457 421 317 324 364 414 350 ' ,'0 212 170 121 136158 154065 188 144 ' ,249 ,1 ,1, 1
207 ,471, 192, '181 123 160 139 144 172 112 120 ' ,'0 0 0 0 0 0 0 0 ' ,73 ,1 ,1, 1
196 ,197, 170, '160 129 152 141 105 117 93 125 ' ,'0 0 0 0 0 0 0 0 ' ,69 ,1 ,1, 1
148 ,179, 131, '108 119 117 109 92 101 98 108 ' ,'0 0 0 0 0 0 0 0 ' ,29 ,1 ,2, 1
171 ,137, 154, '111 100 110 144 122 110 93 118 ' ,'0 0 0 0 0 0 0 0 ' ,54 ,1 ,1, 1
180 ,161, 162, '133 120 94 113 80 94 150 81 ' ,'0 0 0 0 0 0 0 0 ' ,73 ,1 ,1, 0
181 ,170, 162, '150 107 106 134 98 130 124 92 ' ,'0 0 0 0 0 0 0 0 ' ,60 ,1 ,2, 2
184 ,172, 166, '152 129 147 158 131 143 127 137 ' ,'0 0 0 0 0 0 0 0 ' ,30 ,0 ,1, 1
166 ,174, 144, '113 101 126 114 120 131 106 105 ' ,'0 0 0 0 0 0 0 0 ' ,30 ,0 ,1, 1
188 ,150, 171, '105 129 130 125 124 112 127 160 ' ,'0 0 0 0 0 0 0 0 ' ,57 ,1 ,1, 1
167 ,178, 150, '104 113 134 124 111 83 101 95 ' ,'0 0 0 0 0 0 0 0 ' ,56 ,0 ,0, 0
213 ,158, 196, '179 133 159 133 152 185 134 120 ' ,'0 0 0 0 0 0 0 0 ' ,66 ,1 ,1, 1
191 ,203, 177, '121 150 134 127 97 115 117 166 ' ,'0 0 0 0 0 0 0 0 ' ,71 ,1 ,2, 2
168 ,182, 150, '120 111 128 116 120 127 140 139 ' ,'0 0 0 0 0 0 0 0 ' ,30 ,1 ,0, 0
153 ,160, 138, '116 103 123 113 100 122 127 103 ' ,'0 0 0 0 0 0 0 0 ' ,26 ,1 ,1, 1
180 ,144, 165, '124 132 154 129 120 151 142 128 ' ,'0 0 0 0 0 0 0 0 ' ,35 ,1 ,0, 0
222 ,170, 206, '195 156 151 122 85 152 177 105 ' ,'0 0 0 0 0 0 0 0 ' ,111 ,1 ,0, 0
183 ,212, 163, '149 153 129 145 124 108 107 125 ' ,'0 0 0 0 0 0 0 0 ' ,48 ,1 ,1, 1
191 ,175, 168, '131 122 157 140 101 110 86 114 ' ,'0 0 0 0 0 0 0 0 ' ,75 ,1 ,1, 1
184 ,184, 169, '156 134 144 115 104 125 117 133 ' ,'0 0 0 0 0 0 0 0 ' ,54 ,1 ,1, 1
192 ,174, 174, '136 163 155 162 117 123 128 112 ' ,'0 0 0 0 0 0 0 0 ' ,56 ,1 ,1, 1
168 ,182, 153, '139 135 142 120 110 134 141 91 ' ,'0 0 0 0 0 0 0 0 ' ,54 ,1 ,1, 1
155 ,160, 142, '109 119 117 100 114 119 115 131 ' ,'0 0 0 0 0 0 0 0 ' ,32 ,0 ,1, 1
206 ,147, 190, '119 180 150 135 124 139 121 108 ' ,'0 0 0 0 0 0 0 0 ' ,72 ,1 ,0, 0
209 ,197, 180, '155 150 167 126 124 133 91 107 ' ,'0 0 0 0 0 0 0 0 ' ,80 ,1 ,1, 1
166 ,196, 153, '103 126 142 111 107 96 131 138 ' ,'0 0 0 0 0 0 0 0 ' ,49 ,1 ,0, 0
209 ,158, 190, '140 143 178 111 124 93 87 107 ' ,'0 0 0 0 0 0 0 0 ' ,94 ,1 ,1, 1
187 ,196, 168, '87 157 134 153 142 142 95 106 ' ,'0 0 0 0 0 0 0 0 ' ,71 ,1 ,1, 1
193 ,174, 177, '157 140 158 104 166 133 82 117 ' ,'0 0 0 0 0 0 0 0 ' ,86 ,1 ,1, 1
144 ,183, 129, '98 109 98 86 90 74 88 102 ' ,'0 0 0 0 0 0 0 0 ' ,35 ,0 ,1, 1
88 ,136, 74, '56 56 61 60 57 52 52 60 ' ,'0 0 0 0 0 0 0 0 ' ,15 ,1 ,0, 0
105 ,79, 89, '68 60 61 81 66 70 61 53 ' ,'0 0 0 0 0 0 0 0 ' ,26 ,0 ,1, 1
95 ,95, 78, '57 64 65 58 55 52 53 51 ' ,'0 0 0 0 0 0 0 0 ' ,17 ,1 ,0, 0
195 ,87, 171, '60 49 56 54 44 49 49 49 ' ,'0 0 0 0 0 0 0 0 ' ,122 ,1 ,1, 1
85 ,182, 69, '55 53 59 54 49 49 53 60 ' ,'0 0 0 0 0 0 0 0 ' ,12 ,1 ,1, 1
101 ,76, 74, '57 58 58 67 52 63 54 53 ' ,'0 0 0 0 0 0 0 0 ' ,13 ,0 ,1, 1
136 ,88, 118, '105 56 60 60 53 88 49 46 ' ,'0 0 0 0 0 0 0 0 ' ,61 ,1 ,1, 1
83 ,125, 69, '47 50 57 56 51 48 44 51 ' ,'0 0 0 0 0 0 0 0 ' ,17 ,1 ,1, 1
85 ,75, 71, '54 56 59 60 45 43 47 46 ' ,'0 0 0 0 0 0 0 0 ' ,19 ,1 ,0, 0
94 ,77, 78, '55 55 59 68 52 49 46 53 ' ,'0 0 0 0 0 0 0 0 ' ,23 ,1 ,1, 1
84 ,84, 70, '54 61 58 57 51 56 42 52 ' ,'0 0 0 0 0 0 0 0 ' ,21 ,1 ,1, 1
118 ,76, 102, '89 55 56 55 50 84 53 53 ' ,'0 0 0 0 0 0 0 0 ' ,41 ,0 ,1, 1
88 ,110, 74, '54 66 63 59 55 57 48 52 ' ,'0 0 0 0 0 0 0 0 ' ,20 ,1 ,1, 1
108 ,80, 90, '72 73 79 70 64 66 61 77 ' ,'0 0 0 0 0 0 0 0 ' ,21 ,1 ,1, 1
91 ,95, 77, '66 65 62 53 52 49 43 55 ' ,'0 0 0 0 0 0 0 0 ' ,27 ,1 ,1, 1
89 ,83, 74, '61 63 57 58 53 49 47 56 ' ,'0 0 0 0 0 0 0 0 ' ,19 ,0 ,0, 0
115 ,81, 100, '84 66 87 80 59 77 62 77 ' ,'0 0 0 0 0 0 0 0 ' ,30 ,1 ,1, 1
81 ,107, 69, '59 49 55 50 47 46 44 49 ' ,'0 0 0 0 0 0 0 0 ' ,12 ,0 ,1, 1
78 ,74, 64, '44 51 50 56 44 46 45 46 ' ,'0 0 0 0 0 0 0 0 ' ,11 ,1 ,0, 0
95 ,69, 79, '59 48 60 62 53 48 41 59 ' ,'0 0 0 0 0 0 0 0 ' ,28 ,1 ,0, 0
92 ,85, 72, '58 57 61 61 51 46 46 48 ' ,'0 0 0 0 0 0 0 0 ' ,16 ,1 ,1, 1
100 ,84, 84, '58 52 70 52 45 51 47 50 ' ,'0 0 0 0 0 0 0 0 ' ,29 ,2 ,1, 1
86 ,93, 70, '45 53 57 58 45 48 45 48 ' ,'0 0 0 0 0 0 0 0 ' ,16 ,1 ,1, 1
92 ,76, 74, '56 58 48 64 43 44 46 48 ' ,'0 0 0 0 0 0 0 0 ' ,21 ,1 ,1, 1
107 ,84, 73, '52 62 59 51 49 58 51 52 ' ,'0 0 0 0 0 0 0 0 ' ,13 ,1 ,1, 1
87 ,94, 73, '54 50 58 64 47 51 44 43 ' ,'0 0 0 0 0 0 0 0 ' ,20 ,1 ,1, 1
89 ,78, 76, '65 61 54 53 43 59 46 54 ' ,'0 0 0 0 0 0 0 0 ' ,24 ,1 ,1, 1
109 ,81, 95, '68 84 80 77 62 61 61 64 ' ,'0 0 0 0 0 0 0 0 ' ,25 ,1 ,1, 1
83 ,100, 69, '50 58 54 56 46 45 45 56 ' ,'0 0 0 0 0 0 0 0 ' ,16 ,1 ,1, 1
107 ,75, 93, '80 74 78 73 65 61 73 71 ' ,'0 0 0 0 0 0 0 0 ' ,23 ,1 ,1, 0
92 ,98, 77, '55 64 58 62 63 45 48 46 ' ,'0 0 0 0 0 0 0 0 ' ,22 ,1 ,1, 1
94 ,82, 78, '62 65 52 54 50 66 55 57 ' ,'0 0 0 0 0 0 0 0 ' ,16 ,0 ,1, 1
86 ,85, 68, '47 56 55 57 46 45 59 49 ' ,'0 0 0 0 0 0 0 0 ' ,18 ,1 ,0, 0
83 ,78, 69, '58 50 52 55 44 48 40 43 ' ,'0 0 0 0 0 0 0 0 ' ,20 ,1 ,1, 1
83 ,74, 64, '45 51 49 54 44 40 47 47 ' ,'0 0 0 0 0 0 0 0 ' ,16 ,0 ,1, 1
91 ,71, 75, '50 61 53 56 52 43 43 46 ' ,'0 0 0 0 0 0 0 0 ' ,22 ,1 ,1, 1
88 ,82, 73, '62 47 50 51 40 59 53 43 ' ,'0 0 0 0 0 0 0 0 ' ,23 ,1 ,1, 1
81 ,79, 67, '48 53 52 54 46 46 56 46 ' ,'0 0 0 0 0 0 0 0 ' ,12 ,1 ,1, 1
83 ,73, 69, '45 52 56 57 43 44 42 44 ' ,'0 0 0 0 0 0 0 0 ' ,17 ,1 ,2, 2
95 ,74, 76, '47 57 62 51 48 46 46 45 ' ,'0 0 0 0 0 0 0 0 ' ,21 ,1 ,1, 1
91 ,84, 70, '46 58 54 51 47 40 39 45 ' ,'0 0 0 0 0 0 0 0 ' ,21 ,0 ,1, 1
139 ,83, 114, '101 48 59 53 47 83 48 51 ' ,'0 0 0 0 0 0 0 0 ' ,56 ,1 ,1, 1
87 ,124, 73, '50 61 58 51 43 44 45 47 ' ,'0 0 0 0 0 0 0 0 ' ,19 ,0 ,1, 1
87 ,77, 73, '52 54 52 48 53 55 43 52 ' ,'0 0 0 0 0 0 0 0 ' ,18 ,1 ,1, 1
84 ,79, 69, '49 52 57 58 48 53 48 54 ' ,'0 0 0 0 0 0 0 0 ' ,11 ,0 ,1, 1
91 ,74, 73, '50 46 54 60 46 44 47 48 ' ,'0 0 0 0 0 0 0 0 ' ,20 ,1 ,1, 1
113 ,84, 100, '86 52 66 55 49 82 44 47 ' ,'0 0 0 0 0 0 0 0 ' ,43 ,1 ,1, 1
177 ,104, 162, '121 151 114 127 95 123 130 107 ' ,'0 0 0 0 0 0 0 0 ' ,56 ,1 ,1, 1
192 ,168, 177, '130 153 121 139 162 111 132 129 ' ,'0 0 0 0 0 0 0 0 ' ,55 ,1 ,1, 1
297 ,183, 281, '118 270 170 176 145 169 127 151 ' ,'0 0 0 0 0 0 0 0 ' ,152 ,1 ,1, 1
244 ,289, 223, '141 213 177 178 160 130 133 132 ' ,'0 0 0 0 0 0 0 0 ' ,83 ,0 ,1, 1
226 ,231, 210, '175 179 198 190 122 148 127 123 ' ,'0 0 0 0 0 0 0 0 ' ,77 ,1 ,0, 0
221 ,217, 203, '141 170 136 193 115 120 110 132 ' ,'0 0 0 0 0 0 0 0 ' ,84 ,1 ,1, 1
182 ,211, 167, '144 148 149 155 139 149 141 105 ' ,'0 0 0 0 0 0 0 0 ' ,52 ,1 ,1, 1
222 ,174, 208, '164 148 144 196 185 107 135 92 ' ,'0 0 0 0 0 0 0 0 ' ,107 ,1 ,1, 1
232 ,214, 216, '164 204 161 171 141 142 113 132 ' ,'0 0 0 0 0 0 0 0 ' ,94 ,1 ,1, 1
217 ,223, 201, '180 141 162 185 96 136 98 119 ' ,'0 0 0 0 0 0 0 0 ' ,94 ,2 ,1, 1
228 ,208, 213, '193 151 183 141 132 113 123 142 ' ,'0 0 0 0 0 0 0 0 ' ,86 ,1 ,1, 1
201 ,219, 186, '141 172 142 139 159 141 142 159 ' ,'0 0 0 0 0 0 0 0 ' ,37 ,1 ,1, 1
219 ,192, 205, '140 131 130 194 159 162 110 139 ' ,'0 0 0 0 0 0 0 0 ' ,85 ,1 ,2, 2
223 ,210, 208, '142 128 196 163 129 145 173 131 ' ,'0 0 0 0 0 0 0 0 ' ,70 ,1 ,1, 1
192 ,215, 177, '134 137 133 167 125 137 122 156 ' ,'0 0 0 0 0 0 0 0 ' ,43 ,1 ,1, 1
157 ,184, 143, '109 111 130 128 107 105 125 115 ' ,'0 0 0 0 0 0 0 0 ' ,29 ,0 ,1, 1
164 ,148, 150, '123 126 131 115 89 139 113 115 ' ,'0 0 0 0 0 0 0 0 ' ,50 ,1 ,1, 1
158 ,155, 142, '110 112 120 128 116 85 114 106 ' ,'0 0 0 0 0 0 0 0 ' ,41 ,1 ,0, 0
140 ,148, 126, '94 112 101 118 94 73 86 100 ' ,'0 0 0 0 0 0 0 0 ' ,43 ,1 ,1, 1
147 ,132, 131, '115 102 115 114 93 118 77 101 ' ,'0 0 0 0 0 0 0 0 ' ,45 ,1 ,1, 1
143 ,137, 130, '104 104 117 121 90 96 98 111 ' ,'0 0 0 0 0 0 0 0 ' ,30 ,1 ,1, 1
189 ,135, 176, '93 106 97 95 103 114 165 105 ' ,'0 0 0 0 0 0 0 0 ' ,72 ,1 ,1, 1
150 ,182, 135, '105 106 96 85 124 69 99 75 ' ,'0 0 0 0 0 0 0 0 ' ,54 ,1 ,0, 0
168 ,142, 152, '138 111 99 114 74 80 80 101 ' ,'0 0 0 0 0 0 0 0 ' ,69 ,1 ,1, 1
166 ,159, 150, '120 81 97 98 138 86 69 100 ' ,'0 0 0 0 0 0 0 0 ' ,71 ,1 ,1, 1
146 ,156, 124, '72 88 98 75 79 85 86 110 ' ,'0 0 0 0 0 0 0 0 ' ,42 ,1 ,1, 1
160 ,129, 144, '93 105 102 85 130 87 86 100 ' ,'0 0 0 0 0 0 0 0 ' ,47 ,1 ,1, 1
182 ,150, 165, '102 98 150 101 140 70 111 82 ' ,'0 0 0 0 0 0 0 0 ' ,87 ,1 ,1, 1
154 ,172, 140, '103 92 125 106 89 91 69 84 ' ,'0 0 0 0 0 0 0 0 ' ,60 ,1 ,1, 1
188 ,145, 170, '152 102 98 101 115 138 81 98 ' ,'0 0 0 0 0 0 0 0 ' ,74 ,1 ,1, 1
138 ,174, 124, '92 115 84 113 89 84 77 65 ' ,'0 0 0 0 0 0 0 0 ' ,50 ,1 ,0, 0
141 ,130, 126, '93 98 97 91 114 103 70 109 ' ,'0 0 0 0 0 0 0 0 ' ,47 ,1 ,1, 1
163 ,132, 149, '86 85 85 79 135 95 64 91 ' ,'0 0 0 0 0 0 0 0 ' ,74 ,1 ,1, 1
127 ,154, 113, '98 80 97 96 94 76 80 80 ' ,'0 0 0 0 0 0 0 0 ' ,25 ,1 ,1, 1
148 ,120, 133, '121 105 78 79 63 111 77 90 ' ,'0 0 0 0 0 0 0 0 ' ,60 ,1 ,2, 2
147 ,141, 131, '104 119 85 87 73 82 65 78 ' ,'0 0 0 0 0 0 0 0 ' ,58 ,1 ,1, 1
130 ,141, 111, '91 87 101 96 84 86 83 84 ' ,'0 0 0 0 0 0 0 0 ' ,23 ,1 ,1, 0
136 ,122, 119, '97 88 102 96 110 105 82 79 ' ,'0 0 0 0 0 0 0 0 ' ,33 ,1 ,1, 1
127 ,128, 110, '82 93 96 96 75 75 79 92 ' ,'0 0 0 0 0 0 0 0 ' ,25 ,1 ,0, 0
154 ,119, 135, '122 84 87 116 85 110 69 85 ' ,'0 0 0 0 0 0 0 0 ' ,56 ,1 ,1, 1
140 ,140, 125, '107 92 104 94 75 79 114 90 ' ,'0 0 0 0 0 0 0 0 ' ,41 ,0 ,1, 1
136 ,132, 122, '107 86 83 91 103 99 93 102 ' ,'0 0 0 0 0 0 0 0 ' ,27 ,1 ,1, 1
152 ,128, 135, '98 99 87 97 121 89 82 93 ' ,'0 0 0 0 0 0 0 0 ' ,43 ,1 ,1, 1
149 ,141, 132, '88 118 106 117 80 78 103 91 ' ,'0 0 0 0 0 0 0 0 ' ,41 ,1 ,1, 1
168 ,136, 153, '126 109 110 123 110 137 117 138 ' ,'0 0 0 0 0 0 0 0 ' ,33 ,1 ,1, 1
169 ,158, 152, '126 131 113 102 76 101 115 90 ' ,'0 0 0 0 0 0 0 0 ' ,64 ,1 ,1, 1
141 ,161, 126, '103 113 98 97 93 75 97 92 ' ,'0 0 0 0 0 0 0 0 ' ,41 ,1 ,2, 2
133 ,134, 119, '90 93 82 98 88 101 107 74 ' ,'0 0 0 0 0 0 0 0 ' ,33 ,1 ,0, 0
167 ,125, 152, '109 105 107 115 90 137 83 101 ' ,'0 0 0 0 0 0 0 0 ' ,53 ,1 ,1, 1
166 ,157, 149, '136 115 107 98 117 121 111 102 ' ,'0 0 0 0 0 0 0 0 ' ,43 ,1 ,1, 1
145 ,155, 130, '94 116 101 93 96 102 87 92 ' ,'0 0 0 0 0 0 0 0 ' ,29 ,0 ,1, 1
156 ,137, 141, '80 107 106 95 91 127 77 92 ' ,'0 0 0 0 0 0 0 0 ' ,51 ,1 ,1, 1
160 ,146, 147, '96 112 108 111 106 103 134 109 ' ,'0 0 0 0 0 0 0 0 ' ,40 ,1 ,1, 1
132 ,152, 118, '92 99 97 110 83 96 92 92 ' ,'0 0 0 0 0 0 0 0 ' ,24 ,1 ,1, 1
145 ,123, 125, '109 88 98 99 84 89 114 88 ' ,'0 0 0 0 0 0 0 0 ' ,28 ,1 ,1, 1
137 ,131, 124, '101 99 105 95 79 73 71 85 ' ,'0 0 0 0 0 0 0 0 ' ,43 ,1 ,1, 1
136 ,129, 124, '92 89 104 112 94 75 78 80 ' ,'0 0 0 0 0 0 0 0 ' ,37 ,1 ,1, 1
154 ,128, 140, '127 92 103 100 106 99 82 97 ' ,'0 0 0 0 0 0 0 0 ' ,46 ,1 ,1, 1
218 ,145, 205, '106 100 90 119 97 120 86 114 ' ,'0 0 0 0 0 0 0 0 ' ,107 ,1 ,1, 1
149 ,209, 129, '116 95 92 99 76 86 69 96 ' ,'0 0 0 0 0 0 0 0 ' ,50 ,1 ,1, 1
140 ,249, 124, '91 112 83 99 106 76 90 103 ' ,'0 0 0 0 0 0 0 0 ' ,38 ,1 ,1, 1
148 ,133, 128, '112 110 111 85 98 104 97 100 ' ,'0 0 0 0 0 0 0 0 ' ,35 ,1 ,1, 1
145 ,136, 131, '95 113 80 120 111 88 89 84 ' ,'0 0 0 0 0 0 0 0 ' ,41 ,1 ,1, 1
151 ,137, 137, '76 124 96 88 117 84 106 103 ' ,'0 0 0 0 0 0 0 0 ' ,50 ,1 ,1, 1
161 ,142, 141, '116 105 128 115 99 117 75 85 ' ,'0 0 0 0 0 0 0 0 ' ,57 ,1 ,1, 1
161 ,150, 144, '100 114 132 105 88 82 87 91 ' ,'0 0 0 0 0 0 0 0 ' ,53 ,0 ,0, 0
153 ,150, 139, '91 110 113 111 125 77 84 109 ' ,'0 0 0 0 0 0 0 0 ' ,53 ,1 ,1, 1
247 ,144, 233, '115 104 104 101 108 75 89 86 ' ,'0 0 0 0 0 0 0 0 ' ,148 ,1 ,1, 1
148 ,239, 134, '111 92 120 117 91 99 93 92 ' ,'0 0 0 0 0 0 0 0 ' ,30 ,1 ,1, 1
212 ,139, 198, '170 127 183 100 118 150 107 86 ' ,'0 0 0 0 0 0 0 0 ' ,99 ,1 ,1, 1
134 ,202, 121, '89 86 106 92 84 79 87 80 ' ,'0 0 0 0 0 0 0 0 ' ,31 ,2 ,1, 1
152 ,126, 131, '88 96 115 92 80 101 97 94 ' ,'0 0 0 0 0 0 0 0 ' ,38 ,1 ,2, 2
164 ,144, 150, '135 102 99 120 120 71 86 113 ' ,'0 0 0 0 0 0 0 0 ' ,67 ,1 ,1, 1
142 ,155, 126, '90 100 89 99 101 85 85 114 ' ,'0 0 0 0 0 0 0 0 ' ,33 ,1 ,0, 0
178 ,136, 162, '146 121 98 123 114 116 77 118 ' ,'0 0 0 0 0 0 0 0 ' ,77 ,1 ,1, 1
157 ,168, 142, '118 119 125 100 91 100 94 100 ' ,'0 0 0 0 0 0 0 0 ' ,37 ,1 ,1, 1
167 ,147, 151, '107 135 105 96 88 81 86 96 ' ,'0 0 0 0 0 0 0 0 ' ,60 ,1 ,0, 0
178 ,158, 163, '110 150 104 99 124 84 91 107 ' ,'0 0 0 0 0 0 0 0 ' ,69 ,1 ,1, 1
160 ,169, 145, '96 130 108 126 100 129 105 105 ' ,'0 0 0 0 0 0 0 0 ' ,37 ,1 ,0, 0
159 ,152, 145, '121 126 104 104 76 130 78 78 ' ,'0 0 0 0 0 0 0 0 ' ,57 ,1 ,0, 0
163 ,152, 149, '107 115 105 139 101 105 90 108 ' ,'0 0 0 0 0 0 0 0 ' ,50 ,1 ,1, 1
161 ,155, 146, '92 130 104 107 100 97 83 110 ' ,'0 0 0 0 0 0 0 0 ' ,54 ,1 ,1, 1
154 ,151, 139, '94 122 126 108 107 93 114 119 ' ,'0 0 0 0 0 0 0 0 ' ,34 ,1 ,1, 1
171 ,145, 157, '118 129 122 146 101 100 131 98 ' ,'0 0 0 0 0 0 0 0 ' ,46 ,1 ,1, 1
191 ,163, 175, '161 131 145 101 96 155 152 109 ' ,'0 0 0 0 0 0 0 0 ' ,65 ,1 ,1, 1
169 ,182, 153, '138 137 116 89 102 117 92 107 ' ,'0 0 0 0 0 0 0 0 ' ,54 ,1 ,1, 1
184 ,161, 169, '118 155 136 98 98 139 127 100 ' ,'0 0 0 0 0 0 0 0 ' ,64 ,3 ,1, 1
249 ,176, 233, '113 102 129 105 116 98 91 220 ' ,'0 0 0 0 0 0 0 125 ' ,130 ,1 ,1, 1
185 ,239, 169, '147 140 137 142 106 158 103 115 ' ,'0 0 0 0 0 0 0 0 ' ,55 ,1 ,1, 1
187 ,176, 172, '148 125 152 121 133 127 152 160 ' ,'0 0 0 0 0 0 0 0 ' ,42 ,1 ,1, 1
185 ,178, 170, '157 146 132 107 108 109 91 101 ' ,'0 0 0 0 0 0 0 0 ' ,69 ,1 ,1, 1
229 ,176, 214, '124 201 121 146 96 135 131 115 ' ,'0 0 0 0 0 0 0 0 ' ,106 ,1 ,1, 1
179 ,219, 165, '132 91 150 123 130 97 108 84 ' ,'0 0 0 0 0 0 0 0 ' ,72 ,1 ,1, 1
175 ,172, 155, '126 124 140 121 120 89 100 104 ' ,'0 0 0 0 0 0 0 0 ' ,54 ,1 ,1, 1
183 ,160, 168, '152 129 135 150 98 136 85 97 ' ,'0 0 0 0 0 0 0 0 ' ,73 ,1 ,1, 1
171 ,173, 155, '124 141 116 125 105 82 107 132 ' ,'0 0 0 0 0 0 0 0 ' ,63 ,1 ,1, 1
194 ,162, 180, '119 148 164 124 119 108 99 100 ' ,'0 0 0 0 0 0 0 0 ' ,68 ,1 ,1, 1
182 ,185, 166, '129 138 108 118 111 116 88 153 ' ,'0 0 0 0 0 0 0 0 ' ,67 ,1 ,1, 1
240 ,174, 226, '120 116 211 146 100 124 116 135 ' ,'0 0 0 0 0 0 0 0 ' ,115 ,1 ,1, 1
215 ,232, 198, '158 185 156 153 117 125 99 102 ' ,'0 0 0 0 0 0 0 0 ' ,87 ,1 ,1, 1
190 ,203, 173, '110 132 97 128 92 105 160 95 ' ,'0 0 0 0 0 0 0 0 ' ,66 ,1 ,1, 1
172 ,178, 158, '107 138 142 113 88 113 94 95 ' ,'0 0 0 0 0 0 0 0 ' ,55 ,1 ,2, 1
191 ,163, 172, '128 122 153 159 104 105 139 123 ' ,'0 0 0 0 0 0 0 0 ' ,57 ,1 ,1, 1
188 ,178, 175, '109 159 125 99 136 118 106 157 ' ,'0 0 0 0 0 0 0 0 ' ,65 ,1 ,1, 1
219 ,180, 200, '186 108 132 133 93 142 94 137 ' ,'0 0 0 0 0 0 0 0 ' ,96 ,1 ,1, 1
227 ,211, 180, '146 154 127 149 123 115 114 165 ' ,'0 0 0 0 0 0 0 0 ' ,56 ,1 ,1, 1
189 ,195, 171, '136 98 151 161 107 108 104 110 ' ,'0 0 0 0 0 0 0 0 ' ,63 ,1 ,1, 1
229 ,182, 209, '125 153 136 185 111 112 103 125 ' ,'0 0 0 0 0 0 0 0 ' ,82 ,1 ,19, 1
168 ,220, 148, '121 130 133 101 101 126 93 89 ' ,'0 0 0 0 0 0 0 0 ' ,48 ,1 ,1, 1
190 ,154, 177, '144 136 160 124 117 130 116 104 ' ,'0 0 0 0 0 0 0 0 ' ,59 ,1 ,2, 0
206 ,182, 188, '170 152 128 171 99 122 76 125 ' ,'0 0 0 0 0 0 0 0 ' ,97 ,2 ,1, 1
210 ,193, 196, '150 181 102 125 106 85 103 105 ' ,'0 0 0 0 0 0 0 0 ' ,100 ,1 ,1, 0
