227 ,0, 122, '35 31 34 27 38 28 42 36 33 27 27 31 ' ,'0 0 0 0 0 0 0 0 0 0 0 0 ' ,47 ,6 ,9, 9
339 ,186, 301, '259 272 200 210 216 243 246 222 209 235 210 280 ' ,'0 0 0 0 0 0 0 0 0 0 0 0 ' ,84 ,2 ,8, 8
375 ,886, 346, '145 151 154 141 159 159 160 139 148 151 147 147 ' ,'0 0 0 0 0 0 0 0 0 0 0 0 ' ,33 ,1 ,8, 8
221 ,1059, 193, '158 161 161 157 170 154 164 143 146 149 155 157 ' ,'0 0 0 0 0 0 0 0 0 0 0 0 ' ,34 ,2 ,1, 1
231 ,205, 201, '170 182 163 167 159 178 168 179 172 162 169 180 ' ,'0 0 0 0 0 0 0 0 0 0 0 0 ' ,27 ,2 ,2, 2
235 ,211, 207, '177 170 184 174 180 175 168 179 177 165 159 175 ' ,'0 0 0 0 0 0 0 0 0 0 0 0 ' ,29 ,1 ,1, 1
245 ,218, 219, '177 181 188 170 154 203 164 169 181 188 168 172 ' ,'0 0 0 0 0 0 0 0 0 0 0 0 ' ,48 ,2 ,2, 2
237 ,230, 201, '172 165 177 166 177 175 185 171 177 161 183 171 ' ,'0 0 0 0 0 0 0 0 0 0 0 0 ' ,26 ,2 ,3, 3
221 ,220, 192, '168 161 157 161 144 176 166 164 171 156 162 155 ' ,'0 0 0 0 0 0 0 0 0 0 0 0 ' ,31 ,3 ,1, 1
215 ,204, 193, '148 154 149 170 139 143 143 173 148 143 155 147 ' ,'0 0 0 0 0 0 0 0 0 0 0 0 ' ,39 ,3 ,2, 2
211 ,206, 181, '170 145 129 145 142 135 145 144 144 152 147 147 ' ,'0 0 0 0 0 0 0 0 0 0 0 0 ' ,40 ,3 ,2, 2
221 ,199, 183, '156 169 155 146 152 136 158 138 171 144 149 149 ' ,'0 0 0 0 0 0 0 0 0 0 0 0 ' ,39 ,3 ,2, 2
209 ,200, 183, '151 154 154 169 153 148 159 140 147 139 160 163 ' ,'0 0 0 0 0 0 0 0 0 0 0 0 ' ,31 ,3 ,2, 2
232 ,199, 205, '153 169 154 159 159 183 163 161 155 158 162 173 ' ,'0 0 0 0 0 0 0 0 0 0 0 0 ' ,41 ,3 ,2, 2
269 ,220, 234, '198 230 182 177 166 161 221 168 206 183 220 211 ' ,'0 0 0 0 0 0 0 0 0 0 0 0 ' ,79 ,2 ,1, 1
247 ,263, 219, '169 174 177 193 172 185 171 172 177 208 178 174 ' ,'0 0 0 0 0 0 0 0 0 0 0 0 ' ,44 ,2 ,1, 1
300 ,235, 272, '256 244 187 181 179 181 200 182 194 201 217 205 ' ,'0 0 0 0 0 0 0 0 0 0 0 0 ' ,84 ,1 ,2, 2
232 ,290, 209, '183 184 199 181 164 190 185 169 194 173 169 183 ' ,'0 0 0 0 0 0 0 0 0 0 0 0 ' ,31 ,0 ,2, 2
244 ,222, 217, '173 176 173 189 197 175 186 176 189 161 181 179 ' ,'0 0 0 0 0 0 0 0 0 0 0 0 ' ,39 ,1 ,2, 2
232 ,227, 203, '191 175 177 171 183 165 189 185 184 167 165 185 ' ,'0 0 0 0 0 0 0 0 0 0 0 0 ' ,30 ,1 ,1, 1
238 ,221, 206, '168 178 189 189 155 176 195 177 178 183 181 188 ' ,'0 0 0 0 0 0 0 0 0 0 0 0 ' ,37 ,0 ,2, 2
225 ,222, 200, '186 173 186 179 173 169 183 171 181 183 175 172 ' ,'0 0 0 0 0 0 0 0 0 0 0 0 ' ,24 ,2 ,2, 2
229 ,209, 202, '161 170 173 185 174 170 157 157 164 157 162 160 ' ,'0 0 0 0 0 0 0 0 0 0 0 0 ' ,33 ,0 ,3, 3
246 ,211, 217, '159 199 158 166 167 161 175 188 160 199 168 162 ' ,'0 0 0 0 0 0 0 0 0 0 0 0 ' ,45 ,1 ,1, 1
232 ,228, 206, '168 163 171 170 186 164 165 157 152 178 155 172 ' ,'0 0 0 0 0 0 0 0 0 0 0 0 ' ,40 ,1 ,1, 1
221 ,217, 187, '149 172 153 164 153 146 158 163 153 157 176 160 ' ,'0 0 0 0 0 0 0 0 0 0 0 0 ' ,30 ,1 ,2, 2
213 ,195, 184, '141 167 147 152 146 145 171 135 146 158 151 147 ' ,'0 0 0 0 0 0 0 0 0 0 0 0 ' ,40 ,2 ,1, 1
213 ,195, 187, '144 147 146 142 164 148 161 154 155 159 152 166 ' ,'0 0 0 0 0 0 0 0 0 0 0 0 ' ,32 ,1 ,1, 1
197 ,197, 179, '139 150 147 142 137 147 156 153 163 145 164 143 ' ,'0 0 0 0 0 0 0 0 0 0 0 0 ' ,34 ,4 ,2, 2
214 ,187, 193, '143 151 165 151 145 147 151 139 178 156 167 156 ' ,'0 0 0 0 0 0 0 0 0 0 0 0 ' ,42 ,1 ,2, 2
212 ,205, 195, '156 162 159 168 161 158 159 151 173 185 156 165 ' ,'0 0 0 0 0 0 0 0 0 0 0 0 ' ,35 ,0 ,2, 2
215 ,203, 199, '156 167 156 170 160 159 149 157 189 165 171 158 ' ,'0 0 0 0 0 0 0 0 0 0 0 0 ' ,40 ,0 ,2, 2
214 ,206, 188, '186 170 172 173 168 161 177 148 160 166 157 164 ' ,'0 0 0 0 0 0 0 0 0 0 0 0 ' ,38 ,1 ,1, 1
221 ,204, 202, '189 171 165 173 176 167 182 160 175 191 183 169 ' ,'0 0 0 0 0 0 0 0 0 0 0 0 ' ,29 ,1 ,2, 2
264 ,209, 224, '176 194 177 180 176 184 195 177 182 200 171 177 ' ,'0 0 0 0 0 0 0 0 0 0 0 0 ' ,42 ,2 ,2, 2
436 ,241, 212, '178 171 178 172 175 173 189 169 185 189 175 174 ' ,'0 0 0 0 0 0 0 0 0 0 0 0 ' ,36 ,1 ,1, 1
256 ,419, 230, '189 179 178 197 193 179 188 173 183 200 196 171 ' ,'0 0 0 0 0 0 0 0 0 0 0 0 ' ,48 ,1 ,1, 1
256 ,239, 218, '176 173 170 168 195 179 171 174 181 193 187 173 ' ,'0 0 0 0 0 0 0 0 0 0 0 0 ' ,43 ,1 ,2, 2
228 ,235, 198, '182 185 170 189 162 169 160 170 165 170 174 173 ' ,'0 0 0 0 0 0 0 0 0 0 0 0 ' ,30 ,1 ,2, 2
230 ,212, 199, '172 168 173 166 174 186 181 189 180 169 181 171 ' ,'0 0 0 0 0 0 0 0 0 0 0 0 ' ,26 ,1 ,2, 1
249 ,214, 219, '173 174 184 165 185 208 170 169 157 174 163 163 ' ,'0 0 0 0 0 0 0 0 0 0 0 0 ' ,49 ,0 ,1, 1
244 ,231, 214, '188 164 167 178 187 161 169 171 171 169 167 174 ' ,'0 0 0 0 0 0 0 0 0 0 0 0 ' ,38 ,1 ,2, 2
245 ,225, 215, '162 161 165 151 163 149 160 165 196 194 164 158 ' ,'0 0 0 0 0 0 0 0 0 0 0 0 ' ,61 ,1 ,1, 1
268 ,229, 232, '165 163 150 155 211 170 163 158 151 161 148 148 ' ,'0 0 0 0 0 0 0 0 0 0 0 0 ' ,80 ,1 ,1, 1
224 ,248, 192, '157 158 168 151 163 169 154 152 156 169 149 140 ' ,'0 0 0 0 0 0 0 0 0 0 0 0 ' ,45 ,1 ,2, 2
264 ,210, 228, '151 145 147 167 188 170 152 152 166 169 152 174 ' ,'0 0 0 0 0 0 0 0 0 0 0 0 ' ,70 ,12 ,1, 1
215 ,246, 181, '161 141 149 145 151 148 152 141 149 156 142 140 ' ,'0 0 0 0 0 0 0 0 0 0 0 0 ' ,36 ,2 ,1, 1
198 ,196, 174, '162 146 152 145 147 143 153 142 157 149 135 145 ' ,'0 0 0 0 0 0 0 0 0 0 0 0 ' ,30 ,2 ,1, 1
241 ,184, 208, '154 150 152 161 192 162 150 145 149 159 149 146 ' ,'0 0 0 0 0 0 0 0 0 0 0 0 ' ,56 ,1 ,1, 1
215 ,223, 187, '156 153 167 155 164 151 160 153 166 148 162 145 ' ,'0 0 0 0 0 0 0 0 0 0 0 0 ' ,32 ,1 ,2, 2
225 ,206, 196, '157 154 162 154 171 160 162 167 164 162 166 156 ' ,'0 0 0 0 0 0 0 0 0 0 0 0 ' ,35 ,1 ,2, 2
255 ,211, 231, '164 178 172 176 210 167 175 164 180 169 161 173 ' ,'0 0 0 0 0 0 0 0 0 0 0 0 ' ,62 ,2 ,1, 1
228 ,245, 202, '192 167 169 176 170 167 180 183 176 165 177 168 ' ,'0 0 0 0 0 0 0 0 0 0 0 0 ' ,29 ,2 ,2, 2
233 ,216, 208, '197 178 191 191 183 181 181 159 178 174 176 174 ' ,'0 0 0 0 0 0 0 0 0 0 0 0 ' ,41 ,1 ,2, 2
241 ,226, 209, '203 177 183 195 180 185 179 169 175 171 173 173 ' ,'0 0 0 0 0 0 0 0 0 0 0 0 ' ,36 ,1 ,2, 2
227 ,229, 201, '189 184 175 182 173 179 183 181 184 176 167 177 ' ,'0 0 0 0 0 0 0 0 0 0 0 0 ' ,26 ,2 ,2, 2
256 ,217, 229, '186 182 173 180 204 181 177 182 194 181 176 182 ' ,'0 0 0 0 0 0 0 0 0 0 0 0 ' ,47 ,1 ,2, 2
237 ,244, 209, '180 172 185 176 188 188 172 170 185 178 195 168 ' ,'0 0 0 0 0 0 0 0 0 0 0 0 ' ,33 ,1 ,3, 2
238 ,221, 210, '171 181 168 169 176 189 185 193 181 192 196 177 ' ,'0 0 0 0 0 0 0 0 0 0 0 0 ' ,38 ,1 ,3, 3
245 ,229, 216, '180 177 187 169 197 194 178 169 168 186 175 180 ' ,'0 0 0 0 0 0 0 0 0 0 0 0 ' ,43 ,1 ,2, 2
216 ,232, 187, '180 160 165 161 161 160 161 166 176 165 164 177 ' ,'0 0 0 0 0 0 0 0 0 0 0 0 ' ,23 ,1 ,1, 1
211 ,207, 185, '157 146 136 154 154 158 157 160 150 149 172 153 ' ,'0 0 0 0 0 0 0 0 0 0 0 0 ' ,40 ,1 ,2, 2
205 ,197, 184, '159 154 149 152 147 158 156 156 146 145 172 158 ' ,'0 0 0 0 0 0 0 0 0 0 0 0 ' ,31 ,2 ,1, 1
210 ,198, 188, '162 154 152 153 149 159 138 160 170 167 170 156 ' ,'0 0 0 0 0 0 0 0 0 0 0 0 ' ,39 ,1 ,1, 1
188 ,202, 169, '151 150 144 161 150 161 147 152 151 154 155 152 ' ,'0 0 0 0 0 0 0 0 0 0 0 0 ' ,19 ,1 ,2, 2
203 ,177, 183, '168 157 165 153 153 145 147 172 170 147 147 152 ' ,'0 0 0 0 0 0 0 0 0 0 0 0 ' ,30 ,1 ,2, 2
207 ,194, 185, '155 154 155 174 153 157 150 163 152 156 172 162 ' ,'0 0 0 0 0 0 0 0 0 0 0 0 ' ,27 ,2 ,3, 3
202 ,196, 185, '157 146 142 156 159 166 165 163 157 147 150 155 ' ,'0 0 0 0 0 0 0 0 0 0 0 0 ' ,34 ,1 ,2, 2
190 ,191, 173, '159 157 161 152 161 160 143 151 155 142 156 151 ' ,'0 0 0 0 0 0 0 0 0 0 0 0 ' ,21 ,1 ,2, 2
212 ,180, 190, '161 169 155 163 167 184 154 160 172 156 158 156 ' ,'0 0 0 0 0 0 0 0 0 0 0 0 ' ,33 ,1 ,2, 2
228 ,203, 198, '177 156 168 173 182 173 169 166 179 167 168 163 ' ,'0 0 0 0 0 0 0 0 0 0 0 0 ' ,36 ,1 ,2, 2
227 ,213, 202, '173 156 175 166 174 183 177 178 170 167 169 167 ' ,'0 0 0 0 0 0 0 0 0 0 0 0 ' ,37 ,1 ,2, 2
216 ,217, 194, '177 172 174 177 174 186 180 173 176 167 169 167 ' ,'0 0 0 0 0 0 0 0 0 0 0 0 ' ,20 ,1 ,1, 1
230 ,209, 202, '174 166 159 156 175 184 169 167 158 164 159 149 ' ,'0 0 0 0 0 0 0 0 0 0 0 0 ' ,44 ,1 ,2, 1
208 ,215, 183, '164 158 168 166 156 159 175 158 152 158 168 154 ' ,'0 0 0 0 0 0 0 0 0 0 0 0 ' ,24 ,1 ,1, 1
220 ,193, 193, '166 154 168 150 156 153 149 153 166 170 162 150 ' ,'0 0 0 0 0 0 0 0 0 0 0 0 ' ,34 ,1 ,1, 1
203 ,203, 184, '152 157 155 149 158 161 147 158 144 150 167 148 ' ,'0 0 0 0 0 0 0 0 0 0 0 0 ' ,32 ,1 ,2, 2
224 ,190, 199, '149 148 150 147 175 149 152 164 164 145 146 142 ' ,'0 0 0 0 0 0 0 0 0 0 0 0 ' ,48 ,0 ,1, 1
232 ,217, 206, '160 150 147 173 155 170 156 151 150 179 151 141 ' ,'0 0 0 0 0 0 0 0 0 0 0 0 ' ,57 ,1 ,2, 2
203 ,222, 181, '167 148 156 167 151 150 148 156 156 162 161 155 ' ,'0 0 0 0 0 0 0 0 0 0 0 0 ' ,27 ,1 ,2, 2
234 ,188, 205, '165 155 162 167 183 153 152 135 155 155 169 133 ' ,'0 0 0 0 0 0 0 0 0 0 0 0 ' ,64 ,1 ,1, 1
208 ,221, 186, '152 147 168 163 162 146 148 143 177 164 167 153 ' ,'0 0 0 0 0 0 0 0 0 0 0 0 ' ,35 ,1 ,1, 1
230 ,196, 207, '167 150 162 157 188 166 161 149 173 161 150 163 ' ,'0 0 0 0 0 0 0 0 0 0 0 0 ' ,49 ,1 ,1, 1
230 ,214, 199, '177 156 165 171 176 155 150 154 169 160 162 159 ' ,'0 0 0 0 0 0 0 0 0 0 0 0 ' ,41 ,1 ,2, 2
213 ,214, 186, '176 162 170 170 163 163 158 149 168 150 160 147 ' ,'0 0 0 0 0 0 0 0 0 0 0 0 ' ,29 ,1 ,2, 2
239 ,197, 215, '171 167 161 167 185 169 157 161 172 171 170 161 ' ,'0 0 0 0 0 0 0 0 0 0 0 0 ' ,50 ,1 ,2, 2
222 ,224, 200, '166 164 182 179 180 169 170 176 162 176 173 172 ' ,'0 0 0 0 0 0 0 0 0 0 0 0 ' ,29 ,1 ,1, 1
225 ,213, 199, '182 189 172 179 176 174 180 180 172 178 175 175 ' ,'0 0 0 0 0 0 0 0 0 0 0 0 ' ,19 ,1 ,2, 2
236 ,213, 216, '183 177 173 175 173 193 168 173 162 194 169 169 ' ,'0 0 0 0 0 0 0 0 0 0 0 0 ' ,45 ,1 ,2, 2
233 ,224, 203, '180 170 178 165 156 168 170 165 180 184 161 158 ' ,'0 0 0 0 0 0 0 0 0 0 0 0 ' ,38 ,1 ,1, 1
215 ,218, 191, '162 163 163 169 164 163 162 183 154 156 168 158 ' ,'0 0 0 0 0 0 0 0 0 0 0 0 ' ,31 ,1 ,1, 1
237 ,206, 212, '178 152 170 143 190 155 148 166 175 157 151 161 ' ,'0 0 0 0 0 0 0 0 0 0 0 0 ' ,62 ,1 ,2, 2
209 ,222, 183, '148 159 172 165 154 154 159 167 172 157 156 161 ' ,'0 0 0 0 0 0 0 0 0 0 0 0 ' ,24 ,1 ,1, 1
218 ,194, 194, '152 156 154 148 163 172 150 154 143 167 165 162 ' ,'0 0 0 0 0 0 0 0 0 0 0 0 ' ,43 ,1 ,2, 2
218 ,206, 191, '175 156 156 169 151 159 159 155 152 173 155 157 ' ,'0 0 0 0 0 0 0 0 0 0 0 0 ' ,33 ,1 ,2, 2
202 ,207, 177, '152 156 160 142 151 152 146 169 168 155 158 153 ' ,'0 0 0 0 0 0 0 0 0 0 0 0 ' ,29 ,1 ,1, 1
216 ,190, 191, '168 151 164 154 153 149 158 172 149 163 158 149 ' ,'0 0 0 0 0 0 0 0 0 0 0 0 ' ,33 ,1 ,2, 2
207 ,206, 183, '151 151 168 168 155 156 153 161 148 153 174 149 ' ,'0 0 0 0 0 0 0 0 0 0 0 0 ' ,28 ,1 ,1, 1
205 ,198, 179, '156 158 159 153 160 160 152 149 155 158 158 153 ' ,'0 0 0 0 0 0 0 0 0 0 0 0 ' ,21 ,1 ,2, 2
221 ,187, 195, '161 151 164 175 166 167 155 176 161 169 166 148 ' ,'0 0 0 0 0 0 0 0 0 0 0 0 ' ,35 ,1 ,2, 2
202 ,209, 185, '167 163 167 163 173 169 158 169 162 169 172 156 ' ,'0 0 0 0 0 0 0 0 0 0 0 0 ' ,20 ,1 ,2, 2
218 ,192, 198, '172 174 172 172 180 189 167 190 181 174 168 170 ' ,'0 0 0 0 0 0 0 0 0 0 0 0 ' ,24 ,0 ,1, 1
222 ,206, 205, '186 180 189 185 180 189 182 194 197 187 171 173 ' ,'0 0 0 0 0 0 0 0 0 0 0 0 ' ,26 ,1 ,2, 2
228 ,213, 208, '187 190 168 181 181 197 186 186 183 179 197 177 ' ,'0 0 0 0 0 0 0 0 0 0 0 0 ' ,32 ,1 ,2, 2
215 ,215, 197, '189 161 174 175 184 189 176 175 181 181 166 177 ' ,'0 0 0 0 0 0 0 0 0 0 0 0 ' ,30 ,1 ,1, 1
220 ,204, 200, '190 174 178 173 174 174 179 189 177 166 179 177 ' ,'0 0 0 0 0 0 0 0 0 0 0 0 ' ,27 ,1 ,2, 2
222 ,209, 206, '177 177 179 199 163 188 183 187 173 178 177 173 ' ,'0 0 0 0 0 0 0 0 0 0 0 0 ' ,26 ,1 ,1, 1
234 ,217, 212, '181 166 174 202 184 167 172 182 167 159 177 169 ' ,'0 0 0 0 0 0 0 0 0 0 0 0 ' ,38 ,1 ,2, 2
228 ,225, 205, '169 168 161 169 176 183 172 172 182 173 194 164 ' ,'0 0 0 0 0 0 0 0 0 0 0 0 ' ,35 ,1 ,1, 1
227 ,219, 204, '164 157 164 173 183 169 164 173 169 181 168 163 ' ,'0 0 0 0 0 0 0 0 0 0 0 0 ' ,40 ,1 ,1, 1
217 ,212, 190, '167 160 178 162 161 165 161 167 170 158 183 158 ' ,'0 0 0 0 0 0 0 0 0 0 0 0 ' ,26 ,2 ,1, 1
228 ,206, 205, '193 160 154 152 164 171 160 188 172 162 166 154 ' ,'0 0 0 0 0 0 0 0 0 0 0 0 ' ,44 ,2 ,1, 1
232 ,222, 201, '166 156 149 184 159 163 161 172 164 180 163 147 ' ,'0 0 0 0 0 0 0 0 0 0 0 0 ' ,45 ,1 ,2, 2
219 ,215, 192, '163 158 161 156 152 174 155 144 162 172 158 161 ' ,'0 0 0 0 0 0 0 0 0 0 0 0 ' ,39 ,1 ,1, 1
217 ,206, 195, '154 148 159 161 162 153 155 164 158 170 153 158 ' ,'0 0 0 0 0 0 0 0 0 0 0 0 ' ,40 ,1 ,2, 2
238 ,202, 213, '163 151 157 177 184 164 139 154 156 150 150 162 ' ,'0 0 0 0 0 0 0 0 0 0 0 0 ' ,66 ,1 ,2, 2
205 ,227, 179, '157 145 157 161 144 164 160 152 147 153 155 155 ' ,'0 0 0 0 0 0 0 0 0 0 0 0 ' ,28 ,1 ,1, 1
217 ,191, 193, '160 166 157 165 146 167 155 151 172 169 157 154 ' ,'0 0 0 0 0 0 0 0 0 0 0 0 ' ,34 ,1 ,1, 1
247 ,210, 218, '165 167 160 159 155 172 161 152 175 184 166 168 ' ,'0 0 0 0 0 0 0 0 0 0 0 0 ' ,57 ,1 ,2, 2
217 ,232, 193, '161 153 159 176 160 177 146 154 160 153 156 161 ' ,'0 0 0 0 0 0 0 0 0 0 0 0 ' ,35 ,1 ,2, 2
239 ,204, 213, '165 153 156 178 178 180 165 158 182 154 169 150 ' ,'0 0 0 0 0 0 0 0 0 0 0 0 ' ,47 ,2 ,2, 2
238 ,231, 214, '170 163 186 164 184 182 171 161 171 164 172 166 ' ,'0 0 0 0 0 0 0 0 0 0 0 0 ' ,44 ,1 ,1, 1
264 ,226, 229, '172 165 171 182 173 184 163 169 171 194 186 169 ' ,'0 0 0 0 0 0 0 0 0 0 0 0 ' ,56 ,2 ,2, 2
241 ,245, 207, '184 180 190 166 177 180 162 189 196 174 180 179 ' ,'0 0 0 0 0 0 0 0 0 0 0 0 ' ,34 ,1 ,1, 1
256 ,218, 228, '185 179 173 186 185 181 173 197 199 202 200 158 ' ,'0 0 0 0 0 0 0 0 0 0 0 0 ' ,61 ,1 ,1, 1
231 ,240, 203, '171 170 168 174 167 175 176 183 169 174 169 164 ' ,'0 0 0 0 0 0 0 0 0 0 0 0 ' ,27 ,1 ,2, 2
231 ,211, 204, '192 172 178 165 175 160 168 162 191 170 164 166 ' ,'0 0 0 0 0 0 0 0 0 0 0 0 ' ,37 ,1 ,1, 1
257 ,214, 227, '178 176 171 156 198 167 169 154 185 162 163 162 ' ,'0 0 0 0 0 0 0 0 0 0 0 0 ' ,64 ,1 ,1, 1
226 ,238, 198, '184 166 162 185 163 159 163 180 173 172 156 159 ' ,'0 0 0 0 0 0 0 0 0 0 0 0 ' ,33 ,1 ,1, 1
226 ,207, 201, '162 158 159 189 158 165 153 168 165 154 179 163 ' ,'0 0 0 0 0 0 0 0 0 0 0 0 ' ,34 ,1 ,2, 2
232 ,210, 203, '162 155 177 157 162 171 161 153 188 156 164 170 ' ,'0 0 0 0 0 0 0 0 0 0 0 0 ' ,38 ,2 ,1, 1
251 ,216, 217, '179 156 174 169 153 165 159 156 160 155 151 151 ' ,'0 0 0 0 0 0 0 0 0 0 0 0 ' ,57 ,1 ,1, 1
214 ,231, 184, '150 159 155 164 149 153 149 166 155 150 173 152 ' ,'0 0 0 0 0 0 0 0 0 0 0 0 ' ,29 ,1 ,2, 2
224 ,200, 188, '156 165 142 147 164 147 158 166 153 157 157 152 ' ,'0 0 0 0 0 0 0 0 0 0 0 0 ' ,42 ,1 ,1, 1
253 ,204, 226, '157 163 161 154 165 166 151 153 163 195 174 154 ' ,'0 0 0 0 0 0 0 0 0 0 0 0 ' ,63 ,1 ,2, 2
251 ,236, 220, '162 176 175 153 193 177 173 160 179 157 167 152 ' ,'0 0 0 0 0 0 0 0 0 0 0 0 ' ,61 ,1 ,1, 1
238 ,233, 205, '190 170 173 180 194 188 175 176 176 168 169 182 ' ,'0 0 0 0 0 0 0 0 0 0 0 0 ' ,30 ,1 ,2, 2
226 ,222, 206, '173 181 178 173 174 197 170 183 189 185 175 177 ' ,'0 0 0 0 0 0 0 0 0 0 0 0 ' ,29 ,1 ,2, 2
227 ,218, 208, '168 179 174 181 188 177 179 197 179 186 191 165 ' ,'0 0 0 0 0 0 0 0 0 0 0 0 ' ,35 ,1 ,1, 1
213 ,216, 195, '183 181 176 180 180 188 184 184 163 176 170 170 ' ,'0 0 0 0 0 0 0 0 0 0 0 0 ' ,25 ,1 ,2, 2
339 ,202, 321, '171 171 174 187 183 183 176 174 170 187 192 160 ' ,'0 0 0 0 0 0 0 0 0 0 0 0 ' ,151 ,120 ,2, 2
241 ,331, 220, '200 171 175 182 195 183 174 186 172 185 172 167 ' ,'0 0 0 0 0 0 0 0 0 0 0 0 ' ,36 ,1 ,1, 1
231 ,230, 212, '182 166 173 175 175 205 151 171 181 179 170 169 ' ,'0 0 0 0 0 0 0 0 0 0 0 0 ' ,53 ,1 ,1, 1
250 ,221, 215, '183 172 153 167 194 184 175 173 172 177 164 166 ' ,'0 0 0 0 0 0 0 0 0 0 0 0 ' ,61 ,0 ,1, 1
259 ,231, 226, '163 166 164 156 164 174 160 161 151 191 170 148 ' ,'0 0 0 0 0 0 0 0 0 0 0 0 ' ,65 ,1 ,2, 2
218 ,240, 193, '153 152 155 148 156 150 141 147 143 164 154 145 ' ,'0 0 0 0 0 0 0 0 0 0 0 0 ' ,46 ,1 ,1, 1
269 ,202, 234, '172 150 156 156 165 154 150 160 145 155 147 149 ' ,'0 0 0 0 0 0 0 0 0 0 0 0 ' ,82 ,39 ,1, 1
245 ,249, 207, '158 163 160 165 169 163 144 162 169 175 155 151 ' ,'0 0 0 0 0 0 0 0 0 0 0 0 ' ,57 ,1 ,1, 1
229 ,224, 197, '155 160 179 160 166 166 152 164 154 155 171 148 ' ,'0 0 0 0 0 0 0 0 0 0 0 0 ' ,38 ,0 ,1, 1
240 ,213, 196, '171 164 172 172 170 160 169 156 162 167 161 163 ' ,'0 0 0 0 0 0 0 0 0 0 0 0 ' ,36 ,0 ,2, 2
237 ,214, 212, '166 177 175 166 178 169 172 174 184 186 171 163 ' ,'0 0 0 0 0 0 0 0 0 0 0 0 ' ,41 ,1 ,2, 2
262 ,221, 235, '171 180 162 149 174 163 173 172 181 164 171 166 ' ,'0 0 0 0 0 0 0 0 0 0 0 0 ' ,73 ,29 ,1, 1
265 ,246, 238, '193 176 173 180 203 185 167 202 186 181 179 164 ' ,'0 0 0 0 0 0 0 0 0 0 0 0 ' ,56 ,2 ,2, 2
268 ,249, 244, '176 179 174 170 193 194 178 195 186 207 178 162 ' ,'0 0 0 0 0 0 0 0 0 0 0 0 ' ,60 ,1 ,2, 2
257 ,252, 226, '168 172 188 175 196 208 181 173 157 176 158 171 ' ,'0 0 0 0 0 0 0 0 0 0 0 0 ' ,59 ,1 ,2, 1
244 ,239, 207, '162 176 158 170 180 171 168 166 153 160 172 163 ' ,'0 0 0 0 0 0 0 0 0 0 0 0 ' ,48 ,2 ,1, 1
253 ,222, 220, '162 185 158 176 167 160 174 163 148 163 152 156 ' ,'0 0 0 0 0 0 0 0 0 0 0 0 ' ,64 ,21 ,2, 2
231 ,235, 197, '147 161 151 160 160 167 158 160 144 151 165 165 ' ,'0 0 0 0 0 0 0 0 0 0 0 0 ' ,42 ,1 ,1, 1
226 ,210, 191, '158 155 169 158 159 164 149 163 178 157 171 162 ' ,'0 0 0 0 0 0 0 0 0 0 0 0 ' ,34 ,0 ,1, 1
243 ,207, 213, '163 160 159 162 165 152 157 156 153 180 172 157 ' ,'0 0 0 0 0 0 0 0 0 0 0 0 ' ,53 ,0 ,1, 1
219 ,225, 189, '162 171 166 164 157 158 157 175 157 150 163 163 ' ,'0 0 0 0 0 0 0 0 0 0 0 0 ' ,24 ,1 ,1, 1
239 ,203, 214, '159 158 158 167 158 157 170 164 166 148 185 158 ' ,'0 0 0 0 0 0 0 0 0 0 0 0 ' ,46 ,15 ,1, 1
244 ,222, 217, '149 173 166 171 182 145 166 162 163 156 164 168 ' ,'0 0 0 0 0 0 0 0 0 0 0 0 ' ,62 ,1 ,1, 1
242 ,229, 217, '192 170 175 167 176 166 167 184 195 167 183 171 ' ,'0 0 0 0 0 0 0 0 0 0 0 0 ' ,34 ,1 ,3, 3
286 ,227, 240, '199 180 185 167 212 177 173 193 193 173 192 187 ' ,'0 0 0 0 0 0 0 0 0 0 0 0 ' ,67 ,1 ,2, 2
245 ,258, 214, '179 189 181 180 172 186 170 183 176 184 194 187 ' ,'0 0 0 0 0 0 0 0 0 0 0 0 ' ,35 ,1 ,1, 1
375 ,224, 347, '199 192 185 179 237 188 179 200 197 176 182 190 ' ,'0 0 0 0 0 0 0 0 0 0 0 0 ' ,154 ,77 ,2, 2
258 ,356, 233, '189 175 182 187 195 173 184 193 194 174 197 178 ' ,'0 0 0 0 0 0 0 0 0 0 0 0 ' ,44 ,1 ,2, 2
251 ,242, 222, '169 182 169 178 180 186 165 193 164 190 171 184 ' ,'0 0 0 0 0 0 0 0 0 0 0 0 ' ,49 ,1 ,1, 1
232 ,231, 205, '182 180 167 176 165 170 163 166 165 168 154 159 ' ,'0 0 0 0 0 0 0 0 0 0 0 0 ' ,33 ,1 ,1, 1
226 ,214, 197, '157 161 146 181 158 182 141 171 159 155 163 163 ' ,'0 0 0 0 0 0 0 0 0 0 0 0 ' ,42 ,1 ,1, 1
216 ,208, 182, '144 152 145 144 151 158 148 159 130 148 162 154 ' ,'0 0 0 0 0 0 0 0 0 0 0 0 ' ,43 ,1 ,0, 0
220 ,199, 195, '159 172 141 157 147 170 157 154 145 164 155 163 ' ,'0 0 0 0 0 0 0 0 0 0 0 0 ' ,41 ,1 ,1, 1
197 ,204, 179, '161 154 154 172 171 175 153 169 154 155 165 151 ' ,'0 0 0 0 0 0 0 0 0 0 0 0 ' ,21 ,0 ,0, 0
209 ,190, 192, '156 166 162 162 182 156 164 171 171 159 155 163 ' ,'0 0 0 0 0 0 0 0 0 0 0 0 ' ,28 ,1 ,1, 1
217 ,200, 199, '172 169 163 157 170 165 163 173 166 167 180 173 ' ,'0 0 0 0 0 0 0 0 0 0 0 0 ' ,32 ,1 ,2, 2
216 ,204, 201, '189 169 180 174 181 172 186 175 192 163 162 175 ' ,'0 0 0 0 0 0 0 0 0 0 0 0 ' ,30 ,1 ,1, 1
211 ,208, 195, '176 164 185 161 177 172 173 173 174 167 176 179 ' ,'0 0 0 0 0 0 0 0 0 0 0 0 ' ,27 ,0 ,2, 2
217 ,201, 201, '175 180 182 163 172 183 184 182 192 180 176 169 ' ,'0 0 0 0 0 0 0 0 0 0 0 0 ' ,30 ,2 ,2, 2
257 ,209, 222, '175 174 192 170 183 177 188 180 190 194 181 187 ' ,'0 0 0 0 0 0 0 0 0 0 0 0 ' ,49 ,1 ,2, 2
247 ,238, 217, '185 189 202 167 183 200 173 175 193 184 178 190 ' ,'0 0 0 0 0 0 0 0 0 0 0 0 ' ,40 ,2 ,2, 2
248 ,227, 219, '181 185 182 157 169 173 179 185 199 185 195 167 ' ,'0 0 0 0 0 0 0 0 0 0 0 0 ' ,52 ,1 ,2, 2
248 ,231, 221, '196 176 181 169 186 189 179 189 174 182 177 188 ' ,'0 0 0 0 0 0 0 0 0 0 0 0 ' ,40 ,2 ,1, 1
239 ,232, 204, '158 161 173 187 178 193 171 183 166 168 165 174 ' ,'0 0 0 0 0 0 0 0 0 0 0 0 ' ,41 ,1 ,1, 1
219 ,221, 195, '155 163 140 169 152 166 158 169 159 162 171 148 ' ,'0 0 0 0 0 0 0 0 0 0 0 0 ' ,40 ,1 ,1, 1
222 ,205, 195, '151 142 154 158 149 159 142 148 158 150 143 161 ' ,'0 0 0 0 0 0 0 0 0 0 0 0 ' ,41 ,1 ,2, 2
224 ,208, 190, '155 157 164 166 160 166 154 161 158 163 160 157 ' ,'0 0 0 0 0 0 0 0 0 0 0 0 ' ,27 ,1 ,2, 2
220 ,205, 191, '167 161 157 154 157 150 153 163 155 158 152 165 ' ,'0 0 0 0 0 0 0 0 0 0 0 0 ' ,29 ,1 ,0, 0
214 ,202, 192, '157 160 157 135 154 154 148 149 157 157 174 157 ' ,'0 0 0 0 0 0 0 0 0 0 0 0 ' ,45 ,1 ,1, 1
215 ,202, 185, '172 153 168 158 153 152 167 153 161 151 168 157 ' ,'0 0 0 0 0 0 0 0 0 0 0 0 ' ,24 ,2 ,1, 1
235 ,198, 189, '158 160 163 149 146 153 155 163 157 159 167 154 ' ,'0 0 0 0 0 0 0 0 0 0 0 0 ' ,37 ,1 ,1, 1
242 ,217, 213, '155 157 158 161 151 172 153 169 176 175 158 159 ' ,'0 0 0 0 0 0 0 0 0 0 0 0 ' ,42 ,1 ,2, 2
238 ,221, 211, '171 166 163 149 173 169 157 175 175 174 165 167 ' ,'0 0 0 0 0 0 0 0 0 0 0 0 ' ,53 ,1 ,2, 2
250 ,221, 221, '169 166 172 189 186 168 179 177 166 172 181 182 ' ,'0 0 0 0 0 0 0 0 0 0 0 0 ' ,42 ,0 ,2, 2
266 ,231, 237, '177 165 206 173 183 187 174 176 180 204 183 177 ' ,'0 0 0 0 0 0 0 0 0 0 0 0 ' ,61 ,2 ,2, 2
268 ,247, 241, '173 180 205 177 206 191 179 183 175 190 174 177 ' ,'0 0 0 0 0 0 0 0 0 0 0 0 ' ,54 ,1 ,2, 2
258 ,250, 229, '176 178 172 159 176 192 183 166 171 189 191 164 ' ,'0 0 0 0 0 0 0 0 0 0 0 0 ' ,57 ,2 ,1, 1
236 ,239, 210, '167 173 152 169 175 188 164 167 163 163 157 160 ' ,'0 0 0 0 0 0 0 0 0 0 0 0 ' ,44 ,1 ,1, 1
242 ,222, 215, '176 164 163 184 165 166 153 169 153 174 169 169 ' ,'0 0 0 0 0 0 0 0 0 0 0 0 ' ,50 ,2 ,2, 2
255 ,223, 219, '178 153 157 171 173 185 151 161 141 153 160 158 ' ,'0 0 0 0 0 0 0 0 0 0 0 0 ' ,70 ,1 ,1, 1
222 ,235, 193, '166 152 148 164 153 160 155 157 149 151 150 148 ' ,'0 0 0 0 0 0 0 0 0 0 0 0 ' ,32 ,1 ,1, 1
237 ,204, 208, '159 162 159 166 163 149 151 150 142 147 152 158 ' ,'0 0 0 0 0 0 0 0 0 0 0 0 ' ,57 ,2 ,1, 1
216 ,218, 191, '144 152 154 166 160 166 153 154 149 156 152 156 ' ,'0 0 0 0 0 0 0 0 0 0 0 0 ' ,39 ,0 ,1, 1
232 ,201, 199, '166 163 156 170 155 158 150 148 157 158 178 154 ' ,'0 0 0 0 0 0 0 0 0 0 0 0 ' ,41 ,1 ,1, 1
244 ,216, 212, '154 166 168 167 178 175 152 161 165 162 164 168 ' ,'0 0 0 0 0 0 0 0 0 0 0 0 ' ,54 ,1 ,1, 1
247 ,226, 214, '163 167 156 166 172 161 168 166 185 156 193 163 ' ,'0 0 0 0 0 0 0 0 0 0 0 0 ' ,45 ,1 ,1, 1
253 ,225, 224, '190 163 182 161 184 163 167 164 190 174 173 168 ' ,'0 0 0 0 0 0 0 0 0 0 0 0 ' ,49 ,1 ,1, 1
264 ,234, 237, '168 162 173 166 195 156 160 163 177 164 177 166 ' ,'0 0 0 0 0 0 0 0 0 0 0 0 ' ,68 ,1 ,2, 2
239 ,246, 212, '168 161 170 181 170 179 174 178 191 174 171 166 ' ,'0 0 0 0 0 0 0 0 0 0 0 0 ' ,39 ,1 ,1, 1
232 ,223, 214, '181 171 181 177 175 201 184 191 199 183 186 193 ' ,'0 0 0 0 0 0 0 0 0 0 0 0 ' ,35 ,1 ,2, 2
234 ,223, 216, '184 161 192 174 177 205 173 186 174 176 175 179 ' ,'0 0 0 0 0 0 0 0 0 0 0 0 ' ,46 ,1 ,2, 2
224 ,223, 202, '157 164 165 178 176 192 162 184 169 170 170 170 ' ,'0 0 0 0 0 0 0 0 0 0 0 0 ' ,35 ,1 ,2, 2
232 ,209, 206, '172 181 163 193 165 194 173 181 157 175 163 174 ' ,'0 0 0 0 0 0 0 0 0 0 0 0 ' ,41 ,3 ,1, 1
222 ,218, 205, '166 174 165 167 162 176 163 191 167 172 158 159 ' ,'0 0 0 0 0 0 0 0 0 0 0 0 ' ,36 ,1 ,2, 2
212 ,212, 196, '170 157 140 153 175 168 146 182 159 161 152 148 ' ,'0 0 0 0 0 0 0 0 0 0 0 0 ' ,45 ,2 ,1, 1
231 ,202, 203, '155 157 155 138 147 154 147 162 157 159 147 157 ' ,'0 0 0 0 0 0 0 0 0 0 0 0 ' ,54 ,2 ,1, 1
254 ,213, 219, '151 155 163 156 179 147 147 161 157 152 159 157 ' ,'0 0 0 0 0 0 0 0 0 0 0 0 ' ,62 ,1 ,1, 1
232 ,235, 206, '155 152 154 164 167 167 144 156 143 153 149 149 ' ,'0 0 0 0 0 0 0 0 0 0 0 0 ' ,52 ,2 ,1, 1
223 ,216, 196, '146 140 159 148 156 156 150 162 178 157 150 154 ' ,'0 0 0 0 0 0 0 0 0 0 0 0 ' ,44 ,1 ,1, 1
238 ,205, 210, '176 151 142 160 167 170 163 166 169 169 171 175 ' ,'0 0 0 0 0 0 0 0 0 0 0 0 ' ,50 ,1 ,2, 2
267 ,220, 241, '183 169 177 171 197 166 173 166 176 179 171 164 ' ,'0 0 0 0 0 0 0 0 0 0 0 0 ' ,60 ,1 ,2, 2
270 ,252, 236, '175 181 180 190 202 184 170 172 171 176 186 171 ' ,'0 0 0 0 0 0 0 0 0 0 0 0 ' ,63 ,2 ,2, 2
278 ,250, 249, '181 164 176 183 185 197 192 176 173 209 186 178 ' ,'0 0 0 0 0 0 0 0 0 0 0 0 ' ,74 ,1 ,1, 1
268 ,261, 237, '190 169 172 150 183 184 180 197 182 193 185 185 ' ,'0 0 0 0 0 0 0 0 0 0 0 0 ' ,74 ,2 ,2, 2
263 ,247, 234, '184 169 184 208 192 188 185 182 171 187 177 180 ' ,'0 0 0 0 0 0 0 0 0 0 0 0 ' ,52 ,1 ,2, 2
250 ,242, 222, '176 186 189 182 187 208 184 176 176 173 192 178 ' ,'0 0 0 0 0 0 0 0 0 0 0 0 ' ,37 ,1 ,2, 2
251 ,232, 220, '176 177 184 192 178 170 167 189 184 176 198 187 ' ,'0 0 0 0 0 0 0 0 0 0 0 0 ' ,39 ,2 ,2, 2
249 ,233, 218, '171 170 197 177 181 172 162 193 179 176 169 188 ' ,'0 0 0 0 0 0 0 0 0 0 0 0 ' ,49 ,1 ,1, 1
243 ,233, 215, '172 167 168 199 169 167 162 184 167 175 167 166 ' ,'0 0 0 0 0 0 0 0 0 0 0 0 ' ,47 ,1 ,1, 1
244 ,231, 217, '167 158 167 164 160 162 156 175 156 171 176 162 ' ,'0 0 0 0 0 0 0 0 0 0 0 0 ' ,44 ,1 ,2, 2
229 ,227, 201, '157 164 146 162 153 154 158 167 165 154 166 165 ' ,'0 0 0 0 0 0 0 0 0 0 0 0 ' ,39 ,1 ,1, 1
215 ,209, 193, '150 166 172 157 156 150 151 159 170 153 155 157 ' ,'0 0 0 0 0 0 0 0 0 0 0 0 ' ,31 ,0 ,2, 2
248 ,201, 212, '156 152 148 162 154 154 162 167 147 172 153 141 ' ,'0 0 0 0 0 0 0 0 0 0 0 0 ' ,64 ,1 ,1, 1
250 ,232, 223, '166 151 153 173 163 157 153 185 169 189 150 159 ' ,'0 0 0 0 0 0 0 0 0 0 0 0 ' ,65 ,2 ,1, 1
248 ,233, 215, '167 155 159 165 168 164 158 154 174 166 185 162 ' ,'0 0 0 0 0 0 0 0 0 0 0 0 ' ,53 ,2 ,1, 1
257 ,230, 226, '170 157 167 157 170 155 166 159 185 191 170 168 ' ,'0 0 0 0 0 0 0 0 0 0 0 0 ' ,59 ,1 ,1, 1
256 ,237, 228, '177 177 174 172 183 190 183 166 162 179 174 177 ' ,'0 0 0 0 0 0 0 0 0 0 0 0 ' ,53 ,2 ,1, 1
263 ,239, 237, '185 169 171 174 194 177 164 190 185 190 164 171 ' ,'0 0 0 0 0 0 0 0 0 0 0 0 ' ,60 ,2 ,2, 2
258 ,244, 229, '192 168 193 168 179 171 186 191 182 185 173 183 ' ,'0 0 0 0 0 0 0 0 0 0 0 0 ' ,49 ,1 ,1, 1
251 ,240, 214, '173 168 184 156 165 153 174 194 173 172 180 171 ' ,'0 0 0 0 0 0 0 0 0 0 0 0 ' ,55 ,1 ,2, 2
250 ,235, 222, '184 171 169 169 177 168 164 189 159 178 171 162 ' ,'0 0 0 0 0 0 0 0 0 0 0 0 ' ,50 ,2 ,2, 2
243 ,233, 218, '172 168 168 180 164 165 159 171 150 176 156 164 ' ,'0 0 0 0 0 0 0 0 0 0 0 0 ' ,55 ,1 ,2, 2
251 ,227, 218, '163 171 163 156 179 187 154 175 167 165 145 163 ' ,'0 0 0 0 0 0 0 0 0 0 0 0 ' ,57 ,2 ,1, 1
231 ,231, 199, '157 179 162 176 170 166 158 168 160 152 150 165 ' ,'0 0 0 0 0 0 0 0 0 0 0 0 ' ,46 ,1 ,1, 1
241 ,215, 211, '172 168 157 154 168 162 169 156 155 165 142 158 ' ,'0 0 0 0 0 0 0 0 0 0 0 0 ' ,54 ,1 ,1, 1
203 ,222, 186, '167 169 163 162 154 157 151 162 159 167 156 158 ' ,'0 0 0 0 0 0 0 0 0 0 0 0 ' ,24 ,2 ,1, 1
199 ,192, 181, '154 160 163 147 148 154 153 166 154 162 167 154 ' ,'0 0 0 0 0 0 0 0 0 0 0 0 ' ,29 ,2 ,2, 2
196 ,191, 181, '154 146 144 148 168 167 151 165 164 150 155 153 ' ,'0 0 0 0 0 0 0 0 0 0 0 0 ' ,27 ,1 ,1, 1
200 ,189, 182, '150 155 141 149 152 157 155 157 168 159 169 153 ' ,'0 0 0 0 0 0 0 0 0 0 0 0 ' ,31 ,2 ,1, 1
198 ,191, 180, '160 149 144 154 140 157 156 161 158 160 165 158 ' ,'0 0 0 0 0 0 0 0 0 0 0 0 ' ,28 ,1 ,2, 2
194 ,188, 176, '142 156 156 161 164 156 156 154 160 147 165 162 ' ,'0 0 0 0 0 0 0 0 0 0 0 0 ' ,24 ,1 ,1, 1
228 ,183, 200, '152 157 155 165 158 144 146 155 159 156 169 151 ' ,'0 0 0 0 0 0 0 0 0 0 0 0 ' ,46 ,1 ,1, 1
257 ,211, 229, '164 164 149 161 160 150 156 155 139 148 164 160 ' ,'0 0 0 0 0 0 0 0 0 0 0 0 ' ,79 ,28 ,1, 1
237 ,237, 210, '168 148 151 173 173 155 150 157 162 152 162 154 ' ,'0 0 0 0 0 0 0 0 0 0 0 0 ' ,47 ,1 ,1, 1
239 ,219, 212, '185 161 159 155 171 156 160 161 167 160 173 168 ' ,'0 0 0 0 0 0 0 0 0 0 0 0 ' ,47 ,0 ,1, 1
248 ,223, 212, '197 171 160 176 168 177 170 183 173 174 182 175 ' ,'0 0 0 0 0 0 0 0 0 0 0 0 ' ,44 ,1 ,1, 1
262 ,231, 226, '198 189 177 194 187 179 174 200 175 184 178 175 ' ,'0 0 0 0 0 0 0 0 0 0 0 0 ' ,47 ,1 ,1, 1
273 ,243, 250, '180 183 179 203 186 194 185 186 183 190 188 186 ' ,'0 0 0 0 0 0 0 0 0 0 0 0 ' ,55 ,21 ,2, 2
248 ,260, 219, '188 174 185 159 185 204 179 186 190 165 182 175 ' ,'0 0 0 0 0 0 0 0 0 0 0 0 ' ,54 ,2 ,1, 1
246 ,236, 213, '167 168 154 171 167 170 165 181 160 169 150 159 ' ,'0 0 0 0 0 0 0 0 0 0 0 0 ' ,54 ,1 ,2, 2
238 ,228, 209, '171 172 157 149 161 184 155 176 168 161 164 165 ' ,'0 0 0 0 0 0 0 0 0 0 0 0 ' ,46 ,2 ,2, 2
244 ,220, 219, '174 172 162 170 176 182 158 173 162 155 167 163 ' ,'0 0 0 0 0 0 0 0 0 0 0 0 ' ,45 ,2 ,2, 2
242 ,228, 214, '186 170 171 143 173 171 153 168 161 162 176 148 ' ,'0 0 0 0 0 0 0 0 0 0 0 0 ' ,55 ,2 ,1, 1
245 ,225, 205, '188 168 157 158 164 166 154 163 177 157 162 159 ' ,'0 0 0 0 0 0 0 0 0 0 0 0 ' ,44 ,1 ,1, 0
228 ,225, 195, '159 170 164 154 152 161 149 159 172 150 163 145 ' ,'0 0 0 0 0 0 0 0 0 0 0 0 ' ,33 ,2 ,2, 2
262 ,205, 224, '152 156 166 148 186 142 135 148 147 152 157 154 ' ,'0 0 0 0 0 0 0 0 0 0 0 0 ' ,79 ,2 ,2, 2
360 ,240, 336, '172 147 154 166 162 158 159 167 194 161 164 152 ' ,'0 0 0 168 0 0 0 0 183 0 0 0 ' ,177 ,2 ,2, 2
247 ,406, 220, '170 172 176 171 181 175 172 188 186 173 177 168 ' ,'0 0 0 0 0 0 0 0 0 0 0 0 ' ,42 ,2 ,1, 1
272 ,229, 245, '170 163 170 172 199 175 173 181 186 178 184 172 ' ,'0 0 0 0 0 0 0 0 0 0 0 0 ' ,74 ,1 ,1, 1
265 ,255, 236, '183 169 168 178 183 184 185 180 185 194 189 179 ' ,'0 0 0 0 0 0 0 0 0 0 0 0 ' ,52 ,2 ,2, 2
286 ,246, 258, '178 170 188 199 204 187 187 194 189 211 182 168 ' ,'0 0 0 0 0 0 0 0 0 0 0 0 ' ,74 ,1 ,3, 3
253 ,268, 219, '186 174 171 180 180 179 186 195 187 179 179 180 ' ,'0 0 0 0 0 0 0 0 0 0 0 0 ' ,39 ,2 ,3, 3
247 ,234, 223, '199 179 172 166 178 179 182 210 186 171 171 177 ' ,'0 0 0 0 0 0 0 0 0 0 0 0 ' ,46 ,1 ,1, 1
252 ,233, 218, '176 174 160 156 167 170 164 172 181 165 173 160 ' ,'0 0 0 0 0 0 0 0 0 0 0 0 ' ,54 ,1 ,2, 2
239 ,234, 211, '175 162 171 160 166 167 165 175 167 167 177 162 ' ,'0 0 0 0 0 0 0 0 0 0 0 0 ' ,36 ,1 ,2, 2
242 ,222, 217, '182 161 158 166 174 166 163 171 162 164 162 160 ' ,'0 0 0 0 0 0 0 0 0 0 0 0 ' ,44 ,1 ,2, 2
245 ,227, 219, '159 166 160 151 168 179 156 167 159 171 154 162 ' ,'0 0 0 0 0 0 0 0 0 0 0 0 ' ,50 ,1 ,2, 2
237 ,228, 210, '161 163 168 143 154 183 154 149 176 161 164 158 ' ,'0 0 0 0 0 0 0 0 0 0 0 0 ' ,58 ,1 ,1, 1
234 ,219, 202, '157 163 152 153 158 174 153 175 164 147 158 162 ' ,'0 0 0 0 0 0 0 0 0 0 0 0 ' ,43 ,1 ,1, 1
243 ,217, 214, '156 164 147 156 170 161 169 156 153 153 150 161 ' ,'0 0 0 0 0 0 0 0 0 0 0 0 ' ,52 ,1 ,1, 1
229 ,225, 198, '158 156 160 150 160 160 158 171 164 155 149 162 ' ,'0 0 0 0 0 0 0 0 0 0 0 0 ' ,44 ,1 ,1, 1
204 ,209, 186, '163 151 164 161 152 172 153 162 159 144 160 148 ' ,'0 0 0 0 0 0 0 0 0 0 0 0 ' ,32 ,1 ,1, 1
212 ,195, 188, '155 147 173 163 162 173 150 162 158 158 163 147 ' ,'0 0 0 0 0 0 0 0 0 0 0 0 ' ,32 ,1 ,1, 1
360 ,203, 344, '160 156 160 154 330 171 156 153 165 159 172 164 ' ,'0 0 0 0 131 0 0 0 0 0 0 0 ' ,181 ,2 ,2, 2
218 ,350, 200, '169 167 166 176 176 185 162 180 184 184 181 166 ' ,'0 0 0 0 0 0 0 0 0 0 0 0 ' ,27 ,1 ,2, 2
225 ,207, 206, '186 161 181 194 194 175 183 181 178 187 188 172 ' ,'0 0 0 0 0 0 0 0 0 0 0 0 ' ,34 ,1 ,2, 2
231 ,216, 214, '200 175 173 179 193 182 167 185 183 186 183 159 ' ,'0 0 0 0 0 0 0 0 0 0 0 0 ' ,45 ,2 ,1, 1
271 ,221, 238, '181 172 187 178 189 190 173 178 195 184 188 177 ' ,'0 0 0 0 0 0 0 0 0 0 0 0 ' ,60 ,1 ,2, 2
258 ,254, 232, '183 174 211 183 189 195 191 177 189 178 205 173 ' ,'0 0 0 0 0 0 0 0 0 0 0 0 ' ,46 ,2 ,2, 2
281 ,243, 254, '178 174 198 190 207 197 193 181 190 190 181 171 ' ,'0 0 0 0 0 0 0 0 0 0 0 0 ' ,71 ,2 ,1, 1
272 ,263, 244, '186 187 193 181 192 201 193 185 179 188 171 178 ' ,'0 0 0 0 0 0 0 0 0 0 0 0 ' ,60 ,2 ,1, 1
287 ,254, 259, '166 178 190 182 199 192 163 195 174 173 187 166 ' ,'0 0 0 0 0 0 0 0 0 0 0 0 ' ,81 ,1 ,2, 2
262 ,270, 238, '188 180 167 166 191 195 190 193 171 189 182 188 ' ,'0 0 0 0 0 0 0 0 0 0 0 0 ' ,61 ,1 ,1, 1
256 ,249, 228, '174 178 187 177 184 170 180 180 174 172 178 153 ' ,'0 0 0 0 0 0 0 0 0 0 0 0 ' ,59 ,2 ,1, 1
249 ,237, 216, '156 167 160 159 158 151 166 169 145 174 154 155 ' ,'0 0 0 0 0 0 0 0 0 0 0 0 ' ,69 ,1 ,1, 1
243 ,237, 216, '152 164 161 147 168 159 156 155 160 153 152 156 ' ,'0 0 0 0 0 0 0 0 0 0 0 0 ' ,55 ,2 ,2, 2
261 ,225, 223, '144 152 156 154 151 159 153 152 152 168 166 164 ' ,'0 0 0 0 0 0 0 0 0 0 0 0 ' ,72 ,1 ,1, 1
242 ,240, 213, '148 163 168 166 159 157 154 152 162 151 160 156 ' ,'0 0 0 0 0 0 0 0 0 0 0 0 ' ,51 ,1 ,2, 2
251 ,223, 216, '141 151 163 153 158 158 155 154 166 152 157 177 ' ,'0 0 0 0 0 0 0 0 0 0 0 0 ' ,68 ,1 ,1, 1
