202 ,0, 104, '47 47 36 38 33 32 35 41 ' ,'0 0 0 0 0 0 0 0 ' ,26 ,6 ,14, 14
520 ,139, 494, '275 284 299 278 259 261 257 281 ' ,'0 0 0 0 0 0 0 0 ' ,209 ,167 ,17, 16
283 ,503, 256, '225 236 222 239 201 227 201 207 ' ,'0 0 0 0 0 0 0 0 ' ,42 ,1 ,3, 2
299 ,270, 273, '242 256 254 243 238 214 217 225 ' ,'0 0 0 0 0 0 0 0 ' ,43 ,2 ,3, 3
299 ,283, 246, '261 256 250 248 232 215 228 221 ' ,'0 0 0 0 0 0 0 0 ' ,48 ,2 ,1, 1
317 ,288, 287, '266 275 259 271 265 232 233 222 ' ,'0 0 0 0 0 0 0 0 ' ,57 ,1 ,4, 4
361 ,301, 334, '315 259 274 269 262 218 258 247 ' ,'0 0 0 0 0 0 0 0 ' ,104 ,2 ,4, 4
335 ,343, 306, '283 269 290 263 244 227 237 221 ' ,'0 0 0 0 0 0 0 0 ' ,69 ,2 ,3, 3
340 ,316, 312, '287 261 270 247 233 236 245 232 ' ,'0 0 0 0 0 0 0 0 ' ,65 ,3 ,3, 3
314 ,327, 290, '267 247 253 275 209 225 236 214 ' ,'0 0 0 0 0 0 0 0 ' ,65 ,2 ,3, 3
288 ,302, 264, '241 238 242 228 210 204 203 204 ' ,'0 0 0 0 0 0 0 0 ' ,50 ,3 ,3, 3
269 ,276, 248, '227 221 229 212 185 205 196 202 ' ,'0 0 0 0 0 0 0 0 ' ,44 ,4 ,2, 2
265 ,255, 243, '223 229 221 229 209 215 211 194 ' ,'0 0 0 0 0 0 0 0 ' ,35 ,1 ,3, 3
274 ,257, 251, '236 220 226 230 200 197 215 208 ' ,'0 0 0 0 0 0 0 0 ' ,46 ,3 ,1, 1
331 ,263, 302, '288 235 248 245 236 212 231 229 ' ,'0 0 0 0 0 0 0 0 ' ,70 ,2 ,3, 3
323 ,316, 296, '278 267 282 239 218 220 236 221 ' ,'0 0 0 0 0 0 0 0 ' ,62 ,3 ,4, 4
377 ,308, 355, '313 264 283 261 229 228 234 247 ' ,'0 0 0 0 0 0 0 0 ' ,116 ,31 ,3, 3
326 ,367, 300, '286 268 258 266 247 247 227 256 ' ,'0 0 0 0 0 0 0 0 ' ,65 ,1 ,1, 1
336 ,313, 310, '296 263 265 267 223 233 250 242 ' ,'0 0 0 0 0 0 0 0 ' ,67 ,1 ,3, 3
325 ,321, 301, '284 281 288 288 242 230 248 233 ' ,'0 0 0 0 0 0 0 0 ' ,61 ,1 ,3, 3
304 ,315, 282, '269 255 244 261 234 233 231 235 ' ,'0 0 0 0 0 0 0 0 ' ,41 ,1 ,3, 3
329 ,294, 305, '292 273 269 254 260 234 238 248 ' ,'0 0 0 0 0 0 0 0 ' ,61 ,1 ,3, 3
309 ,315, 282, '270 260 264 271 241 227 222 251 ' ,'0 0 0 0 0 0 0 0 ' ,51 ,1 ,2, 2
315 ,300, 288, '275 246 257 262 243 222 229 220 ' ,'0 0 0 0 0 0 0 0 ' ,58 ,1 ,3, 3
304 ,299, 282, '248 241 247 239 259 213 218 231 ' ,'0 0 0 0 0 0 0 0 ' ,58 ,2 ,3, 3
314 ,291, 287, '257 267 251 247 249 218 219 233 ' ,'0 0 0 0 0 0 0 0 ' ,57 ,1 ,3, 3
303 ,298, 275, '267 240 258 239 223 217 219 217 ' ,'0 0 0 0 0 0 0 0 ' ,52 ,0 ,3, 3
274 ,290, 250, '237 238 238 225 213 209 217 204 ' ,'0 0 0 0 0 0 0 0 ' ,36 ,1 ,1, 1
269 ,262, 245, '233 226 224 220 202 203 193 201 ' ,'0 0 0 0 0 0 0 0 ' ,42 ,2 ,2, 2
292 ,256, 271, '257 227 225 231 194 196 206 196 ' ,'0 0 0 0 0 0 0 0 ' ,69 ,1 ,3, 3
292 ,281, 273, '247 238 259 228 206 199 194 192 ' ,'0 0 0 0 0 0 0 0 ' ,71 ,1 ,3, 3
290 ,281, 270, '259 245 259 235 210 200 209 213 ' ,'0 0 0 0 0 0 0 0 ' ,59 ,1 ,2, 2
299 ,281, 279, '253 251 264 238 204 207 206 220 ' ,'0 0 0 0 0 0 0 0 ' ,69 ,4 ,2, 2
292 ,290, 275, '256 258 262 247 234 224 247 234 ' ,'0 0 0 0 0 0 0 0 ' ,40 ,1 ,3, 3
307 ,282, 290, '267 256 280 263 229 238 238 233 ' ,'0 0 0 0 0 0 0 0 ' ,52 ,2 ,2, 2
310 ,299, 288, '273 270 275 272 254 250 256 250 ' ,'0 0 0 0 0 0 0 0 ' ,28 ,1 ,4, 4
326 ,300, 298, '285 286 279 284 255 258 240 256 ' ,'0 0 0 0 0 0 0 0 ' ,49 ,1 ,2, 2
320 ,311, 295, '276 284 276 272 252 231 239 235 ' ,'0 0 0 0 0 0 0 0 ' ,56 ,2 ,3, 3
337 ,307, 315, '258 274 303 268 237 234 241 228 ' ,'0 0 0 0 0 0 0 0 ' ,75 ,1 ,4, 4
324 ,324, 301, '268 284 290 269 233 261 240 241 ' ,'0 0 0 0 0 0 0 0 ' ,53 ,1 ,2, 2
318 ,312, 295, '267 273 283 266 238 254 234 243 ' ,'0 0 0 0 0 0 0 0 ' ,52 ,2 ,3, 3
322 ,307, 299, '287 284 272 266 217 235 245 225 ' ,'0 0 0 0 0 0 0 0 ' ,66 ,1 ,3, 3
323 ,311, 301, '278 271 289 267 220 226 230 246 ' ,'0 0 0 0 0 0 0 0 ' ,64 ,2 ,3, 3
313 ,315, 288, '276 259 251 258 231 215 226 232 ' ,'0 0 0 0 0 0 0 0 ' ,63 ,1 ,4, 4
298 ,301, 270, '260 250 250 230 214 219 217 225 ' ,'0 0 0 0 0 0 0 0 ' ,44 ,1 ,2, 2
300 ,286, 275, '262 259 237 230 231 209 215 209 ' ,'0 0 0 0 0 0 0 0 ' ,55 ,1 ,3, 3
287 ,286, 265, '250 250 232 246 207 226 207 211 ' ,'0 0 0 0 0 0 0 0 ' ,49 ,1 ,3, 3
282 ,278, 255, '239 243 235 223 202 189 195 187 ' ,'0 0 0 0 0 0 0 0 ' ,53 ,2 ,2, 2
276 ,266, 255, '229 243 227 211 204 202 182 201 ' ,'0 0 0 0 0 0 0 0 ' ,64 ,1 ,3, 3
290 ,267, 264, '255 246 223 241 205 201 203 207 ' ,'0 0 0 0 0 0 0 0 ' ,55 ,1 ,1, 1
309 ,278, 278, '243 246 267 241 208 228 201 207 ' ,'0 0 0 0 0 0 0 0 ' ,69 ,1 ,3, 3
308 ,293, 282, '272 255 254 239 243 209 222 234 ' ,'0 0 0 0 0 0 0 0 ' ,67 ,1 ,2, 2
324 ,295, 300, '287 264 255 249 256 228 228 247 ' ,'0 0 0 0 0 0 0 0 ' ,61 ,1 ,4, 4
295 ,310, 276, '262 262 267 256 240 229 235 251 ' ,'0 0 0 0 0 0 0 0 ' ,36 ,1 ,2, 2
308 ,292, 279, '264 269 268 267 243 237 229 249 ' ,'0 0 0 0 0 0 0 0 ' ,48 ,1 ,4, 4
329 ,298, 305, '291 281 294 274 240 253 242 237 ' ,'0 0 0 0 0 0 0 0 ' ,59 ,1 ,3, 3
340 ,319, 316, '260 271 304 274 272 241 239 251 ' ,'0 0 0 0 0 0 0 0 ' ,66 ,1 ,3, 3
328 ,325, 304, '278 291 290 263 238 245 250 253 ' ,'0 0 0 0 0 0 0 0 ' ,50 ,2 ,4, 4
360 ,315, 336, '277 267 321 259 243 262 250 245 ' ,'0 0 0 0 0 0 0 0 ' ,80 ,2 ,1, 1
340 ,348, 315, '302 291 283 280 247 242 243 248 ' ,'0 0 0 0 0 0 0 0 ' ,61 ,1 ,3, 3
333 ,327, 310, '282 281 298 296 239 240 237 241 ' ,'0 0 0 0 0 0 0 0 ' ,64 ,1 ,3, 3
323 ,323, 297, '285 258 261 257 225 216 228 233 ' ,'0 0 0 0 0 0 0 0 ' ,70 ,1 ,3, 3
307 ,307, 280, '271 255 263 245 214 208 202 202 ' ,'0 0 0 0 0 0 0 0 ' ,69 ,1 ,2, 2
299 ,296, 276, '264 235 243 244 218 214 212 212 ' ,'0 0 0 0 0 0 0 0 ' ,54 ,1 ,2, 2
286 ,291, 265, '241 252 247 218 207 204 199 219 ' ,'0 0 0 0 0 0 0 0 ' ,56 ,2 ,2, 2
268 ,273, 251, '240 241 231 239 205 226 200 211 ' ,'0 0 0 0 0 0 0 0 ' ,43 ,1 ,2, 2
279 ,258, 260, '234 230 248 227 214 213 205 209 ' ,'0 0 0 0 0 0 0 0 ' ,47 ,1 ,2, 2
270 ,268, 253, '241 231 237 242 211 227 216 213 ' ,'0 0 0 0 0 0 0 0 ' ,33 ,1 ,2, 2
269 ,260, 251, '235 242 240 235 203 212 208 205 ' ,'0 0 0 0 0 0 0 0 ' ,41 ,2 ,1, 1
280 ,260, 257, '244 234 244 235 210 209 208 202 ' ,'0 0 0 0 0 0 0 0 ' ,46 ,1 ,3, 3
282 ,262, 258, '246 232 249 223 208 230 203 216 ' ,'0 0 0 0 0 0 0 0 ' ,48 ,2 ,2, 2
325 ,271, 299, '286 245 286 256 225 231 234 231 ' ,'0 0 0 0 0 0 0 0 ' ,61 ,2 ,3, 3
326 ,310, 305, '287 248 292 271 227 238 236 223 ' ,'0 0 0 0 0 0 0 0 ' ,71 ,1 ,3, 3
327 ,317, 300, '287 263 278 265 240 236 241 253 ' ,'0 0 0 0 0 0 0 0 ' ,50 ,1 ,2, 2
327 ,315, 305, '290 258 264 254 248 241 216 235 ' ,'0 0 0 0 0 0 0 0 ' ,78 ,2 ,3, 3
308 ,314, 285, '272 268 273 254 245 224 219 210 ' ,'0 0 0 0 0 0 0 0 ' ,64 ,2 ,2, 2
296 ,290, 266, '253 239 233 249 212 204 203 226 ' ,'0 0 0 0 0 0 0 0 ' ,55 ,1 ,2, 2
285 ,281, 263, '245 241 250 250 203 222 217 230 ' ,'0 0 0 0 0 0 0 0 ' ,38 ,1 ,2, 1
301 ,274, 274, '234 236 263 231 208 214 202 199 ' ,'0 0 0 0 0 0 0 0 ' ,66 ,1 ,2, 2
293 ,288, 268, '253 236 243 236 237 210 203 206 ' ,'0 0 0 0 0 0 0 0 ' ,56 ,1 ,2, 2
278 ,280, 258, '242 229 234 244 202 207 216 204 ' ,'0 0 0 0 0 0 0 0 ' ,41 ,1 ,3, 3
294 ,270, 271, '261 236 252 254 228 204 212 208 ' ,'0 0 0 0 0 0 0 0 ' ,57 ,1 ,2, 2
308 ,287, 283, '241 238 270 227 212 202 213 206 ' ,'0 0 0 0 0 0 0 0 ' ,71 ,4 ,3, 2
293 ,294, 271, '261 242 239 247 231 218 206 219 ' ,'0 0 0 0 0 0 0 0 ' ,58 ,1 ,1, 1
289 ,285, 263, '253 250 241 247 231 226 213 225 ' ,'0 0 0 0 0 0 0 0 ' ,42 ,0 ,1, 1
305 ,275, 282, '257 244 268 248 236 239 213 218 ' ,'0 0 0 0 0 0 0 0 ' ,57 ,1 ,3, 3
307 ,292, 284, '257 259 263 248 257 246 221 234 ' ,'0 0 0 0 0 0 0 0 ' ,55 ,1 ,2, 2
310 ,292, 289, '277 257 267 253 243 231 238 235 ' ,'0 0 0 0 0 0 0 0 ' ,47 ,1 ,3, 3
340 ,302, 316, '283 257 302 271 239 242 247 231 ' ,'0 0 0 0 0 0 0 0 ' ,73 ,1 ,3, 3
316 ,331, 294, '278 277 264 275 234 239 241 236 ' ,'0 0 0 0 0 0 0 0 ' ,46 ,1 ,3, 3
303 ,307, 278, '263 252 265 265 237 224 223 236 ' ,'0 0 0 0 0 0 0 0 ' ,46 ,1 ,2, 2
308 ,294, 282, '258 250 257 256 250 214 224 213 ' ,'0 0 0 0 0 0 0 0 ' ,58 ,1 ,3, 3
289 ,295, 265, '248 246 239 255 196 200 219 212 ' ,'0 0 0 0 0 0 0 0 ' ,55 ,1 ,2, 2
294 ,278, 269, '258 242 249 252 217 217 225 215 ' ,'0 0 0 0 0 0 0 0 ' ,43 ,1 ,2, 2
308 ,283, 279, '260 254 266 246 226 204 224 218 ' ,'0 0 0 0 0 0 0 0 ' ,66 ,1 ,3, 3
317 ,297, 290, '254 229 277 265 204 209 214 205 ' ,'0 0 0 0 0 0 0 0 ' ,73 ,1 ,3, 3
301 ,300, 279, '268 241 255 228 206 201 211 210 ' ,'0 0 0 0 0 0 0 0 ' ,67 ,1 ,2, 2
286 ,291, 263, '248 239 246 253 205 220 214 210 ' ,'0 0 0 0 0 0 0 0 ' ,43 ,1 ,2, 2
305 ,271, 279, '268 234 245 239 216 210 216 221 ' ,'0 0 0 0 0 0 0 0 ' ,61 ,1 ,3, 3
297 ,291, 269, '259 240 246 221 236 227 215 213 ' ,'0 0 0 0 0 0 0 0 ' ,47 ,2 ,1, 1
316 ,282, 289, '276 238 267 246 229 217 218 215 ' ,'0 0 0 0 0 0 0 0 ' ,64 ,1 ,3, 3
316 ,301, 296, '286 261 269 261 232 236 218 223 ' ,'0 0 0 0 0 0 0 0 ' ,70 ,1 ,2, 2
324 ,304, 306, '294 261 255 275 238 225 243 235 ' ,'0 0 0 0 0 0 0 0 ' ,72 ,1 ,2, 2
330 ,314, 313, '302 267 265 280 234 243 238 261 ' ,'0 0 0 0 0 0 0 0 ' ,70 ,0 ,2, 2
371 ,322, 354, '282 282 276 301 235 252 251 261 ' ,'0 0 0 0 0 0 0 0 ' ,108 ,1 ,3, 3
344 ,362, 327, '277 276 314 277 244 259 254 236 ' ,'0 0 0 0 0 0 0 0 ' ,81 ,1 ,3, 3
338 ,334, 320, '305 278 289 275 246 235 247 240 ' ,'0 0 0 0 0 0 0 0 ' ,73 ,1 ,3, 3
344 ,327, 328, '283 274 315 302 244 242 256 244 ' ,'0 0 0 0 0 0 0 0 ' ,75 ,1 ,3, 3
339 ,335, 311, '278 265 299 277 237 217 236 231 ' ,'0 0 0 0 0 0 0 0 ' ,85 ,1 ,3, 3
338 ,324, 314, '302 261 267 268 238 230 233 227 ' ,'0 0 0 0 0 0 0 0 ' ,78 ,2 ,2, 2
291 ,324, 269, '257 247 250 252 232 218 230 233 ' ,'0 0 0 0 0 0 0 0 ' ,42 ,1 ,3, 3
294 ,279, 272, '258 249 257 246 236 249 231 216 ' ,'0 0 0 0 0 0 0 0 ' ,45 ,1 ,2, 2
297 ,284, 274, '254 254 248 263 227 236 220 214 ' ,'0 0 0 0 0 0 0 0 ' ,51 ,1 ,2, 2
309 ,287, 286, '264 274 261 244 217 223 219 214 ' ,'0 0 0 0 0 0 0 0 ' ,61 ,1 ,3, 3
293 ,298, 268, '244 256 242 233 223 214 212 210 ' ,'0 0 0 0 0 0 0 0 ' ,48 ,1 ,2, 2
304 ,279, 277, '265 254 227 243 203 205 214 223 ' ,'0 0 0 0 0 0 0 0 ' ,63 ,1 ,2, 2
283 ,287, 259, '244 242 247 245 225 227 217 215 ' ,'0 0 0 0 0 0 0 0 ' ,34 ,1 ,2, 2
315 ,273, 291, '238 247 246 241 223 224 212 230 ' ,'0 0 0 0 0 0 0 0 ' ,71 ,33 ,2, 2
285 ,303, 263, '249 244 248 239 228 209 218 215 ' ,'0 0 0 0 0 0 0 0 ' ,45 ,1 ,2, 2
302 ,274, 278, '253 253 268 244 232 213 209 193 ' ,'0 0 0 0 0 0 0 0 ' ,75 ,1 ,2, 2
294 ,293, 272, '257 241 259 254 239 226 211 213 ' ,'0 0 0 0 0 0 0 0 ' ,51 ,1 ,1, 1
315 ,282, 288, '278 261 260 244 248 222 217 225 ' ,'0 0 0 0 0 0 0 0 ' ,61 ,1 ,2, 2
331 ,298, 305, '258 262 270 261 230 236 219 227 ' ,'0 0 0 0 0 0 0 0 ' ,78 ,25 ,2, 2
329 ,319, 307, '293 256 291 275 243 230 240 243 ' ,'0 0 0 0 0 0 0 0 ' ,68 ,1 ,3, 3
349 ,316, 325, '305 282 276 259 264 234 241 244 ' ,'0 0 0 0 0 0 0 0 ' ,79 ,0 ,4, 4
331 ,337, 306, '285 262 287 277 275 240 243 266 ' ,'0 0 0 0 0 0 0 0 ' ,58 ,1 ,3, 3
312 ,318, 288, '272 257 278 254 238 217 234 227 ' ,'0 0 0 0 0 0 0 0 ' ,62 ,1 ,2, 2
333 ,296, 310, '259 258 255 260 249 248 226 243 ' ,'0 0 0 0 0 0 0 0 ' ,72 ,25 ,3, 3
313 ,320, 292, '279 257 275 255 234 227 236 230 ' ,'0 0 0 0 0 0 0 0 ' ,56 ,1 ,2, 2
308 ,303, 283, '261 272 259 250 229 249 220 227 ' ,'0 0 0 0 0 0 0 0 ' ,54 ,1 ,2, 2
304 ,297, 279, '266 239 247 238 242 207 230 218 ' ,'0 0 0 0 0 0 0 0 ' ,64 ,1 ,1, 1
309 ,290, 286, '273 245 258 241 213 211 224 223 ' ,'0 0 0 0 0 0 0 0 ' ,67 ,2 ,2, 2
319 ,297, 298, '242 241 271 242 219 232 227 219 ' ,'0 0 0 0 0 0 0 0 ' ,69 ,16 ,1, 1
291 ,313, 260, '227 248 227 246 216 230 212 202 ' ,'0 0 0 0 0 0 0 0 ' ,49 ,2 ,1, 1
293 ,276, 267, '257 237 250 235 204 202 214 216 ' ,'0 0 0 0 0 0 0 0 ' ,58 ,2 ,2, 2
295 ,279, 269, '258 243 233 241 229 222 215 243 ' ,'0 0 0 0 0 0 0 0 ' ,46 ,1 ,2, 2
301 ,281, 273, '253 243 260 235 237 209 220 239 ' ,'0 0 0 0 0 0 0 0 ' ,55 ,1 ,3, 3
334 ,288, 308, '274 267 268 272 258 239 244 226 ' ,'0 0 0 0 0 0 0 0 ' ,70 ,12 ,2, 2
314 ,321, 297, '281 275 282 264 253 251 245 259 ' ,'0 0 0 0 0 0 0 0 ' ,43 ,2 ,2, 2
330 ,305, 312, '281 276 298 273 247 227 240 237 ' ,'0 0 0 0 0 0 0 0 ' ,75 ,1 ,3, 3
320 ,320, 302, '286 269 289 274 243 222 245 238 ' ,'0 0 0 0 0 0 0 0 ' ,67 ,0 ,3, 3
330 ,310, 310, '284 284 298 279 244 247 236 238 ' ,'0 0 0 0 0 0 0 0 ' ,67 ,1 ,2, 2
334 ,321, 316, '280 270 286 266 241 241 250 239 ' ,'0 0 0 0 0 0 0 0 ' ,66 ,17 ,2, 2
328 ,325, 301, '278 289 281 266 246 236 236 238 ' ,'0 0 0 0 0 0 0 0 ' ,56 ,1 ,2, 2
331 ,315, 306, '299 266 275 273 226 230 229 236 ' ,'0 0 0 0 0 0 0 0 ' ,69 ,1 ,1, 1
279 ,323, 256, '236 242 246 245 217 193 225 217 ' ,'0 0 0 0 0 0 0 0 ' ,54 ,1 ,1, 1
283 ,268, 262, '246 241 239 237 214 210 211 222 ' ,'0 0 0 0 0 0 0 0 ' ,41 ,2 ,3, 3
294 ,276, 271, '255 242 232 250 222 197 201 213 ' ,'0 0 0 0 0 0 0 0 ' ,65 ,1 ,2, 2
309 ,283, 282, '268 240 257 238 208 207 216 200 ' ,'0 0 0 0 0 0 0 0 ' ,70 ,1 ,2, 2
290 ,295, 267, '245 252 256 254 230 224 224 227 ' ,'0 0 0 0 0 0 0 0 ' ,32 ,1 ,2, 2
311 ,280, 289, '278 269 248 264 233 228 215 218 ' ,'0 0 0 0 0 0 0 0 ' ,64 ,1 ,2, 2
305 ,303, 279, '258 262 266 264 236 227 238 228 ' ,'0 0 0 0 0 0 0 0 ' ,40 ,1 ,2, 2
347 ,293, 323, '311 272 270 257 224 231 225 234 ' ,'0 0 0 0 0 0 0 0 ' ,87 ,1 ,3, 3
331 ,335, 307, '266 266 277 293 248 250 255 244 ' ,'0 0 0 0 0 0 0 0 ' ,52 ,2 ,4, 4
328 ,319, 304, '276 280 270 293 237 281 248 246 ' ,'0 0 0 0 0 0 0 0 ' ,47 ,1 ,3, 3
318 ,312, 291, '266 261 277 259 244 223 234 240 ' ,'0 0 0 0 0 0 0 0 ' ,51 ,1 ,3, 3
365 ,303, 346, '257 264 272 264 308 229 232 229 ' ,'0 0 0 0 0 0 0 0 ' ,108 ,2 ,1, 1
287 ,354, 265, '237 244 251 227 223 217 231 205 ' ,'0 0 0 0 0 0 0 0 ' ,48 ,1 ,2, 2
290 ,273, 263, '219 250 250 238 221 201 226 215 ' ,'0 0 0 0 0 0 0 0 ' ,51 ,1 ,2, 2
299 ,280, 277, '263 243 235 241 195 210 227 219 ' ,'0 0 0 0 0 0 0 0 ' ,55 ,1 ,3, 3
301 ,285, 278, '242 265 250 243 233 217 209 212 ' ,'0 0 0 0 0 0 0 0 ' ,59 ,2 ,2, 2
287 ,290, 267, '245 255 241 242 220 245 220 243 ' ,'0 0 0 0 0 0 0 0 ' ,38 ,1 ,3, 3
295 ,282, 270, '246 245 245 261 233 237 218 220 ' ,'0 0 0 0 0 0 0 0 ' ,42 ,1 ,2, 2
295 ,281, 271, '247 252 255 254 214 230 228 220 ' ,'0 0 0 0 0 0 0 0 ' ,41 ,1 ,2, 2
322 ,283, 297, '285 278 267 273 230 233 232 233 ' ,'0 0 0 0 0 0 0 0 ' ,55 ,1 ,2, 2
330 ,308, 306, '293 290 282 273 244 250 245 238 ' ,'0 0 0 0 0 0 0 0 ' ,57 ,2 ,2, 2
360 ,318, 336, '289 286 321 282 270 255 264 245 ' ,'0 0 0 0 0 0 0 0 ' ,82 ,2 ,2, 1
347 ,346, 323, '286 272 311 284 247 251 242 227 ' ,'0 0 0 0 0 0 0 0 ' ,85 ,2 ,2, 2
338 ,335, 317, '292 285 292 305 242 253 271 265 ' ,'0 0 0 0 0 0 0 0 ' ,53 ,1 ,3, 3
340 ,328, 318, '266 275 302 274 232 228 246 240 ' ,'0 0 0 0 0 0 0 0 ' ,79 ,1 ,3, 3
323 ,328, 295, '281 262 258 260 226 235 239 247 ' ,'0 0 0 0 0 0 0 0 ' ,50 ,1 ,2, 2
301 ,308, 276, '259 262 255 243 208 213 217 209 ' ,'0 0 0 0 0 0 0 0 ' ,55 ,1 ,2, 2
290 ,288, 262, '241 236 233 232 219 214 222 199 ' ,'0 0 0 0 0 0 0 0 ' ,51 ,1 ,2, 2
295 ,273, 274, '242 259 244 235 210 218 210 209 ' ,'0 0 0 0 0 0 0 0 ' ,55 ,1 ,2, 2
302 ,286, 284, '271 248 260 248 215 220 215 210 ' ,'0 0 0 0 0 0 0 0 ' ,62 ,1 ,3, 3
290 ,292, 273, '246 259 256 251 219 216 217 229 ' ,'0 0 0 0 0 0 0 0 ' ,46 ,1 ,3, 3
307 ,280, 290, '258 266 277 265 225 216 219 235 ' ,'0 0 0 0 0 0 0 0 ' ,66 ,1 ,2, 2
307 ,298, 291, '269 278 266 257 218 223 230 225 ' ,'0 0 0 0 0 0 0 0 ' ,61 ,1 ,3, 3
309 ,298, 293, '275 275 277 261 232 225 227 234 ' ,'0 0 0 0 0 0 0 0 ' ,56 ,1 ,2, 2
311 ,301, 294, '275 281 268 272 235 236 238 253 ' ,'0 0 0 0 0 0 0 0 ' ,47 ,1 ,3, 3
334 ,302, 312, '282 298 283 263 228 241 247 243 ' ,'0 0 0 0 0 0 0 0 ' ,61 ,1 ,3, 3
354 ,323, 328, '282 295 314 280 242 251 256 238 ' ,'0 0 0 0 0 0 0 0 ' ,77 ,1 ,3, 3
345 ,341, 320, '306 286 288 272 253 243 253 252 ' ,'0 0 0 0 0 0 0 0 ' ,64 ,1 ,2, 2
346 ,330, 322, '305 276 286 312 244 259 246 252 ' ,'0 0 0 0 0 0 0 0 ' ,64 ,1 ,3, 3
316 ,333, 294, '262 278 279 268 230 251 221 233 ' ,'0 0 0 0 0 0 0 0 ' ,61 ,1 ,2, 2
311 ,308, 287, '272 259 256 240 227 211 219 218 ' ,'0 0 0 0 0 0 0 0 ' ,65 ,2 ,3, 2
290 ,301, 267, '243 239 251 251 203 218 209 212 ' ,'0 0 0 0 0 0 0 0 ' ,47 ,1 ,2, 2
291 ,278, 265, '249 255 237 241 217 215 192 226 ' ,'0 0 0 0 0 0 0 0 ' ,62 ,2 ,2, 2
296 ,279, 272, '247 257 245 240 219 218 211 212 ' ,'0 0 0 0 0 0 0 0 ' ,50 ,2 ,3, 3
281 ,285, 261, '245 248 238 239 223 233 214 210 ' ,'0 0 0 0 0 0 0 0 ' ,35 ,1 ,2, 2
283 ,274, 260, '241 236 240 244 212 242 213 231 ' ,'0 0 0 0 0 0 0 0 ' ,37 ,1 ,2, 2
305 ,275, 281, '266 263 251 250 213 211 218 218 ' ,'0 0 0 0 0 0 0 0 ' ,60 ,2 ,2, 2
324 ,293, 297, '281 258 271 256 213 213 226 213 ' ,'0 0 0 0 0 0 0 0 ' ,73 ,2 ,2, 2
327 ,311, 302, '285 258 248 277 233 220 229 238 ' ,'0 0 0 0 0 0 0 0 ' ,69 ,1 ,2, 2
323 ,316, 301, '280 272 287 271 224 238 245 226 ' ,'0 0 0 0 0 0 0 0 ' ,63 ,1 ,3, 2
336 ,312, 312, '295 294 279 268 239 244 238 246 ' ,'0 0 0 0 0 0 0 0 ' ,64 ,1 ,2, 2
332 ,326, 304, '287 266 276 282 265 253 260 249 ' ,'0 0 0 0 0 0 0 0 ' ,44 ,1 ,3, 3
342 ,321, 317, '280 259 273 268 277 270 255 247 ' ,'0 0 0 0 0 0 0 0 ' ,58 ,1 ,3, 3
325 ,328, 298, '284 246 274 261 248 227 236 225 ' ,'0 0 0 0 0 0 0 0 ' ,62 ,1 ,2, 2
298 ,312, 270, '254 253 260 239 213 223 225 227 ' ,'0 0 0 0 0 0 0 0 ' ,39 ,1 ,1, 1
284 ,286, 262, '237 250 240 246 205 220 234 212 ' ,'0 0 0 0 0 0 0 0 ' ,39 ,1 ,2, 2
326 ,276, 304, '244 246 239 218 261 231 216 215 ' ,'0 0 0 0 0 0 0 0 ' ,74 ,1 ,3, 3
300 ,313, 275, '243 247 260 220 206 218 218 208 ' ,'0 0 0 0 0 0 0 0 ' ,55 ,2 ,3, 3
313 ,290, 289, '272 265 241 239 233 213 216 231 ' ,'0 0 0 0 0 0 0 0 ' ,63 ,2 ,3, 3
312 ,300, 288, '240 261 256 227 243 242 211 212 ' ,'0 0 0 0 0 0 0 0 ' ,62 ,2 ,2, 2
321 ,300, 299, '252 258 237 259 250 243 226 219 ' ,'0 0 0 0 0 0 0 0 ' ,69 ,2 ,2, 2
324 ,308, 300, '253 273 260 253 251 237 221 248 ' ,'0 0 0 0 0 0 0 0 ' ,66 ,1 ,3, 2
312 ,309, 285, '267 271 273 253 231 236 232 228 ' ,'0 0 0 0 0 0 0 0 ' ,44 ,1 ,3, 3
332 ,299, 300, '265 272 267 257 250 218 239 231 ' ,'0 0 0 0 0 0 0 0 ' ,73 ,2 ,2, 2
337 ,318, 315, '278 294 299 279 244 231 239 241 ' ,'0 0 0 0 0 0 0 0 ' ,70 ,1 ,3, 3
332 ,323, 315, '293 271 290 302 247 254 265 265 ' ,'0 0 0 0 0 0 0 0 ' ,57 ,2 ,3, 3
339 ,323, 323, '308 282 294 263 255 250 247 250 ' ,'0 0 0 0 0 0 0 0 ' ,63 ,2 ,3, 3
309 ,329, 292, '273 274 274 263 243 236 241 222 ' ,'0 0 0 0 0 0 0 0 ' ,57 ,1 ,4, 4
350 ,298, 334, '313 263 279 262 235 240 248 255 ' ,'0 0 0 0 0 0 0 0 ' ,86 ,1 ,3, 3
318 ,341, 300, '247 251 281 245 225 250 237 229 ' ,'0 0 0 0 0 0 0 0 ' ,61 ,2 ,2, 2
296 ,309, 279, '262 252 264 246 207 215 215 231 ' ,'0 0 0 0 0 0 0 0 ' ,62 ,1 ,3, 3
286 ,287, 265, '232 248 251 236 204 225 202 224 ' ,'0 0 0 0 0 0 0 0 ' ,51 ,1 ,2, 2
287 ,276, 265, '253 251 251 252 214 214 215 207 ' ,'0 0 0 0 0 0 0 0 ' ,47 ,1 ,2, 2
288 ,275, 265, '248 249 251 225 204 212 203 222 ' ,'0 0 0 0 0 0 0 0 ' ,50 ,1 ,1, 1
297 ,275, 274, '258 250 254 240 213 219 217 222 ' ,'0 0 0 0 0 0 0 0 ' ,44 ,2 ,2, 2
320 ,285, 299, '251 262 269 285 219 227 217 233 ' ,'0 0 0 0 0 0 0 0 ' ,69 ,2 ,3, 3
323 ,312, 299, '280 272 284 285 242 238 238 257 ' ,'0 0 0 0 0 0 0 0 ' ,50 ,1 ,2, 2
347 ,314, 322, '286 275 305 281 246 233 241 248 ' ,'0 0 0 0 0 0 0 0 ' ,79 ,2 ,3, 3
337 ,335, 314, '282 270 284 279 268 263 243 254 ' ,'0 0 0 0 0 0 0 0 ' ,56 ,2 ,3, 3
363 ,326, 339, '320 268 277 248 229 253 245 254 ' ,'0 0 0 0 0 0 0 0 ' ,81 ,1 ,3, 3
352 ,352, 332, '316 289 296 277 260 259 260 277 ' ,'0 0 0 0 0 0 0 0 ' ,61 ,2 ,3, 3
347 ,343, 325, '284 294 309 292 272 257 256 254 ' ,'0 0 0 0 0 0 0 0 ' ,59 ,1 ,2, 2
349 ,334, 325, '283 281 290 284 271 287 247 256 ' ,'0 0 0 0 0 0 0 0 ' ,66 ,2 ,3, 3
343 ,339, 318, '278 289 298 279 249 245 233 248 ' ,'0 0 0 0 0 0 0 0 ' ,71 ,1 ,3, 3
314 ,453, 292, '273 258 266 270 239 233 232 253 ' ,'0 0 0 0 0 0 0 0 ' ,47 ,2 ,3, 3
316 ,305, 293, '270 255 278 258 218 229 225 226 ' ,'0 0 0 0 0 0 0 0 ' ,55 ,1 ,3, 3
297 ,305, 272, '235 238 259 260 198 251 214 204 ' ,'0 0 0 0 0 0 0 0 ' ,57 ,0 ,2, 2
323 ,287, 295, '278 247 244 259 205 214 208 216 ' ,'0 0 0 0 0 0 0 0 ' ,75 ,2 ,3, 3
288 ,308, 264, '235 238 251 250 210 236 208 205 ' ,'0 0 0 0 0 0 0 0 ' ,48 ,2 ,1, 1
313 ,436, 289, '260 256 275 259 210 209 213 221 ' ,'0 0 0 0 0 0 0 0 ' ,66 ,1 ,3, 3
323 ,300, 300, '253 266 285 277 220 226 215 219 ' ,'0 0 0 0 0 0 0 0 ' ,72 ,1 ,3, 3
747 ,311, 723, '272 293 270 272 240 225 218 252 ' ,'0 0 0 0 0 0 0 0 ' ,493 ,1 ,2, 2
333 ,734, 309, '292 263 267 274 251 259 228 239 ' ,'0 0 0 0 0 0 0 0 ' ,67 ,1 ,4, 4
334 ,318, 312, '290 295 273 286 232 264 238 250 ' ,'0 0 0 0 0 0 0 0 ' ,59 ,1 ,3, 3
320 ,321, 294, '280 273 284 276 248 228 231 261 ' ,'0 0 0 0 0 0 0 0 ' ,57 ,1 ,1, 1
320 ,310, 299, '259 249 263 282 242 245 232 266 ' ,'0 0 0 0 0 0 0 0 ' ,53 ,1 ,3, 3
325 ,311, 303, '262 240 275 259 254 255 232 240 ' ,'0 0 0 0 0 0 0 0 ' ,60 ,1 ,2, 2
315 ,314, 295, '277 236 261 256 236 203 226 217 ' ,'0 0 0 0 0 0 0 0 ' ,78 ,2 ,3, 3
310 ,307, 288, '259 238 252 258 248 249 227 222 ' ,'0 0 0 0 0 0 0 0 ' ,53 ,2 ,3, 3
304 ,295, 283, '256 264 252 254 232 208 221 224 ' ,'0 0 0 0 0 0 0 0 ' ,63 ,2 ,3, 3
307 ,295, 275, '240 250 254 261 220 220 211 212 ' ,'0 0 0 0 0 0 0 0 ' ,54 ,2 ,3, 3
367 ,295, 349, '255 245 277 250 216 215 220 333 ' ,'0 0 0 0 0 0 0 0 ' ,120 ,1 ,1, 1
287 ,357, 270, '244 256 251 250 216 222 212 223 ' ,'0 0 0 0 0 0 0 0 ' ,48 ,1 ,3, 3
283 ,412, 267, '245 255 249 221 220 212 218 240 ' ,'0 0 0 0 0 0 0 0 ' ,44 ,2 ,2, 2
285 ,274, 268, '240 239 254 241 228 202 208 216 ' ,'0 0 0 0 0 0 0 0 ' ,56 ,2 ,1, 1
288 ,277, 272, '248 246 251 260 216 202 216 222 ' ,'0 0 0 0 0 0 0 0 ' ,58 ,2 ,2, 2
294 ,280, 277, '239 255 261 243 209 205 216 221 ' ,'0 0 0 0 0 0 0 0 ' ,61 ,2 ,1, 1
306 ,287, 277, '236 240 262 247 212 224 208 204 ' ,'0 0 0 0 0 0 0 0 ' ,62 ,2 ,2, 2
287 ,294, 262, '247 231 245 245 204 226 229 215 ' ,'0 0 0 0 0 0 0 0 ' ,37 ,1 ,1, 1
317 ,275, 296, '241 261 278 246 227 230 215 218 ' ,'0 0 0 0 0 0 0 0 ' ,67 ,2 ,3, 3
307 ,308, 283, '255 261 267 272 213 219 203 230 ' ,'0 0 0 0 0 0 0 0 ' ,67 ,1 ,2, 2
323 ,293, 301, '265 283 278 289 237 227 226 238 ' ,'0 0 0 0 0 0 0 0 ' ,62 ,1 ,3, 3
338 ,312, 316, '294 297 278 289 251 260 231 269 ' ,'0 0 0 0 0 0 0 0 ' ,43 ,1 ,3, 3
340 ,329, 316, '300 288 290 278 240 238 238 283 ' ,'0 0 0 0 0 0 0 0 ' ,65 ,2 ,4, 4
319 ,330, 298, '276 246 274 266 237 229 237 239 ' ,'0 0 0 0 0 0 0 0 ' ,56 ,2 ,3, 3
295 ,306, 271, '242 256 257 246 204 207 226 227 ' ,'0 0 0 0 0 0 0 0 ' ,54 ,1 ,3, 3
314 ,284, 290, '255 250 253 243 229 225 227 213 ' ,'0 0 0 0 0 0 0 0 ' ,66 ,1 ,1, 1
401 ,304, 375, '266 261 257 259 224 360 218 208 ' ,'0 0 0 0 0 127 0 0 ' ,153 ,2 ,3, 3
322 ,387, 301, '267 252 262 236 239 217 226 226 ' ,'0 0 0 0 0 0 0 0 ' ,64 ,1 ,3, 3
301 ,310, 277, '251 260 256 241 219 229 222 236 ' ,'0 0 0 0 0 0 0 0 ' ,44 ,2 ,2, 2
315 ,289, 290, '234 234 226 223 233 205 211 229 ' ,'0 0 0 0 0 0 0 0 ' ,75 ,2 ,1, 1
299 ,304, 276, '228 245 238 230 216 215 213 211 ' ,'0 0 0 0 0 0 0 0 ' ,53 ,2 ,2, 2
292 ,284, 266, '241 234 253 248 205 223 198 238 ' ,'0 0 0 0 0 0 0 0 ' ,53 ,1 ,2, 2
342 ,280, 319, '270 245 280 302 219 226 215 235 ' ,'0 0 0 0 0 0 0 0 ' ,91 ,6 ,3, 3
366 ,331, 342, '272 261 278 299 279 251 237 264 ' ,'0 0 0 0 0 0 0 0 ' ,94 ,1 ,3, 3
330 ,353, 306, '285 286 286 282 232 254 232 253 ' ,'0 0 0 0 0 0 0 0 ' ,63 ,2 ,3, 3
356 ,315, 335, '319 270 284 293 241 250 248 265 ' ,'0 0 0 0 0 0 0 0 ' ,73 ,1 ,4, 4
344 ,348, 317, '290 264 284 281 255 261 246 250 ' ,'0 0 0 0 0 0 0 0 ' ,56 ,2 ,2, 2
383 ,327, 353, '288 280 288 268 247 239 245 251 ' ,'0 0 0 0 0 0 0 0 ' ,105 ,42 ,3, 3
356 ,369, 323, '302 254 263 255 235 229 234 232 ' ,'0 0 0 0 0 0 0 0 ' ,78 ,2 ,3, 3
464 ,332, 435, '253 266 270 252 222 215 227 228 ' ,'0 0 0 0 0 0 0 0 ' ,203 ,2 ,2, 2
319 ,443, 289, '248 255 247 245 227 245 225 235 ' ,'0 0 0 0 0 0 0 0 ' ,50 ,1 ,2, 2
331 ,300, 304, '283 255 253 245 220 218 222 239 ' ,'0 0 0 0 0 0 0 0 ' ,70 ,2 ,1, 1
307 ,313, 280, '254 253 253 233 222 220 224 210 ' ,'0 0 0 0 0 0 0 0 ' ,56 ,2 ,1, 1
384 ,290, 356, '254 240 259 244 231 208 229 221 ' ,'0 0 0 0 0 0 0 0 ' ,132 ,64 ,2, 2
310 ,366, 277, '250 262 249 236 208 205 210 197 ' ,'0 0 0 0 0 0 0 0 ' ,68 ,1 ,1, 1
322 ,292, 293, '250 244 269 248 239 193 216 224 ' ,'0 0 0 0 0 0 0 0 ' ,88 ,2 ,2, 2
290 ,302, 274, '255 236 246 260 196 227 220 230 ' ,'0 0 0 0 0 0 0 0 ' ,67 ,2 ,2, 2
282 ,281, 265, '237 250 238 251 218 200 197 213 ' ,'0 0 0 0 0 0 0 0 ' ,56 ,1 ,2, 2
319 ,273, 304, '265 260 286 233 222 236 216 230 ' ,'0 0 0 0 0 0 0 0 ' ,77 ,2 ,3, 3
314 ,310, 294, '272 280 260 265 214 226 229 250 ' ,'0 0 0 0 0 0 0 0 ' ,66 ,1 ,3, 3
320 ,300, 304, '284 275 273 289 236 248 234 251 ' ,'0 0 0 0 0 0 0 0 ' ,59 ,2 ,3, 3
325 ,311, 309, '269 288 280 294 241 240 235 266 ' ,'0 0 0 0 0 0 0 0 ' ,62 ,2 ,2, 2
342 ,316, 316, '289 278 268 283 255 263 246 253 ' ,'0 0 0 0 0 0 0 0 ' ,53 ,2 ,3, 3
346 ,324, 320, '302 281 293 280 258 282 254 266 ' ,'0 0 0 0 0 0 0 0 ' ,51 ,1 ,2, 2
353 ,330, 327, '291 270 284 282 265 251 260 257 ' ,'0 0 0 0 0 0 0 0 ' ,60 ,2 ,3, 3
350 ,336, 323, '297 285 283 284 268 249 258 282 ' ,'0 0 0 0 0 0 0 0 ' ,58 ,1 ,3, 3
358 ,333, 331, '309 273 292 302 263 263 260 279 ' ,'0 0 0 0 0 0 0 0 ' ,55 ,1 ,3, 3
337 ,340, 311, '273 271 273 277 255 260 244 261 ' ,'0 0 0 0 0 0 0 0 ' ,57 ,1 ,3, 3
344 ,324, 315, '283 269 272 269 268 241 249 243 ' ,'0 0 0 0 0 0 0 0 ' ,63 ,2 ,1, 1
337 ,325, 311, '258 263 252 252 253 226 229 226 ' ,'0 0 0 0 0 0 0 0 ' ,72 ,2 ,2, 2
304 ,320, 274, '243 247 240 243 219 212 221 218 ' ,'0 0 0 0 0 0 0 0 ' ,53 ,2 ,1, 1
305 ,283, 280, '246 260 254 231 216 228 218 206 ' ,'0 0 0 0 0 0 0 0 ' ,57 ,2 ,2, 2
317 ,289, 289, '268 251 235 244 206 216 226 216 ' ,'0 0 0 0 0 0 0 0 ' ,56 ,2 ,2, 2
296 ,299, 268, '242 241 244 239 208 211 210 205 ' ,'0 0 0 0 0 0 0 0 ' ,47 ,2 ,1, 1
