151
278
145
84
81
106
49
60
123
57
49
164
242
532
673
109
66
115
55
222
121
185
171
211
209
112
95
111
129
139
115
88
102
105
157
88
196
111
97
93
105
92
108
91
129
98
132
242
97
136
176
225
104
107
216
115
107
122
178
140
145
208
120
126
153
124
103
136
102
122
156
149
168
210
167
129
118
135
123
114
99
181
73
133
148
158
242
129
129
210
130
140
162
140
161
164
143
138
146
166
144
159
145
153
173
157
166
165
257
210
235
154
87
159
162
145
145
149
179
202
137
194
159
162
162
159
160
160
101
224
176
149
219
235
147
168
179
199
139
160
157
223
227
160
172
234
178
185
105
178
210
205
220
176
211
212
168
167
167
257
211
118
244
166
190
189
189
170
237
260
192
119
124
111
203
165
237
217
215
203
232
191
176
269
194
166
196
211
198
236
204
191
161
457
183
269
196
275
