25
69
199
160
156
128
210
170
49
102
158
126
135
279
210
637
1103
231
150
149
108
181
210
96
216
172
138
210
126
436
240
159
172
204
185
115
193
107
170
230
184
216
155
144
163
165
164
171
195
189
185
150
158
148
192
246
185
161
198
354
195
187
204
188
198
214
300
183
171
279
218
277
172
218
253
198
267
251
154
271
201
157
196
181
235
193
251
202
208
230
217
234
278
112
255
243
224
119
235
235
257
240
248
213
232
132
205
196
204
244
250
217
220
247
353
282
309
181
273
310
243
258
343
197
469
209
269
392
421
277
236
148
270
282
312
292
257
261
293
826
1240
270
264
426
271
327
237
426
410
343
346
297
293
