224
546
1181
217
210
144
55
328
199
187
144
77
168
188
71
361
108
200
115
222
255
651
1239
212
139
176
158
151
140
175
238
209
153
176
302
290
77
159
164
219
257
159
117
228
171
168
200
171
207
274
211
132
168
247
139
388
115
172
125
134
160
159
173
169
227
311
171
343
241
188
223
183
296
208
180
244
239
135
389
351
246
172
317
261
199
164
217
260
278
284
345
215
185
240
239
217
200
220
218
272
239
258
223
292
221
236
256
228
244
213
318
193
207
247
193
178
195
315
285
280
253
198
290
276
445
424
206
291
299
293
219
327
296
207
356
304
316
424
321
358
463
309
415
336
280
220
535
437
350
327
500
227
360
264
243
321
359
267
157
316
501
365
310
383
303
315
270
418
264
331
153
322
302
313
303
376
250
366
576
176
338
282
289
413
309
324
256
308
311
392
350
444
223
339
326
328
