94
189
217
132
278
117
239
191
105
122
241
206
128
201
192
308
468
174
425
276
363
385
283
304
298
220
338
291
256
344
284
331
376
272
271
269
257
263
285
268
264
255
372
311
286
350
375
346
290
222
320
411
355
331
316
278
357
381
460
349
373
307
366
359
386
351
413
372
393
452
464
414
403
510
418
451
473
621
551
428
354
522
487
475
375
414
527
535
515
514
407
527
490
550
423
468
522
506
503
472
464
459
609
500
499
484
487
598
526
553
579
517
655
546
589
590
566
717
631
595
582
594
600
557
572
592
630
767
648
735
542
634
825
735
648
718
699
615
775
715
710
736
938
719
700
866
763
602
840
669
672
649
746
719
832
881
572
725
677
785
754
781
812
803
777
826
940
704
1033
815
1125
711
839
793
806
886
704
929
877
701
919
881
925
878
817
878
862
997
1026
935
1087
1043
1140
946
964
966
1086
1029
