164
249
190
126
204
113
217
68
113
65
241
1110
133
166
191
180
153
116
99
126
139
135
135
119
132
140
225
117
159
145
120
158
154
162
117
171
159
132
184
235
225
146
189
179
135
193
119
157
194
153
162
144
169
151
173
240
135
188
321
233
184
211
164
162
169
337
295
282
232
241
210
182
230
186
185
241
187
139
230
232
272
190
172
184
128
151
205
197
256
215
292
171
192
328
221
170
194
254
221
216
186
273
232
290
403
225
304
242
241
226
221
208
233
193
205
190
283
222
164
215
269
179
151
228
320
258
206
172
223
214
217
248
229
218
185
245
228
187
182
286
183
236
236
299
299
351
225
261
186
237
256
247
153
231
231
375
229
210
229
290
329
222
205
231
233
238
221
289
283
312
268
214
255
229
310
276
208
259
215
245
184
253
264
303
186
248
243
267
232
302
257
280
248
305
291
345
256
