335
370
239
130
156
182
263
237
167
183
321
298
275
167
238
162
216
203
173
202
186
280
1284
360
347
238
282
200
216
264
205
268
208
246
249
222
308
280
215
277
239
279
243
248
265
251
303
317
251
326
258
313
266
291
348
271
398
272
303
324
261
328
327
310
339
313
343
375
323
362
325
390
379
416
356
384
372
367
359
379
415
369
364
404
368
463
425
431
399
366
385
386
342
394
431
358
421
466
383
403
392
462
481
434
420
428
581
428
439
478
483
440
456
471
496
547
525
536
494
534
532
621
638
547
562
652
592
535
576
615
620
595
649
595
639
615
655
645
687
667
623
632
793
899
707
612
699
676
670
658
658
621
672
671
679
655
711
669
646
672
706
706
726
748
666
844
803
968
715
878
755
821
818
751
823
767
843
800
764
734
797
777
846
733
771
887
981
776
775
830
927
1004
845
883
864
972
896
