24
56
85
74
107
125
47
101
138
141
94
69
103
93
160
125
89
233
93
104
146
110
116
171
91
158
111
116
105
261
197
103
204
385
109
171
139
156
109
123
124
120
153
127
88
109
110
130
172
117
149
114
120
113
122
160
208
167
133
148
138
177
167
145
130
151
105
157
141
196
80
129
160
132
135
163
141
154
166
196
121
121
135
177
154
91
190
154
138
147
144
143
256
98
149
129
181
153
153
184
187
190
193
204
130
160
167
185
221
108
150
162
228
226
165
160
207
175
187
185
166
212
188
173
175
207
225
193
218
176
197
154
198
268
160
203
181
252
205
189
182
181
184
171
191
202
142
152
134
237
244
190
189
190
134
165
158
144
155
196
196
334
197
226
242
188
237
275
217
144
191
226
165
216
220
212
230
241
179
242
177
213
254
179
215
216
211
202
283
217
242
227
182
159
217
221
176
250
