273 ,0, 156, '67 74 80 63 65 75 66 64 ' ,'0 0 0 0 0 0 0 0 ' ,36 ,6 ,10, 10
1301 ,187, 1266, '1138 1149 1029 1098 1061 1140 1080 922 ' ,'188 217 214 186 188 207 227 193 ' ,242 ,5 ,87, 4
1319 ,1292, 1292, '1197 905 977 731 797 797 856 839 ' ,'61 58 52 23 62 48 30 33 ' ,482 ,3 ,60, 4
1179 ,1377, 1154, '1036 869 944 989 933 830 761 767 ' ,'122 44 142 49 79 13 89 42 ' ,280 ,3 ,96, 5
1218 ,1189, 1195, '1104 1042 840 756 833 826 947 851 ' ,'257 113 4 12 36 98 85 50 ' ,351 ,2 ,75, 4
1056 ,1201, 1034, '800 759 909 821 735 1004 706 870 ' ,'12 16 20 22 10 19 11 98 ' ,305 ,4 ,15, 4
1081 ,1152, 1065, '875 986 720 694 671 1013 719 674 ' ,'164 21 12 21 47 23 24 17 ' ,350 ,4 ,33, 6
1350 ,1162, 1330, '1140 1257 761 781 783 741 912 860 ' ,'12 92 7 39 35 9 112 34 ' ,521 ,4 ,58, 4
963 ,1375, 931, '847 851 882 901 872 825 673 864 ' ,'10 19 34 51 18 9 8 97 ' ,235 ,4 ,14, 5
854 ,1009, 830, '667 745 741 702 692 802 670 705 ' ,'8 17 16 29 36 11 13 9 ' ,141 ,4 ,14, 4
820 ,842, 801, '711 702 651 773 731 732 597 589 ' ,'5 24 8 44 63 12 11 6 ' ,189 ,4 ,13, 4
960 ,812, 938, '812 910 766 845 739 812 839 733 ' ,'5 16 6 15 14 8 17 7 ' ,184 ,5 ,16, 6
1064 ,979, 1042, '830 1018 761 873 850 875 646 746 ' ,'11 18 23 8 13 12 26 7 ' ,375 ,2 ,13, 9
922 ,1048, 900, '802 841 776 766 614 850 872 715 ' ,'6 19 6 19 13 10 51 14 ' ,255 ,2 ,16, 10
878 ,906, 859, '709 770 756 806 719 818 709 675 ' ,'9 12 10 21 14 13 16 5 ' ,147 ,3 ,29, 5
1279 ,863, 1259, '784 1033 707 1237 804 751 735 711 ' ,'8 133 13 17 11 8 11 19 ' ,536 ,2 ,9, 5
1011 ,1272, 993, '859 967 855 852 739 782 879 679 ' ,'7 18 10 16 15 10 12 6 ' ,289 ,2 ,14, 8
1359 ,1013, 1342, '747 868 817 1005 673 670 1265 700 ' ,'16 9 23 19 16 13 21 9 ' ,608 ,2 ,55, 3
1027 ,1347, 1011, '844 951 656 755 761 745 692 600 ' ,'83 36 27 24 64 28 60 7 ' ,355 ,3 ,47, 3
863 ,1049, 837, '735 704 754 653 604 755 817 658 ' ,'4 7 12 11 25 27 86 13 ' ,213 ,2 ,9, 3
1044 ,855, 1024, '914 997 861 720 769 910 783 960 ' ,'14 17 26 9 49 21 9 221 ' ,281 ,2 ,14, 5
1865 ,1059, 1843, '754 1807 657 865 670 888 719 812 ' ,'4 105 10 16 9 17 6 5 ' ,1154 ,2 ,25, 5
1138 ,1996, 1117, '951 1072 861 833 1055 840 831 820 ' ,'3 218 17 72 53 15 40 5 ' ,257 ,2 ,32, 9
848 ,1173, 822, '693 798 795 796 675 753 773 648 ' ,'8 23 37 14 14 11 9 24 ' ,155 ,2 ,10, 4
742 ,848, 724, '604 654 674 651 670 662 693 607 ' ,'5 8 8 10 27 8 7 37 ' ,93 ,2 ,19, 9
798 ,733, 773, '726 722 597 749 574 673 672 624 ' ,'5 16 5 14 10 10 9 4 ' ,171 ,4 ,11, 4
726 ,787, 703, '584 666 657 650 653 680 600 568 ' ,'10 10 15 5 7 14 7 5 ' ,114 ,2 ,11, 6
862 ,722, 843, '715 816 738 711 705 779 713 648 ' ,'5 10 7 13 14 7 13 7 ' ,172 ,2 ,16, 8
1017 ,861, 994, '958 908 770 765 861 855 858 711 ' ,'12 19 12 14 12 11 12 11 ' ,252 ,1 ,23, 7
874 ,1029, 855, '794 816 727 797 773 765 733 723 ' ,'9 25 15 18 99 8 14 22 ' ,95 ,1 ,25, 5
1275 ,881, 1257, '912 1232 865 817 878 768 793 778 ' ,'15 30 14 18 18 15 15 9 ' ,467 ,2 ,13, 7
1574 ,1292, 1557, '957 1037 832 940 836 1521 1008 1020 ' ,'7 14 13 39 25 32 18 124 ' ,693 ,2 ,22, 4
1037 ,1582, 1015, '908 988 867 905 824 928 779 658 ' ,'8 12 73 14 13 14 19 5 ' ,339 ,2 ,8, 4
1137 ,1052, 1118, '788 1087 811 921 847 934 885 791 ' ,'4 63 14 31 17 11 71 8 ' ,304 ,2 ,20, 4
988 ,1163, 965, '697 744 712 678 901 868 822 680 ' ,'8 7 6 27 103 11 10 16 ' ,265 ,32 ,14, 8
914 ,997, 894, '748 767 744 744 705 873 716 698 ' ,'36 11 6 48 6 10 6 25 ' ,180 ,5 ,8, 4
853 ,929, 829, '662 724 715 671 663 807 703 669 ' ,'10 12 5 12 6 7 4 6 ' ,147 ,1 ,13, 7
917 ,843, 892, '718 866 699 700 685 773 730 632 ' ,'10 14 11 5 5 8 6 8 ' ,235 ,1 ,17, 3
881 ,920, 861, '607 836 728 791 590 810 683 678 ' ,'7 22 4 22 6 10 6 6 ' ,241 ,1 ,15, 4
851 ,926, 828, '738 779 703 812 668 717 730 561 ' ,'8 5 9 8 23 7 25 4 ' ,249 ,1 ,9, 4
1052 ,848, 1033, '920 1012 803 820 850 804 767 752 ' ,'19 23 11 13 107 16 11 19 ' ,264 ,1 ,10, 4
1116 ,1082, 1097, '878 964 1049 1074 939 979 1069 951 ' ,'35 22 21 28 23 18 88 31 ' ,196 ,1 ,13, 6
1095 ,1145, 1078, '818 1047 993 832 732 876 879 846 ' ,'30 36 86 70 74 15 31 76 ' ,322 ,1 ,15, 3
1245 ,1105, 1226, '1070 1193 963 812 841 857 912 1042 ' ,'34 38 20 8 10 15 32 15 ' ,384 ,2 ,16, 8
951 ,1245, 931, '903 887 780 701 731 832 712 741 ' ,'79 27 15 17 14 13 13 13 ' ,206 ,1 ,15, 6
1196 ,997, 1174, '939 1141 797 798 708 1067 788 796 ' ,'25 91 18 27 7 16 21 8 ' ,419 ,1 ,21, 8
1114 ,1236, 1090, '815 808 992 722 687 875 618 694 ' ,'16 24 10 13 6 11 46 6 ' ,381 ,4 ,85, 4
1266 ,1098, 1246, '838 1209 894 785 824 948 998 885 ' ,'40 47 30 11 18 10 84 12 ' ,427 ,1 ,26, 5
1477 ,1308, 1449, '939 1395 866 827 760 826 918 815 ' ,'26 116 110 26 10 39 31 12 ' ,612 ,1 ,43, 5
1050 ,1485, 1026, '1008 970 914 950 954 892 870 788 ' ,'155 99 25 33 9 33 53 81 ' ,225 ,1 ,7, 4
1056 ,1114, 1038, '1017 840 948 744 861 843 767 871 ' ,'20 23 33 16 18 28 15 19 ' ,278 ,3 ,8, 4
1040 ,1064, 1012, '810 821 982 799 713 747 701 717 ' ,'12 13 110 18 6 15 24 8 ' ,285 ,2 ,18, 4
974 ,1052, 958, '718 928 737 715 669 859 667 611 ' ,'16 36 53 5 9 25 15 26 ' ,320 ,1 ,19, 9
816 ,964, 800, '628 776 721 681 711 759 669 677 ' ,'6 11 11 15 16 8 8 75 ' ,150 ,1 ,14, 9
928 ,809, 910, '737 851 734 723 655 884 660 651 ' ,'8 8 14 6 5 18 8 10 ' ,237 ,1 ,15, 7
949 ,922, 933, '758 847 717 744 719 786 688 760 ' ,'14 8 6 14 8 8 6 4 ' ,164 ,1 ,71, 6
930 ,938, 910, '769 879 671 712 654 800 828 712 ' ,'10 11 8 11 8 9 63 12 ' ,228 ,2 ,19, 8
1072 ,923, 1049, '814 1007 836 844 711 802 918 771 ' ,'24 19 23 22 5 8 49 5 ' ,299 ,1 ,31, 9
1141 ,1055, 1121, '978 1081 967 1021 850 868 789 882 ' ,'24 112 31 57 22 19 21 16 ' ,295 ,1 ,27, 7
958 ,1181, 935, '856 914 685 738 674 805 823 640 ' ,'84 21 12 55 18 16 26 9 ' ,276 ,1 ,10, 5
851 ,959, 830, '685 804 605 591 573 715 589 535 ' ,'13 12 11 10 5 15 14 4 ' ,261 ,1 ,13, 8
792 ,850, 770, '683 724 654 747 554 611 674 525 ' ,'11 13 9 16 9 8 10 4 ' ,224 ,1 ,13, 7
1045 ,795, 1022, '693 840 729 569 620 653 637 589 ' ,'8 15 14 4 13 14 4 14 ' ,278 ,1 ,170, 4
944 ,1041, 921, '772 833 807 751 675 893 698 549 ' ,'10 23 19 25 14 21 16 5 ' ,345 ,1 ,18, 4
947 ,941, 928, '729 903 597 614 610 743 632 549 ' ,'10 31 21 6 5 10 13 11 ' ,357 ,1 ,13, 8
883 ,953, 867, '799 769 772 686 643 842 655 603 ' ,'10 19 102 17 13 114 8 5 ' ,243 ,1 ,12, 7
1091 ,890, 1069, '870 1044 1020 789 755 768 841 733 ' ,'5 21 11 7 6 10 25 6 ' ,313 ,1 ,14, 8
1106 ,1097, 1077, '1047 1008 761 837 875 855 982 731 ' ,'16 16 4 7 17 12 14 5 ' ,318 ,1 ,18, 8
1097 ,1108, 1076, '861 1047 724 780 815 794 858 797 ' ,'15 92 8 5 5 14 7 5 ' ,326 ,1 ,17, 5
954 ,1143, 932, '767 904 793 816 720 768 784 804 ' ,'24 10 31 8 22 11 10 13 ' ,167 ,1 ,15, 9
943 ,997, 922, '819 897 769 745 702 764 756 703 ' ,'63 14 14 9 62 17 4 41 ' ,195 ,1 ,12, 7
859 ,949, 835, '699 808 765 746 749 772 737 716 ' ,'9 15 15 7 3 20 17 53 ' ,113 ,2 ,15, 8
938 ,859, 915, '778 891 792 878 801 865 845 754 ' ,'17 11 20 9 11 15 27 9 ' ,137 ,1 ,14, 8
920 ,946, 896, '789 867 746 646 755 763 720 735 ' ,'6 14 9 12 9 8 11 8 ' ,226 ,1 ,15, 8
874 ,922, 853, '828 830 731 720 706 742 645 616 ' ,'11 13 11 11 10 13 12 7 ' ,217 ,1 ,10, 5
851 ,885, 831, '695 806 641 636 568 666 717 559 ' ,'10 12 10 10 9 8 7 3 ' ,251 ,2 ,13, 7
860 ,857, 840, '716 815 674 646 574 669 744 562 ' ,'11 15 14 7 3 14 22 12 ' ,253 ,1 ,13, 5
799 ,864, 775, '746 734 702 671 678 748 555 582 ' ,'8 16 9 8 12 7 5 8 ' ,196 ,1 ,13, 7
802 ,804, 780, '673 668 656 603 694 755 656 682 ' ,'8 9 10 10 8 16 11 14 ' ,156 ,1 ,14, 7
943 ,810, 920, '749 884 690 702 880 743 839 749 ' ,'7 11 13 11 15 17 20 13 ' ,209 ,1 ,12, 6
936 ,947, 915, '892 775 756 755 679 723 781 727 ' ,'9 14 14 11 4 14 12 8 ' ,202 ,1 ,10, 5
869 ,946, 851, '687 824 679 641 608 761 724 575 ' ,'8 13 11 12 15 20 8 5 ' ,255 ,1 ,11, 7
911 ,881, 887, '732 857 660 680 663 722 639 620 ' ,'8 14 4 9 5 12 3 8 ' ,243 ,1 ,15, 8
869 ,899, 853, '814 701 699 776 749 827 632 651 ' ,'7 9 12 8 8 12 8 4 ' ,196 ,1 ,15, 8
920 ,865, 903, '819 794 856 834 697 877 692 751 ' ,'7 13 14 5 12 9 5 7 ' ,188 ,2 ,13, 7
1001 ,932, 985, '890 951 770 852 692 812 696 662 ' ,'14 7 11 14 18 9 7 4 ' ,294 ,1 ,20, 11
1318 ,1017, 1300, '851 953 880 946 1268 921 943 832 ' ,'7 21 31 10 142 8 16 4 ' ,441 ,1 ,18, 5
1110 ,1439, 1086, '953 1064 900 830 851 945 790 900 ' ,'14 109 27 57 37 41 12 23 ' ,278 ,2 ,10, 4
926 ,1117, 901, '798 871 829 681 786 773 757 683 ' ,'8 16 23 10 22 19 6 9 ' ,193 ,1 ,15, 7
847 ,924, 826, '805 746 712 686 663 784 631 675 ' ,'6 13 10 10 13 8 8 10 ' ,174 ,1 ,10, 4
848 ,851, 823, '725 785 625 724 753 795 716 614 ' ,'9 11 4 11 11 12 13 8 ' ,183 ,1 ,15, 7
835 ,855, 813, '743 788 626 671 596 748 688 597 ' ,'6 26 10 7 9 6 10 3 ' ,196 ,2 ,11, 4
984 ,839, 961, '842 814 783 793 774 935 821 839 ' ,'8 15 23 14 19 25 11 25 ' ,154 ,1 ,15, 8
1043 ,985, 1013, '767 989 803 872 708 813 914 812 ' ,'15 18 15 8 17 7 11 10 ' ,259 ,1 ,11, 3
1157 ,1044, 1137, '851 864 1109 675 1088 949 885 812 ' ,'14 9 15 19 25 12 10 27 ' ,442 ,1 ,13, 4
1150 ,1226, 1129, '967 988 1011 1099 1049 928 922 885 ' ,'16 80 137 46 60 47 5 9 ' ,214 ,0 ,21, 5
1151 ,1152, 1131, '819 1103 1000 946 1012 855 865 959 ' ,'8 37 17 98 28 11 17 25 ' ,287 ,1 ,15, 6
1090 ,1209, 1068, '916 1035 760 783 791 842 782 721 ' ,'8 103 5 15 26 76 24 9 ' ,318 ,2 ,19, 11
974 ,1099, 953, '693 927 770 723 719 830 649 627 ' ,'12 16 20 10 12 16 12 11 ' ,305 ,1 ,12, 5
930 ,989, 914, '843 791 780 752 763 891 734 620 ' ,'27 16 10 13 13 13 13 8 ' ,273 ,1 ,11, 5
940 ,948, 920, '801 834 735 745 675 893 790 643 ' ,'9 16 14 13 11 28 11 8 ' ,252 ,1 ,14, 7
1027 ,950, 1006, '894 862 829 883 903 792 962 682 ' ,'10 17 17 63 21 17 14 10 ' ,293 ,16 ,15, 4
976 ,1038, 952, '849 882 903 810 889 828 931 719 ' ,'139 20 32 19 28 31 22 10 ' ,212 ,2 ,11, 4
1016 ,1010, 993, '831 816 886 950 715 941 875 764 ' ,'7 35 10 70 27 15 19 9 ' ,214 ,1 ,33, 7
1079 ,1014, 1058, '983 1024 948 861 990 778 719 885 ' ,'19 41 23 8 66 13 22 37 ' ,310 ,1 ,20, 6
1231 ,1081, 1211, '1058 1179 898 863 858 966 1034 953 ' ,'89 82 45 17 26 14 85 43 ' ,324 ,2 ,14, 6
1044 ,1261, 1027, '903 983 765 793 851 996 826 880 ' ,'22 79 20 32 64 13 20 37 ' ,233 ,1 ,19, 4
1331 ,1055, 1315, '924 1285 884 912 869 1044 907 805 ' ,'15 46 31 25 19 22 14 21 ' ,486 ,1 ,13, 5
1076 ,1378, 1051, '902 1006 774 837 772 938 708 658 ' ,'9 14 13 16 62 26 18 18 ' ,349 ,1 ,34, 4
1016 ,1111, 999, '685 932 794 774 721 782 881 959 ' ,'4 138 21 9 7 12 37 98 ' ,278 ,1 ,17, 4
1135 ,1064, 1116, '1088 997 1005 810 903 914 942 835 ' ,'141 10 74 21 21 37 49 8 ' ,283 ,2 ,15, 6
985 ,1157, 962, '824 930 822 803 624 926 745 733 ' ,'11 11 12 79 13 66 22 48 ' ,295 ,2 ,19, 8
1020 ,989, 1004, '759 960 851 876 694 892 614 833 ' ,'4 20 29 6 11 10 16 43 ' ,350 ,2 ,29, 8
1134 ,1039, 1114, '931 1084 1026 1008 980 861 866 911 ' ,'11 25 82 25 69 25 24 49 ' ,227 ,1 ,15, 8
1134 ,1150, 1119, '689 1069 857 984 735 899 808 841 ' ,'11 109 40 73 13 28 80 22 ' ,387 ,1 ,33, 7
972 ,1131, 958, '657 909 840 795 665 807 865 788 ' ,'22 10 33 8 19 84 105 22 ' ,254 ,1 ,37, 8
1114 ,1085, 1090, '880 932 890 750 764 796 820 1066 ' ,'116 11 33 25 37 16 24 237 ' ,320 ,1 ,10, 3
918 ,1120, 885, '780 807 746 757 832 800 724 721 ' ,'12 15 15 71 21 33 5 13 ' ,143 ,1 ,11, 4
873 ,937, 852, '760 827 732 735 733 802 803 797 ' ,'5 9 17 13 20 11 10 5 ' ,99 ,1 ,10, 4
931 ,884, 909, '878 864 765 726 730 731 727 733 ' ,'10 16 8 5 6 16 5 8 ' ,153 ,1 ,19, 9
915 ,949, 897, '741 834 864 770 733 846 791 807 ' ,'4 10 8 5 6 14 11 4 ' ,129 ,1 ,18, 6
1007 ,936, 984, '820 875 777 821 756 958 740 780 ' ,'5 11 15 5 20 14 5 8 ' ,221 ,1 ,13, 4
1260 ,1021, 1240, '769 1180 833 856 1139 923 981 787 ' ,'5 24 19 10 17 10 108 21 ' ,415 ,1 ,44, 7
1214 ,1377, 1189, '833 1152 826 867 841 833 995 909 ' ,'20 109 22 21 44 12 104 65 ' ,327 ,2 ,22, 3
994 ,1232, 977, '945 923 752 839 784 846 838 648 ' ,'171 21 12 22 67 19 15 20 ' ,302 ,1 ,18, 7
977 ,998, 963, '703 799 711 771 932 704 699 713 ' ,'10 15 18 10 12 19 8 16 ' ,234 ,2 ,17, 7
907 ,982, 892, '808 786 723 805 759 843 765 651 ' ,'16 11 12 11 1487 16 10 15 ' ,195 ,1 ,36, 4
943 ,897, 918, '685 737 717 671 581 886 633 745 ' ,'16 9 11 11 7 16 9 93 ' ,281 ,1 ,18, 8
791 ,948, 772, '656 740 668 636 606 629 599 568 ' ,'5 16 6 13 11 10 4 11 ' ,176 ,1 ,17, 6
876 ,797, 849, '683 706 808 701 754 737 605 645 ' ,'11 7 11 7 12 13 11 6 ' ,212 ,2 ,22, 6
958 ,875, 936, '732 884 892 723 724 886 844 813 ' ,'7 7 150 11 10 16 6 19 ' ,174 ,2 ,29, 7
1151 ,950, 1132, '963 895 872 836 884 1073 808 731 ' ,'25 13 9 6 14 127 8 7 ' ,346 ,2 ,44, 7
1240 ,1152, 1222, '942 1146 1165 957 747 858 825 843 ' ,'24 9 14 15 22 10 7 14 ' ,401 ,1 ,42, 8
1203 ,1238, 1182, '930 994 1072 1076 804 1055 1104 874 ' ,'64 17 145 28 19 115 46 10 ' ,282 ,1 ,65, 8
1005 ,1198, 985, '807 854 903 799 743 816 785 922 ' ,'28 14 16 18 22 11 34 68 ' ,159 ,2 ,49, 7
925 ,990, 907, '858 869 827 710 713 678 757 686 ' ,'35 14 11 15 11 18 34 7 ' ,205 ,2 ,16, 6
889 ,937, 871, '785 841 638 653 712 754 711 681 ' ,'14 15 7 16 12 17 12 7 ' ,209 ,1 ,15, 4
890 ,905, 868, '720 835 717 677 625 772 655 566 ' ,'12 7 4 11 13 20 7 13 ' ,275 ,2 ,16, 7
823 ,902, 804, '743 720 608 661 559 687 773 509 ' ,'12 14 8 11 14 25 21 7 ' ,271 ,3 ,12, 4
860 ,843, 843, '746 814 649 741 571 772 664 588 ' ,'5 10 14 10 6 17 16 4 ' ,231 ,1 ,13, 4
964 ,872, 944, '682 872 647 754 612 697 653 915 ' ,'14 14 6 12 6 10 8 16 ' ,287 ,1 ,14, 4
883 ,978, 864, '821 740 835 709 605 750 616 697 ' ,'16 7 9 6 10 12 16 4 ' ,224 ,2 ,14, 3
1013 ,897, 993, '871 844 762 790 844 963 853 711 ' ,'6 12 11 12 6 9 9 15 ' ,254 ,1 ,17, 4
1539 ,1017, 1520, '836 899 834 937 918 1118 880 1407 ' ,'117 19 6 7 17 17 31 19 ' ,580 ,1 ,95, 4
1190 ,1528, 1171, '1092 1141 859 785 756 859 874 846 ' ,'2176 91 18 18 68 12 27 23 ' ,361 ,2 ,15, 4
1332 ,1281, 1309, '852 913 950 813 1182 851 962 760 ' ,'85 15 23 32 29 15 175 96 ' ,457 ,2 ,81, 3
1048 ,1316, 1024, '859 943 989 795 879 871 876 916 ' ,'21 19 91 20 81 34 104 31 ' ,200 ,1 ,18, 5
1020 ,1064, 1003, '861 958 906 769 782 949 849 747 ' ,'20 90 16 16 16 113 12 16 ' ,216 ,2 ,29, 9
1286 ,1013, 1266, '950 834 919 920 757 1209 886 987 ' ,'15 10 10 17 7 20 10 118 ' ,443 ,20 ,23, 11
1167 ,1342, 1144, '968 988 1063 986 841 920 997 1107 ' ,'22 14 84 20 25 27 18 93 ' ,234 ,1 ,22, 8
1211 ,1220, 1191, '954 998 1074 1042 974 972 932 1135 ' ,'28 11 15 18 23 85 9 13 ' ,210 ,2 ,39, 7
1017 ,1284, 997, '796 842 899 818 785 954 799 833 ' ,'6 11 9 10 10 93 17 94 ' ,164 ,2 ,26, 10
1197 ,1027, 1173, '1129 953 880 970 822 866 731 1044 ' ,'18 12 8 29 25 15 59 8 ' ,404 ,1 ,23, 4
1168 ,1196, 1150, '860 1111 867 990 695 884 829 839 ' ,'13 98 10 94 14 19 21 18 ' ,417 ,1 ,25, 5
1127 ,1185, 1111, '861 1063 988 815 841 865 900 862 ' ,'20 72 66 61 28 16 33 18 ' ,260 ,2 ,26, 7
930 ,1136, 904, '857 789 708 636 820 788 711 749 ' ,'17 8 9 10 21 9 21 97 ' ,223 ,1 ,34, 4
844 ,929, 822, '684 769 721 631 578 711 597 648 ' ,'4 14 6 35 13 37 9 9 ' ,176 ,2 ,32, 7
917 ,839, 897, '850 832 741 740 610 708 687 766 ' ,'8 31 8 64 20 9 6 5 ' ,221 ,2 ,29, 5
1108 ,925, 1080, '1020 803 745 653 718 701 764 814 ' ,'12 12 3 4 8 9 12 9 ' ,371 ,2 ,46, 7
1095 ,1107, 1074, '950 694 877 716 781 871 669 791 ' ,'17 9 10 5 18 20 9 11 ' ,285 ,1 ,107, 4
1233 ,1099, 1214, '1147 1097 936 945 974 1172 777 842 ' ,'126 49 25 20 106 44 28 20 ' ,400 ,1 ,19, 4
1314 ,1235, 1017, '832 982 775 834 857 912 726 957 ' ,'18 19 13 86 18 17 15 85 ' ,261 ,1 ,19, 4
891 ,1057, 872, '837 830 721 737 764 753 637 721 ' ,'15 17 12 13 12 17 8 7 ' ,204 ,2 ,18, 3
879 ,905, 861, '824 821 700 707 715 755 649 671 ' ,'11 16 9 8 10 11 11 7 ' ,176 ,2 ,23, 6
897 ,886, 881, '675 836 740 670 673 796 629 592 ' ,'10 16 14 10 9 26 10 14 ' ,250 ,2 ,28, 5
862 ,893, 842, '705 793 690 670 658 640 652 563 ' ,'8 13 9 10 8 13 8 4 ' ,236 ,2 ,29, 7
1004 ,854, 986, '713 941 641 620 693 731 653 633 ' ,'15 16 8 10 9 14 6 16 ' ,323 ,2 ,31, 7
859 ,1028, 836, '688 796 633 573 692 687 623 650 ' ,'15 12 8 13 22 24 7 9 ' ,229 ,1 ,18, 7
872 ,876, 846, '707 803 704 673 655 808 610 654 ' ,'8 15 10 10 6 12 12 12 ' ,200 ,1 ,23, 4
846 ,888, 824, '783 773 668 751 735 721 698 566 ' ,'8 14 10 10 4 21 18 19 ' ,221 ,2 ,26, 5
1036 ,863, 1011, '940 874 740 787 775 895 970 760 ' ,'15 13 7 9 14 22 20 12 ' ,232 ,2 ,25, 4
1469 ,1059, 1450, '1381 1217 1275 1257 824 1069 827 1396 ' ,'19 29 95 91 17 32 11 150 ' ,573 ,2 ,37, 6
1267 ,1503, 1248, '1134 1180 885 896 853 943 976 808 ' ,'139 84 18 55 44 62 41 8 ' ,378 ,1 ,50, 6
1199 ,1347, 1174, '1015 1128 805 939 948 1085 823 765 ' ,'15 116 8 16 22 44 39 18 ' ,367 ,2 ,29, 5
1156 ,1243, 1125, '703 1096 713 803 684 704 622 775 ' ,'10 34 17 85 21 13 14 85 ' ,476 ,2 ,22, 7
929 ,1181, 912, '793 862 768 786 748 772 724 625 ' ,'13 15 13 10 17 17 15 9 ' ,241 ,2 ,35, 3
908 ,927, 892, '842 818 829 778 707 792 727 654 ' ,'9 18 77 15 17 21 8 10 ' ,193 ,1 ,34, 6
1013 ,903, 998, '855 956 870 733 729 747 671 698 ' ,'10 28 27 11 9 12 5 9 ' ,292 ,2 ,25, 4
1095 ,1016, 1078, '912 1017 830 947 865 917 737 585 ' ,'12 17 6 11 17 41 18 5 ' ,438 ,2 ,42, 4
1179 ,1120, 1161, '928 1030 956 805 1120 937 1101 1081 ' ,'16 35 148 13 29 17 19 32 ' ,322 ,1 ,25, 5
1077 ,1187, 1061, '911 998 798 828 789 925 922 899 ' ,'14 9 11 48 6 33 11 40 ' ,219 ,2 ,38, 8
1083 ,1092, 1066, '830 943 889 734 847 899 901 810 ' ,'18 20 20 9 21 81 29 82 ' ,282 ,68 ,36, 6
1014 ,1090, 996, '781 946 859 840 717 806 927 746 ' ,'11 13 17 19 11 24 20 15 ' ,204 ,2 ,32, 5
893 ,1073, 871, '801 786 836 614 718 726 721 727 ' ,'21 25 104 13 81 30 67 18 ' ,223 ,2 ,21, 4
811 ,923, 791, '702 704 747 675 650 697 626 646 ' ,'11 8 8 10 8 15 18 16 ' ,128 ,2 ,22, 7
842 ,835, 823, '659 773 636 618 555 702 596 567 ' ,'12 15 10 11 6 24 10 5 ' ,213 ,1 ,30, 7
863 ,855, 840, '732 796 613 580 633 703 631 615 ' ,'8 11 8 5 10 12 7 8 ' ,225 ,3 ,23, 6
828 ,884, 807, '764 759 741 716 636 769 739 607 ' ,'14 20 11 16 11 11 11 9 ' ,162 ,1 ,24, 5
854 ,847, 835, '755 794 716 769 632 790 700 629 ' ,'13 12 14 8 16 22 7 13 ' ,167 ,2 ,24, 5
928 ,874, 907, '703 828 628 619 635 796 853 644 ' ,'6 27 4 7 6 21 16 10 ' ,242 ,2 ,36, 7
981 ,931, 959, '786 896 735 810 720 722 910 664 ' ,'11 8 8 16 10 10 13 10 ' ,252 ,2 ,32, 8
981 ,988, 963, '811 914 706 716 857 785 732 703 ' ,'4 16 7 5 3 10 12 5 ' ,215 ,2 ,32, 5
908 ,1000, 888, '822 842 762 803 699 705 676 589 ' ,'12 10 5 7 11 9 5 5 ' ,259 ,2 ,28, 8
1171 ,925, 1143, '900 1101 804 730 893 974 849 839 ' ,'12 24 8 9 9 20 11 10 ' ,379 ,2 ,24, 5
1009 ,1226, 992, '803 921 905 844 855 946 784 816 ' ,'10 9 9 6 5 16 9 11 ' ,167 ,2 ,29, 7
1279 ,1018, 1264, '787 1210 754 831 770 749 955 739 ' ,'28 137 4 15 11 16 84 14 ' ,477 ,2 ,35, 6
976 ,1281, 960, '916 913 850 852 719 856 778 707 ' ,'24 23 12 77 9 21 8 13 ' ,218 ,1 ,24, 6
939 ,992, 924, '805 876 762 729 669 711 692 684 ' ,'104 18 7 15 10 16 9 11 ' ,212 ,1 ,30, 4
865 ,939, 848, '711 774 758 676 640 753 695 613 ' ,'8 11 13 13 20 9 13 11 ' ,200 ,33 ,25, 5
837 ,863, 817, '654 762 693 629 644 726 643 649 ' ,'10 12 7 11 14 15 9 7 ' ,140 ,2 ,36, 4
875 ,831, 859, '579 806 748 670 687 656 613 666 ' ,'12 15 8 9 8 16 10 7 ' ,234 ,4 ,31, 7
