273 ,0, 135, '50 43 37 52 60 33 57 48 58 35 42 39 49 49 59 78 48 44 57 43 ' ,'0 0 0 0 0 0 0 0 0 0 0 0 0 0 0 0 0 0 0 0 ' ,60 ,6 ,11, 11
876 ,209, 838, '628 658 532 649 790 533 589 551 760 565 652 563 584 538 638 624 641 555 588 650 ' ,'0 0 0 0 0 0 0 0 0 0 0 0 0 0 0 152 0 0 0 0 ' ,270 ,4 ,17, 2
730 ,924, 705, '418 337 413 507 406 669 410 424 375 280 401 422 364 372 397 313 365 386 452 453 ' ,'173 166 152 143 142 151 160 167 152 0 162 202 159 155 192 0 155 179 167 183 ' ,386 ,3 ,13, 2
574 ,788, 551, '263 162 189 209 350 294 229 413 239 505 283 208 312 269 203 223 220 209 227 362 ' ,'0 0 0 0 0 33 0 28 0 165 0 0 0 0 0 28 0 0 0 0 ' ,362 ,1 ,13, 2
2087 ,563, 2059, '151 228 224 302 206 189 264 220 323 162 164 186 993 197 289 186 169 145 299 269 ' ,'0 0 0 0 51 0 0 0 36 0 0 0 31 40 0 0 0 0 47 0 ' ,858 ,2 ,1040, 5
719 ,2079, 696, '271 334 272 204 345 206 283 230 526 333 256 250 161 183 349 161 253 318 114 276 ' ,'41 42 50 43 0 15 60 0 0 62 38 55 0 0 33 0 36 27 0 47 ' ,420 ,2 ,155, 1
344 ,715, 317, '178 141 249 168 302 160 125 283 152 242 180 168 254 162 283 201 169 240 137 141 ' ,'0 0 0 0 89 0 0 74 0 0 0 0 21 0 0 15 0 0 0 0 ' ,172 ,2 ,10, 1
360 ,349, 331, '244 208 254 189 260 167 270 185 152 302 189 287 207 206 231 205 284 299 184 266 ' ,'23 0 77 0 0 0 20 0 0 42 0 79 0 21 49 0 70 18 0 20 ' ,152 ,2 ,13, 1
381 ,436, 359, '179 144 239 336 287 241 170 303 308 200 252 163 219 153 228 285 203 248 290 265 ' ,'0 25 0 131 90 18 0 142 79 0 49 0 36 0 0 21 0 0 48 0 ' ,197 ,3 ,9, 1
640 ,377, 615, '247 175 163 165 212 161 215 190 167 589 187 255 180 192 264 178 267 231 154 221 ' ,'23 0 0 0 0 20 0 0 0 115 0 89 0 21 111 0 77 10 0 13 ' ,448 ,2 ,9, 1
361 ,745, 330, '213 190 196 233 181 166 178 243 301 145 217 208 246 258 264 222 168 308 271 150 ' ,'0 18 18 17 26 0 16 21 97 0 0 0 18 0 0 14 0 0 25 0 ' ,162 ,2 ,6, 1
303 ,419, 275, '194 180 190 177 219 208 140 202 139 237 168 194 166 159 210 228 243 177 222 175 ' ,'9 0 0 0 0 36 0 22 0 0 0 7 0 16 6 7 14 10 0 7 ' ,119 ,4 ,7, 1
1027 ,331, 998, '247 185 313 306 966 971 204 219 226 338 290 219 363 241 243 267 208 286 206 192 ' ,'0 0 12 19 23 51 9 0 0 25 60 0 24 0 0 0 0 0 23 0 ' ,791 ,3 ,12, 1
302 ,1151, 281, '207 173 168 194 257 235 213 153 206 143 195 202 211 204 236 224 234 171 207 197 ' ,'0 18 0 0 8 0 0 0 16 0 0 0 0 0 0 11 0 0 0 0 ' ,119 ,3 ,7, 1
484 ,298, 462, '203 155 190 195 157 267 250 272 241 427 175 224 248 233 260 222 183 196 237 217 ' ,'10 0 0 0 0 0 0 12 0 15 0 0 17 11 0 0 15 0 0 0 ' ,284 ,4 ,16, 1
270 ,472, 231, '212 162 192 119 174 204 173 184 151 177 214 190 206 160 215 190 134 162 140 166 ' ,'0 0 6 0 0 8 0 0 0 0 39 8 0 0 4 0 0 11 0 8 ' ,104 ,3 ,7, 2
443 ,259, 419, '285 257 277 298 285 295 314 305 299 348 285 311 254 400 328 332 262 250 311 265 ' ,'0 0 0 15 12 0 33 0 9 0 0 0 0 10 0 8 0 0 26 0 ' ,154 ,2 ,9, 2
306 ,471, 270, '206 202 206 173 183 207 227 263 165 242 181 179 207 156 157 238 173 188 184 183 ' ,'15 11 0 0 0 0 0 6 0 0 0 0 0 0 0 0 0 0 0 0 ' ,106 ,1 ,3, 1
314 ,331, 281, '180 174 197 143 191 179 158 161 162 242 182 218 258 160 185 169 192 148 199 188 ' ,'0 0 6 0 0 18 0 0 0 8 5 6 10 0 5 0 11 0 0 8 ' ,123 ,2 ,7, 2
289 ,344, 260, '138 144 147 178 195 186 239 186 212 145 193 139 188 162 168 166 180 203 173 195 ' ,'0 0 0 14 11 0 90 25 15 0 0 0 0 0 0 9 0 0 13 0 ' ,104 ,2 ,10, 1
271 ,277, 243, '193 198 215 154 217 176 164 194 228 147 169 159 202 169 139 192 174 168 144 160 ' ,'14 14 6 0 0 8 0 0 0 0 0 0 6 5 0 0 0 0 0 0 ' ,87 ,2 ,2, 1
387 ,295, 360, '166 173 171 133 227 154 150 342 207 242 158 187 197 156 218 202 197 163 205 233 ' ,'0 0 0 0 26 0 0 55 8 20 5 6 0 0 5 6 12 32 9 15 ' ,211 ,1 ,10, 2
272 ,373, 251, '171 218 229 139 164 176 141 158 176 175 185 217 188 237 153 144 212 163 172 195 ' ,'0 11 4 14 0 6 9 0 0 0 0 0 7 5 0 0 0 0 0 0 ' ,97 ,1 ,6, 1
296 ,264, 278, '198 188 195 146 149 194 183 226 182 257 167 168 213 158 183 189 194 159 165 200 ' ,'7 0 0 0 10 0 0 3 0 5 4 4 0 0 0 4 26 0 0 5 ' ,115 ,1 ,2, 1
236 ,286, 216, '165 174 183 121 149 190 184 137 176 165 136 163 193 199 156 160 203 185 180 191 ' ,'0 9 3 0 0 6 14 0 0 0 0 0 5 6 4 0 0 13 16 0 ' ,82 ,2 ,3, 1
290 ,229, 262, '156 152 154 181 243 202 147 168 172 218 117 173 189 155 206 182 206 233 183 144 ' ,'5 0 0 9 7 0 0 0 0 15 0 8 0 0 0 4 17 0 0 6 ' ,134 ,1 ,6, 1
320 ,283, 300, '224 170 188 166 200 256 212 256 194 159 237 188 264 186 136 247 157 217 185 273 ' ,'0 13 5 0 0 10 9 7 8 0 26 0 22 6 0 5 0 27 4 0 ' ,139 ,2 ,3, 3
283 ,314, 261, '227 177 171 153 160 163 137 223 177 168 145 153 241 134 200 197 195 158 175 183 ' ,'11 0 0 15 7 0 0 0 0 8 0 5 12 0 0 0 8 0 0 5 ' ,111 ,1 ,7, 3
230 ,329, 206, '132 144 143 171 160 143 135 159 156 138 137 182 161 166 161 171 139 183 137 175 ' ,'0 0 6 0 0 6 0 14 11 0 7 0 0 0 4 6 0 13 5 0 ' ,63 ,1 ,1, 1
247 ,228, 222, '139 169 180 156 164 157 142 170 164 150 157 136 185 152 195 171 169 153 147 195 ' ,'0 5 0 0 0 0 7 0 0 0 0 0 7 7 0 0 0 0 0 0 ' ,69 ,2 ,8, 1
773 ,239, 750, '231 228 267 221 216 196 225 301 176 206 172 194 274 191 247 646 192 226 158 169 ' ,'8 0 5 8 6 8 0 6 0 15 0 11 0 0 0 6 9 0 0 6 ' ,490 ,1 ,95, 1
335 ,758, 309, '262 168 219 173 230 183 192 190 185 237 215 176 247 166 227 238 159 184 190 200 ' ,'0 0 0 0 0 0 0 0 10 0 8 0 6 0 6 7 0 13 12 0 ' ,100 ,1 ,39, 1
291 ,372, 271, '140 207 180 221 239 193 234 252 175 187 173 139 221 174 172 211 190 176 217 223 ' ,'0 32 0 0 27 0 34 0 0 0 0 0 0 0 0 0 0 0 0 0 ' ,118 ,1 ,6, 1
336 ,286, 308, '220 189 230 256 180 214 153 289 202 234 197 169 215 211 214 223 159 193 238 161 ' ,'17 0 6 37 0 27 0 11 0 0 0 0 0 29 0 29 0 0 0 0 ' ,143 ,1 ,6, 2
364 ,326, 336, '202 147 252 172 236 250 222 236 227 240 233 204 224 200 238 188 203 302 210 227 ' ,'0 0 0 0 0 0 0 0 0 30 0 18 7 0 13 0 11 8 0 0 ' ,160 ,1 ,21, 1
345 ,354, 321, '183 190 192 199 283 195 152 300 190 171 158 172 225 196 175 203 145 197 155 164 ' ,'0 0 0 0 77 14 0 17 26 0 5 0 0 0 0 0 0 0 0 0 ' ,161 ,2 ,8, 2
308 ,333, 273, '200 263 158 163 177 192 207 159 177 115 162 188 232 243 145 147 171 151 143 176 ' ,'13 92 9 0 0 0 0 0 0 0 0 0 6 96 0 0 0 0 0 0 ' ,132 ,2 ,4, 1
311 ,295, 273, '147 144 159 259 191 145 174 167 183 200 140 182 243 201 140 178 151 149 173 180 ' ,'0 0 0 82 4 0 0 0 0 23 0 22 0 0 0 0 7 0 0 0 ' ,121 ,1 ,3, 1
279 ,298, 251, '171 151 205 232 167 168 154 228 223 156 154 167 177 201 170 187 151 178 180 211 ' ,'0 0 5 0 0 8 0 8 70 0 4 0 0 0 8 4 0 6 7 0 ' ,84 ,2 ,10, 2
294 ,266, 271, '176 170 184 136 160 171 156 159 162 129 139 139 191 162 131 175 184 259 158 153 ' ,'11 4 0 0 0 0 4 0 0 0 0 0 7 10 0 0 0 0 0 0 ' ,133 ,2 ,6, 2
321 ,289, 303, '146 198 288 265 167 181 175 182 195 176 201 175 261 175 180 235 165 243 150 204 ' ,'0 0 5 13 6 10 0 6 0 6 0 10 0 0 0 12 6 5 0 5 ' ,144 ,2 ,5, 3
384 ,315, 367, '175 214 256 185 278 205 208 318 218 174 215 182 348 183 224 263 160 236 190 220 ' ,'0 3 0 0 0 0 3 6 6 0 5 0 11 10 5 6 0 0 12 0 ' ,191 ,2 ,7, 1
317 ,376, 294, '173 190 157 207 236 217 161 181 217 268 154 198 250 185 206 191 200 194 161 264 ' ,'9 0 6 12 6 6 0 0 5 6 0 22 0 0 5 0 8 5 0 5 ' ,122 ,2 ,7, 2
237 ,305, 213, '152 153 180 172 189 165 170 167 146 184 130 163 178 140 184 167 160 189 196 153 ' ,'0 4 6 0 10 0 5 4 0 0 4 0 6 0 0 3 0 0 11 0 ' ,67 ,2 ,11, 2
363 ,226, 335, '231 210 195 270 239 264 212 207 279 314 219 212 268 284 221 230 182 183 168 197 ' ,'7 0 0 13 0 4 0 0 5 0 0 8 5 10 7 4 11 5 0 6 ' ,154 ,1 ,5, 2
369 ,390, 339, '192 201 244 235 237 330 274 251 229 227 201 224 249 239 232 223 191 209 272 252 ' ,'0 7 6 7 38 5 13 4 0 9 4 0 6 8 0 0 0 0 12 0 ' ,142 ,2 ,3, 2
422 ,360, 398, '137 138 149 216 347 173 170 208 161 242 214 382 286 179 197 196 188 207 166 247 ' ,'9 0 0 0 92 6 0 4 8 0 0 6 0 0 4 5 0 8 0 6 ' ,251 ,1 ,4, 2
302 ,426, 270, '167 180 211 202 253 156 177 194 179 159 177 167 205 185 181 204 157 180 182 171 ' ,'0 0 6 11 0 0 7 0 0 11 4 5 6 16 0 0 0 0 29 0 ' ,96 ,0 ,7, 2
377 ,291, 358, '210 172 214 182 206 342 328 246 204 249 237 207 187 159 216 250 204 186 158 215 ' ,'0 5 0 0 5 13 0 4 0 0 0 0 0 0 0 12 0 0 0 5 ' ,187 ,1 ,4, 2
485 ,371, 462, '186 186 197 187 260 191 182 221 215 279 209 207 248 176 442 227 210 211 186 163 ' ,'6 0 7 0 0 0 4 0 11 0 0 0 5 0 5 0 9 11 0 0 ' ,278 ,1 ,2, 2
291 ,475, 269, '184 188 197 200 180 219 160 179 176 181 207 162 174 238 177 229 162 173 209 245 ' ,'0 0 0 11 0 15 0 0 0 7 5 9 0 9 0 5 0 0 23 0 ' ,96 ,0 ,4, 2
259 ,280, 235, '157 162 163 125 197 176 161 159 123 204 163 136 220 163 163 137 146 154 156 172 ' ,'0 6 0 0 5 0 0 4 0 0 0 0 7 0 0 0 0 0 0 0 ' ,101 ,0 ,6, 2
267 ,250, 243, '190 165 163 122 199 159 154 153 159 208 185 146 190 183 178 165 171 180 180 144 ' ,'5 0 7 0 0 0 0 0 0 0 0 0 0 0 4 0 0 10 0 0 ' ,106 ,1 ,7, 2
297 ,255, 273, '151 188 217 178 167 159 130 195 156 177 184 187 195 194 164 234 159 180 197 234 ' ,'0 0 0 0 0 0 4 0 0 0 0 0 0 0 0 5 7 0 17 6 ' ,107 ,1 ,13, 2
304 ,283, 282, '180 171 171 157 194 197 158 200 213 173 187 159 163 170 178 224 149 172 157 252 ' ,'0 0 0 0 4 20 0 4 0 10 4 6 5 7 0 0 0 0 0 0 ' ,118 ,2 ,5, 1
300 ,298, 274, '155 167 215 245 185 218 195 258 177 241 162 209 179 165 176 212 161 170 197 166 ' ,'0 0 5 17 0 0 0 0 0 0 0 0 0 0 0 5 0 0 0 0 ' ,107 ,1 ,6, 2
290 ,296, 266, '189 140 211 152 227 198 133 226 159 238 188 171 167 155 185 231 176 210 197 142 ' ,'14 5 0 0 6 12 0 6 0 0 0 0 0 0 5 0 0 10 0 0 ' ,116 ,1 ,9, 2
302 ,280, 279, '182 207 167 167 163 175 149 262 135 164 161 162 185 240 197 179 166 164 191 200 ' ,'0 0 5 0 0 0 0 0 0 0 0 7 5 6 0 0 0 0 21 17 ' ,130 ,1 ,3, 2
280 ,291, 264, '164 193 168 196 201 229 217 230 170 178 207 231 212 153 192 249 218 185 187 177 ' ,'0 0 0 11 0 6 5 4 0 8 3 0 0 0 0 5 0 0 0 0 ' ,96 ,2 ,4, 1
449 ,308, 431, '226 148 284 183 285 320 261 259 294 217 409 219 223 185 228 238 306 201 206 206 ' ,'7 5 5 0 5 0 8 0 9 0 4 6 6 0 6 23 5 30 18 10 ' ,262 ,1 ,9, 1
889 ,483, 866, '183 194 189 211 247 233 194 823 325 232 201 213 205 244 224 188 184 273 197 260 ' ,'0 0 10 11 9 6 0 28 8 6 5 0 6 6 0 0 0 0 0 0 ' ,670 ,20 ,5, 1
882 ,882, 856, '766 236 286 275 831 244 190 334 194 300 199 221 161 183 182 189 172 176 232 245 ' ,'12 16 0 0 13 5 9 7 0 8 0 6 0 22 5 13 4 11 19 53 ' ,674 ,0 ,3, 2
331 ,867, 306, '150 167 234 238 171 181 162 203 287 198 171 205 192 252 235 152 179 214 201 269 ' ,'0 0 5 7 0 4 0 0 6 0 4 0 6 0 5 0 0 0 0 0 ' ,144 ,1 ,6, 1
441 ,320, 413, '166 173 303 255 279 318 255 212 225 388 216 306 291 268 319 250 200 240 296 384 ' ,'0 23 5 5 4 5 4 5 0 7 0 7 5 20 5 8 6 9 9 107 ' ,235 ,1 ,3, 1
357 ,429, 329, '233 221 202 250 200 206 209 250 218 205 236 199 211 168 238 215 190 223 255 295 ' ,'5 7 0 0 5 0 0 12 5 0 13 5 0 0 0 6 0 8 8 7 ' ,145 ,1 ,7, 2
365 ,342, 338, '194 213 309 182 213 216 175 250 289 228 184 241 177 192 216 197 192 277 172 206 ' ,'6 0 5 4 0 6 4 5 7 0 0 5 4 17 7 5 5 9 0 0 ' ,147 ,1 ,3, 1
455 ,350, 426, '240 188 164 179 178 183 128 150 169 186 209 169 211 180 258 260 170 251 161 391 ' ,'0 5 0 0 5 6 0 0 0 0 14 0 0 0 0 0 0 0 8 19 ' ,282 ,1 ,1, 1
384 ,525, 360, '184 192 232 280 207 191 175 255 272 209 234 175 225 152 297 263 232 183 180 245 ' ,'0 0 4 0 0 0 0 0 6 33 0 0 6 13 0 4 5 0 0 8 ' ,163 ,0 ,35, 1
369 ,405, 338, '191 225 203 227 242 216 247 192 178 139 189 194 250 234 177 200 194 312 196 260 ' ,'5 0 0 10 9 0 12 0 0 0 0 4 0 0 5 0 0 4 0 0 ' ,174 ,0 ,2, 2
329 ,398, 301, '144 186 254 222 180 191 134 233 241 139 199 160 194 170 163 196 164 142 179 257 ' ,'0 7 11 0 0 6 0 0 0 0 0 0 5 0 0 7 0 0 0 0 ' ,137 ,3 ,14, 2
359 ,371, 322, '209 203 224 230 254 173 197 301 149 187 183 207 235 202 162 225 222 193 256 244 ' ,'0 0 0 0 0 0 0 83 0 0 0 0 0 0 0 0 24 0 13 0 ' ,153 ,1 ,9, 5
331 ,441, 302, '255 193 230 241 278 228 217 208 196 185 220 195 231 229 172 219 217 188 205 200 ' ,'12 0 24 56 27 36 9 0 6 0 5 10 4 26 12 7 0 26 0 0 ' ,103 ,1 ,5, 1
409 ,319, 376, '313 218 179 361 182 216 218 228 243 177 208 227 207 226 246 270 317 183 205 220 ' ,'4 6 0 64 6 0 0 43 0 0 0 0 0 0 0 0 90 0 13 22 ' ,183 ,1 ,8, 2
311 ,395, 289, '253 192 271 181 196 272 237 250 199 235 250 187 231 177 235 237 199 193 199 211 ' ,'0 0 104 0 0 63 20 7 7 31 4 16 5 0 28 3 0 21 0 0 ' ,97 ,0 ,6, 2
276 ,305, 250, '176 177 200 200 202 203 161 155 170 205 181 213 232 217 177 189 149 196 213 165 ' ,'3 4 0 3 8 5 0 0 0 0 0 0 4 6 0 3 6 0 10 14 ' ,90 ,1 ,3, 1
323 ,266, 302, '167 163 289 177 224 193 264 217 226 189 167 220 272 222 138 209 195 198 223 193 ' ,'0 0 31 0 7 0 10 5 5 17 5 8 5 0 0 0 0 12 7 0 ' ,153 ,1 ,6, 2
383 ,314, 364, '202 198 221 253 236 201 188 254 232 178 293 221 315 213 207 286 207 188 220 346 ' ,'5 5 24 6 0 4 9 4 4 0 0 0 5 11 6 0 6 0 0 11 ' ,170 ,1 ,9, 1
296 ,372, 275, '185 150 217 166 205 229 165 258 155 184 147 144 249 232 234 133 198 149 198 198 ' ,'0 0 7 0 4 4 0 3 0 12 4 4 5 0 7 0 0 15 9 15 ' ,129 ,1 ,11, 2
284 ,289, 253, '165 150 195 192 225 177 169 187 204 185 184 141 178 177 160 164 162 169 161 211 ' ,'5 7 0 5 6 0 0 0 0 0 0 0 0 5 0 0 7 0 0 0 ' ,99 ,1 ,8, 2
291 ,272, 262, '186 181 188 177 205 198 159 223 179 239 178 167 219 171 160 231 167 180 176 173 ' ,'0 0 16 0 0 3 5 5 7 12 0 4 4 0 0 4 0 0 5 0 ' ,90 ,1 ,5, 1
301 ,276, 277, '171 162 186 175 255 168 172 177 146 144 201 147 170 207 162 155 138 151 183 176 ' ,'0 0 0 0 6 0 0 0 0 0 16 0 0 5 5 4 0 17 0 0 ' ,120 ,1 ,1, 1
294 ,295, 272, '151 180 164 162 153 164 146 162 132 136 149 155 165 147 245 184 160 166 189 149 ' ,'7 14 6 10 0 5 0 5 0 0 0 0 6 0 0 0 8 0 5 0 ' ,126 ,1 ,8, 1
295 ,287, 269, '161 139 174 156 173 164 168 169 169 235 199 158 185 163 249 168 145 166 181 163 ' ,'0 0 0 0 0 0 7 0 5 11 5 3 0 0 7 0 0 0 0 16 ' ,113 ,1 ,9, 1
344 ,286, 324, '162 164 193 190 297 182 167 208 209 177 191 190 246 177 178 203 176 186 229 201 ' ,'0 0 5 0 7 4 0 6 0 0 0 0 10 5 0 5 0 7 0 0 ' ,147 ,1 ,7, 2
314 ,338, 276, '162 211 160 207 238 184 173 186 254 210 184 171 188 205 183 209 210 153 202 161 ' ,'4 5 0 6 0 0 0 0 0 0 0 0 0 0 0 0 5 0 5 0 ' ,104 ,1 ,11, 2
414 ,327, 385, '176 210 200 207 247 230 192 180 200 266 196 148 214 201 288 234 175 191 364 223 ' ,'0 0 0 0 5 0 16 0 6 11 0 0 7 0 6 6 0 0 0 18 ' ,210 ,1 ,14, 2
442 ,430, 414, '212 184 252 235 379 220 207 228 208 318 173 159 272 240 200 233 189 196 188 182 ' ,'0 0 6 0 5 5 0 6 0 0 3 4 0 6 0 0 0 10 4 0 ' ,219 ,1 ,17, 2
318 ,428, 295, '181 245 212 187 183 230 175 161 172 271 186 191 182 158 222 160 152 174 148 199 ' ,'4 5 0 4 0 0 0 0 0 9 0 0 11 0 0 4 5 0 0 0 ' ,132 ,1 ,10, 2
377 ,367, 347, '169 215 217 184 244 214 257 217 188 267 202 254 332 231 297 262 202 226 260 322 ' ,'0 0 33 0 5 7 10 15 12 0 3 6 18 5 9 0 0 8 19 86 ' ,168 ,1 ,10, 1
306 ,363, 280, '161 184 162 187 189 196 146 170 196 161 152 163 250 186 256 185 178 172 140 162 ' ,'4 12 0 3 0 5 0 0 0 12 0 0 44 0 11 5 15 0 0 0 ' ,128 ,1 ,7, 1
304 ,292, 277, '140 166 143 152 192 143 154 217 151 241 150 195 197 149 191 156 161 191 164 228 ' ,'0 0 0 0 7 0 11 9 10 0 7 17 0 3 0 4 0 6 0 26 ' ,117 ,1 ,14, 1
316 ,294, 290, '120 175 220 187 150 153 134 156 203 138 119 158 186 164 195 136 151 149 251 137 ' ,'0 18 7 8 0 3 0 8 0 13 0 0 8 0 0 0 14 0 111 0 ' ,114 ,2 ,27, 2
264 ,304, 241, '164 124 202 159 205 147 168 124 172 132 123 151 211 129 183 158 154 122 169 139 ' ,'4 0 0 0 6 0 12 0 5 0 0 13 5 0 0 5 0 0 0 9 ' ,97 ,1 ,8, 1
290 ,251, 265, '145 177 183 160 210 146 124 188 162 144 168 237 209 168 218 166 118 226 189 169 ' ,'0 5 5 0 6 3 0 14 0 0 5 0 0 4 4 0 0 6 10 0 ' ,120 ,1 ,16, 1
307 ,275, 286, '199 172 267 191 161 197 171 155 187 169 205 195 248 186 166 183 164 158 139 133 ' ,'4 0 0 14 0 0 9 0 4 8 0 7 6 0 0 5 7 0 0 0 ' ,142 ,1 ,4, 1
267 ,313, 242, '159 180 217 165 189 164 172 178 138 156 184 162 182 162 175 160 142 204 133 146 ' ,'0 3 15 0 7 4 0 11 0 0 6 0 6 5 6 0 0 8 12 13 ' ,94 ,0 ,10, 2
268 ,260, 252, '189 151 156 176 189 183 173 138 157 221 207 175 224 206 156 213 181 160 167 190 ' ,'4 0 0 19 0 0 0 0 0 18 0 10 0 0 0 5 7 0 0 0 ' ,89 ,0 ,9, 1
411 ,267, 383, '181 222 190 140 198 156 242 223 153 142 191 174 345 220 178 212 229 187 151 162 ' ,'0 0 11 0 5 6 10 8 7 0 4 0 5 6 0 4 0 7 0 0 ' ,216 ,1 ,20, 2
352 ,396, 325, '203 240 279 252 276 203 258 237 252 275 214 144 223 169 287 243 248 196 264 246 ' ,'0 4 0 0 0 0 0 0 0 0 0 0 0 0 12 0 11 0 9 13 ' ,156 ,1 ,7, 1
375 ,341, 342, '192 240 230 294 241 217 225 241 176 259 183 185 301 275 201 170 256 230 234 224 ' ,'11 0 7 10 0 6 5 7 0 6 0 5 6 0 0 0 0 0 0 0 ' ,148 ,1 ,21, 2
303 ,369, 282, '153 192 184 200 207 173 194 214 226 195 195 166 172 195 175 170 222 207 171 218 ' ,'0 0 0 0 5 0 0 0 8 0 12 0 0 5 0 4 0 8 0 0 ' ,86 ,0 ,33, 2
320 ,294, 288, '185 259 226 181 227 222 168 214 181 181 197 252 184 220 256 178 252 205 233 228 ' ,'0 4 0 0 0 6 0 0 0 0 0 0 6 0 11 0 56 0 0 29 ' ,100 ,1 ,11, 1
324 ,302, 296, '197 178 212 221 260 221 217 245 185 148 160 213 205 161 211 235 243 212 199 268 ' ,'10 0 12 5 6 0 0 0 0 9 0 15 0 0 0 17 0 0 0 0 ' ,122 ,1 ,12, 1
288 ,316, 258, '195 191 241 191 217 156 227 211 201 158 157 183 197 173 225 187 164 164 165 194 ' ,'0 0 0 0 0 0 6 4 33 0 0 0 10 8 0 0 0 15 0 0 ' ,84 ,2 ,15, 1
336 ,279, 307, '176 226 229 168 216 181 194 154 198 201 165 166 183 167 198 189 270 185 262 273 ' ,'0 6 8 0 5 4 0 0 0 0 24 0 0 0 13 0 82 0 105 8 ' ,130 ,1 ,14, 1
326 ,323, 296, '136 215 219 187 186 246 166 235 166 186 151 180 188 151 268 177 166 175 163 198 ' ,'5 0 0 7 0 0 5 0 0 7 0 6 0 0 0 0 0 0 0 0 ' ,145 ,1 ,6, 1
303 ,320, 272, '199 190 178 178 206 247 161 197 188 220 177 151 202 180 199 192 168 161 178 144 ' ,'0 0 6 0 6 3 0 4 28 0 0 0 0 7 10 8 0 6 5 0 ' ,99 ,7 ,14, 1
374 ,293, 348, '326 222 192 178 307 233 173 239 177 209 250 216 182 183 261 181 228 181 193 170 ' ,'4 16 5 5 6 3 0 4 0 10 8 4 5 0 0 0 7 0 0 5 ' ,155 ,1 ,13, 2
301 ,368, 276, '172 185 181 182 194 176 161 194 191 141 199 175 161 187 230 160 170 189 158 167 ' ,'0 0 0 0 0 0 5 0 9 0 5 0 0 9 6 6 0 3 6 0 ' ,91 ,1 ,27, 2
257 ,283, 234, '114 165 220 122 170 207 170 173 163 162 166 197 202 137 140 164 172 152 183 172 ' ,'5 11 3 5 5 8 0 3 0 0 0 11 4 0 0 0 13 0 0 6 ' ,102 ,1 ,7, 1
239 ,249, 218, '127 163 173 125 202 173 128 148 145 148 138 164 144 149 153 155 148 136 146 149 ' ,'0 0 0 0 0 0 6 0 0 12 0 0 0 0 0 5 0 4 6 0 ' ,76 ,1 ,5, 2
227 ,232, 210, '160 182 179 183 177 190 166 167 181 151 129 163 175 162 155 156 166 140 145 172 ' ,'5 10 4 0 4 18 0 12 12 0 0 6 4 9 10 0 5 0 0 5 ' ,62 ,1 ,11, 2
520 ,219, 269, '188 147 168 171 215 159 164 182 192 151 121 140 190 127 169 254 151 142 156 182 ' ,'0 0 5 6 0 6 5 4 0 10 0 0 6 0 0 0 0 0 0 0 ' ,334 ,1 ,10, 1
318 ,510, 289, '175 211 164 155 187 165 163 185 190 174 161 133 179 176 239 198 199 127 144 241 ' ,'0 12 0 0 7 0 0 0 8 0 5 0 0 6 16 4 5 5 6 7 ' ,134 ,1 ,26, 1
388 ,343, 361, '238 160 250 240 151 217 206 242 334 273 157 214 224 251 299 274 154 163 325 140 ' ,'3 0 5 4 0 6 5 5 6 13 0 6 4 6 6 4 0 0 12 0 ' ,190 ,1 ,14, 0
299 ,374, 270, '175 125 192 225 151 193 140 159 208 151 187 167 215 253 156 246 168 229 229 244 ' ,'25 5 0 0 0 0 0 7 0 0 5 0 4 0 0 5 8 35 0 6 ' ,134 ,1 ,8, 1
363 ,288, 332, '174 173 198 123 254 196 196 160 142 142 141 160 188 138 193 186 183 137 185 161 ' ,'0 0 5 5 10 7 5 0 6 7 0 5 0 0 6 0 0 0 0 0 ' ,183 ,42 ,16, 1
329 ,350, 305, '181 173 143 159 162 207 133 199 170 145 148 156 147 176 147 172 164 280 174 224 ' ,'0 0 0 0 0 0 0 4 0 0 0 0 4 8 0 5 0 115 0 0 ' ,144 ,1 ,17, 2
396 ,314, 373, '211 178 225 203 149 184 188 195 160 167 179 165 213 155 346 281 200 177 176 197 ' ,'17 3 7 0 0 8 0 0 0 0 4 5 0 0 5 0 6 0 0 7 ' ,199 ,1 ,11, 1
347 ,388, 323, '246 215 213 179 240 236 197 227 180 177 139 162 181 174 289 223 206 187 192 249 ' ,'0 0 0 3 9 0 5 4 6 5 0 0 4 0 0 3 0 0 4 0 ' ,168 ,1 ,9, 1
345 ,337, 307, '220 215 241 214 184 245 187 202 159 196 202 221 292 144 282 226 193 216 266 197 ' ,'9 0 5 0 0 17 0 0 0 0 0 0 0 18 0 0 5 4 0 0 ' ,152 ,1 ,8, 2
395 ,344, 369, '207 188 179 203 224 226 242 226 218 183 269 209 189 176 341 237 214 208 167 217 ' ,'0 4 0 0 5 0 0 5 0 0 36 4 3 0 5 3 0 0 0 8 ' ,185 ,1 ,11, 2
394 ,401, 365, '219 258 288 203 217 234 233 243 273 237 170 187 187 213 259 349 239 211 226 314 ' ,'0 0 9 0 0 8 5 0 5 11 0 0 0 0 0 0 0 0 5 0 ' ,180 ,1 ,11, 1
353 ,410, 331, '223 185 274 211 209 182 199 303 153 220 292 197 210 213 296 252 171 225 180 171 ' ,'14 5 45 0 6 0 0 9 0 0 78 0 6 12 7 35 5 13 0 0 ' ,152 ,1 ,14, 2
366 ,355, 341, '157 178 176 172 198 240 172 151 156 243 191 195 199 166 315 268 167 137 175 209 ' ,'0 0 0 3 0 7 5 0 0 11 0 8 0 0 0 57 0 0 4 55 ' ,188 ,2 ,9, 2
371 ,357, 347, '188 169 319 201 223 201 173 237 158 191 204 185 238 202 170 189 216 184 146 252 ' ,'9 0 116 0 6 6 0 4 9 0 4 0 17 27 9 0 15 31 0 0 ' ,172 ,1 ,13, 2
317 ,358, 294, '140 194 189 160 263 194 190 198 161 155 165 174 198 177 203 162 164 170 216 259 ' ,'0 21 0 5 6 0 6 0 0 0 0 11 4 0 0 3 0 0 4 111 ' ,133 ,0 ,11, 1
299 ,307, 277, '144 155 160 158 178 163 178 162 144 161 138 131 168 168 246 138 170 140 162 165 ' ,'6 0 5 0 0 4 0 4 7 12 0 0 0 7 5 0 11 0 0 0 ' ,125 ,2 ,12, 1
257 ,296, 230, '163 158 172 165 166 150 153 158 156 202 165 158 189 166 162 157 168 146 180 154 ' ,'0 8 7 6 14 0 4 3 0 0 5 7 3 0 0 3 0 0 19 8 ' ,60 ,1 ,13, 1
271 ,245, 250, '140 135 143 149 145 144 138 162 165 132 145 129 140 166 225 149 151 103 123 153 ' ,'0 0 0 0 0 3 0 0 6 6 0 0 3 6 0 0 0 0 0 0 ' ,130 ,1 ,9, 1
299 ,264, 277, '191 203 201 210 255 226 236 185 193 145 228 236 207 151 175 181 208 207 185 146 ' ,'5 8 7 9 8 0 5 7 0 0 4 13 0 0 3 3 4 14 7 0 ' ,116 ,1 ,8, 1
299 ,322, 273, '187 168 202 179 205 214 230 176 233 203 149 133 186 164 173 199 150 256 176 204 ' ,'0 0 0 0 5 5 0 0 7 12 0 0 5 0 0 0 0 0 0 15 ' ,125 ,1 ,8, 1
426 ,291, 408, '218 210 173 205 201 218 218 285 170 147 178 151 182 226 385 226 146 239 223 156 ' ,'5 12 4 0 0 5 4 32 0 0 10 0 0 28 5 3 7 29 7 0 ' ,243 ,1 ,10, 2
384 ,438, 362, '196 171 237 183 215 267 221 188 182 270 221 209 256 194 285 248 188 202 216 229 ' ,'0 0 0 8 8 0 0 0 0 0 0 7 13 0 12 0 0 0 0 8 ' ,120 ,1 ,60, 1
485 ,368, 459, '222 214 238 236 293 250 201 362 434 279 221 201 192 254 250 286 170 208 193 227 ' ,'6 0 10 0 0 5 4 142 12 46 0 0 0 22 0 0 0 17 0 0 ' ,267 ,1 ,21, 2
399 ,492, 376, '221 246 227 228 351 225 221 228 273 190 252 201 191 157 257 224 225 201 266 228 ' ,'0 17 0 4 51 0 0 0 27 0 5 8 9 0 18 11 16 0 16 0 ' ,203 ,2 ,8, 2
714 ,394, 693, '263 217 249 210 365 272 247 167 247 650 261 254 308 182 237 204 200 223 206 272 ' ,'0 0 5 0 0 4 0 5 0 80 0 0 0 0 0 0 0 0 0 6 ' ,493 ,2 ,26, 1
384 ,720, 362, '195 256 209 239 334 251 252 206 203 181 243 218 271 291 322 240 222 203 232 336 ' ,'5 15 0 0 111 0 5 0 0 0 3 0 13 40 23 6 15 11 16 0 ' ,154 ,1 ,8, 2
399 ,400, 376, '196 190 211 213 194 216 226 205 196 123 173 233 232 179 224 194 194 204 180 351 ' ,'0 0 4 3 0 4 0 6 5 0 0 8 5 0 0 0 0 0 0 6 ' ,226 ,1 ,8, 2
325 ,394, 302, '179 161 160 191 212 207 140 189 184 198 184 151 193 243 173 195 141 177 150 275 ' ,'5 0 0 0 0 0 4 0 0 0 5 0 0 73 0 6 0 7 0 0 ' ,144 ,1 ,7, 1
298 ,326, 271, '150 173 209 151 130 154 178 167 198 205 163 167 175 164 157 162 152 167 171 246 ' ,'0 15 5 4 0 3 0 10 4 10 0 15 5 0 0 0 6 0 20 6 ' ,112 ,1 ,9, 1
277 ,299, 255, '165 148 171 139 169 183 151 161 146 158 154 129 201 150 158 186 144 165 157 228 ' ,'0 0 0 0 0 0 0 0 0 0 0 0 0 0 0 5 0 0 0 0 ' ,109 ,1 ,5, 2
437 ,273, 418, '190 178 192 191 187 181 198 400 167 179 198 198 175 151 181 191 184 147 188 225 ' ,'6 9 5 0 13 3 4 24 0 0 3 6 5 4 9 0 0 8 16 5 ' ,251 ,1 ,4, 1
256 ,438, 234, '159 133 159 208 195 215 158 197 186 202 199 168 167 157 162 188 134 152 210 183 ' ,'0 0 0 8 0 4 0 0 4 7 0 0 0 0 0 5 0 0 0 0 ' ,76 ,1 ,13, 2
898 ,245, 879, '254 235 309 129 215 860 236 230 200 287 197 273 459 230 203 302 213 219 209 231 ' ,'6 8 5 0 6 15 3 5 0 0 3 4 9 5 8 6 11 7 13 9 ' ,731 ,1 ,9, 2
378 ,899, 358, '172 257 227 232 250 211 204 216 220 235 173 238 226 183 319 268 191 159 167 134 ' ,'0 0 4 6 5 4 3 6 4 8 0 6 4 0 7 5 0 0 0 0 ' ,188 ,2 ,20, 2
339 ,394, 315, '209 175 229 198 244 264 181 257 177 192 247 180 175 165 165 236 201 194 202 282 ' ,'5 10 4 0 0 5 0 0 0 0 3 0 0 7 0 0 0 8 15 6 ' ,126 ,0 ,11, 1
341 ,337, 322, '192 207 221 266 206 217 177 260 218 242 231 151 253 249 274 240 193 289 261 270 ' ,'0 0 0 8 3 0 0 10 5 7 0 0 11 0 8 6 0 0 0 0 ' ,149 ,1 ,10, 1
326 ,386, 309, '177 193 228 243 197 233 207 166 171 140 223 205 244 239 173 287 203 247 213 165 ' ,'5 0 6 0 0 3 3 0 0 0 3 5 9 3 0 5 0 0 11 0 ' ,147 ,0 ,13, 1
343 ,326, 329, '205 201 224 204 194 203 234 296 212 185 197 184 224 212 280 179 138 160 210 187 ' ,'0 11 0 4 3 0 0 11 4 0 0 0 0 0 0 0 6 8 0 6 ' ,168 ,1 ,16, 2
390 ,341, 355, '261 200 251 208 312 240 198 249 216 224 264 147 282 224 184 229 238 187 240 258 ' ,'0 0 15 0 0 6 12 0 0 0 5 0 20 0 21 3 0 0 0 0 ' ,178 ,2 ,21, 1
522 ,429, 498, '259 268 236 246 451 280 222 277 249 299 267 231 266 210 255 262 246 286 295 256 ' ,'7 5 0 0 4 0 0 6 0 0 0 13 0 4 0 0 0 0 14 30 ' ,257 ,1 ,22, 2
418 ,555, 395, '206 253 347 241 193 236 193 185 272 223 228 192 307 247 223 191 253 258 217 214 ' ,'0 0 13 4 0 4 0 0 26 5 0 0 59 0 0 3 5 19 0 0 ' ,170 ,2 ,26, 2
453 ,477, 427, '195 214 238 196 222 259 219 225 209 246 227 202 390 183 198 209 224 206 189 146 ' ,'23 7 22 0 5 4 5 5 0 0 9 27 71 14 10 0 0 0 10 0 ' ,242 ,1 ,22, 2
351 ,445, 317, '179 190 208 202 219 196 163 269 291 274 226 156 162 173 216 208 199 172 141 220 ' ,'0 0 0 3 5 0 4 13 108 6 9 0 0 0 0 3 11 39 0 86 ' ,156 ,1 ,22, 2
354 ,367, 325, '280 165 293 186 231 240 181 194 167 172 236 191 221 183 163 238 156 182 214 191 ' ,'90 8 12 0 0 5 0 0 0 0 0 8 7 5 11 5 0 0 12 0 ' ,144 ,1 ,18, 1
347 ,340, 317, '221 197 213 229 283 230 218 173 214 226 209 183 240 236 256 204 240 257 138 177 ' ,'0 0 7 6 9 7 4 4 4 45 4 0 5 0 0 0 27 9 0 19 ' ,155 ,1 ,15, 1
297 ,334, 273, '173 214 198 172 174 195 197 178 166 153 178 191 169 185 239 240 207 139 177 171 ' ,'6 5 0 5 11 0 0 0 0 0 0 12 0 7 8 7 7 0 12 0 ' ,109 ,1 ,14, 2
308 ,282, 286, '190 157 198 150 140 237 193 197 159 233 196 160 206 158 222 180 148 175 146 249 ' ,'0 0 6 0 0 7 4 5 4 97 4 0 5 0 0 6 0 7 0 9 ' ,120 ,1 ,11, 2
328 ,297, 308, '208 192 165 148 274 197 163 144 167 198 160 172 218 156 170 224 139 129 142 144 ' ,'4 6 0 0 6 19 0 0 0 0 0 0 4 5 9 0 0 0 10 0 ' ,152 ,1 ,16, 1
344 ,315, 326, '157 200 273 207 295 238 225 241 176 190 183 264 214 171 218 259 211 257 257 233 ' ,'0 0 10 9 0 0 4 4 4 0 0 17 0 0 0 4 7 10 0 6 ' ,156 ,2 ,6, 1
351 ,380, 334, '152 200 275 113 240 249 224 295 194 235 240 174 206 258 306 235 224 199 224 166 ' ,'0 0 51 0 13 25 0 6 0 8 3 0 4 0 16 0 0 0 6 0 ' ,201 ,2 ,12, 3
330 ,384, 312, '184 214 178 197 187 189 172 204 188 175 171 291 205 206 236 164 262 182 224 248 ' ,'0 15 0 0 0 0 0 0 0 0 0 11 0 4 0 0 5 0 0 0 ' ,132 ,2 ,11, 1
307 ,328, 285, '240 204 225 233 248 232 189 191 201 207 194 217 252 188 146 171 206 228 198 256 ' ,'0 0 0 13 33 20 5 0 6 0 0 0 8 0 0 0 0 16 0 7 ' ,110 ,1 ,11, 2
408 ,301, 382, '275 155 288 220 205 202 197 305 203 347 238 198 218 241 216 240 192 159 205 190 ' ,'76 0 77 0 0 0 0 0 0 9 6 0 0 6 28 3 0 0 25 0 ' ,204 ,1 ,14, 1
460 ,397, 439, '241 185 251 185 166 263 210 235 184 300 226 212 198 218 219 418 207 246 169 205 ' ,'0 9 0 0 7 12 0 4 0 0 0 13 5 0 0 5 4 0 0 0 ' ,252 ,1 ,15, 2
340 ,457, 325, '220 187 266 304 198 208 183 234 283 240 194 209 233 186 144 210 229 226 223 198 ' ,'0 0 4 22 0 0 5 0 5 6 4 0 0 0 0 0 0 14 0 4 ' ,163 ,2 ,9, 1
307 ,344, 287, '168 214 235 153 220 207 156 207 161 237 174 150 260 154 167 230 163 201 187 193 ' ,'10 7 7 0 9 10 0 5 0 0 0 0 5 4 14 3 0 0 26 0 ' ,119 ,2 ,10, 1
286 ,299, 270, '150 187 228 229 206 183 191 245 247 172 183 201 229 213 185 194 185 164 248 192 ' ,'0 0 0 10 0 0 4 0 5 3 4 0 5 0 0 0 4 7 9 4 ' ,103 ,1 ,10, 1
289 ,280, 266, '201 186 199 158 228 197 132 161 163 176 219 194 236 197 161 177 169 240 153 195 ' ,'9 13 7 0 6 5 0 0 0 0 0 7 0 3 11 6 0 0 0 0 ' ,111 ,1 ,15, 2
462 ,303, 442, '173 191 254 167 188 162 182 200 188 204 418 193 249 171 195 230 160 172 194 156 ' ,'0 0 7 6 8 0 5 5 4 5 2 0 9 0 0 4 23 14 6 5 ' ,259 ,2 ,9, 1
305 ,460, 287, '176 159 172 185 206 187 142 185 190 160 174 187 210 167 257 186 157 192 143 152 ' ,'5 7 0 0 0 7 0 0 0 0 5 4 7 4 7 0 0 0 0 0 ' ,125 ,1 ,15, 1
338 ,300, 312, '151 168 214 164 224 202 171 199 241 275 187 176 223 230 247 224 250 208 215 232 ' ,'0 0 14 6 11 5 0 5 11 0 0 0 0 0 0 4 77 19 0 7 ' ,137 ,2 ,18, 2
306 ,335, 279, '178 240 231 169 227 193 185 224 158 250 210 222 240 185 199 235 202 188 170 191 ' ,'0 0 0 0 0 0 18 0 0 4 4 0 5 0 6 3 0 0 10 0 ' ,103 ,1 ,11, 1
311 ,299, 285, '163 173 253 201 178 211 187 235 171 183 141 185 190 153 248 182 166 188 160 256 ' ,'5 10 14 0 9 5 0 4 0 0 0 5 5 7 0 0 0 0 0 0 ' ,125 ,1 ,7, 2
328 ,311, 310, '176 163 169 191 185 222 181 193 178 249 186 146 153 191 165 288 194 184 217 237 ' ,'0 0 0 4 0 0 0 0 4 0 0 0 0 0 0 6 4 6 9 17 ' ,137 ,1 ,11, 2
392 ,324, 373, '174 184 224 210 340 294 194 256 239 168 169 195 262 164 236 219 198 200 212 205 ' ,'0 0 6 0 5 3 10 4 0 5 4 0 6 0 7 0 0 0 0 0 ' ,188 ,1 ,13, 2
330 ,392, 306, '151 187 202 178 250 207 195 245 212 183 230 201 219 192 167 284 177 188 174 157 ' ,'5 11 0 0 0 0 0 0 0 0 0 3 0 5 0 5 0 0 0 7 ' ,131 ,2 ,15, 1
358 ,329, 327, '190 202 219 197 230 208 202 222 220 196 196 176 243 146 146 206 167 295 202 241 ' ,'0 0 17 4 5 3 0 5 3 0 0 0 6 0 0 0 8 7 4 0 ' ,163 ,2 ,11, 2
382 ,358, 359, '180 248 203 177 193 222 195 244 174 207 168 174 320 191 208 263 147 191 209 192 ' ,'0 0 0 0 0 0 6 0 0 4 4 0 0 0 0 3 0 0 0 0 ' ,191 ,1 ,11, 3
392 ,375, 369, '172 249 323 227 207 216 270 267 182 241 194 181 192 199 199 260 198 173 127 195 ' ,'6 16 7 0 6 0 0 9 0 0 0 4 5 5 6 0 0 0 0 0 ' ,208 ,1 ,22, 4
311 ,394, 291, '214 178 190 224 169 218 161 262 187 199 206 184 180 207 220 191 158 224 188 140 ' ,'0 0 0 4 0 4 0 0 11 0 0 0 0 0 0 16 5 8 7 15 ' ,119 ,1 ,14, 1
370 ,360, 348, '272 191 313 186 216 196 202 242 189 197 200 205 263 309 240 229 157 166 250 224 ' ,'8 13 5 0 5 4 7 12 0 5 4 3 5 6 6 16 0 0 0 0 ' ,164 ,1 ,17, 1
326 ,360, 309, '122 177 176 186 196 178 177 162 208 181 150 164 269 185 154 179 169 173 219 223 ' ,'0 0 0 7 0 0 12 6 27 0 0 0 5 0 0 0 9 12 20 14 ' ,150 ,1 ,12, 1
271 ,323, 254, '164 153 218 143 172 184 173 150 162 200 121 136 203 201 145 179 204 151 140 140 ' ,'3 7 14 0 4 5 0 0 0 6 3 3 0 8 11 6 0 0 0 0 ' ,105 ,1 ,15, 0
362 ,271, 341, '152 152 225 197 244 171 174 211 283 185 133 172 301 172 245 188 179 167 180 146 ' ,'0 0 9 16 6 0 10 5 125 8 0 0 10 0 0 7 4 13 11 15 ' ,184 ,2 ,15, 1
268 ,362, 241, '176 208 158 142 206 189 143 142 172 162 211 159 188 160 165 171 169 210 165 196 ' ,'3 5 0 0 0 4 0 0 0 0 3 4 5 4 6 0 0 0 0 0 ' ,73 ,1 ,16, 2
271 ,258, 244, '183 152 195 167 160 200 162 193 179 141 130 152 159 158 193 164 153 143 142 214 ' ,'0 0 7 0 5 4 0 6 13 0 0 0 0 0 0 6 5 0 9 9 ' ,95 ,1 ,11, 1
292 ,264, 269, '169 166 187 167 242 174 160 188 118 175 194 238 190 186 213 192 165 141 167 169 ' ,'5 0 0 0 0 0 13 4 0 7 4 5 5 5 6 0 0 8 0 0 ' ,132 ,2 ,13, 1
238 ,291, 211, '159 152 194 179 182 147 140 159 126 184 161 153 178 124 150 180 141 144 175 183 ' ,'0 5 17 0 10 4 0 0 0 0 0 0 0 0 0 5 0 0 9 7 ' ,70 ,1 ,12, 2
334 ,231, 315, '205 177 204 215 173 236 235 224 206 283 183 181 243 166 161 232 202 218 191 154 ' ,'0 0 0 3 0 0 5 12 7 6 0 0 5 3 0 0 6 23 0 0 ' ,131 ,2 ,12, 1
345 ,334, 326, '246 237 267 197 282 268 190 259 196 216 266 227 287 206 196 303 225 257 216 172 ' ,'4 5 13 0 7 5 0 0 0 0 4 5 4 0 9 4 0 0 0 0 ' ,126 ,2 ,13, 1
324 ,340, 298, '212 215 261 204 201 215 211 208 214 222 167 214 153 172 180 196 180 207 230 276 ' ,'0 0 9 3 0 0 0 11 4 0 0 0 0 0 0 0 6 0 12 12 ' ,131 ,2 ,10, 1
330 ,322, 312, '250 227 208 241 236 229 166 209 243 278 187 198 273 191 223 228 205 210 190 148 ' ,'4 0 0 0 6 9 6 0 0 6 0 6 5 4 0 11 0 7 0 0 ' ,130 ,1 ,7, 1
387 ,354, 365, '277 263 240 277 197 181 180 223 198 317 194 209 270 202 192 284 240 212 158 250 ' ,'0 38 4 0 0 0 0 4 0 0 5 0 0 0 9 5 0 0 0 0 ' ,176 ,1 ,22, 1
335 ,391, 316, '164 179 211 209 247 234 183 246 218 227 188 202 185 180 190 217 242 167 161 272 ' ,'0 0 0 4 8 11 0 0 4 6 0 0 0 0 0 0 16 35 0 10 ' ,130 ,1 ,20, 1
380 ,357, 359, '251 303 198 224 213 285 240 190 194 179 208 186 201 198 204 228 161 171 163 329 ' ,'6 104 5 0 0 20 21 7 0 0 5 6 4 4 17 38 0 0 0 0 ' ,178 ,2 ,10, 1
357 ,377, 338, '193 178 200 170 204 175 180 210 230 300 164 189 182 158 174 184 224 271 248 177 ' ,'0 0 0 0 5 0 0 9 9 6 0 0 0 0 0 0 22 72 11 9 ' ,156 ,0 ,18, 1
311 ,350, 294, '203 166 201 139 205 173 161 170 157 144 171 185 171 148 167 269 160 154 168 199 ' ,'28 3 5 0 0 26 22 0 0 0 0 11 5 12 14 91 0 0 0 7 ' ,135 ,1 ,15, 1
323 ,307, 303, '230 158 167 213 207 166 183 192 223 257 192 172 139 161 136 177 164 198 209 154 ' ,'0 0 4 6 0 0 0 8 6 16 4 0 0 0 0 6 6 6 6 0 ' ,134 ,2 ,12, 2
323 ,318, 303, '175 169 186 217 169 184 177 153 160 270 166 164 173 181 202 213 185 165 145 152 ' ,'12 0 0 5 8 11 15 0 0 0 0 6 4 8 7 0 0 0 0 0 ' ,140 ,2 ,10, 2
235 ,323, 215, '136 151 176 152 181 165 137 159 147 151 132 165 165 170 159 170 174 162 150 135 ' ,'0 0 4 0 0 0 0 5 4 0 0 0 6 0 0 5 6 0 13 5 ' ,66 ,1 ,9, 1
262 ,231, 243, '154 161 193 157 173 155 186 139 157 154 134 187 212 165 187 174 156 140 154 211 ' ,'14 0 0 0 9 7 16 0 0 15 0 3 0 0 0 0 0 4 0 0 ' ,90 ,2 ,11, 1
286 ,262, 268, '183 162 187 216 180 195 208 213 245 190 181 224 191 195 188 185 166 181 171 166 ' ,'0 4 3 3 0 0 0 12 8 0 3 0 15 5 8 4 0 0 5 5 ' ,86 ,1 ,12, 2
287 ,280, 271, '167 173 209 187 203 245 202 201 180 230 177 177 208 167 236 245 212 143 212 181 ' ,'0 0 0 0 6 11 0 0 0 6 0 4 0 0 0 5 0 4 0 0 ' ,108 ,2 ,11, 2
310 ,283, 293, '191 257 265 235 192 158 219 246 155 222 177 244 215 207 169 188 149 255 253 216 ' ,'6 0 3 4 0 0 5 5 0 0 0 0 13 6 12 0 0 0 6 0 ' ,124 ,1 ,11, 1
373 ,306, 349, '207 192 192 192 300 232 192 218 181 202 185 251 229 149 217 229 248 189 274 201 ' ,'0 4 0 0 6 7 0 0 21 0 4 0 0 0 0 4 5 0 0 5 ' ,179 ,1 ,16, 2
398 ,368, 375, '203 281 213 209 248 211 218 217 231 212 225 235 278 184 325 244 185 158 171 275 ' ,'6 0 4 0 0 0 12 5 0 11 0 18 4 0 6 0 0 4 8 0 ' ,185 ,2 ,15, 2
418 ,407, 397, '160 293 259 324 268 288 214 318 248 242 172 301 299 210 349 226 200 234 231 285 ' ,'0 4 0 6 7 15 0 4 0 0 0 0 6 7 0 4 0 0 0 7 ' ,216 ,2 ,13, 2
319 ,454, 295, '205 214 200 216 198 196 244 218 266 228 244 196 217 228 209 199 252 176 219 257 ' ,'0 0 4 0 0 0 0 0 15 16 4 13 0 0 0 0 33 0 0 0 ' ,104 ,2 ,8, 1
319 ,359, 288, '238 170 196 202 199 255 184 244 183 247 205 178 223 209 195 163 216 202 251 225 ' ,'6 0 0 5 11 64 21 4 0 0 0 0 5 8 7 10 0 6 59 0 ' ,110 ,1 ,13, 2
368 ,317, 341, '204 228 241 200 183 265 217 169 257 168 193 168 197 172 182 209 310 167 197 304 ' ,'0 0 4 0 0 58 0 0 7 0 7 7 0 0 0 0 102 0 0 30 ' ,158 ,2 ,9, 2
372 ,366, 352, '173 203 203 254 211 206 215 198 296 212 161 147 183 267 195 230 159 165 294 314 ' ,'5 5 4 14 17 0 26 3 6 19 0 0 0 0 8 25 0 20 108 64 ' ,181 ,1 ,12, 2
284 ,371, 260, '172 164 171 138 217 198 199 170 166 193 153 190 238 167 213 188 187 197 181 193 ' ,'0 0 0 0 9 4 0 4 0 14 3 6 5 21 0 0 17 0 0 0 ' ,101 ,2 ,10, 1
272 ,297, 254, '140 163 177 176 186 174 158 200 189 158 183 165 227 169 187 182 186 163 147 205 ' ,'0 4 4 11 0 11 11 0 0 0 0 0 5 0 14 5 0 6 0 0 ' ,92 ,2 ,15, 1
284 ,273, 265, '222 195 176 157 208 236 142 158 159 190 185 174 184 217 174 208 148 182 150 193 ' ,'7 0 0 0 9 0 0 4 3 0 4 5 0 17 0 7 8 0 0 0 ' ,95 ,1 ,17, 1
318 ,283, 297, '271 179 180 156 206 232 191 159 170 188 214 198 192 190 202 242 171 190 193 173 ' ,'0 4 4 0 0 7 9 0 0 14 0 0 4 0 5 0 0 4 0 0 ' ,116 ,1 ,15, 1
382 ,342, 362, '231 226 251 257 235 224 166 299 221 229 249 218 238 286 288 248 229 224 308 312 ' ,'6 0 0 16 7 0 0 6 5 0 0 5 22 19 0 5 11 0 6 8 ' ,165 ,1 ,20, 1
388 ,381, 366, '207 209 243 181 321 285 231 262 243 312 202 159 318 180 224 197 182 210 181 310 ' ,'0 0 4 0 10 6 0 21 0 11 5 0 0 0 6 0 0 5 0 9 ' ,173 ,2 ,19, 1
434 ,380, 417, '213 205 248 235 199 219 196 225 243 190 190 178 389 243 172 272 188 199 232 243 ' ,'4 3 6 7 0 0 5 0 5 0 0 0 139 17 0 7 0 0 0 0 ' ,217 ,2 ,13, 2
319 ,439, 305, '214 233 226 201 275 237 163 249 203 258 224 224 188 202 221 237 240 200 187 197 ' ,'0 0 0 0 7 0 0 12 0 7 4 6 4 0 0 5 14 0 4 0 ' ,115 ,1 ,18, 2
363 ,326, 350, '200 238 302 202 278 199 303 192 211 219 195 303 292 258 205 243 239 165 279 182 ' ,'0 27 8 0 0 0 0 0 0 0 0 0 0 6 5 0 0 0 0 4 ' ,147 ,1 ,19, 3
339 ,394, 322, '225 209 264 246 204 219 253 221 198 181 200 292 171 225 217 226 262 217 215 227 ' ,'11 0 0 16 12 9 16 6 5 0 0 38 5 0 0 3 16 0 5 0 ' ,124 ,1 ,17, 1
339 ,336, 320, '199 200 245 207 224 229 203 178 228 272 199 191 223 174 201 179 229 192 225 228 ' ,'0 0 33 0 0 0 0 0 0 7 7 0 0 0 0 0 0 0 0 0 ' ,124 ,2 ,13, 2
377 ,336, 359, '204 307 256 197 273 225 203 176 180 223 239 248 227 180 297 230 176 180 221 284 ' ,'0 98 0 0 18 19 31 0 0 0 0 0 5 4 10 3 0 20 6 6 ' ,142 ,2 ,32, 1
317 ,371, 299, '174 181 227 191 190 258 224 272 184 195 158 253 214 181 160 205 220 227 181 255 ' ,'7 0 5 7 0 0 0 8 7 0 0 70 0 0 0 0 6 0 0 0 ' ,117 ,1 ,16, 1
372 ,318, 353, '181 189 251 190 243 200 160 209 210 228 188 165 248 211 202 250 157 180 310 304 ' ,'0 0 0 0 18 19 0 9 0 5 25 0 4 0 6 3 0 0 6 0 ' ,163 ,2 ,10, 1
412 ,370, 396, '238 193 249 213 190 225 267 253 254 213 195 216 241 236 340 186 206 178 228 235 ' ,'13 6 4 6 0 8 10 11 4 0 0 16 5 4 0 0 7 21 0 15 ' ,172 ,1 ,33, 1
339 ,405, 317, '116 161 210 215 168 173 148 209 196 179 183 149 175 150 170 192 178 152 180 264 ' ,'0 0 5 0 0 0 0 0 5 0 5 0 0 0 6 7 0 0 5 6 ' ,163 ,2 ,23, 2
271 ,326, 255, '157 156 187 173 172 176 188 185 146 188 168 211 194 187 157 161 161 195 193 210 ' ,'0 5 4 5 5 9 13 16 0 0 0 18 4 4 0 7 5 10 0 0 ' ,78 ,1 ,22, 2
357 ,268, 333, '190 195 237 212 200 199 219 220 179 207 180 172 259 179 194 191 158 181 167 283 ' ,'0 4 0 0 0 0 5 5 0 10 6 0 5 0 6 0 0 0 5 7 ' ,140 ,2 ,23, 2
296 ,348, 278, '176 177 163 196 199 170 168 181 178 236 165 198 210 180 152 184 146 188 177 155 ' ,'4 0 4 5 5 0 0 0 6 0 0 8 0 6 0 6 0 8 0 0 ' ,105 ,2 ,16, 3
445 ,293, 427, '147 167 184 150 167 192 170 157 173 192 185 152 204 152 198 180 123 169 148 268 ' ,'0 0 0 0 0 8 0 5 0 7 0 0 6 0 5 0 5 0 5 0 ' ,278 ,120 ,17, 2
385 ,439, 368, '167 214 215 228 212 231 186 232 209 262 185 207 324 160 191 223 189 218 268 221 ' ,'0 5 13 5 13 0 5 0 13 0 20 7 0 5 0 5 0 17 0 6 ' ,170 ,1 ,21, 1
402 ,391, 385, '209 276 287 172 235 201 256 172 213 231 203 175 335 199 197 253 275 218 271 242 ' ,'9 0 8 0 0 20 0 9 0 7 0 0 9 0 0 0 4 0 5 0 ' ,179 ,1 ,24, 2
362 ,413, 342, '149 189 210 218 248 203 228 183 201 205 167 155 241 194 230 210 261 224 226 286 ' ,'0 5 0 0 9 0 4 0 0 0 0 0 10 0 5 4 0 6 0 5 ' ,161 ,1 ,22, 2
381 ,368, 365, '201 211 250 248 250 276 243 268 310 229 191 266 253 237 191 232 314 189 201 318 ' ,'0 0 6 5 0 6 0 10 4 0 5 7 0 11 0 0 4 0 0 0 ' ,151 ,1 ,16, 1
1017 ,408, 999, '201 138 176 949 315 528 208 265 220 302 253 281 323 187 269 211 212 223 214 242 ' ,'4 0 0 6 10 8 0 0 0 17 0 0 4 0 0 4 0 0 5 0 ' ,813 ,1 ,36, 1
463 ,1011, 445, '303 227 254 243 264 247 240 317 205 290 244 254 264 232 271 296 405 267 227 231 ' ,'0 17 16 4 5 41 6 7 4 8 14 5 3 5 5 10 28 6 0 10 ' ,200 ,1 ,32, 2
359 ,468, 343, '209 194 187 207 175 209 203 221 161 203 172 177 180 158 151 160 307 150 169 189 ' ,'29 0 0 6 0 0 11 9 0 0 0 0 0 0 0 0 137 0 5 21 ' ,161 ,2 ,23, 1
278 ,369, 261, '154 217 202 171 207 201 173 158 164 219 225 192 224 198 202 218 189 169 178 209 ' ,'0 25 10 0 20 51 0 0 4 11 20 38 4 24 12 30 0 4 0 0 ' ,79 ,1 ,23, 1
424 ,270, 400, '291 142 206 176 164 167 151 172 132 135 173 142 217 152 143 191 148 146 184 242 ' ,'148 0 5 0 5 0 0 18 0 0 0 0 3 0 0 6 0 0 13 7 ' ,222 ,60 ,37, 1
359 ,407, 331, '141 170 141 164 136 137 133 165 165 182 151 286 212 129 161 164 135 176 128 204 ' ,'0 14 0 4 0 8 0 0 5 8 18 132 5 0 4 0 4 4 0 0 ' ,163 ,1 ,32, 2
330 ,345, 306, '167 196 184 169 190 177 142 180 180 248 153 161 209 259 183 148 171 171 148 154 ' ,'10 0 8 0 7 0 0 5 0 0 0 0 0 110 0 4 0 0 13 0 ' ,121 ,2 ,34, 1
313 ,315, 283, '139 180 181 170 174 169 190 174 188 230 193 162 203 147 151 193 220 213 152 166 ' ,'0 6 0 10 0 5 6 4 4 0 11 0 4 0 5 0 5 9 0 9 ' ,115 ,2 ,22, 1
310 ,295, 284, '169 144 161 141 144 137 139 164 138 137 155 160 173 162 142 144 163 154 181 232 ' ,'0 0 5 0 9 0 0 0 0 0 0 0 3 9 0 5 0 0 32 0 ' ,111 ,1 ,30, 2
261 ,296, 245, '172 127 153 137 184 143 139 163 149 147 150 166 183 161 156 160 155 131 131 204 ' ,'8 0 0 4 0 6 6 5 0 0 8 0 0 0 5 0 4 0 0 16 ' ,91 ,2 ,18, 1
287 ,266, 263, '138 130 150 155 223 150 137 183 177 158 109 171 185 178 171 145 153 171 170 118 ' ,'0 6 6 0 9 0 0 0 7 5 0 6 8 6 0 6 0 0 25 0 ' ,109 ,2 ,6, 1
256 ,287, 238, '125 143 122 116 164 175 143 190 142 200 135 131 155 138 164 140 142 138 127 134 ' ,'10 0 0 0 0 4 0 3 0 0 0 0 0 0 5 0 8 7 0 7 ' ,100 ,1 ,12, 1
265 ,260, 249, '139 174 146 191 176 161 169 170 173 210 168 211 171 157 129 186 143 145 210 135 ' ,'0 5 5 5 5 4 5 5 5 5 7 4 14 6 0 3 0 0 9 0 ' ,83 ,2 ,12, 2
268 ,271, 250, '169 125 144 141 182 162 142 167 131 132 108 155 169 133 209 164 158 135 144 148 ' ,'6 0 0 0 6 0 0 0 0 0 0 0 7 0 0 6 0 4 0 0 ' ,117 ,2 ,19, 2
463 ,265, 441, '229 388 230 213 190 277 215 257 305 269 276 203 226 247 348 311 347 227 230 228 ' ,'0 13 4 9 0 6 10 8 6 6 12 4 0 9 6 0 11 0 9 5 ' ,220 ,31 ,12, 1
484 ,462, 464, '251 215 186 175 378 240 227 204 279 325 268 225 251 437 268 286 256 266 217 278 ' ,'13 0 0 0 5 0 0 0 0 0 0 0 6 0 0 5 8 6 0 0 ' ,268 ,3 ,12, 2
442 ,485, 423, '259 322 207 268 259 303 311 233 275 231 370 296 202 194 385 298 219 203 233 366 ' ,'0 19 5 7 0 12 16 10 15 6 25 3 0 7 0 8 0 0 0 14 ' ,205 ,2 ,15, 1
383 ,486, 359, '261 208 249 231 314 196 220 182 174 235 201 151 232 220 199 225 304 161 215 280 ' ,'0 0 0 0 36 0 0 0 0 0 0 0 8 0 0 0 5 0 17 0 ' ,172 ,2 ,22, 1
432 ,387, 413, '187 186 252 302 383 263 190 274 307 166 228 211 145 265 361 260 269 227 223 359 ' ,'0 0 4 6 131 40 0 9 6 0 30 0 0 24 10 35 0 8 0 10 ' ,243 ,1 ,17, 1
382 ,448, 361, '193 253 250 173 212 300 252 217 201 157 152 174 208 216 204 322 247 239 270 171 ' ,'0 14 5 0 0 70 18 8 0 8 0 10 23 0 12 52 4 0 23 0 ' ,168 ,1 ,33, 2
304 ,386, 283, '197 235 166 181 182 242 171 189 189 169 167 232 160 254 160 198 157 154 198 155 ' ,'8 20 0 14 6 26 16 0 4 0 16 22 0 92 0 0 0 8 0 0 ' ,100 ,1 ,21, 2
288 ,291, 270, '158 149 186 151 161 180 152 166 158 159 162 224 241 128 187 156 160 166 174 157 ' ,'0 0 4 0 0 0 0 9 0 9 0 0 32 0 14 5 4 0 0 0 ' ,118 ,2 ,18, 2
309 ,303, 287, '159 183 148 138 186 252 141 156 186 231 197 176 185 190 167 174 165 179 165 180 ' ,'6 4 0 0 9 82 0 15 4 0 12 11 14 7 0 0 0 6 0 48 ' ,118 ,1 ,23, 2
303 ,312, 269, '161 150 179 177 247 162 187 167 146 162 147 142 172 156 150 198 144 180 124 195 ' ,'0 0 5 5 4 0 10 0 0 7 0 0 0 0 0 4 3 0 0 0 ' ,125 ,2 ,15, 2
305 ,303, 285, '164 221 159 152 246 225 214 203 181 171 165 184 207 164 196 227 179 211 175 247 ' ,'4 11 0 0 0 15 7 6 3 0 0 25 9 7 29 4 0 4 0 76 ' ,107 ,1 ,12, 1
288 ,360, 271, '134 190 205 180 190 211 173 178 218 229 217 165 179 192 200 213 143 174 175 153 ' ,'0 0 0 6 4 7 0 0 0 8 0 0 0 0 0 4 4 0 0 0 ' ,112 ,2 ,19, 2
321 ,290, 301, '243 189 217 273 267 189 174 242 223 180 214 219 207 199 168 252 225 215 227 223 ' ,'36 30 6 6 0 0 7 10 6 0 15 14 10 6 20 0 0 7 36 8 ' ,94 ,2 ,15, 2
483 ,358, 460, '255 370 336 266 292 200 252 198 266 227 230 232 285 251 424 254 327 202 257 266 ' ,'0 0 23 0 28 4 0 13 0 0 0 0 19 0 15 4 26 0 0 0 ' ,241 ,2 ,15, 2
419 ,512, 393, '260 291 212 211 349 207 219 196 201 303 262 205 217 228 330 223 223 187 298 230 ' ,'0 102 0 0 113 4 0 0 6 14 12 0 0 22 0 0 0 6 100 16 ' ,72 ,2 ,20, 2
379 ,406, 352, '231 293 301 180 234 202 227 320 175 192 208 200 300 233 295 260 287 166 219 163 ' ,'0 0 11 0 0 0 0 5 0 0 0 0 40 0 0 4 114 0 0 0 ' ,157 ,2 ,27, 1
533 ,368, 510, '221 210 469 212 260 314 204 338 260 391 287 220 413 347 302 261 365 288 304 299 ' ,'3 18 5 0 10 5 0 9 28 6 8 0 92 15 14 0 0 8 10 0 ' ,267 ,2 ,29, 1
426 ,519, 405, '213 233 372 223 275 193 217 246 258 199 213 321 200 296 176 230 306 211 313 276 ' ,'0 0 7 25 0 0 15 0 0 0 0 13 0 0 0 4 6 0 0 20 ' ,186 ,2 ,20, 2
383 ,467, 361, '176 225 194 242 303 309 226 258 260 212 216 185 320 255 268 212 187 184 151 212 ' ,'6 18 0 0 8 4 0 13 11 0 0 0 61 36 54 0 0 0 5 0 ' ,177 ,2 ,29, 2
452 ,387, 432, '132 398 296 200 206 267 245 199 138 165 210 304 232 176 191 227 216 251 248 240 ' ,'0 7 42 6 5 4 16 0 0 0 23 10 16 0 0 0 6 27 0 0 ' ,262 ,2 ,25, 2
398 ,476, 379, '213 233 269 219 216 178 155 224 187 228 174 173 216 252 330 256 193 161 221 223 ' ,'0 0 67 0 0 0 0 0 0 0 0 10 0 84 119 3 0 0 8 0 ' ,190 ,2 ,27, 1
357 ,393, 333, '219 163 247 178 287 195 237 237 195 163 226 193 274 214 197 259 183 294 251 222 ' ,'7 6 6 8 6 14 21 7 10 7 17 0 5 0 0 4 5 80 8 0 ' ,139 ,1 ,22, 2
374 ,348, 351, '219 162 199 157 225 179 159 138 145 304 170 151 194 155 199 205 146 182 199 154 ' ,'23 0 0 0 5 0 0 0 0 0 0 12 8 9 5 0 0 0 0 0 ' ,186 ,2 ,21, 2
307 ,371, 287, '191 194 168 149 217 177 208 212 224 169 213 158 252 172 172 221 159 200 209 203 ' ,'0 5 4 6 0 6 12 7 15 5 6 0 0 0 0 3 3 13 5 7 ' ,117 ,1 ,14, 1
256 ,302, 239, '135 157 209 164 160 164 140 210 141 161 154 134 152 172 140 151 170 185 128 162 ' ,'6 0 0 0 5 0 0 4 0 0 0 0 9 4 4 6 0 6 0 0 ' ,88 ,2 ,18, 1
268 ,249, 251, '147 163 199 156 171 156 186 166 177 157 172 181 220 198 153 185 175 149 184 145 ' ,'0 6 5 6 0 4 26 0 6 9 4 7 10 0 0 0 6 0 4 0 ' ,77 ,2 ,17, 1
259 ,260, 241, '179 139 182 147 186 176 148 174 180 189 142 145 192 157 135 162 193 111 139 156 ' ,'9 0 4 0 5 8 0 5 0 0 0 0 0 13 6 5 0 0 0 0 ' ,101 ,1 ,22, 2
292 ,270, 271, '197 134 234 144 187 187 153 167 191 144 160 171 186 176 185 184 146 196 170 201 ' ,'0 0 6 0 4 0 8 0 6 7 5 7 9 0 0 0 5 5 5 0 ' ,98 ,1 ,28, 2
276 ,288, 248, '157 190 213 202 192 175 126 197 157 199 142 154 216 169 152 210 178 161 191 189 ' ,'6 6 0 3 0 4 0 5 0 0 0 0 6 13 5 5 0 0 0 4 ' ,86 ,2 ,25, 1
472 ,292, 449, '366 200 278 187 209 227 226 284 200 405 214 223 261 229 333 261 228 250 248 143 ' ,'0 0 4 0 5 0 0 6 30 4 5 5 0 0 0 4 5 10 5 0 ' ,255 ,1 ,21, 2
379 ,527, 361, '189 180 185 287 243 233 274 251 300 262 195 202 185 257 272 257 211 232 202 313 ' ,'10 9 0 4 0 6 8 0 0 0 0 0 5 31 5 0 0 0 0 33 ' ,153 ,1 ,17, 2
420 ,389, 398, '195 182 272 253 316 320 249 224 224 265 198 228 234 287 259 223 365 206 235 231 ' ,'0 0 5 7 0 6 0 5 16 6 0 6 0 0 0 7 3 16 5 0 ' ,187 ,2 ,21, 1
481 ,422, 457, '242 208 252 295 211 194 233 209 194 247 229 214 230 302 193 213 247 211 193 403 ' ,'0 5 4 0 7 0 11 4 0 0 15 0 6 123 5 0 0 0 0 115 ' ,236 ,2 ,23, 2
305 ,479, 286, '205 172 176 213 243 211 162 162 182 205 228 155 177 219 178 245 223 240 205 159 ' ,'0 0 0 0 0 23 0 0 0 5 0 0 0 0 0 6 5 8 6 0 ' ,103 ,2 ,19, 2
384 ,312, 361, '233 227 207 251 319 271 209 210 279 197 274 249 237 249 217 267 199 190 161 193 ' ,'0 0 3 6 8 0 9 0 14 0 18 15 6 0 0 0 0 0 0 0 ' ,173 ,2 ,20, 1
532 ,386, 511, '272 262 279 269 287 204 258 259 180 459 257 214 251 259 244 265 245 257 229 321 ' ,'10 4 0 0 0 4 0 5 0 5 0 0 5 5 6 7 0 15 6 11 ' ,298 ,2 ,24, 2
391 ,538, 369, '274 212 303 172 291 207 168 268 267 321 196 207 210 239 242 279 191 173 248 184 ' ,'0 0 4 12 5 0 0 6 13 7 0 6 0 0 0 3 0 0 0 0 ' ,172 ,2 ,22, 1
426 ,389, 401, '242 247 255 207 291 317 216 173 199 225 259 185 248 256 312 198 234 187 216 154 ' ,'6 8 4 0 5 4 10 0 0 0 16 0 7 5 5 0 0 0 0 0 ' ,161 ,2 ,59, 2
576 ,433, 553, '234 240 233 269 250 229 192 403 168 226 192 191 233 244 172 246 236 210 179 266 ' ,'0 0 0 7 0 7 0 6 0 0 0 0 0 0 0 3 4 11 5 10 ' ,250 ,2 ,129, 2
700 ,678, 683, '197 205 205 174 169 195 184 191 197 267 208 176 280 210 250 183 187 217 158 178 ' ,'5 5 6 0 0 0 9 0 10 19 5 5 7 6 5 0 0 0 0 0 ' ,143 ,2 ,374, 2
477 ,748, 460, '203 229 277 219 174 220 186 314 195 128 250 213 295 257 186 234 260 194 230 216 ' ,'0 0 5 4 5 4 0 16 0 0 0 0 5 4 0 4 6 11 4 10 ' ,200 ,2 ,117, 1
355 ,482, 337, '178 166 158 172 198 198 173 201 157 165 210 212 203 175 158 207 200 178 131 140 ' ,'5 5 0 0 0 0 10 5 8 7 20 12 0 0 5 5 6 0 0 0 ' ,89 ,2 ,109, 2
412 ,355, 389, '162 183 143 168 176 211 154 184 182 165 143 181 206 228 214 176 163 195 202 218 ' ,'0 0 7 4 4 4 0 5 0 0 0 12 10 4 0 0 0 13 11 7 ' ,96 ,2 ,141, 2
378 ,400, 356, '176 185 156 155 216 218 182 168 183 156 173 140 180 175 199 218 168 138 134 172 ' ,'11 5 0 0 4 5 11 0 5 6 8 0 6 0 13 3 5 0 0 0 ' ,98 ,2 ,118, 1
507 ,392, 479, '195 179 217 172 177 188 144 166 137 171 142 131 179 167 161 156 147 167 151 261 ' ,'0 0 4 7 0 3 0 5 0 0 0 0 0 4 0 5 0 22 11 5 ' ,154 ,1 ,189, 2
