214 ,0, 125, '54 44 44 45 53 51 44 52 40 40 39 42 ' ,'0 0 0 0 0 0 0 0 0 0 0 0 ' ,46 ,6 ,11, 11
590 ,205, 562, '544 533 403 459 436 488 515 430 395 496 474 503 ' ,'0 0 0 0 0 0 0 0 0 0 0 0 ' ,152 ,2 ,3, 3
453 ,877, 431, '379 416 404 374 396 384 399 345 352 302 341 327 ' ,'0 0 0 0 0 0 0 0 0 0 0 0 ' ,105 ,1 ,3, 3
698 ,443, 669, '571 435 504 513 390 424 477 424 406 639 455 473 ' ,'0 0 0 0 0 0 0 0 0 0 0 0 ' ,249 ,3 ,4, 4
536 ,853, 508, '432 410 475 406 490 378 371 355 363 408 374 438 ' ,'0 0 0 0 0 0 0 0 0 0 0 0 ' ,141 ,3 ,3, 3
461 ,523, 430, '380 398 415 395 362 336 375 354 359 305 398 343 ' ,'0 0 0 0 0 0 0 0 0 0 0 0 ' ,113 ,3 ,4, 4
557 ,619, 536, '409 428 404 462 379 340 422 430 428 369 398 520 ' ,'0 0 0 0 0 0 0 0 0 0 0 0 ' ,186 ,3 ,2, 2
519 ,551, 501, '446 483 446 474 397 351 370 415 380 392 405 420 ' ,'0 0 0 0 0 0 0 0 0 0 0 0 ' ,139 ,2 ,4, 4
493 ,510, 471, '360 406 390 446 371 399 367 356 324 433 334 349 ' ,'0 0 0 0 0 0 0 0 0 0 0 0 ' ,129 ,7 ,4, 4
584 ,484, 566, '372 389 406 543 376 387 333 352 362 396 379 409 ' ,'0 0 0 0 0 0 0 0 0 0 0 0 ' ,221 ,2 ,3, 3
449 ,573, 431, '389 387 415 390 354 340 366 345 298 368 368 307 ' ,'0 0 0 0 0 0 0 0 0 0 0 0 ' ,117 ,4 ,3, 2
412 ,440, 385, '336 307 326 367 340 283 322 334 312 305 330 331 ' ,'0 0 0 0 0 0 0 0 0 0 0 0 ' ,89 ,4 ,3, 3
450 ,394, 422, '375 376 368 355 401 378 373 399 357 381 402 330 ' ,'0 0 0 0 0 0 0 0 0 0 0 0 ' ,83 ,2 ,3, 3
466 ,437, 440, '343 407 427 380 329 312 325 324 348 319 346 296 ' ,'0 0 0 0 0 0 0 0 0 0 0 0 ' ,134 ,3 ,1, 1
592 ,451, 566, '528 419 449 475 486 398 375 471 388 544 501 372 ' ,'0 0 0 0 0 0 0 0 0 0 0 0 ' ,179 ,4 ,3, 3
514 ,577, 487, '470 399 419 360 426 338 362 382 385 365 394 361 ' ,'0 0 0 0 0 0 0 0 0 0 0 0 ' ,138 ,2 ,3, 3
491 ,505, 468, '452 397 425 328 403 427 401 368 385 380 446 390 ' ,'0 0 0 0 0 0 0 0 0 0 0 0 ' ,129 ,1 ,4, 4
494 ,481, 472, '454 409 428 420 364 380 332 380 323 362 350 308 ' ,'0 0 0 0 0 0 0 0 0 0 0 0 ' ,152 ,1 ,4, 4
477 ,482, 452, '354 380 370 362 425 360 306 324 354 379 320 316 ' ,'0 0 0 0 0 0 0 0 0 0 0 0 ' ,135 ,2 ,3, 3
547 ,465, 521, '453 510 488 501 409 388 405 407 470 485 425 429 ' ,'0 0 0 0 0 0 0 0 0 0 0 0 ' ,127 ,1 ,2, 2
533 ,532, 513, '435 490 442 448 447 411 427 417 421 391 380 411 ' ,'0 0 0 0 0 0 0 0 0 0 0 0 ' ,119 ,2 ,3, 3
480 ,519, 455, '440 339 405 366 406 357 351 383 400 391 389 372 ' ,'0 0 0 0 0 0 0 0 0 0 0 0 ' ,106 ,1 ,3, 3
616 ,466, 594, '337 334 381 413 573 362 324 385 336 441 343 351 ' ,'0 0 0 0 0 0 0 0 0 0 0 0 ' ,261 ,2 ,4, 4
453 ,608, 429, '353 336 409 416 369 341 356 292 340 334 344 304 ' ,'0 0 0 0 0 0 0 0 0 0 0 0 ' ,125 ,1 ,3, 3
499 ,441, 473, '460 383 414 410 354 445 322 457 375 389 336 332 ' ,'0 0 0 0 0 0 0 0 0 0 0 0 ' ,141 ,2 ,4, 4
539 ,483, 515, '446 368 367 423 450 346 375 433 501 338 393 359 ' ,'0 0 0 0 0 0 0 0 0 0 0 0 ' ,160 ,1 ,4, 4
521 ,530, 494, '436 483 397 434 353 431 308 446 372 417 377 351 ' ,'0 0 0 0 0 0 0 0 0 0 0 0 ' ,178 ,2 ,3, 3
460 ,508, 436, '364 385 339 418 352 309 306 310 387 364 351 329 ' ,'0 0 0 0 0 0 0 0 0 0 0 0 ' ,122 ,2 ,2, 2
408 ,451, 388, '325 345 358 374 345 310 347 302 332 356 314 330 ' ,'0 0 0 0 0 0 0 0 0 0 0 0 ' ,72 ,1 ,3, 3
560 ,401, 536, '381 411 385 423 405 362 380 520 362 340 328 459 ' ,'0 0 0 0 0 0 0 0 0 0 0 0 ' ,191 ,1 ,3, 3
474 ,549, 447, '393 349 363 385 422 327 318 357 332 314 349 353 ' ,'0 0 0 0 0 0 0 0 0 0 0 0 ' ,118 ,2 ,3, 3
382 ,461, 354, '319 315 313 288 293 326 287 278 299 325 290 303 ' ,'0 0 0 0 0 0 0 0 0 0 0 0 ' ,64 ,2 ,3, 3
492 ,370, 469, '375 384 338 316 385 357 300 329 310 350 321 322 ' ,'0 0 0 0 0 0 0 0 0 0 0 0 ' ,159 ,63 ,3, 3
593 ,482, 568, '558 424 447 493 490 540 412 452 452 401 454 501 ' ,'0 0 0 0 0 0 0 0 0 0 0 0 ' ,149 ,2 ,2, 2
566 ,583, 542, '411 462 424 530 411 416 397 435 347 436 410 353 ' ,'0 0 0 0 0 0 0 0 0 0 0 0 ' ,186 ,1 ,2, 2
499 ,556, 475, '455 418 396 374 447 372 368 417 367 425 332 348 ' ,'0 0 0 0 0 0 0 0 0 0 0 0 ' ,125 ,1 ,2, 2
533 ,485, 509, '434 412 474 442 450 359 383 464 357 483 409 397 ' ,'0 0 0 0 0 0 0 0 0 0 0 0 ' ,142 ,2 ,4, 4
512 ,517, 481, '428 464 463 472 421 399 417 405 403 419 449 442 ' ,'0 0 0 0 0 0 0 0 0 0 0 0 ' ,73 ,1 ,2, 2
464 ,497, 440, '419 426 419 342 388 317 375 336 348 366 331 313 ' ,'0 0 0 0 0 0 0 0 0 0 0 0 ' ,113 ,1 ,3, 3
462 ,451, 437, '375 347 363 367 410 338 298 315 298 293 298 354 ' ,'0 0 0 0 0 0 0 0 0 0 0 0 ' ,127 ,2 ,3, 3
404 ,448, 380, '358 346 365 351 333 346 282 318 289 323 313 286 ' ,'0 0 0 0 0 0 0 0 0 0 0 0 ' ,87 ,2 ,3, 3
407 ,390, 391, '378 325 353 346 336 332 317 333 282 331 353 316 ' ,'0 0 0 0 0 0 0 0 0 0 0 0 ' ,99 ,1 ,2, 2
427 ,398, 411, '395 382 353 347 295 306 331 315 343 289 316 295 ' ,'0 0 0 0 0 0 0 0 0 0 0 0 ' ,109 ,1 ,4, 4
452 ,416, 432, '421 356 388 414 351 378 406 386 419 368 350 361 ' ,'0 0 0 0 0 0 0 0 0 0 0 0 ' ,75 ,1 ,1, 1
743 ,444, 720, '556 426 503 483 355 459 707 388 428 461 408 581 ' ,'0 0 0 0 0 0 0 0 0 0 0 0 ' ,356 ,2 ,3, 3
552 ,735, 533, '385 407 410 480 349 521 391 419 355 332 369 325 ' ,'0 0 0 0 0 0 0 0 0 0 0 0 ' ,197 ,2 ,3, 3
416 ,541, 397, '379 324 357 344 359 303 347 342 351 337 387 283 ' ,'0 0 0 0 0 0 0 0 0 0 0 0 ' ,106 ,1 ,1, 1
608 ,407, 584, '345 410 428 573 444 447 430 543 397 500 420 411 ' ,'0 0 0 0 0 0 0 0 0 0 0 0 ' ,231 ,1 ,3, 3
686 ,596, 661, '525 493 449 465 635 503 420 467 386 440 446 461 ' ,'0 0 0 0 0 0 0 0 0 0 0 0 ' ,264 ,1 ,2, 2
475 ,670, 446, '408 368 333 402 387 326 320 331 417 422 365 364 ' ,'0 0 0 0 0 0 0 0 0 0 0 0 ' ,118 ,2 ,3, 3
620 ,459, 599, '389 381 330 335 434 285 322 415 366 570 325 319 ' ,'0 0 0 0 0 0 0 0 0 0 0 0 ' ,304 ,1 ,3, 3
514 ,609, 489, '413 454 474 415 435 396 345 355 335 387 416 369 ' ,'0 0 0 0 0 0 0 0 0 0 0 0 ' ,142 ,1 ,3, 3
546 ,502, 522, '508 507 430 428 496 458 425 383 501 397 411 387 ' ,'0 0 0 0 0 0 0 0 0 0 0 0 ' ,129 ,1 ,2, 2
533 ,534, 510, '495 456 417 400 401 370 357 384 370 467 406 374 ' ,'0 0 0 0 0 0 0 0 0 0 0 0 ' ,142 ,1 ,3, 3
440 ,524, 418, '403 350 346 361 368 350 357 360 367 346 316 326 ' ,'0 0 0 0 0 0 0 0 0 0 0 0 ' ,89 ,1 ,3, 3
437 ,433, 417, '404 367 339 401 386 349 324 375 373 379 372 355 ' ,'0 0 0 0 0 0 0 0 0 0 0 0 ' ,81 ,1 ,3, 3
491 ,430, 466, '405 450 378 454 399 361 402 337 366 351 388 359 ' ,'0 0 0 0 0 0 0 0 0 0 0 0 ' ,118 ,1 ,4, 4
512 ,475, 486, '398 429 476 387 376 423 367 376 411 369 362 349 ' ,'0 0 0 0 0 0 0 0 0 0 0 0 ' ,127 ,1 ,3, 3
476 ,501, 456, '407 418 421 434 360 380 382 351 443 360 415 366 ' ,'0 0 0 0 0 0 0 0 0 0 0 0 ' ,94 ,2 ,4, 4
521 ,466, 496, '408 399 485 469 370 353 390 368 407 394 353 392 ' ,'0 0 0 0 0 0 0 0 0 0 0 0 ' ,134 ,1 ,3, 3
494 ,510, 472, '392 455 428 400 389 408 355 388 409 445 383 374 ' ,'0 0 0 0 0 0 0 0 0 0 0 0 ' ,109 ,1 ,2, 2
535 ,486, 509, '452 399 433 487 386 409 372 378 413 426 409 419 ' ,'0 0 0 0 0 0 0 0 0 0 0 0 ' ,127 ,1 ,2, 2
577 ,523, 549, '503 455 456 516 436 401 386 439 334 516 455 481 ' ,'0 0 0 0 0 0 0 0 0 0 0 0 ' ,208 ,1 ,3, 3
892 ,566, 867, '408 856 447 466 317 340 399 435 336 413 360 383 ' ,'0 0 0 0 0 0 0 0 0 0 0 0 ' ,527 ,2 ,3, 3
436 ,882, 411, '373 362 395 398 330 346 304 374 323 333 364 292 ' ,'0 0 0 0 0 0 0 0 0 0 0 0 ' ,103 ,1 ,3, 3
523 ,420, 496, '377 387 352 429 334 323 358 479 350 458 413 307 ' ,'0 0 0 0 0 0 0 0 0 0 0 0 ' ,178 ,1 ,3, 3
656 ,506, 633, '417 619 504 428 440 385 452 383 498 493 399 465 ' ,'0 0 0 0 0 0 0 0 0 0 0 0 ' ,240 ,2 ,3, 3
601 ,646, 574, '456 431 546 564 412 448 360 396 337 367 447 471 ' ,'0 0 0 0 0 0 0 0 0 0 0 0 ' ,227 ,1 ,3, 3
585 ,591, 561, '427 468 546 460 406 444 455 455 434 455 430 434 ' ,'0 0 0 0 0 0 0 0 0 0 0 0 ' ,134 ,2 ,3, 3
528 ,574, 505, '495 407 428 395 424 398 325 334 377 357 358 362 ' ,'0 0 0 0 0 0 0 0 0 0 0 0 ' ,172 ,1 ,1, 1
634 ,518, 606, '502 593 478 448 460 408 338 345 383 452 314 422 ' ,'0 0 0 0 0 0 0 0 0 0 0 0 ' ,279 ,1 ,3, 3
530 ,619, 506, '392 462 493 456 403 484 387 329 416 404 426 361 ' ,'0 0 0 0 0 0 0 0 0 0 0 0 ' ,167 ,2 ,4, 4
494 ,518, 469, '453 392 453 458 411 410 366 385 287 361 390 334 ' ,'0 0 0 0 0 0 0 0 0 0 0 0 ' ,124 ,1 ,3, 3
550 ,486, 524, '447 425 409 424 431 511 368 421 387 425 464 385 ' ,'0 0 0 0 0 0 0 0 0 0 0 0 ' ,148 ,2 ,4, 4
554 ,537, 531, '379 386 455 520 365 394 341 441 402 372 360 440 ' ,'0 0 0 0 0 0 0 0 0 0 0 0 ' ,182 ,2 ,3, 3
587 ,545, 562, '486 506 467 472 317 417 363 466 389 404 547 418 ' ,'0 0 0 0 0 0 0 0 0 0 0 0 ' ,215 ,1 ,3, 3
539 ,578, 513, '417 349 407 503 370 346 344 380 405 409 336 352 ' ,'0 0 0 0 0 0 0 0 0 0 0 0 ' ,165 ,1 ,1, 1
565 ,530, 547, '367 384 359 430 322 534 322 386 374 369 350 345 ' ,'0 0 0 0 0 0 0 0 0 0 0 0 ' ,213 ,2 ,4, 4
527 ,554, 508, '426 469 379 431 491 348 348 431 396 369 402 347 ' ,'0 0 0 0 0 0 0 0 0 0 0 0 ' ,150 ,1 ,3, 3
557 ,516, 537, '455 428 524 439 342 349 281 458 418 462 442 398 ' ,'0 0 0 0 0 0 0 0 0 0 0 0 ' ,244 ,1 ,3, 3
540 ,547, 520, '434 498 506 457 442 431 368 470 402 378 347 379 ' ,'0 0 0 0 0 0 0 0 0 0 0 0 ' ,160 ,1 ,3, 3
468 ,529, 449, '352 375 381 437 308 328 405 323 330 318 311 323 ' ,'0 0 0 0 0 0 0 0 0 0 0 0 ' ,131 ,1 ,4, 4
454 ,459, 437, '343 363 423 354 359 302 307 331 343 324 292 287 ' ,'0 0 0 0 0 0 0 0 0 0 0 0 ' ,135 ,1 ,3, 3
407 ,445, 392, '348 362 325 379 363 344 368 333 362 329 313 283 ' ,'0 0 0 0 0 0 0 0 0 0 0 0 ' ,90 ,1 ,2, 2
430 ,404, 402, '330 356 392 307 356 319 317 327 320 329 300 310 ' ,'0 0 0 0 0 0 0 0 0 0 0 0 ' ,95 ,2 ,3, 3
482 ,418, 457, '433 411 437 430 380 376 340 368 381 414 327 305 ' ,'0 0 0 0 0 0 0 0 0 0 0 0 ' ,142 ,1 ,3, 3
483 ,471, 458, '445 416 373 353 382 397 356 321 309 392 368 357 ' ,'0 0 0 0 0 0 0 0 0 0 0 0 ' ,139 ,0 ,3, 3
525 ,471, 499, '486 431 416 413 420 345 383 402 371 406 348 391 ' ,'0 0 0 0 0 0 0 0 0 0 0 0 ' ,145 ,1 ,4, 4
517 ,512, 491, '422 400 412 452 414 413 379 480 438 456 435 414 ' ,'0 0 0 0 0 0 0 0 0 0 0 0 ' ,105 ,1 ,2, 2
624 ,508, 590, '452 453 383 577 369 408 454 400 432 415 460 417 ' ,'0 0 0 0 0 0 0 0 0 0 0 0 ' ,202 ,2 ,4, 4
686 ,613, 660, '414 399 378 433 397 390 377 647 334 395 440 374 ' ,'0 0 0 0 0 0 0 0 0 0 0 0 ' ,315 ,2 ,3, 3
501 ,672, 474, '400 465 428 451 356 460 401 416 398 399 420 422 ' ,'0 0 0 0 0 0 0 0 0 0 0 0 ' ,94 ,1 ,3, 3
484 ,487, 456, '445 338 356 389 379 321 345 327 356 369 294 357 ' ,'0 0 0 0 0 0 0 0 0 0 0 0 ' ,154 ,1 ,3, 3
385 ,472, 359, '286 332 319 339 305 313 346 321 314 317 332 326 ' ,'0 0 0 0 0 0 0 0 0 0 0 0 ' ,64 ,1 ,3, 3
353 ,373, 328, '308 277 305 305 285 296 301 276 267 299 279 283 ' ,'0 0 0 0 0 0 0 0 0 0 0 0 ' ,52 ,2 ,2, 2
385 ,342, 355, '337 326 271 343 326 320 280 329 294 290 332 293 ' ,'0 0 0 0 0 0 0 0 0 0 0 0 ' ,75 ,1 ,2, 2
433 ,369, 409, '354 277 394 373 367 393 341 292 277 366 344 308 ' ,'0 0 0 0 0 0 0 0 0 0 0 0 ' ,122 ,2 ,3, 3
432 ,423, 411, '381 359 384 396 344 381 305 328 306 332 346 348 ' ,'0 0 0 0 0 0 0 0 0 0 0 0 ' ,95 ,5 ,2, 2
420 ,422, 396, '378 364 379 352 360 316 346 298 302 332 315 332 ' ,'0 0 0 0 0 0 0 0 0 0 0 0 ' ,87 ,1 ,3, 3
428 ,410, 401, '334 325 347 360 370 305 317 289 286 349 320 262 ' ,'0 0 0 0 0 0 0 0 0 0 0 0 ' ,126 ,1 ,3, 3
444 ,412, 413, '364 402 401 366 372 341 296 346 333 361 328 318 ' ,'0 0 0 0 0 0 0 0 0 0 0 0 ' ,111 ,1 ,4, 3
544 ,429, 512, '411 416 461 457 439 374 352 436 443 401 499 404 ' ,'0 0 0 0 0 0 0 0 0 0 0 0 ' ,152 ,3 ,2, 2
565 ,530, 540, '436 437 483 426 392 522 398 396 417 511 360 407 ' ,'0 0 0 0 0 0 0 0 0 0 0 0 ' ,171 ,2 ,2, 2
499 ,553, 470, '410 421 415 455 409 427 405 375 350 404 371 366 ' ,'0 0 0 0 0 0 0 0 0 0 0 0 ' ,106 ,1 ,8, 8
641 ,483, 618, '387 603 492 485 377 433 391 388 383 353 368 393 ' ,'0 0 0 0 0 0 0 0 0 0 0 0 ' ,238 ,2 ,4, 4
603 ,629, 579, '445 399 485 495 424 387 383 375 410 549 366 413 ' ,'0 0 0 0 0 0 0 0 0 0 0 0 ' ,203 ,2 ,4, 4
547 ,594, 523, '437 402 458 500 488 421 448 365 362 375 362 326 ' ,'0 0 0 0 0 0 0 0 0 0 0 0 ' ,174 ,2 ,4, 4
481 ,535, 460, '387 415 423 446 362 345 339 387 321 342 354 366 ' ,'0 0 0 0 0 0 0 0 0 0 0 0 ' ,129 ,2 ,4, 4
492 ,470, 471, '458 448 385 374 345 371 342 414 377 389 316 343 ' ,'0 0 0 0 0 0 0 0 0 0 0 0 ' ,139 ,1 ,4, 4
469 ,479, 444, '340 431 427 382 390 391 352 366 417 355 331 402 ' ,'0 0 0 0 0 0 0 0 0 0 0 0 ' ,101 ,2 ,2, 2
569 ,456, 544, '417 437 527 460 435 373 350 311 372 336 488 399 ' ,'0 0 0 0 0 0 0 0 0 0 0 0 ' ,221 ,1 ,4, 4
469 ,554, 445, '428 380 383 416 405 359 305 348 309 390 365 338 ' ,'0 0 0 0 0 0 0 0 0 0 0 0 ' ,132 ,2 ,4, 4
406 ,453, 379, '336 364 319 356 327 311 306 358 337 268 300 349 ' ,'0 0 0 0 0 0 0 0 0 0 0 0 ' ,82 ,2 ,3, 3
366 ,393, 348, '331 333 307 312 302 303 268 306 293 294 279 284 ' ,'0 0 0 0 0 0 0 0 0 0 0 0 ' ,68 ,1 ,4, 4
393 ,355, 374, '346 301 345 362 274 286 359 307 317 270 302 321 ' ,'0 0 0 0 0 0 0 0 0 0 0 0 ' ,94 ,2 ,2, 2
434 ,384, 417, '312 362 334 336 355 373 402 321 319 282 305 318 ' ,'0 0 0 0 0 0 0 0 0 0 0 0 ' ,122 ,2 ,3, 3
476 ,425, 460, '444 353 341 366 313 274 378 349 345 306 341 293 ' ,'0 0 0 0 0 0 0 0 0 0 0 0 ' ,175 ,2 ,4, 4
507 ,466, 491, '435 398 428 480 415 468 372 429 437 397 405 467 ' ,'0 0 0 0 0 0 0 0 0 0 0 0 ' ,111 ,2 ,2, 2
439 ,499, 421, '402 392 394 371 350 327 346 340 362 398 408 364 ' ,'0 0 0 0 0 0 0 0 0 0 0 0 ' ,86 ,2 ,2, 2
431 ,430, 413, '329 367 321 318 331 346 333 302 346 315 341 399 ' ,'0 0 0 0 0 0 0 0 0 0 0 0 ' ,100 ,1 ,4, 4
446 ,428, 419, '381 321 406 376 289 332 372 357 365 343 383 326 ' ,'0 0 0 0 0 0 0 0 0 0 0 0 ' ,100 ,2 ,1, 1
580 ,433, 551, '457 365 436 372 344 339 396 394 397 510 346 369 ' ,'0 0 0 0 0 0 0 0 0 0 0 0 ' ,202 ,2 ,4, 4
574 ,560, 547, '456 537 445 408 393 384 412 473 468 397 474 431 ' ,'0 0 0 0 0 0 0 0 0 0 0 0 ' ,155 ,1 ,3, 3
581 ,561, 552, '474 451 434 541 499 456 431 497 448 460 465 381 ' ,'0 0 0 0 0 0 0 0 0 0 0 0 ' ,158 ,2 ,2, 2
538 ,565, 510, '495 430 417 474 436 366 375 393 481 405 428 437 ' ,'0 0 0 0 0 0 0 0 0 0 0 0 ' ,132 ,1 ,4, 4
572 ,526, 545, '519 511 534 517 442 463 390 506 480 435 418 441 ' ,'0 0 0 0 0 0 0 0 0 0 0 0 ' ,146 ,1 ,4, 4
525 ,559, 501, '375 392 400 488 365 334 326 348 356 369 354 341 ' ,'0 0 0 0 0 0 0 0 0 0 0 0 ' ,165 ,1 ,4, 4
472 ,513, 446, '380 364 397 432 378 393 334 316 374 400 374 352 ' ,'0 0 0 0 0 0 0 0 0 0 0 0 ' ,116 ,1 ,4, 4
506 ,458, 482, '340 388 400 390 360 464 357 375 345 424 333 366 ' ,'0 0 0 0 0 0 0 0 0 0 0 0 ' ,134 ,1 ,4, 4
439 ,490, 414, '374 358 357 400 325 370 321 370 366 342 285 345 ' ,'0 0 0 0 0 0 0 0 0 0 0 0 ' ,116 ,1 ,3, 3
407 ,429, 385, '323 344 340 369 280 367 300 335 372 328 334 307 ' ,'0 0 0 0 0 0 0 0 0 0 0 0 ' ,74 ,1 ,3, 3
451 ,399, 421, '378 367 353 326 280 335 316 323 349 322 356 406 ' ,'0 0 0 0 0 0 0 0 0 0 0 0 ' ,110 ,1 ,2, 2
398 ,433, 374, '304 308 356 304 326 332 266 250 309 321 339 297 ' ,'0 0 0 0 0 0 0 0 0 0 0 0 ' ,110 ,2 ,4, 4
529 ,383, 501, '382 350 363 456 333 388 464 488 355 368 347 304 ' ,'0 0 0 0 0 0 0 0 0 0 0 0 ' ,187 ,1 ,2, 2
548 ,517, 519, '397 422 482 507 389 396 321 410 315 451 408 388 ' ,'0 0 0 0 0 0 0 0 0 0 0 0 ' ,197 ,2 ,3, 3
542 ,543, 516, '455 380 407 403 474 405 374 358 355 430 367 353 ' ,'0 0 0 0 0 0 0 0 0 0 0 0 ' ,153 ,1 ,3, 3
635 ,529, 611, '486 592 582 444 444 527 478 379 490 419 448 413 ' ,'0 0 0 0 0 0 0 0 0 0 0 0 ' ,221 ,2 ,4, 4
718 ,626, 697, '500 630 602 462 483 678 474 479 499 501 459 454 ' ,'0 0 0 0 0 0 0 0 0 0 0 0 ' ,227 ,1 ,4, 4
613 ,708, 589, '573 392 476 514 411 423 393 397 402 414 391 371 ' ,'0 0 0 0 0 0 0 0 0 0 0 0 ' ,205 ,2 ,4, 4
1060 ,603, 1038, '505 620 524 1024 585 392 513 461 479 614 501 460 ' ,'0 0 0 0 0 0 0 0 0 0 0 0 ' ,636 ,2 ,4, 4
585 ,1053, 559, '548 493 508 523 487 521 377 417 432 483 416 369 ' ,'0 0 0 0 0 0 0 0 0 0 0 0 ' ,179 ,1 ,4, 4
489 ,572, 464, '413 394 448 417 361 326 354 439 341 393 382 344 ' ,'0 0 0 0 0 0 0 0 0 0 0 0 ' ,126 ,1 ,4, 4
453 ,475, 428, '413 369 374 383 375 319 338 364 302 309 307 351 ' ,'0 0 0 0 0 0 0 0 0 0 0 0 ' ,116 ,1 ,3, 3
417 ,441, 395, '376 360 364 363 352 317 291 346 340 357 347 344 ' ,'0 0 0 0 0 0 0 0 0 0 0 0 ' ,91 ,2 ,4, 4
437 ,409, 408, '359 396 340 377 345 348 318 283 331 296 320 289 ' ,'0 0 0 0 0 0 0 0 0 0 0 0 ' ,114 ,2 ,3, 3
475 ,424, 450, '434 408 393 368 316 363 339 413 326 344 303 360 ' ,'0 0 0 0 0 0 0 0 0 0 0 0 ' ,135 ,1 ,3, 3
515 ,464, 492, '456 408 468 468 344 344 394 410 330 368 479 308 ' ,'0 0 0 0 0 0 0 0 0 0 0 0 ' ,173 ,1 ,3, 3
544 ,505, 514, '433 403 413 457 466 340 397 433 333 422 392 371 ' ,'0 0 0 0 0 0 0 0 0 0 0 0 ' ,170 ,2 ,3, 3
494 ,530, 476, '368 359 415 424 352 380 354 405 366 374 462 356 ' ,'0 0 0 0 0 0 0 0 0 0 0 0 ' ,110 ,2 ,3, 3
606 ,482, 580, '567 452 360 486 536 404 409 462 399 365 530 511 ' ,'0 0 0 0 0 0 0 0 0 0 0 0 ' ,207 ,1 ,3, 3
594 ,589, 575, '479 559 466 481 435 355 445 417 408 451 421 305 ' ,'0 0 0 0 0 0 0 0 0 0 0 0 ' ,259 ,1 ,4, 4
583 ,585, 567, '477 486 518 477 445 394 443 551 409 463 438 450 ' ,'0 0 0 0 0 0 0 0 0 0 0 0 ' ,159 ,1 ,4, 4
629 ,573, 610, '595 439 417 467 429 536 450 397 427 439 417 403 ' ,'0 0 0 0 0 0 0 0 0 0 0 0 ' ,202 ,2 ,4, 4
651 ,619, 634, '534 434 492 623 374 458 504 417 553 552 377 502 ' ,'0 0 0 0 0 0 0 0 0 0 0 0 ' ,249 ,1 ,2, 2
593 ,642, 575, '474 469 419 561 425 415 386 401 284 437 445 389 ' ,'0 0 0 0 0 0 0 0 0 0 0 0 ' ,282 ,2 ,4, 4
517 ,589, 490, '475 424 322 438 386 372 356 360 370 433 373 371 ' ,'0 0 0 0 0 0 0 0 0 0 0 0 ' ,157 ,2 ,3, 3
465 ,505, 440, '372 380 316 429 362 352 346 290 336 353 381 335 ' ,'0 0 0 0 0 0 0 0 0 0 0 0 ' ,141 ,2 ,2, 2
451 ,454, 429, '369 329 406 416 380 366 298 340 293 331 282 334 ' ,'0 0 0 0 0 0 0 0 0 0 0 0 ' ,136 ,2 ,3, 3
588 ,440, 570, '461 402 358 458 525 347 336 340 414 466 338 444 ' ,'0 0 0 0 0 0 0 0 0 0 0 0 ' ,220 ,2 ,3, 3
495 ,577, 470, '455 425 362 416 315 326 350 310 351 413 341 362 ' ,'0 0 0 0 0 0 0 0 0 0 0 0 ' ,148 ,1 ,3, 3
520 ,484, 496, '402 386 422 405 341 343 342 343 351 454 333 314 ' ,'0 0 0 0 0 0 0 0 0 0 0 0 ' ,169 ,2 ,3, 3
521 ,507, 494, '417 479 447 365 388 297 323 356 357 352 308 341 ' ,'0 0 0 0 0 0 0 0 0 0 0 0 ' ,188 ,1 ,3, 3
563 ,504, 537, '384 519 513 386 400 502 400 412 343 398 435 382 ' ,'0 0 0 0 0 0 0 0 0 0 0 0 ' ,183 ,2 ,4, 4
790 ,550, 765, '749 592 420 514 642 391 449 435 437 473 395 476 ' ,'0 0 0 0 0 0 0 0 0 0 0 0 ' ,360 ,2 ,4, 4
551 ,780, 528, '433 373 508 475 441 424 404 465 407 469 349 456 ' ,'0 0 0 0 0 0 0 0 0 0 0 0 ' ,166 ,1 ,3, 3
564 ,542, 541, '437 496 479 441 367 353 428 408 369 498 399 402 ' ,'0 0 0 0 0 0 0 0 0 0 0 0 ' ,175 ,1 ,3, 3
574 ,548, 549, '530 444 432 496 383 386 351 417 383 441 381 412 ' ,'0 0 0 0 0 0 0 0 0 0 0 0 ' ,184 ,2 ,4, 4
543 ,562, 516, '465 454 482 502 420 378 353 384 355 433 397 412 ' ,'0 0 0 0 0 0 0 0 0 0 0 0 ' ,150 ,2 ,4, 4
1093 ,530, 1065, '480 503 1027 447 498 473 381 394 446 432 500 423 ' ,'0 0 0 0 0 0 0 0 0 0 0 0 ' ,674 ,26 ,3, 3
588 ,1081, 555, '519 426 500 541 393 431 353 422 411 430 335 532 ' ,'0 0 0 0 0 0 0 0 0 0 0 0 ' ,198 ,2 ,3, 3
452 ,574, 426, '411 320 364 369 267 394 305 332 320 333 330 334 ' ,'0 0 0 0 0 0 0 0 0 0 0 0 ' ,120 ,2 ,3, 3
588 ,442, 516, '373 359 391 376 422 504 312 412 389 331 316 307 ' ,'0 0 0 0 0 0 0 0 0 0 0 0 ' ,197 ,2 ,3, 3
491 ,578, 466, '450 402 391 405 289 332 309 336 359 427 382 280 ' ,'0 0 0 0 0 0 0 0 0 0 0 0 ' ,173 ,2 ,3, 3
530 ,479, 504, '373 439 476 479 353 409 391 319 493 326 321 355 ' ,'0 0 0 0 0 0 0 0 0 0 0 0 ' ,174 ,2 ,3, 3
524 ,522, 498, '425 420 485 454 443 479 363 452 420 457 378 352 ' ,'0 0 0 0 0 0 0 0 0 0 0 0 ' ,136 ,2 ,2, 2
519 ,511, 494, '434 427 426 470 374 403 459 409 371 419 480 373 ' ,'0 0 0 0 0 0 0 0 0 0 0 0 ' ,115 ,1 ,3, 3
501 ,508, 479, '414 410 463 467 382 424 431 421 381 369 330 367 ' ,'0 0 0 0 0 0 0 0 0 0 0 0 ' ,135 ,1 ,3, 3
539 ,492, 517, '483 422 471 504 456 371 442 377 443 412 465 487 ' ,'0 0 0 0 0 0 0 0 0 0 0 0 ' ,136 ,1 ,2, 2
551 ,527, 527, '450 468 463 431 419 391 391 421 403 374 512 315 ' ,'0 0 0 0 0 0 0 0 0 0 0 0 ' ,199 ,2 ,4, 4
489 ,540, 462, '429 412 409 451 401 427 337 357 371 388 407 399 ' ,'0 0 0 0 0 0 0 0 0 0 0 0 ' ,114 ,2 ,2, 2
555 ,475, 527, '461 462 451 515 410 374 367 435 437 449 395 417 ' ,'0 0 0 0 0 0 0 0 0 0 0 0 ' ,150 ,2 ,4, 4
581 ,541, 557, '539 403 437 476 449 435 476 420 484 502 401 359 ' ,'0 0 0 0 0 0 0 0 0 0 0 0 ' ,185 ,1 ,4, 4
489 ,569, 465, '446 452 370 424 341 388 378 356 397 357 378 387 ' ,'0 0 0 0 0 0 0 0 0 0 0 0 ' ,99 ,2 ,2, 2
538 ,479, 510, '402 376 377 493 392 341 382 401 383 319 495 320 ' ,'0 0 0 0 0 0 0 0 0 0 0 0 ' ,178 ,1 ,3, 3
452 ,517, 432, '417 337 362 343 320 321 287 320 318 337 391 291 ' ,'0 0 0 0 0 0 0 0 0 0 0 0 ' ,136 ,2 ,3, 3
410 ,441, 393, '377 328 323 380 349 309 278 331 356 288 312 305 ' ,'0 0 0 0 0 0 0 0 0 0 0 0 ' ,104 ,1 ,3, 3
549 ,399, 531, '414 392 366 356 516 397 304 374 285 319 354 319 ' ,'0 0 0 0 0 0 0 0 0 0 0 0 ' ,234 ,2 ,3, 3
532 ,540, 514, '391 499 350 355 388 359 373 408 361 360 298 369 ' ,'0 0 0 0 0 0 0 0 0 0 0 0 ' ,205 ,2 ,2, 2
444 ,523, 427, '383 413 347 384 353 354 272 326 298 352 401 381 ' ,'0 0 0 0 0 0 0 0 0 0 0 0 ' ,145 ,3 ,2, 2
436 ,436, 416, '398 374 327 391 284 358 314 302 354 362 312 339 ' ,'0 0 0 0 0 0 0 0 0 0 0 0 ' ,121 ,1 ,3, 3
455 ,425, 433, '365 391 321 389 324 341 309 420 319 287 284 288 ' ,'0 0 0 0 0 0 0 0 0 0 0 0 ' ,140 ,1 ,2, 2
537 ,450, 510, '495 460 414 472 331 362 385 429 385 458 380 373 ' ,'0 0 0 0 0 0 0 0 0 0 0 0 ' ,138 ,2 ,3, 3
585 ,523, 563, '546 451 447 474 383 456 419 384 429 349 368 468 ' ,'0 0 0 0 0 0 0 0 0 0 0 0 ' ,183 ,2 ,3, 3
566 ,577, 541, '524 497 440 433 397 353 435 455 417 360 408 380 ' ,'0 0 0 0 0 0 0 0 0 0 0 0 ' ,177 ,2 ,3, 3
657 ,550, 631, '408 615 432 442 374 463 531 421 458 403 492 497 ' ,'0 161 0 0 0 0 0 0 0 0 0 0 ' ,210 ,2 ,3, 3
776 ,645, 758, '501 516 489 742 509 443 496 510 539 525 467 386 ' ,'0 0 0 0 0 0 0 0 0 0 0 0 ' ,359 ,2 ,4, 4
474 ,768, 449, '422 405 389 438 333 390 418 318 364 332 369 393 ' ,'0 0 0 0 0 0 0 0 0 0 0 0 ' ,120 ,1 ,2, 2
569 ,465, 542, '502 419 406 530 318 309 376 359 385 448 349 336 ' ,'0 0 0 0 0 0 0 0 0 0 0 0 ' ,225 ,2 ,2, 2
441 ,558, 414, '390 328 398 370 351 382 362 381 387 321 325 323 ' ,'0 0 0 0 0 0 0 0 0 0 0 0 ' ,81 ,2 ,2, 2
463 ,430, 442, '338 350 426 344 344 325 319 280 298 369 304 289 ' ,'0 0 0 0 0 0 0 0 0 0 0 0 ' ,150 ,2 ,2, 2
614 ,458, 588, '571 357 496 436 353 360 324 346 361 392 353 327 ' ,'187 0 0 0 0 0 0 0 0 0 0 0 ' ,253 ,2 ,3, 3
595 ,601, 433, '380 375 366 371 385 331 355 329 347 358 365 263 ' ,'0 0 0 0 0 0 0 0 0 0 0 0 ' ,158 ,1 ,3, 3
412 ,445, 387, '341 308 372 318 328 334 280 317 308 303 336 289 ' ,'0 0 0 0 0 0 0 0 0 0 0 0 ' ,97 ,2 ,3, 3
459 ,404, 435, '366 418 342 420 347 310 315 345 358 323 323 285 ' ,'0 0 0 0 0 0 0 0 0 0 0 0 ' ,139 ,2 ,2, 2
577 ,449, 553, '479 372 429 385 422 445 349 423 539 456 374 418 ' ,'0 0 0 0 0 0 0 0 0 0 0 0 ' ,193 ,2 ,3, 3
539 ,566, 510, '484 483 474 460 431 372 396 344 400 464 444 295 ' ,'0 0 0 0 0 0 0 0 0 0 0 0 ' ,203 ,2 ,3, 3
721 ,524, 694, '678 382 482 459 446 502 400 436 406 371 465 448 ' ,'0 0 0 0 0 0 0 0 0 0 0 0 ' ,302 ,3 ,3, 3
837 ,709, 651, '634 491 542 545 377 404 420 358 415 453 614 450 ' ,'0 0 0 0 0 0 0 0 0 0 0 0 ' ,281 ,2 ,3, 3
664 ,814, 642, '486 560 453 628 464 444 545 341 502 367 466 446 ' ,'0 0 0 0 0 0 145 0 0 0 0 0 ' ,287 ,2 ,4, 4
703 ,772, 678, '660 512 519 644 501 375 442 513 426 496 459 521 ' ,'0 0 0 0 0 0 0 0 0 0 0 0 ' ,292 ,2 ,4, 4
535 ,691, 511, '448 399 426 467 463 423 418 326 404 353 443 403 ' ,'0 0 0 0 0 0 0 0 0 0 0 0 ' ,173 ,2 ,3, 3
488 ,525, 464, '420 419 446 444 375 372 392 373 342 380 374 400 ' ,'0 0 0 0 0 0 0 0 0 0 0 0 ' ,112 ,2 ,3, 3
536 ,624, 512, '425 359 397 499 328 323 368 384 396 405 391 460 ' ,'0 0 0 0 0 0 0 0 0 0 0 0 ' ,180 ,2 ,3, 3
554 ,526, 531, '449 403 369 504 488 346 345 382 361 321 344 380 ' ,'0 0 0 123 0 0 0 0 0 0 0 0 ' ,174 ,2 ,3, 3
495 ,543, 470, '358 430 362 338 391 404 340 455 303 308 317 330 ' ,'0 0 0 0 0 0 0 0 0 0 0 0 ' ,159 ,2 ,3, 3
432 ,484, 409, '368 394 380 317 331 364 346 303 328 360 351 345 ' ,'0 0 0 0 0 0 0 0 0 0 0 0 ' ,94 ,2 ,2, 2
477 ,422, 454, '364 434 301 349 290 321 327 330 323 316 335 362 ' ,'0 0 0 0 0 0 0 0 0 0 0 0 ' ,138 ,2 ,3, 3
503 ,467, 476, '462 358 367 343 357 346 382 335 383 306 350 326 ' ,'0 0 0 0 0 0 0 0 0 0 0 0 ' ,140 ,3 ,2, 2
611 ,488, 588, '512 443 556 453 403 497 454 513 553 468 571 526 ' ,'0 0 0 0 0 0 0 0 0 0 0 0 ' ,143 ,2 ,3, 3
641 ,603, 617, '480 535 599 573 554 573 367 445 486 425 373 452 ' ,'0 0 0 0 0 0 0 0 0 0 0 0 ' ,238 ,2 ,4, 4
639 ,629, 618, '522 414 602 340 410 376 429 430 485 367 420 385 ' ,'0 0 0 0 0 0 0 0 0 0 0 0 ' ,268 ,2 ,4, 4
620 ,626, 604, '418 468 471 589 480 535 442 431 482 418 429 346 ' ,'0 0 0 0 0 0 0 0 0 0 0 0 ' ,247 ,2 ,3, 3
784 ,613, 768, '460 496 491 512 421 534 538 536 439 464 582 383 ' ,'0 0 0 0 0 0 0 0 0 0 0 0 ' ,372 ,2 ,4, 4
645 ,914, 626, '426 510 468 612 406 418 346 415 430 441 442 384 ' ,'0 0 0 0 0 0 0 0 0 0 0 0 ' ,268 ,2 ,3, 3
632 ,636, 607, '490 427 589 507 475 426 502 450 464 425 515 440 ' ,'0 0 0 0 0 0 0 0 0 0 0 0 ' ,168 ,2 ,4, 4
626 ,758, 609, '403 489 414 485 592 357 412 413 394 379 335 388 ' ,'0 0 0 0 0 0 0 0 0 0 0 0 ' ,262 ,2 ,4, 4
580 ,617, 556, '395 417 454 419 380 415 347 420 384 496 353 428 ' ,'0 0 0 0 0 0 0 0 0 0 0 0 ' ,198 ,2 ,3, 3
576 ,570, 548, '487 386 378 398 372 423 375 402 459 385 530 352 ' ,'0 0 0 0 0 0 0 0 0 0 0 0 ' ,184 ,2 ,3, 3
543 ,563, 518, '451 391 503 402 390 378 430 428 310 355 311 310 ' ,'0 0 0 0 0 0 0 0 0 0 0 0 ' ,196 ,2 ,4, 4
463 ,533, 440, '390 361 393 391 385 375 415 302 323 313 375 368 ' ,'0 0 0 0 0 0 0 0 0 0 0 0 ' ,125 ,2 ,3, 3
413 ,453, 392, '364 346 342 334 263 312 296 302 379 334 301 306 ' ,'0 0 0 0 0 0 0 0 0 0 0 0 ' ,86 ,2 ,3, 3
605 ,406, 577, '426 421 364 372 295 338 330 561 307 332 435 301 ' ,'0 0 0 0 0 0 0 0 0 0 0 0 ' ,265 ,2 ,2, 2
492 ,591, 467, '421 448 378 362 396 289 353 387 362 335 379 338 ' ,'0 0 0 0 0 0 0 0 0 0 0 0 ' ,167 ,2 ,3, 3
501 ,480, 474, '412 415 430 360 349 322 328 342 323 366 413 341 ' ,'0 0 0 0 0 0 0 0 0 0 0 0 ' ,146 ,30 ,3, 3
532 ,489, 508, '428 489 455 400 399 384 383 462 364 360 377 393 ' ,'0 0 0 0 0 0 0 0 0 0 0 0 ' ,135 ,3 ,3, 3
554 ,522, 535, '438 431 515 428 442 437 474 396 317 419 450 387 ' ,'0 0 0 0 0 0 0 0 0 0 0 0 ' ,207 ,4 ,3, 3
619 ,549, 505, '479 469 484 491 417 455 371 408 351 370 460 413 ' ,'0 0 0 0 0 0 0 0 0 0 0 0 ' ,145 ,2 ,2, 2
712 ,521, 689, '471 424 670 538 512 506 419 422 491 427 505 524 ' ,'0 0 0 0 0 0 0 0 0 0 0 0 ' ,258 ,2 ,4, 4
583 ,703, 557, '462 368 537 423 379 375 399 441 481 444 454 407 ' ,'0 0 0 0 0 0 0 0 0 0 0 0 ' ,176 ,3 ,4, 4
499 ,569, 477, '394 461 378 446 368 348 385 347 432 415 456 360 ' ,'0 0 0 0 0 0 0 0 0 0 0 0 ' ,119 ,2 ,2, 2
583 ,491, 559, '488 544 359 502 461 419 381 363 374 425 359 412 ' ,'0 0 0 0 0 0 0 0 0 0 0 0 ' ,191 ,1 ,1, 1
450 ,572, 426, '372 381 409 401 354 340 341 319 333 330 376 408 ' ,'0 0 0 0 0 0 0 0 0 0 0 0 ' ,97 ,3 ,1, 1
411 ,442, 385, '343 340 334 364 327 319 329 306 335 330 309 315 ' ,'0 0 0 0 0 0 0 0 0 0 0 0 ' ,66 ,2 ,3, 3
548 ,399, 517, '377 362 314 333 440 290 319 356 337 325 347 332 ' ,'0 0 0 0 0 0 0 0 0 152 0 0 ' ,216 ,20 ,3, 3
408 ,532, 385, '359 368 346 302 330 356 321 341 319 297 250 282 ' ,'0 0 0 0 0 0 0 0 0 0 0 0 ' ,124 ,3 ,3, 3
458 ,401, 434, '350 302 379 345 302 316 358 301 353 383 310 303 ' ,'0 0 0 0 0 0 0 0 0 0 0 0 ' ,121 ,2 ,2, 2
452 ,451, 428, '350 413 396 335 361 363 274 365 305 319 315 281 ' ,'0 0 0 0 0 0 0 0 0 0 0 0 ' ,146 ,3 ,1, 1
417 ,447, 395, '364 342 355 378 343 351 263 336 321 328 288 291 ' ,'0 0 0 0 0 0 0 0 0 0 0 0 ' ,121 ,2 ,2, 2
414 ,405, 390, '361 351 356 324 333 362 269 317 303 294 341 313 ' ,'0 0 0 0 0 0 0 0 0 0 0 0 ' ,109 ,2 ,2, 1
441 ,406, 418, '361 349 402 316 298 341 294 341 365 274 325 306 ' ,'0 0 0 0 0 0 0 0 0 0 0 0 ' ,112 ,1 ,3, 3
400 ,432, 376, '331 358 333 324 292 338 342 351 278 309 319 280 ' ,'0 0 0 0 0 0 0 0 0 0 0 0 ' ,85 ,2 ,3, 3
414 ,385, 390, '375 302 368 313 336 313 358 349 287 300 315 368 ' ,'0 0 0 0 0 0 0 0 0 0 0 0 ' ,96 ,2 ,1, 1
479 ,404, 458, '390 327 359 295 401 299 322 288 324 305 335 269 ' ,'0 0 0 0 0 0 0 0 0 0 0 0 ' ,176 ,2 ,3, 3
590 ,472, 566, '484 396 467 478 464 355 376 460 424 500 434 347 ' ,'0 0 0 0 0 0 0 0 0 0 0 0 ' ,203 ,16 ,3, 3
591 ,580, 568, '525 531 426 500 432 553 437 515 429 421 503 525 ' ,'0 0 0 0 0 0 0 0 0 0 0 0 ' ,126 ,2 ,3, 3
866 ,581, 843, '528 483 461 531 529 520 338 490 366 787 448 456 ' ,'0 0 0 0 0 0 0 0 0 0 0 0 ' ,492 ,3 ,4, 4
636 ,853, 620, '601 571 435 548 406 494 394 495 345 483 437 462 ' ,'0 0 0 0 0 0 0 0 0 0 0 0 ' ,263 ,2 ,4, 4
582 ,628, 562, '433 478 385 546 330 358 422 394 490 386 354 378 ' ,'0 0 0 0 0 0 0 0 0 0 0 0 ' ,217 ,3 ,4, 4
521 ,573, 499, '405 378 424 484 482 392 404 387 338 477 395 390 ' ,'0 0 0 0 0 0 0 0 0 0 0 0 ' ,152 ,1 ,3, 2
440 ,513, 424, '381 380 374 409 372 401 359 353 358 387 393 381 ' ,'0 0 0 0 0 0 0 0 0 0 0 0 ' ,59 ,2 ,3, 3
500 ,433, 483, '360 404 310 469 311 360 323 304 310 317 312 338 ' ,'0 0 0 0 0 0 0 0 0 0 0 0 ' ,161 ,2 ,3, 3
509 ,490, 493, '393 372 367 379 313 329 356 345 478 296 347 354 ' ,'0 0 0 0 0 0 0 0 0 0 0 0 ' ,183 ,3 ,3, 3
593 ,500, 563, '388 320 365 344 500 316 338 370 320 449 367 362 ' ,'0 0 0 0 0 0 0 0 0 0 0 0 ' ,232 ,3 ,3, 3
452 ,576, 424, '394 359 387 371 370 289 269 312 344 306 329 346 ' ,'0 0 0 0 0 0 0 0 0 0 0 0 ' ,145 ,2 ,2, 2
446 ,440, 424, '337 319 386 371 344 400 315 280 402 371 291 322 ' ,'0 0 0 0 0 0 0 0 0 0 0 0 ' ,134 ,2 ,2, 2
505 ,438, 482, '420 380 431 383 392 379 415 353 417 366 464 326 ' ,'0 0 0 0 0 0 0 0 0 0 0 0 ' ,143 ,3 ,3, 3
805 ,495, 783, '437 400 478 439 490 355 316 413 394 723 374 396 ' ,'0 0 0 0 0 0 0 0 0 0 0 0 ' ,455 ,2 ,4, 4
514 ,796, 488, '445 457 406 458 417 405 464 400 393 388 470 373 ' ,'0 0 0 0 0 0 0 0 0 0 0 0 ' ,102 ,3 ,3, 3
595 ,504, 570, '496 439 442 407 510 426 394 549 375 383 520 396 ' ,'0 0 0 0 0 0 0 0 0 0 0 0 ' ,184 ,1 ,3, 3
581 ,584, 556, '463 469 409 538 430 423 401 383 369 481 537 389 ' ,'0 0 0 0 0 0 0 0 0 0 0 0 ' ,177 ,3 ,4, 4
613 ,569, 586, '506 415 516 570 439 340 382 361 344 422 448 448 ' ,'0 0 0 0 0 0 0 0 0 0 0 0 ' ,237 ,4 ,2, 2
594 ,601, 565, '400 418 459 553 467 349 400 471 400 373 344 399 ' ,'0 0 0 0 0 0 0 0 0 0 0 0 ' ,210 ,3 ,2, 2
625 ,578, 597, '397 388 501 582 303 391 385 349 349 474 312 351 ' ,'0 0 0 0 0 0 0 0 0 0 0 0 ' ,271 ,3 ,2, 2
510 ,610, 482, '443 389 422 420 389 404 428 342 358 410 458 300 ' ,'0 0 0 0 0 0 0 0 0 0 0 0 ' ,165 ,3 ,2, 2
539 ,491, 516, '374 380 352 502 392 337 396 387 482 380 373 361 ' ,'0 0 0 0 0 0 0 0 0 0 0 0 ' ,166 ,2 ,3, 3
445 ,528, 418, '395 378 338 361 326 336 307 394 305 315 370 348 ' ,'0 0 0 0 0 0 0 0 0 0 0 0 ' ,97 ,3 ,3, 3
437 ,427, 405, '388 384 348 381 320 257 342 378 367 312 337 308 ' ,'0 0 0 0 0 0 0 0 0 0 0 0 ' ,139 ,2 ,3, 3
453 ,421, 423, '360 329 326 326 325 276 282 310 262 352 330 356 ' ,'0 0 0 0 0 0 0 0 0 0 0 0 ' ,147 ,2 ,2, 2
452 ,433, 426, '338 337 407 384 363 328 321 285 345 322 318 291 ' ,'0 0 0 0 0 0 0 0 0 0 0 0 ' ,119 ,2 ,3, 3
440 ,435, 417, '361 316 389 343 340 322 345 301 317 290 305 295 ' ,'0 0 0 0 0 0 0 0 0 0 0 0 ' ,104 ,3 ,3, 3
435 ,426, 413, '395 340 345 348 336 324 341 310 339 332 290 299 ' ,'0 0 0 0 0 0 0 0 0 0 0 0 ' ,110 ,2 ,3, 3
504 ,424, 479, '373 353 459 298 333 321 321 290 333 360 344 375 ' ,'0 0 0 0 0 0 0 0 0 0 0 0 ' ,175 ,3 ,3, 3
563 ,491, 539, '521 416 435 388 400 372 303 458 378 355 416 369 ' ,'0 0 0 0 0 0 0 0 0 0 0 0 ' ,222 ,2 ,3, 3
638 ,553, 613, '486 415 407 497 374 407 359 498 338 544 437 356 ' ,'0 0 0 0 0 0 0 0 0 0 0 0 ' ,264 ,3 ,3, 3
643 ,624, 622, '495 420 520 431 377 351 357 549 428 562 358 432 ' ,'0 0 0 0 0 0 0 0 0 0 0 0 ' ,260 ,3 ,3, 3
561 ,638, 540, '504 414 516 489 474 450 402 419 331 459 343 378 ' ,'0 0 0 0 0 0 0 0 0 0 0 0 ' ,194 ,3 ,3, 3
547 ,551, 526, '457 411 504 440 354 393 329 412 432 439 410 417 ' ,'0 0 0 0 0 0 0 0 0 0 0 0 ' ,183 ,3 ,4, 3
653 ,538, 631, '551 504 471 507 447 481 406 363 475 468 611 374 ' ,'0 0 0 0 0 0 0 0 0 0 0 0 ' ,255 ,2 ,3, 3
680 ,643, 655, '638 560 616 628 375 409 393 610 412 523 516 443 ' ,'0 0 0 0 0 0 0 0 0 0 0 0 ' ,254 ,2 ,3, 3
640 ,669, 617, '488 448 499 509 427 367 386 534 389 381 600 422 ' ,'0 0 0 0 0 0 0 0 0 0 0 0 ' ,237 ,3 ,2, 2
554 ,631, 524, '430 428 453 476 344 477 416 428 509 425 376 413 ' ,'0 0 0 0 0 0 0 0 0 0 0 0 ' ,133 ,1 ,4, 4
573 ,539, 550, '422 453 389 419 481 400 479 472 406 344 411 411 ' ,'0 0 0 0 0 0 0 0 0 0 0 0 ' ,146 ,2 ,4, 4
466 ,562, 446, '418 427 355 413 338 404 374 330 363 386 365 351 ' ,'0 0 0 0 0 0 0 0 0 0 0 0 ' ,101 ,3 ,3, 3
484 ,456, 467, '417 447 438 401 424 437 336 355 372 350 330 361 ' ,'0 0 0 0 0 0 0 0 0 0 0 0 ' ,124 ,3 ,3, 3
426 ,474, 405, '385 313 336 377 371 338 309 375 349 329 282 344 ' ,'0 0 0 0 0 0 0 0 0 0 0 0 ' ,108 ,2 ,2, 2
463 ,418, 442, '368 371 376 366 426 378 310 322 360 289 392 291 ' ,'0 0 0 0 0 0 0 0 0 0 0 0 ' ,141 ,3 ,3, 3
512 ,453, 496, '366 335 348 345 287 359 296 324 482 316 360 289 ' ,'0 0 0 0 0 0 0 0 0 0 0 0 ' ,198 ,3 ,1, 1
431 ,503, 416, '399 363 352 337 349 306 316 292 302 279 339 282 ' ,'0 0 0 0 0 0 0 0 0 0 0 0 ' ,125 ,3 ,2, 2
