227 ,0, 124, '60 49 49 52 49 47 51 53 ' ,'0 0 0 0 0 0 0 0 ' ,35 ,6 ,10, 10
688 ,172, 651, '588 607 585 588 624 576 558 602 ' ,'0 0 0 0 0 0 0 0 ' ,68 ,1 ,4, 4
923 ,1224, 894, '663 639 786 767 669 874 659 716 ' ,'0 0 0 0 0 0 0 0 ' ,237 ,2 ,5, 5
729 ,908, 706, '681 578 566 635 537 498 539 604 ' ,'0 0 0 0 0 0 0 0 ' ,190 ,4 ,6, 6
704 ,714, 681, '612 605 594 620 661 558 564 444 ' ,'0 0 0 0 0 0 0 0 ' ,223 ,3 ,5, 5
713 ,698, 696, '675 665 557 583 558 505 553 634 ' ,'0 0 0 0 0 0 0 0 ' ,176 ,2 ,6, 6
717 ,702, 696, '605 674 589 644 617 592 543 632 ' ,'0 0 0 0 0 0 0 0 ' ,135 ,3 ,6, 6
644 ,706, 626, '580 606 545 577 551 586 537 551 ' ,'0 0 0 0 0 0 0 0 ' ,73 ,4 ,5, 5
776 ,634, 759, '592 585 576 579 737 491 632 504 ' ,'0 0 0 0 0 0 0 0 ' ,256 ,3 ,3, 3
749 ,768, 733, '707 643 618 601 585 559 473 492 ' ,'0 0 0 0 0 0 0 0 ' ,243 ,4 ,3, 3
606 ,745, 575, '554 485 546 500 382 451 471 455 ' ,'0 0 0 0 0 0 0 0 ' ,167 ,4 ,4, 4
628 ,596, 605, '510 516 494 575 440 558 589 484 ' ,'0 0 0 0 0 0 0 0 ' ,139 ,2 ,4, 4
638 ,614, 613, '599 539 531 450 532 545 461 502 ' ,'0 0 0 0 0 0 0 0 ' ,149 ,1 ,4, 4
804 ,628, 779, '767 644 722 634 652 604 607 623 ' ,'0 0 0 0 0 0 0 0 ' ,163 ,1 ,3, 3
728 ,790, 700, '681 628 596 596 606 587 585 632 ' ,'0 0 0 0 0 0 0 0 ' ,103 ,1 ,5, 4
659 ,713, 631, '560 617 601 588 533 525 531 506 ' ,'0 0 0 0 0 0 0 0 ' ,112 ,1 ,5, 5
656 ,648, 633, '610 613 540 538 529 566 545 525 ' ,'0 0 0 0 0 0 0 0 ' ,93 ,1 ,4, 4
642 ,645, 617, '565 521 600 524 456 594 532 489 ' ,'0 0 0 0 0 0 0 0 ' ,133 ,2 ,4, 4
793 ,631, 766, '746 692 704 694 651 618 638 610 ' ,'0 0 0 0 0 0 0 0 ' ,139 ,2 ,5, 5
776 ,776, 749, '660 640 728 644 633 526 548 641 ' ,'0 0 0 0 0 0 0 0 ' ,211 ,1 ,6, 6
645 ,762, 622, '574 517 604 604 553 556 543 539 ' ,'0 0 0 0 0 0 0 0 ' ,91 ,1 ,6, 6
665 ,634, 643, '625 577 560 586 534 494 478 469 ' ,'0 0 0 0 0 0 0 0 ' ,158 ,1 ,4, 4
668 ,656, 641, '626 607 558 562 507 506 557 550 ' ,'0 0 0 0 0 0 0 0 ' ,123 ,2 ,5, 5
690 ,655, 664, '613 648 585 539 556 590 521 614 ' ,'0 0 0 0 0 0 0 0 ' ,131 ,1 ,5, 5
704 ,675, 683, '669 629 602 641 624 557 619 625 ' ,'0 0 0 0 0 0 0 0 ' ,115 ,1 ,3, 3
722 ,699, 697, '640 650 663 630 674 558 514 619 ' ,'0 0 0 0 0 0 0 0 ' ,167 ,1 ,5, 5
609 ,707, 584, '526 477 570 514 541 492 506 470 ' ,'0 0 0 0 0 0 0 0 ' ,103 ,1 ,4, 4
638 ,597, 614, '509 561 508 535 590 471 524 468 ' ,'0 0 0 0 0 0 0 0 ' ,134 ,2 ,4, 4
1079 ,622, 1054, '660 566 618 558 538 455 1038 584 ' ,'0 0 0 0 0 0 0 0 ' ,589 ,2 ,4, 4
660 ,1066, 635, '509 577 501 480 574 497 525 483 ' ,'0 0 0 0 0 0 0 0 ' ,139 ,35 ,5, 5
604 ,647, 576, '506 483 563 501 502 520 470 496 ' ,'0 0 0 0 0 0 0 0 ' ,96 ,2 ,3, 3
743 ,588, 716, '558 686 676 647 670 704 609 651 ' ,'0 0 0 0 0 0 0 0 ' ,147 ,2 ,4, 4
752 ,733, 731, '715 587 684 673 552 607 554 592 ' ,'0 0 0 0 0 0 0 0 ' ,162 ,1 ,5, 5
684 ,745, 657, '590 597 623 642 602 566 576 492 ' ,'0 0 0 0 0 0 0 0 ' ,153 ,2 ,5, 5
740 ,667, 716, '652 625 623 577 633 638 563 590 ' ,'0 0 0 0 0 0 0 0 ' ,142 ,50 ,5, 5
776 ,730, 748, '641 648 700 611 720 575 582 607 ' ,'0 0 0 0 0 0 0 0 ' ,161 ,1 ,5, 5
696 ,764, 673, '660 538 644 588 608 518 594 599 ' ,'0 0 0 0 0 0 0 0 ' ,145 ,2 ,3, 3
667 ,688, 640, '625 555 574 492 577 445 429 486 ' ,'0 0 0 0 0 0 0 0 ' ,198 ,2 ,5, 5
595 ,652, 571, '539 539 558 470 536 463 437 458 ' ,'0 0 0 0 0 0 0 0 ' ,123 ,1 ,4, 4
638 ,579, 618, '570 603 515 582 471 482 539 484 ' ,'0 0 0 0 0 0 0 0 ' ,134 ,1 ,5, 5
596 ,629, 578, '565 518 551 523 510 464 428 501 ' ,'0 0 0 0 0 0 0 0 ' ,140 ,1 ,4, 4
655 ,586, 636, '590 611 624 608 522 503 544 555 ' ,'0 0 0 0 0 0 0 0 ' ,125 ,2 ,3, 3
704 ,646, 684, '547 652 552 649 470 671 549 660 ' ,'0 0 0 0 0 0 0 0 ' ,204 ,1 ,4, 4
757 ,695, 741, '571 730 554 622 543 615 500 591 ' ,'0 0 0 0 0 0 0 0 ' ,232 ,1 ,2, 2
615 ,750, 594, '555 563 512 522 552 541 496 581 ' ,'0 0 0 0 0 0 0 0 ' ,87 ,1 ,4, 4
784 ,607, 759, '646 634 746 608 615 560 505 626 ' ,'0 0 0 0 0 0 0 0 ' ,247 ,1 ,5, 5
766 ,773, 741, '702 553 633 724 470 682 612 728 ' ,'0 0 0 0 0 0 0 0 ' ,240 ,1 ,4, 4
777 ,751, 753, '609 579 739 614 476 489 516 521 ' ,'0 0 0 0 0 0 0 0 ' ,254 ,2 ,5, 5
575 ,765, 549, '477 539 498 543 471 508 503 516 ' ,'0 0 0 0 0 0 0 0 ' ,64 ,1 ,2, 2
767 ,566, 743, '670 652 626 731 600 541 594 531 ' ,'0 0 0 0 0 0 0 0 ' ,201 ,1 ,4, 4
718 ,758, 695, '557 683 643 643 605 607 596 652 ' ,'0 0 0 0 0 0 0 0 ' ,128 ,1 ,3, 3
665 ,709, 638, '612 606 591 510 548 556 625 576 ' ,'0 0 0 0 0 0 0 0 ' ,117 ,1 ,5, 5
654 ,651, 626, '610 540 595 532 569 531 513 499 ' ,'0 0 0 0 0 0 0 0 ' ,114 ,1 ,5, 5
655 ,637, 632, '529 572 565 519 515 564 510 616 ' ,'0 0 0 0 0 0 0 0 ' ,109 ,1 ,6, 6
686 ,644, 665, '651 592 591 522 539 530 500 632 ' ,'0 0 0 0 0 0 0 0 ' ,151 ,1 ,4, 4
680 ,678, 659, '627 586 645 597 631 564 554 538 ' ,'0 0 0 0 0 0 0 0 ' ,110 ,1 ,3, 3
670 ,675, 645, '628 566 620 567 547 590 550 488 ' ,'0 0 0 0 0 0 0 0 ' ,141 ,1 ,5, 5
693 ,657, 670, '639 622 581 598 568 552 531 656 ' ,'0 0 0 0 0 0 0 0 ' ,127 ,1 ,5, 5
759 ,683, 736, '589 636 568 721 615 536 554 649 ' ,'0 0 0 0 0 0 0 0 ' ,188 ,2 ,5, 5
737 ,753, 713, '601 628 687 574 684 629 604 526 ' ,'0 0 0 0 0 0 0 0 ' ,175 ,1 ,5, 5
816 ,724, 790, '778 722 708 687 664 707 641 636 ' ,'0 0 0 0 0 0 0 0 ' ,142 ,2 ,4, 4
702 ,803, 678, '587 603 578 615 645 611 554 554 ' ,'0 0 0 0 0 0 0 0 ' ,113 ,2 ,4, 4
642 ,685, 621, '580 583 557 590 589 561 515 531 ' ,'0 0 0 0 0 0 0 0 ' ,92 ,2 ,4, 4
746 ,633, 723, '709 552 537 556 480 552 599 528 ' ,'0 0 0 0 0 0 0 0 ' ,214 ,2 ,4, 4
826 ,737, 805, '679 695 792 778 618 759 774 687 ' ,'0 0 0 0 0 0 0 0 ' ,159 ,1 ,4, 4
756 ,818, 734, '611 600 593 590 701 599 680 596 ' ,'0 0 0 0 0 0 0 0 ' ,133 ,1 ,4, 4
802 ,744, 773, '681 651 759 719 657 670 605 686 ' ,'0 0 0 0 0 0 0 0 ' ,157 ,1 ,5, 5
621 ,785, 597, '568 556 557 562 451 584 526 565 ' ,'0 0 0 0 0 0 0 0 ' ,116 ,1 ,3, 3
690 ,612, 668, '579 568 619 620 595 653 604 519 ' ,'0 0 0 0 0 0 0 0 ' ,135 ,1 ,5, 5
850 ,682, 723, '667 679 668 663 638 628 679 706 ' ,'0 0 0 0 0 0 0 0 ' ,76 ,1 ,5, 5
705 ,754, 678, '586 520 666 565 527 631 575 569 ' ,'0 0 0 0 0 0 0 0 ' ,146 ,1 ,3, 3
795 ,694, 765, '748 677 747 697 573 639 638 588 ' ,'0 0 0 0 0 0 0 0 ' ,164 ,2 ,5, 5
719 ,782, 696, '675 663 678 636 535 530 637 551 ' ,'0 0 0 0 0 0 0 0 ' ,154 ,1 ,5, 5
1065 ,706, 1041, '626 656 583 600 546 654 643 1025 ' ,'0 0 0 0 0 0 0 0 ' ,461 ,1 ,4, 4
724 ,1056, 707, '607 628 614 585 554 690 630 602 ' ,'0 0 0 0 0 0 0 0 ' ,138 ,1 ,4, 4
685 ,713, 663, '576 651 643 578 560 584 626 514 ' ,'0 0 0 0 0 0 0 0 ' ,137 ,2 ,5, 5
723 ,675, 701, '685 600 671 626 600 540 589 560 ' ,'0 0 0 0 0 0 0 0 ' ,151 ,2 ,5, 4
800 ,709, 783, '736 726 769 608 539 597 542 702 ' ,'0 0 0 0 0 0 0 0 ' ,229 ,1 ,4, 4
674 ,790, 657, '490 559 644 440 527 515 513 500 ' ,'0 0 0 0 0 0 0 0 ' ,209 ,1 ,3, 3
617 ,667, 600, '507 586 531 486 514 494 481 501 ' ,'0 0 0 0 0 0 0 0 ' ,107 ,0 ,4, 4
593 ,612, 567, '474 476 554 531 439 551 465 499 ' ,'0 0 0 0 0 0 0 0 ' ,91 ,1 ,4, 4
618 ,579, 595, '543 514 531 525 464 451 455 581 ' ,'0 0 0 0 0 0 0 0 ' ,133 ,1 ,4, 4
673 ,606, 649, '540 632 633 541 547 519 515 490 ' ,'0 0 0 0 0 0 0 0 ' ,146 ,1 ,5, 5
781 ,661, 756, '740 579 681 607 576 566 507 587 ' ,'0 0 0 0 0 0 0 0 ' ,237 ,2 ,4, 4
789 ,768, 767, '614 682 750 683 603 639 541 591 ' ,'0 0 0 0 0 0 0 0 ' ,212 ,1 ,5, 5
827 ,778, 802, '714 682 692 786 718 586 606 566 ' ,'0 0 0 0 0 0 0 0 ' ,220 ,1 ,5, 5
798 ,810, 775, '597 649 710 681 733 587 597 578 ' ,'0 0 0 0 0 0 0 0 ' ,183 ,1 ,5, 5
824 ,786, 799, '563 626 785 599 506 534 603 513 ' ,'0 0 0 0 0 0 0 0 ' ,276 ,2 ,3, 3
807 ,815, 783, '611 554 766 599 707 621 752 682 ' ,'0 0 0 0 0 0 0 0 ' ,216 ,2 ,4, 4
673 ,797, 651, '554 635 577 534 562 532 497 628 ' ,'0 0 0 0 0 0 0 0 ' ,142 ,1 ,4, 4
594 ,665, 570, '530 533 553 554 519 439 468 476 ' ,'0 0 0 0 0 0 0 0 ' ,120 ,1 ,4, 4
564 ,582, 538, '522 439 449 452 433 456 431 471 ' ,'0 0 0 0 0 0 0 0 ' ,95 ,2 ,4, 4
560 ,553, 537, '486 522 505 487 430 507 459 457 ' ,'0 0 0 0 0 0 0 0 ' ,71 ,2 ,4, 4
634 ,552, 606, '570 502 590 486 471 474 505 453 ' ,'0 0 0 0 0 0 0 0 ' ,141 ,2 ,3, 3
640 ,619, 615, '566 511 519 551 480 463 600 570 ' ,'0 0 0 0 0 0 0 0 ' ,140 ,1 ,4, 4
616 ,626, 591, '571 494 491 549 526 482 465 539 ' ,'0 0 0 0 0 0 0 0 ' ,112 ,2 ,4, 4
574 ,603, 550, '531 470 522 535 490 447 461 488 ' ,'0 0 0 0 0 0 0 0 ' ,92 ,1 ,4, 4
642 ,561, 622, '604 590 584 573 533 487 450 537 ' ,'0 0 0 0 0 0 0 0 ' ,157 ,1 ,5, 5
797 ,631, 767, '659 644 679 752 701 624 572 571 ' ,'0 0 0 0 0 0 0 0 ' ,181 ,2 ,5, 5
750 ,781, 725, '627 581 628 632 684 678 671 614 ' ,'0 0 0 0 0 0 0 0 ' ,130 ,2 ,5, 5
885 ,737, 861, '587 560 690 846 539 509 608 628 ' ,'0 0 0 0 0 0 0 0 ' ,340 ,2 ,3, 3
706 ,877, 681, '658 600 597 590 595 593 657 657 ' ,'0 0 0 0 0 0 0 0 ' ,76 ,2 ,6, 6
805 ,696, 777, '768 674 647 757 694 671 598 677 ' ,'0 0 0 0 0 0 0 0 ' ,170 ,1 ,5, 5
765 ,796, 737, '602 613 716 657 608 720 627 560 ' ,'0 0 0 0 0 0 0 0 ' ,164 ,2 ,3, 3
710 ,748, 685, '668 602 643 607 608 617 591 577 ' ,'0 0 0 0 0 0 0 0 ' ,95 ,2 ,5, 5
676 ,700, 652, '545 635 587 527 527 552 456 519 ' ,'0 0 0 0 0 0 0 0 ' ,182 ,1 ,5, 5
695 ,662, 670, '652 567 645 592 545 524 537 524 ' ,'0 0 0 0 0 0 0 0 ' ,132 ,2 ,5, 5
752 ,684, 727, '622 597 595 571 481 601 649 711 ' ,'0 0 0 0 0 0 0 0 ' ,208 ,2 ,4, 4
655 ,738, 629, '468 576 593 608 591 539 553 557 ' ,'0 0 0 0 0 0 0 0 ' ,143 ,1 ,5, 5
567 ,638, 542, '472 458 499 517 464 496 527 527 ' ,'0 0 0 0 0 0 0 0 ' ,70 ,1 ,3, 3
524 ,551, 505, '483 489 488 423 449 439 466 472 ' ,'0 0 0 0 0 0 0 0 ' ,73 ,1 ,2, 2
591 ,516, 573, '555 484 478 493 419 447 508 546 ' ,'0 0 0 0 0 0 0 0 ' ,140 ,1 ,4, 4
543 ,580, 523, '507 462 491 488 508 501 474 480 ' ,'0 0 0 0 0 0 0 0 ' ,51 ,1 ,2, 2
683 ,533, 666, '481 523 647 585 466 527 514 476 ' ,'0 0 0 0 0 0 0 0 ' ,186 ,2 ,4, 4
751 ,673, 731, '713 568 565 610 691 590 558 523 ' ,'0 0 0 0 0 0 0 0 ' ,194 ,2 ,4, 4
660 ,741, 643, '565 627 553 536 493 506 496 558 ' ,'0 0 0 0 0 0 0 0 ' ,135 ,2 ,2, 2
670 ,658, 648, '634 442 518 546 431 470 509 482 ' ,'0 0 0 0 0 0 0 0 ' ,193 ,2 ,2, 2
635 ,659, 610, '493 529 593 593 484 517 476 449 ' ,'0 0 0 0 0 0 0 0 ' ,149 ,2 ,3, 3
791 ,624, 767, '750 625 643 654 635 592 575 536 ' ,'0 0 0 0 0 0 0 0 ' ,218 ,2 ,4, 4
852 ,781, 824, '557 705 809 653 637 629 610 581 ' ,'0 0 0 0 0 0 0 0 ' ,255 ,2 ,5, 5
832 ,837, 808, '769 685 695 609 717 589 795 646 ' ,'0 0 0 0 0 0 0 0 ' ,207 ,1 ,4, 4
792 ,824, 766, '727 680 704 674 720 539 593 618 ' ,'0 0 0 0 0 0 0 0 ' ,211 ,1 ,5, 5
875 ,780, 851, '707 832 764 718 597 584 595 719 ' ,'0 0 0 0 0 0 0 0 ' ,252 ,2 ,5, 5
714 ,862, 695, '621 585 676 614 488 614 591 500 ' ,'0 0 0 0 0 0 0 0 ' ,180 ,2 ,5, 5
675 ,707, 652, '543 578 632 637 520 585 559 580 ' ,'0 0 0 0 0 0 0 0 ' ,96 ,1 ,4, 4
682 ,665, 659, '518 605 571 582 606 619 487 491 ' ,'0 0 0 0 0 0 0 0 ' ,156 ,2 ,5, 5
674 ,667, 649, '594 520 627 631 561 608 540 539 ' ,'0 0 0 0 0 0 0 0 ' ,116 ,1 ,5, 5
605 ,659, 582, '559 466 568 559 526 518 462 485 ' ,'0 0 0 0 0 0 0 0 ' ,107 ,1 ,2, 2
595 ,593, 574, '545 485 485 532 517 456 475 466 ' ,'0 0 0 0 0 0 0 0 ' ,103 ,2 ,5, 5
666 ,588, 639, '516 515 482 478 493 622 479 468 ' ,'0 0 0 0 0 0 0 0 ' ,157 ,1 ,4, 4
751 ,652, 725, '708 521 631 582 520 536 538 615 ' ,'0 0 0 0 0 0 0 0 ' ,192 ,1 ,4, 4
701 ,735, 678, '607 537 625 601 578 663 527 577 ' ,'0 0 0 0 0 0 0 0 ' ,137 ,1 ,5, 5
664 ,690, 640, '575 557 525 584 593 565 523 538 ' ,'0 0 0 0 0 0 0 0 ' ,98 ,1 ,5, 5
801 ,653, 777, '722 735 574 668 643 562 651 758 ' ,'0 0 0 0 0 0 0 0 ' ,199 ,1 ,5, 5
878 ,788, 853, '755 693 833 720 642 602 675 708 ' ,'0 0 0 0 0 0 0 0 ' ,236 ,2 ,5, 5
766 ,863, 748, '620 668 702 622 559 675 666 730 ' ,'0 0 0 0 0 0 0 0 ' ,142 ,2 ,5, 5
936 ,761, 913, '894 790 812 669 769 616 681 643 ' ,'0 0 0 0 0 0 0 0 ' ,282 ,2 ,6, 6
824 ,923, 801, '731 782 669 734 620 589 702 654 ' ,'0 0 0 0 0 0 0 0 ' ,197 ,2 ,5, 5
809 ,816, 785, '715 623 598 770 586 712 560 590 ' ,'0 0 0 142 0 0 0 0 ' ,209 ,1 ,5, 5
699 ,794, 677, '604 590 626 661 626 516 564 495 ' ,'0 0 0 0 0 0 0 0 ' ,167 ,2 ,5, 5
631 ,690, 606, '568 537 588 514 552 584 485 490 ' ,'0 0 0 0 0 0 0 0 ' ,107 ,1 ,5, 5
622 ,621, 596, '534 542 577 551 526 545 503 498 ' ,'0 0 0 0 0 0 0 0 ' ,82 ,1 ,5, 5
734 ,607, 712, '621 590 564 497 663 497 511 561 ' ,'0 0 0 0 0 0 0 0 ' ,201 ,1 ,4, 4
655 ,723, 634, '618 519 534 591 529 510 539 546 ' ,'0 0 0 0 0 0 0 0 ' ,111 ,1 ,4, 4
917 ,646, 896, '637 621 545 643 842 518 506 507 ' ,'0 0 0 0 0 0 0 0 ' ,375 ,2 ,4, 4
793 ,907, 769, '634 569 570 757 516 551 613 548 ' ,'0 0 0 0 0 0 0 0 ' ,234 ,2 ,3, 3
649 ,779, 631, '549 597 611 600 593 523 570 579 ' ,'0 0 0 0 0 0 0 0 ' ,93 ,2 ,5, 5
880 ,638, 864, '778 757 724 849 606 636 611 719 ' ,'0 158 0 0 0 0 0 0 ' ,244 ,2 ,5, 5
802 ,871, 784, '743 722 609 658 724 593 765 582 ' ,'0 0 0 0 0 0 0 0 ' ,186 ,2 ,5, 5
802 ,791, 786, '766 682 650 691 723 702 747 597 ' ,'0 0 0 0 0 0 0 0 ' ,172 ,1 ,5, 5
862 ,793, 844, '745 737 826 733 687 720 601 649 ' ,'0 0 149 0 0 0 0 0 ' ,229 ,2 ,4, 4
939 ,853, 919, '841 728 813 903 660 745 737 760 ' ,'0 0 0 0 0 0 0 0 ' ,208 ,2 ,5, 5
807 ,927, 781, '761 576 705 740 559 631 651 604 ' ,'0 0 0 0 0 0 0 0 ' ,190 ,2 ,6, 5
718 ,791, 696, '572 588 676 548 574 566 603 539 ' ,'0 0 0 0 0 0 0 0 ' ,139 ,1 ,5, 5
695 ,709, 670, '550 537 564 585 492 529 558 630 ' ,'0 0 0 0 0 0 0 0 ' ,128 ,24 ,5, 4
606 ,686, 587, '557 497 564 572 485 462 563 503 ' ,'0 0 0 0 0 0 0 0 ' ,112 ,2 ,4, 4
771 ,599, 748, '627 486 729 673 537 609 597 583 ' ,'0 0 0 0 0 0 0 0 ' ,245 ,2 ,5, 5
732 ,761, 709, '526 498 690 503 481 550 525 510 ' ,'0 0 0 0 0 0 0 0 ' ,198 ,1 ,3, 3
640 ,721, 616, '555 579 597 515 514 480 535 573 ' ,'0 0 0 0 0 0 0 0 ' ,122 ,2 ,2, 2
816 ,628, 791, '604 552 618 532 583 487 538 526 ' ,'0 0 0 0 0 0 0 0 ' ,290 ,2 ,4, 4
772 ,804, 748, '641 575 635 735 596 575 667 614 ' ,'0 0 0 0 0 0 0 0 ' ,158 ,1 ,5, 5
1041 ,761, 830, '766 638 749 629 771 647 656 408 ' ,'0 0 0 0 0 0 0 0 ' ,406 ,2 ,4, 4
770 ,1024, 745, '648 728 620 666 674 604 605 644 ' ,'0 0 0 0 0 0 0 0 ' ,127 ,2 ,4, 4
807 ,760, 782, '675 763 646 681 547 552 605 574 ' ,'0 0 0 0 0 0 0 0 ' ,215 ,2 ,5, 5
748 ,815, 721, '670 640 685 705 594 667 629 620 ' ,'0 0 0 0 0 0 0 0 ' ,85 ,2 ,5, 5
1061 ,740, 1037, '677 707 797 804 805 1019 746 629 ' ,'0 0 0 0 0 0 0 0 ' ,392 ,2 ,5, 5
762 ,1049, 740, '547 612 681 724 529 674 612 517 ' ,'0 0 0 0 0 0 0 0 ' ,209 ,2 ,4, 4
651 ,749, 627, '610 488 539 525 489 455 485 469 ' ,'0 0 0 0 0 0 0 0 ' ,157 ,1 ,5, 5
693 ,638, 672, '564 528 502 655 587 472 468 518 ' ,'0 0 0 0 0 0 0 0 ' ,189 ,2 ,5, 5
690 ,683, 666, '568 648 513 531 543 474 445 529 ' ,'0 0 0 0 0 0 0 0 ' ,208 ,2 ,4, 4
713 ,683, 690, '672 585 670 628 557 543 590 584 ' ,'0 0 0 0 0 0 0 0 ' ,135 ,2 ,4, 4
856 ,701, 833, '813 729 625 604 684 683 678 579 ' ,'0 0 0 0 0 0 0 0 ' ,239 ,2 ,5, 5
782 ,846, 758, '616 574 698 745 708 567 580 573 ' ,'0 0 0 0 0 0 0 0 ' ,178 ,1 ,5, 5
929 ,770, 907, '598 777 887 690 588 712 671 608 ' ,'0 0 0 0 0 0 0 0 ' ,292 ,1 ,5, 5
937 ,914, 913, '894 648 735 748 624 697 606 620 ' ,'0 0 0 0 0 0 0 0 ' ,293 ,2 ,4, 4
721 ,927, 699, '566 609 677 663 532 568 628 602 ' ,'0 0 0 0 0 0 0 0 ' ,116 ,2 ,5, 5
744 ,708, 721, '678 604 699 654 531 551 606 534 ' ,'0 0 0 0 0 0 0 0 ' ,170 ,3 ,5, 5
775 ,732, 754, '658 520 659 738 572 579 620 680 ' ,'0 0 0 0 0 0 0 0 ' ,220 ,2 ,6, 6
775 ,763, 751, '730 672 625 640 593 650 646 547 ' ,'0 0 0 0 0 0 0 0 ' ,187 ,2 ,5, 5
745 ,762, 725, '596 621 684 621 536 486 612 705 ' ,'0 0 0 0 0 0 0 0 ' ,224 ,2 ,5, 5
670 ,733, 650, '634 602 610 544 518 623 458 594 ' ,'0 0 0 0 0 0 0 0 ' ,182 ,2 ,5, 5
602 ,661, 584, '556 528 535 558 482 568 514 443 ' ,'0 0 0 0 0 0 0 0 ' ,127 ,1 ,4, 4
685 ,591, 667, '518 526 647 518 506 465 459 483 ' ,'0 0 0 0 0 0 0 0 ' ,196 ,2 ,4, 4
636 ,676, 619, '556 525 601 503 600 524 436 516 ' ,'0 0 0 0 0 0 0 0 ' ,168 ,1 ,4, 4
626 ,625, 610, '541 469 552 491 460 591 490 499 ' ,'0 0 0 0 0 0 0 0 ' ,133 ,1 ,4, 4
643 ,617, 626, '606 520 526 459 471 513 541 500 ' ,'0 0 0 0 0 0 0 0 ' ,153 ,2 ,4, 4
639 ,635, 623, '581 565 603 517 552 468 454 485 ' ,'0 0 0 0 0 0 0 0 ' ,154 ,2 ,5, 5
640 ,635, 612, '593 518 546 550 534 526 479 518 ' ,'0 0 0 0 0 0 0 0 ' ,119 ,2 ,4, 4
738 ,624, 718, '594 650 507 702 533 540 588 531 ' ,'0 0 0 0 0 0 0 0 ' ,196 ,2 ,5, 5
853 ,728, 823, '625 618 633 658 763 619 555 504 ' ,'0 0 0 0 0 0 0 0 ' ,302 ,2 ,4, 4
723 ,839, 702, '682 662 605 661 582 626 607 509 ' ,'0 0 0 0 0 0 0 0 ' ,176 ,1 ,5, 5
903 ,710, 880, '606 634 865 583 616 507 639 647 ' ,'0 0 0 0 0 0 0 0 ' ,360 ,2 ,3, 3
914 ,893, 890, '753 622 811 636 582 632 870 642 ' ,'0 0 0 0 0 0 0 0 ' ,252 ,3 ,6, 6
681 ,902, 656, '634 608 558 581 538 516 543 523 ' ,'0 0 0 0 0 0 0 0 ' ,122 ,2 ,5, 5
682 ,665, 659, '594 534 641 515 493 540 551 565 ' ,'0 0 0 0 0 0 0 0 ' ,131 ,1 ,3, 3
663 ,674, 645, '532 533 581 529 481 461 627 524 ' ,'0 0 0 0 0 0 0 0 ' ,168 ,2 ,5, 5
580 ,653, 558, '493 510 524 474 492 533 492 486 ' ,'0 0 0 0 0 0 0 0 ' ,72 ,2 ,3, 3
639 ,567, 613, '560 536 571 551 461 558 596 559 ' ,'0 0 0 0 0 0 0 0 ' ,90 ,2 ,3, 3
651 ,625, 628, '490 530 490 612 533 566 512 464 ' ,'0 0 0 0 0 0 0 0 ' ,150 ,3 ,4, 4
713 ,638, 688, '670 502 517 517 468 500 447 467 ' ,'0 0 0 0 0 0 0 0 ' ,226 ,2 ,4, 4
664 ,701, 642, '621 555 470 594 560 481 512 491 ' ,'0 0 0 0 0 0 0 0 ' ,154 ,1 ,4, 4
700 ,657, 678, '603 651 658 606 522 584 530 627 ' ,'0 0 0 0 0 0 0 0 ' ,133 ,2 ,4, 4
786 ,689, 761, '622 665 643 674 690 535 567 602 ' ,'0 0 0 0 0 0 0 0 ' ,211 ,2 ,4, 4
762 ,775, 740, '654 617 653 726 635 631 595 709 ' ,'0 0 0 0 0 0 0 0 ' ,131 ,2 ,4, 4
780 ,755, 756, '738 646 605 656 561 697 569 559 ' ,'0 0 0 0 0 0 0 0 ' ,179 ,1 ,5, 5
851 ,766, 830, '808 631 673 748 678 658 676 677 ' ,'0 0 0 0 0 0 0 0 ' ,181 ,2 ,6, 6
1033 ,842, 1009, '988 520 865 788 871 579 586 810 ' ,'0 0 0 0 0 0 0 0 ' ,474 ,2 ,6, 6
764 ,1022, 739, '603 656 480 654 546 633 720 578 ' ,'0 0 0 0 0 0 0 0 ' ,241 ,2 ,5, 5
725 ,748, 702, '656 622 609 646 636 576 478 527 ' ,'0 0 0 0 0 0 0 0 ' ,209 ,2 ,5, 5
619 ,718, 598, '526 566 495 503 525 539 449 468 ' ,'0 0 0 0 0 0 0 0 ' ,132 ,2 ,4, 4
563 ,614, 535, '505 497 512 485 465 508 449 464 ' ,'0 0 0 0 0 0 0 0 ' ,72 ,2 ,3, 3
624 ,548, 604, '469 582 481 480 509 527 436 485 ' ,'0 0 0 0 0 0 0 0 ' ,151 ,2 ,5, 4
641 ,615, 618, '529 494 520 486 521 598 503 452 ' ,'0 0 0 0 0 0 0 0 ' ,149 ,1 ,4, 4
624 ,627, 599, '527 509 580 576 476 530 548 467 ' ,'0 0 0 0 0 0 0 0 ' ,115 ,2 ,4, 4
998 ,611, 973, '650 951 632 676 550 659 562 529 ' ,'0 0 0 0 0 0 0 0 ' ,425 ,1 ,7, 7
851 ,980, 836, '581 665 663 716 633 538 603 816 ' ,'0 0 0 0 0 0 0 0 ' ,284 ,2 ,4, 4
788 ,844, 772, '704 585 689 683 591 622 608 750 ' ,'0 0 0 0 0 0 0 0 ' ,170 ,2 ,5, 5
1086 ,779, 1061, '1038 591 701 703 573 679 558 671 ' ,'0 0 0 0 0 0 0 0 ' ,491 ,2 ,6, 6
762 ,1071, 743, '535 657 719 666 612 648 619 564 ' ,'0 0 0 0 0 0 0 0 ' ,190 ,2 ,5, 5
828 ,751, 811, '601 766 623 795 594 733 675 663 ' ,'0 0 0 0 0 0 0 0 ' ,200 ,2 ,5, 5
687 ,819, 671, '621 651 646 606 594 639 574 570 ' ,'0 0 0 0 0 0 0 0 ' ,85 ,2 ,4, 4
705 ,685, 683, '616 525 608 597 613 581 523 565 ' ,'0 0 0 0 0 0 0 0 ' ,143 ,2 ,6, 6
724 ,693, 704, '645 549 608 545 513 590 511 681 ' ,'0 0 0 0 0 0 0 0 ' ,174 ,4 ,5, 5
916 ,716, 891, '601 629 619 652 606 671 594 870 ' ,'0 0 0 0 0 0 0 0 ' ,280 ,3 ,5, 5
652 ,904, 627, '560 583 603 493 540 545 499 500 ' ,'0 0 0 0 0 0 0 0 ' ,118 ,2 ,5, 5
653 ,636, 631, '610 545 491 495 527 474 447 440 ' ,'0 0 0 0 0 0 0 0 ' ,174 ,1 ,4, 4
649 ,640, 624, '523 586 526 605 492 489 492 523 ' ,'0 0 0 0 0 0 0 0 ' ,118 ,2 ,4, 4
614 ,637, 589, '546 567 563 530 452 490 514 438 ' ,'0 0 0 0 0 0 0 0 ' ,134 ,2 ,4, 4
707 ,603, 681, '643 604 657 568 519 596 629 519 ' ,'0 0 0 0 0 0 0 0 ' ,142 ,2 ,4, 4
710 ,692, 686, '604 626 662 518 495 614 484 528 ' ,'0 0 0 0 0 0 0 0 ' ,183 ,2 ,5, 5
782 ,697, 756, '637 738 689 630 612 662 593 716 ' ,'0 0 0 0 0 0 0 0 ' ,149 ,2 ,3, 3
699 ,771, 676, '642 633 654 660 479 501 565 615 ' ,'0 0 0 0 0 0 0 0 ' ,161 ,2 ,4, 4
983 ,690, 960, '622 705 935 777 785 636 774 525 ' ,'0 0 0 0 0 0 0 0 ' ,414 ,2 ,6, 6
765 ,969, 744, '676 639 558 630 673 689 553 572 ' ,'0 0 0 0 0 0 0 0 ' ,173 ,1 ,6, 6
696 ,753, 676, '608 655 595 596 578 563 495 562 ' ,'0 0 0 0 0 0 0 0 ' ,164 ,2 ,5, 5
744 ,688, 721, '636 539 638 518 647 483 604 556 ' ,'0 0 0 0 0 0 0 0 ' ,221 ,2 ,5, 5
745 ,733, 722, '541 530 624 489 646 587 446 503 ' ,'0 0 0 0 0 0 0 0 ' ,256 ,2 ,5, 5
703 ,735, 681, '543 510 656 519 520 551 525 521 ' ,'0 0 0 0 0 0 0 0 ' ,151 ,2 ,4, 4
611 ,691, 588, '518 564 511 531 498 433 505 459 ' ,'0 0 0 0 0 0 0 0 ' ,139 ,2 ,4, 4
700 ,600, 678, '502 540 479 532 601 486 452 474 ' ,'0 0 0 0 0 0 0 0 ' ,208 ,2 ,4, 4
704 ,689, 684, '473 533 511 551 492 514 547 658 ' ,'0 0 0 0 0 0 0 0 ' ,194 ,3 ,5, 5
606 ,695, 582, '559 506 469 496 444 458 483 454 ' ,'0 0 0 0 0 0 0 0 ' ,110 ,2 ,4, 4
604 ,593, 579, '471 499 549 454 450 559 406 418 ' ,'0 0 0 0 0 0 0 0 ' ,154 ,2 ,4, 4
586 ,591, 561, '537 470 480 546 472 477 452 449 ' ,'0 0 0 0 0 0 0 0 ' ,95 ,2 ,5, 5
564 ,574, 543, '505 519 487 501 455 471 447 452 ' ,'0 0 0 0 0 0 0 0 ' ,79 ,2 ,5, 5
624 ,553, 599, '496 483 511 467 521 493 444 420 ' ,'0 0 0 0 0 0 0 0 ' ,161 ,2 ,5, 5
609 ,613, 586, '536 508 561 513 471 465 486 456 ' ,'0 0 0 0 0 0 0 0 ' ,111 ,2 ,4, 4
619 ,599, 596, '571 524 436 498 520 493 469 479 ' ,'0 0 0 0 0 0 0 0 ' ,145 ,4 ,2, 2
744 ,607, 719, '695 644 504 529 548 589 610 545 ' ,'0 0 0 0 0 0 0 0 ' ,197 ,2 ,5, 5
717 ,729, 697, '582 556 613 672 623 485 622 651 ' ,'0 0 0 0 0 0 0 0 ' ,195 ,3 ,4, 4
809 ,706, 794, '767 702 742 674 648 589 684 632 ' ,'0 0 0 0 0 0 0 0 ' ,189 ,3 ,5, 5
819 ,801, 803, '596 776 640 660 536 619 521 775 ' ,'0 0 0 0 0 0 0 0 ' ,265 ,2 ,5, 5
738 ,809, 718, '574 587 612 703 523 567 635 578 ' ,'0 0 0 0 0 0 0 0 ' ,180 ,2 ,5, 5
761 ,727, 742, '568 531 695 725 530 583 519 711 ' ,'0 0 0 0 0 0 0 0 ' ,206 ,2 ,5, 5
808 ,751, 790, '764 554 631 716 592 702 508 513 ' ,'0 0 0 0 0 0 0 0 ' ,263 ,3 ,5, 5
661 ,798, 645, '620 590 583 505 505 443 460 456 ' ,'0 0 0 0 0 0 0 0 ' ,183 ,2 ,5, 5
736 ,650, 720, '610 577 696 513 533 583 446 564 ' ,'0 0 0 0 0 0 0 0 ' ,259 ,2 ,4, 4
742 ,733, 720, '533 604 543 702 461 625 539 535 ' ,'0 0 0 0 0 0 0 0 ' ,183 ,2 ,5, 5
650 ,731, 629, '528 599 503 538 448 565 438 466 ' ,'0 0 0 0 0 0 0 0 ' ,172 ,1 ,4, 4
636 ,640, 616, '542 591 552 559 474 495 451 565 ' ,'0 0 0 0 0 0 0 0 ' ,147 ,2 ,4, 4
649 ,624, 631, '512 584 536 578 512 552 590 605 ' ,'0 0 0 0 0 0 0 0 ' ,98 ,3 ,5, 5
707 ,641, 682, '618 611 646 572 533 625 660 427 ' ,'0 0 0 0 0 0 0 0 ' ,239 ,3 ,4, 4
834 ,693, 807, '732 656 669 688 610 509 785 612 ' ,'0 0 0 0 0 0 0 0 ' ,280 ,2 ,5, 5
796 ,819, 772, '672 589 746 731 643 602 598 546 ' ,'0 0 0 0 0 0 0 0 ' ,207 ,2 ,6, 6
844 ,783, 819, '592 586 747 800 665 504 629 481 ' ,'0 0 0 0 0 0 0 0 ' ,320 ,2 ,6, 6
973 ,831, 949, '923 767 798 627 608 609 722 576 ' ,'0 0 0 0 0 0 0 0 ' ,353 ,2 ,6, 6
752 ,960, 730, '591 631 633 707 608 579 594 536 ' ,'0 0 0 0 0 0 0 0 ' ,172 ,2 ,5, 5
767 ,739, 744, '682 645 607 654 578 578 603 577 ' ,'0 0 0 0 0 0 0 0 ' ,148 ,38 ,5, 5
858 ,755, 836, '630 613 687 645 514 810 694 597 ' ,'0 0 0 0 0 0 0 0 ' ,255 ,3 ,5, 5
694 ,845, 673, '648 600 578 648 576 562 564 517 ' ,'0 0 0 0 0 0 0 0 ' ,136 ,2 ,5, 5
720 ,683, 698, '612 555 578 519 626 536 487 498 ' ,'0 0 0 0 0 0 0 0 ' ,192 ,2 ,5, 5
650 ,711, 627, '515 602 532 479 534 562 456 564 ' ,'0 0 0 0 0 0 0 0 ' ,132 ,2 ,4, 4
628 ,640, 606, '573 512 507 499 527 469 471 461 ' ,'0 0 0 0 0 0 0 0 ' ,128 ,2 ,4, 4
611 ,618, 592, '498 546 512 513 506 567 486 462 ' ,'0 0 0 0 0 0 0 0 ' ,108 ,3 ,4, 4
588 ,604, 566, '494 506 449 501 483 506 476 451 ' ,'0 0 0 0 0 0 0 0 ' ,98 ,2 ,4, 4
637 ,581, 615, '543 542 533 527 487 458 579 590 ' ,'0 0 0 0 0 0 0 0 ' ,141 ,2 ,4, 4
576 ,623, 553, '528 524 441 470 436 492 427 434 ' ,'0 0 0 0 0 0 0 0 ' ,110 ,2 ,5, 5
646 ,563, 625, '556 570 545 524 453 602 475 528 ' ,'0 0 0 0 0 0 0 0 ' ,132 ,2 ,5, 4
781 ,639, 757, '732 670 596 682 589 725 608 517 ' ,'0 0 0 0 0 0 0 0 ' ,221 ,3 ,5, 5
1185 ,767, 1167, '671 665 570 807 696 574 1142 559 ' ,'0 0 0 0 0 0 0 0 ' ,587 ,2 ,6, 6
866 ,1178, 843, '556 590 653 820 553 629 602 616 ' ,'0 0 0 0 0 0 0 0 ' ,266 ,2 ,6, 6
851 ,853, 828, '742 680 514 807 589 650 572 590 ' ,'0 0 0 0 0 0 0 0 ' ,290 ,2 ,6, 6
802 ,836, 782, '663 670 755 662 528 560 590 602 ' ,'0 0 0 0 0 0 0 0 ' ,204 ,2 ,6, 6
812 ,791, 792, '681 664 763 638 591 714 680 629 ' ,'0 0 0 0 0 0 0 0 ' ,141 ,2 ,6, 6
930 ,799, 912, '539 751 883 707 545 621 608 636 ' ,'0 0 0 0 0 0 0 0 ' ,353 ,3 ,6, 6
745 ,922, 726, '656 493 697 697 603 608 534 571 ' ,'0 0 0 0 0 0 0 0 ' ,212 ,3 ,6, 6
740 ,729, 725, '605 594 574 706 469 624 570 660 ' ,'0 0 0 0 0 0 0 0 ' ,238 ,2 ,5, 5
797 ,730, 777, '536 616 586 610 487 652 533 750 ' ,'0 0 0 0 0 0 0 0 ' ,270 ,2 ,5, 5
612 ,788, 597, '497 457 536 498 463 511 502 573 ' ,'0 0 0 0 0 0 0 0 ' ,122 ,3 ,4, 4
669 ,605, 653, '476 511 520 638 495 529 460 505 ' ,'0 0 0 0 0 0 0 0 ' ,173 ,1 ,4, 4
712 ,660, 696, '489 553 669 526 529 462 454 487 ' ,'0 0 0 0 0 0 0 0 ' ,222 ,3 ,4, 4
604 ,703, 589, '528 505 545 482 511 473 452 442 ' ,'0 0 0 0 0 0 0 0 ' ,126 ,3 ,4, 4
