211 ,0, 132, '31 37 28 28 34 43 35 30 28 30 30 38 24 29 39 50 39 34 34 46 ' ,'0 0 0 0 0 0 0 0 0 0 0 0 0 0 0 0 0 0 0 0 ' ,64 ,6 ,11, 11
697 ,179, 672, '373 433 474 517 492 395 449 471 352 617 466 371 449 604 424 508 395 412 431 436 ' ,'0 0 0 0 0 0 0 0 0 0 0 0 0 0 0 0 0 0 0 0 ' ,295 ,8 ,8, 8
955 ,1622, 483, '303 275 179 323 249 307 353 327 224 284 242 225 349 282 361 456 298 290 301 303 ' ,'0 0 0 0 0 0 0 0 0 0 0 0 0 0 0 0 0 0 0 0 ' ,279 ,2 ,13, 13
435 ,961, 414, '224 222 209 249 216 234 205 235 247 233 229 237 255 248 251 321 226 392 216 275 ' ,'0 0 0 0 0 0 0 0 0 0 0 0 0 0 0 0 0 0 0 0 ' ,193 ,2 ,2, 2
322 ,423, 307, '289 203 223 234 247 230 286 276 187 242 230 245 260 256 282 271 217 245 238 212 ' ,'0 0 0 0 0 0 0 0 0 0 0 0 0 0 0 0 0 0 0 0 ' ,94 ,2 ,2, 2
403 ,315, 383, '281 226 267 352 197 216 305 331 240 268 361 262 256 285 246 225 260 286 222 201 ' ,'0 0 0 0 0 0 0 0 0 0 0 0 0 0 0 0 0 0 0 0 ' ,176 ,2 ,2, 2
357 ,392, 331, '228 279 278 284 249 251 257 228 261 283 257 281 261 302 243 254 239 249 227 298 ' ,'0 0 0 0 0 0 0 0 0 0 0 0 0 0 0 0 0 0 0 0 ' ,93 ,3 ,2, 2
316 ,344, 292, '229 270 214 211 218 273 259 249 278 248 266 210 257 251 200 256 214 255 262 215 ' ,'0 0 0 0 0 0 0 0 0 0 0 0 0 0 0 0 0 0 0 0 ' ,83 ,4 ,2, 2
335 ,305, 315, '269 227 235 197 305 225 229 264 273 235 212 201 227 197 249 220 241 244 215 224 ' ,'0 0 0 0 0 0 0 0 0 0 0 0 0 0 0 0 0 0 0 0 ' ,112 ,4 ,1, 1
410 ,329, 388, '372 264 228 210 279 270 215 263 274 253 371 205 236 264 190 231 240 196 193 250 ' ,'0 0 0 0 0 0 0 0 0 0 0 0 0 0 0 0 0 0 0 0 ' ,187 ,3 ,1, 1
299 ,405, 276, '181 228 179 210 218 226 228 226 181 234 227 217 187 241 210 213 220 194 209 253 ' ,'0 0 0 0 0 0 0 0 0 0 0 0 0 0 0 0 0 0 0 0 ' ,84 ,2 ,1, 1
354 ,285, 328, '213 207 265 290 308 246 237 208 232 190 307 235 202 269 213 226 247 261 240 230 ' ,'0 0 0 0 0 0 0 0 0 0 0 0 0 0 0 0 0 0 0 0 ' ,111 ,4 ,1, 1
363 ,342, 335, '275 240 201 286 263 232 263 271 273 277 279 217 255 243 181 264 320 245 218 239 ' ,'0 0 0 0 0 0 0 0 0 0 0 0 0 0 0 0 0 0 0 0 ' ,122 ,1 ,2, 2
818 ,343, 797, '387 275 281 297 298 284 337 243 302 511 349 777 258 222 256 338 260 411 301 285 ' ,'0 0 0 0 0 0 0 0 0 0 0 0 0 0 0 0 0 0 0 0 ' ,559 ,1 ,2, 2
376 ,808, 354, '253 296 265 258 297 269 254 212 263 325 285 289 277 217 246 293 242 261 234 273 ' ,'0 0 0 0 0 0 0 0 0 0 0 0 0 0 0 0 0 0 0 0 ' ,123 ,2 ,2, 2
378 ,367, 342, '243 230 277 268 232 203 234 276 238 311 223 270 268 240 258 230 246 236 202 320 ' ,'0 0 0 0 0 0 0 0 0 0 0 0 0 0 0 0 0 0 0 0 ' ,127 ,1 ,1, 1
455 ,359, 431, '338 339 314 359 394 371 315 312 273 370 306 305 354 262 315 292 262 294 322 401 ' ,'0 0 0 0 0 0 0 0 0 0 0 0 0 0 0 0 0 0 0 0 ' ,153 ,1 ,2, 2
344 ,444, 320, '202 227 263 282 217 220 235 272 239 298 228 256 230 247 242 205 232 208 251 217 ' ,'0 0 0 0 0 0 0 0 0 0 0 0 0 0 0 0 0 0 0 0 ' ,107 ,2 ,1, 1
596 ,330, 575, '232 308 312 271 355 294 255 551 312 235 263 231 241 289 285 273 292 234 286 291 ' ,'0 0 0 0 0 0 0 0 0 0 0 0 0 0 0 0 0 0 0 0 ' ,326 ,2 ,3, 3
374 ,584, 351, '318 279 292 262 273 258 249 254 331 325 236 302 238 304 244 308 252 283 299 234 ' ,'0 0 0 0 0 0 0 0 0 0 0 0 0 0 0 0 0 0 0 0 ' ,96 ,0 ,3, 3
349 ,362, 326, '190 228 247 234 250 221 202 236 311 212 224 192 250 254 300 290 228 264 292 201 ' ,'0 0 0 0 0 0 0 0 0 0 0 0 0 0 0 0 0 0 0 0 ' ,124 ,2 ,2, 2
379 ,340, 357, '233 203 224 217 224 213 256 234 204 213 262 209 235 208 220 228 227 230 255 335 ' ,'0 0 0 0 0 0 0 0 0 0 0 0 0 0 0 0 0 0 0 0 ' ,147 ,1 ,1, 1
338 ,371, 306, '195 192 300 240 299 225 216 233 220 198 291 179 211 229 234 230 216 248 258 229 ' ,'0 0 0 0 0 0 0 0 0 0 0 0 0 0 0 0 0 0 0 0 ' ,119 ,1 ,1, 1
341 ,321, 317, '198 244 220 216 216 212 259 227 231 249 212 221 260 225 184 306 199 258 299 252 ' ,'0 0 0 0 0 0 0 0 0 0 0 0 0 0 0 0 0 0 0 0 ' ,114 ,1 ,2, 2
381 ,329, 357, '205 292 231 308 240 213 295 250 223 307 213 227 287 324 210 328 279 319 345 296 ' ,'0 0 0 0 0 0 0 0 0 0 0 0 0 0 0 0 0 0 0 0 ' ,142 ,2 ,2, 2
342 ,370, 321, '239 210 258 268 296 171 212 247 221 253 213 244 232 209 203 274 250 239 239 248 ' ,'0 0 0 0 0 0 0 0 0 0 0 0 0 0 0 0 0 0 0 0 ' ,135 ,1 ,2, 2
309 ,336, 278, '202 229 196 215 194 191 181 237 230 204 215 240 218 221 258 221 208 246 226 184 ' ,'0 0 0 0 0 0 0 0 0 0 0 0 0 0 0 0 0 0 0 0 ' ,90 ,2 ,2, 2
392 ,292, 367, '219 223 211 225 242 202 174 243 213 222 255 235 206 197 264 241 193 218 236 345 ' ,'0 0 0 0 0 0 0 0 0 0 0 0 0 0 0 0 0 0 0 0 ' ,182 ,1 ,2, 2
341 ,381, 317, '258 263 175 222 239 217 250 231 277 224 230 229 192 214 245 306 225 225 204 295 ' ,'0 0 0 0 0 0 0 0 0 0 0 0 0 0 0 0 0 0 0 0 ' ,136 ,1 ,1, 1
310 ,330, 285, '177 206 200 233 213 209 209 176 271 168 165 178 215 226 221 182 227 205 189 210 ' ,'0 0 0 0 0 0 0 0 0 0 0 0 0 0 0 0 0 0 0 0 ' ,110 ,1 ,1, 1
285 ,302, 265, '164 243 162 225 194 202 185 188 223 237 190 228 167 221 178 174 181 173 183 188 ' ,'0 0 0 0 0 0 0 0 0 0 0 0 0 0 0 0 0 0 0 0 ' ,94 ,1 ,1, 1
319 ,278, 295, '194 210 193 185 179 187 245 179 226 261 207 241 240 214 191 221 192 218 234 180 ' ,'0 0 0 0 0 0 0 0 0 0 0 0 0 0 0 0 0 0 0 0 ' ,103 ,2 ,2, 2
412 ,310, 389, '281 259 324 283 262 276 275 214 302 324 243 289 243 359 238 377 231 244 253 304 ' ,'0 0 0 0 0 0 0 0 0 0 0 0 0 0 0 0 0 0 0 0 ' ,161 ,2 ,2, 2
383 ,402, 358, '279 273 222 237 281 293 285 274 282 254 215 256 250 231 324 243 255 229 259 241 ' ,'0 0 0 0 0 0 0 0 0 0 0 0 0 0 0 0 0 0 0 0 ' ,126 ,2 ,2, 2
389 ,371, 367, '205 306 227 240 244 200 225 268 209 249 195 237 262 239 242 266 223 223 260 331 ' ,'0 0 0 0 0 0 0 0 0 0 0 0 0 0 0 0 0 0 0 0 ' ,159 ,1 ,1, 1
369 ,380, 345, '287 249 241 241 235 261 244 229 254 278 273 262 228 253 263 246 288 213 284 310 ' ,'0 0 0 0 0 0 0 0 0 0 0 0 0 0 0 0 0 0 0 0 ' ,119 ,2 ,3, 3
414 ,354, 393, '262 231 252 243 259 325 303 279 297 315 287 228 266 270 302 249 243 297 254 360 ' ,'0 0 0 0 0 0 0 0 0 0 0 0 0 0 0 0 0 0 0 0 ' ,150 ,2 ,3, 3
341 ,406, 314, '215 242 195 260 236 180 237 212 263 262 301 260 237 202 287 223 248 230 230 229 ' ,'0 0 0 0 0 0 0 0 0 0 0 0 0 0 0 0 0 0 0 0 ' ,126 ,1 ,1, 1
386 ,326, 364, '239 233 201 226 215 226 216 238 238 328 201 197 193 218 225 220 247 212 220 215 ' ,'0 0 0 0 0 0 0 0 0 0 0 0 0 0 0 0 0 0 0 0 ' ,154 ,1 ,2, 2
274 ,374, 259, '221 223 212 198 205 199 241 199 220 177 243 219 191 213 224 202 235 234 183 178 ' ,'0 0 0 0 0 0 0 0 0 0 0 0 0 0 0 0 0 0 0 0 ' ,64 ,1 ,2, 2
279 ,264, 263, '198 189 214 193 200 213 215 186 209 228 219 193 207 193 199 221 215 226 245 219 ' ,'0 0 0 0 0 0 0 0 0 0 0 0 0 0 0 0 0 0 0 0 ' ,65 ,2 ,2, 2
264 ,270, 248, '236 220 215 207 214 231 203 234 231 222 217 172 211 225 215 191 211 211 220 203 ' ,'0 0 0 0 0 0 0 0 0 0 0 0 0 0 0 0 0 0 0 0 ' ,64 ,1 ,1, 1
319 ,255, 301, '252 236 245 234 245 216 264 222 211 216 271 256 235 234 251 257 199 291 254 269 ' ,'0 0 0 0 0 0 0 0 0 0 0 0 0 0 0 0 0 0 0 0 ' ,95 ,2 ,1, 1
336 ,312, 320, '304 228 292 201 241 206 248 262 237 248 269 296 216 288 298 270 260 204 280 235 ' ,'0 0 0 0 0 0 0 0 0 0 0 0 0 0 0 0 0 0 0 0 ' ,104 ,2 ,2, 2
316 ,327, 298, '226 220 251 252 224 201 247 278 230 196 215 213 223 235 204 247 217 241 168 210 ' ,'0 0 0 0 0 0 0 0 0 0 0 0 0 0 0 0 0 0 0 0 ' ,119 ,2 ,2, 2
302 ,307, 287, '248 193 227 212 202 219 237 272 205 229 217 224 242 196 233 217 257 272 226 240 ' ,'0 0 0 0 0 0 0 0 0 0 0 0 0 0 0 0 0 0 0 0 ' ,85 ,2 ,1, 1
386 ,301, 362, '245 270 285 258 246 282 282 245 196 263 320 252 238 269 318 289 290 349 332 284 ' ,'0 0 0 0 0 0 0 0 0 0 0 0 0 0 0 0 0 0 0 0 ' ,151 ,2 ,1, 1
455 ,375, 427, '285 262 219 326 315 271 268 266 314 399 286 249 319 276 375 245 271 245 277 214 ' ,'0 0 0 0 0 0 0 0 0 0 0 0 0 0 0 0 0 0 0 0 ' ,201 ,2 ,2, 2
424 ,443, 402, '254 210 268 226 200 191 231 283 244 259 206 172 260 263 186 268 227 385 218 185 ' ,'0 0 0 0 0 0 0 0 0 0 0 0 0 0 0 0 0 0 0 0 ' ,217 ,1 ,2, 2
297 ,413, 276, '207 193 163 207 252 215 208 179 228 216 191 187 187 196 181 189 176 198 206 201 ' ,'0 0 0 0 0 0 0 0 0 0 0 0 0 0 0 0 0 0 0 0 ' ,105 ,1 ,1, 1
357 ,289, 336, '317 238 201 267 290 230 263 231 254 212 221 282 193 268 201 258 279 269 240 282 ' ,'0 0 0 0 0 0 0 0 0 0 0 0 0 0 0 0 0 0 0 0 ' ,127 ,6 ,2, 2
371 ,345, 349, '227 264 269 238 271 335 228 234 305 217 209 297 232 255 221 242 248 263 224 287 ' ,'0 0 0 0 0 0 0 0 0 0 0 0 0 0 0 0 0 0 0 0 ' ,127 ,1 ,2, 2
351 ,366, 329, '263 288 230 243 302 272 201 254 248 255 213 257 237 237 225 273 205 252 248 278 ' ,'0 0 0 0 0 0 0 0 0 0 0 0 0 0 0 0 0 0 0 0 ' ,112 ,1 ,2, 2
377 ,337, 353, '211 203 215 244 197 233 217 220 248 242 240 216 248 209 237 200 224 214 226 325 ' ,'0 0 0 0 0 0 0 0 0 0 0 0 0 0 0 0 0 0 0 0 ' ,145 ,1 ,1, 1
344 ,362, 321, '197 264 248 227 217 192 219 205 228 268 231 261 234 270 292 237 238 213 229 206 ' ,'0 0 0 0 0 0 0 0 0 0 0 0 0 0 0 0 0 0 0 0 ' ,115 ,1 ,2, 2
364 ,328, 339, '271 255 264 208 264 245 236 223 235 225 248 227 236 270 315 220 213 248 228 246 ' ,'0 0 0 0 0 0 0 0 0 0 0 0 0 0 0 0 0 0 0 0 ' ,123 ,1 ,1, 1
349 ,351, 330, '202 227 241 201 280 232 199 198 232 225 193 262 227 222 296 286 241 219 267 232 ' ,'0 0 0 0 0 0 0 0 0 0 0 0 0 0 0 0 0 0 0 0 ' ,125 ,1 ,3, 3
348 ,343, 314, '208 253 203 288 247 262 210 244 266 253 221 277 196 243 294 214 235 222 252 233 ' ,'0 0 0 0 0 0 0 0 0 0 0 0 0 0 0 0 0 0 0 0 ' ,108 ,1 ,2, 2
395 ,333, 369, '248 240 270 275 257 207 248 240 241 264 259 258 206 238 256 268 234 302 235 337 ' ,'0 0 0 0 0 0 0 0 0 0 0 0 0 0 0 0 0 0 0 0 ' ,148 ,2 ,2, 2
373 ,378, 354, '208 290 249 192 266 256 242 234 230 325 196 244 282 226 234 323 260 286 233 242 ' ,'0 0 0 0 0 0 0 0 0 0 0 0 0 0 0 0 0 0 0 0 ' ,148 ,1 ,3, 3
471 ,367, 441, '197 250 224 252 359 271 247 297 281 291 237 209 255 431 208 219 258 263 267 194 ' ,'0 0 0 0 0 0 0 0 0 0 0 0 0 0 0 0 0 0 0 0 ' ,239 ,1 ,2, 2
488 ,458, 457, '306 293 271 272 301 450 266 234 252 257 274 242 304 212 289 275 401 239 355 391 ' ,'0 0 0 0 0 0 0 0 0 0 0 0 0 0 0 0 0 0 0 0 ' ,237 ,1 ,3, 3
341 ,475, 317, '233 232 206 248 219 223 265 187 249 237 233 211 224 291 256 285 229 277 253 291 ' ,'0 0 0 0 0 0 0 0 0 0 0 0 0 0 0 0 0 0 0 0 ' ,120 ,1 ,2, 2
309 ,327, 285, '232 218 206 212 203 197 234 229 192 230 232 213 218 209 257 213 228 208 215 235 ' ,'0 0 0 0 0 0 0 0 0 0 0 0 0 0 0 0 0 0 0 0 ' ,85 ,1 ,2, 2
365 ,298, 340, '213 230 203 263 318 243 197 272 217 239 242 242 262 181 191 243 225 259 220 182 ' ,'0 0 0 0 0 0 0 0 0 0 0 0 0 0 0 0 0 0 0 0 ' ,151 ,1 ,2, 2
504 ,354, 478, '198 304 268 174 335 304 237 378 216 353 220 166 222 252 447 318 191 241 336 281 ' ,'0 0 0 0 0 0 0 0 0 0 0 0 0 0 0 0 0 0 0 0 ' ,303 ,16 ,1, 1
553 ,493, 523, '237 389 230 245 251 255 245 294 257 310 260 199 226 182 353 219 226 267 267 230 ' ,'0 0 0 0 0 0 0 0 0 0 0 0 0 0 0 0 0 0 0 0 ' ,337 ,131 ,2, 2
420 ,542, 397, '257 279 266 274 373 221 264 306 305 318 270 198 247 190 276 245 256 338 250 233 ' ,'0 0 0 0 0 0 0 0 0 0 0 0 0 0 0 0 0 0 0 0 ' ,199 ,1 ,1, 1
400 ,409, 376, '193 207 211 262 237 255 230 261 218 235 223 217 266 285 217 242 216 363 253 309 ' ,'0 0 0 0 0 0 0 0 0 0 0 0 0 0 0 0 0 0 0 0 ' ,174 ,1 ,2, 2
410 ,387, 384, '238 243 239 259 285 226 245 290 269 217 251 259 261 265 225 308 250 276 322 350 ' ,'0 0 0 0 0 0 0 0 0 0 0 0 0 0 0 0 0 0 0 0 ' ,142 ,1 ,2, 2
784 ,401, 754, '357 239 243 224 296 268 271 321 209 410 265 236 240 264 218 243 269 190 266 215 ' ,'0 0 0 0 0 0 0 0 0 0 0 0 0 0 0 0 0 0 0 0 ' ,553 ,319 ,2, 2
365 ,770, 339, '239 253 294 214 262 257 260 279 268 261 216 252 232 229 313 231 264 231 234 248 ' ,'0 0 0 0 0 0 0 0 0 0 0 0 0 0 0 0 0 0 0 0 ' ,117 ,1 ,2, 2
384 ,350, 359, '222 290 247 267 292 276 265 289 283 276 275 261 308 254 331 284 245 299 265 306 ' ,'0 0 0 0 0 0 0 0 0 0 0 0 0 0 0 0 0 0 0 0 ' ,126 ,2 ,2, 2
365 ,379, 342, '243 279 235 220 208 208 218 227 263 280 252 205 304 217 317 246 240 250 258 255 ' ,'0 0 0 0 0 0 0 0 0 0 0 0 0 0 0 0 0 0 0 0 ' ,130 ,1 ,2, 2
377 ,355, 351, '293 292 300 314 300 229 261 275 297 259 253 271 298 314 331 244 275 250 220 275 ' ,'0 0 0 0 0 0 0 0 0 0 0 0 0 0 0 0 0 0 0 0 ' ,124 ,1 ,2, 2
326 ,363, 300, '221 233 253 219 222 246 207 284 229 239 207 238 245 237 239 220 252 286 185 201 ' ,'0 0 0 0 0 0 0 0 0 0 0 0 0 0 0 0 0 0 0 0 ' ,103 ,2 ,1, 1
425 ,312, 407, '204 223 275 213 269 244 188 396 238 314 264 214 231 198 283 209 224 209 236 245 ' ,'0 0 0 0 0 0 0 0 0 0 0 0 0 0 0 0 0 0 0 0 ' ,212 ,2 ,2, 2
334 ,414, 316, '260 273 257 288 192 300 266 226 233 305 214 198 222 268 229 239 281 240 235 282 ' ,'0 0 0 0 0 0 0 0 0 0 0 0 0 0 0 0 0 0 0 0 ' ,116 ,0 ,1, 1
413 ,324, 395, '247 320 296 262 227 207 214 210 210 251 186 200 268 330 169 244 384 270 303 224 ' ,'0 0 0 0 0 0 0 0 0 0 0 0 0 0 0 0 0 0 0 0 ' ,218 ,2 ,1, 1
372 ,404, 350, '290 208 319 261 211 227 209 265 196 293 214 305 238 234 242 251 245 255 275 335 ' ,'0 0 0 0 0 0 0 0 0 0 0 0 0 0 0 0 0 0 0 0 ' ,143 ,2 ,2, 2
295 ,362, 277, '244 194 261 207 216 260 239 178 205 188 245 196 248 220 260 168 252 211 161 207 ' ,'0 0 0 0 0 0 0 0 0 0 0 0 0 0 0 0 0 0 0 0 ' ,107 ,2 ,1, 1
324 ,285, 300, '187 244 236 223 201 240 230 202 210 280 219 229 188 250 228 253 227 202 197 264 ' ,'0 0 0 0 0 0 0 0 0 0 0 0 0 0 0 0 0 0 0 0 ' ,101 ,2 ,2, 2
380 ,317, 347, '215 187 200 196 210 186 173 197 204 257 269 206 194 227 221 203 258 213 217 322 ' ,'0 0 0 0 0 0 0 0 0 0 0 0 0 0 0 0 0 0 0 0 ' ,163 ,1 ,2, 2
308 ,358, 278, '232 161 201 197 239 201 216 217 236 222 202 195 208 218 253 231 189 189 270 193 ' ,'0 0 0 0 0 0 0 0 0 0 0 0 0 0 0 0 0 0 0 0 ' ,112 ,1 ,2, 2
380 ,294, 354, '216 223 246 179 336 218 217 225 230 265 218 296 206 211 244 233 245 230 248 242 ' ,'0 0 0 0 0 0 0 0 0 0 0 0 0 0 0 0 0 0 0 0 ' ,170 ,1 ,2, 2
405 ,366, 382, '234 201 273 211 360 295 292 214 222 210 193 329 259 229 240 234 228 227 257 241 ' ,'0 0 0 0 0 0 0 0 0 0 0 0 0 0 0 0 0 0 0 0 ' ,179 ,1 ,2, 2
452 ,393, 420, '273 208 279 188 286 242 215 219 246 251 286 307 249 213 391 249 296 272 190 266 ' ,'0 0 0 0 0 0 0 0 0 0 0 0 0 0 0 0 0 0 0 0 ' ,226 ,2 ,2, 2
361 ,438, 338, '288 229 258 240 316 241 265 222 294 223 273 301 307 263 256 310 298 235 273 252 ' ,'0 0 0 0 0 0 0 0 0 0 0 0 0 0 0 0 0 0 0 0 ' ,102 ,2 ,3, 3
488 ,352, 461, '275 248 229 216 446 269 278 307 217 322 252 259 247 280 223 280 210 264 256 290 ' ,'0 0 0 0 0 0 0 0 0 0 0 0 0 0 0 0 0 0 0 0 ' ,243 ,1 ,2, 2
353 ,473, 325, '220 226 240 235 301 269 233 266 195 244 251 229 239 256 286 295 266 298 262 207 ' ,'0 0 0 0 0 0 0 0 0 0 0 0 0 0 0 0 0 0 0 0 ' ,123 ,2 ,2, 2
398 ,339, 372, '295 233 248 245 229 275 243 312 280 214 213 238 251 296 325 268 314 312 328 340 ' ,'0 0 0 0 0 0 0 0 0 0 0 0 0 0 0 0 0 0 0 0 ' ,148 ,1 ,2, 2
338 ,385, 313, '174 204 190 250 217 246 219 264 212 220 240 177 252 244 247 259 230 244 233 283 ' ,'0 0 0 0 0 0 0 0 0 0 0 0 0 0 0 0 0 0 0 0 ' ,124 ,2 ,1, 1
335 ,328, 306, '155 198 213 182 196 174 188 203 193 220 228 184 282 274 278 219 215 203 160 202 ' ,'0 0 0 0 0 0 0 0 0 0 0 0 0 0 0 0 0 0 0 0 ' ,146 ,1 ,1, 1
291 ,323, 269, '196 213 150 193 237 232 160 232 156 222 184 169 207 217 222 198 199 196 201 229 ' ,'0 0 0 0 0 0 0 0 0 0 0 0 0 0 0 0 0 0 0 0 ' ,113 ,1 ,2, 2
301 ,284, 278, '182 192 269 206 252 184 180 199 185 188 211 168 186 143 185 211 193 190 192 199 ' ,'0 0 0 0 0 0 0 0 0 0 0 0 0 0 0 0 0 0 0 0 ' ,127 ,1 ,2, 2
318 ,290, 292, '214 215 187 190 237 207 167 233 181 201 226 201 224 199 247 188 191 240 199 273 ' ,'0 0 0 0 0 0 0 0 0 0 0 0 0 0 0 0 0 0 0 0 ' ,119 ,1 ,0, 0
324 ,308, 301, '186 207 207 194 248 241 197 240 178 274 219 185 204 196 279 207 233 250 221 211 ' ,'0 0 0 0 0 0 0 0 0 0 0 0 0 0 0 0 0 0 0 0 ' ,116 ,1 ,2, 2
338 ,313, 311, '214 196 206 203 221 249 192 208 199 279 202 189 228 176 206 208 202 225 214 241 ' ,'0 0 0 0 0 0 0 0 0 0 0 0 0 0 0 0 0 0 0 0 ' ,122 ,1 ,2, 2
392 ,325, 367, '225 198 190 184 197 222 191 207 209 208 194 193 175 204 343 231 251 212 182 225 ' ,'0 0 0 0 0 0 0 0 0 0 0 0 0 0 0 0 0 0 0 0 ' ,178 ,1 ,2, 2
562 ,379, 537, '285 238 212 223 291 197 237 225 254 240 215 213 243 171 512 226 259 226 282 236 ' ,'0 0 0 0 0 0 0 0 0 0 0 0 0 0 0 0 0 0 0 0 ' ,353 ,2 ,2, 2
446 ,548, 422, '411 262 307 263 346 303 316 276 250 288 266 339 251 273 342 286 278 208 278 273 ' ,'0 0 0 0 0 0 0 0 0 0 0 0 0 0 0 0 0 0 0 0 ' ,206 ,1 ,2, 2
418 ,432, 394, '235 229 336 239 373 300 235 236 242 238 236 252 241 282 248 174 212 217 245 252 ' ,'0 0 0 0 0 0 0 0 0 0 0 0 0 0 0 0 0 0 0 0 ' ,214 ,1 ,2, 2
358 ,413, 331, '270 231 218 235 240 249 246 221 282 308 232 276 245 220 250 280 231 230 262 242 ' ,'0 0 0 0 0 0 0 0 0 0 0 0 0 0 0 0 0 0 0 0 ' ,106 ,1 ,1, 1
402 ,339, 371, '258 276 363 262 322 234 233 241 338 251 277 220 270 254 261 248 227 265 239 242 ' ,'0 0 0 0 0 0 0 0 0 0 0 0 0 0 0 0 0 0 0 0 ' ,144 ,2 ,1, 1
427 ,390, 404, '303 296 263 280 334 276 253 246 297 280 272 284 390 247 313 280 303 230 262 232 ' ,'0 0 0 0 0 0 0 0 0 0 0 0 0 0 0 0 0 0 0 0 ' ,166 ,1 ,2, 2
372 ,417, 342, '258 322 271 237 254 261 241 286 226 315 231 272 297 252 282 226 250 248 291 261 ' ,'0 0 0 0 0 0 0 0 0 0 0 0 0 0 0 0 0 0 0 0 ' ,112 ,1 ,2, 2
365 ,359, 339, '241 264 247 271 252 266 236 204 230 229 257 235 239 233 312 245 223 257 221 297 ' ,'0 0 0 0 0 0 0 0 0 0 0 0 0 0 0 0 0 0 0 0 ' ,125 ,1 ,2, 2
506 ,352, 326, '220 224 208 190 252 269 200 232 224 298 206 178 227 265 183 263 223 241 253 219 ' ,'0 0 0 0 0 0 0 0 0 0 0 0 0 0 0 0 0 0 0 0 ' ,137 ,2 ,2, 2
354 ,340, 326, '199 223 226 218 284 219 223 253 214 255 236 184 246 300 236 316 264 216 227 280 ' ,'0 0 0 0 0 0 0 0 0 0 0 0 0 0 0 0 0 0 0 0 ' ,131 ,1 ,2, 2
429 ,338, 402, '263 220 253 268 285 282 237 244 228 327 262 239 292 254 283 274 232 284 261 374 ' ,'0 0 0 0 0 0 0 0 0 0 0 0 0 0 0 0 0 0 0 0 ' ,175 ,2 ,2, 2
352 ,416, 332, '228 247 244 202 225 229 223 198 199 283 254 236 229 232 210 243 194 205 322 260 ' ,'0 0 0 0 0 0 0 0 0 0 0 0 0 0 0 0 0 0 0 0 ' ,130 ,1 ,2, 2
267 ,345, 240, '184 196 216 201 211 222 185 214 203 190 197 169 200 192 175 233 204 215 231 210 ' ,'0 0 0 0 0 0 0 0 0 0 0 0 0 0 0 0 0 0 0 0 ' ,58 ,1 ,1, 1
337 ,249, 311, '221 230 175 187 164 209 185 191 237 299 220 194 212 216 198 207 189 181 181 242 ' ,'0 0 0 0 0 0 0 0 0 0 0 0 0 0 0 0 0 0 0 0 ' ,141 ,2 ,2, 2
262 ,321, 240, '192 199 222 191 195 170 166 195 213 217 184 171 181 228 206 170 172 216 236 193 ' ,'0 0 0 0 0 0 0 0 0 0 0 0 0 0 0 0 0 0 0 0 ' ,71 ,1 ,2, 2
294 ,253, 272, '208 190 201 190 161 205 167 174 220 177 189 227 259 229 202 240 202 197 207 185 ' ,'0 0 0 0 0 0 0 0 0 0 0 0 0 0 0 0 0 0 0 0 ' ,105 ,2 ,1, 1
278 ,281, 254, '221 210 219 236 196 178 199 222 196 228 227 209 239 198 211 184 212 215 185 207 ' ,'0 0 0 0 0 0 0 0 0 0 0 0 0 0 0 0 0 0 0 0 ' ,74 ,1 ,1, 1
307 ,270, 286, '189 255 276 241 193 191 244 235 230 223 264 194 198 210 240 204 237 245 266 220 ' ,'0 0 0 0 0 0 0 0 0 0 0 0 0 0 0 0 0 0 0 0 ' ,86 ,1 ,1, 1
340 ,296, 320, '229 202 255 200 220 222 204 243 203 209 224 240 211 270 289 215 237 233 234 201 ' ,'0 0 0 0 0 0 0 0 0 0 0 0 0 0 0 0 0 0 0 0 ' ,115 ,1 ,1, 1
305 ,336, 282, '202 176 193 244 190 217 196 244 211 245 218 216 246 271 213 208 206 186 228 221 ' ,'0 0 0 0 0 0 0 0 0 0 0 0 0 0 0 0 0 0 0 0 ' ,101 ,1 ,2, 2
375 ,298, 346, '184 205 229 188 208 236 169 226 263 252 220 209 202 210 309 217 240 212 221 206 ' ,'0 0 0 0 0 0 0 0 0 0 0 0 0 0 0 0 0 0 0 0 ' ,170 ,1 ,1, 1
362 ,361, 328, '277 257 208 257 239 276 228 228 242 206 256 264 218 228 304 214 270 248 265 196 ' ,'0 0 0 0 0 0 0 0 0 0 0 0 0 0 0 0 0 0 0 0 ' ,114 ,1 ,2, 2
423 ,342, 402, '286 271 313 212 288 310 264 220 298 344 249 255 260 250 312 293 257 218 394 195 ' ,'0 0 0 0 0 0 0 0 0 0 0 0 0 0 0 0 0 0 0 0 ' ,183 ,2 ,2, 2
454 ,414, 431, '305 235 286 278 307 266 300 261 259 216 226 370 272 323 398 290 280 260 306 310 ' ,'0 0 0 0 0 0 0 0 0 0 0 0 0 0 0 0 0 0 0 0 ' ,191 ,1 ,2, 2
397 ,447, 374, '286 239 202 358 258 285 216 243 315 306 294 283 277 342 334 252 283 238 312 298 ' ,'0 0 0 0 0 0 0 0 0 0 0 0 0 0 0 0 0 0 0 0 ' ,159 ,1 ,2, 2
483 ,387, 446, '337 298 194 272 287 291 263 255 311 410 311 260 270 291 350 261 320 322 263 377 ' ,'0 0 0 0 0 0 0 0 0 0 0 0 0 0 0 0 0 0 0 0 ' ,247 ,3 ,3, 3
384 ,465, 363, '235 236 237 224 210 210 202 264 222 218 284 232 214 240 324 217 269 225 313 240 ' ,'0 0 0 0 0 0 0 0 0 0 0 0 0 0 0 0 0 0 0 0 ' ,154 ,2 ,2, 2
311 ,373, 290, '222 188 266 225 218 215 211 234 200 258 232 267 190 217 207 226 223 224 237 255 ' ,'0 0 0 0 0 0 0 0 0 0 0 0 0 0 0 0 0 0 0 0 ' ,94 ,1 ,2, 2
359 ,301, 337, '208 253 217 215 265 324 263 228 211 233 230 273 187 225 222 220 241 237 185 243 ' ,'0 0 0 0 0 0 0 0 0 0 0 0 0 0 0 0 0 0 0 0 ' ,146 ,2 ,2, 2
302 ,356, 278, '232 222 168 187 245 180 247 220 193 241 235 212 181 204 223 225 210 226 216 199 ' ,'0 0 0 0 0 0 0 0 0 0 0 0 0 0 0 0 0 0 0 0 ' ,97 ,1 ,4, 4
335 ,287, 311, '179 224 176 190 167 239 203 207 202 213 213 226 174 191 210 204 216 204 218 274 ' ,'0 0 0 0 0 0 0 0 0 0 0 0 0 0 0 0 0 0 0 0 ' ,127 ,2 ,2, 2
330 ,322, 296, '249 220 188 187 262 248 205 180 194 199 197 209 199 229 246 200 182 274 219 239 ' ,'0 0 0 0 0 0 0 0 0 0 0 0 0 0 0 0 0 0 0 0 ' ,105 ,1 ,2, 2
291 ,314, 267, '183 176 176 202 181 175 191 209 213 182 186 193 187 202 165 218 215 239 248 235 ' ,'0 0 0 0 0 0 0 0 0 0 0 0 0 0 0 0 0 0 0 0 ' ,83 ,1 ,2, 2
381 ,277, 356, '295 239 193 219 198 216 241 201 202 240 240 190 204 249 204 236 187 257 219 322 ' ,'0 0 0 0 0 0 0 0 0 0 0 0 0 0 0 0 0 0 0 0 ' ,163 ,2 ,1, 1
352 ,365, 329, '304 246 210 248 204 242 254 226 248 208 198 201 282 279 200 215 215 216 242 298 ' ,'0 0 0 0 0 0 0 0 0 0 0 0 0 0 0 0 0 0 0 0 ' ,124 ,1 ,1, 1
497 ,345, 473, '276 259 204 238 191 297 203 226 260 325 230 318 217 231 361 218 255 200 202 223 ' ,'0 0 0 0 0 0 0 0 0 0 0 0 0 0 0 0 0 0 0 0 ' ,259 ,75 ,2, 2
556 ,486, 531, '255 218 291 285 235 519 360 352 368 301 297 224 293 274 223 327 259 279 308 197 ' ,'0 0 0 0 0 0 0 0 0 0 0 0 0 0 0 0 0 0 0 0 ' ,304 ,2 ,2, 2
417 ,545, 394, '284 305 243 334 366 357 351 294 297 345 273 205 239 280 311 340 295 312 226 346 ' ,'0 0 0 0 0 0 0 0 0 0 0 0 0 0 0 0 0 0 0 0 ' ,173 ,2 ,1, 1
467 ,406, 370, '279 260 234 254 347 336 247 255 288 299 231 238 275 276 299 285 237 219 283 237 ' ,'0 0 0 0 0 0 0 0 0 0 0 0 0 0 0 0 0 0 0 0 ' ,137 ,1 ,1, 1
405 ,384, 384, '340 280 230 287 317 310 279 308 357 251 295 271 325 313 265 306 293 323 264 342 ' ,'0 0 0 0 0 0 0 0 0 0 0 0 0 0 0 0 0 0 0 0 ' ,142 ,2 ,2, 2
481 ,397, 458, '306 268 275 283 244 271 260 280 273 421 256 255 262 242 261 256 209 240 275 362 ' ,'0 0 0 0 0 0 0 0 0 0 0 0 0 0 0 0 0 0 0 0 ' ,236 ,1 ,2, 2
457 ,472, 433, '254 258 281 198 263 365 231 267 245 274 220 344 251 324 397 254 237 293 217 240 ' ,'0 0 0 0 0 0 0 0 0 0 0 0 0 0 0 0 0 0 0 0 ' ,224 ,2 ,2, 2
358 ,445, 335, '270 231 307 183 192 241 221 212 208 301 264 230 273 226 216 221 210 252 204 261 ' ,'0 0 0 0 0 0 0 0 0 0 0 0 0 0 0 0 0 0 0 0 ' ,144 ,1 ,1, 1
330 ,345, 310, '260 218 211 221 201 223 209 160 239 233 211 221 215 227 199 218 217 200 192 271 ' ,'0 0 0 0 0 0 0 0 0 0 0 0 0 0 0 0 0 0 0 0 ' ,137 ,1 ,1, 1
341 ,323, 318, '174 201 192 252 206 193 215 219 217 216 230 234 220 206 281 213 211 288 237 228 ' ,'0 0 0 0 0 0 0 0 0 0 0 0 0 0 0 0 0 0 0 0 ' ,134 ,1 ,2, 2
342 ,335, 315, '275 194 227 208 230 255 212 192 188 219 211 198 203 244 220 213 198 246 192 282 ' ,'0 0 0 0 0 0 0 0 0 0 0 0 0 0 0 0 0 0 0 0 ' ,118 ,2 ,2, 2
344 ,329, 321, '278 204 193 203 292 249 186 185 243 222 218 205 232 245 203 217 219 179 201 222 ' ,'0 0 0 0 0 0 0 0 0 0 0 0 0 0 0 0 0 0 0 0 ' ,131 ,2 ,2, 2
419 ,336, 396, '245 353 233 231 263 235 247 229 382 259 217 187 250 247 288 232 235 260 204 320 ' ,'0 0 0 0 0 0 0 0 0 0 0 0 0 0 0 0 0 0 0 0 ' ,192 ,1 ,2, 2
347 ,405, 322, '263 243 176 217 277 244 206 257 248 273 215 287 266 266 211 245 265 251 314 240 ' ,'0 0 0 0 0 0 0 0 0 0 0 0 0 0 0 0 0 0 0 0 ' ,139 ,1 ,1, 1
354 ,331, 339, '251 291 271 234 255 236 283 270 323 242 231 234 274 229 244 301 205 199 200 213 ' ,'0 0 0 0 0 0 0 0 0 0 0 0 0 0 0 0 0 0 0 0 ' ,129 ,1 ,1, 1
586 ,346, 568, '293 285 302 327 242 217 300 253 257 315 310 254 272 260 217 289 270 203 556 291 ' ,'0 0 0 0 0 0 0 0 0 0 0 0 0 0 0 0 0 0 0 0 ' ,354 ,1 ,2, 2
371 ,577, 354, '291 229 199 307 339 209 278 231 248 312 305 278 336 284 275 273 271 187 284 229 ' ,'0 0 0 0 0 0 0 0 0 0 0 0 0 0 0 0 0 0 0 0 ' ,153 ,2 ,1, 1
413 ,362, 395, '340 244 332 383 226 311 232 297 303 259 314 244 284 275 323 296 274 277 249 312 ' ,'0 0 0 0 0 0 0 0 0 0 0 0 0 0 0 0 0 0 0 0 ' ,161 ,1 ,2, 2
395 ,405, 377, '365 207 288 290 328 296 270 230 342 260 323 300 254 261 295 307 245 287 299 245 ' ,'0 0 0 0 0 0 0 0 0 0 0 0 0 0 0 0 0 0 0 0 ' ,159 ,1 ,2, 2
438 ,386, 422, '281 325 402 264 312 221 303 264 314 277 363 327 291 349 332 345 287 314 410 269 ' ,'0 0 0 0 0 0 0 0 0 0 0 0 0 0 0 0 0 0 0 0 ' ,190 ,1 ,1, 1
504 ,438, 482, '228 317 242 288 260 300 274 311 469 335 288 249 313 235 243 225 449 253 234 320 ' ,'0 0 0 0 0 0 0 0 0 0 0 0 0 0 0 0 0 0 0 0 ' ,246 ,1 ,1, 1
376 ,496, 352, '253 218 214 205 320 217 240 249 264 234 296 208 186 224 201 295 227 238 236 221 ' ,'0 0 0 0 0 0 0 0 0 0 0 0 0 0 0 0 0 0 0 0 ' ,156 ,2 ,2, 2
336 ,362, 315, '223 251 223 209 184 208 199 217 240 194 197 230 229 198 279 188 194 205 221 201 ' ,'0 0 0 0 0 0 0 0 0 0 0 0 0 0 0 0 0 0 0 0 ' ,116 ,2 ,2, 2
320 ,326, 295, '204 215 204 278 230 197 224 213 180 228 226 248 211 222 261 223 218 240 201 232 ' ,'0 0 0 0 0 0 0 0 0 0 0 0 0 0 0 0 0 0 0 0 ' ,107 ,1 ,1, 1
404 ,307, 383, '268 252 315 233 267 313 266 294 237 218 354 204 232 265 254 221 257 281 253 347 ' ,'0 0 0 0 0 0 0 0 0 0 0 0 0 0 0 0 0 0 0 0 ' ,165 ,2 ,1, 1
353 ,393, 325, '234 199 189 214 296 225 229 255 216 223 201 237 191 271 217 236 203 204 269 276 ' ,'0 0 0 0 0 0 0 0 0 0 0 0 0 0 0 0 0 0 0 0 ' ,127 ,1 ,1, 1
306 ,340, 280, '214 197 231 225 250 240 212 200 179 208 261 235 206 225 213 231 195 189 182 202 ' ,'0 0 0 0 0 0 0 0 0 0 0 0 0 0 0 0 0 0 0 0 ' ,89 ,2 ,1, 1
344 ,293, 325, '162 181 196 262 225 175 216 218 244 162 195 174 206 294 290 210 176 236 201 267 ' ,'0 0 0 0 0 0 0 0 0 0 0 0 0 0 0 0 0 0 0 0 ' ,154 ,2 ,2, 2
451 ,337, 431, '267 237 246 351 231 395 312 301 301 340 330 267 285 391 233 318 252 320 418 296 ' ,'0 0 0 0 0 0 0 0 0 0 0 0 0 0 0 0 0 0 0 0 ' ,182 ,1 ,1, 1
427 ,441, 405, '304 282 224 296 347 287 268 232 272 221 216 219 200 206 233 288 387 327 349 303 ' ,'0 0 0 0 0 0 0 0 0 0 0 0 0 0 0 0 0 0 0 0 ' ,188 ,1 ,2, 2
427 ,419, 405, '229 208 278 303 212 347 262 274 235 251 259 314 246 257 258 240 215 254 231 368 ' ,'0 0 0 0 0 0 0 0 0 0 0 0 0 0 0 0 0 0 0 0 ' ,188 ,2 ,2, 2
389 ,413, 367, '281 255 307 192 263 295 227 278 300 258 220 221 280 263 202 245 250 260 328 331 ' ,'0 0 0 0 0 0 0 0 0 0 0 0 0 0 0 0 0 0 0 0 ' ,165 ,1 ,2, 2
513 ,383, 487, '253 223 295 226 287 242 228 247 242 242 238 295 274 463 404 183 238 211 273 262 ' ,'0 0 0 0 0 0 0 0 0 0 0 0 0 0 0 0 0 0 0 0 ' ,292 ,2 ,3, 3
416 ,499, 393, '283 278 235 214 265 370 224 318 272 270 205 259 237 358 358 252 280 257 255 259 ' ,'0 0 0 0 0 0 0 0 0 0 0 0 0 0 0 0 0 0 0 0 ' ,177 ,2 ,3, 2
513 ,404, 490, '471 237 322 252 341 306 273 320 244 234 345 291 267 255 382 247 282 275 250 276 ' ,'0 0 0 0 0 0 0 0 0 0 0 0 0 0 0 0 0 0 0 0 ' ,241 ,2 ,3, 3
362 ,501, 335, '216 234 219 250 244 288 263 234 243 302 230 244 280 213 245 215 224 252 234 223 ' ,'0 0 0 0 0 0 0 0 0 0 0 0 0 0 0 0 0 0 0 0 ' ,118 ,2 ,1, 1
430 ,351, 405, '278 192 190 300 338 391 320 266 222 237 206 157 242 227 205 235 197 241 270 207 ' ,'0 0 0 0 0 0 0 0 0 0 0 0 0 0 0 0 0 0 0 0 ' ,230 ,2 ,2, 2
331 ,416, 303, '205 202 225 212 230 215 166 211 187 232 249 199 196 202 257 224 206 250 173 267 ' ,'0 0 0 0 0 0 0 0 0 0 0 0 0 0 0 0 0 0 0 0 ' ,127 ,2 ,1, 1
320 ,319, 298, '200 189 215 193 197 212 203 200 238 212 234 206 197 189 267 197 198 242 187 209 ' ,'0 0 0 0 0 0 0 0 0 0 0 0 0 0 0 0 0 0 0 0 ' ,104 ,2 ,1, 1
309 ,312, 281, '217 208 254 211 223 188 213 229 194 216 192 172 203 244 247 264 260 228 185 196 ' ,'0 0 0 0 0 0 0 0 0 0 0 0 0 0 0 0 0 0 0 0 ' ,91 ,1 ,1, 1
422 ,295, 402, '385 243 258 236 261 274 246 213 231 267 201 199 236 257 254 245 201 282 240 199 ' ,'0 0 0 0 0 0 0 0 0 0 0 0 0 0 0 0 0 0 0 0 ' ,189 ,2 ,2, 2
503 ,415, 479, '271 294 276 320 226 285 467 284 324 286 231 320 245 361 297 258 277 253 404 300 ' ,'0 0 0 0 0 0 0 0 0 0 0 0 0 0 0 0 0 0 0 0 ' ,238 ,2 ,1, 1
400 ,495, 380, '182 235 363 283 281 227 227 310 286 178 240 244 262 315 312 218 204 244 215 291 ' ,'0 0 0 0 0 0 0 0 0 0 0 0 0 0 0 0 0 0 0 0 ' ,184 ,1 ,2, 2
401 ,387, 375, '295 256 237 292 313 248 244 279 235 221 275 265 279 260 335 230 218 279 244 243 ' ,'0 0 0 0 0 0 0 0 0 0 0 0 0 0 0 0 0 0 0 0 ' ,146 ,2 ,2, 2
458 ,387, 433, '288 252 273 255 401 271 274 241 202 249 246 282 220 271 261 251 260 382 239 344 ' ,'0 0 0 0 0 0 0 0 0 0 0 0 0 0 0 0 0 0 0 0 ' ,213 ,2 ,2, 2
371 ,444, 348, '258 229 200 249 314 279 335 232 246 237 281 204 260 281 242 290 262 211 254 239 ' ,'0 0 0 0 0 0 0 0 0 0 0 0 0 0 0 0 0 0 0 0 ' ,139 ,1 ,2, 2
486 ,363, 462, '204 208 237 265 243 274 207 242 256 255 239 281 289 218 311 265 242 443 297 231 ' ,'0 0 0 0 0 0 0 0 0 0 0 0 0 0 0 0 0 180 0 0 ' ,243 ,1 ,2, 2
377 ,473, 353, '257 232 271 232 236 319 229 273 224 265 245 243 244 245 313 263 254 302 323 246 ' ,'0 0 0 0 0 0 0 0 0 0 0 0 0 0 0 0 0 0 0 0 ' ,120 ,13 ,3, 3
403 ,366, 381, '271 334 256 230 272 211 247 243 305 348 231 264 246 363 260 256 318 265 342 240 ' ,'0 0 0 0 0 0 0 0 0 0 0 0 0 0 0 0 0 0 0 0 ' ,161 ,1 ,1, 1
389 ,391, 361, '324 215 252 272 239 274 183 250 343 243 274 255 227 249 204 228 258 232 250 241 ' ,'0 0 0 0 0 0 0 0 0 0 0 0 0 0 0 0 0 0 0 0 ' ,175 ,2 ,2, 2
335 ,378, 312, '254 239 219 235 186 286 228 303 276 258 260 256 189 220 260 227 261 251 252 224 ' ,'0 0 0 0 0 0 0 0 0 0 0 0 0 0 0 0 0 0 0 0 ' ,114 ,1 ,2, 2
270 ,325, 255, '237 197 212 208 193 189 207 221 217 188 217 215 206 242 244 220 224 200 175 236 ' ,'0 0 0 0 0 0 0 0 0 0 0 0 0 0 0 0 0 0 0 0 ' ,74 ,1 ,1, 1
318 ,261, 302, '219 196 205 199 167 208 175 222 207 182 188 199 228 193 238 217 223 234 173 285 ' ,'0 0 0 0 0 0 0 0 0 0 0 0 0 0 0 0 0 0 0 0 ' ,126 ,2 ,1, 1
388 ,311, 369, '201 269 226 216 191 265 215 218 155 249 187 234 255 217 257 234 278 195 194 357 ' ,'0 0 0 0 0 0 0 0 0 0 0 0 0 0 0 0 0 0 0 0 ' ,206 ,2 ,2, 2
322 ,380, 305, '242 223 261 219 213 207 179 219 257 285 219 185 219 246 222 293 226 219 236 185 ' ,'0 0 0 0 0 0 0 0 0 0 0 0 0 0 0 0 0 0 0 0 ' ,116 ,2 ,2, 2
334 ,315, 316, '228 251 228 211 224 190 213 228 248 246 206 268 193 251 282 203 250 216 184 279 ' ,'0 0 0 0 0 0 0 0 0 0 0 0 0 0 0 0 0 0 0 0 ' ,120 ,2 ,1, 1
330 ,329, 306, '203 206 240 240 270 220 199 222 228 195 231 188 212 209 222 202 193 215 257 185 ' ,'0 0 0 0 0 0 0 0 0 0 0 0 0 0 0 0 0 0 0 0 ' ,100 ,2 ,2, 2
313 ,317, 288, '222 191 194 219 203 201 210 205 209 235 179 195 192 197 256 192 195 272 211 232 ' ,'0 0 0 0 0 0 0 0 0 0 0 0 0 0 0 0 0 0 0 0 ' ,100 ,1 ,2, 2
361 ,299, 339, '189 237 319 255 261 242 225 202 235 271 237 301 231 228 269 259 224 220 330 234 ' ,'0 0 0 0 0 0 0 0 0 0 0 0 0 0 0 0 0 0 0 0 ' ,140 ,2 ,2, 2
387 ,354, 353, '252 281 344 265 267 262 346 329 223 275 288 266 180 249 254 234 280 256 223 250 ' ,'0 0 0 0 0 0 0 0 0 0 0 0 0 0 0 0 0 0 0 0 ' ,163 ,2 ,2, 2
447 ,372, 425, '247 252 205 223 303 264 290 288 281 234 285 214 218 289 286 236 245 296 241 375 ' ,'0 0 0 0 0 0 0 0 0 0 0 0 0 0 0 0 0 0 0 0 ' ,212 ,3 ,2, 2
423 ,440, 397, '282 320 246 243 254 244 271 273 386 285 207 297 241 362 288 270 370 330 240 268 ' ,'0 0 0 0 0 0 0 0 0 0 0 0 0 0 0 0 0 0 0 0 ' ,179 ,2 ,2, 2
484 ,412, 460, '210 333 261 242 416 255 222 306 267 390 296 214 244 315 348 283 323 249 323 234 ' ,'0 0 0 0 0 0 0 0 0 0 0 0 0 0 0 0 0 0 0 0 ' ,240 ,6 ,2, 2
375 ,474, 348, '238 207 216 250 221 232 244 231 267 275 255 208 244 233 303 233 264 267 282 233 ' ,'0 0 0 0 0 0 0 0 0 0 0 0 0 0 0 0 0 0 0 0 ' ,133 ,2 ,3, 2
420 ,362, 394, '235 269 225 212 361 249 237 214 280 171 228 220 244 262 208 208 242 257 231 262 ' ,'0 0 0 0 0 0 0 0 0 0 0 0 0 0 0 0 0 0 0 0 ' ,185 ,2 ,2, 2
351 ,410, 328, '197 238 222 235 215 203 280 246 214 183 195 245 246 240 237 216 215 290 318 266 ' ,'0 0 0 0 0 0 0 0 0 0 0 0 0 0 0 0 0 0 0 0 ' ,118 ,2 ,2, 2
350 ,341, 326, '273 241 223 246 203 191 219 243 277 254 242 229 212 200 240 192 197 194 205 262 ' ,'0 0 0 0 0 0 0 0 0 0 0 0 0 0 0 0 0 0 0 0 ' ,124 ,16 ,2, 2
347 ,338, 321, '277 216 196 242 245 260 254 220 236 201 245 258 246 200 286 228 246 272 232 258 ' ,'0 0 0 0 0 0 0 0 0 0 0 0 0 0 0 0 0 0 0 0 ' ,122 ,1 ,1, 1
324 ,339, 298, '145 233 189 179 207 191 196 197 200 232 230 285 236 221 228 199 258 212 206 219 ' ,'0 0 0 0 0 0 0 0 0 0 0 0 0 0 0 0 0 0 0 0 ' ,146 ,3 ,2, 2
364 ,314, 341, '244 179 204 216 236 198 167 190 174 165 201 219 186 216 204 191 176 228 235 299 ' ,'0 0 0 0 0 0 0 0 0 0 0 0 0 0 0 0 0 0 0 0 ' ,167 ,2 ,2, 2
371 ,472, 347, '213 232 217 226 303 174 234 201 210 176 164 192 193 257 227 199 253 178 221 251 ' ,'0 0 0 0 0 0 0 0 0 0 0 0 0 0 0 0 0 0 0 0 ' ,171 ,2 ,2, 2
503 ,360, 480, '243 211 251 244 441 268 276 272 177 202 221 231 206 220 183 232 199 261 316 237 ' ,'0 0 0 0 0 0 0 0 0 0 0 0 0 0 0 0 0 0 0 0 ' ,294 ,2 ,2, 2
420 ,495, 390, '232 226 376 246 271 238 272 223 247 189 268 219 280 292 319 253 296 262 196 342 ' ,'0 0 0 0 0 0 0 0 0 0 0 0 0 0 0 0 0 0 0 0 ' ,187 ,2 ,2, 2
399 ,405, 372, '229 243 300 241 214 263 240 304 266 293 254 260 283 215 333 264 256 270 253 228 ' ,'0 0 0 0 0 0 0 0 0 0 0 0 0 0 0 0 0 0 0 0 ' ,146 ,2 ,2, 2
433 ,387, 406, '355 256 288 267 336 296 287 233 245 228 300 312 286 246 210 278 226 197 277 362 ' ,'0 0 0 0 0 0 0 0 0 0 0 0 0 0 0 0 0 0 0 0 ' ,203 ,2 ,2, 2
484 ,423, 462, '256 271 200 201 295 318 257 229 252 223 246 217 288 272 421 367 281 301 300 241 ' ,'0 0 0 0 0 0 0 0 0 0 0 0 0 0 0 0 0 0 0 0 ' ,252 ,2 ,2, 2
563 ,475, 541, '301 525 240 390 351 320 265 345 279 305 248 248 371 247 374 239 263 326 309 468 ' ,'0 0 0 0 0 0 0 0 0 0 0 0 0 0 0 0 0 0 0 0 ' ,293 ,2 ,2, 2
378 ,554, 353, '225 305 271 252 278 253 244 283 278 225 236 207 283 261 200 249 267 260 274 310 ' ,'0 0 0 0 0 0 0 0 0 0 0 0 0 0 0 0 0 0 0 0 ' ,135 ,2 ,2, 2
373 ,367, 349, '223 210 218 283 235 226 277 238 213 241 246 249 227 230 241 278 209 216 196 304 ' ,'0 0 0 0 0 0 0 0 0 0 0 0 0 0 0 0 0 0 0 0 ' ,142 ,2 ,3, 3
469 ,368, 448, '258 212 206 235 222 227 238 273 201 283 250 292 250 272 265 430 275 233 250 226 ' ,'0 0 0 0 0 0 0 0 0 0 0 0 0 0 0 0 0 0 0 0 ' ,237 ,3 ,2, 2
361 ,460, 337, '197 207 191 219 212 265 248 212 224 218 191 191 264 227 189 215 213 238 300 293 ' ,'0 0 0 0 0 0 0 0 0 0 0 0 0 0 0 0 0 0 0 0 ' ,138 ,2 ,1, 1
375 ,351, 345, '201 248 167 209 220 221 222 236 252 286 192 208 207 229 240 249 223 242 198 303 ' ,'0 0 0 0 0 0 0 0 0 0 0 0 0 0 0 0 0 0 0 0 ' ,170 ,2 ,1, 1
362 ,360, 340, '201 213 175 304 229 171 212 212 244 151 204 221 200 328 194 181 203 198 196 226 ' ,'0 0 0 0 0 0 0 0 0 0 0 0 0 0 0 0 0 0 0 0 ' ,160 ,2 ,1, 1
324 ,353, 303, '226 238 187 166 203 243 210 171 188 192 186 260 178 219 208 197 248 217 252 261 ' ,'0 0 0 0 0 0 0 0 0 0 0 0 0 0 0 0 0 0 0 0 ' ,122 ,2 ,2, 2
338 ,316, 317, '218 202 225 235 208 193 191 251 237 192 249 263 204 232 181 207 234 215 273 276 ' ,'0 0 0 0 0 0 0 0 0 0 0 0 0 0 0 0 0 0 0 0 ' ,114 ,2 ,1, 1
413 ,324, 392, '257 264 222 306 319 236 236 215 377 289 304 289 301 308 276 255 275 230 299 233 ' ,'0 0 0 0 0 0 0 0 0 0 0 0 0 0 0 0 0 0 0 0 ' ,163 ,2 ,2, 2
562 ,397, 545, '252 279 241 263 238 374 229 254 259 288 285 207 242 204 353 533 228 278 317 226 ' ,'0 0 0 0 0 0 0 0 0 0 0 0 0 0 0 0 0 0 0 0 ' ,333 ,1 ,1, 1
463 ,553, 446, '260 247 239 280 264 330 267 262 325 429 220 258 231 339 250 233 300 313 264 253 ' ,'0 0 0 0 0 0 0 0 0 0 0 0 0 0 0 0 0 0 0 0 ' ,214 ,2 ,2, 2
397 ,453, 381, '339 342 210 365 228 283 285 317 244 276 266 278 273 284 301 267 300 339 262 287 ' ,'0 0 0 0 0 0 0 0 0 0 0 0 0 0 0 0 0 0 0 0 ' ,156 ,1 ,1, 1
416 ,387, 399, '230 279 252 274 297 342 383 274 320 234 269 321 282 235 228 304 308 262 296 206 ' ,'0 0 0 0 0 0 0 0 0 0 0 0 0 0 0 0 0 0 0 0 ' ,181 ,2 ,2, 2
400 ,407, 382, '267 315 324 283 214 318 194 260 277 254 243 269 357 276 226 284 244 334 370 323 ' ,'0 0 0 0 0 0 0 0 0 0 0 0 0 0 0 0 0 0 0 0 ' ,177 ,2 ,2, 2
376 ,390, 357, '269 283 300 228 289 255 317 244 308 271 279 264 341 284 234 299 253 255 215 313 ' ,'0 0 0 0 0 0 0 0 0 0 0 0 0 0 0 0 0 0 0 0 ' ,135 ,2 ,2, 2
428 ,371, 405, '249 283 278 273 265 355 224 252 263 218 239 239 248 253 283 391 244 231 261 365 ' ,'0 0 0 0 0 0 0 0 0 0 0 0 0 0 0 0 0 0 0 0 ' ,172 ,2 ,1, 1
439 ,417, 414, '235 233 233 243 242 334 265 215 255 227 294 245 246 275 375 344 294 225 282 203 ' ,'0 0 0 0 0 0 0 0 0 0 0 0 0 0 0 0 0 0 0 0 ' ,190 ,2 ,2, 2
384 ,428, 362, '272 209 284 272 288 229 247 231 251 272 312 236 213 240 284 299 248 244 205 319 ' ,'0 0 0 0 0 0 0 0 0 0 0 0 0 0 0 0 0 0 0 0 ' ,153 ,2 ,2, 2
412 ,377, 389, '274 214 165 251 278 281 237 270 264 228 238 269 234 224 291 262 260 248 231 352 ' ,'0 0 0 0 0 0 0 0 0 0 0 0 0 0 0 0 0 0 0 0 ' ,215 ,2 ,2, 1
367 ,401, 339, '210 224 191 302 176 195 227 228 245 210 220 236 209 267 286 229 175 177 262 301 ' ,'0 0 0 0 0 0 0 0 0 0 0 0 0 0 0 0 0 0 0 0 ' ,153 ,1 ,2, 2
328 ,355, 302, '234 186 173 174 172 247 198 239 231 256 207 215 274 191 271 216 208 168 290 168 ' ,'0 0 0 0 0 0 0 0 0 0 0 0 0 0 0 0 0 0 0 0 ' ,125 ,1 ,2, 2
359 ,313, 335, '209 232 203 279 196 223 213 261 326 254 203 243 222 183 192 224 219 206 272 241 ' ,'0 0 0 0 0 0 0 0 0 0 0 0 0 0 0 0 0 0 0 0 ' ,145 ,1 ,2, 2
346 ,348, 324, '209 202 196 208 246 243 247 225 202 256 181 252 196 310 204 219 189 219 248 232 ' ,'0 0 0 0 0 0 0 0 0 0 0 0 0 0 0 0 0 0 0 0 ' ,134 ,2 ,2, 2
332 ,337, 308, '191 180 204 222 234 196 264 239 228 216 291 175 182 221 264 206 192 181 260 194 ' ,'0 0 0 0 0 0 0 0 0 0 0 0 0 0 0 0 0 0 0 0 ' ,121 ,1 ,2, 2
374 ,322, 349, '218 209 233 248 296 219 281 212 234 228 256 235 289 313 309 173 190 228 245 232 ' ,'0 0 0 0 0 0 0 0 0 0 0 0 0 0 0 0 0 0 0 0 ' ,169 ,2 ,2, 2
499 ,361, 476, '461 278 206 204 232 321 275 238 244 267 236 220 446 284 265 283 242 428 303 272 ' ,'0 0 0 0 0 0 0 0 0 0 0 0 0 0 0 0 0 0 0 0 ' ,262 ,2 ,2, 2
411 ,488, 386, '267 275 221 218 286 291 214 286 243 238 327 248 371 273 173 265 267 198 240 241 ' ,'0 0 0 0 0 0 0 0 0 0 0 0 0 0 0 0 0 0 0 0 ' ,181 ,2 ,2, 2
438 ,399, 411, '228 302 266 268 259 264 268 324 361 296 230 378 392 338 308 282 251 360 227 366 ' ,'0 0 0 0 0 0 0 0 0 0 0 0 0 0 0 0 0 0 0 0 ' ,178 ,2 ,2, 2
392 ,424, 367, '225 242 283 265 329 287 290 196 238 301 248 340 214 262 247 211 183 243 270 291 ' ,'0 0 0 0 0 0 0 0 0 0 0 0 0 0 0 0 0 0 0 0 ' ,176 ,3 ,1, 1
372 ,388, 348, '242 333 220 180 224 272 248 221 238 254 263 257 264 267 310 208 273 223 287 292 ' ,'0 0 0 0 0 0 0 0 0 0 0 0 0 0 0 0 0 0 0 0 ' ,133 ,2 ,2, 2
455 ,364, 432, '288 243 281 236 259 215 194 236 207 360 273 225 231 317 296 274 229 311 234 315 ' ,'0 0 0 0 0 0 0 0 0 0 0 0 0 0 154 0 0 0 0 0 ' ,229 ,2 ,2, 2
380 ,445, 359, '199 346 239 231 219 252 295 214 270 219 225 182 267 207 238 203 249 197 209 322 ' ,'0 0 0 0 0 0 0 0 0 0 0 0 0 0 0 0 0 0 0 0 ' ,165 ,2 ,1, 1
318 ,376, 297, '218 205 238 253 201 210 224 203 194 181 212 213 221 204 208 255 240 203 250 259 ' ,'0 0 0 0 0 0 0 0 0 0 0 0 0 0 0 0 0 0 0 0 ' ,93 ,2 ,2, 2
403 ,310, 371, '205 190 202 196 228 208 222 218 237 209 205 209 173 211 212 204 196 184 216 326 ' ,'0 0 0 0 0 0 0 0 0 0 0 0 0 0 0 0 0 0 0 0 ' ,182 ,2 ,2, 2
329 ,388, 306, '202 192 186 222 181 215 179 183 194 270 190 250 227 209 219 188 176 199 260 183 ' ,'0 0 0 0 0 0 0 0 0 0 0 0 0 0 0 0 0 0 0 0 ' ,122 ,2 ,1, 1
343 ,320, 320, '206 218 203 219 203 258 225 175 217 283 183 208 206 235 183 198 202 223 211 192 ' ,'0 0 0 0 0 0 0 0 0 0 0 0 0 0 0 0 0 0 0 0 ' ,136 ,2 ,1, 1
343 ,333, 315, '215 194 200 219 271 209 206 268 190 180 207 232 279 204 206 183 201 205 234 192 ' ,'0 0 0 0 0 0 0 0 0 0 0 0 0 0 0 0 0 0 0 0 ' ,123 ,2 ,2, 2
348 ,326, 324, '216 184 303 225 185 218 204 176 248 283 210 172 238 207 213 194 197 272 168 174 ' ,'0 0 0 0 0 0 0 0 0 0 0 0 0 0 0 0 0 0 0 0 ' ,148 ,2 ,2, 2
312 ,336, 291, '172 191 212 161 217 253 197 189 221 225 277 203 224 221 169 219 162 180 204 165 ' ,'0 0 0 0 0 0 0 0 0 0 0 0 0 0 0 0 0 0 0 0 ' ,122 ,2 ,1, 1
331 ,305, 298, '200 173 199 223 207 283 185 180 207 182 197 195 184 230 199 199 172 186 186 226 ' ,'0 0 0 0 0 0 0 0 0 0 0 0 0 0 0 0 0 0 0 0 ' ,125 ,2 ,1, 1
280 ,320, 259, '172 176 177 161 168 190 194 200 169 196 153 200 178 206 198 221 194 203 178 213 ' ,'0 0 0 0 0 0 0 0 0 0 0 0 0 0 0 0 0 0 0 0 ' ,96 ,2 ,2, 2
392 ,273, 370, '169 195 208 221 198 222 185 230 183 218 196 183 221 197 228 236 178 187 190 206 ' ,'0 0 0 0 0 0 0 0 0 0 0 0 0 0 0 0 0 0 0 0 ' ,187 ,2 ,2, 1
329 ,378, 309, '163 184 209 173 270 175 187 240 229 187 224 250 214 195 223 205 228 176 215 170 ' ,'0 0 0 0 0 0 0 0 0 0 0 0 0 0 0 0 0 0 0 0 ' ,135 ,2 ,1, 1
525 ,323, 503, '445 243 213 237 294 282 279 230 242 267 370 216 233 297 390 195 488 221 239 266 ' ,'0 0 0 0 0 0 0 0 0 0 0 0 0 0 0 0 0 0 0 0 ' ,295 ,2 ,2, 2
456 ,520, 433, '280 264 291 253 235 296 237 338 249 273 206 230 280 309 264 208 283 273 260 413 ' ,'0 0 0 0 0 0 0 0 0 0 0 0 0 0 0 0 0 0 0 0 ' ,217 ,2 ,2, 2
575 ,441, 555, '289 204 272 269 288 276 542 237 184 197 398 242 316 289 203 353 216 222 263 228 ' ,'0 0 0 0 0 0 0 0 0 0 0 0 0 0 0 0 0 0 0 0 ' ,366 ,4 ,2, 2
410 ,566, 394, '288 276 286 284 270 278 241 267 215 230 235 258 262 298 266 288 256 376 329 269 ' ,'0 0 0 0 0 0 0 0 0 0 0 0 0 0 0 0 0 0 0 0 ' ,168 ,2 ,2, 2
424 ,401, 405, '236 200 182 334 268 235 252 305 394 277 309 267 236 361 230 301 233 245 217 276 ' ,'0 0 0 0 0 0 0 0 148 0 0 0 0 0 0 0 0 0 0 0 ' ,213 ,2 ,2, 2
403 ,414, 385, '243 329 198 186 198 260 246 371 254 226 219 224 233 240 244 287 248 234 242 216 ' ,'0 0 0 0 0 0 0 0 0 0 0 0 0 0 0 0 0 0 0 0 ' ,191 ,2 ,2, 2
305 ,394, 288, '240 255 205 266 197 259 229 272 208 210 178 266 222 194 231 193 232 221 198 249 ' ,'0 0 0 0 0 0 0 0 0 0 0 0 0 0 0 0 0 0 0 0 ' ,100 ,2 ,2, 2
283 ,293, 265, '221 208 216 205 238 212 201 222 226 229 218 252 228 211 195 226 175 243 211 215 ' ,'0 0 0 0 0 0 0 0 0 0 0 0 0 0 0 0 0 0 0 0 ' ,82 ,1 ,1, 1
400 ,274, 375, '258 218 220 198 249 209 249 233 232 232 184 276 354 250 197 231 200 257 250 219 ' ,'0 0 0 0 0 0 0 0 0 0 0 0 0 0 0 0 0 0 0 0 ' ,178 ,2 ,2, 2
371 ,385, 345, '275 217 216 220 194 241 200 244 214 307 178 201 328 256 194 226 158 236 231 217 ' ,'0 0 0 0 0 0 0 0 0 0 0 0 0 0 0 0 0 0 0 0 ' ,179 ,2 ,1, 1
411 ,359, 389, '168 215 203 155 220 229 226 176 226 294 188 186 196 245 212 187 208 197 228 348 ' ,'0 0 0 0 0 0 0 0 0 0 0 0 0 0 0 0 0 0 0 0 ' ,227 ,2 ,1, 1
456 ,405, 274, '351 216 206 244 175 257 215 349 189 261 253 202 308 283 192 268 210 208 221 201 ' ,'140 0 0 0 0 162 0 127 0 0 0 0 0 0 0 0 0 0 0 0 ' ,230 ,2 ,2, 2
543 ,452, 523, '243 482 231 231 190 238 315 202 200 248 194 503 221 210 174 196 402 275 253 265 ' ,'0 210 0 0 0 0 172 0 0 0 0 210 0 0 0 0 0 0 0 0 ' ,317 ,2 ,2, 2
410 ,530, 389, '236 191 260 201 227 247 251 290 306 172 279 220 250 295 278 279 359 194 259 349 ' ,'0 0 0 0 0 0 0 0 0 0 0 0 0 0 0 0 0 0 0 0 ' ,185 ,2 ,2, 2
411 ,401, 380, '276 256 314 283 251 349 210 347 246 265 261 202 269 250 268 264 272 240 286 347 ' ,'0 0 0 0 0 0 0 0 0 0 0 0 0 0 0 0 0 0 0 0 ' ,170 ,2 ,2, 2
384 ,397, 357, '247 286 343 255 321 221 282 234 233 226 305 324 310 230 310 260 262 285 289 250 ' ,'0 0 0 0 0 0 0 0 0 0 0 0 0 0 0 0 0 0 0 0 ' ,126 ,2 ,2, 2
435 ,370, 412, '318 213 197 290 195 266 269 248 307 231 349 342 371 287 246 235 278 274 312 368 ' ,'0 0 0 0 0 0 0 0 0 0 0 0 0 0 0 0 0 0 0 0 ' ,205 ,2 ,2, 2
437 ,428, 409, '288 265 200 254 293 233 252 340 313 251 278 277 338 282 303 345 392 280 254 334 ' ,'0 0 0 0 0 0 0 0 0 0 0 0 0 0 0 0 0 0 0 0 ' ,197 ,3 ,2, 2
391 ,424, 367, '308 247 224 209 322 283 256 271 249 249 300 233 254 298 244 224 278 311 273 256 ' ,'0 0 0 0 0 0 0 0 0 0 0 0 0 0 0 0 0 0 0 0 ' ,148 ,3 ,2, 2
525 ,379, 501, '197 207 196 489 335 248 242 225 227 185 262 274 236 217 296 210 252 234 188 327 ' ,'0 0 0 0 0 0 0 0 0 0 0 0 0 0 0 0 0 0 0 0 ' ,307 ,3 ,2, 2
369 ,515, 349, '254 182 184 245 222 291 298 235 258 245 226 216 241 179 222 219 241 253 246 309 ' ,'0 0 0 0 0 0 0 0 0 0 0 0 0 0 0 0 0 0 0 0 ' ,162 ,2 ,2, 2
375 ,362, 352, '249 186 215 189 207 221 263 263 277 265 202 244 274 227 311 326 275 230 276 243 ' ,'0 0 0 0 0 0 0 0 0 0 0 0 0 0 0 0 0 0 0 0 ' ,158 ,3 ,2, 2
323 ,364, 300, '226 186 206 174 192 241 225 238 182 196 287 206 220 223 233 234 227 240 255 244 ' ,'0 0 0 0 0 0 0 0 0 0 0 0 0 0 0 0 0 0 0 0 ' ,120 ,2 ,1, 1
417 ,308, 392, '230 223 191 198 213 221 198 235 200 241 190 206 212 205 231 231 209 196 238 349 ' ,'0 0 0 0 0 0 0 0 0 0 0 0 0 0 0 0 0 0 0 0 ' ,192 ,2 ,2, 2
381 ,406, 361, '187 159 220 231 324 214 187 208 202 194 160 185 205 205 254 184 206 198 183 205 ' ,'0 0 0 0 0 0 0 0 0 0 0 0 0 0 0 0 0 0 0 0 ' ,193 ,2 ,2, 2
332 ,373, 306, '185 188 182 197 206 189 210 216 225 159 204 177 199 244 265 224 223 204 223 209 ' ,'0 0 0 0 0 0 0 0 0 0 0 0 0 0 0 0 0 0 0 0 ' ,118 ,3 ,1, 1
304 ,319, 284, '210 198 226 193 186 263 184 241 187 238 182 208 210 173 187 183 205 207 188 213 ' ,'0 0 0 0 0 0 0 0 0 0 0 0 0 0 0 0 0 0 0 0 ' ,103 ,3 ,1, 1
330 ,293, 310, '203 190 199 190 224 194 184 198 211 172 197 211 209 215 174 195 196 213 220 264 ' ,'0 0 0 0 0 0 0 0 0 0 0 0 0 0 0 0 0 0 0 0 ' ,117 ,3 ,2, 2
327 ,321, 305, '188 209 170 208 211 224 242 184 226 259 188 206 266 261 215 259 172 207 230 175 ' ,'0 0 0 0 0 0 0 0 0 0 0 0 0 0 0 0 0 0 0 0 ' ,125 ,2 ,1, 1
423 ,315, 404, '255 223 355 252 219 231 324 274 183 259 248 259 231 245 347 234 165 224 253 309 ' ,'0 0 0 0 0 0 0 0 0 0 0 0 0 0 0 0 0 0 0 0 ' ,228 ,2 ,2, 2
483 ,411, 462, '248 233 262 248 378 240 366 202 386 289 238 280 252 238 254 317 240 375 452 238 ' ,'0 0 0 0 0 0 0 0 0 0 0 0 0 0 0 0 0 0 21 0 ' ,246 ,2 ,2, 2
478 ,471, 455, '291 196 439 341 279 259 266 333 255 309 241 250 229 261 380 268 212 320 342 313 ' ,'0 0 0 0 0 0 0 0 0 0 0 0 0 0 0 0 0 0 0 0 ' ,248 ,3 ,2, 2
465 ,466, 438, '245 212 280 323 301 223 207 292 215 261 287 298 233 231 289 256 422 285 243 256 ' ,'0 0 0 0 0 0 0 0 0 0 0 0 0 0 0 0 0 0 0 0 ' ,221 ,3 ,2, 2
431 ,451, 409, '285 204 393 174 326 246 320 232 268 310 300 200 225 263 247 252 270 275 268 343 ' ,'0 0 0 0 0 0 0 0 0 0 0 0 0 0 0 0 0 0 0 0 ' ,225 ,3 ,2, 2
411 ,421, 388, '313 297 229 261 279 262 333 260 239 310 352 209 262 270 240 290 239 256 369 333 ' ,'0 0 0 0 0 0 0 0 0 0 0 0 0 0 0 0 0 0 0 0 ' ,165 ,3 ,2, 2
483 ,400, 454, '258 248 310 412 289 244 283 262 261 304 240 309 286 330 397 349 381 297 300 296 ' ,'0 0 0 0 0 0 0 0 0 0 0 0 0 0 0 0 0 0 0 0 ' ,194 ,3 ,2, 2
466 ,469, 443, '288 286 330 207 394 253 285 246 320 229 263 214 220 298 288 351 269 250 223 311 ' ,'0 0 0 0 0 0 0 0 0 0 0 0 0 0 0 0 0 0 0 0 ' ,224 ,3 ,2, 2
353 ,454, 336, '258 318 247 265 227 302 282 281 221 252 207 279 244 290 315 215 278 267 239 257 ' ,'0 0 0 0 0 0 0 0 0 0 0 0 0 0 0 0 0 0 0 0 ' ,112 ,2 ,2, 2
383 ,340, 367, '248 185 326 272 236 244 244 234 240 257 268 214 227 223 252 280 276 280 213 307 ' ,'0 0 0 0 0 0 0 0 0 0 0 0 0 0 0 0 0 0 0 0 ' ,171 ,26 ,2, 2
376 ,374, 360, '255 247 199 208 157 249 282 239 224 199 224 344 238 253 258 221 201 232 219 215 ' ,'0 0 0 0 0 0 0 0 0 0 0 0 0 0 0 0 0 0 0 0 ' ,193 ,3 ,2, 2
333 ,369, 313, '249 189 245 200 211 232 302 288 197 240 273 262 237 256 256 257 230 262 298 271 ' ,'0 0 0 0 0 0 0 0 0 0 0 0 0 0 0 0 0 0 0 0 ' ,111 ,2 ,2, 2
298 ,323, 277, '205 247 193 163 236 219 258 243 201 205 221 256 199 204 211 205 199 204 215 193 ' ,'0 0 0 0 0 0 0 0 0 0 0 0 0 0 0 0 0 0 0 0 ' ,105 ,3 ,1, 1
270 ,283, 254, '236 236 196 177 166 215 213 203 232 153 219 241 237 234 179 232 203 216 240 204 ' ,'0 0 0 0 0 0 0 0 0 0 0 0 0 0 0 0 0 0 0 0 ' ,91 ,2 ,1, 1
286 ,262, 270, '203 175 184 185 189 185 256 202 217 203 213 194 224 224 230 198 219 186 216 192 ' ,'0 0 0 0 0 0 0 0 0 0 0 0 0 0 0 0 0 0 0 0 ' ,87 ,2 ,1, 1
326 ,277, 302, '209 195 173 197 255 205 222 200 212 219 181 200 209 195 251 204 173 189 266 226 ' ,'0 0 0 0 0 0 0 0 0 0 0 0 0 0 0 0 0 0 0 0 ' ,115 ,2 ,2, 2
