220 ,0, 126, '55 60 54 57 ' ,'0 0 0 0 ' ,20 ,7 ,16, 16
830 ,151, 795, '725 614 648 770 ' ,'0 0 0 0 ' ,162 ,1 ,5, 5
832 ,812, 806, '685 643 681 777 ' ,'0 0 0 0 ' ,137 ,2 ,5, 5
970 ,1828, 947, '872 856 926 878 ' ,'0 0 0 0 ' ,74 ,0 ,6, 6
759 ,1011, 734, '648 701 705 711 ' ,'0 0 0 0 ' ,62 ,2 ,6, 6
818 ,739, 793, '675 701 739 772 ' ,'0 0 0 0 ' ,103 ,1 ,6, 6
744 ,801, 721, '695 687 695 703 ' ,'0 0 0 0 ' ,16 ,2 ,6, 6
699 ,727, 680, '656 603 618 659 ' ,'0 0 0 0 ' ,63 ,2 ,4, 4
713 ,687, 686, '631 659 609 597 ' ,'0 0 0 0 ' ,68 ,2 ,6, 6
686 ,691, 663, '631 613 599 650 ' ,'0 0 0 0 ' ,49 ,2 ,4, 4
809 ,671, 772, '559 754 541 574 ' ,'0 0 0 0 ' ,209 ,3 ,4, 4
717 ,794, 694, '674 585 642 667 ' ,'0 0 0 0 ' ,94 ,3 ,5, 5
797 ,700, 770, '651 750 642 618 ' ,'0 0 0 0 ' ,136 ,3 ,5, 5
1168 ,774, 1146, '883 695 1125 730 ' ,'0 0 0 0 ' ,441 ,5 ,4, 4
813 ,1154, 791, '769 703 661 706 ' ,'0 0 0 0 ' ,111 ,3 ,6, 6
741 ,796, 718, '665 702 616 694 ' ,'0 0 0 0 ' ,90 ,1 ,4, 4
658 ,726, 631, '607 613 565 550 ' ,'0 0 0 0 ' ,62 ,1 ,6, 6
915 ,637, 892, '751 762 786 871 ' ,'0 0 0 0 ' ,124 ,2 ,7, 7
870 ,898, 845, '826 707 702 751 ' ,'0 0 0 0 ' ,123 ,1 ,6, 6
738 ,853, 715, '680 636 688 702 ' ,'0 0 0 0 ' ,64 ,1 ,7, 7
664 ,721, 644, '612 624 590 602 ' ,'0 0 0 0 ' ,40 ,1 ,6, 5
763 ,650, 740, '626 725 637 603 ' ,'0 0 0 0 ' ,123 ,1 ,6, 6
778 ,749, 744, '667 705 645 730 ' ,'0 0 0 0 ' ,86 ,2 ,6, 6
739 ,763, 724, '706 669 692 710 ' ,'0 0 0 0 ' ,45 ,2 ,5, 5
727 ,730, 706, '692 690 654 685 ' ,'0 0 0 0 ' ,41 ,1 ,5, 5
704 ,712, 689, '636 593 560 613 ' ,'0 0 0 0 ' ,118 ,42 ,5, 5
788 ,694, 772, '605 584 674 760 ' ,'0 0 0 0 ' ,177 ,1 ,6, 4
978 ,777, 963, '947 681 732 627 ' ,'0 0 0 0 ' ,323 ,1 ,5, 5
677 ,967, 664, '566 650 542 565 ' ,'0 0 0 0 ' ,109 ,2 ,5, 5
618 ,668, 599, '570 555 585 565 ' ,'0 0 0 0 ' ,33 ,1 ,5, 5
690 ,604, 669, '657 552 542 604 ' ,'0 0 0 0 ' ,115 ,1 ,5, 5
810 ,675, 786, '741 695 771 762 ' ,'0 0 0 0 ' ,78 ,1 ,5, 5
1109 ,793, 1085, '675 722 1071 712 ' ,'0 0 0 0 ' ,397 ,1 ,5, 5
821 ,1092, 800, '705 786 735 773 ' ,'0 0 0 0 ' ,83 ,1 ,5, 5
1024 ,807, 1004, '805 705 710 797 ' ,'0 0 0 0 ' ,286 ,1 ,6, 6
725 ,1009, 701, '672 667 661 688 ' ,'0 0 0 0 ' ,27 ,1 ,6, 6
664 ,708, 640, '589 626 564 538 ' ,'0 0 0 0 ' ,89 ,1 ,6, 6
649 ,645, 626, '575 613 605 590 ' ,'0 0 0 0 ' ,39 ,1 ,5, 5
650 ,634, 630, '599 596 562 616 ' ,'0 0 0 0 ' ,53 ,2 ,6, 6
774 ,635, 743, '693 708 670 730 ' ,'0 0 0 0 ' ,60 ,1 ,6, 6
805 ,748, 782, '707 752 665 772 ' ,'0 0 0 0 ' ,105 ,1 ,5, 5
836 ,788, 813, '800 736 792 672 ' ,'0 0 0 0 ' ,132 ,1 ,3, 3
696 ,821, 674, '619 662 633 576 ' ,'0 0 0 0 ' ,90 ,1 ,3, 3
876 ,682, 854, '793 673 803 842 ' ,'0 0 0 0 ' ,169 ,1 ,4, 4
970 ,860, 948, '695 934 764 727 ' ,'0 0 0 0 ' ,239 ,1 ,5, 5
773 ,952, 749, '673 735 649 673 ' ,'0 0 0 0 ' ,87 ,1 ,6, 6
797 ,755, 775, '761 560 606 624 ' ,'0 0 0 0 ' ,203 ,1 ,5, 5
779 ,781, 757, '742 648 685 653 ' ,'0 0 0 0 ' ,97 ,2 ,6, 6
807 ,762, 790, '774 652 729 733 ' ,'0 0 0 0 ' ,125 ,1 ,6, 6
825 ,795, 802, '721 787 734 633 ' ,'0 0 0 0 ' ,155 ,1 ,5, 5
731 ,809, 704, '688 630 626 671 ' ,'0 0 0 0 ' ,65 ,1 ,7, 7
726 ,713, 701, '629 580 612 686 ' ,'0 0 0 0 ' ,106 ,1 ,6, 6
764 ,706, 737, '724 651 648 678 ' ,'0 0 0 0 ' ,77 ,1 ,6, 6
743 ,749, 718, '654 625 702 655 ' ,'0 0 0 0 ' ,78 ,1 ,6, 6
786 ,728, 760, '744 698 702 721 ' ,'0 0 0 0 ' ,48 ,1 ,6, 6
746 ,765, 724, '697 651 708 678 ' ,'0 0 0 0 ' ,58 ,1 ,7, 7
776 ,730, 752, '690 676 737 692 ' ,'0 0 0 0 ' ,63 ,0 ,6, 6
796 ,758, 777, '767 650 635 732 ' ,'0 0 0 0 ' ,132 ,1 ,6, 6
1000 ,786, 985, '970 897 847 937 ' ,'0 0 0 0 ' ,124 ,1 ,6, 6
738 ,989, 723, '695 648 708 628 ' ,'0 0 0 0 ' ,83 ,2 ,5, 5
703 ,728, 687, '657 547 673 671 ' ,'0 0 0 0 ' ,127 ,1 ,5, 5
843 ,693, 828, '805 814 711 680 ' ,'0 0 0 0 ' ,136 ,1 ,3, 3
898 ,833, 881, '799 857 735 868 ' ,'0 0 0 0 ' ,133 ,2 ,4, 4
922 ,887, 892, '820 861 875 788 ' ,'0 0 0 0 ' ,90 ,1 ,5, 5
919 ,906, 896, '752 766 782 884 ' ,'0 0 0 0 ' ,131 ,2 ,5, 5
758 ,902, 736, '651 621 658 721 ' ,'0 0 0 0 ' ,102 ,1 ,5, 5
784 ,742, 758, '742 733 736 695 ' ,'0 0 0 0 ' ,51 ,1 ,4, 4
788 ,764, 767, '673 727 684 753 ' ,'0 0 0 0 ' ,80 ,1 ,6, 6
740 ,773, 717, '587 634 673 631 ' ,'0 0 0 0 ' ,115 ,1 ,6, 6
835 ,723, 811, '796 708 710 717 ' ,'0 0 0 0 ' ,88 ,1 ,6, 6
812 ,816, 786, '754 769 728 684 ' ,'0 0 0 0 ' ,85 ,1 ,6, 6
869 ,794, 843, '766 699 800 829 ' ,'0 0 0 0 ' ,128 ,1 ,6, 6
885 ,848, 863, '686 665 676 849 ' ,'0 0 0 0 ' ,183 ,1 ,6, 6
751 ,868, 731, '669 671 659 718 ' ,'0 0 0 0 ' ,59 ,1 ,5, 5
783 ,736, 764, '654 656 747 736 ' ,'0 0 0 0 ' ,96 ,2 ,5, 5
851 ,768, 829, '674 775 810 733 ' ,'0 0 0 0 ' ,141 ,2 ,5, 5
813 ,833, 789, '706 628 703 775 ' ,'0 0 0 0 ' ,147 ,1 ,4, 4
674 ,796, 651, '622 594 612 636 ' ,'0 0 0 0 ' ,42 ,1 ,6, 6
683 ,655, 660, '589 593 642 646 ' ,'0 0 0 0 ' ,58 ,1 ,5, 5
710 ,666, 684, '612 666 576 593 ' ,'0 0 0 0 ' ,89 ,2 ,5, 5
673 ,692, 652, '583 596 570 636 ' ,'0 0 0 0 ' ,66 ,2 ,5, 5
758 ,657, 737, '629 720 565 670 ' ,'0 0 0 0 ' ,155 ,1 ,6, 6
762 ,742, 740, '691 664 612 725 ' ,'0 0 0 0 ' ,112 ,1 ,6, 6
840 ,745, 819, '680 754 801 698 ' ,'0 0 0 0 ' ,124 ,2 ,6, 6
918 ,825, 895, '856 863 877 688 ' ,'0 0 0 0 ' ,193 ,1 ,6, 6
803 ,902, 780, '761 645 740 700 ' ,'0 0 0 0 ' ,120 ,1 ,6, 6
758 ,785, 732, '649 693 662 718 ' ,'0 0 0 0 ' ,70 ,1 ,5, 5
818 ,741, 795, '683 748 778 764 ' ,'0 0 0 0 ' ,99 ,1 ,6, 6
759 ,801, 736, '655 650 719 720 ' ,'0 0 0 0 ' ,72 ,1 ,5, 5
645 ,746, 621, '533 605 530 582 ' ,'0 0 0 0 ' ,78 ,1 ,5, 5
591 ,627, 568, '517 523 513 556 ' ,'0 0 0 0 ' ,41 ,1 ,4, 4
639 ,573, 618, '528 602 581 566 ' ,'0 0 0 0 ' ,77 ,1 ,5, 5
656 ,624, 631, '616 594 561 583 ' ,'0 0 0 0 ' ,55 ,1 ,4, 4
758 ,643, 741, '561 705 723 635 ' ,'0 0 0 0 ' ,168 ,1 ,3, 3
688 ,750, 672, '573 603 654 598 ' ,'0 0 0 0 ' ,84 ,1 ,5, 5
702 ,679, 686, '556 670 598 594 ' ,'0 0 0 0 ' ,114 ,1 ,5, 5
772 ,691, 758, '725 552 740 617 ' ,'0 0 0 0 ' ,191 ,2 ,5, 5
823 ,762, 807, '789 755 785 700 ' ,'0 0 0 0 ' ,92 ,1 ,5, 5
871 ,812, 856, '684 836 698 776 ' ,'0 0 0 0 ' ,154 ,1 ,6, 6
809 ,861, 795, '672 705 775 670 ' ,'0 0 0 0 ' ,109 ,1 ,6, 6
771 ,800, 751, '695 711 685 735 ' ,'0 0 0 0 ' ,49 ,1 ,7, 7
870 ,756, 848, '818 816 706 834 ' ,'0 0 0 0 ' ,129 ,1 ,4, 4
854 ,856, 833, '814 759 712 742 ' ,'0 0 0 0 ' ,105 ,1 ,7, 7
803 ,838, 779, '575 761 669 679 ' ,'0 0 0 0 ' ,187 ,1 ,6, 6
760 ,789, 741, '642 673 663 726 ' ,'0 0 0 0 ' ,82 ,2 ,6, 6
740 ,746, 718, '645 647 660 702 ' ,'0 0 0 0 ' ,57 ,2 ,6, 6
893 ,723, 869, '648 850 704 718 ' ,'0 0 0 0 ' ,205 ,2 ,6, 6
701 ,874, 683, '652 665 626 557 ' ,'0 0 0 0 ' ,113 ,1 ,5, 5
650 ,689, 628, '580 596 580 614 ' ,'0 0 0 0 ' ,33 ,1 ,5, 5
643 ,633, 618, '599 543 508 506 ' ,'0 0 0 0 ' ,96 ,1 ,6, 5
650 ,625, 625, '557 550 556 610 ' ,'0 0 0 0 ' ,59 ,1 ,5, 5
671 ,631, 650, '606 513 562 551 ' ,'0 0 0 0 ' ,121 ,26 ,5, 5
655 ,655, 633, '611 558 552 617 ' ,'0 0 0 0 ' ,64 ,1 ,5, 5
805 ,638, 783, '764 637 703 735 ' ,'0 0 0 0 ' ,131 ,1 ,5, 5
748 ,787, 722, '703 630 630 618 ' ,'0 0 0 0 ' ,89 ,1 ,5, 5
712 ,727, 689, '615 672 659 605 ' ,'0 0 0 0 ' ,72 ,1 ,4, 4
774 ,696, 753, '655 594 625 738 ' ,'0 0 0 0 ' ,143 ,1 ,5, 5
750 ,759, 718, '632 654 626 700 ' ,'0 0 0 0 ' ,71 ,1 ,5, 5
912 ,726, 882, '811 745 801 865 ' ,'0 0 0 0 ' ,120 ,1 ,5, 5
868 ,887, 845, '792 771 824 763 ' ,'0 0 0 0 ' ,69 ,2 ,6, 6
907 ,851, 887, '867 767 712 719 ' ,'0 0 0 0 ' ,154 ,1 ,7, 7
925 ,893, 901, '881 751 872 765 ' ,'0 0 0 0 ' ,133 ,2 ,7, 7
771 ,906, 745, '684 617 662 727 ' ,'0 0 0 0 ' ,109 ,1 ,6, 6
747 ,750, 723, '702 597 604 704 ' ,'0 0 0 0 ' ,108 ,2 ,6, 6
867 ,728, 840, '614 578 640 824 ' ,'0 0 0 0 ' ,245 ,2 ,5, 5
821 ,849, 801, '783 672 609 683 ' ,'0 0 0 0 ' ,174 ,1 ,5, 5
658 ,807, 634, '540 532 586 617 ' ,'0 0 0 0 ' ,83 ,1 ,5, 5
722 ,638, 698, '678 574 628 607 ' ,'0 0 0 0 ' ,110 ,2 ,5, 5
632 ,704, 615, '562 534 567 599 ' ,'0 0 0 0 ' ,64 ,0 ,5, 5
825 ,620, 804, '785 711 622 662 ' ,'0 0 0 0 ' ,166 ,1 ,4, 4
745 ,810, 731, '639 653 675 715 ' ,'0 0 0 0 ' ,76 ,2 ,5, 5
854 ,735, 839, '725 651 801 753 ' ,'0 0 0 0 ' ,173 ,22 ,4, 4
1105 ,846, 1090, '1070 731 779 816 ' ,'0 0 0 0 ' ,342 ,1 ,5, 5
1074 ,1095, 1058, '721 683 734 1041 ' ,'0 0 0 0 ' ,358 ,2 ,6, 6
906 ,1064, 886, '838 703 680 660 ' ,'0 0 0 0 ' ,211 ,29 ,4, 4
873 ,893, 849, '816 830 708 715 ' ,'0 0 0 0 ' ,125 ,1 ,5, 5
731 ,856, 710, '687 688 641 611 ' ,'0 0 0 0 ' ,83 ,2 ,6, 6
672 ,715, 644, '611 625 577 593 ' ,'0 0 0 0 ' ,50 ,1 ,5, 5
663 ,653, 644, '616 587 558 627 ' ,'0 0 0 0 ' ,69 ,1 ,6, 6
736 ,648, 715, '695 606 526 568 ' ,'0 0 0 0 ' ,174 ,2 ,5, 5
740 ,721, 710, '688 581 565 679 ' ,'0 0 0 0 ' ,130 ,2 ,5, 5
817 ,715, 796, '761 689 689 779 ' ,'0 0 0 0 ' ,90 ,1 ,5, 5
842 ,801, 821, '666 801 617 635 ' ,'0 0 0 0 ' ,187 ,1 ,5, 5
778 ,827, 727, '707 617 650 637 ' ,'0 0 0 0 ' ,91 ,1 ,6, 5
984 ,732, 961, '936 809 850 739 ' ,'0 0 0 0 ' ,208 ,2 ,6, 6
1055 ,966, 1032, '735 1012 747 847 ' ,'0 0 0 0 ' ,280 ,2 ,5, 5
850 ,1039, 823, '800 793 740 707 ' ,'0 0 0 0 ' ,101 ,1 ,6, 6
955 ,831, 932, '910 824 778 794 ' ,'0 0 0 0 ' ,133 ,2 ,6, 6
950 ,938, 930, '719 689 730 879 ' ,'0 0 0 0 ' ,227 ,37 ,3, 3
699 ,939, 676, '562 630 653 585 ' ,'0 0 0 0 ' ,96 ,2 ,6, 6
705 ,681, 682, '609 665 541 606 ' ,'0 0 0 0 ' ,126 ,2 ,3, 3
792 ,690, 769, '657 670 748 657 ' ,'0 0 0 0 ' ,95 ,1 ,5, 5
777 ,774, 754, '658 733 684 689 ' ,'0 0 0 0 ' ,78 ,1 ,5, 5
813 ,760, 795, '640 775 633 614 ' ,'0 0 0 0 ' ,164 ,1 ,5, 5
729 ,800, 706, '688 669 610 561 ' ,'0 0 0 0 ' ,132 ,2 ,5, 5
841 ,713, 820, '659 713 692 805 ' ,'0 0 0 137 ' ,145 ,2 ,5, 5
884 ,825, 860, '740 634 839 679 ' ,'0 0 0 0 ' ,209 ,2 ,6, 6
1042 ,866, 1018, '914 998 804 774 ' ,'0 0 0 0 ' ,228 ,1 ,6, 6
953 ,1024, 912, '849 690 871 895 ' ,'0 0 0 0 ' ,202 ,1 ,7, 7
791 ,917, 768, '701 673 744 692 ' ,'0 0 0 0 ' ,73 ,2 ,7, 6
895 ,773, 872, '695 721 843 857 ' ,'0 0 0 0 ' ,155 ,1 ,7, 7
887 ,876, 865, '822 758 840 725 ' ,'0 0 0 0 ' ,123 ,1 ,6, 6
774 ,870, 759, '737 628 708 702 ' ,'0 0 0 0 ' ,112 ,1 ,5, 5
797 ,763, 783, '648 761 721 573 ' ,'0 0 0 0 ' ,197 ,2 ,5, 5
828 ,789, 814, '631 743 795 651 ' ,'0 160 149 0 ' ,166 ,1 ,5, 5
697 ,818, 678, '563 659 645 658 ' ,'0 0 0 0 ' ,101 ,1 ,5, 4
814 ,687, 799, '778 694 660 670 ' ,'144 0 0 0 ' ,120 ,1 ,5, 5
827 ,805, 812, '723 790 676 595 ' ,'0 0 0 0 ' ,200 ,1 ,5, 5
912 ,817, 897, '722 657 875 683 ' ,'0 0 0 0 ' ,220 ,2 ,6, 6
991 ,902, 977, '956 675 719 620 ' ,'0 0 0 0 ' ,341 ,1 ,6, 6
1001 ,982, 986, '806 964 716 809 ' ,'0 0 0 0 ' ,253 ,2 ,6, 6
921 ,991, 906, '741 771 884 745 ' ,'0 0 0 0 ' ,147 ,1 ,6, 6
824 ,911, 802, '782 655 759 731 ' ,'0 0 0 0 ' ,128 ,2 ,6, 6
887 ,807, 870, '727 687 846 744 ' ,'0 0 0 0 ' ,163 ,2 ,7, 7
865 ,875, 844, '822 717 785 768 ' ,'0 0 0 0 ' ,107 ,1 ,7, 7
906 ,849, 885, '790 762 682 866 ' ,'0 0 0 0 ' ,183 ,1 ,7, 7
801 ,889, 777, '729 755 713 651 ' ,'0 0 0 0 ' ,111 ,1 ,6, 6
776 ,783, 755, '654 684 717 738 ' ,'0 0 0 0 ' ,85 ,1 ,6, 6
677 ,759, 654, '583 593 576 640 ' ,'0 0 0 0 ' ,60 ,1 ,3, 3
729 ,663, 707, '572 687 564 633 ' ,'0 0 0 0 ' ,126 ,1 ,4, 4
731 ,714, 710, '619 624 626 694 ' ,'0 0 0 0 ' ,73 ,2 ,5, 5
706 ,715, 684, '629 639 609 666 ' ,'0 0 0 0 ' ,56 ,2 ,5, 5
724 ,691, 701, '625 631 618 688 ' ,'0 0 0 0 ' ,66 ,2 ,3, 3
734 ,708, 714, '543 579 692 652 ' ,'0 0 0 0 ' ,152 ,2 ,5, 5
704 ,719, 683, '661 581 530 562 ' ,'0 0 0 0 ' ,133 ,1 ,6, 5
859 ,688, 833, '811 684 662 798 ' ,'0 0 0 0 ' ,153 ,1 ,5, 5
892 ,841, 872, '849 775 770 760 ' ,'0 0 0 0 ' ,97 ,1 ,6, 6
863 ,877, 842, '820 691 773 786 ' ,'0 0 0 0 ' ,129 ,2 ,6, 6
916 ,847, 893, '811 655 803 876 ' ,'0 0 0 0 ' ,218 ,1 ,7, 7
1114 ,898, 1094, '891 777 1072 828 ' ,'0 0 0 0 ' ,298 ,1 ,6, 6
834 ,1099, 812, '765 630 789 716 ' ,'0 0 0 0 ' ,163 ,1 ,6, 6
713 ,816, 692, '668 628 600 642 ' ,'0 0 0 0 ' ,73 ,2 ,5, 5
653 ,696, 631, '609 521 538 582 ' ,'0 0 0 0 ' ,92 ,1 ,5, 5
697 ,636, 673, '621 567 607 659 ' ,'0 0 0 0 ' ,86 ,1 ,5, 5
684 ,679, 665, '587 605 609 648 ' ,'0 0 0 0 ' ,59 ,1 ,5, 5
685 ,670, 666, '644 557 595 612 ' ,'0 0 0 0 ' ,89 ,1 ,5, 5
718 ,673, 697, '611 675 577 588 ' ,'0 0 0 0 ' ,100 ,1 ,5, 5
811 ,703, 788, '767 733 667 632 ' ,'0 0 0 0 ' ,141 ,1 ,6, 6
848 ,796, 825, '803 763 642 733 ' ,'0 0 0 0 ' ,165 ,1 ,5, 5
801 ,831, 780, '748 742 757 727 ' ,'0 0 0 0 ' ,40 ,1 ,6, 6
904 ,785, 889, '868 865 663 840 ' ,'0 0 0 0 ' ,208 ,2 ,3, 3
976 ,898, 960, '848 800 935 783 ' ,'0 0 0 0 ' ,156 ,1 ,6, 6
1057 ,965, 1043, '1018 842 719 870 ' ,'0 0 0 0 ' ,303 ,1 ,7, 7
831 ,1048, 815, '789 624 555 748 ' ,'0 0 0 0 ' ,239 ,1 ,7, 7
798 ,820, 782, '759 617 676 705 ' ,'0 0 0 0 ' ,145 ,1 ,6, 6
747 ,788, 730, '614 708 548 613 ' ,'0 0 0 0 ' ,162 ,1 ,6, 6
696 ,735, 679, '641 595 636 663 ' ,'0 0 0 0 ' ,65 ,1 ,3, 3
684 ,687, 662, '640 577 600 568 ' ,'0 0 0 0 ' ,78 ,1 ,5, 5
718 ,668, 700, '650 616 558 682 ' ,'0 0 0 0 ' ,123 ,1 ,5, 5
716 ,705, 694, '657 673 615 672 ' ,'0 0 0 0 ' ,61 ,1 ,5, 5
904 ,699, 884, '861 748 756 635 ' ,'0 0 0 0 ' ,234 ,1 ,6, 6
1035 ,889, 1014, '859 990 703 683 ' ,'0 0 0 0 ' ,316 ,2 ,6, 6
963 ,1020, 941, '917 752 802 784 ' ,'0 0 0 0 ' ,167 ,1 ,6, 6
998 ,946, 976, '915 903 831 957 ' ,'0 0 0 0 ' ,125 ,1 ,6, 6
888 ,982, 867, '818 759 726 847 ' ,'0 0 0 0 ' ,120 ,1 ,7, 7
972 ,872, 953, '928 828 808 793 ' ,'0 0 0 0 ' ,142 ,2 ,6, 6
843 ,958, 825, '689 771 764 806 ' ,'0 0 0 0 ' ,114 ,1 ,7, 6
873 ,830, 852, '828 699 597 671 ' ,'0 0 0 0 ' ,234 ,2 ,6, 6
748 ,857, 726, '703 690 680 688 ' ,'0 0 0 0 ' ,26 ,1 ,6, 6
734 ,731, 717, '681 692 599 591 ' ,'0 0 0 0 ' ,108 ,2 ,6, 6
720 ,722, 701, '642 623 552 682 ' ,'0 0 0 0 ' ,128 ,1 ,6, 6
643 ,706, 619, '573 553 595 598 ' ,'0 0 0 0 ' ,47 ,1 ,3, 3
721 ,628, 698, '677 603 631 545 ' ,'0 0 0 0 ' ,138 ,1 ,3, 3
719 ,706, 698, '599 594 582 679 ' ,'0 0 0 0 ' ,94 ,2 ,5, 5
756 ,703, 736, '713 605 669 606 ' ,'0 0 0 0 ' ,114 ,2 ,6, 6
892 ,740, 872, '708 850 648 693 ' ,'0 0 0 0 ' ,204 ,1 ,6, 6
812 ,876, 792, '693 716 768 734 ' ,'0 0 0 0 ' ,76 ,2 ,6, 6
774 ,797, 749, '709 704 723 693 ' ,'0 0 0 0 ' ,38 ,1 ,7, 7
914 ,755, 892, '868 748 863 867 ' ,'0 0 0 0 ' ,122 ,1 ,6, 6
898 ,897, 878, '694 795 712 856 ' ,'0 0 0 0 ' ,160 ,2 ,7, 7
823 ,882, 802, '656 778 617 680 ' ,'0 0 0 0 ' ,163 ,2 ,7, 7
801 ,807, 779, '727 752 683 673 ' ,'0 0 0 0 ' ,91 ,2 ,5, 5
840 ,784, 812, '787 635 681 604 ' ,'0 0 0 0 ' ,191 ,2 ,6, 6
739 ,817, 718, '586 645 575 704 ' ,'0 0 0 0 ' ,122 ,1 ,5, 5
675 ,723, 660, '585 586 638 554 ' ,'0 0 0 0 ' ,89 ,1 ,6, 6
626 ,665, 610, '586 549 583 560 ' ,'0 0 0 0 ' ,37 ,1 ,5, 5
674 ,616, 660, '597 637 560 576 ' ,'0 0 0 0 ' ,79 ,1 ,5, 5
688 ,664, 672, '606 652 605 616 ' ,'0 0 0 0 ' ,48 ,2 ,3, 3
643 ,680, 629, '566 606 588 551 ' ,'0 0 0 0 ' ,60 ,1 ,5, 4
632 ,635, 616, '527 565 594 540 ' ,'0 0 0 0 ' ,68 ,1 ,5, 5
716 ,622, 702, '572 538 653 536 ' ,'0 0 0 0 ' ,146 ,30 ,5, 5
730 ,707, 708, '536 534 683 530 ' ,'0 0 0 0 ' ,162 ,1 ,4, 4
635 ,714, 613, '578 595 584 558 ' ,'0 0 0 0 ' ,43 ,1 ,4, 4
648 ,619, 627, '603 563 537 581 ' ,'0 0 0 0 ' ,69 ,1 ,4, 4
872 ,632, 851, '735 718 827 680 ' ,'0 0 0 0 ' ,155 ,1 ,6, 6
917 ,856, 895, '870 751 845 700 ' ,'0 0 0 0 ' ,176 ,1 ,6, 6
895 ,900, 873, '817 850 808 766 ' ,'0 0 0 0 ' ,88 ,1 ,6, 6
1007 ,879, 986, '737 676 959 651 ' ,'0 0 0 0 ' ,316 ,1 ,7, 7
825 ,991, 806, '781 753 641 666 ' ,'0 0 0 0 ' ,144 ,1 ,6, 6
832 ,810, 811, '786 729 625 779 ' ,'0 0 0 0 ' ,166 ,2 ,5, 5
752 ,816, 730, '634 626 662 711 ' ,'0 0 0 0 ' ,82 ,2 ,6, 6
760 ,735, 737, '712 585 668 639 ' ,'0 0 0 0 ' ,131 ,2 ,5, 5
672 ,741, 652, '630 619 609 632 ' ,'0 0 0 0 ' ,22 ,1 ,5, 5
701 ,656, 678, '648 606 558 660 ' ,'0 0 0 0 ' ,98 ,1 ,5, 5
649 ,683, 629, '545 606 552 605 ' ,'0 0 0 0 ' ,63 ,1 ,5, 5
665 ,634, 647, '601 593 615 629 ' ,'0 0 0 0 ' ,32 ,1 ,5, 5
815 ,652, 797, '644 749 766 593 ' ,'0 0 0 0 ' ,181 ,2 ,5, 5
934 ,802, 913, '812 677 888 620 ' ,'0 0 0 0 ' ,276 ,1 ,6, 6
981 ,918, 961, '888 834 730 939 ' ,'0 0 0 0 ' ,208 ,2 ,6, 6
857 ,967, 834, '755 733 807 717 ' ,'0 0 0 0 ' ,98 ,2 ,6, 6
890 ,840, 861, '728 746 649 842 ' ,'0 0 0 0 ' ,189 ,1 ,6, 6
1136 ,867, 1111, '1085 814 789 778 ' ,'0 0 0 0 ' ,316 ,2 ,6, 6
732 ,1117, 710, '684 622 570 642 ' ,'0 0 0 0 ' ,120 ,1 ,6, 6
890 ,715, 866, '687 840 717 682 ' ,'0 0 0 0 ' ,169 ,1 ,6, 6
796 ,871, 774, '603 744 661 661 ' ,'0 0 0 0 ' ,139 ,2 ,6, 6
745 ,780, 724, '604 697 569 646 ' ,'0 0 0 0 ' ,131 ,2 ,6, 6
675 ,728, 653, '627 620 615 550 ' ,'0 0 0 0 ' ,85 ,1 ,5, 5
581 ,658, 556, '502 530 529 507 ' ,'0 0 0 0 ' ,33 ,2 ,5, 5
647 ,564, 625, '578 567 567 608 ' ,'0 0 0 0 ' ,40 ,2 ,6, 6
654 ,631, 635, '610 569 526 595 ' ,'0 0 0 0 ' ,88 ,1 ,5, 5
682 ,641, 667, '538 546 602 651 ' ,'0 0 0 0 ' ,108 ,1 ,5, 5
644 ,673, 628, '595 531 603 530 ' ,'0 0 0 0 ' ,81 ,1 ,5, 5
771 ,635, 756, '725 695 684 734 ' ,'0 0 0 0 ' ,48 ,1 ,7, 7
1077 ,760, 1061, '1035 608 741 679 ' ,'0 0 0 0 ' ,431 ,1 ,6, 6
787 ,1066, 772, '746 691 611 691 ' ,'0 0 0 0 ' ,139 ,1 ,6, 6
849 ,777, 829, '741 800 739 764 ' ,'0 0 0 0 ' ,65 ,1 ,6, 6
914 ,834, 894, '807 867 715 673 ' ,'0 0 0 0 ' ,201 ,2 ,7, 7
909 ,899, 887, '758 655 859 839 ' ,'0 0 0 0 ' ,208 ,1 ,7, 7
1030 ,892, 1005, '981 793 663 789 ' ,'0 0 0 0 ' ,320 ,1 ,7, 7
798 ,1012, 776, '672 752 619 669 ' ,'0 0 0 0 ' ,135 ,1 ,7, 7
752 ,780, 730, '704 599 694 684 ' ,'0 0 0 0 ' ,106 ,2 ,7, 7
816 ,734, 790, '703 763 613 615 ' ,'0 0 0 0 ' ,155 ,2 ,6, 6
701 ,795, 678, '653 538 554 594 ' ,'0 0 0 0 ' ,117 ,1 ,5, 5
670 ,684, 647, '621 598 557 602 ' ,'0 0 0 0 ' ,68 ,1 ,5, 5
714 ,651, 693, '667 615 658 576 ' ,'0 0 0 0 ' ,99 ,1 ,5, 5
666 ,699, 642, '621 594 590 592 ' ,'0 0 0 0 ' ,33 ,1 ,4, 4
