215 ,0, 106, '41 39 53 47 33 37 36 35 ' ,'0 0 0 0 0 0 0 0 ' ,34 ,6 ,11, 11
523 ,139, 495, '471 411 435 437 377 403 373 340 ' ,'0 0 0 0 0 0 0 0 ' ,135 ,2 ,8, 8
417 ,504, 376, '364 324 343 355 358 319 296 325 ' ,'0 0 0 0 0 0 0 0 ' ,78 ,2 ,2, 2
628 ,397, 599, '447 457 379 586 348 368 311 440 ' ,'0 0 0 0 0 0 0 0 ' ,280 ,2 ,3, 2
437 ,613, 412, '319 358 396 357 360 346 325 355 ' ,'0 0 0 0 0 0 0 0 ' ,82 ,2 ,3, 3
479 ,423, 453, '361 344 431 357 391 327 307 303 ' ,'0 0 0 0 0 0 0 0 ' ,137 ,2 ,2, 2
518 ,463, 489, '411 403 469 439 333 355 355 332 ' ,'0 0 0 0 0 0 0 0 ' ,141 ,2 ,3, 3
493 ,499, 467, '445 451 434 392 400 283 376 319 ' ,'0 0 0 0 0 0 0 0 ' ,170 ,1 ,2, 2
414 ,476, 388, '294 341 343 345 340 371 341 265 ' ,'0 0 0 0 0 0 0 0 ' ,106 ,3 ,3, 3
485 ,396, 460, '362 350 444 382 338 328 304 342 ' ,'0 0 0 0 0 0 0 0 ' ,144 ,1 ,3, 3
471 ,472, 445, '371 343 430 366 340 312 323 284 ' ,'0 0 0 0 0 0 0 0 ' ,150 ,2 ,1, 1
386 ,460, 354, '339 272 292 326 245 283 318 272 ' ,'0 0 0 0 0 0 0 0 ' ,90 ,2 ,2, 2
458 ,373, 425, '306 340 410 373 320 332 325 301 ' ,'0 0 0 0 0 0 0 0 ' ,108 ,2 ,3, 3
402 ,437, 381, '349 308 345 276 273 256 368 315 ' ,'0 0 0 0 0 0 0 0 ' ,117 ,3 ,2, 2
889 ,394, 865, '416 436 411 852 338 320 496 334 ' ,'0 0 0 0 0 0 0 0 ' ,537 ,2 ,2, 2
431 ,877, 405, '376 390 322 380 327 344 333 370 ' ,'0 0 0 0 0 0 0 0 ' ,76 ,3 ,1, 1
485 ,423, 461, '369 368 441 329 303 356 313 339 ' ,'0 0 0 0 0 0 0 0 ' ,140 ,3 ,5, 5
416 ,471, 395, '382 359 366 340 314 305 320 286 ' ,'0 0 0 0 0 0 0 0 ' ,99 ,1 ,3, 3
400 ,408, 376, '363 317 359 298 292 284 278 299 ' ,'0 0 0 0 0 0 0 0 ' ,90 ,1 ,3, 3
569 ,392, 544, '505 401 458 491 354 351 529 439 ' ,'0 0 0 0 0 0 0 0 ' ,182 ,1 ,3, 3
457 ,557, 433, '409 395 422 376 313 357 370 347 ' ,'0 0 0 0 0 0 0 0 ' ,95 ,1 ,1, 1
465 ,448, 435, '333 378 394 424 298 310 343 299 ' ,'0 0 0 0 0 0 0 0 ' ,125 ,1 ,3, 3
399 ,451, 375, '345 302 338 344 262 294 305 362 ' ,'0 0 0 0 0 0 0 0 ' ,89 ,1 ,3, 3
398 ,387, 376, '356 343 359 350 323 347 262 303 ' ,'0 0 0 0 0 0 0 0 ' ,103 ,1 ,4, 4
425 ,386, 400, '306 324 332 364 371 320 285 376 ' ,'0 0 0 0 0 0 0 0 ' ,105 ,1 ,2, 2
507 ,409, 486, '459 377 471 335 375 378 294 339 ' ,'0 0 0 0 0 0 0 0 ' ,181 ,1 ,2, 2
449 ,497, 425, '403 412 345 349 316 282 375 343 ' ,'0 0 0 0 0 0 0 0 ' ,133 ,1 ,3, 3
404 ,435, 380, '295 346 329 368 312 283 271 300 ' ,'0 0 0 0 0 0 0 0 ' ,98 ,1 ,3, 3
363 ,388, 343, '311 331 321 309 286 262 281 313 ' ,'0 0 0 0 0 0 0 0 ' ,72 ,1 ,3, 2
501 ,355, 472, '461 394 400 412 312 309 269 391 ' ,'0 0 0 0 0 0 0 0 ' ,197 ,1 ,3, 3
385 ,483, 369, '338 357 350 308 295 270 273 295 ' ,'0 0 0 0 0 0 0 0 ' ,92 ,1 ,2, 2
335 ,376, 313, '303 289 272 297 277 239 296 299 ' ,'0 0 0 0 0 0 0 0 ' ,67 ,1 ,2, 2
405 ,324, 387, '327 315 375 272 272 248 275 283 ' ,'0 0 0 0 0 0 0 0 ' ,130 ,1 ,1, 1
629 ,394, 611, '393 600 374 379 361 386 383 391 ' ,'0 0 0 0 0 0 0 0 ' ,239 ,1 ,3, 3
467 ,619, 446, '418 371 390 437 323 318 328 359 ' ,'0 0 0 0 0 0 0 0 ' ,120 ,1 ,2, 2
423 ,460, 405, '363 356 362 393 350 324 340 310 ' ,'0 0 0 0 0 0 0 0 ' ,85 ,1 ,3, 3
488 ,412, 472, '462 435 391 387 356 285 288 378 ' ,'0 0 0 0 0 0 0 0 ' ,178 ,1 ,3, 3
484 ,479, 465, '451 408 417 377 333 310 352 378 ' ,'0 0 0 0 0 0 0 0 ' ,150 ,1 ,3, 3
435 ,482, 410, '397 355 365 385 311 326 344 347 ' ,'0 0 0 0 0 0 0 0 ' ,76 ,1 ,3, 3
386 ,424, 357, '346 310 325 335 309 283 270 302 ' ,'0 0 0 0 0 0 0 0 ' ,78 ,1 ,2, 2
385 ,373, 353, '339 311 327 343 259 274 220 338 ' ,'0 0 0 0 0 0 0 0 ' ,125 ,1 ,2, 2
379 ,369, 352, '329 344 332 333 304 264 311 334 ' ,'0 0 0 0 0 0 0 0 ' ,83 ,1 ,2, 2
388 ,368, 365, '348 293 352 329 257 293 242 307 ' ,'0 0 0 0 0 0 0 0 ' ,113 ,1 ,4, 4
435 ,375, 406, '398 373 338 352 347 335 358 317 ' ,'0 0 0 0 0 0 0 0 ' ,79 ,1 ,3, 3
488 ,425, 470, '411 412 458 405 400 324 313 345 ' ,'0 0 0 0 0 0 0 0 ' ,147 ,1 ,3, 3
487 ,482, 463, '381 324 393 354 439 334 307 343 ' ,'0 0 0 0 0 0 0 0 ' ,146 ,1 ,2, 2
367 ,471, 340, '308 331 305 306 253 292 283 261 ' ,'0 0 0 0 0 0 0 0 ' ,70 ,1 ,2, 2
490 ,352, 466, '435 394 369 450 350 342 434 358 ' ,'0 0 0 0 0 0 0 0 ' ,116 ,1 ,2, 2
462 ,480, 439, '406 349 416 397 416 307 346 319 ' ,'0 0 0 0 0 0 0 0 ' ,125 ,2 ,3, 3
595 ,453, 570, '335 561 386 375 389 328 333 321 ' ,'0 0 0 0 0 0 0 0 ' ,240 ,1 ,3, 3
370 ,585, 350, '335 334 321 324 283 260 288 298 ' ,'0 0 0 0 0 0 0 0 ' ,81 ,1 ,3, 2
523 ,360, 499, '490 371 361 376 304 399 301 337 ' ,'0 0 0 0 0 0 0 0 ' ,187 ,0 ,1, 1
464 ,512, 439, '382 381 429 357 344 390 384 272 ' ,'0 0 0 0 0 0 0 0 ' ,159 ,1 ,1, 1
484 ,449, 436, '388 320 378 430 329 317 347 375 ' ,'0 0 0 0 0 0 0 0 ' ,112 ,0 ,1, 1
386 ,468, 359, '348 337 312 330 305 311 293 319 ' ,'0 0 0 0 0 0 0 0 ' ,58 ,1 ,2, 2
398 ,375, 374, '352 363 339 333 340 304 316 326 ' ,'0 0 0 0 0 0 0 0 ' ,62 ,2 ,3, 3
413 ,387, 391, '366 326 379 331 315 337 312 311 ' ,'0 0 0 0 0 0 0 0 ' ,69 ,1 ,4, 4
440 ,402, 414, '352 384 360 345 303 304 317 288 ' ,'0 0 0 0 0 0 0 0 ' ,115 ,19 ,3, 3
397 ,428, 374, '362 341 354 354 313 319 329 310 ' ,'0 0 0 0 0 0 0 0 ' ,54 ,1 ,1, 1
431 ,387, 407, '393 371 365 381 338 308 322 331 ' ,'0 0 0 0 0 0 0 0 ' ,90 ,1 ,3, 3
449 ,420, 425, '332 347 346 416 309 371 399 321 ' ,'0 0 0 0 0 0 0 0 ' ,97 ,1 ,2, 2
491 ,435, 466, '456 372 361 409 416 341 351 370 ' ,'0 0 0 0 0 0 0 0 ' ,118 ,1 ,2, 2
486 ,478, 458, '360 426 411 411 317 390 429 401 ' ,'0 0 0 0 0 0 0 0 ' ,124 ,18 ,2, 2
427 ,472, 403, '351 374 338 382 311 301 330 392 ' ,'0 0 0 0 0 0 0 0 ' ,95 ,1 ,2, 2
461 ,414, 430, '426 338 375 361 375 286 290 267 ' ,'0 0 0 0 0 0 0 0 ' ,153 ,1 ,2, 2
473 ,449, 446, '383 365 406 435 288 308 267 280 ' ,'0 0 0 0 0 0 0 0 ' ,168 ,1 ,3, 3
510 ,457, 485, '469 474 458 457 424 397 394 380 ' ,'0 0 0 0 0 0 0 0 ' ,97 ,2 ,2, 2
495 ,498, 470, '431 400 384 359 403 429 370 365 ' ,'0 0 0 0 0 0 0 0 ' ,102 ,28 ,2, 2
577 ,478, 559, '404 547 454 348 299 363 337 295 ' ,'0 0 0 0 0 0 0 0 ' ,253 ,1 ,2, 2
575 ,567, 558, '545 348 484 338 297 305 280 301 ' ,'0 0 0 0 0 0 0 0 ' ,270 ,1 ,2, 2
455 ,564, 437, '399 392 424 419 334 357 307 332 ' ,'0 0 0 0 0 0 0 0 ' ,122 ,2 ,3, 3
464 ,444, 446, '399 402 431 437 339 376 317 363 ' ,'0 0 0 0 0 0 0 0 ' ,120 ,1 ,2, 2
456 ,457, 438, '416 391 425 368 300 300 299 316 ' ,'0 0 0 0 0 0 0 0 ' ,132 ,1 ,3, 2
493 ,446, 475, '463 393 456 379 354 388 368 363 ' ,'0 0 0 0 0 0 0 0 ' ,102 ,1 ,3, 3
465 ,490, 441, '430 383 401 363 365 340 338 339 ' ,'0 0 0 0 0 0 0 0 ' ,95 ,1 ,3, 3
544 ,458, 520, '481 357 507 376 404 370 350 334 ' ,'0 0 0 0 0 0 0 0 ' ,177 ,2 ,3, 3
415 ,532, 391, '363 374 359 349 318 361 338 381 ' ,'0 0 0 0 0 0 0 0 ' ,47 ,1 ,1, 1
543 ,404, 518, '487 350 346 412 294 314 291 298 ' ,'0 0 0 0 0 0 0 0 ' ,217 ,20 ,2, 2
443 ,528, 417, '374 403 389 406 280 344 337 321 ' ,'0 0 0 0 0 0 0 0 ' ,109 ,1 ,3, 3
465 ,431, 439, '424 332 401 320 382 299 340 415 ' ,'0 0 0 0 0 0 0 0 ' ,129 ,1 ,3, 3
440 ,451, 418, '355 340 407 342 381 378 276 324 ' ,'0 0 0 0 0 0 0 0 ' ,133 ,1 ,2, 2
445 ,432, 423, '325 413 382 353 272 328 299 323 ' ,'0 0 0 0 0 0 0 0 ' ,125 ,1 ,2, 2
399 ,437, 375, '360 304 329 327 285 342 249 296 ' ,'0 0 0 0 0 0 0 0 ' ,117 ,3 ,3, 3
418 ,389, 393, '328 379 306 332 304 287 266 277 ' ,'0 0 0 0 0 0 0 0 ' ,118 ,1 ,4, 4
358 ,404, 332, '311 257 322 313 270 308 300 318 ' ,'0 0 0 0 0 0 0 0 ' ,67 ,1 ,1, 1
392 ,346, 365, '335 330 336 330 302 311 309 353 ' ,'0 0 0 0 0 0 0 0 ' ,47 ,1 ,3, 3
434 ,377, 405, '347 371 393 373 356 300 311 318 ' ,'0 0 0 0 0 0 0 0 ' ,96 ,1 ,3, 3
460 ,418, 434, '359 380 360 407 404 304 414 346 ' ,'0 0 0 0 0 0 0 0 ' ,116 ,1 ,3, 3
495 ,447, 467, '385 415 457 438 361 350 385 364 ' ,'0 0 0 0 0 0 0 0 ' ,109 ,0 ,2, 2
466 ,484, 439, '401 336 353 422 408 374 399 389 ' ,'0 0 0 0 0 0 0 0 ' ,96 ,1 ,3, 3
420 ,449, 395, '383 378 313 335 290 277 381 380 ' ,'0 0 0 0 0 0 0 0 ' ,110 ,1 ,3, 3
538 ,407, 515, '502 397 413 372 315 392 395 355 ' ,'0 0 0 0 0 0 0 0 ' ,171 ,1 ,3, 3
446 ,526, 424, '412 337 330 362 347 285 278 360 ' ,'0 0 0 0 0 0 0 0 ' ,137 ,1 ,2, 2
382 ,437, 361, '341 351 305 289 280 238 259 320 ' ,'0 0 0 0 0 0 0 0 ' ,115 ,1 ,1, 1
338 ,376, 311, '285 289 263 302 258 245 237 266 ' ,'0 0 0 0 0 0 0 0 ' ,66 ,1 ,2, 2
382 ,326, 350, '338 279 286 339 275 245 257 243 ' ,'0 0 0 0 0 0 0 0 ' ,98 ,1 ,2, 2
393 ,366, 368, '326 299 358 292 256 280 288 304 ' ,'0 0 0 0 0 0 0 0 ' ,82 ,1 ,3, 2
361 ,380, 336, '310 286 306 310 294 263 326 284 ' ,'0 0 0 0 0 0 0 0 ' ,64 ,1 ,2, 2
396 ,347, 360, '342 352 322 324 307 255 260 290 ' ,'0 0 0 0 0 0 0 0 ' ,101 ,1 ,2, 2
397 ,382, 369, '364 289 275 325 325 256 262 254 ' ,'0 0 0 0 0 0 0 0 ' ,105 ,1 ,3, 3
447 ,388, 425, '413 343 372 317 297 289 339 292 ' ,'0 0 0 0 0 0 0 0 ' ,126 ,1 ,3, 3
461 ,439, 439, '367 424 359 421 351 426 394 341 ' ,'0 0 0 0 0 0 0 0 ' ,87 ,1 ,3, 3
495 ,450, 471, '458 404 424 359 346 329 338 374 ' ,'0 0 0 0 0 0 0 0 ' ,134 ,1 ,3, 3
500 ,482, 475, '418 391 463 326 381 350 332 322 ' ,'0 0 0 0 0 0 0 0 ' ,142 ,0 ,2, 2
459 ,483, 442, '430 353 395 386 369 289 373 339 ' ,'0 0 0 0 0 0 0 0 ' ,144 ,1 ,3, 3
455 ,450, 436, '373 379 414 424 375 327 384 389 ' ,'0 0 0 0 0 0 0 0 ' ,98 ,1 ,3, 3
480 ,441, 463, '435 399 448 382 333 320 352 355 ' ,'0 0 0 0 0 0 0 0 ' ,129 ,1 ,3, 3
435 ,468, 418, '407 370 363 396 306 287 306 340 ' ,'0 0 0 0 0 0 0 0 ' ,120 ,1 ,3, 3
426 ,424, 409, '351 392 392 350 301 382 330 304 ' ,'0 0 0 0 0 0 0 0 ' ,96 ,1 ,3, 3
446 ,416, 428, '416 342 388 339 291 268 350 287 ' ,'0 0 0 0 0 0 0 0 ' ,150 ,1 ,2, 2
479 ,435, 461, '417 359 374 392 430 386 354 340 ' ,'0 0 0 0 0 0 0 0 ' ,113 ,2 ,2, 2
424 ,472, 395, '378 384 340 334 338 293 324 274 ' ,'0 0 0 0 0 0 0 0 ' ,112 ,2 ,2, 2
365 ,411, 340, '328 318 328 298 282 284 287 282 ' ,'0 0 0 0 0 0 0 0 ' ,50 ,1 ,1, 1
368 ,355, 343, '332 272 292 287 259 261 259 267 ' ,'0 0 0 0 0 0 0 0 ' ,74 ,0 ,2, 2
363 ,356, 341, '315 323 314 279 304 262 266 253 ' ,'0 0 0 0 0 0 0 0 ' ,79 ,2 ,2, 2
350 ,350, 326, '299 284 298 316 260 262 232 245 ' ,'0 0 0 0 0 0 0 0 ' ,85 ,1 ,2, 2
378 ,337, 354, '294 339 344 324 300 275 275 262 ' ,'0 0 0 0 0 0 0 0 ' ,84 ,1 ,1, 1
390 ,368, 368, '326 340 337 328 283 295 358 338 ' ,'0 0 0 0 0 0 0 0 ' ,63 ,1 ,2, 2
425 ,380, 400, '387 347 371 313 267 304 299 283 ' ,'0 0 0 0 0 0 0 0 ' ,108 ,1 ,2, 2
429 ,412, 404, '349 366 392 299 340 234 284 302 ' ,'0 0 0 0 0 0 0 0 ' ,161 ,1 ,3, 3
415 ,418, 391, '347 350 323 329 356 258 338 267 ' ,'0 0 0 0 0 0 0 0 ' ,125 ,2 ,2, 2
429 ,402, 408, '303 357 397 338 323 334 299 394 ' ,'0 0 0 0 0 0 0 0 ' ,100 ,1 ,2, 2
671 ,422, 643, '462 417 630 356 428 312 375 337 ' ,'0 0 0 0 0 0 0 0 ' ,322 ,1 ,3, 3
621 ,659, 596, '459 586 447 398 408 365 359 439 ' ,'0 0 0 0 0 0 0 0 ' ,229 ,1 ,2, 2
502 ,610, 479, '440 447 465 393 389 352 357 347 ' ,'0 0 0 0 0 0 0 0 ' ,124 ,2 ,2, 2
1030 ,490, 993, '427 415 543 423 421 981 454 419 ' ,'0 0 0 0 0 0 0 0 ' ,570 ,2 ,3, 3
511 ,1013, 486, '472 399 423 419 364 307 433 374 ' ,'0 0 0 0 0 0 0 0 ' ,168 ,1 ,3, 3
455 ,498, 431, '418 355 318 333 250 285 287 310 ' ,'0 0 0 0 0 0 0 0 ' ,154 ,2 ,3, 3
475 ,442, 453, '350 324 438 317 292 265 331 323 ' ,'0 0 0 0 0 0 0 0 ' ,177 ,1 ,3, 3
360 ,465, 333, '291 308 292 291 258 321 253 247 ' ,'0 0 0 0 0 0 0 0 ' ,77 ,2 ,2, 2
369 ,347, 344, '323 285 332 322 262 273 255 265 ' ,'0 0 0 0 0 0 0 0 ' ,79 ,1 ,2, 2
380 ,358, 355, '309 296 311 263 312 252 262 239 ' ,'0 0 0 0 0 0 0 0 ' ,103 ,1 ,3, 3
412 ,366, 389, '348 360 358 374 292 377 344 307 ' ,'0 0 0 0 0 0 0 0 ' ,72 ,2 ,2, 2
471 ,401, 449, '358 434 414 370 320 269 328 403 ' ,'0 0 0 0 0 0 0 0 ' ,170 ,1 ,1, 1
546 ,463, 522, '345 352 422 511 237 305 306 346 ' ,'0 0 0 0 0 0 0 0 ' ,252 ,1 ,3, 3
510 ,532, 484, '454 427 471 412 354 305 401 415 ' ,'0 0 0 0 0 0 0 0 ' ,169 ,2 ,3, 3
571 ,497, 548, '492 421 445 525 512 355 352 399 ' ,'0 0 0 0 0 0 0 0 ' ,183 ,1 ,4, 4
501 ,554, 477, '459 435 462 377 324 364 440 326 ' ,'0 0 0 0 0 0 0 0 ' ,140 ,2 ,3, 3
583 ,488, 558, '490 486 545 460 373 418 482 449 ' ,'0 0 0 0 0 0 0 0 ' ,154 ,2 ,3, 3
458 ,572, 431, '388 412 383 321 382 418 364 384 ' ,'0 0 0 0 0 0 0 0 ' ,100 ,1 ,3, 3
477 ,438, 453, '387 421 401 441 328 384 366 348 ' ,'0 0 0 0 0 0 0 0 ' ,114 ,1 ,3, 3
424 ,461, 410, '396 341 357 365 361 324 320 315 ' ,'0 0 0 0 0 0 0 0 ' ,81 ,1 ,3, 3
390 ,414, 367, '353 340 339 345 269 287 292 333 ' ,'0 0 0 0 0 0 0 0 ' ,87 ,1 ,3, 3
379 ,375, 362, '348 314 308 323 316 278 271 274 ' ,'0 0 0 0 0 0 0 0 ' ,80 ,1 ,3, 3
375 ,368, 361, '337 314 347 321 266 234 268 326 ' ,'0 0 0 0 0 0 0 0 ' ,117 ,1 ,3, 3
455 ,365, 435, '370 305 405 420 272 290 270 264 ' ,'0 0 0 0 0 0 0 0 ' ,158 ,2 ,2, 2
561 ,447, 532, '450 458 447 517 286 374 344 305 ' ,'0 0 0 0 0 0 0 0 ' ,215 ,1 ,2, 2
525 ,546, 501, '347 348 486 404 346 309 321 315 ' ,'0 0 0 0 0 0 0 0 ' ,183 ,2 ,2, 2
490 ,510, 466, '333 362 426 456 294 365 371 369 ' ,'0 0 0 0 0 0 0 0 ' ,134 ,1 ,2, 2
485 ,480, 461, '395 403 446 437 273 349 313 318 ' ,'0 0 0 0 0 0 0 0 ' ,143 ,1 ,3, 3
552 ,475, 528, '472 514 498 373 334 415 392 372 ' ,'0 0 0 0 0 0 0 0 ' ,161 ,2 ,3, 3
767 ,540, 741, '601 484 422 432 518 365 353 336 ' ,'0 0 0 0 0 0 0 0 ' ,393 ,128 ,3, 3
512 ,754, 487, '422 450 472 414 346 345 379 384 ' ,'0 0 0 0 0 0 0 0 ' ,131 ,1 ,3, 3
535 ,502, 514, '431 475 469 450 389 372 497 395 ' ,'0 0 0 0 0 0 0 0 ' ,128 ,1 ,4, 4
488 ,524, 466, '368 447 427 406 378 387 340 331 ' ,'0 0 0 0 0 0 0 0 ' ,113 ,1 ,3, 3
458 ,475, 436, '394 383 407 414 348 345 321 351 ' ,'0 0 0 0 0 0 0 0 ' ,102 ,1 ,3, 3
374 ,443, 349, '334 333 314 327 249 298 273 298 ' ,'0 0 0 0 0 0 0 0 ' ,63 ,1 ,3, 3
415 ,363, 394, '316 314 314 284 354 254 271 314 ' ,'0 0 0 0 0 0 0 0 ' ,128 ,2 ,3, 3
498 ,405, 472, '413 457 390 374 411 374 331 280 ' ,'0 0 0 0 0 0 0 0 ' ,176 ,1 ,2, 2
400 ,482, 376, '328 365 341 343 294 289 312 281 ' ,'0 0 0 0 0 0 0 0 ' ,82 ,1 ,2, 2
403 ,388, 378, '344 360 329 345 335 336 323 287 ' ,'0 0 0 0 0 0 0 0 ' ,80 ,1 ,3, 3
417 ,390, 391, '374 291 330 300 353 341 305 273 ' ,'0 0 0 0 0 0 0 0 ' ,105 ,1 ,2, 2
564 ,401, 544, '399 471 527 462 379 357 344 374 ' ,'0 0 0 0 0 0 0 0 ' ,188 ,1 ,3, 3
534 ,554, 514, '497 436 454 455 394 344 404 351 ' ,'0 0 0 0 0 0 0 0 ' ,156 ,1 ,4, 4
539 ,526, 516, '451 391 499 373 403 385 334 338 ' ,'0 0 0 0 0 0 0 0 ' ,170 ,2 ,3, 3
516 ,531, 492, '355 410 398 358 353 477 373 327 ' ,'0 0 0 0 0 0 0 0 ' ,152 ,1 ,4, 4
464 ,505, 441, '374 419 411 430 334 415 293 322 ' ,'0 0 0 0 0 0 0 0 ' ,138 ,1 ,3, 3
507 ,450, 485, '393 431 399 444 439 420 326 342 ' ,'0 0 0 0 0 0 0 0 ' ,145 ,2 ,4, 4
532 ,496, 505, '386 383 490 399 300 367 409 401 ' ,'0 0 0 0 0 0 0 0 ' ,166 ,1 ,3, 3
470 ,516, 444, '380 386 364 431 249 304 345 330 ' ,'0 0 0 0 0 0 0 0 ' ,162 ,1 ,3, 3
427 ,456, 405, '353 340 348 393 314 323 277 363 ' ,'0 0 0 0 0 0 0 0 ' ,116 ,1 ,3, 3
374 ,415, 351, '337 320 315 307 277 280 313 335 ' ,'0 0 0 0 0 0 0 0 ' ,60 ,2 ,2, 2
410 ,367, 386, '359 369 360 374 327 286 304 265 ' ,'0 0 0 0 0 0 0 0 ' ,110 ,1 ,2, 2
464 ,395, 439, '313 330 423 270 254 233 286 331 ' ,'0 0 0 0 0 0 0 0 ' ,188 ,1 ,2, 2
435 ,452, 411, '396 391 383 343 301 275 313 331 ' ,'0 0 0 0 0 0 0 0 ' ,124 ,1 ,3, 3
471 ,421, 447, '370 409 431 410 400 379 324 333 ' ,'0 0 0 0 0 0 0 0 ' ,113 ,2 ,3, 3
468 ,456, 451, '385 415 375 354 395 430 306 351 ' ,'0 0 0 0 0 0 0 0 ' ,127 ,1 ,3, 3
510 ,456, 493, '447 380 474 459 365 334 328 344 ' ,'0 0 0 0 0 0 0 0 ' ,155 ,1 ,3, 3
530 ,498, 514, '497 452 451 479 374 357 347 375 ' ,'0 0 0 0 0 0 0 0 ' ,151 ,1 ,3, 3
625 ,520, 609, '544 406 398 592 364 322 354 375 ' ,'0 0 0 0 0 0 0 0 ' ,275 ,4 ,3, 3
523 ,615, 506, '489 329 318 370 301 299 376 307 ' ,'0 0 0 0 0 0 0 0 ' ,196 ,2 ,3, 3
477 ,513, 462, '438 399 351 450 331 321 419 407 ' ,'0 0 0 0 0 0 0 0 ' ,129 ,1 ,3, 3
545 ,468, 524, '407 424 446 512 422 356 400 398 ' ,'0 0 0 0 0 0 0 0 ' ,155 ,1 ,3, 3
526 ,536, 503, '360 384 488 370 347 329 353 368 ' ,'0 0 0 0 0 0 0 0 ' ,161 ,1 ,3, 3
458 ,512, 434, '387 419 405 420 314 371 304 313 ' ,'0 0 0 0 0 0 0 0 ' ,118 ,1 ,3, 3
395 ,448, 372, '339 359 339 361 277 283 339 317 ' ,'0 0 0 0 0 0 0 0 ' ,79 ,1 ,1, 1
405 ,386, 381, '366 328 293 311 251 276 244 255 ' ,'0 0 0 0 0 0 0 0 ' ,126 ,2 ,3, 3
437 ,392, 415, '340 360 349 390 372 348 294 300 ' ,'0 0 0 0 0 0 0 0 ' ,110 ,1 ,2, 2
437 ,422, 413, '389 303 395 338 322 253 283 308 ' ,'0 0 0 0 0 0 0 0 ' ,149 ,1 ,3, 3
401 ,426, 379, '325 328 364 320 308 289 269 273 ' ,'0 0 0 0 0 0 0 0 ' ,98 ,1 ,3, 3
402 ,388, 378, '363 292 346 324 274 238 301 272 ' ,'0 0 0 0 0 0 0 0 ' ,127 ,1 ,2, 2
390 ,392, 363, '349 288 337 318 312 263 287 280 ' ,'0 0 0 0 0 0 0 0 ' ,89 ,1 ,3, 3
522 ,375, 502, '405 406 353 488 354 344 316 363 ' ,'0 0 0 0 0 0 0 0 ' ,176 ,2 ,3, 3
534 ,510, 512, '493 418 483 417 351 419 330 495 ' ,'0 0 0 0 0 0 0 0 ' ,169 ,2 ,3, 3
524 ,523, 495, '435 476 466 370 323 407 389 354 ' ,'0 0 0 0 0 0 0 0 ' ,138 ,1 ,3, 3
604 ,510, 581, '433 419 403 383 538 382 336 274 ' ,'0 0 0 0 0 0 0 0 ' ,290 ,1 ,4, 4
491 ,587, 469, '426 434 451 349 398 353 381 316 ' ,'0 0 0 0 0 0 0 0 ' ,140 ,1 ,3, 3
452 ,481, 429, '382 324 413 372 350 374 407 352 ' ,'0 0 0 0 0 0 0 0 ' ,92 ,1 ,3, 3
459 ,444, 437, '302 381 399 369 393 331 285 293 ' ,'0 0 0 0 0 0 0 0 ' ,141 ,2 ,3, 3
400 ,449, 379, '312 363 346 339 280 298 256 275 ' ,'0 0 0 0 0 0 0 0 ' ,110 ,1 ,3, 3
391 ,389, 368, '298 344 327 284 307 283 244 307 ' ,'0 0 0 0 0 0 0 0 ' ,109 ,0 ,3, 3
387 ,379, 364, '350 330 337 341 267 310 282 295 ' ,'0 0 0 0 0 0 0 0 ' ,72 ,1 ,2, 2
394 ,376, 368, '332 352 304 279 298 302 338 247 ' ,'0 0 0 0 0 0 0 0 ' ,108 ,1 ,3, 3
369 ,378, 346, '330 290 299 309 301 264 244 252 ' ,'0 0 0 0 0 0 0 0 ' ,90 ,1 ,2, 2
462 ,360, 439, '423 306 351 329 319 288 270 301 ' ,'0 0 0 0 0 0 0 0 ' ,155 ,1 ,3, 3
422 ,447, 397, '348 380 379 337 347 364 363 332 ' ,'0 0 0 0 0 0 0 0 ' ,50 ,1 ,2, 2
458 ,410, 432, '396 341 387 413 379 377 371 404 ' ,'0 0 0 0 0 0 0 0 ' ,79 ,2 ,3, 3
556 ,441, 536, '383 381 521 419 308 362 399 447 ' ,'0 0 0 0 0 0 0 0 ' ,186 ,1 ,2, 2
542 ,546, 517, '479 444 454 392 339 402 392 349 ' ,'0 0 0 0 0 0 0 0 ' ,156 ,2 ,3, 3
522 ,529, 500, '392 425 406 375 302 484 299 401 ' ,'0 0 0 0 0 0 0 0 ' ,186 ,1 ,3, 3
563 ,511, 540, '525 463 397 397 431 350 355 415 ' ,'0 0 0 0 0 0 0 0 ' ,178 ,2 ,3, 3
471 ,552, 449, '432 383 399 408 354 366 369 301 ' ,'0 0 0 0 0 0 0 0 ' ,135 ,2 ,3, 3
447 ,463, 430, '414 374 348 397 337 327 296 278 ' ,'0 0 0 0 0 0 0 0 ' ,139 ,1 ,2, 2
550 ,438, 535, '517 379 463 381 327 370 333 310 ' ,'0 0 0 0 0 0 0 0 ' ,211 ,1 ,3, 3
424 ,541, 407, '340 309 390 320 332 272 286 301 ' ,'0 0 0 0 0 0 0 0 ' ,123 ,1 ,3, 3
513 ,414, 497, '348 433 483 293 251 322 309 284 ' ,'0 0 0 0 0 0 0 0 ' ,234 ,1 ,2, 2
415 ,504, 399, '384 291 316 336 281 285 249 255 ' ,'0 0 0 0 0 0 0 0 ' ,137 ,1 ,2, 2
385 ,406, 369, '327 295 306 295 313 292 258 353 ' ,'0 0 0 0 0 0 0 0 ' ,98 ,1 ,3, 3
393 ,375, 378, '360 356 338 334 275 274 265 361 ' ,'0 0 0 0 0 0 0 0 ' ,102 ,2 ,2, 2
649 ,390, 624, '409 608 495 394 447 303 340 489 ' ,'0 0 0 0 0 0 0 0 ' ,309 ,1 ,3, 3
560 ,637, 531, '357 445 430 383 482 329 374 405 ' ,'0 0 0 0 0 0 0 0 ' ,191 ,1 ,3, 3
495 ,546, 475, '405 397 313 350 426 385 357 296 ' ,'0 0 0 0 0 0 0 0 ' ,165 ,1 ,3, 3
656 ,487, 630, '390 408 413 386 368 475 402 609 ' ,'0 0 0 0 0 0 0 0 ' ,229 ,2 ,4, 4
477 ,642, 454, '405 415 403 409 362 438 299 405 ' ,'0 0 0 0 0 0 0 0 ' ,141 ,1 ,4, 4
557 ,465, 535, '515 439 424 446 433 329 461 499 ' ,'0 0 0 0 0 0 0 0 ' ,193 ,2 ,4, 4
516 ,545, 491, '389 365 387 424 375 359 435 473 ' ,'0 0 0 0 0 0 0 0 ' ,119 ,1 ,3, 3
605 ,503, 583, '565 393 311 407 324 334 331 340 ' ,'127 0 0 0 0 0 0 0 ' ,258 ,2 ,3, 3
506 ,597, 479, '389 367 435 418 358 382 367 461 ' ,'0 0 0 0 0 0 0 0 ' ,99 ,2 ,3, 3
472 ,491, 449, '373 376 386 436 390 335 391 323 ' ,'0 0 0 0 0 0 0 0 ' ,112 ,1 ,2, 2
509 ,459, 485, '336 370 468 350 382 303 292 293 ' ,'0 0 0 0 0 0 0 0 ' ,181 ,2 ,3, 3
408 ,500, 384, '303 350 333 362 335 270 335 309 ' ,'0 0 0 0 0 0 0 0 ' ,98 ,1 ,2, 2
372 ,396, 354, '319 341 315 269 260 290 280 336 ' ,'0 0 0 0 0 0 0 0 ' ,72 ,1 ,2, 2
394 ,365, 372, '340 355 327 340 298 270 241 336 ' ,'0 0 0 0 0 0 0 0 ' ,117 ,1 ,2, 2
425 ,500, 401, '347 384 345 385 328 297 340 382 ' ,'0 0 0 0 0 0 0 0 ' ,93 ,1 ,3, 3
411 ,413, 389, '311 371 368 347 268 295 333 305 ' ,'0 0 0 0 0 0 0 0 ' ,82 ,2 ,3, 3
461 ,400, 441, '384 425 414 363 339 338 320 358 ' ,'0 0 0 0 0 0 0 0 ' ,110 ,2 ,3, 3
463 ,454, 441, '393 423 364 385 380 345 355 368 ' ,'0 0 0 0 0 0 0 0 ' ,84 ,1 ,3, 3
515 ,452, 491, '457 400 379 470 443 360 353 327 ' ,'0 0 0 0 0 0 0 0 ' ,151 ,1 ,3, 3
589 ,500, 567, '448 506 547 490 318 319 459 371 ' ,'0 0 0 0 0 0 0 0 ' ,234 ,1 ,4, 4
608 ,701, 586, '412 423 565 483 337 375 373 432 ' ,'0 0 129 0 0 0 0 0 ' ,205 ,1 ,4, 4
441 ,596, 419, '332 364 355 293 320 355 404 309 ' ,'0 0 0 0 0 0 0 0 ' ,116 ,1 ,3, 3
435 ,430, 413, '387 351 299 386 313 353 396 343 ' ,'0 0 0 0 0 0 0 0 ' ,101 ,2 ,2, 2
428 ,424, 404, '387 346 363 354 334 298 300 280 ' ,'0 0 0 0 0 0 0 0 ' ,112 ,2 ,2, 2
442 ,417, 421, '405 317 310 359 230 247 333 277 ' ,'0 0 0 0 0 0 0 0 ' ,162 ,2 ,2, 2
389 ,435, 365, '313 306 276 344 318 297 261 319 ' ,'0 0 0 0 0 0 0 0 ' ,93 ,1 ,2, 2
381 ,374, 358, '323 249 284 348 262 277 300 246 ' ,'0 0 0 0 0 0 0 0 ' ,100 ,1 ,2, 2
387 ,370, 361, '347 268 285 318 253 261 293 286 ' ,'0 0 0 0 0 0 0 0 ' ,86 ,1 ,3, 3
399 ,374, 379, '298 315 363 297 283 272 278 252 ' ,'0 0 0 0 0 0 0 0 ' ,115 ,1 ,2, 2
366 ,391, 346, '333 325 251 297 284 265 264 257 ' ,'0 0 0 0 0 0 0 0 ' ,82 ,1 ,3, 3
449 ,352, 433, '341 414 309 285 253 246 241 289 ' ,'0 136 0 0 0 0 0 0 ' ,180 ,2 ,3, 3
339 ,440, 321, '282 263 290 300 270 283 308 211 ' ,'0 0 0 0 0 0 0 0 ' ,96 ,1 ,2, 2
464 ,329, 448, '270 245 307 289 288 433 271 282 ' ,'0 0 0 0 0 138 0 0 ' ,192 ,1 ,1, 1
389 ,454, 373, '355 321 303 314 206 297 300 292 ' ,'0 0 0 0 0 0 0 0 ' ,151 ,1 ,3, 3
366 ,380, 344, '267 279 287 330 250 288 271 252 ' ,'0 0 0 0 0 0 0 0 ' ,81 ,2 ,3, 3
496 ,351, 481, '426 396 464 351 380 345 344 291 ' ,'0 0 0 0 0 0 0 0 ' ,173 ,2 ,4, 4
597 ,489, 576, '434 446 558 380 311 352 302 342 ' ,'0 0 0 0 0 0 0 0 ' ,260 ,1 ,3, 3
522 ,586, 501, '424 406 399 489 316 396 354 332 ' ,'0 0 0 0 0 0 0 0 ' ,156 ,1 ,3, 3
529 ,509, 507, '394 462 488 376 355 342 380 367 ' ,'0 0 0 0 0 0 0 0 ' ,150 ,2 ,4, 4
505 ,517, 481, '353 404 464 376 330 394 315 331 ' ,'0 0 0 0 0 0 0 0 ' ,152 ,1 ,3, 3
559 ,493, 533, '353 428 424 518 349 311 325 275 ' ,'0 0 0 0 0 0 0 0 ' ,244 ,1 ,3, 3
444 ,544, 422, '384 368 331 409 354 307 279 368 ' ,'0 0 0 0 0 0 0 0 ' ,129 ,1 ,2, 2
476 ,433, 453, '359 367 339 439 321 299 336 356 ' ,'0 0 0 0 0 0 0 0 ' ,141 ,1 ,3, 3
403 ,463, 380, '296 363 331 337 299 308 329 242 ' ,'0 0 0 0 0 0 0 0 ' ,125 ,2 ,3, 3
387 ,390, 365, '349 270 311 319 281 286 344 302 ' ,'0 0 0 0 0 0 0 0 ' ,83 ,1 ,3, 3
420 ,378, 395, '289 356 378 299 297 322 238 230 ' ,'0 0 0 0 0 0 0 0 ' ,150 ,1 ,3, 3
451 ,408, 427, '356 386 309 288 369 275 272 255 ' ,'0 0 0 0 0 0 0 0 ' ,159 ,2 ,3, 3
571 ,438, 546, '461 377 384 532 378 274 258 303 ' ,'0 0 0 0 0 0 0 0 ' ,276 ,2 ,3, 3
553 ,558, 534, '500 411 431 519 313 494 300 408 ' ,'0 0 0 0 0 0 0 0 ' ,221 ,1 ,4, 4
541 ,546, 519, '449 412 488 402 297 384 362 502 ' ,'0 0 0 0 0 0 0 0 ' ,167 ,2 ,3, 3
601 ,528, 575, '440 557 430 361 335 365 348 352 ' ,'0 0 0 0 0 0 0 0 ' ,215 ,2 ,4, 4
558 ,587, 536, '505 443 433 417 415 388 395 520 ' ,'0 0 0 0 0 0 0 0 ' ,136 ,1 ,4, 4
589 ,545, 564, '482 546 359 419 334 365 360 392 ' ,'0 0 0 0 0 0 0 0 ' ,191 ,2 ,3, 3
539 ,577, 517, '460 493 415 501 313 320 394 416 ' ,'0 0 0 0 0 0 0 0 ' ,184 ,2 ,4, 4
466 ,529, 442, '405 392 424 389 342 312 362 301 ' ,'0 0 0 0 0 0 0 0 ' ,127 ,2 ,3, 3
490 ,450, 466, '398 374 348 374 410 377 293 368 ' ,'0 0 0 0 0 0 0 0 ' ,160 ,2 ,3, 3
586 ,476, 558, '371 343 515 350 336 314 322 279 ' ,'0 0 0 0 0 0 0 0 ' ,259 ,2 ,3, 3
418 ,571, 391, '321 344 373 354 296 290 288 323 ' ,'0 0 0 0 0 0 0 0 ' ,91 ,2 ,3, 2
372 ,404, 352, '323 305 320 342 276 262 275 279 ' ,'0 0 0 0 0 0 0 0 ' ,81 ,2 ,3, 3
365 ,366, 341, '309 311 323 306 283 288 266 265 ' ,'0 0 0 0 0 0 0 0 ' ,64 ,2 ,2, 2
399 ,354, 373, '301 354 298 290 311 252 265 244 ' ,'0 0 0 0 0 0 0 0 ' ,121 ,2 ,3, 3
410 ,390, 389, '364 294 320 296 323 263 271 374 ' ,'0 0 0 0 0 0 0 0 ' ,114 ,1 ,3, 3
398 ,399, 373, '357 310 304 338 257 270 257 272 ' ,'0 0 0 0 0 0 0 0 ' ,105 ,1 ,1, 1
395 ,386, 377, '357 310 320 304 297 240 334 339 ' ,'0 0 0 0 0 0 0 0 ' ,126 ,2 ,3, 3
446 ,389, 419, '367 402 363 356 348 322 331 339 ' ,'0 0 0 0 0 0 0 0 ' ,89 ,1 ,2, 2
574 ,435, 553, '536 445 391 388 272 386 348 447 ' ,'0 0 0 0 0 0 0 0 ' ,249 ,2 ,2, 2
629 ,561, 611, '415 509 367 598 388 501 286 366 ' ,'0 0 0 0 0 0 0 0 ' ,312 ,2 ,3, 3
454 ,618, 439, '398 421 414 383 308 417 378 338 ' ,'0 0 0 0 0 0 0 0 ' ,116 ,2 ,4, 4
507 ,445, 490, '359 399 431 348 344 473 282 426 ' ,'0 0 0 0 0 0 0 0 ' ,194 ,2 ,4, 4
558 ,498, 542, '524 393 381 451 339 473 341 390 ' ,'0 0 0 0 0 0 0 0 ' ,188 ,2 ,4, 4
667 ,548, 650, '452 633 493 520 282 401 396 412 ' ,'0 0 0 0 0 0 0 0 ' ,353 ,2 ,2, 2
497 ,658, 476, '405 457 426 347 398 388 365 345 ' ,'0 0 0 0 0 0 0 0 ' ,117 ,1 ,3, 3
629 ,483, 614, '386 479 590 462 428 288 303 369 ' ,'0 0 0 0 0 0 0 0 ' ,311 ,1 ,4, 4
507 ,623, 482, '445 455 462 440 325 293 367 354 ' ,'0 0 0 0 0 0 0 0 ' ,177 ,1 ,3, 3
420 ,492, 398, '361 358 355 387 306 374 375 284 ' ,'0 0 0 0 0 0 0 0 ' ,100 ,1 ,3, 3
496 ,409, 473, '404 438 454 412 385 294 341 278 ' ,'0 0 0 0 0 0 0 0 ' ,181 ,1 ,3, 3
480 ,484, 458, '330 287 304 293 404 291 333 238 ' ,'0 0 0 0 0 0 0 0 ' ,207 ,1 ,3, 3
412 ,464, 390, '312 343 333 377 244 258 271 268 ' ,'0 0 0 0 0 0 0 0 ' ,120 ,2 ,2, 2
397 ,402, 375, '305 321 335 343 308 357 300 286 ' ,'0 0 0 0 0 0 0 0 ' ,75 ,2 ,3, 3
447 ,385, 426, '407 299 299 281 278 333 286 245 ' ,'0 0 0 0 0 0 0 0 ' ,167 ,2 ,3, 3
