277 ,0, 158, '95 108 110 99 ' ,20 ,2 ,11, 10
1868 ,239, 1848, '1668 1708 1736 1805 ' ,149 ,3 ,12, 11
1744 ,1856, 1725, '1562 1553 1699 1667 ' ,145 ,2 ,11, 11
1779 ,1738, 1757, '1544 1685 1644 1719 ' ,183 ,2 ,16, 14
2468 ,1765, 2452, '1623 1604 1478 1495 ' ,941 ,3 ,15, 15
1744 ,2456, 1724, '1394 1237 1473 1689 ' ,460 ,2 ,15, 14
1546 ,1731, 1530, '1248 1495 1323 1426 ' ,257 ,3 ,11, 11
2156 ,1538, 1480, '1333 1395 1451 1219 ' ,232 ,3 ,10, 10
1582 ,1488, 1567, '1540 1381 1401 1399 ' ,157 ,3 ,13, 13
1414 ,1573, 1400, '1360 1339 1289 1364 ' ,85 ,3 ,14, 14
1507 ,1405, 1492, '1436 1417 1426 1459 ' ,46 ,2 ,15, 15
1462 ,1499, 1435, '1334 1399 1346 1311 ' ,98 ,2 ,17, 17
1570 ,1441, 1553, '1289 1522 1406 1283 ' ,243 ,3 ,15, 15
1567 ,1560, 1552, '1484 1390 1520 1472 ' ,132 ,1 ,16, 16
1522 ,1557, 1506, '1332 1350 1479 1335 ' ,154 ,1 ,10, 10
1462 ,1513, 1448, '1215 1213 1426 1391 ' ,214 ,1 ,12, 11
1403 ,1457, 1388, '1365 1253 1216 1315 ' ,149 ,2 ,12, 12
1472 ,1394, 1453, '1146 1169 1258 1431 ' ,286 ,1 ,14, 14
1518 ,1461, 1501, '1391 1265 1482 1380 ' ,220 ,1 ,10, 10
1422 ,1510, 1407, '1208 1226 1382 1341 ' ,178 ,1 ,15, 15
1416 ,1414, 1400, '1376 1153 1226 1240 ' ,225 ,1 ,15, 14
1313 ,1409, 1297, '1276 1170 1262 1119 ' ,160 ,1 ,12, 11
1566 ,1305, 1544, '1497 1491 1521 1497 ' ,32 ,1 ,13, 12
1503 ,1555, 1488, '1459 1317 1464 1383 ' ,148 ,1 ,13, 13
1692 ,1495, 1676, '1400 1530 1534 1653 ' ,253 ,1 ,15, 15
1577 ,1681, 1563, '1542 1411 1462 1407 ' ,138 ,1 ,12, 12
1592 ,1572, 1576, '1552 1478 1360 1442 ' ,192 ,1 ,13, 13
1457 ,1583, 1442, '1363 1394 1372 1412 ' ,52 ,1 ,16, 15
1484 ,1446, 1470, '1441 1307 1447 1325 ' ,141 ,1 ,13, 13
1419 ,1478, 1401, '1349 1376 1347 1263 ' ,116 ,1 ,18, 18
1449 ,1410, 1434, '1385 1334 1408 1380 ' ,72 ,1 ,16, 16
1528 ,1438, 1511, '1282 1315 1452 1490 ' ,209 ,1 ,12, 12
1504 ,1519, 1488, '1266 1281 1420 1468 ' ,204 ,2 ,12, 11
1740 ,1498, 1725, '1319 1444 1700 1380 ' ,385 ,1 ,15, 15
1923 ,1731, 1908, '1403 1542 1676 1884 ' ,481 ,2 ,14, 13
1539 ,1913, 1521, '1495 1188 1280 1362 ' ,311 ,1 ,15, 15
1433 ,1528, 1417, '1392 1197 1193 1359 ' ,201 ,1 ,14, 14
1469 ,1421, 1453, '1426 1325 1323 1422 ' ,106 ,1 ,16, 15
1634 ,1458, 1615, '1593 1376 1433 1572 ' ,218 ,1 ,12, 12
1470 ,1624, 1455, '1271 1310 1427 1405 ' ,161 ,1 ,16, 16
1568 ,1459, 1553, '1382 1312 1525 1532 ' ,219 ,0 ,13, 12
1617 ,1562, 1602, '1575 1210 1225 1363 ' ,367 ,1 ,16, 16
1524 ,1607, 1509, '1348 1312 1201 1488 ' ,285 ,0 ,15, 14
1460 ,1517, 1444, '1340 1278 1285 1422 ' ,145 ,1 ,14, 13
1444 ,1451, 1425, '1397 1072 1133 1370 ' ,327 ,1 ,18, 17
1297 ,1433, 1279, '1254 1058 1170 1261 ' ,203 ,1 ,11, 11
1288 ,1291, 1270, '1227 1219 1248 1220 ' ,32 ,1 ,11, 11
1295 ,1277, 1280, '1218 1206 1152 1256 ' ,104 ,1 ,15, 15
1387 ,1286, 1373, '1344 1170 1259 1210 ' ,178 ,1 ,15, 14
1410 ,1378, 1395, '1351 1184 1162 1219 ' ,213 ,20 ,11, 11
1528 ,1404, 1513, '1315 1288 1383 1490 ' ,201 ,1 ,15, 15
1317 ,1520, 1303, '1260 1122 1281 1223 ' ,160 ,0 ,11, 11
1399 ,1314, 1385, '1115 1356 1199 1336 ' ,244 ,1 ,17, 15
1534 ,1389, 1518, '1490 1300 1465 1447 ' ,193 ,1 ,15, 15
1536 ,1530, 1522, '1497 1309 1231 1422 ' ,267 ,1 ,14, 14
1578 ,1527, 1562, '1436 1282 1184 1535 ' ,351 ,1 ,18, 18
1390 ,1566, 1376, '1305 1198 1307 1353 ' ,153 ,1 ,14, 14
1429 ,1382, 1415, '1210 1287 1053 1391 ' ,340 ,1 ,14, 13
1441 ,1420, 1427, '1330 1335 1158 1404 ' ,243 ,0 ,15, 15
1374 ,1431, 1360, '1192 1273 1286 1338 ' ,146 ,1 ,13, 12
1422 ,1440, 1408, '1385 1243 1224 1339 ' ,162 ,1 ,12, 12
1448 ,1417, 1432, '1273 1318 1404 1395 ' ,134 ,1 ,15, 15
1530 ,1437, 1515, '1347 1357 1122 1489 ' ,361 ,1 ,17, 17
1342 ,1520, 1319, '1254 1158 1295 1295 ' ,137 ,0 ,13, 13
1326 ,1332, 1308, '1217 1213 1213 1281 ' ,68 ,0 ,17, 16
1458 ,1313, 1443, '1415 1237 1202 1242 ' ,215 ,1 ,16, 16
1356 ,1448, 1341, '1258 1154 1119 1317 ' ,199 ,1 ,13, 13
1257 ,1347, 1241, '1184 1211 1122 1199 ' ,93 ,0 ,16, 16
1404 ,1247, 1389, '1361 1051 1212 1151 ' ,315 ,0 ,15, 15
1449 ,1394, 1433, '1239 1153 1189 1407 ' ,253 ,1 ,16, 16
1413 ,1439, 1398, '1368 1365 1215 1291 ' ,155 ,1 ,16, 16
1607 ,1403, 1591, '1435 1308 1560 1189 ' ,379 ,1 ,16, 16
1315 ,1598, 1300, '1237 1192 1222 1275 ' ,83 ,1 ,15, 15
1311 ,1306, 1295, '1264 1112 1039 1203 ' ,228 ,1 ,16, 15
1417 ,1301, 1402, '1237 1046 1293 1382 ' ,333 ,1 ,11, 11
1515 ,1410, 1495, '1464 1298 1428 1250 ' ,220 ,1 ,17, 17
1814 ,1504, 1799, '1767 1479 1594 1656 ' ,295 ,1 ,14, 13
1526 ,1806, 1509, '1343 1350 1480 1328 ' ,157 ,1 ,15, 15
1347 ,1515, 1329, '1236 1294 1291 1307 ' ,67 ,0 ,15, 15
1353 ,1339, 1335, '1308 1152 1213 1183 ' ,159 ,0 ,11, 11
1505 ,1343, 1486, '1337 1264 1260 1469 ' ,205 ,0 ,12, 12
1423 ,1497, 1407, '1250 1166 1281 1385 ' ,217 ,0 ,13, 13
1617 ,1415, 1600, '1225 1152 1177 1576 ' ,421 ,1 ,15, 15
1776 ,1607, 1759, '1397 1244 1392 1736 ' ,489 ,1 ,13, 13
1610 ,1766, 1594, '1310 1566 1219 1204 ' ,369 ,1 ,13, 13
1328 ,1604, 1312, '1280 1254 1052 1147 ' ,226 ,1 ,16, 16
1360 ,1317, 1344, '1224 1242 1318 1239 ' ,96 ,1 ,12, 12
1312 ,1351, 1296, '1247 1200 1268 1257 ' ,73 ,1 ,12, 11
1452 ,1307, 1437, '1406 1229 1370 1295 ' ,181 ,1 ,16, 15
1719 ,1442, 1705, '1605 1637 1638 1677 ' ,65 ,1 ,18, 17
1291 ,1709, 1276, '1186 1248 1106 1215 ' ,144 ,1 ,13, 13
1350 ,1283, 1335, '1304 1220 1187 1302 ' ,121 ,1 ,16, 16
1416 ,1341, 1400, '1140 1231 1310 1375 ' ,234 ,1 ,14, 13
1295 ,1404, 1279, '1122 1075 1132 1255 ' ,178 ,1 ,12, 12
1380 ,1289, 1365, '1156 1144 1175 1238 ' ,95 ,1 ,114, 12
1258 ,1370, 1242, '1136 1212 1172 1156 ' ,78 ,1 ,15, 14
1293 ,1247, 1278, '1247 1224 1182 1175 ' ,81 ,1 ,16, 15
1380 ,1283, 1363, '1210 1240 1332 1144 ' ,193 ,1 ,15, 15
1467 ,1369, 1452, '1200 1036 1179 1425 ' ,389 ,1 ,14, 14
1287 ,1459, 1272, '1171 1239 1174 1181 ' ,71 ,2 ,15, 14
1248 ,1280, 1232, '1094 1196 1065 1205 ' ,140 ,1 ,14, 14
1307 ,1239, 1291, '1212 1257 1164 1195 ' ,96 ,0 ,18, 18
1274 ,1296, 1259, '1148 1231 1180 1221 ' ,84 ,0 ,15, 14
1529 ,1265, 1514, '1485 1294 1366 1200 ' ,290 ,1 ,13, 13
1600 ,1520, 1584, '1553 1370 1378 1486 ' ,187 ,1 ,16, 15
1352 ,1590, 1336, '1283 1218 1203 1313 ' ,108 ,1 ,13, 13
1307 ,1346, 1290, '1264 1194 1246 1122 ' ,147 ,1 ,10, 10
1281 ,1305, 1265, '1222 963 1164 1122 ' ,259 ,1 ,28, 13
1378 ,1270, 1362, '1181 1088 1135 1197 ' ,249 ,0 ,12, 12
1291 ,1369, 1275, '1167 1042 1244 1156 ' ,204 ,1 ,15, 14
1333 ,1281, 1317, '1138 1288 1240 1113 ' ,182 ,1 ,12, 12
1699 ,1327, 1683, '1651 1285 1323 1394 ' ,368 ,1 ,17, 17
1272 ,1688, 1257, '1194 1208 1081 1175 ' ,147 ,1 ,15, 14
1668 ,1263, 1652, '1486 1619 1391 1501 ' ,233 ,0 ,16, 16
1420 ,1658, 1405, '1350 1229 1287 1378 ' ,145 ,1 ,17, 16
1466 ,1410, 1451, '1423 1094 1160 1105 ' ,334 ,1 ,10, 10
1241 ,1460, 1225, '1194 1092 1105 1111 ' ,106 ,1 ,14, 14
1381 ,1232, 1365, '1254 1176 1161 1342 ' ,180 ,1 ,11, 11
1450 ,1373, 1435, '1405 1289 1254 1267 ' ,154 ,1 ,11, 11
1484 ,1445, 1469, '1215 1154 1128 1445 ' ,312 ,0 ,15, 15
1282 ,1473, 1266, '1097 1079 1167 1238 ' ,158 ,1 ,15, 14
1366 ,1274, 1351, '1181 1090 1171 1325 ' ,232 ,1 ,15, 15
1281 ,1359, 1265, '1197 1230 1223 1156 ' ,82 ,0 ,16, 16
1299 ,1270, 1283, '1254 1069 1191 1185 ' ,186 ,1 ,12, 12
1310 ,1289, 1294, '1216 1097 1264 1172 ' ,169 ,1 ,13, 13
1429 ,1301, 1413, '1219 1189 1382 1265 ' ,195 ,1 ,14, 14
1455 ,1422, 1439, '1410 1213 1242 1294 ' ,200 ,1 ,13, 12
1321 ,1448, 1306, '1186 1122 1276 1220 ' ,155 ,1 ,14, 13
1228 ,1314, 1211, '1182 984 1096 1108 ' ,200 ,1 ,12, 11
1305 ,1219, 1287, '1118 1108 1243 1258 ' ,148 ,1 ,17, 16
1260 ,1295, 1245, '1202 1092 1172 1217 ' ,120 ,1 ,15, 15
1516 ,1249, 1501, '1303 1290 1466 1291 ' ,183 ,1 ,13, 13
1447 ,1509, 1431, '1402 1346 1270 1250 ' ,158 ,0 ,11, 11
1336 ,1440, 1318, '1210 1013 1102 1290 ' ,273 ,1 ,14, 14
1365 ,1327, 1348, '1186 1154 1071 1321 ' ,249 ,1 ,13, 13
1583 ,1356, 1568, '1385 1537 1231 1328 ' ,311 ,1 ,12, 12
1337 ,1578, 1321, '1205 1271 1283 1113 ' ,178 ,1 ,19, 18
1198 ,1326, 1182, '1129 1084 1122 1157 ' ,69 ,1 ,14, 13
1474 ,1190, 1458, '1424 1244 1200 1220 ' ,227 ,1 ,15, 14
1359 ,1465, 1344, '1305 1202 1309 1195 ' ,122 ,1 ,17, 17
1290 ,1348, 1274, '1238 1128 1182 1190 ' ,113 ,1 ,17, 17
1428 ,1280, 1409, '1295 1358 1311 1384 ' ,85 ,1 ,13, 13
1310 ,1419, 1294, '1111 1148 1129 1265 ' ,152 ,1 ,17, 16
1491 ,1299, 1473, '1296 1300 1349 1442 ' ,149 ,1 ,17, 17
1543 ,1477, 1528, '1337 1185 1367 1499 ' ,312 ,1 ,14, 13
1338 ,1535, 1320, '1286 1150 1180 1128 ' ,165 ,1 ,16, 15
1533 ,1329, 1517, '1378 1275 1392 1490 ' ,211 ,1 ,13, 13
1390 ,1525, 1375, '1265 1264 1229 1346 ' ,116 ,0 ,14, 14
1439 ,1381, 1424, '1393 1070 1125 1229 ' ,326 ,1 ,12, 12
1350 ,1432, 1334, '1287 1130 1194 1304 ' ,172 ,1 ,16, 16
