228 ,0, 127, '49 53 52 57 53 53 59 46 47 53 56 49 ' ,37 ,2 ,8, 7
1037 ,172, 1014, '738 868 661 689 753 997 869 655 716 687 951 909 ' ,336 ,2 ,7, 7
415 ,1024, 395, '292 261 356 339 370 378 327 270 321 284 295 310 ' ,120 ,1 ,6, 6
1484 ,416, 1466, '401 436 412 354 291 366 381 1443 340 268 344 418 ' ,1182 ,1 ,4, 4
570 ,1475, 553, '301 398 258 290 331 307 378 310 273 310 320 534 ' ,283 ,1 ,4, 3
518 ,592, 489, '473 292 333 319 317 468 331 328 291 332 464 393 ' ,187 ,1 ,4, 3
404 ,521, 385, '285 303 209 275 300 272 266 261 371 250 353 318 ' ,161 ,1 ,4, 3
474 ,393, 459, '321 327 445 350 319 285 322 443 270 362 325 278 ' ,175 ,2 ,4, 3
519 ,518, 502, '359 320 482 297 289 306 267 366 273 247 379 277 ' ,242 ,2 ,4, 3
533 ,510, 404, '290 268 291 232 242 237 273 322 221 216 247 380 ' ,169 ,1 ,3, 3
541 ,522, 524, '343 353 267 316 316 313 330 280 296 505 364 304 ' ,242 ,2 ,4, 3
388 ,530, 370, '266 248 250 356 296 282 268 298 275 277 307 254 ' ,106 ,1 ,3, 3
411 ,379, 389, '332 222 264 266 241 346 376 254 286 257 370 301 ' ,157 ,3 ,2, 1
411 ,398, 394, '281 345 316 290 377 308 299 276 285 273 342 327 ' ,110 ,2 ,4, 3
432 ,401, 414, '352 335 326 353 290 334 311 292 293 245 339 396 ' ,154 ,2 ,3, 3
383 ,424, 363, '354 348 248 271 256 263 261 293 317 318 241 311 ' ,113 ,1 ,4, 4
350 ,375, 331, '312 295 267 289 286 226 308 216 231 260 274 304 ' ,103 ,0 ,4, 3
423 ,340, 402, '315 329 366 335 244 331 304 377 319 298 390 346 ' ,148 ,0 ,2, 2
420 ,415, 397, '370 346 311 269 392 320 286 299 337 359 374 315 ' ,124 ,1 ,3, 2
377 ,411, 355, '315 308 279 297 303 341 295 289 344 222 335 269 ' ,122 ,1 ,3, 3
306 ,366, 286, '270 265 269 271 271 271 265 251 225 263 257 261 ' ,53 ,1 ,2, 2
410 ,298, 392, '285 289 266 287 261 276 242 279 233 250 377 254 ' ,144 ,1 ,4, 3
540 ,399, 524, '285 311 306 301 306 278 312 262 272 509 383 291 ' ,246 ,0 ,4, 3
453 ,533, 432, '418 420 301 290 355 248 317 248 287 345 331 303 ' ,174 ,1 ,3, 3
420 ,439, 402, '325 339 273 316 346 282 387 334 268 295 374 331 ' ,121 ,0 ,4, 3
336 ,408, 313, '254 302 270 238 300 241 263 273 241 274 302 286 ' ,73 ,1 ,2, 2
341 ,326, 320, '247 295 280 286 247 300 262 309 238 254 311 303 ' ,76 ,1 ,1, 1
376 ,335, 354, '348 229 303 348 322 271 250 323 337 311 308 294 ' ,121 ,0 ,3, 2
354 ,366, 330, '279 317 297 279 299 243 281 306 313 256 318 262 ' ,79 ,0 ,3, 3
294 ,342, 274, '245 237 221 236 258 234 233 259 198 223 247 261 ' ,67 ,0 ,3, 3
366 ,284, 343, '331 245 230 248 258 224 274 237 313 232 281 232 ' ,110 ,1 ,4, 3
411 ,352, 388, '311 313 314 275 307 319 264 260 298 377 310 292 ' ,120 ,0 ,3, 3
385 ,401, 365, '307 264 305 340 292 302 265 354 260 309 298 262 ' ,97 ,1 ,3, 3
574 ,375, 557, '336 373 322 274 345 283 277 375 263 296 323 544 ' ,282 ,1 ,2, 2
422 ,566, 396, '354 325 268 347 355 335 282 300 312 323 387 314 ' ,122 ,1 ,3, 3
437 ,408, 419, '326 410 326 298 296 289 314 347 290 323 325 221 ' ,187 ,0 ,3, 3
395 ,427, 376, '304 315 255 279 362 304 276 260 310 275 300 284 ' ,112 ,0 ,5, 4
323 ,386, 302, '284 244 293 224 267 214 250 274 231 252 242 292 ' ,78 ,0 ,2, 2
293 ,314, 274, '267 260 255 264 212 215 257 234 258 195 257 261 ' ,58 ,0 ,2, 2
320 ,285, 300, '262 259 273 275 234 233 273 292 281 250 266 253 ' ,59 ,1 ,4, 3
523 ,310, 504, '411 243 252 285 254 490 295 245 254 254 486 261 ' ,251 ,0 ,3, 3
408 ,514, 389, '315 293 277 309 304 281 378 324 361 322 317 287 ' ,103 ,0 ,3, 3
426 ,396, 404, '330 387 304 291 304 315 386 340 282 297 394 386 ' ,113 ,1 ,4, 3
371 ,416, 352, '338 267 265 240 290 304 265 323 231 263 336 340 ' ,112 ,0 ,3, 3
371 ,360, 351, '342 268 273 292 322 315 291 221 245 262 338 276 ' ,122 ,1 ,3, 3
625 ,361, 605, '354 270 351 417 298 588 313 320 298 281 388 344 ' ,327 ,1 ,3, 3
513 ,614, 495, '419 443 297 411 402 406 323 271 483 355 388 371 ' ,212 ,1 ,4, 4
371 ,502, 349, '280 340 322 274 309 298 255 225 249 250 325 334 ' ,116 ,1 ,2, 2
355 ,361, 334, '288 267 273 322 289 244 246 272 256 245 296 231 ' ,93 ,1 ,4, 3
402 ,346, 379, '369 322 283 332 352 361 274 288 293 323 345 355 ' ,96 ,1 ,2, 2
381 ,393, 362, '326 315 305 262 277 300 350 339 312 234 341 273 ' ,117 ,1 ,4, 4
350 ,370, 330, '321 257 290 305 289 244 319 311 248 231 286 265 ' ,91 ,0 ,2, 1
336 ,341, 310, '285 251 285 296 302 271 216 233 251 243 242 231 ' ,88 ,0 ,2, 2
330 ,321, 304, '295 259 277 255 266 261 241 299 272 275 258 275 ' ,51 ,1 ,4, 3
410 ,319, 390, '313 315 279 286 266 327 288 233 296 321 368 254 ' ,148 ,1 ,4, 3
350 ,401, 327, '310 292 287 241 317 232 256 266 209 232 261 250 ' ,109 ,1 ,3, 3
376 ,341, 355, '346 222 268 269 306 277 335 287 306 279 291 267 ' ,126 ,1 ,2, 2
351 ,367, 333, '301 320 282 294 298 262 311 247 225 261 311 267 ' ,98 ,2 ,4, 4
434 ,341, 415, '288 402 249 287 268 286 328 319 273 294 338 295 ' ,158 ,1 ,4, 4
412 ,425, 393, '364 304 271 382 280 300 332 303 302 228 373 268 ' ,155 ,1 ,4, 3
495 ,402, 477, '433 464 345 301 268 380 330 299 265 267 290 355 ' ,202 ,1 ,3, 3
416 ,486, 393, '382 291 306 309 269 331 298 318 283 316 352 353 ' ,114 ,0 ,4, 3
369 ,408, 350, '304 222 246 279 307 312 283 218 315 310 337 259 ' ,124 ,1 ,3, 2
401 ,360, 382, '274 334 373 299 313 250 302 316 292 292 318 342 ' ,120 ,1 ,3, 3
461 ,391, 441, '429 323 285 339 396 361 314 349 324 311 414 270 ' ,160 ,1 ,3, 3
440 ,451, 422, '352 341 412 321 268 212 239 334 332 346 341 280 ' ,202 ,1 ,4, 3
394 ,431, 375, '341 277 346 340 364 340 352 298 338 312 311 291 ' ,89 ,1 ,3, 3
467 ,381, 447, '314 277 224 364 247 437 311 285 270 248 414 301 ' ,214 ,0 ,3, 3
474 ,457, 453, '342 313 303 318 319 276 442 303 327 291 367 291 ' ,164 ,1 ,4, 3
409 ,463, 389, '302 310 304 299 378 284 325 246 296 260 271 360 ' ,134 ,1 ,4, 3
379 ,398, 358, '349 305 269 249 282 300 278 241 277 307 284 300 ' ,111 ,0 ,4, 4
404 ,370, 376, '323 343 281 301 356 298 369 347 289 260 278 362 ' ,108 ,0 ,2, 2
418 ,388, 398, '333 291 289 388 344 304 324 292 262 286 287 286 ' ,127 ,0 ,3, 3
430 ,407, 406, '332 296 397 345 359 306 390 347 354 247 371 331 ' ,149 ,1 ,4, 3
419 ,417, 392, '325 322 268 291 383 307 332 272 272 269 357 308 ' ,117 ,1 ,2, 2
553 ,404, 531, '444 277 256 319 344 524 284 248 195 281 449 280 ' ,327 ,1 ,3, 3
403 ,544, 384, '375 332 359 374 234 316 273 349 249 240 290 314 ' ,143 ,1 ,3, 3
493 ,394, 472, '227 351 373 370 353 309 456 366 270 336 334 460 ' ,228 ,1 ,3, 3
433 ,481, 412, '332 301 348 358 224 392 294 376 290 299 402 277 ' ,181 ,1 ,3, 3
420 ,423, 401, '367 263 270 320 330 393 339 251 275 242 321 317 ' ,149 ,0 ,3, 3
346 ,412, 326, '220 235 198 258 316 285 289 221 288 258 267 251 ' ,121 ,1 ,2, 2
325 ,337, 304, '298 233 210 200 212 254 284 278 264 264 259 230 ' ,97 ,1 ,3, 3
346 ,314, 328, '300 306 235 317 223 250 268 263 254 233 278 245 ' ,96 ,1 ,4, 3
409 ,336, 386, '368 292 341 244 258 260 238 301 285 253 360 237 ' ,139 ,0 ,3, 3
364 ,393, 344, '327 292 286 236 325 289 261 302 273 272 285 299 ' ,100 ,1 ,2, 2
370 ,355, 351, '339 329 325 320 289 238 258 307 264 284 305 267 ' ,104 ,1 ,4, 3
373 ,358, 354, '342 237 279 315 300 327 324 280 320 321 289 296 ' ,107 ,0 ,3, 3
451 ,363, 433, '418 229 306 243 320 296 269 289 275 304 328 288 ' ,191 ,0 ,4, 4
378 ,440, 360, '290 341 217 286 325 325 305 304 315 276 347 313 ' ,134 ,0 ,2, 2
522 ,369, 502, '402 492 366 445 328 381 297 266 343 262 369 396 ' ,231 ,1 ,4, 4
360 ,512, 341, '262 286 274 285 320 310 246 287 225 289 330 265 ' ,107 ,1 ,3, 3
331 ,351, 309, '298 284 202 267 301 249 286 262 254 240 265 266 ' ,101 ,0 ,2, 2
369 ,322, 342, '330 214 247 230 214 247 204 200 223 222 266 236 ' ,134 ,1 ,4, 3
351 ,356, 331, '256 263 256 266 318 255 264 243 246 177 271 239 ' ,143 ,1 ,4, 3
393 ,340, 375, '302 283 231 219 291 280 263 243 256 245 362 284 ' ,146 ,0 ,4, 3
351 ,383, 331, '289 276 225 315 302 263 250 319 213 261 300 282 ' ,109 ,1 ,4, 3
351 ,340, 333, '324 246 269 305 270 278 287 260 286 278 266 249 ' ,81 ,1 ,2, 2
322 ,343, 295, '265 242 275 242 280 220 279 227 249 217 224 276 ' ,68 ,1 ,3, 3
420 ,305, 401, '252 265 293 274 292 279 390 231 206 266 277 301 ' ,187 ,1 ,3, 3
485 ,411, 467, '364 455 280 322 326 355 368 318 292 256 445 306 ' ,200 ,1 ,3, 3
422 ,476, 402, '323 344 306 370 393 320 256 361 265 305 335 286 ' ,137 ,1 ,4, 3
349 ,412, 330, '303 319 232 253 309 294 271 273 285 306 263 264 ' ,88 ,1 ,4, 4
396 ,340, 373, '332 361 256 295 250 269 300 329 323 295 292 285 ' ,113 ,0 ,4, 4
462 ,382, 443, '433 285 304 309 338 276 300 377 323 316 367 327 ' ,159 ,1 ,3, 2
413 ,454, 396, '324 381 311 329 292 294 293 294 345 278 332 384 ' ,109 ,1 ,4, 3
367 ,404, 350, '337 335 272 283 307 277 336 294 280 297 275 254 ' ,86 ,0 ,2, 2
365 ,359, 343, '333 257 273 269 259 261 243 281 312 230 276 262 ' ,103 ,1 ,4, 3
353 ,356, 324, '309 287 314 259 265 236 287 253 260 282 313 269 ' ,77 ,1 ,4, 4
449 ,345, 424, '321 352 313 281 412 300 328 329 392 257 386 290 ' ,153 ,1 ,3, 3
385 ,439, 362, '331 276 256 272 302 281 252 304 280 289 289 349 ' ,99 ,0 ,4, 3
557 ,370, 537, '519 259 246 262 298 428 256 220 261 229 526 216 ' ,307 ,0 ,3, 3
308 ,547, 286, '254 244 226 265 249 223 251 238 249 272 277 233 ' ,58 ,1 ,3, 3
416 ,299, 398, '266 382 229 233 234 263 228 263 240 230 302 344 ' ,156 ,1 ,3, 3
344 ,404, 325, '308 228 313 235 260 208 241 266 285 200 282 248 ' ,114 ,1 ,3, 3
538 ,333, 518, '339 329 254 315 220 295 351 205 271 255 307 336 ' ,305 ,0 ,3, 3
416 ,527, 396, '346 385 283 255 271 298 329 302 326 340 256 330 ' ,131 ,1 ,3, 3
395 ,405, 375, '327 251 263 272 320 271 223 257 349 298 363 303 ' ,144 ,1 ,2, 2
349 ,387, 330, '287 273 245 318 237 267 246 253 262 297 281 247 ' ,85 ,0 ,3, 3
358 ,337, 329, '278 234 282 244 317 232 268 239 275 289 302 271 ' ,87 ,1 ,3, 3
425 ,346, 405, '382 318 294 287 326 395 274 230 290 286 353 259 ' ,167 ,0 ,3, 3
399 ,414, 379, '287 348 259 306 372 325 272 240 277 250 314 287 ' ,132 ,1 ,2, 2
459 ,393, 439, '344 336 429 365 315 301 308 299 281 311 307 278 ' ,152 ,0 ,4, 4
373 ,451, 354, '344 342 279 333 322 299 299 333 337 343 259 342 ' ,87 ,0 ,2, 2
465 ,363, 444, '357 406 391 277 311 433 320 269 306 338 430 279 ' ,166 ,1 ,4, 4
439 ,453, 420, '410 327 315 307 329 274 293 291 267 270 294 275 ' ,145 ,1 ,4, 3
343 ,428, 324, '274 290 233 314 287 258 270 230 188 278 246 310 ' ,128 ,1 ,4, 3
365 ,334, 338, '250 277 255 291 270 257 207 254 253 312 333 259 ' ,127 ,1 ,3, 3
368 ,356, 346, '293 323 288 229 338 250 249 223 245 211 263 262 ' ,127 ,0 ,4, 3
420 ,357, 402, '329 286 257 279 251 258 260 391 196 250 310 282 ' ,197 ,0 ,4, 3
330 ,410, 310, '301 265 235 260 284 274 239 248 285 298 267 293 ' ,67 ,0 ,2, 2
313 ,320, 292, '282 218 230 217 276 205 236 237 267 250 267 225 ' ,80 ,0 ,4, 3
378 ,302, 357, '328 309 234 241 296 336 334 332 288 227 294 346 ' ,122 ,0 ,2, 2
470 ,369, 448, '337 308 294 229 305 340 438 262 291 328 282 422 ' ,211 ,0 ,2, 2
382 ,461, 361, '328 287 273 274 311 288 349 252 238 275 277 247 ' ,115 ,1 ,3, 3
546 ,370, 526, '422 427 294 329 516 313 325 302 412 261 289 462 ' ,256 ,0 ,3, 3
518 ,536, 497, '457 355 330 261 486 379 320 311 303 438 303 276 ' ,228 ,1 ,4, 3
406 ,506, 387, '269 265 267 328 334 316 332 297 288 293 377 318 ' ,113 ,0 ,2, 2
471 ,396, 451, '437 359 331 337 384 344 399 314 295 305 336 427 ' ,146 ,1 ,4, 4
467 ,458, 445, '434 333 285 296 296 345 362 296 325 310 347 357 ' ,152 ,0 ,2, 2
473 ,460, 453, '441 294 347 338 260 349 271 250 306 288 325 324 ' ,192 ,1 ,4, 4
365 ,462, 345, '332 291 234 335 321 275 277 311 318 256 283 262 ' ,103 ,1 ,3, 3
359 ,354, 340, '285 284 235 189 269 260 240 240 255 242 326 275 ' ,143 ,1 ,4, 3
396 ,349, 375, '304 366 233 259 258 256 248 237 280 298 268 211 ' ,146 ,1 ,2, 1
406 ,387, 387, '314 269 272 297 269 245 243 271 211 258 375 285 ' ,168 ,1 ,4, 3
400 ,395, 380, '316 278 238 357 368 371 300 330 300 227 304 248 ' ,144 ,0 ,3, 3
762 ,391, 743, '549 330 311 232 330 462 324 296 541 258 554 423 ' ,500 ,1 ,3, 3
411 ,751, 391, '367 275 295 271 304 317 379 262 309 287 281 308 ' ,118 ,0 ,4, 3
455 ,400, 436, '318 275 240 275 282 281 422 285 236 230 359 410 ' ,195 ,1 ,4, 4
530 ,445, 511, '421 430 501 363 414 338 394 215 380 365 391 359 ' ,289 ,1 ,4, 4
444 ,521, 423, '386 413 399 361 336 354 381 335 297 249 369 379 ' ,166 ,0 ,2, 2
432 ,436, 414, '299 393 237 243 323 344 330 342 295 395 402 317 ' ,167 ,0 ,3, 3
392 ,422, 372, '323 242 313 320 337 269 323 359 260 288 346 304 ' ,120 ,1 ,4, 3
506 ,383, 482, '408 256 359 360 474 339 357 323 330 347 367 338 ' ,219 ,1 ,2, 2
494 ,497, 477, '355 269 350 337 372 468 307 369 295 331 307 313 ' ,200 ,0 ,2, 2
432 ,489, 405, '330 365 264 299 303 400 337 266 244 314 330 294 ' ,157 ,1 ,4, 3
371 ,423, 354, '260 343 227 296 254 271 278 272 237 267 266 314 ' ,117 ,0 ,3, 3
384 ,361, 367, '353 281 249 299 260 251 300 334 249 292 318 208 ' ,149 ,0 ,3, 2
463 ,375, 444, '300 262 200 358 432 286 314 244 349 328 280 327 ' ,237 ,0 ,4, 4
449 ,453, 428, '364 265 417 278 328 285 269 230 296 222 320 264 ' ,196 ,0 ,4, 3
344 ,436, 319, '296 314 278 293 251 292 306 257 301 250 294 305 ' ,63 ,1 ,2, 2
344 ,333, 321, '280 264 269 315 275 229 236 241 258 243 288 238 ' ,89 ,1 ,3, 3
510 ,334, 490, '288 480 318 307 355 316 324 292 332 358 429 253 ' ,225 ,0 ,4, 3
433 ,499, 412, '363 288 287 337 328 318 328 311 400 343 354 365 ' ,117 ,0 ,3, 3
403 ,423, 382, '279 356 319 295 344 319 252 306 373 336 288 349 ' ,123 ,1 ,3, 2
395 ,395, 374, '363 335 322 338 328 304 270 298 299 292 326 313 ' ,95 ,0 ,2, 2
419 ,385, 402, '365 331 288 273 312 304 288 268 371 389 350 314 ' ,125 ,1 ,4, 4
438 ,409, 419, '379 370 367 408 324 295 297 307 220 353 310 329 ' ,189 ,0 ,4, 3
417 ,427, 398, '332 271 298 290 326 295 289 251 292 347 345 385 ' ,135 ,0 ,4, 4
387 ,407, 366, '301 280 356 288 282 299 326 354 274 272 280 268 ' ,87 ,1 ,3, 3
388 ,377, 372, '258 308 359 298 336 341 264 330 317 260 342 297 ' ,102 ,0 ,4, 3
366 ,377, 347, '224 336 233 274 305 246 254 310 293 305 255 287 ' ,114 ,1 ,3, 3
371 ,357, 347, '278 301 274 285 303 291 252 249 338 272 269 304 ' ,89 ,1 ,2, 2
389 ,357, 368, '268 246 297 265 279 326 304 247 280 254 311 355 ' ,114 ,1 ,4, 4
415 ,380, 390, '334 255 291 276 321 285 319 300 344 274 279 380 ' ,124 ,0 ,2, 2
909 ,400, 891, '879 340 289 303 306 340 329 269 293 303 521 311 ' ,611 ,1 ,3, 3
428 ,899, 410, '346 311 312 241 307 283 333 323 276 302 397 255 ' ,160 ,0 ,3, 3
414 ,419, 392, '347 286 265 248 378 324 333 287 301 324 379 309 ' ,134 ,1 ,3, 3
725 ,404, 708, '387 479 316 316 428 429 301 376 292 694 269 408 ' ,428 ,1 ,3, 3
428 ,715, 409, '399 211 313 321 336 311 281 276 284 355 296 286 ' ,189 ,0 ,3, 3
516 ,449, 497, '486 315 292 382 308 330 344 308 284 368 345 384 ' ,201 ,1 ,3, 3
454 ,506, 434, '422 293 284 260 383 414 277 259 281 279 312 295 ' ,164 ,1 ,3, 3
393 ,446, 374, '352 312 274 334 351 308 317 352 354 314 252 335 ' ,112 ,1 ,3, 3
800 ,385, 782, '273 249 341 299 265 772 332 276 293 368 253 293 ' ,523 ,1 ,3, 3
420 ,790, 401, '289 283 326 295 342 291 370 297 309 325 294 345 ' ,109 ,18 ,3, 3
436 ,410, 418, '372 292 274 336 277 333 291 258 290 317 405 289 ' ,149 ,1 ,3, 3
319 ,426, 299, '278 265 243 227 288 215 230 264 277 257 265 220 ' ,77 ,1 ,3, 3
376 ,309, 356, '282 283 260 271 315 255 283 326 237 347 275 280 ' ,112 ,1 ,2, 2
352 ,366, 329, '290 288 243 223 322 233 248 281 278 263 319 255 ' ,103 ,0 ,2, 2
342 ,342, 320, '310 254 182 239 288 260 259 273 264 277 298 267 ' ,132 ,1 ,4, 3
611 ,332, 588, '330 301 233 251 305 317 300 248 260 580 367 296 ' ,348 ,1 ,4, 4
343 ,602, 319, '296 306 237 251 233 225 235 270 249 242 259 308 ' ,89 ,1 ,2, 2
422 ,330, 397, '296 264 259 319 382 300 281 248 259 276 328 336 ' ,137 ,0 ,5, 5
672 ,407, 650, '463 282 359 321 638 337 339 295 268 291 328 321 ' ,373 ,1 ,3, 3
383 ,658, 364, '320 270 302 300 343 287 264 290 320 318 352 298 ' ,90 ,1 ,4, 4
482 ,372, 462, '396 377 356 325 384 390 232 304 275 314 451 301 ' ,221 ,1 ,2, 2
432 ,470, 414, '311 326 264 359 304 402 295 270 294 252 282 253 ' ,151 ,1 ,4, 4
354 ,421, 331, '298 242 223 257 282 313 263 282 320 234 241 291 ' ,104 ,1 ,2, 2
437 ,346, 420, '406 229 371 284 273 255 233 282 249 272 334 210 ' ,197 ,1 ,4, 4
382 ,427, 364, '347 298 260 261 273 253 347 251 222 273 319 313 ' ,131 ,1 ,3, 3
408 ,372, 390, '375 220 216 283 260 303 275 257 255 258 339 235 ' ,163 ,1 ,3, 3
364 ,398, 347, '302 267 261 333 266 277 334 236 227 301 280 292 ' ,112 ,1 ,2, 2
349 ,356, 331, '291 259 300 241 317 221 231 222 279 266 271 286 ' ,98 ,1 ,3, 3
327 ,338, 310, '269 295 229 246 262 225 213 248 213 272 244 234 ' ,85 ,0 ,4, 3
383 ,317, 366, '344 260 237 253 273 239 287 261 227 273 352 244 ' ,129 ,1 ,3, 3
430 ,376, 412, '350 352 286 264 268 400 338 351 322 310 294 225 ' ,174 ,0 ,4, 3
451 ,420, 434, '351 251 260 256 385 265 271 257 363 340 419 326 ' ,171 ,0 ,4, 3
432 ,441, 414, '294 349 311 319 261 327 295 279 402 271 328 342 ' ,142 ,1 ,3, 3
427 ,423, 409, '395 320 312 259 353 285 327 327 284 275 354 273 ' ,139 ,1 ,3, 3
475 ,417, 456, '383 374 304 340 354 295 340 366 285 375 442 282 ' ,163 ,1 ,4, 3
486 ,464, 464, '378 450 373 281 383 325 308 355 347 296 290 368 ' ,174 ,1 ,4, 4
386 ,477, 369, '299 236 207 350 240 284 308 274 328 273 348 315 ' ,151 ,0 ,4, 4
410 ,378, 391, '334 243 263 258 281 275 319 218 305 329 373 268 ' ,158 ,1 ,4, 3
456 ,397, 437, '418 409 355 397 336 349 247 267 282 302 297 418 ' ,172 ,1 ,2, 2
367 ,447, 350, '337 256 245 230 305 249 251 270 325 270 323 272 ' ,106 ,1 ,3, 3
412 ,357, 396, '305 234 223 355 288 293 271 256 261 224 382 213 ' ,172 ,1 ,4, 3
383 ,403, 366, '351 223 278 263 263 314 274 326 223 230 351 275 ' ,133 ,1 ,2, 2
337 ,374, 320, '262 263 221 308 303 239 282 275 303 286 255 294 ' ,87 ,0 ,3, 3
366 ,326, 344, '333 194 269 256 299 275 230 293 319 273 282 262 ' ,142 ,1 ,1, 1
465 ,356, 448, '346 242 335 370 304 421 366 232 260 314 433 345 ' ,204 ,1 ,4, 3
540 ,456, 521, '484 350 324 263 506 347 453 246 379 301 392 397 ' ,260 ,1 ,3, 3
418 ,527, 400, '386 258 323 313 275 271 298 258 325 251 296 303 ' ,134 ,0 ,3, 3
408 ,409, 383, '353 298 315 278 324 368 306 294 341 305 225 306 ' ,144 ,1 ,4, 4
463 ,390, 447, '388 432 295 393 248 330 326 293 294 249 303 347 ' ,186 ,1 ,4, 4
651 ,456, 632, '333 384 344 323 299 319 323 255 394 329 614 410 ' ,365 ,1 ,4, 4
501 ,641, 483, '357 288 316 359 321 396 275 300 324 284 401 465 ' ,196 ,1 ,4, 4
478 ,490, 460, '302 264 334 449 373 297 297 253 349 273 305 275 ' ,195 ,0 ,3, 3
413 ,468, 395, '270 352 280 382 302 243 307 270 284 255 266 282 ' ,139 ,0 ,3, 3
436 ,402, 419, '320 255 270 298 354 278 312 231 405 252 255 350 ' ,177 ,1 ,3, 3
522 ,426, 505, '352 296 292 282 336 340 492 314 280 294 309 319 ' ,215 ,0 ,3, 3
389 ,512, 373, '319 278 242 249 270 333 357 290 315 298 265 267 ' ,117 ,1 ,3, 3
382 ,380, 365, '280 209 270 259 279 297 273 265 353 275 324 236 ' ,144 ,1 ,3, 3
468 ,371, 450, '295 219 243 439 286 305 304 296 244 230 254 334 ' ,219 ,1 ,3, 3
362 ,457, 341, '281 262 269 300 259 197 281 223 247 271 330 306 ' ,137 ,1 ,3, 3
360 ,352, 341, '293 273 258 257 263 306 200 220 228 261 282 322 ' ,129 ,1 ,3, 3
411 ,350, 393, '344 313 267 321 371 353 270 255 317 322 380 319 ' ,128 ,1 ,3, 3
531 ,402, 513, '384 240 342 279 499 361 279 331 302 269 349 349 ' ,263 ,1 ,4, 3
417 ,521, 397, '328 261 350 384 315 295 242 237 293 292 314 314 ' ,144 ,1 ,4, 4
392 ,407, 375, '357 252 319 349 326 341 276 242 269 282 311 336 ' ,122 ,0 ,4, 4
1187 ,385, 1169, '298 257 253 314 260 310 279 311 1158 267 295 420 ' ,906 ,1 ,4, 3
515 ,1185, 495, '315 267 231 249 267 484 317 305 319 301 271 324 ' ,255 ,1 ,3, 3
452 ,504, 435, '398 252 252 237 274 236 280 254 244 257 424 248 ' ,192 ,1 ,2, 2
360 ,445, 339, '305 287 231 211 323 311 287 261 216 272 314 324 ' ,119 ,1 ,3, 3
750 ,350, 733, '290 296 182 269 285 257 717 250 246 269 273 199 ' ,537 ,1 ,4, 4
415 ,739, 396, '382 289 246 239 246 309 268 223 275 313 356 239 ' ,162 ,1 ,3, 3
363 ,405, 344, '276 206 223 187 328 220 244 223 258 283 276 285 ' ,145 ,1 ,4, 3
322 ,352, 303, '290 236 195 273 238 253 249 216 225 273 281 251 ' ,97 ,1 ,3, 3
345 ,313, 326, '307 292 256 242 275 296 294 267 243 223 224 312 ' ,90 ,1 ,2, 2
306 ,336, 287, '272 231 236 241 251 219 270 224 202 270 249 272 ' ,77 ,1 ,2, 2
400 ,297, 380, '367 303 228 296 329 234 245 301 272 246 242 271 ' ,142 ,0 ,3, 3
369 ,391, 346, '334 252 256 229 277 222 291 226 224 217 294 239 ' ,120 ,1 ,3, 3
324 ,359, 305, '277 236 197 281 275 222 259 265 272 236 293 264 ' ,102 ,1 ,1, 1
307 ,314, 289, '238 262 207 259 240 233 216 254 218 232 275 251 ' ,72 ,1 ,3, 3
400 ,296, 382, '331 254 236 266 305 276 278 303 371 245 300 313 ' ,135 ,1 ,2, 2
506 ,391, 488, '374 295 276 343 475 343 283 285 381 251 379 230 ' ,246 ,1 ,2, 2
409 ,497, 394, '378 284 289 211 278 282 332 312 264 297 244 302 ' ,170 ,1 ,3, 3
384 ,400, 367, '331 255 322 350 311 252 329 288 310 286 273 257 ' ,101 ,0 ,5, 5
394 ,375, 376, '324 210 219 241 341 330 283 280 306 250 289 360 ' ,153 ,1 ,4, 3
484 ,384, 467, '262 432 209 283 285 280 332 280 271 230 451 296 ' ,245 ,1 ,4, 4
418 ,475, 402, '311 337 269 271 301 336 385 275 259 262 383 328 ' ,130 ,1 ,4, 3
376 ,409, 360, '249 280 345 264 237 250 259 291 291 270 298 327 ' ,108 ,0 ,2, 2
359 ,367, 345, '287 243 270 263 270 262 284 225 285 291 329 287 ' ,107 ,0 ,3, 3
378 ,353, 360, '265 265 222 267 282 250 292 214 210 233 344 240 ' ,138 ,1 ,2, 2
336 ,369, 319, '252 260 261 258 252 223 253 245 308 226 224 247 ' ,85 ,1 ,3, 3
395 ,327, 373, '249 250 315 300 305 284 270 357 260 344 326 269 ' ,110 ,1 ,4, 4
425 ,379, 403, '288 339 265 385 292 370 349 275 270 246 215 391 ' ,178 ,0 ,2, 2
455 ,416, 439, '320 277 239 286 352 368 303 287 300 301 289 424 ' ,189 ,1 ,4, 4
466 ,446, 448, '327 282 263 329 289 380 260 319 435 330 395 332 ' ,175 ,1 ,4, 4
512 ,456, 491, '279 262 257 329 336 335 273 303 479 376 341 322 ' ,222 ,1 ,4, 4
506 ,499, 489, '359 272 286 320 296 405 346 474 322 265 336 289 ' ,212 ,1 ,4, 4
726 ,498, 709, '283 279 306 311 403 375 315 451 694 250 491 320 ' ,446 ,1 ,5, 4
438 ,715, 419, '253 296 270 304 288 300 339 317 328 303 292 405 ' ,153 ,1 ,4, 4
399 ,429, 382, '278 291 306 278 269 286 366 297 229 247 251 318 ' ,141 ,1 ,3, 3
407 ,388, 389, '274 244 260 270 312 301 325 328 376 321 328 351 ' ,134 ,1 ,4, 4
362 ,396, 345, '288 290 284 330 315 256 238 307 276 271 286 293 ' ,92 ,1 ,4, 4
381 ,351, 365, '303 348 306 263 323 244 291 269 257 209 288 270 ' ,141 ,1 ,4, 3
364 ,372, 348, '333 294 291 203 276 262 293 250 238 260 259 262 ' ,134 ,1 ,3, 3
336 ,355, 320, '259 212 265 223 303 235 256 266 244 251 236 248 ' ,95 ,1 ,3, 3
316 ,325, 299, '286 221 275 257 244 228 267 272 218 240 256 263 ' ,72 ,2 ,2, 2
365 ,307, 345, '300 276 262 229 331 233 260 244 220 294 299 263 ' ,114 ,1 ,3, 3
373 ,352, 351, '245 261 267 288 304 221 287 241 288 228 234 335 ' ,119 ,1 ,4, 3
355 ,359, 335, '239 273 266 267 322 243 241 216 230 257 251 250 ' ,108 ,1 ,1, 1
378 ,346, 354, '338 282 266 286 258 318 254 223 277 251 223 243 ' ,120 ,1 ,2, 2
439 ,362, 422, '372 345 303 270 299 282 409 237 341 319 402 337 ' ,171 ,1 ,3, 3
589 ,430, 573, '400 361 263 353 557 391 338 296 339 388 424 262 ' ,297 ,1 ,3, 3
814 ,579, 799, '361 332 299 270 301 317 312 292 255 362 782 383 ' ,533 ,1 ,3, 3
453 ,806, 437, '374 241 313 318 258 258 295 268 257 281 415 286 ' ,178 ,1 ,4, 4
427 ,443, 409, '391 272 249 295 353 300 394 348 281 335 372 371 ' ,151 ,1 ,1, 1
437 ,418, 420, '390 326 315 345 282 307 271 405 351 365 343 324 ' ,139 ,1 ,2, 2
530 ,429, 513, '389 376 336 317 411 389 306 355 317 394 495 308 ' ,191 ,1 ,4, 4
499 ,520, 480, '423 291 255 352 368 323 464 299 408 279 298 350 ' ,212 ,1 ,3, 3
421 ,487, 404, '352 388 288 274 307 283 265 306 321 327 302 314 ' ,127 ,1 ,3, 3
420 ,412, 403, '344 239 346 285 265 298 251 288 377 242 331 287 ' ,149 ,1 ,3, 3
423 ,409, 405, '288 306 293 229 353 274 389 256 296 266 248 326 ' ,167 ,1 ,3, 3
376 ,413, 360, '327 267 248 246 291 254 257 313 277 345 329 250 ' ,105 ,1 ,3, 3
345 ,368, 326, '312 292 240 270 261 302 307 251 220 226 276 261 ' ,98 ,1 ,2, 2
345 ,339, 327, '253 246 314 225 268 235 210 239 302 247 275 203 ' ,114 ,1 ,1, 1
314 ,337, 297, '259 261 263 242 280 241 235 228 220 198 264 283 ' ,89 ,1 ,1, 1
