298 ,0, 172, '127 104 108 95 ' ,'0 0 0 0 ' ,27 ,2 ,13, 12
2022 ,202, 1999, '1792 1640 1967 1611 ' ,'226 274 281 274 ' ,328 ,2 ,8, 8
2065 ,2013, 2048, '2011 1920 1963 2018 ' ,'92 85 94 95 ' ,102 ,1 ,10, 10
2117 ,3130, 2086, '1471 2050 1826 1632 ' ,'91 97 110 55 ' ,587 ,2 ,12, 11
1905 ,2117, 1888, '1472 1394 1508 1856 ' ,'45 44 73 82 ' ,461 ,1 ,9, 9
1596 ,1943, 1581, '1553 1464 1480 1424 ' ,'50 65 48 33 ' ,135 ,2 ,9, 9
1750 ,1594, 1733, '1445 1687 1528 1398 ' ,'22 43 40 37 ' ,306 ,3 ,15, 15
1618 ,1744, 1601, '1480 1571 1445 1416 ' ,'42 39 36 50 ' ,157 ,3 ,14, 13
1389 ,1608, 1369, '1301 1275 1342 1324 ' ,'16 18 44 22 ' ,67 ,3 ,14, 14
1693 ,1380, 1675, '1374 1295 1320 1646 ' ,'50 30 42 41 ' ,354 ,4 ,14, 13
1441 ,1681, 1425, '1390 1148 1391 1299 ' ,'20 31 27 17 ' ,249 ,3 ,13, 13
1762 ,1431, 1743, '1463 1717 1549 1435 ' ,'28 42 36 29 ' ,283 ,4 ,11, 10
1741 ,1754, 1725, '1698 1467 1508 1471 ' ,'36 37 32 33 ' ,234 ,1 ,13, 12
1712 ,1735, 1694, '1297 1400 1663 1444 ' ,'35 26 37 47 ' ,369 ,1 ,16, 16
1498 ,1701, 1483, '1342 1239 1452 1449 ' ,'33 33 46 46 ' ,215 ,3 ,15, 15
1360 ,1488, 1345, '1256 1233 1319 1300 ' ,'21 31 27 21 ' ,85 ,2 ,13, 12
1530 ,1351, 1513, '1328 1244 1488 1337 ' ,'23 26 28 25 ' ,243 ,1 ,14, 14
1487 ,1522, 1472, '1355 1358 1450 1346 ' ,'36 22 23 19 ' ,107 ,0 ,13, 13
1656 ,1481, 1638, '1390 1274 1614 1499 ' ,'16 23 23 24 ' ,332 ,1 ,15, 14
1335 ,1647, 1265, '1188 1227 1212 1207 ' ,'22 15 15 17 ' ,51 ,1 ,18, 18
1541 ,1270, 1527, '1327 1269 1465 1176 ' ,'14 23 14 18 ' ,334 ,1 ,10, 10
1714 ,1541, 1698, '1412 1537 1674 1461 ' ,'27 27 37 28 ' ,266 ,1 ,15, 14
1641 ,1704, 1625, '1349 1391 1558 1601 ' ,'35 32 35 32 ' ,251 ,1 ,15, 15
1544 ,1630, 1529, '1438 1368 1503 1290 ' ,'23 22 38 36 ' ,216 ,1 ,15, 15
1728 ,1534, 1709, '1427 1361 1687 1323 ' ,'38 30 26 30 ' ,367 ,1 ,12, 12
1471 ,1720, 1454, '1197 1204 1430 1339 ' ,'23 13 32 33 ' ,234 ,1 ,15, 15
1491 ,1460, 1475, '1164 1320 1455 1444 ' ,'18 27 26 17 ' ,292 ,1 ,13, 12
1654 ,1485, 1636, '1324 1338 1604 1339 ' ,'17 20 21 16 ' ,281 ,1 ,19, 19
1613 ,1643, 1595, '1318 1377 1573 1331 ' ,'26 12 29 20 ' ,257 ,1 ,12, 12
1478 ,1609, 1462, '1403 1329 1395 1446 ' ,'24 21 16 15 ' ,117 ,0 ,9, 9
1432 ,1475, 1416, '1392 1185 1273 1354 ' ,'34 19 49 45 ' ,208 ,1 ,14, 14
1496 ,1421, 1480, '1329 1224 1453 1374 ' ,'30 27 41 25 ' ,230 ,1 ,16, 15
1491 ,1485, 1471, '1387 1446 1347 1370 ' ,'23 41 37 43 ' ,100 ,1 ,15, 15
1672 ,1480, 1656, '1505 1546 1633 1448 ' ,'28 46 34 24 ' ,189 ,1 ,12, 12
1449 ,1662, 1434, '1322 1084 1412 1307 ' ,'16 19 25 23 ' ,329 ,1 ,13, 13
1541 ,1443, 1525, '1345 1248 1500 1351 ' ,'23 18 27 29 ' ,253 ,1 ,14, 14
1359 ,1532, 1343, '1169 1317 1123 1140 ' ,'27 33 22 29 ' ,195 ,1 ,16, 16
1520 ,1348, 1503, '1335 1481 1378 1117 ' ,'18 42 26 27 ' ,367 ,1 ,12, 12
1402 ,1513, 1386, '1172 1364 1338 1278 ' ,'28 27 30 32 ' ,193 ,1 ,13, 13
1728 ,1434, 1710, '1579 1406 1456 1688 ' ,'17 21 33 32 ' ,285 ,1 ,11, 11
1518 ,1721, 1501, '1323 1231 1434 1477 ' ,'22 17 33 26 ' ,247 ,1 ,15, 15
1387 ,1508, 1371, '1344 1295 1323 1206 ' ,'21 17 27 19 ' ,141 ,1 ,17, 17
1490 ,1376, 1476, '1418 1362 1330 1452 ' ,'17 14 28 22 ' ,120 ,1 ,14, 14
1515 ,1485, 1501, '1246 1202 1472 1211 ' ,'12 22 21 16 ' ,271 ,1 ,17, 16
1425 ,1517, 1409, '1306 1272 1356 1388 ' ,'18 22 19 27 ' ,114 ,1 ,13, 13
1363 ,1415, 1347, '1231 1225 1196 1329 ' ,'20 21 20 19 ' ,135 ,1 ,10, 10
1481 ,1358, 1464, '1170 1416 1264 1173 ' ,'16 24 22 15 ' ,270 ,1 ,19, 19
1549 ,1472, 1533, '1226 1308 1508 1280 ' ,'13 19 21 15 ' ,288 ,1 ,13, 12
1439 ,1545, 1423, '1369 1246 1237 1398 ' ,'20 24 24 19 ' ,161 ,1 ,16, 16
1545 ,1428, 1527, '1133 1486 1327 1173 ' ,'23 19 15 19 ' ,370 ,0 ,17, 16
1487 ,1533, 1470, '1232 1441 1221 1406 ' ,'17 22 21 14 ' ,221 ,1 ,18, 17
1548 ,1475, 1532, '1219 1126 1504 1394 ' ,'13 17 26 25 ' ,382 ,1 ,15, 15
1645 ,1540, 1629, '1430 1515 1601 1404 ' ,'21 19 18 16 ' ,201 ,1 ,15, 15
1510 ,1637, 1494, '1306 1466 1407 1243 ' ,'22 21 17 21 ' ,225 ,1 ,18, 18
1433 ,1500, 1418, '1161 1372 1372 1398 ' ,'19 25 27 21 ' ,233 ,1 ,11, 11
1426 ,1424, 1410, '1280 1298 1386 1144 ' ,'23 18 10 18 ' ,248 ,1 ,11, 11
1300 ,1420, 1285, '1255 1247 1251 1153 ' ,'16 12 16 14 ' ,107 ,1 ,16, 16
1615 ,1289, 1597, '1309 1193 1572 1313 ' ,'13 19 24 28 ' ,382 ,1 ,12, 12
1439 ,1606, 1421, '1268 1173 1396 1319 ' ,'22 15 18 14 ' ,227 ,1 ,11, 11
1527 ,1429, 1511, '1192 1291 1486 1348 ' ,'18 19 28 19 ' ,295 ,1 ,12, 12
1573 ,1520, 1556, '1134 1187 1527 1277 ' ,'9 11 24 16 ' ,400 ,1 ,13, 12
1414 ,1567, 1399, '1243 1176 1369 1161 ' ,'11 17 23 14 ' ,213 ,1 ,16, 16
1280 ,1405, 1265, '1238 1168 1177 1235 ' ,'18 21 22 22 ' ,70 ,0 ,16, 16
1383 ,1270, 1366, '1219 1142 1342 1212 ' ,'17 16 23 15 ' ,203 ,1 ,11, 11
1493 ,1378, 1478, '1254 1146 1453 1125 ' ,'19 18 22 13 ' ,333 ,1 ,11, 11
1511 ,1488, 1496, '1230 1159 1463 1177 ' ,'16 21 24 12 ' ,313 ,1 ,15, 15
1410 ,1506, 1393, '1176 1310 1366 1275 ' ,'15 32 34 28 ' ,194 ,0 ,13, 13
1740 ,1398, 1724, '1273 1119 1686 1699 ' ,'28 19 30 31 ' ,580 ,1 ,15, 15
1397 ,1729, 1381, '1195 1299 1355 1339 ' ,'18 18 24 18 ' ,164 ,1 ,13, 13
1330 ,1390, 1310, '1285 1162 1247 1175 ' ,'20 17 25 29 ' ,122 ,1 ,13, 13
1492 ,1320, 1477, '1330 1347 1451 1394 ' ,'12 17 22 25 ' ,122 ,1 ,12, 12
1450 ,1484, 1435, '1173 1204 1405 1143 ' ,'14 6 26 13 ' ,265 ,1 ,17, 16
1421 ,1439, 1400, '1376 1146 1189 1035 ' ,'17 17 22 15 ' ,345 ,0 ,12, 11
1494 ,1409, 1479, '1124 1361 1456 1226 ' ,'11 21 37 17 ' ,336 ,1 ,11, 10
1569 ,1496, 1549, '1332 1501 1432 1348 ' ,'26 23 23 29 ' ,196 ,0 ,11, 11
1925 ,1559, 1910, '1486 1711 1750 1890 ' ,'20 25 27 21 ' ,402 ,1 ,12, 11
1316 ,1920, 1301, '1248 1252 1237 1185 ' ,'15 21 15 14 ' ,93 ,0 ,14, 14
1283 ,1306, 1267, '1214 1134 1234 1245 ' ,'18 27 26 26 ' ,87 ,0 ,15, 15
1269 ,1272, 1254, '1227 1171 1196 1198 ' ,'18 17 19 18 ' ,47 ,0 ,14, 14
1520 ,1259, 1505, '1172 1184 1473 1274 ' ,'27 15 27 30 ' ,306 ,1 ,16, 16
1474 ,1511, 1459, '1359 1245 1429 1180 ' ,'13 17 14 16 ' ,253 ,1 ,17, 17
1372 ,1464, 1356, '1205 1325 1324 1301 ' ,'16 13 16 16 ' ,124 ,1 ,15, 15
1611 ,1362, 1595, '1327 1479 1564 1350 ' ,'25 20 32 19 ' ,241 ,1 ,15, 15
1472 ,1603, 1457, '1248 1157 1429 1355 ' ,'14 22 17 11 ' ,276 ,1 ,13, 12
1472 ,1468, 1456, '1204 1142 1289 1434 ' ,'21 13 16 27 ' ,289 ,1 ,12, 12
1268 ,1463, 1253, '1152 1224 1222 1105 ' ,'20 21 14 13 ' ,126 ,0 ,13, 12
1379 ,1260, 1362, '1234 1218 1333 1212 ' ,'11 14 22 15 ' ,128 ,2 ,13, 13
1585 ,1369, 1568, '1278 1327 1451 1542 ' ,'22 19 24 22 ' ,264 ,1 ,13, 12
1877 ,1575, 1862, '1583 1801 1688 1761 ' ,'23 24 20 18 ' ,257 ,2 ,11, 10
1469 ,1877, 1451, '1423 1249 1398 1420 ' ,'13 14 12 11 ' ,149 ,0 ,17, 17
1552 ,1462, 1536, '1279 1364 1510 1184 ' ,'21 21 18 12 ' ,331 ,2 ,10, 10
1381 ,1555, 1363, '1187 1310 1170 1182 ' ,'11 14 14 15 ' ,167 ,1 ,13, 13
1329 ,1378, 1314, '1084 1223 1285 1113 ' ,'29 25 27 16 ' ,204 ,1 ,13, 13
1370 ,1322, 1354, '1213 1169 1320 1291 ' ,'14 21 18 23 ' ,151 ,1 ,17, 17
1446 ,1359, 1429, '1351 1281 1396 1119 ' ,'18 19 15 13 ' ,282 ,1 ,17, 17
1425 ,1436, 1409, '1125 1021 1379 1200 ' ,'22 13 18 17 ' ,361 ,1 ,14, 14
1420 ,1415, 1404, '1372 1167 1355 1303 ' ,'12 13 18 12 ' ,208 ,1 ,15, 14
1263 ,1411, 1246, '1138 1181 1145 1218 ' ,'10 15 19 21 ' ,80 ,1 ,15, 14
1218 ,1255, 1203, '1069 1053 1173 1131 ' ,'15 15 19 11 ' ,124 ,1 ,14, 14
1368 ,1210, 1347, '1256 1314 1313 1085 ' ,'12 20 22 19 ' ,239 ,2 ,13, 13
1352 ,1360, 1337, '1232 1148 1298 1105 ' ,'14 18 25 10 ' ,209 ,1 ,13, 13
1495 ,1344, 1480, '1289 1083 1451 1198 ' ,'13 11 17 17 ' ,370 ,0 ,14, 13
1483 ,1487, 1468, '1118 1157 1436 1276 ' ,'11 23 24 17 ' ,321 ,1 ,16, 16
1584 ,1472, 1567, '1433 1234 1416 1542 ' ,'15 12 16 15 ' ,307 ,1 ,13, 13
1544 ,1574, 1529, '1220 1271 1496 1138 ' ,'13 13 22 9 ' ,364 ,1 ,16, 16
1270 ,1535, 1250, '1171 1145 1217 1153 ' ,'15 12 27 16 ' ,74 ,1 ,15, 15
1280 ,1262, 1264, '1158 1025 1232 1231 ' ,'17 22 19 22 ' ,209 ,1 ,16, 16
1538 ,1269, 1522, '1088 1094 1350 1126 ' ,'14 11 15 13 ' ,411 ,9 ,12, 12
1420 ,1531, 1404, '1368 1129 1279 1255 ' ,'15 13 21 14 ' ,244 ,1 ,18, 18
1391 ,1409, 1375, '1320 1331 1155 1347 ' ,'15 22 20 20 ' ,187 ,1 ,18, 17
1718 ,1380, 1703, '1322 1361 1671 1420 ' ,'15 23 31 26 ' ,353 ,1 ,14, 14
1262 ,1710, 1245, '1152 1212 1171 1185 ' ,'9 13 14 20 ' ,62 ,1 ,17, 16
1697 ,1249, 1682, '1512 1651 1557 1545 ' ,'20 27 32 20 ' ,142 ,1 ,15, 14
1580 ,1688, 1564, '1220 1219 1533 1262 ' ,'16 13 18 21 ' ,318 ,1 ,14, 14
1495 ,1571, 1479, '1194 1370 1445 1224 ' ,'10 21 36 15 ' ,259 ,1 ,15, 15
1374 ,1486, 1358, '1164 1159 1328 1096 ' ,'14 16 23 15 ' ,238 ,1 ,13, 13
1328 ,1367, 1314, '1131 1251 1269 1169 ' ,'9 24 19 22 ' ,152 ,0 ,17, 17
1454 ,1319, 1438, '1275 1273 1386 1419 ' ,'20 18 15 15 ' ,138 ,0 ,10, 10
1389 ,1449, 1371, '1132 1297 1342 1345 ' ,'11 16 19 12 ' ,211 ,1 ,10, 10
1247 ,1384, 1234, '1065 1173 1192 1099 ' ,'10 19 16 20 ' ,134 ,1 ,20, 20
1394 ,1239, 1380, '1195 1125 1348 1011 ' ,'9 18 22 15 ' ,345 ,0 ,17, 17
1448 ,1385, 1433, '1373 1051 1402 1283 ' ,'16 19 23 21 ' ,353 ,1 ,13, 13
1293 ,1439, 1277, '1125 1173 1242 1117 ' ,'20 12 14 12 ' ,135 ,1 ,13, 13
1345 ,1283, 1330, '1181 1059 1286 1305 ' ,'9 14 18 18 ' ,238 ,1 ,14, 14
1316 ,1336, 1300, '1266 1216 1274 1204 ' ,'12 16 17 16 ' ,75 ,1 ,12, 12
1620 ,1307, 1605, '1233 1219 1570 1242 ' ,'12 16 21 11 ' ,355 ,1 ,16, 16
1371 ,1609, 1356, '1105 1301 1325 1262 ' ,'13 18 27 16 ' ,222 ,1 ,14, 14
1190 ,1363, 1174, '1055 1077 1139 1112 ' ,'19 15 14 15 ' ,85 ,1 ,18, 17
1414 ,1180, 1397, '1231 1135 1226 1370 ' ,'34 19 24 22 ' ,234 ,1 ,13, 13
1279 ,1407, 1259, '1126 1016 1225 1021 ' ,'12 18 32 12 ' ,215 ,1 ,14, 14
1391 ,1275, 1375, '1341 1210 1344 1302 ' ,'14 19 18 24 ' ,139 ,0 ,13, 12
1567 ,1381, 1551, '1520 1343 1461 1265 ' ,'22 15 21 12 ' ,260 ,1 ,16, 15
1333 ,1564, 1314, '1141 1131 1290 1273 ' ,'16 18 21 19 ' ,151 ,1 ,10, 10
1293 ,1329, 1279, '1100 1097 1169 1251 ' ,'21 17 21 17 ' ,151 ,1 ,13, 13
1413 ,1293, 1399, '1359 1301 1371 1295 ' ,'26 26 19 32 ' ,81 ,0 ,14, 14
1420 ,1407, 1406, '1178 1338 1340 1215 ' ,'23 28 25 32 ' ,196 ,1 ,17, 17
1309 ,1414, 1293, '1233 1183 1259 1251 ' ,'12 16 18 15 ' ,80 ,1 ,15, 15
1422 ,1302, 1404, '1369 1084 1289 1320 ' ,'14 25 25 24 ' ,288 ,1 ,17, 17
1320 ,1410, 1303, '1241 1111 1262 1126 ' ,'10 19 21 18 ' ,162 ,1 ,17, 17
1355 ,1308, 1340, '1309 1078 1275 1311 ' ,'20 9 20 14 ' ,232 ,0 ,14, 14
1501 ,1345, 1485, '1273 1192 1340 1458 ' ,'11 22 16 17 ' ,264 ,1 ,13, 12
1324 ,1492, 1308, '1253 1135 1261 1192 ' ,'20 20 19 19 ' ,144 ,4 ,15, 15
1693 ,1314, 1677, '1272 1302 1642 1355 ' ,'11 10 29 17 ' ,374 ,1 ,15, 15
1443 ,1683, 1428, '1216 1162 1392 1331 ' ,'13 18 19 17 ' ,233 ,2 ,14, 14
1636 ,1471, 1619, '1190 1333 1329 1589 ' ,'27 12 23 22 ' ,404 ,1 ,15, 15
1608 ,1627, 1591, '1226 1428 1557 1231 ' ,'16 18 20 23 ' ,334 ,1 ,13, 13
1328 ,1599, 1312, '1144 1135 1243 1288 ' ,'16 19 17 17 ' ,148 ,1 ,13, 12
1283 ,1322, 1267, '1230 1060 1092 1073 ' ,'14 12 11 13 ' ,174 ,1 ,18, 18
1379 ,1273, 1364, '1085 1305 1225 1244 ' ,'19 14 36 19 ' ,252 ,29 ,11, 11
