339 ,0, 162, '102 121 105 109 ' ,'0 0 0 0 ' ,64 ,3 ,9, 9
2030 ,243, 2008, '1751 1967 1668 1761 ' ,'267914 267741 242960 285369 ' ,306 ,2 ,14, 14
1898 ,2023, 1879, '1237 1849 1327 1291 ' ,'67652 106405 71676 91503 ' ,612 ,3 ,12, 11
1821 ,1887, 1798, '1549 1654 1664 1759 ' ,'71809 51538 67248 82230 ' ,210 ,1 ,21, 21
1571 ,1805, 1555, '1449 1491 1381 1525 ' ,'53235 44392 29637 56578 ' ,145 ,2 ,15, 14
1685 ,1578, 1669, '1381 1642 1559 1440 ' ,'55113 63539 52362 46623 ' ,262 ,2 ,10, 10
1565 ,1681, 1542, '1504 1276 1340 1229 ' ,'48966 57403 47943 68556 ' ,278 ,2 ,15, 14
2138 ,1555, 2123, '1244 2095 1490 1295 ' ,'61420 38093 55401 43629 ' ,846 ,2 ,13, 12
1682 ,2131, 1665, '1231 1264 1463 1632 ' ,'37805 29603 30549 47024 ' ,403 ,2 ,18, 17
1567 ,1670, 1550, '1436 1376 1500 1522 ' ,'27199 19625 48786 32875 ' ,147 ,3 ,14, 13
2054 ,1556, 2035, '1479 1622 1991 2006 ' ,'42673 34885 32418 28281 ' ,526 ,2 ,17, 17
2326 ,2040, 1535, '1296 1502 1286 1451 ' ,'43050 47151 42775 36377 ' ,222 ,4 ,13, 13
1360 ,1544, 1344, '1248 1318 1250 1183 ' ,'38794 24873 48803 42208 ' ,139 ,1 ,13, 13
1791 ,1351, 1770, '1750 1478 1656 1477 ' ,'45811 41074 46241 44808 ' ,278 ,0 ,9, 9
1457 ,1784, 1441, '1414 1353 1375 1262 ' ,'30027 37411 39049 38812 ' ,156 ,3 ,14, 14
1540 ,1447, 1526, '1244 1309 1343 1490 ' ,'19448 30044 23852 22879 ' ,256 ,1 ,16, 16
1537 ,1531, 1521, '1398 1496 1360 1403 ' ,'44458 37860 39083 22869 ' ,141 ,1 ,14, 13
1551 ,1528, 1535, '1293 1511 1435 1289 ' ,'24168 25811 15478 24564 ' ,219 ,1 ,13, 12
1370 ,1547, 1354, '1315 1245 1289 1331 ' ,'31171 12543 22339 29882 ' ,88 ,1 ,14, 13
1449 ,1361, 1433, '1253 1233 1289 1413 ' ,'22655 25030 20402 26162 ' ,181 ,1 ,11, 11
1515 ,1444, 1500, '1241 1474 1277 1310 ' ,'23486 29881 29847 29468 ' ,233 ,1 ,15, 15
1506 ,1505, 1490, '1435 1279 1364 1467 ' ,'23763 29665 45152 33468 ' ,190 ,2 ,13, 12
1502 ,1497, 1487, '1461 1301 1347 1397 ' ,'37182 54133 28860 51222 ' ,162 ,1 ,15, 15
1407 ,1493, 1390, '1261 1364 1259 1247 ' ,'32763 37399 30845 32201 ' ,119 ,1 ,16, 16
1453 ,1395, 1438, '1409 1355 1131 1388 ' ,'27758 39854 22705 34193 ' ,279 ,1 ,18, 18
1534 ,1443, 1510, '1324 1385 1346 1485 ' ,'20282 24484 23762 19685 ' ,171 ,1 ,15, 15
1341 ,1524, 1326, '1263 1266 1290 1308 ' ,'22796 17006 15850 18645 ' ,44 ,1 ,10, 10
1597 ,1334, 1582, '1317 1513 1354 1484 ' ,'11470 15102 17697 15313 ' ,239 ,0 ,18, 18
1565 ,1587, 1548, '1518 1393 1455 1357 ' ,'20137 25356 18840 25260 ' ,171 ,1 ,14, 13
1504 ,1683, 1487, '1290 1275 1463 1320 ' ,'29533 18269 30041 23340 ' ,187 ,1 ,15, 14
1565 ,1494, 1550, '1526 1497 1507 1382 ' ,'27509 50073 34295 28127 ' ,148 ,1 ,14, 14
1533 ,1558, 1517, '1467 1273 1492 1340 ' ,'43607 23345 42166 43262 ' ,221 ,1 ,15, 14
1585 ,1523, 1569, '1546 1474 1521 1395 ' ,'35510 34050 37191 25408 ' ,155 ,1 ,11, 11
1565 ,1578, 1547, '1520 1496 1458 1495 ' ,'24852 29417 25939 30711 ' ,58 ,1 ,17, 17
1631 ,1552, 1615, '1363 1268 1119 1590 ' ,'23464 20637 18635 42013 ' ,473 ,1 ,14, 14
1440 ,1649, 1426, '1268 1152 1402 1336 ' ,'20327 32606 27439 14384 ' ,253 ,1 ,13, 13
1551 ,1435, 1533, '1442 1409 1510 1335 ' ,'29469 19675 37616 36608 ' ,178 ,1 ,13, 13
1468 ,1541, 1452, '1432 1320 1157 1063 ' ,'43679 31750 33329 24496 ' ,370 ,0 ,12, 11
1467 ,1461, 1451, '1261 1427 1274 1220 ' ,'29884 26203 31417 29116 ' ,210 ,1 ,14, 14
